X ; Y ; Z ; time ; Temperature 
3.500e+01 ; 8.800e+00 ; 1.800e+00 ; 0.0000000e+00 ; 2.6900000e+02 
3.500e+01 ; 8.800e+00 ; 1.800e+00 ; 1.0000000e-03 ; 2.6900000e+02 
3.500e+01 ; 8.800e+00 ; 1.800e+00 ; 2.0000001e-03 ; 2.6900000e+02 
3.500e+01 ; 8.800e+00 ; 1.800e+00 ; 3.0000000e-03 ; 2.6900000e+02 
3.500e+01 ; 8.800e+00 ; 1.800e+00 ; 4.9999999e-03 ; 2.6900000e+02 
3.500e+01 ; 8.800e+00 ; 1.800e+00 ; 8.9999996e-03 ; 2.6900000e+02 
3.500e+01 ; 8.800e+00 ; 1.800e+00 ; 1.7000001e-02 ; 2.6900000e+02 
3.500e+01 ; 8.800e+00 ; 1.800e+00 ; 3.3000000e-02 ; 2.6900000e+02 
3.500e+01 ; 8.800e+00 ; 1.800e+00 ; 6.4999998e-02 ; 2.6900000e+02 
3.500e+01 ; 8.800e+00 ; 1.800e+00 ; 1.2899999e-01 ; 2.6900000e+02 
3.500e+01 ; 8.800e+00 ; 1.800e+00 ; 2.5700000e-01 ; 2.6900000e+02 
3.500e+01 ; 8.800e+00 ; 1.800e+00 ; 5.1300001e-01 ; 2.6900000e+02 
3.500e+01 ; 8.800e+00 ; 1.800e+00 ; 7.6899999e-01 ; 2.6900000e+02 
3.500e+01 ; 8.800e+00 ; 1.800e+00 ; 9.7000003e-01 ; 2.6900000e+02 
3.500e+01 ; 8.800e+00 ; 1.800e+00 ; 9.7000003e-01 ; 2.6900000e+02 
3.500e+01 ; 8.800e+00 ; 1.800e+00 ; 9.7100003e-01 ; 2.6900000e+02 
3.500e+01 ; 8.800e+00 ; 1.800e+00 ; 9.7200003e-01 ; 2.6900000e+02 
3.500e+01 ; 8.800e+00 ; 1.800e+00 ; 9.7300003e-01 ; 2.6900000e+02 
3.500e+01 ; 8.800e+00 ; 1.800e+00 ; 9.7500003e-01 ; 2.6900000e+02 
3.500e+01 ; 8.800e+00 ; 1.800e+00 ; 9.7900003e-01 ; 2.6900000e+02 
3.500e+01 ; 8.800e+00 ; 1.800e+00 ; 9.8700003e-01 ; 2.6900000e+02 
3.500e+01 ; 8.800e+00 ; 1.800e+00 ; 1.0030000e+00 ; 2.6900000e+02 
3.500e+01 ; 8.800e+00 ; 1.800e+00 ; 1.0350000e+00 ; 2.6900000e+02 
3.500e+01 ; 8.800e+00 ; 1.800e+00 ; 1.0990000e+00 ; 2.6900000e+02 
3.500e+01 ; 8.800e+00 ; 1.800e+00 ; 1.2270000e+00 ; 2.6900000e+02 
3.500e+01 ; 8.800e+00 ; 1.800e+00 ; 1.4830000e+00 ; 2.6900000e+02 
3.500e+01 ; 8.800e+00 ; 1.800e+00 ; 1.9400001e+00 ; 2.6900000e+02 
3.500e+01 ; 8.800e+00 ; 1.800e+00 ; 1.9400001e+00 ; 2.6900000e+02 
3.500e+01 ; 8.800e+00 ; 1.800e+00 ; 1.9410001e+00 ; 2.6900000e+02 
3.500e+01 ; 8.800e+00 ; 1.800e+00 ; 1.9420001e+00 ; 2.6900000e+02 
3.500e+01 ; 8.800e+00 ; 1.800e+00 ; 1.9430001e+00 ; 2.6900000e+02 
3.500e+01 ; 8.800e+00 ; 1.800e+00 ; 1.9450001e+00 ; 2.6900000e+02 
3.500e+01 ; 8.800e+00 ; 1.800e+00 ; 1.9490001e+00 ; 2.6900000e+02 
3.500e+01 ; 8.800e+00 ; 1.800e+00 ; 1.9570001e+00 ; 2.6900000e+02 
3.500e+01 ; 8.800e+00 ; 1.800e+00 ; 1.9730001e+00 ; 2.6900000e+02 
3.500e+01 ; 8.800e+00 ; 1.800e+00 ; 2.0050001e+00 ; 2.6900000e+02 
3.500e+01 ; 8.800e+00 ; 1.800e+00 ; 2.0690001e+00 ; 2.6900000e+02 
3.500e+01 ; 8.800e+00 ; 1.800e+00 ; 2.1970001e+00 ; 2.6900000e+02 
3.500e+01 ; 8.800e+00 ; 1.800e+00 ; 2.4530001e+00 ; 2.6900000e+02 
3.500e+01 ; 8.800e+00 ; 1.800e+00 ; 2.9100001e+00 ; 2.6900000e+02 
3.500e+01 ; 8.800e+00 ; 1.800e+00 ; 2.9100001e+00 ; 2.6900000e+02 
3.500e+01 ; 8.800e+00 ; 1.800e+00 ; 2.9110001e+00 ; 2.6900000e+02 
3.500e+01 ; 8.800e+00 ; 1.800e+00 ; 2.9120001e+00 ; 2.6900000e+02 
3.500e+01 ; 8.800e+00 ; 1.800e+00 ; 2.9130001e+00 ; 2.6900000e+02 
3.500e+01 ; 8.800e+00 ; 1.800e+00 ; 2.9150001e+00 ; 2.6900000e+02 
3.500e+01 ; 8.800e+00 ; 1.800e+00 ; 2.9190001e+00 ; 2.6900000e+02 
3.500e+01 ; 8.800e+00 ; 1.800e+00 ; 2.9270001e+00 ; 2.6900000e+02 
3.500e+01 ; 8.800e+00 ; 1.800e+00 ; 2.9430001e+00 ; 2.6900000e+02 
3.500e+01 ; 8.800e+00 ; 1.800e+00 ; 2.9750001e+00 ; 2.6900000e+02 
3.500e+01 ; 8.800e+00 ; 1.800e+00 ; 3.0390001e+00 ; 2.6900000e+02 
3.500e+01 ; 8.800e+00 ; 1.800e+00 ; 3.1670001e+00 ; 2.6900000e+02 
3.500e+01 ; 8.800e+00 ; 1.800e+00 ; 3.4230001e+00 ; 2.6900000e+02 
3.500e+01 ; 8.800e+00 ; 1.800e+00 ; 3.8800001e+00 ; 2.6900000e+02 
3.500e+01 ; 8.800e+00 ; 1.800e+00 ; 3.8800001e+00 ; 2.6900000e+02 
3.500e+01 ; 8.800e+00 ; 1.800e+00 ; 3.8810001e+00 ; 2.6900000e+02 
3.500e+01 ; 8.800e+00 ; 1.800e+00 ; 3.8820001e+00 ; 2.6900000e+02 
3.500e+01 ; 8.800e+00 ; 1.800e+00 ; 3.8830001e+00 ; 2.6900000e+02 
3.500e+01 ; 8.800e+00 ; 1.800e+00 ; 3.8850001e+00 ; 2.6900000e+02 
3.500e+01 ; 8.800e+00 ; 1.800e+00 ; 3.8890001e+00 ; 2.6900000e+02 
3.500e+01 ; 8.800e+00 ; 1.800e+00 ; 3.8970001e+00 ; 2.6900000e+02 
3.500e+01 ; 8.800e+00 ; 1.800e+00 ; 3.9130001e+00 ; 2.6900000e+02 
3.500e+01 ; 8.800e+00 ; 1.800e+00 ; 3.9450001e+00 ; 2.6900000e+02 
3.500e+01 ; 8.800e+00 ; 1.800e+00 ; 4.0090001e+00 ; 2.6900000e+02 
3.500e+01 ; 8.800e+00 ; 1.800e+00 ; 4.1370001e+00 ; 2.6900000e+02 
3.500e+01 ; 8.800e+00 ; 1.800e+00 ; 4.3930001e+00 ; 2.6900000e+02 
3.500e+01 ; 8.800e+00 ; 1.800e+00 ; 4.8500001e+00 ; 2.6900000e+02 
3.500e+01 ; 8.800e+00 ; 1.800e+00 ; 4.8500001e+00 ; 2.6900000e+02 
3.500e+01 ; 8.800e+00 ; 1.800e+00 ; 4.8510001e+00 ; 2.6900000e+02 
3.500e+01 ; 8.800e+00 ; 1.800e+00 ; 4.8520001e+00 ; 2.6900000e+02 
3.500e+01 ; 8.800e+00 ; 1.800e+00 ; 4.8530001e+00 ; 2.6900000e+02 
3.500e+01 ; 8.800e+00 ; 1.800e+00 ; 4.8550001e+00 ; 2.6900000e+02 
3.500e+01 ; 8.800e+00 ; 1.800e+00 ; 4.8590001e+00 ; 2.6900000e+02 
3.500e+01 ; 8.800e+00 ; 1.800e+00 ; 4.8670001e+00 ; 2.6900000e+02 
3.500e+01 ; 8.800e+00 ; 1.800e+00 ; 4.8830001e+00 ; 2.6900000e+02 
3.500e+01 ; 8.800e+00 ; 1.800e+00 ; 4.9150001e+00 ; 2.6900000e+02 
3.500e+01 ; 8.800e+00 ; 1.800e+00 ; 4.9790001e+00 ; 2.6900000e+02 
3.500e+01 ; 8.800e+00 ; 1.800e+00 ; 5.1070001e+00 ; 2.6900000e+02 
3.500e+01 ; 8.800e+00 ; 1.800e+00 ; 5.3630002e+00 ; 2.6900000e+02 
3.500e+01 ; 8.800e+00 ; 1.800e+00 ; 5.8200002e+00 ; 2.6900000e+02 
3.500e+01 ; 8.800e+00 ; 1.800e+00 ; 5.8200002e+00 ; 2.6900000e+02 
3.500e+01 ; 8.800e+00 ; 1.800e+00 ; 5.8210002e+00 ; 2.6900000e+02 
3.500e+01 ; 8.800e+00 ; 1.800e+00 ; 5.8220002e+00 ; 2.6900000e+02 
3.500e+01 ; 8.800e+00 ; 1.800e+00 ; 5.8230002e+00 ; 2.6900000e+02 
3.500e+01 ; 8.800e+00 ; 1.800e+00 ; 5.8250002e+00 ; 2.6900000e+02 
3.500e+01 ; 8.800e+00 ; 1.800e+00 ; 5.8290002e+00 ; 2.6900000e+02 
3.500e+01 ; 8.800e+00 ; 1.800e+00 ; 5.8370002e+00 ; 2.6900000e+02 
3.500e+01 ; 8.800e+00 ; 1.800e+00 ; 5.8530002e+00 ; 2.6900000e+02 
3.500e+01 ; 8.800e+00 ; 1.800e+00 ; 5.8850002e+00 ; 2.6900000e+02 
3.500e+01 ; 8.800e+00 ; 1.800e+00 ; 5.9490002e+00 ; 2.6900000e+02 
3.500e+01 ; 8.800e+00 ; 1.800e+00 ; 6.0770002e+00 ; 2.6900000e+02 
3.500e+01 ; 8.800e+00 ; 1.800e+00 ; 6.3330002e+00 ; 2.6900000e+02 
3.500e+01 ; 8.800e+00 ; 1.800e+00 ; 6.7900002e+00 ; 2.6900000e+02 
3.500e+01 ; 8.800e+00 ; 1.800e+00 ; 6.7900002e+00 ; 2.6900000e+02 
3.500e+01 ; 8.800e+00 ; 1.800e+00 ; 6.7910002e+00 ; 2.6900000e+02 
3.500e+01 ; 8.800e+00 ; 1.800e+00 ; 6.7920002e+00 ; 2.6900000e+02 
3.500e+01 ; 8.800e+00 ; 1.800e+00 ; 6.7930002e+00 ; 2.6900000e+02 
3.500e+01 ; 8.800e+00 ; 1.800e+00 ; 6.7950002e+00 ; 2.6900000e+02 
3.500e+01 ; 8.800e+00 ; 1.800e+00 ; 6.7990002e+00 ; 2.6900000e+02 
3.500e+01 ; 8.800e+00 ; 1.800e+00 ; 6.8070002e+00 ; 2.6900000e+02 
3.500e+01 ; 8.800e+00 ; 1.800e+00 ; 6.8230002e+00 ; 2.6900000e+02 
3.500e+01 ; 8.800e+00 ; 1.800e+00 ; 6.8550002e+00 ; 2.6900000e+02 
3.500e+01 ; 8.800e+00 ; 1.800e+00 ; 6.9190002e+00 ; 2.6900000e+02 
3.500e+01 ; 8.800e+00 ; 1.800e+00 ; 7.0470002e+00 ; 2.6900000e+02 
3.500e+01 ; 8.800e+00 ; 1.800e+00 ; 7.3030002e+00 ; 2.6900000e+02 
3.500e+01 ; 8.800e+00 ; 1.800e+00 ; 7.7600002e+00 ; 2.6900000e+02 
3.500e+01 ; 8.800e+00 ; 1.800e+00 ; 7.7600002e+00 ; 2.6900000e+02 
3.500e+01 ; 8.800e+00 ; 1.800e+00 ; 7.7610002e+00 ; 2.6900000e+02 
3.500e+01 ; 8.800e+00 ; 1.800e+00 ; 7.7620002e+00 ; 2.6900000e+02 
3.500e+01 ; 8.800e+00 ; 1.800e+00 ; 7.7630002e+00 ; 2.6900000e+02 
3.500e+01 ; 8.800e+00 ; 1.800e+00 ; 7.7650002e+00 ; 2.6900000e+02 
3.500e+01 ; 8.800e+00 ; 1.800e+00 ; 7.7690002e+00 ; 2.6900000e+02 
3.500e+01 ; 8.800e+00 ; 1.800e+00 ; 7.7770002e+00 ; 2.6900000e+02 
3.500e+01 ; 8.800e+00 ; 1.800e+00 ; 7.7930002e+00 ; 2.6900000e+02 
3.500e+01 ; 8.800e+00 ; 1.800e+00 ; 7.8250002e+00 ; 2.6900000e+02 
3.500e+01 ; 8.800e+00 ; 1.800e+00 ; 7.8890002e+00 ; 2.6900000e+02 
3.500e+01 ; 8.800e+00 ; 1.800e+00 ; 8.0170002e+00 ; 2.6900000e+02 
3.500e+01 ; 8.800e+00 ; 1.800e+00 ; 8.2730002e+00 ; 2.6900000e+02 
3.500e+01 ; 8.800e+00 ; 1.800e+00 ; 8.7300003e+00 ; 2.6900000e+02 
3.500e+01 ; 8.800e+00 ; 1.800e+00 ; 8.7300003e+00 ; 2.6900000e+02 
3.500e+01 ; 8.800e+00 ; 1.800e+00 ; 8.7310003e+00 ; 2.6900000e+02 
3.500e+01 ; 8.800e+00 ; 1.800e+00 ; 8.7320003e+00 ; 2.6900000e+02 
3.500e+01 ; 8.800e+00 ; 1.800e+00 ; 8.7330003e+00 ; 2.6900000e+02 
3.500e+01 ; 8.800e+00 ; 1.800e+00 ; 8.7350003e+00 ; 2.6900000e+02 
3.500e+01 ; 8.800e+00 ; 1.800e+00 ; 8.7390003e+00 ; 2.6900000e+02 
3.500e+01 ; 8.800e+00 ; 1.800e+00 ; 8.7470003e+00 ; 2.6900000e+02 
3.500e+01 ; 8.800e+00 ; 1.800e+00 ; 8.7630003e+00 ; 2.6900000e+02 
3.500e+01 ; 8.800e+00 ; 1.800e+00 ; 8.7950003e+00 ; 2.6900000e+02 
3.500e+01 ; 8.800e+00 ; 1.800e+00 ; 8.8590003e+00 ; 2.6900000e+02 
3.500e+01 ; 8.800e+00 ; 1.800e+00 ; 8.9870003e+00 ; 2.6900000e+02 
3.500e+01 ; 8.800e+00 ; 1.800e+00 ; 9.2430003e+00 ; 2.6900000e+02 
3.500e+01 ; 8.800e+00 ; 1.800e+00 ; 9.7000003e+00 ; 2.6900000e+02 
3.500e+01 ; 8.800e+00 ; 1.800e+00 ; 9.7000003e+00 ; 2.6900000e+02 
3.500e+01 ; 8.800e+00 ; 1.800e+00 ; 9.7010003e+00 ; 2.6900000e+02 
3.500e+01 ; 8.800e+00 ; 1.800e+00 ; 9.7020003e+00 ; 2.6900000e+02 
3.500e+01 ; 8.800e+00 ; 1.800e+00 ; 9.7030003e+00 ; 2.6900000e+02 
3.500e+01 ; 8.800e+00 ; 1.800e+00 ; 9.7050003e+00 ; 2.6900000e+02 
3.500e+01 ; 8.800e+00 ; 1.800e+00 ; 9.7090003e+00 ; 2.6900000e+02 
3.500e+01 ; 8.800e+00 ; 1.800e+00 ; 9.7170003e+00 ; 2.6900000e+02 
3.500e+01 ; 8.800e+00 ; 1.800e+00 ; 9.7330003e+00 ; 2.6900000e+02 
3.500e+01 ; 8.800e+00 ; 1.800e+00 ; 9.7650003e+00 ; 2.6900000e+02 
3.500e+01 ; 8.800e+00 ; 1.800e+00 ; 9.8290003e+00 ; 2.6900000e+02 
3.500e+01 ; 8.800e+00 ; 1.800e+00 ; 9.9570003e+00 ; 2.6900000e+02 
3.500e+01 ; 8.800e+00 ; 1.800e+00 ; 1.0213000e+01 ; 2.6900000e+02 
3.500e+01 ; 8.800e+00 ; 1.800e+00 ; 1.0670000e+01 ; 2.6900000e+02 
3.500e+01 ; 8.800e+00 ; 1.800e+00 ; 1.0670000e+01 ; 2.6900000e+02 
3.500e+01 ; 8.800e+00 ; 1.800e+00 ; 1.0671000e+01 ; 2.6900000e+02 
3.500e+01 ; 8.800e+00 ; 1.800e+00 ; 1.0672000e+01 ; 2.6900000e+02 
3.500e+01 ; 8.800e+00 ; 1.800e+00 ; 1.0673000e+01 ; 2.6900000e+02 
3.500e+01 ; 8.800e+00 ; 1.800e+00 ; 1.0675000e+01 ; 2.6900000e+02 
3.500e+01 ; 8.800e+00 ; 1.800e+00 ; 1.0679000e+01 ; 2.6900000e+02 
3.500e+01 ; 8.800e+00 ; 1.800e+00 ; 1.0687000e+01 ; 2.6900000e+02 
3.500e+01 ; 8.800e+00 ; 1.800e+00 ; 1.0703000e+01 ; 2.6900000e+02 
3.500e+01 ; 8.800e+00 ; 1.800e+00 ; 1.0735000e+01 ; 2.6900000e+02 
3.500e+01 ; 8.800e+00 ; 1.800e+00 ; 1.0799000e+01 ; 2.6900000e+02 
3.500e+01 ; 8.800e+00 ; 1.800e+00 ; 1.0927000e+01 ; 2.6900000e+02 
3.500e+01 ; 8.800e+00 ; 1.800e+00 ; 1.1183000e+01 ; 2.6900000e+02 
3.500e+01 ; 8.800e+00 ; 1.800e+00 ; 1.1640000e+01 ; 2.6900000e+02 
3.500e+01 ; 8.800e+00 ; 1.800e+00 ; 1.1640000e+01 ; 2.6900000e+02 
3.500e+01 ; 8.800e+00 ; 1.800e+00 ; 1.1641000e+01 ; 2.6900000e+02 
3.500e+01 ; 8.800e+00 ; 1.800e+00 ; 1.1642000e+01 ; 2.6900000e+02 
3.500e+01 ; 8.800e+00 ; 1.800e+00 ; 1.1643000e+01 ; 2.6900000e+02 
3.500e+01 ; 8.800e+00 ; 1.800e+00 ; 1.1645000e+01 ; 2.6900000e+02 
3.500e+01 ; 8.800e+00 ; 1.800e+00 ; 1.1649000e+01 ; 2.6900000e+02 
3.500e+01 ; 8.800e+00 ; 1.800e+00 ; 1.1657000e+01 ; 2.6900000e+02 
3.500e+01 ; 8.800e+00 ; 1.800e+00 ; 1.1673000e+01 ; 2.6900000e+02 
3.500e+01 ; 8.800e+00 ; 1.800e+00 ; 1.1705000e+01 ; 2.6900000e+02 
3.500e+01 ; 8.800e+00 ; 1.800e+00 ; 1.1769000e+01 ; 2.6900000e+02 
3.500e+01 ; 8.800e+00 ; 1.800e+00 ; 1.1897000e+01 ; 2.6900000e+02 
3.500e+01 ; 8.800e+00 ; 1.800e+00 ; 1.2153000e+01 ; 2.6900000e+02 
3.500e+01 ; 8.800e+00 ; 1.800e+00 ; 1.2610000e+01 ; 2.6900000e+02 
3.500e+01 ; 8.800e+00 ; 1.800e+00 ; 1.2610000e+01 ; 2.6900000e+02 
3.500e+01 ; 8.800e+00 ; 1.800e+00 ; 1.2611000e+01 ; 2.6900000e+02 
3.500e+01 ; 8.800e+00 ; 1.800e+00 ; 1.2612000e+01 ; 2.6900000e+02 
3.500e+01 ; 8.800e+00 ; 1.800e+00 ; 1.2613000e+01 ; 2.6900000e+02 
3.500e+01 ; 8.800e+00 ; 1.800e+00 ; 1.2615000e+01 ; 2.6900000e+02 
3.500e+01 ; 8.800e+00 ; 1.800e+00 ; 1.2619000e+01 ; 2.6900000e+02 
3.500e+01 ; 8.800e+00 ; 1.800e+00 ; 1.2627000e+01 ; 2.6900000e+02 
3.500e+01 ; 8.800e+00 ; 1.800e+00 ; 1.2643000e+01 ; 2.6900000e+02 
3.500e+01 ; 8.800e+00 ; 1.800e+00 ; 1.2675000e+01 ; 2.6900000e+02 
3.500e+01 ; 8.800e+00 ; 1.800e+00 ; 1.2739000e+01 ; 2.6900000e+02 
3.500e+01 ; 8.800e+00 ; 1.800e+00 ; 1.2867000e+01 ; 2.6900000e+02 
3.500e+01 ; 8.800e+00 ; 1.800e+00 ; 1.3123000e+01 ; 2.6900000e+02 
3.500e+01 ; 8.800e+00 ; 1.800e+00 ; 1.3580000e+01 ; 2.6900000e+02 
3.500e+01 ; 8.800e+00 ; 1.800e+00 ; 1.3580000e+01 ; 2.6900000e+02 
3.500e+01 ; 8.800e+00 ; 1.800e+00 ; 1.3581000e+01 ; 2.6900000e+02 
3.500e+01 ; 8.800e+00 ; 1.800e+00 ; 1.3582000e+01 ; 2.6900000e+02 
3.500e+01 ; 8.800e+00 ; 1.800e+00 ; 1.3583000e+01 ; 2.6900000e+02 
3.500e+01 ; 8.800e+00 ; 1.800e+00 ; 1.3585000e+01 ; 2.6900000e+02 
3.500e+01 ; 8.800e+00 ; 1.800e+00 ; 1.3589000e+01 ; 2.6900000e+02 
3.500e+01 ; 8.800e+00 ; 1.800e+00 ; 1.3597000e+01 ; 2.6900000e+02 
3.500e+01 ; 8.800e+00 ; 1.800e+00 ; 1.3613000e+01 ; 2.6900000e+02 
3.500e+01 ; 8.800e+00 ; 1.800e+00 ; 1.3645000e+01 ; 2.6900000e+02 
3.500e+01 ; 8.800e+00 ; 1.800e+00 ; 1.3709000e+01 ; 2.6900000e+02 
3.500e+01 ; 8.800e+00 ; 1.800e+00 ; 1.3837000e+01 ; 2.6900000e+02 
3.500e+01 ; 8.800e+00 ; 1.800e+00 ; 1.4093000e+01 ; 2.6900000e+02 
3.500e+01 ; 8.800e+00 ; 1.800e+00 ; 1.4550000e+01 ; 2.6900000e+02 
3.500e+01 ; 8.800e+00 ; 1.800e+00 ; 1.4550000e+01 ; 2.6900000e+02 
3.500e+01 ; 8.800e+00 ; 1.800e+00 ; 1.4551000e+01 ; 2.6900000e+02 
3.500e+01 ; 8.800e+00 ; 1.800e+00 ; 1.4552000e+01 ; 2.6900000e+02 
3.500e+01 ; 8.800e+00 ; 1.800e+00 ; 1.4553000e+01 ; 2.6900000e+02 
3.500e+01 ; 8.800e+00 ; 1.800e+00 ; 1.4555000e+01 ; 2.6900000e+02 
3.500e+01 ; 8.800e+00 ; 1.800e+00 ; 1.4559000e+01 ; 2.6900000e+02 
3.500e+01 ; 8.800e+00 ; 1.800e+00 ; 1.4567000e+01 ; 2.6900000e+02 
3.500e+01 ; 8.800e+00 ; 1.800e+00 ; 1.4583000e+01 ; 2.6900000e+02 
3.500e+01 ; 8.800e+00 ; 1.800e+00 ; 1.4615000e+01 ; 2.6900000e+02 
3.500e+01 ; 8.800e+00 ; 1.800e+00 ; 1.4679000e+01 ; 2.6900000e+02 
3.500e+01 ; 8.800e+00 ; 1.800e+00 ; 1.4807000e+01 ; 2.6900000e+02 
3.500e+01 ; 8.800e+00 ; 1.800e+00 ; 1.5063000e+01 ; 2.6900000e+02 
3.500e+01 ; 8.800e+00 ; 1.800e+00 ; 1.5520000e+01 ; 2.6900000e+02 
3.500e+01 ; 8.800e+00 ; 1.800e+00 ; 1.5520000e+01 ; 2.6900000e+02 
3.500e+01 ; 8.800e+00 ; 1.800e+00 ; 1.5521000e+01 ; 2.6900000e+02 
3.500e+01 ; 8.800e+00 ; 1.800e+00 ; 1.5522000e+01 ; 2.6900000e+02 
3.500e+01 ; 8.800e+00 ; 1.800e+00 ; 1.5523000e+01 ; 2.6900000e+02 
3.500e+01 ; 8.800e+00 ; 1.800e+00 ; 1.5525000e+01 ; 2.6900000e+02 
3.500e+01 ; 8.800e+00 ; 1.800e+00 ; 1.5529000e+01 ; 2.6900000e+02 
3.500e+01 ; 8.800e+00 ; 1.800e+00 ; 1.5537000e+01 ; 2.6900000e+02 
3.500e+01 ; 8.800e+00 ; 1.800e+00 ; 1.5553000e+01 ; 2.6900000e+02 
3.500e+01 ; 8.800e+00 ; 1.800e+00 ; 1.5585000e+01 ; 2.6900000e+02 
3.500e+01 ; 8.800e+00 ; 1.800e+00 ; 1.5649000e+01 ; 2.6900000e+02 
3.500e+01 ; 8.800e+00 ; 1.800e+00 ; 1.5777000e+01 ; 2.6900000e+02 
3.500e+01 ; 8.800e+00 ; 1.800e+00 ; 1.6033000e+01 ; 2.6900000e+02 
3.500e+01 ; 8.800e+00 ; 1.800e+00 ; 1.6490000e+01 ; 2.6900000e+02 
3.500e+01 ; 8.800e+00 ; 1.800e+00 ; 1.6490000e+01 ; 2.6900000e+02 
3.500e+01 ; 8.800e+00 ; 1.800e+00 ; 1.6491000e+01 ; 2.6900000e+02 
3.500e+01 ; 8.800e+00 ; 1.800e+00 ; 1.6492000e+01 ; 2.6900000e+02 
3.500e+01 ; 8.800e+00 ; 1.800e+00 ; 1.6493000e+01 ; 2.6900000e+02 
3.500e+01 ; 8.800e+00 ; 1.800e+00 ; 1.6495000e+01 ; 2.6900000e+02 
3.500e+01 ; 8.800e+00 ; 1.800e+00 ; 1.6499000e+01 ; 2.6900000e+02 
3.500e+01 ; 8.800e+00 ; 1.800e+00 ; 1.6507000e+01 ; 2.6900000e+02 
3.500e+01 ; 8.800e+00 ; 1.800e+00 ; 1.6523000e+01 ; 2.6900000e+02 
3.500e+01 ; 8.800e+00 ; 1.800e+00 ; 1.6555000e+01 ; 2.6900000e+02 
3.500e+01 ; 8.800e+00 ; 1.800e+00 ; 1.6619000e+01 ; 2.6900000e+02 
3.500e+01 ; 8.800e+00 ; 1.800e+00 ; 1.6747000e+01 ; 2.6900000e+02 
3.500e+01 ; 8.800e+00 ; 1.800e+00 ; 1.7003000e+01 ; 2.6900000e+02 
3.500e+01 ; 8.800e+00 ; 1.800e+00 ; 1.7460001e+01 ; 2.6900000e+02 
3.500e+01 ; 8.800e+00 ; 1.800e+00 ; 1.7460001e+01 ; 2.6900000e+02 
3.500e+01 ; 8.800e+00 ; 1.800e+00 ; 1.7461001e+01 ; 2.6900000e+02 
3.500e+01 ; 8.800e+00 ; 1.800e+00 ; 1.7462001e+01 ; 2.6900000e+02 
3.500e+01 ; 8.800e+00 ; 1.800e+00 ; 1.7463001e+01 ; 2.6900000e+02 
3.500e+01 ; 8.800e+00 ; 1.800e+00 ; 1.7465001e+01 ; 2.6900000e+02 
3.500e+01 ; 8.800e+00 ; 1.800e+00 ; 1.7469001e+01 ; 2.6900000e+02 
3.500e+01 ; 8.800e+00 ; 1.800e+00 ; 1.7477001e+01 ; 2.6900000e+02 
3.500e+01 ; 8.800e+00 ; 1.800e+00 ; 1.7493001e+01 ; 2.6900000e+02 
3.500e+01 ; 8.800e+00 ; 1.800e+00 ; 1.7525001e+01 ; 2.6900000e+02 
3.500e+01 ; 8.800e+00 ; 1.800e+00 ; 1.7589001e+01 ; 2.6900000e+02 
3.500e+01 ; 8.800e+00 ; 1.800e+00 ; 1.7717001e+01 ; 2.6900000e+02 
3.500e+01 ; 8.800e+00 ; 1.800e+00 ; 1.7973001e+01 ; 2.6900000e+02 
3.500e+01 ; 8.800e+00 ; 1.800e+00 ; 1.8430001e+01 ; 2.6900000e+02 
3.500e+01 ; 8.800e+00 ; 1.800e+00 ; 1.8430001e+01 ; 2.6900000e+02 
3.500e+01 ; 8.800e+00 ; 1.800e+00 ; 1.8431001e+01 ; 2.6900000e+02 
3.500e+01 ; 8.800e+00 ; 1.800e+00 ; 1.8432001e+01 ; 2.6900000e+02 
3.500e+01 ; 8.800e+00 ; 1.800e+00 ; 1.8433001e+01 ; 2.6900000e+02 
3.500e+01 ; 8.800e+00 ; 1.800e+00 ; 1.8435001e+01 ; 2.6900000e+02 
3.500e+01 ; 8.800e+00 ; 1.800e+00 ; 1.8439001e+01 ; 2.6900000e+02 
3.500e+01 ; 8.800e+00 ; 1.800e+00 ; 1.8447001e+01 ; 2.6900000e+02 
3.500e+01 ; 8.800e+00 ; 1.800e+00 ; 1.8463001e+01 ; 2.6900000e+02 
3.500e+01 ; 8.800e+00 ; 1.800e+00 ; 1.8495001e+01 ; 2.6900000e+02 
3.500e+01 ; 8.800e+00 ; 1.800e+00 ; 1.8559001e+01 ; 2.6900000e+02 
3.500e+01 ; 8.800e+00 ; 1.800e+00 ; 1.8687001e+01 ; 2.6900000e+02 
3.500e+01 ; 8.800e+00 ; 1.800e+00 ; 1.8943001e+01 ; 2.6900000e+02 
3.500e+01 ; 8.800e+00 ; 1.800e+00 ; 1.9400001e+01 ; 2.6900000e+02 
3.500e+01 ; 8.800e+00 ; 1.800e+00 ; 1.9400001e+01 ; 2.6900000e+02 
3.500e+01 ; 8.800e+00 ; 1.800e+00 ; 1.9401001e+01 ; 2.6900000e+02 
3.500e+01 ; 8.800e+00 ; 1.800e+00 ; 1.9402001e+01 ; 2.6900000e+02 
3.500e+01 ; 8.800e+00 ; 1.800e+00 ; 1.9403001e+01 ; 2.6900000e+02 
3.500e+01 ; 8.800e+00 ; 1.800e+00 ; 1.9405001e+01 ; 2.6900000e+02 
3.500e+01 ; 8.800e+00 ; 1.800e+00 ; 1.9409001e+01 ; 2.6900000e+02 
3.500e+01 ; 8.800e+00 ; 1.800e+00 ; 1.9417001e+01 ; 2.6900000e+02 
3.500e+01 ; 8.800e+00 ; 1.800e+00 ; 1.9433001e+01 ; 2.6900000e+02 
3.500e+01 ; 8.800e+00 ; 1.800e+00 ; 1.9465001e+01 ; 2.6900000e+02 
3.500e+01 ; 8.800e+00 ; 1.800e+00 ; 1.9529001e+01 ; 2.6900000e+02 
3.500e+01 ; 8.800e+00 ; 1.800e+00 ; 1.9657001e+01 ; 2.6900000e+02 
3.500e+01 ; 8.800e+00 ; 1.800e+00 ; 1.9913001e+01 ; 2.6900000e+02 
3.500e+01 ; 8.800e+00 ; 1.800e+00 ; 2.0370001e+01 ; 2.6900000e+02 
3.500e+01 ; 8.800e+00 ; 1.800e+00 ; 2.0370001e+01 ; 2.6900000e+02 
3.500e+01 ; 8.800e+00 ; 1.800e+00 ; 2.0371001e+01 ; 2.6900000e+02 
3.500e+01 ; 8.800e+00 ; 1.800e+00 ; 2.0372001e+01 ; 2.6900000e+02 
3.500e+01 ; 8.800e+00 ; 1.800e+00 ; 2.0373001e+01 ; 2.6900000e+02 
3.500e+01 ; 8.800e+00 ; 1.800e+00 ; 2.0375001e+01 ; 2.6900000e+02 
3.500e+01 ; 8.800e+00 ; 1.800e+00 ; 2.0379001e+01 ; 2.6900000e+02 
3.500e+01 ; 8.800e+00 ; 1.800e+00 ; 2.0387001e+01 ; 2.6900000e+02 
3.500e+01 ; 8.800e+00 ; 1.800e+00 ; 2.0403001e+01 ; 2.6900000e+02 
3.500e+01 ; 8.800e+00 ; 1.800e+00 ; 2.0435001e+01 ; 2.6900000e+02 
3.500e+01 ; 8.800e+00 ; 1.800e+00 ; 2.0499001e+01 ; 2.6900000e+02 
3.500e+01 ; 8.800e+00 ; 1.800e+00 ; 2.0627001e+01 ; 2.6900000e+02 
3.500e+01 ; 8.800e+00 ; 1.800e+00 ; 2.0883001e+01 ; 2.6900000e+02 
3.500e+01 ; 8.800e+00 ; 1.800e+00 ; 2.1340001e+01 ; 2.6900000e+02 
3.500e+01 ; 8.800e+00 ; 1.800e+00 ; 2.1340001e+01 ; 2.6900000e+02 
3.500e+01 ; 8.800e+00 ; 1.800e+00 ; 2.1341001e+01 ; 2.6900000e+02 
3.500e+01 ; 8.800e+00 ; 1.800e+00 ; 2.1342001e+01 ; 2.6900000e+02 
3.500e+01 ; 8.800e+00 ; 1.800e+00 ; 2.1343001e+01 ; 2.6900000e+02 
3.500e+01 ; 8.800e+00 ; 1.800e+00 ; 2.1345001e+01 ; 2.6900000e+02 
3.500e+01 ; 8.800e+00 ; 1.800e+00 ; 2.1349001e+01 ; 2.6900000e+02 
3.500e+01 ; 8.800e+00 ; 1.800e+00 ; 2.1357001e+01 ; 2.6900000e+02 
3.500e+01 ; 8.800e+00 ; 1.800e+00 ; 2.1373001e+01 ; 2.6900000e+02 
3.500e+01 ; 8.800e+00 ; 1.800e+00 ; 2.1405001e+01 ; 2.6900000e+02 
3.500e+01 ; 8.800e+00 ; 1.800e+00 ; 2.1469001e+01 ; 2.6900000e+02 
3.500e+01 ; 8.800e+00 ; 1.800e+00 ; 2.1597001e+01 ; 2.6900000e+02 
3.500e+01 ; 8.800e+00 ; 1.800e+00 ; 2.1853001e+01 ; 2.6900000e+02 
3.500e+01 ; 8.800e+00 ; 1.800e+00 ; 2.2310001e+01 ; 2.6900000e+02 
3.500e+01 ; 8.800e+00 ; 1.800e+00 ; 2.2310001e+01 ; 2.6900000e+02 
3.500e+01 ; 8.800e+00 ; 1.800e+00 ; 2.2311001e+01 ; 2.6900000e+02 
3.500e+01 ; 8.800e+00 ; 1.800e+00 ; 2.2312001e+01 ; 2.6900000e+02 
3.500e+01 ; 8.800e+00 ; 1.800e+00 ; 2.2313001e+01 ; 2.6900000e+02 
3.500e+01 ; 8.800e+00 ; 1.800e+00 ; 2.2315001e+01 ; 2.6900000e+02 
3.500e+01 ; 8.800e+00 ; 1.800e+00 ; 2.2319001e+01 ; 2.6900000e+02 
3.500e+01 ; 8.800e+00 ; 1.800e+00 ; 2.2327001e+01 ; 2.6900000e+02 
3.500e+01 ; 8.800e+00 ; 1.800e+00 ; 2.2343001e+01 ; 2.6900000e+02 
3.500e+01 ; 8.800e+00 ; 1.800e+00 ; 2.2375001e+01 ; 2.6900000e+02 
3.500e+01 ; 8.800e+00 ; 1.800e+00 ; 2.2439001e+01 ; 2.6900000e+02 
3.500e+01 ; 8.800e+00 ; 1.800e+00 ; 2.2567001e+01 ; 2.6900000e+02 
3.500e+01 ; 8.800e+00 ; 1.800e+00 ; 2.2823001e+01 ; 2.6900000e+02 
3.500e+01 ; 8.800e+00 ; 1.800e+00 ; 2.3280001e+01 ; 2.6900000e+02 
3.500e+01 ; 8.800e+00 ; 1.800e+00 ; 2.3280001e+01 ; 2.6900000e+02 
3.500e+01 ; 8.800e+00 ; 1.800e+00 ; 2.3281001e+01 ; 2.6900000e+02 
3.500e+01 ; 8.800e+00 ; 1.800e+00 ; 2.3282001e+01 ; 2.6900000e+02 
3.500e+01 ; 8.800e+00 ; 1.800e+00 ; 2.3283001e+01 ; 2.6900000e+02 
3.500e+01 ; 8.800e+00 ; 1.800e+00 ; 2.3285001e+01 ; 2.6900000e+02 
3.500e+01 ; 8.800e+00 ; 1.800e+00 ; 2.3289001e+01 ; 2.6900000e+02 
3.500e+01 ; 8.800e+00 ; 1.800e+00 ; 2.3297001e+01 ; 2.6900000e+02 
3.500e+01 ; 8.800e+00 ; 1.800e+00 ; 2.3313001e+01 ; 2.6900000e+02 
3.500e+01 ; 8.800e+00 ; 1.800e+00 ; 2.3345001e+01 ; 2.6900000e+02 
3.500e+01 ; 8.800e+00 ; 1.800e+00 ; 2.3409001e+01 ; 2.6900000e+02 
3.500e+01 ; 8.800e+00 ; 1.800e+00 ; 2.3537001e+01 ; 2.6900000e+02 
3.500e+01 ; 8.800e+00 ; 1.800e+00 ; 2.3793001e+01 ; 2.6900000e+02 
3.500e+01 ; 8.800e+00 ; 1.800e+00 ; 2.4250001e+01 ; 2.6900000e+02 
3.500e+01 ; 8.800e+00 ; 1.800e+00 ; 2.4250001e+01 ; 2.6900000e+02 
3.500e+01 ; 8.800e+00 ; 1.800e+00 ; 2.4251001e+01 ; 2.6900000e+02 
3.500e+01 ; 8.800e+00 ; 1.800e+00 ; 2.4252001e+01 ; 2.6900000e+02 
3.500e+01 ; 8.800e+00 ; 1.800e+00 ; 2.4253001e+01 ; 2.6900000e+02 
3.500e+01 ; 8.800e+00 ; 1.800e+00 ; 2.4255001e+01 ; 2.6900000e+02 
3.500e+01 ; 8.800e+00 ; 1.800e+00 ; 2.4259001e+01 ; 2.6900000e+02 
3.500e+01 ; 8.800e+00 ; 1.800e+00 ; 2.4267001e+01 ; 2.6900000e+02 
3.500e+01 ; 8.800e+00 ; 1.800e+00 ; 2.4283001e+01 ; 2.6900000e+02 
3.500e+01 ; 8.800e+00 ; 1.800e+00 ; 2.4315001e+01 ; 2.6900000e+02 
3.500e+01 ; 8.800e+00 ; 1.800e+00 ; 2.4379001e+01 ; 2.6900000e+02 
3.500e+01 ; 8.800e+00 ; 1.800e+00 ; 2.4507001e+01 ; 2.6900000e+02 
3.500e+01 ; 8.800e+00 ; 1.800e+00 ; 2.4763001e+01 ; 2.6900000e+02 
3.500e+01 ; 8.800e+00 ; 1.800e+00 ; 2.5220001e+01 ; 2.6900000e+02 
3.500e+01 ; 8.800e+00 ; 1.800e+00 ; 2.5220001e+01 ; 2.6900000e+02 
3.500e+01 ; 8.800e+00 ; 1.800e+00 ; 2.5221001e+01 ; 2.6900000e+02 
3.500e+01 ; 8.800e+00 ; 1.800e+00 ; 2.5222001e+01 ; 2.6900000e+02 
3.500e+01 ; 8.800e+00 ; 1.800e+00 ; 2.5223001e+01 ; 2.6900000e+02 
3.500e+01 ; 8.800e+00 ; 1.800e+00 ; 2.5225001e+01 ; 2.6900000e+02 
3.500e+01 ; 8.800e+00 ; 1.800e+00 ; 2.5229001e+01 ; 2.6900000e+02 
3.500e+01 ; 8.800e+00 ; 1.800e+00 ; 2.5237001e+01 ; 2.6900000e+02 
3.500e+01 ; 8.800e+00 ; 1.800e+00 ; 2.5253001e+01 ; 2.6900000e+02 
3.500e+01 ; 8.800e+00 ; 1.800e+00 ; 2.5285001e+01 ; 2.6900000e+02 
3.500e+01 ; 8.800e+00 ; 1.800e+00 ; 2.5349001e+01 ; 2.6900000e+02 
3.500e+01 ; 8.800e+00 ; 1.800e+00 ; 2.5477001e+01 ; 2.6900000e+02 
3.500e+01 ; 8.800e+00 ; 1.800e+00 ; 2.5733001e+01 ; 2.6900000e+02 
3.500e+01 ; 8.800e+00 ; 1.800e+00 ; 2.6190001e+01 ; 2.6900000e+02 
3.500e+01 ; 8.800e+00 ; 1.800e+00 ; 2.6190001e+01 ; 2.6900000e+02 
3.500e+01 ; 8.800e+00 ; 1.800e+00 ; 2.6191001e+01 ; 2.6900000e+02 
3.500e+01 ; 8.800e+00 ; 1.800e+00 ; 2.6192001e+01 ; 2.6900000e+02 
3.500e+01 ; 8.800e+00 ; 1.800e+00 ; 2.6193001e+01 ; 2.6900000e+02 
3.500e+01 ; 8.800e+00 ; 1.800e+00 ; 2.6195001e+01 ; 2.6900000e+02 
3.500e+01 ; 8.800e+00 ; 1.800e+00 ; 2.6199001e+01 ; 2.6900000e+02 
3.500e+01 ; 8.800e+00 ; 1.800e+00 ; 2.6207001e+01 ; 2.6900000e+02 
3.500e+01 ; 8.800e+00 ; 1.800e+00 ; 2.6223001e+01 ; 2.6900000e+02 
3.500e+01 ; 8.800e+00 ; 1.800e+00 ; 2.6255001e+01 ; 2.6900000e+02 
3.500e+01 ; 8.800e+00 ; 1.800e+00 ; 2.6319001e+01 ; 2.6900000e+02 
3.500e+01 ; 8.800e+00 ; 1.800e+00 ; 2.6447001e+01 ; 2.6900000e+02 
3.500e+01 ; 8.800e+00 ; 1.800e+00 ; 2.6703001e+01 ; 2.6900000e+02 
3.500e+01 ; 8.800e+00 ; 1.800e+00 ; 2.7160001e+01 ; 2.6900000e+02 
3.500e+01 ; 8.800e+00 ; 1.800e+00 ; 2.7160001e+01 ; 2.6900000e+02 
3.500e+01 ; 8.800e+00 ; 1.800e+00 ; 2.7161001e+01 ; 2.6900000e+02 
3.500e+01 ; 8.800e+00 ; 1.800e+00 ; 2.7162001e+01 ; 2.6900000e+02 
3.500e+01 ; 8.800e+00 ; 1.800e+00 ; 2.7163001e+01 ; 2.6900000e+02 
3.500e+01 ; 8.800e+00 ; 1.800e+00 ; 2.7165001e+01 ; 2.6900000e+02 
3.500e+01 ; 8.800e+00 ; 1.800e+00 ; 2.7169001e+01 ; 2.6900000e+02 
3.500e+01 ; 8.800e+00 ; 1.800e+00 ; 2.7177001e+01 ; 2.6900000e+02 
3.500e+01 ; 8.800e+00 ; 1.800e+00 ; 2.7193001e+01 ; 2.6900000e+02 
3.500e+01 ; 8.800e+00 ; 1.800e+00 ; 2.7225001e+01 ; 2.6900000e+02 
3.500e+01 ; 8.800e+00 ; 1.800e+00 ; 2.7289001e+01 ; 2.6900000e+02 
3.500e+01 ; 8.800e+00 ; 1.800e+00 ; 2.7417001e+01 ; 2.6900000e+02 
3.500e+01 ; 8.800e+00 ; 1.800e+00 ; 2.7673001e+01 ; 2.6900000e+02 
3.500e+01 ; 8.800e+00 ; 1.800e+00 ; 2.8130001e+01 ; 2.6900000e+02 
3.500e+01 ; 8.800e+00 ; 1.800e+00 ; 2.8130001e+01 ; 2.6900000e+02 
3.500e+01 ; 8.800e+00 ; 1.800e+00 ; 2.8131001e+01 ; 2.6900000e+02 
3.500e+01 ; 8.800e+00 ; 1.800e+00 ; 2.8132001e+01 ; 2.6900000e+02 
3.500e+01 ; 8.800e+00 ; 1.800e+00 ; 2.8133001e+01 ; 2.6900000e+02 
3.500e+01 ; 8.800e+00 ; 1.800e+00 ; 2.8135001e+01 ; 2.6900000e+02 
3.500e+01 ; 8.800e+00 ; 1.800e+00 ; 2.8139001e+01 ; 2.6900000e+02 
3.500e+01 ; 8.800e+00 ; 1.800e+00 ; 2.8147001e+01 ; 2.6900000e+02 
3.500e+01 ; 8.800e+00 ; 1.800e+00 ; 2.8163001e+01 ; 2.6900000e+02 
3.500e+01 ; 8.800e+00 ; 1.800e+00 ; 2.8195001e+01 ; 2.6900000e+02 
3.500e+01 ; 8.800e+00 ; 1.800e+00 ; 2.8259001e+01 ; 2.6900000e+02 
3.500e+01 ; 8.800e+00 ; 1.800e+00 ; 2.8387001e+01 ; 2.6900000e+02 
3.500e+01 ; 8.800e+00 ; 1.800e+00 ; 2.8643001e+01 ; 2.6900000e+02 
3.500e+01 ; 8.800e+00 ; 1.800e+00 ; 2.9100001e+01 ; 2.6900000e+02 
3.500e+01 ; 8.800e+00 ; 1.800e+00 ; 2.9100001e+01 ; 2.6900000e+02 
3.500e+01 ; 8.800e+00 ; 1.800e+00 ; 2.9101001e+01 ; 2.6900000e+02 
3.500e+01 ; 8.800e+00 ; 1.800e+00 ; 2.9102001e+01 ; 2.6900000e+02 
3.500e+01 ; 8.800e+00 ; 1.800e+00 ; 2.9103001e+01 ; 2.6900000e+02 
3.500e+01 ; 8.800e+00 ; 1.800e+00 ; 2.9105001e+01 ; 2.6900000e+02 
3.500e+01 ; 8.800e+00 ; 1.800e+00 ; 2.9109001e+01 ; 2.6900000e+02 
3.500e+01 ; 8.800e+00 ; 1.800e+00 ; 2.9117001e+01 ; 2.6900000e+02 
3.500e+01 ; 8.800e+00 ; 1.800e+00 ; 2.9133001e+01 ; 2.6900000e+02 
3.500e+01 ; 8.800e+00 ; 1.800e+00 ; 2.9165001e+01 ; 2.6900000e+02 
3.500e+01 ; 8.800e+00 ; 1.800e+00 ; 2.9229001e+01 ; 2.6900000e+02 
3.500e+01 ; 8.800e+00 ; 1.800e+00 ; 2.9357001e+01 ; 2.6900000e+02 
3.500e+01 ; 8.800e+00 ; 1.800e+00 ; 2.9613001e+01 ; 2.6900000e+02 
3.500e+01 ; 8.800e+00 ; 1.800e+00 ; 3.0070001e+01 ; 2.6900000e+02 
3.500e+01 ; 8.800e+00 ; 1.800e+00 ; 3.0070001e+01 ; 2.6900000e+02 
3.500e+01 ; 8.800e+00 ; 1.800e+00 ; 3.0071001e+01 ; 2.6900000e+02 
3.500e+01 ; 8.800e+00 ; 1.800e+00 ; 3.0072001e+01 ; 2.6900000e+02 
3.500e+01 ; 8.800e+00 ; 1.800e+00 ; 3.0073001e+01 ; 2.6900000e+02 
3.500e+01 ; 8.800e+00 ; 1.800e+00 ; 3.0075001e+01 ; 2.6900000e+02 
3.500e+01 ; 8.800e+00 ; 1.800e+00 ; 3.0079001e+01 ; 2.6900000e+02 
3.500e+01 ; 8.800e+00 ; 1.800e+00 ; 3.0087001e+01 ; 2.6900000e+02 
3.500e+01 ; 8.800e+00 ; 1.800e+00 ; 3.0103001e+01 ; 2.6900000e+02 
3.500e+01 ; 8.800e+00 ; 1.800e+00 ; 3.0135001e+01 ; 2.6900000e+02 
3.500e+01 ; 8.800e+00 ; 1.800e+00 ; 3.0199001e+01 ; 2.6900000e+02 
3.500e+01 ; 8.800e+00 ; 1.800e+00 ; 3.0327001e+01 ; 2.6900000e+02 
3.500e+01 ; 8.800e+00 ; 1.800e+00 ; 3.0583001e+01 ; 2.6900000e+02 
3.500e+01 ; 8.800e+00 ; 1.800e+00 ; 3.1040001e+01 ; 2.6900000e+02 
3.500e+01 ; 8.800e+00 ; 1.800e+00 ; 3.1040001e+01 ; 2.6900000e+02 
3.500e+01 ; 8.800e+00 ; 1.800e+00 ; 3.1041001e+01 ; 2.6900000e+02 
3.500e+01 ; 8.800e+00 ; 1.800e+00 ; 3.1042001e+01 ; 2.6900000e+02 
3.500e+01 ; 8.800e+00 ; 1.800e+00 ; 3.1043001e+01 ; 2.6900000e+02 
3.500e+01 ; 8.800e+00 ; 1.800e+00 ; 3.1045001e+01 ; 2.6900000e+02 
3.500e+01 ; 8.800e+00 ; 1.800e+00 ; 3.1049001e+01 ; 2.6900000e+02 
3.500e+01 ; 8.800e+00 ; 1.800e+00 ; 3.1057001e+01 ; 2.6900000e+02 
3.500e+01 ; 8.800e+00 ; 1.800e+00 ; 3.1073001e+01 ; 2.6900000e+02 
3.500e+01 ; 8.800e+00 ; 1.800e+00 ; 3.1105001e+01 ; 2.6900000e+02 
3.500e+01 ; 8.800e+00 ; 1.800e+00 ; 3.1169001e+01 ; 2.6900000e+02 
3.500e+01 ; 8.800e+00 ; 1.800e+00 ; 3.1297001e+01 ; 2.6900000e+02 
3.500e+01 ; 8.800e+00 ; 1.800e+00 ; 3.1553001e+01 ; 2.6900000e+02 
3.500e+01 ; 8.800e+00 ; 1.800e+00 ; 3.2010001e+01 ; 2.6900000e+02 
3.500e+01 ; 8.800e+00 ; 1.800e+00 ; 3.2010001e+01 ; 2.6900000e+02 
3.500e+01 ; 8.800e+00 ; 1.800e+00 ; 3.2011001e+01 ; 2.6900000e+02 
3.500e+01 ; 8.800e+00 ; 1.800e+00 ; 3.2012001e+01 ; 2.6900000e+02 
3.500e+01 ; 8.800e+00 ; 1.800e+00 ; 3.2013001e+01 ; 2.6900000e+02 
3.500e+01 ; 8.800e+00 ; 1.800e+00 ; 3.2015001e+01 ; 2.6900000e+02 
3.500e+01 ; 8.800e+00 ; 1.800e+00 ; 3.2019001e+01 ; 2.6900000e+02 
3.500e+01 ; 8.800e+00 ; 1.800e+00 ; 3.2027001e+01 ; 2.6900000e+02 
3.500e+01 ; 8.800e+00 ; 1.800e+00 ; 3.2043001e+01 ; 2.6900000e+02 
3.500e+01 ; 8.800e+00 ; 1.800e+00 ; 3.2075001e+01 ; 2.6900000e+02 
3.500e+01 ; 8.800e+00 ; 1.800e+00 ; 3.2139001e+01 ; 2.6900000e+02 
3.500e+01 ; 8.800e+00 ; 1.800e+00 ; 3.2267001e+01 ; 2.6900000e+02 
3.500e+01 ; 8.800e+00 ; 1.800e+00 ; 3.2523001e+01 ; 2.6900000e+02 
3.500e+01 ; 8.800e+00 ; 1.800e+00 ; 3.2980001e+01 ; 2.6900000e+02 
3.500e+01 ; 8.800e+00 ; 1.800e+00 ; 3.2980001e+01 ; 2.6900000e+02 
3.500e+01 ; 8.800e+00 ; 1.800e+00 ; 3.2981001e+01 ; 2.6900000e+02 
3.500e+01 ; 8.800e+00 ; 1.800e+00 ; 3.2982001e+01 ; 2.6900000e+02 
3.500e+01 ; 8.800e+00 ; 1.800e+00 ; 3.2983001e+01 ; 2.6900000e+02 
3.500e+01 ; 8.800e+00 ; 1.800e+00 ; 3.2985001e+01 ; 2.6900000e+02 
3.500e+01 ; 8.800e+00 ; 1.800e+00 ; 3.2989001e+01 ; 2.6900000e+02 
3.500e+01 ; 8.800e+00 ; 1.800e+00 ; 3.2997001e+01 ; 2.6900000e+02 
3.500e+01 ; 8.800e+00 ; 1.800e+00 ; 3.3013001e+01 ; 2.6900000e+02 
3.500e+01 ; 8.800e+00 ; 1.800e+00 ; 3.3045001e+01 ; 2.6900000e+02 
3.500e+01 ; 8.800e+00 ; 1.800e+00 ; 3.3109001e+01 ; 2.6900000e+02 
3.500e+01 ; 8.800e+00 ; 1.800e+00 ; 3.3237001e+01 ; 2.6900000e+02 
3.500e+01 ; 8.800e+00 ; 1.800e+00 ; 3.3493001e+01 ; 2.6900000e+02 
3.500e+01 ; 8.800e+00 ; 1.800e+00 ; 3.3950001e+01 ; 2.6900000e+02 
3.500e+01 ; 8.800e+00 ; 1.800e+00 ; 3.3950001e+01 ; 2.6900000e+02 
3.500e+01 ; 8.800e+00 ; 1.800e+00 ; 3.3951001e+01 ; 2.6900000e+02 
3.500e+01 ; 8.800e+00 ; 1.800e+00 ; 3.3952001e+01 ; 2.6900000e+02 
3.500e+01 ; 8.800e+00 ; 1.800e+00 ; 3.3953001e+01 ; 2.6900000e+02 
3.500e+01 ; 8.800e+00 ; 1.800e+00 ; 3.3955001e+01 ; 2.6900000e+02 
3.500e+01 ; 8.800e+00 ; 1.800e+00 ; 3.3959001e+01 ; 2.6900000e+02 
3.500e+01 ; 8.800e+00 ; 1.800e+00 ; 3.3967001e+01 ; 2.6900000e+02 
3.500e+01 ; 8.800e+00 ; 1.800e+00 ; 3.3983001e+01 ; 2.6900000e+02 
3.500e+01 ; 8.800e+00 ; 1.800e+00 ; 3.4015001e+01 ; 2.6900000e+02 
3.500e+01 ; 8.800e+00 ; 1.800e+00 ; 3.4079001e+01 ; 2.6900000e+02 
3.500e+01 ; 8.800e+00 ; 1.800e+00 ; 3.4207001e+01 ; 2.6900000e+02 
3.500e+01 ; 8.800e+00 ; 1.800e+00 ; 3.4463001e+01 ; 2.6900000e+02 
3.500e+01 ; 8.800e+00 ; 1.800e+00 ; 3.4920001e+01 ; 2.6900000e+02 
3.500e+01 ; 8.800e+00 ; 1.800e+00 ; 3.4920001e+01 ; 2.6900000e+02 
3.500e+01 ; 8.800e+00 ; 1.800e+00 ; 3.4921001e+01 ; 2.6900000e+02 
3.500e+01 ; 8.800e+00 ; 1.800e+00 ; 3.4922001e+01 ; 2.6900000e+02 
3.500e+01 ; 8.800e+00 ; 1.800e+00 ; 3.4923001e+01 ; 2.6900000e+02 
3.500e+01 ; 8.800e+00 ; 1.800e+00 ; 3.4925001e+01 ; 2.6900000e+02 
3.500e+01 ; 8.800e+00 ; 1.800e+00 ; 3.4929001e+01 ; 2.6900000e+02 
3.500e+01 ; 8.800e+00 ; 1.800e+00 ; 3.4937001e+01 ; 2.6900000e+02 
3.500e+01 ; 8.800e+00 ; 1.800e+00 ; 3.4953001e+01 ; 2.6900000e+02 
3.500e+01 ; 8.800e+00 ; 1.800e+00 ; 3.4985001e+01 ; 2.6900000e+02 
3.500e+01 ; 8.800e+00 ; 1.800e+00 ; 3.5049001e+01 ; 2.6900000e+02 
3.500e+01 ; 8.800e+00 ; 1.800e+00 ; 3.5177001e+01 ; 2.6900000e+02 
3.500e+01 ; 8.800e+00 ; 1.800e+00 ; 3.5433001e+01 ; 2.6900000e+02 
3.500e+01 ; 8.800e+00 ; 1.800e+00 ; 3.5890001e+01 ; 2.6900000e+02 
3.500e+01 ; 8.800e+00 ; 1.800e+00 ; 3.5890001e+01 ; 2.6900000e+02 
3.500e+01 ; 8.800e+00 ; 1.800e+00 ; 3.5891001e+01 ; 2.6900000e+02 
3.500e+01 ; 8.800e+00 ; 1.800e+00 ; 3.5892001e+01 ; 2.6900000e+02 
3.500e+01 ; 8.800e+00 ; 1.800e+00 ; 3.5893001e+01 ; 2.6900000e+02 
3.500e+01 ; 8.800e+00 ; 1.800e+00 ; 3.5895001e+01 ; 2.6900000e+02 
3.500e+01 ; 8.800e+00 ; 1.800e+00 ; 3.5899001e+01 ; 2.6900000e+02 
3.500e+01 ; 8.800e+00 ; 1.800e+00 ; 3.5907001e+01 ; 2.6900000e+02 
3.500e+01 ; 8.800e+00 ; 1.800e+00 ; 3.5923001e+01 ; 2.6900000e+02 
3.500e+01 ; 8.800e+00 ; 1.800e+00 ; 3.5955001e+01 ; 2.6900000e+02 
3.500e+01 ; 8.800e+00 ; 1.800e+00 ; 3.6019001e+01 ; 2.6900000e+02 
3.500e+01 ; 8.800e+00 ; 1.800e+00 ; 3.6147001e+01 ; 2.6900000e+02 
3.500e+01 ; 8.800e+00 ; 1.800e+00 ; 3.6403001e+01 ; 2.6900000e+02 
3.500e+01 ; 8.800e+00 ; 1.800e+00 ; 3.6860001e+01 ; 2.6900000e+02 
3.500e+01 ; 8.800e+00 ; 1.800e+00 ; 3.6860001e+01 ; 2.6900000e+02 
3.500e+01 ; 8.800e+00 ; 1.800e+00 ; 3.6861001e+01 ; 2.6900000e+02 
3.500e+01 ; 8.800e+00 ; 1.800e+00 ; 3.6862001e+01 ; 2.6900000e+02 
3.500e+01 ; 8.800e+00 ; 1.800e+00 ; 3.6863001e+01 ; 2.6900000e+02 
3.500e+01 ; 8.800e+00 ; 1.800e+00 ; 3.6865001e+01 ; 2.6900000e+02 
3.500e+01 ; 8.800e+00 ; 1.800e+00 ; 3.6869001e+01 ; 2.6900000e+02 
3.500e+01 ; 8.800e+00 ; 1.800e+00 ; 3.6877001e+01 ; 2.6900000e+02 
3.500e+01 ; 8.800e+00 ; 1.800e+00 ; 3.6893001e+01 ; 2.6900000e+02 
3.500e+01 ; 8.800e+00 ; 1.800e+00 ; 3.6925001e+01 ; 2.6900000e+02 
3.500e+01 ; 8.800e+00 ; 1.800e+00 ; 3.6989001e+01 ; 2.6900000e+02 
3.500e+01 ; 8.800e+00 ; 1.800e+00 ; 3.7117001e+01 ; 2.6900000e+02 
3.500e+01 ; 8.800e+00 ; 1.800e+00 ; 3.7373001e+01 ; 2.6900000e+02 
3.500e+01 ; 8.800e+00 ; 1.800e+00 ; 3.7830001e+01 ; 2.6900000e+02 
3.500e+01 ; 8.800e+00 ; 1.800e+00 ; 3.7830001e+01 ; 2.6900000e+02 
3.500e+01 ; 8.800e+00 ; 1.800e+00 ; 3.7831001e+01 ; 2.6900000e+02 
3.500e+01 ; 8.800e+00 ; 1.800e+00 ; 3.7832001e+01 ; 2.6900000e+02 
3.500e+01 ; 8.800e+00 ; 1.800e+00 ; 3.7833001e+01 ; 2.6900000e+02 
3.500e+01 ; 8.800e+00 ; 1.800e+00 ; 3.7835001e+01 ; 2.6900000e+02 
3.500e+01 ; 8.800e+00 ; 1.800e+00 ; 3.7839001e+01 ; 2.6900000e+02 
3.500e+01 ; 8.800e+00 ; 1.800e+00 ; 3.7847001e+01 ; 2.6900000e+02 
3.500e+01 ; 8.800e+00 ; 1.800e+00 ; 3.7863001e+01 ; 2.6900000e+02 
3.500e+01 ; 8.800e+00 ; 1.800e+00 ; 3.7895001e+01 ; 2.6900000e+02 
3.500e+01 ; 8.800e+00 ; 1.800e+00 ; 3.7959001e+01 ; 2.6900000e+02 
3.500e+01 ; 8.800e+00 ; 1.800e+00 ; 3.8087001e+01 ; 2.6900000e+02 
3.500e+01 ; 8.800e+00 ; 1.800e+00 ; 3.8343001e+01 ; 2.6900000e+02 
3.500e+01 ; 8.800e+00 ; 1.800e+00 ; 3.8800001e+01 ; 2.6900000e+02 
3.500e+01 ; 8.800e+00 ; 1.800e+00 ; 3.8800001e+01 ; 2.6900000e+02 
3.500e+01 ; 8.800e+00 ; 1.800e+00 ; 3.8801001e+01 ; 2.6900000e+02 
3.500e+01 ; 8.800e+00 ; 1.800e+00 ; 3.8802001e+01 ; 2.6900000e+02 
3.500e+01 ; 8.800e+00 ; 1.800e+00 ; 3.8803001e+01 ; 2.6900000e+02 
3.500e+01 ; 8.800e+00 ; 1.800e+00 ; 3.8805001e+01 ; 2.6900000e+02 
3.500e+01 ; 8.800e+00 ; 1.800e+00 ; 3.8809001e+01 ; 2.6900000e+02 
3.500e+01 ; 8.800e+00 ; 1.800e+00 ; 3.8817001e+01 ; 2.6900000e+02 
3.500e+01 ; 8.800e+00 ; 1.800e+00 ; 3.8833001e+01 ; 2.6900000e+02 
3.500e+01 ; 8.800e+00 ; 1.800e+00 ; 3.8865001e+01 ; 2.6900000e+02 
3.500e+01 ; 8.800e+00 ; 1.800e+00 ; 3.8929001e+01 ; 2.6900000e+02 
3.500e+01 ; 8.800e+00 ; 1.800e+00 ; 3.9057001e+01 ; 2.6900000e+02 
3.500e+01 ; 8.800e+00 ; 1.800e+00 ; 3.9313001e+01 ; 2.6900000e+02 
3.500e+01 ; 8.800e+00 ; 1.800e+00 ; 3.9770001e+01 ; 2.6900000e+02 
3.500e+01 ; 8.800e+00 ; 1.800e+00 ; 3.9770001e+01 ; 2.6900000e+02 
3.500e+01 ; 8.800e+00 ; 1.800e+00 ; 3.9771001e+01 ; 2.6882477e+02 
3.500e+01 ; 8.800e+00 ; 1.800e+00 ; 3.9772001e+01 ; 2.6864972e+02 
3.500e+01 ; 8.800e+00 ; 1.800e+00 ; 3.9773001e+01 ; 2.6847482e+02 
3.500e+01 ; 8.800e+00 ; 1.800e+00 ; 3.9775001e+01 ; 2.6812570e+02 
3.500e+01 ; 8.800e+00 ; 1.800e+00 ; 3.9779001e+01 ; 2.6743021e+02 
3.500e+01 ; 8.800e+00 ; 1.800e+00 ; 3.9787001e+01 ; 2.6604987e+02 
3.500e+01 ; 8.800e+00 ; 1.800e+00 ; 3.9803001e+01 ; 2.6333148e+02 
3.500e+01 ; 8.800e+00 ; 1.800e+00 ; 3.9835001e+01 ; 2.5805869e+02 
3.500e+01 ; 8.800e+00 ; 1.800e+00 ; 3.9899001e+01 ; 2.4813188e+02 
3.500e+01 ; 8.800e+00 ; 1.800e+00 ; 4.0027001e+01 ; 2.3048502e+02 
3.500e+01 ; 8.800e+00 ; 1.800e+00 ; 4.0283001e+01 ; 2.0226784e+02 
3.500e+01 ; 8.800e+00 ; 1.800e+00 ; 4.0740001e+01 ; 1.6741524e+02 
3.500e+01 ; 8.800e+00 ; 1.800e+00 ; 4.0740001e+01 ; 1.6741524e+02 
3.500e+01 ; 8.800e+00 ; 1.800e+00 ; 4.0741001e+01 ; 1.6733904e+02 
3.500e+01 ; 8.800e+00 ; 1.800e+00 ; 4.0742001e+01 ; 1.6726292e+02 
3.500e+01 ; 8.800e+00 ; 1.800e+00 ; 4.0743001e+01 ; 1.6718687e+02 
3.500e+01 ; 8.800e+00 ; 1.800e+00 ; 4.0745001e+01 ; 1.6703506e+02 
3.500e+01 ; 8.800e+00 ; 1.800e+00 ; 4.0749001e+01 ; 1.6673259e+02 
3.500e+01 ; 8.800e+00 ; 1.800e+00 ; 4.0757001e+01 ; 1.6613220e+02 
3.500e+01 ; 8.800e+00 ; 1.800e+00 ; 4.0773001e+01 ; 1.6494931e+02 
3.500e+01 ; 8.800e+00 ; 1.800e+00 ; 4.0805001e+01 ; 1.6265289e+02 
3.500e+01 ; 8.800e+00 ; 1.800e+00 ; 4.0869001e+01 ; 1.5832143e+02 
3.500e+01 ; 8.800e+00 ; 1.800e+00 ; 4.0997001e+01 ; 1.5059125e+02 
3.500e+01 ; 8.800e+00 ; 1.800e+00 ; 4.1253001e+01 ; 1.3814789e+02 
3.500e+01 ; 8.800e+00 ; 1.800e+00 ; 4.1710001e+01 ; 1.2266237e+02 
3.500e+01 ; 8.800e+00 ; 1.800e+00 ; 4.1710001e+01 ; 1.2266237e+02 
3.500e+01 ; 8.800e+00 ; 1.800e+00 ; 4.1711001e+01 ; 1.2262852e+02 
3.500e+01 ; 8.800e+00 ; 1.800e+00 ; 4.1712001e+01 ; 1.2259470e+02 
3.500e+01 ; 8.800e+00 ; 1.800e+00 ; 4.1713001e+01 ; 1.2256091e+02 
3.500e+01 ; 8.800e+00 ; 1.800e+00 ; 4.1715001e+01 ; 1.2249348e+02 
3.500e+01 ; 8.800e+00 ; 1.800e+00 ; 4.1719001e+01 ; 1.2235915e+02 
3.500e+01 ; 8.800e+00 ; 1.800e+00 ; 4.1727001e+01 ; 1.2209262e+02 
3.500e+01 ; 8.800e+00 ; 1.800e+00 ; 4.1743001e+01 ; 1.2156793e+02 
3.500e+01 ; 8.800e+00 ; 1.800e+00 ; 4.1775001e+01 ; 1.2055100e+02 
3.500e+01 ; 8.800e+00 ; 1.800e+00 ; 4.1839001e+01 ; 1.1863884e+02 
3.500e+01 ; 8.800e+00 ; 1.800e+00 ; 4.1967001e+01 ; 1.1524400e+02 
3.500e+01 ; 8.800e+00 ; 1.800e+00 ; 4.2223001e+01 ; 1.0980652e+02 
3.500e+01 ; 8.800e+00 ; 1.800e+00 ; 4.2680001e+01 ; 1.0298952e+02 
3.500e+01 ; 8.800e+00 ; 1.800e+00 ; 4.2680001e+01 ; 1.0298952e+02 
3.500e+01 ; 8.800e+00 ; 1.800e+00 ; 4.2681001e+01 ; 1.0297462e+02 
3.500e+01 ; 8.800e+00 ; 1.800e+00 ; 4.2682001e+01 ; 1.0295972e+02 
3.500e+01 ; 8.800e+00 ; 1.800e+00 ; 4.2683001e+01 ; 1.0294485e+02 
3.500e+01 ; 8.800e+00 ; 1.800e+00 ; 4.2685001e+01 ; 1.0291515e+02 
3.500e+01 ; 8.800e+00 ; 1.800e+00 ; 4.2689001e+01 ; 1.0285598e+02 
3.500e+01 ; 8.800e+00 ; 1.800e+00 ; 4.2697001e+01 ; 1.0273850e+02 
3.500e+01 ; 8.800e+00 ; 1.800e+00 ; 4.2713001e+01 ; 1.0250695e+02 
3.500e+01 ; 8.800e+00 ; 1.800e+00 ; 4.2745001e+01 ; 1.0205698e+02 
3.500e+01 ; 8.800e+00 ; 1.800e+00 ; 4.2809001e+01 ; 1.0120596e+02 
3.500e+01 ; 8.800e+00 ; 1.800e+00 ; 4.2937001e+01 ; 9.9674629e+01 
3.500e+01 ; 8.800e+00 ; 1.800e+00 ; 4.3193001e+01 ; 9.7143379e+01 
3.500e+01 ; 8.800e+00 ; 1.800e+00 ; 4.3650001e+01 ; 9.3765640e+01 
3.500e+01 ; 8.800e+00 ; 1.800e+00 ; 4.3650001e+01 ; 9.3765640e+01 
3.500e+01 ; 8.800e+00 ; 1.800e+00 ; 4.3651001e+01 ; 9.3758255e+01 
3.500e+01 ; 8.800e+00 ; 1.800e+00 ; 4.3652001e+01 ; 9.3750877e+01 
3.500e+01 ; 8.800e+00 ; 1.800e+00 ; 4.3653001e+01 ; 9.3743500e+01 
3.500e+01 ; 8.800e+00 ; 1.800e+00 ; 4.3655001e+01 ; 9.3728775e+01 
3.500e+01 ; 8.800e+00 ; 1.800e+00 ; 4.3659001e+01 ; 9.3699402e+01 
3.500e+01 ; 8.800e+00 ; 1.800e+00 ; 4.3667001e+01 ; 9.3641006e+01 
3.500e+01 ; 8.800e+00 ; 1.800e+00 ; 4.3683001e+01 ; 9.3525566e+01 
3.500e+01 ; 8.800e+00 ; 1.800e+00 ; 4.3715001e+01 ; 9.3299911e+01 
3.500e+01 ; 8.800e+00 ; 1.800e+00 ; 4.3779001e+01 ; 9.2868210e+01 
3.500e+01 ; 8.800e+00 ; 1.800e+00 ; 4.3907001e+01 ; 9.2074188e+01 
3.500e+01 ; 8.800e+00 ; 1.800e+00 ; 4.4163001e+01 ; 9.0708160e+01 
3.500e+01 ; 8.800e+00 ; 1.800e+00 ; 4.4620001e+01 ; 8.8768791e+01 
3.500e+01 ; 8.800e+00 ; 1.800e+00 ; 4.4620001e+01 ; 8.8768791e+01 
3.500e+01 ; 8.800e+00 ; 1.800e+00 ; 4.4621001e+01 ; 8.8764549e+01 
3.500e+01 ; 8.800e+00 ; 1.800e+00 ; 4.4622001e+01 ; 8.8760315e+01 
3.500e+01 ; 8.800e+00 ; 1.800e+00 ; 4.4623001e+01 ; 8.8756073e+01 
3.500e+01 ; 8.800e+00 ; 1.800e+00 ; 4.4625001e+01 ; 8.8747612e+01 
3.500e+01 ; 8.800e+00 ; 1.800e+00 ; 4.4629001e+01 ; 8.8730721e+01 
3.500e+01 ; 8.800e+00 ; 1.800e+00 ; 4.4637001e+01 ; 8.8697098e+01 
3.500e+01 ; 8.800e+00 ; 1.800e+00 ; 4.4653001e+01 ; 8.8630432e+01 
3.500e+01 ; 8.800e+00 ; 1.800e+00 ; 4.4685001e+01 ; 8.8499420e+01 
3.500e+01 ; 8.800e+00 ; 1.800e+00 ; 4.4749001e+01 ; 8.8246124e+01 
3.500e+01 ; 8.800e+00 ; 1.800e+00 ; 4.4877001e+01 ; 8.7771004e+01 
3.500e+01 ; 8.800e+00 ; 1.800e+00 ; 4.5133001e+01 ; 8.6924713e+01 
3.500e+01 ; 8.800e+00 ; 1.800e+00 ; 4.5590001e+01 ; 8.5659851e+01 
3.500e+01 ; 8.800e+00 ; 1.800e+00 ; 4.5590001e+01 ; 8.5659851e+01 
3.500e+01 ; 8.800e+00 ; 1.800e+00 ; 4.5591001e+01 ; 8.5657089e+01 
3.500e+01 ; 8.800e+00 ; 1.800e+00 ; 4.5592001e+01 ; 8.5654320e+01 
3.500e+01 ; 8.800e+00 ; 1.800e+00 ; 4.5593001e+01 ; 8.5651558e+01 
3.500e+01 ; 8.800e+00 ; 1.800e+00 ; 4.5595001e+01 ; 8.5646034e+01 
3.500e+01 ; 8.800e+00 ; 1.800e+00 ; 4.5599001e+01 ; 8.5635002e+01 
3.500e+01 ; 8.800e+00 ; 1.800e+00 ; 4.5607001e+01 ; 8.5613022e+01 
3.500e+01 ; 8.800e+00 ; 1.800e+00 ; 4.5623001e+01 ; 8.5569351e+01 
3.500e+01 ; 8.800e+00 ; 1.800e+00 ; 4.5655001e+01 ; 8.5483154e+01 
3.500e+01 ; 8.800e+00 ; 1.800e+00 ; 4.5719001e+01 ; 8.5315147e+01 
3.500e+01 ; 8.800e+00 ; 1.800e+00 ; 4.5847001e+01 ; 8.4995201e+01 
3.500e+01 ; 8.800e+00 ; 1.800e+00 ; 4.6103001e+01 ; 8.4410118e+01 
3.500e+01 ; 8.800e+00 ; 1.800e+00 ; 4.6560001e+01 ; 8.3501747e+01 
3.500e+01 ; 8.800e+00 ; 1.800e+00 ; 4.6560001e+01 ; 8.3501747e+01 
3.500e+01 ; 8.800e+00 ; 1.800e+00 ; 4.6561001e+01 ; 8.3499763e+01 
3.500e+01 ; 8.800e+00 ; 1.800e+00 ; 4.6562001e+01 ; 8.3497772e+01 
3.500e+01 ; 8.800e+00 ; 1.800e+00 ; 4.6563001e+01 ; 8.3495789e+01 
3.500e+01 ; 8.800e+00 ; 1.800e+00 ; 4.6565001e+01 ; 8.3491821e+01 
3.500e+01 ; 8.800e+00 ; 1.800e+00 ; 4.6569001e+01 ; 8.3483894e+01 
3.500e+01 ; 8.800e+00 ; 1.800e+00 ; 4.6577001e+01 ; 8.3468079e+01 
3.500e+01 ; 8.800e+00 ; 1.800e+00 ; 4.6593001e+01 ; 8.3436615e+01 
3.500e+01 ; 8.800e+00 ; 1.800e+00 ; 4.6625001e+01 ; 8.3374329e+01 
3.500e+01 ; 8.800e+00 ; 1.800e+00 ; 4.6689001e+01 ; 8.3252228e+01 
3.500e+01 ; 8.800e+00 ; 1.800e+00 ; 4.6817001e+01 ; 8.3017220e+01 
3.500e+01 ; 8.800e+00 ; 1.800e+00 ; 4.7073001e+01 ; 8.2579453e+01 
3.500e+01 ; 8.800e+00 ; 1.800e+00 ; 4.7530001e+01 ; 8.1881584e+01 
3.500e+01 ; 8.800e+00 ; 1.800e+00 ; 4.7530001e+01 ; 8.1881584e+01 
3.500e+01 ; 8.800e+00 ; 1.800e+00 ; 4.7531001e+01 ; 8.1880058e+01 
3.500e+01 ; 8.800e+00 ; 1.800e+00 ; 4.7532001e+01 ; 8.1878532e+01 
3.500e+01 ; 8.800e+00 ; 1.800e+00 ; 4.7533001e+01 ; 8.1877007e+01 
3.500e+01 ; 8.800e+00 ; 1.800e+00 ; 4.7535001e+01 ; 8.1873955e+01 
3.500e+01 ; 8.800e+00 ; 1.800e+00 ; 4.7539001e+01 ; 8.1867867e+01 
3.500e+01 ; 8.800e+00 ; 1.800e+00 ; 4.7547001e+01 ; 8.1855705e+01 
3.500e+01 ; 8.800e+00 ; 1.800e+00 ; 4.7563001e+01 ; 8.1831482e+01 
3.500e+01 ; 8.800e+00 ; 1.800e+00 ; 4.7595001e+01 ; 8.1783424e+01 
3.500e+01 ; 8.800e+00 ; 1.800e+00 ; 4.7659001e+01 ; 8.1688866e+01 
3.500e+01 ; 8.800e+00 ; 1.800e+00 ; 4.7787001e+01 ; 8.1505554e+01 
3.500e+01 ; 8.800e+00 ; 1.800e+00 ; 4.8043001e+01 ; 8.1159813e+01 
3.500e+01 ; 8.800e+00 ; 1.800e+00 ; 4.8500001e+01 ; 8.0598770e+01 
3.500e+01 ; 8.800e+00 ; 1.800e+00 ; 4.8500001e+01 ; 8.0598770e+01 
3.500e+01 ; 8.800e+00 ; 1.800e+00 ; 4.8501001e+01 ; 8.0597542e+01 
3.500e+01 ; 8.800e+00 ; 1.800e+00 ; 4.8502001e+01 ; 8.0596313e+01 
3.500e+01 ; 8.800e+00 ; 1.800e+00 ; 4.8503001e+01 ; 8.0595085e+01 
3.500e+01 ; 8.800e+00 ; 1.800e+00 ; 4.8505001e+01 ; 8.0592636e+01 
3.500e+01 ; 8.800e+00 ; 1.800e+00 ; 4.8509001e+01 ; 8.0587738e+01 
3.500e+01 ; 8.800e+00 ; 1.800e+00 ; 4.8517001e+01 ; 8.0577950e+01 
3.500e+01 ; 8.800e+00 ; 1.800e+00 ; 4.8533001e+01 ; 8.0558449e+01 
3.500e+01 ; 8.800e+00 ; 1.800e+00 ; 4.8565001e+01 ; 8.0519714e+01 
3.500e+01 ; 8.800e+00 ; 1.800e+00 ; 4.8629001e+01 ; 8.0443291e+01 
3.500e+01 ; 8.800e+00 ; 1.800e+00 ; 4.8757001e+01 ; 8.0294434e+01 
3.500e+01 ; 8.800e+00 ; 1.800e+00 ; 4.9013001e+01 ; 8.0011360e+01 
3.500e+01 ; 8.800e+00 ; 1.800e+00 ; 4.9470001e+01 ; 7.9546600e+01 
3.500e+01 ; 8.800e+00 ; 1.800e+00 ; 4.9470001e+01 ; 7.9546600e+01 
3.500e+01 ; 8.800e+00 ; 1.800e+00 ; 4.9471001e+01 ; 7.9545586e+01 
3.500e+01 ; 8.800e+00 ; 1.800e+00 ; 4.9472001e+01 ; 7.9544571e+01 
3.500e+01 ; 8.800e+00 ; 1.800e+00 ; 4.9473001e+01 ; 7.9543556e+01 
3.500e+01 ; 8.800e+00 ; 1.800e+00 ; 4.9475001e+01 ; 7.9541519e+01 
3.500e+01 ; 8.800e+00 ; 1.800e+00 ; 4.9479001e+01 ; 7.9537460e+01 
3.500e+01 ; 8.800e+00 ; 1.800e+00 ; 4.9487001e+01 ; 7.9529350e+01 
3.500e+01 ; 8.800e+00 ; 1.800e+00 ; 4.9503001e+01 ; 7.9513184e+01 
3.500e+01 ; 8.800e+00 ; 1.800e+00 ; 4.9535001e+01 ; 7.9481041e+01 
3.500e+01 ; 8.800e+00 ; 1.800e+00 ; 4.9599001e+01 ; 7.9417511e+01 
3.500e+01 ; 8.800e+00 ; 1.800e+00 ; 4.9727001e+01 ; 7.9293396e+01 
3.500e+01 ; 8.800e+00 ; 1.800e+00 ; 4.9983001e+01 ; 7.9056107e+01 
3.500e+01 ; 8.800e+00 ; 1.800e+00 ; 5.0440001e+01 ; 7.8663551e+01 
3.500e+01 ; 8.800e+00 ; 1.800e+00 ; 5.0440001e+01 ; 7.8663551e+01 
3.500e+01 ; 8.800e+00 ; 1.800e+00 ; 5.0441001e+01 ; 7.8662689e+01 
3.500e+01 ; 8.800e+00 ; 1.800e+00 ; 5.0442001e+01 ; 7.8661835e+01 
3.500e+01 ; 8.800e+00 ; 1.800e+00 ; 5.0443001e+01 ; 7.8660973e+01 
3.500e+01 ; 8.800e+00 ; 1.800e+00 ; 5.0445001e+01 ; 7.8659256e+01 
3.500e+01 ; 8.800e+00 ; 1.800e+00 ; 5.0449001e+01 ; 7.8655830e+01 
3.500e+01 ; 8.800e+00 ; 1.800e+00 ; 5.0457001e+01 ; 7.8648972e+01 
3.500e+01 ; 8.800e+00 ; 1.800e+00 ; 5.0473001e+01 ; 7.8635307e+01 
3.500e+01 ; 8.800e+00 ; 1.800e+00 ; 5.0505001e+01 ; 7.8608124e+01 
3.500e+01 ; 8.800e+00 ; 1.800e+00 ; 5.0569001e+01 ; 7.8554352e+01 
3.500e+01 ; 8.800e+00 ; 1.800e+00 ; 5.0697001e+01 ; 7.8449081e+01 
3.500e+01 ; 8.800e+00 ; 1.800e+00 ; 5.0953001e+01 ; 7.8247131e+01 
3.500e+01 ; 8.800e+00 ; 1.800e+00 ; 5.1410002e+01 ; 7.7911499e+01 
3.500e+01 ; 8.800e+00 ; 1.800e+00 ; 5.1410002e+01 ; 7.7911499e+01 
3.500e+01 ; 8.800e+00 ; 1.800e+00 ; 5.1411002e+01 ; 7.7910767e+01 
3.500e+01 ; 8.800e+00 ; 1.800e+00 ; 5.1412002e+01 ; 7.7910034e+01 
3.500e+01 ; 8.800e+00 ; 1.800e+00 ; 5.1413002e+01 ; 7.7909294e+01 
3.500e+01 ; 8.800e+00 ; 1.800e+00 ; 5.1415002e+01 ; 7.7907829e+01 
3.500e+01 ; 8.800e+00 ; 1.800e+00 ; 5.1419002e+01 ; 7.7904892e+01 
3.500e+01 ; 8.800e+00 ; 1.800e+00 ; 5.1427002e+01 ; 7.7899033e+01 
3.500e+01 ; 8.800e+00 ; 1.800e+00 ; 5.1443002e+01 ; 7.7887344e+01 
3.500e+01 ; 8.800e+00 ; 1.800e+00 ; 5.1475002e+01 ; 7.7864090e+01 
3.500e+01 ; 8.800e+00 ; 1.800e+00 ; 5.1539002e+01 ; 7.7818054e+01 
3.500e+01 ; 8.800e+00 ; 1.800e+00 ; 5.1667002e+01 ; 7.7727837e+01 
3.500e+01 ; 8.800e+00 ; 1.800e+00 ; 5.1923002e+01 ; 7.7554497e+01 
3.500e+01 ; 8.800e+00 ; 1.800e+00 ; 5.2380002e+01 ; 7.7266434e+01 
3.500e+01 ; 8.800e+00 ; 1.800e+00 ; 5.2380002e+01 ; 7.7266434e+01 
3.500e+01 ; 8.800e+00 ; 1.800e+00 ; 5.2381002e+01 ; 7.7265800e+01 
3.500e+01 ; 8.800e+00 ; 1.800e+00 ; 5.2382002e+01 ; 7.7265175e+01 
3.500e+01 ; 8.800e+00 ; 1.800e+00 ; 5.2383002e+01 ; 7.7264542e+01 
3.500e+01 ; 8.800e+00 ; 1.800e+00 ; 5.2385002e+01 ; 7.7263283e+01 
3.500e+01 ; 8.800e+00 ; 1.800e+00 ; 5.2389002e+01 ; 7.7260765e+01 
3.500e+01 ; 8.800e+00 ; 1.800e+00 ; 5.2397002e+01 ; 7.7255737e+01 
3.500e+01 ; 8.800e+00 ; 1.800e+00 ; 5.2413002e+01 ; 7.7245705e+01 
3.500e+01 ; 8.800e+00 ; 1.800e+00 ; 5.2445002e+01 ; 7.7225754e+01 
3.500e+01 ; 8.800e+00 ; 1.800e+00 ; 5.2509002e+01 ; 7.7186302e+01 
3.500e+01 ; 8.800e+00 ; 1.800e+00 ; 5.2637002e+01 ; 7.7109421e+01 
3.500e+01 ; 8.800e+00 ; 1.800e+00 ; 5.2893002e+01 ; 7.6965034e+01 
3.500e+01 ; 8.800e+00 ; 1.800e+00 ; 5.3350002e+01 ; 7.6739937e+01 
3.500e+01 ; 8.800e+00 ; 1.800e+00 ; 5.3350002e+01 ; 7.6739937e+01 
3.500e+01 ; 8.800e+00 ; 1.800e+00 ; 5.3351002e+01 ; 7.6739449e+01 
3.500e+01 ; 8.800e+00 ; 1.800e+00 ; 5.3352002e+01 ; 7.6738953e+01 
3.500e+01 ; 8.800e+00 ; 1.800e+00 ; 5.3353002e+01 ; 7.6738464e+01 
3.500e+01 ; 8.800e+00 ; 1.800e+00 ; 5.3355002e+01 ; 7.6737480e+01 
3.500e+01 ; 8.800e+00 ; 1.800e+00 ; 5.3359002e+01 ; 7.6735519e+01 
3.500e+01 ; 8.800e+00 ; 1.800e+00 ; 5.3367002e+01 ; 7.6731606e+01 
3.500e+01 ; 8.800e+00 ; 1.800e+00 ; 5.3383002e+01 ; 7.6723846e+01 
3.500e+01 ; 8.800e+00 ; 1.800e+00 ; 5.3415002e+01 ; 7.6708588e+01 
3.500e+01 ; 8.800e+00 ; 1.800e+00 ; 5.3479002e+01 ; 7.6679298e+01 
3.500e+01 ; 8.800e+00 ; 1.800e+00 ; 5.3607002e+01 ; 7.6626724e+01 
3.500e+01 ; 8.800e+00 ; 1.800e+00 ; 5.3863002e+01 ; 7.6550301e+01 
3.500e+01 ; 8.800e+00 ; 1.800e+00 ; 5.4320002e+01 ; 7.6503082e+01 
3.500e+01 ; 8.800e+00 ; 1.800e+00 ; 5.4320002e+01 ; 7.6503082e+01 
3.500e+01 ; 8.800e+00 ; 1.800e+00 ; 5.4321002e+01 ; 7.6507278e+01 
3.500e+01 ; 8.800e+00 ; 1.800e+00 ; 5.4322002e+01 ; 7.6511513e+01 
3.500e+01 ; 8.800e+00 ; 1.800e+00 ; 5.4323002e+01 ; 7.6515785e+01 
3.500e+01 ; 8.800e+00 ; 1.800e+00 ; 5.4325002e+01 ; 7.6524490e+01 
3.500e+01 ; 8.800e+00 ; 1.800e+00 ; 5.4329002e+01 ; 7.6542519e+01 
3.500e+01 ; 8.800e+00 ; 1.800e+00 ; 5.4337002e+01 ; 7.6580978e+01 
3.500e+01 ; 8.800e+00 ; 1.800e+00 ; 5.4353002e+01 ; 7.6667023e+01 
3.500e+01 ; 8.800e+00 ; 1.800e+00 ; 5.4385002e+01 ; 7.6872147e+01 
3.500e+01 ; 8.800e+00 ; 1.800e+00 ; 5.4449002e+01 ; 7.7389839e+01 
3.500e+01 ; 8.800e+00 ; 1.800e+00 ; 5.4577002e+01 ; 7.8701218e+01 
3.500e+01 ; 8.800e+00 ; 1.800e+00 ; 5.4833002e+01 ; 8.1670898e+01 
3.500e+01 ; 8.800e+00 ; 1.800e+00 ; 5.5290002e+01 ; 8.6228905e+01 
3.500e+01 ; 8.800e+00 ; 1.800e+00 ; 5.5290002e+01 ; 8.6228905e+01 
3.500e+01 ; 8.800e+00 ; 1.800e+00 ; 5.5291002e+01 ; 8.6242493e+01 
3.500e+01 ; 8.800e+00 ; 1.800e+00 ; 5.5292002e+01 ; 8.6256088e+01 
3.500e+01 ; 8.800e+00 ; 1.800e+00 ; 5.5293002e+01 ; 8.6269684e+01 
3.500e+01 ; 8.800e+00 ; 1.800e+00 ; 5.5295002e+01 ; 8.6296898e+01 
3.500e+01 ; 8.800e+00 ; 1.800e+00 ; 5.5299002e+01 ; 8.6351379e+01 
3.500e+01 ; 8.800e+00 ; 1.800e+00 ; 5.5307002e+01 ; 8.6460579e+01 
3.500e+01 ; 8.800e+00 ; 1.800e+00 ; 5.5323002e+01 ; 8.6679756e+01 
3.500e+01 ; 8.800e+00 ; 1.800e+00 ; 5.5355002e+01 ; 8.7120071e+01 
3.500e+01 ; 8.800e+00 ; 1.800e+00 ; 5.5419002e+01 ; 8.8000732e+01 
3.500e+01 ; 8.800e+00 ; 1.800e+00 ; 5.5547002e+01 ; 8.9714584e+01 
3.500e+01 ; 8.800e+00 ; 1.800e+00 ; 5.5803002e+01 ; 9.2738640e+01 
3.500e+01 ; 8.800e+00 ; 1.800e+00 ; 5.6260002e+01 ; 9.6490234e+01 
3.500e+01 ; 8.800e+00 ; 1.800e+00 ; 5.6260002e+01 ; 9.6490234e+01 
3.500e+01 ; 8.800e+00 ; 1.800e+00 ; 5.6261002e+01 ; 9.6498428e+01 
3.500e+01 ; 8.800e+00 ; 1.800e+00 ; 5.6262002e+01 ; 9.6506607e+01 
3.500e+01 ; 8.800e+00 ; 1.800e+00 ; 5.6263002e+01 ; 9.6514763e+01 
3.500e+01 ; 8.800e+00 ; 1.800e+00 ; 5.6265002e+01 ; 9.6531013e+01 
3.500e+01 ; 8.800e+00 ; 1.800e+00 ; 5.6269002e+01 ; 9.6563240e+01 
3.500e+01 ; 8.800e+00 ; 1.800e+00 ; 5.6277002e+01 ; 9.6626625e+01 
3.500e+01 ; 8.800e+00 ; 1.800e+00 ; 5.6293002e+01 ; 9.6749237e+01 
3.500e+01 ; 8.800e+00 ; 1.800e+00 ; 5.6325002e+01 ; 9.6978462e+01 
3.500e+01 ; 8.800e+00 ; 1.800e+00 ; 5.6389002e+01 ; 9.7378273e+01 
3.500e+01 ; 8.800e+00 ; 1.800e+00 ; 5.6517002e+01 ; 9.7979652e+01 
3.500e+01 ; 8.800e+00 ; 1.800e+00 ; 5.6773002e+01 ; 9.8609360e+01 
3.500e+01 ; 8.800e+00 ; 1.800e+00 ; 5.7230002e+01 ; 9.8687241e+01 
3.500e+01 ; 8.800e+00 ; 1.800e+00 ; 5.7230002e+01 ; 9.8687241e+01 
3.500e+01 ; 8.800e+00 ; 1.800e+00 ; 5.7231002e+01 ; 9.8687408e+01 
3.500e+01 ; 8.800e+00 ; 1.800e+00 ; 5.7232002e+01 ; 9.8687569e+01 
3.500e+01 ; 8.800e+00 ; 1.800e+00 ; 5.7233002e+01 ; 9.8687721e+01 
3.500e+01 ; 8.800e+00 ; 1.800e+00 ; 5.7235002e+01 ; 9.8688011e+01 
3.500e+01 ; 8.800e+00 ; 1.800e+00 ; 5.7239002e+01 ; 9.8688515e+01 
3.500e+01 ; 8.800e+00 ; 1.800e+00 ; 5.7247002e+01 ; 9.8689209e+01 
3.500e+01 ; 8.800e+00 ; 1.800e+00 ; 5.7263002e+01 ; 9.8689384e+01 
3.500e+01 ; 8.800e+00 ; 1.800e+00 ; 5.7295002e+01 ; 9.8685120e+01 
3.500e+01 ; 8.800e+00 ; 1.800e+00 ; 5.7359002e+01 ; 9.8659927e+01 
3.500e+01 ; 8.800e+00 ; 1.800e+00 ; 5.7487002e+01 ; 9.8555214e+01 
3.500e+01 ; 8.800e+00 ; 1.800e+00 ; 5.7743002e+01 ; 9.8200035e+01 
3.500e+01 ; 8.800e+00 ; 1.800e+00 ; 5.8200002e+01 ; 9.7342163e+01 
3.500e+01 ; 8.800e+00 ; 1.800e+00 ; 5.8200002e+01 ; 9.7342163e+01 
3.500e+01 ; 8.800e+00 ; 1.800e+00 ; 5.8201002e+01 ; 9.7340286e+01 
3.500e+01 ; 8.800e+00 ; 1.800e+00 ; 5.8202002e+01 ; 9.7338402e+01 
3.500e+01 ; 8.800e+00 ; 1.800e+00 ; 5.8203002e+01 ; 9.7336525e+01 
3.500e+01 ; 8.800e+00 ; 1.800e+00 ; 5.8205002e+01 ; 9.7332756e+01 
3.500e+01 ; 8.800e+00 ; 1.800e+00 ; 5.8209002e+01 ; 9.7325211e+01 
3.500e+01 ; 8.800e+00 ; 1.800e+00 ; 5.8217002e+01 ; 9.7310051e+01 
3.500e+01 ; 8.800e+00 ; 1.800e+00 ; 5.8233002e+01 ; 9.7279480e+01 
3.500e+01 ; 8.800e+00 ; 1.800e+00 ; 5.8265002e+01 ; 9.7217392e+01 
3.500e+01 ; 8.800e+00 ; 1.800e+00 ; 5.8329002e+01 ; 9.7090004e+01 
3.500e+01 ; 8.800e+00 ; 1.800e+00 ; 5.8457002e+01 ; 9.6825912e+01 
3.500e+01 ; 8.800e+00 ; 1.800e+00 ; 5.8713002e+01 ; 9.6280487e+01 
3.500e+01 ; 8.800e+00 ; 1.800e+00 ; 5.9170002e+01 ; 9.5314011e+01 
3.500e+01 ; 8.800e+00 ; 1.800e+00 ; 5.9170002e+01 ; 9.5314011e+01 
3.500e+01 ; 8.800e+00 ; 1.800e+00 ; 5.9171002e+01 ; 9.5311890e+01 
3.500e+01 ; 8.800e+00 ; 1.800e+00 ; 5.9172002e+01 ; 9.5309776e+01 
3.500e+01 ; 8.800e+00 ; 1.800e+00 ; 5.9173002e+01 ; 9.5307663e+01 
3.500e+01 ; 8.800e+00 ; 1.800e+00 ; 5.9175002e+01 ; 9.5303436e+01 
3.500e+01 ; 8.800e+00 ; 1.800e+00 ; 5.9179002e+01 ; 9.5294975e+01 
3.500e+01 ; 8.800e+00 ; 1.800e+00 ; 5.9187002e+01 ; 9.5278061e+01 
3.500e+01 ; 8.800e+00 ; 1.800e+00 ; 5.9203002e+01 ; 9.5244247e+01 
3.500e+01 ; 8.800e+00 ; 1.800e+00 ; 5.9235002e+01 ; 9.5176704e+01 
3.500e+01 ; 8.800e+00 ; 1.800e+00 ; 5.9299002e+01 ; 9.5042038e+01 
3.500e+01 ; 8.800e+00 ; 1.800e+00 ; 5.9427002e+01 ; 9.4775330e+01 
3.500e+01 ; 8.800e+00 ; 1.800e+00 ; 5.9683002e+01 ; 9.4256767e+01 
3.500e+01 ; 8.800e+00 ; 1.800e+00 ; 6.0140002e+01 ; 9.3389221e+01 
3.500e+01 ; 8.800e+00 ; 1.800e+00 ; 6.0140002e+01 ; 9.3389221e+01 
3.500e+01 ; 8.800e+00 ; 1.800e+00 ; 6.0141002e+01 ; 9.3387329e+01 
3.500e+01 ; 8.800e+00 ; 1.800e+00 ; 6.0142002e+01 ; 9.3385429e+01 
3.500e+01 ; 8.800e+00 ; 1.800e+00 ; 6.0143002e+01 ; 9.3383530e+01 
3.500e+01 ; 8.800e+00 ; 1.800e+00 ; 6.0145002e+01 ; 9.3379738e+01 
3.500e+01 ; 8.800e+00 ; 1.800e+00 ; 6.0149002e+01 ; 9.3372154e+01 
3.500e+01 ; 8.800e+00 ; 1.800e+00 ; 6.0157002e+01 ; 9.3357002e+01 
3.500e+01 ; 8.800e+00 ; 1.800e+00 ; 6.0173002e+01 ; 9.3326782e+01 
3.500e+01 ; 8.800e+00 ; 1.800e+00 ; 6.0205002e+01 ; 9.3266617e+01 
3.500e+01 ; 8.800e+00 ; 1.800e+00 ; 6.0269002e+01 ; 9.3147491e+01 
3.500e+01 ; 8.800e+00 ; 1.800e+00 ; 6.0397002e+01 ; 9.2914078e+01 
3.500e+01 ; 8.800e+00 ; 1.800e+00 ; 6.0653002e+01 ; 9.2466789e+01 
3.500e+01 ; 8.800e+00 ; 1.800e+00 ; 6.1110002e+01 ; 9.1728004e+01 
3.500e+01 ; 8.800e+00 ; 1.800e+00 ; 6.1110002e+01 ; 9.1728004e+01 
3.500e+01 ; 8.800e+00 ; 1.800e+00 ; 6.1111002e+01 ; 9.1726395e+01 
3.500e+01 ; 8.800e+00 ; 1.800e+00 ; 6.1112002e+01 ; 9.1724777e+01 
3.500e+01 ; 8.800e+00 ; 1.800e+00 ; 6.1113002e+01 ; 9.1723160e+01 
3.500e+01 ; 8.800e+00 ; 1.800e+00 ; 6.1115002e+01 ; 9.1719933e+01 
3.500e+01 ; 8.800e+00 ; 1.800e+00 ; 6.1119002e+01 ; 9.1713470e+01 
3.500e+01 ; 8.800e+00 ; 1.800e+00 ; 6.1127002e+01 ; 9.1700577e+01 
3.500e+01 ; 8.800e+00 ; 1.800e+00 ; 6.1143002e+01 ; 9.1674866e+01 
3.500e+01 ; 8.800e+00 ; 1.800e+00 ; 6.1175002e+01 ; 9.1623726e+01 
3.500e+01 ; 8.800e+00 ; 1.800e+00 ; 6.1239002e+01 ; 9.1522598e+01 
3.500e+01 ; 8.800e+00 ; 1.800e+00 ; 6.1367002e+01 ; 9.1324875e+01 
3.500e+01 ; 8.800e+00 ; 1.800e+00 ; 6.1623002e+01 ; 9.0946709e+01 
3.500e+01 ; 8.800e+00 ; 1.800e+00 ; 6.2080002e+01 ; 9.0321701e+01 
3.500e+01 ; 8.800e+00 ; 1.800e+00 ; 6.2080002e+01 ; 9.0321701e+01 
3.500e+01 ; 8.800e+00 ; 1.800e+00 ; 6.2081002e+01 ; 9.0320328e+01 
3.500e+01 ; 8.800e+00 ; 1.800e+00 ; 6.2082002e+01 ; 9.0318962e+01 
3.500e+01 ; 8.800e+00 ; 1.800e+00 ; 6.2083002e+01 ; 9.0317596e+01 
3.500e+01 ; 8.800e+00 ; 1.800e+00 ; 6.2085002e+01 ; 9.0314865e+01 
3.500e+01 ; 8.800e+00 ; 1.800e+00 ; 6.2089002e+01 ; 9.0309402e+01 
3.500e+01 ; 8.800e+00 ; 1.800e+00 ; 6.2097002e+01 ; 9.0298492e+01 
3.500e+01 ; 8.800e+00 ; 1.800e+00 ; 6.2113002e+01 ; 9.0276733e+01 
3.500e+01 ; 8.800e+00 ; 1.800e+00 ; 6.2145002e+01 ; 9.0233467e+01 
3.500e+01 ; 8.800e+00 ; 1.800e+00 ; 6.2209002e+01 ; 9.0147881e+01 
3.500e+01 ; 8.800e+00 ; 1.800e+00 ; 6.2337002e+01 ; 8.9980408e+01 
3.500e+01 ; 8.800e+00 ; 1.800e+00 ; 6.2593002e+01 ; 8.9659424e+01 
3.500e+01 ; 8.800e+00 ; 1.800e+00 ; 6.3050002e+01 ; 8.9126305e+01 
3.500e+01 ; 8.800e+00 ; 1.800e+00 ; 6.3050002e+01 ; 8.9126305e+01 
3.500e+01 ; 8.800e+00 ; 1.800e+00 ; 6.3051002e+01 ; 8.9125137e+01 
3.500e+01 ; 8.800e+00 ; 1.800e+00 ; 6.3052002e+01 ; 8.9123970e+01 
3.500e+01 ; 8.800e+00 ; 1.800e+00 ; 6.3053002e+01 ; 8.9122803e+01 
3.500e+01 ; 8.800e+00 ; 1.800e+00 ; 6.3055002e+01 ; 8.9120476e+01 
3.500e+01 ; 8.800e+00 ; 1.800e+00 ; 6.3059002e+01 ; 8.9115814e+01 
3.500e+01 ; 8.800e+00 ; 1.800e+00 ; 6.3067002e+01 ; 8.9106506e+01 
3.500e+01 ; 8.800e+00 ; 1.800e+00 ; 6.3083002e+01 ; 8.9087944e+01 
3.500e+01 ; 8.800e+00 ; 1.800e+00 ; 6.3115002e+01 ; 8.9051010e+01 
3.500e+01 ; 8.800e+00 ; 1.800e+00 ; 6.3179002e+01 ; 8.8977890e+01 
3.500e+01 ; 8.800e+00 ; 1.800e+00 ; 6.3307002e+01 ; 8.8834595e+01 
3.500e+01 ; 8.800e+00 ; 1.800e+00 ; 6.3563002e+01 ; 8.8559021e+01 
3.500e+01 ; 8.800e+00 ; 1.800e+00 ; 6.4020002e+01 ; 8.8098648e+01 
3.500e+01 ; 8.800e+00 ; 1.800e+00 ; 6.4020002e+01 ; 8.8098648e+01 
3.500e+01 ; 8.800e+00 ; 1.800e+00 ; 6.4021002e+01 ; 8.8097641e+01 
3.500e+01 ; 8.800e+00 ; 1.800e+00 ; 6.4022002e+01 ; 8.8096634e+01 
3.500e+01 ; 8.800e+00 ; 1.800e+00 ; 6.4023002e+01 ; 8.8095627e+01 
3.500e+01 ; 8.800e+00 ; 1.800e+00 ; 6.4025002e+01 ; 8.8093613e+01 
3.500e+01 ; 8.800e+00 ; 1.800e+00 ; 6.4029002e+01 ; 8.8089592e+01 
3.500e+01 ; 8.800e+00 ; 1.800e+00 ; 6.4037002e+01 ; 8.8081551e+01 
3.500e+01 ; 8.800e+00 ; 1.800e+00 ; 6.4053002e+01 ; 8.8065514e+01 
3.500e+01 ; 8.800e+00 ; 1.800e+00 ; 6.4085002e+01 ; 8.8033585e+01 
3.500e+01 ; 8.800e+00 ; 1.800e+00 ; 6.4149002e+01 ; 8.7970337e+01 
3.500e+01 ; 8.800e+00 ; 1.800e+00 ; 6.4277002e+01 ; 8.7846161e+01 
3.500e+01 ; 8.800e+00 ; 1.800e+00 ; 6.4533002e+01 ; 8.7606560e+01 
3.500e+01 ; 8.800e+00 ; 1.800e+00 ; 6.4990002e+01 ; 8.7204063e+01 
3.500e+01 ; 8.800e+00 ; 1.800e+00 ; 6.4990002e+01 ; 8.7204063e+01 
3.500e+01 ; 8.800e+00 ; 1.800e+00 ; 6.4991002e+01 ; 8.7203186e+01 
3.500e+01 ; 8.800e+00 ; 1.800e+00 ; 6.4992002e+01 ; 8.7202301e+01 
3.500e+01 ; 8.800e+00 ; 1.800e+00 ; 6.4993002e+01 ; 8.7201424e+01 
3.500e+01 ; 8.800e+00 ; 1.800e+00 ; 6.4995002e+01 ; 8.7199661e+01 
3.500e+01 ; 8.800e+00 ; 1.800e+00 ; 6.4999002e+01 ; 8.7196144e+01 
3.500e+01 ; 8.800e+00 ; 1.800e+00 ; 6.5007002e+01 ; 8.7189117e+01 
3.500e+01 ; 8.800e+00 ; 1.800e+00 ; 6.5023002e+01 ; 8.7175087e+01 
3.500e+01 ; 8.800e+00 ; 1.800e+00 ; 6.5055002e+01 ; 8.7147156e+01 
3.500e+01 ; 8.800e+00 ; 1.800e+00 ; 6.5119002e+01 ; 8.7091766e+01 
3.500e+01 ; 8.800e+00 ; 1.800e+00 ; 6.5247002e+01 ; 8.6982849e+01 
3.500e+01 ; 8.800e+00 ; 1.800e+00 ; 6.5503002e+01 ; 8.6772095e+01 
3.500e+01 ; 8.800e+00 ; 1.800e+00 ; 6.5960002e+01 ; 8.6416451e+01 
3.500e+01 ; 8.800e+00 ; 1.800e+00 ; 6.5960002e+01 ; 8.6416451e+01 
3.500e+01 ; 8.800e+00 ; 1.800e+00 ; 6.5961002e+01 ; 8.6415672e+01 
3.500e+01 ; 8.800e+00 ; 1.800e+00 ; 6.5962002e+01 ; 8.6414894e+01 
3.500e+01 ; 8.800e+00 ; 1.800e+00 ; 6.5963002e+01 ; 8.6414116e+01 
3.500e+01 ; 8.800e+00 ; 1.800e+00 ; 6.5965002e+01 ; 8.6412560e+01 
3.500e+01 ; 8.800e+00 ; 1.800e+00 ; 6.5969002e+01 ; 8.6409447e+01 
3.500e+01 ; 8.800e+00 ; 1.800e+00 ; 6.5977002e+01 ; 8.6403236e+01 
3.500e+01 ; 8.800e+00 ; 1.800e+00 ; 6.5993002e+01 ; 8.6390839e+01 
3.500e+01 ; 8.800e+00 ; 1.800e+00 ; 6.6025002e+01 ; 8.6366142e+01 
3.500e+01 ; 8.800e+00 ; 1.800e+00 ; 6.6089002e+01 ; 8.6317131e+01 
3.500e+01 ; 8.800e+00 ; 1.800e+00 ; 6.6217002e+01 ; 8.6220665e+01 
3.500e+01 ; 8.800e+00 ; 1.800e+00 ; 6.6473002e+01 ; 8.6033691e+01 
3.500e+01 ; 8.800e+00 ; 1.800e+00 ; 6.6930002e+01 ; 8.5718178e+01 
3.500e+01 ; 8.800e+00 ; 1.800e+00 ; 6.6930002e+01 ; 8.5718178e+01 
3.500e+01 ; 8.800e+00 ; 1.800e+00 ; 6.6931002e+01 ; 8.5717484e+01 
3.500e+01 ; 8.800e+00 ; 1.800e+00 ; 6.6932002e+01 ; 8.5716797e+01 
3.500e+01 ; 8.800e+00 ; 1.800e+00 ; 6.6933002e+01 ; 8.5716103e+01 
3.500e+01 ; 8.800e+00 ; 1.800e+00 ; 6.6935002e+01 ; 8.5714722e+01 
3.500e+01 ; 8.800e+00 ; 1.800e+00 ; 6.6939002e+01 ; 8.5711967e+01 
3.500e+01 ; 8.800e+00 ; 1.800e+00 ; 6.6947002e+01 ; 8.5706451e+01 
3.500e+01 ; 8.800e+00 ; 1.800e+00 ; 6.6963002e+01 ; 8.5695457e+01 
3.500e+01 ; 8.800e+00 ; 1.800e+00 ; 6.6995002e+01 ; 8.5673546e+01 
3.500e+01 ; 8.800e+00 ; 1.800e+00 ; 6.7059002e+01 ; 8.5630081e+01 
3.500e+01 ; 8.800e+00 ; 1.800e+00 ; 6.7187002e+01 ; 8.5544670e+01 
3.500e+01 ; 8.800e+00 ; 1.800e+00 ; 6.7443002e+01 ; 8.5380440e+01 
3.500e+01 ; 8.800e+00 ; 1.800e+00 ; 6.7900002e+01 ; 8.5111061e+01 
3.500e+01 ; 8.800e+00 ; 1.800e+00 ; 6.7900002e+01 ; 8.5111061e+01 
3.500e+01 ; 8.800e+00 ; 1.800e+00 ; 6.7901002e+01 ; 8.5110466e+01 
3.500e+01 ; 8.800e+00 ; 1.800e+00 ; 6.7902002e+01 ; 8.5109879e+01 
3.500e+01 ; 8.800e+00 ; 1.800e+00 ; 6.7903002e+01 ; 8.5109291e+01 
3.500e+01 ; 8.800e+00 ; 1.800e+00 ; 6.7905002e+01 ; 8.5108116e+01 
3.500e+01 ; 8.800e+00 ; 1.800e+00 ; 6.7909002e+01 ; 8.5105774e+01 
3.500e+01 ; 8.800e+00 ; 1.800e+00 ; 6.7917002e+01 ; 8.5101120e+01 
3.500e+01 ; 8.800e+00 ; 1.800e+00 ; 6.7933002e+01 ; 8.5091949e+01 
3.500e+01 ; 8.800e+00 ; 1.800e+00 ; 6.7965002e+01 ; 8.5074219e+01 
3.500e+01 ; 8.800e+00 ; 1.800e+00 ; 6.8029002e+01 ; 8.5041695e+01 
3.500e+01 ; 8.800e+00 ; 1.800e+00 ; 6.8157002e+01 ; 8.4990547e+01 
3.500e+01 ; 8.800e+00 ; 1.800e+00 ; 6.8413002e+01 ; 8.4945045e+01 
3.500e+01 ; 8.800e+00 ; 1.800e+00 ; 6.8870002e+01 ; 8.4995491e+01 
3.500e+01 ; 8.800e+00 ; 1.800e+00 ; 6.8870002e+01 ; 8.4995491e+01 
3.500e+01 ; 8.800e+00 ; 1.800e+00 ; 6.8871002e+01 ; 8.4995605e+01 
3.500e+01 ; 8.800e+00 ; 1.800e+00 ; 6.8872002e+01 ; 8.4995720e+01 
3.500e+01 ; 8.800e+00 ; 1.800e+00 ; 6.8873002e+01 ; 8.4995834e+01 
3.500e+01 ; 8.800e+00 ; 1.800e+00 ; 6.8875002e+01 ; 8.4996071e+01 
3.500e+01 ; 8.800e+00 ; 1.800e+00 ; 6.8879002e+01 ; 8.4996567e+01 
3.500e+01 ; 8.800e+00 ; 1.800e+00 ; 6.8887002e+01 ; 8.4997658e+01 
3.500e+01 ; 8.800e+00 ; 1.800e+00 ; 6.8903002e+01 ; 8.5000259e+01 
3.500e+01 ; 8.800e+00 ; 1.800e+00 ; 6.8935002e+01 ; 8.5007294e+01 
3.500e+01 ; 8.800e+00 ; 1.800e+00 ; 6.8999002e+01 ; 8.5029427e+01 
3.500e+01 ; 8.800e+00 ; 1.800e+00 ; 6.9127002e+01 ; 8.5108475e+01 
3.500e+01 ; 8.800e+00 ; 1.800e+00 ; 6.9383002e+01 ; 8.5394020e+01 
3.500e+01 ; 8.800e+00 ; 1.800e+00 ; 6.9840002e+01 ; 8.6146133e+01 
3.500e+01 ; 8.800e+00 ; 1.800e+00 ; 6.9840002e+01 ; 8.6146133e+01 
3.500e+01 ; 8.800e+00 ; 1.800e+00 ; 6.9841002e+01 ; 8.6147781e+01 
3.500e+01 ; 8.800e+00 ; 1.800e+00 ; 6.9842002e+01 ; 8.6149429e+01 
3.500e+01 ; 8.800e+00 ; 1.800e+00 ; 6.9843002e+01 ; 8.6151085e+01 
3.500e+01 ; 8.800e+00 ; 1.800e+00 ; 6.9845002e+01 ; 8.6154396e+01 
3.500e+01 ; 8.800e+00 ; 1.800e+00 ; 6.9849002e+01 ; 8.6161049e+01 
3.500e+01 ; 8.800e+00 ; 1.800e+00 ; 6.9857002e+01 ; 8.6174484e+01 
3.500e+01 ; 8.800e+00 ; 1.800e+00 ; 6.9873002e+01 ; 8.6201874e+01 
3.500e+01 ; 8.800e+00 ; 1.800e+00 ; 6.9905002e+01 ; 8.6258728e+01 
3.500e+01 ; 8.800e+00 ; 1.800e+00 ; 6.9969002e+01 ; 8.6380737e+01 
3.500e+01 ; 8.800e+00 ; 1.800e+00 ; 7.0097002e+01 ; 8.6655861e+01 
3.500e+01 ; 8.800e+00 ; 1.800e+00 ; 7.0353002e+01 ; 8.7298775e+01 
3.500e+01 ; 8.800e+00 ; 1.800e+00 ; 7.0810002e+01 ; 8.8548012e+01 
3.500e+01 ; 8.800e+00 ; 1.800e+00 ; 7.0810002e+01 ; 8.8548012e+01 
3.500e+01 ; 8.800e+00 ; 1.800e+00 ; 7.0811002e+01 ; 8.8550743e+01 
3.500e+01 ; 8.800e+00 ; 1.800e+00 ; 7.0812002e+01 ; 8.8553482e+01 
3.500e+01 ; 8.800e+00 ; 1.800e+00 ; 7.0813002e+01 ; 8.8556213e+01 
3.500e+01 ; 8.800e+00 ; 1.800e+00 ; 7.0815002e+01 ; 8.8561691e+01 
3.500e+01 ; 8.800e+00 ; 1.800e+00 ; 7.0819002e+01 ; 8.8572647e+01 
3.500e+01 ; 8.800e+00 ; 1.800e+00 ; 7.0827002e+01 ; 8.8594620e+01 
3.500e+01 ; 8.800e+00 ; 1.800e+00 ; 7.0843002e+01 ; 8.8638718e+01 
3.500e+01 ; 8.800e+00 ; 1.800e+00 ; 7.0875002e+01 ; 8.8727516e+01 
3.500e+01 ; 8.800e+00 ; 1.800e+00 ; 7.0939002e+01 ; 8.8906769e+01 
3.500e+01 ; 8.800e+00 ; 1.800e+00 ; 7.1067002e+01 ; 8.9267227e+01 
3.500e+01 ; 8.800e+00 ; 1.800e+00 ; 7.1323002e+01 ; 8.9967819e+01 
3.500e+01 ; 8.800e+00 ; 1.800e+00 ; 7.1780002e+01 ; 9.1064522e+01 
3.500e+01 ; 8.800e+00 ; 1.800e+00 ; 7.1780002e+01 ; 9.1064522e+01 
3.500e+01 ; 8.800e+00 ; 1.800e+00 ; 7.1781002e+01 ; 9.1066917e+01 
3.500e+01 ; 8.800e+00 ; 1.800e+00 ; 7.1782002e+01 ; 9.1069313e+01 
3.500e+01 ; 8.800e+00 ; 1.800e+00 ; 7.1783002e+01 ; 9.1071716e+01 
3.500e+01 ; 8.800e+00 ; 1.800e+00 ; 7.1785002e+01 ; 9.1076508e+01 
3.500e+01 ; 8.800e+00 ; 1.800e+00 ; 7.1789002e+01 ; 9.1086075e+01 
3.500e+01 ; 8.800e+00 ; 1.800e+00 ; 7.1797002e+01 ; 9.1105171e+01 
3.500e+01 ; 8.800e+00 ; 1.800e+00 ; 7.1813002e+01 ; 9.1143166e+01 
3.500e+01 ; 8.800e+00 ; 1.800e+00 ; 7.1845002e+01 ; 9.1218285e+01 
3.500e+01 ; 8.800e+00 ; 1.800e+00 ; 7.1909002e+01 ; 9.1364784e+01 
3.500e+01 ; 8.800e+00 ; 1.800e+00 ; 7.2037002e+01 ; 9.1641060e+01 
3.500e+01 ; 8.800e+00 ; 1.800e+00 ; 7.2293002e+01 ; 9.2121010e+01 
3.500e+01 ; 8.800e+00 ; 1.800e+00 ; 7.2750002e+01 ; 9.2756050e+01 
3.500e+01 ; 8.800e+00 ; 1.800e+00 ; 7.2750002e+01 ; 9.2756050e+01 
3.500e+01 ; 8.800e+00 ; 1.800e+00 ; 7.2751002e+01 ; 9.2757439e+01 
3.500e+01 ; 8.800e+00 ; 1.800e+00 ; 7.2752002e+01 ; 9.2758827e+01 
3.500e+01 ; 8.800e+00 ; 1.800e+00 ; 7.2753002e+01 ; 9.2760216e+01 
3.500e+01 ; 8.800e+00 ; 1.800e+00 ; 7.2755002e+01 ; 9.2762985e+01 
3.500e+01 ; 8.800e+00 ; 1.800e+00 ; 7.2759002e+01 ; 9.2768501e+01 
3.500e+01 ; 8.800e+00 ; 1.800e+00 ; 7.2767002e+01 ; 9.2779472e+01 
3.500e+01 ; 8.800e+00 ; 1.800e+00 ; 7.2783002e+01 ; 9.2801147e+01 
3.500e+01 ; 8.800e+00 ; 1.800e+00 ; 7.2815002e+01 ; 9.2843422e+01 
3.500e+01 ; 8.800e+00 ; 1.800e+00 ; 7.2879002e+01 ; 9.2923706e+01 
3.500e+01 ; 8.800e+00 ; 1.800e+00 ; 7.3007002e+01 ; 9.3067802e+01 
3.500e+01 ; 8.800e+00 ; 1.800e+00 ; 7.3263002e+01 ; 9.3295868e+01 
3.500e+01 ; 8.800e+00 ; 1.800e+00 ; 7.3720002e+01 ; 9.3546143e+01 
3.500e+01 ; 8.800e+00 ; 1.800e+00 ; 7.3720002e+01 ; 9.3546143e+01 
3.500e+01 ; 8.800e+00 ; 1.800e+00 ; 7.3721002e+01 ; 9.3546692e+01 
3.500e+01 ; 8.800e+00 ; 1.800e+00 ; 7.3722002e+01 ; 9.3547234e+01 
3.500e+01 ; 8.800e+00 ; 1.800e+00 ; 7.3723002e+01 ; 9.3547783e+01 
3.500e+01 ; 8.800e+00 ; 1.800e+00 ; 7.3725002e+01 ; 9.3548866e+01 
3.500e+01 ; 8.800e+00 ; 1.800e+00 ; 7.3729002e+01 ; 9.3551033e+01 
3.500e+01 ; 8.800e+00 ; 1.800e+00 ; 7.3737002e+01 ; 9.3555313e+01 
3.500e+01 ; 8.800e+00 ; 1.800e+00 ; 7.3753002e+01 ; 9.3563683e+01 
3.500e+01 ; 8.800e+00 ; 1.800e+00 ; 7.3785002e+01 ; 9.3579674e+01 
3.500e+01 ; 8.800e+00 ; 1.800e+00 ; 7.3849002e+01 ; 9.3608780e+01 
3.500e+01 ; 8.800e+00 ; 1.800e+00 ; 7.3977002e+01 ; 9.3656212e+01 
3.500e+01 ; 8.800e+00 ; 1.800e+00 ; 7.4233002e+01 ; 9.3713585e+01 
3.500e+01 ; 8.800e+00 ; 1.800e+00 ; 7.4690002e+01 ; 9.3723526e+01 
3.500e+01 ; 8.800e+00 ; 1.800e+00 ; 7.4690002e+01 ; 9.3723526e+01 
3.500e+01 ; 8.800e+00 ; 1.800e+00 ; 7.4691002e+01 ; 9.3723549e+01 
3.500e+01 ; 8.800e+00 ; 1.800e+00 ; 7.4692002e+01 ; 9.3723572e+01 
3.500e+01 ; 8.800e+00 ; 1.800e+00 ; 7.4693002e+01 ; 9.3723587e+01 
3.500e+01 ; 8.800e+00 ; 1.800e+00 ; 7.4695002e+01 ; 9.3723633e+01 
3.500e+01 ; 8.800e+00 ; 1.800e+00 ; 7.4699002e+01 ; 9.3723701e+01 
3.500e+01 ; 8.800e+00 ; 1.800e+00 ; 7.4707002e+01 ; 9.3723816e+01 
3.500e+01 ; 8.800e+00 ; 1.800e+00 ; 7.4723002e+01 ; 9.3723930e+01 
3.500e+01 ; 8.800e+00 ; 1.800e+00 ; 7.4755002e+01 ; 9.3723732e+01 
3.500e+01 ; 8.800e+00 ; 1.800e+00 ; 7.4819002e+01 ; 9.3721664e+01 
3.500e+01 ; 8.800e+00 ; 1.800e+00 ; 7.4947002e+01 ; 9.3711372e+01 
3.500e+01 ; 8.800e+00 ; 1.800e+00 ; 7.5203002e+01 ; 9.3669899e+01 
3.500e+01 ; 8.800e+00 ; 1.800e+00 ; 7.5660002e+01 ; 9.3546051e+01 
3.500e+01 ; 8.800e+00 ; 1.800e+00 ; 7.5660002e+01 ; 9.3546051e+01 
3.500e+01 ; 8.800e+00 ; 1.800e+00 ; 7.5661002e+01 ; 9.3545776e+01 
3.500e+01 ; 8.800e+00 ; 1.800e+00 ; 7.5662002e+01 ; 9.3545509e+01 
3.500e+01 ; 8.800e+00 ; 1.800e+00 ; 7.5663002e+01 ; 9.3545235e+01 
3.500e+01 ; 8.800e+00 ; 1.800e+00 ; 7.5665002e+01 ; 9.3544693e+01 
3.500e+01 ; 8.800e+00 ; 1.800e+00 ; 7.5669002e+01 ; 9.3543602e+01 
3.500e+01 ; 8.800e+00 ; 1.800e+00 ; 7.5677002e+01 ; 9.3541397e+01 
3.500e+01 ; 8.800e+00 ; 1.800e+00 ; 7.5693002e+01 ; 9.3536942e+01 
3.500e+01 ; 8.800e+00 ; 1.800e+00 ; 7.5725002e+01 ; 9.3527786e+01 
3.500e+01 ; 8.800e+00 ; 1.800e+00 ; 7.5789002e+01 ; 9.3508591e+01 
3.500e+01 ; 8.800e+00 ; 1.800e+00 ; 7.5917002e+01 ; 9.3466957e+01 
3.500e+01 ; 8.800e+00 ; 1.800e+00 ; 7.6173002e+01 ; 9.3372917e+01 
3.500e+01 ; 8.800e+00 ; 1.800e+00 ; 7.6630002e+01 ; 9.3180283e+01 
3.500e+01 ; 8.800e+00 ; 1.800e+00 ; 7.6630002e+01 ; 9.3180283e+01 
3.500e+01 ; 8.800e+00 ; 1.800e+00 ; 7.6631002e+01 ; 9.3179855e+01 
3.500e+01 ; 8.800e+00 ; 1.800e+00 ; 7.6632002e+01 ; 9.3179436e+01 
3.500e+01 ; 8.800e+00 ; 1.800e+00 ; 7.6633002e+01 ; 9.3179016e+01 
3.500e+01 ; 8.800e+00 ; 1.800e+00 ; 7.6635002e+01 ; 9.3178169e+01 
3.500e+01 ; 8.800e+00 ; 1.800e+00 ; 7.6639002e+01 ; 9.3176483e+01 
3.500e+01 ; 8.800e+00 ; 1.800e+00 ; 7.6647002e+01 ; 9.3173088e+01 
3.500e+01 ; 8.800e+00 ; 1.800e+00 ; 7.6663002e+01 ; 9.3166283e+01 
3.500e+01 ; 8.800e+00 ; 1.800e+00 ; 7.6695002e+01 ; 9.3152557e+01 
3.500e+01 ; 8.800e+00 ; 1.800e+00 ; 7.6759002e+01 ; 9.3124672e+01 
3.500e+01 ; 8.800e+00 ; 1.800e+00 ; 7.6887002e+01 ; 9.3067329e+01 
3.500e+01 ; 8.800e+00 ; 1.800e+00 ; 7.7143002e+01 ; 9.2947601e+01 
3.500e+01 ; 8.800e+00 ; 1.800e+00 ; 7.7600002e+01 ; 9.2723122e+01 
3.500e+01 ; 8.800e+00 ; 1.800e+00 ; 7.7600002e+01 ; 9.2723122e+01 
3.500e+01 ; 8.800e+00 ; 1.800e+00 ; 7.7601002e+01 ; 9.2722633e+01 
3.500e+01 ; 8.800e+00 ; 1.800e+00 ; 7.7602002e+01 ; 9.2722137e+01 
3.500e+01 ; 8.800e+00 ; 1.800e+00 ; 7.7603002e+01 ; 9.2721649e+01 
3.500e+01 ; 8.800e+00 ; 1.800e+00 ; 7.7605002e+01 ; 9.2720665e+01 
3.500e+01 ; 8.800e+00 ; 1.800e+00 ; 7.7609002e+01 ; 9.2718697e+01 
3.500e+01 ; 8.800e+00 ; 1.800e+00 ; 7.7617002e+01 ; 9.2714760e+01 
3.500e+01 ; 8.800e+00 ; 1.800e+00 ; 7.7633002e+01 ; 9.2706879e+01 
3.500e+01 ; 8.800e+00 ; 1.800e+00 ; 7.7665002e+01 ; 9.2691055e+01 
3.500e+01 ; 8.800e+00 ; 1.800e+00 ; 7.7729002e+01 ; 9.2659233e+01 
3.500e+01 ; 8.800e+00 ; 1.800e+00 ; 7.7857002e+01 ; 9.2594948e+01 
3.500e+01 ; 8.800e+00 ; 1.800e+00 ; 7.8113002e+01 ; 9.2464500e+01 
3.500e+01 ; 8.800e+00 ; 1.800e+00 ; 7.8570002e+01 ; 9.2228523e+01 
3.500e+01 ; 8.800e+00 ; 1.800e+00 ; 7.8570002e+01 ; 9.2228523e+01 
3.500e+01 ; 8.800e+00 ; 1.800e+00 ; 7.8571002e+01 ; 9.2228004e+01 
3.500e+01 ; 8.800e+00 ; 1.800e+00 ; 7.8572002e+01 ; 9.2227486e+01 
3.500e+01 ; 8.800e+00 ; 1.800e+00 ; 7.8573002e+01 ; 9.2226974e+01 
3.500e+01 ; 8.800e+00 ; 1.800e+00 ; 7.8575002e+01 ; 9.2225937e+01 
3.500e+01 ; 8.800e+00 ; 1.800e+00 ; 7.8579002e+01 ; 9.2223869e+01 
3.500e+01 ; 8.800e+00 ; 1.800e+00 ; 7.8587002e+01 ; 9.2219742e+01 
3.500e+01 ; 8.800e+00 ; 1.800e+00 ; 7.8603002e+01 ; 9.2211472e+01 
3.500e+01 ; 8.800e+00 ; 1.800e+00 ; 7.8635002e+01 ; 9.2194916e+01 
3.500e+01 ; 8.800e+00 ; 1.800e+00 ; 7.8699002e+01 ; 9.2161766e+01 
3.500e+01 ; 8.800e+00 ; 1.800e+00 ; 7.8827002e+01 ; 9.2095337e+01 
3.500e+01 ; 8.800e+00 ; 1.800e+00 ; 7.9083002e+01 ; 9.1962303e+01 
3.500e+01 ; 8.800e+00 ; 1.800e+00 ; 7.9540002e+01 ; 9.1725822e+01 
3.500e+01 ; 8.800e+00 ; 1.800e+00 ; 7.9540002e+01 ; 9.1725822e+01 
3.500e+01 ; 8.800e+00 ; 1.800e+00 ; 7.9541002e+01 ; 9.1725311e+01 
3.500e+01 ; 8.800e+00 ; 1.800e+00 ; 7.9542002e+01 ; 9.1724792e+01 
3.500e+01 ; 8.800e+00 ; 1.800e+00 ; 7.9543002e+01 ; 9.1724274e+01 
3.500e+01 ; 8.800e+00 ; 1.800e+00 ; 7.9545002e+01 ; 9.1723236e+01 
3.500e+01 ; 8.800e+00 ; 1.800e+00 ; 7.9549002e+01 ; 9.1721169e+01 
3.500e+01 ; 8.800e+00 ; 1.800e+00 ; 7.9557002e+01 ; 9.1717026e+01 
3.500e+01 ; 8.800e+00 ; 1.800e+00 ; 7.9573002e+01 ; 9.1708755e+01 
3.500e+01 ; 8.800e+00 ; 1.800e+00 ; 7.9605002e+01 ; 9.1692207e+01 
3.500e+01 ; 8.800e+00 ; 1.800e+00 ; 7.9669002e+01 ; 9.1659134e+01 
3.500e+01 ; 8.800e+00 ; 1.800e+00 ; 7.9797002e+01 ; 9.1593140e+01 
3.500e+01 ; 8.800e+00 ; 1.800e+00 ; 8.0053002e+01 ; 9.1461891e+01 
3.500e+01 ; 8.800e+00 ; 1.800e+00 ; 8.0510002e+01 ; 9.1230820e+01 
3.500e+01 ; 8.800e+00 ; 1.800e+00 ; 8.0510002e+01 ; 9.1230820e+01 
3.500e+01 ; 8.800e+00 ; 1.800e+00 ; 8.0511002e+01 ; 9.1230316e+01 
3.500e+01 ; 8.800e+00 ; 1.800e+00 ; 8.0512002e+01 ; 9.1229813e+01 
3.500e+01 ; 8.800e+00 ; 1.800e+00 ; 8.0513002e+01 ; 9.1229301e+01 
3.500e+01 ; 8.800e+00 ; 1.800e+00 ; 8.0515002e+01 ; 9.1228294e+01 
3.500e+01 ; 8.800e+00 ; 1.800e+00 ; 8.0519002e+01 ; 9.1226273e+01 
3.500e+01 ; 8.800e+00 ; 1.800e+00 ; 8.0527002e+01 ; 9.1222229e+01 
3.500e+01 ; 8.800e+00 ; 1.800e+00 ; 8.0543002e+01 ; 9.1214149e+01 
3.500e+01 ; 8.800e+00 ; 1.800e+00 ; 8.0575002e+01 ; 9.1197998e+01 
3.500e+01 ; 8.800e+00 ; 1.800e+00 ; 8.0639002e+01 ; 9.1165771e+01 
3.500e+01 ; 8.800e+00 ; 1.800e+00 ; 8.0767002e+01 ; 9.1101608e+01 
3.500e+01 ; 8.800e+00 ; 1.800e+00 ; 8.1023002e+01 ; 9.0974571e+01 
3.500e+01 ; 8.800e+00 ; 1.800e+00 ; 8.1480002e+01 ; 9.0752747e+01 
3.500e+01 ; 8.800e+00 ; 1.800e+00 ; 8.1480002e+01 ; 9.0752747e+01 
3.500e+01 ; 8.800e+00 ; 1.800e+00 ; 8.1481002e+01 ; 9.0752258e+01 
3.500e+01 ; 8.800e+00 ; 1.800e+00 ; 8.1482002e+01 ; 9.0751770e+01 
3.500e+01 ; 8.800e+00 ; 1.800e+00 ; 8.1483002e+01 ; 9.0751289e+01 
3.500e+01 ; 8.800e+00 ; 1.800e+00 ; 8.1485002e+01 ; 9.0750320e+01 
3.500e+01 ; 8.800e+00 ; 1.800e+00 ; 8.1489002e+01 ; 9.0748375e+01 
3.500e+01 ; 8.800e+00 ; 1.800e+00 ; 8.1497002e+01 ; 9.0744499e+01 
3.500e+01 ; 8.800e+00 ; 1.800e+00 ; 8.1513002e+01 ; 9.0736740e+01 
3.500e+01 ; 8.800e+00 ; 1.800e+00 ; 8.1545002e+01 ; 9.0721260e+01 
3.500e+01 ; 8.800e+00 ; 1.800e+00 ; 8.1609002e+01 ; 9.0690422e+01 
3.500e+01 ; 8.800e+00 ; 1.800e+00 ; 8.1737002e+01 ; 9.0629364e+01 
3.500e+01 ; 8.800e+00 ; 1.800e+00 ; 8.1993002e+01 ; 9.0510674e+01 
3.500e+01 ; 8.800e+00 ; 1.800e+00 ; 8.2450002e+01 ; 9.0313042e+01 
3.500e+01 ; 8.800e+00 ; 1.800e+00 ; 8.2450002e+01 ; 9.0313042e+01 
3.500e+01 ; 8.800e+00 ; 1.800e+00 ; 8.2451002e+01 ; 9.0312607e+01 
3.500e+01 ; 8.800e+00 ; 1.800e+00 ; 8.2452002e+01 ; 9.0312172e+01 
3.500e+01 ; 8.800e+00 ; 1.800e+00 ; 8.2453002e+01 ; 9.0311745e+01 
3.500e+01 ; 8.800e+00 ; 1.800e+00 ; 8.2455002e+01 ; 9.0310875e+01 
3.500e+01 ; 8.800e+00 ; 1.800e+00 ; 8.2459002e+01 ; 9.0309151e+01 
3.500e+01 ; 8.800e+00 ; 1.800e+00 ; 8.2467002e+01 ; 9.0305702e+01 
3.500e+01 ; 8.800e+00 ; 1.800e+00 ; 8.2483002e+01 ; 9.0298820e+01 
3.500e+01 ; 8.800e+00 ; 1.800e+00 ; 8.2515002e+01 ; 9.0285133e+01 
3.500e+01 ; 8.800e+00 ; 1.800e+00 ; 8.2579002e+01 ; 9.0258156e+01 
3.500e+01 ; 8.800e+00 ; 1.800e+00 ; 8.2707002e+01 ; 9.0206200e+01 
3.500e+01 ; 8.800e+00 ; 1.800e+00 ; 8.2963002e+01 ; 9.0113609e+01 
3.500e+01 ; 8.800e+00 ; 1.800e+00 ; 8.3420002e+01 ; 8.9992180e+01 
3.500e+01 ; 8.800e+00 ; 1.800e+00 ; 8.3420002e+01 ; 8.9992180e+01 
3.500e+01 ; 8.800e+00 ; 1.800e+00 ; 8.3421002e+01 ; 8.9991920e+01 
3.500e+01 ; 8.800e+00 ; 1.800e+00 ; 8.3422002e+01 ; 8.9991653e+01 
3.500e+01 ; 8.800e+00 ; 1.800e+00 ; 8.3423002e+01 ; 8.9991386e+01 
3.500e+01 ; 8.800e+00 ; 1.800e+00 ; 8.3425002e+01 ; 8.9990860e+01 
3.500e+01 ; 8.800e+00 ; 1.800e+00 ; 8.3429002e+01 ; 8.9989799e+01 
3.500e+01 ; 8.800e+00 ; 1.800e+00 ; 8.3437002e+01 ; 8.9987709e+01 
3.500e+01 ; 8.800e+00 ; 1.800e+00 ; 8.3453002e+01 ; 8.9983566e+01 
3.500e+01 ; 8.800e+00 ; 1.800e+00 ; 8.3485002e+01 ; 8.9975533e+01 
3.500e+01 ; 8.800e+00 ; 1.800e+00 ; 8.3549002e+01 ; 8.9960495e+01 
3.500e+01 ; 8.800e+00 ; 1.800e+00 ; 8.3677002e+01 ; 8.9935356e+01 
3.500e+01 ; 8.800e+00 ; 1.800e+00 ; 8.3933002e+01 ; 8.9909241e+01 
3.500e+01 ; 8.800e+00 ; 1.800e+00 ; 8.4390002e+01 ; 8.9944328e+01 
3.500e+01 ; 8.800e+00 ; 1.800e+00 ; 8.4390002e+01 ; 8.9944328e+01 
3.500e+01 ; 8.800e+00 ; 1.800e+00 ; 8.4391002e+01 ; 8.9944412e+01 
3.500e+01 ; 8.800e+00 ; 1.800e+00 ; 8.4392002e+01 ; 8.9944489e+01 
3.500e+01 ; 8.800e+00 ; 1.800e+00 ; 8.4393002e+01 ; 8.9944565e+01 
3.500e+01 ; 8.800e+00 ; 1.800e+00 ; 8.4395002e+01 ; 8.9944725e+01 
3.500e+01 ; 8.800e+00 ; 1.800e+00 ; 8.4399002e+01 ; 8.9945045e+01 
3.500e+01 ; 8.800e+00 ; 1.800e+00 ; 8.4407002e+01 ; 8.9945709e+01 
3.500e+01 ; 8.800e+00 ; 1.800e+00 ; 8.4423002e+01 ; 8.9947151e+01 
3.500e+01 ; 8.800e+00 ; 1.800e+00 ; 8.4455002e+01 ; 8.9950439e+01 
3.500e+01 ; 8.800e+00 ; 1.800e+00 ; 8.4519002e+01 ; 8.9958771e+01 
3.500e+01 ; 8.800e+00 ; 1.800e+00 ; 8.4647002e+01 ; 8.9982803e+01 
3.500e+01 ; 8.800e+00 ; 1.800e+00 ; 8.4903003e+01 ; 9.0061806e+01 
3.500e+01 ; 8.800e+00 ; 1.800e+00 ; 8.5360003e+01 ; 9.0290474e+01 
3.500e+01 ; 8.800e+00 ; 1.800e+00 ; 8.5360003e+01 ; 9.0290474e+01 
3.500e+01 ; 8.800e+00 ; 1.800e+00 ; 8.5361003e+01 ; 9.0290977e+01 
3.500e+01 ; 8.800e+00 ; 1.800e+00 ; 8.5362003e+01 ; 9.0291473e+01 
3.500e+01 ; 8.800e+00 ; 1.800e+00 ; 8.5363003e+01 ; 9.0291977e+01 
3.500e+01 ; 8.800e+00 ; 1.800e+00 ; 8.5365003e+01 ; 9.0292984e+01 
3.500e+01 ; 8.800e+00 ; 1.800e+00 ; 8.5369003e+01 ; 9.0294998e+01 
3.500e+01 ; 8.800e+00 ; 1.800e+00 ; 8.5377003e+01 ; 9.0299057e+01 
3.500e+01 ; 8.800e+00 ; 1.800e+00 ; 8.5393003e+01 ; 9.0307289e+01 
3.500e+01 ; 8.800e+00 ; 1.800e+00 ; 8.5425003e+01 ; 9.0324165e+01 
3.500e+01 ; 8.800e+00 ; 1.800e+00 ; 8.5489003e+01 ; 9.0359619e+01 
3.500e+01 ; 8.800e+00 ; 1.800e+00 ; 8.5617003e+01 ; 9.0437042e+01 
3.500e+01 ; 8.800e+00 ; 1.800e+00 ; 8.5873003e+01 ; 9.0614632e+01 
3.500e+01 ; 8.800e+00 ; 1.800e+00 ; 8.6330003e+01 ; 9.0979500e+01 
3.500e+01 ; 8.800e+00 ; 1.800e+00 ; 8.6330003e+01 ; 9.0979500e+01 
3.500e+01 ; 8.800e+00 ; 1.800e+00 ; 8.6331003e+01 ; 9.0980301e+01 
3.500e+01 ; 8.800e+00 ; 1.800e+00 ; 8.6332003e+01 ; 9.0981102e+01 
3.500e+01 ; 8.800e+00 ; 1.800e+00 ; 8.6333003e+01 ; 9.0981903e+01 
3.500e+01 ; 8.800e+00 ; 1.800e+00 ; 8.6335003e+01 ; 9.0983498e+01 
3.500e+01 ; 8.800e+00 ; 1.800e+00 ; 8.6339003e+01 ; 9.0986702e+01 
3.500e+01 ; 8.800e+00 ; 1.800e+00 ; 8.6347003e+01 ; 9.0993118e+01 
3.500e+01 ; 8.800e+00 ; 1.800e+00 ; 8.6363003e+01 ; 9.1006012e+01 
3.500e+01 ; 8.800e+00 ; 1.800e+00 ; 8.6395003e+01 ; 9.1032013e+01 
3.500e+01 ; 8.800e+00 ; 1.800e+00 ; 8.6459003e+01 ; 9.1084824e+01 
3.500e+01 ; 8.800e+00 ; 1.800e+00 ; 8.6587003e+01 ; 9.1193047e+01 
3.500e+01 ; 8.800e+00 ; 1.800e+00 ; 8.6843003e+01 ; 9.1415207e+01 
3.500e+01 ; 8.800e+00 ; 1.800e+00 ; 8.7300003e+01 ; 9.1807594e+01 
3.500e+01 ; 8.800e+00 ; 1.800e+00 ; 8.7300003e+01 ; 9.1807594e+01 
3.500e+01 ; 8.800e+00 ; 1.800e+00 ; 8.7301003e+01 ; 9.1808456e+01 
3.500e+01 ; 8.800e+00 ; 1.800e+00 ; 8.7302003e+01 ; 9.1809311e+01 
3.500e+01 ; 8.800e+00 ; 1.800e+00 ; 8.7303003e+01 ; 9.1810173e+01 
3.500e+01 ; 8.800e+00 ; 1.800e+00 ; 8.7305003e+01 ; 9.1811890e+01 
3.500e+01 ; 8.800e+00 ; 1.800e+00 ; 8.7309003e+01 ; 9.1815323e+01 
3.500e+01 ; 8.800e+00 ; 1.800e+00 ; 8.7317003e+01 ; 9.1822189e+01 
3.500e+01 ; 8.800e+00 ; 1.800e+00 ; 8.7333003e+01 ; 9.1835915e+01 
3.500e+01 ; 8.800e+00 ; 1.800e+00 ; 8.7365003e+01 ; 9.1863327e+01 
3.500e+01 ; 8.800e+00 ; 1.800e+00 ; 8.7429003e+01 ; 9.1917946e+01 
3.500e+01 ; 8.800e+00 ; 1.800e+00 ; 8.7557003e+01 ; 9.2025940e+01 
3.500e+01 ; 8.800e+00 ; 1.800e+00 ; 8.7813003e+01 ; 9.2233986e+01 
3.500e+01 ; 8.800e+00 ; 1.800e+00 ; 8.8270003e+01 ; 9.2569550e+01 
3.500e+01 ; 8.800e+00 ; 1.800e+00 ; 8.8270003e+01 ; 9.2569550e+01 
3.500e+01 ; 8.800e+00 ; 1.800e+00 ; 8.8271003e+01 ; 9.2570282e+01 
3.500e+01 ; 8.800e+00 ; 1.800e+00 ; 8.8272003e+01 ; 9.2571014e+01 
3.500e+01 ; 8.800e+00 ; 1.800e+00 ; 8.8273003e+01 ; 9.2571747e+01 
3.500e+01 ; 8.800e+00 ; 1.800e+00 ; 8.8275003e+01 ; 9.2573219e+01 
3.500e+01 ; 8.800e+00 ; 1.800e+00 ; 8.8279003e+01 ; 9.2576149e+01 
3.500e+01 ; 8.800e+00 ; 1.800e+00 ; 8.8287003e+01 ; 9.2582001e+01 
3.500e+01 ; 8.800e+00 ; 1.800e+00 ; 8.8303003e+01 ; 9.2593651e+01 
3.500e+01 ; 8.800e+00 ; 1.800e+00 ; 8.8335003e+01 ; 9.2616783e+01 
3.500e+01 ; 8.800e+00 ; 1.800e+00 ; 8.8399003e+01 ; 9.2662285e+01 
3.500e+01 ; 8.800e+00 ; 1.800e+00 ; 8.8527003e+01 ; 9.2750114e+01 
3.500e+01 ; 8.800e+00 ; 1.800e+00 ; 8.8783003e+01 ; 9.2912216e+01 
3.500e+01 ; 8.800e+00 ; 1.800e+00 ; 8.9240003e+01 ; 9.3157173e+01 
3.500e+01 ; 8.800e+00 ; 1.800e+00 ; 8.9240003e+01 ; 9.3157173e+01 
3.500e+01 ; 8.800e+00 ; 1.800e+00 ; 8.9241003e+01 ; 9.3157707e+01 
3.500e+01 ; 8.800e+00 ; 1.800e+00 ; 8.9242003e+01 ; 9.3158241e+01 
3.500e+01 ; 8.800e+00 ; 1.800e+00 ; 8.9243003e+01 ; 9.3158775e+01 
3.500e+01 ; 8.800e+00 ; 1.800e+00 ; 8.9245003e+01 ; 9.3159851e+01 
3.500e+01 ; 8.800e+00 ; 1.800e+00 ; 8.9249003e+01 ; 9.3161987e+01 
3.500e+01 ; 8.800e+00 ; 1.800e+00 ; 8.9257003e+01 ; 9.3166245e+01 
3.500e+01 ; 8.800e+00 ; 1.800e+00 ; 8.9273003e+01 ; 9.3174706e+01 
3.500e+01 ; 8.800e+00 ; 1.800e+00 ; 8.9305003e+01 ; 9.3191414e+01 
3.500e+01 ; 8.800e+00 ; 1.800e+00 ; 8.9369003e+01 ; 9.3223961e+01 
3.500e+01 ; 8.800e+00 ; 1.800e+00 ; 8.9497003e+01 ; 9.3285561e+01 
3.500e+01 ; 8.800e+00 ; 1.800e+00 ; 8.9753003e+01 ; 9.3395081e+01 
3.500e+01 ; 8.800e+00 ; 1.800e+00 ; 9.0210003e+01 ; 9.3549881e+01 
3.500e+01 ; 8.800e+00 ; 1.800e+00 ; 9.0210003e+01 ; 9.3549881e+01 
3.500e+01 ; 8.800e+00 ; 1.800e+00 ; 9.0211003e+01 ; 9.3550217e+01 
3.500e+01 ; 8.800e+00 ; 1.800e+00 ; 9.0212003e+01 ; 9.3550552e+01 
3.500e+01 ; 8.800e+00 ; 1.800e+00 ; 9.0213003e+01 ; 9.3550896e+01 
3.500e+01 ; 8.800e+00 ; 1.800e+00 ; 9.0215003e+01 ; 9.3551567e+01 
3.500e+01 ; 8.800e+00 ; 1.800e+00 ; 9.0219003e+01 ; 9.3552917e+01 
3.500e+01 ; 8.800e+00 ; 1.800e+00 ; 9.0227003e+01 ; 9.3555595e+01 
3.500e+01 ; 8.800e+00 ; 1.800e+00 ; 9.0243003e+01 ; 9.3560913e+01 
3.500e+01 ; 8.800e+00 ; 1.800e+00 ; 9.0275003e+01 ; 9.3571350e+01 
3.500e+01 ; 8.800e+00 ; 1.800e+00 ; 9.0339003e+01 ; 9.3591446e+01 
3.500e+01 ; 8.800e+00 ; 1.800e+00 ; 9.0467003e+01 ; 9.3628578e+01 
3.500e+01 ; 8.800e+00 ; 1.800e+00 ; 9.0723003e+01 ; 9.3691284e+01 
3.500e+01 ; 8.800e+00 ; 1.800e+00 ; 9.1180003e+01 ; 9.3770287e+01 
3.500e+01 ; 8.800e+00 ; 1.800e+00 ; 9.1180003e+01 ; 9.3770287e+01 
3.500e+01 ; 8.800e+00 ; 1.800e+00 ; 9.1181003e+01 ; 9.3770462e+01 
3.500e+01 ; 8.800e+00 ; 1.800e+00 ; 9.1182003e+01 ; 9.3770638e+01 
3.500e+01 ; 8.800e+00 ; 1.800e+00 ; 9.1183003e+01 ; 9.3770805e+01 
3.500e+01 ; 8.800e+00 ; 1.800e+00 ; 9.1185003e+01 ; 9.3771149e+01 
3.500e+01 ; 8.800e+00 ; 1.800e+00 ; 9.1189003e+01 ; 9.3771835e+01 
3.500e+01 ; 8.800e+00 ; 1.800e+00 ; 9.1197003e+01 ; 9.3773201e+01 
3.500e+01 ; 8.800e+00 ; 1.800e+00 ; 9.1213003e+01 ; 9.3775879e+01 
3.500e+01 ; 8.800e+00 ; 1.800e+00 ; 9.1245003e+01 ; 9.3781090e+01 
3.500e+01 ; 8.800e+00 ; 1.800e+00 ; 9.1309003e+01 ; 9.3790878e+01 
3.500e+01 ; 8.800e+00 ; 1.800e+00 ; 9.1437003e+01 ; 9.3808052e+01 
3.500e+01 ; 8.800e+00 ; 1.800e+00 ; 9.1693003e+01 ; 9.3833412e+01 
3.500e+01 ; 8.800e+00 ; 1.800e+00 ; 9.2150003e+01 ; 9.3853668e+01 
3.500e+01 ; 8.800e+00 ; 1.800e+00 ; 9.2150003e+01 ; 9.3853668e+01 
3.500e+01 ; 8.800e+00 ; 1.800e+00 ; 9.2151003e+01 ; 9.3853706e+01 
3.500e+01 ; 8.800e+00 ; 1.800e+00 ; 9.2152003e+01 ; 9.3853752e+01 
3.500e+01 ; 8.800e+00 ; 1.800e+00 ; 9.2153003e+01 ; 9.3853798e+01 
3.500e+01 ; 8.800e+00 ; 1.800e+00 ; 9.2155003e+01 ; 9.3853882e+01 
3.500e+01 ; 8.800e+00 ; 1.800e+00 ; 9.2159003e+01 ; 9.3854057e+01 
3.500e+01 ; 8.800e+00 ; 1.800e+00 ; 9.2167003e+01 ; 9.3854393e+01 
3.500e+01 ; 8.800e+00 ; 1.800e+00 ; 9.2183003e+01 ; 9.3855042e+01 
3.500e+01 ; 8.800e+00 ; 1.800e+00 ; 9.2215003e+01 ; 9.3856216e+01 
3.500e+01 ; 8.800e+00 ; 1.800e+00 ; 9.2279003e+01 ; 9.3858086e+01 
3.500e+01 ; 8.800e+00 ; 1.800e+00 ; 9.2407003e+01 ; 9.3860023e+01 
3.500e+01 ; 8.800e+00 ; 1.800e+00 ; 9.2663003e+01 ; 9.3857239e+01 
3.500e+01 ; 8.800e+00 ; 1.800e+00 ; 9.3120003e+01 ; 9.3833923e+01 
3.500e+01 ; 8.800e+00 ; 1.800e+00 ; 9.3120003e+01 ; 9.3833923e+01 
3.500e+01 ; 8.800e+00 ; 1.800e+00 ; 9.3121003e+01 ; 9.3833870e+01 
3.500e+01 ; 8.800e+00 ; 1.800e+00 ; 9.3122003e+01 ; 9.3833824e+01 
3.500e+01 ; 8.800e+00 ; 1.800e+00 ; 9.3123003e+01 ; 9.3833771e+01 
3.500e+01 ; 8.800e+00 ; 1.800e+00 ; 9.3125003e+01 ; 9.3833664e+01 
3.500e+01 ; 8.800e+00 ; 1.800e+00 ; 9.3129003e+01 ; 9.3833458e+01 
3.500e+01 ; 8.800e+00 ; 1.800e+00 ; 9.3137003e+01 ; 9.3833038e+01 
3.500e+01 ; 8.800e+00 ; 1.800e+00 ; 9.3153003e+01 ; 9.3832176e+01 
3.500e+01 ; 8.800e+00 ; 1.800e+00 ; 9.3185003e+01 ; 9.3830368e+01 
3.500e+01 ; 8.800e+00 ; 1.800e+00 ; 9.3249003e+01 ; 9.3826401e+01 
3.500e+01 ; 8.800e+00 ; 1.800e+00 ; 9.3377003e+01 ; 9.3817146e+01 
3.500e+01 ; 8.800e+00 ; 1.800e+00 ; 9.3633003e+01 ; 9.3793823e+01 
3.500e+01 ; 8.800e+00 ; 1.800e+00 ; 9.4090003e+01 ; 9.3739082e+01 
3.500e+01 ; 8.800e+00 ; 1.800e+00 ; 9.4090003e+01 ; 9.3739082e+01 
3.500e+01 ; 8.800e+00 ; 1.800e+00 ; 9.4091003e+01 ; 9.3738960e+01 
3.500e+01 ; 8.800e+00 ; 1.800e+00 ; 9.4092003e+01 ; 9.3738838e+01 
3.500e+01 ; 8.800e+00 ; 1.800e+00 ; 9.4093003e+01 ; 9.3738716e+01 
3.500e+01 ; 8.800e+00 ; 1.800e+00 ; 9.4095003e+01 ; 9.3738480e+01 
3.500e+01 ; 8.800e+00 ; 1.800e+00 ; 9.4099003e+01 ; 9.3737999e+01 
3.500e+01 ; 8.800e+00 ; 1.800e+00 ; 9.4107003e+01 ; 9.3737030e+01 
3.500e+01 ; 8.800e+00 ; 1.800e+00 ; 9.4123003e+01 ; 9.3735085e+01 
3.500e+01 ; 8.800e+00 ; 1.800e+00 ; 9.4155003e+01 ; 9.3731117e+01 
3.500e+01 ; 8.800e+00 ; 1.800e+00 ; 9.4219003e+01 ; 9.3722954e+01 
3.500e+01 ; 8.800e+00 ; 1.800e+00 ; 9.4347003e+01 ; 9.3705673e+01 
3.500e+01 ; 8.800e+00 ; 1.800e+00 ; 9.4603003e+01 ; 9.3667725e+01 
3.500e+01 ; 8.800e+00 ; 1.800e+00 ; 9.5060003e+01 ; 9.3590797e+01 
3.500e+01 ; 8.800e+00 ; 1.800e+00 ; 9.5060003e+01 ; 9.3590797e+01 
3.500e+01 ; 8.800e+00 ; 1.800e+00 ; 9.5061003e+01 ; 9.3590630e+01 
3.500e+01 ; 8.800e+00 ; 1.800e+00 ; 9.5062003e+01 ; 9.3590462e+01 
3.500e+01 ; 8.800e+00 ; 1.800e+00 ; 9.5063003e+01 ; 9.3590294e+01 
3.500e+01 ; 8.800e+00 ; 1.800e+00 ; 9.5065003e+01 ; 9.3589958e+01 
3.500e+01 ; 8.800e+00 ; 1.800e+00 ; 9.5069003e+01 ; 9.3589287e+01 
3.500e+01 ; 8.800e+00 ; 1.800e+00 ; 9.5077003e+01 ; 9.3587929e+01 
3.500e+01 ; 8.800e+00 ; 1.800e+00 ; 9.5093003e+01 ; 9.3585213e+01 
3.500e+01 ; 8.800e+00 ; 1.800e+00 ; 9.5125003e+01 ; 9.3579735e+01 
3.500e+01 ; 8.800e+00 ; 1.800e+00 ; 9.5189003e+01 ; 9.3568619e+01 
3.500e+01 ; 8.800e+00 ; 1.800e+00 ; 9.5317003e+01 ; 9.3545723e+01 
3.500e+01 ; 8.800e+00 ; 1.800e+00 ; 9.5573003e+01 ; 9.3497627e+01 
3.500e+01 ; 8.800e+00 ; 1.800e+00 ; 9.6030003e+01 ; 9.3405853e+01 
3.500e+01 ; 8.800e+00 ; 1.800e+00 ; 9.6030003e+01 ; 9.3405853e+01 
3.500e+01 ; 8.800e+00 ; 1.800e+00 ; 9.6031003e+01 ; 9.3405655e+01 
3.500e+01 ; 8.800e+00 ; 1.800e+00 ; 9.6032003e+01 ; 9.3405457e+01 
3.500e+01 ; 8.800e+00 ; 1.800e+00 ; 9.6033003e+01 ; 9.3405251e+01 
3.500e+01 ; 8.800e+00 ; 1.800e+00 ; 9.6035003e+01 ; 9.3404854e+01 
3.500e+01 ; 8.800e+00 ; 1.800e+00 ; 9.6039003e+01 ; 9.3404045e+01 
3.500e+01 ; 8.800e+00 ; 1.800e+00 ; 9.6047003e+01 ; 9.3402435e+01 
3.500e+01 ; 8.800e+00 ; 1.800e+00 ; 9.6063003e+01 ; 9.3399208e+01 
3.500e+01 ; 8.800e+00 ; 1.800e+00 ; 9.6095003e+01 ; 9.3392723e+01 
3.500e+01 ; 8.800e+00 ; 1.800e+00 ; 9.6159003e+01 ; 9.3379654e+01 
3.500e+01 ; 8.800e+00 ; 1.800e+00 ; 9.6287003e+01 ; 9.3353111e+01 
3.500e+01 ; 8.800e+00 ; 1.800e+00 ; 9.6543003e+01 ; 9.3298805e+01 
3.500e+01 ; 8.800e+00 ; 1.800e+00 ; 9.7000003e+01 ; 9.3199966e+01 
3.500e+01 ; 8.800e+00 ; 1.800e+00 ; 9.7000003e+01 ; 9.3199966e+01 
3.500e+01 ; 8.800e+00 ; 1.800e+00 ; 9.7001003e+01 ; 9.3199753e+01 
3.500e+01 ; 8.800e+00 ; 1.800e+00 ; 9.7002003e+01 ; 9.3199539e+01 
3.500e+01 ; 8.800e+00 ; 1.800e+00 ; 9.7003003e+01 ; 9.3199318e+01 
3.500e+01 ; 8.800e+00 ; 1.800e+00 ; 9.7005003e+01 ; 9.3198891e+01 
3.500e+01 ; 8.800e+00 ; 1.800e+00 ; 9.7009003e+01 ; 9.3198021e+01 
3.500e+01 ; 8.800e+00 ; 1.800e+00 ; 9.7017003e+01 ; 9.3196289e+01 
3.500e+01 ; 8.800e+00 ; 1.800e+00 ; 9.7033003e+01 ; 9.3192825e+01 
3.500e+01 ; 8.800e+00 ; 1.800e+00 ; 9.7065003e+01 ; 9.3185890e+01 
3.500e+01 ; 8.800e+00 ; 1.800e+00 ; 9.7129003e+01 ; 9.3171989e+01 
3.500e+01 ; 8.800e+00 ; 1.800e+00 ; 9.7257003e+01 ; 9.3144150e+01 
3.500e+01 ; 8.800e+00 ; 1.800e+00 ; 9.7513003e+01 ; 9.3088890e+01 
3.500e+01 ; 8.800e+00 ; 1.800e+00 ; 9.7970003e+01 ; 9.2994896e+01 
3.500e+01 ; 8.800e+00 ; 1.800e+00 ; 9.7970003e+01 ; 9.2994896e+01 
3.500e+01 ; 8.800e+00 ; 1.800e+00 ; 9.7971003e+01 ; 9.2994690e+01 
3.500e+01 ; 8.800e+00 ; 1.800e+00 ; 9.7972003e+01 ; 9.2994484e+01 
3.500e+01 ; 8.800e+00 ; 1.800e+00 ; 9.7973003e+01 ; 9.2994278e+01 
3.500e+01 ; 8.800e+00 ; 1.800e+00 ; 9.7975003e+01 ; 9.2993866e+01 
3.500e+01 ; 8.800e+00 ; 1.800e+00 ; 9.7979003e+01 ; 9.2993042e+01 
3.500e+01 ; 8.800e+00 ; 1.800e+00 ; 9.7987003e+01 ; 9.2991402e+01 
3.500e+01 ; 8.800e+00 ; 1.800e+00 ; 9.8003003e+01 ; 9.2988121e+01 
3.500e+01 ; 8.800e+00 ; 1.800e+00 ; 9.8035003e+01 ; 9.2981590e+01 
3.500e+01 ; 8.800e+00 ; 1.800e+00 ; 9.8099003e+01 ; 9.2968636e+01 
3.500e+01 ; 8.800e+00 ; 1.800e+00 ; 9.8227003e+01 ; 9.2943260e+01 
3.500e+01 ; 8.800e+00 ; 1.800e+00 ; 9.8483003e+01 ; 9.2895432e+01 
3.500e+01 ; 8.800e+00 ; 1.800e+00 ; 9.8940003e+01 ; 9.2823227e+01 
3.500e+01 ; 8.800e+00 ; 1.800e+00 ; 9.8940003e+01 ; 9.2823227e+01 
3.500e+01 ; 8.800e+00 ; 1.800e+00 ; 9.8941003e+01 ; 9.2823067e+01 
3.500e+01 ; 8.800e+00 ; 1.800e+00 ; 9.8942003e+01 ; 9.2822914e+01 
3.500e+01 ; 8.800e+00 ; 1.800e+00 ; 9.8943003e+01 ; 9.2822754e+01 
3.500e+01 ; 8.800e+00 ; 1.800e+00 ; 9.8945003e+01 ; 9.2822441e+01 
3.500e+01 ; 8.800e+00 ; 1.800e+00 ; 9.8949003e+01 ; 9.2821808e+01 
3.500e+01 ; 8.800e+00 ; 1.800e+00 ; 9.8957003e+01 ; 9.2820557e+01 
3.500e+01 ; 8.800e+00 ; 1.800e+00 ; 9.8973003e+01 ; 9.2818062e+01 
3.500e+01 ; 8.800e+00 ; 1.800e+00 ; 9.9005003e+01 ; 9.2813141e+01 
3.500e+01 ; 8.800e+00 ; 1.800e+00 ; 9.9069003e+01 ; 9.2803574e+01 
3.500e+01 ; 8.800e+00 ; 1.800e+00 ; 9.9197003e+01 ; 9.2785652e+01 
3.500e+01 ; 8.800e+00 ; 1.800e+00 ; 9.9453003e+01 ; 9.2755257e+01 
3.500e+01 ; 8.800e+00 ; 1.800e+00 ; 9.9910003e+01 ; 9.2720306e+01 
3.500e+01 ; 8.800e+00 ; 1.800e+00 ; 9.9910003e+01 ; 9.2720306e+01 
3.500e+01 ; 8.800e+00 ; 1.800e+00 ; 9.9911003e+01 ; 9.2720230e+01 
3.500e+01 ; 8.800e+00 ; 1.800e+00 ; 9.9912003e+01 ; 9.2720154e+01 
3.500e+01 ; 8.800e+00 ; 1.800e+00 ; 9.9913003e+01 ; 9.2720078e+01 
3.500e+01 ; 8.800e+00 ; 1.800e+00 ; 9.9915003e+01 ; 9.2719925e+01 
3.500e+01 ; 8.800e+00 ; 1.800e+00 ; 9.9919003e+01 ; 9.2719620e+01 
3.500e+01 ; 8.800e+00 ; 1.800e+00 ; 9.9927003e+01 ; 9.2719025e+01 
3.500e+01 ; 8.800e+00 ; 1.800e+00 ; 9.9943003e+01 ; 9.2717850e+01 
3.500e+01 ; 8.800e+00 ; 1.800e+00 ; 9.9975003e+01 ; 9.2715591e+01 
3.500e+01 ; 8.800e+00 ; 1.800e+00 ; 1.0003900e+02 ; 9.2711479e+01 
3.500e+01 ; 8.800e+00 ; 1.800e+00 ; 1.0016700e+02 ; 9.2704811e+01 
3.500e+01 ; 8.800e+00 ; 1.800e+00 ; 1.0042300e+02 ; 9.2697800e+01 
3.500e+01 ; 8.800e+00 ; 1.800e+00 ; 1.0088000e+02 ; 9.2703659e+01 
3.500e+01 ; 8.800e+00 ; 1.800e+00 ; 1.0088000e+02 ; 9.2703659e+01 
3.500e+01 ; 8.800e+00 ; 1.800e+00 ; 1.0088100e+02 ; 9.2703674e+01 
3.500e+01 ; 8.800e+00 ; 1.800e+00 ; 1.0088200e+02 ; 9.2703682e+01 
3.500e+01 ; 8.800e+00 ; 1.800e+00 ; 1.0088300e+02 ; 9.2703697e+01 
3.500e+01 ; 8.800e+00 ; 1.800e+00 ; 1.0088500e+02 ; 9.2703720e+01 
3.500e+01 ; 8.800e+00 ; 1.800e+00 ; 1.0088900e+02 ; 9.2703781e+01 
3.500e+01 ; 8.800e+00 ; 1.800e+00 ; 1.0089700e+02 ; 9.2703896e+01 
3.500e+01 ; 8.800e+00 ; 1.800e+00 ; 1.0091300e+02 ; 9.2704140e+01 
3.500e+01 ; 8.800e+00 ; 1.800e+00 ; 1.0094500e+02 ; 9.2704735e+01 
3.500e+01 ; 8.800e+00 ; 1.800e+00 ; 1.0100900e+02 ; 9.2706268e+01 
3.500e+01 ; 8.800e+00 ; 1.800e+00 ; 1.0113700e+02 ; 9.2710663e+01 
3.500e+01 ; 8.800e+00 ; 1.800e+00 ; 1.0139300e+02 ; 9.2724144e+01 
3.500e+01 ; 8.800e+00 ; 1.800e+00 ; 1.0185000e+02 ; 9.2758575e+01 
3.500e+01 ; 8.800e+00 ; 1.800e+00 ; 1.0185000e+02 ; 9.2758575e+01 
3.500e+01 ; 8.800e+00 ; 1.800e+00 ; 1.0185100e+02 ; 9.2758644e+01 
3.500e+01 ; 8.800e+00 ; 1.800e+00 ; 1.0185200e+02 ; 9.2758720e+01 
3.500e+01 ; 8.800e+00 ; 1.800e+00 ; 1.0185300e+02 ; 9.2758797e+01 
3.500e+01 ; 8.800e+00 ; 1.800e+00 ; 1.0185500e+02 ; 9.2758949e+01 
3.500e+01 ; 8.800e+00 ; 1.800e+00 ; 1.0185900e+02 ; 9.2759254e+01 
3.500e+01 ; 8.800e+00 ; 1.800e+00 ; 1.0186700e+02 ; 9.2759865e+01 
3.500e+01 ; 8.800e+00 ; 1.800e+00 ; 1.0188300e+02 ; 9.2761093e+01 
3.500e+01 ; 8.800e+00 ; 1.800e+00 ; 1.0191500e+02 ; 9.2763603e+01 
3.500e+01 ; 8.800e+00 ; 1.800e+00 ; 1.0197900e+02 ; 9.2768799e+01 
3.500e+01 ; 8.800e+00 ; 1.800e+00 ; 1.0210700e+02 ; 9.2779793e+01 
3.500e+01 ; 8.800e+00 ; 1.800e+00 ; 1.0236300e+02 ; 9.2803261e+01 
3.500e+01 ; 8.800e+00 ; 1.800e+00 ; 1.0282000e+02 ; 9.2844971e+01 
3.500e+01 ; 8.800e+00 ; 1.800e+00 ; 1.0282000e+02 ; 9.2844971e+01 
3.500e+01 ; 8.800e+00 ; 1.800e+00 ; 1.0283000e+02 ; 9.2845886e+01 
3.500e+01 ; 8.800e+00 ; 1.800e+00 ; 1.0284000e+02 ; 9.2846802e+01 
3.500e+01 ; 8.800e+00 ; 1.800e+00 ; 1.0285000e+02 ; 9.2847710e+01 
3.500e+01 ; 8.800e+00 ; 1.800e+00 ; 1.0287000e+02 ; 9.2849533e+01 
3.500e+01 ; 8.800e+00 ; 1.800e+00 ; 1.0291000e+02 ; 9.2853172e+01 
3.500e+01 ; 8.800e+00 ; 1.800e+00 ; 1.0299000e+02 ; 9.2860382e+01 
3.500e+01 ; 8.800e+00 ; 1.800e+00 ; 1.0315000e+02 ; 9.2874374e+01 
3.500e+01 ; 8.800e+00 ; 1.800e+00 ; 1.0347000e+02 ; 9.2899223e+01 
3.500e+01 ; 8.800e+00 ; 1.800e+00 ; 1.0411000e+02 ; 9.2928574e+01 
3.500e+01 ; 8.800e+00 ; 1.800e+00 ; 1.0507000e+02 ; 9.2914749e+01 
3.500e+01 ; 8.800e+00 ; 1.800e+00 ; 1.0651000e+02 ; 9.2764526e+01 
3.500e+01 ; 8.800e+00 ; 1.800e+00 ; 1.0782000e+02 ; 9.2535179e+01