X ; Y ; Z ; time ; Temperature 
3.500e+01 ; 5.600e+00 ; 1.200e+00 ; 0.0000000e+00 ; 2.6900000e+02 
3.500e+01 ; 5.600e+00 ; 1.200e+00 ; 1.0000000e-03 ; 2.6900000e+02 
3.500e+01 ; 5.600e+00 ; 1.200e+00 ; 2.0000001e-03 ; 2.6900000e+02 
3.500e+01 ; 5.600e+00 ; 1.200e+00 ; 3.0000000e-03 ; 2.6900000e+02 
3.500e+01 ; 5.600e+00 ; 1.200e+00 ; 4.9999999e-03 ; 2.6900000e+02 
3.500e+01 ; 5.600e+00 ; 1.200e+00 ; 8.9999996e-03 ; 2.6900000e+02 
3.500e+01 ; 5.600e+00 ; 1.200e+00 ; 1.7000001e-02 ; 2.6900000e+02 
3.500e+01 ; 5.600e+00 ; 1.200e+00 ; 3.3000000e-02 ; 2.6900000e+02 
3.500e+01 ; 5.600e+00 ; 1.200e+00 ; 6.4999998e-02 ; 2.6900000e+02 
3.500e+01 ; 5.600e+00 ; 1.200e+00 ; 1.2899999e-01 ; 2.6900000e+02 
3.500e+01 ; 5.600e+00 ; 1.200e+00 ; 2.5700000e-01 ; 2.6900000e+02 
3.500e+01 ; 5.600e+00 ; 1.200e+00 ; 5.1300001e-01 ; 2.6900000e+02 
3.500e+01 ; 5.600e+00 ; 1.200e+00 ; 7.6899999e-01 ; 2.6900000e+02 
3.500e+01 ; 5.600e+00 ; 1.200e+00 ; 9.7000003e-01 ; 2.6900000e+02 
3.500e+01 ; 5.600e+00 ; 1.200e+00 ; 9.7000003e-01 ; 2.6900000e+02 
3.500e+01 ; 5.600e+00 ; 1.200e+00 ; 9.7100003e-01 ; 2.6900000e+02 
3.500e+01 ; 5.600e+00 ; 1.200e+00 ; 9.7200003e-01 ; 2.6900000e+02 
3.500e+01 ; 5.600e+00 ; 1.200e+00 ; 9.7300003e-01 ; 2.6900000e+02 
3.500e+01 ; 5.600e+00 ; 1.200e+00 ; 9.7500003e-01 ; 2.6900000e+02 
3.500e+01 ; 5.600e+00 ; 1.200e+00 ; 9.7900003e-01 ; 2.6900000e+02 
3.500e+01 ; 5.600e+00 ; 1.200e+00 ; 9.8700003e-01 ; 2.6900000e+02 
3.500e+01 ; 5.600e+00 ; 1.200e+00 ; 1.0030000e+00 ; 2.6900000e+02 
3.500e+01 ; 5.600e+00 ; 1.200e+00 ; 1.0350000e+00 ; 2.6900000e+02 
3.500e+01 ; 5.600e+00 ; 1.200e+00 ; 1.0990000e+00 ; 2.6900000e+02 
3.500e+01 ; 5.600e+00 ; 1.200e+00 ; 1.2270000e+00 ; 2.6900000e+02 
3.500e+01 ; 5.600e+00 ; 1.200e+00 ; 1.4830000e+00 ; 2.6900000e+02 
3.500e+01 ; 5.600e+00 ; 1.200e+00 ; 1.9400001e+00 ; 2.6900000e+02 
3.500e+01 ; 5.600e+00 ; 1.200e+00 ; 1.9400001e+00 ; 2.6900000e+02 
3.500e+01 ; 5.600e+00 ; 1.200e+00 ; 1.9410001e+00 ; 2.6900000e+02 
3.500e+01 ; 5.600e+00 ; 1.200e+00 ; 1.9420001e+00 ; 2.6900000e+02 
3.500e+01 ; 5.600e+00 ; 1.200e+00 ; 1.9430001e+00 ; 2.6900000e+02 
3.500e+01 ; 5.600e+00 ; 1.200e+00 ; 1.9450001e+00 ; 2.6900000e+02 
3.500e+01 ; 5.600e+00 ; 1.200e+00 ; 1.9490001e+00 ; 2.6900000e+02 
3.500e+01 ; 5.600e+00 ; 1.200e+00 ; 1.9570001e+00 ; 2.6900000e+02 
3.500e+01 ; 5.600e+00 ; 1.200e+00 ; 1.9730001e+00 ; 2.6900000e+02 
3.500e+01 ; 5.600e+00 ; 1.200e+00 ; 2.0050001e+00 ; 2.6900000e+02 
3.500e+01 ; 5.600e+00 ; 1.200e+00 ; 2.0690001e+00 ; 2.6900000e+02 
3.500e+01 ; 5.600e+00 ; 1.200e+00 ; 2.1970001e+00 ; 2.6900000e+02 
3.500e+01 ; 5.600e+00 ; 1.200e+00 ; 2.4530001e+00 ; 2.6900000e+02 
3.500e+01 ; 5.600e+00 ; 1.200e+00 ; 2.9100001e+00 ; 2.6900000e+02 
3.500e+01 ; 5.600e+00 ; 1.200e+00 ; 2.9100001e+00 ; 2.6900000e+02 
3.500e+01 ; 5.600e+00 ; 1.200e+00 ; 2.9110001e+00 ; 2.6900000e+02 
3.500e+01 ; 5.600e+00 ; 1.200e+00 ; 2.9120001e+00 ; 2.6900000e+02 
3.500e+01 ; 5.600e+00 ; 1.200e+00 ; 2.9130001e+00 ; 2.6900000e+02 
3.500e+01 ; 5.600e+00 ; 1.200e+00 ; 2.9150001e+00 ; 2.6900000e+02 
3.500e+01 ; 5.600e+00 ; 1.200e+00 ; 2.9190001e+00 ; 2.6900000e+02 
3.500e+01 ; 5.600e+00 ; 1.200e+00 ; 2.9270001e+00 ; 2.6900000e+02 
3.500e+01 ; 5.600e+00 ; 1.200e+00 ; 2.9430001e+00 ; 2.6900000e+02 
3.500e+01 ; 5.600e+00 ; 1.200e+00 ; 2.9750001e+00 ; 2.6900000e+02 
3.500e+01 ; 5.600e+00 ; 1.200e+00 ; 3.0390001e+00 ; 2.6900000e+02 
3.500e+01 ; 5.600e+00 ; 1.200e+00 ; 3.1670001e+00 ; 2.6900000e+02 
3.500e+01 ; 5.600e+00 ; 1.200e+00 ; 3.4230001e+00 ; 2.6900000e+02 
3.500e+01 ; 5.600e+00 ; 1.200e+00 ; 3.8800001e+00 ; 2.6900000e+02 
3.500e+01 ; 5.600e+00 ; 1.200e+00 ; 3.8800001e+00 ; 2.6900000e+02 
3.500e+01 ; 5.600e+00 ; 1.200e+00 ; 3.8810001e+00 ; 2.6900000e+02 
3.500e+01 ; 5.600e+00 ; 1.200e+00 ; 3.8820001e+00 ; 2.6900000e+02 
3.500e+01 ; 5.600e+00 ; 1.200e+00 ; 3.8830001e+00 ; 2.6900000e+02 
3.500e+01 ; 5.600e+00 ; 1.200e+00 ; 3.8850001e+00 ; 2.6900000e+02 
3.500e+01 ; 5.600e+00 ; 1.200e+00 ; 3.8890001e+00 ; 2.6900000e+02 
3.500e+01 ; 5.600e+00 ; 1.200e+00 ; 3.8970001e+00 ; 2.6900000e+02 
3.500e+01 ; 5.600e+00 ; 1.200e+00 ; 3.9130001e+00 ; 2.6900000e+02 
3.500e+01 ; 5.600e+00 ; 1.200e+00 ; 3.9450001e+00 ; 2.6900000e+02 
3.500e+01 ; 5.600e+00 ; 1.200e+00 ; 4.0090001e+00 ; 2.6900000e+02 
3.500e+01 ; 5.600e+00 ; 1.200e+00 ; 4.1370001e+00 ; 2.6900000e+02 
3.500e+01 ; 5.600e+00 ; 1.200e+00 ; 4.3930001e+00 ; 2.6900000e+02 
3.500e+01 ; 5.600e+00 ; 1.200e+00 ; 4.8500001e+00 ; 2.6900000e+02 
3.500e+01 ; 5.600e+00 ; 1.200e+00 ; 4.8500001e+00 ; 2.6900000e+02 
3.500e+01 ; 5.600e+00 ; 1.200e+00 ; 4.8510001e+00 ; 2.6900000e+02 
3.500e+01 ; 5.600e+00 ; 1.200e+00 ; 4.8520001e+00 ; 2.6900000e+02 
3.500e+01 ; 5.600e+00 ; 1.200e+00 ; 4.8530001e+00 ; 2.6900000e+02 
3.500e+01 ; 5.600e+00 ; 1.200e+00 ; 4.8550001e+00 ; 2.6900000e+02 
3.500e+01 ; 5.600e+00 ; 1.200e+00 ; 4.8590001e+00 ; 2.6900000e+02 
3.500e+01 ; 5.600e+00 ; 1.200e+00 ; 4.8670001e+00 ; 2.6900000e+02 
3.500e+01 ; 5.600e+00 ; 1.200e+00 ; 4.8830001e+00 ; 2.6900000e+02 
3.500e+01 ; 5.600e+00 ; 1.200e+00 ; 4.9150001e+00 ; 2.6900000e+02 
3.500e+01 ; 5.600e+00 ; 1.200e+00 ; 4.9790001e+00 ; 2.6900000e+02 
3.500e+01 ; 5.600e+00 ; 1.200e+00 ; 5.1070001e+00 ; 2.6900000e+02 
3.500e+01 ; 5.600e+00 ; 1.200e+00 ; 5.3630002e+00 ; 2.6900000e+02 
3.500e+01 ; 5.600e+00 ; 1.200e+00 ; 5.8200002e+00 ; 2.6900000e+02 
3.500e+01 ; 5.600e+00 ; 1.200e+00 ; 5.8200002e+00 ; 2.6900000e+02 
3.500e+01 ; 5.600e+00 ; 1.200e+00 ; 5.8210002e+00 ; 2.6900000e+02 
3.500e+01 ; 5.600e+00 ; 1.200e+00 ; 5.8220002e+00 ; 2.6900000e+02 
3.500e+01 ; 5.600e+00 ; 1.200e+00 ; 5.8230002e+00 ; 2.6900000e+02 
3.500e+01 ; 5.600e+00 ; 1.200e+00 ; 5.8250002e+00 ; 2.6900000e+02 
3.500e+01 ; 5.600e+00 ; 1.200e+00 ; 5.8290002e+00 ; 2.6900000e+02 
3.500e+01 ; 5.600e+00 ; 1.200e+00 ; 5.8370002e+00 ; 2.6900000e+02 
3.500e+01 ; 5.600e+00 ; 1.200e+00 ; 5.8530002e+00 ; 2.6900000e+02 
3.500e+01 ; 5.600e+00 ; 1.200e+00 ; 5.8850002e+00 ; 2.6900000e+02 
3.500e+01 ; 5.600e+00 ; 1.200e+00 ; 5.9490002e+00 ; 2.6900000e+02 
3.500e+01 ; 5.600e+00 ; 1.200e+00 ; 6.0770002e+00 ; 2.6900000e+02 
3.500e+01 ; 5.600e+00 ; 1.200e+00 ; 6.3330002e+00 ; 2.6900000e+02 
3.500e+01 ; 5.600e+00 ; 1.200e+00 ; 6.7900002e+00 ; 2.6900000e+02 
3.500e+01 ; 5.600e+00 ; 1.200e+00 ; 6.7900002e+00 ; 2.6900000e+02 
3.500e+01 ; 5.600e+00 ; 1.200e+00 ; 6.7910002e+00 ; 2.6900000e+02 
3.500e+01 ; 5.600e+00 ; 1.200e+00 ; 6.7920002e+00 ; 2.6900000e+02 
3.500e+01 ; 5.600e+00 ; 1.200e+00 ; 6.7930002e+00 ; 2.6900000e+02 
3.500e+01 ; 5.600e+00 ; 1.200e+00 ; 6.7950002e+00 ; 2.6900000e+02 
3.500e+01 ; 5.600e+00 ; 1.200e+00 ; 6.7990002e+00 ; 2.6900000e+02 
3.500e+01 ; 5.600e+00 ; 1.200e+00 ; 6.8070002e+00 ; 2.6900000e+02 
3.500e+01 ; 5.600e+00 ; 1.200e+00 ; 6.8230002e+00 ; 2.6900000e+02 
3.500e+01 ; 5.600e+00 ; 1.200e+00 ; 6.8550002e+00 ; 2.6900000e+02 
3.500e+01 ; 5.600e+00 ; 1.200e+00 ; 6.9190002e+00 ; 2.6900000e+02 
3.500e+01 ; 5.600e+00 ; 1.200e+00 ; 7.0470002e+00 ; 2.6900000e+02 
3.500e+01 ; 5.600e+00 ; 1.200e+00 ; 7.3030002e+00 ; 2.6900000e+02 
3.500e+01 ; 5.600e+00 ; 1.200e+00 ; 7.7600002e+00 ; 2.6900000e+02 
3.500e+01 ; 5.600e+00 ; 1.200e+00 ; 7.7600002e+00 ; 2.6900000e+02 
3.500e+01 ; 5.600e+00 ; 1.200e+00 ; 7.7610002e+00 ; 2.6900000e+02 
3.500e+01 ; 5.600e+00 ; 1.200e+00 ; 7.7620002e+00 ; 2.6900000e+02 
3.500e+01 ; 5.600e+00 ; 1.200e+00 ; 7.7630002e+00 ; 2.6900000e+02 
3.500e+01 ; 5.600e+00 ; 1.200e+00 ; 7.7650002e+00 ; 2.6900000e+02 
3.500e+01 ; 5.600e+00 ; 1.200e+00 ; 7.7690002e+00 ; 2.6900000e+02 
3.500e+01 ; 5.600e+00 ; 1.200e+00 ; 7.7770002e+00 ; 2.6900000e+02 
3.500e+01 ; 5.600e+00 ; 1.200e+00 ; 7.7930002e+00 ; 2.6900000e+02 
3.500e+01 ; 5.600e+00 ; 1.200e+00 ; 7.8250002e+00 ; 2.6900000e+02 
3.500e+01 ; 5.600e+00 ; 1.200e+00 ; 7.8890002e+00 ; 2.6900000e+02 
3.500e+01 ; 5.600e+00 ; 1.200e+00 ; 8.0170002e+00 ; 2.6900000e+02 
3.500e+01 ; 5.600e+00 ; 1.200e+00 ; 8.2730002e+00 ; 2.6900000e+02 
3.500e+01 ; 5.600e+00 ; 1.200e+00 ; 8.7300003e+00 ; 2.6900000e+02 
3.500e+01 ; 5.600e+00 ; 1.200e+00 ; 8.7300003e+00 ; 2.6900000e+02 
3.500e+01 ; 5.600e+00 ; 1.200e+00 ; 8.7310003e+00 ; 2.6900000e+02 
3.500e+01 ; 5.600e+00 ; 1.200e+00 ; 8.7320003e+00 ; 2.6900000e+02 
3.500e+01 ; 5.600e+00 ; 1.200e+00 ; 8.7330003e+00 ; 2.6900000e+02 
3.500e+01 ; 5.600e+00 ; 1.200e+00 ; 8.7350003e+00 ; 2.6900000e+02 
3.500e+01 ; 5.600e+00 ; 1.200e+00 ; 8.7390003e+00 ; 2.6900000e+02 
3.500e+01 ; 5.600e+00 ; 1.200e+00 ; 8.7470003e+00 ; 2.6900000e+02 
3.500e+01 ; 5.600e+00 ; 1.200e+00 ; 8.7630003e+00 ; 2.6900000e+02 
3.500e+01 ; 5.600e+00 ; 1.200e+00 ; 8.7950003e+00 ; 2.6900000e+02 
3.500e+01 ; 5.600e+00 ; 1.200e+00 ; 8.8590003e+00 ; 2.6900000e+02 
3.500e+01 ; 5.600e+00 ; 1.200e+00 ; 8.9870003e+00 ; 2.6900000e+02 
3.500e+01 ; 5.600e+00 ; 1.200e+00 ; 9.2430003e+00 ; 2.6900000e+02 
3.500e+01 ; 5.600e+00 ; 1.200e+00 ; 9.7000003e+00 ; 2.6900000e+02 
3.500e+01 ; 5.600e+00 ; 1.200e+00 ; 9.7000003e+00 ; 2.6900000e+02 
3.500e+01 ; 5.600e+00 ; 1.200e+00 ; 9.7010003e+00 ; 2.6900000e+02 
3.500e+01 ; 5.600e+00 ; 1.200e+00 ; 9.7020003e+00 ; 2.6900000e+02 
3.500e+01 ; 5.600e+00 ; 1.200e+00 ; 9.7030003e+00 ; 2.6900000e+02 
3.500e+01 ; 5.600e+00 ; 1.200e+00 ; 9.7050003e+00 ; 2.6900000e+02 
3.500e+01 ; 5.600e+00 ; 1.200e+00 ; 9.7090003e+00 ; 2.6900000e+02 
3.500e+01 ; 5.600e+00 ; 1.200e+00 ; 9.7170003e+00 ; 2.6900000e+02 
3.500e+01 ; 5.600e+00 ; 1.200e+00 ; 9.7330003e+00 ; 2.6900000e+02 
3.500e+01 ; 5.600e+00 ; 1.200e+00 ; 9.7650003e+00 ; 2.6900000e+02 
3.500e+01 ; 5.600e+00 ; 1.200e+00 ; 9.8290003e+00 ; 2.6900000e+02 
3.500e+01 ; 5.600e+00 ; 1.200e+00 ; 9.9570003e+00 ; 2.6900000e+02 
3.500e+01 ; 5.600e+00 ; 1.200e+00 ; 1.0213000e+01 ; 2.6900000e+02 
3.500e+01 ; 5.600e+00 ; 1.200e+00 ; 1.0670000e+01 ; 2.6900000e+02 
3.500e+01 ; 5.600e+00 ; 1.200e+00 ; 1.0670000e+01 ; 2.6900000e+02 
3.500e+01 ; 5.600e+00 ; 1.200e+00 ; 1.0671000e+01 ; 2.6900000e+02 
3.500e+01 ; 5.600e+00 ; 1.200e+00 ; 1.0672000e+01 ; 2.6900000e+02 
3.500e+01 ; 5.600e+00 ; 1.200e+00 ; 1.0673000e+01 ; 2.6900000e+02 
3.500e+01 ; 5.600e+00 ; 1.200e+00 ; 1.0675000e+01 ; 2.6900000e+02 
3.500e+01 ; 5.600e+00 ; 1.200e+00 ; 1.0679000e+01 ; 2.6900000e+02 
3.500e+01 ; 5.600e+00 ; 1.200e+00 ; 1.0687000e+01 ; 2.6900000e+02 
3.500e+01 ; 5.600e+00 ; 1.200e+00 ; 1.0703000e+01 ; 2.6900000e+02 
3.500e+01 ; 5.600e+00 ; 1.200e+00 ; 1.0735000e+01 ; 2.6900000e+02 
3.500e+01 ; 5.600e+00 ; 1.200e+00 ; 1.0799000e+01 ; 2.6900000e+02 
3.500e+01 ; 5.600e+00 ; 1.200e+00 ; 1.0927000e+01 ; 2.6900000e+02 
3.500e+01 ; 5.600e+00 ; 1.200e+00 ; 1.1183000e+01 ; 2.6900000e+02 
3.500e+01 ; 5.600e+00 ; 1.200e+00 ; 1.1640000e+01 ; 2.6900000e+02 
3.500e+01 ; 5.600e+00 ; 1.200e+00 ; 1.1640000e+01 ; 2.6900000e+02 
3.500e+01 ; 5.600e+00 ; 1.200e+00 ; 1.1641000e+01 ; 2.6900000e+02 
3.500e+01 ; 5.600e+00 ; 1.200e+00 ; 1.1642000e+01 ; 2.6900000e+02 
3.500e+01 ; 5.600e+00 ; 1.200e+00 ; 1.1643000e+01 ; 2.6900000e+02 
3.500e+01 ; 5.600e+00 ; 1.200e+00 ; 1.1645000e+01 ; 2.6900000e+02 
3.500e+01 ; 5.600e+00 ; 1.200e+00 ; 1.1649000e+01 ; 2.6900000e+02 
3.500e+01 ; 5.600e+00 ; 1.200e+00 ; 1.1657000e+01 ; 2.6900000e+02 
3.500e+01 ; 5.600e+00 ; 1.200e+00 ; 1.1673000e+01 ; 2.6900000e+02 
3.500e+01 ; 5.600e+00 ; 1.200e+00 ; 1.1705000e+01 ; 2.6900000e+02 
3.500e+01 ; 5.600e+00 ; 1.200e+00 ; 1.1769000e+01 ; 2.6900000e+02 
3.500e+01 ; 5.600e+00 ; 1.200e+00 ; 1.1897000e+01 ; 2.6900000e+02 
3.500e+01 ; 5.600e+00 ; 1.200e+00 ; 1.2153000e+01 ; 2.6900000e+02 
3.500e+01 ; 5.600e+00 ; 1.200e+00 ; 1.2610000e+01 ; 2.6900000e+02 
3.500e+01 ; 5.600e+00 ; 1.200e+00 ; 1.2610000e+01 ; 2.6900000e+02 
3.500e+01 ; 5.600e+00 ; 1.200e+00 ; 1.2611000e+01 ; 2.6900000e+02 
3.500e+01 ; 5.600e+00 ; 1.200e+00 ; 1.2612000e+01 ; 2.6900000e+02 
3.500e+01 ; 5.600e+00 ; 1.200e+00 ; 1.2613000e+01 ; 2.6900000e+02 
3.500e+01 ; 5.600e+00 ; 1.200e+00 ; 1.2615000e+01 ; 2.6900000e+02 
3.500e+01 ; 5.600e+00 ; 1.200e+00 ; 1.2619000e+01 ; 2.6900000e+02 
3.500e+01 ; 5.600e+00 ; 1.200e+00 ; 1.2627000e+01 ; 2.6900000e+02 
3.500e+01 ; 5.600e+00 ; 1.200e+00 ; 1.2643000e+01 ; 2.6900000e+02 
3.500e+01 ; 5.600e+00 ; 1.200e+00 ; 1.2675000e+01 ; 2.6900000e+02 
3.500e+01 ; 5.600e+00 ; 1.200e+00 ; 1.2739000e+01 ; 2.6900000e+02 
3.500e+01 ; 5.600e+00 ; 1.200e+00 ; 1.2867000e+01 ; 2.6900000e+02 
3.500e+01 ; 5.600e+00 ; 1.200e+00 ; 1.3123000e+01 ; 2.6900000e+02 
3.500e+01 ; 5.600e+00 ; 1.200e+00 ; 1.3580000e+01 ; 2.6900000e+02 
3.500e+01 ; 5.600e+00 ; 1.200e+00 ; 1.3580000e+01 ; 2.6900000e+02 
3.500e+01 ; 5.600e+00 ; 1.200e+00 ; 1.3581000e+01 ; 2.6900000e+02 
3.500e+01 ; 5.600e+00 ; 1.200e+00 ; 1.3582000e+01 ; 2.6900000e+02 
3.500e+01 ; 5.600e+00 ; 1.200e+00 ; 1.3583000e+01 ; 2.6900000e+02 
3.500e+01 ; 5.600e+00 ; 1.200e+00 ; 1.3585000e+01 ; 2.6900000e+02 
3.500e+01 ; 5.600e+00 ; 1.200e+00 ; 1.3589000e+01 ; 2.6900000e+02 
3.500e+01 ; 5.600e+00 ; 1.200e+00 ; 1.3597000e+01 ; 2.6900000e+02 
3.500e+01 ; 5.600e+00 ; 1.200e+00 ; 1.3613000e+01 ; 2.6900000e+02 
3.500e+01 ; 5.600e+00 ; 1.200e+00 ; 1.3645000e+01 ; 2.6900000e+02 
3.500e+01 ; 5.600e+00 ; 1.200e+00 ; 1.3709000e+01 ; 2.6900000e+02 
3.500e+01 ; 5.600e+00 ; 1.200e+00 ; 1.3837000e+01 ; 2.6900000e+02 
3.500e+01 ; 5.600e+00 ; 1.200e+00 ; 1.4093000e+01 ; 2.6900000e+02 
3.500e+01 ; 5.600e+00 ; 1.200e+00 ; 1.4550000e+01 ; 2.6900000e+02 
3.500e+01 ; 5.600e+00 ; 1.200e+00 ; 1.4550000e+01 ; 2.6900000e+02 
3.500e+01 ; 5.600e+00 ; 1.200e+00 ; 1.4551000e+01 ; 2.6900000e+02 
3.500e+01 ; 5.600e+00 ; 1.200e+00 ; 1.4552000e+01 ; 2.6900000e+02 
3.500e+01 ; 5.600e+00 ; 1.200e+00 ; 1.4553000e+01 ; 2.6900000e+02 
3.500e+01 ; 5.600e+00 ; 1.200e+00 ; 1.4555000e+01 ; 2.6900000e+02 
3.500e+01 ; 5.600e+00 ; 1.200e+00 ; 1.4559000e+01 ; 2.6900000e+02 
3.500e+01 ; 5.600e+00 ; 1.200e+00 ; 1.4567000e+01 ; 2.6900000e+02 
3.500e+01 ; 5.600e+00 ; 1.200e+00 ; 1.4583000e+01 ; 2.6900000e+02 
3.500e+01 ; 5.600e+00 ; 1.200e+00 ; 1.4615000e+01 ; 2.6900000e+02 
3.500e+01 ; 5.600e+00 ; 1.200e+00 ; 1.4679000e+01 ; 2.6900000e+02 
3.500e+01 ; 5.600e+00 ; 1.200e+00 ; 1.4807000e+01 ; 2.6900000e+02 
3.500e+01 ; 5.600e+00 ; 1.200e+00 ; 1.5063000e+01 ; 2.6900000e+02 
3.500e+01 ; 5.600e+00 ; 1.200e+00 ; 1.5520000e+01 ; 2.6900000e+02 
3.500e+01 ; 5.600e+00 ; 1.200e+00 ; 1.5520000e+01 ; 2.6900000e+02 
3.500e+01 ; 5.600e+00 ; 1.200e+00 ; 1.5521000e+01 ; 2.6900000e+02 
3.500e+01 ; 5.600e+00 ; 1.200e+00 ; 1.5522000e+01 ; 2.6900000e+02 
3.500e+01 ; 5.600e+00 ; 1.200e+00 ; 1.5523000e+01 ; 2.6900000e+02 
3.500e+01 ; 5.600e+00 ; 1.200e+00 ; 1.5525000e+01 ; 2.6900000e+02 
3.500e+01 ; 5.600e+00 ; 1.200e+00 ; 1.5529000e+01 ; 2.6900000e+02 
3.500e+01 ; 5.600e+00 ; 1.200e+00 ; 1.5537000e+01 ; 2.6900000e+02 
3.500e+01 ; 5.600e+00 ; 1.200e+00 ; 1.5553000e+01 ; 2.6900000e+02 
3.500e+01 ; 5.600e+00 ; 1.200e+00 ; 1.5585000e+01 ; 2.6900000e+02 
3.500e+01 ; 5.600e+00 ; 1.200e+00 ; 1.5649000e+01 ; 2.6900000e+02 
3.500e+01 ; 5.600e+00 ; 1.200e+00 ; 1.5777000e+01 ; 2.6900000e+02 
3.500e+01 ; 5.600e+00 ; 1.200e+00 ; 1.6033000e+01 ; 2.6900000e+02 
3.500e+01 ; 5.600e+00 ; 1.200e+00 ; 1.6490000e+01 ; 2.6900000e+02 
3.500e+01 ; 5.600e+00 ; 1.200e+00 ; 1.6490000e+01 ; 2.6900000e+02 
3.500e+01 ; 5.600e+00 ; 1.200e+00 ; 1.6491000e+01 ; 2.6900000e+02 
3.500e+01 ; 5.600e+00 ; 1.200e+00 ; 1.6492000e+01 ; 2.6900000e+02 
3.500e+01 ; 5.600e+00 ; 1.200e+00 ; 1.6493000e+01 ; 2.6900000e+02 
3.500e+01 ; 5.600e+00 ; 1.200e+00 ; 1.6495000e+01 ; 2.6900000e+02 
3.500e+01 ; 5.600e+00 ; 1.200e+00 ; 1.6499000e+01 ; 2.6900000e+02 
3.500e+01 ; 5.600e+00 ; 1.200e+00 ; 1.6507000e+01 ; 2.6900000e+02 
3.500e+01 ; 5.600e+00 ; 1.200e+00 ; 1.6523000e+01 ; 2.6900000e+02 
3.500e+01 ; 5.600e+00 ; 1.200e+00 ; 1.6555000e+01 ; 2.6900000e+02 
3.500e+01 ; 5.600e+00 ; 1.200e+00 ; 1.6619000e+01 ; 2.6900000e+02 
3.500e+01 ; 5.600e+00 ; 1.200e+00 ; 1.6747000e+01 ; 2.6900000e+02 
3.500e+01 ; 5.600e+00 ; 1.200e+00 ; 1.7003000e+01 ; 2.6900000e+02 
3.500e+01 ; 5.600e+00 ; 1.200e+00 ; 1.7460001e+01 ; 2.6900000e+02 
3.500e+01 ; 5.600e+00 ; 1.200e+00 ; 1.7460001e+01 ; 2.6900000e+02 
3.500e+01 ; 5.600e+00 ; 1.200e+00 ; 1.7461001e+01 ; 2.6900000e+02 
3.500e+01 ; 5.600e+00 ; 1.200e+00 ; 1.7462001e+01 ; 2.6900000e+02 
3.500e+01 ; 5.600e+00 ; 1.200e+00 ; 1.7463001e+01 ; 2.6900000e+02 
3.500e+01 ; 5.600e+00 ; 1.200e+00 ; 1.7465001e+01 ; 2.6900000e+02 
3.500e+01 ; 5.600e+00 ; 1.200e+00 ; 1.7469001e+01 ; 2.6900000e+02 
3.500e+01 ; 5.600e+00 ; 1.200e+00 ; 1.7477001e+01 ; 2.6900000e+02 
3.500e+01 ; 5.600e+00 ; 1.200e+00 ; 1.7493001e+01 ; 2.6900000e+02 
3.500e+01 ; 5.600e+00 ; 1.200e+00 ; 1.7525001e+01 ; 2.6900000e+02 
3.500e+01 ; 5.600e+00 ; 1.200e+00 ; 1.7589001e+01 ; 2.6900000e+02 
3.500e+01 ; 5.600e+00 ; 1.200e+00 ; 1.7717001e+01 ; 2.6900000e+02 
3.500e+01 ; 5.600e+00 ; 1.200e+00 ; 1.7973001e+01 ; 2.6900000e+02 
3.500e+01 ; 5.600e+00 ; 1.200e+00 ; 1.8430001e+01 ; 2.6900000e+02 
3.500e+01 ; 5.600e+00 ; 1.200e+00 ; 1.8430001e+01 ; 2.6900000e+02 
3.500e+01 ; 5.600e+00 ; 1.200e+00 ; 1.8431001e+01 ; 2.6900000e+02 
3.500e+01 ; 5.600e+00 ; 1.200e+00 ; 1.8432001e+01 ; 2.6900000e+02 
3.500e+01 ; 5.600e+00 ; 1.200e+00 ; 1.8433001e+01 ; 2.6900000e+02 
3.500e+01 ; 5.600e+00 ; 1.200e+00 ; 1.8435001e+01 ; 2.6900000e+02 
3.500e+01 ; 5.600e+00 ; 1.200e+00 ; 1.8439001e+01 ; 2.6900000e+02 
3.500e+01 ; 5.600e+00 ; 1.200e+00 ; 1.8447001e+01 ; 2.6900000e+02 
3.500e+01 ; 5.600e+00 ; 1.200e+00 ; 1.8463001e+01 ; 2.6900000e+02 
3.500e+01 ; 5.600e+00 ; 1.200e+00 ; 1.8495001e+01 ; 2.6900000e+02 
3.500e+01 ; 5.600e+00 ; 1.200e+00 ; 1.8559001e+01 ; 2.6900000e+02 
3.500e+01 ; 5.600e+00 ; 1.200e+00 ; 1.8687001e+01 ; 2.6900000e+02 
3.500e+01 ; 5.600e+00 ; 1.200e+00 ; 1.8943001e+01 ; 2.6900000e+02 
3.500e+01 ; 5.600e+00 ; 1.200e+00 ; 1.9400001e+01 ; 2.6900000e+02 
3.500e+01 ; 5.600e+00 ; 1.200e+00 ; 1.9400001e+01 ; 2.6900000e+02 
3.500e+01 ; 5.600e+00 ; 1.200e+00 ; 1.9401001e+01 ; 2.6900000e+02 
3.500e+01 ; 5.600e+00 ; 1.200e+00 ; 1.9402001e+01 ; 2.6900000e+02 
3.500e+01 ; 5.600e+00 ; 1.200e+00 ; 1.9403001e+01 ; 2.6900000e+02 
3.500e+01 ; 5.600e+00 ; 1.200e+00 ; 1.9405001e+01 ; 2.6900000e+02 
3.500e+01 ; 5.600e+00 ; 1.200e+00 ; 1.9409001e+01 ; 2.6900000e+02 
3.500e+01 ; 5.600e+00 ; 1.200e+00 ; 1.9417001e+01 ; 2.6900000e+02 
3.500e+01 ; 5.600e+00 ; 1.200e+00 ; 1.9433001e+01 ; 2.6900000e+02 
3.500e+01 ; 5.600e+00 ; 1.200e+00 ; 1.9465001e+01 ; 2.6900000e+02 
3.500e+01 ; 5.600e+00 ; 1.200e+00 ; 1.9529001e+01 ; 2.6900000e+02 
3.500e+01 ; 5.600e+00 ; 1.200e+00 ; 1.9657001e+01 ; 2.6900000e+02 
3.500e+01 ; 5.600e+00 ; 1.200e+00 ; 1.9913001e+01 ; 2.6900000e+02 
3.500e+01 ; 5.600e+00 ; 1.200e+00 ; 2.0370001e+01 ; 2.6900000e+02 
3.500e+01 ; 5.600e+00 ; 1.200e+00 ; 2.0370001e+01 ; 2.6900000e+02 
3.500e+01 ; 5.600e+00 ; 1.200e+00 ; 2.0371001e+01 ; 2.6900000e+02 
3.500e+01 ; 5.600e+00 ; 1.200e+00 ; 2.0372001e+01 ; 2.6900000e+02 
3.500e+01 ; 5.600e+00 ; 1.200e+00 ; 2.0373001e+01 ; 2.6900000e+02 
3.500e+01 ; 5.600e+00 ; 1.200e+00 ; 2.0375001e+01 ; 2.6900000e+02 
3.500e+01 ; 5.600e+00 ; 1.200e+00 ; 2.0379001e+01 ; 2.6900000e+02 
3.500e+01 ; 5.600e+00 ; 1.200e+00 ; 2.0387001e+01 ; 2.6900000e+02 
3.500e+01 ; 5.600e+00 ; 1.200e+00 ; 2.0403001e+01 ; 2.6900000e+02 
3.500e+01 ; 5.600e+00 ; 1.200e+00 ; 2.0435001e+01 ; 2.6900000e+02 
3.500e+01 ; 5.600e+00 ; 1.200e+00 ; 2.0499001e+01 ; 2.6900000e+02 
3.500e+01 ; 5.600e+00 ; 1.200e+00 ; 2.0627001e+01 ; 2.6900000e+02 
3.500e+01 ; 5.600e+00 ; 1.200e+00 ; 2.0883001e+01 ; 2.6900000e+02 
3.500e+01 ; 5.600e+00 ; 1.200e+00 ; 2.1340001e+01 ; 2.6900000e+02 
3.500e+01 ; 5.600e+00 ; 1.200e+00 ; 2.1340001e+01 ; 2.6900000e+02 
3.500e+01 ; 5.600e+00 ; 1.200e+00 ; 2.1341001e+01 ; 2.6883078e+02 
3.500e+01 ; 5.600e+00 ; 1.200e+00 ; 2.1342001e+01 ; 2.6866168e+02 
3.500e+01 ; 5.600e+00 ; 1.200e+00 ; 2.1343001e+01 ; 2.6849280e+02 
3.500e+01 ; 5.600e+00 ; 1.200e+00 ; 2.1345001e+01 ; 2.6815564e+02 
3.500e+01 ; 5.600e+00 ; 1.200e+00 ; 2.1349001e+01 ; 2.6748395e+02 
3.500e+01 ; 5.600e+00 ; 1.200e+00 ; 2.1357001e+01 ; 2.6615094e+02 
3.500e+01 ; 5.600e+00 ; 1.200e+00 ; 2.1373001e+01 ; 2.6352585e+02 
3.500e+01 ; 5.600e+00 ; 1.200e+00 ; 2.1405001e+01 ; 2.5843448e+02 
3.500e+01 ; 5.600e+00 ; 1.200e+00 ; 2.1469001e+01 ; 2.4885086e+02 
3.500e+01 ; 5.600e+00 ; 1.200e+00 ; 2.1597001e+01 ; 2.3181805e+02 
3.500e+01 ; 5.600e+00 ; 1.200e+00 ; 2.1853001e+01 ; 2.0458492e+02 
3.500e+01 ; 5.600e+00 ; 1.200e+00 ; 2.2310001e+01 ; 1.7091092e+02 
3.500e+01 ; 5.600e+00 ; 1.200e+00 ; 2.2310001e+01 ; 1.7091092e+02 
3.500e+01 ; 5.600e+00 ; 1.200e+00 ; 2.2311001e+01 ; 1.7083730e+02 
3.500e+01 ; 5.600e+00 ; 1.200e+00 ; 2.2312001e+01 ; 1.7076376e+02 
3.500e+01 ; 5.600e+00 ; 1.200e+00 ; 2.2313001e+01 ; 1.7069028e+02 
3.500e+01 ; 5.600e+00 ; 1.200e+00 ; 2.2315001e+01 ; 1.7054361e+02 
3.500e+01 ; 5.600e+00 ; 1.200e+00 ; 2.2319001e+01 ; 1.7025137e+02 
3.500e+01 ; 5.600e+00 ; 1.200e+00 ; 2.2327001e+01 ; 1.6967130e+02 
3.500e+01 ; 5.600e+00 ; 1.200e+00 ; 2.2343001e+01 ; 1.6852846e+02 
3.500e+01 ; 5.600e+00 ; 1.200e+00 ; 2.2375001e+01 ; 1.6630991e+02 
3.500e+01 ; 5.600e+00 ; 1.200e+00 ; 2.2439001e+01 ; 1.6212564e+02 
3.500e+01 ; 5.600e+00 ; 1.200e+00 ; 2.2567001e+01 ; 1.5465895e+02 
3.500e+01 ; 5.600e+00 ; 1.200e+00 ; 2.2823001e+01 ; 1.4263635e+02 
3.500e+01 ; 5.600e+00 ; 1.200e+00 ; 2.3280001e+01 ; 1.2763560e+02 
3.500e+01 ; 5.600e+00 ; 1.200e+00 ; 2.3280001e+01 ; 1.2763560e+02 
3.500e+01 ; 5.600e+00 ; 1.200e+00 ; 2.3281001e+01 ; 1.2760281e+02 
3.500e+01 ; 5.600e+00 ; 1.200e+00 ; 2.3282001e+01 ; 1.2757005e+02 
3.500e+01 ; 5.600e+00 ; 1.200e+00 ; 2.3283001e+01 ; 1.2753732e+02 
3.500e+01 ; 5.600e+00 ; 1.200e+00 ; 2.3285001e+01 ; 1.2747199e+02 
3.500e+01 ; 5.600e+00 ; 1.200e+00 ; 2.3289001e+01 ; 1.2734187e+02 
3.500e+01 ; 5.600e+00 ; 1.200e+00 ; 2.3297001e+01 ; 1.2708365e+02 
3.500e+01 ; 5.600e+00 ; 1.200e+00 ; 2.3313001e+01 ; 1.2657526e+02 
3.500e+01 ; 5.600e+00 ; 1.200e+00 ; 2.3345001e+01 ; 1.2558968e+02 
3.500e+01 ; 5.600e+00 ; 1.200e+00 ; 2.3409001e+01 ; 1.2373537e+02 
3.500e+01 ; 5.600e+00 ; 1.200e+00 ; 2.3537001e+01 ; 1.2043831e+02 
3.500e+01 ; 5.600e+00 ; 1.200e+00 ; 2.3793001e+01 ; 1.1513518e+02 
3.500e+01 ; 5.600e+00 ; 1.200e+00 ; 2.4250001e+01 ; 1.0841180e+02 
3.500e+01 ; 5.600e+00 ; 1.200e+00 ; 2.4250001e+01 ; 1.0841180e+02 
3.500e+01 ; 5.600e+00 ; 1.200e+00 ; 2.4251001e+01 ; 1.0839710e+02 
3.500e+01 ; 5.600e+00 ; 1.200e+00 ; 2.4252001e+01 ; 1.0838242e+02 
3.500e+01 ; 5.600e+00 ; 1.200e+00 ; 2.4253001e+01 ; 1.0836774e+02 
3.500e+01 ; 5.600e+00 ; 1.200e+00 ; 2.4255001e+01 ; 1.0833846e+02 
3.500e+01 ; 5.600e+00 ; 1.200e+00 ; 2.4259001e+01 ; 1.0828008e+02 
3.500e+01 ; 5.600e+00 ; 1.200e+00 ; 2.4267001e+01 ; 1.0816414e+02 
3.500e+01 ; 5.600e+00 ; 1.200e+00 ; 2.4283001e+01 ; 1.0793551e+02 
3.500e+01 ; 5.600e+00 ; 1.200e+00 ; 2.4315001e+01 ; 1.0749069e+02 
3.500e+01 ; 5.600e+00 ; 1.200e+00 ; 2.4379001e+01 ; 1.0664742e+02 
3.500e+01 ; 5.600e+00 ; 1.200e+00 ; 2.4507001e+01 ; 1.0512241e+02 
3.500e+01 ; 5.600e+00 ; 1.200e+00 ; 2.4763001e+01 ; 1.0257403e+02 
3.500e+01 ; 5.600e+00 ; 1.200e+00 ; 2.5220001e+01 ; 9.9101105e+01 
3.500e+01 ; 5.600e+00 ; 1.200e+00 ; 2.5220001e+01 ; 9.9101105e+01 
3.500e+01 ; 5.600e+00 ; 1.200e+00 ; 2.5221001e+01 ; 9.9093513e+01 
3.500e+01 ; 5.600e+00 ; 1.200e+00 ; 2.5222001e+01 ; 9.9085922e+01 
3.500e+01 ; 5.600e+00 ; 1.200e+00 ; 2.5223001e+01 ; 9.9078339e+01 
3.500e+01 ; 5.600e+00 ; 1.200e+00 ; 2.5225001e+01 ; 9.9063187e+01 
3.500e+01 ; 5.600e+00 ; 1.200e+00 ; 2.5229001e+01 ; 9.9032974e+01 
3.500e+01 ; 5.600e+00 ; 1.200e+00 ; 2.5237001e+01 ; 9.8972878e+01 
3.500e+01 ; 5.600e+00 ; 1.200e+00 ; 2.5253001e+01 ; 9.8853943e+01 
3.500e+01 ; 5.600e+00 ; 1.200e+00 ; 2.5285001e+01 ; 9.8621010e+01 
3.500e+01 ; 5.600e+00 ; 1.200e+00 ; 2.5349001e+01 ; 9.8173630e+01 
3.500e+01 ; 5.600e+00 ; 1.200e+00 ; 2.5477001e+01 ; 9.7344398e+01 
3.500e+01 ; 5.600e+00 ; 1.200e+00 ; 2.5733001e+01 ; 9.5896431e+01 
3.500e+01 ; 5.600e+00 ; 1.200e+00 ; 2.6190001e+01 ; 9.3791824e+01 
3.500e+01 ; 5.600e+00 ; 1.200e+00 ; 2.6190001e+01 ; 9.3791824e+01 
3.500e+01 ; 5.600e+00 ; 1.200e+00 ; 2.6191001e+01 ; 9.3787224e+01 
3.500e+01 ; 5.600e+00 ; 1.200e+00 ; 2.6192001e+01 ; 9.3782623e+01 
3.500e+01 ; 5.600e+00 ; 1.200e+00 ; 2.6193001e+01 ; 9.3778023e+01 
3.500e+01 ; 5.600e+00 ; 1.200e+00 ; 2.6195001e+01 ; 9.3768837e+01 
3.500e+01 ; 5.600e+00 ; 1.200e+00 ; 2.6199001e+01 ; 9.3750496e+01 
3.500e+01 ; 5.600e+00 ; 1.200e+00 ; 2.6207001e+01 ; 9.3713966e+01 
3.500e+01 ; 5.600e+00 ; 1.200e+00 ; 2.6223001e+01 ; 9.3641472e+01 
3.500e+01 ; 5.600e+00 ; 1.200e+00 ; 2.6255001e+01 ; 9.3498711e+01 
3.500e+01 ; 5.600e+00 ; 1.200e+00 ; 2.6319001e+01 ; 9.3221657e+01 
3.500e+01 ; 5.600e+00 ; 1.200e+00 ; 2.6447001e+01 ; 9.2698219e+01 
3.500e+01 ; 5.600e+00 ; 1.200e+00 ; 2.6703001e+01 ; 9.1754486e+01 
3.500e+01 ; 5.600e+00 ; 1.200e+00 ; 2.7160001e+01 ; 9.0322830e+01 
3.500e+01 ; 5.600e+00 ; 1.200e+00 ; 2.7160001e+01 ; 9.0322830e+01 
3.500e+01 ; 5.600e+00 ; 1.200e+00 ; 2.7161001e+01 ; 9.0319695e+01 
3.500e+01 ; 5.600e+00 ; 1.200e+00 ; 2.7162001e+01 ; 9.0316566e+01 
3.500e+01 ; 5.600e+00 ; 1.200e+00 ; 2.7163001e+01 ; 9.0313438e+01 
3.500e+01 ; 5.600e+00 ; 1.200e+00 ; 2.7165001e+01 ; 9.0307182e+01 
3.500e+01 ; 5.600e+00 ; 1.200e+00 ; 2.7169001e+01 ; 9.0294701e+01 
3.500e+01 ; 5.600e+00 ; 1.200e+00 ; 2.7177001e+01 ; 9.0269798e+01 
3.500e+01 ; 5.600e+00 ; 1.200e+00 ; 2.7193001e+01 ; 9.0220306e+01 
3.500e+01 ; 5.600e+00 ; 1.200e+00 ; 2.7225001e+01 ; 9.0122513e+01 
3.500e+01 ; 5.600e+00 ; 1.200e+00 ; 2.7289001e+01 ; 8.9931496e+01 
3.500e+01 ; 5.600e+00 ; 1.200e+00 ; 2.7417001e+01 ; 8.9566475e+01 
3.500e+01 ; 5.600e+00 ; 1.200e+00 ; 2.7673001e+01 ; 8.8896133e+01 
3.500e+01 ; 5.600e+00 ; 1.200e+00 ; 2.8130001e+01 ; 8.7855316e+01 
3.500e+01 ; 5.600e+00 ; 1.200e+00 ; 2.8130001e+01 ; 8.7855316e+01 
3.500e+01 ; 5.600e+00 ; 1.200e+00 ; 2.8131001e+01 ; 8.7853043e+01 
3.500e+01 ; 5.600e+00 ; 1.200e+00 ; 2.8132001e+01 ; 8.7850769e+01 
3.500e+01 ; 5.600e+00 ; 1.200e+00 ; 2.8133001e+01 ; 8.7848488e+01 
3.500e+01 ; 5.600e+00 ; 1.200e+00 ; 2.8135001e+01 ; 8.7843941e+01 
3.500e+01 ; 5.600e+00 ; 1.200e+00 ; 2.8139001e+01 ; 8.7834862e+01 
3.500e+01 ; 5.600e+00 ; 1.200e+00 ; 2.8147001e+01 ; 8.7816742e+01 
3.500e+01 ; 5.600e+00 ; 1.200e+00 ; 2.8163001e+01 ; 8.7780693e+01 
3.500e+01 ; 5.600e+00 ; 1.200e+00 ; 2.8195001e+01 ; 8.7709335e+01 
3.500e+01 ; 5.600e+00 ; 1.200e+00 ; 2.8259001e+01 ; 8.7569496e+01 
3.500e+01 ; 5.600e+00 ; 1.200e+00 ; 2.8387001e+01 ; 8.7300705e+01 
3.500e+01 ; 5.600e+00 ; 1.200e+00 ; 2.8643001e+01 ; 8.6802536e+01 
3.500e+01 ; 5.600e+00 ; 1.200e+00 ; 2.9100001e+01 ; 8.6020294e+01 
3.500e+01 ; 5.600e+00 ; 1.200e+00 ; 2.9100001e+01 ; 8.6020294e+01 
3.500e+01 ; 5.600e+00 ; 1.200e+00 ; 2.9101001e+01 ; 8.6018585e+01 
3.500e+01 ; 5.600e+00 ; 1.200e+00 ; 2.9102001e+01 ; 8.6016876e+01 
3.500e+01 ; 5.600e+00 ; 1.200e+00 ; 2.9103001e+01 ; 8.6015167e+01 
3.500e+01 ; 5.600e+00 ; 1.200e+00 ; 2.9105001e+01 ; 8.6011749e+01 
3.500e+01 ; 5.600e+00 ; 1.200e+00 ; 2.9109001e+01 ; 8.6004921e+01 
3.500e+01 ; 5.600e+00 ; 1.200e+00 ; 2.9117001e+01 ; 8.5991295e+01 
3.500e+01 ; 5.600e+00 ; 1.200e+00 ; 2.9133001e+01 ; 8.5964180e+01 
3.500e+01 ; 5.600e+00 ; 1.200e+00 ; 2.9165001e+01 ; 8.5910454e+01 
3.500e+01 ; 5.600e+00 ; 1.200e+00 ; 2.9229001e+01 ; 8.5805008e+01 
3.500e+01 ; 5.600e+00 ; 1.200e+00 ; 2.9357001e+01 ; 8.5601776e+01 
3.500e+01 ; 5.600e+00 ; 1.200e+00 ; 2.9613001e+01 ; 8.5223488e+01 
3.500e+01 ; 5.600e+00 ; 1.200e+00 ; 3.0070001e+01 ; 8.4626442e+01 
3.500e+01 ; 5.600e+00 ; 1.200e+00 ; 3.0070001e+01 ; 8.4626442e+01 
3.500e+01 ; 5.600e+00 ; 1.200e+00 ; 3.0071001e+01 ; 8.4625137e+01 
3.500e+01 ; 5.600e+00 ; 1.200e+00 ; 3.0072001e+01 ; 8.4623833e+01 
3.500e+01 ; 5.600e+00 ; 1.200e+00 ; 3.0073001e+01 ; 8.4622528e+01 
3.500e+01 ; 5.600e+00 ; 1.200e+00 ; 3.0075001e+01 ; 8.4619919e+01 
3.500e+01 ; 5.600e+00 ; 1.200e+00 ; 3.0079001e+01 ; 8.4614708e+01 
3.500e+01 ; 5.600e+00 ; 1.200e+00 ; 3.0087001e+01 ; 8.4604309e+01 
3.500e+01 ; 5.600e+00 ; 1.200e+00 ; 3.0103001e+01 ; 8.4583595e+01 
3.500e+01 ; 5.600e+00 ; 1.200e+00 ; 3.0135001e+01 ; 8.4542564e+01 
3.500e+01 ; 5.600e+00 ; 1.200e+00 ; 3.0199001e+01 ; 8.4461960e+01 
3.500e+01 ; 5.600e+00 ; 1.200e+00 ; 3.0327001e+01 ; 8.4306419e+01 
3.500e+01 ; 5.600e+00 ; 1.200e+00 ; 3.0583001e+01 ; 8.4016350e+01 
3.500e+01 ; 5.600e+00 ; 1.200e+00 ; 3.1040001e+01 ; 8.3557480e+01 
3.500e+01 ; 5.600e+00 ; 1.200e+00 ; 3.1040001e+01 ; 8.3557480e+01 
3.500e+01 ; 5.600e+00 ; 1.200e+00 ; 3.1041001e+01 ; 8.3556473e+01 
3.500e+01 ; 5.600e+00 ; 1.200e+00 ; 3.1042001e+01 ; 8.3555473e+01 
3.500e+01 ; 5.600e+00 ; 1.200e+00 ; 3.1043001e+01 ; 8.3554466e+01 
3.500e+01 ; 5.600e+00 ; 1.200e+00 ; 3.1045001e+01 ; 8.3552460e+01 
3.500e+01 ; 5.600e+00 ; 1.200e+00 ; 3.1049001e+01 ; 8.3548454e+01 
3.500e+01 ; 5.600e+00 ; 1.200e+00 ; 3.1057001e+01 ; 8.3540459e+01 
3.500e+01 ; 5.600e+00 ; 1.200e+00 ; 3.1073001e+01 ; 8.3524544e+01 
3.500e+01 ; 5.600e+00 ; 1.200e+00 ; 3.1105001e+01 ; 8.3492996e+01 
3.500e+01 ; 5.600e+00 ; 1.200e+00 ; 3.1169001e+01 ; 8.3431007e+01 
3.500e+01 ; 5.600e+00 ; 1.200e+00 ; 3.1297001e+01 ; 8.3311317e+01 
3.500e+01 ; 5.600e+00 ; 1.200e+00 ; 3.1553001e+01 ; 8.3087921e+01 
3.500e+01 ; 5.600e+00 ; 1.200e+00 ; 3.2010001e+01 ; 8.2734169e+01 
3.500e+01 ; 5.600e+00 ; 1.200e+00 ; 3.2010001e+01 ; 8.2734169e+01 
3.500e+01 ; 5.600e+00 ; 1.200e+00 ; 3.2011001e+01 ; 8.2733398e+01 
3.500e+01 ; 5.600e+00 ; 1.200e+00 ; 3.2012001e+01 ; 8.2732628e+01 
3.500e+01 ; 5.600e+00 ; 1.200e+00 ; 3.2013001e+01 ; 8.2731850e+01 
3.500e+01 ; 5.600e+00 ; 1.200e+00 ; 3.2015001e+01 ; 8.2730309e+01 
3.500e+01 ; 5.600e+00 ; 1.200e+00 ; 3.2019001e+01 ; 8.2727219e+01 
3.500e+01 ; 5.600e+00 ; 1.200e+00 ; 3.2027001e+01 ; 8.2721054e+01 
3.500e+01 ; 5.600e+00 ; 1.200e+00 ; 3.2043001e+01 ; 8.2708778e+01 
3.500e+01 ; 5.600e+00 ; 1.200e+00 ; 3.2075001e+01 ; 8.2684456e+01 
3.500e+01 ; 5.600e+00 ; 1.200e+00 ; 3.2139001e+01 ; 8.2636650e+01 
3.500e+01 ; 5.600e+00 ; 1.200e+00 ; 3.2267001e+01 ; 8.2544334e+01 
3.500e+01 ; 5.600e+00 ; 1.200e+00 ; 3.2523001e+01 ; 8.2371971e+01 
3.500e+01 ; 5.600e+00 ; 1.200e+00 ; 3.2980001e+01 ; 8.2098953e+01 
3.500e+01 ; 5.600e+00 ; 1.200e+00 ; 3.2980001e+01 ; 8.2098953e+01 
3.500e+01 ; 5.600e+00 ; 1.200e+00 ; 3.2981001e+01 ; 8.2098358e+01 
3.500e+01 ; 5.600e+00 ; 1.200e+00 ; 3.2982001e+01 ; 8.2097763e+01 
3.500e+01 ; 5.600e+00 ; 1.200e+00 ; 3.2983001e+01 ; 8.2097160e+01 
3.500e+01 ; 5.600e+00 ; 1.200e+00 ; 3.2985001e+01 ; 8.2095970e+01 
3.500e+01 ; 5.600e+00 ; 1.200e+00 ; 3.2989001e+01 ; 8.2093590e+01 
3.500e+01 ; 5.600e+00 ; 1.200e+00 ; 3.2997001e+01 ; 8.2088829e+01 
3.500e+01 ; 5.600e+00 ; 1.200e+00 ; 3.3013001e+01 ; 8.2079361e+01 
3.500e+01 ; 5.600e+00 ; 1.200e+00 ; 3.3045001e+01 ; 8.2060585e+01 
3.500e+01 ; 5.600e+00 ; 1.200e+00 ; 3.3109001e+01 ; 8.2023689e+01 
3.500e+01 ; 5.600e+00 ; 1.200e+00 ; 3.3237001e+01 ; 8.1952438e+01 
3.500e+01 ; 5.600e+00 ; 1.200e+00 ; 3.3493001e+01 ; 8.1819473e+01 
3.500e+01 ; 5.600e+00 ; 1.200e+00 ; 3.3950001e+01 ; 8.1609482e+01 
3.500e+01 ; 5.600e+00 ; 1.200e+00 ; 3.3950001e+01 ; 8.1609482e+01 
3.500e+01 ; 5.600e+00 ; 1.200e+00 ; 3.3951001e+01 ; 8.1609016e+01 
3.500e+01 ; 5.600e+00 ; 1.200e+00 ; 3.3952001e+01 ; 8.1608559e+01 
3.500e+01 ; 5.600e+00 ; 1.200e+00 ; 3.3953001e+01 ; 8.1608101e+01 
3.500e+01 ; 5.600e+00 ; 1.200e+00 ; 3.3955001e+01 ; 8.1607185e+01 
3.500e+01 ; 5.600e+00 ; 1.200e+00 ; 3.3959001e+01 ; 8.1605347e+01 
3.500e+01 ; 5.600e+00 ; 1.200e+00 ; 3.3967001e+01 ; 8.1601692e+01 
3.500e+01 ; 5.600e+00 ; 1.200e+00 ; 3.3983001e+01 ; 8.1594406e+01 
3.500e+01 ; 5.600e+00 ; 1.200e+00 ; 3.4015001e+01 ; 8.1579979e+01 
3.500e+01 ; 5.600e+00 ; 1.200e+00 ; 3.4079001e+01 ; 8.1551689e+01 
3.500e+01 ; 5.600e+00 ; 1.200e+00 ; 3.4207001e+01 ; 8.1497536e+01 
3.500e+01 ; 5.600e+00 ; 1.200e+00 ; 3.4463001e+01 ; 8.1399887e+01 
3.500e+01 ; 5.600e+00 ; 1.200e+00 ; 3.4920001e+01 ; 8.1260284e+01 
3.500e+01 ; 5.600e+00 ; 1.200e+00 ; 3.4920001e+01 ; 8.1260284e+01 
3.500e+01 ; 5.600e+00 ; 1.200e+00 ; 3.4921001e+01 ; 8.1259979e+01 
3.500e+01 ; 5.600e+00 ; 1.200e+00 ; 3.4922001e+01 ; 8.1259674e+01 
3.500e+01 ; 5.600e+00 ; 1.200e+00 ; 3.4923001e+01 ; 8.1259369e+01 
3.500e+01 ; 5.600e+00 ; 1.200e+00 ; 3.4925001e+01 ; 8.1258759e+01 
3.500e+01 ; 5.600e+00 ; 1.200e+00 ; 3.4929001e+01 ; 8.1257545e+01 
3.500e+01 ; 5.600e+00 ; 1.200e+00 ; 3.4937001e+01 ; 8.1255135e+01 
3.500e+01 ; 5.600e+00 ; 1.200e+00 ; 3.4953001e+01 ; 8.1250374e+01 
3.500e+01 ; 5.600e+00 ; 1.200e+00 ; 3.4985001e+01 ; 8.1241135e+01 
3.500e+01 ; 5.600e+00 ; 1.200e+00 ; 3.5049001e+01 ; 8.1223946e+01 
3.500e+01 ; 5.600e+00 ; 1.200e+00 ; 3.5177001e+01 ; 8.1195702e+01 
3.500e+01 ; 5.600e+00 ; 1.200e+00 ; 3.5433001e+01 ; 8.1167923e+01 
3.500e+01 ; 5.600e+00 ; 1.200e+00 ; 3.5890001e+01 ; 8.1204048e+01 
3.500e+01 ; 5.600e+00 ; 1.200e+00 ; 3.5890001e+01 ; 8.1204048e+01 
3.500e+01 ; 5.600e+00 ; 1.200e+00 ; 3.5891001e+01 ; 8.1208984e+01 
3.500e+01 ; 5.600e+00 ; 1.200e+00 ; 3.5892001e+01 ; 8.1213959e+01 
3.500e+01 ; 5.600e+00 ; 1.200e+00 ; 3.5893001e+01 ; 8.1218964e+01 
3.500e+01 ; 5.600e+00 ; 1.200e+00 ; 3.5895001e+01 ; 8.1229134e+01 
3.500e+01 ; 5.600e+00 ; 1.200e+00 ; 3.5899001e+01 ; 8.1250046e+01 
3.500e+01 ; 5.600e+00 ; 1.200e+00 ; 3.5907001e+01 ; 8.1294159e+01 
3.500e+01 ; 5.600e+00 ; 1.200e+00 ; 3.5923001e+01 ; 8.1391029e+01 
3.500e+01 ; 5.600e+00 ; 1.200e+00 ; 3.5955001e+01 ; 8.1615997e+01 
3.500e+01 ; 5.600e+00 ; 1.200e+00 ; 3.6019001e+01 ; 8.2166931e+01 
3.500e+01 ; 5.600e+00 ; 1.200e+00 ; 3.6147001e+01 ; 8.3524162e+01 
3.500e+01 ; 5.600e+00 ; 1.200e+00 ; 3.6403001e+01 ; 8.6531540e+01 
3.500e+01 ; 5.600e+00 ; 1.200e+00 ; 3.6860001e+01 ; 9.1072662e+01 
3.500e+01 ; 5.600e+00 ; 1.200e+00 ; 3.6860001e+01 ; 9.1072662e+01 
3.500e+01 ; 5.600e+00 ; 1.200e+00 ; 3.6861001e+01 ; 9.1086601e+01 
3.500e+01 ; 5.600e+00 ; 1.200e+00 ; 3.6862001e+01 ; 9.1100540e+01 
3.500e+01 ; 5.600e+00 ; 1.200e+00 ; 3.6863001e+01 ; 9.1114487e+01 
3.500e+01 ; 5.600e+00 ; 1.200e+00 ; 3.6865001e+01 ; 9.1142387e+01 
3.500e+01 ; 5.600e+00 ; 1.200e+00 ; 3.6869001e+01 ; 9.1198235e+01 
3.500e+01 ; 5.600e+00 ; 1.200e+00 ; 3.6877001e+01 ; 9.1310112e+01 
3.500e+01 ; 5.600e+00 ; 1.200e+00 ; 3.6893001e+01 ; 9.1534409e+01 
3.500e+01 ; 5.600e+00 ; 1.200e+00 ; 3.6925001e+01 ; 9.1984123e+01 
3.500e+01 ; 5.600e+00 ; 1.200e+00 ; 3.6989001e+01 ; 9.2880524e+01 
3.500e+01 ; 5.600e+00 ; 1.200e+00 ; 3.7117001e+01 ; 9.4615753e+01 
3.500e+01 ; 5.600e+00 ; 1.200e+00 ; 3.7373001e+01 ; 9.7654343e+01 
3.500e+01 ; 5.600e+00 ; 1.200e+00 ; 3.7830001e+01 ; 1.0138228e+02 
3.500e+01 ; 5.600e+00 ; 1.200e+00 ; 3.7830001e+01 ; 1.0138228e+02 
3.500e+01 ; 5.600e+00 ; 1.200e+00 ; 3.7831001e+01 ; 1.0139042e+02 
3.500e+01 ; 5.600e+00 ; 1.200e+00 ; 3.7832001e+01 ; 1.0139854e+02 
3.500e+01 ; 5.600e+00 ; 1.200e+00 ; 3.7833001e+01 ; 1.0140665e+02 
3.500e+01 ; 5.600e+00 ; 1.200e+00 ; 3.7835001e+01 ; 1.0142280e+02 
3.500e+01 ; 5.600e+00 ; 1.200e+00 ; 3.7839001e+01 ; 1.0145483e+02 
3.500e+01 ; 5.600e+00 ; 1.200e+00 ; 3.7847001e+01 ; 1.0151785e+02 
3.500e+01 ; 5.600e+00 ; 1.200e+00 ; 3.7863001e+01 ; 1.0163977e+02 
3.500e+01 ; 5.600e+00 ; 1.200e+00 ; 3.7895001e+01 ; 1.0186790e+02 
3.500e+01 ; 5.600e+00 ; 1.200e+00 ; 3.7959001e+01 ; 1.0226647e+02 
3.500e+01 ; 5.600e+00 ; 1.200e+00 ; 3.8087001e+01 ; 1.0286852e+02 
3.500e+01 ; 5.600e+00 ; 1.200e+00 ; 3.8343001e+01 ; 1.0350780e+02 
3.500e+01 ; 5.600e+00 ; 1.200e+00 ; 3.8800001e+01 ; 1.0361231e+02 
3.500e+01 ; 5.600e+00 ; 1.200e+00 ; 3.8800001e+01 ; 1.0361231e+02 
3.500e+01 ; 5.600e+00 ; 1.200e+00 ; 3.8801001e+01 ; 1.0361254e+02 
3.500e+01 ; 5.600e+00 ; 1.200e+00 ; 3.8802001e+01 ; 1.0361275e+02 
3.500e+01 ; 5.600e+00 ; 1.200e+00 ; 3.8803001e+01 ; 1.0361297e+02 
3.500e+01 ; 5.600e+00 ; 1.200e+00 ; 3.8805001e+01 ; 1.0361338e+02 
3.500e+01 ; 5.600e+00 ; 1.200e+00 ; 3.8809001e+01 ; 1.0361412e+02 
3.500e+01 ; 5.600e+00 ; 1.200e+00 ; 3.8817001e+01 ; 1.0361529e+02 
3.500e+01 ; 5.600e+00 ; 1.200e+00 ; 3.8833001e+01 ; 1.0361641e+02 
3.500e+01 ; 5.600e+00 ; 1.200e+00 ; 3.8865001e+01 ; 1.0361409e+02 
3.500e+01 ; 5.600e+00 ; 1.200e+00 ; 3.8929001e+01 ; 1.0359291e+02 
3.500e+01 ; 5.600e+00 ; 1.200e+00 ; 3.9057001e+01 ; 1.0349640e+02 
3.500e+01 ; 5.600e+00 ; 1.200e+00 ; 3.9313001e+01 ; 1.0315695e+02 
3.500e+01 ; 5.600e+00 ; 1.200e+00 ; 3.9770001e+01 ; 1.0232001e+02 
3.500e+01 ; 5.600e+00 ; 1.200e+00 ; 3.9770001e+01 ; 1.0232001e+02 
3.500e+01 ; 5.600e+00 ; 1.200e+00 ; 3.9771001e+01 ; 1.0231818e+02 
3.500e+01 ; 5.600e+00 ; 1.200e+00 ; 3.9772001e+01 ; 1.0231635e+02 
3.500e+01 ; 5.600e+00 ; 1.200e+00 ; 3.9773001e+01 ; 1.0231451e+02 
3.500e+01 ; 5.600e+00 ; 1.200e+00 ; 3.9775001e+01 ; 1.0231084e+02 
3.500e+01 ; 5.600e+00 ; 1.200e+00 ; 3.9779001e+01 ; 1.0230347e+02 
3.500e+01 ; 5.600e+00 ; 1.200e+00 ; 3.9787001e+01 ; 1.0228867e+02 
3.500e+01 ; 5.600e+00 ; 1.200e+00 ; 3.9803001e+01 ; 1.0225882e+02 
3.500e+01 ; 5.600e+00 ; 1.200e+00 ; 3.9835001e+01 ; 1.0219812e+02 
3.500e+01 ; 5.600e+00 ; 1.200e+00 ; 3.9899001e+01 ; 1.0207334e+02 
3.500e+01 ; 5.600e+00 ; 1.200e+00 ; 4.0027001e+01 ; 1.0181376e+02 
3.500e+01 ; 5.600e+00 ; 1.200e+00 ; 4.0283001e+01 ; 1.0127413e+02 
3.500e+01 ; 5.600e+00 ; 1.200e+00 ; 4.0740001e+01 ; 1.0030728e+02 
3.500e+01 ; 5.600e+00 ; 1.200e+00 ; 4.0740001e+01 ; 1.0030728e+02 
3.500e+01 ; 5.600e+00 ; 1.200e+00 ; 4.0741001e+01 ; 1.0030517e+02 
3.500e+01 ; 5.600e+00 ; 1.200e+00 ; 4.0742001e+01 ; 1.0030305e+02 
3.500e+01 ; 5.600e+00 ; 1.200e+00 ; 4.0743001e+01 ; 1.0030093e+02 
3.500e+01 ; 5.600e+00 ; 1.200e+00 ; 4.0745001e+01 ; 1.0029671e+02 
3.500e+01 ; 5.600e+00 ; 1.200e+00 ; 4.0749001e+01 ; 1.0028824e+02 
3.500e+01 ; 5.600e+00 ; 1.200e+00 ; 4.0757001e+01 ; 1.0027132e+02 
3.500e+01 ; 5.600e+00 ; 1.200e+00 ; 4.0773001e+01 ; 1.0023746e+02 
3.500e+01 ; 5.600e+00 ; 1.200e+00 ; 4.0805001e+01 ; 1.0016978e+02 
3.500e+01 ; 5.600e+00 ; 1.200e+00 ; 4.0869001e+01 ; 1.0003465e+02 
3.500e+01 ; 5.600e+00 ; 1.200e+00 ; 4.0997001e+01 ; 9.9766144e+01 
3.500e+01 ; 5.600e+00 ; 1.200e+00 ; 4.1253001e+01 ; 9.9240784e+01 
3.500e+01 ; 5.600e+00 ; 1.200e+00 ; 4.1710001e+01 ; 9.8352158e+01 
3.500e+01 ; 5.600e+00 ; 1.200e+00 ; 4.1710001e+01 ; 9.8352158e+01 
3.500e+01 ; 5.600e+00 ; 1.200e+00 ; 4.1711001e+01 ; 9.8350212e+01 
3.500e+01 ; 5.600e+00 ; 1.200e+00 ; 4.1712001e+01 ; 9.8348267e+01 
3.500e+01 ; 5.600e+00 ; 1.200e+00 ; 4.1713001e+01 ; 9.8346329e+01 
3.500e+01 ; 5.600e+00 ; 1.200e+00 ; 4.1715001e+01 ; 9.8342438e+01 
3.500e+01 ; 5.600e+00 ; 1.200e+00 ; 4.1719001e+01 ; 9.8334671e+01 
3.500e+01 ; 5.600e+00 ; 1.200e+00 ; 4.1727001e+01 ; 9.8319145e+01 
3.500e+01 ; 5.600e+00 ; 1.200e+00 ; 4.1743001e+01 ; 9.8288162e+01 
3.500e+01 ; 5.600e+00 ; 1.200e+00 ; 4.1775001e+01 ; 9.8226440e+01 
3.500e+01 ; 5.600e+00 ; 1.200e+00 ; 4.1839001e+01 ; 9.8104012e+01 
3.500e+01 ; 5.600e+00 ; 1.200e+00 ; 4.1967001e+01 ; 9.7863365e+01 
3.500e+01 ; 5.600e+00 ; 1.200e+00 ; 4.2223001e+01 ; 9.7399368e+01 
3.500e+01 ; 5.600e+00 ; 1.200e+00 ; 4.2680001e+01 ; 9.6625328e+01 
3.500e+01 ; 5.600e+00 ; 1.200e+00 ; 4.2680001e+01 ; 9.6625328e+01 
3.500e+01 ; 5.600e+00 ; 1.200e+00 ; 4.2681001e+01 ; 9.6623634e+01 
3.500e+01 ; 5.600e+00 ; 1.200e+00 ; 4.2682001e+01 ; 9.6621941e+01 
3.500e+01 ; 5.600e+00 ; 1.200e+00 ; 4.2683001e+01 ; 9.6620247e+01 
3.500e+01 ; 5.600e+00 ; 1.200e+00 ; 4.2685001e+01 ; 9.6616867e+01 
3.500e+01 ; 5.600e+00 ; 1.200e+00 ; 4.2689001e+01 ; 9.6610100e+01 
3.500e+01 ; 5.600e+00 ; 1.200e+00 ; 4.2697001e+01 ; 9.6596588e+01 
3.500e+01 ; 5.600e+00 ; 1.200e+00 ; 4.2713001e+01 ; 9.6569626e+01 
3.500e+01 ; 5.600e+00 ; 1.200e+00 ; 4.2745001e+01 ; 9.6515961e+01 
3.500e+01 ; 5.600e+00 ; 1.200e+00 ; 4.2809001e+01 ; 9.6409698e+01 
3.500e+01 ; 5.600e+00 ; 1.200e+00 ; 4.2937001e+01 ; 9.6201355e+01 
3.500e+01 ; 5.600e+00 ; 1.200e+00 ; 4.3193001e+01 ; 9.5800865e+01 
3.500e+01 ; 5.600e+00 ; 1.200e+00 ; 4.3650001e+01 ; 9.5134193e+01 
3.500e+01 ; 5.600e+00 ; 1.200e+00 ; 4.3650001e+01 ; 9.5134193e+01 
3.500e+01 ; 5.600e+00 ; 1.200e+00 ; 4.3651001e+01 ; 9.5132736e+01 
3.500e+01 ; 5.600e+00 ; 1.200e+00 ; 4.3652001e+01 ; 9.5131279e+01 
3.500e+01 ; 5.600e+00 ; 1.200e+00 ; 4.3653001e+01 ; 9.5129822e+01 
3.500e+01 ; 5.600e+00 ; 1.200e+00 ; 4.3655001e+01 ; 9.5126900e+01 
3.500e+01 ; 5.600e+00 ; 1.200e+00 ; 4.3659001e+01 ; 9.5121078e+01 
3.500e+01 ; 5.600e+00 ; 1.200e+00 ; 4.3667001e+01 ; 9.5109436e+01 
3.500e+01 ; 5.600e+00 ; 1.200e+00 ; 4.3683001e+01 ; 9.5086220e+01 
3.500e+01 ; 5.600e+00 ; 1.200e+00 ; 4.3715001e+01 ; 9.5040016e+01 
3.500e+01 ; 5.600e+00 ; 1.200e+00 ; 4.3779001e+01 ; 9.4948532e+01 
3.500e+01 ; 5.600e+00 ; 1.200e+00 ; 4.3907001e+01 ; 9.4769203e+01 
3.500e+01 ; 5.600e+00 ; 1.200e+00 ; 4.4163001e+01 ; 9.4424446e+01 
3.500e+01 ; 5.600e+00 ; 1.200e+00 ; 4.4620001e+01 ; 9.3849968e+01 
3.500e+01 ; 5.600e+00 ; 1.200e+00 ; 4.4620001e+01 ; 9.3849968e+01 
3.500e+01 ; 5.600e+00 ; 1.200e+00 ; 4.4621001e+01 ; 9.3848709e+01 
3.500e+01 ; 5.600e+00 ; 1.200e+00 ; 4.4622001e+01 ; 9.3847458e+01 
3.500e+01 ; 5.600e+00 ; 1.200e+00 ; 4.4623001e+01 ; 9.3846199e+01 
3.500e+01 ; 5.600e+00 ; 1.200e+00 ; 4.4625001e+01 ; 9.3843689e+01 
3.500e+01 ; 5.600e+00 ; 1.200e+00 ; 4.4629001e+01 ; 9.3838661e+01 
3.500e+01 ; 5.600e+00 ; 1.200e+00 ; 4.4637001e+01 ; 9.3828636e+01 
3.500e+01 ; 5.600e+00 ; 1.200e+00 ; 4.4653001e+01 ; 9.3808624e+01 
3.500e+01 ; 5.600e+00 ; 1.200e+00 ; 4.4685001e+01 ; 9.3768806e+01 
3.500e+01 ; 5.600e+00 ; 1.200e+00 ; 4.4749001e+01 ; 9.3689949e+01 
3.500e+01 ; 5.600e+00 ; 1.200e+00 ; 4.4877001e+01 ; 9.3535309e+01 
3.500e+01 ; 5.600e+00 ; 1.200e+00 ; 4.5133001e+01 ; 9.3237762e+01 
3.500e+01 ; 5.600e+00 ; 1.200e+00 ; 4.5590001e+01 ; 9.2741234e+01 
3.500e+01 ; 5.600e+00 ; 1.200e+00 ; 4.5590001e+01 ; 9.2741234e+01 
3.500e+01 ; 5.600e+00 ; 1.200e+00 ; 4.5591001e+01 ; 9.2740150e+01 
3.500e+01 ; 5.600e+00 ; 1.200e+00 ; 4.5592001e+01 ; 9.2739059e+01 
3.500e+01 ; 5.600e+00 ; 1.200e+00 ; 4.5593001e+01 ; 9.2737976e+01 
3.500e+01 ; 5.600e+00 ; 1.200e+00 ; 4.5595001e+01 ; 9.2735802e+01 
3.500e+01 ; 5.600e+00 ; 1.200e+00 ; 4.5599001e+01 ; 9.2731468e+01 
3.500e+01 ; 5.600e+00 ; 1.200e+00 ; 4.5607001e+01 ; 9.2722794e+01 
3.500e+01 ; 5.600e+00 ; 1.200e+00 ; 4.5623001e+01 ; 9.2705498e+01 
3.500e+01 ; 5.600e+00 ; 1.200e+00 ; 4.5655001e+01 ; 9.2671074e+01 
3.500e+01 ; 5.600e+00 ; 1.200e+00 ; 4.5719001e+01 ; 9.2602882e+01 
3.500e+01 ; 5.600e+00 ; 1.200e+00 ; 4.5847001e+01 ; 9.2469109e+01 
3.500e+01 ; 5.600e+00 ; 1.200e+00 ; 4.6103001e+01 ; 9.2211510e+01 
3.500e+01 ; 5.600e+00 ; 1.200e+00 ; 4.6560001e+01 ; 9.1781113e+01 
3.500e+01 ; 5.600e+00 ; 1.200e+00 ; 4.6560001e+01 ; 9.1781113e+01 
3.500e+01 ; 5.600e+00 ; 1.200e+00 ; 4.6561001e+01 ; 9.1780167e+01 
3.500e+01 ; 5.600e+00 ; 1.200e+00 ; 4.6562001e+01 ; 9.1779228e+01 
3.500e+01 ; 5.600e+00 ; 1.200e+00 ; 4.6563001e+01 ; 9.1778290e+01 
3.500e+01 ; 5.600e+00 ; 1.200e+00 ; 4.6565001e+01 ; 9.1776405e+01 
3.500e+01 ; 5.600e+00 ; 1.200e+00 ; 4.6569001e+01 ; 9.1772644e+01 
3.500e+01 ; 5.600e+00 ; 1.200e+00 ; 4.6577001e+01 ; 9.1765129e+01 
3.500e+01 ; 5.600e+00 ; 1.200e+00 ; 4.6593001e+01 ; 9.1750130e+01 
3.500e+01 ; 5.600e+00 ; 1.200e+00 ; 4.6625001e+01 ; 9.1720284e+01 
3.500e+01 ; 5.600e+00 ; 1.200e+00 ; 4.6689001e+01 ; 9.1661156e+01 
3.500e+01 ; 5.600e+00 ; 1.200e+00 ; 4.6817001e+01 ; 9.1545120e+01 
3.500e+01 ; 5.600e+00 ; 1.200e+00 ; 4.7073001e+01 ; 9.1321548e+01 
3.500e+01 ; 5.600e+00 ; 1.200e+00 ; 4.7530001e+01 ; 9.0947746e+01 
3.500e+01 ; 5.600e+00 ; 1.200e+00 ; 4.7530001e+01 ; 9.0947746e+01 
3.500e+01 ; 5.600e+00 ; 1.200e+00 ; 4.7531001e+01 ; 9.0946922e+01 
3.500e+01 ; 5.600e+00 ; 1.200e+00 ; 4.7532001e+01 ; 9.0946106e+01 
3.500e+01 ; 5.600e+00 ; 1.200e+00 ; 4.7533001e+01 ; 9.0945290e+01 
3.500e+01 ; 5.600e+00 ; 1.200e+00 ; 4.7535001e+01 ; 9.0943657e+01 
3.500e+01 ; 5.600e+00 ; 1.200e+00 ; 4.7539001e+01 ; 9.0940392e+01 
3.500e+01 ; 5.600e+00 ; 1.200e+00 ; 4.7547001e+01 ; 9.0933861e+01 
3.500e+01 ; 5.600e+00 ; 1.200e+00 ; 4.7563001e+01 ; 9.0920837e+01 
3.500e+01 ; 5.600e+00 ; 1.200e+00 ; 4.7595001e+01 ; 9.0894913e+01 
3.500e+01 ; 5.600e+00 ; 1.200e+00 ; 4.7659001e+01 ; 9.0843552e+01 
3.500e+01 ; 5.600e+00 ; 1.200e+00 ; 4.7787001e+01 ; 9.0742744e+01 
3.500e+01 ; 5.600e+00 ; 1.200e+00 ; 4.8043001e+01 ; 9.0548599e+01 
3.500e+01 ; 5.600e+00 ; 1.200e+00 ; 4.8500001e+01 ; 9.0224991e+01 
3.500e+01 ; 5.600e+00 ; 1.200e+00 ; 4.8500001e+01 ; 9.0224991e+01 
3.500e+01 ; 5.600e+00 ; 1.200e+00 ; 4.8501001e+01 ; 9.0224281e+01 
3.500e+01 ; 5.600e+00 ; 1.200e+00 ; 4.8502001e+01 ; 9.0223572e+01 
3.500e+01 ; 5.600e+00 ; 1.200e+00 ; 4.8503001e+01 ; 9.0222870e+01 
3.500e+01 ; 5.600e+00 ; 1.200e+00 ; 4.8505001e+01 ; 9.0221451e+01 
3.500e+01 ; 5.600e+00 ; 1.200e+00 ; 4.8509001e+01 ; 9.0218620e+01 
3.500e+01 ; 5.600e+00 ; 1.200e+00 ; 4.8517001e+01 ; 9.0212975e+01 
3.500e+01 ; 5.600e+00 ; 1.200e+00 ; 4.8533001e+01 ; 9.0201698e+01 
3.500e+01 ; 5.600e+00 ; 1.200e+00 ; 4.8565001e+01 ; 9.0179268e+01 
3.500e+01 ; 5.600e+00 ; 1.200e+00 ; 4.8629001e+01 ; 9.0134865e+01 
3.500e+01 ; 5.600e+00 ; 1.200e+00 ; 4.8757001e+01 ; 9.0047920e+01 
3.500e+01 ; 5.600e+00 ; 1.200e+00 ; 4.9013001e+01 ; 8.9882065e+01 
3.500e+01 ; 5.600e+00 ; 1.200e+00 ; 4.9470001e+01 ; 8.9614052e+01 
3.500e+01 ; 5.600e+00 ; 1.200e+00 ; 4.9470001e+01 ; 8.9614052e+01 
3.500e+01 ; 5.600e+00 ; 1.200e+00 ; 4.9471001e+01 ; 8.9613464e+01 
3.500e+01 ; 5.600e+00 ; 1.200e+00 ; 4.9472001e+01 ; 8.9612877e+01 
3.500e+01 ; 5.600e+00 ; 1.200e+00 ; 4.9473001e+01 ; 8.9612289e+01 
3.500e+01 ; 5.600e+00 ; 1.200e+00 ; 4.9475001e+01 ; 8.9611122e+01 
3.500e+01 ; 5.600e+00 ; 1.200e+00 ; 4.9479001e+01 ; 8.9608795e+01 
3.500e+01 ; 5.600e+00 ; 1.200e+00 ; 4.9487001e+01 ; 8.9604172e+01 
3.500e+01 ; 5.600e+00 ; 1.200e+00 ; 4.9503001e+01 ; 8.9595078e+01 
3.500e+01 ; 5.600e+00 ; 1.200e+00 ; 4.9535001e+01 ; 8.9577538e+01 
3.500e+01 ; 5.600e+00 ; 1.200e+00 ; 4.9599001e+01 ; 8.9545555e+01 
3.500e+01 ; 5.600e+00 ; 1.200e+00 ; 4.9727001e+01 ; 8.9495956e+01 
3.500e+01 ; 5.600e+00 ; 1.200e+00 ; 4.9983001e+01 ; 8.9454651e+01 
3.500e+01 ; 5.600e+00 ; 1.200e+00 ; 5.0440001e+01 ; 8.9514229e+01 
3.500e+01 ; 5.600e+00 ; 1.200e+00 ; 5.0440001e+01 ; 8.9514229e+01 
3.500e+01 ; 5.600e+00 ; 1.200e+00 ; 5.0441001e+01 ; 8.9514359e+01 
3.500e+01 ; 5.600e+00 ; 1.200e+00 ; 5.0442001e+01 ; 8.9514496e+01 
3.500e+01 ; 5.600e+00 ; 1.200e+00 ; 5.0443001e+01 ; 8.9514626e+01 
3.500e+01 ; 5.600e+00 ; 1.200e+00 ; 5.0445001e+01 ; 8.9514900e+01 
3.500e+01 ; 5.600e+00 ; 1.200e+00 ; 5.0449001e+01 ; 8.9515480e+01 
3.500e+01 ; 5.600e+00 ; 1.200e+00 ; 5.0457001e+01 ; 8.9516747e+01 
3.500e+01 ; 5.600e+00 ; 1.200e+00 ; 5.0473001e+01 ; 8.9519714e+01 
3.500e+01 ; 5.600e+00 ; 1.200e+00 ; 5.0505001e+01 ; 8.9527542e+01 
3.500e+01 ; 5.600e+00 ; 1.200e+00 ; 5.0569001e+01 ; 8.9551491e+01 
3.500e+01 ; 5.600e+00 ; 1.200e+00 ; 5.0697001e+01 ; 8.9634712e+01 
3.500e+01 ; 5.600e+00 ; 1.200e+00 ; 5.0953001e+01 ; 8.9929070e+01 
3.500e+01 ; 5.600e+00 ; 1.200e+00 ; 5.1410002e+01 ; 9.0694595e+01 
3.500e+01 ; 5.600e+00 ; 1.200e+00 ; 5.1410002e+01 ; 9.0694595e+01 
3.500e+01 ; 5.600e+00 ; 1.200e+00 ; 5.1411002e+01 ; 9.0696274e+01 
3.500e+01 ; 5.600e+00 ; 1.200e+00 ; 5.1412002e+01 ; 9.0697952e+01 
3.500e+01 ; 5.600e+00 ; 1.200e+00 ; 5.1413002e+01 ; 9.0699631e+01 
3.500e+01 ; 5.600e+00 ; 1.200e+00 ; 5.1415002e+01 ; 9.0703003e+01 
3.500e+01 ; 5.600e+00 ; 1.200e+00 ; 5.1419002e+01 ; 9.0709778e+01 
3.500e+01 ; 5.600e+00 ; 1.200e+00 ; 5.1427002e+01 ; 9.0723457e+01 
3.500e+01 ; 5.600e+00 ; 1.200e+00 ; 5.1443002e+01 ; 9.0751343e+01 
3.500e+01 ; 5.600e+00 ; 1.200e+00 ; 5.1475002e+01 ; 9.0809242e+01 
3.500e+01 ; 5.600e+00 ; 1.200e+00 ; 5.1539002e+01 ; 9.0933487e+01 
3.500e+01 ; 5.600e+00 ; 1.200e+00 ; 5.1667002e+01 ; 9.1213402e+01 
3.500e+01 ; 5.600e+00 ; 1.200e+00 ; 5.1923002e+01 ; 9.1865875e+01 
3.500e+01 ; 5.600e+00 ; 1.200e+00 ; 5.2380002e+01 ; 9.3129112e+01 
3.500e+01 ; 5.600e+00 ; 1.200e+00 ; 5.2380002e+01 ; 9.3129112e+01 
3.500e+01 ; 5.600e+00 ; 1.200e+00 ; 5.2381002e+01 ; 9.3131874e+01 
3.500e+01 ; 5.600e+00 ; 1.200e+00 ; 5.2382002e+01 ; 9.3134644e+01 
3.500e+01 ; 5.600e+00 ; 1.200e+00 ; 5.2383002e+01 ; 9.3137405e+01 
3.500e+01 ; 5.600e+00 ; 1.200e+00 ; 5.2385002e+01 ; 9.3142944e+01 
3.500e+01 ; 5.600e+00 ; 1.200e+00 ; 5.2389002e+01 ; 9.3154030e+01 
3.500e+01 ; 5.600e+00 ; 1.200e+00 ; 5.2397002e+01 ; 9.3176239e+01 
3.500e+01 ; 5.600e+00 ; 1.200e+00 ; 5.2413002e+01 ; 9.3220840e+01 
3.500e+01 ; 5.600e+00 ; 1.200e+00 ; 5.2445002e+01 ; 9.3310623e+01 
3.500e+01 ; 5.600e+00 ; 1.200e+00 ; 5.2509002e+01 ; 9.3491882e+01 
3.500e+01 ; 5.600e+00 ; 1.200e+00 ; 5.2637002e+01 ; 9.3856369e+01 
3.500e+01 ; 5.600e+00 ; 1.200e+00 ; 5.2893002e+01 ; 9.4564949e+01 
3.500e+01 ; 5.600e+00 ; 1.200e+00 ; 5.3350002e+01 ; 9.5674759e+01 
3.500e+01 ; 5.600e+00 ; 1.200e+00 ; 5.3350002e+01 ; 9.5674759e+01 
3.500e+01 ; 5.600e+00 ; 1.200e+00 ; 5.3351002e+01 ; 9.5677185e+01 
3.500e+01 ; 5.600e+00 ; 1.200e+00 ; 5.3352002e+01 ; 9.5679611e+01 
3.500e+01 ; 5.600e+00 ; 1.200e+00 ; 5.3353002e+01 ; 9.5682037e+01 
3.500e+01 ; 5.600e+00 ; 1.200e+00 ; 5.3355002e+01 ; 9.5686890e+01 
3.500e+01 ; 5.600e+00 ; 1.200e+00 ; 5.3359002e+01 ; 9.5696579e+01 
3.500e+01 ; 5.600e+00 ; 1.200e+00 ; 5.3367002e+01 ; 9.5715904e+01 
3.500e+01 ; 5.600e+00 ; 1.200e+00 ; 5.3383002e+01 ; 9.5754349e+01 
3.500e+01 ; 5.600e+00 ; 1.200e+00 ; 5.3415002e+01 ; 9.5830376e+01 
3.500e+01 ; 5.600e+00 ; 1.200e+00 ; 5.3479002e+01 ; 9.5978676e+01 
3.500e+01 ; 5.600e+00 ; 1.200e+00 ; 5.3607002e+01 ; 9.6258507e+01 
3.500e+01 ; 5.600e+00 ; 1.200e+00 ; 5.3863002e+01 ; 9.6745392e+01 
3.500e+01 ; 5.600e+00 ; 1.200e+00 ; 5.4320002e+01 ; 9.7391747e+01 
3.500e+01 ; 5.600e+00 ; 1.200e+00 ; 5.4320002e+01 ; 9.7391747e+01 
3.500e+01 ; 5.600e+00 ; 1.200e+00 ; 5.4321002e+01 ; 9.7393158e+01 
3.500e+01 ; 5.600e+00 ; 1.200e+00 ; 5.4322002e+01 ; 9.7394569e+01 
3.500e+01 ; 5.600e+00 ; 1.200e+00 ; 5.4323002e+01 ; 9.7395981e+01 
3.500e+01 ; 5.600e+00 ; 1.200e+00 ; 5.4325002e+01 ; 9.7398804e+01 
3.500e+01 ; 5.600e+00 ; 1.200e+00 ; 5.4329002e+01 ; 9.7404419e+01 
3.500e+01 ; 5.600e+00 ; 1.200e+00 ; 5.4337002e+01 ; 9.7415588e+01 
3.500e+01 ; 5.600e+00 ; 1.200e+00 ; 5.4353002e+01 ; 9.7437660e+01 
3.500e+01 ; 5.600e+00 ; 1.200e+00 ; 5.4385002e+01 ; 9.7480705e+01 
3.500e+01 ; 5.600e+00 ; 1.200e+00 ; 5.4449002e+01 ; 9.7562531e+01 
3.500e+01 ; 5.600e+00 ; 1.200e+00 ; 5.4577002e+01 ; 9.7709595e+01 
3.500e+01 ; 5.600e+00 ; 1.200e+00 ; 5.4833002e+01 ; 9.7943039e+01 
3.500e+01 ; 5.600e+00 ; 1.200e+00 ; 5.5290002e+01 ; 9.8200439e+01 
3.500e+01 ; 5.600e+00 ; 1.200e+00 ; 5.5290002e+01 ; 9.8200439e+01 
3.500e+01 ; 5.600e+00 ; 1.200e+00 ; 5.5291002e+01 ; 9.8201004e+01 
3.500e+01 ; 5.600e+00 ; 1.200e+00 ; 5.5292002e+01 ; 9.8201569e+01 
3.500e+01 ; 5.600e+00 ; 1.200e+00 ; 5.5293002e+01 ; 9.8202126e+01 
3.500e+01 ; 5.600e+00 ; 1.200e+00 ; 5.5295002e+01 ; 9.8203247e+01 
3.500e+01 ; 5.600e+00 ; 1.200e+00 ; 5.5299002e+01 ; 9.8205467e+01 
3.500e+01 ; 5.600e+00 ; 1.200e+00 ; 5.5307002e+01 ; 9.8209869e+01 
3.500e+01 ; 5.600e+00 ; 1.200e+00 ; 5.5323002e+01 ; 9.8218483e+01 
3.500e+01 ; 5.600e+00 ; 1.200e+00 ; 5.5355002e+01 ; 9.8234955e+01 
3.500e+01 ; 5.600e+00 ; 1.200e+00 ; 5.5419002e+01 ; 9.8264961e+01 
3.500e+01 ; 5.600e+00 ; 1.200e+00 ; 5.5547002e+01 ; 9.8313965e+01 
3.500e+01 ; 5.600e+00 ; 1.200e+00 ; 5.5803002e+01 ; 9.8373528e+01 
3.500e+01 ; 5.600e+00 ; 1.200e+00 ; 5.6260002e+01 ; 9.8384033e+01 
3.500e+01 ; 5.600e+00 ; 1.200e+00 ; 5.6260002e+01 ; 9.8384033e+01 
3.500e+01 ; 5.600e+00 ; 1.200e+00 ; 5.6261002e+01 ; 9.8384056e+01 
3.500e+01 ; 5.600e+00 ; 1.200e+00 ; 5.6262002e+01 ; 9.8384071e+01 
3.500e+01 ; 5.600e+00 ; 1.200e+00 ; 5.6263002e+01 ; 9.8384094e+01 
3.500e+01 ; 5.600e+00 ; 1.200e+00 ; 5.6265002e+01 ; 9.8384140e+01 
3.500e+01 ; 5.600e+00 ; 1.200e+00 ; 5.6269002e+01 ; 9.8384216e+01 
3.500e+01 ; 5.600e+00 ; 1.200e+00 ; 5.6277002e+01 ; 9.8384338e+01 
3.500e+01 ; 5.600e+00 ; 1.200e+00 ; 5.6293002e+01 ; 9.8384460e+01 
3.500e+01 ; 5.600e+00 ; 1.200e+00 ; 5.6325002e+01 ; 9.8384270e+01 
3.500e+01 ; 5.600e+00 ; 1.200e+00 ; 5.6389002e+01 ; 9.8382141e+01 
3.500e+01 ; 5.600e+00 ; 1.200e+00 ; 5.6517002e+01 ; 9.8371475e+01 
3.500e+01 ; 5.600e+00 ; 1.200e+00 ; 5.6773002e+01 ; 9.8328156e+01 
3.500e+01 ; 5.600e+00 ; 1.200e+00 ; 5.7230002e+01 ; 9.8197708e+01 
3.500e+01 ; 5.600e+00 ; 1.200e+00 ; 5.7230002e+01 ; 9.8197708e+01 
3.500e+01 ; 5.600e+00 ; 1.200e+00 ; 5.7231002e+01 ; 9.8197418e+01 
3.500e+01 ; 5.600e+00 ; 1.200e+00 ; 5.7232002e+01 ; 9.8197136e+01 
3.500e+01 ; 5.600e+00 ; 1.200e+00 ; 5.7233002e+01 ; 9.8196846e+01 
3.500e+01 ; 5.600e+00 ; 1.200e+00 ; 5.7235002e+01 ; 9.8196274e+01 
3.500e+01 ; 5.600e+00 ; 1.200e+00 ; 5.7239002e+01 ; 9.8195122e+01 
3.500e+01 ; 5.600e+00 ; 1.200e+00 ; 5.7247002e+01 ; 9.8192802e+01 
3.500e+01 ; 5.600e+00 ; 1.200e+00 ; 5.7263002e+01 ; 9.8188103e+01 
3.500e+01 ; 5.600e+00 ; 1.200e+00 ; 5.7295002e+01 ; 9.8178459e+01 
3.500e+01 ; 5.600e+00 ; 1.200e+00 ; 5.7359002e+01 ; 9.8158211e+01 
3.500e+01 ; 5.600e+00 ; 1.200e+00 ; 5.7487002e+01 ; 9.8114220e+01 
3.500e+01 ; 5.600e+00 ; 1.200e+00 ; 5.7743002e+01 ; 9.8014534e+01 
3.500e+01 ; 5.600e+00 ; 1.200e+00 ; 5.8200002e+01 ; 9.7809242e+01 
3.500e+01 ; 5.600e+00 ; 1.200e+00 ; 5.8200002e+01 ; 9.7809242e+01 
3.500e+01 ; 5.600e+00 ; 1.200e+00 ; 5.8201002e+01 ; 9.7808792e+01 
3.500e+01 ; 5.600e+00 ; 1.200e+00 ; 5.8202002e+01 ; 9.7808342e+01 
3.500e+01 ; 5.600e+00 ; 1.200e+00 ; 5.8203002e+01 ; 9.7807892e+01 
3.500e+01 ; 5.600e+00 ; 1.200e+00 ; 5.8205002e+01 ; 9.7806992e+01 
3.500e+01 ; 5.600e+00 ; 1.200e+00 ; 5.8209002e+01 ; 9.7805191e+01 
3.500e+01 ; 5.600e+00 ; 1.200e+00 ; 5.8217002e+01 ; 9.7801582e+01 
3.500e+01 ; 5.600e+00 ; 1.200e+00 ; 5.8233002e+01 ; 9.7794327e+01 
3.500e+01 ; 5.600e+00 ; 1.200e+00 ; 5.8265002e+01 ; 9.7779686e+01 
3.500e+01 ; 5.600e+00 ; 1.200e+00 ; 5.8329002e+01 ; 9.7749924e+01 
3.500e+01 ; 5.600e+00 ; 1.200e+00 ; 5.8457002e+01 ; 9.7688660e+01 
3.500e+01 ; 5.600e+00 ; 1.200e+00 ; 5.8713002e+01 ; 9.7560463e+01 
3.500e+01 ; 5.600e+00 ; 1.200e+00 ; 5.9170002e+01 ; 9.7319336e+01 
3.500e+01 ; 5.600e+00 ; 1.200e+00 ; 5.9170002e+01 ; 9.7319336e+01 
3.500e+01 ; 5.600e+00 ; 1.200e+00 ; 5.9171002e+01 ; 9.7318810e+01 
3.500e+01 ; 5.600e+00 ; 1.200e+00 ; 5.9172002e+01 ; 9.7318283e+01 
3.500e+01 ; 5.600e+00 ; 1.200e+00 ; 5.9173002e+01 ; 9.7317757e+01 
3.500e+01 ; 5.600e+00 ; 1.200e+00 ; 5.9175002e+01 ; 9.7316704e+01 
3.500e+01 ; 5.600e+00 ; 1.200e+00 ; 5.9179002e+01 ; 9.7314590e+01 
3.500e+01 ; 5.600e+00 ; 1.200e+00 ; 5.9187002e+01 ; 9.7310356e+01 
3.500e+01 ; 5.600e+00 ; 1.200e+00 ; 5.9203002e+01 ; 9.7301888e+01 
3.500e+01 ; 5.600e+00 ; 1.200e+00 ; 5.9235002e+01 ; 9.7284889e+01 
3.500e+01 ; 5.600e+00 ; 1.200e+00 ; 5.9299002e+01 ; 9.7250671e+01 
3.500e+01 ; 5.600e+00 ; 1.200e+00 ; 5.9427002e+01 ; 9.7181519e+01 
3.500e+01 ; 5.600e+00 ; 1.200e+00 ; 5.9683002e+01 ; 9.7041046e+01 
3.500e+01 ; 5.600e+00 ; 1.200e+00 ; 6.0140002e+01 ; 9.6786728e+01 
3.500e+01 ; 5.600e+00 ; 1.200e+00 ; 6.0140002e+01 ; 9.6786728e+01 
3.500e+01 ; 5.600e+00 ; 1.200e+00 ; 6.0141002e+01 ; 9.6786171e+01 
3.500e+01 ; 5.600e+00 ; 1.200e+00 ; 6.0142002e+01 ; 9.6785614e+01 
3.500e+01 ; 5.600e+00 ; 1.200e+00 ; 6.0143002e+01 ; 9.6785057e+01 
3.500e+01 ; 5.600e+00 ; 1.200e+00 ; 6.0145002e+01 ; 9.6783951e+01 
3.500e+01 ; 5.600e+00 ; 1.200e+00 ; 6.0149002e+01 ; 9.6781723e+01 
3.500e+01 ; 5.600e+00 ; 1.200e+00 ; 6.0157002e+01 ; 9.6777267e+01 
3.500e+01 ; 5.600e+00 ; 1.200e+00 ; 6.0173002e+01 ; 9.6768356e+01 
3.500e+01 ; 5.600e+00 ; 1.200e+00 ; 6.0205002e+01 ; 9.6750511e+01 
3.500e+01 ; 5.600e+00 ; 1.200e+00 ; 6.0269002e+01 ; 9.6714783e+01 
3.500e+01 ; 5.600e+00 ; 1.200e+00 ; 6.0397002e+01 ; 9.6643173e+01 
3.500e+01 ; 5.600e+00 ; 1.200e+00 ; 6.0653002e+01 ; 9.6499817e+01 
3.500e+01 ; 5.600e+00 ; 1.200e+00 ; 6.1110002e+01 ; 9.6245361e+01 
3.500e+01 ; 5.600e+00 ; 1.200e+00 ; 6.1110002e+01 ; 9.6245361e+01 
3.500e+01 ; 5.600e+00 ; 1.200e+00 ; 6.1111002e+01 ; 9.6244804e+01 
3.500e+01 ; 5.600e+00 ; 1.200e+00 ; 6.1112002e+01 ; 9.6244247e+01 
3.500e+01 ; 5.600e+00 ; 1.200e+00 ; 6.1113002e+01 ; 9.6243698e+01 
3.500e+01 ; 5.600e+00 ; 1.200e+00 ; 6.1115002e+01 ; 9.6242584e+01 
3.500e+01 ; 5.600e+00 ; 1.200e+00 ; 6.1119002e+01 ; 9.6240356e+01 
3.500e+01 ; 5.600e+00 ; 1.200e+00 ; 6.1127002e+01 ; 9.6235901e+01 
3.500e+01 ; 5.600e+00 ; 1.200e+00 ; 6.1143002e+01 ; 9.6226997e+01 
3.500e+01 ; 5.600e+00 ; 1.200e+00 ; 6.1175002e+01 ; 9.6209198e+01 
3.500e+01 ; 5.600e+00 ; 1.200e+00 ; 6.1239002e+01 ; 9.6173630e+01 
3.500e+01 ; 5.600e+00 ; 1.200e+00 ; 6.1367002e+01 ; 9.6102699e+01 
3.500e+01 ; 5.600e+00 ; 1.200e+00 ; 6.1623002e+01 ; 9.5961853e+01 
3.500e+01 ; 5.600e+00 ; 1.200e+00 ; 6.2080002e+01 ; 9.5714806e+01 
3.500e+01 ; 5.600e+00 ; 1.200e+00 ; 6.2080002e+01 ; 9.5714806e+01 
3.500e+01 ; 5.600e+00 ; 1.200e+00 ; 6.2081002e+01 ; 9.5714264e+01 
3.500e+01 ; 5.600e+00 ; 1.200e+00 ; 6.2082002e+01 ; 9.5713722e+01 
3.500e+01 ; 5.600e+00 ; 1.200e+00 ; 6.2083002e+01 ; 9.5713181e+01 
3.500e+01 ; 5.600e+00 ; 1.200e+00 ; 6.2085002e+01 ; 9.5712105e+01 
3.500e+01 ; 5.600e+00 ; 1.200e+00 ; 6.2089002e+01 ; 9.5709938e+01 
3.500e+01 ; 5.600e+00 ; 1.200e+00 ; 6.2097002e+01 ; 9.5705620e+01 
3.500e+01 ; 5.600e+00 ; 1.200e+00 ; 6.2113002e+01 ; 9.5696983e+01 
3.500e+01 ; 5.600e+00 ; 1.200e+00 ; 6.2145002e+01 ; 9.5679726e+01 
3.500e+01 ; 5.600e+00 ; 1.200e+00 ; 6.2209002e+01 ; 9.5645309e+01 
3.500e+01 ; 5.600e+00 ; 1.200e+00 ; 6.2337002e+01 ; 9.5576866e+01 
3.500e+01 ; 5.600e+00 ; 1.200e+00 ; 6.2593002e+01 ; 9.5441727e+01 
3.500e+01 ; 5.600e+00 ; 1.200e+00 ; 6.3050002e+01 ; 9.5207024e+01 
3.500e+01 ; 5.600e+00 ; 1.200e+00 ; 6.3050002e+01 ; 9.5207024e+01 
3.500e+01 ; 5.600e+00 ; 1.200e+00 ; 6.3051002e+01 ; 9.5206512e+01 
3.500e+01 ; 5.600e+00 ; 1.200e+00 ; 6.3052002e+01 ; 9.5206001e+01 
3.500e+01 ; 5.600e+00 ; 1.200e+00 ; 6.3053002e+01 ; 9.5205482e+01 
3.500e+01 ; 5.600e+00 ; 1.200e+00 ; 6.3055002e+01 ; 9.5204460e+01 
3.500e+01 ; 5.600e+00 ; 1.200e+00 ; 6.3059002e+01 ; 9.5202408e+01 
3.500e+01 ; 5.600e+00 ; 1.200e+00 ; 6.3067002e+01 ; 9.5198303e+01 
3.500e+01 ; 5.600e+00 ; 1.200e+00 ; 6.3083002e+01 ; 9.5190102e+01 
3.500e+01 ; 5.600e+00 ; 1.200e+00 ; 6.3115002e+01 ; 9.5173737e+01 
3.500e+01 ; 5.600e+00 ; 1.200e+00 ; 6.3179002e+01 ; 9.5141159e+01 
3.500e+01 ; 5.600e+00 ; 1.200e+00 ; 6.3307002e+01 ; 9.5076759e+01 
3.500e+01 ; 5.600e+00 ; 1.200e+00 ; 6.3563002e+01 ; 9.4951958e+01 
3.500e+01 ; 5.600e+00 ; 1.200e+00 ; 6.4020002e+01 ; 9.4745224e+01 
3.500e+01 ; 5.600e+00 ; 1.200e+00 ; 6.4020002e+01 ; 9.4745224e+01 
3.500e+01 ; 5.600e+00 ; 1.200e+00 ; 6.4021002e+01 ; 9.4744774e+01 
3.500e+01 ; 5.600e+00 ; 1.200e+00 ; 6.4022002e+01 ; 9.4744324e+01 
3.500e+01 ; 5.600e+00 ; 1.200e+00 ; 6.4023002e+01 ; 9.4743866e+01 
3.500e+01 ; 5.600e+00 ; 1.200e+00 ; 6.4025002e+01 ; 9.4742966e+01 
3.500e+01 ; 5.600e+00 ; 1.200e+00 ; 6.4029002e+01 ; 9.4741158e+01 
3.500e+01 ; 5.600e+00 ; 1.200e+00 ; 6.4037002e+01 ; 9.4737549e+01 
3.500e+01 ; 5.600e+00 ; 1.200e+00 ; 6.4053002e+01 ; 9.4730354e+01 
3.500e+01 ; 5.600e+00 ; 1.200e+00 ; 6.4085002e+01 ; 9.4716057e+01 
3.500e+01 ; 5.600e+00 ; 1.200e+00 ; 6.4149002e+01 ; 9.4687874e+01 
3.500e+01 ; 5.600e+00 ; 1.200e+00 ; 6.4277002e+01 ; 9.4633682e+01 
3.500e+01 ; 5.600e+00 ; 1.200e+00 ; 6.4533002e+01 ; 9.4537247e+01 
3.500e+01 ; 5.600e+00 ; 1.200e+00 ; 6.4990002e+01 ; 9.4410721e+01 
3.500e+01 ; 5.600e+00 ; 1.200e+00 ; 6.4990002e+01 ; 9.4410721e+01 
3.500e+01 ; 5.600e+00 ; 1.200e+00 ; 6.4991002e+01 ; 9.4410446e+01 
3.500e+01 ; 5.600e+00 ; 1.200e+00 ; 6.4992002e+01 ; 9.4410164e+01 
3.500e+01 ; 5.600e+00 ; 1.200e+00 ; 6.4993002e+01 ; 9.4409889e+01 
3.500e+01 ; 5.600e+00 ; 1.200e+00 ; 6.4995002e+01 ; 9.4409340e+01 
3.500e+01 ; 5.600e+00 ; 1.200e+00 ; 6.4999002e+01 ; 9.4408241e+01 
3.500e+01 ; 5.600e+00 ; 1.200e+00 ; 6.5007002e+01 ; 9.4406052e+01 
3.500e+01 ; 5.600e+00 ; 1.200e+00 ; 6.5023002e+01 ; 9.4401741e+01 
3.500e+01 ; 5.600e+00 ; 1.200e+00 ; 6.5055002e+01 ; 9.4393372e+01 
3.500e+01 ; 5.600e+00 ; 1.200e+00 ; 6.5119002e+01 ; 9.4377693e+01 
3.500e+01 ; 5.600e+00 ; 1.200e+00 ; 6.5247002e+01 ; 9.4351440e+01 
3.500e+01 ; 5.600e+00 ; 1.200e+00 ; 6.5503002e+01 ; 9.4323700e+01 
3.500e+01 ; 5.600e+00 ; 1.200e+00 ; 6.5960002e+01 ; 9.4357353e+01 
3.500e+01 ; 5.600e+00 ; 1.200e+00 ; 6.5960002e+01 ; 9.4357353e+01 
3.500e+01 ; 5.600e+00 ; 1.200e+00 ; 6.5961002e+01 ; 9.4357422e+01 
3.500e+01 ; 5.600e+00 ; 1.200e+00 ; 6.5962002e+01 ; 9.4357498e+01 
3.500e+01 ; 5.600e+00 ; 1.200e+00 ; 6.5963002e+01 ; 9.4357574e+01 
3.500e+01 ; 5.600e+00 ; 1.200e+00 ; 6.5965002e+01 ; 9.4357727e+01 
3.500e+01 ; 5.600e+00 ; 1.200e+00 ; 6.5969002e+01 ; 9.4358032e+01 
3.500e+01 ; 5.600e+00 ; 1.200e+00 ; 6.5977002e+01 ; 9.4358681e+01 
3.500e+01 ; 5.600e+00 ; 1.200e+00 ; 6.5993002e+01 ; 9.4360069e+01 
3.500e+01 ; 5.600e+00 ; 1.200e+00 ; 6.6025002e+01 ; 9.4363281e+01 
3.500e+01 ; 5.600e+00 ; 1.200e+00 ; 6.6089002e+01 ; 9.4371468e+01 
3.500e+01 ; 5.600e+00 ; 1.200e+00 ; 6.6217002e+01 ; 9.4395348e+01 
3.500e+01 ; 5.600e+00 ; 1.200e+00 ; 6.6473002e+01 ; 9.4474518e+01 
3.500e+01 ; 5.600e+00 ; 1.200e+00 ; 6.6930002e+01 ; 9.4704498e+01 
3.500e+01 ; 5.600e+00 ; 1.200e+00 ; 6.6930002e+01 ; 9.4704498e+01 
3.500e+01 ; 5.600e+00 ; 1.200e+00 ; 6.6931002e+01 ; 9.4705002e+01 
3.500e+01 ; 5.600e+00 ; 1.200e+00 ; 6.6932002e+01 ; 9.4705505e+01 
3.500e+01 ; 5.600e+00 ; 1.200e+00 ; 6.6933002e+01 ; 9.4706009e+01 
3.500e+01 ; 5.600e+00 ; 1.200e+00 ; 6.6935002e+01 ; 9.4707024e+01 
3.500e+01 ; 5.600e+00 ; 1.200e+00 ; 6.6939002e+01 ; 9.4709053e+01 
3.500e+01 ; 5.600e+00 ; 1.200e+00 ; 6.6947002e+01 ; 9.4713135e+01 
3.500e+01 ; 5.600e+00 ; 1.200e+00 ; 6.6963002e+01 ; 9.4721413e+01 
3.500e+01 ; 5.600e+00 ; 1.200e+00 ; 6.6995002e+01 ; 9.4738396e+01 
3.500e+01 ; 5.600e+00 ; 1.200e+00 ; 6.7059002e+01 ; 9.4774078e+01 
3.500e+01 ; 5.600e+00 ; 1.200e+00 ; 6.7187002e+01 ; 9.4852028e+01 
3.500e+01 ; 5.600e+00 ; 1.200e+00 ; 6.7443002e+01 ; 9.5030945e+01 
3.500e+01 ; 5.600e+00 ; 1.200e+00 ; 6.7900002e+01 ; 9.5398781e+01 
3.500e+01 ; 5.600e+00 ; 1.200e+00 ; 6.7900002e+01 ; 9.5398781e+01 
3.500e+01 ; 5.600e+00 ; 1.200e+00 ; 6.7901002e+01 ; 9.5399582e+01 
3.500e+01 ; 5.600e+00 ; 1.200e+00 ; 6.7902002e+01 ; 9.5400391e+01 
3.500e+01 ; 5.600e+00 ; 1.200e+00 ; 6.7903002e+01 ; 9.5401192e+01 
3.500e+01 ; 5.600e+00 ; 1.200e+00 ; 6.7905002e+01 ; 9.5402809e+01 
3.500e+01 ; 5.600e+00 ; 1.200e+00 ; 6.7909002e+01 ; 9.5406036e+01 
3.500e+01 ; 5.600e+00 ; 1.200e+00 ; 6.7917002e+01 ; 9.5412506e+01 
3.500e+01 ; 5.600e+00 ; 1.200e+00 ; 6.7933002e+01 ; 9.5425499e+01 
3.500e+01 ; 5.600e+00 ; 1.200e+00 ; 6.7965002e+01 ; 9.5451721e+01 
3.500e+01 ; 5.600e+00 ; 1.200e+00 ; 6.8029002e+01 ; 9.5504959e+01 
3.500e+01 ; 5.600e+00 ; 1.200e+00 ; 6.8157002e+01 ; 9.5614090e+01 
3.500e+01 ; 5.600e+00 ; 1.200e+00 ; 6.8413002e+01 ; 9.5838181e+01 
3.500e+01 ; 5.600e+00 ; 1.200e+00 ; 6.8870002e+01 ; 9.6234131e+01 
3.500e+01 ; 5.600e+00 ; 1.200e+00 ; 6.8870002e+01 ; 9.6234131e+01 
3.500e+01 ; 5.600e+00 ; 1.200e+00 ; 6.8871002e+01 ; 9.6235001e+01 
3.500e+01 ; 5.600e+00 ; 1.200e+00 ; 6.8872002e+01 ; 9.6235863e+01 
3.500e+01 ; 5.600e+00 ; 1.200e+00 ; 6.8873002e+01 ; 9.6236732e+01 
3.500e+01 ; 5.600e+00 ; 1.200e+00 ; 6.8875002e+01 ; 9.6238464e+01 
3.500e+01 ; 5.600e+00 ; 1.200e+00 ; 6.8879002e+01 ; 9.6241928e+01 
3.500e+01 ; 5.600e+00 ; 1.200e+00 ; 6.8887002e+01 ; 9.6248856e+01 
3.500e+01 ; 5.600e+00 ; 1.200e+00 ; 6.8903002e+01 ; 9.6262703e+01 
3.500e+01 ; 5.600e+00 ; 1.200e+00 ; 6.8935002e+01 ; 9.6290367e+01 
3.500e+01 ; 5.600e+00 ; 1.200e+00 ; 6.8999002e+01 ; 9.6345497e+01 
3.500e+01 ; 5.600e+00 ; 1.200e+00 ; 6.9127002e+01 ; 9.6454491e+01 
3.500e+01 ; 5.600e+00 ; 1.200e+00 ; 6.9383002e+01 ; 9.6664505e+01 
3.500e+01 ; 5.600e+00 ; 1.200e+00 ; 6.9840002e+01 ; 9.7003159e+01 
3.500e+01 ; 5.600e+00 ; 1.200e+00 ; 6.9840002e+01 ; 9.7003159e+01 
3.500e+01 ; 5.600e+00 ; 1.200e+00 ; 6.9841002e+01 ; 9.7003899e+01 
3.500e+01 ; 5.600e+00 ; 1.200e+00 ; 6.9842002e+01 ; 9.7004639e+01 
3.500e+01 ; 5.600e+00 ; 1.200e+00 ; 6.9843002e+01 ; 9.7005379e+01 
3.500e+01 ; 5.600e+00 ; 1.200e+00 ; 6.9845002e+01 ; 9.7006859e+01 
3.500e+01 ; 5.600e+00 ; 1.200e+00 ; 6.9849002e+01 ; 9.7009819e+01 
3.500e+01 ; 5.600e+00 ; 1.200e+00 ; 6.9857002e+01 ; 9.7015724e+01 
3.500e+01 ; 5.600e+00 ; 1.200e+00 ; 6.9873002e+01 ; 9.7027489e+01 
3.500e+01 ; 5.600e+00 ; 1.200e+00 ; 6.9905002e+01 ; 9.7050827e+01 
3.500e+01 ; 5.600e+00 ; 1.200e+00 ; 6.9969002e+01 ; 9.7096748e+01 
3.500e+01 ; 5.600e+00 ; 1.200e+00 ; 7.0097002e+01 ; 9.7185356e+01 
3.500e+01 ; 5.600e+00 ; 1.200e+00 ; 7.0353002e+01 ; 9.7348801e+01 
3.500e+01 ; 5.600e+00 ; 1.200e+00 ; 7.0810002e+01 ; 9.7595161e+01 
3.500e+01 ; 5.600e+00 ; 1.200e+00 ; 7.0810002e+01 ; 9.7595161e+01 
3.500e+01 ; 5.600e+00 ; 1.200e+00 ; 7.0811002e+01 ; 9.7595695e+01 
3.500e+01 ; 5.600e+00 ; 1.200e+00 ; 7.0812002e+01 ; 9.7596237e+01 
3.500e+01 ; 5.600e+00 ; 1.200e+00 ; 7.0813002e+01 ; 9.7596771e+01 
3.500e+01 ; 5.600e+00 ; 1.200e+00 ; 7.0815002e+01 ; 9.7597847e+01 
3.500e+01 ; 5.600e+00 ; 1.200e+00 ; 7.0819002e+01 ; 9.7599998e+01 
3.500e+01 ; 5.600e+00 ; 1.200e+00 ; 7.0827002e+01 ; 9.7604279e+01 
3.500e+01 ; 5.600e+00 ; 1.200e+00 ; 7.0843002e+01 ; 9.7612793e+01 
3.500e+01 ; 5.600e+00 ; 1.200e+00 ; 7.0875002e+01 ; 9.7629593e+01 
3.500e+01 ; 5.600e+00 ; 1.200e+00 ; 7.0939002e+01 ; 9.7662292e+01 
3.500e+01 ; 5.600e+00 ; 1.200e+00 ; 7.1067002e+01 ; 9.7724113e+01 
3.500e+01 ; 5.600e+00 ; 1.200e+00 ; 7.1323002e+01 ; 9.7833702e+01 
3.500e+01 ; 5.600e+00 ; 1.200e+00 ; 7.1780002e+01 ; 9.7987274e+01 
3.500e+01 ; 5.600e+00 ; 1.200e+00 ; 7.1780002e+01 ; 9.7987274e+01 
3.500e+01 ; 5.600e+00 ; 1.200e+00 ; 7.1781002e+01 ; 9.7987610e+01 
3.500e+01 ; 5.600e+00 ; 1.200e+00 ; 7.1782002e+01 ; 9.7987946e+01 
3.500e+01 ; 5.600e+00 ; 1.200e+00 ; 7.1783002e+01 ; 9.7988281e+01 
3.500e+01 ; 5.600e+00 ; 1.200e+00 ; 7.1785002e+01 ; 9.7988945e+01 
3.500e+01 ; 5.600e+00 ; 1.200e+00 ; 7.1789002e+01 ; 9.7990288e+01 
3.500e+01 ; 5.600e+00 ; 1.200e+00 ; 7.1797002e+01 ; 9.7992943e+01 
3.500e+01 ; 5.600e+00 ; 1.200e+00 ; 7.1813002e+01 ; 9.7998215e+01 
3.500e+01 ; 5.600e+00 ; 1.200e+00 ; 7.1845002e+01 ; 9.8008553e+01 
3.500e+01 ; 5.600e+00 ; 1.200e+00 ; 7.1909002e+01 ; 9.8028419e+01 
3.500e+01 ; 5.600e+00 ; 1.200e+00 ; 7.2037002e+01 ; 9.8064987e+01 
3.500e+01 ; 5.600e+00 ; 1.200e+00 ; 7.2293002e+01 ; 9.8126122e+01 
3.500e+01 ; 5.600e+00 ; 1.200e+00 ; 7.2750002e+01 ; 9.8200882e+01 
3.500e+01 ; 5.600e+00 ; 1.200e+00 ; 7.2750002e+01 ; 9.8200882e+01 
3.500e+01 ; 5.600e+00 ; 1.200e+00 ; 7.2751002e+01 ; 9.8201042e+01 
3.500e+01 ; 5.600e+00 ; 1.200e+00 ; 7.2752002e+01 ; 9.8201210e+01 
3.500e+01 ; 5.600e+00 ; 1.200e+00 ; 7.2753002e+01 ; 9.8201370e+01 
3.500e+01 ; 5.600e+00 ; 1.200e+00 ; 7.2755002e+01 ; 9.8201698e+01 
3.500e+01 ; 5.600e+00 ; 1.200e+00 ; 7.2759002e+01 ; 9.8202347e+01 
3.500e+01 ; 5.600e+00 ; 1.200e+00 ; 7.2767002e+01 ; 9.8203629e+01 
3.500e+01 ; 5.600e+00 ; 1.200e+00 ; 7.2783002e+01 ; 9.8206161e+01 
3.500e+01 ; 5.600e+00 ; 1.200e+00 ; 7.2815002e+01 ; 9.8211060e+01 
3.500e+01 ; 5.600e+00 ; 1.200e+00 ; 7.2879002e+01 ; 9.8220200e+01 
3.500e+01 ; 5.600e+00 ; 1.200e+00 ; 7.3007002e+01 ; 9.8235954e+01 
3.500e+01 ; 5.600e+00 ; 1.200e+00 ; 7.3263002e+01 ; 9.8258049e+01 
3.500e+01 ; 5.600e+00 ; 1.200e+00 ; 7.3720002e+01 ; 9.8271202e+01 
3.500e+01 ; 5.600e+00 ; 1.200e+00 ; 7.3720002e+01 ; 9.8271202e+01 
3.500e+01 ; 5.600e+00 ; 1.200e+00 ; 7.3721002e+01 ; 9.8271233e+01 
3.500e+01 ; 5.600e+00 ; 1.200e+00 ; 7.3722002e+01 ; 9.8271255e+01 
3.500e+01 ; 5.600e+00 ; 1.200e+00 ; 7.3723002e+01 ; 9.8271286e+01 
3.500e+01 ; 5.600e+00 ; 1.200e+00 ; 7.3725002e+01 ; 9.8271347e+01 
3.500e+01 ; 5.600e+00 ; 1.200e+00 ; 7.3729002e+01 ; 9.8271454e+01 
3.500e+01 ; 5.600e+00 ; 1.200e+00 ; 7.3737002e+01 ; 9.8271667e+01 
3.500e+01 ; 5.600e+00 ; 1.200e+00 ; 7.3753002e+01 ; 9.8272064e+01 
3.500e+01 ; 5.600e+00 ; 1.200e+00 ; 7.3785002e+01 ; 9.8272728e+01 
3.500e+01 ; 5.600e+00 ; 1.200e+00 ; 7.3849002e+01 ; 9.8273552e+01 
3.500e+01 ; 5.600e+00 ; 1.200e+00 ; 7.3977002e+01 ; 9.8273308e+01 
3.500e+01 ; 5.600e+00 ; 1.200e+00 ; 7.4233002e+01 ; 9.8265800e+01 
3.500e+01 ; 5.600e+00 ; 1.200e+00 ; 7.4690002e+01 ; 9.8233109e+01 
3.500e+01 ; 5.600e+00 ; 1.200e+00 ; 7.4690002e+01 ; 9.8233109e+01 
3.500e+01 ; 5.600e+00 ; 1.200e+00 ; 7.4691002e+01 ; 9.8233040e+01 
3.500e+01 ; 5.600e+00 ; 1.200e+00 ; 7.4692002e+01 ; 9.8232964e+01 
3.500e+01 ; 5.600e+00 ; 1.200e+00 ; 7.4693002e+01 ; 9.8232895e+01 
3.500e+01 ; 5.600e+00 ; 1.200e+00 ; 7.4695002e+01 ; 9.8232750e+01 
3.500e+01 ; 5.600e+00 ; 1.200e+00 ; 7.4699002e+01 ; 9.8232460e+01 
3.500e+01 ; 5.600e+00 ; 1.200e+00 ; 7.4707002e+01 ; 9.8231873e+01 
3.500e+01 ; 5.600e+00 ; 1.200e+00 ; 7.4723002e+01 ; 9.8230682e+01 
3.500e+01 ; 5.600e+00 ; 1.200e+00 ; 7.4755002e+01 ; 9.8228203e+01 
3.500e+01 ; 5.600e+00 ; 1.200e+00 ; 7.4819002e+01 ; 9.8222885e+01 
3.500e+01 ; 5.600e+00 ; 1.200e+00 ; 7.4947002e+01 ; 9.8210869e+01 
3.500e+01 ; 5.600e+00 ; 1.200e+00 ; 7.5203002e+01 ; 9.8181778e+01 
3.500e+01 ; 5.600e+00 ; 1.200e+00 ; 7.5660002e+01 ; 9.8116196e+01 
3.500e+01 ; 5.600e+00 ; 1.200e+00 ; 7.5660002e+01 ; 9.8116196e+01 
3.500e+01 ; 5.600e+00 ; 1.200e+00 ; 7.5661002e+01 ; 9.8116051e+01 
3.500e+01 ; 5.600e+00 ; 1.200e+00 ; 7.5662002e+01 ; 9.8115906e+01 
3.500e+01 ; 5.600e+00 ; 1.200e+00 ; 7.5663002e+01 ; 9.8115761e+01 
3.500e+01 ; 5.600e+00 ; 1.200e+00 ; 7.5665002e+01 ; 9.8115479e+01 
3.500e+01 ; 5.600e+00 ; 1.200e+00 ; 7.5669002e+01 ; 9.8114899e+01 
3.500e+01 ; 5.600e+00 ; 1.200e+00 ; 7.5677002e+01 ; 9.8113739e+01 
3.500e+01 ; 5.600e+00 ; 1.200e+00 ; 7.5693002e+01 ; 9.8111412e+01 
3.500e+01 ; 5.600e+00 ; 1.200e+00 ; 7.5725002e+01 ; 9.8106682e+01 
3.500e+01 ; 5.600e+00 ; 1.200e+00 ; 7.5789002e+01 ; 9.8096977e+01 
3.500e+01 ; 5.600e+00 ; 1.200e+00 ; 7.5917002e+01 ; 9.8076591e+01 
3.500e+01 ; 5.600e+00 ; 1.200e+00 ; 7.6173002e+01 ; 9.8032318e+01 
3.500e+01 ; 5.600e+00 ; 1.200e+00 ; 7.6630002e+01 ; 9.7943977e+01 
3.500e+01 ; 5.600e+00 ; 1.200e+00 ; 7.6630002e+01 ; 9.7943977e+01 
3.500e+01 ; 5.600e+00 ; 1.200e+00 ; 7.6631002e+01 ; 9.7943787e+01 
3.500e+01 ; 5.600e+00 ; 1.200e+00 ; 7.6632002e+01 ; 9.7943596e+01 
3.500e+01 ; 5.600e+00 ; 1.200e+00 ; 7.6633002e+01 ; 9.7943398e+01 
3.500e+01 ; 5.600e+00 ; 1.200e+00 ; 7.6635002e+01 ; 9.7943016e+01 
3.500e+01 ; 5.600e+00 ; 1.200e+00 ; 7.6639002e+01 ; 9.7942238e+01 
3.500e+01 ; 5.600e+00 ; 1.200e+00 ; 7.6647002e+01 ; 9.7940689e+01 
3.500e+01 ; 5.600e+00 ; 1.200e+00 ; 7.6663002e+01 ; 9.7937569e+01 
3.500e+01 ; 5.600e+00 ; 1.200e+00 ; 7.6695002e+01 ; 9.7931297e+01 
3.500e+01 ; 5.600e+00 ; 1.200e+00 ; 7.6759002e+01 ; 9.7918571e+01 
3.500e+01 ; 5.600e+00 ; 1.200e+00 ; 7.6887002e+01 ; 9.7892471e+01 
3.500e+01 ; 5.600e+00 ; 1.200e+00 ; 7.7143002e+01 ; 9.7838013e+01 
3.500e+01 ; 5.600e+00 ; 1.200e+00 ; 7.7600002e+01 ; 9.7735237e+01 
3.500e+01 ; 5.600e+00 ; 1.200e+00 ; 7.7600002e+01 ; 9.7735237e+01 
3.500e+01 ; 5.600e+00 ; 1.200e+00 ; 7.7601002e+01 ; 9.7735008e+01 
3.500e+01 ; 5.600e+00 ; 1.200e+00 ; 7.7602002e+01 ; 9.7734787e+01 
3.500e+01 ; 5.600e+00 ; 1.200e+00 ; 7.7603002e+01 ; 9.7734558e+01 
3.500e+01 ; 5.600e+00 ; 1.200e+00 ; 7.7605002e+01 ; 9.7734108e+01 
3.500e+01 ; 5.600e+00 ; 1.200e+00 ; 7.7609002e+01 ; 9.7733208e+01 
3.500e+01 ; 5.600e+00 ; 1.200e+00 ; 7.7617002e+01 ; 9.7731407e+01 
3.500e+01 ; 5.600e+00 ; 1.200e+00 ; 7.7633002e+01 ; 9.7727798e+01 
3.500e+01 ; 5.600e+00 ; 1.200e+00 ; 7.7665002e+01 ; 9.7720543e+01 
3.500e+01 ; 5.600e+00 ; 1.200e+00 ; 7.7729002e+01 ; 9.7705948e+01 
3.500e+01 ; 5.600e+00 ; 1.200e+00 ; 7.7857002e+01 ; 9.7676399e+01 
3.500e+01 ; 5.600e+00 ; 1.200e+00 ; 7.8113002e+01 ; 9.7616348e+01 
3.500e+01 ; 5.600e+00 ; 1.200e+00 ; 7.8570002e+01 ; 9.7508514e+01 
3.500e+01 ; 5.600e+00 ; 1.200e+00 ; 7.8570002e+01 ; 9.7508514e+01 
3.500e+01 ; 5.600e+00 ; 1.200e+00 ; 7.8571002e+01 ; 9.7508278e+01 
3.500e+01 ; 5.600e+00 ; 1.200e+00 ; 7.8572002e+01 ; 9.7508041e+01 
3.500e+01 ; 5.600e+00 ; 1.200e+00 ; 7.8573002e+01 ; 9.7507805e+01 
3.500e+01 ; 5.600e+00 ; 1.200e+00 ; 7.8575002e+01 ; 9.7507332e+01 
3.500e+01 ; 5.600e+00 ; 1.200e+00 ; 7.8579002e+01 ; 9.7506386e+01 
3.500e+01 ; 5.600e+00 ; 1.200e+00 ; 7.8587002e+01 ; 9.7504501e+01 
3.500e+01 ; 5.600e+00 ; 1.200e+00 ; 7.8603002e+01 ; 9.7500725e+01 
3.500e+01 ; 5.600e+00 ; 1.200e+00 ; 7.8635002e+01 ; 9.7493172e+01 
3.500e+01 ; 5.600e+00 ; 1.200e+00 ; 7.8699002e+01 ; 9.7478065e+01 
3.500e+01 ; 5.600e+00 ; 1.200e+00 ; 7.8827002e+01 ; 9.7447952e+01 
3.500e+01 ; 5.600e+00 ; 1.200e+00 ; 7.9083002e+01 ; 9.7388863e+01 
3.500e+01 ; 5.600e+00 ; 1.200e+00 ; 7.9540002e+01 ; 9.7291267e+01 
3.500e+01 ; 5.600e+00 ; 1.200e+00 ; 7.9540002e+01 ; 9.7291267e+01 
3.500e+01 ; 5.600e+00 ; 1.200e+00 ; 7.9541002e+01 ; 9.7291054e+01 
3.500e+01 ; 5.600e+00 ; 1.200e+00 ; 7.9542002e+01 ; 9.7290840e+01 
3.500e+01 ; 5.600e+00 ; 1.200e+00 ; 7.9543002e+01 ; 9.7290627e+01 
3.500e+01 ; 5.600e+00 ; 1.200e+00 ; 7.9545002e+01 ; 9.7290199e+01 
3.500e+01 ; 5.600e+00 ; 1.200e+00 ; 7.9549002e+01 ; 9.7289345e+01 
3.500e+01 ; 5.600e+00 ; 1.200e+00 ; 7.9557002e+01 ; 9.7287643e+01 
3.500e+01 ; 5.600e+00 ; 1.200e+00 ; 7.9573002e+01 ; 9.7284248e+01 
3.500e+01 ; 5.600e+00 ; 1.200e+00 ; 7.9605002e+01 ; 9.7277496e+01 
3.500e+01 ; 5.600e+00 ; 1.200e+00 ; 7.9669002e+01 ; 9.7264175e+01 
3.500e+01 ; 5.600e+00 ; 1.200e+00 ; 7.9797002e+01 ; 9.7238380e+01 
3.500e+01 ; 5.600e+00 ; 1.200e+00 ; 8.0053002e+01 ; 9.7191292e+01 
3.500e+01 ; 5.600e+00 ; 1.200e+00 ; 8.0510002e+01 ; 9.7126862e+01 
3.500e+01 ; 5.600e+00 ; 1.200e+00 ; 8.0510002e+01 ; 9.7126862e+01 
3.500e+01 ; 5.600e+00 ; 1.200e+00 ; 8.0511002e+01 ; 9.7126724e+01 
3.500e+01 ; 5.600e+00 ; 1.200e+00 ; 8.0512002e+01 ; 9.7126579e+01 
3.500e+01 ; 5.600e+00 ; 1.200e+00 ; 8.0513002e+01 ; 9.7126442e+01 
3.500e+01 ; 5.600e+00 ; 1.200e+00 ; 8.0515002e+01 ; 9.7126160e+01 
3.500e+01 ; 5.600e+00 ; 1.200e+00 ; 8.0519002e+01 ; 9.7125595e+01 
3.500e+01 ; 5.600e+00 ; 1.200e+00 ; 8.0527002e+01 ; 9.7124481e+01 
3.500e+01 ; 5.600e+00 ; 1.200e+00 ; 8.0543002e+01 ; 9.7122276e+01 
3.500e+01 ; 5.600e+00 ; 1.200e+00 ; 8.0575002e+01 ; 9.7117966e+01 
3.500e+01 ; 5.600e+00 ; 1.200e+00 ; 8.0639002e+01 ; 9.7109756e+01 
3.500e+01 ; 5.600e+00 ; 1.200e+00 ; 8.0767002e+01 ; 9.7095139e+01 
3.500e+01 ; 5.600e+00 ; 1.200e+00 ; 8.1023002e+01 ; 9.7074036e+01 
3.500e+01 ; 5.600e+00 ; 1.200e+00 ; 8.1480002e+01 ; 9.7065659e+01 
3.500e+01 ; 5.600e+00 ; 1.200e+00 ; 8.1480002e+01 ; 9.7065659e+01 
3.500e+01 ; 5.600e+00 ; 1.200e+00 ; 8.1481002e+01 ; 9.7065636e+01 
3.500e+01 ; 5.600e+00 ; 1.200e+00 ; 8.1482002e+01 ; 9.7065620e+01 
3.500e+01 ; 5.600e+00 ; 1.200e+00 ; 8.1483002e+01 ; 9.7065605e+01 
3.500e+01 ; 5.600e+00 ; 1.200e+00 ; 8.1485002e+01 ; 9.7065567e+01 
3.500e+01 ; 5.600e+00 ; 1.200e+00 ; 8.1489002e+01 ; 9.7065498e+01 
3.500e+01 ; 5.600e+00 ; 1.200e+00 ; 8.1497002e+01 ; 9.7065369e+01 
3.500e+01 ; 5.600e+00 ; 1.200e+00 ; 8.1513002e+01 ; 9.7065155e+01 
3.500e+01 ; 5.600e+00 ; 1.200e+00 ; 8.1545002e+01 ; 9.7064865e+01 
3.500e+01 ; 5.600e+00 ; 1.200e+00 ; 8.1609002e+01 ; 9.7064873e+01 
3.500e+01 ; 5.600e+00 ; 1.200e+00 ; 8.1737002e+01 ; 9.7067314e+01 
3.500e+01 ; 5.600e+00 ; 1.200e+00 ; 8.1993002e+01 ; 9.7082146e+01 
3.500e+01 ; 5.600e+00 ; 1.200e+00 ; 8.2450002e+01 ; 9.7139275e+01 
3.500e+01 ; 5.600e+00 ; 1.200e+00 ; 8.2450002e+01 ; 9.7139275e+01 
3.500e+01 ; 5.600e+00 ; 1.200e+00 ; 8.2451002e+01 ; 9.7139397e+01 
3.500e+01 ; 5.600e+00 ; 1.200e+00 ; 8.2452002e+01 ; 9.7139519e+01 
3.500e+01 ; 5.600e+00 ; 1.200e+00 ; 8.2453002e+01 ; 9.7139648e+01 
3.500e+01 ; 5.600e+00 ; 1.200e+00 ; 8.2455002e+01 ; 9.7139900e+01 
3.500e+01 ; 5.600e+00 ; 1.200e+00 ; 8.2459002e+01 ; 9.7140404e+01 
3.500e+01 ; 5.600e+00 ; 1.200e+00 ; 8.2467002e+01 ; 9.7141426e+01 
3.500e+01 ; 5.600e+00 ; 1.200e+00 ; 8.2483002e+01 ; 9.7143501e+01 
3.500e+01 ; 5.600e+00 ; 1.200e+00 ; 8.2515002e+01 ; 9.7147804e+01 
3.500e+01 ; 5.600e+00 ; 1.200e+00 ; 8.2579002e+01 ; 9.7157005e+01 
3.500e+01 ; 5.600e+00 ; 1.200e+00 ; 8.2707002e+01 ; 9.7177727e+01 
3.500e+01 ; 5.600e+00 ; 1.200e+00 ; 8.2963002e+01 ; 9.7227852e+01 
3.500e+01 ; 5.600e+00 ; 1.200e+00 ; 8.3420002e+01 ; 9.7340118e+01 
3.500e+01 ; 5.600e+00 ; 1.200e+00 ; 8.3420002e+01 ; 9.7340118e+01 
3.500e+01 ; 5.600e+00 ; 1.200e+00 ; 8.3421002e+01 ; 9.7340363e+01 
3.500e+01 ; 5.600e+00 ; 1.200e+00 ; 8.3422002e+01 ; 9.7340614e+01 
3.500e+01 ; 5.600e+00 ; 1.200e+00 ; 8.3423002e+01 ; 9.7340858e+01 
3.500e+01 ; 5.600e+00 ; 1.200e+00 ; 8.3425002e+01 ; 9.7341347e+01 
3.500e+01 ; 5.600e+00 ; 1.200e+00 ; 8.3429002e+01 ; 9.7342339e+01 
3.500e+01 ; 5.600e+00 ; 1.200e+00 ; 8.3437002e+01 ; 9.7344315e+01 
3.500e+01 ; 5.600e+00 ; 1.200e+00 ; 8.3453002e+01 ; 9.7348305e+01 
3.500e+01 ; 5.600e+00 ; 1.200e+00 ; 8.3485002e+01 ; 9.7356384e+01 
3.500e+01 ; 5.600e+00 ; 1.200e+00 ; 8.3549002e+01 ; 9.7372971e+01 
3.500e+01 ; 5.600e+00 ; 1.200e+00 ; 8.3677002e+01 ; 9.7407692e+01 
3.500e+01 ; 5.600e+00 ; 1.200e+00 ; 8.3933002e+01 ; 9.7482300e+01 
3.500e+01 ; 5.600e+00 ; 1.200e+00 ; 8.4390002e+01 ; 9.7625992e+01 
3.500e+01 ; 5.600e+00 ; 1.200e+00 ; 8.4390002e+01 ; 9.7625992e+01 
3.500e+01 ; 5.600e+00 ; 1.200e+00 ; 8.4391002e+01 ; 9.7626305e+01 
3.500e+01 ; 5.600e+00 ; 1.200e+00 ; 8.4392002e+01 ; 9.7626625e+01 
3.500e+01 ; 5.600e+00 ; 1.200e+00 ; 8.4393002e+01 ; 9.7626938e+01 
3.500e+01 ; 5.600e+00 ; 1.200e+00 ; 8.4395002e+01 ; 9.7627563e+01 
3.500e+01 ; 5.600e+00 ; 1.200e+00 ; 8.4399002e+01 ; 9.7628822e+01 
3.500e+01 ; 5.600e+00 ; 1.200e+00 ; 8.4407002e+01 ; 9.7631348e+01 
3.500e+01 ; 5.600e+00 ; 1.200e+00 ; 8.4423002e+01 ; 9.7636406e+01 
3.500e+01 ; 5.600e+00 ; 1.200e+00 ; 8.4455002e+01 ; 9.7646568e+01 
3.500e+01 ; 5.600e+00 ; 1.200e+00 ; 8.4519002e+01 ; 9.7667061e+01 
3.500e+01 ; 5.600e+00 ; 1.200e+00 ; 8.4647002e+01 ; 9.7708611e+01 
3.500e+01 ; 5.600e+00 ; 1.200e+00 ; 8.4903003e+01 ; 9.7792984e+01 
3.500e+01 ; 5.600e+00 ; 1.200e+00 ; 8.5360003e+01 ; 9.7942879e+01 
3.500e+01 ; 5.600e+00 ; 1.200e+00 ; 8.5360003e+01 ; 9.7942879e+01 
3.500e+01 ; 5.600e+00 ; 1.200e+00 ; 8.5361003e+01 ; 9.7943199e+01 
3.500e+01 ; 5.600e+00 ; 1.200e+00 ; 8.5362003e+01 ; 9.7943527e+01 
3.500e+01 ; 5.600e+00 ; 1.200e+00 ; 8.5363003e+01 ; 9.7943855e+01 
3.500e+01 ; 5.600e+00 ; 1.200e+00 ; 8.5365003e+01 ; 9.7944511e+01 
3.500e+01 ; 5.600e+00 ; 1.200e+00 ; 8.5369003e+01 ; 9.7945824e+01 
3.500e+01 ; 5.600e+00 ; 1.200e+00 ; 8.5377003e+01 ; 9.7948448e+01 
3.500e+01 ; 5.600e+00 ; 1.200e+00 ; 8.5393003e+01 ; 9.7953697e+01 
3.500e+01 ; 5.600e+00 ; 1.200e+00 ; 8.5425003e+01 ; 9.7964180e+01 
3.500e+01 ; 5.600e+00 ; 1.200e+00 ; 8.5489003e+01 ; 9.7985107e+01 
3.500e+01 ; 5.600e+00 ; 1.200e+00 ; 8.5617003e+01 ; 9.8026703e+01 
3.500e+01 ; 5.600e+00 ; 1.200e+00 ; 8.5873003e+01 ; 9.8108208e+01 
3.500e+01 ; 5.600e+00 ; 1.200e+00 ; 8.6330003e+01 ; 9.8245392e+01 
3.500e+01 ; 5.600e+00 ; 1.200e+00 ; 8.6330003e+01 ; 9.8245392e+01 
3.500e+01 ; 5.600e+00 ; 1.200e+00 ; 8.6331003e+01 ; 9.8245689e+01 
3.500e+01 ; 5.600e+00 ; 1.200e+00 ; 8.6332003e+01 ; 9.8245987e+01 
3.500e+01 ; 5.600e+00 ; 1.200e+00 ; 8.6333003e+01 ; 9.8246292e+01 
3.500e+01 ; 5.600e+00 ; 1.200e+00 ; 8.6335003e+01 ; 9.8246887e+01 
3.500e+01 ; 5.600e+00 ; 1.200e+00 ; 8.6339003e+01 ; 9.8248085e+01 
3.500e+01 ; 5.600e+00 ; 1.200e+00 ; 8.6347003e+01 ; 9.8250481e+01 
3.500e+01 ; 5.600e+00 ; 1.200e+00 ; 8.6363003e+01 ; 9.8255264e+01 
3.500e+01 ; 5.600e+00 ; 1.200e+00 ; 8.6395003e+01 ; 9.8264786e+01 
3.500e+01 ; 5.600e+00 ; 1.200e+00 ; 8.6459003e+01 ; 9.8283646e+01 
3.500e+01 ; 5.600e+00 ; 1.200e+00 ; 8.6587003e+01 ; 9.8320602e+01 
3.500e+01 ; 5.600e+00 ; 1.200e+00 ; 8.6843003e+01 ; 9.8391106e+01 
3.500e+01 ; 5.600e+00 ; 1.200e+00 ; 8.7300003e+01 ; 9.8504753e+01 
3.500e+01 ; 5.600e+00 ; 1.200e+00 ; 8.7300003e+01 ; 9.8504753e+01 
3.500e+01 ; 5.600e+00 ; 1.200e+00 ; 8.7301003e+01 ; 9.8505005e+01 
3.500e+01 ; 5.600e+00 ; 1.200e+00 ; 8.7302003e+01 ; 9.8505257e+01 
3.500e+01 ; 5.600e+00 ; 1.200e+00 ; 8.7303003e+01 ; 9.8505501e+01 
3.500e+01 ; 5.600e+00 ; 1.200e+00 ; 8.7305003e+01 ; 9.8505997e+01 
3.500e+01 ; 5.600e+00 ; 1.200e+00 ; 8.7309003e+01 ; 9.8506989e+01 
3.500e+01 ; 5.600e+00 ; 1.200e+00 ; 8.7317003e+01 ; 9.8508972e+01 
3.500e+01 ; 5.600e+00 ; 1.200e+00 ; 8.7333003e+01 ; 9.8512924e+01 
3.500e+01 ; 5.600e+00 ; 1.200e+00 ; 8.7365003e+01 ; 9.8520760e+01 
3.500e+01 ; 5.600e+00 ; 1.200e+00 ; 8.7429003e+01 ; 9.8536186e+01 
3.500e+01 ; 5.600e+00 ; 1.200e+00 ; 8.7557003e+01 ; 9.8566032e+01 
3.500e+01 ; 5.600e+00 ; 1.200e+00 ; 8.7813003e+01 ; 9.8621597e+01 
3.500e+01 ; 5.600e+00 ; 1.200e+00 ; 8.8270003e+01 ; 9.8707397e+01 
3.500e+01 ; 5.600e+00 ; 1.200e+00 ; 8.8270003e+01 ; 9.8707397e+01 
3.500e+01 ; 5.600e+00 ; 1.200e+00 ; 8.8271003e+01 ; 9.8707588e+01 
3.500e+01 ; 5.600e+00 ; 1.200e+00 ; 8.8272003e+01 ; 9.8707779e+01 
3.500e+01 ; 5.600e+00 ; 1.200e+00 ; 8.8273003e+01 ; 9.8707962e+01 
3.500e+01 ; 5.600e+00 ; 1.200e+00 ; 8.8275003e+01 ; 9.8708336e+01 
3.500e+01 ; 5.600e+00 ; 1.200e+00 ; 8.8279003e+01 ; 9.8709091e+01 
3.500e+01 ; 5.600e+00 ; 1.200e+00 ; 8.8287003e+01 ; 9.8710579e+01 
3.500e+01 ; 5.600e+00 ; 1.200e+00 ; 8.8303003e+01 ; 9.8713554e+01 
3.500e+01 ; 5.600e+00 ; 1.200e+00 ; 8.8335003e+01 ; 9.8719429e+01 
3.500e+01 ; 5.600e+00 ; 1.200e+00 ; 8.8399003e+01 ; 9.8730911e+01 
3.500e+01 ; 5.600e+00 ; 1.200e+00 ; 8.8527003e+01 ; 9.8752831e+01 
3.500e+01 ; 5.600e+00 ; 1.200e+00 ; 8.8783003e+01 ; 9.8792480e+01 
3.500e+01 ; 5.600e+00 ; 1.200e+00 ; 8.9240003e+01 ; 9.8850327e+01 
3.500e+01 ; 5.600e+00 ; 1.200e+00 ; 8.9240003e+01 ; 9.8850327e+01 
3.500e+01 ; 5.600e+00 ; 1.200e+00 ; 8.9241003e+01 ; 9.8850449e+01 
3.500e+01 ; 5.600e+00 ; 1.200e+00 ; 8.9242003e+01 ; 9.8850578e+01 
3.500e+01 ; 5.600e+00 ; 1.200e+00 ; 8.9243003e+01 ; 9.8850700e+01 
3.500e+01 ; 5.600e+00 ; 1.200e+00 ; 8.9245003e+01 ; 9.8850952e+01 
3.500e+01 ; 5.600e+00 ; 1.200e+00 ; 8.9249003e+01 ; 9.8851456e+01 
3.500e+01 ; 5.600e+00 ; 1.200e+00 ; 8.9257003e+01 ; 9.8852463e+01 
3.500e+01 ; 5.600e+00 ; 1.200e+00 ; 8.9273003e+01 ; 9.8854454e+01 
3.500e+01 ; 5.600e+00 ; 1.200e+00 ; 8.9305003e+01 ; 9.8858376e+01 
3.500e+01 ; 5.600e+00 ; 1.200e+00 ; 8.9369003e+01 ; 9.8865967e+01 
3.500e+01 ; 5.600e+00 ; 1.200e+00 ; 8.9497003e+01 ; 9.8880157e+01 
3.500e+01 ; 5.600e+00 ; 1.200e+00 ; 8.9753003e+01 ; 9.8904655e+01 
3.500e+01 ; 5.600e+00 ; 1.200e+00 ; 9.0210003e+01 ; 9.8936729e+01 
3.500e+01 ; 5.600e+00 ; 1.200e+00 ; 9.0210003e+01 ; 9.8936729e+01 
3.500e+01 ; 5.600e+00 ; 1.200e+00 ; 9.0211003e+01 ; 9.8936798e+01 
3.500e+01 ; 5.600e+00 ; 1.200e+00 ; 9.0212003e+01 ; 9.8936867e+01 
3.500e+01 ; 5.600e+00 ; 1.200e+00 ; 9.0213003e+01 ; 9.8936935e+01 
3.500e+01 ; 5.600e+00 ; 1.200e+00 ; 9.0215003e+01 ; 9.8937073e+01 
3.500e+01 ; 5.600e+00 ; 1.200e+00 ; 9.0219003e+01 ; 9.8937355e+01 
3.500e+01 ; 5.600e+00 ; 1.200e+00 ; 9.0227003e+01 ; 9.8937912e+01 
3.500e+01 ; 5.600e+00 ; 1.200e+00 ; 9.0243003e+01 ; 9.8939003e+01 
3.500e+01 ; 5.600e+00 ; 1.200e+00 ; 9.0275003e+01 ; 9.8941132e+01 
3.500e+01 ; 5.600e+00 ; 1.200e+00 ; 9.0339003e+01 ; 9.8945168e+01 
3.500e+01 ; 5.600e+00 ; 1.200e+00 ; 9.0467003e+01 ; 9.8952354e+01 
3.500e+01 ; 5.600e+00 ; 1.200e+00 ; 9.0723003e+01 ; 9.8963333e+01 
3.500e+01 ; 5.600e+00 ; 1.200e+00 ; 9.1180003e+01 ; 9.8972893e+01 
3.500e+01 ; 5.600e+00 ; 1.200e+00 ; 9.1180003e+01 ; 9.8972893e+01 
3.500e+01 ; 5.600e+00 ; 1.200e+00 ; 9.1181003e+01 ; 9.8972916e+01 
3.500e+01 ; 5.600e+00 ; 1.200e+00 ; 9.1182003e+01 ; 9.8972931e+01 
3.500e+01 ; 5.600e+00 ; 1.200e+00 ; 9.1183003e+01 ; 9.8972954e+01 
3.500e+01 ; 5.600e+00 ; 1.200e+00 ; 9.1185003e+01 ; 9.8973000e+01 
3.500e+01 ; 5.600e+00 ; 1.200e+00 ; 9.1189003e+01 ; 9.8973076e+01 
3.500e+01 ; 5.600e+00 ; 1.200e+00 ; 9.1197003e+01 ; 9.8973236e+01 
3.500e+01 ; 5.600e+00 ; 1.200e+00 ; 9.1213003e+01 ; 9.8973549e+01 
3.500e+01 ; 5.600e+00 ; 1.200e+00 ; 9.1245003e+01 ; 9.8974121e+01 
3.500e+01 ; 5.600e+00 ; 1.200e+00 ; 9.1309003e+01 ; 9.8975067e+01 
3.500e+01 ; 5.600e+00 ; 1.200e+00 ; 9.1437003e+01 ; 9.8976212e+01 
3.500e+01 ; 5.600e+00 ; 1.200e+00 ; 9.1693003e+01 ; 9.8975647e+01 
3.500e+01 ; 5.600e+00 ; 1.200e+00 ; 9.2150003e+01 ; 9.8966400e+01 
3.500e+01 ; 5.600e+00 ; 1.200e+00 ; 9.2150003e+01 ; 9.8966400e+01 
3.500e+01 ; 5.600e+00 ; 1.200e+00 ; 9.2151003e+01 ; 9.8966377e+01 
3.500e+01 ; 5.600e+00 ; 1.200e+00 ; 9.2152003e+01 ; 9.8966362e+01 
3.500e+01 ; 5.600e+00 ; 1.200e+00 ; 9.2153003e+01 ; 9.8966339e+01 
3.500e+01 ; 5.600e+00 ; 1.200e+00 ; 9.2155003e+01 ; 9.8966301e+01 
3.500e+01 ; 5.600e+00 ; 1.200e+00 ; 9.2159003e+01 ; 9.8966217e+01 
3.500e+01 ; 5.600e+00 ; 1.200e+00 ; 9.2167003e+01 ; 9.8966049e+01 
3.500e+01 ; 5.600e+00 ; 1.200e+00 ; 9.2183003e+01 ; 9.8965706e+01 
3.500e+01 ; 5.600e+00 ; 1.200e+00 ; 9.2215003e+01 ; 9.8964973e+01 
3.500e+01 ; 5.600e+00 ; 1.200e+00 ; 9.2279003e+01 ; 9.8963356e+01 
3.500e+01 ; 5.600e+00 ; 1.200e+00 ; 9.2407003e+01 ; 9.8959518e+01 
3.500e+01 ; 5.600e+00 ; 1.200e+00 ; 9.2663003e+01 ; 9.8949577e+01 
3.500e+01 ; 5.600e+00 ; 1.200e+00 ; 9.3120003e+01 ; 9.8925621e+01 
3.500e+01 ; 5.600e+00 ; 1.200e+00 ; 9.3120003e+01 ; 9.8925621e+01 
3.500e+01 ; 5.600e+00 ; 1.200e+00 ; 9.3121003e+01 ; 9.8925568e+01 
3.500e+01 ; 5.600e+00 ; 1.200e+00 ; 9.3122003e+01 ; 9.8925514e+01 
3.500e+01 ; 5.600e+00 ; 1.200e+00 ; 9.3123003e+01 ; 9.8925461e+01 
3.500e+01 ; 5.600e+00 ; 1.200e+00 ; 9.3125003e+01 ; 9.8925354e+01 
3.500e+01 ; 5.600e+00 ; 1.200e+00 ; 9.3129003e+01 ; 9.8925140e+01 
3.500e+01 ; 5.600e+00 ; 1.200e+00 ; 9.3137003e+01 ; 9.8924721e+01 
3.500e+01 ; 5.600e+00 ; 1.200e+00 ; 9.3153003e+01 ; 9.8923866e+01 
3.500e+01 ; 5.600e+00 ; 1.200e+00 ; 9.3185003e+01 ; 9.8922127e+01 
3.500e+01 ; 5.600e+00 ; 1.200e+00 ; 9.3249003e+01 ; 9.8918533e+01 
3.500e+01 ; 5.600e+00 ; 1.200e+00 ; 9.3377003e+01 ; 9.8910904e+01 
3.500e+01 ; 5.600e+00 ; 1.200e+00 ; 9.3633003e+01 ; 9.8894096e+01 
3.500e+01 ; 5.600e+00 ; 1.200e+00 ; 9.4090003e+01 ; 9.8860451e+01 
3.500e+01 ; 5.600e+00 ; 1.200e+00 ; 9.4090003e+01 ; 9.8860451e+01 
3.500e+01 ; 5.600e+00 ; 1.200e+00 ; 9.4091003e+01 ; 9.8860382e+01 
3.500e+01 ; 5.600e+00 ; 1.200e+00 ; 9.4092003e+01 ; 9.8860306e+01 
3.500e+01 ; 5.600e+00 ; 1.200e+00 ; 9.4093003e+01 ; 9.8860229e+01 
3.500e+01 ; 5.600e+00 ; 1.200e+00 ; 9.4095003e+01 ; 9.8860085e+01 
3.500e+01 ; 5.600e+00 ; 1.200e+00 ; 9.4099003e+01 ; 9.8859787e+01 
3.500e+01 ; 5.600e+00 ; 1.200e+00 ; 9.4107003e+01 ; 9.8859200e+01 
3.500e+01 ; 5.600e+00 ; 1.200e+00 ; 9.4123003e+01 ; 9.8858009e+01 
3.500e+01 ; 5.600e+00 ; 1.200e+00 ; 9.4155003e+01 ; 9.8855621e+01 
3.500e+01 ; 5.600e+00 ; 1.200e+00 ; 9.4219003e+01 ; 9.8850777e+01 
3.500e+01 ; 5.600e+00 ; 1.200e+00 ; 9.4347003e+01 ; 9.8840858e+01 
3.500e+01 ; 5.600e+00 ; 1.200e+00 ; 9.4603003e+01 ; 9.8820404e+01 
3.500e+01 ; 5.600e+00 ; 1.200e+00 ; 9.5060003e+01 ; 9.8783478e+01 
3.500e+01 ; 5.600e+00 ; 1.200e+00 ; 9.5060003e+01 ; 9.8783478e+01 
3.500e+01 ; 5.600e+00 ; 1.200e+00 ; 9.5061003e+01 ; 9.8783401e+01 
3.500e+01 ; 5.600e+00 ; 1.200e+00 ; 9.5062003e+01 ; 9.8783318e+01 
3.500e+01 ; 5.600e+00 ; 1.200e+00 ; 9.5063003e+01 ; 9.8783241e+01 
3.500e+01 ; 5.600e+00 ; 1.200e+00 ; 9.5065003e+01 ; 9.8783073e+01 
3.500e+01 ; 5.600e+00 ; 1.200e+00 ; 9.5069003e+01 ; 9.8782753e+01 
3.500e+01 ; 5.600e+00 ; 1.200e+00 ; 9.5077003e+01 ; 9.8782104e+01 
3.500e+01 ; 5.600e+00 ; 1.200e+00 ; 9.5093003e+01 ; 9.8780815e+01 
3.500e+01 ; 5.600e+00 ; 1.200e+00 ; 9.5125003e+01 ; 9.8778229e+01 
3.500e+01 ; 5.600e+00 ; 1.200e+00 ; 9.5189003e+01 ; 9.8773048e+01 
3.500e+01 ; 5.600e+00 ; 1.200e+00 ; 9.5317003e+01 ; 9.8762741e+01 
3.500e+01 ; 5.600e+00 ; 1.200e+00 ; 9.5573003e+01 ; 9.8742577e+01 
3.500e+01 ; 5.600e+00 ; 1.200e+00 ; 9.6030003e+01 ; 9.8709549e+01 
3.500e+01 ; 5.600e+00 ; 1.200e+00 ; 9.6030003e+01 ; 9.8709549e+01 
3.500e+01 ; 5.600e+00 ; 1.200e+00 ; 9.6031003e+01 ; 9.8709473e+01 
3.500e+01 ; 5.600e+00 ; 1.200e+00 ; 9.6032003e+01 ; 9.8709404e+01 
3.500e+01 ; 5.600e+00 ; 1.200e+00 ; 9.6033003e+01 ; 9.8709328e+01 
3.500e+01 ; 5.600e+00 ; 1.200e+00 ; 9.6035003e+01 ; 9.8709183e+01 
3.500e+01 ; 5.600e+00 ; 1.200e+00 ; 9.6039003e+01 ; 9.8708893e+01 
3.500e+01 ; 5.600e+00 ; 1.200e+00 ; 9.6047003e+01 ; 9.8708321e+01 
3.500e+01 ; 5.600e+00 ; 1.200e+00 ; 9.6063003e+01 ; 9.8707169e+01 
3.500e+01 ; 5.600e+00 ; 1.200e+00 ; 9.6095003e+01 ; 9.8704887e+01 
3.500e+01 ; 5.600e+00 ; 1.200e+00 ; 9.6159003e+01 ; 9.8700394e+01 
3.500e+01 ; 5.600e+00 ; 1.200e+00 ; 9.6287003e+01 ; 9.8691696e+01 
3.500e+01 ; 5.600e+00 ; 1.200e+00 ; 9.6543003e+01 ; 9.8675705e+01 
3.500e+01 ; 5.600e+00 ; 1.200e+00 ; 9.7000003e+01 ; 9.8652512e+01 
3.500e+01 ; 5.600e+00 ; 1.200e+00 ; 9.7000003e+01 ; 9.8652512e+01 
3.500e+01 ; 5.600e+00 ; 1.200e+00 ; 9.7001003e+01 ; 9.8652466e+01 
3.500e+01 ; 5.600e+00 ; 1.200e+00 ; 9.7002003e+01 ; 9.8652412e+01 
3.500e+01 ; 5.600e+00 ; 1.200e+00 ; 9.7003003e+01 ; 9.8652367e+01 
3.500e+01 ; 5.600e+00 ; 1.200e+00 ; 9.7005003e+01 ; 9.8652260e+01 
3.500e+01 ; 5.600e+00 ; 1.200e+00 ; 9.7009003e+01 ; 9.8652061e+01 
3.500e+01 ; 5.600e+00 ; 1.200e+00 ; 9.7017003e+01 ; 9.8651657e+01 
3.500e+01 ; 5.600e+00 ; 1.200e+00 ; 9.7033003e+01 ; 9.8650856e+01 
3.500e+01 ; 5.600e+00 ; 1.200e+00 ; 9.7065003e+01 ; 9.8649292e+01 
3.500e+01 ; 5.600e+00 ; 1.200e+00 ; 9.7129003e+01 ; 9.8646263e+01 
3.500e+01 ; 5.600e+00 ; 1.200e+00 ; 9.7257003e+01 ; 9.8640656e+01 
3.500e+01 ; 5.600e+00 ; 1.200e+00 ; 9.7513003e+01 ; 9.8631310e+01 
3.500e+01 ; 5.600e+00 ; 1.200e+00 ; 9.7970003e+01 ; 9.8620476e+01 
3.500e+01 ; 5.600e+00 ; 1.200e+00 ; 9.7970003e+01 ; 9.8620476e+01 
3.500e+01 ; 5.600e+00 ; 1.200e+00 ; 9.7971003e+01 ; 9.8620453e+01 
3.500e+01 ; 5.600e+00 ; 1.200e+00 ; 9.7972003e+01 ; 9.8620422e+01 
3.500e+01 ; 5.600e+00 ; 1.200e+00 ; 9.7973003e+01 ; 9.8620399e+01 
3.500e+01 ; 5.600e+00 ; 1.200e+00 ; 9.7975003e+01 ; 9.8620354e+01 
3.500e+01 ; 5.600e+00 ; 1.200e+00 ; 9.7979003e+01 ; 9.8620262e+01 
3.500e+01 ; 5.600e+00 ; 1.200e+00 ; 9.7987003e+01 ; 9.8620079e+01 
3.500e+01 ; 5.600e+00 ; 1.200e+00 ; 9.8003003e+01 ; 9.8619713e+01 
3.500e+01 ; 5.600e+00 ; 1.200e+00 ; 9.8035003e+01 ; 9.8619011e+01 
3.500e+01 ; 5.600e+00 ; 1.200e+00 ; 9.8099003e+01 ; 9.8617722e+01 
3.500e+01 ; 5.600e+00 ; 1.200e+00 ; 9.8227003e+01 ; 9.8615593e+01 
3.500e+01 ; 5.600e+00 ; 1.200e+00 ; 9.8483003e+01 ; 9.8613007e+01 
3.500e+01 ; 5.600e+00 ; 1.200e+00 ; 9.8940003e+01 ; 9.8612755e+01 
3.500e+01 ; 5.600e+00 ; 1.200e+00 ; 9.8940003e+01 ; 9.8612755e+01 
3.500e+01 ; 5.600e+00 ; 1.200e+00 ; 9.8941003e+01 ; 9.8612755e+01 
3.500e+01 ; 5.600e+00 ; 1.200e+00 ; 9.8942003e+01 ; 9.8612755e+01 
3.500e+01 ; 5.600e+00 ; 1.200e+00 ; 9.8943003e+01 ; 9.8612755e+01 
3.500e+01 ; 5.600e+00 ; 1.200e+00 ; 9.8945003e+01 ; 9.8612755e+01 
3.500e+01 ; 5.600e+00 ; 1.200e+00 ; 9.8949003e+01 ; 9.8612747e+01 
3.500e+01 ; 5.600e+00 ; 1.200e+00 ; 9.8957003e+01 ; 9.8612747e+01 
3.500e+01 ; 5.600e+00 ; 1.200e+00 ; 9.8973003e+01 ; 9.8612755e+01 
3.500e+01 ; 5.600e+00 ; 1.200e+00 ; 9.9005003e+01 ; 9.8612778e+01 
3.500e+01 ; 5.600e+00 ; 1.200e+00 ; 9.9069003e+01 ; 9.8612907e+01 
3.500e+01 ; 5.600e+00 ; 1.200e+00 ; 9.9197003e+01 ; 9.8613457e+01 
3.500e+01 ; 5.600e+00 ; 1.200e+00 ; 9.9453003e+01 ; 9.8615524e+01 
3.500e+01 ; 5.600e+00 ; 1.200e+00 ; 9.9910003e+01 ; 9.8620872e+01 
3.500e+01 ; 5.600e+00 ; 1.200e+00 ; 9.9910003e+01 ; 9.8620872e+01 
3.500e+01 ; 5.600e+00 ; 1.200e+00 ; 9.9911003e+01 ; 9.8620880e+01 
3.500e+01 ; 5.600e+00 ; 1.200e+00 ; 9.9912003e+01 ; 9.8620895e+01 
3.500e+01 ; 5.600e+00 ; 1.200e+00 ; 9.9913003e+01 ; 9.8620903e+01 
3.500e+01 ; 5.600e+00 ; 1.200e+00 ; 9.9915003e+01 ; 9.8620934e+01 
3.500e+01 ; 5.600e+00 ; 1.200e+00 ; 9.9919003e+01 ; 9.8620979e+01 
3.500e+01 ; 5.600e+00 ; 1.200e+00 ; 9.9927003e+01 ; 9.8621071e+01 
3.500e+01 ; 5.600e+00 ; 1.200e+00 ; 9.9943003e+01 ; 9.8621262e+01 
3.500e+01 ; 5.600e+00 ; 1.200e+00 ; 9.9975003e+01 ; 9.8621651e+01 
3.500e+01 ; 5.600e+00 ; 1.200e+00 ; 1.0003900e+02 ; 9.8622459e+01 
3.500e+01 ; 5.600e+00 ; 1.200e+00 ; 1.0016700e+02 ; 9.8624138e+01 
3.500e+01 ; 5.600e+00 ; 1.200e+00 ; 1.0042300e+02 ; 9.8627525e+01 
3.500e+01 ; 5.600e+00 ; 1.200e+00 ; 1.0088000e+02 ; 9.8632332e+01 
3.500e+01 ; 5.600e+00 ; 1.200e+00 ; 1.0088000e+02 ; 9.8632332e+01 
3.500e+01 ; 5.600e+00 ; 1.200e+00 ; 1.0088100e+02 ; 9.8632347e+01 
3.500e+01 ; 5.600e+00 ; 1.200e+00 ; 1.0088200e+02 ; 9.8632355e+01 
3.500e+01 ; 5.600e+00 ; 1.200e+00 ; 1.0088300e+02 ; 9.8632362e+01 
3.500e+01 ; 5.600e+00 ; 1.200e+00 ; 1.0088500e+02 ; 9.8632385e+01 
3.500e+01 ; 5.600e+00 ; 1.200e+00 ; 1.0088900e+02 ; 9.8632431e+01 
3.500e+01 ; 5.600e+00 ; 1.200e+00 ; 1.0089700e+02 ; 9.8632515e+01 
3.500e+01 ; 5.600e+00 ; 1.200e+00 ; 1.0091300e+02 ; 9.8632675e+01 
3.500e+01 ; 5.600e+00 ; 1.200e+00 ; 1.0094500e+02 ; 9.8633003e+01 
3.500e+01 ; 5.600e+00 ; 1.200e+00 ; 1.0100900e+02 ; 9.8633614e+01 
3.500e+01 ; 5.600e+00 ; 1.200e+00 ; 1.0113700e+02 ; 9.8634689e+01 
3.500e+01 ; 5.600e+00 ; 1.200e+00 ; 1.0139300e+02 ; 9.8636024e+01 
3.500e+01 ; 5.600e+00 ; 1.200e+00 ; 1.0185000e+02 ; 9.8634773e+01 
3.500e+01 ; 5.600e+00 ; 1.200e+00 ; 1.0185000e+02 ; 9.8634773e+01 
3.500e+01 ; 5.600e+00 ; 1.200e+00 ; 1.0185100e+02 ; 9.8634773e+01 
3.500e+01 ; 5.600e+00 ; 1.200e+00 ; 1.0185200e+02 ; 9.8634766e+01 
3.500e+01 ; 5.600e+00 ; 1.200e+00 ; 1.0185300e+02 ; 9.8634766e+01 
3.500e+01 ; 5.600e+00 ; 1.200e+00 ; 1.0185500e+02 ; 9.8634758e+01 
3.500e+01 ; 5.600e+00 ; 1.200e+00 ; 1.0185900e+02 ; 9.8634750e+01 
3.500e+01 ; 5.600e+00 ; 1.200e+00 ; 1.0186700e+02 ; 9.8634720e+01 
3.500e+01 ; 5.600e+00 ; 1.200e+00 ; 1.0188300e+02 ; 9.8634666e+01 
3.500e+01 ; 5.600e+00 ; 1.200e+00 ; 1.0191500e+02 ; 9.8634544e+01 
3.500e+01 ; 5.600e+00 ; 1.200e+00 ; 1.0197900e+02 ; 9.8634224e+01 
3.500e+01 ; 5.600e+00 ; 1.200e+00 ; 1.0210700e+02 ; 9.8633240e+01 
3.500e+01 ; 5.600e+00 ; 1.200e+00 ; 1.0236300e+02 ; 9.8629845e+01 
3.500e+01 ; 5.600e+00 ; 1.200e+00 ; 1.0282000e+02 ; 9.8618584e+01 
3.500e+01 ; 5.600e+00 ; 1.200e+00 ; 1.0282000e+02 ; 9.8618584e+01 
3.500e+01 ; 5.600e+00 ; 1.200e+00 ; 1.0283000e+02 ; 9.8618340e+01 
3.500e+01 ; 5.600e+00 ; 1.200e+00 ; 1.0284000e+02 ; 9.8618088e+01 
3.500e+01 ; 5.600e+00 ; 1.200e+00 ; 1.0285000e+02 ; 9.8617836e+01 
3.500e+01 ; 5.600e+00 ; 1.200e+00 ; 1.0287000e+02 ; 9.8617317e+01 
3.500e+01 ; 5.600e+00 ; 1.200e+00 ; 1.0291000e+02 ; 9.8616241e+01 
3.500e+01 ; 5.600e+00 ; 1.200e+00 ; 1.0299000e+02 ; 9.8613922e+01 
3.500e+01 ; 5.600e+00 ; 1.200e+00 ; 1.0315000e+02 ; 9.8608597e+01 
3.500e+01 ; 5.600e+00 ; 1.200e+00 ; 1.0347000e+02 ; 9.8595100e+01 
3.500e+01 ; 5.600e+00 ; 1.200e+00 ; 1.0411000e+02 ; 9.8556290e+01 
3.500e+01 ; 5.600e+00 ; 1.200e+00 ; 1.0507000e+02 ; 9.8472054e+01 
3.500e+01 ; 5.600e+00 ; 1.200e+00 ; 1.0651000e+02 ; 9.8294571e+01 
3.500e+01 ; 5.600e+00 ; 1.200e+00 ; 1.0782000e+02 ; 9.8098068e+01