X ; Y ; Z ; time ; Temperature 
3.500e+01 ; 1.040e+01 ; 1.800e+00 ; 0.0000000e+00 ; 2.6900000e+02 
3.500e+01 ; 1.040e+01 ; 1.800e+00 ; 1.0000000e-03 ; 2.6900000e+02 
3.500e+01 ; 1.040e+01 ; 1.800e+00 ; 2.0000001e-03 ; 2.6900000e+02 
3.500e+01 ; 1.040e+01 ; 1.800e+00 ; 3.0000000e-03 ; 2.6900000e+02 
3.500e+01 ; 1.040e+01 ; 1.800e+00 ; 4.9999999e-03 ; 2.6900000e+02 
3.500e+01 ; 1.040e+01 ; 1.800e+00 ; 8.9999996e-03 ; 2.6900000e+02 
3.500e+01 ; 1.040e+01 ; 1.800e+00 ; 1.7000001e-02 ; 2.6900000e+02 
3.500e+01 ; 1.040e+01 ; 1.800e+00 ; 3.3000000e-02 ; 2.6900000e+02 
3.500e+01 ; 1.040e+01 ; 1.800e+00 ; 6.4999998e-02 ; 2.6900000e+02 
3.500e+01 ; 1.040e+01 ; 1.800e+00 ; 1.2899999e-01 ; 2.6900000e+02 
3.500e+01 ; 1.040e+01 ; 1.800e+00 ; 2.5700000e-01 ; 2.6900000e+02 
3.500e+01 ; 1.040e+01 ; 1.800e+00 ; 5.1300001e-01 ; 2.6900000e+02 
3.500e+01 ; 1.040e+01 ; 1.800e+00 ; 7.6899999e-01 ; 2.6900000e+02 
3.500e+01 ; 1.040e+01 ; 1.800e+00 ; 9.7000003e-01 ; 2.6900000e+02 
3.500e+01 ; 1.040e+01 ; 1.800e+00 ; 9.7000003e-01 ; 2.6900000e+02 
3.500e+01 ; 1.040e+01 ; 1.800e+00 ; 9.7100003e-01 ; 2.6900000e+02 
3.500e+01 ; 1.040e+01 ; 1.800e+00 ; 9.7200003e-01 ; 2.6900000e+02 
3.500e+01 ; 1.040e+01 ; 1.800e+00 ; 9.7300003e-01 ; 2.6900000e+02 
3.500e+01 ; 1.040e+01 ; 1.800e+00 ; 9.7500003e-01 ; 2.6900000e+02 
3.500e+01 ; 1.040e+01 ; 1.800e+00 ; 9.7900003e-01 ; 2.6900000e+02 
3.500e+01 ; 1.040e+01 ; 1.800e+00 ; 9.8700003e-01 ; 2.6900000e+02 
3.500e+01 ; 1.040e+01 ; 1.800e+00 ; 1.0030000e+00 ; 2.6900000e+02 
3.500e+01 ; 1.040e+01 ; 1.800e+00 ; 1.0350000e+00 ; 2.6900000e+02 
3.500e+01 ; 1.040e+01 ; 1.800e+00 ; 1.0990000e+00 ; 2.6900000e+02 
3.500e+01 ; 1.040e+01 ; 1.800e+00 ; 1.2270000e+00 ; 2.6900000e+02 
3.500e+01 ; 1.040e+01 ; 1.800e+00 ; 1.4830000e+00 ; 2.6900000e+02 
3.500e+01 ; 1.040e+01 ; 1.800e+00 ; 1.9400001e+00 ; 2.6900000e+02 
3.500e+01 ; 1.040e+01 ; 1.800e+00 ; 1.9400001e+00 ; 2.6900000e+02 
3.500e+01 ; 1.040e+01 ; 1.800e+00 ; 1.9410001e+00 ; 2.6900000e+02 
3.500e+01 ; 1.040e+01 ; 1.800e+00 ; 1.9420001e+00 ; 2.6900000e+02 
3.500e+01 ; 1.040e+01 ; 1.800e+00 ; 1.9430001e+00 ; 2.6900000e+02 
3.500e+01 ; 1.040e+01 ; 1.800e+00 ; 1.9450001e+00 ; 2.6900000e+02 
3.500e+01 ; 1.040e+01 ; 1.800e+00 ; 1.9490001e+00 ; 2.6900000e+02 
3.500e+01 ; 1.040e+01 ; 1.800e+00 ; 1.9570001e+00 ; 2.6900000e+02 
3.500e+01 ; 1.040e+01 ; 1.800e+00 ; 1.9730001e+00 ; 2.6900000e+02 
3.500e+01 ; 1.040e+01 ; 1.800e+00 ; 2.0050001e+00 ; 2.6900000e+02 
3.500e+01 ; 1.040e+01 ; 1.800e+00 ; 2.0690001e+00 ; 2.6900000e+02 
3.500e+01 ; 1.040e+01 ; 1.800e+00 ; 2.1970001e+00 ; 2.6900000e+02 
3.500e+01 ; 1.040e+01 ; 1.800e+00 ; 2.4530001e+00 ; 2.6900000e+02 
3.500e+01 ; 1.040e+01 ; 1.800e+00 ; 2.9100001e+00 ; 2.6900000e+02 
3.500e+01 ; 1.040e+01 ; 1.800e+00 ; 2.9100001e+00 ; 2.6900000e+02 
3.500e+01 ; 1.040e+01 ; 1.800e+00 ; 2.9110001e+00 ; 2.6900000e+02 
3.500e+01 ; 1.040e+01 ; 1.800e+00 ; 2.9120001e+00 ; 2.6900000e+02 
3.500e+01 ; 1.040e+01 ; 1.800e+00 ; 2.9130001e+00 ; 2.6900000e+02 
3.500e+01 ; 1.040e+01 ; 1.800e+00 ; 2.9150001e+00 ; 2.6900000e+02 
3.500e+01 ; 1.040e+01 ; 1.800e+00 ; 2.9190001e+00 ; 2.6900000e+02 
3.500e+01 ; 1.040e+01 ; 1.800e+00 ; 2.9270001e+00 ; 2.6900000e+02 
3.500e+01 ; 1.040e+01 ; 1.800e+00 ; 2.9430001e+00 ; 2.6900000e+02 
3.500e+01 ; 1.040e+01 ; 1.800e+00 ; 2.9750001e+00 ; 2.6900000e+02 
3.500e+01 ; 1.040e+01 ; 1.800e+00 ; 3.0390001e+00 ; 2.6900000e+02 
3.500e+01 ; 1.040e+01 ; 1.800e+00 ; 3.1670001e+00 ; 2.6900000e+02 
3.500e+01 ; 1.040e+01 ; 1.800e+00 ; 3.4230001e+00 ; 2.6900000e+02 
3.500e+01 ; 1.040e+01 ; 1.800e+00 ; 3.8800001e+00 ; 2.6900000e+02 
3.500e+01 ; 1.040e+01 ; 1.800e+00 ; 3.8800001e+00 ; 2.6900000e+02 
3.500e+01 ; 1.040e+01 ; 1.800e+00 ; 3.8810001e+00 ; 2.6900000e+02 
3.500e+01 ; 1.040e+01 ; 1.800e+00 ; 3.8820001e+00 ; 2.6900000e+02 
3.500e+01 ; 1.040e+01 ; 1.800e+00 ; 3.8830001e+00 ; 2.6900000e+02 
3.500e+01 ; 1.040e+01 ; 1.800e+00 ; 3.8850001e+00 ; 2.6900000e+02 
3.500e+01 ; 1.040e+01 ; 1.800e+00 ; 3.8890001e+00 ; 2.6900000e+02 
3.500e+01 ; 1.040e+01 ; 1.800e+00 ; 3.8970001e+00 ; 2.6900000e+02 
3.500e+01 ; 1.040e+01 ; 1.800e+00 ; 3.9130001e+00 ; 2.6900000e+02 
3.500e+01 ; 1.040e+01 ; 1.800e+00 ; 3.9450001e+00 ; 2.6900000e+02 
3.500e+01 ; 1.040e+01 ; 1.800e+00 ; 4.0090001e+00 ; 2.6900000e+02 
3.500e+01 ; 1.040e+01 ; 1.800e+00 ; 4.1370001e+00 ; 2.6900000e+02 
3.500e+01 ; 1.040e+01 ; 1.800e+00 ; 4.3930001e+00 ; 2.6900000e+02 
3.500e+01 ; 1.040e+01 ; 1.800e+00 ; 4.8500001e+00 ; 2.6900000e+02 
3.500e+01 ; 1.040e+01 ; 1.800e+00 ; 4.8500001e+00 ; 2.6900000e+02 
3.500e+01 ; 1.040e+01 ; 1.800e+00 ; 4.8510001e+00 ; 2.6900000e+02 
3.500e+01 ; 1.040e+01 ; 1.800e+00 ; 4.8520001e+00 ; 2.6900000e+02 
3.500e+01 ; 1.040e+01 ; 1.800e+00 ; 4.8530001e+00 ; 2.6900000e+02 
3.500e+01 ; 1.040e+01 ; 1.800e+00 ; 4.8550001e+00 ; 2.6900000e+02 
3.500e+01 ; 1.040e+01 ; 1.800e+00 ; 4.8590001e+00 ; 2.6900000e+02 
3.500e+01 ; 1.040e+01 ; 1.800e+00 ; 4.8670001e+00 ; 2.6900000e+02 
3.500e+01 ; 1.040e+01 ; 1.800e+00 ; 4.8830001e+00 ; 2.6900000e+02 
3.500e+01 ; 1.040e+01 ; 1.800e+00 ; 4.9150001e+00 ; 2.6900000e+02 
3.500e+01 ; 1.040e+01 ; 1.800e+00 ; 4.9790001e+00 ; 2.6900000e+02 
3.500e+01 ; 1.040e+01 ; 1.800e+00 ; 5.1070001e+00 ; 2.6900000e+02 
3.500e+01 ; 1.040e+01 ; 1.800e+00 ; 5.3630002e+00 ; 2.6900000e+02 
3.500e+01 ; 1.040e+01 ; 1.800e+00 ; 5.8200002e+00 ; 2.6900000e+02 
3.500e+01 ; 1.040e+01 ; 1.800e+00 ; 5.8200002e+00 ; 2.6900000e+02 
3.500e+01 ; 1.040e+01 ; 1.800e+00 ; 5.8210002e+00 ; 2.6900000e+02 
3.500e+01 ; 1.040e+01 ; 1.800e+00 ; 5.8220002e+00 ; 2.6900000e+02 
3.500e+01 ; 1.040e+01 ; 1.800e+00 ; 5.8230002e+00 ; 2.6900000e+02 
3.500e+01 ; 1.040e+01 ; 1.800e+00 ; 5.8250002e+00 ; 2.6900000e+02 
3.500e+01 ; 1.040e+01 ; 1.800e+00 ; 5.8290002e+00 ; 2.6900000e+02 
3.500e+01 ; 1.040e+01 ; 1.800e+00 ; 5.8370002e+00 ; 2.6900000e+02 
3.500e+01 ; 1.040e+01 ; 1.800e+00 ; 5.8530002e+00 ; 2.6900000e+02 
3.500e+01 ; 1.040e+01 ; 1.800e+00 ; 5.8850002e+00 ; 2.6900000e+02 
3.500e+01 ; 1.040e+01 ; 1.800e+00 ; 5.9490002e+00 ; 2.6900000e+02 
3.500e+01 ; 1.040e+01 ; 1.800e+00 ; 6.0770002e+00 ; 2.6900000e+02 
3.500e+01 ; 1.040e+01 ; 1.800e+00 ; 6.3330002e+00 ; 2.6900000e+02 
3.500e+01 ; 1.040e+01 ; 1.800e+00 ; 6.7900002e+00 ; 2.6900000e+02 
3.500e+01 ; 1.040e+01 ; 1.800e+00 ; 6.7900002e+00 ; 2.6900000e+02 
3.500e+01 ; 1.040e+01 ; 1.800e+00 ; 6.7910002e+00 ; 2.6900000e+02 
3.500e+01 ; 1.040e+01 ; 1.800e+00 ; 6.7920002e+00 ; 2.6900000e+02 
3.500e+01 ; 1.040e+01 ; 1.800e+00 ; 6.7930002e+00 ; 2.6900000e+02 
3.500e+01 ; 1.040e+01 ; 1.800e+00 ; 6.7950002e+00 ; 2.6900000e+02 
3.500e+01 ; 1.040e+01 ; 1.800e+00 ; 6.7990002e+00 ; 2.6900000e+02 
3.500e+01 ; 1.040e+01 ; 1.800e+00 ; 6.8070002e+00 ; 2.6900000e+02 
3.500e+01 ; 1.040e+01 ; 1.800e+00 ; 6.8230002e+00 ; 2.6900000e+02 
3.500e+01 ; 1.040e+01 ; 1.800e+00 ; 6.8550002e+00 ; 2.6900000e+02 
3.500e+01 ; 1.040e+01 ; 1.800e+00 ; 6.9190002e+00 ; 2.6900000e+02 
3.500e+01 ; 1.040e+01 ; 1.800e+00 ; 7.0470002e+00 ; 2.6900000e+02 
3.500e+01 ; 1.040e+01 ; 1.800e+00 ; 7.3030002e+00 ; 2.6900000e+02 
3.500e+01 ; 1.040e+01 ; 1.800e+00 ; 7.7600002e+00 ; 2.6900000e+02 
3.500e+01 ; 1.040e+01 ; 1.800e+00 ; 7.7600002e+00 ; 2.6900000e+02 
3.500e+01 ; 1.040e+01 ; 1.800e+00 ; 7.7610002e+00 ; 2.6900000e+02 
3.500e+01 ; 1.040e+01 ; 1.800e+00 ; 7.7620002e+00 ; 2.6900000e+02 
3.500e+01 ; 1.040e+01 ; 1.800e+00 ; 7.7630002e+00 ; 2.6900000e+02 
3.500e+01 ; 1.040e+01 ; 1.800e+00 ; 7.7650002e+00 ; 2.6900000e+02 
3.500e+01 ; 1.040e+01 ; 1.800e+00 ; 7.7690002e+00 ; 2.6900000e+02 
3.500e+01 ; 1.040e+01 ; 1.800e+00 ; 7.7770002e+00 ; 2.6900000e+02 
3.500e+01 ; 1.040e+01 ; 1.800e+00 ; 7.7930002e+00 ; 2.6900000e+02 
3.500e+01 ; 1.040e+01 ; 1.800e+00 ; 7.8250002e+00 ; 2.6900000e+02 
3.500e+01 ; 1.040e+01 ; 1.800e+00 ; 7.8890002e+00 ; 2.6900000e+02 
3.500e+01 ; 1.040e+01 ; 1.800e+00 ; 8.0170002e+00 ; 2.6900000e+02 
3.500e+01 ; 1.040e+01 ; 1.800e+00 ; 8.2730002e+00 ; 2.6900000e+02 
3.500e+01 ; 1.040e+01 ; 1.800e+00 ; 8.7300003e+00 ; 2.6900000e+02 
3.500e+01 ; 1.040e+01 ; 1.800e+00 ; 8.7300003e+00 ; 2.6900000e+02 
3.500e+01 ; 1.040e+01 ; 1.800e+00 ; 8.7310003e+00 ; 2.6900000e+02 
3.500e+01 ; 1.040e+01 ; 1.800e+00 ; 8.7320003e+00 ; 2.6900000e+02 
3.500e+01 ; 1.040e+01 ; 1.800e+00 ; 8.7330003e+00 ; 2.6900000e+02 
3.500e+01 ; 1.040e+01 ; 1.800e+00 ; 8.7350003e+00 ; 2.6900000e+02 
3.500e+01 ; 1.040e+01 ; 1.800e+00 ; 8.7390003e+00 ; 2.6900000e+02 
3.500e+01 ; 1.040e+01 ; 1.800e+00 ; 8.7470003e+00 ; 2.6900000e+02 
3.500e+01 ; 1.040e+01 ; 1.800e+00 ; 8.7630003e+00 ; 2.6900000e+02 
3.500e+01 ; 1.040e+01 ; 1.800e+00 ; 8.7950003e+00 ; 2.6900000e+02 
3.500e+01 ; 1.040e+01 ; 1.800e+00 ; 8.8590003e+00 ; 2.6900000e+02 
3.500e+01 ; 1.040e+01 ; 1.800e+00 ; 8.9870003e+00 ; 2.6900000e+02 
3.500e+01 ; 1.040e+01 ; 1.800e+00 ; 9.2430003e+00 ; 2.6900000e+02 
3.500e+01 ; 1.040e+01 ; 1.800e+00 ; 9.7000003e+00 ; 2.6900000e+02 
3.500e+01 ; 1.040e+01 ; 1.800e+00 ; 9.7000003e+00 ; 2.6900000e+02 
3.500e+01 ; 1.040e+01 ; 1.800e+00 ; 9.7010003e+00 ; 2.6900000e+02 
3.500e+01 ; 1.040e+01 ; 1.800e+00 ; 9.7020003e+00 ; 2.6900000e+02 
3.500e+01 ; 1.040e+01 ; 1.800e+00 ; 9.7030003e+00 ; 2.6900000e+02 
3.500e+01 ; 1.040e+01 ; 1.800e+00 ; 9.7050003e+00 ; 2.6900000e+02 
3.500e+01 ; 1.040e+01 ; 1.800e+00 ; 9.7090003e+00 ; 2.6900000e+02 
3.500e+01 ; 1.040e+01 ; 1.800e+00 ; 9.7170003e+00 ; 2.6900000e+02 
3.500e+01 ; 1.040e+01 ; 1.800e+00 ; 9.7330003e+00 ; 2.6900000e+02 
3.500e+01 ; 1.040e+01 ; 1.800e+00 ; 9.7650003e+00 ; 2.6900000e+02 
3.500e+01 ; 1.040e+01 ; 1.800e+00 ; 9.8290003e+00 ; 2.6900000e+02 
3.500e+01 ; 1.040e+01 ; 1.800e+00 ; 9.9570003e+00 ; 2.6900000e+02 
3.500e+01 ; 1.040e+01 ; 1.800e+00 ; 1.0213000e+01 ; 2.6900000e+02 
3.500e+01 ; 1.040e+01 ; 1.800e+00 ; 1.0670000e+01 ; 2.6900000e+02 
3.500e+01 ; 1.040e+01 ; 1.800e+00 ; 1.0670000e+01 ; 2.6900000e+02 
3.500e+01 ; 1.040e+01 ; 1.800e+00 ; 1.0671000e+01 ; 2.6900000e+02 
3.500e+01 ; 1.040e+01 ; 1.800e+00 ; 1.0672000e+01 ; 2.6900000e+02 
3.500e+01 ; 1.040e+01 ; 1.800e+00 ; 1.0673000e+01 ; 2.6900000e+02 
3.500e+01 ; 1.040e+01 ; 1.800e+00 ; 1.0675000e+01 ; 2.6900000e+02 
3.500e+01 ; 1.040e+01 ; 1.800e+00 ; 1.0679000e+01 ; 2.6900000e+02 
3.500e+01 ; 1.040e+01 ; 1.800e+00 ; 1.0687000e+01 ; 2.6900000e+02 
3.500e+01 ; 1.040e+01 ; 1.800e+00 ; 1.0703000e+01 ; 2.6900000e+02 
3.500e+01 ; 1.040e+01 ; 1.800e+00 ; 1.0735000e+01 ; 2.6900000e+02 
3.500e+01 ; 1.040e+01 ; 1.800e+00 ; 1.0799000e+01 ; 2.6900000e+02 
3.500e+01 ; 1.040e+01 ; 1.800e+00 ; 1.0927000e+01 ; 2.6900000e+02 
3.500e+01 ; 1.040e+01 ; 1.800e+00 ; 1.1183000e+01 ; 2.6900000e+02 
3.500e+01 ; 1.040e+01 ; 1.800e+00 ; 1.1640000e+01 ; 2.6900000e+02 
3.500e+01 ; 1.040e+01 ; 1.800e+00 ; 1.1640000e+01 ; 2.6900000e+02 
3.500e+01 ; 1.040e+01 ; 1.800e+00 ; 1.1641000e+01 ; 2.6900000e+02 
3.500e+01 ; 1.040e+01 ; 1.800e+00 ; 1.1642000e+01 ; 2.6900000e+02 
3.500e+01 ; 1.040e+01 ; 1.800e+00 ; 1.1643000e+01 ; 2.6900000e+02 
3.500e+01 ; 1.040e+01 ; 1.800e+00 ; 1.1645000e+01 ; 2.6900000e+02 
3.500e+01 ; 1.040e+01 ; 1.800e+00 ; 1.1649000e+01 ; 2.6900000e+02 
3.500e+01 ; 1.040e+01 ; 1.800e+00 ; 1.1657000e+01 ; 2.6900000e+02 
3.500e+01 ; 1.040e+01 ; 1.800e+00 ; 1.1673000e+01 ; 2.6900000e+02 
3.500e+01 ; 1.040e+01 ; 1.800e+00 ; 1.1705000e+01 ; 2.6900000e+02 
3.500e+01 ; 1.040e+01 ; 1.800e+00 ; 1.1769000e+01 ; 2.6900000e+02 
3.500e+01 ; 1.040e+01 ; 1.800e+00 ; 1.1897000e+01 ; 2.6900000e+02 
3.500e+01 ; 1.040e+01 ; 1.800e+00 ; 1.2153000e+01 ; 2.6900000e+02 
3.500e+01 ; 1.040e+01 ; 1.800e+00 ; 1.2610000e+01 ; 2.6900000e+02 
3.500e+01 ; 1.040e+01 ; 1.800e+00 ; 1.2610000e+01 ; 2.6900000e+02 
3.500e+01 ; 1.040e+01 ; 1.800e+00 ; 1.2611000e+01 ; 2.6900000e+02 
3.500e+01 ; 1.040e+01 ; 1.800e+00 ; 1.2612000e+01 ; 2.6900000e+02 
3.500e+01 ; 1.040e+01 ; 1.800e+00 ; 1.2613000e+01 ; 2.6900000e+02 
3.500e+01 ; 1.040e+01 ; 1.800e+00 ; 1.2615000e+01 ; 2.6900000e+02 
3.500e+01 ; 1.040e+01 ; 1.800e+00 ; 1.2619000e+01 ; 2.6900000e+02 
3.500e+01 ; 1.040e+01 ; 1.800e+00 ; 1.2627000e+01 ; 2.6900000e+02 
3.500e+01 ; 1.040e+01 ; 1.800e+00 ; 1.2643000e+01 ; 2.6900000e+02 
3.500e+01 ; 1.040e+01 ; 1.800e+00 ; 1.2675000e+01 ; 2.6900000e+02 
3.500e+01 ; 1.040e+01 ; 1.800e+00 ; 1.2739000e+01 ; 2.6900000e+02 
3.500e+01 ; 1.040e+01 ; 1.800e+00 ; 1.2867000e+01 ; 2.6900000e+02 
3.500e+01 ; 1.040e+01 ; 1.800e+00 ; 1.3123000e+01 ; 2.6900000e+02 
3.500e+01 ; 1.040e+01 ; 1.800e+00 ; 1.3580000e+01 ; 2.6900000e+02 
3.500e+01 ; 1.040e+01 ; 1.800e+00 ; 1.3580000e+01 ; 2.6900000e+02 
3.500e+01 ; 1.040e+01 ; 1.800e+00 ; 1.3581000e+01 ; 2.6900000e+02 
3.500e+01 ; 1.040e+01 ; 1.800e+00 ; 1.3582000e+01 ; 2.6900000e+02 
3.500e+01 ; 1.040e+01 ; 1.800e+00 ; 1.3583000e+01 ; 2.6900000e+02 
3.500e+01 ; 1.040e+01 ; 1.800e+00 ; 1.3585000e+01 ; 2.6900000e+02 
3.500e+01 ; 1.040e+01 ; 1.800e+00 ; 1.3589000e+01 ; 2.6900000e+02 
3.500e+01 ; 1.040e+01 ; 1.800e+00 ; 1.3597000e+01 ; 2.6900000e+02 
3.500e+01 ; 1.040e+01 ; 1.800e+00 ; 1.3613000e+01 ; 2.6900000e+02 
3.500e+01 ; 1.040e+01 ; 1.800e+00 ; 1.3645000e+01 ; 2.6900000e+02 
3.500e+01 ; 1.040e+01 ; 1.800e+00 ; 1.3709000e+01 ; 2.6900000e+02 
3.500e+01 ; 1.040e+01 ; 1.800e+00 ; 1.3837000e+01 ; 2.6900000e+02 
3.500e+01 ; 1.040e+01 ; 1.800e+00 ; 1.4093000e+01 ; 2.6900000e+02 
3.500e+01 ; 1.040e+01 ; 1.800e+00 ; 1.4550000e+01 ; 2.6900000e+02 
3.500e+01 ; 1.040e+01 ; 1.800e+00 ; 1.4550000e+01 ; 2.6900000e+02 
3.500e+01 ; 1.040e+01 ; 1.800e+00 ; 1.4551000e+01 ; 2.6900000e+02 
3.500e+01 ; 1.040e+01 ; 1.800e+00 ; 1.4552000e+01 ; 2.6900000e+02 
3.500e+01 ; 1.040e+01 ; 1.800e+00 ; 1.4553000e+01 ; 2.6900000e+02 
3.500e+01 ; 1.040e+01 ; 1.800e+00 ; 1.4555000e+01 ; 2.6900000e+02 
3.500e+01 ; 1.040e+01 ; 1.800e+00 ; 1.4559000e+01 ; 2.6900000e+02 
3.500e+01 ; 1.040e+01 ; 1.800e+00 ; 1.4567000e+01 ; 2.6900000e+02 
3.500e+01 ; 1.040e+01 ; 1.800e+00 ; 1.4583000e+01 ; 2.6900000e+02 
3.500e+01 ; 1.040e+01 ; 1.800e+00 ; 1.4615000e+01 ; 2.6900000e+02 
3.500e+01 ; 1.040e+01 ; 1.800e+00 ; 1.4679000e+01 ; 2.6900000e+02 
3.500e+01 ; 1.040e+01 ; 1.800e+00 ; 1.4807000e+01 ; 2.6900000e+02 
3.500e+01 ; 1.040e+01 ; 1.800e+00 ; 1.5063000e+01 ; 2.6900000e+02 
3.500e+01 ; 1.040e+01 ; 1.800e+00 ; 1.5520000e+01 ; 2.6900000e+02 
3.500e+01 ; 1.040e+01 ; 1.800e+00 ; 1.5520000e+01 ; 2.6900000e+02 
3.500e+01 ; 1.040e+01 ; 1.800e+00 ; 1.5521000e+01 ; 2.6900000e+02 
3.500e+01 ; 1.040e+01 ; 1.800e+00 ; 1.5522000e+01 ; 2.6900000e+02 
3.500e+01 ; 1.040e+01 ; 1.800e+00 ; 1.5523000e+01 ; 2.6900000e+02 
3.500e+01 ; 1.040e+01 ; 1.800e+00 ; 1.5525000e+01 ; 2.6900000e+02 
3.500e+01 ; 1.040e+01 ; 1.800e+00 ; 1.5529000e+01 ; 2.6900000e+02 
3.500e+01 ; 1.040e+01 ; 1.800e+00 ; 1.5537000e+01 ; 2.6900000e+02 
3.500e+01 ; 1.040e+01 ; 1.800e+00 ; 1.5553000e+01 ; 2.6900000e+02 
3.500e+01 ; 1.040e+01 ; 1.800e+00 ; 1.5585000e+01 ; 2.6900000e+02 
3.500e+01 ; 1.040e+01 ; 1.800e+00 ; 1.5649000e+01 ; 2.6900000e+02 
3.500e+01 ; 1.040e+01 ; 1.800e+00 ; 1.5777000e+01 ; 2.6900000e+02 
3.500e+01 ; 1.040e+01 ; 1.800e+00 ; 1.6033000e+01 ; 2.6900000e+02 
3.500e+01 ; 1.040e+01 ; 1.800e+00 ; 1.6490000e+01 ; 2.6900000e+02 
3.500e+01 ; 1.040e+01 ; 1.800e+00 ; 1.6490000e+01 ; 2.6900000e+02 
3.500e+01 ; 1.040e+01 ; 1.800e+00 ; 1.6491000e+01 ; 2.6900000e+02 
3.500e+01 ; 1.040e+01 ; 1.800e+00 ; 1.6492000e+01 ; 2.6900000e+02 
3.500e+01 ; 1.040e+01 ; 1.800e+00 ; 1.6493000e+01 ; 2.6900000e+02 
3.500e+01 ; 1.040e+01 ; 1.800e+00 ; 1.6495000e+01 ; 2.6900000e+02 
3.500e+01 ; 1.040e+01 ; 1.800e+00 ; 1.6499000e+01 ; 2.6900000e+02 
3.500e+01 ; 1.040e+01 ; 1.800e+00 ; 1.6507000e+01 ; 2.6900000e+02 
3.500e+01 ; 1.040e+01 ; 1.800e+00 ; 1.6523000e+01 ; 2.6900000e+02 
3.500e+01 ; 1.040e+01 ; 1.800e+00 ; 1.6555000e+01 ; 2.6900000e+02 
3.500e+01 ; 1.040e+01 ; 1.800e+00 ; 1.6619000e+01 ; 2.6900000e+02 
3.500e+01 ; 1.040e+01 ; 1.800e+00 ; 1.6747000e+01 ; 2.6900000e+02 
3.500e+01 ; 1.040e+01 ; 1.800e+00 ; 1.7003000e+01 ; 2.6900000e+02 
3.500e+01 ; 1.040e+01 ; 1.800e+00 ; 1.7460001e+01 ; 2.6900000e+02 
3.500e+01 ; 1.040e+01 ; 1.800e+00 ; 1.7460001e+01 ; 2.6900000e+02 
3.500e+01 ; 1.040e+01 ; 1.800e+00 ; 1.7461001e+01 ; 2.6900000e+02 
3.500e+01 ; 1.040e+01 ; 1.800e+00 ; 1.7462001e+01 ; 2.6900000e+02 
3.500e+01 ; 1.040e+01 ; 1.800e+00 ; 1.7463001e+01 ; 2.6900000e+02 
3.500e+01 ; 1.040e+01 ; 1.800e+00 ; 1.7465001e+01 ; 2.6900000e+02 
3.500e+01 ; 1.040e+01 ; 1.800e+00 ; 1.7469001e+01 ; 2.6900000e+02 
3.500e+01 ; 1.040e+01 ; 1.800e+00 ; 1.7477001e+01 ; 2.6900000e+02 
3.500e+01 ; 1.040e+01 ; 1.800e+00 ; 1.7493001e+01 ; 2.6900000e+02 
3.500e+01 ; 1.040e+01 ; 1.800e+00 ; 1.7525001e+01 ; 2.6900000e+02 
3.500e+01 ; 1.040e+01 ; 1.800e+00 ; 1.7589001e+01 ; 2.6900000e+02 
3.500e+01 ; 1.040e+01 ; 1.800e+00 ; 1.7717001e+01 ; 2.6900000e+02 
3.500e+01 ; 1.040e+01 ; 1.800e+00 ; 1.7973001e+01 ; 2.6900000e+02 
3.500e+01 ; 1.040e+01 ; 1.800e+00 ; 1.8430001e+01 ; 2.6900000e+02 
3.500e+01 ; 1.040e+01 ; 1.800e+00 ; 1.8430001e+01 ; 2.6900000e+02 
3.500e+01 ; 1.040e+01 ; 1.800e+00 ; 1.8431001e+01 ; 2.6900000e+02 
3.500e+01 ; 1.040e+01 ; 1.800e+00 ; 1.8432001e+01 ; 2.6900000e+02 
3.500e+01 ; 1.040e+01 ; 1.800e+00 ; 1.8433001e+01 ; 2.6900000e+02 
3.500e+01 ; 1.040e+01 ; 1.800e+00 ; 1.8435001e+01 ; 2.6900000e+02 
3.500e+01 ; 1.040e+01 ; 1.800e+00 ; 1.8439001e+01 ; 2.6900000e+02 
3.500e+01 ; 1.040e+01 ; 1.800e+00 ; 1.8447001e+01 ; 2.6900000e+02 
3.500e+01 ; 1.040e+01 ; 1.800e+00 ; 1.8463001e+01 ; 2.6900000e+02 
3.500e+01 ; 1.040e+01 ; 1.800e+00 ; 1.8495001e+01 ; 2.6900000e+02 
3.500e+01 ; 1.040e+01 ; 1.800e+00 ; 1.8559001e+01 ; 2.6900000e+02 
3.500e+01 ; 1.040e+01 ; 1.800e+00 ; 1.8687001e+01 ; 2.6900000e+02 
3.500e+01 ; 1.040e+01 ; 1.800e+00 ; 1.8943001e+01 ; 2.6900000e+02 
3.500e+01 ; 1.040e+01 ; 1.800e+00 ; 1.9400001e+01 ; 2.6900000e+02 
3.500e+01 ; 1.040e+01 ; 1.800e+00 ; 1.9400001e+01 ; 2.6900000e+02 
3.500e+01 ; 1.040e+01 ; 1.800e+00 ; 1.9401001e+01 ; 2.6900000e+02 
3.500e+01 ; 1.040e+01 ; 1.800e+00 ; 1.9402001e+01 ; 2.6900000e+02 
3.500e+01 ; 1.040e+01 ; 1.800e+00 ; 1.9403001e+01 ; 2.6900000e+02 
3.500e+01 ; 1.040e+01 ; 1.800e+00 ; 1.9405001e+01 ; 2.6900000e+02 
3.500e+01 ; 1.040e+01 ; 1.800e+00 ; 1.9409001e+01 ; 2.6900000e+02 
3.500e+01 ; 1.040e+01 ; 1.800e+00 ; 1.9417001e+01 ; 2.6900000e+02 
3.500e+01 ; 1.040e+01 ; 1.800e+00 ; 1.9433001e+01 ; 2.6900000e+02 
3.500e+01 ; 1.040e+01 ; 1.800e+00 ; 1.9465001e+01 ; 2.6900000e+02 
3.500e+01 ; 1.040e+01 ; 1.800e+00 ; 1.9529001e+01 ; 2.6900000e+02 
3.500e+01 ; 1.040e+01 ; 1.800e+00 ; 1.9657001e+01 ; 2.6900000e+02 
3.500e+01 ; 1.040e+01 ; 1.800e+00 ; 1.9913001e+01 ; 2.6900000e+02 
3.500e+01 ; 1.040e+01 ; 1.800e+00 ; 2.0370001e+01 ; 2.6900000e+02 
3.500e+01 ; 1.040e+01 ; 1.800e+00 ; 2.0370001e+01 ; 2.6900000e+02 
3.500e+01 ; 1.040e+01 ; 1.800e+00 ; 2.0371001e+01 ; 2.6900000e+02 
3.500e+01 ; 1.040e+01 ; 1.800e+00 ; 2.0372001e+01 ; 2.6900000e+02 
3.500e+01 ; 1.040e+01 ; 1.800e+00 ; 2.0373001e+01 ; 2.6900000e+02 
3.500e+01 ; 1.040e+01 ; 1.800e+00 ; 2.0375001e+01 ; 2.6900000e+02 
3.500e+01 ; 1.040e+01 ; 1.800e+00 ; 2.0379001e+01 ; 2.6900000e+02 
3.500e+01 ; 1.040e+01 ; 1.800e+00 ; 2.0387001e+01 ; 2.6900000e+02 
3.500e+01 ; 1.040e+01 ; 1.800e+00 ; 2.0403001e+01 ; 2.6900000e+02 
3.500e+01 ; 1.040e+01 ; 1.800e+00 ; 2.0435001e+01 ; 2.6900000e+02 
3.500e+01 ; 1.040e+01 ; 1.800e+00 ; 2.0499001e+01 ; 2.6900000e+02 
3.500e+01 ; 1.040e+01 ; 1.800e+00 ; 2.0627001e+01 ; 2.6900000e+02 
3.500e+01 ; 1.040e+01 ; 1.800e+00 ; 2.0883001e+01 ; 2.6900000e+02 
3.500e+01 ; 1.040e+01 ; 1.800e+00 ; 2.1340001e+01 ; 2.6900000e+02 
3.500e+01 ; 1.040e+01 ; 1.800e+00 ; 2.1340001e+01 ; 2.6900000e+02 
3.500e+01 ; 1.040e+01 ; 1.800e+00 ; 2.1341001e+01 ; 2.6900000e+02 
3.500e+01 ; 1.040e+01 ; 1.800e+00 ; 2.1342001e+01 ; 2.6900000e+02 
3.500e+01 ; 1.040e+01 ; 1.800e+00 ; 2.1343001e+01 ; 2.6900000e+02 
3.500e+01 ; 1.040e+01 ; 1.800e+00 ; 2.1345001e+01 ; 2.6900000e+02 
3.500e+01 ; 1.040e+01 ; 1.800e+00 ; 2.1349001e+01 ; 2.6900000e+02 
3.500e+01 ; 1.040e+01 ; 1.800e+00 ; 2.1357001e+01 ; 2.6900000e+02 
3.500e+01 ; 1.040e+01 ; 1.800e+00 ; 2.1373001e+01 ; 2.6900000e+02 
3.500e+01 ; 1.040e+01 ; 1.800e+00 ; 2.1405001e+01 ; 2.6900000e+02 
3.500e+01 ; 1.040e+01 ; 1.800e+00 ; 2.1469001e+01 ; 2.6900000e+02 
3.500e+01 ; 1.040e+01 ; 1.800e+00 ; 2.1597001e+01 ; 2.6900000e+02 
3.500e+01 ; 1.040e+01 ; 1.800e+00 ; 2.1853001e+01 ; 2.6900000e+02 
3.500e+01 ; 1.040e+01 ; 1.800e+00 ; 2.2310001e+01 ; 2.6900000e+02 
3.500e+01 ; 1.040e+01 ; 1.800e+00 ; 2.2310001e+01 ; 2.6900000e+02 
3.500e+01 ; 1.040e+01 ; 1.800e+00 ; 2.2311001e+01 ; 2.6900000e+02 
3.500e+01 ; 1.040e+01 ; 1.800e+00 ; 2.2312001e+01 ; 2.6900000e+02 
3.500e+01 ; 1.040e+01 ; 1.800e+00 ; 2.2313001e+01 ; 2.6900000e+02 
3.500e+01 ; 1.040e+01 ; 1.800e+00 ; 2.2315001e+01 ; 2.6900000e+02 
3.500e+01 ; 1.040e+01 ; 1.800e+00 ; 2.2319001e+01 ; 2.6900000e+02 
3.500e+01 ; 1.040e+01 ; 1.800e+00 ; 2.2327001e+01 ; 2.6900000e+02 
3.500e+01 ; 1.040e+01 ; 1.800e+00 ; 2.2343001e+01 ; 2.6900000e+02 
3.500e+01 ; 1.040e+01 ; 1.800e+00 ; 2.2375001e+01 ; 2.6900000e+02 
3.500e+01 ; 1.040e+01 ; 1.800e+00 ; 2.2439001e+01 ; 2.6900000e+02 
3.500e+01 ; 1.040e+01 ; 1.800e+00 ; 2.2567001e+01 ; 2.6900000e+02 
3.500e+01 ; 1.040e+01 ; 1.800e+00 ; 2.2823001e+01 ; 2.6900000e+02 
3.500e+01 ; 1.040e+01 ; 1.800e+00 ; 2.3280001e+01 ; 2.6900000e+02 
3.500e+01 ; 1.040e+01 ; 1.800e+00 ; 2.3280001e+01 ; 2.6900000e+02 
3.500e+01 ; 1.040e+01 ; 1.800e+00 ; 2.3281001e+01 ; 2.6900000e+02 
3.500e+01 ; 1.040e+01 ; 1.800e+00 ; 2.3282001e+01 ; 2.6900000e+02 
3.500e+01 ; 1.040e+01 ; 1.800e+00 ; 2.3283001e+01 ; 2.6900000e+02 
3.500e+01 ; 1.040e+01 ; 1.800e+00 ; 2.3285001e+01 ; 2.6900000e+02 
3.500e+01 ; 1.040e+01 ; 1.800e+00 ; 2.3289001e+01 ; 2.6900000e+02 
3.500e+01 ; 1.040e+01 ; 1.800e+00 ; 2.3297001e+01 ; 2.6900000e+02 
3.500e+01 ; 1.040e+01 ; 1.800e+00 ; 2.3313001e+01 ; 2.6900000e+02 
3.500e+01 ; 1.040e+01 ; 1.800e+00 ; 2.3345001e+01 ; 2.6900000e+02 
3.500e+01 ; 1.040e+01 ; 1.800e+00 ; 2.3409001e+01 ; 2.6900000e+02 
3.500e+01 ; 1.040e+01 ; 1.800e+00 ; 2.3537001e+01 ; 2.6900000e+02 
3.500e+01 ; 1.040e+01 ; 1.800e+00 ; 2.3793001e+01 ; 2.6900000e+02 
3.500e+01 ; 1.040e+01 ; 1.800e+00 ; 2.4250001e+01 ; 2.6900000e+02 
3.500e+01 ; 1.040e+01 ; 1.800e+00 ; 2.4250001e+01 ; 2.6900000e+02 
3.500e+01 ; 1.040e+01 ; 1.800e+00 ; 2.4251001e+01 ; 2.6900000e+02 
3.500e+01 ; 1.040e+01 ; 1.800e+00 ; 2.4252001e+01 ; 2.6900000e+02 
3.500e+01 ; 1.040e+01 ; 1.800e+00 ; 2.4253001e+01 ; 2.6900000e+02 
3.500e+01 ; 1.040e+01 ; 1.800e+00 ; 2.4255001e+01 ; 2.6900000e+02 
3.500e+01 ; 1.040e+01 ; 1.800e+00 ; 2.4259001e+01 ; 2.6900000e+02 
3.500e+01 ; 1.040e+01 ; 1.800e+00 ; 2.4267001e+01 ; 2.6900000e+02 
3.500e+01 ; 1.040e+01 ; 1.800e+00 ; 2.4283001e+01 ; 2.6900000e+02 
3.500e+01 ; 1.040e+01 ; 1.800e+00 ; 2.4315001e+01 ; 2.6900000e+02 
3.500e+01 ; 1.040e+01 ; 1.800e+00 ; 2.4379001e+01 ; 2.6900000e+02 
3.500e+01 ; 1.040e+01 ; 1.800e+00 ; 2.4507001e+01 ; 2.6900000e+02 
3.500e+01 ; 1.040e+01 ; 1.800e+00 ; 2.4763001e+01 ; 2.6900000e+02 
3.500e+01 ; 1.040e+01 ; 1.800e+00 ; 2.5220001e+01 ; 2.6900000e+02 
3.500e+01 ; 1.040e+01 ; 1.800e+00 ; 2.5220001e+01 ; 2.6900000e+02 
3.500e+01 ; 1.040e+01 ; 1.800e+00 ; 2.5221001e+01 ; 2.6900000e+02 
3.500e+01 ; 1.040e+01 ; 1.800e+00 ; 2.5222001e+01 ; 2.6900000e+02 
3.500e+01 ; 1.040e+01 ; 1.800e+00 ; 2.5223001e+01 ; 2.6900000e+02 
3.500e+01 ; 1.040e+01 ; 1.800e+00 ; 2.5225001e+01 ; 2.6900000e+02 
3.500e+01 ; 1.040e+01 ; 1.800e+00 ; 2.5229001e+01 ; 2.6900000e+02 
3.500e+01 ; 1.040e+01 ; 1.800e+00 ; 2.5237001e+01 ; 2.6900000e+02 
3.500e+01 ; 1.040e+01 ; 1.800e+00 ; 2.5253001e+01 ; 2.6900000e+02 
3.500e+01 ; 1.040e+01 ; 1.800e+00 ; 2.5285001e+01 ; 2.6900000e+02 
3.500e+01 ; 1.040e+01 ; 1.800e+00 ; 2.5349001e+01 ; 2.6900000e+02 
3.500e+01 ; 1.040e+01 ; 1.800e+00 ; 2.5477001e+01 ; 2.6900000e+02 
3.500e+01 ; 1.040e+01 ; 1.800e+00 ; 2.5733001e+01 ; 2.6900000e+02 
3.500e+01 ; 1.040e+01 ; 1.800e+00 ; 2.6190001e+01 ; 2.6900000e+02 
3.500e+01 ; 1.040e+01 ; 1.800e+00 ; 2.6190001e+01 ; 2.6900000e+02 
3.500e+01 ; 1.040e+01 ; 1.800e+00 ; 2.6191001e+01 ; 2.6900000e+02 
3.500e+01 ; 1.040e+01 ; 1.800e+00 ; 2.6192001e+01 ; 2.6900000e+02 
3.500e+01 ; 1.040e+01 ; 1.800e+00 ; 2.6193001e+01 ; 2.6900000e+02 
3.500e+01 ; 1.040e+01 ; 1.800e+00 ; 2.6195001e+01 ; 2.6900000e+02 
3.500e+01 ; 1.040e+01 ; 1.800e+00 ; 2.6199001e+01 ; 2.6900000e+02 
3.500e+01 ; 1.040e+01 ; 1.800e+00 ; 2.6207001e+01 ; 2.6900000e+02 
3.500e+01 ; 1.040e+01 ; 1.800e+00 ; 2.6223001e+01 ; 2.6900000e+02 
3.500e+01 ; 1.040e+01 ; 1.800e+00 ; 2.6255001e+01 ; 2.6900000e+02 
3.500e+01 ; 1.040e+01 ; 1.800e+00 ; 2.6319001e+01 ; 2.6900000e+02 
3.500e+01 ; 1.040e+01 ; 1.800e+00 ; 2.6447001e+01 ; 2.6900000e+02 
3.500e+01 ; 1.040e+01 ; 1.800e+00 ; 2.6703001e+01 ; 2.6900000e+02 
3.500e+01 ; 1.040e+01 ; 1.800e+00 ; 2.7160001e+01 ; 2.6900000e+02 
3.500e+01 ; 1.040e+01 ; 1.800e+00 ; 2.7160001e+01 ; 2.6900000e+02 
3.500e+01 ; 1.040e+01 ; 1.800e+00 ; 2.7161001e+01 ; 2.6900000e+02 
3.500e+01 ; 1.040e+01 ; 1.800e+00 ; 2.7162001e+01 ; 2.6900000e+02 
3.500e+01 ; 1.040e+01 ; 1.800e+00 ; 2.7163001e+01 ; 2.6900000e+02 
3.500e+01 ; 1.040e+01 ; 1.800e+00 ; 2.7165001e+01 ; 2.6900000e+02 
3.500e+01 ; 1.040e+01 ; 1.800e+00 ; 2.7169001e+01 ; 2.6900000e+02 
3.500e+01 ; 1.040e+01 ; 1.800e+00 ; 2.7177001e+01 ; 2.6900000e+02 
3.500e+01 ; 1.040e+01 ; 1.800e+00 ; 2.7193001e+01 ; 2.6900000e+02 
3.500e+01 ; 1.040e+01 ; 1.800e+00 ; 2.7225001e+01 ; 2.6900000e+02 
3.500e+01 ; 1.040e+01 ; 1.800e+00 ; 2.7289001e+01 ; 2.6900000e+02 
3.500e+01 ; 1.040e+01 ; 1.800e+00 ; 2.7417001e+01 ; 2.6900000e+02 
3.500e+01 ; 1.040e+01 ; 1.800e+00 ; 2.7673001e+01 ; 2.6900000e+02 
3.500e+01 ; 1.040e+01 ; 1.800e+00 ; 2.8130001e+01 ; 2.6900000e+02 
3.500e+01 ; 1.040e+01 ; 1.800e+00 ; 2.8130001e+01 ; 2.6900000e+02 
3.500e+01 ; 1.040e+01 ; 1.800e+00 ; 2.8131001e+01 ; 2.6900000e+02 
3.500e+01 ; 1.040e+01 ; 1.800e+00 ; 2.8132001e+01 ; 2.6900000e+02 
3.500e+01 ; 1.040e+01 ; 1.800e+00 ; 2.8133001e+01 ; 2.6900000e+02 
3.500e+01 ; 1.040e+01 ; 1.800e+00 ; 2.8135001e+01 ; 2.6900000e+02 
3.500e+01 ; 1.040e+01 ; 1.800e+00 ; 2.8139001e+01 ; 2.6900000e+02 
3.500e+01 ; 1.040e+01 ; 1.800e+00 ; 2.8147001e+01 ; 2.6900000e+02 
3.500e+01 ; 1.040e+01 ; 1.800e+00 ; 2.8163001e+01 ; 2.6900000e+02 
3.500e+01 ; 1.040e+01 ; 1.800e+00 ; 2.8195001e+01 ; 2.6900000e+02 
3.500e+01 ; 1.040e+01 ; 1.800e+00 ; 2.8259001e+01 ; 2.6900000e+02 
3.500e+01 ; 1.040e+01 ; 1.800e+00 ; 2.8387001e+01 ; 2.6900000e+02 
3.500e+01 ; 1.040e+01 ; 1.800e+00 ; 2.8643001e+01 ; 2.6900000e+02 
3.500e+01 ; 1.040e+01 ; 1.800e+00 ; 2.9100001e+01 ; 2.6900000e+02 
3.500e+01 ; 1.040e+01 ; 1.800e+00 ; 2.9100001e+01 ; 2.6900000e+02 
3.500e+01 ; 1.040e+01 ; 1.800e+00 ; 2.9101001e+01 ; 2.6900000e+02 
3.500e+01 ; 1.040e+01 ; 1.800e+00 ; 2.9102001e+01 ; 2.6900000e+02 
3.500e+01 ; 1.040e+01 ; 1.800e+00 ; 2.9103001e+01 ; 2.6900000e+02 
3.500e+01 ; 1.040e+01 ; 1.800e+00 ; 2.9105001e+01 ; 2.6900000e+02 
3.500e+01 ; 1.040e+01 ; 1.800e+00 ; 2.9109001e+01 ; 2.6900000e+02 
3.500e+01 ; 1.040e+01 ; 1.800e+00 ; 2.9117001e+01 ; 2.6900000e+02 
3.500e+01 ; 1.040e+01 ; 1.800e+00 ; 2.9133001e+01 ; 2.6900000e+02 
3.500e+01 ; 1.040e+01 ; 1.800e+00 ; 2.9165001e+01 ; 2.6900000e+02 
3.500e+01 ; 1.040e+01 ; 1.800e+00 ; 2.9229001e+01 ; 2.6900000e+02 
3.500e+01 ; 1.040e+01 ; 1.800e+00 ; 2.9357001e+01 ; 2.6900000e+02 
3.500e+01 ; 1.040e+01 ; 1.800e+00 ; 2.9613001e+01 ; 2.6900000e+02 
3.500e+01 ; 1.040e+01 ; 1.800e+00 ; 3.0070001e+01 ; 2.6900000e+02 
3.500e+01 ; 1.040e+01 ; 1.800e+00 ; 3.0070001e+01 ; 2.6900000e+02 
3.500e+01 ; 1.040e+01 ; 1.800e+00 ; 3.0071001e+01 ; 2.6900000e+02 
3.500e+01 ; 1.040e+01 ; 1.800e+00 ; 3.0072001e+01 ; 2.6900000e+02 
3.500e+01 ; 1.040e+01 ; 1.800e+00 ; 3.0073001e+01 ; 2.6900000e+02 
3.500e+01 ; 1.040e+01 ; 1.800e+00 ; 3.0075001e+01 ; 2.6900000e+02 
3.500e+01 ; 1.040e+01 ; 1.800e+00 ; 3.0079001e+01 ; 2.6900000e+02 
3.500e+01 ; 1.040e+01 ; 1.800e+00 ; 3.0087001e+01 ; 2.6900000e+02 
3.500e+01 ; 1.040e+01 ; 1.800e+00 ; 3.0103001e+01 ; 2.6900000e+02 
3.500e+01 ; 1.040e+01 ; 1.800e+00 ; 3.0135001e+01 ; 2.6900000e+02 
3.500e+01 ; 1.040e+01 ; 1.800e+00 ; 3.0199001e+01 ; 2.6900000e+02 
3.500e+01 ; 1.040e+01 ; 1.800e+00 ; 3.0327001e+01 ; 2.6900000e+02 
3.500e+01 ; 1.040e+01 ; 1.800e+00 ; 3.0583001e+01 ; 2.6900000e+02 
3.500e+01 ; 1.040e+01 ; 1.800e+00 ; 3.1040001e+01 ; 2.6900000e+02 
3.500e+01 ; 1.040e+01 ; 1.800e+00 ; 3.1040001e+01 ; 2.6900000e+02 
3.500e+01 ; 1.040e+01 ; 1.800e+00 ; 3.1041001e+01 ; 2.6900000e+02 
3.500e+01 ; 1.040e+01 ; 1.800e+00 ; 3.1042001e+01 ; 2.6900000e+02 
3.500e+01 ; 1.040e+01 ; 1.800e+00 ; 3.1043001e+01 ; 2.6900000e+02 
3.500e+01 ; 1.040e+01 ; 1.800e+00 ; 3.1045001e+01 ; 2.6900000e+02 
3.500e+01 ; 1.040e+01 ; 1.800e+00 ; 3.1049001e+01 ; 2.6900000e+02 
3.500e+01 ; 1.040e+01 ; 1.800e+00 ; 3.1057001e+01 ; 2.6900000e+02 
3.500e+01 ; 1.040e+01 ; 1.800e+00 ; 3.1073001e+01 ; 2.6900000e+02 
3.500e+01 ; 1.040e+01 ; 1.800e+00 ; 3.1105001e+01 ; 2.6900000e+02 
3.500e+01 ; 1.040e+01 ; 1.800e+00 ; 3.1169001e+01 ; 2.6900000e+02 
3.500e+01 ; 1.040e+01 ; 1.800e+00 ; 3.1297001e+01 ; 2.6900000e+02 
3.500e+01 ; 1.040e+01 ; 1.800e+00 ; 3.1553001e+01 ; 2.6900000e+02 
3.500e+01 ; 1.040e+01 ; 1.800e+00 ; 3.2010001e+01 ; 2.6900000e+02 
3.500e+01 ; 1.040e+01 ; 1.800e+00 ; 3.2010001e+01 ; 2.6900000e+02 
3.500e+01 ; 1.040e+01 ; 1.800e+00 ; 3.2011001e+01 ; 2.6900000e+02 
3.500e+01 ; 1.040e+01 ; 1.800e+00 ; 3.2012001e+01 ; 2.6900000e+02 
3.500e+01 ; 1.040e+01 ; 1.800e+00 ; 3.2013001e+01 ; 2.6900000e+02 
3.500e+01 ; 1.040e+01 ; 1.800e+00 ; 3.2015001e+01 ; 2.6900000e+02 
3.500e+01 ; 1.040e+01 ; 1.800e+00 ; 3.2019001e+01 ; 2.6900000e+02 
3.500e+01 ; 1.040e+01 ; 1.800e+00 ; 3.2027001e+01 ; 2.6900000e+02 
3.500e+01 ; 1.040e+01 ; 1.800e+00 ; 3.2043001e+01 ; 2.6900000e+02 
3.500e+01 ; 1.040e+01 ; 1.800e+00 ; 3.2075001e+01 ; 2.6900000e+02 
3.500e+01 ; 1.040e+01 ; 1.800e+00 ; 3.2139001e+01 ; 2.6900000e+02 
3.500e+01 ; 1.040e+01 ; 1.800e+00 ; 3.2267001e+01 ; 2.6900000e+02 
3.500e+01 ; 1.040e+01 ; 1.800e+00 ; 3.2523001e+01 ; 2.6900000e+02 
3.500e+01 ; 1.040e+01 ; 1.800e+00 ; 3.2980001e+01 ; 2.6900000e+02 
3.500e+01 ; 1.040e+01 ; 1.800e+00 ; 3.2980001e+01 ; 2.6900000e+02 
3.500e+01 ; 1.040e+01 ; 1.800e+00 ; 3.2981001e+01 ; 2.6900000e+02 
3.500e+01 ; 1.040e+01 ; 1.800e+00 ; 3.2982001e+01 ; 2.6900000e+02 
3.500e+01 ; 1.040e+01 ; 1.800e+00 ; 3.2983001e+01 ; 2.6900000e+02 
3.500e+01 ; 1.040e+01 ; 1.800e+00 ; 3.2985001e+01 ; 2.6900000e+02 
3.500e+01 ; 1.040e+01 ; 1.800e+00 ; 3.2989001e+01 ; 2.6900000e+02 
3.500e+01 ; 1.040e+01 ; 1.800e+00 ; 3.2997001e+01 ; 2.6900000e+02 
3.500e+01 ; 1.040e+01 ; 1.800e+00 ; 3.3013001e+01 ; 2.6900000e+02 
3.500e+01 ; 1.040e+01 ; 1.800e+00 ; 3.3045001e+01 ; 2.6900000e+02 
3.500e+01 ; 1.040e+01 ; 1.800e+00 ; 3.3109001e+01 ; 2.6900000e+02 
3.500e+01 ; 1.040e+01 ; 1.800e+00 ; 3.3237001e+01 ; 2.6900000e+02 
3.500e+01 ; 1.040e+01 ; 1.800e+00 ; 3.3493001e+01 ; 2.6900000e+02 
3.500e+01 ; 1.040e+01 ; 1.800e+00 ; 3.3950001e+01 ; 2.6900000e+02 
3.500e+01 ; 1.040e+01 ; 1.800e+00 ; 3.3950001e+01 ; 2.6900000e+02 
3.500e+01 ; 1.040e+01 ; 1.800e+00 ; 3.3951001e+01 ; 2.6900000e+02 
3.500e+01 ; 1.040e+01 ; 1.800e+00 ; 3.3952001e+01 ; 2.6900000e+02 
3.500e+01 ; 1.040e+01 ; 1.800e+00 ; 3.3953001e+01 ; 2.6900000e+02 
3.500e+01 ; 1.040e+01 ; 1.800e+00 ; 3.3955001e+01 ; 2.6900000e+02 
3.500e+01 ; 1.040e+01 ; 1.800e+00 ; 3.3959001e+01 ; 2.6900000e+02 
3.500e+01 ; 1.040e+01 ; 1.800e+00 ; 3.3967001e+01 ; 2.6900000e+02 
3.500e+01 ; 1.040e+01 ; 1.800e+00 ; 3.3983001e+01 ; 2.6900000e+02 
3.500e+01 ; 1.040e+01 ; 1.800e+00 ; 3.4015001e+01 ; 2.6900000e+02 
3.500e+01 ; 1.040e+01 ; 1.800e+00 ; 3.4079001e+01 ; 2.6900000e+02 
3.500e+01 ; 1.040e+01 ; 1.800e+00 ; 3.4207001e+01 ; 2.6900000e+02 
3.500e+01 ; 1.040e+01 ; 1.800e+00 ; 3.4463001e+01 ; 2.6900000e+02 
3.500e+01 ; 1.040e+01 ; 1.800e+00 ; 3.4920001e+01 ; 2.6900000e+02 
3.500e+01 ; 1.040e+01 ; 1.800e+00 ; 3.4920001e+01 ; 2.6900000e+02 
3.500e+01 ; 1.040e+01 ; 1.800e+00 ; 3.4921001e+01 ; 2.6900000e+02 
3.500e+01 ; 1.040e+01 ; 1.800e+00 ; 3.4922001e+01 ; 2.6900000e+02 
3.500e+01 ; 1.040e+01 ; 1.800e+00 ; 3.4923001e+01 ; 2.6900000e+02 
3.500e+01 ; 1.040e+01 ; 1.800e+00 ; 3.4925001e+01 ; 2.6900000e+02 
3.500e+01 ; 1.040e+01 ; 1.800e+00 ; 3.4929001e+01 ; 2.6900000e+02 
3.500e+01 ; 1.040e+01 ; 1.800e+00 ; 3.4937001e+01 ; 2.6900000e+02 
3.500e+01 ; 1.040e+01 ; 1.800e+00 ; 3.4953001e+01 ; 2.6900000e+02 
3.500e+01 ; 1.040e+01 ; 1.800e+00 ; 3.4985001e+01 ; 2.6900000e+02 
3.500e+01 ; 1.040e+01 ; 1.800e+00 ; 3.5049001e+01 ; 2.6900000e+02 
3.500e+01 ; 1.040e+01 ; 1.800e+00 ; 3.5177001e+01 ; 2.6900000e+02 
3.500e+01 ; 1.040e+01 ; 1.800e+00 ; 3.5433001e+01 ; 2.6900000e+02 
3.500e+01 ; 1.040e+01 ; 1.800e+00 ; 3.5890001e+01 ; 2.6900000e+02 
3.500e+01 ; 1.040e+01 ; 1.800e+00 ; 3.5890001e+01 ; 2.6900000e+02 
3.500e+01 ; 1.040e+01 ; 1.800e+00 ; 3.5891001e+01 ; 2.6900000e+02 
3.500e+01 ; 1.040e+01 ; 1.800e+00 ; 3.5892001e+01 ; 2.6900000e+02 
3.500e+01 ; 1.040e+01 ; 1.800e+00 ; 3.5893001e+01 ; 2.6900000e+02 
3.500e+01 ; 1.040e+01 ; 1.800e+00 ; 3.5895001e+01 ; 2.6900000e+02 
3.500e+01 ; 1.040e+01 ; 1.800e+00 ; 3.5899001e+01 ; 2.6900000e+02 
3.500e+01 ; 1.040e+01 ; 1.800e+00 ; 3.5907001e+01 ; 2.6900000e+02 
3.500e+01 ; 1.040e+01 ; 1.800e+00 ; 3.5923001e+01 ; 2.6900000e+02 
3.500e+01 ; 1.040e+01 ; 1.800e+00 ; 3.5955001e+01 ; 2.6900000e+02 
3.500e+01 ; 1.040e+01 ; 1.800e+00 ; 3.6019001e+01 ; 2.6900000e+02 
3.500e+01 ; 1.040e+01 ; 1.800e+00 ; 3.6147001e+01 ; 2.6900000e+02 
3.500e+01 ; 1.040e+01 ; 1.800e+00 ; 3.6403001e+01 ; 2.6900000e+02 
3.500e+01 ; 1.040e+01 ; 1.800e+00 ; 3.6860001e+01 ; 2.6900000e+02 
3.500e+01 ; 1.040e+01 ; 1.800e+00 ; 3.6860001e+01 ; 2.6900000e+02 
3.500e+01 ; 1.040e+01 ; 1.800e+00 ; 3.6861001e+01 ; 2.6900000e+02 
3.500e+01 ; 1.040e+01 ; 1.800e+00 ; 3.6862001e+01 ; 2.6900000e+02 
3.500e+01 ; 1.040e+01 ; 1.800e+00 ; 3.6863001e+01 ; 2.6900000e+02 
3.500e+01 ; 1.040e+01 ; 1.800e+00 ; 3.6865001e+01 ; 2.6900000e+02 
3.500e+01 ; 1.040e+01 ; 1.800e+00 ; 3.6869001e+01 ; 2.6900000e+02 
3.500e+01 ; 1.040e+01 ; 1.800e+00 ; 3.6877001e+01 ; 2.6900000e+02 
3.500e+01 ; 1.040e+01 ; 1.800e+00 ; 3.6893001e+01 ; 2.6900000e+02 
3.500e+01 ; 1.040e+01 ; 1.800e+00 ; 3.6925001e+01 ; 2.6900000e+02 
3.500e+01 ; 1.040e+01 ; 1.800e+00 ; 3.6989001e+01 ; 2.6900000e+02 
3.500e+01 ; 1.040e+01 ; 1.800e+00 ; 3.7117001e+01 ; 2.6900000e+02 
3.500e+01 ; 1.040e+01 ; 1.800e+00 ; 3.7373001e+01 ; 2.6900000e+02 
3.500e+01 ; 1.040e+01 ; 1.800e+00 ; 3.7830001e+01 ; 2.6900000e+02 
3.500e+01 ; 1.040e+01 ; 1.800e+00 ; 3.7830001e+01 ; 2.6900000e+02 
3.500e+01 ; 1.040e+01 ; 1.800e+00 ; 3.7831001e+01 ; 2.6900000e+02 
3.500e+01 ; 1.040e+01 ; 1.800e+00 ; 3.7832001e+01 ; 2.6900000e+02 
3.500e+01 ; 1.040e+01 ; 1.800e+00 ; 3.7833001e+01 ; 2.6900000e+02 
3.500e+01 ; 1.040e+01 ; 1.800e+00 ; 3.7835001e+01 ; 2.6900000e+02 
3.500e+01 ; 1.040e+01 ; 1.800e+00 ; 3.7839001e+01 ; 2.6900000e+02 
3.500e+01 ; 1.040e+01 ; 1.800e+00 ; 3.7847001e+01 ; 2.6900000e+02 
3.500e+01 ; 1.040e+01 ; 1.800e+00 ; 3.7863001e+01 ; 2.6900000e+02 
3.500e+01 ; 1.040e+01 ; 1.800e+00 ; 3.7895001e+01 ; 2.6900000e+02 
3.500e+01 ; 1.040e+01 ; 1.800e+00 ; 3.7959001e+01 ; 2.6900000e+02 
3.500e+01 ; 1.040e+01 ; 1.800e+00 ; 3.8087001e+01 ; 2.6900000e+02 
3.500e+01 ; 1.040e+01 ; 1.800e+00 ; 3.8343001e+01 ; 2.6900000e+02 
3.500e+01 ; 1.040e+01 ; 1.800e+00 ; 3.8800001e+01 ; 2.6900000e+02 
3.500e+01 ; 1.040e+01 ; 1.800e+00 ; 3.8800001e+01 ; 2.6900000e+02 
3.500e+01 ; 1.040e+01 ; 1.800e+00 ; 3.8801001e+01 ; 2.6900000e+02 
3.500e+01 ; 1.040e+01 ; 1.800e+00 ; 3.8802001e+01 ; 2.6900000e+02 
3.500e+01 ; 1.040e+01 ; 1.800e+00 ; 3.8803001e+01 ; 2.6900000e+02 
3.500e+01 ; 1.040e+01 ; 1.800e+00 ; 3.8805001e+01 ; 2.6900000e+02 
3.500e+01 ; 1.040e+01 ; 1.800e+00 ; 3.8809001e+01 ; 2.6900000e+02 
3.500e+01 ; 1.040e+01 ; 1.800e+00 ; 3.8817001e+01 ; 2.6900000e+02 
3.500e+01 ; 1.040e+01 ; 1.800e+00 ; 3.8833001e+01 ; 2.6900000e+02 
3.500e+01 ; 1.040e+01 ; 1.800e+00 ; 3.8865001e+01 ; 2.6900000e+02 
3.500e+01 ; 1.040e+01 ; 1.800e+00 ; 3.8929001e+01 ; 2.6900000e+02 
3.500e+01 ; 1.040e+01 ; 1.800e+00 ; 3.9057001e+01 ; 2.6900000e+02 
3.500e+01 ; 1.040e+01 ; 1.800e+00 ; 3.9313001e+01 ; 2.6900000e+02 
3.500e+01 ; 1.040e+01 ; 1.800e+00 ; 3.9770001e+01 ; 2.6900000e+02 
3.500e+01 ; 1.040e+01 ; 1.800e+00 ; 3.9770001e+01 ; 2.6900000e+02 
3.500e+01 ; 1.040e+01 ; 1.800e+00 ; 3.9771001e+01 ; 2.6900000e+02 
3.500e+01 ; 1.040e+01 ; 1.800e+00 ; 3.9772001e+01 ; 2.6900000e+02 
3.500e+01 ; 1.040e+01 ; 1.800e+00 ; 3.9773001e+01 ; 2.6900000e+02 
3.500e+01 ; 1.040e+01 ; 1.800e+00 ; 3.9775001e+01 ; 2.6900000e+02 
3.500e+01 ; 1.040e+01 ; 1.800e+00 ; 3.9779001e+01 ; 2.6900000e+02 
3.500e+01 ; 1.040e+01 ; 1.800e+00 ; 3.9787001e+01 ; 2.6900000e+02 
3.500e+01 ; 1.040e+01 ; 1.800e+00 ; 3.9803001e+01 ; 2.6900000e+02 
3.500e+01 ; 1.040e+01 ; 1.800e+00 ; 3.9835001e+01 ; 2.6900000e+02 
3.500e+01 ; 1.040e+01 ; 1.800e+00 ; 3.9899001e+01 ; 2.6900000e+02 
3.500e+01 ; 1.040e+01 ; 1.800e+00 ; 4.0027001e+01 ; 2.6900000e+02 
3.500e+01 ; 1.040e+01 ; 1.800e+00 ; 4.0283001e+01 ; 2.6900000e+02 
3.500e+01 ; 1.040e+01 ; 1.800e+00 ; 4.0740001e+01 ; 2.6900000e+02 
3.500e+01 ; 1.040e+01 ; 1.800e+00 ; 4.0740001e+01 ; 2.6900000e+02 
3.500e+01 ; 1.040e+01 ; 1.800e+00 ; 4.0741001e+01 ; 2.6900000e+02 
3.500e+01 ; 1.040e+01 ; 1.800e+00 ; 4.0742001e+01 ; 2.6900000e+02 
3.500e+01 ; 1.040e+01 ; 1.800e+00 ; 4.0743001e+01 ; 2.6900000e+02 
3.500e+01 ; 1.040e+01 ; 1.800e+00 ; 4.0745001e+01 ; 2.6900000e+02 
3.500e+01 ; 1.040e+01 ; 1.800e+00 ; 4.0749001e+01 ; 2.6900000e+02 
3.500e+01 ; 1.040e+01 ; 1.800e+00 ; 4.0757001e+01 ; 2.6900000e+02 
3.500e+01 ; 1.040e+01 ; 1.800e+00 ; 4.0773001e+01 ; 2.6900000e+02 
3.500e+01 ; 1.040e+01 ; 1.800e+00 ; 4.0805001e+01 ; 2.6900000e+02 
3.500e+01 ; 1.040e+01 ; 1.800e+00 ; 4.0869001e+01 ; 2.6900000e+02 
3.500e+01 ; 1.040e+01 ; 1.800e+00 ; 4.0997001e+01 ; 2.6900000e+02 
3.500e+01 ; 1.040e+01 ; 1.800e+00 ; 4.1253001e+01 ; 2.6900000e+02 
3.500e+01 ; 1.040e+01 ; 1.800e+00 ; 4.1710001e+01 ; 2.6900000e+02 
3.500e+01 ; 1.040e+01 ; 1.800e+00 ; 4.1710001e+01 ; 2.6900000e+02 
3.500e+01 ; 1.040e+01 ; 1.800e+00 ; 4.1711001e+01 ; 2.6882474e+02 
3.500e+01 ; 1.040e+01 ; 1.800e+00 ; 4.1712001e+01 ; 2.6864966e+02 
3.500e+01 ; 1.040e+01 ; 1.800e+00 ; 4.1713001e+01 ; 2.6847476e+02 
3.500e+01 ; 1.040e+01 ; 1.800e+00 ; 4.1715001e+01 ; 2.6812561e+02 
3.500e+01 ; 1.040e+01 ; 1.800e+00 ; 4.1719001e+01 ; 2.6743002e+02 
3.500e+01 ; 1.040e+01 ; 1.800e+00 ; 4.1727001e+01 ; 2.6604956e+02 
3.500e+01 ; 1.040e+01 ; 1.800e+00 ; 4.1743001e+01 ; 2.6333087e+02 
3.500e+01 ; 1.040e+01 ; 1.800e+00 ; 4.1775001e+01 ; 2.5805753e+02 
3.500e+01 ; 1.040e+01 ; 1.800e+00 ; 4.1839001e+01 ; 2.4812970e+02 
3.500e+01 ; 1.040e+01 ; 1.800e+00 ; 4.1967001e+01 ; 2.3048097e+02 
3.500e+01 ; 1.040e+01 ; 1.800e+00 ; 4.2223001e+01 ; 2.0226086e+02 
3.500e+01 ; 1.040e+01 ; 1.800e+00 ; 4.2680001e+01 ; 1.6740483e+02 
3.500e+01 ; 1.040e+01 ; 1.800e+00 ; 4.2680001e+01 ; 1.6740483e+02 
3.500e+01 ; 1.040e+01 ; 1.800e+00 ; 4.2681001e+01 ; 1.6732863e+02 
3.500e+01 ; 1.040e+01 ; 1.800e+00 ; 4.2682001e+01 ; 1.6725250e+02 
3.500e+01 ; 1.040e+01 ; 1.800e+00 ; 4.2683001e+01 ; 1.6717645e+02 
3.500e+01 ; 1.040e+01 ; 1.800e+00 ; 4.2685001e+01 ; 1.6702463e+02 
3.500e+01 ; 1.040e+01 ; 1.800e+00 ; 4.2689001e+01 ; 1.6672212e+02 
3.500e+01 ; 1.040e+01 ; 1.800e+00 ; 4.2697001e+01 ; 1.6612167e+02 
3.500e+01 ; 1.040e+01 ; 1.800e+00 ; 4.2713001e+01 ; 1.6493863e+02 
3.500e+01 ; 1.040e+01 ; 1.800e+00 ; 4.2745001e+01 ; 1.6264192e+02 
3.500e+01 ; 1.040e+01 ; 1.800e+00 ; 4.2809001e+01 ; 1.5830975e+02 
3.500e+01 ; 1.040e+01 ; 1.800e+00 ; 4.2937001e+01 ; 1.5057791e+02 
3.500e+01 ; 1.040e+01 ; 1.800e+00 ; 4.3193001e+01 ; 1.3813104e+02 
3.500e+01 ; 1.040e+01 ; 1.800e+00 ; 4.3650001e+01 ; 1.2264088e+02 
3.500e+01 ; 1.040e+01 ; 1.800e+00 ; 4.3650001e+01 ; 1.2264088e+02 
3.500e+01 ; 1.040e+01 ; 1.800e+00 ; 4.3651001e+01 ; 1.2260703e+02 
3.500e+01 ; 1.040e+01 ; 1.800e+00 ; 4.3652001e+01 ; 1.2257320e+02 
3.500e+01 ; 1.040e+01 ; 1.800e+00 ; 4.3653001e+01 ; 1.2253940e+02 
3.500e+01 ; 1.040e+01 ; 1.800e+00 ; 4.3655001e+01 ; 1.2247195e+02 
3.500e+01 ; 1.040e+01 ; 1.800e+00 ; 4.3659001e+01 ; 1.2233758e+02 
3.500e+01 ; 1.040e+01 ; 1.800e+00 ; 4.3667001e+01 ; 1.2207097e+02 
3.500e+01 ; 1.040e+01 ; 1.800e+00 ; 4.3683001e+01 ; 1.2154613e+02 
3.500e+01 ; 1.040e+01 ; 1.800e+00 ; 4.3715001e+01 ; 1.2052892e+02 
3.500e+01 ; 1.040e+01 ; 1.800e+00 ; 4.3779001e+01 ; 1.1861626e+02 
3.500e+01 ; 1.040e+01 ; 1.800e+00 ; 4.3907001e+01 ; 1.1522085e+02 
3.500e+01 ; 1.040e+01 ; 1.800e+00 ; 4.4163001e+01 ; 1.0978446e+02 
3.500e+01 ; 1.040e+01 ; 1.800e+00 ; 4.4620001e+01 ; 1.0298015e+02 
3.500e+01 ; 1.040e+01 ; 1.800e+00 ; 4.4620001e+01 ; 1.0298015e+02 
3.500e+01 ; 1.040e+01 ; 1.800e+00 ; 4.4621001e+01 ; 1.0296528e+02 
3.500e+01 ; 1.040e+01 ; 1.800e+00 ; 4.4622001e+01 ; 1.0295042e+02 
3.500e+01 ; 1.040e+01 ; 1.800e+00 ; 4.4623001e+01 ; 1.0293557e+02 
3.500e+01 ; 1.040e+01 ; 1.800e+00 ; 4.4625001e+01 ; 1.0290593e+02 
3.500e+01 ; 1.040e+01 ; 1.800e+00 ; 4.4629001e+01 ; 1.0284686e+02 
3.500e+01 ; 1.040e+01 ; 1.800e+00 ; 4.4637001e+01 ; 1.0272961e+02 
3.500e+01 ; 1.040e+01 ; 1.800e+00 ; 4.4653001e+01 ; 1.0249854e+02 
3.500e+01 ; 1.040e+01 ; 1.800e+00 ; 4.4685001e+01 ; 1.0204957e+02 
3.500e+01 ; 1.040e+01 ; 1.800e+00 ; 4.4749001e+01 ; 1.0120075e+02 
3.500e+01 ; 1.040e+01 ; 1.800e+00 ; 4.4877001e+01 ; 9.9674606e+01 
3.500e+01 ; 1.040e+01 ; 1.800e+00 ; 4.5133001e+01 ; 9.7156105e+01 
3.500e+01 ; 1.040e+01 ; 1.800e+00 ; 4.5590001e+01 ; 9.3803474e+01 
3.500e+01 ; 1.040e+01 ; 1.800e+00 ; 4.5590001e+01 ; 9.3803474e+01 
3.500e+01 ; 1.040e+01 ; 1.800e+00 ; 4.5591001e+01 ; 9.3796143e+01 
3.500e+01 ; 1.040e+01 ; 1.800e+00 ; 4.5592001e+01 ; 9.3788818e+01 
3.500e+01 ; 1.040e+01 ; 1.800e+00 ; 4.5593001e+01 ; 9.3781494e+01 
3.500e+01 ; 1.040e+01 ; 1.800e+00 ; 4.5595001e+01 ; 9.3766876e+01 
3.500e+01 ; 1.040e+01 ; 1.800e+00 ; 4.5599001e+01 ; 9.3737732e+01 
3.500e+01 ; 1.040e+01 ; 1.800e+00 ; 4.5607001e+01 ; 9.3679779e+01 
3.500e+01 ; 1.040e+01 ; 1.800e+00 ; 4.5623001e+01 ; 9.3565224e+01 
3.500e+01 ; 1.040e+01 ; 1.800e+00 ; 4.5655001e+01 ; 9.3341347e+01 
3.500e+01 ; 1.040e+01 ; 1.800e+00 ; 4.5719001e+01 ; 9.2913208e+01 
3.500e+01 ; 1.040e+01 ; 1.800e+00 ; 4.5847001e+01 ; 9.2126289e+01 
3.500e+01 ; 1.040e+01 ; 1.800e+00 ; 4.6103001e+01 ; 9.0773590e+01 
3.500e+01 ; 1.040e+01 ; 1.800e+00 ; 4.6560001e+01 ; 8.8852798e+01 
3.500e+01 ; 1.040e+01 ; 1.800e+00 ; 4.6560001e+01 ; 8.8852798e+01 
3.500e+01 ; 1.040e+01 ; 1.800e+00 ; 4.6561001e+01 ; 8.8848602e+01 
3.500e+01 ; 1.040e+01 ; 1.800e+00 ; 4.6562001e+01 ; 8.8844398e+01 
3.500e+01 ; 1.040e+01 ; 1.800e+00 ; 4.6563001e+01 ; 8.8840202e+01 
3.500e+01 ; 1.040e+01 ; 1.800e+00 ; 4.6565001e+01 ; 8.8831825e+01 
3.500e+01 ; 1.040e+01 ; 1.800e+00 ; 4.6569001e+01 ; 8.8815094e+01 
3.500e+01 ; 1.040e+01 ; 1.800e+00 ; 4.6577001e+01 ; 8.8781792e+01 
3.500e+01 ; 1.040e+01 ; 1.800e+00 ; 4.6593001e+01 ; 8.8715767e+01 
3.500e+01 ; 1.040e+01 ; 1.800e+00 ; 4.6625001e+01 ; 8.8585999e+01 
3.500e+01 ; 1.040e+01 ; 1.800e+00 ; 4.6689001e+01 ; 8.8335083e+01 
3.500e+01 ; 1.040e+01 ; 1.800e+00 ; 4.6817001e+01 ; 8.7864227e+01 
3.500e+01 ; 1.040e+01 ; 1.800e+00 ; 4.7073001e+01 ; 8.7024391e+01 
3.500e+01 ; 1.040e+01 ; 1.800e+00 ; 4.7530001e+01 ; 8.5764664e+01 
3.500e+01 ; 1.040e+01 ; 1.800e+00 ; 4.7530001e+01 ; 8.5764664e+01 
3.500e+01 ; 1.040e+01 ; 1.800e+00 ; 4.7531001e+01 ; 8.5761909e+01 
3.500e+01 ; 1.040e+01 ; 1.800e+00 ; 4.7532001e+01 ; 8.5759155e+01 
3.500e+01 ; 1.040e+01 ; 1.800e+00 ; 4.7533001e+01 ; 8.5756401e+01 
3.500e+01 ; 1.040e+01 ; 1.800e+00 ; 4.7535001e+01 ; 8.5750900e+01 
3.500e+01 ; 1.040e+01 ; 1.800e+00 ; 4.7539001e+01 ; 8.5739914e+01 
3.500e+01 ; 1.040e+01 ; 1.800e+00 ; 4.7547001e+01 ; 8.5718018e+01 
3.500e+01 ; 1.040e+01 ; 1.800e+00 ; 4.7563001e+01 ; 8.5674507e+01 
3.500e+01 ; 1.040e+01 ; 1.800e+00 ; 4.7595001e+01 ; 8.5588608e+01 
3.500e+01 ; 1.040e+01 ; 1.800e+00 ; 4.7659001e+01 ; 8.5421074e+01 
3.500e+01 ; 1.040e+01 ; 1.800e+00 ; 4.7787001e+01 ; 8.5101593e+01 
3.500e+01 ; 1.040e+01 ; 1.800e+00 ; 4.8043001e+01 ; 8.4515701e+01 
3.500e+01 ; 1.040e+01 ; 1.800e+00 ; 4.8500001e+01 ; 8.3601456e+01 
3.500e+01 ; 1.040e+01 ; 1.800e+00 ; 4.8500001e+01 ; 8.3601456e+01 
3.500e+01 ; 1.040e+01 ; 1.800e+00 ; 4.8501001e+01 ; 8.3599457e+01 
3.500e+01 ; 1.040e+01 ; 1.800e+00 ; 4.8502001e+01 ; 8.3597458e+01 
3.500e+01 ; 1.040e+01 ; 1.800e+00 ; 4.8503001e+01 ; 8.3595459e+01 
3.500e+01 ; 1.040e+01 ; 1.800e+00 ; 4.8505001e+01 ; 8.3591461e+01 
3.500e+01 ; 1.040e+01 ; 1.800e+00 ; 4.8509001e+01 ; 8.3583488e+01 
3.500e+01 ; 1.040e+01 ; 1.800e+00 ; 4.8517001e+01 ; 8.3567566e+01 
3.500e+01 ; 1.040e+01 ; 1.800e+00 ; 4.8533001e+01 ; 8.3535889e+01 
3.500e+01 ; 1.040e+01 ; 1.800e+00 ; 4.8565001e+01 ; 8.3473145e+01 
3.500e+01 ; 1.040e+01 ; 1.800e+00 ; 4.8629001e+01 ; 8.3350052e+01 
3.500e+01 ; 1.040e+01 ; 1.800e+00 ; 4.8757001e+01 ; 8.3112770e+01 
3.500e+01 ; 1.040e+01 ; 1.800e+00 ; 4.9013001e+01 ; 8.2669464e+01 
3.500e+01 ; 1.040e+01 ; 1.800e+00 ; 4.9470001e+01 ; 8.1959557e+01 
3.500e+01 ; 1.040e+01 ; 1.800e+00 ; 4.9470001e+01 ; 8.1959557e+01 
3.500e+01 ; 1.040e+01 ; 1.800e+00 ; 4.9471001e+01 ; 8.1958000e+01 
3.500e+01 ; 1.040e+01 ; 1.800e+00 ; 4.9472001e+01 ; 8.1956451e+01 
3.500e+01 ; 1.040e+01 ; 1.800e+00 ; 4.9473001e+01 ; 8.1954895e+01 
3.500e+01 ; 1.040e+01 ; 1.800e+00 ; 4.9475001e+01 ; 8.1951790e+01 
3.500e+01 ; 1.040e+01 ; 1.800e+00 ; 4.9479001e+01 ; 8.1945595e+01 
3.500e+01 ; 1.040e+01 ; 1.800e+00 ; 4.9487001e+01 ; 8.1933220e+01 
3.500e+01 ; 1.040e+01 ; 1.800e+00 ; 4.9503001e+01 ; 8.1908569e+01 
3.500e+01 ; 1.040e+01 ; 1.800e+00 ; 4.9535001e+01 ; 8.1859657e+01 
3.500e+01 ; 1.040e+01 ; 1.800e+00 ; 4.9599001e+01 ; 8.1763329e+01 
3.500e+01 ; 1.040e+01 ; 1.800e+00 ; 4.9727001e+01 ; 8.1576363e+01 
3.500e+01 ; 1.040e+01 ; 1.800e+00 ; 4.9983001e+01 ; 8.1222939e+01 
3.500e+01 ; 1.040e+01 ; 1.800e+00 ; 5.0440001e+01 ; 8.0647690e+01 
3.500e+01 ; 1.040e+01 ; 1.800e+00 ; 5.0440001e+01 ; 8.0647690e+01 
3.500e+01 ; 1.040e+01 ; 1.800e+00 ; 5.0441001e+01 ; 8.0646431e+01 
3.500e+01 ; 1.040e+01 ; 1.800e+00 ; 5.0442001e+01 ; 8.0645172e+01 
3.500e+01 ; 1.040e+01 ; 1.800e+00 ; 5.0443001e+01 ; 8.0643913e+01 
3.500e+01 ; 1.040e+01 ; 1.800e+00 ; 5.0445001e+01 ; 8.0641396e+01 
3.500e+01 ; 1.040e+01 ; 1.800e+00 ; 5.0449001e+01 ; 8.0636375e+01 
3.500e+01 ; 1.040e+01 ; 1.800e+00 ; 5.0457001e+01 ; 8.0626343e+01 
3.500e+01 ; 1.040e+01 ; 1.800e+00 ; 5.0473001e+01 ; 8.0606339e+01 
3.500e+01 ; 1.040e+01 ; 1.800e+00 ; 5.0505001e+01 ; 8.0566605e+01 
3.500e+01 ; 1.040e+01 ; 1.800e+00 ; 5.0569001e+01 ; 8.0488174e+01 
3.500e+01 ; 1.040e+01 ; 1.800e+00 ; 5.0697001e+01 ; 8.0335297e+01 
3.500e+01 ; 1.040e+01 ; 1.800e+00 ; 5.0953001e+01 ; 8.0044205e+01 
3.500e+01 ; 1.040e+01 ; 1.800e+00 ; 5.1410002e+01 ; 7.9565590e+01 
3.500e+01 ; 1.040e+01 ; 1.800e+00 ; 5.1410002e+01 ; 7.9565590e+01 
3.500e+01 ; 1.040e+01 ; 1.800e+00 ; 5.1411002e+01 ; 7.9564537e+01 
3.500e+01 ; 1.040e+01 ; 1.800e+00 ; 5.1412002e+01 ; 7.9563492e+01 
3.500e+01 ; 1.040e+01 ; 1.800e+00 ; 5.1413002e+01 ; 7.9562447e+01 
3.500e+01 ; 1.040e+01 ; 1.800e+00 ; 5.1415002e+01 ; 7.9560356e+01 
3.500e+01 ; 1.040e+01 ; 1.800e+00 ; 5.1419002e+01 ; 7.9556168e+01 
3.500e+01 ; 1.040e+01 ; 1.800e+00 ; 5.1427002e+01 ; 7.9547821e+01 
3.500e+01 ; 1.040e+01 ; 1.800e+00 ; 5.1443002e+01 ; 7.9531166e+01 
3.500e+01 ; 1.040e+01 ; 1.800e+00 ; 5.1475002e+01 ; 7.9498055e+01 
3.500e+01 ; 1.040e+01 ; 1.800e+00 ; 5.1539002e+01 ; 7.9432610e+01 
3.500e+01 ; 1.040e+01 ; 1.800e+00 ; 5.1667002e+01 ; 7.9304703e+01 
3.500e+01 ; 1.040e+01 ; 1.800e+00 ; 5.1923002e+01 ; 7.9060066e+01 
3.500e+01 ; 1.040e+01 ; 1.800e+00 ; 5.2380002e+01 ; 7.8655312e+01 
3.500e+01 ; 1.040e+01 ; 1.800e+00 ; 5.2380002e+01 ; 7.8655312e+01 
3.500e+01 ; 1.040e+01 ; 1.800e+00 ; 5.2381002e+01 ; 7.8654427e+01 
3.500e+01 ; 1.040e+01 ; 1.800e+00 ; 5.2382002e+01 ; 7.8653542e+01 
3.500e+01 ; 1.040e+01 ; 1.800e+00 ; 5.2383002e+01 ; 7.8652657e+01 
3.500e+01 ; 1.040e+01 ; 1.800e+00 ; 5.2385002e+01 ; 7.8650887e+01 
3.500e+01 ; 1.040e+01 ; 1.800e+00 ; 5.2389002e+01 ; 7.8647346e+01 
3.500e+01 ; 1.040e+01 ; 1.800e+00 ; 5.2397002e+01 ; 7.8640282e+01 
3.500e+01 ; 1.040e+01 ; 1.800e+00 ; 5.2413002e+01 ; 7.8626198e+01 
3.500e+01 ; 1.040e+01 ; 1.800e+00 ; 5.2445002e+01 ; 7.8598167e+01 
3.500e+01 ; 1.040e+01 ; 1.800e+00 ; 5.2509002e+01 ; 7.8542725e+01 
3.500e+01 ; 1.040e+01 ; 1.800e+00 ; 5.2637002e+01 ; 7.8434189e+01 
3.500e+01 ; 1.040e+01 ; 1.800e+00 ; 5.2893002e+01 ; 7.8226036e+01 
3.500e+01 ; 1.040e+01 ; 1.800e+00 ; 5.3350002e+01 ; 7.7880402e+01 
3.500e+01 ; 1.040e+01 ; 1.800e+00 ; 5.3350002e+01 ; 7.7880402e+01 
3.500e+01 ; 1.040e+01 ; 1.800e+00 ; 5.3351002e+01 ; 7.7879646e+01 
3.500e+01 ; 1.040e+01 ; 1.800e+00 ; 5.3352002e+01 ; 7.7878891e+01 
3.500e+01 ; 1.040e+01 ; 1.800e+00 ; 5.3353002e+01 ; 7.7878136e+01 
3.500e+01 ; 1.040e+01 ; 1.800e+00 ; 5.3355002e+01 ; 7.7876625e+01 
3.500e+01 ; 1.040e+01 ; 1.800e+00 ; 5.3359002e+01 ; 7.7873604e+01 
3.500e+01 ; 1.040e+01 ; 1.800e+00 ; 5.3367002e+01 ; 7.7867569e+01 
3.500e+01 ; 1.040e+01 ; 1.800e+00 ; 5.3383002e+01 ; 7.7855530e+01 
3.500e+01 ; 1.040e+01 ; 1.800e+00 ; 5.3415002e+01 ; 7.7831589e+01 
3.500e+01 ; 1.040e+01 ; 1.800e+00 ; 5.3479002e+01 ; 7.7784187e+01 
3.500e+01 ; 1.040e+01 ; 1.800e+00 ; 5.3607002e+01 ; 7.7691338e+01 
3.500e+01 ; 1.040e+01 ; 1.800e+00 ; 5.3863002e+01 ; 7.7513077e+01 
3.500e+01 ; 1.040e+01 ; 1.800e+00 ; 5.4320002e+01 ; 7.7217293e+01 
3.500e+01 ; 1.040e+01 ; 1.800e+00 ; 5.4320002e+01 ; 7.7217293e+01 
3.500e+01 ; 1.040e+01 ; 1.800e+00 ; 5.4321002e+01 ; 7.7216644e+01 
3.500e+01 ; 1.040e+01 ; 1.800e+00 ; 5.4322002e+01 ; 7.7215996e+01 
3.500e+01 ; 1.040e+01 ; 1.800e+00 ; 5.4323002e+01 ; 7.7215347e+01 
3.500e+01 ; 1.040e+01 ; 1.800e+00 ; 5.4325002e+01 ; 7.7214058e+01 
3.500e+01 ; 1.040e+01 ; 1.800e+00 ; 5.4329002e+01 ; 7.7211472e+01 
3.500e+01 ; 1.040e+01 ; 1.800e+00 ; 5.4337002e+01 ; 7.7206306e+01 
3.500e+01 ; 1.040e+01 ; 1.800e+00 ; 5.4353002e+01 ; 7.7196007e+01 
3.500e+01 ; 1.040e+01 ; 1.800e+00 ; 5.4385002e+01 ; 7.7175522e+01 
3.500e+01 ; 1.040e+01 ; 1.800e+00 ; 5.4449002e+01 ; 7.7135033e+01 
3.500e+01 ; 1.040e+01 ; 1.800e+00 ; 5.4577002e+01 ; 7.7056152e+01 
3.500e+01 ; 1.040e+01 ; 1.800e+00 ; 5.4833002e+01 ; 7.6908081e+01 
3.500e+01 ; 1.040e+01 ; 1.800e+00 ; 5.5290002e+01 ; 7.6677383e+01 
3.500e+01 ; 1.040e+01 ; 1.800e+00 ; 5.5290002e+01 ; 7.6677383e+01 
3.500e+01 ; 1.040e+01 ; 1.800e+00 ; 5.5291002e+01 ; 7.6676880e+01 
3.500e+01 ; 1.040e+01 ; 1.800e+00 ; 5.5292002e+01 ; 7.6676376e+01 
3.500e+01 ; 1.040e+01 ; 1.800e+00 ; 5.5293002e+01 ; 7.6675873e+01 
3.500e+01 ; 1.040e+01 ; 1.800e+00 ; 5.5295002e+01 ; 7.6674858e+01 
3.500e+01 ; 1.040e+01 ; 1.800e+00 ; 5.5299002e+01 ; 7.6672852e+01 
3.500e+01 ; 1.040e+01 ; 1.800e+00 ; 5.5307002e+01 ; 7.6668846e+01 
3.500e+01 ; 1.040e+01 ; 1.800e+00 ; 5.5323002e+01 ; 7.6660889e+01 
3.500e+01 ; 1.040e+01 ; 1.800e+00 ; 5.5355002e+01 ; 7.6645248e+01 
3.500e+01 ; 1.040e+01 ; 1.800e+00 ; 5.5419002e+01 ; 7.6615211e+01 
3.500e+01 ; 1.040e+01 ; 1.800e+00 ; 5.5547002e+01 ; 7.6561211e+01 
3.500e+01 ; 1.040e+01 ; 1.800e+00 ; 5.5803002e+01 ; 7.6482216e+01 
3.500e+01 ; 1.040e+01 ; 1.800e+00 ; 5.6260002e+01 ; 7.6431267e+01 
3.500e+01 ; 1.040e+01 ; 1.800e+00 ; 5.6260002e+01 ; 7.6431267e+01 
3.500e+01 ; 1.040e+01 ; 1.800e+00 ; 5.6261002e+01 ; 7.6435448e+01 
3.500e+01 ; 1.040e+01 ; 1.800e+00 ; 5.6262002e+01 ; 7.6439667e+01 
3.500e+01 ; 1.040e+01 ; 1.800e+00 ; 5.6263002e+01 ; 7.6443924e+01 
3.500e+01 ; 1.040e+01 ; 1.800e+00 ; 5.6265002e+01 ; 7.6452599e+01 
3.500e+01 ; 1.040e+01 ; 1.800e+00 ; 5.6269002e+01 ; 7.6470558e+01 
3.500e+01 ; 1.040e+01 ; 1.800e+00 ; 5.6277002e+01 ; 7.6508888e+01 
3.500e+01 ; 1.040e+01 ; 1.800e+00 ; 5.6293002e+01 ; 7.6594688e+01 
3.500e+01 ; 1.040e+01 ; 1.800e+00 ; 5.6325002e+01 ; 7.6799362e+01 
3.500e+01 ; 1.040e+01 ; 1.800e+00 ; 5.6389002e+01 ; 7.7316292e+01 
3.500e+01 ; 1.040e+01 ; 1.800e+00 ; 5.6517002e+01 ; 7.8626633e+01 
3.500e+01 ; 1.040e+01 ; 1.800e+00 ; 5.6773002e+01 ; 8.1595596e+01 
3.500e+01 ; 1.040e+01 ; 1.800e+00 ; 5.7230002e+01 ; 8.6154816e+01 
3.500e+01 ; 1.040e+01 ; 1.800e+00 ; 5.7230002e+01 ; 8.6154816e+01 
3.500e+01 ; 1.040e+01 ; 1.800e+00 ; 5.7231002e+01 ; 8.6168404e+01 
3.500e+01 ; 1.040e+01 ; 1.800e+00 ; 5.7232002e+01 ; 8.6181992e+01 
3.500e+01 ; 1.040e+01 ; 1.800e+00 ; 5.7233002e+01 ; 8.6195587e+01 
3.500e+01 ; 1.040e+01 ; 1.800e+00 ; 5.7235002e+01 ; 8.6222794e+01 
3.500e+01 ; 1.040e+01 ; 1.800e+00 ; 5.7239002e+01 ; 8.6277260e+01 
3.500e+01 ; 1.040e+01 ; 1.800e+00 ; 5.7247002e+01 ; 8.6386436e+01 
3.500e+01 ; 1.040e+01 ; 1.800e+00 ; 5.7263002e+01 ; 8.6605568e+01 
3.500e+01 ; 1.040e+01 ; 1.800e+00 ; 5.7295002e+01 ; 8.7045807e+01 
3.500e+01 ; 1.040e+01 ; 1.800e+00 ; 5.7359002e+01 ; 8.7926346e+01 
3.500e+01 ; 1.040e+01 ; 1.800e+00 ; 5.7487002e+01 ; 8.9640068e+01 
3.500e+01 ; 1.040e+01 ; 1.800e+00 ; 5.7743002e+01 ; 9.2664085e+01 
3.500e+01 ; 1.040e+01 ; 1.800e+00 ; 5.8200002e+01 ; 9.6416138e+01 
3.500e+01 ; 1.040e+01 ; 1.800e+00 ; 5.8200002e+01 ; 9.6416138e+01 
3.500e+01 ; 1.040e+01 ; 1.800e+00 ; 5.8201002e+01 ; 9.6424332e+01 
3.500e+01 ; 1.040e+01 ; 1.800e+00 ; 5.8202002e+01 ; 9.6432510e+01 
3.500e+01 ; 1.040e+01 ; 1.800e+00 ; 5.8203002e+01 ; 9.6440666e+01 
3.500e+01 ; 1.040e+01 ; 1.800e+00 ; 5.8205002e+01 ; 9.6456917e+01 
3.500e+01 ; 1.040e+01 ; 1.800e+00 ; 5.8209002e+01 ; 9.6489151e+01 
3.500e+01 ; 1.040e+01 ; 1.800e+00 ; 5.8217002e+01 ; 9.6552544e+01 
3.500e+01 ; 1.040e+01 ; 1.800e+00 ; 5.8233002e+01 ; 9.6675163e+01 
3.500e+01 ; 1.040e+01 ; 1.800e+00 ; 5.8265002e+01 ; 9.6904427e+01 
3.500e+01 ; 1.040e+01 ; 1.800e+00 ; 5.8329002e+01 ; 9.7304321e+01 
3.500e+01 ; 1.040e+01 ; 1.800e+00 ; 5.8457002e+01 ; 9.7906181e+01 
3.500e+01 ; 1.040e+01 ; 1.800e+00 ; 5.8713002e+01 ; 9.8539963e+01 
3.500e+01 ; 1.040e+01 ; 1.800e+00 ; 5.9170002e+01 ; 9.8640755e+01 
3.500e+01 ; 1.040e+01 ; 1.800e+00 ; 5.9170002e+01 ; 9.8640755e+01 
3.500e+01 ; 1.040e+01 ; 1.800e+00 ; 5.9171002e+01 ; 9.8640976e+01 
3.500e+01 ; 1.040e+01 ; 1.800e+00 ; 5.9172002e+01 ; 9.8641182e+01 
3.500e+01 ; 1.040e+01 ; 1.800e+00 ; 5.9173002e+01 ; 9.8641388e+01 
3.500e+01 ; 1.040e+01 ; 1.800e+00 ; 5.9175002e+01 ; 9.8641785e+01 
3.500e+01 ; 1.040e+01 ; 1.800e+00 ; 5.9179002e+01 ; 9.8642487e+01 
3.500e+01 ; 1.040e+01 ; 1.800e+00 ; 5.9187002e+01 ; 9.8643593e+01 
3.500e+01 ; 1.040e+01 ; 1.800e+00 ; 5.9203002e+01 ; 9.8644608e+01 
3.500e+01 ; 1.040e+01 ; 1.800e+00 ; 5.9235002e+01 ; 9.8642097e+01 
3.500e+01 ; 1.040e+01 ; 1.800e+00 ; 5.9299002e+01 ; 9.8620682e+01 
3.500e+01 ; 1.040e+01 ; 1.800e+00 ; 5.9427002e+01 ; 9.8524323e+01 
3.500e+01 ; 1.040e+01 ; 1.800e+00 ; 5.9683002e+01 ; 9.8187180e+01 
3.500e+01 ; 1.040e+01 ; 1.800e+00 ; 6.0140002e+01 ; 9.7358261e+01 
3.500e+01 ; 1.040e+01 ; 1.800e+00 ; 6.0140002e+01 ; 9.7358261e+01 
3.500e+01 ; 1.040e+01 ; 1.800e+00 ; 6.0141002e+01 ; 9.7356445e+01 
3.500e+01 ; 1.040e+01 ; 1.800e+00 ; 6.0142002e+01 ; 9.7354630e+01 
3.500e+01 ; 1.040e+01 ; 1.800e+00 ; 6.0143002e+01 ; 9.7352814e+01 
3.500e+01 ; 1.040e+01 ; 1.800e+00 ; 6.0145002e+01 ; 9.7349174e+01 
3.500e+01 ; 1.040e+01 ; 1.800e+00 ; 6.0149002e+01 ; 9.7341881e+01 
3.500e+01 ; 1.040e+01 ; 1.800e+00 ; 6.0157002e+01 ; 9.7327225e+01 
3.500e+01 ; 1.040e+01 ; 1.800e+00 ; 6.0173002e+01 ; 9.7297661e+01 
3.500e+01 ; 1.040e+01 ; 1.800e+00 ; 6.0205002e+01 ; 9.7237564e+01 
3.500e+01 ; 1.040e+01 ; 1.800e+00 ; 6.0269002e+01 ; 9.7114052e+01 
3.500e+01 ; 1.040e+01 ; 1.800e+00 ; 6.0397002e+01 ; 9.6857285e+01 
3.500e+01 ; 1.040e+01 ; 1.800e+00 ; 6.0653002e+01 ; 9.6324547e+01 
3.500e+01 ; 1.040e+01 ; 1.800e+00 ; 6.1110002e+01 ; 9.5374825e+01 
3.500e+01 ; 1.040e+01 ; 1.800e+00 ; 6.1110002e+01 ; 9.5374825e+01 
3.500e+01 ; 1.040e+01 ; 1.800e+00 ; 6.1111002e+01 ; 9.5372749e+01 
3.500e+01 ; 1.040e+01 ; 1.800e+00 ; 6.1112002e+01 ; 9.5370674e+01 
3.500e+01 ; 1.040e+01 ; 1.800e+00 ; 6.1113002e+01 ; 9.5368591e+01 
3.500e+01 ; 1.040e+01 ; 1.800e+00 ; 6.1115002e+01 ; 9.5364433e+01 
3.500e+01 ; 1.040e+01 ; 1.800e+00 ; 6.1119002e+01 ; 9.5356125e+01 
3.500e+01 ; 1.040e+01 ; 1.800e+00 ; 6.1127002e+01 ; 9.5339500e+01 
3.500e+01 ; 1.040e+01 ; 1.800e+00 ; 6.1143002e+01 ; 9.5306259e+01 
3.500e+01 ; 1.040e+01 ; 1.800e+00 ; 6.1175002e+01 ; 9.5239830e+01 
3.500e+01 ; 1.040e+01 ; 1.800e+00 ; 6.1239002e+01 ; 9.5107285e+01 
3.500e+01 ; 1.040e+01 ; 1.800e+00 ; 6.1367002e+01 ; 9.4844376e+01 
3.500e+01 ; 1.040e+01 ; 1.800e+00 ; 6.1623002e+01 ; 9.4331825e+01 
3.500e+01 ; 1.040e+01 ; 1.800e+00 ; 6.2080002e+01 ; 9.3470703e+01 
3.500e+01 ; 1.040e+01 ; 1.800e+00 ; 6.2080002e+01 ; 9.3470703e+01 
3.500e+01 ; 1.040e+01 ; 1.800e+00 ; 6.2081002e+01 ; 9.3468819e+01 
3.500e+01 ; 1.040e+01 ; 1.800e+00 ; 6.2082002e+01 ; 9.3466934e+01 
3.500e+01 ; 1.040e+01 ; 1.800e+00 ; 6.2083002e+01 ; 9.3465050e+01 
3.500e+01 ; 1.040e+01 ; 1.800e+00 ; 6.2085002e+01 ; 9.3461288e+01 
3.500e+01 ; 1.040e+01 ; 1.800e+00 ; 6.2089002e+01 ; 9.3453758e+01 
3.500e+01 ; 1.040e+01 ; 1.800e+00 ; 6.2097002e+01 ; 9.3438721e+01 
3.500e+01 ; 1.040e+01 ; 1.800e+00 ; 6.2113002e+01 ; 9.3408707e+01 
3.500e+01 ; 1.040e+01 ; 1.800e+00 ; 6.2145002e+01 ; 9.3348953e+01 
3.500e+01 ; 1.040e+01 ; 1.800e+00 ; 6.2209002e+01 ; 9.3230560e+01 
3.500e+01 ; 1.040e+01 ; 1.800e+00 ; 6.2337002e+01 ; 9.2998306e+01 
3.500e+01 ; 1.040e+01 ; 1.800e+00 ; 6.2593002e+01 ; 9.2552231e+01 
3.500e+01 ; 1.040e+01 ; 1.800e+00 ; 6.3050002e+01 ; 9.1812599e+01 
3.500e+01 ; 1.040e+01 ; 1.800e+00 ; 6.3050002e+01 ; 9.1812599e+01 
3.500e+01 ; 1.040e+01 ; 1.800e+00 ; 6.3051002e+01 ; 9.1810982e+01 
3.500e+01 ; 1.040e+01 ; 1.800e+00 ; 6.3052002e+01 ; 9.1809364e+01 
3.500e+01 ; 1.040e+01 ; 1.800e+00 ; 6.3053002e+01 ; 9.1807747e+01 
3.500e+01 ; 1.040e+01 ; 1.800e+00 ; 6.3055002e+01 ; 9.1804512e+01 
3.500e+01 ; 1.040e+01 ; 1.800e+00 ; 6.3059002e+01 ; 9.1798050e+01 
3.500e+01 ; 1.040e+01 ; 1.800e+00 ; 6.3067002e+01 ; 9.1785133e+01 
3.500e+01 ; 1.040e+01 ; 1.800e+00 ; 6.3083002e+01 ; 9.1759384e+01 
3.500e+01 ; 1.040e+01 ; 1.800e+00 ; 6.3115002e+01 ; 9.1708153e+01 
3.500e+01 ; 1.040e+01 ; 1.800e+00 ; 6.3179002e+01 ; 9.1606796e+01 
3.500e+01 ; 1.040e+01 ; 1.800e+00 ; 6.3307002e+01 ; 9.1408394e+01 
3.500e+01 ; 1.040e+01 ; 1.800e+00 ; 6.3563002e+01 ; 9.1028099e+01 
3.500e+01 ; 1.040e+01 ; 1.800e+00 ; 6.4020002e+01 ; 9.0397285e+01 
3.500e+01 ; 1.040e+01 ; 1.800e+00 ; 6.4020002e+01 ; 9.0397285e+01 
3.500e+01 ; 1.040e+01 ; 1.800e+00 ; 6.4021002e+01 ; 9.0395905e+01 
3.500e+01 ; 1.040e+01 ; 1.800e+00 ; 6.4022002e+01 ; 9.0394524e+01 
3.500e+01 ; 1.040e+01 ; 1.800e+00 ; 6.4023002e+01 ; 9.0393143e+01 
3.500e+01 ; 1.040e+01 ; 1.800e+00 ; 6.4025002e+01 ; 9.0390388e+01 
3.500e+01 ; 1.040e+01 ; 1.800e+00 ; 6.4029002e+01 ; 9.0384872e+01 
3.500e+01 ; 1.040e+01 ; 1.800e+00 ; 6.4037002e+01 ; 9.0373863e+01 
3.500e+01 ; 1.040e+01 ; 1.800e+00 ; 6.4053002e+01 ; 9.0351898e+01 
3.500e+01 ; 1.040e+01 ; 1.800e+00 ; 6.4085002e+01 ; 9.0308205e+01 
3.500e+01 ; 1.040e+01 ; 1.800e+00 ; 6.4149002e+01 ; 9.0221725e+01 
3.500e+01 ; 1.040e+01 ; 1.800e+00 ; 6.4277002e+01 ; 9.0052338e+01 
3.500e+01 ; 1.040e+01 ; 1.800e+00 ; 6.4533002e+01 ; 8.9727036e+01 
3.500e+01 ; 1.040e+01 ; 1.800e+00 ; 6.4990002e+01 ; 8.9185020e+01 
3.500e+01 ; 1.040e+01 ; 1.800e+00 ; 6.4990002e+01 ; 8.9185020e+01 
3.500e+01 ; 1.040e+01 ; 1.800e+00 ; 6.4991002e+01 ; 8.9183830e+01 
3.500e+01 ; 1.040e+01 ; 1.800e+00 ; 6.4992002e+01 ; 8.9182648e+01 
3.500e+01 ; 1.040e+01 ; 1.800e+00 ; 6.4993002e+01 ; 8.9181458e+01 
3.500e+01 ; 1.040e+01 ; 1.800e+00 ; 6.4995002e+01 ; 8.9179092e+01 
3.500e+01 ; 1.040e+01 ; 1.800e+00 ; 6.4999002e+01 ; 8.9174355e+01 
3.500e+01 ; 1.040e+01 ; 1.800e+00 ; 6.5007002e+01 ; 8.9164886e+01 
3.500e+01 ; 1.040e+01 ; 1.800e+00 ; 6.5023002e+01 ; 8.9146011e+01 
3.500e+01 ; 1.040e+01 ; 1.800e+00 ; 6.5055002e+01 ; 8.9108437e+01 
3.500e+01 ; 1.040e+01 ; 1.800e+00 ; 6.5119002e+01 ; 8.9034035e+01 
3.500e+01 ; 1.040e+01 ; 1.800e+00 ; 6.5247002e+01 ; 8.8888077e+01 
3.500e+01 ; 1.040e+01 ; 1.800e+00 ; 6.5503002e+01 ; 8.8606941e+01 
3.500e+01 ; 1.040e+01 ; 1.800e+00 ; 6.5960002e+01 ; 8.8136108e+01 
3.500e+01 ; 1.040e+01 ; 1.800e+00 ; 6.5960002e+01 ; 8.8136108e+01 
3.500e+01 ; 1.040e+01 ; 1.800e+00 ; 6.5961002e+01 ; 8.8135078e+01 
3.500e+01 ; 1.040e+01 ; 1.800e+00 ; 6.5962002e+01 ; 8.8134048e+01 
3.500e+01 ; 1.040e+01 ; 1.800e+00 ; 6.5963002e+01 ; 8.8133018e+01 
3.500e+01 ; 1.040e+01 ; 1.800e+00 ; 6.5965002e+01 ; 8.8130959e+01 
3.500e+01 ; 1.040e+01 ; 1.800e+00 ; 6.5969002e+01 ; 8.8126839e+01 
3.500e+01 ; 1.040e+01 ; 1.800e+00 ; 6.5977002e+01 ; 8.8118622e+01 
3.500e+01 ; 1.040e+01 ; 1.800e+00 ; 6.5993002e+01 ; 8.8102211e+01 
3.500e+01 ; 1.040e+01 ; 1.800e+00 ; 6.6025002e+01 ; 8.8069550e+01 
3.500e+01 ; 1.040e+01 ; 1.800e+00 ; 6.6089002e+01 ; 8.8004814e+01 
3.500e+01 ; 1.040e+01 ; 1.800e+00 ; 6.6217002e+01 ; 8.7877640e+01 
3.500e+01 ; 1.040e+01 ; 1.800e+00 ; 6.6473002e+01 ; 8.7631981e+01 
3.500e+01 ; 1.040e+01 ; 1.800e+00 ; 6.6930002e+01 ; 8.7218643e+01 
3.500e+01 ; 1.040e+01 ; 1.800e+00 ; 6.6930002e+01 ; 8.7218643e+01 
3.500e+01 ; 1.040e+01 ; 1.800e+00 ; 6.6931002e+01 ; 8.7217743e+01 
3.500e+01 ; 1.040e+01 ; 1.800e+00 ; 6.6932002e+01 ; 8.7216835e+01 
3.500e+01 ; 1.040e+01 ; 1.800e+00 ; 6.6933002e+01 ; 8.7215935e+01 
3.500e+01 ; 1.040e+01 ; 1.800e+00 ; 6.6935002e+01 ; 8.7214127e+01 
3.500e+01 ; 1.040e+01 ; 1.800e+00 ; 6.6939002e+01 ; 8.7210510e+01 
3.500e+01 ; 1.040e+01 ; 1.800e+00 ; 6.6947002e+01 ; 8.7203293e+01 
3.500e+01 ; 1.040e+01 ; 1.800e+00 ; 6.6963002e+01 ; 8.7188881e+01 
3.500e+01 ; 1.040e+01 ; 1.800e+00 ; 6.6995002e+01 ; 8.7160187e+01 
3.500e+01 ; 1.040e+01 ; 1.800e+00 ; 6.7059002e+01 ; 8.7103279e+01 
3.500e+01 ; 1.040e+01 ; 1.800e+00 ; 6.7187002e+01 ; 8.6991341e+01 
3.500e+01 ; 1.040e+01 ; 1.800e+00 ; 6.7443002e+01 ; 8.6774582e+01 
3.500e+01 ; 1.040e+01 ; 1.800e+00 ; 6.7900002e+01 ; 8.6408524e+01 
3.500e+01 ; 1.040e+01 ; 1.800e+00 ; 6.7900002e+01 ; 8.6408524e+01 
3.500e+01 ; 1.040e+01 ; 1.800e+00 ; 6.7901002e+01 ; 8.6407730e+01 
3.500e+01 ; 1.040e+01 ; 1.800e+00 ; 6.7902002e+01 ; 8.6406929e+01 
3.500e+01 ; 1.040e+01 ; 1.800e+00 ; 6.7903002e+01 ; 8.6406128e+01 
3.500e+01 ; 1.040e+01 ; 1.800e+00 ; 6.7905002e+01 ; 8.6404526e+01 
3.500e+01 ; 1.040e+01 ; 1.800e+00 ; 6.7909002e+01 ; 8.6401321e+01 
3.500e+01 ; 1.040e+01 ; 1.800e+00 ; 6.7917002e+01 ; 8.6394928e+01 
3.500e+01 ; 1.040e+01 ; 1.800e+00 ; 6.7933002e+01 ; 8.6382164e+01 
3.500e+01 ; 1.040e+01 ; 1.800e+00 ; 6.7965002e+01 ; 8.6356743e+01 
3.500e+01 ; 1.040e+01 ; 1.800e+00 ; 6.8029002e+01 ; 8.6306290e+01 
3.500e+01 ; 1.040e+01 ; 1.800e+00 ; 6.8157002e+01 ; 8.6206963e+01 
3.500e+01 ; 1.040e+01 ; 1.800e+00 ; 6.8413002e+01 ; 8.6014404e+01 
3.500e+01 ; 1.040e+01 ; 1.800e+00 ; 6.8870002e+01 ; 8.5689430e+01 
3.500e+01 ; 1.040e+01 ; 1.800e+00 ; 6.8870002e+01 ; 8.5689430e+01 
3.500e+01 ; 1.040e+01 ; 1.800e+00 ; 6.8871002e+01 ; 8.5688721e+01 
3.500e+01 ; 1.040e+01 ; 1.800e+00 ; 6.8872002e+01 ; 8.5688011e+01 
3.500e+01 ; 1.040e+01 ; 1.800e+00 ; 6.8873002e+01 ; 8.5687294e+01 
3.500e+01 ; 1.040e+01 ; 1.800e+00 ; 6.8875002e+01 ; 8.5685875e+01 
3.500e+01 ; 1.040e+01 ; 1.800e+00 ; 6.8879002e+01 ; 8.5683037e+01 
3.500e+01 ; 1.040e+01 ; 1.800e+00 ; 6.8887002e+01 ; 8.5677361e+01 
3.500e+01 ; 1.040e+01 ; 1.800e+00 ; 6.8903002e+01 ; 8.5666031e+01 
3.500e+01 ; 1.040e+01 ; 1.800e+00 ; 6.8935002e+01 ; 8.5643463e+01 
3.500e+01 ; 1.040e+01 ; 1.800e+00 ; 6.8999002e+01 ; 8.5598694e+01 
3.500e+01 ; 1.040e+01 ; 1.800e+00 ; 6.9127002e+01 ; 8.5510719e+01 
3.500e+01 ; 1.040e+01 ; 1.800e+00 ; 6.9383002e+01 ; 8.5341537e+01 
3.500e+01 ; 1.040e+01 ; 1.800e+00 ; 6.9840002e+01 ; 8.5063911e+01 
3.500e+01 ; 1.040e+01 ; 1.800e+00 ; 6.9840002e+01 ; 8.5063911e+01 
3.500e+01 ; 1.040e+01 ; 1.800e+00 ; 6.9841002e+01 ; 8.5063301e+01 
3.500e+01 ; 1.040e+01 ; 1.800e+00 ; 6.9842002e+01 ; 8.5062698e+01 
3.500e+01 ; 1.040e+01 ; 1.800e+00 ; 6.9843002e+01 ; 8.5062088e+01 
3.500e+01 ; 1.040e+01 ; 1.800e+00 ; 6.9845002e+01 ; 8.5060883e+01 
3.500e+01 ; 1.040e+01 ; 1.800e+00 ; 6.9849002e+01 ; 8.5058464e+01 
3.500e+01 ; 1.040e+01 ; 1.800e+00 ; 6.9857002e+01 ; 8.5053673e+01 
3.500e+01 ; 1.040e+01 ; 1.800e+00 ; 6.9873002e+01 ; 8.5044212e+01 
3.500e+01 ; 1.040e+01 ; 1.800e+00 ; 6.9905002e+01 ; 8.5025909e+01 
3.500e+01 ; 1.040e+01 ; 1.800e+00 ; 6.9969002e+01 ; 8.4992256e+01 
3.500e+01 ; 1.040e+01 ; 1.800e+00 ; 7.0097002e+01 ; 8.4938896e+01 
3.500e+01 ; 1.040e+01 ; 1.800e+00 ; 7.0353002e+01 ; 8.4889175e+01 
3.500e+01 ; 1.040e+01 ; 1.800e+00 ; 7.0810002e+01 ; 8.4932755e+01 
3.500e+01 ; 1.040e+01 ; 1.800e+00 ; 7.0810002e+01 ; 8.4932755e+01 
3.500e+01 ; 1.040e+01 ; 1.800e+00 ; 7.0811002e+01 ; 8.4932846e+01 
3.500e+01 ; 1.040e+01 ; 1.800e+00 ; 7.0812002e+01 ; 8.4932945e+01 
3.500e+01 ; 1.040e+01 ; 1.800e+00 ; 7.0813002e+01 ; 8.4933044e+01 
3.500e+01 ; 1.040e+01 ; 1.800e+00 ; 7.0815002e+01 ; 8.4933250e+01 
3.500e+01 ; 1.040e+01 ; 1.800e+00 ; 7.0819002e+01 ; 8.4933685e+01 
3.500e+01 ; 1.040e+01 ; 1.800e+00 ; 7.0827002e+01 ; 8.4934662e+01 
3.500e+01 ; 1.040e+01 ; 1.800e+00 ; 7.0843002e+01 ; 8.4937027e+01 
3.500e+01 ; 1.040e+01 ; 1.800e+00 ; 7.0875002e+01 ; 8.4943581e+01 
3.500e+01 ; 1.040e+01 ; 1.800e+00 ; 7.0939002e+01 ; 8.4964775e+01 
3.500e+01 ; 1.040e+01 ; 1.800e+00 ; 7.1067002e+01 ; 8.5041992e+01 
3.500e+01 ; 1.040e+01 ; 1.800e+00 ; 7.1323002e+01 ; 8.5324112e+01 
3.500e+01 ; 1.040e+01 ; 1.800e+00 ; 7.1780002e+01 ; 8.6071007e+01 
3.500e+01 ; 1.040e+01 ; 1.800e+00 ; 7.1780002e+01 ; 8.6071007e+01 
3.500e+01 ; 1.040e+01 ; 1.800e+00 ; 7.1781002e+01 ; 8.6072639e+01 
3.500e+01 ; 1.040e+01 ; 1.800e+00 ; 7.1782002e+01 ; 8.6074280e+01 
3.500e+01 ; 1.040e+01 ; 1.800e+00 ; 7.1783002e+01 ; 8.6075920e+01 
3.500e+01 ; 1.040e+01 ; 1.800e+00 ; 7.1785002e+01 ; 8.6079208e+01 
3.500e+01 ; 1.040e+01 ; 1.800e+00 ; 7.1789002e+01 ; 8.6085815e+01 
3.500e+01 ; 1.040e+01 ; 1.800e+00 ; 7.1797002e+01 ; 8.6099159e+01 
3.500e+01 ; 1.040e+01 ; 1.800e+00 ; 7.1813002e+01 ; 8.6126366e+01 
3.500e+01 ; 1.040e+01 ; 1.800e+00 ; 7.1845002e+01 ; 8.6182861e+01 
3.500e+01 ; 1.040e+01 ; 1.800e+00 ; 7.1909002e+01 ; 8.6304161e+01 
3.500e+01 ; 1.040e+01 ; 1.800e+00 ; 7.2037002e+01 ; 8.6577919e+01 
3.500e+01 ; 1.040e+01 ; 1.800e+00 ; 7.2293002e+01 ; 8.7218483e+01 
3.500e+01 ; 1.040e+01 ; 1.800e+00 ; 7.2750002e+01 ; 8.8465324e+01 
3.500e+01 ; 1.040e+01 ; 1.800e+00 ; 7.2750002e+01 ; 8.8465324e+01 
3.500e+01 ; 1.040e+01 ; 1.800e+00 ; 7.2751002e+01 ; 8.8468048e+01 
3.500e+01 ; 1.040e+01 ; 1.800e+00 ; 7.2752002e+01 ; 8.8470779e+01 
3.500e+01 ; 1.040e+01 ; 1.800e+00 ; 7.2753002e+01 ; 8.8473511e+01 
3.500e+01 ; 1.040e+01 ; 1.800e+00 ; 7.2755002e+01 ; 8.8478973e+01 
3.500e+01 ; 1.040e+01 ; 1.800e+00 ; 7.2759002e+01 ; 8.8489914e+01 
3.500e+01 ; 1.040e+01 ; 1.800e+00 ; 7.2767002e+01 ; 8.8511841e+01 
3.500e+01 ; 1.040e+01 ; 1.800e+00 ; 7.2783002e+01 ; 8.8555862e+01 
3.500e+01 ; 1.040e+01 ; 1.800e+00 ; 7.2815002e+01 ; 8.8644508e+01 
3.500e+01 ; 1.040e+01 ; 1.800e+00 ; 7.2879002e+01 ; 8.8823502e+01 
3.500e+01 ; 1.040e+01 ; 1.800e+00 ; 7.3007002e+01 ; 8.9183670e+01 
3.500e+01 ; 1.040e+01 ; 1.800e+00 ; 7.3263002e+01 ; 8.9885201e+01 
3.500e+01 ; 1.040e+01 ; 1.800e+00 ; 7.3720002e+01 ; 9.0991653e+01 
3.500e+01 ; 1.040e+01 ; 1.800e+00 ; 7.3720002e+01 ; 9.0991653e+01 
3.500e+01 ; 1.040e+01 ; 1.800e+00 ; 7.3721002e+01 ; 9.0994072e+01 
3.500e+01 ; 1.040e+01 ; 1.800e+00 ; 7.3722002e+01 ; 9.0996490e+01 
3.500e+01 ; 1.040e+01 ; 1.800e+00 ; 7.3723002e+01 ; 9.0998909e+01 
3.500e+01 ; 1.040e+01 ; 1.800e+00 ; 7.3725002e+01 ; 9.1003746e+01 
3.500e+01 ; 1.040e+01 ; 1.800e+00 ; 7.3729002e+01 ; 9.1013405e+01 
3.500e+01 ; 1.040e+01 ; 1.800e+00 ; 7.3737002e+01 ; 9.1032677e+01 
3.500e+01 ; 1.040e+01 ; 1.800e+00 ; 7.3753002e+01 ; 9.1071022e+01 
3.500e+01 ; 1.040e+01 ; 1.800e+00 ; 7.3785002e+01 ; 9.1146912e+01 
3.500e+01 ; 1.040e+01 ; 1.800e+00 ; 7.3849002e+01 ; 9.1295113e+01 
3.500e+01 ; 1.040e+01 ; 1.800e+00 ; 7.3977002e+01 ; 9.1575439e+01 
3.500e+01 ; 1.040e+01 ; 1.800e+00 ; 7.4233002e+01 ; 9.2065811e+01 
3.500e+01 ; 1.040e+01 ; 1.800e+00 ; 7.4690002e+01 ; 9.2723511e+01 
3.500e+01 ; 1.040e+01 ; 1.800e+00 ; 7.4690002e+01 ; 9.2723511e+01 
3.500e+01 ; 1.040e+01 ; 1.800e+00 ; 7.4691002e+01 ; 9.2724945e+01 
3.500e+01 ; 1.040e+01 ; 1.800e+00 ; 7.4692002e+01 ; 9.2726379e+01 
3.500e+01 ; 1.040e+01 ; 1.800e+00 ; 7.4693002e+01 ; 9.2727821e+01 
3.500e+01 ; 1.040e+01 ; 1.800e+00 ; 7.4695002e+01 ; 9.2730682e+01 
3.500e+01 ; 1.040e+01 ; 1.800e+00 ; 7.4699002e+01 ; 9.2736404e+01 
3.500e+01 ; 1.040e+01 ; 1.800e+00 ; 7.4707002e+01 ; 9.2747780e+01 
3.500e+01 ; 1.040e+01 ; 1.800e+00 ; 7.4723002e+01 ; 9.2770256e+01 
3.500e+01 ; 1.040e+01 ; 1.800e+00 ; 7.4755002e+01 ; 9.2814148e+01 
3.500e+01 ; 1.040e+01 ; 1.800e+00 ; 7.4819002e+01 ; 9.2897736e+01 
3.500e+01 ; 1.040e+01 ; 1.800e+00 ; 7.4947002e+01 ; 9.3048615e+01 
3.500e+01 ; 1.040e+01 ; 1.800e+00 ; 7.5203002e+01 ; 9.3290344e+01 
3.500e+01 ; 1.040e+01 ; 1.800e+00 ; 7.5660002e+01 ; 9.3563034e+01 
3.500e+01 ; 1.040e+01 ; 1.800e+00 ; 7.5660002e+01 ; 9.3563034e+01 
3.500e+01 ; 1.040e+01 ; 1.800e+00 ; 7.5661002e+01 ; 9.3563629e+01 
3.500e+01 ; 1.040e+01 ; 1.800e+00 ; 7.5662002e+01 ; 9.3564224e+01 
3.500e+01 ; 1.040e+01 ; 1.800e+00 ; 7.5663002e+01 ; 9.3564819e+01 
3.500e+01 ; 1.040e+01 ; 1.800e+00 ; 7.5665002e+01 ; 9.3566010e+01 
3.500e+01 ; 1.040e+01 ; 1.800e+00 ; 7.5669002e+01 ; 9.3568367e+01 
3.500e+01 ; 1.040e+01 ; 1.800e+00 ; 7.5677002e+01 ; 9.3573036e+01 
3.500e+01 ; 1.040e+01 ; 1.800e+00 ; 7.5693002e+01 ; 9.3582184e+01 
3.500e+01 ; 1.040e+01 ; 1.800e+00 ; 7.5725002e+01 ; 9.3599731e+01 
3.500e+01 ; 1.040e+01 ; 1.800e+00 ; 7.5789002e+01 ; 9.3631882e+01 
3.500e+01 ; 1.040e+01 ; 1.800e+00 ; 7.5917002e+01 ; 9.3685165e+01 
3.500e+01 ; 1.040e+01 ; 1.800e+00 ; 7.6173002e+01 ; 9.3753090e+01 
3.500e+01 ; 1.040e+01 ; 1.800e+00 ; 7.6630002e+01 ; 9.3777702e+01 
3.500e+01 ; 1.040e+01 ; 1.800e+00 ; 7.6630002e+01 ; 9.3777702e+01 
3.500e+01 ; 1.040e+01 ; 1.800e+00 ; 7.6631002e+01 ; 9.3777756e+01 
3.500e+01 ; 1.040e+01 ; 1.800e+00 ; 7.6632002e+01 ; 9.3777809e+01 
3.500e+01 ; 1.040e+01 ; 1.800e+00 ; 7.6633002e+01 ; 9.3777863e+01 
3.500e+01 ; 1.040e+01 ; 1.800e+00 ; 7.6635002e+01 ; 9.3777962e+01 
3.500e+01 ; 1.040e+01 ; 1.800e+00 ; 7.6639002e+01 ; 9.3778160e+01 
3.500e+01 ; 1.040e+01 ; 1.800e+00 ; 7.6647002e+01 ; 9.3778534e+01 
3.500e+01 ; 1.040e+01 ; 1.800e+00 ; 7.6663002e+01 ; 9.3779152e+01 
3.500e+01 ; 1.040e+01 ; 1.800e+00 ; 7.6695002e+01 ; 9.3779938e+01 
3.500e+01 ; 1.040e+01 ; 1.800e+00 ; 7.6759002e+01 ; 9.3779755e+01 
3.500e+01 ; 1.040e+01 ; 1.800e+00 ; 7.6887002e+01 ; 9.3772903e+01 
3.500e+01 ; 1.040e+01 ; 1.800e+00 ; 7.7143002e+01 ; 9.3736984e+01 
3.500e+01 ; 1.040e+01 ; 1.800e+00 ; 7.7600002e+01 ; 9.3619202e+01 
3.500e+01 ; 1.040e+01 ; 1.800e+00 ; 7.7600002e+01 ; 9.3619202e+01 
3.500e+01 ; 1.040e+01 ; 1.800e+00 ; 7.7601002e+01 ; 9.3618942e+01 
3.500e+01 ; 1.040e+01 ; 1.800e+00 ; 7.7602002e+01 ; 9.3618683e+01 
3.500e+01 ; 1.040e+01 ; 1.800e+00 ; 7.7603002e+01 ; 9.3618423e+01 
3.500e+01 ; 1.040e+01 ; 1.800e+00 ; 7.7605002e+01 ; 9.3617905e+01 
3.500e+01 ; 1.040e+01 ; 1.800e+00 ; 7.7609002e+01 ; 9.3616867e+01 
3.500e+01 ; 1.040e+01 ; 1.800e+00 ; 7.7617002e+01 ; 9.3614769e+01 
3.500e+01 ; 1.040e+01 ; 1.800e+00 ; 7.7633002e+01 ; 9.3610512e+01 
3.500e+01 ; 1.040e+01 ; 1.800e+00 ; 7.7665002e+01 ; 9.3601746e+01 
3.500e+01 ; 1.040e+01 ; 1.800e+00 ; 7.7729002e+01 ; 9.3583252e+01 
3.500e+01 ; 1.040e+01 ; 1.800e+00 ; 7.7857002e+01 ; 9.3542740e+01 
3.500e+01 ; 1.040e+01 ; 1.800e+00 ; 7.8113002e+01 ; 9.3449898e+01 
3.500e+01 ; 1.040e+01 ; 1.800e+00 ; 7.8570002e+01 ; 9.3256622e+01 
3.500e+01 ; 1.040e+01 ; 1.800e+00 ; 7.8570002e+01 ; 9.3256622e+01 
3.500e+01 ; 1.040e+01 ; 1.800e+00 ; 7.8571002e+01 ; 9.3256195e+01 
3.500e+01 ; 1.040e+01 ; 1.800e+00 ; 7.8572002e+01 ; 9.3255775e+01 
3.500e+01 ; 1.040e+01 ; 1.800e+00 ; 7.8573002e+01 ; 9.3255348e+01 
3.500e+01 ; 1.040e+01 ; 1.800e+00 ; 7.8575002e+01 ; 9.3254501e+01 
3.500e+01 ; 1.040e+01 ; 1.800e+00 ; 7.8579002e+01 ; 9.3252808e+01 
3.500e+01 ; 1.040e+01 ; 1.800e+00 ; 7.8587002e+01 ; 9.3249405e+01 
3.500e+01 ; 1.040e+01 ; 1.800e+00 ; 7.8603002e+01 ; 9.3242569e+01 
3.500e+01 ; 1.040e+01 ; 1.800e+00 ; 7.8635002e+01 ; 9.3228767e+01 
3.500e+01 ; 1.040e+01 ; 1.800e+00 ; 7.8699002e+01 ; 9.3200684e+01 
3.500e+01 ; 1.040e+01 ; 1.800e+00 ; 7.8827002e+01 ; 9.3142761e+01 
3.500e+01 ; 1.040e+01 ; 1.800e+00 ; 7.9083002e+01 ; 9.3021179e+01 
3.500e+01 ; 1.040e+01 ; 1.800e+00 ; 7.9540002e+01 ; 9.2791649e+01 
3.500e+01 ; 1.040e+01 ; 1.800e+00 ; 7.9540002e+01 ; 9.2791649e+01 
3.500e+01 ; 1.040e+01 ; 1.800e+00 ; 7.9541002e+01 ; 9.2791145e+01 
3.500e+01 ; 1.040e+01 ; 1.800e+00 ; 7.9542002e+01 ; 9.2790649e+01 
3.500e+01 ; 1.040e+01 ; 1.800e+00 ; 7.9543002e+01 ; 9.2790146e+01 
3.500e+01 ; 1.040e+01 ; 1.800e+00 ; 7.9545002e+01 ; 9.2789139e+01 
3.500e+01 ; 1.040e+01 ; 1.800e+00 ; 7.9549002e+01 ; 9.2787125e+01 
3.500e+01 ; 1.040e+01 ; 1.800e+00 ; 7.9557002e+01 ; 9.2783104e+01 
3.500e+01 ; 1.040e+01 ; 1.800e+00 ; 7.9573002e+01 ; 9.2775032e+01 
3.500e+01 ; 1.040e+01 ; 1.800e+00 ; 7.9605002e+01 ; 9.2758842e+01 
3.500e+01 ; 1.040e+01 ; 1.800e+00 ; 7.9669002e+01 ; 9.2726250e+01 
3.500e+01 ; 1.040e+01 ; 1.800e+00 ; 7.9797002e+01 ; 9.2660301e+01 
3.500e+01 ; 1.040e+01 ; 1.800e+00 ; 8.0053002e+01 ; 9.2526131e+01 
3.500e+01 ; 1.040e+01 ; 1.800e+00 ; 8.0510002e+01 ; 9.2282562e+01 
3.500e+01 ; 1.040e+01 ; 1.800e+00 ; 8.0510002e+01 ; 9.2282562e+01 
3.500e+01 ; 1.040e+01 ; 1.800e+00 ; 8.0511002e+01 ; 9.2282028e+01 
3.500e+01 ; 1.040e+01 ; 1.800e+00 ; 8.0512002e+01 ; 9.2281494e+01 
3.500e+01 ; 1.040e+01 ; 1.800e+00 ; 8.0513002e+01 ; 9.2280960e+01 
3.500e+01 ; 1.040e+01 ; 1.800e+00 ; 8.0515002e+01 ; 9.2279892e+01 
3.500e+01 ; 1.040e+01 ; 1.800e+00 ; 8.0519002e+01 ; 9.2277763e+01 
3.500e+01 ; 1.040e+01 ; 1.800e+00 ; 8.0527002e+01 ; 9.2273499e+01 
3.500e+01 ; 1.040e+01 ; 1.800e+00 ; 8.0543002e+01 ; 9.2264961e+01 
3.500e+01 ; 1.040e+01 ; 1.800e+00 ; 8.0575002e+01 ; 9.2247864e+01 
3.500e+01 ; 1.040e+01 ; 1.800e+00 ; 8.0639002e+01 ; 9.2213615e+01 
3.500e+01 ; 1.040e+01 ; 1.800e+00 ; 8.0767002e+01 ; 9.2144928e+01 
3.500e+01 ; 1.040e+01 ; 1.800e+00 ; 8.1023002e+01 ; 9.2007195e+01 
3.500e+01 ; 1.040e+01 ; 1.800e+00 ; 8.1480002e+01 ; 9.1761917e+01 
3.500e+01 ; 1.040e+01 ; 1.800e+00 ; 8.1480002e+01 ; 9.1761917e+01 
3.500e+01 ; 1.040e+01 ; 1.800e+00 ; 8.1481002e+01 ; 9.1761383e+01 
3.500e+01 ; 1.040e+01 ; 1.800e+00 ; 8.1482002e+01 ; 9.1760841e+01 
3.500e+01 ; 1.040e+01 ; 1.800e+00 ; 8.1483002e+01 ; 9.1760307e+01 
3.500e+01 ; 1.040e+01 ; 1.800e+00 ; 8.1485002e+01 ; 9.1759232e+01 
3.500e+01 ; 1.040e+01 ; 1.800e+00 ; 8.1489002e+01 ; 9.1757088e+01 
3.500e+01 ; 1.040e+01 ; 1.800e+00 ; 8.1497002e+01 ; 9.1752792e+01 
3.500e+01 ; 1.040e+01 ; 1.800e+00 ; 8.1513002e+01 ; 9.1744209e+01 
3.500e+01 ; 1.040e+01 ; 1.800e+00 ; 8.1545002e+01 ; 9.1727043e+01 
3.500e+01 ; 1.040e+01 ; 1.800e+00 ; 8.1609002e+01 ; 9.1692726e+01 
3.500e+01 ; 1.040e+01 ; 1.800e+00 ; 8.1737002e+01 ; 9.1624214e+01 
3.500e+01 ; 1.040e+01 ; 1.800e+00 ; 8.1993002e+01 ; 9.1487892e+01 
3.500e+01 ; 1.040e+01 ; 1.800e+00 ; 8.2450002e+01 ; 9.1247711e+01 
3.500e+01 ; 1.040e+01 ; 1.800e+00 ; 8.2450002e+01 ; 9.1247711e+01 
3.500e+01 ; 1.040e+01 ; 1.800e+00 ; 8.2451002e+01 ; 9.1247185e+01 
3.500e+01 ; 1.040e+01 ; 1.800e+00 ; 8.2452002e+01 ; 9.1246658e+01 
3.500e+01 ; 1.040e+01 ; 1.800e+00 ; 8.2453002e+01 ; 9.1246132e+01 
3.500e+01 ; 1.040e+01 ; 1.800e+00 ; 8.2455002e+01 ; 9.1245087e+01 
3.500e+01 ; 1.040e+01 ; 1.800e+00 ; 8.2459002e+01 ; 9.1242981e+01 
3.500e+01 ; 1.040e+01 ; 1.800e+00 ; 8.2467002e+01 ; 9.1238777e+01 
3.500e+01 ; 1.040e+01 ; 1.800e+00 ; 8.2483002e+01 ; 9.1230377e+01 
3.500e+01 ; 1.040e+01 ; 1.800e+00 ; 8.2515002e+01 ; 9.1213593e+01 
3.500e+01 ; 1.040e+01 ; 1.800e+00 ; 8.2579002e+01 ; 9.1180092e+01 
3.500e+01 ; 1.040e+01 ; 1.800e+00 ; 8.2707002e+01 ; 9.1113380e+01 
3.500e+01 ; 1.040e+01 ; 1.800e+00 ; 8.2963002e+01 ; 9.0981285e+01 
3.500e+01 ; 1.040e+01 ; 1.800e+00 ; 8.3420002e+01 ; 9.0750610e+01 
3.500e+01 ; 1.040e+01 ; 1.800e+00 ; 8.3420002e+01 ; 9.0750610e+01 
3.500e+01 ; 1.040e+01 ; 1.800e+00 ; 8.3421002e+01 ; 9.0750107e+01 
3.500e+01 ; 1.040e+01 ; 1.800e+00 ; 8.3422002e+01 ; 9.0749603e+01 
3.500e+01 ; 1.040e+01 ; 1.800e+00 ; 8.3423002e+01 ; 9.0749100e+01 
3.500e+01 ; 1.040e+01 ; 1.800e+00 ; 8.3425002e+01 ; 9.0748093e+01 
3.500e+01 ; 1.040e+01 ; 1.800e+00 ; 8.3429002e+01 ; 9.0746071e+01 
3.500e+01 ; 1.040e+01 ; 1.800e+00 ; 8.3437002e+01 ; 9.0742035e+01 
3.500e+01 ; 1.040e+01 ; 1.800e+00 ; 8.3453002e+01 ; 9.0733978e+01 
3.500e+01 ; 1.040e+01 ; 1.800e+00 ; 8.3485002e+01 ; 9.0717880e+01 
3.500e+01 ; 1.040e+01 ; 1.800e+00 ; 8.3549002e+01 ; 9.0685806e+01 
3.500e+01 ; 1.040e+01 ; 1.800e+00 ; 8.3677002e+01 ; 9.0622307e+01 
3.500e+01 ; 1.040e+01 ; 1.800e+00 ; 8.3933002e+01 ; 9.0498825e+01 
3.500e+01 ; 1.040e+01 ; 1.800e+00 ; 8.4390002e+01 ; 9.0292961e+01 
3.500e+01 ; 1.040e+01 ; 1.800e+00 ; 8.4390002e+01 ; 9.0292961e+01 
3.500e+01 ; 1.040e+01 ; 1.800e+00 ; 8.4391002e+01 ; 9.0292511e+01 
3.500e+01 ; 1.040e+01 ; 1.800e+00 ; 8.4392002e+01 ; 9.0292061e+01 
3.500e+01 ; 1.040e+01 ; 1.800e+00 ; 8.4393002e+01 ; 9.0291611e+01 
3.500e+01 ; 1.040e+01 ; 1.800e+00 ; 8.4395002e+01 ; 9.0290710e+01 
3.500e+01 ; 1.040e+01 ; 1.800e+00 ; 8.4399002e+01 ; 9.0288910e+01 
3.500e+01 ; 1.040e+01 ; 1.800e+00 ; 8.4407002e+01 ; 9.0285316e+01 
3.500e+01 ; 1.040e+01 ; 1.800e+00 ; 8.4423002e+01 ; 9.0278145e+01 
3.500e+01 ; 1.040e+01 ; 1.800e+00 ; 8.4455002e+01 ; 9.0263893e+01 
3.500e+01 ; 1.040e+01 ; 1.800e+00 ; 8.4519002e+01 ; 9.0235771e+01 
3.500e+01 ; 1.040e+01 ; 1.800e+00 ; 8.4647002e+01 ; 9.0181572e+01 
3.500e+01 ; 1.040e+01 ; 1.800e+00 ; 8.4903003e+01 ; 9.0084595e+01 
3.500e+01 ; 1.040e+01 ; 1.800e+00 ; 8.5360003e+01 ; 8.9955750e+01 
3.500e+01 ; 1.040e+01 ; 1.800e+00 ; 8.5360003e+01 ; 8.9955750e+01 
3.500e+01 ; 1.040e+01 ; 1.800e+00 ; 8.5361003e+01 ; 8.9955467e+01 
3.500e+01 ; 1.040e+01 ; 1.800e+00 ; 8.5362003e+01 ; 8.9955193e+01 
3.500e+01 ; 1.040e+01 ; 1.800e+00 ; 8.5363003e+01 ; 8.9954910e+01 
3.500e+01 ; 1.040e+01 ; 1.800e+00 ; 8.5365003e+01 ; 8.9954346e+01 
3.500e+01 ; 1.040e+01 ; 1.800e+00 ; 8.5369003e+01 ; 8.9953224e+01 
3.500e+01 ; 1.040e+01 ; 1.800e+00 ; 8.5377003e+01 ; 8.9950996e+01 
3.500e+01 ; 1.040e+01 ; 1.800e+00 ; 8.5393003e+01 ; 8.9946602e+01 
3.500e+01 ; 1.040e+01 ; 1.800e+00 ; 8.5425003e+01 ; 8.9938049e+01 
3.500e+01 ; 1.040e+01 ; 1.800e+00 ; 8.5489003e+01 ; 8.9921997e+01 
3.500e+01 ; 1.040e+01 ; 1.800e+00 ; 8.5617003e+01 ; 8.9894844e+01 
3.500e+01 ; 1.040e+01 ; 1.800e+00 ; 8.5873003e+01 ; 8.9864845e+01 
3.500e+01 ; 1.040e+01 ; 1.800e+00 ; 8.6330003e+01 ; 8.9893539e+01 
3.500e+01 ; 1.040e+01 ; 1.800e+00 ; 8.6330003e+01 ; 8.9893539e+01 
3.500e+01 ; 1.040e+01 ; 1.800e+00 ; 8.6331003e+01 ; 8.9893600e+01 
3.500e+01 ; 1.040e+01 ; 1.800e+00 ; 8.6332003e+01 ; 8.9893669e+01 
3.500e+01 ; 1.040e+01 ; 1.800e+00 ; 8.6333003e+01 ; 8.9893730e+01 
3.500e+01 ; 1.040e+01 ; 1.800e+00 ; 8.6335003e+01 ; 8.9893860e+01 
3.500e+01 ; 1.040e+01 ; 1.800e+00 ; 8.6339003e+01 ; 8.9894127e+01 
3.500e+01 ; 1.040e+01 ; 1.800e+00 ; 8.6347003e+01 ; 8.9894684e+01 
3.500e+01 ; 1.040e+01 ; 1.800e+00 ; 8.6363003e+01 ; 8.9895897e+01 
3.500e+01 ; 1.040e+01 ; 1.800e+00 ; 8.6395003e+01 ; 8.9898750e+01 
3.500e+01 ; 1.040e+01 ; 1.800e+00 ; 8.6459003e+01 ; 8.9906197e+01 
3.500e+01 ; 1.040e+01 ; 1.800e+00 ; 8.6587003e+01 ; 8.9928528e+01 
3.500e+01 ; 1.040e+01 ; 1.800e+00 ; 8.6843003e+01 ; 9.0004356e+01 
3.500e+01 ; 1.040e+01 ; 1.800e+00 ; 8.7300003e+01 ; 9.0228500e+01 
3.500e+01 ; 1.040e+01 ; 1.800e+00 ; 8.7300003e+01 ; 9.0228500e+01 
3.500e+01 ; 1.040e+01 ; 1.800e+00 ; 8.7301003e+01 ; 9.0228996e+01 
3.500e+01 ; 1.040e+01 ; 1.800e+00 ; 8.7302003e+01 ; 9.0229485e+01 
3.500e+01 ; 1.040e+01 ; 1.800e+00 ; 8.7303003e+01 ; 9.0229980e+01 
3.500e+01 ; 1.040e+01 ; 1.800e+00 ; 8.7305003e+01 ; 9.0230965e+01 
3.500e+01 ; 1.040e+01 ; 1.800e+00 ; 8.7309003e+01 ; 9.0232941e+01 
3.500e+01 ; 1.040e+01 ; 1.800e+00 ; 8.7317003e+01 ; 9.0236923e+01 
3.500e+01 ; 1.040e+01 ; 1.800e+00 ; 8.7333003e+01 ; 9.0244995e+01 
3.500e+01 ; 1.040e+01 ; 1.800e+00 ; 8.7365003e+01 ; 9.0261574e+01 
3.500e+01 ; 1.040e+01 ; 1.800e+00 ; 8.7429003e+01 ; 9.0296471e+01 
3.500e+01 ; 1.040e+01 ; 1.800e+00 ; 8.7557003e+01 ; 9.0373047e+01 
3.500e+01 ; 1.040e+01 ; 1.800e+00 ; 8.7813003e+01 ; 9.0550652e+01 
3.500e+01 ; 1.040e+01 ; 1.800e+00 ; 8.8270003e+01 ; 9.0922562e+01 
3.500e+01 ; 1.040e+01 ; 1.800e+00 ; 8.8270003e+01 ; 9.0922562e+01 
3.500e+01 ; 1.040e+01 ; 1.800e+00 ; 8.8271003e+01 ; 9.0923378e+01 
3.500e+01 ; 1.040e+01 ; 1.800e+00 ; 8.8272003e+01 ; 9.0924194e+01 
3.500e+01 ; 1.040e+01 ; 1.800e+00 ; 8.8273003e+01 ; 9.0925011e+01 
3.500e+01 ; 1.040e+01 ; 1.800e+00 ; 8.8275003e+01 ; 9.0926636e+01 
3.500e+01 ; 1.040e+01 ; 1.800e+00 ; 8.8279003e+01 ; 9.0929901e+01 
3.500e+01 ; 1.040e+01 ; 1.800e+00 ; 8.8287003e+01 ; 9.0936447e+01 
3.500e+01 ; 1.040e+01 ; 1.800e+00 ; 8.8303003e+01 ; 9.0949608e+01 
3.500e+01 ; 1.040e+01 ; 1.800e+00 ; 8.8335003e+01 ; 9.0976173e+01 
3.500e+01 ; 1.040e+01 ; 1.800e+00 ; 8.8399003e+01 ; 9.1030228e+01 
3.500e+01 ; 1.040e+01 ; 1.800e+00 ; 8.8527003e+01 ; 9.1141403e+01 
3.500e+01 ; 1.040e+01 ; 1.800e+00 ; 8.8783003e+01 ; 9.1370651e+01 
3.500e+01 ; 1.040e+01 ; 1.800e+00 ; 8.9240003e+01 ; 9.1776802e+01 
3.500e+01 ; 1.040e+01 ; 1.800e+00 ; 8.9240003e+01 ; 9.1776802e+01 
3.500e+01 ; 1.040e+01 ; 1.800e+00 ; 8.9241003e+01 ; 9.1777695e+01 
3.500e+01 ; 1.040e+01 ; 1.800e+00 ; 8.9242003e+01 ; 9.1778580e+01 
3.500e+01 ; 1.040e+01 ; 1.800e+00 ; 8.9243003e+01 ; 9.1779472e+01 
3.500e+01 ; 1.040e+01 ; 1.800e+00 ; 8.9245003e+01 ; 9.1781250e+01 
3.500e+01 ; 1.040e+01 ; 1.800e+00 ; 8.9249003e+01 ; 9.1784805e+01 
3.500e+01 ; 1.040e+01 ; 1.800e+00 ; 8.9257003e+01 ; 9.1791908e+01 
3.500e+01 ; 1.040e+01 ; 1.800e+00 ; 8.9273003e+01 ; 9.1806122e+01 
3.500e+01 ; 1.040e+01 ; 1.800e+00 ; 8.9305003e+01 ; 9.1834503e+01 
3.500e+01 ; 1.040e+01 ; 1.800e+00 ; 8.9369003e+01 ; 9.1891083e+01 
3.500e+01 ; 1.040e+01 ; 1.800e+00 ; 8.9497003e+01 ; 9.2002991e+01 
3.500e+01 ; 1.040e+01 ; 1.800e+00 ; 8.9753003e+01 ; 9.2218788e+01 
3.500e+01 ; 1.040e+01 ; 1.800e+00 ; 9.0210003e+01 ; 9.2567467e+01 
3.500e+01 ; 1.040e+01 ; 1.800e+00 ; 9.0210003e+01 ; 9.2567467e+01 
3.500e+01 ; 1.040e+01 ; 1.800e+00 ; 9.0211003e+01 ; 9.2568230e+01 
3.500e+01 ; 1.040e+01 ; 1.800e+00 ; 9.0212003e+01 ; 9.2568993e+01 
3.500e+01 ; 1.040e+01 ; 1.800e+00 ; 9.0213003e+01 ; 9.2569756e+01 
3.500e+01 ; 1.040e+01 ; 1.800e+00 ; 9.0215003e+01 ; 9.2571281e+01 
3.500e+01 ; 1.040e+01 ; 1.800e+00 ; 9.0219003e+01 ; 9.2574326e+01 
3.500e+01 ; 1.040e+01 ; 1.800e+00 ; 9.0227003e+01 ; 9.2580406e+01 
3.500e+01 ; 1.040e+01 ; 1.800e+00 ; 9.0243003e+01 ; 9.2592522e+01 
3.500e+01 ; 1.040e+01 ; 1.800e+00 ; 9.0275003e+01 ; 9.2616562e+01 
3.500e+01 ; 1.040e+01 ; 1.800e+00 ; 9.0339003e+01 ; 9.2663872e+01 
3.500e+01 ; 1.040e+01 ; 1.800e+00 ; 9.0467003e+01 ; 9.2755241e+01 
3.500e+01 ; 1.040e+01 ; 1.800e+00 ; 9.0723003e+01 ; 9.2924095e+01 
3.500e+01 ; 1.040e+01 ; 1.800e+00 ; 9.1180003e+01 ; 9.3179802e+01 
3.500e+01 ; 1.040e+01 ; 1.800e+00 ; 9.1180003e+01 ; 9.3179802e+01 
3.500e+01 ; 1.040e+01 ; 1.800e+00 ; 9.1181003e+01 ; 9.3180359e+01 
3.500e+01 ; 1.040e+01 ; 1.800e+00 ; 9.1182003e+01 ; 9.3180923e+01 
3.500e+01 ; 1.040e+01 ; 1.800e+00 ; 9.1183003e+01 ; 9.3181480e+01 
3.500e+01 ; 1.040e+01 ; 1.800e+00 ; 9.1185003e+01 ; 9.3182594e+01 
3.500e+01 ; 1.040e+01 ; 1.800e+00 ; 9.1189003e+01 ; 9.3184822e+01 
3.500e+01 ; 1.040e+01 ; 1.800e+00 ; 9.1197003e+01 ; 9.3189270e+01 
3.500e+01 ; 1.040e+01 ; 1.800e+00 ; 9.1213003e+01 ; 9.3198112e+01 
3.500e+01 ; 1.040e+01 ; 1.800e+00 ; 9.1245003e+01 ; 9.3215561e+01 
3.500e+01 ; 1.040e+01 ; 1.800e+00 ; 9.1309003e+01 ; 9.3249557e+01 
3.500e+01 ; 1.040e+01 ; 1.800e+00 ; 9.1437003e+01 ; 9.3313942e+01 
3.500e+01 ; 1.040e+01 ; 1.800e+00 ; 9.1693003e+01 ; 9.3428574e+01 
3.500e+01 ; 1.040e+01 ; 1.800e+00 ; 9.2150003e+01 ; 9.3590836e+01 
3.500e+01 ; 1.040e+01 ; 1.800e+00 ; 9.2150003e+01 ; 9.3590836e+01 
3.500e+01 ; 1.040e+01 ; 1.800e+00 ; 9.2151003e+01 ; 9.3591194e+01 
3.500e+01 ; 1.040e+01 ; 1.800e+00 ; 9.2152003e+01 ; 9.3591545e+01 
3.500e+01 ; 1.040e+01 ; 1.800e+00 ; 9.2153003e+01 ; 9.3591904e+01 
3.500e+01 ; 1.040e+01 ; 1.800e+00 ; 9.2155003e+01 ; 9.3592606e+01 
3.500e+01 ; 1.040e+01 ; 1.800e+00 ; 9.2159003e+01 ; 9.3594025e+01 
3.500e+01 ; 1.040e+01 ; 1.800e+00 ; 9.2167003e+01 ; 9.3596832e+01 
3.500e+01 ; 1.040e+01 ; 1.800e+00 ; 9.2183003e+01 ; 9.3602409e+01 
3.500e+01 ; 1.040e+01 ; 1.800e+00 ; 9.2215003e+01 ; 9.3613350e+01 
3.500e+01 ; 1.040e+01 ; 1.800e+00 ; 9.2279003e+01 ; 9.3634422e+01 
3.500e+01 ; 1.040e+01 ; 1.800e+00 ; 9.2407003e+01 ; 9.3673378e+01 
3.500e+01 ; 1.040e+01 ; 1.800e+00 ; 9.2663003e+01 ; 9.3739204e+01 
3.500e+01 ; 1.040e+01 ; 1.800e+00 ; 9.3120003e+01 ; 9.3822083e+01 
3.500e+01 ; 1.040e+01 ; 1.800e+00 ; 9.3120003e+01 ; 9.3822083e+01 
3.500e+01 ; 1.040e+01 ; 1.800e+00 ; 9.3121003e+01 ; 9.3822266e+01 
3.500e+01 ; 1.040e+01 ; 1.800e+00 ; 9.3122003e+01 ; 9.3822449e+01 
3.500e+01 ; 1.040e+01 ; 1.800e+00 ; 9.3123003e+01 ; 9.3822624e+01 
3.500e+01 ; 1.040e+01 ; 1.800e+00 ; 9.3125003e+01 ; 9.3822990e+01 
3.500e+01 ; 1.040e+01 ; 1.800e+00 ; 9.3129003e+01 ; 9.3823708e+01 
3.500e+01 ; 1.040e+01 ; 1.800e+00 ; 9.3137003e+01 ; 9.3825134e+01 
3.500e+01 ; 1.040e+01 ; 1.800e+00 ; 9.3153003e+01 ; 9.3827950e+01 
3.500e+01 ; 1.040e+01 ; 1.800e+00 ; 9.3185003e+01 ; 9.3833412e+01 
3.500e+01 ; 1.040e+01 ; 1.800e+00 ; 9.3249003e+01 ; 9.3843681e+01 
3.500e+01 ; 1.040e+01 ; 1.800e+00 ; 9.3377003e+01 ; 9.3861671e+01 
3.500e+01 ; 1.040e+01 ; 1.800e+00 ; 9.3633003e+01 ; 9.3888176e+01 
3.500e+01 ; 1.040e+01 ; 1.800e+00 ; 9.4090003e+01 ; 9.3908989e+01 
3.500e+01 ; 1.040e+01 ; 1.800e+00 ; 9.4090003e+01 ; 9.3908989e+01 
3.500e+01 ; 1.040e+01 ; 1.800e+00 ; 9.4091003e+01 ; 9.3909035e+01 
3.500e+01 ; 1.040e+01 ; 1.800e+00 ; 9.4092003e+01 ; 9.3909081e+01 
3.500e+01 ; 1.040e+01 ; 1.800e+00 ; 9.4093003e+01 ; 9.3909126e+01 
3.500e+01 ; 1.040e+01 ; 1.800e+00 ; 9.4095003e+01 ; 9.3909210e+01 
3.500e+01 ; 1.040e+01 ; 1.800e+00 ; 9.4099003e+01 ; 9.3909393e+01 
3.500e+01 ; 1.040e+01 ; 1.800e+00 ; 9.4107003e+01 ; 9.3909737e+01 
3.500e+01 ; 1.040e+01 ; 1.800e+00 ; 9.4123003e+01 ; 9.3910400e+01 
3.500e+01 ; 1.040e+01 ; 1.800e+00 ; 9.4155003e+01 ; 9.3911598e+01 
3.500e+01 ; 1.040e+01 ; 1.800e+00 ; 9.4219003e+01 ; 9.3913490e+01 
3.500e+01 ; 1.040e+01 ; 1.800e+00 ; 9.4347003e+01 ; 9.3915359e+01 
3.500e+01 ; 1.040e+01 ; 1.800e+00 ; 9.4603003e+01 ; 9.3912025e+01 
3.500e+01 ; 1.040e+01 ; 1.800e+00 ; 9.5060003e+01 ; 9.3886581e+01 
3.500e+01 ; 1.040e+01 ; 1.800e+00 ; 9.5060003e+01 ; 9.3886581e+01 
3.500e+01 ; 1.040e+01 ; 1.800e+00 ; 9.5061003e+01 ; 9.3886520e+01 
3.500e+01 ; 1.040e+01 ; 1.800e+00 ; 9.5062003e+01 ; 9.3886467e+01 
3.500e+01 ; 1.040e+01 ; 1.800e+00 ; 9.5063003e+01 ; 9.3886414e+01 
3.500e+01 ; 1.040e+01 ; 1.800e+00 ; 9.5065003e+01 ; 9.3886299e+01 
3.500e+01 ; 1.040e+01 ; 1.800e+00 ; 9.5069003e+01 ; 9.3886070e+01 
3.500e+01 ; 1.040e+01 ; 1.800e+00 ; 9.5077003e+01 ; 9.3885612e+01 
3.500e+01 ; 1.040e+01 ; 1.800e+00 ; 9.5093003e+01 ; 9.3884674e+01 
3.500e+01 ; 1.040e+01 ; 1.800e+00 ; 9.5125003e+01 ; 9.3882698e+01 
3.500e+01 ; 1.040e+01 ; 1.800e+00 ; 9.5189003e+01 ; 9.3878387e+01 
3.500e+01 ; 1.040e+01 ; 1.800e+00 ; 9.5317003e+01 ; 9.3868370e+01 
3.500e+01 ; 1.040e+01 ; 1.800e+00 ; 9.5573003e+01 ; 9.3843208e+01 
3.500e+01 ; 1.040e+01 ; 1.800e+00 ; 9.6030003e+01 ; 9.3784370e+01 
3.500e+01 ; 1.040e+01 ; 1.800e+00 ; 9.6030003e+01 ; 9.3784370e+01 
3.500e+01 ; 1.040e+01 ; 1.800e+00 ; 9.6031003e+01 ; 9.3784241e+01 
3.500e+01 ; 1.040e+01 ; 1.800e+00 ; 9.6032003e+01 ; 9.3784111e+01 
3.500e+01 ; 1.040e+01 ; 1.800e+00 ; 9.6033003e+01 ; 9.3783981e+01 
3.500e+01 ; 1.040e+01 ; 1.800e+00 ; 9.6035003e+01 ; 9.3783722e+01 
3.500e+01 ; 1.040e+01 ; 1.800e+00 ; 9.6039003e+01 ; 9.3783203e+01 
3.500e+01 ; 1.040e+01 ; 1.800e+00 ; 9.6047003e+01 ; 9.3782166e+01 
3.500e+01 ; 1.040e+01 ; 1.800e+00 ; 9.6063003e+01 ; 9.3780075e+01 
3.500e+01 ; 1.040e+01 ; 1.800e+00 ; 9.6095003e+01 ; 9.3775818e+01 
3.500e+01 ; 1.040e+01 ; 1.800e+00 ; 9.6159003e+01 ; 9.3767044e+01 
3.500e+01 ; 1.040e+01 ; 1.800e+00 ; 9.6287003e+01 ; 9.3748505e+01 
3.500e+01 ; 1.040e+01 ; 1.800e+00 ; 9.6543003e+01 ; 9.3707817e+01 
3.500e+01 ; 1.040e+01 ; 1.800e+00 ; 9.7000003e+01 ; 9.3625526e+01 
3.500e+01 ; 1.040e+01 ; 1.800e+00 ; 9.7000003e+01 ; 9.3625526e+01 
3.500e+01 ; 1.040e+01 ; 1.800e+00 ; 9.7001003e+01 ; 9.3625343e+01 
3.500e+01 ; 1.040e+01 ; 1.800e+00 ; 9.7002003e+01 ; 9.3625160e+01 
3.500e+01 ; 1.040e+01 ; 1.800e+00 ; 9.7003003e+01 ; 9.3624985e+01 
3.500e+01 ; 1.040e+01 ; 1.800e+00 ; 9.7005003e+01 ; 9.3624619e+01 
3.500e+01 ; 1.040e+01 ; 1.800e+00 ; 9.7009003e+01 ; 9.3623901e+01 
3.500e+01 ; 1.040e+01 ; 1.800e+00 ; 9.7017003e+01 ; 9.3622452e+01 
3.500e+01 ; 1.040e+01 ; 1.800e+00 ; 9.7033003e+01 ; 9.3619545e+01 
3.500e+01 ; 1.040e+01 ; 1.800e+00 ; 9.7065003e+01 ; 9.3613693e+01 
3.500e+01 ; 1.040e+01 ; 1.800e+00 ; 9.7129003e+01 ; 9.3601799e+01 
3.500e+01 ; 1.040e+01 ; 1.800e+00 ; 9.7257003e+01 ; 9.3577324e+01 
3.500e+01 ; 1.040e+01 ; 1.800e+00 ; 9.7513003e+01 ; 9.3525963e+01 
3.500e+01 ; 1.040e+01 ; 1.800e+00 ; 9.7970003e+01 ; 9.3428108e+01 
3.500e+01 ; 1.040e+01 ; 1.800e+00 ; 9.7970003e+01 ; 9.3428108e+01 
3.500e+01 ; 1.040e+01 ; 1.800e+00 ; 9.7971003e+01 ; 9.3427895e+01 
3.500e+01 ; 1.040e+01 ; 1.800e+00 ; 9.7972003e+01 ; 9.3427681e+01 
3.500e+01 ; 1.040e+01 ; 1.800e+00 ; 9.7973003e+01 ; 9.3427467e+01 
3.500e+01 ; 1.040e+01 ; 1.800e+00 ; 9.7975003e+01 ; 9.3427032e+01 
3.500e+01 ; 1.040e+01 ; 1.800e+00 ; 9.7979003e+01 ; 9.3426178e+01 
3.500e+01 ; 1.040e+01 ; 1.800e+00 ; 9.7987003e+01 ; 9.3424461e+01 
3.500e+01 ; 1.040e+01 ; 1.800e+00 ; 9.8003003e+01 ; 9.3421021e+01 
3.500e+01 ; 1.040e+01 ; 1.800e+00 ; 9.8035003e+01 ; 9.3414108e+01 
3.500e+01 ; 1.040e+01 ; 1.800e+00 ; 9.8099003e+01 ; 9.3400169e+01 
3.500e+01 ; 1.040e+01 ; 1.800e+00 ; 9.8227003e+01 ; 9.3371895e+01 
3.500e+01 ; 1.040e+01 ; 1.800e+00 ; 9.8483003e+01 ; 9.3314064e+01 
3.500e+01 ; 1.040e+01 ; 1.800e+00 ; 9.8940003e+01 ; 9.3208870e+01 
3.500e+01 ; 1.040e+01 ; 1.800e+00 ; 9.8940003e+01 ; 9.3208870e+01 
3.500e+01 ; 1.040e+01 ; 1.800e+00 ; 9.8941003e+01 ; 9.3208641e+01 
3.500e+01 ; 1.040e+01 ; 1.800e+00 ; 9.8942003e+01 ; 9.3208405e+01 
3.500e+01 ; 1.040e+01 ; 1.800e+00 ; 9.8943003e+01 ; 9.3208176e+01 
3.500e+01 ; 1.040e+01 ; 1.800e+00 ; 9.8945003e+01 ; 9.3207718e+01 
3.500e+01 ; 1.040e+01 ; 1.800e+00 ; 9.8949003e+01 ; 9.3206795e+01 
3.500e+01 ; 1.040e+01 ; 1.800e+00 ; 9.8957003e+01 ; 9.3204956e+01 
3.500e+01 ; 1.040e+01 ; 1.800e+00 ; 9.8973003e+01 ; 9.3201263e+01 
3.500e+01 ; 1.040e+01 ; 1.800e+00 ; 9.9005003e+01 ; 9.3193886e+01 
3.500e+01 ; 1.040e+01 ; 1.800e+00 ; 9.9069003e+01 ; 9.3179092e+01 
3.500e+01 ; 1.040e+01 ; 1.800e+00 ; 9.9197003e+01 ; 9.3149460e+01 
3.500e+01 ; 1.040e+01 ; 1.800e+00 ; 9.9453003e+01 ; 9.3090630e+01 
3.500e+01 ; 1.040e+01 ; 1.800e+00 ; 9.9910003e+01 ; 9.2990326e+01 
3.500e+01 ; 1.040e+01 ; 1.800e+00 ; 9.9910003e+01 ; 9.2990326e+01 
3.500e+01 ; 1.040e+01 ; 1.800e+00 ; 9.9911003e+01 ; 9.2990112e+01 
3.500e+01 ; 1.040e+01 ; 1.800e+00 ; 9.9912003e+01 ; 9.2989891e+01 
3.500e+01 ; 1.040e+01 ; 1.800e+00 ; 9.9913003e+01 ; 9.2989670e+01 
3.500e+01 ; 1.040e+01 ; 1.800e+00 ; 9.9915003e+01 ; 9.2989235e+01 
3.500e+01 ; 1.040e+01 ; 1.800e+00 ; 9.9919003e+01 ; 9.2988358e+01 
3.500e+01 ; 1.040e+01 ; 1.800e+00 ; 9.9927003e+01 ; 9.2986603e+01 
3.500e+01 ; 1.040e+01 ; 1.800e+00 ; 9.9943003e+01 ; 9.2983101e+01 
3.500e+01 ; 1.040e+01 ; 1.800e+00 ; 9.9975003e+01 ; 9.2976128e+01 
3.500e+01 ; 1.040e+01 ; 1.800e+00 ; 1.0003900e+02 ; 9.2962296e+01 
3.500e+01 ; 1.040e+01 ; 1.800e+00 ; 1.0016700e+02 ; 9.2935165e+01 
3.500e+01 ; 1.040e+01 ; 1.800e+00 ; 1.0042300e+02 ; 9.2883873e+01 
3.500e+01 ; 1.040e+01 ; 1.800e+00 ; 1.0088000e+02 ; 9.2805679e+01 
3.500e+01 ; 1.040e+01 ; 1.800e+00 ; 1.0088000e+02 ; 9.2805679e+01 
3.500e+01 ; 1.040e+01 ; 1.800e+00 ; 1.0088100e+02 ; 9.2805504e+01 
3.500e+01 ; 1.040e+01 ; 1.800e+00 ; 1.0088200e+02 ; 9.2805336e+01 
3.500e+01 ; 1.040e+01 ; 1.800e+00 ; 1.0088300e+02 ; 9.2805168e+01 
3.500e+01 ; 1.040e+01 ; 1.800e+00 ; 1.0088500e+02 ; 9.2804825e+01 
3.500e+01 ; 1.040e+01 ; 1.800e+00 ; 1.0088900e+02 ; 9.2804138e+01 
3.500e+01 ; 1.040e+01 ; 1.800e+00 ; 1.0089700e+02 ; 9.2802780e+01 
3.500e+01 ; 1.040e+01 ; 1.800e+00 ; 1.0091300e+02 ; 9.2800079e+01 
3.500e+01 ; 1.040e+01 ; 1.800e+00 ; 1.0094500e+02 ; 9.2794739e+01 
3.500e+01 ; 1.040e+01 ; 1.800e+00 ; 1.0100900e+02 ; 9.2784348e+01 
3.500e+01 ; 1.040e+01 ; 1.800e+00 ; 1.0113700e+02 ; 9.2764786e+01 
3.500e+01 ; 1.040e+01 ; 1.800e+00 ; 1.0139300e+02 ; 9.2731216e+01 
3.500e+01 ; 1.040e+01 ; 1.800e+00 ; 1.0185000e+02 ; 9.2691231e+01 
3.500e+01 ; 1.040e+01 ; 1.800e+00 ; 1.0185000e+02 ; 9.2691231e+01 
3.500e+01 ; 1.040e+01 ; 1.800e+00 ; 1.0185100e+02 ; 9.2691147e+01 
3.500e+01 ; 1.040e+01 ; 1.800e+00 ; 1.0185200e+02 ; 9.2691063e+01 
3.500e+01 ; 1.040e+01 ; 1.800e+00 ; 1.0185300e+02 ; 9.2690971e+01 
3.500e+01 ; 1.040e+01 ; 1.800e+00 ; 1.0185500e+02 ; 9.2690796e+01 
3.500e+01 ; 1.040e+01 ; 1.800e+00 ; 1.0185900e+02 ; 9.2690453e+01 
3.500e+01 ; 1.040e+01 ; 1.800e+00 ; 1.0186700e+02 ; 9.2689766e+01 
3.500e+01 ; 1.040e+01 ; 1.800e+00 ; 1.0188300e+02 ; 9.2688416e+01 
3.500e+01 ; 1.040e+01 ; 1.800e+00 ; 1.0191500e+02 ; 9.2685814e+01 
3.500e+01 ; 1.040e+01 ; 1.800e+00 ; 1.0197900e+02 ; 9.2681023e+01 
3.500e+01 ; 1.040e+01 ; 1.800e+00 ; 1.0210700e+02 ; 9.2673073e+01 
3.500e+01 ; 1.040e+01 ; 1.800e+00 ; 1.0236300e+02 ; 9.2663902e+01 
3.500e+01 ; 1.040e+01 ; 1.800e+00 ; 1.0282000e+02 ; 9.2667938e+01 
3.500e+01 ; 1.040e+01 ; 1.800e+00 ; 1.0282000e+02 ; 9.2667938e+01 
3.500e+01 ; 1.040e+01 ; 1.800e+00 ; 1.0283000e+02 ; 9.2668037e+01 
3.500e+01 ; 1.040e+01 ; 1.800e+00 ; 1.0284000e+02 ; 9.2668152e+01 
3.500e+01 ; 1.040e+01 ; 1.800e+00 ; 1.0285000e+02 ; 9.2668266e+01 
3.500e+01 ; 1.040e+01 ; 1.800e+00 ; 1.0287000e+02 ; 9.2668541e+01 
3.500e+01 ; 1.040e+01 ; 1.800e+00 ; 1.0291000e+02 ; 9.2669243e+01 
3.500e+01 ; 1.040e+01 ; 1.800e+00 ; 1.0299000e+02 ; 9.2671257e+01 
3.500e+01 ; 1.040e+01 ; 1.800e+00 ; 1.0315000e+02 ; 9.2677597e+01 
3.500e+01 ; 1.040e+01 ; 1.800e+00 ; 1.0347000e+02 ; 9.2698044e+01 
3.500e+01 ; 1.040e+01 ; 1.800e+00 ; 1.0411000e+02 ; 9.2754982e+01 
3.500e+01 ; 1.040e+01 ; 1.800e+00 ; 1.0507000e+02 ; 9.2832230e+01 
3.500e+01 ; 1.040e+01 ; 1.800e+00 ; 1.0651000e+02 ; 9.2849594e+01 
3.500e+01 ; 1.040e+01 ; 1.800e+00 ; 1.0782000e+02 ; 9.2762627e+01