X ; Y ; Z ; time ; Temperature 
3.500e+01 ; 4.800e+00 ; 2.400e+00 ; 0.0000000e+00 ; 2.6900000e+02 
3.500e+01 ; 4.800e+00 ; 2.400e+00 ; 1.0000000e-03 ; 2.6900000e+02 
3.500e+01 ; 4.800e+00 ; 2.400e+00 ; 2.0000001e-03 ; 2.6900000e+02 
3.500e+01 ; 4.800e+00 ; 2.400e+00 ; 3.0000000e-03 ; 2.6900000e+02 
3.500e+01 ; 4.800e+00 ; 2.400e+00 ; 4.9999999e-03 ; 2.6900000e+02 
3.500e+01 ; 4.800e+00 ; 2.400e+00 ; 8.9999996e-03 ; 2.6900000e+02 
3.500e+01 ; 4.800e+00 ; 2.400e+00 ; 1.7000001e-02 ; 2.6900000e+02 
3.500e+01 ; 4.800e+00 ; 2.400e+00 ; 3.3000000e-02 ; 2.6900000e+02 
3.500e+01 ; 4.800e+00 ; 2.400e+00 ; 6.4999998e-02 ; 2.6900000e+02 
3.500e+01 ; 4.800e+00 ; 2.400e+00 ; 1.2899999e-01 ; 2.6900000e+02 
3.500e+01 ; 4.800e+00 ; 2.400e+00 ; 2.5700000e-01 ; 2.6900000e+02 
3.500e+01 ; 4.800e+00 ; 2.400e+00 ; 5.1300001e-01 ; 2.6900000e+02 
3.500e+01 ; 4.800e+00 ; 2.400e+00 ; 7.6899999e-01 ; 2.6900000e+02 
3.500e+01 ; 4.800e+00 ; 2.400e+00 ; 9.7000003e-01 ; 2.6900000e+02 
3.500e+01 ; 4.800e+00 ; 2.400e+00 ; 9.7000003e-01 ; 2.6900000e+02 
3.500e+01 ; 4.800e+00 ; 2.400e+00 ; 9.7100003e-01 ; 2.6900000e+02 
3.500e+01 ; 4.800e+00 ; 2.400e+00 ; 9.7200003e-01 ; 2.6900000e+02 
3.500e+01 ; 4.800e+00 ; 2.400e+00 ; 9.7300003e-01 ; 2.6900000e+02 
3.500e+01 ; 4.800e+00 ; 2.400e+00 ; 9.7500003e-01 ; 2.6900000e+02 
3.500e+01 ; 4.800e+00 ; 2.400e+00 ; 9.7900003e-01 ; 2.6900000e+02 
3.500e+01 ; 4.800e+00 ; 2.400e+00 ; 9.8700003e-01 ; 2.6900000e+02 
3.500e+01 ; 4.800e+00 ; 2.400e+00 ; 1.0030000e+00 ; 2.6900000e+02 
3.500e+01 ; 4.800e+00 ; 2.400e+00 ; 1.0350000e+00 ; 2.6900000e+02 
3.500e+01 ; 4.800e+00 ; 2.400e+00 ; 1.0990000e+00 ; 2.6900000e+02 
3.500e+01 ; 4.800e+00 ; 2.400e+00 ; 1.2270000e+00 ; 2.6900000e+02 
3.500e+01 ; 4.800e+00 ; 2.400e+00 ; 1.4830000e+00 ; 2.6900000e+02 
3.500e+01 ; 4.800e+00 ; 2.400e+00 ; 1.9400001e+00 ; 2.6900000e+02 
3.500e+01 ; 4.800e+00 ; 2.400e+00 ; 1.9400001e+00 ; 2.6900000e+02 
3.500e+01 ; 4.800e+00 ; 2.400e+00 ; 1.9410001e+00 ; 2.6900000e+02 
3.500e+01 ; 4.800e+00 ; 2.400e+00 ; 1.9420001e+00 ; 2.6900000e+02 
3.500e+01 ; 4.800e+00 ; 2.400e+00 ; 1.9430001e+00 ; 2.6900000e+02 
3.500e+01 ; 4.800e+00 ; 2.400e+00 ; 1.9450001e+00 ; 2.6900000e+02 
3.500e+01 ; 4.800e+00 ; 2.400e+00 ; 1.9490001e+00 ; 2.6900000e+02 
3.500e+01 ; 4.800e+00 ; 2.400e+00 ; 1.9570001e+00 ; 2.6900000e+02 
3.500e+01 ; 4.800e+00 ; 2.400e+00 ; 1.9730001e+00 ; 2.6900000e+02 
3.500e+01 ; 4.800e+00 ; 2.400e+00 ; 2.0050001e+00 ; 2.6900000e+02 
3.500e+01 ; 4.800e+00 ; 2.400e+00 ; 2.0690001e+00 ; 2.6900000e+02 
3.500e+01 ; 4.800e+00 ; 2.400e+00 ; 2.1970001e+00 ; 2.6900000e+02 
3.500e+01 ; 4.800e+00 ; 2.400e+00 ; 2.4530001e+00 ; 2.6900000e+02 
3.500e+01 ; 4.800e+00 ; 2.400e+00 ; 2.9100001e+00 ; 2.6900000e+02 
3.500e+01 ; 4.800e+00 ; 2.400e+00 ; 2.9100001e+00 ; 2.6900000e+02 
3.500e+01 ; 4.800e+00 ; 2.400e+00 ; 2.9110001e+00 ; 2.6900000e+02 
3.500e+01 ; 4.800e+00 ; 2.400e+00 ; 2.9120001e+00 ; 2.6900000e+02 
3.500e+01 ; 4.800e+00 ; 2.400e+00 ; 2.9130001e+00 ; 2.6900000e+02 
3.500e+01 ; 4.800e+00 ; 2.400e+00 ; 2.9150001e+00 ; 2.6900000e+02 
3.500e+01 ; 4.800e+00 ; 2.400e+00 ; 2.9190001e+00 ; 2.6900000e+02 
3.500e+01 ; 4.800e+00 ; 2.400e+00 ; 2.9270001e+00 ; 2.6900000e+02 
3.500e+01 ; 4.800e+00 ; 2.400e+00 ; 2.9430001e+00 ; 2.6900000e+02 
3.500e+01 ; 4.800e+00 ; 2.400e+00 ; 2.9750001e+00 ; 2.6900000e+02 
3.500e+01 ; 4.800e+00 ; 2.400e+00 ; 3.0390001e+00 ; 2.6900000e+02 
3.500e+01 ; 4.800e+00 ; 2.400e+00 ; 3.1670001e+00 ; 2.6900000e+02 
3.500e+01 ; 4.800e+00 ; 2.400e+00 ; 3.4230001e+00 ; 2.6900000e+02 
3.500e+01 ; 4.800e+00 ; 2.400e+00 ; 3.8800001e+00 ; 2.6900000e+02 
3.500e+01 ; 4.800e+00 ; 2.400e+00 ; 3.8800001e+00 ; 2.6900000e+02 
3.500e+01 ; 4.800e+00 ; 2.400e+00 ; 3.8810001e+00 ; 2.6900000e+02 
3.500e+01 ; 4.800e+00 ; 2.400e+00 ; 3.8820001e+00 ; 2.6900000e+02 
3.500e+01 ; 4.800e+00 ; 2.400e+00 ; 3.8830001e+00 ; 2.6900000e+02 
3.500e+01 ; 4.800e+00 ; 2.400e+00 ; 3.8850001e+00 ; 2.6900000e+02 
3.500e+01 ; 4.800e+00 ; 2.400e+00 ; 3.8890001e+00 ; 2.6900000e+02 
3.500e+01 ; 4.800e+00 ; 2.400e+00 ; 3.8970001e+00 ; 2.6900000e+02 
3.500e+01 ; 4.800e+00 ; 2.400e+00 ; 3.9130001e+00 ; 2.6900000e+02 
3.500e+01 ; 4.800e+00 ; 2.400e+00 ; 3.9450001e+00 ; 2.6900000e+02 
3.500e+01 ; 4.800e+00 ; 2.400e+00 ; 4.0090001e+00 ; 2.6900000e+02 
3.500e+01 ; 4.800e+00 ; 2.400e+00 ; 4.1370001e+00 ; 2.6900000e+02 
3.500e+01 ; 4.800e+00 ; 2.400e+00 ; 4.3930001e+00 ; 2.6900000e+02 
3.500e+01 ; 4.800e+00 ; 2.400e+00 ; 4.8500001e+00 ; 2.6900000e+02 
3.500e+01 ; 4.800e+00 ; 2.400e+00 ; 4.8500001e+00 ; 2.6900000e+02 
3.500e+01 ; 4.800e+00 ; 2.400e+00 ; 4.8510001e+00 ; 2.6900000e+02 
3.500e+01 ; 4.800e+00 ; 2.400e+00 ; 4.8520001e+00 ; 2.6900000e+02 
3.500e+01 ; 4.800e+00 ; 2.400e+00 ; 4.8530001e+00 ; 2.6900000e+02 
3.500e+01 ; 4.800e+00 ; 2.400e+00 ; 4.8550001e+00 ; 2.6900000e+02 
3.500e+01 ; 4.800e+00 ; 2.400e+00 ; 4.8590001e+00 ; 2.6900000e+02 
3.500e+01 ; 4.800e+00 ; 2.400e+00 ; 4.8670001e+00 ; 2.6900000e+02 
3.500e+01 ; 4.800e+00 ; 2.400e+00 ; 4.8830001e+00 ; 2.6900000e+02 
3.500e+01 ; 4.800e+00 ; 2.400e+00 ; 4.9150001e+00 ; 2.6900000e+02 
3.500e+01 ; 4.800e+00 ; 2.400e+00 ; 4.9790001e+00 ; 2.6900000e+02 
3.500e+01 ; 4.800e+00 ; 2.400e+00 ; 5.1070001e+00 ; 2.6900000e+02 
3.500e+01 ; 4.800e+00 ; 2.400e+00 ; 5.3630002e+00 ; 2.6900000e+02 
3.500e+01 ; 4.800e+00 ; 2.400e+00 ; 5.8200002e+00 ; 2.6900000e+02 
3.500e+01 ; 4.800e+00 ; 2.400e+00 ; 5.8200002e+00 ; 2.6900000e+02 
3.500e+01 ; 4.800e+00 ; 2.400e+00 ; 5.8210002e+00 ; 2.6900000e+02 
3.500e+01 ; 4.800e+00 ; 2.400e+00 ; 5.8220002e+00 ; 2.6900000e+02 
3.500e+01 ; 4.800e+00 ; 2.400e+00 ; 5.8230002e+00 ; 2.6900000e+02 
3.500e+01 ; 4.800e+00 ; 2.400e+00 ; 5.8250002e+00 ; 2.6900000e+02 
3.500e+01 ; 4.800e+00 ; 2.400e+00 ; 5.8290002e+00 ; 2.6900000e+02 
3.500e+01 ; 4.800e+00 ; 2.400e+00 ; 5.8370002e+00 ; 2.6900000e+02 
3.500e+01 ; 4.800e+00 ; 2.400e+00 ; 5.8530002e+00 ; 2.6900000e+02 
3.500e+01 ; 4.800e+00 ; 2.400e+00 ; 5.8850002e+00 ; 2.6900000e+02 
3.500e+01 ; 4.800e+00 ; 2.400e+00 ; 5.9490002e+00 ; 2.6900000e+02 
3.500e+01 ; 4.800e+00 ; 2.400e+00 ; 6.0770002e+00 ; 2.6900000e+02 
3.500e+01 ; 4.800e+00 ; 2.400e+00 ; 6.3330002e+00 ; 2.6900000e+02 
3.500e+01 ; 4.800e+00 ; 2.400e+00 ; 6.7900002e+00 ; 2.6900000e+02 
3.500e+01 ; 4.800e+00 ; 2.400e+00 ; 6.7900002e+00 ; 2.6900000e+02 
3.500e+01 ; 4.800e+00 ; 2.400e+00 ; 6.7910002e+00 ; 2.6900000e+02 
3.500e+01 ; 4.800e+00 ; 2.400e+00 ; 6.7920002e+00 ; 2.6900000e+02 
3.500e+01 ; 4.800e+00 ; 2.400e+00 ; 6.7930002e+00 ; 2.6900000e+02 
3.500e+01 ; 4.800e+00 ; 2.400e+00 ; 6.7950002e+00 ; 2.6900000e+02 
3.500e+01 ; 4.800e+00 ; 2.400e+00 ; 6.7990002e+00 ; 2.6900000e+02 
3.500e+01 ; 4.800e+00 ; 2.400e+00 ; 6.8070002e+00 ; 2.6900000e+02 
3.500e+01 ; 4.800e+00 ; 2.400e+00 ; 6.8230002e+00 ; 2.6900000e+02 
3.500e+01 ; 4.800e+00 ; 2.400e+00 ; 6.8550002e+00 ; 2.6900000e+02 
3.500e+01 ; 4.800e+00 ; 2.400e+00 ; 6.9190002e+00 ; 2.6900000e+02 
3.500e+01 ; 4.800e+00 ; 2.400e+00 ; 7.0470002e+00 ; 2.6900000e+02 
3.500e+01 ; 4.800e+00 ; 2.400e+00 ; 7.3030002e+00 ; 2.6900000e+02 
3.500e+01 ; 4.800e+00 ; 2.400e+00 ; 7.7600002e+00 ; 2.6900000e+02 
3.500e+01 ; 4.800e+00 ; 2.400e+00 ; 7.7600002e+00 ; 2.6900000e+02 
3.500e+01 ; 4.800e+00 ; 2.400e+00 ; 7.7610002e+00 ; 2.6900000e+02 
3.500e+01 ; 4.800e+00 ; 2.400e+00 ; 7.7620002e+00 ; 2.6900000e+02 
3.500e+01 ; 4.800e+00 ; 2.400e+00 ; 7.7630002e+00 ; 2.6900000e+02 
3.500e+01 ; 4.800e+00 ; 2.400e+00 ; 7.7650002e+00 ; 2.6900000e+02 
3.500e+01 ; 4.800e+00 ; 2.400e+00 ; 7.7690002e+00 ; 2.6900000e+02 
3.500e+01 ; 4.800e+00 ; 2.400e+00 ; 7.7770002e+00 ; 2.6900000e+02 
3.500e+01 ; 4.800e+00 ; 2.400e+00 ; 7.7930002e+00 ; 2.6900000e+02 
3.500e+01 ; 4.800e+00 ; 2.400e+00 ; 7.8250002e+00 ; 2.6900000e+02 
3.500e+01 ; 4.800e+00 ; 2.400e+00 ; 7.8890002e+00 ; 2.6900000e+02 
3.500e+01 ; 4.800e+00 ; 2.400e+00 ; 8.0170002e+00 ; 2.6900000e+02 
3.500e+01 ; 4.800e+00 ; 2.400e+00 ; 8.2730002e+00 ; 2.6900000e+02 
3.500e+01 ; 4.800e+00 ; 2.400e+00 ; 8.7300003e+00 ; 2.6900000e+02 
3.500e+01 ; 4.800e+00 ; 2.400e+00 ; 8.7300003e+00 ; 2.6900000e+02 
3.500e+01 ; 4.800e+00 ; 2.400e+00 ; 8.7310003e+00 ; 2.6900000e+02 
3.500e+01 ; 4.800e+00 ; 2.400e+00 ; 8.7320003e+00 ; 2.6900000e+02 
3.500e+01 ; 4.800e+00 ; 2.400e+00 ; 8.7330003e+00 ; 2.6900000e+02 
3.500e+01 ; 4.800e+00 ; 2.400e+00 ; 8.7350003e+00 ; 2.6900000e+02 
3.500e+01 ; 4.800e+00 ; 2.400e+00 ; 8.7390003e+00 ; 2.6900000e+02 
3.500e+01 ; 4.800e+00 ; 2.400e+00 ; 8.7470003e+00 ; 2.6900000e+02 
3.500e+01 ; 4.800e+00 ; 2.400e+00 ; 8.7630003e+00 ; 2.6900000e+02 
3.500e+01 ; 4.800e+00 ; 2.400e+00 ; 8.7950003e+00 ; 2.6900000e+02 
3.500e+01 ; 4.800e+00 ; 2.400e+00 ; 8.8590003e+00 ; 2.6900000e+02 
3.500e+01 ; 4.800e+00 ; 2.400e+00 ; 8.9870003e+00 ; 2.6900000e+02 
3.500e+01 ; 4.800e+00 ; 2.400e+00 ; 9.2430003e+00 ; 2.6900000e+02 
3.500e+01 ; 4.800e+00 ; 2.400e+00 ; 9.7000003e+00 ; 2.6900000e+02 
3.500e+01 ; 4.800e+00 ; 2.400e+00 ; 9.7000003e+00 ; 2.6900000e+02 
3.500e+01 ; 4.800e+00 ; 2.400e+00 ; 9.7010003e+00 ; 2.6900000e+02 
3.500e+01 ; 4.800e+00 ; 2.400e+00 ; 9.7020003e+00 ; 2.6900000e+02 
3.500e+01 ; 4.800e+00 ; 2.400e+00 ; 9.7030003e+00 ; 2.6900000e+02 
3.500e+01 ; 4.800e+00 ; 2.400e+00 ; 9.7050003e+00 ; 2.6900000e+02 
3.500e+01 ; 4.800e+00 ; 2.400e+00 ; 9.7090003e+00 ; 2.6900000e+02 
3.500e+01 ; 4.800e+00 ; 2.400e+00 ; 9.7170003e+00 ; 2.6900000e+02 
3.500e+01 ; 4.800e+00 ; 2.400e+00 ; 9.7330003e+00 ; 2.6900000e+02 
3.500e+01 ; 4.800e+00 ; 2.400e+00 ; 9.7650003e+00 ; 2.6900000e+02 
3.500e+01 ; 4.800e+00 ; 2.400e+00 ; 9.8290003e+00 ; 2.6900000e+02 
3.500e+01 ; 4.800e+00 ; 2.400e+00 ; 9.9570003e+00 ; 2.6900000e+02 
3.500e+01 ; 4.800e+00 ; 2.400e+00 ; 1.0213000e+01 ; 2.6900000e+02 
3.500e+01 ; 4.800e+00 ; 2.400e+00 ; 1.0670000e+01 ; 2.6900000e+02 
3.500e+01 ; 4.800e+00 ; 2.400e+00 ; 1.0670000e+01 ; 2.6900000e+02 
3.500e+01 ; 4.800e+00 ; 2.400e+00 ; 1.0671000e+01 ; 2.6900000e+02 
3.500e+01 ; 4.800e+00 ; 2.400e+00 ; 1.0672000e+01 ; 2.6900000e+02 
3.500e+01 ; 4.800e+00 ; 2.400e+00 ; 1.0673000e+01 ; 2.6900000e+02 
3.500e+01 ; 4.800e+00 ; 2.400e+00 ; 1.0675000e+01 ; 2.6900000e+02 
3.500e+01 ; 4.800e+00 ; 2.400e+00 ; 1.0679000e+01 ; 2.6900000e+02 
3.500e+01 ; 4.800e+00 ; 2.400e+00 ; 1.0687000e+01 ; 2.6900000e+02 
3.500e+01 ; 4.800e+00 ; 2.400e+00 ; 1.0703000e+01 ; 2.6900000e+02 
3.500e+01 ; 4.800e+00 ; 2.400e+00 ; 1.0735000e+01 ; 2.6900000e+02 
3.500e+01 ; 4.800e+00 ; 2.400e+00 ; 1.0799000e+01 ; 2.6900000e+02 
3.500e+01 ; 4.800e+00 ; 2.400e+00 ; 1.0927000e+01 ; 2.6900000e+02 
3.500e+01 ; 4.800e+00 ; 2.400e+00 ; 1.1183000e+01 ; 2.6900000e+02 
3.500e+01 ; 4.800e+00 ; 2.400e+00 ; 1.1640000e+01 ; 2.6900000e+02 
3.500e+01 ; 4.800e+00 ; 2.400e+00 ; 1.1640000e+01 ; 2.6900000e+02 
3.500e+01 ; 4.800e+00 ; 2.400e+00 ; 1.1641000e+01 ; 2.6900000e+02 
3.500e+01 ; 4.800e+00 ; 2.400e+00 ; 1.1642000e+01 ; 2.6900000e+02 
3.500e+01 ; 4.800e+00 ; 2.400e+00 ; 1.1643000e+01 ; 2.6900000e+02 
3.500e+01 ; 4.800e+00 ; 2.400e+00 ; 1.1645000e+01 ; 2.6900000e+02 
3.500e+01 ; 4.800e+00 ; 2.400e+00 ; 1.1649000e+01 ; 2.6900000e+02 
3.500e+01 ; 4.800e+00 ; 2.400e+00 ; 1.1657000e+01 ; 2.6900000e+02 
3.500e+01 ; 4.800e+00 ; 2.400e+00 ; 1.1673000e+01 ; 2.6900000e+02 
3.500e+01 ; 4.800e+00 ; 2.400e+00 ; 1.1705000e+01 ; 2.6900000e+02 
3.500e+01 ; 4.800e+00 ; 2.400e+00 ; 1.1769000e+01 ; 2.6900000e+02 
3.500e+01 ; 4.800e+00 ; 2.400e+00 ; 1.1897000e+01 ; 2.6900000e+02 
3.500e+01 ; 4.800e+00 ; 2.400e+00 ; 1.2153000e+01 ; 2.6900000e+02 
3.500e+01 ; 4.800e+00 ; 2.400e+00 ; 1.2610000e+01 ; 2.6900000e+02 
3.500e+01 ; 4.800e+00 ; 2.400e+00 ; 1.2610000e+01 ; 2.6900000e+02 
3.500e+01 ; 4.800e+00 ; 2.400e+00 ; 1.2611000e+01 ; 2.6900000e+02 
3.500e+01 ; 4.800e+00 ; 2.400e+00 ; 1.2612000e+01 ; 2.6900000e+02 
3.500e+01 ; 4.800e+00 ; 2.400e+00 ; 1.2613000e+01 ; 2.6900000e+02 
3.500e+01 ; 4.800e+00 ; 2.400e+00 ; 1.2615000e+01 ; 2.6900000e+02 
3.500e+01 ; 4.800e+00 ; 2.400e+00 ; 1.2619000e+01 ; 2.6900000e+02 
3.500e+01 ; 4.800e+00 ; 2.400e+00 ; 1.2627000e+01 ; 2.6900000e+02 
3.500e+01 ; 4.800e+00 ; 2.400e+00 ; 1.2643000e+01 ; 2.6900000e+02 
3.500e+01 ; 4.800e+00 ; 2.400e+00 ; 1.2675000e+01 ; 2.6900000e+02 
3.500e+01 ; 4.800e+00 ; 2.400e+00 ; 1.2739000e+01 ; 2.6900000e+02 
3.500e+01 ; 4.800e+00 ; 2.400e+00 ; 1.2867000e+01 ; 2.6900000e+02 
3.500e+01 ; 4.800e+00 ; 2.400e+00 ; 1.3123000e+01 ; 2.6900000e+02 
3.500e+01 ; 4.800e+00 ; 2.400e+00 ; 1.3580000e+01 ; 2.6900000e+02 
3.500e+01 ; 4.800e+00 ; 2.400e+00 ; 1.3580000e+01 ; 2.6900000e+02 
3.500e+01 ; 4.800e+00 ; 2.400e+00 ; 1.3581000e+01 ; 2.6900000e+02 
3.500e+01 ; 4.800e+00 ; 2.400e+00 ; 1.3582000e+01 ; 2.6900000e+02 
3.500e+01 ; 4.800e+00 ; 2.400e+00 ; 1.3583000e+01 ; 2.6900000e+02 
3.500e+01 ; 4.800e+00 ; 2.400e+00 ; 1.3585000e+01 ; 2.6900000e+02 
3.500e+01 ; 4.800e+00 ; 2.400e+00 ; 1.3589000e+01 ; 2.6900000e+02 
3.500e+01 ; 4.800e+00 ; 2.400e+00 ; 1.3597000e+01 ; 2.6900000e+02 
3.500e+01 ; 4.800e+00 ; 2.400e+00 ; 1.3613000e+01 ; 2.6900000e+02 
3.500e+01 ; 4.800e+00 ; 2.400e+00 ; 1.3645000e+01 ; 2.6900000e+02 
3.500e+01 ; 4.800e+00 ; 2.400e+00 ; 1.3709000e+01 ; 2.6900000e+02 
3.500e+01 ; 4.800e+00 ; 2.400e+00 ; 1.3837000e+01 ; 2.6900000e+02 
3.500e+01 ; 4.800e+00 ; 2.400e+00 ; 1.4093000e+01 ; 2.6900000e+02 
3.500e+01 ; 4.800e+00 ; 2.400e+00 ; 1.4550000e+01 ; 2.6900000e+02 
3.500e+01 ; 4.800e+00 ; 2.400e+00 ; 1.4550000e+01 ; 2.6900000e+02 
3.500e+01 ; 4.800e+00 ; 2.400e+00 ; 1.4551000e+01 ; 2.6900000e+02 
3.500e+01 ; 4.800e+00 ; 2.400e+00 ; 1.4552000e+01 ; 2.6900000e+02 
3.500e+01 ; 4.800e+00 ; 2.400e+00 ; 1.4553000e+01 ; 2.6900000e+02 
3.500e+01 ; 4.800e+00 ; 2.400e+00 ; 1.4555000e+01 ; 2.6900000e+02 
3.500e+01 ; 4.800e+00 ; 2.400e+00 ; 1.4559000e+01 ; 2.6900000e+02 
3.500e+01 ; 4.800e+00 ; 2.400e+00 ; 1.4567000e+01 ; 2.6900000e+02 
3.500e+01 ; 4.800e+00 ; 2.400e+00 ; 1.4583000e+01 ; 2.6900000e+02 
3.500e+01 ; 4.800e+00 ; 2.400e+00 ; 1.4615000e+01 ; 2.6900000e+02 
3.500e+01 ; 4.800e+00 ; 2.400e+00 ; 1.4679000e+01 ; 2.6900000e+02 
3.500e+01 ; 4.800e+00 ; 2.400e+00 ; 1.4807000e+01 ; 2.6900000e+02 
3.500e+01 ; 4.800e+00 ; 2.400e+00 ; 1.5063000e+01 ; 2.6900000e+02 
3.500e+01 ; 4.800e+00 ; 2.400e+00 ; 1.5520000e+01 ; 2.6900000e+02 
3.500e+01 ; 4.800e+00 ; 2.400e+00 ; 1.5520000e+01 ; 2.6900000e+02 
3.500e+01 ; 4.800e+00 ; 2.400e+00 ; 1.5521000e+01 ; 2.6900000e+02 
3.500e+01 ; 4.800e+00 ; 2.400e+00 ; 1.5522000e+01 ; 2.6900000e+02 
3.500e+01 ; 4.800e+00 ; 2.400e+00 ; 1.5523000e+01 ; 2.6900000e+02 
3.500e+01 ; 4.800e+00 ; 2.400e+00 ; 1.5525000e+01 ; 2.6900000e+02 
3.500e+01 ; 4.800e+00 ; 2.400e+00 ; 1.5529000e+01 ; 2.6900000e+02 
3.500e+01 ; 4.800e+00 ; 2.400e+00 ; 1.5537000e+01 ; 2.6900000e+02 
3.500e+01 ; 4.800e+00 ; 2.400e+00 ; 1.5553000e+01 ; 2.6900000e+02 
3.500e+01 ; 4.800e+00 ; 2.400e+00 ; 1.5585000e+01 ; 2.6900000e+02 
3.500e+01 ; 4.800e+00 ; 2.400e+00 ; 1.5649000e+01 ; 2.6900000e+02 
3.500e+01 ; 4.800e+00 ; 2.400e+00 ; 1.5777000e+01 ; 2.6900000e+02 
3.500e+01 ; 4.800e+00 ; 2.400e+00 ; 1.6033000e+01 ; 2.6900000e+02 
3.500e+01 ; 4.800e+00 ; 2.400e+00 ; 1.6490000e+01 ; 2.6900000e+02 
3.500e+01 ; 4.800e+00 ; 2.400e+00 ; 1.6490000e+01 ; 2.6900000e+02 
3.500e+01 ; 4.800e+00 ; 2.400e+00 ; 1.6491000e+01 ; 2.6900000e+02 
3.500e+01 ; 4.800e+00 ; 2.400e+00 ; 1.6492000e+01 ; 2.6900000e+02 
3.500e+01 ; 4.800e+00 ; 2.400e+00 ; 1.6493000e+01 ; 2.6900000e+02 
3.500e+01 ; 4.800e+00 ; 2.400e+00 ; 1.6495000e+01 ; 2.6900000e+02 
3.500e+01 ; 4.800e+00 ; 2.400e+00 ; 1.6499000e+01 ; 2.6900000e+02 
3.500e+01 ; 4.800e+00 ; 2.400e+00 ; 1.6507000e+01 ; 2.6900000e+02 
3.500e+01 ; 4.800e+00 ; 2.400e+00 ; 1.6523000e+01 ; 2.6900000e+02 
3.500e+01 ; 4.800e+00 ; 2.400e+00 ; 1.6555000e+01 ; 2.6900000e+02 
3.500e+01 ; 4.800e+00 ; 2.400e+00 ; 1.6619000e+01 ; 2.6900000e+02 
3.500e+01 ; 4.800e+00 ; 2.400e+00 ; 1.6747000e+01 ; 2.6900000e+02 
3.500e+01 ; 4.800e+00 ; 2.400e+00 ; 1.7003000e+01 ; 2.6900000e+02 
3.500e+01 ; 4.800e+00 ; 2.400e+00 ; 1.7460001e+01 ; 2.6900000e+02 
3.500e+01 ; 4.800e+00 ; 2.400e+00 ; 1.7460001e+01 ; 2.6900000e+02 
3.500e+01 ; 4.800e+00 ; 2.400e+00 ; 1.7461001e+01 ; 2.6900000e+02 
3.500e+01 ; 4.800e+00 ; 2.400e+00 ; 1.7462001e+01 ; 2.6900000e+02 
3.500e+01 ; 4.800e+00 ; 2.400e+00 ; 1.7463001e+01 ; 2.6900000e+02 
3.500e+01 ; 4.800e+00 ; 2.400e+00 ; 1.7465001e+01 ; 2.6900000e+02 
3.500e+01 ; 4.800e+00 ; 2.400e+00 ; 1.7469001e+01 ; 2.6900000e+02 
3.500e+01 ; 4.800e+00 ; 2.400e+00 ; 1.7477001e+01 ; 2.6900000e+02 
3.500e+01 ; 4.800e+00 ; 2.400e+00 ; 1.7493001e+01 ; 2.6900000e+02 
3.500e+01 ; 4.800e+00 ; 2.400e+00 ; 1.7525001e+01 ; 2.6900000e+02 
3.500e+01 ; 4.800e+00 ; 2.400e+00 ; 1.7589001e+01 ; 2.6900000e+02 
3.500e+01 ; 4.800e+00 ; 2.400e+00 ; 1.7717001e+01 ; 2.6900000e+02 
3.500e+01 ; 4.800e+00 ; 2.400e+00 ; 1.7973001e+01 ; 2.6900000e+02 
3.500e+01 ; 4.800e+00 ; 2.400e+00 ; 1.8430001e+01 ; 2.6900000e+02 
3.500e+01 ; 4.800e+00 ; 2.400e+00 ; 1.8430001e+01 ; 2.6900000e+02 
3.500e+01 ; 4.800e+00 ; 2.400e+00 ; 1.8431001e+01 ; 2.6900000e+02 
3.500e+01 ; 4.800e+00 ; 2.400e+00 ; 1.8432001e+01 ; 2.6900000e+02 
3.500e+01 ; 4.800e+00 ; 2.400e+00 ; 1.8433001e+01 ; 2.6900000e+02 
3.500e+01 ; 4.800e+00 ; 2.400e+00 ; 1.8435001e+01 ; 2.6900000e+02 
3.500e+01 ; 4.800e+00 ; 2.400e+00 ; 1.8439001e+01 ; 2.6900000e+02 
3.500e+01 ; 4.800e+00 ; 2.400e+00 ; 1.8447001e+01 ; 2.6900000e+02 
3.500e+01 ; 4.800e+00 ; 2.400e+00 ; 1.8463001e+01 ; 2.6900000e+02 
3.500e+01 ; 4.800e+00 ; 2.400e+00 ; 1.8495001e+01 ; 2.6900000e+02 
3.500e+01 ; 4.800e+00 ; 2.400e+00 ; 1.8559001e+01 ; 2.6900000e+02 
3.500e+01 ; 4.800e+00 ; 2.400e+00 ; 1.8687001e+01 ; 2.6900000e+02 
3.500e+01 ; 4.800e+00 ; 2.400e+00 ; 1.8943001e+01 ; 2.6900000e+02 
3.500e+01 ; 4.800e+00 ; 2.400e+00 ; 1.9400001e+01 ; 2.6900000e+02 
3.500e+01 ; 4.800e+00 ; 2.400e+00 ; 1.9400001e+01 ; 2.6900000e+02 
3.500e+01 ; 4.800e+00 ; 2.400e+00 ; 1.9401001e+01 ; 2.6900000e+02 
3.500e+01 ; 4.800e+00 ; 2.400e+00 ; 1.9402001e+01 ; 2.6900000e+02 
3.500e+01 ; 4.800e+00 ; 2.400e+00 ; 1.9403001e+01 ; 2.6900000e+02 
3.500e+01 ; 4.800e+00 ; 2.400e+00 ; 1.9405001e+01 ; 2.6900000e+02 
3.500e+01 ; 4.800e+00 ; 2.400e+00 ; 1.9409001e+01 ; 2.6900000e+02 
3.500e+01 ; 4.800e+00 ; 2.400e+00 ; 1.9417001e+01 ; 2.6900000e+02 
3.500e+01 ; 4.800e+00 ; 2.400e+00 ; 1.9433001e+01 ; 2.6900000e+02 
3.500e+01 ; 4.800e+00 ; 2.400e+00 ; 1.9465001e+01 ; 2.6900000e+02 
3.500e+01 ; 4.800e+00 ; 2.400e+00 ; 1.9529001e+01 ; 2.6900000e+02 
3.500e+01 ; 4.800e+00 ; 2.400e+00 ; 1.9657001e+01 ; 2.6900000e+02 
3.500e+01 ; 4.800e+00 ; 2.400e+00 ; 1.9913001e+01 ; 2.6900000e+02 
3.500e+01 ; 4.800e+00 ; 2.400e+00 ; 2.0370001e+01 ; 2.6900000e+02 
3.500e+01 ; 4.800e+00 ; 2.400e+00 ; 2.0370001e+01 ; 2.6900000e+02 
3.500e+01 ; 4.800e+00 ; 2.400e+00 ; 2.0371001e+01 ; 2.6900000e+02 
3.500e+01 ; 4.800e+00 ; 2.400e+00 ; 2.0372001e+01 ; 2.6900000e+02 
3.500e+01 ; 4.800e+00 ; 2.400e+00 ; 2.0373001e+01 ; 2.6900000e+02 
3.500e+01 ; 4.800e+00 ; 2.400e+00 ; 2.0375001e+01 ; 2.6900000e+02 
3.500e+01 ; 4.800e+00 ; 2.400e+00 ; 2.0379001e+01 ; 2.6900000e+02 
3.500e+01 ; 4.800e+00 ; 2.400e+00 ; 2.0387001e+01 ; 2.6900000e+02 
3.500e+01 ; 4.800e+00 ; 2.400e+00 ; 2.0403001e+01 ; 2.6900000e+02 
3.500e+01 ; 4.800e+00 ; 2.400e+00 ; 2.0435001e+01 ; 2.6900000e+02 
3.500e+01 ; 4.800e+00 ; 2.400e+00 ; 2.0499001e+01 ; 2.6900000e+02 
3.500e+01 ; 4.800e+00 ; 2.400e+00 ; 2.0627001e+01 ; 2.6900000e+02 
3.500e+01 ; 4.800e+00 ; 2.400e+00 ; 2.0883001e+01 ; 2.6900000e+02 
3.500e+01 ; 4.800e+00 ; 2.400e+00 ; 2.1340001e+01 ; 2.6900000e+02 
3.500e+01 ; 4.800e+00 ; 2.400e+00 ; 2.1340001e+01 ; 2.6900000e+02 
3.500e+01 ; 4.800e+00 ; 2.400e+00 ; 2.1341001e+01 ; 2.6900000e+02 
3.500e+01 ; 4.800e+00 ; 2.400e+00 ; 2.1342001e+01 ; 2.6900000e+02 
3.500e+01 ; 4.800e+00 ; 2.400e+00 ; 2.1343001e+01 ; 2.6900000e+02 
3.500e+01 ; 4.800e+00 ; 2.400e+00 ; 2.1345001e+01 ; 2.6900000e+02 
3.500e+01 ; 4.800e+00 ; 2.400e+00 ; 2.1349001e+01 ; 2.6900000e+02 
3.500e+01 ; 4.800e+00 ; 2.400e+00 ; 2.1357001e+01 ; 2.6900000e+02 
3.500e+01 ; 4.800e+00 ; 2.400e+00 ; 2.1373001e+01 ; 2.6900000e+02 
3.500e+01 ; 4.800e+00 ; 2.400e+00 ; 2.1405001e+01 ; 2.6900000e+02 
3.500e+01 ; 4.800e+00 ; 2.400e+00 ; 2.1469001e+01 ; 2.6900000e+02 
3.500e+01 ; 4.800e+00 ; 2.400e+00 ; 2.1597001e+01 ; 2.6900000e+02 
3.500e+01 ; 4.800e+00 ; 2.400e+00 ; 2.1853001e+01 ; 2.6900000e+02 
3.500e+01 ; 4.800e+00 ; 2.400e+00 ; 2.2310001e+01 ; 2.6900000e+02 
3.500e+01 ; 4.800e+00 ; 2.400e+00 ; 2.2310001e+01 ; 2.6900000e+02 
3.500e+01 ; 4.800e+00 ; 2.400e+00 ; 2.2311001e+01 ; 2.6900000e+02 
3.500e+01 ; 4.800e+00 ; 2.400e+00 ; 2.2312001e+01 ; 2.6900000e+02 
3.500e+01 ; 4.800e+00 ; 2.400e+00 ; 2.2313001e+01 ; 2.6900000e+02 
3.500e+01 ; 4.800e+00 ; 2.400e+00 ; 2.2315001e+01 ; 2.6900000e+02 
3.500e+01 ; 4.800e+00 ; 2.400e+00 ; 2.2319001e+01 ; 2.6900000e+02 
3.500e+01 ; 4.800e+00 ; 2.400e+00 ; 2.2327001e+01 ; 2.6900000e+02 
3.500e+01 ; 4.800e+00 ; 2.400e+00 ; 2.2343001e+01 ; 2.6900000e+02 
3.500e+01 ; 4.800e+00 ; 2.400e+00 ; 2.2375001e+01 ; 2.6900000e+02 
3.500e+01 ; 4.800e+00 ; 2.400e+00 ; 2.2439001e+01 ; 2.6900000e+02 
3.500e+01 ; 4.800e+00 ; 2.400e+00 ; 2.2567001e+01 ; 2.6900000e+02 
3.500e+01 ; 4.800e+00 ; 2.400e+00 ; 2.2823001e+01 ; 2.6900000e+02 
3.500e+01 ; 4.800e+00 ; 2.400e+00 ; 2.3280001e+01 ; 2.6900000e+02 
3.500e+01 ; 4.800e+00 ; 2.400e+00 ; 2.3280001e+01 ; 2.6900000e+02 
3.500e+01 ; 4.800e+00 ; 2.400e+00 ; 2.3281001e+01 ; 2.6900000e+02 
3.500e+01 ; 4.800e+00 ; 2.400e+00 ; 2.3282001e+01 ; 2.6900000e+02 
3.500e+01 ; 4.800e+00 ; 2.400e+00 ; 2.3283001e+01 ; 2.6900000e+02 
3.500e+01 ; 4.800e+00 ; 2.400e+00 ; 2.3285001e+01 ; 2.6900000e+02 
3.500e+01 ; 4.800e+00 ; 2.400e+00 ; 2.3289001e+01 ; 2.6900000e+02 
3.500e+01 ; 4.800e+00 ; 2.400e+00 ; 2.3297001e+01 ; 2.6900000e+02 
3.500e+01 ; 4.800e+00 ; 2.400e+00 ; 2.3313001e+01 ; 2.6900000e+02 
3.500e+01 ; 4.800e+00 ; 2.400e+00 ; 2.3345001e+01 ; 2.6900000e+02 
3.500e+01 ; 4.800e+00 ; 2.400e+00 ; 2.3409001e+01 ; 2.6900000e+02 
3.500e+01 ; 4.800e+00 ; 2.400e+00 ; 2.3537001e+01 ; 2.6900000e+02 
3.500e+01 ; 4.800e+00 ; 2.400e+00 ; 2.3793001e+01 ; 2.6900000e+02 
3.500e+01 ; 4.800e+00 ; 2.400e+00 ; 2.4250001e+01 ; 2.6900000e+02 
3.500e+01 ; 4.800e+00 ; 2.400e+00 ; 2.4250001e+01 ; 2.6900000e+02 
3.500e+01 ; 4.800e+00 ; 2.400e+00 ; 2.4251001e+01 ; 2.6900000e+02 
3.500e+01 ; 4.800e+00 ; 2.400e+00 ; 2.4252001e+01 ; 2.6900000e+02 
3.500e+01 ; 4.800e+00 ; 2.400e+00 ; 2.4253001e+01 ; 2.6900000e+02 
3.500e+01 ; 4.800e+00 ; 2.400e+00 ; 2.4255001e+01 ; 2.6900000e+02 
3.500e+01 ; 4.800e+00 ; 2.400e+00 ; 2.4259001e+01 ; 2.6900000e+02 
3.500e+01 ; 4.800e+00 ; 2.400e+00 ; 2.4267001e+01 ; 2.6900000e+02 
3.500e+01 ; 4.800e+00 ; 2.400e+00 ; 2.4283001e+01 ; 2.6900000e+02 
3.500e+01 ; 4.800e+00 ; 2.400e+00 ; 2.4315001e+01 ; 2.6900000e+02 
3.500e+01 ; 4.800e+00 ; 2.400e+00 ; 2.4379001e+01 ; 2.6900000e+02 
3.500e+01 ; 4.800e+00 ; 2.400e+00 ; 2.4507001e+01 ; 2.6900000e+02 
3.500e+01 ; 4.800e+00 ; 2.400e+00 ; 2.4763001e+01 ; 2.6900000e+02 
3.500e+01 ; 4.800e+00 ; 2.400e+00 ; 2.5220001e+01 ; 2.6900000e+02 
3.500e+01 ; 4.800e+00 ; 2.400e+00 ; 2.5220001e+01 ; 2.6900000e+02 
3.500e+01 ; 4.800e+00 ; 2.400e+00 ; 2.5221001e+01 ; 2.6900000e+02 
3.500e+01 ; 4.800e+00 ; 2.400e+00 ; 2.5222001e+01 ; 2.6900000e+02 
3.500e+01 ; 4.800e+00 ; 2.400e+00 ; 2.5223001e+01 ; 2.6900000e+02 
3.500e+01 ; 4.800e+00 ; 2.400e+00 ; 2.5225001e+01 ; 2.6900000e+02 
3.500e+01 ; 4.800e+00 ; 2.400e+00 ; 2.5229001e+01 ; 2.6900000e+02 
3.500e+01 ; 4.800e+00 ; 2.400e+00 ; 2.5237001e+01 ; 2.6900000e+02 
3.500e+01 ; 4.800e+00 ; 2.400e+00 ; 2.5253001e+01 ; 2.6900000e+02 
3.500e+01 ; 4.800e+00 ; 2.400e+00 ; 2.5285001e+01 ; 2.6900000e+02 
3.500e+01 ; 4.800e+00 ; 2.400e+00 ; 2.5349001e+01 ; 2.6900000e+02 
3.500e+01 ; 4.800e+00 ; 2.400e+00 ; 2.5477001e+01 ; 2.6900000e+02 
3.500e+01 ; 4.800e+00 ; 2.400e+00 ; 2.5733001e+01 ; 2.6900000e+02 
3.500e+01 ; 4.800e+00 ; 2.400e+00 ; 2.6190001e+01 ; 2.6900000e+02 
3.500e+01 ; 4.800e+00 ; 2.400e+00 ; 2.6190001e+01 ; 2.6900000e+02 
3.500e+01 ; 4.800e+00 ; 2.400e+00 ; 2.6191001e+01 ; 2.6900000e+02 
3.500e+01 ; 4.800e+00 ; 2.400e+00 ; 2.6192001e+01 ; 2.6900000e+02 
3.500e+01 ; 4.800e+00 ; 2.400e+00 ; 2.6193001e+01 ; 2.6900000e+02 
3.500e+01 ; 4.800e+00 ; 2.400e+00 ; 2.6195001e+01 ; 2.6900000e+02 
3.500e+01 ; 4.800e+00 ; 2.400e+00 ; 2.6199001e+01 ; 2.6900000e+02 
3.500e+01 ; 4.800e+00 ; 2.400e+00 ; 2.6207001e+01 ; 2.6900000e+02 
3.500e+01 ; 4.800e+00 ; 2.400e+00 ; 2.6223001e+01 ; 2.6900000e+02 
3.500e+01 ; 4.800e+00 ; 2.400e+00 ; 2.6255001e+01 ; 2.6900000e+02 
3.500e+01 ; 4.800e+00 ; 2.400e+00 ; 2.6319001e+01 ; 2.6900000e+02 
3.500e+01 ; 4.800e+00 ; 2.400e+00 ; 2.6447001e+01 ; 2.6900000e+02 
3.500e+01 ; 4.800e+00 ; 2.400e+00 ; 2.6703001e+01 ; 2.6900000e+02 
3.500e+01 ; 4.800e+00 ; 2.400e+00 ; 2.7160001e+01 ; 2.6900000e+02 
3.500e+01 ; 4.800e+00 ; 2.400e+00 ; 2.7160001e+01 ; 2.6900000e+02 
3.500e+01 ; 4.800e+00 ; 2.400e+00 ; 2.7161001e+01 ; 2.6900000e+02 
3.500e+01 ; 4.800e+00 ; 2.400e+00 ; 2.7162001e+01 ; 2.6900000e+02 
3.500e+01 ; 4.800e+00 ; 2.400e+00 ; 2.7163001e+01 ; 2.6900000e+02 
3.500e+01 ; 4.800e+00 ; 2.400e+00 ; 2.7165001e+01 ; 2.6900000e+02 
3.500e+01 ; 4.800e+00 ; 2.400e+00 ; 2.7169001e+01 ; 2.6900000e+02 
3.500e+01 ; 4.800e+00 ; 2.400e+00 ; 2.7177001e+01 ; 2.6900000e+02 
3.500e+01 ; 4.800e+00 ; 2.400e+00 ; 2.7193001e+01 ; 2.6900000e+02 
3.500e+01 ; 4.800e+00 ; 2.400e+00 ; 2.7225001e+01 ; 2.6900000e+02 
3.500e+01 ; 4.800e+00 ; 2.400e+00 ; 2.7289001e+01 ; 2.6900000e+02 
3.500e+01 ; 4.800e+00 ; 2.400e+00 ; 2.7417001e+01 ; 2.6900000e+02 
3.500e+01 ; 4.800e+00 ; 2.400e+00 ; 2.7673001e+01 ; 2.6900000e+02 
3.500e+01 ; 4.800e+00 ; 2.400e+00 ; 2.8130001e+01 ; 2.6900000e+02 
3.500e+01 ; 4.800e+00 ; 2.400e+00 ; 2.8130001e+01 ; 2.6900000e+02 
3.500e+01 ; 4.800e+00 ; 2.400e+00 ; 2.8131001e+01 ; 2.6900000e+02 
3.500e+01 ; 4.800e+00 ; 2.400e+00 ; 2.8132001e+01 ; 2.6900000e+02 
3.500e+01 ; 4.800e+00 ; 2.400e+00 ; 2.8133001e+01 ; 2.6900000e+02 
3.500e+01 ; 4.800e+00 ; 2.400e+00 ; 2.8135001e+01 ; 2.6900000e+02 
3.500e+01 ; 4.800e+00 ; 2.400e+00 ; 2.8139001e+01 ; 2.6900000e+02 
3.500e+01 ; 4.800e+00 ; 2.400e+00 ; 2.8147001e+01 ; 2.6900000e+02 
3.500e+01 ; 4.800e+00 ; 2.400e+00 ; 2.8163001e+01 ; 2.6900000e+02 
3.500e+01 ; 4.800e+00 ; 2.400e+00 ; 2.8195001e+01 ; 2.6900000e+02 
3.500e+01 ; 4.800e+00 ; 2.400e+00 ; 2.8259001e+01 ; 2.6900000e+02 
3.500e+01 ; 4.800e+00 ; 2.400e+00 ; 2.8387001e+01 ; 2.6900000e+02 
3.500e+01 ; 4.800e+00 ; 2.400e+00 ; 2.8643001e+01 ; 2.6900000e+02 
3.500e+01 ; 4.800e+00 ; 2.400e+00 ; 2.9100001e+01 ; 2.6900000e+02 
3.500e+01 ; 4.800e+00 ; 2.400e+00 ; 2.9100001e+01 ; 2.6900000e+02 
3.500e+01 ; 4.800e+00 ; 2.400e+00 ; 2.9101001e+01 ; 2.6900000e+02 
3.500e+01 ; 4.800e+00 ; 2.400e+00 ; 2.9102001e+01 ; 2.6900000e+02 
3.500e+01 ; 4.800e+00 ; 2.400e+00 ; 2.9103001e+01 ; 2.6900000e+02 
3.500e+01 ; 4.800e+00 ; 2.400e+00 ; 2.9105001e+01 ; 2.6900000e+02 
3.500e+01 ; 4.800e+00 ; 2.400e+00 ; 2.9109001e+01 ; 2.6900000e+02 
3.500e+01 ; 4.800e+00 ; 2.400e+00 ; 2.9117001e+01 ; 2.6900000e+02 
3.500e+01 ; 4.800e+00 ; 2.400e+00 ; 2.9133001e+01 ; 2.6900000e+02 
3.500e+01 ; 4.800e+00 ; 2.400e+00 ; 2.9165001e+01 ; 2.6900000e+02 
3.500e+01 ; 4.800e+00 ; 2.400e+00 ; 2.9229001e+01 ; 2.6900000e+02 
3.500e+01 ; 4.800e+00 ; 2.400e+00 ; 2.9357001e+01 ; 2.6900000e+02 
3.500e+01 ; 4.800e+00 ; 2.400e+00 ; 2.9613001e+01 ; 2.6900000e+02 
3.500e+01 ; 4.800e+00 ; 2.400e+00 ; 3.0070001e+01 ; 2.6900000e+02 
3.500e+01 ; 4.800e+00 ; 2.400e+00 ; 3.0070001e+01 ; 2.6900000e+02 
3.500e+01 ; 4.800e+00 ; 2.400e+00 ; 3.0071001e+01 ; 2.6900000e+02 
3.500e+01 ; 4.800e+00 ; 2.400e+00 ; 3.0072001e+01 ; 2.6900000e+02 
3.500e+01 ; 4.800e+00 ; 2.400e+00 ; 3.0073001e+01 ; 2.6900000e+02 
3.500e+01 ; 4.800e+00 ; 2.400e+00 ; 3.0075001e+01 ; 2.6900000e+02 
3.500e+01 ; 4.800e+00 ; 2.400e+00 ; 3.0079001e+01 ; 2.6900000e+02 
3.500e+01 ; 4.800e+00 ; 2.400e+00 ; 3.0087001e+01 ; 2.6900000e+02 
3.500e+01 ; 4.800e+00 ; 2.400e+00 ; 3.0103001e+01 ; 2.6900000e+02 
3.500e+01 ; 4.800e+00 ; 2.400e+00 ; 3.0135001e+01 ; 2.6900000e+02 
3.500e+01 ; 4.800e+00 ; 2.400e+00 ; 3.0199001e+01 ; 2.6900000e+02 
3.500e+01 ; 4.800e+00 ; 2.400e+00 ; 3.0327001e+01 ; 2.6900000e+02 
3.500e+01 ; 4.800e+00 ; 2.400e+00 ; 3.0583001e+01 ; 2.6900000e+02 
3.500e+01 ; 4.800e+00 ; 2.400e+00 ; 3.1040001e+01 ; 2.6900000e+02 
3.500e+01 ; 4.800e+00 ; 2.400e+00 ; 3.1040001e+01 ; 2.6900000e+02 
3.500e+01 ; 4.800e+00 ; 2.400e+00 ; 3.1041001e+01 ; 2.6900000e+02 
3.500e+01 ; 4.800e+00 ; 2.400e+00 ; 3.1042001e+01 ; 2.6900000e+02 
3.500e+01 ; 4.800e+00 ; 2.400e+00 ; 3.1043001e+01 ; 2.6900000e+02 
3.500e+01 ; 4.800e+00 ; 2.400e+00 ; 3.1045001e+01 ; 2.6900000e+02 
3.500e+01 ; 4.800e+00 ; 2.400e+00 ; 3.1049001e+01 ; 2.6900000e+02 
3.500e+01 ; 4.800e+00 ; 2.400e+00 ; 3.1057001e+01 ; 2.6900000e+02 
3.500e+01 ; 4.800e+00 ; 2.400e+00 ; 3.1073001e+01 ; 2.6900000e+02 
3.500e+01 ; 4.800e+00 ; 2.400e+00 ; 3.1105001e+01 ; 2.6900000e+02 
3.500e+01 ; 4.800e+00 ; 2.400e+00 ; 3.1169001e+01 ; 2.6900000e+02 
3.500e+01 ; 4.800e+00 ; 2.400e+00 ; 3.1297001e+01 ; 2.6900000e+02 
3.500e+01 ; 4.800e+00 ; 2.400e+00 ; 3.1553001e+01 ; 2.6900000e+02 
3.500e+01 ; 4.800e+00 ; 2.400e+00 ; 3.2010001e+01 ; 2.6900000e+02 
3.500e+01 ; 4.800e+00 ; 2.400e+00 ; 3.2010001e+01 ; 2.6900000e+02 
3.500e+01 ; 4.800e+00 ; 2.400e+00 ; 3.2011001e+01 ; 2.6900000e+02 
3.500e+01 ; 4.800e+00 ; 2.400e+00 ; 3.2012001e+01 ; 2.6900000e+02 
3.500e+01 ; 4.800e+00 ; 2.400e+00 ; 3.2013001e+01 ; 2.6900000e+02 
3.500e+01 ; 4.800e+00 ; 2.400e+00 ; 3.2015001e+01 ; 2.6900000e+02 
3.500e+01 ; 4.800e+00 ; 2.400e+00 ; 3.2019001e+01 ; 2.6900000e+02 
3.500e+01 ; 4.800e+00 ; 2.400e+00 ; 3.2027001e+01 ; 2.6900000e+02 
3.500e+01 ; 4.800e+00 ; 2.400e+00 ; 3.2043001e+01 ; 2.6900000e+02 
3.500e+01 ; 4.800e+00 ; 2.400e+00 ; 3.2075001e+01 ; 2.6900000e+02 
3.500e+01 ; 4.800e+00 ; 2.400e+00 ; 3.2139001e+01 ; 2.6900000e+02 
3.500e+01 ; 4.800e+00 ; 2.400e+00 ; 3.2267001e+01 ; 2.6900000e+02 
3.500e+01 ; 4.800e+00 ; 2.400e+00 ; 3.2523001e+01 ; 2.6900000e+02 
3.500e+01 ; 4.800e+00 ; 2.400e+00 ; 3.2980001e+01 ; 2.6900000e+02 
3.500e+01 ; 4.800e+00 ; 2.400e+00 ; 3.2980001e+01 ; 2.6900000e+02 
3.500e+01 ; 4.800e+00 ; 2.400e+00 ; 3.2981001e+01 ; 2.6900000e+02 
3.500e+01 ; 4.800e+00 ; 2.400e+00 ; 3.2982001e+01 ; 2.6900000e+02 
3.500e+01 ; 4.800e+00 ; 2.400e+00 ; 3.2983001e+01 ; 2.6900000e+02 
3.500e+01 ; 4.800e+00 ; 2.400e+00 ; 3.2985001e+01 ; 2.6900000e+02 
3.500e+01 ; 4.800e+00 ; 2.400e+00 ; 3.2989001e+01 ; 2.6900000e+02 
3.500e+01 ; 4.800e+00 ; 2.400e+00 ; 3.2997001e+01 ; 2.6900000e+02 
3.500e+01 ; 4.800e+00 ; 2.400e+00 ; 3.3013001e+01 ; 2.6900000e+02 
3.500e+01 ; 4.800e+00 ; 2.400e+00 ; 3.3045001e+01 ; 2.6900000e+02 
3.500e+01 ; 4.800e+00 ; 2.400e+00 ; 3.3109001e+01 ; 2.6900000e+02 
3.500e+01 ; 4.800e+00 ; 2.400e+00 ; 3.3237001e+01 ; 2.6900000e+02 
3.500e+01 ; 4.800e+00 ; 2.400e+00 ; 3.3493001e+01 ; 2.6900000e+02 
3.500e+01 ; 4.800e+00 ; 2.400e+00 ; 3.3950001e+01 ; 2.6900000e+02 
3.500e+01 ; 4.800e+00 ; 2.400e+00 ; 3.3950001e+01 ; 2.6900000e+02 
3.500e+01 ; 4.800e+00 ; 2.400e+00 ; 3.3951001e+01 ; 2.6900000e+02 
3.500e+01 ; 4.800e+00 ; 2.400e+00 ; 3.3952001e+01 ; 2.6900000e+02 
3.500e+01 ; 4.800e+00 ; 2.400e+00 ; 3.3953001e+01 ; 2.6900000e+02 
3.500e+01 ; 4.800e+00 ; 2.400e+00 ; 3.3955001e+01 ; 2.6900000e+02 
3.500e+01 ; 4.800e+00 ; 2.400e+00 ; 3.3959001e+01 ; 2.6900000e+02 
3.500e+01 ; 4.800e+00 ; 2.400e+00 ; 3.3967001e+01 ; 2.6900000e+02 
3.500e+01 ; 4.800e+00 ; 2.400e+00 ; 3.3983001e+01 ; 2.6900000e+02 
3.500e+01 ; 4.800e+00 ; 2.400e+00 ; 3.4015001e+01 ; 2.6900000e+02 
3.500e+01 ; 4.800e+00 ; 2.400e+00 ; 3.4079001e+01 ; 2.6900000e+02 
3.500e+01 ; 4.800e+00 ; 2.400e+00 ; 3.4207001e+01 ; 2.6900000e+02 
3.500e+01 ; 4.800e+00 ; 2.400e+00 ; 3.4463001e+01 ; 2.6900000e+02 
3.500e+01 ; 4.800e+00 ; 2.400e+00 ; 3.4920001e+01 ; 2.6900000e+02 
3.500e+01 ; 4.800e+00 ; 2.400e+00 ; 3.4920001e+01 ; 2.6900000e+02 
3.500e+01 ; 4.800e+00 ; 2.400e+00 ; 3.4921001e+01 ; 2.6900000e+02 
3.500e+01 ; 4.800e+00 ; 2.400e+00 ; 3.4922001e+01 ; 2.6900000e+02 
3.500e+01 ; 4.800e+00 ; 2.400e+00 ; 3.4923001e+01 ; 2.6900000e+02 
3.500e+01 ; 4.800e+00 ; 2.400e+00 ; 3.4925001e+01 ; 2.6900000e+02 
3.500e+01 ; 4.800e+00 ; 2.400e+00 ; 3.4929001e+01 ; 2.6900000e+02 
3.500e+01 ; 4.800e+00 ; 2.400e+00 ; 3.4937001e+01 ; 2.6900000e+02 
3.500e+01 ; 4.800e+00 ; 2.400e+00 ; 3.4953001e+01 ; 2.6900000e+02 
3.500e+01 ; 4.800e+00 ; 2.400e+00 ; 3.4985001e+01 ; 2.6900000e+02 
3.500e+01 ; 4.800e+00 ; 2.400e+00 ; 3.5049001e+01 ; 2.6900000e+02 
3.500e+01 ; 4.800e+00 ; 2.400e+00 ; 3.5177001e+01 ; 2.6900000e+02 
3.500e+01 ; 4.800e+00 ; 2.400e+00 ; 3.5433001e+01 ; 2.6900000e+02 
3.500e+01 ; 4.800e+00 ; 2.400e+00 ; 3.5890001e+01 ; 2.6900000e+02 
3.500e+01 ; 4.800e+00 ; 2.400e+00 ; 3.5890001e+01 ; 2.6900000e+02 
3.500e+01 ; 4.800e+00 ; 2.400e+00 ; 3.5891001e+01 ; 2.6900000e+02 
3.500e+01 ; 4.800e+00 ; 2.400e+00 ; 3.5892001e+01 ; 2.6900000e+02 
3.500e+01 ; 4.800e+00 ; 2.400e+00 ; 3.5893001e+01 ; 2.6900000e+02 
3.500e+01 ; 4.800e+00 ; 2.400e+00 ; 3.5895001e+01 ; 2.6900000e+02 
3.500e+01 ; 4.800e+00 ; 2.400e+00 ; 3.5899001e+01 ; 2.6900000e+02 
3.500e+01 ; 4.800e+00 ; 2.400e+00 ; 3.5907001e+01 ; 2.6900000e+02 
3.500e+01 ; 4.800e+00 ; 2.400e+00 ; 3.5923001e+01 ; 2.6900000e+02 
3.500e+01 ; 4.800e+00 ; 2.400e+00 ; 3.5955001e+01 ; 2.6900000e+02 
3.500e+01 ; 4.800e+00 ; 2.400e+00 ; 3.6019001e+01 ; 2.6900000e+02 
3.500e+01 ; 4.800e+00 ; 2.400e+00 ; 3.6147001e+01 ; 2.6900000e+02 
3.500e+01 ; 4.800e+00 ; 2.400e+00 ; 3.6403001e+01 ; 2.6900000e+02 
3.500e+01 ; 4.800e+00 ; 2.400e+00 ; 3.6860001e+01 ; 2.6900000e+02 
3.500e+01 ; 4.800e+00 ; 2.400e+00 ; 3.6860001e+01 ; 2.6900000e+02 
3.500e+01 ; 4.800e+00 ; 2.400e+00 ; 3.6861001e+01 ; 2.6900000e+02 
3.500e+01 ; 4.800e+00 ; 2.400e+00 ; 3.6862001e+01 ; 2.6900000e+02 
3.500e+01 ; 4.800e+00 ; 2.400e+00 ; 3.6863001e+01 ; 2.6900000e+02 
3.500e+01 ; 4.800e+00 ; 2.400e+00 ; 3.6865001e+01 ; 2.6900000e+02 
3.500e+01 ; 4.800e+00 ; 2.400e+00 ; 3.6869001e+01 ; 2.6900000e+02 
3.500e+01 ; 4.800e+00 ; 2.400e+00 ; 3.6877001e+01 ; 2.6900000e+02 
3.500e+01 ; 4.800e+00 ; 2.400e+00 ; 3.6893001e+01 ; 2.6900000e+02 
3.500e+01 ; 4.800e+00 ; 2.400e+00 ; 3.6925001e+01 ; 2.6900000e+02 
3.500e+01 ; 4.800e+00 ; 2.400e+00 ; 3.6989001e+01 ; 2.6900000e+02 
3.500e+01 ; 4.800e+00 ; 2.400e+00 ; 3.7117001e+01 ; 2.6900000e+02 
3.500e+01 ; 4.800e+00 ; 2.400e+00 ; 3.7373001e+01 ; 2.6900000e+02 
3.500e+01 ; 4.800e+00 ; 2.400e+00 ; 3.7830001e+01 ; 2.6900000e+02 
3.500e+01 ; 4.800e+00 ; 2.400e+00 ; 3.7830001e+01 ; 2.6900000e+02 
3.500e+01 ; 4.800e+00 ; 2.400e+00 ; 3.7831001e+01 ; 2.6900000e+02 
3.500e+01 ; 4.800e+00 ; 2.400e+00 ; 3.7832001e+01 ; 2.6900000e+02 
3.500e+01 ; 4.800e+00 ; 2.400e+00 ; 3.7833001e+01 ; 2.6900000e+02 
3.500e+01 ; 4.800e+00 ; 2.400e+00 ; 3.7835001e+01 ; 2.6900000e+02 
3.500e+01 ; 4.800e+00 ; 2.400e+00 ; 3.7839001e+01 ; 2.6900000e+02 
3.500e+01 ; 4.800e+00 ; 2.400e+00 ; 3.7847001e+01 ; 2.6900000e+02 
3.500e+01 ; 4.800e+00 ; 2.400e+00 ; 3.7863001e+01 ; 2.6900000e+02 
3.500e+01 ; 4.800e+00 ; 2.400e+00 ; 3.7895001e+01 ; 2.6900000e+02 
3.500e+01 ; 4.800e+00 ; 2.400e+00 ; 3.7959001e+01 ; 2.6900000e+02 
3.500e+01 ; 4.800e+00 ; 2.400e+00 ; 3.8087001e+01 ; 2.6900000e+02 
3.500e+01 ; 4.800e+00 ; 2.400e+00 ; 3.8343001e+01 ; 2.6900000e+02 
3.500e+01 ; 4.800e+00 ; 2.400e+00 ; 3.8800001e+01 ; 2.6900000e+02 
3.500e+01 ; 4.800e+00 ; 2.400e+00 ; 3.8800001e+01 ; 2.6900000e+02 
3.500e+01 ; 4.800e+00 ; 2.400e+00 ; 3.8801001e+01 ; 2.6900000e+02 
3.500e+01 ; 4.800e+00 ; 2.400e+00 ; 3.8802001e+01 ; 2.6900000e+02 
3.500e+01 ; 4.800e+00 ; 2.400e+00 ; 3.8803001e+01 ; 2.6900000e+02 
3.500e+01 ; 4.800e+00 ; 2.400e+00 ; 3.8805001e+01 ; 2.6900000e+02 
3.500e+01 ; 4.800e+00 ; 2.400e+00 ; 3.8809001e+01 ; 2.6900000e+02 
3.500e+01 ; 4.800e+00 ; 2.400e+00 ; 3.8817001e+01 ; 2.6900000e+02 
3.500e+01 ; 4.800e+00 ; 2.400e+00 ; 3.8833001e+01 ; 2.6900000e+02 
3.500e+01 ; 4.800e+00 ; 2.400e+00 ; 3.8865001e+01 ; 2.6900000e+02 
3.500e+01 ; 4.800e+00 ; 2.400e+00 ; 3.8929001e+01 ; 2.6900000e+02 
3.500e+01 ; 4.800e+00 ; 2.400e+00 ; 3.9057001e+01 ; 2.6900000e+02 
3.500e+01 ; 4.800e+00 ; 2.400e+00 ; 3.9313001e+01 ; 2.6900000e+02 
3.500e+01 ; 4.800e+00 ; 2.400e+00 ; 3.9770001e+01 ; 2.6900000e+02 
3.500e+01 ; 4.800e+00 ; 2.400e+00 ; 3.9770001e+01 ; 2.6900000e+02 
3.500e+01 ; 4.800e+00 ; 2.400e+00 ; 3.9771001e+01 ; 2.6900000e+02 
3.500e+01 ; 4.800e+00 ; 2.400e+00 ; 3.9772001e+01 ; 2.6900000e+02 
3.500e+01 ; 4.800e+00 ; 2.400e+00 ; 3.9773001e+01 ; 2.6900000e+02 
3.500e+01 ; 4.800e+00 ; 2.400e+00 ; 3.9775001e+01 ; 2.6900000e+02 
3.500e+01 ; 4.800e+00 ; 2.400e+00 ; 3.9779001e+01 ; 2.6900000e+02 
3.500e+01 ; 4.800e+00 ; 2.400e+00 ; 3.9787001e+01 ; 2.6900000e+02 
3.500e+01 ; 4.800e+00 ; 2.400e+00 ; 3.9803001e+01 ; 2.6900000e+02 
3.500e+01 ; 4.800e+00 ; 2.400e+00 ; 3.9835001e+01 ; 2.6900000e+02 
3.500e+01 ; 4.800e+00 ; 2.400e+00 ; 3.9899001e+01 ; 2.6900000e+02 
3.500e+01 ; 4.800e+00 ; 2.400e+00 ; 4.0027001e+01 ; 2.6900000e+02 
3.500e+01 ; 4.800e+00 ; 2.400e+00 ; 4.0283001e+01 ; 2.6900000e+02 
3.500e+01 ; 4.800e+00 ; 2.400e+00 ; 4.0740001e+01 ; 2.6900000e+02 
3.500e+01 ; 4.800e+00 ; 2.400e+00 ; 4.0740001e+01 ; 2.6900000e+02 
3.500e+01 ; 4.800e+00 ; 2.400e+00 ; 4.0741001e+01 ; 2.6900000e+02 
3.500e+01 ; 4.800e+00 ; 2.400e+00 ; 4.0742001e+01 ; 2.6900000e+02 
3.500e+01 ; 4.800e+00 ; 2.400e+00 ; 4.0743001e+01 ; 2.6900000e+02 
3.500e+01 ; 4.800e+00 ; 2.400e+00 ; 4.0745001e+01 ; 2.6900000e+02 
3.500e+01 ; 4.800e+00 ; 2.400e+00 ; 4.0749001e+01 ; 2.6900000e+02 
3.500e+01 ; 4.800e+00 ; 2.400e+00 ; 4.0757001e+01 ; 2.6900000e+02 
3.500e+01 ; 4.800e+00 ; 2.400e+00 ; 4.0773001e+01 ; 2.6900000e+02 
3.500e+01 ; 4.800e+00 ; 2.400e+00 ; 4.0805001e+01 ; 2.6900000e+02 
3.500e+01 ; 4.800e+00 ; 2.400e+00 ; 4.0869001e+01 ; 2.6900000e+02 
3.500e+01 ; 4.800e+00 ; 2.400e+00 ; 4.0997001e+01 ; 2.6900000e+02 
3.500e+01 ; 4.800e+00 ; 2.400e+00 ; 4.1253001e+01 ; 2.6900000e+02 
3.500e+01 ; 4.800e+00 ; 2.400e+00 ; 4.1710001e+01 ; 2.6900000e+02 
3.500e+01 ; 4.800e+00 ; 2.400e+00 ; 4.1710001e+01 ; 2.6900000e+02 
3.500e+01 ; 4.800e+00 ; 2.400e+00 ; 4.1711001e+01 ; 2.6900000e+02 
3.500e+01 ; 4.800e+00 ; 2.400e+00 ; 4.1712001e+01 ; 2.6900000e+02 
3.500e+01 ; 4.800e+00 ; 2.400e+00 ; 4.1713001e+01 ; 2.6900000e+02 
3.500e+01 ; 4.800e+00 ; 2.400e+00 ; 4.1715001e+01 ; 2.6900000e+02 
3.500e+01 ; 4.800e+00 ; 2.400e+00 ; 4.1719001e+01 ; 2.6900000e+02 
3.500e+01 ; 4.800e+00 ; 2.400e+00 ; 4.1727001e+01 ; 2.6900000e+02 
3.500e+01 ; 4.800e+00 ; 2.400e+00 ; 4.1743001e+01 ; 2.6900000e+02 
3.500e+01 ; 4.800e+00 ; 2.400e+00 ; 4.1775001e+01 ; 2.6900000e+02 
3.500e+01 ; 4.800e+00 ; 2.400e+00 ; 4.1839001e+01 ; 2.6900000e+02 
3.500e+01 ; 4.800e+00 ; 2.400e+00 ; 4.1967001e+01 ; 2.6900000e+02 
3.500e+01 ; 4.800e+00 ; 2.400e+00 ; 4.2223001e+01 ; 2.6900000e+02 
3.500e+01 ; 4.800e+00 ; 2.400e+00 ; 4.2680001e+01 ; 2.6900000e+02 
3.500e+01 ; 4.800e+00 ; 2.400e+00 ; 4.2680001e+01 ; 2.6900000e+02 
3.500e+01 ; 4.800e+00 ; 2.400e+00 ; 4.2681001e+01 ; 2.6900000e+02 
3.500e+01 ; 4.800e+00 ; 2.400e+00 ; 4.2682001e+01 ; 2.6900000e+02 
3.500e+01 ; 4.800e+00 ; 2.400e+00 ; 4.2683001e+01 ; 2.6900000e+02 
3.500e+01 ; 4.800e+00 ; 2.400e+00 ; 4.2685001e+01 ; 2.6900000e+02 
3.500e+01 ; 4.800e+00 ; 2.400e+00 ; 4.2689001e+01 ; 2.6900000e+02 
3.500e+01 ; 4.800e+00 ; 2.400e+00 ; 4.2697001e+01 ; 2.6900000e+02 
3.500e+01 ; 4.800e+00 ; 2.400e+00 ; 4.2713001e+01 ; 2.6900000e+02 
3.500e+01 ; 4.800e+00 ; 2.400e+00 ; 4.2745001e+01 ; 2.6900000e+02 
3.500e+01 ; 4.800e+00 ; 2.400e+00 ; 4.2809001e+01 ; 2.6900000e+02 
3.500e+01 ; 4.800e+00 ; 2.400e+00 ; 4.2937001e+01 ; 2.6900000e+02 
3.500e+01 ; 4.800e+00 ; 2.400e+00 ; 4.3193001e+01 ; 2.6900000e+02 
3.500e+01 ; 4.800e+00 ; 2.400e+00 ; 4.3650001e+01 ; 2.6900000e+02 
3.500e+01 ; 4.800e+00 ; 2.400e+00 ; 4.3650001e+01 ; 2.6900000e+02 
3.500e+01 ; 4.800e+00 ; 2.400e+00 ; 4.3651001e+01 ; 2.6900000e+02 
3.500e+01 ; 4.800e+00 ; 2.400e+00 ; 4.3652001e+01 ; 2.6900000e+02 
3.500e+01 ; 4.800e+00 ; 2.400e+00 ; 4.3653001e+01 ; 2.6900000e+02 
3.500e+01 ; 4.800e+00 ; 2.400e+00 ; 4.3655001e+01 ; 2.6900000e+02 
3.500e+01 ; 4.800e+00 ; 2.400e+00 ; 4.3659001e+01 ; 2.6900000e+02 
3.500e+01 ; 4.800e+00 ; 2.400e+00 ; 4.3667001e+01 ; 2.6900000e+02 
3.500e+01 ; 4.800e+00 ; 2.400e+00 ; 4.3683001e+01 ; 2.6900000e+02 
3.500e+01 ; 4.800e+00 ; 2.400e+00 ; 4.3715001e+01 ; 2.6900000e+02 
3.500e+01 ; 4.800e+00 ; 2.400e+00 ; 4.3779001e+01 ; 2.6900000e+02 
3.500e+01 ; 4.800e+00 ; 2.400e+00 ; 4.3907001e+01 ; 2.6900000e+02 
3.500e+01 ; 4.800e+00 ; 2.400e+00 ; 4.4163001e+01 ; 2.6900000e+02 
3.500e+01 ; 4.800e+00 ; 2.400e+00 ; 4.4620001e+01 ; 2.6900000e+02 
3.500e+01 ; 4.800e+00 ; 2.400e+00 ; 4.4620001e+01 ; 2.6900000e+02 
3.500e+01 ; 4.800e+00 ; 2.400e+00 ; 4.4621001e+01 ; 2.6900000e+02 
3.500e+01 ; 4.800e+00 ; 2.400e+00 ; 4.4622001e+01 ; 2.6900000e+02 
3.500e+01 ; 4.800e+00 ; 2.400e+00 ; 4.4623001e+01 ; 2.6900000e+02 
3.500e+01 ; 4.800e+00 ; 2.400e+00 ; 4.4625001e+01 ; 2.6900000e+02 
3.500e+01 ; 4.800e+00 ; 2.400e+00 ; 4.4629001e+01 ; 2.6900000e+02 
3.500e+01 ; 4.800e+00 ; 2.400e+00 ; 4.4637001e+01 ; 2.6900000e+02 
3.500e+01 ; 4.800e+00 ; 2.400e+00 ; 4.4653001e+01 ; 2.6900000e+02 
3.500e+01 ; 4.800e+00 ; 2.400e+00 ; 4.4685001e+01 ; 2.6900000e+02 
3.500e+01 ; 4.800e+00 ; 2.400e+00 ; 4.4749001e+01 ; 2.6900000e+02 
3.500e+01 ; 4.800e+00 ; 2.400e+00 ; 4.4877001e+01 ; 2.6900000e+02 
3.500e+01 ; 4.800e+00 ; 2.400e+00 ; 4.5133001e+01 ; 2.6900000e+02 
3.500e+01 ; 4.800e+00 ; 2.400e+00 ; 4.5590001e+01 ; 2.6900000e+02 
3.500e+01 ; 4.800e+00 ; 2.400e+00 ; 4.5590001e+01 ; 2.6900000e+02 
3.500e+01 ; 4.800e+00 ; 2.400e+00 ; 4.5591001e+01 ; 2.6900000e+02 
3.500e+01 ; 4.800e+00 ; 2.400e+00 ; 4.5592001e+01 ; 2.6900000e+02 
3.500e+01 ; 4.800e+00 ; 2.400e+00 ; 4.5593001e+01 ; 2.6900000e+02 
3.500e+01 ; 4.800e+00 ; 2.400e+00 ; 4.5595001e+01 ; 2.6900000e+02 
3.500e+01 ; 4.800e+00 ; 2.400e+00 ; 4.5599001e+01 ; 2.6900000e+02 
3.500e+01 ; 4.800e+00 ; 2.400e+00 ; 4.5607001e+01 ; 2.6900000e+02 
3.500e+01 ; 4.800e+00 ; 2.400e+00 ; 4.5623001e+01 ; 2.6900000e+02 
3.500e+01 ; 4.800e+00 ; 2.400e+00 ; 4.5655001e+01 ; 2.6900000e+02 
3.500e+01 ; 4.800e+00 ; 2.400e+00 ; 4.5719001e+01 ; 2.6900000e+02 
3.500e+01 ; 4.800e+00 ; 2.400e+00 ; 4.5847001e+01 ; 2.6900000e+02 
3.500e+01 ; 4.800e+00 ; 2.400e+00 ; 4.6103001e+01 ; 2.6900000e+02 
3.500e+01 ; 4.800e+00 ; 2.400e+00 ; 4.6560001e+01 ; 2.6900000e+02 
3.500e+01 ; 4.800e+00 ; 2.400e+00 ; 4.6560001e+01 ; 2.6900000e+02 
3.500e+01 ; 4.800e+00 ; 2.400e+00 ; 4.6561001e+01 ; 2.6900000e+02 
3.500e+01 ; 4.800e+00 ; 2.400e+00 ; 4.6562001e+01 ; 2.6900000e+02 
3.500e+01 ; 4.800e+00 ; 2.400e+00 ; 4.6563001e+01 ; 2.6900000e+02 
3.500e+01 ; 4.800e+00 ; 2.400e+00 ; 4.6565001e+01 ; 2.6900000e+02 
3.500e+01 ; 4.800e+00 ; 2.400e+00 ; 4.6569001e+01 ; 2.6900000e+02 
3.500e+01 ; 4.800e+00 ; 2.400e+00 ; 4.6577001e+01 ; 2.6900000e+02 
3.500e+01 ; 4.800e+00 ; 2.400e+00 ; 4.6593001e+01 ; 2.6900000e+02 
3.500e+01 ; 4.800e+00 ; 2.400e+00 ; 4.6625001e+01 ; 2.6900000e+02 
3.500e+01 ; 4.800e+00 ; 2.400e+00 ; 4.6689001e+01 ; 2.6900000e+02 
3.500e+01 ; 4.800e+00 ; 2.400e+00 ; 4.6817001e+01 ; 2.6900000e+02 
3.500e+01 ; 4.800e+00 ; 2.400e+00 ; 4.7073001e+01 ; 2.6900000e+02 
3.500e+01 ; 4.800e+00 ; 2.400e+00 ; 4.7530001e+01 ; 2.6900000e+02 
3.500e+01 ; 4.800e+00 ; 2.400e+00 ; 4.7530001e+01 ; 2.6900000e+02 
3.500e+01 ; 4.800e+00 ; 2.400e+00 ; 4.7531001e+01 ; 2.6900000e+02 
3.500e+01 ; 4.800e+00 ; 2.400e+00 ; 4.7532001e+01 ; 2.6900000e+02 
3.500e+01 ; 4.800e+00 ; 2.400e+00 ; 4.7533001e+01 ; 2.6900000e+02 
3.500e+01 ; 4.800e+00 ; 2.400e+00 ; 4.7535001e+01 ; 2.6900000e+02 
3.500e+01 ; 4.800e+00 ; 2.400e+00 ; 4.7539001e+01 ; 2.6900000e+02 
3.500e+01 ; 4.800e+00 ; 2.400e+00 ; 4.7547001e+01 ; 2.6900000e+02 
3.500e+01 ; 4.800e+00 ; 2.400e+00 ; 4.7563001e+01 ; 2.6900000e+02 
3.500e+01 ; 4.800e+00 ; 2.400e+00 ; 4.7595001e+01 ; 2.6900000e+02 
3.500e+01 ; 4.800e+00 ; 2.400e+00 ; 4.7659001e+01 ; 2.6900000e+02 
3.500e+01 ; 4.800e+00 ; 2.400e+00 ; 4.7787001e+01 ; 2.6900000e+02 
3.500e+01 ; 4.800e+00 ; 2.400e+00 ; 4.8043001e+01 ; 2.6900000e+02 
3.500e+01 ; 4.800e+00 ; 2.400e+00 ; 4.8500001e+01 ; 2.6900000e+02 
3.500e+01 ; 4.800e+00 ; 2.400e+00 ; 4.8500001e+01 ; 2.6900000e+02 
3.500e+01 ; 4.800e+00 ; 2.400e+00 ; 4.8501001e+01 ; 2.6900000e+02 
3.500e+01 ; 4.800e+00 ; 2.400e+00 ; 4.8502001e+01 ; 2.6900000e+02 
3.500e+01 ; 4.800e+00 ; 2.400e+00 ; 4.8503001e+01 ; 2.6900000e+02 
3.500e+01 ; 4.800e+00 ; 2.400e+00 ; 4.8505001e+01 ; 2.6900000e+02 
3.500e+01 ; 4.800e+00 ; 2.400e+00 ; 4.8509001e+01 ; 2.6900000e+02 
3.500e+01 ; 4.800e+00 ; 2.400e+00 ; 4.8517001e+01 ; 2.6900000e+02 
3.500e+01 ; 4.800e+00 ; 2.400e+00 ; 4.8533001e+01 ; 2.6900000e+02 
3.500e+01 ; 4.800e+00 ; 2.400e+00 ; 4.8565001e+01 ; 2.6900000e+02 
3.500e+01 ; 4.800e+00 ; 2.400e+00 ; 4.8629001e+01 ; 2.6900000e+02 
3.500e+01 ; 4.800e+00 ; 2.400e+00 ; 4.8757001e+01 ; 2.6900000e+02 
3.500e+01 ; 4.800e+00 ; 2.400e+00 ; 4.9013001e+01 ; 2.6900000e+02 
3.500e+01 ; 4.800e+00 ; 2.400e+00 ; 4.9470001e+01 ; 2.6900000e+02 
3.500e+01 ; 4.800e+00 ; 2.400e+00 ; 4.9470001e+01 ; 2.6900000e+02 
3.500e+01 ; 4.800e+00 ; 2.400e+00 ; 4.9471001e+01 ; 2.6882178e+02 
3.500e+01 ; 4.800e+00 ; 2.400e+00 ; 4.9472001e+01 ; 2.6864371e+02 
3.500e+01 ; 4.800e+00 ; 2.400e+00 ; 4.9473001e+01 ; 2.6846582e+02 
3.500e+01 ; 4.800e+00 ; 2.400e+00 ; 4.9475001e+01 ; 2.6811075e+02 
3.500e+01 ; 4.800e+00 ; 2.400e+00 ; 4.9479001e+01 ; 2.6740332e+02 
3.500e+01 ; 4.800e+00 ; 2.400e+00 ; 4.9487001e+01 ; 2.6599930e+02 
3.500e+01 ; 4.800e+00 ; 2.400e+00 ; 4.9503001e+01 ; 2.6323416e+02 
3.500e+01 ; 4.800e+00 ; 2.400e+00 ; 4.9535001e+01 ; 2.5787030e+02 
3.500e+01 ; 4.800e+00 ; 2.400e+00 ; 4.9599001e+01 ; 2.4777063e+02 
3.500e+01 ; 4.800e+00 ; 2.400e+00 ; 4.9727001e+01 ; 2.2981174e+02 
3.500e+01 ; 4.800e+00 ; 2.400e+00 ; 4.9983001e+01 ; 2.0108342e+02 
3.500e+01 ; 4.800e+00 ; 2.400e+00 ; 5.0440001e+01 ; 1.6558299e+02 
3.500e+01 ; 4.800e+00 ; 2.400e+00 ; 5.0440001e+01 ; 1.6558299e+02 
3.500e+01 ; 4.800e+00 ; 2.400e+00 ; 5.0441001e+01 ; 1.6550539e+02 
3.500e+01 ; 4.800e+00 ; 2.400e+00 ; 5.0442001e+01 ; 1.6542784e+02 
3.500e+01 ; 4.800e+00 ; 2.400e+00 ; 5.0443001e+01 ; 1.6535039e+02 
3.500e+01 ; 4.800e+00 ; 2.400e+00 ; 5.0445001e+01 ; 1.6519576e+02 
3.500e+01 ; 4.800e+00 ; 2.400e+00 ; 5.0449001e+01 ; 1.6488766e+02 
3.500e+01 ; 4.800e+00 ; 2.400e+00 ; 5.0457001e+01 ; 1.6427609e+02 
3.500e+01 ; 4.800e+00 ; 2.400e+00 ; 5.0473001e+01 ; 1.6307117e+02 
3.500e+01 ; 4.800e+00 ; 2.400e+00 ; 5.0505001e+01 ; 1.6073190e+02 
3.500e+01 ; 4.800e+00 ; 2.400e+00 ; 5.0569001e+01 ; 1.5631917e+02 
3.500e+01 ; 4.800e+00 ; 2.400e+00 ; 5.0697001e+01 ; 1.4844229e+02 
3.500e+01 ; 4.800e+00 ; 2.400e+00 ; 5.0953001e+01 ; 1.3575734e+02 
3.500e+01 ; 4.800e+00 ; 2.400e+00 ; 5.1410002e+01 ; 1.1996365e+02 
3.500e+01 ; 4.800e+00 ; 2.400e+00 ; 5.1410002e+01 ; 1.1996365e+02 
3.500e+01 ; 4.800e+00 ; 2.400e+00 ; 5.1411002e+01 ; 1.1992912e+02 
3.500e+01 ; 4.800e+00 ; 2.400e+00 ; 5.1412002e+01 ; 1.1989463e+02 
3.500e+01 ; 4.800e+00 ; 2.400e+00 ; 5.1413002e+01 ; 1.1986017e+02 
3.500e+01 ; 4.800e+00 ; 2.400e+00 ; 5.1415002e+01 ; 1.1979140e+02 
3.500e+01 ; 4.800e+00 ; 2.400e+00 ; 5.1419002e+01 ; 1.1965438e+02 
3.500e+01 ; 4.800e+00 ; 2.400e+00 ; 5.1427002e+01 ; 1.1938253e+02 
3.500e+01 ; 4.800e+00 ; 2.400e+00 ; 5.1443002e+01 ; 1.1884732e+02 
3.500e+01 ; 4.800e+00 ; 2.400e+00 ; 5.1475002e+01 ; 1.1780983e+02 
3.500e+01 ; 4.800e+00 ; 2.400e+00 ; 5.1539002e+01 ; 1.1585847e+02 
3.500e+01 ; 4.800e+00 ; 2.400e+00 ; 5.1667002e+01 ; 1.1239219e+02 
3.500e+01 ; 4.800e+00 ; 2.400e+00 ; 5.1923002e+01 ; 1.0683528e+02 
3.500e+01 ; 4.800e+00 ; 2.400e+00 ; 5.2380002e+01 ; 9.9861481e+01 
3.500e+01 ; 4.800e+00 ; 2.400e+00 ; 5.2380002e+01 ; 9.9861481e+01 
3.500e+01 ; 4.800e+00 ; 2.400e+00 ; 5.2381002e+01 ; 9.9846237e+01 
3.500e+01 ; 4.800e+00 ; 2.400e+00 ; 5.2382002e+01 ; 9.9831009e+01 
3.500e+01 ; 4.800e+00 ; 2.400e+00 ; 5.2383002e+01 ; 9.9815788e+01 
3.500e+01 ; 4.800e+00 ; 2.400e+00 ; 5.2385002e+01 ; 9.9785408e+01 
3.500e+01 ; 4.800e+00 ; 2.400e+00 ; 5.2389002e+01 ; 9.9724869e+01 
3.500e+01 ; 4.800e+00 ; 2.400e+00 ; 5.2397002e+01 ; 9.9604683e+01 
3.500e+01 ; 4.800e+00 ; 2.400e+00 ; 5.2413002e+01 ; 9.9367783e+01 
3.500e+01 ; 4.800e+00 ; 2.400e+00 ; 5.2445002e+01 ; 9.8907372e+01 
3.500e+01 ; 4.800e+00 ; 2.400e+00 ; 5.2509002e+01 ; 9.8036446e+01 
3.500e+01 ; 4.800e+00 ; 2.400e+00 ; 5.2637002e+01 ; 9.6468765e+01 
3.500e+01 ; 4.800e+00 ; 2.400e+00 ; 5.2893002e+01 ; 9.3876152e+01 
3.500e+01 ; 4.800e+00 ; 2.400e+00 ; 5.3350002e+01 ; 9.0415878e+01 
3.500e+01 ; 4.800e+00 ; 2.400e+00 ; 5.3350002e+01 ; 9.0415878e+01 
3.500e+01 ; 4.800e+00 ; 2.400e+00 ; 5.3351002e+01 ; 9.0408310e+01 
3.500e+01 ; 4.800e+00 ; 2.400e+00 ; 5.3352002e+01 ; 9.0400749e+01 
3.500e+01 ; 4.800e+00 ; 2.400e+00 ; 5.3353002e+01 ; 9.0393196e+01 
3.500e+01 ; 4.800e+00 ; 2.400e+00 ; 5.3355002e+01 ; 9.0378113e+01 
3.500e+01 ; 4.800e+00 ; 2.400e+00 ; 5.3359002e+01 ; 9.0348022e+01 
3.500e+01 ; 4.800e+00 ; 2.400e+00 ; 5.3367002e+01 ; 9.0288200e+01 
3.500e+01 ; 4.800e+00 ; 2.400e+00 ; 5.3383002e+01 ; 9.0169937e+01 
3.500e+01 ; 4.800e+00 ; 2.400e+00 ; 5.3415002e+01 ; 8.9938766e+01 
3.500e+01 ; 4.800e+00 ; 2.400e+00 ; 5.3479002e+01 ; 8.9496506e+01 
3.500e+01 ; 4.800e+00 ; 2.400e+00 ; 5.3607002e+01 ; 8.8683167e+01 
3.500e+01 ; 4.800e+00 ; 2.400e+00 ; 5.3863002e+01 ; 8.7284714e+01 
3.500e+01 ; 4.800e+00 ; 2.400e+00 ; 5.4320002e+01 ; 8.5303665e+01 
3.500e+01 ; 4.800e+00 ; 2.400e+00 ; 5.4320002e+01 ; 8.5303665e+01 
3.500e+01 ; 4.800e+00 ; 2.400e+00 ; 5.4321002e+01 ; 8.5299332e+01 
3.500e+01 ; 4.800e+00 ; 2.400e+00 ; 5.4322002e+01 ; 8.5294998e+01 
3.500e+01 ; 4.800e+00 ; 2.400e+00 ; 5.4323002e+01 ; 8.5290672e+01 
3.500e+01 ; 4.800e+00 ; 2.400e+00 ; 5.4325002e+01 ; 8.5282028e+01 
3.500e+01 ; 4.800e+00 ; 2.400e+00 ; 5.4329002e+01 ; 8.5264778e+01 
3.500e+01 ; 4.800e+00 ; 2.400e+00 ; 5.4337002e+01 ; 8.5230431e+01 
3.500e+01 ; 4.800e+00 ; 2.400e+00 ; 5.4353002e+01 ; 8.5162346e+01 
3.500e+01 ; 4.800e+00 ; 2.400e+00 ; 5.4385002e+01 ; 8.5028572e+01 
3.500e+01 ; 4.800e+00 ; 2.400e+00 ; 5.4449002e+01 ; 8.4770050e+01 
3.500e+01 ; 4.800e+00 ; 2.400e+00 ; 5.4577002e+01 ; 8.4285614e+01 
3.500e+01 ; 4.800e+00 ; 2.400e+00 ; 5.4833002e+01 ; 8.3424774e+01 
3.500e+01 ; 4.800e+00 ; 2.400e+00 ; 5.5290002e+01 ; 8.2144928e+01 
3.500e+01 ; 4.800e+00 ; 2.400e+00 ; 5.5290002e+01 ; 8.2144928e+01 
3.500e+01 ; 4.800e+00 ; 2.400e+00 ; 5.5291002e+01 ; 8.2142128e+01 
3.500e+01 ; 4.800e+00 ; 2.400e+00 ; 5.5292002e+01 ; 8.2139328e+01 
3.500e+01 ; 4.800e+00 ; 2.400e+00 ; 5.5293002e+01 ; 8.2136528e+01 
3.500e+01 ; 4.800e+00 ; 2.400e+00 ; 5.5295002e+01 ; 8.2130943e+01 
3.500e+01 ; 4.800e+00 ; 2.400e+00 ; 5.5299002e+01 ; 8.2119781e+01 
3.500e+01 ; 4.800e+00 ; 2.400e+00 ; 5.5307002e+01 ; 8.2097542e+01 
3.500e+01 ; 4.800e+00 ; 2.400e+00 ; 5.5323002e+01 ; 8.2053375e+01 
3.500e+01 ; 4.800e+00 ; 2.400e+00 ; 5.5355002e+01 ; 8.1966240e+01 
3.500e+01 ; 4.800e+00 ; 2.400e+00 ; 5.5419002e+01 ; 8.1796547e+01 
3.500e+01 ; 4.800e+00 ; 2.400e+00 ; 5.5547002e+01 ; 8.1474037e+01 
3.500e+01 ; 4.800e+00 ; 2.400e+00 ; 5.5803002e+01 ; 8.0886627e+01 
3.500e+01 ; 4.800e+00 ; 2.400e+00 ; 5.6260002e+01 ; 7.9981621e+01 
3.500e+01 ; 4.800e+00 ; 2.400e+00 ; 5.6260002e+01 ; 7.9981621e+01 
3.500e+01 ; 4.800e+00 ; 2.400e+00 ; 5.6261002e+01 ; 7.9979645e+01 
3.500e+01 ; 4.800e+00 ; 2.400e+00 ; 5.6262002e+01 ; 7.9977661e+01 
3.500e+01 ; 4.800e+00 ; 2.400e+00 ; 5.6263002e+01 ; 7.9975685e+01 
3.500e+01 ; 4.800e+00 ; 2.400e+00 ; 5.6265002e+01 ; 7.9971733e+01 
3.500e+01 ; 4.800e+00 ; 2.400e+00 ; 5.6269002e+01 ; 7.9963837e+01 
3.500e+01 ; 4.800e+00 ; 2.400e+00 ; 5.6277002e+01 ; 7.9948082e+01 
3.500e+01 ; 4.800e+00 ; 2.400e+00 ; 5.6293002e+01 ; 7.9916756e+01 
3.500e+01 ; 4.800e+00 ; 2.400e+00 ; 5.6325002e+01 ; 7.9854782e+01 
3.500e+01 ; 4.800e+00 ; 2.400e+00 ; 5.6389002e+01 ; 7.9733437e+01 
3.500e+01 ; 4.800e+00 ; 2.400e+00 ; 5.6517002e+01 ; 7.9500465e+01 
3.500e+01 ; 4.800e+00 ; 2.400e+00 ; 5.6773002e+01 ; 7.9068642e+01 
3.500e+01 ; 4.800e+00 ; 2.400e+00 ; 5.7230002e+01 ; 7.8386032e+01 
3.500e+01 ; 4.800e+00 ; 2.400e+00 ; 5.7230002e+01 ; 7.8386032e+01 
3.500e+01 ; 4.800e+00 ; 2.400e+00 ; 5.7231002e+01 ; 7.8384544e+01 
3.500e+01 ; 4.800e+00 ; 2.400e+00 ; 5.7232002e+01 ; 7.8383049e+01 
3.500e+01 ; 4.800e+00 ; 2.400e+00 ; 5.7233002e+01 ; 7.8381554e+01 
3.500e+01 ; 4.800e+00 ; 2.400e+00 ; 5.7235002e+01 ; 7.8378571e+01 
3.500e+01 ; 4.800e+00 ; 2.400e+00 ; 5.7239002e+01 ; 7.8372612e+01 
3.500e+01 ; 4.800e+00 ; 2.400e+00 ; 5.7247002e+01 ; 7.8360718e+01 
3.500e+01 ; 4.800e+00 ; 2.400e+00 ; 5.7263002e+01 ; 7.8337044e+01 
3.500e+01 ; 4.800e+00 ; 2.400e+00 ; 5.7295002e+01 ; 7.8290108e+01 
3.500e+01 ; 4.800e+00 ; 2.400e+00 ; 5.7359002e+01 ; 7.8197861e+01 
3.500e+01 ; 4.800e+00 ; 2.400e+00 ; 5.7487002e+01 ; 7.8019478e+01 
3.500e+01 ; 4.800e+00 ; 2.400e+00 ; 5.7743002e+01 ; 7.7684639e+01 
3.500e+01 ; 4.800e+00 ; 2.400e+00 ; 5.8200002e+01 ; 7.7145294e+01 
3.500e+01 ; 4.800e+00 ; 2.400e+00 ; 5.8200002e+01 ; 7.7145294e+01 
3.500e+01 ; 4.800e+00 ; 2.400e+00 ; 5.8201002e+01 ; 7.7144119e+01 
3.500e+01 ; 4.800e+00 ; 2.400e+00 ; 5.8202002e+01 ; 7.7142937e+01 
3.500e+01 ; 4.800e+00 ; 2.400e+00 ; 5.8203002e+01 ; 7.7141762e+01 
3.500e+01 ; 4.800e+00 ; 2.400e+00 ; 5.8205002e+01 ; 7.7139397e+01 
3.500e+01 ; 4.800e+00 ; 2.400e+00 ; 5.8209002e+01 ; 7.7134689e+01 
3.500e+01 ; 4.800e+00 ; 2.400e+00 ; 5.8217002e+01 ; 7.7125282e+01 
3.500e+01 ; 4.800e+00 ; 2.400e+00 ; 5.8233002e+01 ; 7.7106552e+01 
3.500e+01 ; 4.800e+00 ; 2.400e+00 ; 5.8265002e+01 ; 7.7069351e+01 
3.500e+01 ; 4.800e+00 ; 2.400e+00 ; 5.8329002e+01 ; 7.6996048e+01 
3.500e+01 ; 4.800e+00 ; 2.400e+00 ; 5.8457002e+01 ; 7.6853561e+01 
3.500e+01 ; 4.800e+00 ; 2.400e+00 ; 5.8713002e+01 ; 7.6583580e+01 
3.500e+01 ; 4.800e+00 ; 2.400e+00 ; 5.9170002e+01 ; 7.6142464e+01 
3.500e+01 ; 4.800e+00 ; 2.400e+00 ; 5.9170002e+01 ; 7.6142464e+01 
3.500e+01 ; 4.800e+00 ; 2.400e+00 ; 5.9171002e+01 ; 7.6141502e+01 
3.500e+01 ; 4.800e+00 ; 2.400e+00 ; 5.9172002e+01 ; 7.6140533e+01 
3.500e+01 ; 4.800e+00 ; 2.400e+00 ; 5.9173002e+01 ; 7.6139572e+01 
3.500e+01 ; 4.800e+00 ; 2.400e+00 ; 5.9175002e+01 ; 7.6137642e+01 
3.500e+01 ; 4.800e+00 ; 2.400e+00 ; 5.9179002e+01 ; 7.6133789e+01 
3.500e+01 ; 4.800e+00 ; 2.400e+00 ; 5.9187002e+01 ; 7.6126091e+01 
3.500e+01 ; 4.800e+00 ; 2.400e+00 ; 5.9203002e+01 ; 7.6110748e+01 
3.500e+01 ; 4.800e+00 ; 2.400e+00 ; 5.9235002e+01 ; 7.6080261e+01 
3.500e+01 ; 4.800e+00 ; 2.400e+00 ; 5.9299002e+01 ; 7.6020050e+01 
3.500e+01 ; 4.800e+00 ; 2.400e+00 ; 5.9427002e+01 ; 7.5902557e+01 
3.500e+01 ; 4.800e+00 ; 2.400e+00 ; 5.9683002e+01 ; 7.5678329e+01 
3.500e+01 ; 4.800e+00 ; 2.400e+00 ; 6.0140002e+01 ; 7.5307915e+01 
3.500e+01 ; 4.800e+00 ; 2.400e+00 ; 6.0140002e+01 ; 7.5307915e+01 
3.500e+01 ; 4.800e+00 ; 2.400e+00 ; 6.0141002e+01 ; 7.5307106e+01 
3.500e+01 ; 4.800e+00 ; 2.400e+00 ; 6.0142002e+01 ; 7.5306290e+01 
3.500e+01 ; 4.800e+00 ; 2.400e+00 ; 6.0143002e+01 ; 7.5305481e+01 
3.500e+01 ; 4.800e+00 ; 2.400e+00 ; 6.0145002e+01 ; 7.5303864e+01 
3.500e+01 ; 4.800e+00 ; 2.400e+00 ; 6.0149002e+01 ; 7.5300629e+01 
3.500e+01 ; 4.800e+00 ; 2.400e+00 ; 6.0157002e+01 ; 7.5294159e+01 
3.500e+01 ; 4.800e+00 ; 2.400e+00 ; 6.0173002e+01 ; 7.5281265e+01 
3.500e+01 ; 4.800e+00 ; 2.400e+00 ; 6.0205002e+01 ; 7.5255623e+01 
3.500e+01 ; 4.800e+00 ; 2.400e+00 ; 6.0269002e+01 ; 7.5204895e+01 
3.500e+01 ; 4.800e+00 ; 2.400e+00 ; 6.0397002e+01 ; 7.5105614e+01 
3.500e+01 ; 4.800e+00 ; 2.400e+00 ; 6.0653002e+01 ; 7.4915085e+01 
3.500e+01 ; 4.800e+00 ; 2.400e+00 ; 6.1110002e+01 ; 7.4597710e+01 
3.500e+01 ; 4.800e+00 ; 2.400e+00 ; 6.1110002e+01 ; 7.4597710e+01 
3.500e+01 ; 4.800e+00 ; 2.400e+00 ; 6.1111002e+01 ; 7.4597015e+01 
3.500e+01 ; 4.800e+00 ; 2.400e+00 ; 6.1112002e+01 ; 7.4596321e+01 
3.500e+01 ; 4.800e+00 ; 2.400e+00 ; 6.1113002e+01 ; 7.4595627e+01 
3.500e+01 ; 4.800e+00 ; 2.400e+00 ; 6.1115002e+01 ; 7.4594238e+01 
3.500e+01 ; 4.800e+00 ; 2.400e+00 ; 6.1119002e+01 ; 7.4591469e+01 
3.500e+01 ; 4.800e+00 ; 2.400e+00 ; 6.1127002e+01 ; 7.4585922e+01 
3.500e+01 ; 4.800e+00 ; 2.400e+00 ; 6.1143002e+01 ; 7.4574867e+01 
3.500e+01 ; 4.800e+00 ; 2.400e+00 ; 6.1175002e+01 ; 7.4552872e+01 
3.500e+01 ; 4.800e+00 ; 2.400e+00 ; 6.1239002e+01 ; 7.4509308e+01 
3.500e+01 ; 4.800e+00 ; 2.400e+00 ; 6.1367002e+01 ; 7.4423843e+01 
3.500e+01 ; 4.800e+00 ; 2.400e+00 ; 6.1623002e+01 ; 7.4259247e+01 
3.500e+01 ; 4.800e+00 ; 2.400e+00 ; 6.2080002e+01 ; 7.3984154e+01 
3.500e+01 ; 4.800e+00 ; 2.400e+00 ; 6.2080002e+01 ; 7.3984154e+01 
3.500e+01 ; 4.800e+00 ; 2.400e+00 ; 6.2081002e+01 ; 7.3983551e+01 
3.500e+01 ; 4.800e+00 ; 2.400e+00 ; 6.2082002e+01 ; 7.3982948e+01 
3.500e+01 ; 4.800e+00 ; 2.400e+00 ; 6.2083002e+01 ; 7.3982346e+01 
3.500e+01 ; 4.800e+00 ; 2.400e+00 ; 6.2085002e+01 ; 7.3981148e+01 
3.500e+01 ; 4.800e+00 ; 2.400e+00 ; 6.2089002e+01 ; 7.3978737e+01 
3.500e+01 ; 4.800e+00 ; 2.400e+00 ; 6.2097002e+01 ; 7.3973938e+01 
3.500e+01 ; 4.800e+00 ; 2.400e+00 ; 6.2113002e+01 ; 7.3964355e+01 
3.500e+01 ; 4.800e+00 ; 2.400e+00 ; 6.2145002e+01 ; 7.3945282e+01 
3.500e+01 ; 4.800e+00 ; 2.400e+00 ; 6.2209002e+01 ; 7.3907539e+01 
3.500e+01 ; 4.800e+00 ; 2.400e+00 ; 6.2337002e+01 ; 7.3833847e+01 
3.500e+01 ; 4.800e+00 ; 2.400e+00 ; 6.2593002e+01 ; 7.3694954e+01 
3.500e+01 ; 4.800e+00 ; 2.400e+00 ; 6.3050002e+01 ; 7.3476944e+01 
3.500e+01 ; 4.800e+00 ; 2.400e+00 ; 6.3050002e+01 ; 7.3476944e+01 
3.500e+01 ; 4.800e+00 ; 2.400e+00 ; 6.3051002e+01 ; 7.3476471e+01 
3.500e+01 ; 4.800e+00 ; 2.400e+00 ; 6.3052002e+01 ; 7.3475990e+01 
3.500e+01 ; 4.800e+00 ; 2.400e+00 ; 6.3053002e+01 ; 7.3475517e+01 
3.500e+01 ; 4.800e+00 ; 2.400e+00 ; 6.3055002e+01 ; 7.3474564e+01 
3.500e+01 ; 4.800e+00 ; 2.400e+00 ; 6.3059002e+01 ; 7.3472664e+01 
3.500e+01 ; 4.800e+00 ; 2.400e+00 ; 6.3067002e+01 ; 7.3468872e+01 
3.500e+01 ; 4.800e+00 ; 2.400e+00 ; 6.3083002e+01 ; 7.3461357e+01 
3.500e+01 ; 4.800e+00 ; 2.400e+00 ; 6.3115002e+01 ; 7.3446556e+01 
3.500e+01 ; 4.800e+00 ; 2.400e+00 ; 6.3179002e+01 ; 7.3418114e+01 
3.500e+01 ; 4.800e+00 ; 2.400e+00 ; 6.3307002e+01 ; 7.3366966e+01 
3.500e+01 ; 4.800e+00 ; 2.400e+00 ; 6.3563002e+01 ; 7.3292503e+01 
3.500e+01 ; 4.800e+00 ; 2.400e+00 ; 6.4020002e+01 ; 7.3246773e+01 
3.500e+01 ; 4.800e+00 ; 2.400e+00 ; 6.4020002e+01 ; 7.3246773e+01 
3.500e+01 ; 4.800e+00 ; 2.400e+00 ; 6.4021002e+01 ; 7.3250587e+01 
3.500e+01 ; 4.800e+00 ; 2.400e+00 ; 6.4022002e+01 ; 7.3254440e+01 
3.500e+01 ; 4.800e+00 ; 2.400e+00 ; 6.4023002e+01 ; 7.3258339e+01 
3.500e+01 ; 4.800e+00 ; 2.400e+00 ; 6.4025002e+01 ; 7.3266296e+01 
3.500e+01 ; 4.800e+00 ; 2.400e+00 ; 6.4029002e+01 ; 7.3282845e+01 
3.500e+01 ; 4.800e+00 ; 2.400e+00 ; 6.4037002e+01 ; 7.3318420e+01 
3.500e+01 ; 4.800e+00 ; 2.400e+00 ; 6.4053002e+01 ; 7.3399025e+01 
3.500e+01 ; 4.800e+00 ; 2.400e+00 ; 6.4085002e+01 ; 7.3594467e+01 
3.500e+01 ; 4.800e+00 ; 2.400e+00 ; 6.4149002e+01 ; 7.4097023e+01 
3.500e+01 ; 4.800e+00 ; 2.400e+00 ; 6.4277002e+01 ; 7.5391487e+01 
3.500e+01 ; 4.800e+00 ; 2.400e+00 ; 6.4533002e+01 ; 7.8361198e+01 
3.500e+01 ; 4.800e+00 ; 2.400e+00 ; 6.4990002e+01 ; 8.2966949e+01 
3.500e+01 ; 4.800e+00 ; 2.400e+00 ; 6.4990002e+01 ; 8.2966949e+01 
3.500e+01 ; 4.800e+00 ; 2.400e+00 ; 6.4991002e+01 ; 8.2980377e+01 
3.500e+01 ; 4.800e+00 ; 2.400e+00 ; 6.4992002e+01 ; 8.2993820e+01 
3.500e+01 ; 4.800e+00 ; 2.400e+00 ; 6.4993002e+01 ; 8.3007263e+01 
3.500e+01 ; 4.800e+00 ; 2.400e+00 ; 6.4995002e+01 ; 8.3034172e+01 
3.500e+01 ; 4.800e+00 ; 2.400e+00 ; 6.4999002e+01 ; 8.3088058e+01 
3.500e+01 ; 4.800e+00 ; 2.400e+00 ; 6.5007002e+01 ; 8.3196098e+01 
3.500e+01 ; 4.800e+00 ; 2.400e+00 ; 6.5023002e+01 ; 8.3413086e+01 
3.500e+01 ; 4.800e+00 ; 2.400e+00 ; 6.5055002e+01 ; 8.3849548e+01 
3.500e+01 ; 4.800e+00 ; 2.400e+00 ; 6.5119002e+01 ; 8.4724388e+01 
3.500e+01 ; 4.800e+00 ; 2.400e+00 ; 6.5247002e+01 ; 8.6432640e+01 
3.500e+01 ; 4.800e+00 ; 2.400e+00 ; 6.5503002e+01 ; 8.9461464e+01 
3.500e+01 ; 4.800e+00 ; 2.400e+00 ; 6.5960002e+01 ; 9.3245888e+01 
3.500e+01 ; 4.800e+00 ; 2.400e+00 ; 6.5960002e+01 ; 9.3245888e+01 
3.500e+01 ; 4.800e+00 ; 2.400e+00 ; 6.5961002e+01 ; 9.3254150e+01 
3.500e+01 ; 4.800e+00 ; 2.400e+00 ; 6.5962002e+01 ; 9.3262398e+01 
3.500e+01 ; 4.800e+00 ; 2.400e+00 ; 6.5963002e+01 ; 9.3270630e+01 
3.500e+01 ; 4.800e+00 ; 2.400e+00 ; 6.5965002e+01 ; 9.3287018e+01 
3.500e+01 ; 4.800e+00 ; 2.400e+00 ; 6.5969002e+01 ; 9.3319527e+01 
3.500e+01 ; 4.800e+00 ; 2.400e+00 ; 6.5977002e+01 ; 9.3383461e+01 
3.500e+01 ; 4.800e+00 ; 2.400e+00 ; 6.5993002e+01 ; 9.3507103e+01 
3.500e+01 ; 4.800e+00 ; 2.400e+00 ; 6.6025002e+01 ; 9.3738205e+01 
3.500e+01 ; 4.800e+00 ; 2.400e+00 ; 6.6089002e+01 ; 9.4141006e+01 
3.500e+01 ; 4.800e+00 ; 2.400e+00 ; 6.6217002e+01 ; 9.4745796e+01 
3.500e+01 ; 4.800e+00 ; 2.400e+00 ; 6.6473002e+01 ; 9.5374825e+01 
3.500e+01 ; 4.800e+00 ; 2.400e+00 ; 6.6930002e+01 ; 9.5438095e+01 
3.500e+01 ; 4.800e+00 ; 2.400e+00 ; 6.6930002e+01 ; 9.5438095e+01 
3.500e+01 ; 4.800e+00 ; 2.400e+00 ; 6.6931002e+01 ; 9.5438225e+01 
3.500e+01 ; 4.800e+00 ; 2.400e+00 ; 6.6932002e+01 ; 9.5438354e+01 
3.500e+01 ; 4.800e+00 ; 2.400e+00 ; 6.6933002e+01 ; 9.5438477e+01 
3.500e+01 ; 4.800e+00 ; 2.400e+00 ; 6.6935002e+01 ; 9.5438705e+01 
3.500e+01 ; 4.800e+00 ; 2.400e+00 ; 6.6939002e+01 ; 9.5439079e+01 
3.500e+01 ; 4.800e+00 ; 2.400e+00 ; 6.6947002e+01 ; 9.5439507e+01 
3.500e+01 ; 4.800e+00 ; 2.400e+00 ; 6.6963002e+01 ; 9.5439133e+01 
3.500e+01 ; 4.800e+00 ; 2.400e+00 ; 6.6995002e+01 ; 9.5433723e+01 
3.500e+01 ; 4.800e+00 ; 2.400e+00 ; 6.7059002e+01 ; 9.5406021e+01 
3.500e+01 ; 4.800e+00 ; 2.400e+00 ; 6.7187002e+01 ; 9.5295578e+01 
3.500e+01 ; 4.800e+00 ; 2.400e+00 ; 6.7443002e+01 ; 9.4927078e+01 
3.500e+01 ; 4.800e+00 ; 2.400e+00 ; 6.7900002e+01 ; 9.4042969e+01 
3.500e+01 ; 4.800e+00 ; 2.400e+00 ; 6.7900002e+01 ; 9.4042969e+01 
3.500e+01 ; 4.800e+00 ; 2.400e+00 ; 6.7901002e+01 ; 9.4041039e+01 
3.500e+01 ; 4.800e+00 ; 2.400e+00 ; 6.7902002e+01 ; 9.4039101e+01 
3.500e+01 ; 4.800e+00 ; 2.400e+00 ; 6.7903002e+01 ; 9.4037163e+01 
3.500e+01 ; 4.800e+00 ; 2.400e+00 ; 6.7905002e+01 ; 9.4033279e+01 
3.500e+01 ; 4.800e+00 ; 2.400e+00 ; 6.7909002e+01 ; 9.4025505e+01 
3.500e+01 ; 4.800e+00 ; 2.400e+00 ; 6.7917002e+01 ; 9.4009888e+01 
3.500e+01 ; 4.800e+00 ; 2.400e+00 ; 6.7933002e+01 ; 9.3978386e+01 
3.500e+01 ; 4.800e+00 ; 2.400e+00 ; 6.7965002e+01 ; 9.3914444e+01 
3.500e+01 ; 4.800e+00 ; 2.400e+00 ; 6.8029002e+01 ; 9.3783302e+01 
3.500e+01 ; 4.800e+00 ; 2.400e+00 ; 6.8157002e+01 ; 9.3511642e+01 
3.500e+01 ; 4.800e+00 ; 2.400e+00 ; 6.8413002e+01 ; 9.2951126e+01 
3.500e+01 ; 4.800e+00 ; 2.400e+00 ; 6.8870002e+01 ; 9.1958862e+01 
3.500e+01 ; 4.800e+00 ; 2.400e+00 ; 6.8870002e+01 ; 9.1958862e+01 
3.500e+01 ; 4.800e+00 ; 2.400e+00 ; 6.8871002e+01 ; 9.1956696e+01 
3.500e+01 ; 4.800e+00 ; 2.400e+00 ; 6.8872002e+01 ; 9.1954521e+01 
3.500e+01 ; 4.800e+00 ; 2.400e+00 ; 6.8873002e+01 ; 9.1952347e+01 
3.500e+01 ; 4.800e+00 ; 2.400e+00 ; 6.8875002e+01 ; 9.1948006e+01 
3.500e+01 ; 4.800e+00 ; 2.400e+00 ; 6.8879002e+01 ; 9.1939323e+01 
3.500e+01 ; 4.800e+00 ; 2.400e+00 ; 6.8887002e+01 ; 9.1921959e+01 
3.500e+01 ; 4.800e+00 ; 2.400e+00 ; 6.8903002e+01 ; 9.1887253e+01 
3.500e+01 ; 4.800e+00 ; 2.400e+00 ; 6.8935002e+01 ; 9.1817909e+01 
3.500e+01 ; 4.800e+00 ; 2.400e+00 ; 6.8999002e+01 ; 9.1679688e+01 
3.500e+01 ; 4.800e+00 ; 2.400e+00 ; 6.9127002e+01 ; 9.1405991e+01 
3.500e+01 ; 4.800e+00 ; 2.400e+00 ; 6.9383002e+01 ; 9.0874062e+01 
3.500e+01 ; 4.800e+00 ; 2.400e+00 ; 6.9840002e+01 ; 8.9984871e+01 
3.500e+01 ; 4.800e+00 ; 2.400e+00 ; 6.9840002e+01 ; 8.9984871e+01 
3.500e+01 ; 4.800e+00 ; 2.400e+00 ; 6.9841002e+01 ; 8.9982933e+01 
3.500e+01 ; 4.800e+00 ; 2.400e+00 ; 6.9842002e+01 ; 8.9980988e+01 
3.500e+01 ; 4.800e+00 ; 2.400e+00 ; 6.9843002e+01 ; 8.9979042e+01 
3.500e+01 ; 4.800e+00 ; 2.400e+00 ; 6.9845002e+01 ; 8.9975151e+01 
3.500e+01 ; 4.800e+00 ; 2.400e+00 ; 6.9849002e+01 ; 8.9967377e+01 
3.500e+01 ; 4.800e+00 ; 2.400e+00 ; 6.9857002e+01 ; 8.9951851e+01 
3.500e+01 ; 4.800e+00 ; 2.400e+00 ; 6.9873002e+01 ; 8.9920876e+01 
3.500e+01 ; 4.800e+00 ; 2.400e+00 ; 6.9905002e+01 ; 8.9859222e+01 
3.500e+01 ; 4.800e+00 ; 2.400e+00 ; 6.9969002e+01 ; 8.9737152e+01 
3.500e+01 ; 4.800e+00 ; 2.400e+00 ; 7.0097002e+01 ; 8.9498047e+01 
3.500e+01 ; 4.800e+00 ; 2.400e+00 ; 7.0353002e+01 ; 8.9040138e+01 
3.500e+01 ; 4.800e+00 ; 2.400e+00 ; 7.0810002e+01 ; 8.8284920e+01 
3.500e+01 ; 4.800e+00 ; 2.400e+00 ; 7.0810002e+01 ; 8.8284920e+01 
3.500e+01 ; 4.800e+00 ; 2.400e+00 ; 7.0811002e+01 ; 8.8283264e+01 
3.500e+01 ; 4.800e+00 ; 2.400e+00 ; 7.0812002e+01 ; 8.8281616e+01 
3.500e+01 ; 4.800e+00 ; 2.400e+00 ; 7.0813002e+01 ; 8.8279961e+01 
3.500e+01 ; 4.800e+00 ; 2.400e+00 ; 7.0815002e+01 ; 8.8276657e+01 
3.500e+01 ; 4.800e+00 ; 2.400e+00 ; 7.0819002e+01 ; 8.8270058e+01 
3.500e+01 ; 4.800e+00 ; 2.400e+00 ; 7.0827002e+01 ; 8.8256882e+01 
3.500e+01 ; 4.800e+00 ; 2.400e+00 ; 7.0843002e+01 ; 8.8230598e+01 
3.500e+01 ; 4.800e+00 ; 2.400e+00 ; 7.0875002e+01 ; 8.8178329e+01 
3.500e+01 ; 4.800e+00 ; 2.400e+00 ; 7.0939002e+01 ; 8.8075005e+01 
3.500e+01 ; 4.800e+00 ; 2.400e+00 ; 7.1067002e+01 ; 8.7873077e+01 
3.500e+01 ; 4.800e+00 ; 2.400e+00 ; 7.1323002e+01 ; 8.7487297e+01 
3.500e+01 ; 4.800e+00 ; 2.400e+00 ; 7.1780002e+01 ; 8.6851204e+01 
3.500e+01 ; 4.800e+00 ; 2.400e+00 ; 7.1780002e+01 ; 8.6851204e+01 
3.500e+01 ; 4.800e+00 ; 2.400e+00 ; 7.1781002e+01 ; 8.6849815e+01 
3.500e+01 ; 4.800e+00 ; 2.400e+00 ; 7.1782002e+01 ; 8.6848419e+01 
3.500e+01 ; 4.800e+00 ; 2.400e+00 ; 7.1783002e+01 ; 8.6847031e+01 
3.500e+01 ; 4.800e+00 ; 2.400e+00 ; 7.1785002e+01 ; 8.6844254e+01 
3.500e+01 ; 4.800e+00 ; 2.400e+00 ; 7.1789002e+01 ; 8.6838692e+01 
3.500e+01 ; 4.800e+00 ; 2.400e+00 ; 7.1797002e+01 ; 8.6827591e+01 
3.500e+01 ; 4.800e+00 ; 2.400e+00 ; 7.1813002e+01 ; 8.6805450e+01 
3.500e+01 ; 4.800e+00 ; 2.400e+00 ; 7.1845002e+01 ; 8.6761429e+01 
3.500e+01 ; 4.800e+00 ; 2.400e+00 ; 7.1909002e+01 ; 8.6674393e+01 
3.500e+01 ; 4.800e+00 ; 2.400e+00 ; 7.2037002e+01 ; 8.6504204e+01 
3.500e+01 ; 4.800e+00 ; 2.400e+00 ; 7.2293002e+01 ; 8.6178543e+01 
3.500e+01 ; 4.800e+00 ; 2.400e+00 ; 7.2750002e+01 ; 8.5639343e+01 
3.500e+01 ; 4.800e+00 ; 2.400e+00 ; 7.2750002e+01 ; 8.5639343e+01 
3.500e+01 ; 4.800e+00 ; 2.400e+00 ; 7.2751002e+01 ; 8.5638161e+01 
3.500e+01 ; 4.800e+00 ; 2.400e+00 ; 7.2752002e+01 ; 8.5636978e+01 
3.500e+01 ; 4.800e+00 ; 2.400e+00 ; 7.2753002e+01 ; 8.5635803e+01 
3.500e+01 ; 4.800e+00 ; 2.400e+00 ; 7.2755002e+01 ; 8.5633446e+01 
3.500e+01 ; 4.800e+00 ; 2.400e+00 ; 7.2759002e+01 ; 8.5628731e+01 
3.500e+01 ; 4.800e+00 ; 2.400e+00 ; 7.2767002e+01 ; 8.5619324e+01 
3.500e+01 ; 4.800e+00 ; 2.400e+00 ; 7.2783002e+01 ; 8.5600548e+01 
3.500e+01 ; 4.800e+00 ; 2.400e+00 ; 7.2815002e+01 ; 8.5563210e+01 
3.500e+01 ; 4.800e+00 ; 2.400e+00 ; 7.2879002e+01 ; 8.5489326e+01 
3.500e+01 ; 4.800e+00 ; 2.400e+00 ; 7.3007002e+01 ; 8.5344673e+01 
3.500e+01 ; 4.800e+00 ; 2.400e+00 ; 7.3263002e+01 ; 8.5067055e+01 
3.500e+01 ; 4.800e+00 ; 2.400e+00 ; 7.3720002e+01 ; 8.4604912e+01 
3.500e+01 ; 4.800e+00 ; 2.400e+00 ; 7.3720002e+01 ; 8.4604912e+01 
3.500e+01 ; 4.800e+00 ; 2.400e+00 ; 7.3721002e+01 ; 8.4603905e+01 
3.500e+01 ; 4.800e+00 ; 2.400e+00 ; 7.3722002e+01 ; 8.4602890e+01 
3.500e+01 ; 4.800e+00 ; 2.400e+00 ; 7.3723002e+01 ; 8.4601883e+01 
3.500e+01 ; 4.800e+00 ; 2.400e+00 ; 7.3725002e+01 ; 8.4599861e+01 
3.500e+01 ; 4.800e+00 ; 2.400e+00 ; 7.3729002e+01 ; 8.4595825e+01 
3.500e+01 ; 4.800e+00 ; 2.400e+00 ; 7.3737002e+01 ; 8.4587753e+01 
3.500e+01 ; 4.800e+00 ; 2.400e+00 ; 7.3753002e+01 ; 8.4571655e+01 
3.500e+01 ; 4.800e+00 ; 2.400e+00 ; 7.3785002e+01 ; 8.4539627e+01 
3.500e+01 ; 4.800e+00 ; 2.400e+00 ; 7.3849002e+01 ; 8.4476204e+01 
3.500e+01 ; 4.800e+00 ; 2.400e+00 ; 7.3977002e+01 ; 8.4351822e+01 
3.500e+01 ; 4.800e+00 ; 2.400e+00 ; 7.4233002e+01 ; 8.4112335e+01 
3.500e+01 ; 4.800e+00 ; 2.400e+00 ; 7.4690002e+01 ; 8.3711487e+01 
3.500e+01 ; 4.800e+00 ; 2.400e+00 ; 7.4690002e+01 ; 8.3711487e+01 
3.500e+01 ; 4.800e+00 ; 2.400e+00 ; 7.4691002e+01 ; 8.3710617e+01 
3.500e+01 ; 4.800e+00 ; 2.400e+00 ; 7.4692002e+01 ; 8.3709740e+01 
3.500e+01 ; 4.800e+00 ; 2.400e+00 ; 7.4693002e+01 ; 8.3708862e+01 
3.500e+01 ; 4.800e+00 ; 2.400e+00 ; 7.4695002e+01 ; 8.3707108e+01 
3.500e+01 ; 4.800e+00 ; 2.400e+00 ; 7.4699002e+01 ; 8.3703606e+01 
3.500e+01 ; 4.800e+00 ; 2.400e+00 ; 7.4707002e+01 ; 8.3696602e+01 
3.500e+01 ; 4.800e+00 ; 2.400e+00 ; 7.4723002e+01 ; 8.3682640e+01 
3.500e+01 ; 4.800e+00 ; 2.400e+00 ; 7.4755002e+01 ; 8.3654831e+01 
3.500e+01 ; 4.800e+00 ; 2.400e+00 ; 7.4819002e+01 ; 8.3599731e+01 
3.500e+01 ; 4.800e+00 ; 2.400e+00 ; 7.4947002e+01 ; 8.3491493e+01 
3.500e+01 ; 4.800e+00 ; 2.400e+00 ; 7.5203002e+01 ; 8.3282478e+01 
3.500e+01 ; 4.800e+00 ; 2.400e+00 ; 7.5660002e+01 ; 8.2930901e+01 
3.500e+01 ; 4.800e+00 ; 2.400e+00 ; 7.5660002e+01 ; 8.2930901e+01 
3.500e+01 ; 4.800e+00 ; 2.400e+00 ; 7.5661002e+01 ; 8.2930130e+01 
3.500e+01 ; 4.800e+00 ; 2.400e+00 ; 7.5662002e+01 ; 8.2929359e+01 
3.500e+01 ; 4.800e+00 ; 2.400e+00 ; 7.5663002e+01 ; 8.2928596e+01 
3.500e+01 ; 4.800e+00 ; 2.400e+00 ; 7.5665002e+01 ; 8.2927055e+01 
3.500e+01 ; 4.800e+00 ; 2.400e+00 ; 7.5669002e+01 ; 8.2923981e+01 
3.500e+01 ; 4.800e+00 ; 2.400e+00 ; 7.5677002e+01 ; 8.2917839e+01 
3.500e+01 ; 4.800e+00 ; 2.400e+00 ; 7.5693002e+01 ; 8.2905586e+01 
3.500e+01 ; 4.800e+00 ; 2.400e+00 ; 7.5725002e+01 ; 8.2881180e+01 
3.500e+01 ; 4.800e+00 ; 2.400e+00 ; 7.5789002e+01 ; 8.2832787e+01 
3.500e+01 ; 4.800e+00 ; 2.400e+00 ; 7.5917002e+01 ; 8.2737595e+01 
3.500e+01 ; 4.800e+00 ; 2.400e+00 ; 7.6173002e+01 ; 8.2553413e+01 
3.500e+01 ; 4.800e+00 ; 2.400e+00 ; 7.6630002e+01 ; 8.2243423e+01 
3.500e+01 ; 4.800e+00 ; 2.400e+00 ; 7.6630002e+01 ; 8.2243423e+01 
3.500e+01 ; 4.800e+00 ; 2.400e+00 ; 7.6631002e+01 ; 8.2242744e+01 
3.500e+01 ; 4.800e+00 ; 2.400e+00 ; 7.6632002e+01 ; 8.2242065e+01 
3.500e+01 ; 4.800e+00 ; 2.400e+00 ; 7.6633002e+01 ; 8.2241386e+01 
3.500e+01 ; 4.800e+00 ; 2.400e+00 ; 7.6635002e+01 ; 8.2240028e+01 
3.500e+01 ; 4.800e+00 ; 2.400e+00 ; 7.6639002e+01 ; 8.2237320e+01 
3.500e+01 ; 4.800e+00 ; 2.400e+00 ; 7.6647002e+01 ; 8.2231903e+01 
3.500e+01 ; 4.800e+00 ; 2.400e+00 ; 7.6663002e+01 ; 8.2221100e+01 
3.500e+01 ; 4.800e+00 ; 2.400e+00 ; 7.6695002e+01 ; 8.2199577e+01 
3.500e+01 ; 4.800e+00 ; 2.400e+00 ; 7.6759002e+01 ; 8.2156914e+01 
3.500e+01 ; 4.800e+00 ; 2.400e+00 ; 7.6887002e+01 ; 8.2073120e+01 
3.500e+01 ; 4.800e+00 ; 2.400e+00 ; 7.7143002e+01 ; 8.1912209e+01 
3.500e+01 ; 4.800e+00 ; 2.400e+00 ; 7.7600002e+01 ; 8.1648911e+01 
3.500e+01 ; 4.800e+00 ; 2.400e+00 ; 7.7600002e+01 ; 8.1648911e+01 
3.500e+01 ; 4.800e+00 ; 2.400e+00 ; 7.7601002e+01 ; 8.1648338e+01 
3.500e+01 ; 4.800e+00 ; 2.400e+00 ; 7.7602002e+01 ; 8.1647758e+01 
3.500e+01 ; 4.800e+00 ; 2.400e+00 ; 7.7603002e+01 ; 8.1647186e+01 
3.500e+01 ; 4.800e+00 ; 2.400e+00 ; 7.7605002e+01 ; 8.1646042e+01 
3.500e+01 ; 4.800e+00 ; 2.400e+00 ; 7.7609002e+01 ; 8.1643745e+01 
3.500e+01 ; 4.800e+00 ; 2.400e+00 ; 7.7617002e+01 ; 8.1639198e+01 
3.500e+01 ; 4.800e+00 ; 2.400e+00 ; 7.7633002e+01 ; 8.1630226e+01 
3.500e+01 ; 4.800e+00 ; 2.400e+00 ; 7.7665002e+01 ; 8.1612885e+01 
3.500e+01 ; 4.800e+00 ; 2.400e+00 ; 7.7729002e+01 ; 8.1581085e+01 
3.500e+01 ; 4.800e+00 ; 2.400e+00 ; 7.7857002e+01 ; 8.1531281e+01 
3.500e+01 ; 4.800e+00 ; 2.400e+00 ; 7.8113002e+01 ; 8.1488586e+01 
3.500e+01 ; 4.800e+00 ; 2.400e+00 ; 7.8570002e+01 ; 8.1545296e+01 
3.500e+01 ; 4.800e+00 ; 2.400e+00 ; 7.8570002e+01 ; 8.1545296e+01 
3.500e+01 ; 4.800e+00 ; 2.400e+00 ; 7.8571002e+01 ; 8.1545425e+01 
3.500e+01 ; 4.800e+00 ; 2.400e+00 ; 7.8572002e+01 ; 8.1545547e+01 
3.500e+01 ; 4.800e+00 ; 2.400e+00 ; 7.8573002e+01 ; 8.1545677e+01 
3.500e+01 ; 4.800e+00 ; 2.400e+00 ; 7.8575002e+01 ; 8.1545937e+01 
3.500e+01 ; 4.800e+00 ; 2.400e+00 ; 7.8579002e+01 ; 8.1546486e+01 
3.500e+01 ; 4.800e+00 ; 2.400e+00 ; 7.8587002e+01 ; 8.1547684e+01 
3.500e+01 ; 4.800e+00 ; 2.400e+00 ; 7.8603002e+01 ; 8.1550484e+01 
3.500e+01 ; 4.800e+00 ; 2.400e+00 ; 7.8635002e+01 ; 8.1557861e+01 
3.500e+01 ; 4.800e+00 ; 2.400e+00 ; 7.8699002e+01 ; 8.1580559e+01 
3.500e+01 ; 4.800e+00 ; 2.400e+00 ; 7.8827002e+01 ; 8.1660507e+01 
3.500e+01 ; 4.800e+00 ; 2.400e+00 ; 7.9083002e+01 ; 8.1948082e+01 
3.500e+01 ; 4.800e+00 ; 2.400e+00 ; 7.9540002e+01 ; 8.2706779e+01 
3.500e+01 ; 4.800e+00 ; 2.400e+00 ; 7.9540002e+01 ; 8.2706779e+01 
3.500e+01 ; 4.800e+00 ; 2.400e+00 ; 7.9541002e+01 ; 8.2708443e+01 
3.500e+01 ; 4.800e+00 ; 2.400e+00 ; 7.9542002e+01 ; 8.2710106e+01 
3.500e+01 ; 4.800e+00 ; 2.400e+00 ; 7.9543002e+01 ; 8.2711777e+01 
3.500e+01 ; 4.800e+00 ; 2.400e+00 ; 7.9545002e+01 ; 8.2715111e+01 
3.500e+01 ; 4.800e+00 ; 2.400e+00 ; 7.9549002e+01 ; 8.2721825e+01 
3.500e+01 ; 4.800e+00 ; 2.400e+00 ; 7.9557002e+01 ; 8.2735367e+01 
3.500e+01 ; 4.800e+00 ; 2.400e+00 ; 7.9573002e+01 ; 8.2762970e+01 
3.500e+01 ; 4.800e+00 ; 2.400e+00 ; 7.9605002e+01 ; 8.2820213e+01 
3.500e+01 ; 4.800e+00 ; 2.400e+00 ; 7.9669002e+01 ; 8.2942924e+01 
3.500e+01 ; 4.800e+00 ; 2.400e+00 ; 7.9797002e+01 ; 8.3219246e+01 
3.500e+01 ; 4.800e+00 ; 2.400e+00 ; 8.0053002e+01 ; 8.3864685e+01 
3.500e+01 ; 4.800e+00 ; 2.400e+00 ; 8.0510002e+01 ; 8.5120369e+01 
3.500e+01 ; 4.800e+00 ; 2.400e+00 ; 8.0510002e+01 ; 8.5120369e+01 
3.500e+01 ; 4.800e+00 ; 2.400e+00 ; 8.0511002e+01 ; 8.5123116e+01 
3.500e+01 ; 4.800e+00 ; 2.400e+00 ; 8.0512002e+01 ; 8.5125862e+01 
3.500e+01 ; 4.800e+00 ; 2.400e+00 ; 8.0513002e+01 ; 8.5128616e+01 
3.500e+01 ; 4.800e+00 ; 2.400e+00 ; 8.0515002e+01 ; 8.5134117e+01 
3.500e+01 ; 4.800e+00 ; 2.400e+00 ; 8.0519002e+01 ; 8.5145134e+01 
3.500e+01 ; 4.800e+00 ; 2.400e+00 ; 8.0527002e+01 ; 8.5167213e+01 
3.500e+01 ; 4.800e+00 ; 2.400e+00 ; 8.0543002e+01 ; 8.5211540e+01 
3.500e+01 ; 4.800e+00 ; 2.400e+00 ; 8.0575002e+01 ; 8.5300774e+01 
3.500e+01 ; 4.800e+00 ; 2.400e+00 ; 8.0639002e+01 ; 8.5480881e+01 
3.500e+01 ; 4.800e+00 ; 2.400e+00 ; 8.0767002e+01 ; 8.5842957e+01 
3.500e+01 ; 4.800e+00 ; 2.400e+00 ; 8.1023002e+01 ; 8.6546486e+01 
3.500e+01 ; 4.800e+00 ; 2.400e+00 ; 8.1480002e+01 ; 8.7647606e+01 
3.500e+01 ; 4.800e+00 ; 2.400e+00 ; 8.1480002e+01 ; 8.7647606e+01 
3.500e+01 ; 4.800e+00 ; 2.400e+00 ; 8.1481002e+01 ; 8.7650017e+01 
3.500e+01 ; 4.800e+00 ; 2.400e+00 ; 8.1482002e+01 ; 8.7652420e+01 
3.500e+01 ; 4.800e+00 ; 2.400e+00 ; 8.1483002e+01 ; 8.7654831e+01 
3.500e+01 ; 4.800e+00 ; 2.400e+00 ; 8.1485002e+01 ; 8.7659637e+01 
3.500e+01 ; 4.800e+00 ; 2.400e+00 ; 8.1489002e+01 ; 8.7669250e+01 
3.500e+01 ; 4.800e+00 ; 2.400e+00 ; 8.1497002e+01 ; 8.7688423e+01 
3.500e+01 ; 4.800e+00 ; 2.400e+00 ; 8.1513002e+01 ; 8.7726562e+01 
3.500e+01 ; 4.800e+00 ; 2.400e+00 ; 8.1545002e+01 ; 8.7801987e+01 
3.500e+01 ; 4.800e+00 ; 2.400e+00 ; 8.1609002e+01 ; 8.7949059e+01 
3.500e+01 ; 4.800e+00 ; 2.400e+00 ; 8.1737002e+01 ; 8.8226364e+01 
3.500e+01 ; 4.800e+00 ; 2.400e+00 ; 8.1993002e+01 ; 8.8707787e+01 
3.500e+01 ; 4.800e+00 ; 2.400e+00 ; 8.2450002e+01 ; 8.9343628e+01 
3.500e+01 ; 4.800e+00 ; 2.400e+00 ; 8.2450002e+01 ; 8.9343628e+01 
3.500e+01 ; 4.800e+00 ; 2.400e+00 ; 8.2451002e+01 ; 8.9345024e+01 
3.500e+01 ; 4.800e+00 ; 2.400e+00 ; 8.2452002e+01 ; 8.9346413e+01 
3.500e+01 ; 4.800e+00 ; 2.400e+00 ; 8.2453002e+01 ; 8.9347801e+01 
3.500e+01 ; 4.800e+00 ; 2.400e+00 ; 8.2455002e+01 ; 8.9350571e+01 
3.500e+01 ; 4.800e+00 ; 2.400e+00 ; 8.2459002e+01 ; 8.9356094e+01 
3.500e+01 ; 4.800e+00 ; 2.400e+00 ; 8.2467002e+01 ; 8.9367081e+01 
3.500e+01 ; 4.800e+00 ; 2.400e+00 ; 8.2483002e+01 ; 8.9388779e+01 
3.500e+01 ; 4.800e+00 ; 2.400e+00 ; 8.2515002e+01 ; 8.9431091e+01 
3.500e+01 ; 4.800e+00 ; 2.400e+00 ; 8.2579002e+01 ; 8.9511414e+01 
3.500e+01 ; 4.800e+00 ; 2.400e+00 ; 8.2707002e+01 ; 8.9655457e+01 
3.500e+01 ; 4.800e+00 ; 2.400e+00 ; 8.2963002e+01 ; 8.9882912e+01 
3.500e+01 ; 4.800e+00 ; 2.400e+00 ; 8.3420002e+01 ; 9.0130798e+01 
3.500e+01 ; 4.800e+00 ; 2.400e+00 ; 8.3420002e+01 ; 9.0130798e+01 
3.500e+01 ; 4.800e+00 ; 2.400e+00 ; 8.3421002e+01 ; 9.0131340e+01 
3.500e+01 ; 4.800e+00 ; 2.400e+00 ; 8.3422002e+01 ; 9.0131882e+01 
3.500e+01 ; 4.800e+00 ; 2.400e+00 ; 8.3423002e+01 ; 9.0132423e+01 
3.500e+01 ; 4.800e+00 ; 2.400e+00 ; 8.3425002e+01 ; 9.0133499e+01 
3.500e+01 ; 4.800e+00 ; 2.400e+00 ; 8.3429002e+01 ; 9.0135643e+01 
3.500e+01 ; 4.800e+00 ; 2.400e+00 ; 8.3437002e+01 ; 9.0139877e+01 
3.500e+01 ; 4.800e+00 ; 2.400e+00 ; 8.3453002e+01 ; 9.0148163e+01 
3.500e+01 ; 4.800e+00 ; 2.400e+00 ; 8.3485002e+01 ; 9.0163979e+01 
3.500e+01 ; 4.800e+00 ; 2.400e+00 ; 8.3549002e+01 ; 9.0192703e+01 
3.500e+01 ; 4.800e+00 ; 2.400e+00 ; 8.3677002e+01 ; 9.0239281e+01 
3.500e+01 ; 4.800e+00 ; 2.400e+00 ; 8.3933002e+01 ; 9.0294647e+01 
3.500e+01 ; 4.800e+00 ; 2.400e+00 ; 8.4390002e+01 ; 9.0300323e+01 
3.500e+01 ; 4.800e+00 ; 2.400e+00 ; 8.4390002e+01 ; 9.0300323e+01 
3.500e+01 ; 4.800e+00 ; 2.400e+00 ; 8.4391002e+01 ; 9.0300331e+01 
3.500e+01 ; 4.800e+00 ; 2.400e+00 ; 8.4392002e+01 ; 9.0300346e+01 
3.500e+01 ; 4.800e+00 ; 2.400e+00 ; 8.4393002e+01 ; 9.0300354e+01 
3.500e+01 ; 4.800e+00 ; 2.400e+00 ; 8.4395002e+01 ; 9.0300377e+01 
3.500e+01 ; 4.800e+00 ; 2.400e+00 ; 8.4399002e+01 ; 9.0300407e+01 
3.500e+01 ; 4.800e+00 ; 2.400e+00 ; 8.4407002e+01 ; 9.0300453e+01 
3.500e+01 ; 4.800e+00 ; 2.400e+00 ; 8.4423002e+01 ; 9.0300415e+01 
3.500e+01 ; 4.800e+00 ; 2.400e+00 ; 8.4455002e+01 ; 9.0299911e+01 
3.500e+01 ; 4.800e+00 ; 2.400e+00 ; 8.4519002e+01 ; 9.0297218e+01 
3.500e+01 ; 4.800e+00 ; 2.400e+00 ; 8.4647002e+01 ; 9.0285637e+01 
3.500e+01 ; 4.800e+00 ; 2.400e+00 ; 8.4903003e+01 ; 9.0241470e+01 
3.500e+01 ; 4.800e+00 ; 2.400e+00 ; 8.5360003e+01 ; 9.0112617e+01 
3.500e+01 ; 4.800e+00 ; 2.400e+00 ; 8.5360003e+01 ; 9.0112617e+01 
3.500e+01 ; 4.800e+00 ; 2.400e+00 ; 8.5361003e+01 ; 9.0112335e+01 
3.500e+01 ; 4.800e+00 ; 2.400e+00 ; 8.5362003e+01 ; 9.0112053e+01 
3.500e+01 ; 4.800e+00 ; 2.400e+00 ; 8.5363003e+01 ; 9.0111771e+01 
3.500e+01 ; 4.800e+00 ; 2.400e+00 ; 8.5365003e+01 ; 9.0111206e+01 
3.500e+01 ; 4.800e+00 ; 2.400e+00 ; 8.5369003e+01 ; 9.0110069e+01 
3.500e+01 ; 4.800e+00 ; 2.400e+00 ; 8.5377003e+01 ; 9.0107780e+01 
3.500e+01 ; 4.800e+00 ; 2.400e+00 ; 8.5393003e+01 ; 9.0103149e+01 
3.500e+01 ; 4.800e+00 ; 2.400e+00 ; 8.5425003e+01 ; 9.0093643e+01 
3.500e+01 ; 4.800e+00 ; 2.400e+00 ; 8.5489003e+01 ; 9.0073738e+01 
3.500e+01 ; 4.800e+00 ; 2.400e+00 ; 8.5617003e+01 ; 9.0030693e+01 
3.500e+01 ; 4.800e+00 ; 2.400e+00 ; 8.5873003e+01 ; 8.9933846e+01 
3.500e+01 ; 4.800e+00 ; 2.400e+00 ; 8.6330003e+01 ; 8.9736427e+01 
3.500e+01 ; 4.800e+00 ; 2.400e+00 ; 8.6330003e+01 ; 8.9736427e+01 
3.500e+01 ; 4.800e+00 ; 2.400e+00 ; 8.6331003e+01 ; 8.9735992e+01 
3.500e+01 ; 4.800e+00 ; 2.400e+00 ; 8.6332003e+01 ; 8.9735558e+01 
3.500e+01 ; 4.800e+00 ; 2.400e+00 ; 8.6333003e+01 ; 8.9735130e+01 
3.500e+01 ; 4.800e+00 ; 2.400e+00 ; 8.6335003e+01 ; 8.9734261e+01 
3.500e+01 ; 4.800e+00 ; 2.400e+00 ; 8.6339003e+01 ; 8.9732529e+01 
3.500e+01 ; 4.800e+00 ; 2.400e+00 ; 8.6347003e+01 ; 8.9729057e+01 
3.500e+01 ; 4.800e+00 ; 2.400e+00 ; 8.6363003e+01 ; 8.9722084e+01 
3.500e+01 ; 4.800e+00 ; 2.400e+00 ; 8.6395003e+01 ; 8.9708023e+01 
3.500e+01 ; 4.800e+00 ; 2.400e+00 ; 8.6459003e+01 ; 8.9679474e+01 
3.500e+01 ; 4.800e+00 ; 2.400e+00 ; 8.6587003e+01 ; 8.9620842e+01 
3.500e+01 ; 4.800e+00 ; 2.400e+00 ; 8.6843003e+01 ; 8.9498665e+01 
3.500e+01 ; 4.800e+00 ; 2.400e+00 ; 8.7300003e+01 ; 8.9270332e+01 
3.500e+01 ; 4.800e+00 ; 2.400e+00 ; 8.7300003e+01 ; 8.9270332e+01 
3.500e+01 ; 4.800e+00 ; 2.400e+00 ; 8.7301003e+01 ; 8.9269836e+01 
3.500e+01 ; 4.800e+00 ; 2.400e+00 ; 8.7302003e+01 ; 8.9269333e+01 
3.500e+01 ; 4.800e+00 ; 2.400e+00 ; 8.7303003e+01 ; 8.9268837e+01 
3.500e+01 ; 4.800e+00 ; 2.400e+00 ; 8.7305003e+01 ; 8.9267838e+01 
3.500e+01 ; 4.800e+00 ; 2.400e+00 ; 8.7309003e+01 ; 8.9265831e+01 
3.500e+01 ; 4.800e+00 ; 2.400e+00 ; 8.7317003e+01 ; 8.9261833e+01 
3.500e+01 ; 4.800e+00 ; 2.400e+00 ; 8.7333003e+01 ; 8.9253815e+01 
3.500e+01 ; 4.800e+00 ; 2.400e+00 ; 8.7365003e+01 ; 8.9237724e+01 
3.500e+01 ; 4.800e+00 ; 2.400e+00 ; 8.7429003e+01 ; 8.9205383e+01 
3.500e+01 ; 4.800e+00 ; 2.400e+00 ; 8.7557003e+01 ; 8.9140106e+01 
3.500e+01 ; 4.800e+00 ; 2.400e+00 ; 8.7813003e+01 ; 8.9007881e+01 
3.500e+01 ; 4.800e+00 ; 2.400e+00 ; 8.8270003e+01 ; 8.8769424e+01 
3.500e+01 ; 4.800e+00 ; 2.400e+00 ; 8.8270003e+01 ; 8.8769424e+01 
3.500e+01 ; 4.800e+00 ; 2.400e+00 ; 8.8271003e+01 ; 8.8768906e+01 
3.500e+01 ; 4.800e+00 ; 2.400e+00 ; 8.8272003e+01 ; 8.8768379e+01 
3.500e+01 ; 4.800e+00 ; 2.400e+00 ; 8.8273003e+01 ; 8.8767860e+01 
3.500e+01 ; 4.800e+00 ; 2.400e+00 ; 8.8275003e+01 ; 8.8766815e+01 
3.500e+01 ; 4.800e+00 ; 2.400e+00 ; 8.8279003e+01 ; 8.8764725e+01 
3.500e+01 ; 4.800e+00 ; 2.400e+00 ; 8.8287003e+01 ; 8.8760551e+01 
3.500e+01 ; 4.800e+00 ; 2.400e+00 ; 8.8303003e+01 ; 8.8752197e+01 
3.500e+01 ; 4.800e+00 ; 2.400e+00 ; 8.8335003e+01 ; 8.8735481e+01 
3.500e+01 ; 4.800e+00 ; 2.400e+00 ; 8.8399003e+01 ; 8.8702011e+01 
3.500e+01 ; 4.800e+00 ; 2.400e+00 ; 8.8527003e+01 ; 8.8634995e+01 
3.500e+01 ; 4.800e+00 ; 2.400e+00 ; 8.8783003e+01 ; 8.8501030e+01 
3.500e+01 ; 4.800e+00 ; 2.400e+00 ; 8.9240003e+01 ; 8.8263603e+01 
3.500e+01 ; 4.800e+00 ; 2.400e+00 ; 8.9240003e+01 ; 8.8263603e+01 
3.500e+01 ; 4.800e+00 ; 2.400e+00 ; 8.9241003e+01 ; 8.8263084e+01 
3.500e+01 ; 4.800e+00 ; 2.400e+00 ; 8.9242003e+01 ; 8.8262566e+01 
3.500e+01 ; 4.800e+00 ; 2.400e+00 ; 8.9243003e+01 ; 8.8262047e+01 
3.500e+01 ; 4.800e+00 ; 2.400e+00 ; 8.9245003e+01 ; 8.8261009e+01 
3.500e+01 ; 4.800e+00 ; 2.400e+00 ; 8.9249003e+01 ; 8.8258926e+01 
3.500e+01 ; 4.800e+00 ; 2.400e+00 ; 8.9257003e+01 ; 8.8254776e+01 
3.500e+01 ; 4.800e+00 ; 2.400e+00 ; 8.9273003e+01 ; 8.8246468e+01 
3.500e+01 ; 4.800e+00 ; 2.400e+00 ; 8.9305003e+01 ; 8.8229858e+01 
3.500e+01 ; 4.800e+00 ; 2.400e+00 ; 8.9369003e+01 ; 8.8196693e+01 
3.500e+01 ; 4.800e+00 ; 2.400e+00 ; 8.9497003e+01 ; 8.8130547e+01 
3.500e+01 ; 4.800e+00 ; 2.400e+00 ; 8.9753003e+01 ; 8.7999222e+01 
3.500e+01 ; 4.800e+00 ; 2.400e+00 ; 9.0210003e+01 ; 8.7768684e+01 
3.500e+01 ; 4.800e+00 ; 2.400e+00 ; 9.0210003e+01 ; 8.7768684e+01 
3.500e+01 ; 4.800e+00 ; 2.400e+00 ; 9.0211003e+01 ; 8.7768181e+01 
3.500e+01 ; 4.800e+00 ; 2.400e+00 ; 9.0212003e+01 ; 8.7767677e+01 
3.500e+01 ; 4.800e+00 ; 2.400e+00 ; 9.0213003e+01 ; 8.7767174e+01 
3.500e+01 ; 4.800e+00 ; 2.400e+00 ; 9.0215003e+01 ; 8.7766159e+01 
3.500e+01 ; 4.800e+00 ; 2.400e+00 ; 9.0219003e+01 ; 8.7764145e+01 
3.500e+01 ; 4.800e+00 ; 2.400e+00 ; 9.0227003e+01 ; 8.7760109e+01 
3.500e+01 ; 4.800e+00 ; 2.400e+00 ; 9.0243003e+01 ; 8.7752052e+01 
3.500e+01 ; 4.800e+00 ; 2.400e+00 ; 9.0275003e+01 ; 8.7735947e+01 
3.500e+01 ; 4.800e+00 ; 2.400e+00 ; 9.0339003e+01 ; 8.7703819e+01 
3.500e+01 ; 4.800e+00 ; 2.400e+00 ; 9.0467003e+01 ; 8.7639908e+01 
3.500e+01 ; 4.800e+00 ; 2.400e+00 ; 9.0723003e+01 ; 8.7513542e+01 
3.500e+01 ; 4.800e+00 ; 2.400e+00 ; 9.1180003e+01 ; 8.7293320e+01 
3.500e+01 ; 4.800e+00 ; 2.400e+00 ; 9.1180003e+01 ; 8.7293320e+01 
3.500e+01 ; 4.800e+00 ; 2.400e+00 ; 9.1181003e+01 ; 8.7292831e+01 
3.500e+01 ; 4.800e+00 ; 2.400e+00 ; 9.1182003e+01 ; 8.7292351e+01 
3.500e+01 ; 4.800e+00 ; 2.400e+00 ; 9.1183003e+01 ; 8.7291870e+01 
3.500e+01 ; 4.800e+00 ; 2.400e+00 ; 9.1185003e+01 ; 8.7290909e+01 
3.500e+01 ; 4.800e+00 ; 2.400e+00 ; 9.1189003e+01 ; 8.7288979e+01 
3.500e+01 ; 4.800e+00 ; 2.400e+00 ; 9.1197003e+01 ; 8.7285126e+01 
3.500e+01 ; 4.800e+00 ; 2.400e+00 ; 9.1213003e+01 ; 8.7277435e+01 
3.500e+01 ; 4.800e+00 ; 2.400e+00 ; 9.1245003e+01 ; 8.7262070e+01 
3.500e+01 ; 4.800e+00 ; 2.400e+00 ; 9.1309003e+01 ; 8.7231453e+01 
3.500e+01 ; 4.800e+00 ; 2.400e+00 ; 9.1437003e+01 ; 8.7170799e+01 
3.500e+01 ; 4.800e+00 ; 2.400e+00 ; 9.1693003e+01 ; 8.7052574e+01 
3.500e+01 ; 4.800e+00 ; 2.400e+00 ; 9.2150003e+01 ; 8.6854141e+01 
3.500e+01 ; 4.800e+00 ; 2.400e+00 ; 9.2150003e+01 ; 8.6854141e+01 
3.500e+01 ; 4.800e+00 ; 2.400e+00 ; 9.2151003e+01 ; 8.6853706e+01 
3.500e+01 ; 4.800e+00 ; 2.400e+00 ; 9.2152003e+01 ; 8.6853271e+01 
3.500e+01 ; 4.800e+00 ; 2.400e+00 ; 9.2153003e+01 ; 8.6852837e+01 
3.500e+01 ; 4.800e+00 ; 2.400e+00 ; 9.2155003e+01 ; 8.6851967e+01 
3.500e+01 ; 4.800e+00 ; 2.400e+00 ; 9.2159003e+01 ; 8.6850235e+01 
3.500e+01 ; 4.800e+00 ; 2.400e+00 ; 9.2167003e+01 ; 8.6846771e+01 
3.500e+01 ; 4.800e+00 ; 2.400e+00 ; 9.2183003e+01 ; 8.6839859e+01 
3.500e+01 ; 4.800e+00 ; 2.400e+00 ; 9.2215003e+01 ; 8.6826096e+01 
3.500e+01 ; 4.800e+00 ; 2.400e+00 ; 9.2279003e+01 ; 8.6798866e+01 
3.500e+01 ; 4.800e+00 ; 2.400e+00 ; 9.2407003e+01 ; 8.6745972e+01 
3.500e+01 ; 4.800e+00 ; 2.400e+00 ; 9.2663003e+01 ; 8.6649094e+01 
3.500e+01 ; 4.800e+00 ; 2.400e+00 ; 9.3120003e+01 ; 8.6511299e+01 
3.500e+01 ; 4.800e+00 ; 2.400e+00 ; 9.3120003e+01 ; 8.6511299e+01 
3.500e+01 ; 4.800e+00 ; 2.400e+00 ; 9.3121003e+01 ; 8.6510994e+01 
3.500e+01 ; 4.800e+00 ; 2.400e+00 ; 9.3122003e+01 ; 8.6510696e+01 
3.500e+01 ; 4.800e+00 ; 2.400e+00 ; 9.3123003e+01 ; 8.6510391e+01 
3.500e+01 ; 4.800e+00 ; 2.400e+00 ; 9.3125003e+01 ; 8.6509796e+01 
3.500e+01 ; 4.800e+00 ; 2.400e+00 ; 9.3129003e+01 ; 8.6508591e+01 
3.500e+01 ; 4.800e+00 ; 2.400e+00 ; 9.3137003e+01 ; 8.6506203e+01 
3.500e+01 ; 4.800e+00 ; 2.400e+00 ; 9.3153003e+01 ; 8.6501472e+01 
3.500e+01 ; 4.800e+00 ; 2.400e+00 ; 9.3185003e+01 ; 8.6492180e+01 
3.500e+01 ; 4.800e+00 ; 2.400e+00 ; 9.3249003e+01 ; 8.6474388e+01 
3.500e+01 ; 4.800e+00 ; 2.400e+00 ; 9.3377003e+01 ; 8.6442436e+01 
3.500e+01 ; 4.800e+00 ; 2.400e+00 ; 9.3633003e+01 ; 8.6396561e+01 
3.500e+01 ; 4.800e+00 ; 2.400e+00 ; 9.4090003e+01 ; 8.6376259e+01 
3.500e+01 ; 4.800e+00 ; 2.400e+00 ; 9.4090003e+01 ; 8.6376259e+01 
3.500e+01 ; 4.800e+00 ; 2.400e+00 ; 9.4091003e+01 ; 8.6376221e+01 
3.500e+01 ; 4.800e+00 ; 2.400e+00 ; 9.4092003e+01 ; 8.6376175e+01 
3.500e+01 ; 4.800e+00 ; 2.400e+00 ; 9.4093003e+01 ; 8.6376129e+01 
3.500e+01 ; 4.800e+00 ; 2.400e+00 ; 9.4095003e+01 ; 8.6376045e+01 
3.500e+01 ; 4.800e+00 ; 2.400e+00 ; 9.4099003e+01 ; 8.6375877e+01 
3.500e+01 ; 4.800e+00 ; 2.400e+00 ; 9.4107003e+01 ; 8.6375565e+01 
3.500e+01 ; 4.800e+00 ; 2.400e+00 ; 9.4123003e+01 ; 8.6375008e+01 
3.500e+01 ; 4.800e+00 ; 2.400e+00 ; 9.4155003e+01 ; 8.6374207e+01 
3.500e+01 ; 4.800e+00 ; 2.400e+00 ; 9.4219003e+01 ; 8.6373856e+01 
3.500e+01 ; 4.800e+00 ; 2.400e+00 ; 9.4347003e+01 ; 8.6378410e+01 
3.500e+01 ; 4.800e+00 ; 2.400e+00 ; 9.4603003e+01 ; 8.6409187e+01 
3.500e+01 ; 4.800e+00 ; 2.400e+00 ; 9.5060003e+01 ; 8.6523674e+01 
3.500e+01 ; 4.800e+00 ; 2.400e+00 ; 9.5060003e+01 ; 8.6523674e+01 
3.500e+01 ; 4.800e+00 ; 2.400e+00 ; 9.5061003e+01 ; 8.6523926e+01 
3.500e+01 ; 4.800e+00 ; 2.400e+00 ; 9.5062003e+01 ; 8.6524178e+01 
3.500e+01 ; 4.800e+00 ; 2.400e+00 ; 9.5063003e+01 ; 8.6524429e+01 
3.500e+01 ; 4.800e+00 ; 2.400e+00 ; 9.5065003e+01 ; 8.6524933e+01 
3.500e+01 ; 4.800e+00 ; 2.400e+00 ; 9.5069003e+01 ; 8.6525948e+01 
3.500e+01 ; 4.800e+00 ; 2.400e+00 ; 9.5077003e+01 ; 8.6527992e+01 
3.500e+01 ; 4.800e+00 ; 2.400e+00 ; 9.5093003e+01 ; 8.6532143e+01 
3.500e+01 ; 4.800e+00 ; 2.400e+00 ; 9.5125003e+01 ; 8.6540749e+01 
3.500e+01 ; 4.800e+00 ; 2.400e+00 ; 9.5189003e+01 ; 8.6559052e+01 
3.500e+01 ; 4.800e+00 ; 2.400e+00 ; 9.5317003e+01 ; 8.6599785e+01 
3.500e+01 ; 4.800e+00 ; 2.400e+00 ; 9.5573003e+01 ; 8.6694519e+01 
3.500e+01 ; 4.800e+00 ; 2.400e+00 ; 9.6030003e+01 ; 8.6885002e+01 
3.500e+01 ; 4.800e+00 ; 2.400e+00 ; 9.6030003e+01 ; 8.6885002e+01 
3.500e+01 ; 4.800e+00 ; 2.400e+00 ; 9.6031003e+01 ; 8.6885422e+01 
3.500e+01 ; 4.800e+00 ; 2.400e+00 ; 9.6032003e+01 ; 8.6885841e+01 
3.500e+01 ; 4.800e+00 ; 2.400e+00 ; 9.6033003e+01 ; 8.6886253e+01 
3.500e+01 ; 4.800e+00 ; 2.400e+00 ; 9.6035003e+01 ; 8.6887093e+01 
3.500e+01 ; 4.800e+00 ; 2.400e+00 ; 9.6039003e+01 ; 8.6888763e+01 
3.500e+01 ; 4.800e+00 ; 2.400e+00 ; 9.6047003e+01 ; 8.6892113e+01 
3.500e+01 ; 4.800e+00 ; 2.400e+00 ; 9.6063003e+01 ; 8.6898827e+01 
3.500e+01 ; 4.800e+00 ; 2.400e+00 ; 9.6095003e+01 ; 8.6912361e+01 
3.500e+01 ; 4.800e+00 ; 2.400e+00 ; 9.6159003e+01 ; 8.6939720e+01 
3.500e+01 ; 4.800e+00 ; 2.400e+00 ; 9.6287003e+01 ; 8.6995087e+01 
3.500e+01 ; 4.800e+00 ; 2.400e+00 ; 9.6543003e+01 ; 8.7104416e+01 
3.500e+01 ; 4.800e+00 ; 2.400e+00 ; 9.7000003e+01 ; 8.7277390e+01 
3.500e+01 ; 4.800e+00 ; 2.400e+00 ; 9.7000003e+01 ; 8.7277390e+01 
3.500e+01 ; 4.800e+00 ; 2.400e+00 ; 9.7001003e+01 ; 8.7277763e+01 
3.500e+01 ; 4.800e+00 ; 2.400e+00 ; 9.7002003e+01 ; 8.7278145e+01 
3.500e+01 ; 4.800e+00 ; 2.400e+00 ; 9.7003003e+01 ; 8.7278526e+01 
3.500e+01 ; 4.800e+00 ; 2.400e+00 ; 9.7005003e+01 ; 8.7279282e+01 
3.500e+01 ; 4.800e+00 ; 2.400e+00 ; 9.7009003e+01 ; 8.7280792e+01 
3.500e+01 ; 4.800e+00 ; 2.400e+00 ; 9.7017003e+01 ; 8.7283806e+01 
3.500e+01 ; 4.800e+00 ; 2.400e+00 ; 9.7033003e+01 ; 8.7289803e+01 
3.500e+01 ; 4.800e+00 ; 2.400e+00 ; 9.7065003e+01 ; 8.7301674e+01 
3.500e+01 ; 4.800e+00 ; 2.400e+00 ; 9.7129003e+01 ; 8.7324890e+01 
3.500e+01 ; 4.800e+00 ; 2.400e+00 ; 9.7257003e+01 ; 8.7368874e+01 
3.500e+01 ; 4.800e+00 ; 2.400e+00 ; 9.7513003e+01 ; 8.7444862e+01 
3.500e+01 ; 4.800e+00 ; 2.400e+00 ; 9.7970003e+01 ; 8.7535912e+01 
3.500e+01 ; 4.800e+00 ; 2.400e+00 ; 9.7970003e+01 ; 8.7535912e+01 
3.500e+01 ; 4.800e+00 ; 2.400e+00 ; 9.7971003e+01 ; 8.7536118e+01 
3.500e+01 ; 4.800e+00 ; 2.400e+00 ; 9.7972003e+01 ; 8.7536316e+01 
3.500e+01 ; 4.800e+00 ; 2.400e+00 ; 9.7973003e+01 ; 8.7536514e+01 
3.500e+01 ; 4.800e+00 ; 2.400e+00 ; 9.7975003e+01 ; 8.7536911e+01 
3.500e+01 ; 4.800e+00 ; 2.400e+00 ; 9.7979003e+01 ; 8.7537697e+01 
3.500e+01 ; 4.800e+00 ; 2.400e+00 ; 9.7987003e+01 ; 8.7539261e+01 
3.500e+01 ; 4.800e+00 ; 2.400e+00 ; 9.8003003e+01 ; 8.7542336e+01 
3.500e+01 ; 4.800e+00 ; 2.400e+00 ; 9.8035003e+01 ; 8.7548264e+01 
3.500e+01 ; 4.800e+00 ; 2.400e+00 ; 9.8099003e+01 ; 8.7559204e+01 
3.500e+01 ; 4.800e+00 ; 2.400e+00 ; 9.8227003e+01 ; 8.7577400e+01 
3.500e+01 ; 4.800e+00 ; 2.400e+00 ; 9.8483003e+01 ; 8.7598763e+01 
3.500e+01 ; 4.800e+00 ; 2.400e+00 ; 9.8940003e+01 ; 8.7590721e+01 
3.500e+01 ; 4.800e+00 ; 2.400e+00 ; 9.8940003e+01 ; 8.7590721e+01 
3.500e+01 ; 4.800e+00 ; 2.400e+00 ; 9.8941003e+01 ; 8.7590706e+01 
3.500e+01 ; 4.800e+00 ; 2.400e+00 ; 9.8942003e+01 ; 8.7590691e+01 
3.500e+01 ; 4.800e+00 ; 2.400e+00 ; 9.8943003e+01 ; 8.7590668e+01 
3.500e+01 ; 4.800e+00 ; 2.400e+00 ; 9.8945003e+01 ; 8.7590630e+01 
3.500e+01 ; 4.800e+00 ; 2.400e+00 ; 9.8949003e+01 ; 8.7590553e+01 
3.500e+01 ; 4.800e+00 ; 2.400e+00 ; 9.8957003e+01 ; 8.7590385e+01 
3.500e+01 ; 4.800e+00 ; 2.400e+00 ; 9.8973003e+01 ; 8.7589989e+01 
3.500e+01 ; 4.800e+00 ; 2.400e+00 ; 9.9005003e+01 ; 8.7588966e+01 
3.500e+01 ; 4.800e+00 ; 2.400e+00 ; 9.9069003e+01 ; 8.7586029e+01 
3.500e+01 ; 4.800e+00 ; 2.400e+00 ; 9.9197003e+01 ; 8.7576645e+01 
3.500e+01 ; 4.800e+00 ; 2.400e+00 ; 9.9453003e+01 ; 8.7544533e+01 
3.500e+01 ; 4.800e+00 ; 2.400e+00 ; 9.9910003e+01 ; 8.7449341e+01 
3.500e+01 ; 4.800e+00 ; 2.400e+00 ; 9.9910003e+01 ; 8.7449341e+01 
3.500e+01 ; 4.800e+00 ; 2.400e+00 ; 9.9911003e+01 ; 8.7449135e+01 
3.500e+01 ; 4.800e+00 ; 2.400e+00 ; 9.9912003e+01 ; 8.7448921e+01 
3.500e+01 ; 4.800e+00 ; 2.400e+00 ; 9.9913003e+01 ; 8.7448715e+01 
3.500e+01 ; 4.800e+00 ; 2.400e+00 ; 9.9915003e+01 ; 8.7448296e+01 
3.500e+01 ; 4.800e+00 ; 2.400e+00 ; 9.9919003e+01 ; 8.7447456e+01 
3.500e+01 ; 4.800e+00 ; 2.400e+00 ; 9.9927003e+01 ; 8.7445763e+01 
3.500e+01 ; 4.800e+00 ; 2.400e+00 ; 9.9943003e+01 ; 8.7442337e+01 
3.500e+01 ; 4.800e+00 ; 2.400e+00 ; 9.9975003e+01 ; 8.7435303e+01 
3.500e+01 ; 4.800e+00 ; 2.400e+00 ; 1.0003900e+02 ; 8.7420509e+01 
3.500e+01 ; 4.800e+00 ; 2.400e+00 ; 1.0016700e+02 ; 8.7388168e+01 
3.500e+01 ; 4.800e+00 ; 2.400e+00 ; 1.0042300e+02 ; 8.7313362e+01 
3.500e+01 ; 4.800e+00 ; 2.400e+00 ; 1.0088000e+02 ; 8.7152473e+01 
3.500e+01 ; 4.800e+00 ; 2.400e+00 ; 1.0088000e+02 ; 8.7152473e+01 
3.500e+01 ; 4.800e+00 ; 2.400e+00 ; 1.0088100e+02 ; 8.7152122e+01 
3.500e+01 ; 4.800e+00 ; 2.400e+00 ; 1.0088200e+02 ; 8.7151772e+01 
3.500e+01 ; 4.800e+00 ; 2.400e+00 ; 1.0088300e+02 ; 8.7151421e+01 
3.500e+01 ; 4.800e+00 ; 2.400e+00 ; 1.0088500e+02 ; 8.7150711e+01 
3.500e+01 ; 4.800e+00 ; 2.400e+00 ; 1.0088900e+02 ; 8.7149300e+01 
3.500e+01 ; 4.800e+00 ; 2.400e+00 ; 1.0089700e+02 ; 8.7146469e+01 
3.500e+01 ; 4.800e+00 ; 2.400e+00 ; 1.0091300e+02 ; 8.7140762e+01 
3.500e+01 ; 4.800e+00 ; 2.400e+00 ; 1.0094500e+02 ; 8.7129234e+01 
3.500e+01 ; 4.800e+00 ; 2.400e+00 ; 1.0100900e+02 ; 8.7105652e+01 
3.500e+01 ; 4.800e+00 ; 2.400e+00 ; 1.0113700e+02 ; 8.7056572e+01 
3.500e+01 ; 4.800e+00 ; 2.400e+00 ; 1.0139300e+02 ; 8.6951462e+01 
3.500e+01 ; 4.800e+00 ; 2.400e+00 ; 1.0185000e+02 ; 8.6745850e+01 
3.500e+01 ; 4.800e+00 ; 2.400e+00 ; 1.0185000e+02 ; 8.6745850e+01 
3.500e+01 ; 4.800e+00 ; 2.400e+00 ; 1.0185100e+02 ; 8.6745399e+01 
3.500e+01 ; 4.800e+00 ; 2.400e+00 ; 1.0185200e+02 ; 8.6744949e+01 
3.500e+01 ; 4.800e+00 ; 2.400e+00 ; 1.0185300e+02 ; 8.6744499e+01 
3.500e+01 ; 4.800e+00 ; 2.400e+00 ; 1.0185500e+02 ; 8.6743599e+01 
3.500e+01 ; 4.800e+00 ; 2.400e+00 ; 1.0185900e+02 ; 8.6741798e+01 
3.500e+01 ; 4.800e+00 ; 2.400e+00 ; 1.0186700e+02 ; 8.6738182e+01 
3.500e+01 ; 4.800e+00 ; 2.400e+00 ; 1.0188300e+02 ; 8.6730942e+01 
3.500e+01 ; 4.800e+00 ; 2.400e+00 ; 1.0191500e+02 ; 8.6716370e+01 
3.500e+01 ; 4.800e+00 ; 2.400e+00 ; 1.0197900e+02 ; 8.6686890e+01 
3.500e+01 ; 4.800e+00 ; 2.400e+00 ; 1.0210700e+02 ; 8.6626701e+01 
3.500e+01 ; 4.800e+00 ; 2.400e+00 ; 1.0236300e+02 ; 8.6501991e+01 
3.500e+01 ; 4.800e+00 ; 2.400e+00 ; 1.0282000e+02 ; 8.6268692e+01 
3.500e+01 ; 4.800e+00 ; 2.400e+00 ; 1.0282000e+02 ; 8.6268692e+01 
3.500e+01 ; 4.800e+00 ; 2.400e+00 ; 1.0283000e+02 ; 8.6263580e+01 
3.500e+01 ; 4.800e+00 ; 2.400e+00 ; 1.0284000e+02 ; 8.6258461e+01 
3.500e+01 ; 4.800e+00 ; 2.400e+00 ; 1.0285000e+02 ; 8.6253342e+01 
3.500e+01 ; 4.800e+00 ; 2.400e+00 ; 1.0287000e+02 ; 8.6243080e+01 
3.500e+01 ; 4.800e+00 ; 2.400e+00 ; 1.0291000e+02 ; 8.6222481e+01 
3.500e+01 ; 4.800e+00 ; 2.400e+00 ; 1.0299000e+02 ; 8.6180992e+01 
3.500e+01 ; 4.800e+00 ; 2.400e+00 ; 1.0315000e+02 ; 8.6096962e+01 
3.500e+01 ; 4.800e+00 ; 2.400e+00 ; 1.0347000e+02 ; 8.5925522e+01 
3.500e+01 ; 4.800e+00 ; 2.400e+00 ; 1.0411000e+02 ; 8.5574577e+01 
3.500e+01 ; 4.800e+00 ; 2.400e+00 ; 1.0507000e+02 ; 8.5043045e+01 
3.500e+01 ; 4.800e+00 ; 2.400e+00 ; 1.0651000e+02 ; 8.4260452e+01 
3.500e+01 ; 4.800e+00 ; 2.400e+00 ; 1.0782000e+02 ; 8.3572441e+01