X ; Y ; Z ; time ; Temperature 
3.500e+01 ; 6.400e+00 ; 2.400e+00 ; 0.0000000e+00 ; 2.6900000e+02 
3.500e+01 ; 6.400e+00 ; 2.400e+00 ; 1.0000000e-03 ; 2.6900000e+02 
3.500e+01 ; 6.400e+00 ; 2.400e+00 ; 2.0000001e-03 ; 2.6900000e+02 
3.500e+01 ; 6.400e+00 ; 2.400e+00 ; 3.0000000e-03 ; 2.6900000e+02 
3.500e+01 ; 6.400e+00 ; 2.400e+00 ; 4.9999999e-03 ; 2.6900000e+02 
3.500e+01 ; 6.400e+00 ; 2.400e+00 ; 8.9999996e-03 ; 2.6900000e+02 
3.500e+01 ; 6.400e+00 ; 2.400e+00 ; 1.7000001e-02 ; 2.6900000e+02 
3.500e+01 ; 6.400e+00 ; 2.400e+00 ; 3.3000000e-02 ; 2.6900000e+02 
3.500e+01 ; 6.400e+00 ; 2.400e+00 ; 6.4999998e-02 ; 2.6900000e+02 
3.500e+01 ; 6.400e+00 ; 2.400e+00 ; 1.2899999e-01 ; 2.6900000e+02 
3.500e+01 ; 6.400e+00 ; 2.400e+00 ; 2.5700000e-01 ; 2.6900000e+02 
3.500e+01 ; 6.400e+00 ; 2.400e+00 ; 5.1300001e-01 ; 2.6900000e+02 
3.500e+01 ; 6.400e+00 ; 2.400e+00 ; 7.6899999e-01 ; 2.6900000e+02 
3.500e+01 ; 6.400e+00 ; 2.400e+00 ; 9.7000003e-01 ; 2.6900000e+02 
3.500e+01 ; 6.400e+00 ; 2.400e+00 ; 9.7000003e-01 ; 2.6900000e+02 
3.500e+01 ; 6.400e+00 ; 2.400e+00 ; 9.7100003e-01 ; 2.6900000e+02 
3.500e+01 ; 6.400e+00 ; 2.400e+00 ; 9.7200003e-01 ; 2.6900000e+02 
3.500e+01 ; 6.400e+00 ; 2.400e+00 ; 9.7300003e-01 ; 2.6900000e+02 
3.500e+01 ; 6.400e+00 ; 2.400e+00 ; 9.7500003e-01 ; 2.6900000e+02 
3.500e+01 ; 6.400e+00 ; 2.400e+00 ; 9.7900003e-01 ; 2.6900000e+02 
3.500e+01 ; 6.400e+00 ; 2.400e+00 ; 9.8700003e-01 ; 2.6900000e+02 
3.500e+01 ; 6.400e+00 ; 2.400e+00 ; 1.0030000e+00 ; 2.6900000e+02 
3.500e+01 ; 6.400e+00 ; 2.400e+00 ; 1.0350000e+00 ; 2.6900000e+02 
3.500e+01 ; 6.400e+00 ; 2.400e+00 ; 1.0990000e+00 ; 2.6900000e+02 
3.500e+01 ; 6.400e+00 ; 2.400e+00 ; 1.2270000e+00 ; 2.6900000e+02 
3.500e+01 ; 6.400e+00 ; 2.400e+00 ; 1.4830000e+00 ; 2.6900000e+02 
3.500e+01 ; 6.400e+00 ; 2.400e+00 ; 1.9400001e+00 ; 2.6900000e+02 
3.500e+01 ; 6.400e+00 ; 2.400e+00 ; 1.9400001e+00 ; 2.6900000e+02 
3.500e+01 ; 6.400e+00 ; 2.400e+00 ; 1.9410001e+00 ; 2.6900000e+02 
3.500e+01 ; 6.400e+00 ; 2.400e+00 ; 1.9420001e+00 ; 2.6900000e+02 
3.500e+01 ; 6.400e+00 ; 2.400e+00 ; 1.9430001e+00 ; 2.6900000e+02 
3.500e+01 ; 6.400e+00 ; 2.400e+00 ; 1.9450001e+00 ; 2.6900000e+02 
3.500e+01 ; 6.400e+00 ; 2.400e+00 ; 1.9490001e+00 ; 2.6900000e+02 
3.500e+01 ; 6.400e+00 ; 2.400e+00 ; 1.9570001e+00 ; 2.6900000e+02 
3.500e+01 ; 6.400e+00 ; 2.400e+00 ; 1.9730001e+00 ; 2.6900000e+02 
3.500e+01 ; 6.400e+00 ; 2.400e+00 ; 2.0050001e+00 ; 2.6900000e+02 
3.500e+01 ; 6.400e+00 ; 2.400e+00 ; 2.0690001e+00 ; 2.6900000e+02 
3.500e+01 ; 6.400e+00 ; 2.400e+00 ; 2.1970001e+00 ; 2.6900000e+02 
3.500e+01 ; 6.400e+00 ; 2.400e+00 ; 2.4530001e+00 ; 2.6900000e+02 
3.500e+01 ; 6.400e+00 ; 2.400e+00 ; 2.9100001e+00 ; 2.6900000e+02 
3.500e+01 ; 6.400e+00 ; 2.400e+00 ; 2.9100001e+00 ; 2.6900000e+02 
3.500e+01 ; 6.400e+00 ; 2.400e+00 ; 2.9110001e+00 ; 2.6900000e+02 
3.500e+01 ; 6.400e+00 ; 2.400e+00 ; 2.9120001e+00 ; 2.6900000e+02 
3.500e+01 ; 6.400e+00 ; 2.400e+00 ; 2.9130001e+00 ; 2.6900000e+02 
3.500e+01 ; 6.400e+00 ; 2.400e+00 ; 2.9150001e+00 ; 2.6900000e+02 
3.500e+01 ; 6.400e+00 ; 2.400e+00 ; 2.9190001e+00 ; 2.6900000e+02 
3.500e+01 ; 6.400e+00 ; 2.400e+00 ; 2.9270001e+00 ; 2.6900000e+02 
3.500e+01 ; 6.400e+00 ; 2.400e+00 ; 2.9430001e+00 ; 2.6900000e+02 
3.500e+01 ; 6.400e+00 ; 2.400e+00 ; 2.9750001e+00 ; 2.6900000e+02 
3.500e+01 ; 6.400e+00 ; 2.400e+00 ; 3.0390001e+00 ; 2.6900000e+02 
3.500e+01 ; 6.400e+00 ; 2.400e+00 ; 3.1670001e+00 ; 2.6900000e+02 
3.500e+01 ; 6.400e+00 ; 2.400e+00 ; 3.4230001e+00 ; 2.6900000e+02 
3.500e+01 ; 6.400e+00 ; 2.400e+00 ; 3.8800001e+00 ; 2.6900000e+02 
3.500e+01 ; 6.400e+00 ; 2.400e+00 ; 3.8800001e+00 ; 2.6900000e+02 
3.500e+01 ; 6.400e+00 ; 2.400e+00 ; 3.8810001e+00 ; 2.6900000e+02 
3.500e+01 ; 6.400e+00 ; 2.400e+00 ; 3.8820001e+00 ; 2.6900000e+02 
3.500e+01 ; 6.400e+00 ; 2.400e+00 ; 3.8830001e+00 ; 2.6900000e+02 
3.500e+01 ; 6.400e+00 ; 2.400e+00 ; 3.8850001e+00 ; 2.6900000e+02 
3.500e+01 ; 6.400e+00 ; 2.400e+00 ; 3.8890001e+00 ; 2.6900000e+02 
3.500e+01 ; 6.400e+00 ; 2.400e+00 ; 3.8970001e+00 ; 2.6900000e+02 
3.500e+01 ; 6.400e+00 ; 2.400e+00 ; 3.9130001e+00 ; 2.6900000e+02 
3.500e+01 ; 6.400e+00 ; 2.400e+00 ; 3.9450001e+00 ; 2.6900000e+02 
3.500e+01 ; 6.400e+00 ; 2.400e+00 ; 4.0090001e+00 ; 2.6900000e+02 
3.500e+01 ; 6.400e+00 ; 2.400e+00 ; 4.1370001e+00 ; 2.6900000e+02 
3.500e+01 ; 6.400e+00 ; 2.400e+00 ; 4.3930001e+00 ; 2.6900000e+02 
3.500e+01 ; 6.400e+00 ; 2.400e+00 ; 4.8500001e+00 ; 2.6900000e+02 
3.500e+01 ; 6.400e+00 ; 2.400e+00 ; 4.8500001e+00 ; 2.6900000e+02 
3.500e+01 ; 6.400e+00 ; 2.400e+00 ; 4.8510001e+00 ; 2.6900000e+02 
3.500e+01 ; 6.400e+00 ; 2.400e+00 ; 4.8520001e+00 ; 2.6900000e+02 
3.500e+01 ; 6.400e+00 ; 2.400e+00 ; 4.8530001e+00 ; 2.6900000e+02 
3.500e+01 ; 6.400e+00 ; 2.400e+00 ; 4.8550001e+00 ; 2.6900000e+02 
3.500e+01 ; 6.400e+00 ; 2.400e+00 ; 4.8590001e+00 ; 2.6900000e+02 
3.500e+01 ; 6.400e+00 ; 2.400e+00 ; 4.8670001e+00 ; 2.6900000e+02 
3.500e+01 ; 6.400e+00 ; 2.400e+00 ; 4.8830001e+00 ; 2.6900000e+02 
3.500e+01 ; 6.400e+00 ; 2.400e+00 ; 4.9150001e+00 ; 2.6900000e+02 
3.500e+01 ; 6.400e+00 ; 2.400e+00 ; 4.9790001e+00 ; 2.6900000e+02 
3.500e+01 ; 6.400e+00 ; 2.400e+00 ; 5.1070001e+00 ; 2.6900000e+02 
3.500e+01 ; 6.400e+00 ; 2.400e+00 ; 5.3630002e+00 ; 2.6900000e+02 
3.500e+01 ; 6.400e+00 ; 2.400e+00 ; 5.8200002e+00 ; 2.6900000e+02 
3.500e+01 ; 6.400e+00 ; 2.400e+00 ; 5.8200002e+00 ; 2.6900000e+02 
3.500e+01 ; 6.400e+00 ; 2.400e+00 ; 5.8210002e+00 ; 2.6900000e+02 
3.500e+01 ; 6.400e+00 ; 2.400e+00 ; 5.8220002e+00 ; 2.6900000e+02 
3.500e+01 ; 6.400e+00 ; 2.400e+00 ; 5.8230002e+00 ; 2.6900000e+02 
3.500e+01 ; 6.400e+00 ; 2.400e+00 ; 5.8250002e+00 ; 2.6900000e+02 
3.500e+01 ; 6.400e+00 ; 2.400e+00 ; 5.8290002e+00 ; 2.6900000e+02 
3.500e+01 ; 6.400e+00 ; 2.400e+00 ; 5.8370002e+00 ; 2.6900000e+02 
3.500e+01 ; 6.400e+00 ; 2.400e+00 ; 5.8530002e+00 ; 2.6900000e+02 
3.500e+01 ; 6.400e+00 ; 2.400e+00 ; 5.8850002e+00 ; 2.6900000e+02 
3.500e+01 ; 6.400e+00 ; 2.400e+00 ; 5.9490002e+00 ; 2.6900000e+02 
3.500e+01 ; 6.400e+00 ; 2.400e+00 ; 6.0770002e+00 ; 2.6900000e+02 
3.500e+01 ; 6.400e+00 ; 2.400e+00 ; 6.3330002e+00 ; 2.6900000e+02 
3.500e+01 ; 6.400e+00 ; 2.400e+00 ; 6.7900002e+00 ; 2.6900000e+02 
3.500e+01 ; 6.400e+00 ; 2.400e+00 ; 6.7900002e+00 ; 2.6900000e+02 
3.500e+01 ; 6.400e+00 ; 2.400e+00 ; 6.7910002e+00 ; 2.6900000e+02 
3.500e+01 ; 6.400e+00 ; 2.400e+00 ; 6.7920002e+00 ; 2.6900000e+02 
3.500e+01 ; 6.400e+00 ; 2.400e+00 ; 6.7930002e+00 ; 2.6900000e+02 
3.500e+01 ; 6.400e+00 ; 2.400e+00 ; 6.7950002e+00 ; 2.6900000e+02 
3.500e+01 ; 6.400e+00 ; 2.400e+00 ; 6.7990002e+00 ; 2.6900000e+02 
3.500e+01 ; 6.400e+00 ; 2.400e+00 ; 6.8070002e+00 ; 2.6900000e+02 
3.500e+01 ; 6.400e+00 ; 2.400e+00 ; 6.8230002e+00 ; 2.6900000e+02 
3.500e+01 ; 6.400e+00 ; 2.400e+00 ; 6.8550002e+00 ; 2.6900000e+02 
3.500e+01 ; 6.400e+00 ; 2.400e+00 ; 6.9190002e+00 ; 2.6900000e+02 
3.500e+01 ; 6.400e+00 ; 2.400e+00 ; 7.0470002e+00 ; 2.6900000e+02 
3.500e+01 ; 6.400e+00 ; 2.400e+00 ; 7.3030002e+00 ; 2.6900000e+02 
3.500e+01 ; 6.400e+00 ; 2.400e+00 ; 7.7600002e+00 ; 2.6900000e+02 
3.500e+01 ; 6.400e+00 ; 2.400e+00 ; 7.7600002e+00 ; 2.6900000e+02 
3.500e+01 ; 6.400e+00 ; 2.400e+00 ; 7.7610002e+00 ; 2.6900000e+02 
3.500e+01 ; 6.400e+00 ; 2.400e+00 ; 7.7620002e+00 ; 2.6900000e+02 
3.500e+01 ; 6.400e+00 ; 2.400e+00 ; 7.7630002e+00 ; 2.6900000e+02 
3.500e+01 ; 6.400e+00 ; 2.400e+00 ; 7.7650002e+00 ; 2.6900000e+02 
3.500e+01 ; 6.400e+00 ; 2.400e+00 ; 7.7690002e+00 ; 2.6900000e+02 
3.500e+01 ; 6.400e+00 ; 2.400e+00 ; 7.7770002e+00 ; 2.6900000e+02 
3.500e+01 ; 6.400e+00 ; 2.400e+00 ; 7.7930002e+00 ; 2.6900000e+02 
3.500e+01 ; 6.400e+00 ; 2.400e+00 ; 7.8250002e+00 ; 2.6900000e+02 
3.500e+01 ; 6.400e+00 ; 2.400e+00 ; 7.8890002e+00 ; 2.6900000e+02 
3.500e+01 ; 6.400e+00 ; 2.400e+00 ; 8.0170002e+00 ; 2.6900000e+02 
3.500e+01 ; 6.400e+00 ; 2.400e+00 ; 8.2730002e+00 ; 2.6900000e+02 
3.500e+01 ; 6.400e+00 ; 2.400e+00 ; 8.7300003e+00 ; 2.6900000e+02 
3.500e+01 ; 6.400e+00 ; 2.400e+00 ; 8.7300003e+00 ; 2.6900000e+02 
3.500e+01 ; 6.400e+00 ; 2.400e+00 ; 8.7310003e+00 ; 2.6900000e+02 
3.500e+01 ; 6.400e+00 ; 2.400e+00 ; 8.7320003e+00 ; 2.6900000e+02 
3.500e+01 ; 6.400e+00 ; 2.400e+00 ; 8.7330003e+00 ; 2.6900000e+02 
3.500e+01 ; 6.400e+00 ; 2.400e+00 ; 8.7350003e+00 ; 2.6900000e+02 
3.500e+01 ; 6.400e+00 ; 2.400e+00 ; 8.7390003e+00 ; 2.6900000e+02 
3.500e+01 ; 6.400e+00 ; 2.400e+00 ; 8.7470003e+00 ; 2.6900000e+02 
3.500e+01 ; 6.400e+00 ; 2.400e+00 ; 8.7630003e+00 ; 2.6900000e+02 
3.500e+01 ; 6.400e+00 ; 2.400e+00 ; 8.7950003e+00 ; 2.6900000e+02 
3.500e+01 ; 6.400e+00 ; 2.400e+00 ; 8.8590003e+00 ; 2.6900000e+02 
3.500e+01 ; 6.400e+00 ; 2.400e+00 ; 8.9870003e+00 ; 2.6900000e+02 
3.500e+01 ; 6.400e+00 ; 2.400e+00 ; 9.2430003e+00 ; 2.6900000e+02 
3.500e+01 ; 6.400e+00 ; 2.400e+00 ; 9.7000003e+00 ; 2.6900000e+02 
3.500e+01 ; 6.400e+00 ; 2.400e+00 ; 9.7000003e+00 ; 2.6900000e+02 
3.500e+01 ; 6.400e+00 ; 2.400e+00 ; 9.7010003e+00 ; 2.6900000e+02 
3.500e+01 ; 6.400e+00 ; 2.400e+00 ; 9.7020003e+00 ; 2.6900000e+02 
3.500e+01 ; 6.400e+00 ; 2.400e+00 ; 9.7030003e+00 ; 2.6900000e+02 
3.500e+01 ; 6.400e+00 ; 2.400e+00 ; 9.7050003e+00 ; 2.6900000e+02 
3.500e+01 ; 6.400e+00 ; 2.400e+00 ; 9.7090003e+00 ; 2.6900000e+02 
3.500e+01 ; 6.400e+00 ; 2.400e+00 ; 9.7170003e+00 ; 2.6900000e+02 
3.500e+01 ; 6.400e+00 ; 2.400e+00 ; 9.7330003e+00 ; 2.6900000e+02 
3.500e+01 ; 6.400e+00 ; 2.400e+00 ; 9.7650003e+00 ; 2.6900000e+02 
3.500e+01 ; 6.400e+00 ; 2.400e+00 ; 9.8290003e+00 ; 2.6900000e+02 
3.500e+01 ; 6.400e+00 ; 2.400e+00 ; 9.9570003e+00 ; 2.6900000e+02 
3.500e+01 ; 6.400e+00 ; 2.400e+00 ; 1.0213000e+01 ; 2.6900000e+02 
3.500e+01 ; 6.400e+00 ; 2.400e+00 ; 1.0670000e+01 ; 2.6900000e+02 
3.500e+01 ; 6.400e+00 ; 2.400e+00 ; 1.0670000e+01 ; 2.6900000e+02 
3.500e+01 ; 6.400e+00 ; 2.400e+00 ; 1.0671000e+01 ; 2.6900000e+02 
3.500e+01 ; 6.400e+00 ; 2.400e+00 ; 1.0672000e+01 ; 2.6900000e+02 
3.500e+01 ; 6.400e+00 ; 2.400e+00 ; 1.0673000e+01 ; 2.6900000e+02 
3.500e+01 ; 6.400e+00 ; 2.400e+00 ; 1.0675000e+01 ; 2.6900000e+02 
3.500e+01 ; 6.400e+00 ; 2.400e+00 ; 1.0679000e+01 ; 2.6900000e+02 
3.500e+01 ; 6.400e+00 ; 2.400e+00 ; 1.0687000e+01 ; 2.6900000e+02 
3.500e+01 ; 6.400e+00 ; 2.400e+00 ; 1.0703000e+01 ; 2.6900000e+02 
3.500e+01 ; 6.400e+00 ; 2.400e+00 ; 1.0735000e+01 ; 2.6900000e+02 
3.500e+01 ; 6.400e+00 ; 2.400e+00 ; 1.0799000e+01 ; 2.6900000e+02 
3.500e+01 ; 6.400e+00 ; 2.400e+00 ; 1.0927000e+01 ; 2.6900000e+02 
3.500e+01 ; 6.400e+00 ; 2.400e+00 ; 1.1183000e+01 ; 2.6900000e+02 
3.500e+01 ; 6.400e+00 ; 2.400e+00 ; 1.1640000e+01 ; 2.6900000e+02 
3.500e+01 ; 6.400e+00 ; 2.400e+00 ; 1.1640000e+01 ; 2.6900000e+02 
3.500e+01 ; 6.400e+00 ; 2.400e+00 ; 1.1641000e+01 ; 2.6900000e+02 
3.500e+01 ; 6.400e+00 ; 2.400e+00 ; 1.1642000e+01 ; 2.6900000e+02 
3.500e+01 ; 6.400e+00 ; 2.400e+00 ; 1.1643000e+01 ; 2.6900000e+02 
3.500e+01 ; 6.400e+00 ; 2.400e+00 ; 1.1645000e+01 ; 2.6900000e+02 
3.500e+01 ; 6.400e+00 ; 2.400e+00 ; 1.1649000e+01 ; 2.6900000e+02 
3.500e+01 ; 6.400e+00 ; 2.400e+00 ; 1.1657000e+01 ; 2.6900000e+02 
3.500e+01 ; 6.400e+00 ; 2.400e+00 ; 1.1673000e+01 ; 2.6900000e+02 
3.500e+01 ; 6.400e+00 ; 2.400e+00 ; 1.1705000e+01 ; 2.6900000e+02 
3.500e+01 ; 6.400e+00 ; 2.400e+00 ; 1.1769000e+01 ; 2.6900000e+02 
3.500e+01 ; 6.400e+00 ; 2.400e+00 ; 1.1897000e+01 ; 2.6900000e+02 
3.500e+01 ; 6.400e+00 ; 2.400e+00 ; 1.2153000e+01 ; 2.6900000e+02 
3.500e+01 ; 6.400e+00 ; 2.400e+00 ; 1.2610000e+01 ; 2.6900000e+02 
3.500e+01 ; 6.400e+00 ; 2.400e+00 ; 1.2610000e+01 ; 2.6900000e+02 
3.500e+01 ; 6.400e+00 ; 2.400e+00 ; 1.2611000e+01 ; 2.6900000e+02 
3.500e+01 ; 6.400e+00 ; 2.400e+00 ; 1.2612000e+01 ; 2.6900000e+02 
3.500e+01 ; 6.400e+00 ; 2.400e+00 ; 1.2613000e+01 ; 2.6900000e+02 
3.500e+01 ; 6.400e+00 ; 2.400e+00 ; 1.2615000e+01 ; 2.6900000e+02 
3.500e+01 ; 6.400e+00 ; 2.400e+00 ; 1.2619000e+01 ; 2.6900000e+02 
3.500e+01 ; 6.400e+00 ; 2.400e+00 ; 1.2627000e+01 ; 2.6900000e+02 
3.500e+01 ; 6.400e+00 ; 2.400e+00 ; 1.2643000e+01 ; 2.6900000e+02 
3.500e+01 ; 6.400e+00 ; 2.400e+00 ; 1.2675000e+01 ; 2.6900000e+02 
3.500e+01 ; 6.400e+00 ; 2.400e+00 ; 1.2739000e+01 ; 2.6900000e+02 
3.500e+01 ; 6.400e+00 ; 2.400e+00 ; 1.2867000e+01 ; 2.6900000e+02 
3.500e+01 ; 6.400e+00 ; 2.400e+00 ; 1.3123000e+01 ; 2.6900000e+02 
3.500e+01 ; 6.400e+00 ; 2.400e+00 ; 1.3580000e+01 ; 2.6900000e+02 
3.500e+01 ; 6.400e+00 ; 2.400e+00 ; 1.3580000e+01 ; 2.6900000e+02 
3.500e+01 ; 6.400e+00 ; 2.400e+00 ; 1.3581000e+01 ; 2.6900000e+02 
3.500e+01 ; 6.400e+00 ; 2.400e+00 ; 1.3582000e+01 ; 2.6900000e+02 
3.500e+01 ; 6.400e+00 ; 2.400e+00 ; 1.3583000e+01 ; 2.6900000e+02 
3.500e+01 ; 6.400e+00 ; 2.400e+00 ; 1.3585000e+01 ; 2.6900000e+02 
3.500e+01 ; 6.400e+00 ; 2.400e+00 ; 1.3589000e+01 ; 2.6900000e+02 
3.500e+01 ; 6.400e+00 ; 2.400e+00 ; 1.3597000e+01 ; 2.6900000e+02 
3.500e+01 ; 6.400e+00 ; 2.400e+00 ; 1.3613000e+01 ; 2.6900000e+02 
3.500e+01 ; 6.400e+00 ; 2.400e+00 ; 1.3645000e+01 ; 2.6900000e+02 
3.500e+01 ; 6.400e+00 ; 2.400e+00 ; 1.3709000e+01 ; 2.6900000e+02 
3.500e+01 ; 6.400e+00 ; 2.400e+00 ; 1.3837000e+01 ; 2.6900000e+02 
3.500e+01 ; 6.400e+00 ; 2.400e+00 ; 1.4093000e+01 ; 2.6900000e+02 
3.500e+01 ; 6.400e+00 ; 2.400e+00 ; 1.4550000e+01 ; 2.6900000e+02 
3.500e+01 ; 6.400e+00 ; 2.400e+00 ; 1.4550000e+01 ; 2.6900000e+02 
3.500e+01 ; 6.400e+00 ; 2.400e+00 ; 1.4551000e+01 ; 2.6900000e+02 
3.500e+01 ; 6.400e+00 ; 2.400e+00 ; 1.4552000e+01 ; 2.6900000e+02 
3.500e+01 ; 6.400e+00 ; 2.400e+00 ; 1.4553000e+01 ; 2.6900000e+02 
3.500e+01 ; 6.400e+00 ; 2.400e+00 ; 1.4555000e+01 ; 2.6900000e+02 
3.500e+01 ; 6.400e+00 ; 2.400e+00 ; 1.4559000e+01 ; 2.6900000e+02 
3.500e+01 ; 6.400e+00 ; 2.400e+00 ; 1.4567000e+01 ; 2.6900000e+02 
3.500e+01 ; 6.400e+00 ; 2.400e+00 ; 1.4583000e+01 ; 2.6900000e+02 
3.500e+01 ; 6.400e+00 ; 2.400e+00 ; 1.4615000e+01 ; 2.6900000e+02 
3.500e+01 ; 6.400e+00 ; 2.400e+00 ; 1.4679000e+01 ; 2.6900000e+02 
3.500e+01 ; 6.400e+00 ; 2.400e+00 ; 1.4807000e+01 ; 2.6900000e+02 
3.500e+01 ; 6.400e+00 ; 2.400e+00 ; 1.5063000e+01 ; 2.6900000e+02 
3.500e+01 ; 6.400e+00 ; 2.400e+00 ; 1.5520000e+01 ; 2.6900000e+02 
3.500e+01 ; 6.400e+00 ; 2.400e+00 ; 1.5520000e+01 ; 2.6900000e+02 
3.500e+01 ; 6.400e+00 ; 2.400e+00 ; 1.5521000e+01 ; 2.6900000e+02 
3.500e+01 ; 6.400e+00 ; 2.400e+00 ; 1.5522000e+01 ; 2.6900000e+02 
3.500e+01 ; 6.400e+00 ; 2.400e+00 ; 1.5523000e+01 ; 2.6900000e+02 
3.500e+01 ; 6.400e+00 ; 2.400e+00 ; 1.5525000e+01 ; 2.6900000e+02 
3.500e+01 ; 6.400e+00 ; 2.400e+00 ; 1.5529000e+01 ; 2.6900000e+02 
3.500e+01 ; 6.400e+00 ; 2.400e+00 ; 1.5537000e+01 ; 2.6900000e+02 
3.500e+01 ; 6.400e+00 ; 2.400e+00 ; 1.5553000e+01 ; 2.6900000e+02 
3.500e+01 ; 6.400e+00 ; 2.400e+00 ; 1.5585000e+01 ; 2.6900000e+02 
3.500e+01 ; 6.400e+00 ; 2.400e+00 ; 1.5649000e+01 ; 2.6900000e+02 
3.500e+01 ; 6.400e+00 ; 2.400e+00 ; 1.5777000e+01 ; 2.6900000e+02 
3.500e+01 ; 6.400e+00 ; 2.400e+00 ; 1.6033000e+01 ; 2.6900000e+02 
3.500e+01 ; 6.400e+00 ; 2.400e+00 ; 1.6490000e+01 ; 2.6900000e+02 
3.500e+01 ; 6.400e+00 ; 2.400e+00 ; 1.6490000e+01 ; 2.6900000e+02 
3.500e+01 ; 6.400e+00 ; 2.400e+00 ; 1.6491000e+01 ; 2.6900000e+02 
3.500e+01 ; 6.400e+00 ; 2.400e+00 ; 1.6492000e+01 ; 2.6900000e+02 
3.500e+01 ; 6.400e+00 ; 2.400e+00 ; 1.6493000e+01 ; 2.6900000e+02 
3.500e+01 ; 6.400e+00 ; 2.400e+00 ; 1.6495000e+01 ; 2.6900000e+02 
3.500e+01 ; 6.400e+00 ; 2.400e+00 ; 1.6499000e+01 ; 2.6900000e+02 
3.500e+01 ; 6.400e+00 ; 2.400e+00 ; 1.6507000e+01 ; 2.6900000e+02 
3.500e+01 ; 6.400e+00 ; 2.400e+00 ; 1.6523000e+01 ; 2.6900000e+02 
3.500e+01 ; 6.400e+00 ; 2.400e+00 ; 1.6555000e+01 ; 2.6900000e+02 
3.500e+01 ; 6.400e+00 ; 2.400e+00 ; 1.6619000e+01 ; 2.6900000e+02 
3.500e+01 ; 6.400e+00 ; 2.400e+00 ; 1.6747000e+01 ; 2.6900000e+02 
3.500e+01 ; 6.400e+00 ; 2.400e+00 ; 1.7003000e+01 ; 2.6900000e+02 
3.500e+01 ; 6.400e+00 ; 2.400e+00 ; 1.7460001e+01 ; 2.6900000e+02 
3.500e+01 ; 6.400e+00 ; 2.400e+00 ; 1.7460001e+01 ; 2.6900000e+02 
3.500e+01 ; 6.400e+00 ; 2.400e+00 ; 1.7461001e+01 ; 2.6900000e+02 
3.500e+01 ; 6.400e+00 ; 2.400e+00 ; 1.7462001e+01 ; 2.6900000e+02 
3.500e+01 ; 6.400e+00 ; 2.400e+00 ; 1.7463001e+01 ; 2.6900000e+02 
3.500e+01 ; 6.400e+00 ; 2.400e+00 ; 1.7465001e+01 ; 2.6900000e+02 
3.500e+01 ; 6.400e+00 ; 2.400e+00 ; 1.7469001e+01 ; 2.6900000e+02 
3.500e+01 ; 6.400e+00 ; 2.400e+00 ; 1.7477001e+01 ; 2.6900000e+02 
3.500e+01 ; 6.400e+00 ; 2.400e+00 ; 1.7493001e+01 ; 2.6900000e+02 
3.500e+01 ; 6.400e+00 ; 2.400e+00 ; 1.7525001e+01 ; 2.6900000e+02 
3.500e+01 ; 6.400e+00 ; 2.400e+00 ; 1.7589001e+01 ; 2.6900000e+02 
3.500e+01 ; 6.400e+00 ; 2.400e+00 ; 1.7717001e+01 ; 2.6900000e+02 
3.500e+01 ; 6.400e+00 ; 2.400e+00 ; 1.7973001e+01 ; 2.6900000e+02 
3.500e+01 ; 6.400e+00 ; 2.400e+00 ; 1.8430001e+01 ; 2.6900000e+02 
3.500e+01 ; 6.400e+00 ; 2.400e+00 ; 1.8430001e+01 ; 2.6900000e+02 
3.500e+01 ; 6.400e+00 ; 2.400e+00 ; 1.8431001e+01 ; 2.6900000e+02 
3.500e+01 ; 6.400e+00 ; 2.400e+00 ; 1.8432001e+01 ; 2.6900000e+02 
3.500e+01 ; 6.400e+00 ; 2.400e+00 ; 1.8433001e+01 ; 2.6900000e+02 
3.500e+01 ; 6.400e+00 ; 2.400e+00 ; 1.8435001e+01 ; 2.6900000e+02 
3.500e+01 ; 6.400e+00 ; 2.400e+00 ; 1.8439001e+01 ; 2.6900000e+02 
3.500e+01 ; 6.400e+00 ; 2.400e+00 ; 1.8447001e+01 ; 2.6900000e+02 
3.500e+01 ; 6.400e+00 ; 2.400e+00 ; 1.8463001e+01 ; 2.6900000e+02 
3.500e+01 ; 6.400e+00 ; 2.400e+00 ; 1.8495001e+01 ; 2.6900000e+02 
3.500e+01 ; 6.400e+00 ; 2.400e+00 ; 1.8559001e+01 ; 2.6900000e+02 
3.500e+01 ; 6.400e+00 ; 2.400e+00 ; 1.8687001e+01 ; 2.6900000e+02 
3.500e+01 ; 6.400e+00 ; 2.400e+00 ; 1.8943001e+01 ; 2.6900000e+02 
3.500e+01 ; 6.400e+00 ; 2.400e+00 ; 1.9400001e+01 ; 2.6900000e+02 
3.500e+01 ; 6.400e+00 ; 2.400e+00 ; 1.9400001e+01 ; 2.6900000e+02 
3.500e+01 ; 6.400e+00 ; 2.400e+00 ; 1.9401001e+01 ; 2.6900000e+02 
3.500e+01 ; 6.400e+00 ; 2.400e+00 ; 1.9402001e+01 ; 2.6900000e+02 
3.500e+01 ; 6.400e+00 ; 2.400e+00 ; 1.9403001e+01 ; 2.6900000e+02 
3.500e+01 ; 6.400e+00 ; 2.400e+00 ; 1.9405001e+01 ; 2.6900000e+02 
3.500e+01 ; 6.400e+00 ; 2.400e+00 ; 1.9409001e+01 ; 2.6900000e+02 
3.500e+01 ; 6.400e+00 ; 2.400e+00 ; 1.9417001e+01 ; 2.6900000e+02 
3.500e+01 ; 6.400e+00 ; 2.400e+00 ; 1.9433001e+01 ; 2.6900000e+02 
3.500e+01 ; 6.400e+00 ; 2.400e+00 ; 1.9465001e+01 ; 2.6900000e+02 
3.500e+01 ; 6.400e+00 ; 2.400e+00 ; 1.9529001e+01 ; 2.6900000e+02 
3.500e+01 ; 6.400e+00 ; 2.400e+00 ; 1.9657001e+01 ; 2.6900000e+02 
3.500e+01 ; 6.400e+00 ; 2.400e+00 ; 1.9913001e+01 ; 2.6900000e+02 
3.500e+01 ; 6.400e+00 ; 2.400e+00 ; 2.0370001e+01 ; 2.6900000e+02 
3.500e+01 ; 6.400e+00 ; 2.400e+00 ; 2.0370001e+01 ; 2.6900000e+02 
3.500e+01 ; 6.400e+00 ; 2.400e+00 ; 2.0371001e+01 ; 2.6900000e+02 
3.500e+01 ; 6.400e+00 ; 2.400e+00 ; 2.0372001e+01 ; 2.6900000e+02 
3.500e+01 ; 6.400e+00 ; 2.400e+00 ; 2.0373001e+01 ; 2.6900000e+02 
3.500e+01 ; 6.400e+00 ; 2.400e+00 ; 2.0375001e+01 ; 2.6900000e+02 
3.500e+01 ; 6.400e+00 ; 2.400e+00 ; 2.0379001e+01 ; 2.6900000e+02 
3.500e+01 ; 6.400e+00 ; 2.400e+00 ; 2.0387001e+01 ; 2.6900000e+02 
3.500e+01 ; 6.400e+00 ; 2.400e+00 ; 2.0403001e+01 ; 2.6900000e+02 
3.500e+01 ; 6.400e+00 ; 2.400e+00 ; 2.0435001e+01 ; 2.6900000e+02 
3.500e+01 ; 6.400e+00 ; 2.400e+00 ; 2.0499001e+01 ; 2.6900000e+02 
3.500e+01 ; 6.400e+00 ; 2.400e+00 ; 2.0627001e+01 ; 2.6900000e+02 
3.500e+01 ; 6.400e+00 ; 2.400e+00 ; 2.0883001e+01 ; 2.6900000e+02 
3.500e+01 ; 6.400e+00 ; 2.400e+00 ; 2.1340001e+01 ; 2.6900000e+02 
3.500e+01 ; 6.400e+00 ; 2.400e+00 ; 2.1340001e+01 ; 2.6900000e+02 
3.500e+01 ; 6.400e+00 ; 2.400e+00 ; 2.1341001e+01 ; 2.6900000e+02 
3.500e+01 ; 6.400e+00 ; 2.400e+00 ; 2.1342001e+01 ; 2.6900000e+02 
3.500e+01 ; 6.400e+00 ; 2.400e+00 ; 2.1343001e+01 ; 2.6900000e+02 
3.500e+01 ; 6.400e+00 ; 2.400e+00 ; 2.1345001e+01 ; 2.6900000e+02 
3.500e+01 ; 6.400e+00 ; 2.400e+00 ; 2.1349001e+01 ; 2.6900000e+02 
3.500e+01 ; 6.400e+00 ; 2.400e+00 ; 2.1357001e+01 ; 2.6900000e+02 
3.500e+01 ; 6.400e+00 ; 2.400e+00 ; 2.1373001e+01 ; 2.6900000e+02 
3.500e+01 ; 6.400e+00 ; 2.400e+00 ; 2.1405001e+01 ; 2.6900000e+02 
3.500e+01 ; 6.400e+00 ; 2.400e+00 ; 2.1469001e+01 ; 2.6900000e+02 
3.500e+01 ; 6.400e+00 ; 2.400e+00 ; 2.1597001e+01 ; 2.6900000e+02 
3.500e+01 ; 6.400e+00 ; 2.400e+00 ; 2.1853001e+01 ; 2.6900000e+02 
3.500e+01 ; 6.400e+00 ; 2.400e+00 ; 2.2310001e+01 ; 2.6900000e+02 
3.500e+01 ; 6.400e+00 ; 2.400e+00 ; 2.2310001e+01 ; 2.6900000e+02 
3.500e+01 ; 6.400e+00 ; 2.400e+00 ; 2.2311001e+01 ; 2.6900000e+02 
3.500e+01 ; 6.400e+00 ; 2.400e+00 ; 2.2312001e+01 ; 2.6900000e+02 
3.500e+01 ; 6.400e+00 ; 2.400e+00 ; 2.2313001e+01 ; 2.6900000e+02 
3.500e+01 ; 6.400e+00 ; 2.400e+00 ; 2.2315001e+01 ; 2.6900000e+02 
3.500e+01 ; 6.400e+00 ; 2.400e+00 ; 2.2319001e+01 ; 2.6900000e+02 
3.500e+01 ; 6.400e+00 ; 2.400e+00 ; 2.2327001e+01 ; 2.6900000e+02 
3.500e+01 ; 6.400e+00 ; 2.400e+00 ; 2.2343001e+01 ; 2.6900000e+02 
3.500e+01 ; 6.400e+00 ; 2.400e+00 ; 2.2375001e+01 ; 2.6900000e+02 
3.500e+01 ; 6.400e+00 ; 2.400e+00 ; 2.2439001e+01 ; 2.6900000e+02 
3.500e+01 ; 6.400e+00 ; 2.400e+00 ; 2.2567001e+01 ; 2.6900000e+02 
3.500e+01 ; 6.400e+00 ; 2.400e+00 ; 2.2823001e+01 ; 2.6900000e+02 
3.500e+01 ; 6.400e+00 ; 2.400e+00 ; 2.3280001e+01 ; 2.6900000e+02 
3.500e+01 ; 6.400e+00 ; 2.400e+00 ; 2.3280001e+01 ; 2.6900000e+02 
3.500e+01 ; 6.400e+00 ; 2.400e+00 ; 2.3281001e+01 ; 2.6900000e+02 
3.500e+01 ; 6.400e+00 ; 2.400e+00 ; 2.3282001e+01 ; 2.6900000e+02 
3.500e+01 ; 6.400e+00 ; 2.400e+00 ; 2.3283001e+01 ; 2.6900000e+02 
3.500e+01 ; 6.400e+00 ; 2.400e+00 ; 2.3285001e+01 ; 2.6900000e+02 
3.500e+01 ; 6.400e+00 ; 2.400e+00 ; 2.3289001e+01 ; 2.6900000e+02 
3.500e+01 ; 6.400e+00 ; 2.400e+00 ; 2.3297001e+01 ; 2.6900000e+02 
3.500e+01 ; 6.400e+00 ; 2.400e+00 ; 2.3313001e+01 ; 2.6900000e+02 
3.500e+01 ; 6.400e+00 ; 2.400e+00 ; 2.3345001e+01 ; 2.6900000e+02 
3.500e+01 ; 6.400e+00 ; 2.400e+00 ; 2.3409001e+01 ; 2.6900000e+02 
3.500e+01 ; 6.400e+00 ; 2.400e+00 ; 2.3537001e+01 ; 2.6900000e+02 
3.500e+01 ; 6.400e+00 ; 2.400e+00 ; 2.3793001e+01 ; 2.6900000e+02 
3.500e+01 ; 6.400e+00 ; 2.400e+00 ; 2.4250001e+01 ; 2.6900000e+02 
3.500e+01 ; 6.400e+00 ; 2.400e+00 ; 2.4250001e+01 ; 2.6900000e+02 
3.500e+01 ; 6.400e+00 ; 2.400e+00 ; 2.4251001e+01 ; 2.6900000e+02 
3.500e+01 ; 6.400e+00 ; 2.400e+00 ; 2.4252001e+01 ; 2.6900000e+02 
3.500e+01 ; 6.400e+00 ; 2.400e+00 ; 2.4253001e+01 ; 2.6900000e+02 
3.500e+01 ; 6.400e+00 ; 2.400e+00 ; 2.4255001e+01 ; 2.6900000e+02 
3.500e+01 ; 6.400e+00 ; 2.400e+00 ; 2.4259001e+01 ; 2.6900000e+02 
3.500e+01 ; 6.400e+00 ; 2.400e+00 ; 2.4267001e+01 ; 2.6900000e+02 
3.500e+01 ; 6.400e+00 ; 2.400e+00 ; 2.4283001e+01 ; 2.6900000e+02 
3.500e+01 ; 6.400e+00 ; 2.400e+00 ; 2.4315001e+01 ; 2.6900000e+02 
3.500e+01 ; 6.400e+00 ; 2.400e+00 ; 2.4379001e+01 ; 2.6900000e+02 
3.500e+01 ; 6.400e+00 ; 2.400e+00 ; 2.4507001e+01 ; 2.6900000e+02 
3.500e+01 ; 6.400e+00 ; 2.400e+00 ; 2.4763001e+01 ; 2.6900000e+02 
3.500e+01 ; 6.400e+00 ; 2.400e+00 ; 2.5220001e+01 ; 2.6900000e+02 
3.500e+01 ; 6.400e+00 ; 2.400e+00 ; 2.5220001e+01 ; 2.6900000e+02 
3.500e+01 ; 6.400e+00 ; 2.400e+00 ; 2.5221001e+01 ; 2.6900000e+02 
3.500e+01 ; 6.400e+00 ; 2.400e+00 ; 2.5222001e+01 ; 2.6900000e+02 
3.500e+01 ; 6.400e+00 ; 2.400e+00 ; 2.5223001e+01 ; 2.6900000e+02 
3.500e+01 ; 6.400e+00 ; 2.400e+00 ; 2.5225001e+01 ; 2.6900000e+02 
3.500e+01 ; 6.400e+00 ; 2.400e+00 ; 2.5229001e+01 ; 2.6900000e+02 
3.500e+01 ; 6.400e+00 ; 2.400e+00 ; 2.5237001e+01 ; 2.6900000e+02 
3.500e+01 ; 6.400e+00 ; 2.400e+00 ; 2.5253001e+01 ; 2.6900000e+02 
3.500e+01 ; 6.400e+00 ; 2.400e+00 ; 2.5285001e+01 ; 2.6900000e+02 
3.500e+01 ; 6.400e+00 ; 2.400e+00 ; 2.5349001e+01 ; 2.6900000e+02 
3.500e+01 ; 6.400e+00 ; 2.400e+00 ; 2.5477001e+01 ; 2.6900000e+02 
3.500e+01 ; 6.400e+00 ; 2.400e+00 ; 2.5733001e+01 ; 2.6900000e+02 
3.500e+01 ; 6.400e+00 ; 2.400e+00 ; 2.6190001e+01 ; 2.6900000e+02 
3.500e+01 ; 6.400e+00 ; 2.400e+00 ; 2.6190001e+01 ; 2.6900000e+02 
3.500e+01 ; 6.400e+00 ; 2.400e+00 ; 2.6191001e+01 ; 2.6900000e+02 
3.500e+01 ; 6.400e+00 ; 2.400e+00 ; 2.6192001e+01 ; 2.6900000e+02 
3.500e+01 ; 6.400e+00 ; 2.400e+00 ; 2.6193001e+01 ; 2.6900000e+02 
3.500e+01 ; 6.400e+00 ; 2.400e+00 ; 2.6195001e+01 ; 2.6900000e+02 
3.500e+01 ; 6.400e+00 ; 2.400e+00 ; 2.6199001e+01 ; 2.6900000e+02 
3.500e+01 ; 6.400e+00 ; 2.400e+00 ; 2.6207001e+01 ; 2.6900000e+02 
3.500e+01 ; 6.400e+00 ; 2.400e+00 ; 2.6223001e+01 ; 2.6900000e+02 
3.500e+01 ; 6.400e+00 ; 2.400e+00 ; 2.6255001e+01 ; 2.6900000e+02 
3.500e+01 ; 6.400e+00 ; 2.400e+00 ; 2.6319001e+01 ; 2.6900000e+02 
3.500e+01 ; 6.400e+00 ; 2.400e+00 ; 2.6447001e+01 ; 2.6900000e+02 
3.500e+01 ; 6.400e+00 ; 2.400e+00 ; 2.6703001e+01 ; 2.6900000e+02 
3.500e+01 ; 6.400e+00 ; 2.400e+00 ; 2.7160001e+01 ; 2.6900000e+02 
3.500e+01 ; 6.400e+00 ; 2.400e+00 ; 2.7160001e+01 ; 2.6900000e+02 
3.500e+01 ; 6.400e+00 ; 2.400e+00 ; 2.7161001e+01 ; 2.6900000e+02 
3.500e+01 ; 6.400e+00 ; 2.400e+00 ; 2.7162001e+01 ; 2.6900000e+02 
3.500e+01 ; 6.400e+00 ; 2.400e+00 ; 2.7163001e+01 ; 2.6900000e+02 
3.500e+01 ; 6.400e+00 ; 2.400e+00 ; 2.7165001e+01 ; 2.6900000e+02 
3.500e+01 ; 6.400e+00 ; 2.400e+00 ; 2.7169001e+01 ; 2.6900000e+02 
3.500e+01 ; 6.400e+00 ; 2.400e+00 ; 2.7177001e+01 ; 2.6900000e+02 
3.500e+01 ; 6.400e+00 ; 2.400e+00 ; 2.7193001e+01 ; 2.6900000e+02 
3.500e+01 ; 6.400e+00 ; 2.400e+00 ; 2.7225001e+01 ; 2.6900000e+02 
3.500e+01 ; 6.400e+00 ; 2.400e+00 ; 2.7289001e+01 ; 2.6900000e+02 
3.500e+01 ; 6.400e+00 ; 2.400e+00 ; 2.7417001e+01 ; 2.6900000e+02 
3.500e+01 ; 6.400e+00 ; 2.400e+00 ; 2.7673001e+01 ; 2.6900000e+02 
3.500e+01 ; 6.400e+00 ; 2.400e+00 ; 2.8130001e+01 ; 2.6900000e+02 
3.500e+01 ; 6.400e+00 ; 2.400e+00 ; 2.8130001e+01 ; 2.6900000e+02 
3.500e+01 ; 6.400e+00 ; 2.400e+00 ; 2.8131001e+01 ; 2.6900000e+02 
3.500e+01 ; 6.400e+00 ; 2.400e+00 ; 2.8132001e+01 ; 2.6900000e+02 
3.500e+01 ; 6.400e+00 ; 2.400e+00 ; 2.8133001e+01 ; 2.6900000e+02 
3.500e+01 ; 6.400e+00 ; 2.400e+00 ; 2.8135001e+01 ; 2.6900000e+02 
3.500e+01 ; 6.400e+00 ; 2.400e+00 ; 2.8139001e+01 ; 2.6900000e+02 
3.500e+01 ; 6.400e+00 ; 2.400e+00 ; 2.8147001e+01 ; 2.6900000e+02 
3.500e+01 ; 6.400e+00 ; 2.400e+00 ; 2.8163001e+01 ; 2.6900000e+02 
3.500e+01 ; 6.400e+00 ; 2.400e+00 ; 2.8195001e+01 ; 2.6900000e+02 
3.500e+01 ; 6.400e+00 ; 2.400e+00 ; 2.8259001e+01 ; 2.6900000e+02 
3.500e+01 ; 6.400e+00 ; 2.400e+00 ; 2.8387001e+01 ; 2.6900000e+02 
3.500e+01 ; 6.400e+00 ; 2.400e+00 ; 2.8643001e+01 ; 2.6900000e+02 
3.500e+01 ; 6.400e+00 ; 2.400e+00 ; 2.9100001e+01 ; 2.6900000e+02 
3.500e+01 ; 6.400e+00 ; 2.400e+00 ; 2.9100001e+01 ; 2.6900000e+02 
3.500e+01 ; 6.400e+00 ; 2.400e+00 ; 2.9101001e+01 ; 2.6900000e+02 
3.500e+01 ; 6.400e+00 ; 2.400e+00 ; 2.9102001e+01 ; 2.6900000e+02 
3.500e+01 ; 6.400e+00 ; 2.400e+00 ; 2.9103001e+01 ; 2.6900000e+02 
3.500e+01 ; 6.400e+00 ; 2.400e+00 ; 2.9105001e+01 ; 2.6900000e+02 
3.500e+01 ; 6.400e+00 ; 2.400e+00 ; 2.9109001e+01 ; 2.6900000e+02 
3.500e+01 ; 6.400e+00 ; 2.400e+00 ; 2.9117001e+01 ; 2.6900000e+02 
3.500e+01 ; 6.400e+00 ; 2.400e+00 ; 2.9133001e+01 ; 2.6900000e+02 
3.500e+01 ; 6.400e+00 ; 2.400e+00 ; 2.9165001e+01 ; 2.6900000e+02 
3.500e+01 ; 6.400e+00 ; 2.400e+00 ; 2.9229001e+01 ; 2.6900000e+02 
3.500e+01 ; 6.400e+00 ; 2.400e+00 ; 2.9357001e+01 ; 2.6900000e+02 
3.500e+01 ; 6.400e+00 ; 2.400e+00 ; 2.9613001e+01 ; 2.6900000e+02 
3.500e+01 ; 6.400e+00 ; 2.400e+00 ; 3.0070001e+01 ; 2.6900000e+02 
3.500e+01 ; 6.400e+00 ; 2.400e+00 ; 3.0070001e+01 ; 2.6900000e+02 
3.500e+01 ; 6.400e+00 ; 2.400e+00 ; 3.0071001e+01 ; 2.6900000e+02 
3.500e+01 ; 6.400e+00 ; 2.400e+00 ; 3.0072001e+01 ; 2.6900000e+02 
3.500e+01 ; 6.400e+00 ; 2.400e+00 ; 3.0073001e+01 ; 2.6900000e+02 
3.500e+01 ; 6.400e+00 ; 2.400e+00 ; 3.0075001e+01 ; 2.6900000e+02 
3.500e+01 ; 6.400e+00 ; 2.400e+00 ; 3.0079001e+01 ; 2.6900000e+02 
3.500e+01 ; 6.400e+00 ; 2.400e+00 ; 3.0087001e+01 ; 2.6900000e+02 
3.500e+01 ; 6.400e+00 ; 2.400e+00 ; 3.0103001e+01 ; 2.6900000e+02 
3.500e+01 ; 6.400e+00 ; 2.400e+00 ; 3.0135001e+01 ; 2.6900000e+02 
3.500e+01 ; 6.400e+00 ; 2.400e+00 ; 3.0199001e+01 ; 2.6900000e+02 
3.500e+01 ; 6.400e+00 ; 2.400e+00 ; 3.0327001e+01 ; 2.6900000e+02 
3.500e+01 ; 6.400e+00 ; 2.400e+00 ; 3.0583001e+01 ; 2.6900000e+02 
3.500e+01 ; 6.400e+00 ; 2.400e+00 ; 3.1040001e+01 ; 2.6900000e+02 
3.500e+01 ; 6.400e+00 ; 2.400e+00 ; 3.1040001e+01 ; 2.6900000e+02 
3.500e+01 ; 6.400e+00 ; 2.400e+00 ; 3.1041001e+01 ; 2.6900000e+02 
3.500e+01 ; 6.400e+00 ; 2.400e+00 ; 3.1042001e+01 ; 2.6900000e+02 
3.500e+01 ; 6.400e+00 ; 2.400e+00 ; 3.1043001e+01 ; 2.6900000e+02 
3.500e+01 ; 6.400e+00 ; 2.400e+00 ; 3.1045001e+01 ; 2.6900000e+02 
3.500e+01 ; 6.400e+00 ; 2.400e+00 ; 3.1049001e+01 ; 2.6900000e+02 
3.500e+01 ; 6.400e+00 ; 2.400e+00 ; 3.1057001e+01 ; 2.6900000e+02 
3.500e+01 ; 6.400e+00 ; 2.400e+00 ; 3.1073001e+01 ; 2.6900000e+02 
3.500e+01 ; 6.400e+00 ; 2.400e+00 ; 3.1105001e+01 ; 2.6900000e+02 
3.500e+01 ; 6.400e+00 ; 2.400e+00 ; 3.1169001e+01 ; 2.6900000e+02 
3.500e+01 ; 6.400e+00 ; 2.400e+00 ; 3.1297001e+01 ; 2.6900000e+02 
3.500e+01 ; 6.400e+00 ; 2.400e+00 ; 3.1553001e+01 ; 2.6900000e+02 
3.500e+01 ; 6.400e+00 ; 2.400e+00 ; 3.2010001e+01 ; 2.6900000e+02 
3.500e+01 ; 6.400e+00 ; 2.400e+00 ; 3.2010001e+01 ; 2.6900000e+02 
3.500e+01 ; 6.400e+00 ; 2.400e+00 ; 3.2011001e+01 ; 2.6900000e+02 
3.500e+01 ; 6.400e+00 ; 2.400e+00 ; 3.2012001e+01 ; 2.6900000e+02 
3.500e+01 ; 6.400e+00 ; 2.400e+00 ; 3.2013001e+01 ; 2.6900000e+02 
3.500e+01 ; 6.400e+00 ; 2.400e+00 ; 3.2015001e+01 ; 2.6900000e+02 
3.500e+01 ; 6.400e+00 ; 2.400e+00 ; 3.2019001e+01 ; 2.6900000e+02 
3.500e+01 ; 6.400e+00 ; 2.400e+00 ; 3.2027001e+01 ; 2.6900000e+02 
3.500e+01 ; 6.400e+00 ; 2.400e+00 ; 3.2043001e+01 ; 2.6900000e+02 
3.500e+01 ; 6.400e+00 ; 2.400e+00 ; 3.2075001e+01 ; 2.6900000e+02 
3.500e+01 ; 6.400e+00 ; 2.400e+00 ; 3.2139001e+01 ; 2.6900000e+02 
3.500e+01 ; 6.400e+00 ; 2.400e+00 ; 3.2267001e+01 ; 2.6900000e+02 
3.500e+01 ; 6.400e+00 ; 2.400e+00 ; 3.2523001e+01 ; 2.6900000e+02 
3.500e+01 ; 6.400e+00 ; 2.400e+00 ; 3.2980001e+01 ; 2.6900000e+02 
3.500e+01 ; 6.400e+00 ; 2.400e+00 ; 3.2980001e+01 ; 2.6900000e+02 
3.500e+01 ; 6.400e+00 ; 2.400e+00 ; 3.2981001e+01 ; 2.6900000e+02 
3.500e+01 ; 6.400e+00 ; 2.400e+00 ; 3.2982001e+01 ; 2.6900000e+02 
3.500e+01 ; 6.400e+00 ; 2.400e+00 ; 3.2983001e+01 ; 2.6900000e+02 
3.500e+01 ; 6.400e+00 ; 2.400e+00 ; 3.2985001e+01 ; 2.6900000e+02 
3.500e+01 ; 6.400e+00 ; 2.400e+00 ; 3.2989001e+01 ; 2.6900000e+02 
3.500e+01 ; 6.400e+00 ; 2.400e+00 ; 3.2997001e+01 ; 2.6900000e+02 
3.500e+01 ; 6.400e+00 ; 2.400e+00 ; 3.3013001e+01 ; 2.6900000e+02 
3.500e+01 ; 6.400e+00 ; 2.400e+00 ; 3.3045001e+01 ; 2.6900000e+02 
3.500e+01 ; 6.400e+00 ; 2.400e+00 ; 3.3109001e+01 ; 2.6900000e+02 
3.500e+01 ; 6.400e+00 ; 2.400e+00 ; 3.3237001e+01 ; 2.6900000e+02 
3.500e+01 ; 6.400e+00 ; 2.400e+00 ; 3.3493001e+01 ; 2.6900000e+02 
3.500e+01 ; 6.400e+00 ; 2.400e+00 ; 3.3950001e+01 ; 2.6900000e+02 
3.500e+01 ; 6.400e+00 ; 2.400e+00 ; 3.3950001e+01 ; 2.6900000e+02 
3.500e+01 ; 6.400e+00 ; 2.400e+00 ; 3.3951001e+01 ; 2.6900000e+02 
3.500e+01 ; 6.400e+00 ; 2.400e+00 ; 3.3952001e+01 ; 2.6900000e+02 
3.500e+01 ; 6.400e+00 ; 2.400e+00 ; 3.3953001e+01 ; 2.6900000e+02 
3.500e+01 ; 6.400e+00 ; 2.400e+00 ; 3.3955001e+01 ; 2.6900000e+02 
3.500e+01 ; 6.400e+00 ; 2.400e+00 ; 3.3959001e+01 ; 2.6900000e+02 
3.500e+01 ; 6.400e+00 ; 2.400e+00 ; 3.3967001e+01 ; 2.6900000e+02 
3.500e+01 ; 6.400e+00 ; 2.400e+00 ; 3.3983001e+01 ; 2.6900000e+02 
3.500e+01 ; 6.400e+00 ; 2.400e+00 ; 3.4015001e+01 ; 2.6900000e+02 
3.500e+01 ; 6.400e+00 ; 2.400e+00 ; 3.4079001e+01 ; 2.6900000e+02 
3.500e+01 ; 6.400e+00 ; 2.400e+00 ; 3.4207001e+01 ; 2.6900000e+02 
3.500e+01 ; 6.400e+00 ; 2.400e+00 ; 3.4463001e+01 ; 2.6900000e+02 
3.500e+01 ; 6.400e+00 ; 2.400e+00 ; 3.4920001e+01 ; 2.6900000e+02 
3.500e+01 ; 6.400e+00 ; 2.400e+00 ; 3.4920001e+01 ; 2.6900000e+02 
3.500e+01 ; 6.400e+00 ; 2.400e+00 ; 3.4921001e+01 ; 2.6900000e+02 
3.500e+01 ; 6.400e+00 ; 2.400e+00 ; 3.4922001e+01 ; 2.6900000e+02 
3.500e+01 ; 6.400e+00 ; 2.400e+00 ; 3.4923001e+01 ; 2.6900000e+02 
3.500e+01 ; 6.400e+00 ; 2.400e+00 ; 3.4925001e+01 ; 2.6900000e+02 
3.500e+01 ; 6.400e+00 ; 2.400e+00 ; 3.4929001e+01 ; 2.6900000e+02 
3.500e+01 ; 6.400e+00 ; 2.400e+00 ; 3.4937001e+01 ; 2.6900000e+02 
3.500e+01 ; 6.400e+00 ; 2.400e+00 ; 3.4953001e+01 ; 2.6900000e+02 
3.500e+01 ; 6.400e+00 ; 2.400e+00 ; 3.4985001e+01 ; 2.6900000e+02 
3.500e+01 ; 6.400e+00 ; 2.400e+00 ; 3.5049001e+01 ; 2.6900000e+02 
3.500e+01 ; 6.400e+00 ; 2.400e+00 ; 3.5177001e+01 ; 2.6900000e+02 
3.500e+01 ; 6.400e+00 ; 2.400e+00 ; 3.5433001e+01 ; 2.6900000e+02 
3.500e+01 ; 6.400e+00 ; 2.400e+00 ; 3.5890001e+01 ; 2.6900000e+02 
3.500e+01 ; 6.400e+00 ; 2.400e+00 ; 3.5890001e+01 ; 2.6900000e+02 
3.500e+01 ; 6.400e+00 ; 2.400e+00 ; 3.5891001e+01 ; 2.6900000e+02 
3.500e+01 ; 6.400e+00 ; 2.400e+00 ; 3.5892001e+01 ; 2.6900000e+02 
3.500e+01 ; 6.400e+00 ; 2.400e+00 ; 3.5893001e+01 ; 2.6900000e+02 
3.500e+01 ; 6.400e+00 ; 2.400e+00 ; 3.5895001e+01 ; 2.6900000e+02 
3.500e+01 ; 6.400e+00 ; 2.400e+00 ; 3.5899001e+01 ; 2.6900000e+02 
3.500e+01 ; 6.400e+00 ; 2.400e+00 ; 3.5907001e+01 ; 2.6900000e+02 
3.500e+01 ; 6.400e+00 ; 2.400e+00 ; 3.5923001e+01 ; 2.6900000e+02 
3.500e+01 ; 6.400e+00 ; 2.400e+00 ; 3.5955001e+01 ; 2.6900000e+02 
3.500e+01 ; 6.400e+00 ; 2.400e+00 ; 3.6019001e+01 ; 2.6900000e+02 
3.500e+01 ; 6.400e+00 ; 2.400e+00 ; 3.6147001e+01 ; 2.6900000e+02 
3.500e+01 ; 6.400e+00 ; 2.400e+00 ; 3.6403001e+01 ; 2.6900000e+02 
3.500e+01 ; 6.400e+00 ; 2.400e+00 ; 3.6860001e+01 ; 2.6900000e+02 
3.500e+01 ; 6.400e+00 ; 2.400e+00 ; 3.6860001e+01 ; 2.6900000e+02 
3.500e+01 ; 6.400e+00 ; 2.400e+00 ; 3.6861001e+01 ; 2.6900000e+02 
3.500e+01 ; 6.400e+00 ; 2.400e+00 ; 3.6862001e+01 ; 2.6900000e+02 
3.500e+01 ; 6.400e+00 ; 2.400e+00 ; 3.6863001e+01 ; 2.6900000e+02 
3.500e+01 ; 6.400e+00 ; 2.400e+00 ; 3.6865001e+01 ; 2.6900000e+02 
3.500e+01 ; 6.400e+00 ; 2.400e+00 ; 3.6869001e+01 ; 2.6900000e+02 
3.500e+01 ; 6.400e+00 ; 2.400e+00 ; 3.6877001e+01 ; 2.6900000e+02 
3.500e+01 ; 6.400e+00 ; 2.400e+00 ; 3.6893001e+01 ; 2.6900000e+02 
3.500e+01 ; 6.400e+00 ; 2.400e+00 ; 3.6925001e+01 ; 2.6900000e+02 
3.500e+01 ; 6.400e+00 ; 2.400e+00 ; 3.6989001e+01 ; 2.6900000e+02 
3.500e+01 ; 6.400e+00 ; 2.400e+00 ; 3.7117001e+01 ; 2.6900000e+02 
3.500e+01 ; 6.400e+00 ; 2.400e+00 ; 3.7373001e+01 ; 2.6900000e+02 
3.500e+01 ; 6.400e+00 ; 2.400e+00 ; 3.7830001e+01 ; 2.6900000e+02 
3.500e+01 ; 6.400e+00 ; 2.400e+00 ; 3.7830001e+01 ; 2.6900000e+02 
3.500e+01 ; 6.400e+00 ; 2.400e+00 ; 3.7831001e+01 ; 2.6900000e+02 
3.500e+01 ; 6.400e+00 ; 2.400e+00 ; 3.7832001e+01 ; 2.6900000e+02 
3.500e+01 ; 6.400e+00 ; 2.400e+00 ; 3.7833001e+01 ; 2.6900000e+02 
3.500e+01 ; 6.400e+00 ; 2.400e+00 ; 3.7835001e+01 ; 2.6900000e+02 
3.500e+01 ; 6.400e+00 ; 2.400e+00 ; 3.7839001e+01 ; 2.6900000e+02 
3.500e+01 ; 6.400e+00 ; 2.400e+00 ; 3.7847001e+01 ; 2.6900000e+02 
3.500e+01 ; 6.400e+00 ; 2.400e+00 ; 3.7863001e+01 ; 2.6900000e+02 
3.500e+01 ; 6.400e+00 ; 2.400e+00 ; 3.7895001e+01 ; 2.6900000e+02 
3.500e+01 ; 6.400e+00 ; 2.400e+00 ; 3.7959001e+01 ; 2.6900000e+02 
3.500e+01 ; 6.400e+00 ; 2.400e+00 ; 3.8087001e+01 ; 2.6900000e+02 
3.500e+01 ; 6.400e+00 ; 2.400e+00 ; 3.8343001e+01 ; 2.6900000e+02 
3.500e+01 ; 6.400e+00 ; 2.400e+00 ; 3.8800001e+01 ; 2.6900000e+02 
3.500e+01 ; 6.400e+00 ; 2.400e+00 ; 3.8800001e+01 ; 2.6900000e+02 
3.500e+01 ; 6.400e+00 ; 2.400e+00 ; 3.8801001e+01 ; 2.6900000e+02 
3.500e+01 ; 6.400e+00 ; 2.400e+00 ; 3.8802001e+01 ; 2.6900000e+02 
3.500e+01 ; 6.400e+00 ; 2.400e+00 ; 3.8803001e+01 ; 2.6900000e+02 
3.500e+01 ; 6.400e+00 ; 2.400e+00 ; 3.8805001e+01 ; 2.6900000e+02 
3.500e+01 ; 6.400e+00 ; 2.400e+00 ; 3.8809001e+01 ; 2.6900000e+02 
3.500e+01 ; 6.400e+00 ; 2.400e+00 ; 3.8817001e+01 ; 2.6900000e+02 
3.500e+01 ; 6.400e+00 ; 2.400e+00 ; 3.8833001e+01 ; 2.6900000e+02 
3.500e+01 ; 6.400e+00 ; 2.400e+00 ; 3.8865001e+01 ; 2.6900000e+02 
3.500e+01 ; 6.400e+00 ; 2.400e+00 ; 3.8929001e+01 ; 2.6900000e+02 
3.500e+01 ; 6.400e+00 ; 2.400e+00 ; 3.9057001e+01 ; 2.6900000e+02 
3.500e+01 ; 6.400e+00 ; 2.400e+00 ; 3.9313001e+01 ; 2.6900000e+02 
3.500e+01 ; 6.400e+00 ; 2.400e+00 ; 3.9770001e+01 ; 2.6900000e+02 
3.500e+01 ; 6.400e+00 ; 2.400e+00 ; 3.9770001e+01 ; 2.6900000e+02 
3.500e+01 ; 6.400e+00 ; 2.400e+00 ; 3.9771001e+01 ; 2.6900000e+02 
3.500e+01 ; 6.400e+00 ; 2.400e+00 ; 3.9772001e+01 ; 2.6900000e+02 
3.500e+01 ; 6.400e+00 ; 2.400e+00 ; 3.9773001e+01 ; 2.6900000e+02 
3.500e+01 ; 6.400e+00 ; 2.400e+00 ; 3.9775001e+01 ; 2.6900000e+02 
3.500e+01 ; 6.400e+00 ; 2.400e+00 ; 3.9779001e+01 ; 2.6900000e+02 
3.500e+01 ; 6.400e+00 ; 2.400e+00 ; 3.9787001e+01 ; 2.6900000e+02 
3.500e+01 ; 6.400e+00 ; 2.400e+00 ; 3.9803001e+01 ; 2.6900000e+02 
3.500e+01 ; 6.400e+00 ; 2.400e+00 ; 3.9835001e+01 ; 2.6900000e+02 
3.500e+01 ; 6.400e+00 ; 2.400e+00 ; 3.9899001e+01 ; 2.6900000e+02 
3.500e+01 ; 6.400e+00 ; 2.400e+00 ; 4.0027001e+01 ; 2.6900000e+02 
3.500e+01 ; 6.400e+00 ; 2.400e+00 ; 4.0283001e+01 ; 2.6900000e+02 
3.500e+01 ; 6.400e+00 ; 2.400e+00 ; 4.0740001e+01 ; 2.6900000e+02 
3.500e+01 ; 6.400e+00 ; 2.400e+00 ; 4.0740001e+01 ; 2.6900000e+02 
3.500e+01 ; 6.400e+00 ; 2.400e+00 ; 4.0741001e+01 ; 2.6900000e+02 
3.500e+01 ; 6.400e+00 ; 2.400e+00 ; 4.0742001e+01 ; 2.6900000e+02 
3.500e+01 ; 6.400e+00 ; 2.400e+00 ; 4.0743001e+01 ; 2.6900000e+02 
3.500e+01 ; 6.400e+00 ; 2.400e+00 ; 4.0745001e+01 ; 2.6900000e+02 
3.500e+01 ; 6.400e+00 ; 2.400e+00 ; 4.0749001e+01 ; 2.6900000e+02 
3.500e+01 ; 6.400e+00 ; 2.400e+00 ; 4.0757001e+01 ; 2.6900000e+02 
3.500e+01 ; 6.400e+00 ; 2.400e+00 ; 4.0773001e+01 ; 2.6900000e+02 
3.500e+01 ; 6.400e+00 ; 2.400e+00 ; 4.0805001e+01 ; 2.6900000e+02 
3.500e+01 ; 6.400e+00 ; 2.400e+00 ; 4.0869001e+01 ; 2.6900000e+02 
3.500e+01 ; 6.400e+00 ; 2.400e+00 ; 4.0997001e+01 ; 2.6900000e+02 
3.500e+01 ; 6.400e+00 ; 2.400e+00 ; 4.1253001e+01 ; 2.6900000e+02 
3.500e+01 ; 6.400e+00 ; 2.400e+00 ; 4.1710001e+01 ; 2.6900000e+02 
3.500e+01 ; 6.400e+00 ; 2.400e+00 ; 4.1710001e+01 ; 2.6900000e+02 
3.500e+01 ; 6.400e+00 ; 2.400e+00 ; 4.1711001e+01 ; 2.6900000e+02 
3.500e+01 ; 6.400e+00 ; 2.400e+00 ; 4.1712001e+01 ; 2.6900000e+02 
3.500e+01 ; 6.400e+00 ; 2.400e+00 ; 4.1713001e+01 ; 2.6900000e+02 
3.500e+01 ; 6.400e+00 ; 2.400e+00 ; 4.1715001e+01 ; 2.6900000e+02 
3.500e+01 ; 6.400e+00 ; 2.400e+00 ; 4.1719001e+01 ; 2.6900000e+02 
3.500e+01 ; 6.400e+00 ; 2.400e+00 ; 4.1727001e+01 ; 2.6900000e+02 
3.500e+01 ; 6.400e+00 ; 2.400e+00 ; 4.1743001e+01 ; 2.6900000e+02 
3.500e+01 ; 6.400e+00 ; 2.400e+00 ; 4.1775001e+01 ; 2.6900000e+02 
3.500e+01 ; 6.400e+00 ; 2.400e+00 ; 4.1839001e+01 ; 2.6900000e+02 
3.500e+01 ; 6.400e+00 ; 2.400e+00 ; 4.1967001e+01 ; 2.6900000e+02 
3.500e+01 ; 6.400e+00 ; 2.400e+00 ; 4.2223001e+01 ; 2.6900000e+02 
3.500e+01 ; 6.400e+00 ; 2.400e+00 ; 4.2680001e+01 ; 2.6900000e+02 
3.500e+01 ; 6.400e+00 ; 2.400e+00 ; 4.2680001e+01 ; 2.6900000e+02 
3.500e+01 ; 6.400e+00 ; 2.400e+00 ; 4.2681001e+01 ; 2.6900000e+02 
3.500e+01 ; 6.400e+00 ; 2.400e+00 ; 4.2682001e+01 ; 2.6900000e+02 
3.500e+01 ; 6.400e+00 ; 2.400e+00 ; 4.2683001e+01 ; 2.6900000e+02 
3.500e+01 ; 6.400e+00 ; 2.400e+00 ; 4.2685001e+01 ; 2.6900000e+02 
3.500e+01 ; 6.400e+00 ; 2.400e+00 ; 4.2689001e+01 ; 2.6900000e+02 
3.500e+01 ; 6.400e+00 ; 2.400e+00 ; 4.2697001e+01 ; 2.6900000e+02 
3.500e+01 ; 6.400e+00 ; 2.400e+00 ; 4.2713001e+01 ; 2.6900000e+02 
3.500e+01 ; 6.400e+00 ; 2.400e+00 ; 4.2745001e+01 ; 2.6900000e+02 
3.500e+01 ; 6.400e+00 ; 2.400e+00 ; 4.2809001e+01 ; 2.6900000e+02 
3.500e+01 ; 6.400e+00 ; 2.400e+00 ; 4.2937001e+01 ; 2.6900000e+02 
3.500e+01 ; 6.400e+00 ; 2.400e+00 ; 4.3193001e+01 ; 2.6900000e+02 
3.500e+01 ; 6.400e+00 ; 2.400e+00 ; 4.3650001e+01 ; 2.6900000e+02 
3.500e+01 ; 6.400e+00 ; 2.400e+00 ; 4.3650001e+01 ; 2.6900000e+02 
3.500e+01 ; 6.400e+00 ; 2.400e+00 ; 4.3651001e+01 ; 2.6900000e+02 
3.500e+01 ; 6.400e+00 ; 2.400e+00 ; 4.3652001e+01 ; 2.6900000e+02 
3.500e+01 ; 6.400e+00 ; 2.400e+00 ; 4.3653001e+01 ; 2.6900000e+02 
3.500e+01 ; 6.400e+00 ; 2.400e+00 ; 4.3655001e+01 ; 2.6900000e+02 
3.500e+01 ; 6.400e+00 ; 2.400e+00 ; 4.3659001e+01 ; 2.6900000e+02 
3.500e+01 ; 6.400e+00 ; 2.400e+00 ; 4.3667001e+01 ; 2.6900000e+02 
3.500e+01 ; 6.400e+00 ; 2.400e+00 ; 4.3683001e+01 ; 2.6900000e+02 
3.500e+01 ; 6.400e+00 ; 2.400e+00 ; 4.3715001e+01 ; 2.6900000e+02 
3.500e+01 ; 6.400e+00 ; 2.400e+00 ; 4.3779001e+01 ; 2.6900000e+02 
3.500e+01 ; 6.400e+00 ; 2.400e+00 ; 4.3907001e+01 ; 2.6900000e+02 
3.500e+01 ; 6.400e+00 ; 2.400e+00 ; 4.4163001e+01 ; 2.6900000e+02 
3.500e+01 ; 6.400e+00 ; 2.400e+00 ; 4.4620001e+01 ; 2.6900000e+02 
3.500e+01 ; 6.400e+00 ; 2.400e+00 ; 4.4620001e+01 ; 2.6900000e+02 
3.500e+01 ; 6.400e+00 ; 2.400e+00 ; 4.4621001e+01 ; 2.6900000e+02 
3.500e+01 ; 6.400e+00 ; 2.400e+00 ; 4.4622001e+01 ; 2.6900000e+02 
3.500e+01 ; 6.400e+00 ; 2.400e+00 ; 4.4623001e+01 ; 2.6900000e+02 
3.500e+01 ; 6.400e+00 ; 2.400e+00 ; 4.4625001e+01 ; 2.6900000e+02 
3.500e+01 ; 6.400e+00 ; 2.400e+00 ; 4.4629001e+01 ; 2.6900000e+02 
3.500e+01 ; 6.400e+00 ; 2.400e+00 ; 4.4637001e+01 ; 2.6900000e+02 
3.500e+01 ; 6.400e+00 ; 2.400e+00 ; 4.4653001e+01 ; 2.6900000e+02 
3.500e+01 ; 6.400e+00 ; 2.400e+00 ; 4.4685001e+01 ; 2.6900000e+02 
3.500e+01 ; 6.400e+00 ; 2.400e+00 ; 4.4749001e+01 ; 2.6900000e+02 
3.500e+01 ; 6.400e+00 ; 2.400e+00 ; 4.4877001e+01 ; 2.6900000e+02 
3.500e+01 ; 6.400e+00 ; 2.400e+00 ; 4.5133001e+01 ; 2.6900000e+02 
3.500e+01 ; 6.400e+00 ; 2.400e+00 ; 4.5590001e+01 ; 2.6900000e+02 
3.500e+01 ; 6.400e+00 ; 2.400e+00 ; 4.5590001e+01 ; 2.6900000e+02 
3.500e+01 ; 6.400e+00 ; 2.400e+00 ; 4.5591001e+01 ; 2.6900000e+02 
3.500e+01 ; 6.400e+00 ; 2.400e+00 ; 4.5592001e+01 ; 2.6900000e+02 
3.500e+01 ; 6.400e+00 ; 2.400e+00 ; 4.5593001e+01 ; 2.6900000e+02 
3.500e+01 ; 6.400e+00 ; 2.400e+00 ; 4.5595001e+01 ; 2.6900000e+02 
3.500e+01 ; 6.400e+00 ; 2.400e+00 ; 4.5599001e+01 ; 2.6900000e+02 
3.500e+01 ; 6.400e+00 ; 2.400e+00 ; 4.5607001e+01 ; 2.6900000e+02 
3.500e+01 ; 6.400e+00 ; 2.400e+00 ; 4.5623001e+01 ; 2.6900000e+02 
3.500e+01 ; 6.400e+00 ; 2.400e+00 ; 4.5655001e+01 ; 2.6900000e+02 
3.500e+01 ; 6.400e+00 ; 2.400e+00 ; 4.5719001e+01 ; 2.6900000e+02 
3.500e+01 ; 6.400e+00 ; 2.400e+00 ; 4.5847001e+01 ; 2.6900000e+02 
3.500e+01 ; 6.400e+00 ; 2.400e+00 ; 4.6103001e+01 ; 2.6900000e+02 
3.500e+01 ; 6.400e+00 ; 2.400e+00 ; 4.6560001e+01 ; 2.6900000e+02 
3.500e+01 ; 6.400e+00 ; 2.400e+00 ; 4.6560001e+01 ; 2.6900000e+02 
3.500e+01 ; 6.400e+00 ; 2.400e+00 ; 4.6561001e+01 ; 2.6900000e+02 
3.500e+01 ; 6.400e+00 ; 2.400e+00 ; 4.6562001e+01 ; 2.6900000e+02 
3.500e+01 ; 6.400e+00 ; 2.400e+00 ; 4.6563001e+01 ; 2.6900000e+02 
3.500e+01 ; 6.400e+00 ; 2.400e+00 ; 4.6565001e+01 ; 2.6900000e+02 
3.500e+01 ; 6.400e+00 ; 2.400e+00 ; 4.6569001e+01 ; 2.6900000e+02 
3.500e+01 ; 6.400e+00 ; 2.400e+00 ; 4.6577001e+01 ; 2.6900000e+02 
3.500e+01 ; 6.400e+00 ; 2.400e+00 ; 4.6593001e+01 ; 2.6900000e+02 
3.500e+01 ; 6.400e+00 ; 2.400e+00 ; 4.6625001e+01 ; 2.6900000e+02 
3.500e+01 ; 6.400e+00 ; 2.400e+00 ; 4.6689001e+01 ; 2.6900000e+02 
3.500e+01 ; 6.400e+00 ; 2.400e+00 ; 4.6817001e+01 ; 2.6900000e+02 
3.500e+01 ; 6.400e+00 ; 2.400e+00 ; 4.7073001e+01 ; 2.6900000e+02 
3.500e+01 ; 6.400e+00 ; 2.400e+00 ; 4.7530001e+01 ; 2.6900000e+02 
3.500e+01 ; 6.400e+00 ; 2.400e+00 ; 4.7530001e+01 ; 2.6900000e+02 
3.500e+01 ; 6.400e+00 ; 2.400e+00 ; 4.7531001e+01 ; 2.6900000e+02 
3.500e+01 ; 6.400e+00 ; 2.400e+00 ; 4.7532001e+01 ; 2.6900000e+02 
3.500e+01 ; 6.400e+00 ; 2.400e+00 ; 4.7533001e+01 ; 2.6900000e+02 
3.500e+01 ; 6.400e+00 ; 2.400e+00 ; 4.7535001e+01 ; 2.6900000e+02 
3.500e+01 ; 6.400e+00 ; 2.400e+00 ; 4.7539001e+01 ; 2.6900000e+02 
3.500e+01 ; 6.400e+00 ; 2.400e+00 ; 4.7547001e+01 ; 2.6900000e+02 
3.500e+01 ; 6.400e+00 ; 2.400e+00 ; 4.7563001e+01 ; 2.6900000e+02 
3.500e+01 ; 6.400e+00 ; 2.400e+00 ; 4.7595001e+01 ; 2.6900000e+02 
3.500e+01 ; 6.400e+00 ; 2.400e+00 ; 4.7659001e+01 ; 2.6900000e+02 
3.500e+01 ; 6.400e+00 ; 2.400e+00 ; 4.7787001e+01 ; 2.6900000e+02 
3.500e+01 ; 6.400e+00 ; 2.400e+00 ; 4.8043001e+01 ; 2.6900000e+02 
3.500e+01 ; 6.400e+00 ; 2.400e+00 ; 4.8500001e+01 ; 2.6900000e+02 
3.500e+01 ; 6.400e+00 ; 2.400e+00 ; 4.8500001e+01 ; 2.6900000e+02 
3.500e+01 ; 6.400e+00 ; 2.400e+00 ; 4.8501001e+01 ; 2.6900000e+02 
3.500e+01 ; 6.400e+00 ; 2.400e+00 ; 4.8502001e+01 ; 2.6900000e+02 
3.500e+01 ; 6.400e+00 ; 2.400e+00 ; 4.8503001e+01 ; 2.6900000e+02 
3.500e+01 ; 6.400e+00 ; 2.400e+00 ; 4.8505001e+01 ; 2.6900000e+02 
3.500e+01 ; 6.400e+00 ; 2.400e+00 ; 4.8509001e+01 ; 2.6900000e+02 
3.500e+01 ; 6.400e+00 ; 2.400e+00 ; 4.8517001e+01 ; 2.6900000e+02 
3.500e+01 ; 6.400e+00 ; 2.400e+00 ; 4.8533001e+01 ; 2.6900000e+02 
3.500e+01 ; 6.400e+00 ; 2.400e+00 ; 4.8565001e+01 ; 2.6900000e+02 
3.500e+01 ; 6.400e+00 ; 2.400e+00 ; 4.8629001e+01 ; 2.6900000e+02 
3.500e+01 ; 6.400e+00 ; 2.400e+00 ; 4.8757001e+01 ; 2.6900000e+02 
3.500e+01 ; 6.400e+00 ; 2.400e+00 ; 4.9013001e+01 ; 2.6900000e+02 
3.500e+01 ; 6.400e+00 ; 2.400e+00 ; 4.9470001e+01 ; 2.6900000e+02 
3.500e+01 ; 6.400e+00 ; 2.400e+00 ; 4.9470001e+01 ; 2.6900000e+02 
3.500e+01 ; 6.400e+00 ; 2.400e+00 ; 4.9471001e+01 ; 2.6900000e+02 
3.500e+01 ; 6.400e+00 ; 2.400e+00 ; 4.9472001e+01 ; 2.6900000e+02 
3.500e+01 ; 6.400e+00 ; 2.400e+00 ; 4.9473001e+01 ; 2.6900000e+02 
3.500e+01 ; 6.400e+00 ; 2.400e+00 ; 4.9475001e+01 ; 2.6900000e+02 
3.500e+01 ; 6.400e+00 ; 2.400e+00 ; 4.9479001e+01 ; 2.6900000e+02 
3.500e+01 ; 6.400e+00 ; 2.400e+00 ; 4.9487001e+01 ; 2.6900000e+02 
3.500e+01 ; 6.400e+00 ; 2.400e+00 ; 4.9503001e+01 ; 2.6900000e+02 
3.500e+01 ; 6.400e+00 ; 2.400e+00 ; 4.9535001e+01 ; 2.6900000e+02 
3.500e+01 ; 6.400e+00 ; 2.400e+00 ; 4.9599001e+01 ; 2.6900000e+02 
3.500e+01 ; 6.400e+00 ; 2.400e+00 ; 4.9727001e+01 ; 2.6900000e+02 
3.500e+01 ; 6.400e+00 ; 2.400e+00 ; 4.9983001e+01 ; 2.6900000e+02 
3.500e+01 ; 6.400e+00 ; 2.400e+00 ; 5.0440001e+01 ; 2.6900000e+02 
3.500e+01 ; 6.400e+00 ; 2.400e+00 ; 5.0440001e+01 ; 2.6900000e+02 
3.500e+01 ; 6.400e+00 ; 2.400e+00 ; 5.0441001e+01 ; 2.6900000e+02 
3.500e+01 ; 6.400e+00 ; 2.400e+00 ; 5.0442001e+01 ; 2.6900000e+02 
3.500e+01 ; 6.400e+00 ; 2.400e+00 ; 5.0443001e+01 ; 2.6900000e+02 
3.500e+01 ; 6.400e+00 ; 2.400e+00 ; 5.0445001e+01 ; 2.6900000e+02 
3.500e+01 ; 6.400e+00 ; 2.400e+00 ; 5.0449001e+01 ; 2.6900000e+02 
3.500e+01 ; 6.400e+00 ; 2.400e+00 ; 5.0457001e+01 ; 2.6900000e+02 
3.500e+01 ; 6.400e+00 ; 2.400e+00 ; 5.0473001e+01 ; 2.6900000e+02 
3.500e+01 ; 6.400e+00 ; 2.400e+00 ; 5.0505001e+01 ; 2.6900000e+02 
3.500e+01 ; 6.400e+00 ; 2.400e+00 ; 5.0569001e+01 ; 2.6900000e+02 
3.500e+01 ; 6.400e+00 ; 2.400e+00 ; 5.0697001e+01 ; 2.6900000e+02 
3.500e+01 ; 6.400e+00 ; 2.400e+00 ; 5.0953001e+01 ; 2.6900000e+02 
3.500e+01 ; 6.400e+00 ; 2.400e+00 ; 5.1410002e+01 ; 2.6900000e+02 
3.500e+01 ; 6.400e+00 ; 2.400e+00 ; 5.1410002e+01 ; 2.6900000e+02 
3.500e+01 ; 6.400e+00 ; 2.400e+00 ; 5.1411002e+01 ; 2.6882175e+02 
3.500e+01 ; 6.400e+00 ; 2.400e+00 ; 5.1412002e+01 ; 2.6864368e+02 
3.500e+01 ; 6.400e+00 ; 2.400e+00 ; 5.1413002e+01 ; 2.6846579e+02 
3.500e+01 ; 6.400e+00 ; 2.400e+00 ; 5.1415002e+01 ; 2.6811069e+02 
3.500e+01 ; 6.400e+00 ; 2.400e+00 ; 5.1419002e+01 ; 2.6740320e+02 
3.500e+01 ; 6.400e+00 ; 2.400e+00 ; 5.1427002e+01 ; 2.6599911e+02 
3.500e+01 ; 6.400e+00 ; 2.400e+00 ; 5.1443002e+01 ; 2.6323380e+02 
3.500e+01 ; 6.400e+00 ; 2.400e+00 ; 5.1475002e+01 ; 2.5786957e+02 
3.500e+01 ; 6.400e+00 ; 2.400e+00 ; 5.1539002e+01 ; 2.4776921e+02 
3.500e+01 ; 6.400e+00 ; 2.400e+00 ; 5.1667002e+01 ; 2.2980905e+02 
3.500e+01 ; 6.400e+00 ; 2.400e+00 ; 5.1923002e+01 ; 2.0107855e+02 
3.500e+01 ; 6.400e+00 ; 2.400e+00 ; 5.2380002e+01 ; 1.6557510e+02 
3.500e+01 ; 6.400e+00 ; 2.400e+00 ; 5.2380002e+01 ; 1.6557510e+02 
3.500e+01 ; 6.400e+00 ; 2.400e+00 ; 5.2381002e+01 ; 1.6549750e+02 
3.500e+01 ; 6.400e+00 ; 2.400e+00 ; 5.2382002e+01 ; 1.6541995e+02 
3.500e+01 ; 6.400e+00 ; 2.400e+00 ; 5.2383002e+01 ; 1.6534248e+02 
3.500e+01 ; 6.400e+00 ; 2.400e+00 ; 5.2385002e+01 ; 1.6518784e+02 
3.500e+01 ; 6.400e+00 ; 2.400e+00 ; 5.2389002e+01 ; 1.6487971e+02 
3.500e+01 ; 6.400e+00 ; 2.400e+00 ; 5.2397002e+01 ; 1.6426811e+02 
3.500e+01 ; 6.400e+00 ; 2.400e+00 ; 5.2413002e+01 ; 1.6306308e+02 
3.500e+01 ; 6.400e+00 ; 2.400e+00 ; 5.2445002e+01 ; 1.6072363e+02 
3.500e+01 ; 6.400e+00 ; 2.400e+00 ; 5.2509002e+01 ; 1.5631058e+02 
3.500e+01 ; 6.400e+00 ; 2.400e+00 ; 5.2637002e+01 ; 1.4843320e+02 
3.500e+01 ; 6.400e+00 ; 2.400e+00 ; 5.2893002e+01 ; 1.3574762e+02 
3.500e+01 ; 6.400e+00 ; 2.400e+00 ; 5.3350002e+01 ; 1.1995346e+02 
3.500e+01 ; 6.400e+00 ; 2.400e+00 ; 5.3350002e+01 ; 1.1995346e+02 
3.500e+01 ; 6.400e+00 ; 2.400e+00 ; 5.3351002e+01 ; 1.1991893e+02 
3.500e+01 ; 6.400e+00 ; 2.400e+00 ; 5.3352002e+01 ; 1.1988444e+02 
3.500e+01 ; 6.400e+00 ; 2.400e+00 ; 5.3353002e+01 ; 1.1984998e+02 
3.500e+01 ; 6.400e+00 ; 2.400e+00 ; 5.3355002e+01 ; 1.1978120e+02 
3.500e+01 ; 6.400e+00 ; 2.400e+00 ; 5.3359002e+01 ; 1.1964420e+02 
3.500e+01 ; 6.400e+00 ; 2.400e+00 ; 5.3367002e+01 ; 1.1937233e+02 
3.500e+01 ; 6.400e+00 ; 2.400e+00 ; 5.3383002e+01 ; 1.1883710e+02 
3.500e+01 ; 6.400e+00 ; 2.400e+00 ; 5.3415002e+01 ; 1.1779958e+02 
3.500e+01 ; 6.400e+00 ; 2.400e+00 ; 5.3479002e+01 ; 1.1584815e+02 
3.500e+01 ; 6.400e+00 ; 2.400e+00 ; 5.3607002e+01 ; 1.1238173e+02 
3.500e+01 ; 6.400e+00 ; 2.400e+00 ; 5.3863002e+01 ; 1.0682454e+02 
3.500e+01 ; 6.400e+00 ; 2.400e+00 ; 5.4320002e+01 ; 9.9850204e+01 
3.500e+01 ; 6.400e+00 ; 2.400e+00 ; 5.4320002e+01 ; 9.9850204e+01 
3.500e+01 ; 6.400e+00 ; 2.400e+00 ; 5.4321002e+01 ; 9.9834953e+01 
3.500e+01 ; 6.400e+00 ; 2.400e+00 ; 5.4322002e+01 ; 9.9819725e+01 
3.500e+01 ; 6.400e+00 ; 2.400e+00 ; 5.4323002e+01 ; 9.9804504e+01 
3.500e+01 ; 6.400e+00 ; 2.400e+00 ; 5.4325002e+01 ; 9.9774124e+01 
3.500e+01 ; 6.400e+00 ; 2.400e+00 ; 5.4329002e+01 ; 9.9713577e+01 
3.500e+01 ; 6.400e+00 ; 2.400e+00 ; 5.4337002e+01 ; 9.9593384e+01 
3.500e+01 ; 6.400e+00 ; 2.400e+00 ; 5.4353002e+01 ; 9.9356461e+01 
3.500e+01 ; 6.400e+00 ; 2.400e+00 ; 5.4385002e+01 ; 9.8896019e+01 
3.500e+01 ; 6.400e+00 ; 2.400e+00 ; 5.4449002e+01 ; 9.8025017e+01 
3.500e+01 ; 6.400e+00 ; 2.400e+00 ; 5.4577002e+01 ; 9.6457176e+01 
3.500e+01 ; 6.400e+00 ; 2.400e+00 ; 5.4833002e+01 ; 9.3864258e+01 
3.500e+01 ; 6.400e+00 ; 2.400e+00 ; 5.5290002e+01 ; 9.0403419e+01 
3.500e+01 ; 6.400e+00 ; 2.400e+00 ; 5.5290002e+01 ; 9.0403419e+01 
3.500e+01 ; 6.400e+00 ; 2.400e+00 ; 5.5291002e+01 ; 9.0395851e+01 
3.500e+01 ; 6.400e+00 ; 2.400e+00 ; 5.5292002e+01 ; 9.0388290e+01 
3.500e+01 ; 6.400e+00 ; 2.400e+00 ; 5.5293002e+01 ; 9.0380737e+01 
3.500e+01 ; 6.400e+00 ; 2.400e+00 ; 5.5295002e+01 ; 9.0365646e+01 
3.500e+01 ; 6.400e+00 ; 2.400e+00 ; 5.5299002e+01 ; 9.0335556e+01 
3.500e+01 ; 6.400e+00 ; 2.400e+00 ; 5.5307002e+01 ; 9.0275719e+01 
3.500e+01 ; 6.400e+00 ; 2.400e+00 ; 5.5323002e+01 ; 9.0157440e+01 
3.500e+01 ; 6.400e+00 ; 2.400e+00 ; 5.5355002e+01 ; 8.9926231e+01 
3.500e+01 ; 6.400e+00 ; 2.400e+00 ; 5.5419002e+01 ; 8.9483894e+01 
3.500e+01 ; 6.400e+00 ; 2.400e+00 ; 5.5547002e+01 ; 8.8670395e+01 
3.500e+01 ; 6.400e+00 ; 2.400e+00 ; 5.5803002e+01 ; 8.7271629e+01 
3.500e+01 ; 6.400e+00 ; 2.400e+00 ; 5.6260002e+01 ; 8.5290009e+01 
3.500e+01 ; 6.400e+00 ; 2.400e+00 ; 5.6260002e+01 ; 8.5290009e+01 
3.500e+01 ; 6.400e+00 ; 2.400e+00 ; 5.6261002e+01 ; 8.5285675e+01 
3.500e+01 ; 6.400e+00 ; 2.400e+00 ; 5.6262002e+01 ; 8.5281349e+01 
3.500e+01 ; 6.400e+00 ; 2.400e+00 ; 5.6263002e+01 ; 8.5277016e+01 
3.500e+01 ; 6.400e+00 ; 2.400e+00 ; 5.6265002e+01 ; 8.5268372e+01 
3.500e+01 ; 6.400e+00 ; 2.400e+00 ; 5.6269002e+01 ; 8.5251114e+01 
3.500e+01 ; 6.400e+00 ; 2.400e+00 ; 5.6277002e+01 ; 8.5216759e+01 
3.500e+01 ; 6.400e+00 ; 2.400e+00 ; 5.6293002e+01 ; 8.5148659e+01 
3.500e+01 ; 6.400e+00 ; 2.400e+00 ; 5.6325002e+01 ; 8.5014839e+01 
3.500e+01 ; 6.400e+00 ; 2.400e+00 ; 5.6389002e+01 ; 8.4756241e+01 
3.500e+01 ; 6.400e+00 ; 2.400e+00 ; 5.6517002e+01 ; 8.4271652e+01 
3.500e+01 ; 6.400e+00 ; 2.400e+00 ; 5.6773002e+01 ; 8.3410500e+01 
3.500e+01 ; 6.400e+00 ; 2.400e+00 ; 5.7230002e+01 ; 8.2130104e+01 
3.500e+01 ; 6.400e+00 ; 2.400e+00 ; 5.7230002e+01 ; 8.2130104e+01 
3.500e+01 ; 6.400e+00 ; 2.400e+00 ; 5.7231002e+01 ; 8.2127304e+01 
3.500e+01 ; 6.400e+00 ; 2.400e+00 ; 5.7232002e+01 ; 8.2124504e+01 
3.500e+01 ; 6.400e+00 ; 2.400e+00 ; 5.7233002e+01 ; 8.2121704e+01 
3.500e+01 ; 6.400e+00 ; 2.400e+00 ; 5.7235002e+01 ; 8.2116112e+01 
3.500e+01 ; 6.400e+00 ; 2.400e+00 ; 5.7239002e+01 ; 8.2104950e+01 
3.500e+01 ; 6.400e+00 ; 2.400e+00 ; 5.7247002e+01 ; 8.2082703e+01 
3.500e+01 ; 6.400e+00 ; 2.400e+00 ; 5.7263002e+01 ; 8.2038513e+01 
3.500e+01 ; 6.400e+00 ; 2.400e+00 ; 5.7295002e+01 ; 8.1951340e+01 
3.500e+01 ; 6.400e+00 ; 2.400e+00 ; 5.7359002e+01 ; 8.1781578e+01 
3.500e+01 ; 6.400e+00 ; 2.400e+00 ; 5.7487002e+01 ; 8.1458908e+01 
3.500e+01 ; 6.400e+00 ; 2.400e+00 ; 5.7743002e+01 ; 8.0871201e+01 
3.500e+01 ; 6.400e+00 ; 2.400e+00 ; 5.8200002e+01 ; 7.9965683e+01 
3.500e+01 ; 6.400e+00 ; 2.400e+00 ; 5.8200002e+01 ; 7.9965683e+01 
3.500e+01 ; 6.400e+00 ; 2.400e+00 ; 5.8201002e+01 ; 7.9963699e+01 
3.500e+01 ; 6.400e+00 ; 2.400e+00 ; 5.8202002e+01 ; 7.9961723e+01 
3.500e+01 ; 6.400e+00 ; 2.400e+00 ; 5.8203002e+01 ; 7.9959740e+01 
3.500e+01 ; 6.400e+00 ; 2.400e+00 ; 5.8205002e+01 ; 7.9955788e+01 
3.500e+01 ; 6.400e+00 ; 2.400e+00 ; 5.8209002e+01 ; 7.9947884e+01 
3.500e+01 ; 6.400e+00 ; 2.400e+00 ; 5.8217002e+01 ; 7.9932129e+01 
3.500e+01 ; 6.400e+00 ; 2.400e+00 ; 5.8233002e+01 ; 7.9900780e+01 
3.500e+01 ; 6.400e+00 ; 2.400e+00 ; 5.8265002e+01 ; 7.9838768e+01 
3.500e+01 ; 6.400e+00 ; 2.400e+00 ; 5.8329002e+01 ; 7.9717354e+01 
3.500e+01 ; 6.400e+00 ; 2.400e+00 ; 5.8457002e+01 ; 7.9484245e+01 
3.500e+01 ; 6.400e+00 ; 2.400e+00 ; 5.8713002e+01 ; 7.9052139e+01 
3.500e+01 ; 6.400e+00 ; 2.400e+00 ; 5.9170002e+01 ; 7.8369064e+01 
3.500e+01 ; 6.400e+00 ; 2.400e+00 ; 5.9170002e+01 ; 7.8369064e+01 
3.500e+01 ; 6.400e+00 ; 2.400e+00 ; 5.9171002e+01 ; 7.8367569e+01 
3.500e+01 ; 6.400e+00 ; 2.400e+00 ; 5.9172002e+01 ; 7.8366074e+01 
3.500e+01 ; 6.400e+00 ; 2.400e+00 ; 5.9173002e+01 ; 7.8364578e+01 
3.500e+01 ; 6.400e+00 ; 2.400e+00 ; 5.9175002e+01 ; 7.8361595e+01 
3.500e+01 ; 6.400e+00 ; 2.400e+00 ; 5.9179002e+01 ; 7.8355629e+01 
3.500e+01 ; 6.400e+00 ; 2.400e+00 ; 5.9187002e+01 ; 7.8343727e+01 
3.500e+01 ; 6.400e+00 ; 2.400e+00 ; 5.9203002e+01 ; 7.8320038e+01 
3.500e+01 ; 6.400e+00 ; 2.400e+00 ; 5.9235002e+01 ; 7.8273064e+01 
3.500e+01 ; 6.400e+00 ; 2.400e+00 ; 5.9299002e+01 ; 7.8180756e+01 
3.500e+01 ; 6.400e+00 ; 2.400e+00 ; 5.9427002e+01 ; 7.8002251e+01 
3.500e+01 ; 6.400e+00 ; 2.400e+00 ; 5.9683002e+01 ; 7.7667160e+01 
3.500e+01 ; 6.400e+00 ; 2.400e+00 ; 6.0140002e+01 ; 7.7127396e+01 
3.500e+01 ; 6.400e+00 ; 2.400e+00 ; 6.0140002e+01 ; 7.7127396e+01 
3.500e+01 ; 6.400e+00 ; 2.400e+00 ; 6.0141002e+01 ; 7.7126213e+01 
3.500e+01 ; 6.400e+00 ; 2.400e+00 ; 6.0142002e+01 ; 7.7125031e+01 
3.500e+01 ; 6.400e+00 ; 2.400e+00 ; 6.0143002e+01 ; 7.7123856e+01 
3.500e+01 ; 6.400e+00 ; 2.400e+00 ; 6.0145002e+01 ; 7.7121498e+01 
3.500e+01 ; 6.400e+00 ; 2.400e+00 ; 6.0149002e+01 ; 7.7116783e+01 
3.500e+01 ; 6.400e+00 ; 2.400e+00 ; 6.0157002e+01 ; 7.7107368e+01 
3.500e+01 ; 6.400e+00 ; 2.400e+00 ; 6.0173002e+01 ; 7.7088615e+01 
3.500e+01 ; 6.400e+00 ; 2.400e+00 ; 6.0205002e+01 ; 7.7051392e+01 
3.500e+01 ; 6.400e+00 ; 2.400e+00 ; 6.0269002e+01 ; 7.6978035e+01 
3.500e+01 ; 6.400e+00 ; 2.400e+00 ; 6.0397002e+01 ; 7.6835434e+01 
3.500e+01 ; 6.400e+00 ; 2.400e+00 ; 6.0653002e+01 ; 7.6565231e+01 
3.500e+01 ; 6.400e+00 ; 2.400e+00 ; 6.1110002e+01 ; 7.6123756e+01 
3.500e+01 ; 6.400e+00 ; 2.400e+00 ; 6.1110002e+01 ; 7.6123756e+01 
3.500e+01 ; 6.400e+00 ; 2.400e+00 ; 6.1111002e+01 ; 7.6122795e+01 
3.500e+01 ; 6.400e+00 ; 2.400e+00 ; 6.1112002e+01 ; 7.6121826e+01 
3.500e+01 ; 6.400e+00 ; 2.400e+00 ; 6.1113002e+01 ; 7.6120865e+01 
3.500e+01 ; 6.400e+00 ; 2.400e+00 ; 6.1115002e+01 ; 7.6118935e+01 
3.500e+01 ; 6.400e+00 ; 2.400e+00 ; 6.1119002e+01 ; 7.6115074e+01 
3.500e+01 ; 6.400e+00 ; 2.400e+00 ; 6.1127002e+01 ; 7.6107368e+01 
3.500e+01 ; 6.400e+00 ; 2.400e+00 ; 6.1143002e+01 ; 7.6092018e+01 
3.500e+01 ; 6.400e+00 ; 2.400e+00 ; 6.1175002e+01 ; 7.6061508e+01 
3.500e+01 ; 6.400e+00 ; 2.400e+00 ; 6.1239002e+01 ; 7.6001251e+01 
3.500e+01 ; 6.400e+00 ; 2.400e+00 ; 6.1367002e+01 ; 7.5883659e+01 
3.500e+01 ; 6.400e+00 ; 2.400e+00 ; 6.1623002e+01 ; 7.5659248e+01 
3.500e+01 ; 6.400e+00 ; 2.400e+00 ; 6.2080002e+01 ; 7.5288544e+01 
3.500e+01 ; 6.400e+00 ; 2.400e+00 ; 6.2080002e+01 ; 7.5288544e+01 
3.500e+01 ; 6.400e+00 ; 2.400e+00 ; 6.2081002e+01 ; 7.5287735e+01 
3.500e+01 ; 6.400e+00 ; 2.400e+00 ; 6.2082002e+01 ; 7.5286919e+01 
3.500e+01 ; 6.400e+00 ; 2.400e+00 ; 6.2083002e+01 ; 7.5286110e+01 
3.500e+01 ; 6.400e+00 ; 2.400e+00 ; 6.2085002e+01 ; 7.5284492e+01 
3.500e+01 ; 6.400e+00 ; 2.400e+00 ; 6.2089002e+01 ; 7.5281250e+01 
3.500e+01 ; 6.400e+00 ; 2.400e+00 ; 6.2097002e+01 ; 7.5274780e+01 
3.500e+01 ; 6.400e+00 ; 2.400e+00 ; 6.2113002e+01 ; 7.5261879e+01 
3.500e+01 ; 6.400e+00 ; 2.400e+00 ; 6.2145002e+01 ; 7.5236214e+01 
3.500e+01 ; 6.400e+00 ; 2.400e+00 ; 6.2209002e+01 ; 7.5185448e+01 
3.500e+01 ; 6.400e+00 ; 2.400e+00 ; 6.2337002e+01 ; 7.5086090e+01 
3.500e+01 ; 6.400e+00 ; 2.400e+00 ; 6.2593002e+01 ; 7.4895416e+01 
3.500e+01 ; 6.400e+00 ; 2.400e+00 ; 6.3050002e+01 ; 7.4577835e+01 
3.500e+01 ; 6.400e+00 ; 2.400e+00 ; 6.3050002e+01 ; 7.4577835e+01 
3.500e+01 ; 6.400e+00 ; 2.400e+00 ; 6.3051002e+01 ; 7.4577141e+01 
3.500e+01 ; 6.400e+00 ; 2.400e+00 ; 6.3052002e+01 ; 7.4576447e+01 
3.500e+01 ; 6.400e+00 ; 2.400e+00 ; 6.3053002e+01 ; 7.4575752e+01 
3.500e+01 ; 6.400e+00 ; 2.400e+00 ; 6.3055002e+01 ; 7.4574364e+01 
3.500e+01 ; 6.400e+00 ; 2.400e+00 ; 6.3059002e+01 ; 7.4571587e+01 
3.500e+01 ; 6.400e+00 ; 2.400e+00 ; 6.3067002e+01 ; 7.4566040e+01 
3.500e+01 ; 6.400e+00 ; 2.400e+00 ; 6.3083002e+01 ; 7.4554977e+01 
3.500e+01 ; 6.400e+00 ; 2.400e+00 ; 6.3115002e+01 ; 7.4532967e+01 
3.500e+01 ; 6.400e+00 ; 2.400e+00 ; 6.3179002e+01 ; 7.4489372e+01 
3.500e+01 ; 6.400e+00 ; 2.400e+00 ; 6.3307002e+01 ; 7.4403854e+01 
3.500e+01 ; 6.400e+00 ; 2.400e+00 ; 6.3563002e+01 ; 7.4239159e+01 
3.500e+01 ; 6.400e+00 ; 2.400e+00 ; 6.4020002e+01 ; 7.3963905e+01 
3.500e+01 ; 6.400e+00 ; 2.400e+00 ; 6.4020002e+01 ; 7.3963905e+01 
3.500e+01 ; 6.400e+00 ; 2.400e+00 ; 6.4021002e+01 ; 7.3963310e+01 
3.500e+01 ; 6.400e+00 ; 2.400e+00 ; 6.4022002e+01 ; 7.3962708e+01 
3.500e+01 ; 6.400e+00 ; 2.400e+00 ; 6.4023002e+01 ; 7.3962105e+01 
3.500e+01 ; 6.400e+00 ; 2.400e+00 ; 6.4025002e+01 ; 7.3960899e+01 
3.500e+01 ; 6.400e+00 ; 2.400e+00 ; 6.4029002e+01 ; 7.3958496e+01 
3.500e+01 ; 6.400e+00 ; 2.400e+00 ; 6.4037002e+01 ; 7.3953690e+01 
3.500e+01 ; 6.400e+00 ; 2.400e+00 ; 6.4053002e+01 ; 7.3944099e+01 
3.500e+01 ; 6.400e+00 ; 2.400e+00 ; 6.4085002e+01 ; 7.3925018e+01 
3.500e+01 ; 6.400e+00 ; 2.400e+00 ; 6.4149002e+01 ; 7.3887253e+01 
3.500e+01 ; 6.400e+00 ; 2.400e+00 ; 6.4277002e+01 ; 7.3813522e+01 
3.500e+01 ; 6.400e+00 ; 2.400e+00 ; 6.4533002e+01 ; 7.3674545e+01 
3.500e+01 ; 6.400e+00 ; 2.400e+00 ; 6.4990002e+01 ; 7.3456398e+01 
3.500e+01 ; 6.400e+00 ; 2.400e+00 ; 6.4990002e+01 ; 7.3456398e+01 
3.500e+01 ; 6.400e+00 ; 2.400e+00 ; 6.4991002e+01 ; 7.3455925e+01 
3.500e+01 ; 6.400e+00 ; 2.400e+00 ; 6.4992002e+01 ; 7.3455444e+01 
3.500e+01 ; 6.400e+00 ; 2.400e+00 ; 6.4993002e+01 ; 7.3454971e+01 
3.500e+01 ; 6.400e+00 ; 2.400e+00 ; 6.4995002e+01 ; 7.3454018e+01 
3.500e+01 ; 6.400e+00 ; 2.400e+00 ; 6.4999002e+01 ; 7.3452118e+01 
3.500e+01 ; 6.400e+00 ; 2.400e+00 ; 6.5007002e+01 ; 7.3448326e+01 
3.500e+01 ; 6.400e+00 ; 2.400e+00 ; 6.5023002e+01 ; 7.3440796e+01 
3.500e+01 ; 6.400e+00 ; 2.400e+00 ; 6.5055002e+01 ; 7.3425987e+01 
3.500e+01 ; 6.400e+00 ; 2.400e+00 ; 6.5119002e+01 ; 7.3397522e+01 
3.500e+01 ; 6.400e+00 ; 2.400e+00 ; 6.5247002e+01 ; 7.3346329e+01 
3.500e+01 ; 6.400e+00 ; 2.400e+00 ; 6.5503002e+01 ; 7.3271767e+01 
3.500e+01 ; 6.400e+00 ; 2.400e+00 ; 6.5960002e+01 ; 7.3225807e+01 
3.500e+01 ; 6.400e+00 ; 2.400e+00 ; 6.5960002e+01 ; 7.3225807e+01 
3.500e+01 ; 6.400e+00 ; 2.400e+00 ; 6.5961002e+01 ; 7.3229622e+01 
3.500e+01 ; 6.400e+00 ; 2.400e+00 ; 6.5962002e+01 ; 7.3233475e+01 
3.500e+01 ; 6.400e+00 ; 2.400e+00 ; 6.5963002e+01 ; 7.3237366e+01 
3.500e+01 ; 6.400e+00 ; 2.400e+00 ; 6.5965002e+01 ; 7.3245316e+01 
3.500e+01 ; 6.400e+00 ; 2.400e+00 ; 6.5969002e+01 ; 7.3261856e+01 
3.500e+01 ; 6.400e+00 ; 2.400e+00 ; 6.5977002e+01 ; 7.3297409e+01 
3.500e+01 ; 6.400e+00 ; 2.400e+00 ; 6.5993002e+01 ; 7.3377968e+01 
3.500e+01 ; 6.400e+00 ; 2.400e+00 ; 6.6025002e+01 ; 7.3573318e+01 
3.500e+01 ; 6.400e+00 ; 2.400e+00 ; 6.6089002e+01 ; 7.4075706e+01 
3.500e+01 ; 6.400e+00 ; 2.400e+00 ; 6.6217002e+01 ; 7.5369850e+01 
3.500e+01 ; 6.400e+00 ; 2.400e+00 ; 6.6473002e+01 ; 7.8338913e+01 
3.500e+01 ; 6.400e+00 ; 2.400e+00 ; 6.6930002e+01 ; 8.2943382e+01 
3.500e+01 ; 6.400e+00 ; 2.400e+00 ; 6.6930002e+01 ; 8.2943382e+01 
3.500e+01 ; 6.400e+00 ; 2.400e+00 ; 6.6931002e+01 ; 8.2956810e+01 
3.500e+01 ; 6.400e+00 ; 2.400e+00 ; 6.6932002e+01 ; 8.2970245e+01 
3.500e+01 ; 6.400e+00 ; 2.400e+00 ; 6.6933002e+01 ; 8.2983688e+01 
3.500e+01 ; 6.400e+00 ; 2.400e+00 ; 6.6935002e+01 ; 8.3010582e+01 
3.500e+01 ; 6.400e+00 ; 2.400e+00 ; 6.6939002e+01 ; 8.3064453e+01 
3.500e+01 ; 6.400e+00 ; 2.400e+00 ; 6.6947002e+01 ; 8.3172455e+01 
3.500e+01 ; 6.400e+00 ; 2.400e+00 ; 6.6963002e+01 ; 8.3389374e+01 
3.500e+01 ; 6.400e+00 ; 2.400e+00 ; 6.6995002e+01 ; 8.3825699e+01 
3.500e+01 ; 6.400e+00 ; 2.400e+00 ; 6.7059002e+01 ; 8.4700279e+01 
3.500e+01 ; 6.400e+00 ; 2.400e+00 ; 6.7187002e+01 ; 8.6408096e+01 
3.500e+01 ; 6.400e+00 ; 2.400e+00 ; 6.7443002e+01 ; 8.9436264e+01 
3.500e+01 ; 6.400e+00 ; 2.400e+00 ; 6.7900002e+01 ; 9.3220001e+01 
3.500e+01 ; 6.400e+00 ; 2.400e+00 ; 6.7900002e+01 ; 9.3220001e+01 
3.500e+01 ; 6.400e+00 ; 2.400e+00 ; 6.7901002e+01 ; 9.3228264e+01 
3.500e+01 ; 6.400e+00 ; 2.400e+00 ; 6.7902002e+01 ; 9.3236511e+01 
3.500e+01 ; 6.400e+00 ; 2.400e+00 ; 6.7903002e+01 ; 9.3244736e+01 
3.500e+01 ; 6.400e+00 ; 2.400e+00 ; 6.7905002e+01 ; 9.3261124e+01 
3.500e+01 ; 6.400e+00 ; 2.400e+00 ; 6.7909002e+01 ; 9.3293625e+01 
3.500e+01 ; 6.400e+00 ; 2.400e+00 ; 6.7917002e+01 ; 9.3357544e+01 
3.500e+01 ; 6.400e+00 ; 2.400e+00 ; 6.7933002e+01 ; 9.3481163e+01 
3.500e+01 ; 6.400e+00 ; 2.400e+00 ; 6.7965002e+01 ; 9.3712219e+01 
3.500e+01 ; 6.400e+00 ; 2.400e+00 ; 6.8029002e+01 ; 9.4114914e+01 
3.500e+01 ; 6.400e+00 ; 2.400e+00 ; 6.8157002e+01 ; 9.4719498e+01 
3.500e+01 ; 6.400e+00 ; 2.400e+00 ; 6.8413002e+01 ; 9.5348091e+01 
3.500e+01 ; 6.400e+00 ; 2.400e+00 ; 6.8870002e+01 ; 9.5410553e+01 
3.500e+01 ; 6.400e+00 ; 2.400e+00 ; 6.8870002e+01 ; 9.5410553e+01 
3.500e+01 ; 6.400e+00 ; 2.400e+00 ; 6.8871002e+01 ; 9.5410690e+01 
3.500e+01 ; 6.400e+00 ; 2.400e+00 ; 6.8872002e+01 ; 9.5410812e+01 
3.500e+01 ; 6.400e+00 ; 2.400e+00 ; 6.8873002e+01 ; 9.5410934e+01 
3.500e+01 ; 6.400e+00 ; 2.400e+00 ; 6.8875002e+01 ; 9.5411156e+01 
3.500e+01 ; 6.400e+00 ; 2.400e+00 ; 6.8879002e+01 ; 9.5411522e+01 
3.500e+01 ; 6.400e+00 ; 2.400e+00 ; 6.8887002e+01 ; 9.5411942e+01 
3.500e+01 ; 6.400e+00 ; 2.400e+00 ; 6.8903002e+01 ; 9.5411537e+01 
3.500e+01 ; 6.400e+00 ; 2.400e+00 ; 6.8935002e+01 ; 9.5406067e+01 
3.500e+01 ; 6.400e+00 ; 2.400e+00 ; 6.8999002e+01 ; 9.5378258e+01 
3.500e+01 ; 6.400e+00 ; 2.400e+00 ; 6.9127002e+01 ; 9.5267586e+01 
3.500e+01 ; 6.400e+00 ; 2.400e+00 ; 6.9383002e+01 ; 9.4898628e+01 
3.500e+01 ; 6.400e+00 ; 2.400e+00 ; 6.9840002e+01 ; 9.4013695e+01 
3.500e+01 ; 6.400e+00 ; 2.400e+00 ; 6.9840002e+01 ; 9.4013695e+01 
3.500e+01 ; 6.400e+00 ; 2.400e+00 ; 6.9841002e+01 ; 9.4011757e+01 
3.500e+01 ; 6.400e+00 ; 2.400e+00 ; 6.9842002e+01 ; 9.4009819e+01 
3.500e+01 ; 6.400e+00 ; 2.400e+00 ; 6.9843002e+01 ; 9.4007881e+01 
3.500e+01 ; 6.400e+00 ; 2.400e+00 ; 6.9845002e+01 ; 9.4003998e+01 
3.500e+01 ; 6.400e+00 ; 2.400e+00 ; 6.9849002e+01 ; 9.3996216e+01 
3.500e+01 ; 6.400e+00 ; 2.400e+00 ; 6.9857002e+01 ; 9.3980583e+01 
3.500e+01 ; 6.400e+00 ; 2.400e+00 ; 6.9873002e+01 ; 9.3949051e+01 
3.500e+01 ; 6.400e+00 ; 2.400e+00 ; 6.9905002e+01 ; 9.3885056e+01 
3.500e+01 ; 6.400e+00 ; 2.400e+00 ; 6.9969002e+01 ; 9.3753799e+01 
3.500e+01 ; 6.400e+00 ; 2.400e+00 ; 7.0097002e+01 ; 9.3481911e+01 
3.500e+01 ; 6.400e+00 ; 2.400e+00 ; 7.0353002e+01 ; 9.2920929e+01 
3.500e+01 ; 6.400e+00 ; 2.400e+00 ; 7.0810002e+01 ; 9.1927849e+01 
3.500e+01 ; 6.400e+00 ; 2.400e+00 ; 7.0810002e+01 ; 9.1927849e+01 
3.500e+01 ; 6.400e+00 ; 2.400e+00 ; 7.0811002e+01 ; 9.1925674e+01 
3.500e+01 ; 6.400e+00 ; 2.400e+00 ; 7.0812002e+01 ; 9.1923500e+01 
3.500e+01 ; 6.400e+00 ; 2.400e+00 ; 7.0813002e+01 ; 9.1921326e+01 
3.500e+01 ; 6.400e+00 ; 2.400e+00 ; 7.0815002e+01 ; 9.1916985e+01 
3.500e+01 ; 6.400e+00 ; 2.400e+00 ; 7.0819002e+01 ; 9.1908295e+01 
3.500e+01 ; 6.400e+00 ; 2.400e+00 ; 7.0827002e+01 ; 9.1890915e+01 
3.500e+01 ; 6.400e+00 ; 2.400e+00 ; 7.0843002e+01 ; 9.1856178e+01 
3.500e+01 ; 6.400e+00 ; 2.400e+00 ; 7.0875002e+01 ; 9.1786774e+01 
3.500e+01 ; 6.400e+00 ; 2.400e+00 ; 7.0939002e+01 ; 9.1648445e+01 
3.500e+01 ; 6.400e+00 ; 2.400e+00 ; 7.1067002e+01 ; 9.1374512e+01 
3.500e+01 ; 6.400e+00 ; 2.400e+00 ; 7.1323002e+01 ; 9.0842133e+01 
3.500e+01 ; 6.400e+00 ; 2.400e+00 ; 7.1780002e+01 ; 8.9952156e+01 
3.500e+01 ; 6.400e+00 ; 2.400e+00 ; 7.1780002e+01 ; 8.9952156e+01 
3.500e+01 ; 6.400e+00 ; 2.400e+00 ; 7.1781002e+01 ; 8.9950211e+01 
3.500e+01 ; 6.400e+00 ; 2.400e+00 ; 7.1782002e+01 ; 8.9948265e+01 
3.500e+01 ; 6.400e+00 ; 2.400e+00 ; 7.1783002e+01 ; 8.9946312e+01 
3.500e+01 ; 6.400e+00 ; 2.400e+00 ; 7.1785002e+01 ; 8.9942421e+01 
3.500e+01 ; 6.400e+00 ; 2.400e+00 ; 7.1789002e+01 ; 8.9934647e+01 
3.500e+01 ; 6.400e+00 ; 2.400e+00 ; 7.1797002e+01 ; 8.9919106e+01 
3.500e+01 ; 6.400e+00 ; 2.400e+00 ; 7.1813002e+01 ; 8.9888100e+01 
3.500e+01 ; 6.400e+00 ; 2.400e+00 ; 7.1845002e+01 ; 8.9826393e+01 
3.500e+01 ; 6.400e+00 ; 2.400e+00 ; 7.1909002e+01 ; 8.9704208e+01 
3.500e+01 ; 6.400e+00 ; 2.400e+00 ; 7.2037002e+01 ; 8.9464882e+01 
3.500e+01 ; 6.400e+00 ; 2.400e+00 ; 7.2293002e+01 ; 8.9006546e+01 
3.500e+01 ; 6.400e+00 ; 2.400e+00 ; 7.2750002e+01 ; 8.8250565e+01 
3.500e+01 ; 6.400e+00 ; 2.400e+00 ; 7.2750002e+01 ; 8.8250565e+01 
3.500e+01 ; 6.400e+00 ; 2.400e+00 ; 7.2751002e+01 ; 8.8248917e+01 
3.500e+01 ; 6.400e+00 ; 2.400e+00 ; 7.2752002e+01 ; 8.8247261e+01 
3.500e+01 ; 6.400e+00 ; 2.400e+00 ; 7.2753002e+01 ; 8.8245605e+01 
3.500e+01 ; 6.400e+00 ; 2.400e+00 ; 7.2755002e+01 ; 8.8242302e+01 
3.500e+01 ; 6.400e+00 ; 2.400e+00 ; 7.2759002e+01 ; 8.8235695e+01 
3.500e+01 ; 6.400e+00 ; 2.400e+00 ; 7.2767002e+01 ; 8.8222504e+01 
3.500e+01 ; 6.400e+00 ; 2.400e+00 ; 7.2783002e+01 ; 8.8196190e+01 
3.500e+01 ; 6.400e+00 ; 2.400e+00 ; 7.2815002e+01 ; 8.8143875e+01 
3.500e+01 ; 6.400e+00 ; 2.400e+00 ; 7.2879002e+01 ; 8.8040443e+01 
3.500e+01 ; 6.400e+00 ; 2.400e+00 ; 7.3007002e+01 ; 8.7838310e+01 
3.500e+01 ; 6.400e+00 ; 2.400e+00 ; 7.3263002e+01 ; 8.7452126e+01 
3.500e+01 ; 6.400e+00 ; 2.400e+00 ; 7.3720002e+01 ; 8.6815331e+01 
3.500e+01 ; 6.400e+00 ; 2.400e+00 ; 7.3720002e+01 ; 8.6815331e+01 
3.500e+01 ; 6.400e+00 ; 2.400e+00 ; 7.3721002e+01 ; 8.6813934e+01 
3.500e+01 ; 6.400e+00 ; 2.400e+00 ; 7.3722002e+01 ; 8.6812546e+01 
3.500e+01 ; 6.400e+00 ; 2.400e+00 ; 7.3723002e+01 ; 8.6811150e+01 
3.500e+01 ; 6.400e+00 ; 2.400e+00 ; 7.3725002e+01 ; 8.6808365e+01 
3.500e+01 ; 6.400e+00 ; 2.400e+00 ; 7.3729002e+01 ; 8.6802803e+01 
3.500e+01 ; 6.400e+00 ; 2.400e+00 ; 7.3737002e+01 ; 8.6791687e+01 
3.500e+01 ; 6.400e+00 ; 2.400e+00 ; 7.3753002e+01 ; 8.6769524e+01 
3.500e+01 ; 6.400e+00 ; 2.400e+00 ; 7.3785002e+01 ; 8.6725456e+01 
3.500e+01 ; 6.400e+00 ; 2.400e+00 ; 7.3849002e+01 ; 8.6638313e+01 
3.500e+01 ; 6.400e+00 ; 2.400e+00 ; 7.3977002e+01 ; 8.6467941e+01 
3.500e+01 ; 6.400e+00 ; 2.400e+00 ; 7.4233002e+01 ; 8.6141899e+01 
3.500e+01 ; 6.400e+00 ; 2.400e+00 ; 7.4690002e+01 ; 8.5602066e+01 
3.500e+01 ; 6.400e+00 ; 2.400e+00 ; 7.4690002e+01 ; 8.5602066e+01 
3.500e+01 ; 6.400e+00 ; 2.400e+00 ; 7.4691002e+01 ; 8.5600883e+01 
3.500e+01 ; 6.400e+00 ; 2.400e+00 ; 7.4692002e+01 ; 8.5599701e+01 
3.500e+01 ; 6.400e+00 ; 2.400e+00 ; 7.4693002e+01 ; 8.5598518e+01 
3.500e+01 ; 6.400e+00 ; 2.400e+00 ; 7.4695002e+01 ; 8.5596161e+01 
3.500e+01 ; 6.400e+00 ; 2.400e+00 ; 7.4699002e+01 ; 8.5591438e+01 
3.500e+01 ; 6.400e+00 ; 2.400e+00 ; 7.4707002e+01 ; 8.5582016e+01 
3.500e+01 ; 6.400e+00 ; 2.400e+00 ; 7.4723002e+01 ; 8.5563225e+01 
3.500e+01 ; 6.400e+00 ; 2.400e+00 ; 7.4755002e+01 ; 8.5525841e+01 
3.500e+01 ; 6.400e+00 ; 2.400e+00 ; 7.4819002e+01 ; 8.5451874e+01 
3.500e+01 ; 6.400e+00 ; 2.400e+00 ; 7.4947002e+01 ; 8.5307045e+01 
3.500e+01 ; 6.400e+00 ; 2.400e+00 ; 7.5203002e+01 ; 8.5029091e+01 
3.500e+01 ; 6.400e+00 ; 2.400e+00 ; 7.5660002e+01 ; 8.4566383e+01 
3.500e+01 ; 6.400e+00 ; 2.400e+00 ; 7.5660002e+01 ; 8.4566383e+01 
3.500e+01 ; 6.400e+00 ; 2.400e+00 ; 7.5661002e+01 ; 8.4565369e+01 
3.500e+01 ; 6.400e+00 ; 2.400e+00 ; 7.5662002e+01 ; 8.4564354e+01 
3.500e+01 ; 6.400e+00 ; 2.400e+00 ; 7.5663002e+01 ; 8.4563347e+01 
3.500e+01 ; 6.400e+00 ; 2.400e+00 ; 7.5665002e+01 ; 8.4561325e+01 
3.500e+01 ; 6.400e+00 ; 2.400e+00 ; 7.5669002e+01 ; 8.4557281e+01 
3.500e+01 ; 6.400e+00 ; 2.400e+00 ; 7.5677002e+01 ; 8.4549202e+01 
3.500e+01 ; 6.400e+00 ; 2.400e+00 ; 7.5693002e+01 ; 8.4533081e+01 
3.500e+01 ; 6.400e+00 ; 2.400e+00 ; 7.5725002e+01 ; 8.4501015e+01 
3.500e+01 ; 6.400e+00 ; 2.400e+00 ; 7.5789002e+01 ; 8.4437515e+01 
3.500e+01 ; 6.400e+00 ; 2.400e+00 ; 7.5917002e+01 ; 8.4312973e+01 
3.500e+01 ; 6.400e+00 ; 2.400e+00 ; 7.6173002e+01 ; 8.4073196e+01 
3.500e+01 ; 6.400e+00 ; 2.400e+00 ; 7.6630002e+01 ; 8.3671867e+01 
3.500e+01 ; 6.400e+00 ; 2.400e+00 ; 7.6630002e+01 ; 8.3671867e+01 
3.500e+01 ; 6.400e+00 ; 2.400e+00 ; 7.6631002e+01 ; 8.3670990e+01 
3.500e+01 ; 6.400e+00 ; 2.400e+00 ; 7.6632002e+01 ; 8.3670113e+01 
3.500e+01 ; 6.400e+00 ; 2.400e+00 ; 7.6633002e+01 ; 8.3669235e+01 
3.500e+01 ; 6.400e+00 ; 2.400e+00 ; 7.6635002e+01 ; 8.3667480e+01 
3.500e+01 ; 6.400e+00 ; 2.400e+00 ; 7.6639002e+01 ; 8.3663971e+01 
3.500e+01 ; 6.400e+00 ; 2.400e+00 ; 7.6647002e+01 ; 8.3656967e+01 
3.500e+01 ; 6.400e+00 ; 2.400e+00 ; 7.6663002e+01 ; 8.3642982e+01 
3.500e+01 ; 6.400e+00 ; 2.400e+00 ; 7.6695002e+01 ; 8.3615143e+01 
3.500e+01 ; 6.400e+00 ; 2.400e+00 ; 7.6759002e+01 ; 8.3559975e+01 
3.500e+01 ; 6.400e+00 ; 2.400e+00 ; 7.6887002e+01 ; 8.3451614e+01 
3.500e+01 ; 6.400e+00 ; 2.400e+00 ; 7.7143002e+01 ; 8.3242348e+01 
3.500e+01 ; 6.400e+00 ; 2.400e+00 ; 7.7600002e+01 ; 8.2890373e+01 
3.500e+01 ; 6.400e+00 ; 2.400e+00 ; 7.7600002e+01 ; 8.2890373e+01 
3.500e+01 ; 6.400e+00 ; 2.400e+00 ; 7.7601002e+01 ; 8.2889610e+01 
3.500e+01 ; 6.400e+00 ; 2.400e+00 ; 7.7602002e+01 ; 8.2888840e+01 
3.500e+01 ; 6.400e+00 ; 2.400e+00 ; 7.7603002e+01 ; 8.2888069e+01 
3.500e+01 ; 6.400e+00 ; 2.400e+00 ; 7.7605002e+01 ; 8.2886528e+01 
3.500e+01 ; 6.400e+00 ; 2.400e+00 ; 7.7609002e+01 ; 8.2883453e+01 
3.500e+01 ; 6.400e+00 ; 2.400e+00 ; 7.7617002e+01 ; 8.2877304e+01 
3.500e+01 ; 6.400e+00 ; 2.400e+00 ; 7.7633002e+01 ; 8.2865036e+01 
3.500e+01 ; 6.400e+00 ; 2.400e+00 ; 7.7665002e+01 ; 8.2840599e+01 
3.500e+01 ; 6.400e+00 ; 2.400e+00 ; 7.7729002e+01 ; 8.2792152e+01 
3.500e+01 ; 6.400e+00 ; 2.400e+00 ; 7.7857002e+01 ; 8.2696861e+01 
3.500e+01 ; 6.400e+00 ; 2.400e+00 ; 7.8113002e+01 ; 8.2512482e+01 
3.500e+01 ; 6.400e+00 ; 2.400e+00 ; 7.8570002e+01 ; 8.2202171e+01 
3.500e+01 ; 6.400e+00 ; 2.400e+00 ; 7.8570002e+01 ; 8.2202171e+01 
3.500e+01 ; 6.400e+00 ; 2.400e+00 ; 7.8571002e+01 ; 8.2201492e+01 
3.500e+01 ; 6.400e+00 ; 2.400e+00 ; 7.8572002e+01 ; 8.2200813e+01 
3.500e+01 ; 6.400e+00 ; 2.400e+00 ; 7.8573002e+01 ; 8.2200134e+01 
3.500e+01 ; 6.400e+00 ; 2.400e+00 ; 7.8575002e+01 ; 8.2198776e+01 
3.500e+01 ; 6.400e+00 ; 2.400e+00 ; 7.8579002e+01 ; 8.2196060e+01 
3.500e+01 ; 6.400e+00 ; 2.400e+00 ; 7.8587002e+01 ; 8.2190643e+01 
3.500e+01 ; 6.400e+00 ; 2.400e+00 ; 7.8603002e+01 ; 8.2179825e+01 
3.500e+01 ; 6.400e+00 ; 2.400e+00 ; 7.8635002e+01 ; 8.2158287e+01 
3.500e+01 ; 6.400e+00 ; 2.400e+00 ; 7.8699002e+01 ; 8.2115578e+01 
3.500e+01 ; 6.400e+00 ; 2.400e+00 ; 7.8827002e+01 ; 8.2031693e+01 
3.500e+01 ; 6.400e+00 ; 2.400e+00 ; 7.9083002e+01 ; 8.1870621e+01 
3.500e+01 ; 6.400e+00 ; 2.400e+00 ; 7.9540002e+01 ; 8.1607048e+01 
3.500e+01 ; 6.400e+00 ; 2.400e+00 ; 7.9540002e+01 ; 8.1607048e+01 
3.500e+01 ; 6.400e+00 ; 2.400e+00 ; 7.9541002e+01 ; 8.1606468e+01 
3.500e+01 ; 6.400e+00 ; 2.400e+00 ; 7.9542002e+01 ; 8.1605896e+01 
3.500e+01 ; 6.400e+00 ; 2.400e+00 ; 7.9543002e+01 ; 8.1605316e+01 
3.500e+01 ; 6.400e+00 ; 2.400e+00 ; 7.9545002e+01 ; 8.1604172e+01 
3.500e+01 ; 6.400e+00 ; 2.400e+00 ; 7.9549002e+01 ; 8.1601875e+01 
3.500e+01 ; 6.400e+00 ; 2.400e+00 ; 7.9557002e+01 ; 8.1597321e+01 
3.500e+01 ; 6.400e+00 ; 2.400e+00 ; 7.9573002e+01 ; 8.1588341e+01 
3.500e+01 ; 6.400e+00 ; 2.400e+00 ; 7.9605002e+01 ; 8.1570976e+01 
3.500e+01 ; 6.400e+00 ; 2.400e+00 ; 7.9669002e+01 ; 8.1539131e+01 
3.500e+01 ; 6.400e+00 ; 2.400e+00 ; 7.9797002e+01 ; 8.1489243e+01 
3.500e+01 ; 6.400e+00 ; 2.400e+00 ; 8.0053002e+01 ; 8.1446342e+01 
3.500e+01 ; 6.400e+00 ; 2.400e+00 ; 8.0510002e+01 ; 8.1502632e+01 
3.500e+01 ; 6.400e+00 ; 2.400e+00 ; 8.0510002e+01 ; 8.1502632e+01 
3.500e+01 ; 6.400e+00 ; 2.400e+00 ; 8.0511002e+01 ; 8.1502754e+01 
3.500e+01 ; 6.400e+00 ; 2.400e+00 ; 8.0512002e+01 ; 8.1502884e+01 
3.500e+01 ; 6.400e+00 ; 2.400e+00 ; 8.0513002e+01 ; 8.1503014e+01 
3.500e+01 ; 6.400e+00 ; 2.400e+00 ; 8.0515002e+01 ; 8.1503273e+01 
3.500e+01 ; 6.400e+00 ; 2.400e+00 ; 8.0519002e+01 ; 8.1503815e+01 
3.500e+01 ; 6.400e+00 ; 2.400e+00 ; 8.0527002e+01 ; 8.1505005e+01 
3.500e+01 ; 6.400e+00 ; 2.400e+00 ; 8.0543002e+01 ; 8.1507790e+01 
3.500e+01 ; 6.400e+00 ; 2.400e+00 ; 8.0575002e+01 ; 8.1515137e+01 
3.500e+01 ; 6.400e+00 ; 2.400e+00 ; 8.0639002e+01 ; 8.1537766e+01 
3.500e+01 ; 6.400e+00 ; 2.400e+00 ; 8.0767002e+01 ; 8.1617569e+01 
3.500e+01 ; 6.400e+00 ; 2.400e+00 ; 8.1023002e+01 ; 8.1904823e+01 
3.500e+01 ; 6.400e+00 ; 2.400e+00 ; 8.1480002e+01 ; 8.2662903e+01 
3.500e+01 ; 6.400e+00 ; 2.400e+00 ; 8.1480002e+01 ; 8.2662903e+01 
3.500e+01 ; 6.400e+00 ; 2.400e+00 ; 8.1481002e+01 ; 8.2664566e+01 
3.500e+01 ; 6.400e+00 ; 2.400e+00 ; 8.1482002e+01 ; 8.2666229e+01 
3.500e+01 ; 6.400e+00 ; 2.400e+00 ; 8.1483002e+01 ; 8.2667892e+01 
3.500e+01 ; 6.400e+00 ; 2.400e+00 ; 8.1485002e+01 ; 8.2671234e+01 
3.500e+01 ; 6.400e+00 ; 2.400e+00 ; 8.1489002e+01 ; 8.2677940e+01 
3.500e+01 ; 6.400e+00 ; 2.400e+00 ; 8.1497002e+01 ; 8.2691475e+01 
3.500e+01 ; 6.400e+00 ; 2.400e+00 ; 8.1513002e+01 ; 8.2719048e+01 
3.500e+01 ; 6.400e+00 ; 2.400e+00 ; 8.1545002e+01 ; 8.2776253e+01 
3.500e+01 ; 6.400e+00 ; 2.400e+00 ; 8.1609002e+01 ; 8.2898865e+01 
3.500e+01 ; 6.400e+00 ; 2.400e+00 ; 8.1737002e+01 ; 8.3175003e+01 
3.500e+01 ; 6.400e+00 ; 2.400e+00 ; 8.1993002e+01 ; 8.3820053e+01 
3.500e+01 ; 6.400e+00 ; 2.400e+00 ; 8.2450002e+01 ; 8.5075027e+01 
3.500e+01 ; 6.400e+00 ; 2.400e+00 ; 8.2450002e+01 ; 8.5075027e+01 
3.500e+01 ; 6.400e+00 ; 2.400e+00 ; 8.2451002e+01 ; 8.5077774e+01 
3.500e+01 ; 6.400e+00 ; 2.400e+00 ; 8.2452002e+01 ; 8.5080521e+01 
3.500e+01 ; 6.400e+00 ; 2.400e+00 ; 8.2453002e+01 ; 8.5083267e+01 
3.500e+01 ; 6.400e+00 ; 2.400e+00 ; 8.2455002e+01 ; 8.5088768e+01 
3.500e+01 ; 6.400e+00 ; 2.400e+00 ; 8.2459002e+01 ; 8.5099777e+01 
3.500e+01 ; 6.400e+00 ; 2.400e+00 ; 8.2467002e+01 ; 8.5121841e+01 
3.500e+01 ; 6.400e+00 ; 2.400e+00 ; 8.2483002e+01 ; 8.5166145e+01 
3.500e+01 ; 6.400e+00 ; 2.400e+00 ; 8.2515002e+01 ; 8.5255325e+01 
3.500e+01 ; 6.400e+00 ; 2.400e+00 ; 8.2579002e+01 ; 8.5435333e+01 
3.500e+01 ; 6.400e+00 ; 2.400e+00 ; 8.2707002e+01 ; 8.5797211e+01 
3.500e+01 ; 6.400e+00 ; 2.400e+00 ; 8.2963002e+01 ; 8.6500328e+01 
3.500e+01 ; 6.400e+00 ; 2.400e+00 ; 8.3420002e+01 ; 8.7600708e+01 
3.500e+01 ; 6.400e+00 ; 2.400e+00 ; 8.3420002e+01 ; 8.7600708e+01 
3.500e+01 ; 6.400e+00 ; 2.400e+00 ; 8.3421002e+01 ; 8.7603111e+01 
3.500e+01 ; 6.400e+00 ; 2.400e+00 ; 8.3422002e+01 ; 8.7605515e+01 
3.500e+01 ; 6.400e+00 ; 2.400e+00 ; 8.3423002e+01 ; 8.7607925e+01 
3.500e+01 ; 6.400e+00 ; 2.400e+00 ; 8.3425002e+01 ; 8.7612732e+01 
3.500e+01 ; 6.400e+00 ; 2.400e+00 ; 8.3429002e+01 ; 8.7622337e+01 
3.500e+01 ; 6.400e+00 ; 2.400e+00 ; 8.3437002e+01 ; 8.7641495e+01 
3.500e+01 ; 6.400e+00 ; 2.400e+00 ; 8.3453002e+01 ; 8.7679611e+01 
3.500e+01 ; 6.400e+00 ; 2.400e+00 ; 8.3485002e+01 ; 8.7754982e+01 
3.500e+01 ; 6.400e+00 ; 2.400e+00 ; 8.3549002e+01 ; 8.7901947e+01 
3.500e+01 ; 6.400e+00 ; 2.400e+00 ; 8.3677002e+01 ; 8.8179039e+01 
3.500e+01 ; 6.400e+00 ; 2.400e+00 ; 8.3933002e+01 ; 8.8660042e+01 
3.500e+01 ; 6.400e+00 ; 2.400e+00 ; 8.4390002e+01 ; 8.9295120e+01 
3.500e+01 ; 6.400e+00 ; 2.400e+00 ; 8.4390002e+01 ; 8.9295120e+01 
3.500e+01 ; 6.400e+00 ; 2.400e+00 ; 8.4391002e+01 ; 8.9296509e+01 
3.500e+01 ; 6.400e+00 ; 2.400e+00 ; 8.4392002e+01 ; 8.9297897e+01 
3.500e+01 ; 6.400e+00 ; 2.400e+00 ; 8.4393002e+01 ; 8.9299278e+01 
3.500e+01 ; 6.400e+00 ; 2.400e+00 ; 8.4395002e+01 ; 8.9302048e+01 
3.500e+01 ; 6.400e+00 ; 2.400e+00 ; 8.4399002e+01 ; 8.9307571e+01 
3.500e+01 ; 6.400e+00 ; 2.400e+00 ; 8.4407002e+01 ; 8.9318542e+01 
3.500e+01 ; 6.400e+00 ; 2.400e+00 ; 8.4423002e+01 ; 8.9340210e+01 
3.500e+01 ; 6.400e+00 ; 2.400e+00 ; 8.4455002e+01 ; 8.9382469e+01 
3.500e+01 ; 6.400e+00 ; 2.400e+00 ; 8.4519002e+01 ; 8.9462685e+01 
3.500e+01 ; 6.400e+00 ; 2.400e+00 ; 8.4647002e+01 ; 8.9606506e+01 
3.500e+01 ; 6.400e+00 ; 2.400e+00 ; 8.4903003e+01 ; 8.9833527e+01 
3.500e+01 ; 6.400e+00 ; 2.400e+00 ; 8.5360003e+01 ; 9.0080635e+01 
3.500e+01 ; 6.400e+00 ; 2.400e+00 ; 8.5360003e+01 ; 9.0080635e+01 
3.500e+01 ; 6.400e+00 ; 2.400e+00 ; 8.5361003e+01 ; 9.0081177e+01 
3.500e+01 ; 6.400e+00 ; 2.400e+00 ; 8.5362003e+01 ; 9.0081718e+01 
3.500e+01 ; 6.400e+00 ; 2.400e+00 ; 8.5363003e+01 ; 9.0082253e+01 
3.500e+01 ; 6.400e+00 ; 2.400e+00 ; 8.5365003e+01 ; 9.0083328e+01 
3.500e+01 ; 6.400e+00 ; 2.400e+00 ; 8.5369003e+01 ; 9.0085464e+01 
3.500e+01 ; 6.400e+00 ; 2.400e+00 ; 8.5377003e+01 ; 9.0089684e+01 
3.500e+01 ; 6.400e+00 ; 2.400e+00 ; 8.5393003e+01 ; 9.0097939e+01 
3.500e+01 ; 6.400e+00 ; 2.400e+00 ; 8.5425003e+01 ; 9.0113701e+01 
3.500e+01 ; 6.400e+00 ; 2.400e+00 ; 8.5489003e+01 ; 9.0142319e+01 
3.500e+01 ; 6.400e+00 ; 2.400e+00 ; 8.5617003e+01 ; 9.0188675e+01 
3.500e+01 ; 6.400e+00 ; 2.400e+00 ; 8.5873003e+01 ; 9.0243607e+01 
3.500e+01 ; 6.400e+00 ; 2.400e+00 ; 8.6330003e+01 ; 9.0248497e+01 
3.500e+01 ; 6.400e+00 ; 2.400e+00 ; 8.6330003e+01 ; 9.0248497e+01 
3.500e+01 ; 6.400e+00 ; 2.400e+00 ; 8.6331003e+01 ; 9.0248512e+01 
3.500e+01 ; 6.400e+00 ; 2.400e+00 ; 8.6332003e+01 ; 9.0248520e+01 
3.500e+01 ; 6.400e+00 ; 2.400e+00 ; 8.6333003e+01 ; 9.0248528e+01 
3.500e+01 ; 6.400e+00 ; 2.400e+00 ; 8.6335003e+01 ; 9.0248550e+01 
3.500e+01 ; 6.400e+00 ; 2.400e+00 ; 8.6339003e+01 ; 9.0248573e+01 
3.500e+01 ; 6.400e+00 ; 2.400e+00 ; 8.6347003e+01 ; 9.0248596e+01 
3.500e+01 ; 6.400e+00 ; 2.400e+00 ; 8.6363003e+01 ; 9.0248535e+01 
3.500e+01 ; 6.400e+00 ; 2.400e+00 ; 8.6395003e+01 ; 9.0247978e+01 
3.500e+01 ; 6.400e+00 ; 2.400e+00 ; 8.6459003e+01 ; 9.0245178e+01 
3.500e+01 ; 6.400e+00 ; 2.400e+00 ; 8.6587003e+01 ; 9.0233383e+01 
3.500e+01 ; 6.400e+00 ; 2.400e+00 ; 8.6843003e+01 ; 9.0188782e+01 
3.500e+01 ; 6.400e+00 ; 2.400e+00 ; 8.7300003e+01 ; 9.0059174e+01 
3.500e+01 ; 6.400e+00 ; 2.400e+00 ; 8.7300003e+01 ; 9.0059174e+01 
3.500e+01 ; 6.400e+00 ; 2.400e+00 ; 8.7301003e+01 ; 9.0058884e+01 
3.500e+01 ; 6.400e+00 ; 2.400e+00 ; 8.7302003e+01 ; 9.0058601e+01 
3.500e+01 ; 6.400e+00 ; 2.400e+00 ; 8.7303003e+01 ; 9.0058319e+01 
3.500e+01 ; 6.400e+00 ; 2.400e+00 ; 8.7305003e+01 ; 9.0057747e+01 
3.500e+01 ; 6.400e+00 ; 2.400e+00 ; 8.7309003e+01 ; 9.0056610e+01 
3.500e+01 ; 6.400e+00 ; 2.400e+00 ; 8.7317003e+01 ; 9.0054306e+01 
3.500e+01 ; 6.400e+00 ; 2.400e+00 ; 8.7333003e+01 ; 9.0049644e+01 
3.500e+01 ; 6.400e+00 ; 2.400e+00 ; 8.7365003e+01 ; 9.0040085e+01 
3.500e+01 ; 6.400e+00 ; 2.400e+00 ; 8.7429003e+01 ; 9.0020081e+01 
3.500e+01 ; 6.400e+00 ; 2.400e+00 ; 8.7557003e+01 ; 8.9976822e+01 
3.500e+01 ; 6.400e+00 ; 2.400e+00 ; 8.7813003e+01 ; 8.9879562e+01 
3.500e+01 ; 6.400e+00 ; 2.400e+00 ; 8.8270003e+01 ; 8.9681412e+01 
3.500e+01 ; 6.400e+00 ; 2.400e+00 ; 8.8270003e+01 ; 8.9681412e+01 
3.500e+01 ; 6.400e+00 ; 2.400e+00 ; 8.8271003e+01 ; 8.9680977e+01 
3.500e+01 ; 6.400e+00 ; 2.400e+00 ; 8.8272003e+01 ; 8.9680550e+01 
3.500e+01 ; 6.400e+00 ; 2.400e+00 ; 8.8273003e+01 ; 8.9680115e+01 
3.500e+01 ; 6.400e+00 ; 2.400e+00 ; 8.8275003e+01 ; 8.9679245e+01 
3.500e+01 ; 6.400e+00 ; 2.400e+00 ; 8.8279003e+01 ; 8.9677505e+01 
3.500e+01 ; 6.400e+00 ; 2.400e+00 ; 8.8287003e+01 ; 8.9674019e+01 
3.500e+01 ; 6.400e+00 ; 2.400e+00 ; 8.8303003e+01 ; 8.9667023e+01 
3.500e+01 ; 6.400e+00 ; 2.400e+00 ; 8.8335003e+01 ; 8.9652916e+01 
3.500e+01 ; 6.400e+00 ; 2.400e+00 ; 8.8399003e+01 ; 8.9624268e+01 
3.500e+01 ; 6.400e+00 ; 2.400e+00 ; 8.8527003e+01 ; 8.9565430e+01 
3.500e+01 ; 6.400e+00 ; 2.400e+00 ; 8.8783003e+01 ; 8.9442863e+01 
3.500e+01 ; 6.400e+00 ; 2.400e+00 ; 8.9240003e+01 ; 8.9213860e+01 
3.500e+01 ; 6.400e+00 ; 2.400e+00 ; 8.9240003e+01 ; 8.9213860e+01 
3.500e+01 ; 6.400e+00 ; 2.400e+00 ; 8.9241003e+01 ; 8.9213356e+01 
3.500e+01 ; 6.400e+00 ; 2.400e+00 ; 8.9242003e+01 ; 8.9212860e+01 
3.500e+01 ; 6.400e+00 ; 2.400e+00 ; 8.9243003e+01 ; 8.9212357e+01 
3.500e+01 ; 6.400e+00 ; 2.400e+00 ; 8.9245003e+01 ; 8.9211349e+01 
3.500e+01 ; 6.400e+00 ; 2.400e+00 ; 8.9249003e+01 ; 8.9209343e+01 
3.500e+01 ; 6.400e+00 ; 2.400e+00 ; 8.9257003e+01 ; 8.9205330e+01 
3.500e+01 ; 6.400e+00 ; 2.400e+00 ; 8.9273003e+01 ; 8.9197289e+01 
3.500e+01 ; 6.400e+00 ; 2.400e+00 ; 8.9305003e+01 ; 8.9181160e+01 
3.500e+01 ; 6.400e+00 ; 2.400e+00 ; 8.9369003e+01 ; 8.9148720e+01 
3.500e+01 ; 6.400e+00 ; 2.400e+00 ; 8.9497003e+01 ; 8.9083260e+01 
3.500e+01 ; 6.400e+00 ; 2.400e+00 ; 8.9753003e+01 ; 8.8950676e+01 
3.500e+01 ; 6.400e+00 ; 2.400e+00 ; 9.0210003e+01 ; 8.8711609e+01 
3.500e+01 ; 6.400e+00 ; 2.400e+00 ; 9.0210003e+01 ; 8.8711609e+01 
3.500e+01 ; 6.400e+00 ; 2.400e+00 ; 9.0211003e+01 ; 8.8711082e+01 
3.500e+01 ; 6.400e+00 ; 2.400e+00 ; 9.0212003e+01 ; 8.8710564e+01 
3.500e+01 ; 6.400e+00 ; 2.400e+00 ; 9.0213003e+01 ; 8.8710037e+01 
3.500e+01 ; 6.400e+00 ; 2.400e+00 ; 9.0215003e+01 ; 8.8708992e+01 
3.500e+01 ; 6.400e+00 ; 2.400e+00 ; 9.0219003e+01 ; 8.8706902e+01 
3.500e+01 ; 6.400e+00 ; 2.400e+00 ; 9.0227003e+01 ; 8.8702713e+01 
3.500e+01 ; 6.400e+00 ; 2.400e+00 ; 9.0243003e+01 ; 8.8694336e+01 
3.500e+01 ; 6.400e+00 ; 2.400e+00 ; 9.0275003e+01 ; 8.8677574e+01 
3.500e+01 ; 6.400e+00 ; 2.400e+00 ; 9.0339003e+01 ; 8.8644020e+01 
3.500e+01 ; 6.400e+00 ; 2.400e+00 ; 9.0467003e+01 ; 8.8576843e+01 
3.500e+01 ; 6.400e+00 ; 2.400e+00 ; 9.0723003e+01 ; 8.8442558e+01 
3.500e+01 ; 6.400e+00 ; 2.400e+00 ; 9.1180003e+01 ; 8.8204597e+01 
3.500e+01 ; 6.400e+00 ; 2.400e+00 ; 9.1180003e+01 ; 8.8204597e+01 
3.500e+01 ; 6.400e+00 ; 2.400e+00 ; 9.1181003e+01 ; 8.8204079e+01 
3.500e+01 ; 6.400e+00 ; 2.400e+00 ; 9.1182003e+01 ; 8.8203552e+01 
3.500e+01 ; 6.400e+00 ; 2.400e+00 ; 9.1183003e+01 ; 8.8203033e+01 
3.500e+01 ; 6.400e+00 ; 2.400e+00 ; 9.1185003e+01 ; 8.8201996e+01 
3.500e+01 ; 6.400e+00 ; 2.400e+00 ; 9.1189003e+01 ; 8.8199913e+01 
3.500e+01 ; 6.400e+00 ; 2.400e+00 ; 9.1197003e+01 ; 8.8195747e+01 
3.500e+01 ; 6.400e+00 ; 2.400e+00 ; 9.1213003e+01 ; 8.8187416e+01 
3.500e+01 ; 6.400e+00 ; 2.400e+00 ; 9.1245003e+01 ; 8.8170776e+01 
3.500e+01 ; 6.400e+00 ; 2.400e+00 ; 9.1309003e+01 ; 8.8137535e+01 
3.500e+01 ; 6.400e+00 ; 2.400e+00 ; 9.1437003e+01 ; 8.8071243e+01 
3.500e+01 ; 6.400e+00 ; 2.400e+00 ; 9.1693003e+01 ; 8.7939644e+01 
3.500e+01 ; 6.400e+00 ; 2.400e+00 ; 9.2150003e+01 ; 8.7708649e+01 
3.500e+01 ; 6.400e+00 ; 2.400e+00 ; 9.2150003e+01 ; 8.7708649e+01 
3.500e+01 ; 6.400e+00 ; 2.400e+00 ; 9.2151003e+01 ; 8.7708145e+01 
3.500e+01 ; 6.400e+00 ; 2.400e+00 ; 9.2152003e+01 ; 8.7707642e+01 
3.500e+01 ; 6.400e+00 ; 2.400e+00 ; 9.2153003e+01 ; 8.7707138e+01 
3.500e+01 ; 6.400e+00 ; 2.400e+00 ; 9.2155003e+01 ; 8.7706123e+01 
3.500e+01 ; 6.400e+00 ; 2.400e+00 ; 9.2159003e+01 ; 8.7704102e+01 
3.500e+01 ; 6.400e+00 ; 2.400e+00 ; 9.2167003e+01 ; 8.7700058e+01 
3.500e+01 ; 6.400e+00 ; 2.400e+00 ; 9.2183003e+01 ; 8.7691986e+01 
3.500e+01 ; 6.400e+00 ; 2.400e+00 ; 9.2215003e+01 ; 8.7675850e+01 
3.500e+01 ; 6.400e+00 ; 2.400e+00 ; 9.2279003e+01 ; 8.7643661e+01 
3.500e+01 ; 6.400e+00 ; 2.400e+00 ; 9.2407003e+01 ; 8.7579620e+01 
3.500e+01 ; 6.400e+00 ; 2.400e+00 ; 9.2663003e+01 ; 8.7453033e+01 
3.500e+01 ; 6.400e+00 ; 2.400e+00 ; 9.3120003e+01 ; 8.7232430e+01 
3.500e+01 ; 6.400e+00 ; 2.400e+00 ; 9.3120003e+01 ; 8.7232430e+01 
3.500e+01 ; 6.400e+00 ; 2.400e+00 ; 9.3121003e+01 ; 8.7231941e+01 
3.500e+01 ; 6.400e+00 ; 2.400e+00 ; 9.3122003e+01 ; 8.7231461e+01 
3.500e+01 ; 6.400e+00 ; 2.400e+00 ; 9.3123003e+01 ; 8.7230980e+01 
3.500e+01 ; 6.400e+00 ; 2.400e+00 ; 9.3125003e+01 ; 8.7230011e+01 
3.500e+01 ; 6.400e+00 ; 2.400e+00 ; 9.3129003e+01 ; 8.7228081e+01 
3.500e+01 ; 6.400e+00 ; 2.400e+00 ; 9.3137003e+01 ; 8.7224228e+01 
3.500e+01 ; 6.400e+00 ; 2.400e+00 ; 9.3153003e+01 ; 8.7216515e+01 
3.500e+01 ; 6.400e+00 ; 2.400e+00 ; 9.3185003e+01 ; 8.7201126e+01 
3.500e+01 ; 6.400e+00 ; 2.400e+00 ; 9.3249003e+01 ; 8.7170456e+01 
3.500e+01 ; 6.400e+00 ; 2.400e+00 ; 9.3377003e+01 ; 8.7109703e+01 
3.500e+01 ; 6.400e+00 ; 2.400e+00 ; 9.3633003e+01 ; 8.6991287e+01 
3.500e+01 ; 6.400e+00 ; 2.400e+00 ; 9.4090003e+01 ; 8.6792534e+01 
3.500e+01 ; 6.400e+00 ; 2.400e+00 ; 9.4090003e+01 ; 8.6792534e+01 
3.500e+01 ; 6.400e+00 ; 2.400e+00 ; 9.4091003e+01 ; 8.6792099e+01 
3.500e+01 ; 6.400e+00 ; 2.400e+00 ; 9.4092003e+01 ; 8.6791664e+01 
3.500e+01 ; 6.400e+00 ; 2.400e+00 ; 9.4093003e+01 ; 8.6791229e+01 
3.500e+01 ; 6.400e+00 ; 2.400e+00 ; 9.4095003e+01 ; 8.6790359e+01 
3.500e+01 ; 6.400e+00 ; 2.400e+00 ; 9.4099003e+01 ; 8.6788628e+01 
3.500e+01 ; 6.400e+00 ; 2.400e+00 ; 9.4107003e+01 ; 8.6785156e+01 
3.500e+01 ; 6.400e+00 ; 2.400e+00 ; 9.4123003e+01 ; 8.6778229e+01 
3.500e+01 ; 6.400e+00 ; 2.400e+00 ; 9.4155003e+01 ; 8.6764442e+01 
3.500e+01 ; 6.400e+00 ; 2.400e+00 ; 9.4219003e+01 ; 8.6737175e+01 
3.500e+01 ; 6.400e+00 ; 2.400e+00 ; 9.4347003e+01 ; 8.6684196e+01 
3.500e+01 ; 6.400e+00 ; 2.400e+00 ; 9.4603003e+01 ; 8.6587151e+01 
3.500e+01 ; 6.400e+00 ; 2.400e+00 ; 9.5060003e+01 ; 8.6449074e+01 
3.500e+01 ; 6.400e+00 ; 2.400e+00 ; 9.5060003e+01 ; 8.6449074e+01 
3.500e+01 ; 6.400e+00 ; 2.400e+00 ; 9.5061003e+01 ; 8.6448776e+01 
3.500e+01 ; 6.400e+00 ; 2.400e+00 ; 9.5062003e+01 ; 8.6448471e+01 
3.500e+01 ; 6.400e+00 ; 2.400e+00 ; 9.5063003e+01 ; 8.6448174e+01 
3.500e+01 ; 6.400e+00 ; 2.400e+00 ; 9.5065003e+01 ; 8.6447571e+01 
3.500e+01 ; 6.400e+00 ; 2.400e+00 ; 9.5069003e+01 ; 8.6446365e+01 
3.500e+01 ; 6.400e+00 ; 2.400e+00 ; 9.5077003e+01 ; 8.6443970e+01 
3.500e+01 ; 6.400e+00 ; 2.400e+00 ; 9.5093003e+01 ; 8.6439232e+01 
3.500e+01 ; 6.400e+00 ; 2.400e+00 ; 9.5125003e+01 ; 8.6429924e+01 
3.500e+01 ; 6.400e+00 ; 2.400e+00 ; 9.5189003e+01 ; 8.6412086e+01 
3.500e+01 ; 6.400e+00 ; 2.400e+00 ; 9.5317003e+01 ; 8.6380058e+01 
3.500e+01 ; 6.400e+00 ; 2.400e+00 ; 9.5573003e+01 ; 8.6334045e+01 
3.500e+01 ; 6.400e+00 ; 2.400e+00 ; 9.6030003e+01 ; 8.6313515e+01 
3.500e+01 ; 6.400e+00 ; 2.400e+00 ; 9.6030003e+01 ; 8.6313515e+01 
3.500e+01 ; 6.400e+00 ; 2.400e+00 ; 9.6031003e+01 ; 8.6313469e+01 
3.500e+01 ; 6.400e+00 ; 2.400e+00 ; 9.6032003e+01 ; 8.6313423e+01 
3.500e+01 ; 6.400e+00 ; 2.400e+00 ; 9.6033003e+01 ; 8.6313377e+01 
3.500e+01 ; 6.400e+00 ; 2.400e+00 ; 9.6035003e+01 ; 8.6313293e+01 
3.500e+01 ; 6.400e+00 ; 2.400e+00 ; 9.6039003e+01 ; 8.6313126e+01 
3.500e+01 ; 6.400e+00 ; 2.400e+00 ; 9.6047003e+01 ; 8.6312805e+01 
3.500e+01 ; 6.400e+00 ; 2.400e+00 ; 9.6063003e+01 ; 8.6312241e+01 
3.500e+01 ; 6.400e+00 ; 2.400e+00 ; 9.6095003e+01 ; 8.6311424e+01 
3.500e+01 ; 6.400e+00 ; 2.400e+00 ; 9.6159003e+01 ; 8.6311043e+01 
3.500e+01 ; 6.400e+00 ; 2.400e+00 ; 9.6287003e+01 ; 8.6315536e+01 
3.500e+01 ; 6.400e+00 ; 2.400e+00 ; 9.6543003e+01 ; 8.6346191e+01 
3.500e+01 ; 6.400e+00 ; 2.400e+00 ; 9.7000003e+01 ; 8.6460495e+01 
3.500e+01 ; 6.400e+00 ; 2.400e+00 ; 9.7000003e+01 ; 8.6460495e+01 
3.500e+01 ; 6.400e+00 ; 2.400e+00 ; 9.7001003e+01 ; 8.6460739e+01 
3.500e+01 ; 6.400e+00 ; 2.400e+00 ; 9.7002003e+01 ; 8.6460991e+01 
3.500e+01 ; 6.400e+00 ; 2.400e+00 ; 9.7003003e+01 ; 8.6461243e+01 
3.500e+01 ; 6.400e+00 ; 2.400e+00 ; 9.7005003e+01 ; 8.6461746e+01 
3.500e+01 ; 6.400e+00 ; 2.400e+00 ; 9.7009003e+01 ; 8.6462761e+01 
3.500e+01 ; 6.400e+00 ; 2.400e+00 ; 9.7017003e+01 ; 8.6464798e+01 
3.500e+01 ; 6.400e+00 ; 2.400e+00 ; 9.7033003e+01 ; 8.6468948e+01 
3.500e+01 ; 6.400e+00 ; 2.400e+00 ; 9.7065003e+01 ; 8.6477539e+01 
3.500e+01 ; 6.400e+00 ; 2.400e+00 ; 9.7129003e+01 ; 8.6495819e+01 
3.500e+01 ; 6.400e+00 ; 2.400e+00 ; 9.7257003e+01 ; 8.6536499e+01 
3.500e+01 ; 6.400e+00 ; 2.400e+00 ; 9.7513003e+01 ; 8.6631134e+01 
3.500e+01 ; 6.400e+00 ; 2.400e+00 ; 9.7970003e+01 ; 8.6821465e+01 
3.500e+01 ; 6.400e+00 ; 2.400e+00 ; 9.7970003e+01 ; 8.6821465e+01 
3.500e+01 ; 6.400e+00 ; 2.400e+00 ; 9.7971003e+01 ; 8.6821884e+01 
3.500e+01 ; 6.400e+00 ; 2.400e+00 ; 9.7972003e+01 ; 8.6822304e+01 
3.500e+01 ; 6.400e+00 ; 2.400e+00 ; 9.7973003e+01 ; 8.6822716e+01 
3.500e+01 ; 6.400e+00 ; 2.400e+00 ; 9.7975003e+01 ; 8.6823555e+01 
3.500e+01 ; 6.400e+00 ; 2.400e+00 ; 9.7979003e+01 ; 8.6825218e+01 
3.500e+01 ; 6.400e+00 ; 2.400e+00 ; 9.7987003e+01 ; 8.6828568e+01 
3.500e+01 ; 6.400e+00 ; 2.400e+00 ; 9.8003003e+01 ; 8.6835281e+01 
3.500e+01 ; 6.400e+00 ; 2.400e+00 ; 9.8035003e+01 ; 8.6848801e+01 
3.500e+01 ; 6.400e+00 ; 2.400e+00 ; 9.8099003e+01 ; 8.6876137e+01 
3.500e+01 ; 6.400e+00 ; 2.400e+00 ; 9.8227003e+01 ; 8.6931465e+01 
3.500e+01 ; 6.400e+00 ; 2.400e+00 ; 9.8483003e+01 ; 8.7040718e+01 
3.500e+01 ; 6.400e+00 ; 2.400e+00 ; 9.8940003e+01 ; 8.7213554e+01 
3.500e+01 ; 6.400e+00 ; 2.400e+00 ; 9.8940003e+01 ; 8.7213554e+01 
3.500e+01 ; 6.400e+00 ; 2.400e+00 ; 9.8941003e+01 ; 8.7213936e+01 
3.500e+01 ; 6.400e+00 ; 2.400e+00 ; 9.8942003e+01 ; 8.7214310e+01 
3.500e+01 ; 6.400e+00 ; 2.400e+00 ; 9.8943003e+01 ; 8.7214691e+01 
3.500e+01 ; 6.400e+00 ; 2.400e+00 ; 9.8945003e+01 ; 8.7215446e+01 
3.500e+01 ; 6.400e+00 ; 2.400e+00 ; 9.8949003e+01 ; 8.7216957e+01 
3.500e+01 ; 6.400e+00 ; 2.400e+00 ; 9.8957003e+01 ; 8.7219963e+01 
3.500e+01 ; 6.400e+00 ; 2.400e+00 ; 9.8973003e+01 ; 8.7225960e+01 
3.500e+01 ; 6.400e+00 ; 2.400e+00 ; 9.9005003e+01 ; 8.7237823e+01 
3.500e+01 ; 6.400e+00 ; 2.400e+00 ; 9.9069003e+01 ; 8.7261024e+01 
3.500e+01 ; 6.400e+00 ; 2.400e+00 ; 9.9197003e+01 ; 8.7304962e+01 
3.500e+01 ; 6.400e+00 ; 2.400e+00 ; 9.9453003e+01 ; 8.7380890e+01 
3.500e+01 ; 6.400e+00 ; 2.400e+00 ; 9.9910003e+01 ; 8.7471817e+01 
3.500e+01 ; 6.400e+00 ; 2.400e+00 ; 9.9910003e+01 ; 8.7471817e+01 
3.500e+01 ; 6.400e+00 ; 2.400e+00 ; 9.9911003e+01 ; 8.7472015e+01 
3.500e+01 ; 6.400e+00 ; 2.400e+00 ; 9.9912003e+01 ; 8.7472214e+01 
3.500e+01 ; 6.400e+00 ; 2.400e+00 ; 9.9913003e+01 ; 8.7472412e+01 
3.500e+01 ; 6.400e+00 ; 2.400e+00 ; 9.9915003e+01 ; 8.7472809e+01 
3.500e+01 ; 6.400e+00 ; 2.400e+00 ; 9.9919003e+01 ; 8.7473602e+01 
3.500e+01 ; 6.400e+00 ; 2.400e+00 ; 9.9927003e+01 ; 8.7475159e+01 
3.500e+01 ; 6.400e+00 ; 2.400e+00 ; 9.9943003e+01 ; 8.7478233e+01 
3.500e+01 ; 6.400e+00 ; 2.400e+00 ; 9.9975003e+01 ; 8.7484146e+01 
3.500e+01 ; 6.400e+00 ; 2.400e+00 ; 1.0003900e+02 ; 8.7495079e+01 
3.500e+01 ; 6.400e+00 ; 2.400e+00 ; 1.0016700e+02 ; 8.7513237e+01 
3.500e+01 ; 6.400e+00 ; 2.400e+00 ; 1.0042300e+02 ; 8.7534538e+01 
3.500e+01 ; 6.400e+00 ; 2.400e+00 ; 1.0088000e+02 ; 8.7526390e+01 
3.500e+01 ; 6.400e+00 ; 2.400e+00 ; 1.0088000e+02 ; 8.7526390e+01 
3.500e+01 ; 6.400e+00 ; 2.400e+00 ; 1.0088100e+02 ; 8.7526375e+01 
3.500e+01 ; 6.400e+00 ; 2.400e+00 ; 1.0088200e+02 ; 8.7526352e+01 
3.500e+01 ; 6.400e+00 ; 2.400e+00 ; 1.0088300e+02 ; 8.7526337e+01 
3.500e+01 ; 6.400e+00 ; 2.400e+00 ; 1.0088500e+02 ; 8.7526299e+01 
3.500e+01 ; 6.400e+00 ; 2.400e+00 ; 1.0088900e+02 ; 8.7526222e+01 
3.500e+01 ; 6.400e+00 ; 2.400e+00 ; 1.0089700e+02 ; 8.7526047e+01 
3.500e+01 ; 6.400e+00 ; 2.400e+00 ; 1.0091300e+02 ; 8.7525642e+01 
3.500e+01 ; 6.400e+00 ; 2.400e+00 ; 1.0094500e+02 ; 8.7524612e+01 
3.500e+01 ; 6.400e+00 ; 2.400e+00 ; 1.0100900e+02 ; 8.7521667e+01 
3.500e+01 ; 6.400e+00 ; 2.400e+00 ; 1.0113700e+02 ; 8.7512253e+01 
3.500e+01 ; 6.400e+00 ; 2.400e+00 ; 1.0139300e+02 ; 8.7480080e+01 
3.500e+01 ; 6.400e+00 ; 2.400e+00 ; 1.0185000e+02 ; 8.7384796e+01 
3.500e+01 ; 6.400e+00 ; 2.400e+00 ; 1.0185000e+02 ; 8.7384796e+01 
3.500e+01 ; 6.400e+00 ; 2.400e+00 ; 1.0185100e+02 ; 8.7384590e+01 
3.500e+01 ; 6.400e+00 ; 2.400e+00 ; 1.0185200e+02 ; 8.7384377e+01 
3.500e+01 ; 6.400e+00 ; 2.400e+00 ; 1.0185300e+02 ; 8.7384171e+01 
3.500e+01 ; 6.400e+00 ; 2.400e+00 ; 1.0185500e+02 ; 8.7383751e+01 
3.500e+01 ; 6.400e+00 ; 2.400e+00 ; 1.0185900e+02 ; 8.7382912e+01 
3.500e+01 ; 6.400e+00 ; 2.400e+00 ; 1.0186700e+02 ; 8.7381218e+01 
3.500e+01 ; 6.400e+00 ; 2.400e+00 ; 1.0188300e+02 ; 8.7377785e+01 
3.500e+01 ; 6.400e+00 ; 2.400e+00 ; 1.0191500e+02 ; 8.7370743e+01 
3.500e+01 ; 6.400e+00 ; 2.400e+00 ; 1.0197900e+02 ; 8.7355934e+01 
3.500e+01 ; 6.400e+00 ; 2.400e+00 ; 1.0210700e+02 ; 8.7323570e+01 
3.500e+01 ; 6.400e+00 ; 2.400e+00 ; 1.0236300e+02 ; 8.7248718e+01 
3.500e+01 ; 6.400e+00 ; 2.400e+00 ; 1.0282000e+02 ; 8.7087753e+01 
3.500e+01 ; 6.400e+00 ; 2.400e+00 ; 1.0282000e+02 ; 8.7087753e+01 
3.500e+01 ; 6.400e+00 ; 2.400e+00 ; 1.0283000e+02 ; 8.7084221e+01 
3.500e+01 ; 6.400e+00 ; 2.400e+00 ; 1.0284000e+02 ; 8.7080673e+01 
3.500e+01 ; 6.400e+00 ; 2.400e+00 ; 1.0285000e+02 ; 8.7077110e+01 
3.500e+01 ; 6.400e+00 ; 2.400e+00 ; 1.0287000e+02 ; 8.7069939e+01 
3.500e+01 ; 6.400e+00 ; 2.400e+00 ; 1.0291000e+02 ; 8.7055389e+01 
3.500e+01 ; 6.400e+00 ; 2.400e+00 ; 1.0299000e+02 ; 8.7025505e+01 
3.500e+01 ; 6.400e+00 ; 2.400e+00 ; 1.0315000e+02 ; 8.6962814e+01 
3.500e+01 ; 6.400e+00 ; 2.400e+00 ; 1.0347000e+02 ; 8.6827248e+01 
3.500e+01 ; 6.400e+00 ; 2.400e+00 ; 1.0411000e+02 ; 8.6525711e+01 
3.500e+01 ; 6.400e+00 ; 2.400e+00 ; 1.0507000e+02 ; 8.6031593e+01 
3.500e+01 ; 6.400e+00 ; 2.400e+00 ; 1.0651000e+02 ; 8.5254105e+01 
3.500e+01 ; 6.400e+00 ; 2.400e+00 ; 1.0782000e+02 ; 8.4544685e+01