X ; Y ; Z ; time ; Temperature 
3.500e+01 ; 8.800e+00 ; 6.000e-01 ; 0.0000000e+00 ; 2.6900000e+02 
3.500e+01 ; 8.800e+00 ; 6.000e-01 ; 1.0000000e-03 ; 2.6900000e+02 
3.500e+01 ; 8.800e+00 ; 6.000e-01 ; 2.0000001e-03 ; 2.6900000e+02 
3.500e+01 ; 8.800e+00 ; 6.000e-01 ; 3.0000000e-03 ; 2.6900000e+02 
3.500e+01 ; 8.800e+00 ; 6.000e-01 ; 4.9999999e-03 ; 2.6900000e+02 
3.500e+01 ; 8.800e+00 ; 6.000e-01 ; 8.9999996e-03 ; 2.6900000e+02 
3.500e+01 ; 8.800e+00 ; 6.000e-01 ; 1.7000001e-02 ; 2.6900000e+02 
3.500e+01 ; 8.800e+00 ; 6.000e-01 ; 3.3000000e-02 ; 2.6900000e+02 
3.500e+01 ; 8.800e+00 ; 6.000e-01 ; 6.4999998e-02 ; 2.6900000e+02 
3.500e+01 ; 8.800e+00 ; 6.000e-01 ; 1.2899999e-01 ; 2.6900000e+02 
3.500e+01 ; 8.800e+00 ; 6.000e-01 ; 2.5700000e-01 ; 2.6900000e+02 
3.500e+01 ; 8.800e+00 ; 6.000e-01 ; 5.1300001e-01 ; 2.6900000e+02 
3.500e+01 ; 8.800e+00 ; 6.000e-01 ; 7.6899999e-01 ; 2.6900000e+02 
3.500e+01 ; 8.800e+00 ; 6.000e-01 ; 9.7000003e-01 ; 2.6900000e+02 
3.500e+01 ; 8.800e+00 ; 6.000e-01 ; 9.7000003e-01 ; 2.6900000e+02 
3.500e+01 ; 8.800e+00 ; 6.000e-01 ; 9.7100003e-01 ; 2.6900000e+02 
3.500e+01 ; 8.800e+00 ; 6.000e-01 ; 9.7200003e-01 ; 2.6900000e+02 
3.500e+01 ; 8.800e+00 ; 6.000e-01 ; 9.7300003e-01 ; 2.6900000e+02 
3.500e+01 ; 8.800e+00 ; 6.000e-01 ; 9.7500003e-01 ; 2.6900000e+02 
3.500e+01 ; 8.800e+00 ; 6.000e-01 ; 9.7900003e-01 ; 2.6900000e+02 
3.500e+01 ; 8.800e+00 ; 6.000e-01 ; 9.8700003e-01 ; 2.6900000e+02 
3.500e+01 ; 8.800e+00 ; 6.000e-01 ; 1.0030000e+00 ; 2.6900000e+02 
3.500e+01 ; 8.800e+00 ; 6.000e-01 ; 1.0350000e+00 ; 2.6900000e+02 
3.500e+01 ; 8.800e+00 ; 6.000e-01 ; 1.0990000e+00 ; 2.6900000e+02 
3.500e+01 ; 8.800e+00 ; 6.000e-01 ; 1.2270000e+00 ; 2.6900000e+02 
3.500e+01 ; 8.800e+00 ; 6.000e-01 ; 1.4830000e+00 ; 2.6900000e+02 
3.500e+01 ; 8.800e+00 ; 6.000e-01 ; 1.9400001e+00 ; 2.6900000e+02 
3.500e+01 ; 8.800e+00 ; 6.000e-01 ; 1.9400001e+00 ; 2.6900000e+02 
3.500e+01 ; 8.800e+00 ; 6.000e-01 ; 1.9410001e+00 ; 2.6900000e+02 
3.500e+01 ; 8.800e+00 ; 6.000e-01 ; 1.9420001e+00 ; 2.6900000e+02 
3.500e+01 ; 8.800e+00 ; 6.000e-01 ; 1.9430001e+00 ; 2.6900000e+02 
3.500e+01 ; 8.800e+00 ; 6.000e-01 ; 1.9450001e+00 ; 2.6900000e+02 
3.500e+01 ; 8.800e+00 ; 6.000e-01 ; 1.9490001e+00 ; 2.6900000e+02 
3.500e+01 ; 8.800e+00 ; 6.000e-01 ; 1.9570001e+00 ; 2.6900000e+02 
3.500e+01 ; 8.800e+00 ; 6.000e-01 ; 1.9730001e+00 ; 2.6900000e+02 
3.500e+01 ; 8.800e+00 ; 6.000e-01 ; 2.0050001e+00 ; 2.6900000e+02 
3.500e+01 ; 8.800e+00 ; 6.000e-01 ; 2.0690001e+00 ; 2.6900000e+02 
3.500e+01 ; 8.800e+00 ; 6.000e-01 ; 2.1970001e+00 ; 2.6900000e+02 
3.500e+01 ; 8.800e+00 ; 6.000e-01 ; 2.4530001e+00 ; 2.6900000e+02 
3.500e+01 ; 8.800e+00 ; 6.000e-01 ; 2.9100001e+00 ; 2.6900000e+02 
3.500e+01 ; 8.800e+00 ; 6.000e-01 ; 2.9100001e+00 ; 2.6900000e+02 
3.500e+01 ; 8.800e+00 ; 6.000e-01 ; 2.9110001e+00 ; 2.6900000e+02 
3.500e+01 ; 8.800e+00 ; 6.000e-01 ; 2.9120001e+00 ; 2.6900000e+02 
3.500e+01 ; 8.800e+00 ; 6.000e-01 ; 2.9130001e+00 ; 2.6900000e+02 
3.500e+01 ; 8.800e+00 ; 6.000e-01 ; 2.9150001e+00 ; 2.6900000e+02 
3.500e+01 ; 8.800e+00 ; 6.000e-01 ; 2.9190001e+00 ; 2.6900000e+02 
3.500e+01 ; 8.800e+00 ; 6.000e-01 ; 2.9270001e+00 ; 2.6900000e+02 
3.500e+01 ; 8.800e+00 ; 6.000e-01 ; 2.9430001e+00 ; 2.6900000e+02 
3.500e+01 ; 8.800e+00 ; 6.000e-01 ; 2.9750001e+00 ; 2.6900000e+02 
3.500e+01 ; 8.800e+00 ; 6.000e-01 ; 3.0390001e+00 ; 2.6900000e+02 
3.500e+01 ; 8.800e+00 ; 6.000e-01 ; 3.1670001e+00 ; 2.6900000e+02 
3.500e+01 ; 8.800e+00 ; 6.000e-01 ; 3.4230001e+00 ; 2.6900000e+02 
3.500e+01 ; 8.800e+00 ; 6.000e-01 ; 3.8800001e+00 ; 2.6900000e+02 
3.500e+01 ; 8.800e+00 ; 6.000e-01 ; 3.8800001e+00 ; 2.6900000e+02 
3.500e+01 ; 8.800e+00 ; 6.000e-01 ; 3.8810001e+00 ; 2.6900000e+02 
3.500e+01 ; 8.800e+00 ; 6.000e-01 ; 3.8820001e+00 ; 2.6900000e+02 
3.500e+01 ; 8.800e+00 ; 6.000e-01 ; 3.8830001e+00 ; 2.6900000e+02 
3.500e+01 ; 8.800e+00 ; 6.000e-01 ; 3.8850001e+00 ; 2.6900000e+02 
3.500e+01 ; 8.800e+00 ; 6.000e-01 ; 3.8890001e+00 ; 2.6900000e+02 
3.500e+01 ; 8.800e+00 ; 6.000e-01 ; 3.8970001e+00 ; 2.6900000e+02 
3.500e+01 ; 8.800e+00 ; 6.000e-01 ; 3.9130001e+00 ; 2.6900000e+02 
3.500e+01 ; 8.800e+00 ; 6.000e-01 ; 3.9450001e+00 ; 2.6900000e+02 
3.500e+01 ; 8.800e+00 ; 6.000e-01 ; 4.0090001e+00 ; 2.6900000e+02 
3.500e+01 ; 8.800e+00 ; 6.000e-01 ; 4.1370001e+00 ; 2.6900000e+02 
3.500e+01 ; 8.800e+00 ; 6.000e-01 ; 4.3930001e+00 ; 2.6900000e+02 
3.500e+01 ; 8.800e+00 ; 6.000e-01 ; 4.8500001e+00 ; 2.6900000e+02 
3.500e+01 ; 8.800e+00 ; 6.000e-01 ; 4.8500001e+00 ; 2.6900000e+02 
3.500e+01 ; 8.800e+00 ; 6.000e-01 ; 4.8510001e+00 ; 2.6900000e+02 
3.500e+01 ; 8.800e+00 ; 6.000e-01 ; 4.8520001e+00 ; 2.6900000e+02 
3.500e+01 ; 8.800e+00 ; 6.000e-01 ; 4.8530001e+00 ; 2.6900000e+02 
3.500e+01 ; 8.800e+00 ; 6.000e-01 ; 4.8550001e+00 ; 2.6900000e+02 
3.500e+01 ; 8.800e+00 ; 6.000e-01 ; 4.8590001e+00 ; 2.6900000e+02 
3.500e+01 ; 8.800e+00 ; 6.000e-01 ; 4.8670001e+00 ; 2.6900000e+02 
3.500e+01 ; 8.800e+00 ; 6.000e-01 ; 4.8830001e+00 ; 2.6900000e+02 
3.500e+01 ; 8.800e+00 ; 6.000e-01 ; 4.9150001e+00 ; 2.6900000e+02 
3.500e+01 ; 8.800e+00 ; 6.000e-01 ; 4.9790001e+00 ; 2.6900000e+02 
3.500e+01 ; 8.800e+00 ; 6.000e-01 ; 5.1070001e+00 ; 2.6900000e+02 
3.500e+01 ; 8.800e+00 ; 6.000e-01 ; 5.3630002e+00 ; 2.6900000e+02 
3.500e+01 ; 8.800e+00 ; 6.000e-01 ; 5.8200002e+00 ; 2.6900000e+02 
3.500e+01 ; 8.800e+00 ; 6.000e-01 ; 5.8200002e+00 ; 2.6900000e+02 
3.500e+01 ; 8.800e+00 ; 6.000e-01 ; 5.8210002e+00 ; 2.6900000e+02 
3.500e+01 ; 8.800e+00 ; 6.000e-01 ; 5.8220002e+00 ; 2.6900000e+02 
3.500e+01 ; 8.800e+00 ; 6.000e-01 ; 5.8230002e+00 ; 2.6900000e+02 
3.500e+01 ; 8.800e+00 ; 6.000e-01 ; 5.8250002e+00 ; 2.6900000e+02 
3.500e+01 ; 8.800e+00 ; 6.000e-01 ; 5.8290002e+00 ; 2.6900000e+02 
3.500e+01 ; 8.800e+00 ; 6.000e-01 ; 5.8370002e+00 ; 2.6900000e+02 
3.500e+01 ; 8.800e+00 ; 6.000e-01 ; 5.8530002e+00 ; 2.6900000e+02 
3.500e+01 ; 8.800e+00 ; 6.000e-01 ; 5.8850002e+00 ; 2.6900000e+02 
3.500e+01 ; 8.800e+00 ; 6.000e-01 ; 5.9490002e+00 ; 2.6900000e+02 
3.500e+01 ; 8.800e+00 ; 6.000e-01 ; 6.0770002e+00 ; 2.6900000e+02 
3.500e+01 ; 8.800e+00 ; 6.000e-01 ; 6.3330002e+00 ; 2.6900000e+02 
3.500e+01 ; 8.800e+00 ; 6.000e-01 ; 6.7900002e+00 ; 2.6900000e+02 
3.500e+01 ; 8.800e+00 ; 6.000e-01 ; 6.7900002e+00 ; 2.6900000e+02 
3.500e+01 ; 8.800e+00 ; 6.000e-01 ; 6.7910002e+00 ; 2.6900000e+02 
3.500e+01 ; 8.800e+00 ; 6.000e-01 ; 6.7920002e+00 ; 2.6900000e+02 
3.500e+01 ; 8.800e+00 ; 6.000e-01 ; 6.7930002e+00 ; 2.6900000e+02 
3.500e+01 ; 8.800e+00 ; 6.000e-01 ; 6.7950002e+00 ; 2.6900000e+02 
3.500e+01 ; 8.800e+00 ; 6.000e-01 ; 6.7990002e+00 ; 2.6900000e+02 
3.500e+01 ; 8.800e+00 ; 6.000e-01 ; 6.8070002e+00 ; 2.6900000e+02 
3.500e+01 ; 8.800e+00 ; 6.000e-01 ; 6.8230002e+00 ; 2.6900000e+02 
3.500e+01 ; 8.800e+00 ; 6.000e-01 ; 6.8550002e+00 ; 2.6900000e+02 
3.500e+01 ; 8.800e+00 ; 6.000e-01 ; 6.9190002e+00 ; 2.6900000e+02 
3.500e+01 ; 8.800e+00 ; 6.000e-01 ; 7.0470002e+00 ; 2.6900000e+02 
3.500e+01 ; 8.800e+00 ; 6.000e-01 ; 7.3030002e+00 ; 2.6900000e+02 
3.500e+01 ; 8.800e+00 ; 6.000e-01 ; 7.7600002e+00 ; 2.6900000e+02 
3.500e+01 ; 8.800e+00 ; 6.000e-01 ; 7.7600002e+00 ; 2.6900000e+02 
3.500e+01 ; 8.800e+00 ; 6.000e-01 ; 7.7610002e+00 ; 2.6900000e+02 
3.500e+01 ; 8.800e+00 ; 6.000e-01 ; 7.7620002e+00 ; 2.6900000e+02 
3.500e+01 ; 8.800e+00 ; 6.000e-01 ; 7.7630002e+00 ; 2.6900000e+02 
3.500e+01 ; 8.800e+00 ; 6.000e-01 ; 7.7650002e+00 ; 2.6900000e+02 
3.500e+01 ; 8.800e+00 ; 6.000e-01 ; 7.7690002e+00 ; 2.6900000e+02 
3.500e+01 ; 8.800e+00 ; 6.000e-01 ; 7.7770002e+00 ; 2.6900000e+02 
3.500e+01 ; 8.800e+00 ; 6.000e-01 ; 7.7930002e+00 ; 2.6900000e+02 
3.500e+01 ; 8.800e+00 ; 6.000e-01 ; 7.8250002e+00 ; 2.6900000e+02 
3.500e+01 ; 8.800e+00 ; 6.000e-01 ; 7.8890002e+00 ; 2.6900000e+02 
3.500e+01 ; 8.800e+00 ; 6.000e-01 ; 8.0170002e+00 ; 2.6900000e+02 
3.500e+01 ; 8.800e+00 ; 6.000e-01 ; 8.2730002e+00 ; 2.6900000e+02 
3.500e+01 ; 8.800e+00 ; 6.000e-01 ; 8.7300003e+00 ; 2.6900000e+02 
3.500e+01 ; 8.800e+00 ; 6.000e-01 ; 8.7300003e+00 ; 2.6900000e+02 
3.500e+01 ; 8.800e+00 ; 6.000e-01 ; 8.7310003e+00 ; 2.6900000e+02 
3.500e+01 ; 8.800e+00 ; 6.000e-01 ; 8.7320003e+00 ; 2.6900000e+02 
3.500e+01 ; 8.800e+00 ; 6.000e-01 ; 8.7330003e+00 ; 2.6900000e+02 
3.500e+01 ; 8.800e+00 ; 6.000e-01 ; 8.7350003e+00 ; 2.6900000e+02 
3.500e+01 ; 8.800e+00 ; 6.000e-01 ; 8.7390003e+00 ; 2.6900000e+02 
3.500e+01 ; 8.800e+00 ; 6.000e-01 ; 8.7470003e+00 ; 2.6900000e+02 
3.500e+01 ; 8.800e+00 ; 6.000e-01 ; 8.7630003e+00 ; 2.6900000e+02 
3.500e+01 ; 8.800e+00 ; 6.000e-01 ; 8.7950003e+00 ; 2.6900000e+02 
3.500e+01 ; 8.800e+00 ; 6.000e-01 ; 8.8590003e+00 ; 2.6900000e+02 
3.500e+01 ; 8.800e+00 ; 6.000e-01 ; 8.9870003e+00 ; 2.6900000e+02 
3.500e+01 ; 8.800e+00 ; 6.000e-01 ; 9.2430003e+00 ; 2.6900000e+02 
3.500e+01 ; 8.800e+00 ; 6.000e-01 ; 9.7000003e+00 ; 2.6900000e+02 
3.500e+01 ; 8.800e+00 ; 6.000e-01 ; 9.7000003e+00 ; 2.6900000e+02 
3.500e+01 ; 8.800e+00 ; 6.000e-01 ; 9.7010003e+00 ; 2.6900000e+02 
3.500e+01 ; 8.800e+00 ; 6.000e-01 ; 9.7020003e+00 ; 2.6900000e+02 
3.500e+01 ; 8.800e+00 ; 6.000e-01 ; 9.7030003e+00 ; 2.6900000e+02 
3.500e+01 ; 8.800e+00 ; 6.000e-01 ; 9.7050003e+00 ; 2.6900000e+02 
3.500e+01 ; 8.800e+00 ; 6.000e-01 ; 9.7090003e+00 ; 2.6900000e+02 
3.500e+01 ; 8.800e+00 ; 6.000e-01 ; 9.7170003e+00 ; 2.6900000e+02 
3.500e+01 ; 8.800e+00 ; 6.000e-01 ; 9.7330003e+00 ; 2.6900000e+02 
3.500e+01 ; 8.800e+00 ; 6.000e-01 ; 9.7650003e+00 ; 2.6900000e+02 
3.500e+01 ; 8.800e+00 ; 6.000e-01 ; 9.8290003e+00 ; 2.6900000e+02 
3.500e+01 ; 8.800e+00 ; 6.000e-01 ; 9.9570003e+00 ; 2.6900000e+02 
3.500e+01 ; 8.800e+00 ; 6.000e-01 ; 1.0213000e+01 ; 2.6900000e+02 
3.500e+01 ; 8.800e+00 ; 6.000e-01 ; 1.0670000e+01 ; 2.6900000e+02 
3.500e+01 ; 8.800e+00 ; 6.000e-01 ; 1.0670000e+01 ; 2.6900000e+02 
3.500e+01 ; 8.800e+00 ; 6.000e-01 ; 1.0671000e+01 ; 2.6883960e+02 
3.500e+01 ; 8.800e+00 ; 6.000e-01 ; 1.0672000e+01 ; 2.6867935e+02 
3.500e+01 ; 8.800e+00 ; 6.000e-01 ; 1.0673000e+01 ; 2.6851926e+02 
3.500e+01 ; 8.800e+00 ; 6.000e-01 ; 1.0675000e+01 ; 2.6819965e+02 
3.500e+01 ; 8.800e+00 ; 6.000e-01 ; 1.0679000e+01 ; 2.6756284e+02 
3.500e+01 ; 8.800e+00 ; 6.000e-01 ; 1.0687000e+01 ; 2.6629865e+02 
3.500e+01 ; 8.800e+00 ; 6.000e-01 ; 1.0703000e+01 ; 2.6380746e+02 
3.500e+01 ; 8.800e+00 ; 6.000e-01 ; 1.0735000e+01 ; 2.5896936e+02 
3.500e+01 ; 8.800e+00 ; 6.000e-01 ; 1.0799000e+01 ; 2.4983575e+02 
3.500e+01 ; 8.800e+00 ; 6.000e-01 ; 1.0927000e+01 ; 2.3349829e+02 
3.500e+01 ; 8.800e+00 ; 6.000e-01 ; 1.1183000e+01 ; 2.0701994e+02 
3.500e+01 ; 8.800e+00 ; 6.000e-01 ; 1.1640000e+01 ; 1.7356454e+02 
3.500e+01 ; 8.800e+00 ; 6.000e-01 ; 1.1640000e+01 ; 1.7356454e+02 
3.500e+01 ; 8.800e+00 ; 6.000e-01 ; 1.1641000e+01 ; 1.7349138e+02 
3.500e+01 ; 8.800e+00 ; 6.000e-01 ; 1.1642000e+01 ; 1.7341827e+02 
3.500e+01 ; 8.800e+00 ; 6.000e-01 ; 1.1643000e+01 ; 1.7334525e+02 
3.500e+01 ; 8.800e+00 ; 6.000e-01 ; 1.1645000e+01 ; 1.7319948e+02 
3.500e+01 ; 8.800e+00 ; 6.000e-01 ; 1.1649000e+01 ; 1.7290901e+02 
3.500e+01 ; 8.800e+00 ; 6.000e-01 ; 1.1657000e+01 ; 1.7233244e+02 
3.500e+01 ; 8.800e+00 ; 6.000e-01 ; 1.1673000e+01 ; 1.7119649e+02 
3.500e+01 ; 8.800e+00 ; 6.000e-01 ; 1.1705000e+01 ; 1.6899092e+02 
3.500e+01 ; 8.800e+00 ; 6.000e-01 ; 1.1769000e+01 ; 1.6482861e+02 
3.500e+01 ; 8.800e+00 ; 6.000e-01 ; 1.1897000e+01 ; 1.5738380e+02 
3.500e+01 ; 8.800e+00 ; 6.000e-01 ; 1.2153000e+01 ; 1.4530006e+02 
3.500e+01 ; 8.800e+00 ; 6.000e-01 ; 1.2610000e+01 ; 1.2995351e+02 
3.500e+01 ; 8.800e+00 ; 6.000e-01 ; 1.2610000e+01 ; 1.2995351e+02 
3.500e+01 ; 8.800e+00 ; 6.000e-01 ; 1.2611000e+01 ; 1.2991995e+02 
3.500e+01 ; 8.800e+00 ; 6.000e-01 ; 1.2612000e+01 ; 1.2988641e+02 
3.500e+01 ; 8.800e+00 ; 6.000e-01 ; 1.2613000e+01 ; 1.2985292e+02 
3.500e+01 ; 8.800e+00 ; 6.000e-01 ; 1.2615000e+01 ; 1.2978604e+02 
3.500e+01 ; 8.800e+00 ; 6.000e-01 ; 1.2619000e+01 ; 1.2965273e+02 
3.500e+01 ; 8.800e+00 ; 6.000e-01 ; 1.2627000e+01 ; 1.2938794e+02 
3.500e+01 ; 8.800e+00 ; 6.000e-01 ; 1.2643000e+01 ; 1.2886555e+02 
3.500e+01 ; 8.800e+00 ; 6.000e-01 ; 1.2675000e+01 ; 1.2784883e+02 
3.500e+01 ; 8.800e+00 ; 6.000e-01 ; 1.2739000e+01 ; 1.2592160e+02 
3.500e+01 ; 8.800e+00 ; 6.000e-01 ; 1.2867000e+01 ; 1.2244967e+02 
3.500e+01 ; 8.800e+00 ; 6.000e-01 ; 1.3123000e+01 ; 1.1675856e+02 
3.500e+01 ; 8.800e+00 ; 6.000e-01 ; 1.3580000e+01 ; 1.0946174e+02 
3.500e+01 ; 8.800e+00 ; 6.000e-01 ; 1.3580000e+01 ; 1.0946174e+02 
3.500e+01 ; 8.800e+00 ; 6.000e-01 ; 1.3581000e+01 ; 1.0944579e+02 
3.500e+01 ; 8.800e+00 ; 6.000e-01 ; 1.3582000e+01 ; 1.0942984e+02 
3.500e+01 ; 8.800e+00 ; 6.000e-01 ; 1.3583000e+01 ; 1.0941392e+02 
3.500e+01 ; 8.800e+00 ; 6.000e-01 ; 1.3585000e+01 ; 1.0938212e+02 
3.500e+01 ; 8.800e+00 ; 6.000e-01 ; 1.3589000e+01 ; 1.0931874e+02 
3.500e+01 ; 8.800e+00 ; 6.000e-01 ; 1.3597000e+01 ; 1.0919286e+02 
3.500e+01 ; 8.800e+00 ; 6.000e-01 ; 1.3613000e+01 ; 1.0894448e+02 
3.500e+01 ; 8.800e+00 ; 6.000e-01 ; 1.3645000e+01 ; 1.0846101e+02 
3.500e+01 ; 8.800e+00 ; 6.000e-01 ; 1.3709000e+01 ; 1.0754435e+02 
3.500e+01 ; 8.800e+00 ; 6.000e-01 ; 1.3837000e+01 ; 1.0589225e+02 
3.500e+01 ; 8.800e+00 ; 6.000e-01 ; 1.4093000e+01 ; 1.0318228e+02 
3.500e+01 ; 8.800e+00 ; 6.000e-01 ; 1.4550000e+01 ; 9.9704651e+01 
3.500e+01 ; 8.800e+00 ; 6.000e-01 ; 1.4550000e+01 ; 9.9704651e+01 
3.500e+01 ; 8.800e+00 ; 6.000e-01 ; 1.4551000e+01 ; 9.9697052e+01 
3.500e+01 ; 8.800e+00 ; 6.000e-01 ; 1.4552000e+01 ; 9.9689453e+01 
3.500e+01 ; 8.800e+00 ; 6.000e-01 ; 1.4553000e+01 ; 9.9681862e+01 
3.500e+01 ; 8.800e+00 ; 6.000e-01 ; 1.4555000e+01 ; 9.9666710e+01 
3.500e+01 ; 8.800e+00 ; 6.000e-01 ; 1.4559000e+01 ; 9.9636505e+01 
3.500e+01 ; 8.800e+00 ; 6.000e-01 ; 1.4567000e+01 ; 9.9576508e+01 
3.500e+01 ; 8.800e+00 ; 6.000e-01 ; 1.4583000e+01 ; 9.9458122e+01 
3.500e+01 ; 8.800e+00 ; 6.000e-01 ; 1.4615000e+01 ; 9.9227669e+01 
3.500e+01 ; 8.800e+00 ; 6.000e-01 ; 1.4679000e+01 ; 9.8790680e+01 
3.500e+01 ; 8.800e+00 ; 6.000e-01 ; 1.4807000e+01 ; 9.8002930e+01 
3.500e+01 ; 8.800e+00 ; 6.000e-01 ; 1.5063000e+01 ; 9.6710327e+01 
3.500e+01 ; 8.800e+00 ; 6.000e-01 ; 1.5520000e+01 ; 9.5050911e+01 
3.500e+01 ; 8.800e+00 ; 6.000e-01 ; 1.5520000e+01 ; 9.5050911e+01 
3.500e+01 ; 8.800e+00 ; 6.000e-01 ; 1.5521000e+01 ; 9.5047279e+01 
3.500e+01 ; 8.800e+00 ; 6.000e-01 ; 1.5522000e+01 ; 9.5043655e+01 
3.500e+01 ; 8.800e+00 ; 6.000e-01 ; 1.5523000e+01 ; 9.5040039e+01 
3.500e+01 ; 8.800e+00 ; 6.000e-01 ; 1.5525000e+01 ; 9.5032806e+01 
3.500e+01 ; 8.800e+00 ; 6.000e-01 ; 1.5529000e+01 ; 9.5018394e+01 
3.500e+01 ; 8.800e+00 ; 6.000e-01 ; 1.5537000e+01 ; 9.4989761e+01 
3.500e+01 ; 8.800e+00 ; 6.000e-01 ; 1.5553000e+01 ; 9.4933273e+01 
3.500e+01 ; 8.800e+00 ; 6.000e-01 ; 1.5585000e+01 ; 9.4823296e+01 
3.500e+01 ; 8.800e+00 ; 6.000e-01 ; 1.5649000e+01 ; 9.4614754e+01 
3.500e+01 ; 8.800e+00 ; 6.000e-01 ; 1.5777000e+01 ; 9.4238785e+01 
3.500e+01 ; 8.800e+00 ; 6.000e-01 ; 1.6033000e+01 ; 9.3621758e+01 
3.500e+01 ; 8.800e+00 ; 6.000e-01 ; 1.6490000e+01 ; 9.2829491e+01 
3.500e+01 ; 8.800e+00 ; 6.000e-01 ; 1.6490000e+01 ; 9.2829491e+01 
3.500e+01 ; 8.800e+00 ; 6.000e-01 ; 1.6491000e+01 ; 9.2827759e+01 
3.500e+01 ; 8.800e+00 ; 6.000e-01 ; 1.6492000e+01 ; 9.2826035e+01 
3.500e+01 ; 8.800e+00 ; 6.000e-01 ; 1.6493000e+01 ; 9.2824303e+01 
3.500e+01 ; 8.800e+00 ; 6.000e-01 ; 1.6495000e+01 ; 9.2820847e+01 
3.500e+01 ; 8.800e+00 ; 6.000e-01 ; 1.6499000e+01 ; 9.2813965e+01 
3.500e+01 ; 8.800e+00 ; 6.000e-01 ; 1.6507000e+01 ; 9.2800301e+01 
3.500e+01 ; 8.800e+00 ; 6.000e-01 ; 1.6523000e+01 ; 9.2773331e+01 
3.500e+01 ; 8.800e+00 ; 6.000e-01 ; 1.6555000e+01 ; 9.2720825e+01 
3.500e+01 ; 8.800e+00 ; 6.000e-01 ; 1.6619000e+01 ; 9.2621246e+01 
3.500e+01 ; 8.800e+00 ; 6.000e-01 ; 1.6747000e+01 ; 9.2441727e+01 
3.500e+01 ; 8.800e+00 ; 6.000e-01 ; 1.7003000e+01 ; 9.2147087e+01 
3.500e+01 ; 8.800e+00 ; 6.000e-01 ; 1.7460001e+01 ; 9.1768730e+01 
3.500e+01 ; 8.800e+00 ; 6.000e-01 ; 1.7460001e+01 ; 9.1768730e+01 
3.500e+01 ; 8.800e+00 ; 6.000e-01 ; 1.7461001e+01 ; 9.1767906e+01 
3.500e+01 ; 8.800e+00 ; 6.000e-01 ; 1.7462001e+01 ; 9.1767075e+01 
3.500e+01 ; 8.800e+00 ; 6.000e-01 ; 1.7463001e+01 ; 9.1766251e+01 
3.500e+01 ; 8.800e+00 ; 6.000e-01 ; 1.7465001e+01 ; 9.1764603e+01 
3.500e+01 ; 8.800e+00 ; 6.000e-01 ; 1.7469001e+01 ; 9.1761314e+01 
3.500e+01 ; 8.800e+00 ; 6.000e-01 ; 1.7477001e+01 ; 9.1754791e+01 
3.500e+01 ; 8.800e+00 ; 6.000e-01 ; 1.7493001e+01 ; 9.1741905e+01 
3.500e+01 ; 8.800e+00 ; 6.000e-01 ; 1.7525001e+01 ; 9.1716835e+01 
3.500e+01 ; 8.800e+00 ; 6.000e-01 ; 1.7589001e+01 ; 9.1669281e+01 
3.500e+01 ; 8.800e+00 ; 6.000e-01 ; 1.7717001e+01 ; 9.1583542e+01 
3.500e+01 ; 8.800e+00 ; 6.000e-01 ; 1.7973001e+01 ; 9.1442818e+01 
3.500e+01 ; 8.800e+00 ; 6.000e-01 ; 1.8430001e+01 ; 9.1262108e+01 
3.500e+01 ; 8.800e+00 ; 6.000e-01 ; 1.8430001e+01 ; 9.1262108e+01 
3.500e+01 ; 8.800e+00 ; 6.000e-01 ; 1.8431001e+01 ; 9.1261711e+01 
3.500e+01 ; 8.800e+00 ; 6.000e-01 ; 1.8432001e+01 ; 9.1261322e+01 
3.500e+01 ; 8.800e+00 ; 6.000e-01 ; 1.8433001e+01 ; 9.1260925e+01 
3.500e+01 ; 8.800e+00 ; 6.000e-01 ; 1.8435001e+01 ; 9.1260139e+01 
3.500e+01 ; 8.800e+00 ; 6.000e-01 ; 1.8439001e+01 ; 9.1258568e+01 
3.500e+01 ; 8.800e+00 ; 6.000e-01 ; 1.8447001e+01 ; 9.1255447e+01 
3.500e+01 ; 8.800e+00 ; 6.000e-01 ; 1.8463001e+01 ; 9.1249298e+01 
3.500e+01 ; 8.800e+00 ; 6.000e-01 ; 1.8495001e+01 ; 9.1237320e+01 
3.500e+01 ; 8.800e+00 ; 6.000e-01 ; 1.8559001e+01 ; 9.1214607e+01 
3.500e+01 ; 8.800e+00 ; 6.000e-01 ; 1.8687001e+01 ; 9.1173660e+01 
3.500e+01 ; 8.800e+00 ; 6.000e-01 ; 1.8943001e+01 ; 9.1106445e+01 
3.500e+01 ; 8.800e+00 ; 6.000e-01 ; 1.9400001e+01 ; 9.1020126e+01 
3.500e+01 ; 8.800e+00 ; 6.000e-01 ; 1.9400001e+01 ; 9.1020126e+01 
3.500e+01 ; 8.800e+00 ; 6.000e-01 ; 1.9401001e+01 ; 9.1019936e+01 
3.500e+01 ; 8.800e+00 ; 6.000e-01 ; 1.9402001e+01 ; 9.1019753e+01 
3.500e+01 ; 8.800e+00 ; 6.000e-01 ; 1.9403001e+01 ; 9.1019562e+01 
3.500e+01 ; 8.800e+00 ; 6.000e-01 ; 1.9405001e+01 ; 9.1019188e+01 
3.500e+01 ; 8.800e+00 ; 6.000e-01 ; 1.9409001e+01 ; 9.1018433e+01 
3.500e+01 ; 8.800e+00 ; 6.000e-01 ; 1.9417001e+01 ; 9.1016945e+01 
3.500e+01 ; 8.800e+00 ; 6.000e-01 ; 1.9433001e+01 ; 9.1014008e+01 
3.500e+01 ; 8.800e+00 ; 6.000e-01 ; 1.9465001e+01 ; 9.1008286e+01 
3.500e+01 ; 8.800e+00 ; 6.000e-01 ; 1.9529001e+01 ; 9.0997437e+01 
3.500e+01 ; 8.800e+00 ; 6.000e-01 ; 1.9657001e+01 ; 9.0977875e+01 
3.500e+01 ; 8.800e+00 ; 6.000e-01 ; 1.9913001e+01 ; 9.0945770e+01 
3.500e+01 ; 8.800e+00 ; 6.000e-01 ; 2.0370001e+01 ; 9.0904541e+01 
3.500e+01 ; 8.800e+00 ; 6.000e-01 ; 2.0370001e+01 ; 9.0904541e+01 
3.500e+01 ; 8.800e+00 ; 6.000e-01 ; 2.0371001e+01 ; 9.0904449e+01 
3.500e+01 ; 8.800e+00 ; 6.000e-01 ; 2.0372001e+01 ; 9.0904358e+01 
3.500e+01 ; 8.800e+00 ; 6.000e-01 ; 2.0373001e+01 ; 9.0904274e+01 
3.500e+01 ; 8.800e+00 ; 6.000e-01 ; 2.0375001e+01 ; 9.0904091e+01 
3.500e+01 ; 8.800e+00 ; 6.000e-01 ; 2.0379001e+01 ; 9.0903732e+01 
3.500e+01 ; 8.800e+00 ; 6.000e-01 ; 2.0387001e+01 ; 9.0903023e+01 
3.500e+01 ; 8.800e+00 ; 6.000e-01 ; 2.0403001e+01 ; 9.0901619e+01 
3.500e+01 ; 8.800e+00 ; 6.000e-01 ; 2.0435001e+01 ; 9.0898888e+01 
3.500e+01 ; 8.800e+00 ; 6.000e-01 ; 2.0499001e+01 ; 9.0893700e+01 
3.500e+01 ; 8.800e+00 ; 6.000e-01 ; 2.0627001e+01 ; 9.0884361e+01 
3.500e+01 ; 8.800e+00 ; 6.000e-01 ; 2.0883001e+01 ; 9.0869026e+01 
3.500e+01 ; 8.800e+00 ; 6.000e-01 ; 2.1340001e+01 ; 9.0849327e+01 
3.500e+01 ; 8.800e+00 ; 6.000e-01 ; 2.1340001e+01 ; 9.0849327e+01 
3.500e+01 ; 8.800e+00 ; 6.000e-01 ; 2.1341001e+01 ; 9.0849289e+01 
3.500e+01 ; 8.800e+00 ; 6.000e-01 ; 2.1342001e+01 ; 9.0849243e+01 
3.500e+01 ; 8.800e+00 ; 6.000e-01 ; 2.1343001e+01 ; 9.0849197e+01 
3.500e+01 ; 8.800e+00 ; 6.000e-01 ; 2.1345001e+01 ; 9.0849113e+01 
3.500e+01 ; 8.800e+00 ; 6.000e-01 ; 2.1349001e+01 ; 9.0848946e+01 
3.500e+01 ; 8.800e+00 ; 6.000e-01 ; 2.1357001e+01 ; 9.0848602e+01 
3.500e+01 ; 8.800e+00 ; 6.000e-01 ; 2.1373001e+01 ; 9.0847931e+01 
3.500e+01 ; 8.800e+00 ; 6.000e-01 ; 2.1405001e+01 ; 9.0846626e+01 
3.500e+01 ; 8.800e+00 ; 6.000e-01 ; 2.1469001e+01 ; 9.0844154e+01 
3.500e+01 ; 8.800e+00 ; 6.000e-01 ; 2.1597001e+01 ; 9.0839691e+01 
3.500e+01 ; 8.800e+00 ; 6.000e-01 ; 2.1853001e+01 ; 9.0832367e+01 
3.500e+01 ; 8.800e+00 ; 6.000e-01 ; 2.2310001e+01 ; 9.0822960e+01 
3.500e+01 ; 8.800e+00 ; 6.000e-01 ; 2.2310001e+01 ; 9.0822960e+01 
3.500e+01 ; 8.800e+00 ; 6.000e-01 ; 2.2311001e+01 ; 9.0822937e+01 
3.500e+01 ; 8.800e+00 ; 6.000e-01 ; 2.2312001e+01 ; 9.0822914e+01 
3.500e+01 ; 8.800e+00 ; 6.000e-01 ; 2.2313001e+01 ; 9.0822891e+01 
3.500e+01 ; 8.800e+00 ; 6.000e-01 ; 2.2315001e+01 ; 9.0822853e+01 
3.500e+01 ; 8.800e+00 ; 6.000e-01 ; 2.2319001e+01 ; 9.0822769e+01 
3.500e+01 ; 8.800e+00 ; 6.000e-01 ; 2.2327001e+01 ; 9.0822609e+01 
3.500e+01 ; 8.800e+00 ; 6.000e-01 ; 2.2343001e+01 ; 9.0822289e+01 
3.500e+01 ; 8.800e+00 ; 6.000e-01 ; 2.2375001e+01 ; 9.0821663e+01 
3.500e+01 ; 8.800e+00 ; 6.000e-01 ; 2.2439001e+01 ; 9.0820480e+01 
3.500e+01 ; 8.800e+00 ; 6.000e-01 ; 2.2567001e+01 ; 9.0818352e+01 
3.500e+01 ; 8.800e+00 ; 6.000e-01 ; 2.2823001e+01 ; 9.0814850e+01 
3.500e+01 ; 8.800e+00 ; 6.000e-01 ; 2.3280001e+01 ; 9.0810356e+01 
3.500e+01 ; 8.800e+00 ; 6.000e-01 ; 2.3280001e+01 ; 9.0810356e+01 
3.500e+01 ; 8.800e+00 ; 6.000e-01 ; 2.3281001e+01 ; 9.0810349e+01 
3.500e+01 ; 8.800e+00 ; 6.000e-01 ; 2.3282001e+01 ; 9.0810341e+01 
3.500e+01 ; 8.800e+00 ; 6.000e-01 ; 2.3283001e+01 ; 9.0810333e+01 
3.500e+01 ; 8.800e+00 ; 6.000e-01 ; 2.3285001e+01 ; 9.0810310e+01 
3.500e+01 ; 8.800e+00 ; 6.000e-01 ; 2.3289001e+01 ; 9.0810272e+01 
3.500e+01 ; 8.800e+00 ; 6.000e-01 ; 2.3297001e+01 ; 9.0810196e+01 
3.500e+01 ; 8.800e+00 ; 6.000e-01 ; 2.3313001e+01 ; 9.0810043e+01 
3.500e+01 ; 8.800e+00 ; 6.000e-01 ; 2.3345001e+01 ; 9.0809746e+01 
3.500e+01 ; 8.800e+00 ; 6.000e-01 ; 2.3409001e+01 ; 9.0809181e+01 
3.500e+01 ; 8.800e+00 ; 6.000e-01 ; 2.3537001e+01 ; 9.0808167e+01 
3.500e+01 ; 8.800e+00 ; 6.000e-01 ; 2.3793001e+01 ; 9.0806549e+01 
3.500e+01 ; 8.800e+00 ; 6.000e-01 ; 2.4250001e+01 ; 9.0804611e+01 
3.500e+01 ; 8.800e+00 ; 6.000e-01 ; 2.4250001e+01 ; 9.0804611e+01 
3.500e+01 ; 8.800e+00 ; 6.000e-01 ; 2.4251001e+01 ; 9.0804604e+01 
3.500e+01 ; 8.800e+00 ; 6.000e-01 ; 2.4252001e+01 ; 9.0804604e+01 
3.500e+01 ; 8.800e+00 ; 6.000e-01 ; 2.4253001e+01 ; 9.0804596e+01 
3.500e+01 ; 8.800e+00 ; 6.000e-01 ; 2.4255001e+01 ; 9.0804588e+01 
3.500e+01 ; 8.800e+00 ; 6.000e-01 ; 2.4259001e+01 ; 9.0804573e+01 
3.500e+01 ; 8.800e+00 ; 6.000e-01 ; 2.4267001e+01 ; 9.0804558e+01 
3.500e+01 ; 8.800e+00 ; 6.000e-01 ; 2.4283001e+01 ; 9.0804535e+01 
3.500e+01 ; 8.800e+00 ; 6.000e-01 ; 2.4315001e+01 ; 9.0804596e+01 
3.500e+01 ; 8.800e+00 ; 6.000e-01 ; 2.4379001e+01 ; 9.0805176e+01 
3.500e+01 ; 8.800e+00 ; 6.000e-01 ; 2.4507001e+01 ; 9.0808289e+01 
3.500e+01 ; 8.800e+00 ; 6.000e-01 ; 2.4763001e+01 ; 9.0821312e+01 
3.500e+01 ; 8.800e+00 ; 6.000e-01 ; 2.5220001e+01 ; 9.0855537e+01 
3.500e+01 ; 8.800e+00 ; 6.000e-01 ; 2.5220001e+01 ; 9.0855537e+01 
3.500e+01 ; 8.800e+00 ; 6.000e-01 ; 2.5221001e+01 ; 9.0861618e+01 
3.500e+01 ; 8.800e+00 ; 6.000e-01 ; 2.5222001e+01 ; 9.0867729e+01 
3.500e+01 ; 8.800e+00 ; 6.000e-01 ; 2.5223001e+01 ; 9.0873871e+01 
3.500e+01 ; 8.800e+00 ; 6.000e-01 ; 2.5225001e+01 ; 9.0886292e+01 
3.500e+01 ; 8.800e+00 ; 6.000e-01 ; 2.5229001e+01 ; 9.0911644e+01 
3.500e+01 ; 8.800e+00 ; 6.000e-01 ; 2.5237001e+01 ; 9.0964355e+01 
3.500e+01 ; 8.800e+00 ; 6.000e-01 ; 2.5253001e+01 ; 9.1077385e+01 
3.500e+01 ; 8.800e+00 ; 6.000e-01 ; 2.5285001e+01 ; 9.1330666e+01 
3.500e+01 ; 8.800e+00 ; 6.000e-01 ; 2.5349001e+01 ; 9.1923729e+01 
3.500e+01 ; 8.800e+00 ; 6.000e-01 ; 2.5477001e+01 ; 9.3317146e+01 
3.500e+01 ; 8.800e+00 ; 6.000e-01 ; 2.5733001e+01 ; 9.6261856e+01 
3.500e+01 ; 8.800e+00 ; 6.000e-01 ; 2.6190001e+01 ; 1.0046581e+02 
3.500e+01 ; 8.800e+00 ; 6.000e-01 ; 2.6190001e+01 ; 1.0046581e+02 
3.500e+01 ; 8.800e+00 ; 6.000e-01 ; 2.6191001e+01 ; 1.0047976e+02 
3.500e+01 ; 8.800e+00 ; 6.000e-01 ; 2.6192001e+01 ; 1.0049371e+02 
3.500e+01 ; 8.800e+00 ; 6.000e-01 ; 2.6193001e+01 ; 1.0050767e+02 
3.500e+01 ; 8.800e+00 ; 6.000e-01 ; 2.6195001e+01 ; 1.0053558e+02 
3.500e+01 ; 8.800e+00 ; 6.000e-01 ; 2.6199001e+01 ; 1.0059143e+02 
3.500e+01 ; 8.800e+00 ; 6.000e-01 ; 2.6207001e+01 ; 1.0070316e+02 
3.500e+01 ; 8.800e+00 ; 6.000e-01 ; 2.6223001e+01 ; 1.0092670e+02 
3.500e+01 ; 8.800e+00 ; 6.000e-01 ; 2.6255001e+01 ; 1.0137301e+02 
3.500e+01 ; 8.800e+00 ; 6.000e-01 ; 2.6319001e+01 ; 1.0225569e+02 
3.500e+01 ; 8.800e+00 ; 6.000e-01 ; 2.6447001e+01 ; 1.0393988e+02 
3.500e+01 ; 8.800e+00 ; 6.000e-01 ; 2.6703001e+01 ; 1.0680777e+02 
3.500e+01 ; 8.800e+00 ; 6.000e-01 ; 2.7160001e+01 ; 1.1011747e+02 
3.500e+01 ; 8.800e+00 ; 6.000e-01 ; 2.7160001e+01 ; 1.1011747e+02 
3.500e+01 ; 8.800e+00 ; 6.000e-01 ; 2.7161001e+01 ; 1.1012469e+02 
3.500e+01 ; 8.800e+00 ; 6.000e-01 ; 2.7162001e+01 ; 1.1013190e+02 
3.500e+01 ; 8.800e+00 ; 6.000e-01 ; 2.7163001e+01 ; 1.1013910e+02 
3.500e+01 ; 8.800e+00 ; 6.000e-01 ; 2.7165001e+01 ; 1.1015341e+02 
3.500e+01 ; 8.800e+00 ; 6.000e-01 ; 2.7169001e+01 ; 1.1018179e+02 
3.500e+01 ; 8.800e+00 ; 6.000e-01 ; 2.7177001e+01 ; 1.1023751e+02 
3.500e+01 ; 8.800e+00 ; 6.000e-01 ; 2.7193001e+01 ; 1.1034490e+02 
3.500e+01 ; 8.800e+00 ; 6.000e-01 ; 2.7225001e+01 ; 1.1054414e+02 
3.500e+01 ; 8.800e+00 ; 6.000e-01 ; 2.7289001e+01 ; 1.1088545e+02 
3.500e+01 ; 8.800e+00 ; 6.000e-01 ; 2.7417001e+01 ; 1.1137416e+02 
3.500e+01 ; 8.800e+00 ; 6.000e-01 ; 2.7673001e+01 ; 1.1178709e+02 
3.500e+01 ; 8.800e+00 ; 6.000e-01 ; 2.8130001e+01 ; 1.1148564e+02 
3.500e+01 ; 8.800e+00 ; 6.000e-01 ; 2.8130001e+01 ; 1.1148564e+02 
3.500e+01 ; 8.800e+00 ; 6.000e-01 ; 2.8131001e+01 ; 1.1148498e+02 
3.500e+01 ; 8.800e+00 ; 6.000e-01 ; 2.8132001e+01 ; 1.1148431e+02 
3.500e+01 ; 8.800e+00 ; 6.000e-01 ; 2.8133001e+01 ; 1.1148363e+02 
3.500e+01 ; 8.800e+00 ; 6.000e-01 ; 2.8135001e+01 ; 1.1148227e+02 
3.500e+01 ; 8.800e+00 ; 6.000e-01 ; 2.8139001e+01 ; 1.1147945e+02 
3.500e+01 ; 8.800e+00 ; 6.000e-01 ; 2.8147001e+01 ; 1.1147351e+02 
3.500e+01 ; 8.800e+00 ; 6.000e-01 ; 2.8163001e+01 ; 1.1146042e+02 
3.500e+01 ; 8.800e+00 ; 6.000e-01 ; 2.8195001e+01 ; 1.1142965e+02 
3.500e+01 ; 8.800e+00 ; 6.000e-01 ; 2.8259001e+01 ; 1.1135154e+02 
3.500e+01 ; 8.800e+00 ; 6.000e-01 ; 2.8387001e+01 ; 1.1114117e+02 
3.500e+01 ; 8.800e+00 ; 6.000e-01 ; 2.8643001e+01 ; 1.1057611e+02 
3.500e+01 ; 8.800e+00 ; 6.000e-01 ; 2.9100001e+01 ; 1.0935628e+02 
3.500e+01 ; 8.800e+00 ; 6.000e-01 ; 2.9100001e+01 ; 1.0935628e+02 
3.500e+01 ; 8.800e+00 ; 6.000e-01 ; 2.9101001e+01 ; 1.0935361e+02 
3.500e+01 ; 8.800e+00 ; 6.000e-01 ; 2.9102001e+01 ; 1.0935094e+02 
3.500e+01 ; 8.800e+00 ; 6.000e-01 ; 2.9103001e+01 ; 1.0934827e+02 
3.500e+01 ; 8.800e+00 ; 6.000e-01 ; 2.9105001e+01 ; 1.0934292e+02 
3.500e+01 ; 8.800e+00 ; 6.000e-01 ; 2.9109001e+01 ; 1.0933220e+02 
3.500e+01 ; 8.800e+00 ; 6.000e-01 ; 2.9117001e+01 ; 1.0931071e+02 
3.500e+01 ; 8.800e+00 ; 6.000e-01 ; 2.9133001e+01 ; 1.0926750e+02 
3.500e+01 ; 8.800e+00 ; 6.000e-01 ; 2.9165001e+01 ; 1.0918021e+02 
3.500e+01 ; 8.800e+00 ; 6.000e-01 ; 2.9229001e+01 ; 1.0900269e+02 
3.500e+01 ; 8.800e+00 ; 6.000e-01 ; 2.9357001e+01 ; 1.0863979e+02 
3.500e+01 ; 8.800e+00 ; 6.000e-01 ; 2.9613001e+01 ; 1.0790427e+02 
3.500e+01 ; 8.800e+00 ; 6.000e-01 ; 3.0070001e+01 ; 1.0662999e+02 
3.500e+01 ; 8.800e+00 ; 6.000e-01 ; 3.0070001e+01 ; 1.0662999e+02 
3.500e+01 ; 8.800e+00 ; 6.000e-01 ; 3.0071001e+01 ; 1.0662720e+02 
3.500e+01 ; 8.800e+00 ; 6.000e-01 ; 3.0072001e+01 ; 1.0662441e+02 
3.500e+01 ; 8.800e+00 ; 6.000e-01 ; 3.0073001e+01 ; 1.0662162e+02 
3.500e+01 ; 8.800e+00 ; 6.000e-01 ; 3.0075001e+01 ; 1.0661605e+02 
3.500e+01 ; 8.800e+00 ; 6.000e-01 ; 3.0079001e+01 ; 1.0660490e+02 
3.500e+01 ; 8.800e+00 ; 6.000e-01 ; 3.0087001e+01 ; 1.0658262e+02 
3.500e+01 ; 8.800e+00 ; 6.000e-01 ; 3.0103001e+01 ; 1.0653811e+02 
3.500e+01 ; 8.800e+00 ; 6.000e-01 ; 3.0135001e+01 ; 1.0644933e+02 
3.500e+01 ; 8.800e+00 ; 6.000e-01 ; 3.0199001e+01 ; 1.0627287e+02 
3.500e+01 ; 8.800e+00 ; 6.000e-01 ; 3.0327001e+01 ; 1.0592530e+02 
3.500e+01 ; 8.800e+00 ; 6.000e-01 ; 3.0583001e+01 ; 1.0525684e+02 
3.500e+01 ; 8.800e+00 ; 6.000e-01 ; 3.1040001e+01 ; 1.0416122e+02 
3.500e+01 ; 8.800e+00 ; 6.000e-01 ; 3.1040001e+01 ; 1.0416122e+02 
3.500e+01 ; 8.800e+00 ; 6.000e-01 ; 3.1041001e+01 ; 1.0415882e+02 
3.500e+01 ; 8.800e+00 ; 6.000e-01 ; 3.1042001e+01 ; 1.0415643e+02 
3.500e+01 ; 8.800e+00 ; 6.000e-01 ; 3.1043001e+01 ; 1.0415403e+02 
3.500e+01 ; 8.800e+00 ; 6.000e-01 ; 3.1045001e+01 ; 1.0414924e+02 
3.500e+01 ; 8.800e+00 ; 6.000e-01 ; 3.1049001e+01 ; 1.0413966e+02 
3.500e+01 ; 8.800e+00 ; 6.000e-01 ; 3.1057001e+01 ; 1.0412055e+02 
3.500e+01 ; 8.800e+00 ; 6.000e-01 ; 3.1073001e+01 ; 1.0408244e+02 
3.500e+01 ; 8.800e+00 ; 6.000e-01 ; 3.1105001e+01 ; 1.0400671e+02 
3.500e+01 ; 8.800e+00 ; 6.000e-01 ; 3.1169001e+01 ; 1.0385720e+02 
3.500e+01 ; 8.800e+00 ; 6.000e-01 ; 3.1297001e+01 ; 1.0356620e+02 
3.500e+01 ; 8.800e+00 ; 6.000e-01 ; 3.1553001e+01 ; 1.0301626e+02 
3.500e+01 ; 8.800e+00 ; 6.000e-01 ; 3.2010001e+01 ; 1.0213267e+02 
3.500e+01 ; 8.800e+00 ; 6.000e-01 ; 3.2010001e+01 ; 1.0213267e+02 
3.500e+01 ; 8.800e+00 ; 6.000e-01 ; 3.2011001e+01 ; 1.0213074e+02 
3.500e+01 ; 8.800e+00 ; 6.000e-01 ; 3.2012001e+01 ; 1.0212881e+02 
3.500e+01 ; 8.800e+00 ; 6.000e-01 ; 3.2013001e+01 ; 1.0212687e+02 
3.500e+01 ; 8.800e+00 ; 6.000e-01 ; 3.2015001e+01 ; 1.0212301e+02 
3.500e+01 ; 8.800e+00 ; 6.000e-01 ; 3.2019001e+01 ; 1.0211530e+02 
3.500e+01 ; 8.800e+00 ; 6.000e-01 ; 3.2027001e+01 ; 1.0209989e+02 
3.500e+01 ; 8.800e+00 ; 6.000e-01 ; 3.2043001e+01 ; 1.0206921e+02 
3.500e+01 ; 8.800e+00 ; 6.000e-01 ; 3.2075001e+01 ; 1.0200831e+02 
3.500e+01 ; 8.800e+00 ; 6.000e-01 ; 3.2139001e+01 ; 1.0188841e+02 
3.500e+01 ; 8.800e+00 ; 6.000e-01 ; 3.2267001e+01 ; 1.0165607e+02 
3.500e+01 ; 8.800e+00 ; 6.000e-01 ; 3.2523001e+01 ; 1.0122002e+02 
3.500e+01 ; 8.800e+00 ; 6.000e-01 ; 3.2980001e+01 ; 1.0052498e+02 
3.500e+01 ; 8.800e+00 ; 6.000e-01 ; 3.2980001e+01 ; 1.0052498e+02 
3.500e+01 ; 8.800e+00 ; 6.000e-01 ; 3.2981001e+01 ; 1.0052346e+02 
3.500e+01 ; 8.800e+00 ; 6.000e-01 ; 3.2982001e+01 ; 1.0052193e+02 
3.500e+01 ; 8.800e+00 ; 6.000e-01 ; 3.2983001e+01 ; 1.0052042e+02 
3.500e+01 ; 8.800e+00 ; 6.000e-01 ; 3.2985001e+01 ; 1.0051738e+02 
3.500e+01 ; 8.800e+00 ; 6.000e-01 ; 3.2989001e+01 ; 1.0051131e+02 
3.500e+01 ; 8.800e+00 ; 6.000e-01 ; 3.2997001e+01 ; 1.0049920e+02 
3.500e+01 ; 8.800e+00 ; 6.000e-01 ; 3.3013001e+01 ; 1.0047507e+02 
3.500e+01 ; 8.800e+00 ; 6.000e-01 ; 3.3045001e+01 ; 1.0042723e+02 
3.500e+01 ; 8.800e+00 ; 6.000e-01 ; 3.3109001e+01 ; 1.0033313e+02 
3.500e+01 ; 8.800e+00 ; 6.000e-01 ; 3.3237001e+01 ; 1.0015112e+02 
3.500e+01 ; 8.800e+00 ; 6.000e-01 ; 3.3493001e+01 ; 9.9810486e+01 
3.500e+01 ; 8.800e+00 ; 6.000e-01 ; 3.3950001e+01 ; 9.9269325e+01 
3.500e+01 ; 8.800e+00 ; 6.000e-01 ; 3.3950001e+01 ; 9.9269325e+01 
3.500e+01 ; 8.800e+00 ; 6.000e-01 ; 3.3951001e+01 ; 9.9268135e+01 
3.500e+01 ; 8.800e+00 ; 6.000e-01 ; 3.3952001e+01 ; 9.9266953e+01 
3.500e+01 ; 8.800e+00 ; 6.000e-01 ; 3.3953001e+01 ; 9.9265770e+01 
3.500e+01 ; 8.800e+00 ; 6.000e-01 ; 3.3955001e+01 ; 9.9263405e+01 
3.500e+01 ; 8.800e+00 ; 6.000e-01 ; 3.3959001e+01 ; 9.9258682e+01 
3.500e+01 ; 8.800e+00 ; 6.000e-01 ; 3.3967001e+01 ; 9.9249252e+01 
3.500e+01 ; 8.800e+00 ; 6.000e-01 ; 3.3983001e+01 ; 9.9230469e+01 
3.500e+01 ; 8.800e+00 ; 6.000e-01 ; 3.4015001e+01 ; 9.9193237e+01 
3.500e+01 ; 8.800e+00 ; 6.000e-01 ; 3.4079001e+01 ; 9.9120041e+01 
3.500e+01 ; 8.800e+00 ; 6.000e-01 ; 3.4207001e+01 ; 9.8978577e+01 
3.500e+01 ; 8.800e+00 ; 6.000e-01 ; 3.4463001e+01 ; 9.8714111e+01 
3.500e+01 ; 8.800e+00 ; 6.000e-01 ; 3.4920001e+01 ; 9.8294540e+01 
3.500e+01 ; 8.800e+00 ; 6.000e-01 ; 3.4920001e+01 ; 9.8294540e+01 
3.500e+01 ; 8.800e+00 ; 6.000e-01 ; 3.4921001e+01 ; 9.8293625e+01 
3.500e+01 ; 8.800e+00 ; 6.000e-01 ; 3.4922001e+01 ; 9.8292709e+01 
3.500e+01 ; 8.800e+00 ; 6.000e-01 ; 3.4923001e+01 ; 9.8291794e+01 
3.500e+01 ; 8.800e+00 ; 6.000e-01 ; 3.4925001e+01 ; 9.8289955e+01 
3.500e+01 ; 8.800e+00 ; 6.000e-01 ; 3.4929001e+01 ; 9.8286293e+01 
3.500e+01 ; 8.800e+00 ; 6.000e-01 ; 3.4937001e+01 ; 9.8278984e+01 
3.500e+01 ; 8.800e+00 ; 6.000e-01 ; 3.4953001e+01 ; 9.8264427e+01 
3.500e+01 ; 8.800e+00 ; 6.000e-01 ; 3.4985001e+01 ; 9.8235565e+01 
3.500e+01 ; 8.800e+00 ; 6.000e-01 ; 3.5049001e+01 ; 9.8178833e+01 
3.500e+01 ; 8.800e+00 ; 6.000e-01 ; 3.5177001e+01 ; 9.8069229e+01 
3.500e+01 ; 8.800e+00 ; 6.000e-01 ; 3.5433001e+01 ; 9.7864433e+01 
3.500e+01 ; 8.800e+00 ; 6.000e-01 ; 3.5890001e+01 ; 9.7539703e+01 
3.500e+01 ; 8.800e+00 ; 6.000e-01 ; 3.5890001e+01 ; 9.7539703e+01 
3.500e+01 ; 8.800e+00 ; 6.000e-01 ; 3.5891001e+01 ; 9.7538994e+01 
3.500e+01 ; 8.800e+00 ; 6.000e-01 ; 3.5892001e+01 ; 9.7538284e+01 
3.500e+01 ; 8.800e+00 ; 6.000e-01 ; 3.5893001e+01 ; 9.7537575e+01 
3.500e+01 ; 8.800e+00 ; 6.000e-01 ; 3.5895001e+01 ; 9.7536156e+01 
3.500e+01 ; 8.800e+00 ; 6.000e-01 ; 3.5899001e+01 ; 9.7533318e+01 
3.500e+01 ; 8.800e+00 ; 6.000e-01 ; 3.5907001e+01 ; 9.7527664e+01 
3.500e+01 ; 8.800e+00 ; 6.000e-01 ; 3.5923001e+01 ; 9.7516396e+01 
3.500e+01 ; 8.800e+00 ; 6.000e-01 ; 3.5955001e+01 ; 9.7494057e+01 
3.500e+01 ; 8.800e+00 ; 6.000e-01 ; 3.6019001e+01 ; 9.7450157e+01 
3.500e+01 ; 8.800e+00 ; 6.000e-01 ; 3.6147001e+01 ; 9.7365356e+01 
3.500e+01 ; 8.800e+00 ; 6.000e-01 ; 3.6403001e+01 ; 9.7206932e+01 
3.500e+01 ; 8.800e+00 ; 6.000e-01 ; 3.6860001e+01 ; 9.6955811e+01 
3.500e+01 ; 8.800e+00 ; 6.000e-01 ; 3.6860001e+01 ; 9.6955811e+01 
3.500e+01 ; 8.800e+00 ; 6.000e-01 ; 3.6861001e+01 ; 9.6955261e+01 
3.500e+01 ; 8.800e+00 ; 6.000e-01 ; 3.6862001e+01 ; 9.6954712e+01 
3.500e+01 ; 8.800e+00 ; 6.000e-01 ; 3.6863001e+01 ; 9.6954163e+01 
3.500e+01 ; 8.800e+00 ; 6.000e-01 ; 3.6865001e+01 ; 9.6953064e+01 
3.500e+01 ; 8.800e+00 ; 6.000e-01 ; 3.6869001e+01 ; 9.6950874e+01 
3.500e+01 ; 8.800e+00 ; 6.000e-01 ; 3.6877001e+01 ; 9.6946495e+01 
3.500e+01 ; 8.800e+00 ; 6.000e-01 ; 3.6893001e+01 ; 9.6937782e+01 
3.500e+01 ; 8.800e+00 ; 6.000e-01 ; 3.6925001e+01 ; 9.6920517e+01 
3.500e+01 ; 8.800e+00 ; 6.000e-01 ; 3.6989001e+01 ; 9.6886574e+01 
3.500e+01 ; 8.800e+00 ; 6.000e-01 ; 3.7117001e+01 ; 9.6821014e+01 
3.500e+01 ; 8.800e+00 ; 6.000e-01 ; 3.7373001e+01 ; 9.6698647e+01 
3.500e+01 ; 8.800e+00 ; 6.000e-01 ; 3.7830001e+01 ; 9.6505409e+01 
3.500e+01 ; 8.800e+00 ; 6.000e-01 ; 3.7830001e+01 ; 9.6505409e+01 
3.500e+01 ; 8.800e+00 ; 6.000e-01 ; 3.7831001e+01 ; 9.6504982e+01 
3.500e+01 ; 8.800e+00 ; 6.000e-01 ; 3.7832001e+01 ; 9.6504562e+01 
3.500e+01 ; 8.800e+00 ; 6.000e-01 ; 3.7833001e+01 ; 9.6504143e+01 
3.500e+01 ; 8.800e+00 ; 6.000e-01 ; 3.7835001e+01 ; 9.6503296e+01 
3.500e+01 ; 8.800e+00 ; 6.000e-01 ; 3.7839001e+01 ; 9.6501610e+01 
3.500e+01 ; 8.800e+00 ; 6.000e-01 ; 3.7847001e+01 ; 9.6498245e+01 
3.500e+01 ; 8.800e+00 ; 6.000e-01 ; 3.7863001e+01 ; 9.6491539e+01 
3.500e+01 ; 8.800e+00 ; 6.000e-01 ; 3.7895001e+01 ; 9.6478264e+01 
3.500e+01 ; 8.800e+00 ; 6.000e-01 ; 3.7959001e+01 ; 9.6452187e+01 
3.500e+01 ; 8.800e+00 ; 6.000e-01 ; 3.8087001e+01 ; 9.6402000e+01 
3.500e+01 ; 8.800e+00 ; 6.000e-01 ; 3.8343001e+01 ; 9.6309547e+01 
3.500e+01 ; 8.800e+00 ; 6.000e-01 ; 3.8800001e+01 ; 9.6169724e+01 
3.500e+01 ; 8.800e+00 ; 6.000e-01 ; 3.8800001e+01 ; 9.6169724e+01 
3.500e+01 ; 8.800e+00 ; 6.000e-01 ; 3.8801001e+01 ; 9.6169418e+01 
3.500e+01 ; 8.800e+00 ; 6.000e-01 ; 3.8802001e+01 ; 9.6169113e+01 
3.500e+01 ; 8.800e+00 ; 6.000e-01 ; 3.8803001e+01 ; 9.6168808e+01 
3.500e+01 ; 8.800e+00 ; 6.000e-01 ; 3.8805001e+01 ; 9.6168205e+01 
3.500e+01 ; 8.800e+00 ; 6.000e-01 ; 3.8809001e+01 ; 9.6167000e+01 
3.500e+01 ; 8.800e+00 ; 6.000e-01 ; 3.8817001e+01 ; 9.6164619e+01 
3.500e+01 ; 8.800e+00 ; 6.000e-01 ; 3.8833001e+01 ; 9.6160027e+01 
3.500e+01 ; 8.800e+00 ; 6.000e-01 ; 3.8865001e+01 ; 9.6151512e+01 
3.500e+01 ; 8.800e+00 ; 6.000e-01 ; 3.8929001e+01 ; 9.6137604e+01 
3.500e+01 ; 8.800e+00 ; 6.000e-01 ; 3.9057001e+01 ; 9.6123978e+01 
3.500e+01 ; 8.800e+00 ; 6.000e-01 ; 3.9313001e+01 ; 9.6152084e+01 
3.500e+01 ; 8.800e+00 ; 6.000e-01 ; 3.9770001e+01 ; 9.6321373e+01 
3.500e+01 ; 8.800e+00 ; 6.000e-01 ; 3.9770001e+01 ; 9.6321373e+01 
3.500e+01 ; 8.800e+00 ; 6.000e-01 ; 3.9771001e+01 ; 9.6321747e+01 
3.500e+01 ; 8.800e+00 ; 6.000e-01 ; 3.9772001e+01 ; 9.6322121e+01 
3.500e+01 ; 8.800e+00 ; 6.000e-01 ; 3.9773001e+01 ; 9.6322495e+01 
3.500e+01 ; 8.800e+00 ; 6.000e-01 ; 3.9775001e+01 ; 9.6323250e+01 
3.500e+01 ; 8.800e+00 ; 6.000e-01 ; 3.9779001e+01 ; 9.6324791e+01 
3.500e+01 ; 8.800e+00 ; 6.000e-01 ; 3.9787001e+01 ; 9.6327980e+01 
3.500e+01 ; 8.800e+00 ; 6.000e-01 ; 3.9803001e+01 ; 9.6334808e+01 
3.500e+01 ; 8.800e+00 ; 6.000e-01 ; 3.9835001e+01 ; 9.6350380e+01 
3.500e+01 ; 8.800e+00 ; 6.000e-01 ; 3.9899001e+01 ; 9.6389778e+01 
3.500e+01 ; 8.800e+00 ; 6.000e-01 ; 4.0027001e+01 ; 9.6503174e+01 
3.500e+01 ; 8.800e+00 ; 6.000e-01 ; 4.0283001e+01 ; 9.6851494e+01 
3.500e+01 ; 8.800e+00 ; 6.000e-01 ; 4.0740001e+01 ; 9.7683640e+01 
3.500e+01 ; 8.800e+00 ; 6.000e-01 ; 4.0740001e+01 ; 9.7683640e+01 
3.500e+01 ; 8.800e+00 ; 6.000e-01 ; 4.0741001e+01 ; 9.7685463e+01 
3.500e+01 ; 8.800e+00 ; 6.000e-01 ; 4.0742001e+01 ; 9.7687286e+01 
3.500e+01 ; 8.800e+00 ; 6.000e-01 ; 4.0743001e+01 ; 9.7689110e+01 
3.500e+01 ; 8.800e+00 ; 6.000e-01 ; 4.0745001e+01 ; 9.7692772e+01 
3.500e+01 ; 8.800e+00 ; 6.000e-01 ; 4.0749001e+01 ; 9.7700127e+01 
3.500e+01 ; 8.800e+00 ; 6.000e-01 ; 4.0757001e+01 ; 9.7714966e+01 
3.500e+01 ; 8.800e+00 ; 6.000e-01 ; 4.0773001e+01 ; 9.7745163e+01 
3.500e+01 ; 8.800e+00 ; 6.000e-01 ; 4.0805001e+01 ; 9.7807617e+01 
3.500e+01 ; 8.800e+00 ; 6.000e-01 ; 4.0869001e+01 ; 9.7940643e+01 
3.500e+01 ; 8.800e+00 ; 6.000e-01 ; 4.0997001e+01 ; 9.8236328e+01 
3.500e+01 ; 8.800e+00 ; 6.000e-01 ; 4.1253001e+01 ; 9.8910690e+01 
3.500e+01 ; 8.800e+00 ; 6.000e-01 ; 4.1710001e+01 ; 1.0017656e+02 
3.500e+01 ; 8.800e+00 ; 6.000e-01 ; 4.1710001e+01 ; 1.0017656e+02 
3.500e+01 ; 8.800e+00 ; 6.000e-01 ; 4.1711001e+01 ; 1.0017933e+02 
3.500e+01 ; 8.800e+00 ; 6.000e-01 ; 4.1712001e+01 ; 1.0018211e+02 
3.500e+01 ; 8.800e+00 ; 6.000e-01 ; 4.1713001e+01 ; 1.0018488e+02 
3.500e+01 ; 8.800e+00 ; 6.000e-01 ; 4.1715001e+01 ; 1.0019042e+02 
3.500e+01 ; 8.800e+00 ; 6.000e-01 ; 4.1719001e+01 ; 1.0020152e+02 
3.500e+01 ; 8.800e+00 ; 6.000e-01 ; 4.1727001e+01 ; 1.0022376e+02 
3.500e+01 ; 8.800e+00 ; 6.000e-01 ; 4.1743001e+01 ; 1.0026838e+02 
3.500e+01 ; 8.800e+00 ; 6.000e-01 ; 4.1775001e+01 ; 1.0035805e+02 
3.500e+01 ; 8.800e+00 ; 6.000e-01 ; 4.1839001e+01 ; 1.0053846e+02 
3.500e+01 ; 8.800e+00 ; 6.000e-01 ; 4.1967001e+01 ; 1.0089880e+02 
3.500e+01 ; 8.800e+00 ; 6.000e-01 ; 4.2223001e+01 ; 1.0158905e+02 
3.500e+01 ; 8.800e+00 ; 6.000e-01 ; 4.2680001e+01 ; 1.0263620e+02 
3.500e+01 ; 8.800e+00 ; 6.000e-01 ; 4.2680001e+01 ; 1.0263620e+02 
3.500e+01 ; 8.800e+00 ; 6.000e-01 ; 4.2681001e+01 ; 1.0263849e+02 
3.500e+01 ; 8.800e+00 ; 6.000e-01 ; 4.2682001e+01 ; 1.0264079e+02 
3.500e+01 ; 8.800e+00 ; 6.000e-01 ; 4.2683001e+01 ; 1.0264307e+02 
3.500e+01 ; 8.800e+00 ; 6.000e-01 ; 4.2685001e+01 ; 1.0264764e+02 
3.500e+01 ; 8.800e+00 ; 6.000e-01 ; 4.2689001e+01 ; 1.0265678e+02 
3.500e+01 ; 8.800e+00 ; 6.000e-01 ; 4.2697001e+01 ; 1.0267499e+02 
3.500e+01 ; 8.800e+00 ; 6.000e-01 ; 4.2713001e+01 ; 1.0271116e+02 
3.500e+01 ; 8.800e+00 ; 6.000e-01 ; 4.2745001e+01 ; 1.0278251e+02 
3.500e+01 ; 8.800e+00 ; 6.000e-01 ; 4.2809001e+01 ; 1.0292090e+02 
3.500e+01 ; 8.800e+00 ; 6.000e-01 ; 4.2937001e+01 ; 1.0317880e+02 
3.500e+01 ; 8.800e+00 ; 6.000e-01 ; 4.3193001e+01 ; 1.0361440e+02 
3.500e+01 ; 8.800e+00 ; 6.000e-01 ; 4.3650001e+01 ; 1.0415133e+02 
3.500e+01 ; 8.800e+00 ; 6.000e-01 ; 4.3650001e+01 ; 1.0415133e+02 
3.500e+01 ; 8.800e+00 ; 6.000e-01 ; 4.3651001e+01 ; 1.0415250e+02 
3.500e+01 ; 8.800e+00 ; 6.000e-01 ; 4.3652001e+01 ; 1.0415368e+02 
3.500e+01 ; 8.800e+00 ; 6.000e-01 ; 4.3653001e+01 ; 1.0415485e+02 
3.500e+01 ; 8.800e+00 ; 6.000e-01 ; 4.3655001e+01 ; 1.0415719e+02 
3.500e+01 ; 8.800e+00 ; 6.000e-01 ; 4.3659001e+01 ; 1.0416185e+02 
3.500e+01 ; 8.800e+00 ; 6.000e-01 ; 4.3667001e+01 ; 1.0417109e+02 
3.500e+01 ; 8.800e+00 ; 6.000e-01 ; 4.3683001e+01 ; 1.0418929e+02 
3.500e+01 ; 8.800e+00 ; 6.000e-01 ; 4.3715001e+01 ; 1.0422450e+02 
3.500e+01 ; 8.800e+00 ; 6.000e-01 ; 4.3779001e+01 ; 1.0429034e+02 
3.500e+01 ; 8.800e+00 ; 6.000e-01 ; 4.3907001e+01 ; 1.0440428e+02 
3.500e+01 ; 8.800e+00 ; 6.000e-01 ; 4.4163001e+01 ; 1.0456799e+02 
3.500e+01 ; 8.800e+00 ; 6.000e-01 ; 4.4620001e+01 ; 1.0469548e+02 
3.500e+01 ; 8.800e+00 ; 6.000e-01 ; 4.4620001e+01 ; 1.0469548e+02 
3.500e+01 ; 8.800e+00 ; 6.000e-01 ; 4.4621001e+01 ; 1.0469576e+02 
3.500e+01 ; 8.800e+00 ; 6.000e-01 ; 4.4622001e+01 ; 1.0469604e+02 
3.500e+01 ; 8.800e+00 ; 6.000e-01 ; 4.4623001e+01 ; 1.0469631e+02 
3.500e+01 ; 8.800e+00 ; 6.000e-01 ; 4.4625001e+01 ; 1.0469686e+02 
3.500e+01 ; 8.800e+00 ; 6.000e-01 ; 4.4629001e+01 ; 1.0469795e+02 
3.500e+01 ; 8.800e+00 ; 6.000e-01 ; 4.4637001e+01 ; 1.0470008e+02 
3.500e+01 ; 8.800e+00 ; 6.000e-01 ; 4.4653001e+01 ; 1.0470413e+02 
3.500e+01 ; 8.800e+00 ; 6.000e-01 ; 4.4685001e+01 ; 1.0471146e+02 
3.500e+01 ; 8.800e+00 ; 6.000e-01 ; 4.4749001e+01 ; 1.0472309e+02 
3.500e+01 ; 8.800e+00 ; 6.000e-01 ; 4.4877001e+01 ; 1.0473519e+02 
3.500e+01 ; 8.800e+00 ; 6.000e-01 ; 4.5133001e+01 ; 1.0472112e+02 
3.500e+01 ; 8.800e+00 ; 6.000e-01 ; 4.5590001e+01 ; 1.0460503e+02 
3.500e+01 ; 8.800e+00 ; 6.000e-01 ; 4.5590001e+01 ; 1.0460503e+02 
3.500e+01 ; 8.800e+00 ; 6.000e-01 ; 4.5591001e+01 ; 1.0460477e+02 
3.500e+01 ; 8.800e+00 ; 6.000e-01 ; 4.5592001e+01 ; 1.0460452e+02 
3.500e+01 ; 8.800e+00 ; 6.000e-01 ; 4.5593001e+01 ; 1.0460426e+02 
3.500e+01 ; 8.800e+00 ; 6.000e-01 ; 4.5595001e+01 ; 1.0460375e+02 
3.500e+01 ; 8.800e+00 ; 6.000e-01 ; 4.5599001e+01 ; 1.0460272e+02 
3.500e+01 ; 8.800e+00 ; 6.000e-01 ; 4.5607001e+01 ; 1.0460063e+02 
3.500e+01 ; 8.800e+00 ; 6.000e-01 ; 4.5623001e+01 ; 1.0459634e+02 
3.500e+01 ; 8.800e+00 ; 6.000e-01 ; 4.5655001e+01 ; 1.0458733e+02 
3.500e+01 ; 8.800e+00 ; 6.000e-01 ; 4.5719001e+01 ; 1.0456770e+02 
3.500e+01 ; 8.800e+00 ; 6.000e-01 ; 4.5847001e+01 ; 1.0452257e+02 
3.500e+01 ; 8.800e+00 ; 6.000e-01 ; 4.6103001e+01 ; 1.0441309e+02 
3.500e+01 ; 8.800e+00 ; 6.000e-01 ; 4.6560001e+01 ; 1.0417561e+02 
3.500e+01 ; 8.800e+00 ; 6.000e-01 ; 4.6560001e+01 ; 1.0417561e+02 
3.500e+01 ; 8.800e+00 ; 6.000e-01 ; 4.6561001e+01 ; 1.0417509e+02 
3.500e+01 ; 8.800e+00 ; 6.000e-01 ; 4.6562001e+01 ; 1.0417458e+02 
3.500e+01 ; 8.800e+00 ; 6.000e-01 ; 4.6563001e+01 ; 1.0417405e+02 
3.500e+01 ; 8.800e+00 ; 6.000e-01 ; 4.6565001e+01 ; 1.0417301e+02 
3.500e+01 ; 8.800e+00 ; 6.000e-01 ; 4.6569001e+01 ; 1.0417093e+02 
3.500e+01 ; 8.800e+00 ; 6.000e-01 ; 4.6577001e+01 ; 1.0416674e+02 
3.500e+01 ; 8.800e+00 ; 6.000e-01 ; 4.6593001e+01 ; 1.0415833e+02 
3.500e+01 ; 8.800e+00 ; 6.000e-01 ; 4.6625001e+01 ; 1.0414129e+02 
3.500e+01 ; 8.800e+00 ; 6.000e-01 ; 4.6689001e+01 ; 1.0410651e+02 
3.500e+01 ; 8.800e+00 ; 6.000e-01 ; 4.6817001e+01 ; 1.0403440e+02 
3.500e+01 ; 8.800e+00 ; 6.000e-01 ; 4.7073001e+01 ; 1.0388251e+02 
3.500e+01 ; 8.800e+00 ; 6.000e-01 ; 4.7530001e+01 ; 1.0359753e+02 
3.500e+01 ; 8.800e+00 ; 6.000e-01 ; 4.7530001e+01 ; 1.0359753e+02 
3.500e+01 ; 8.800e+00 ; 6.000e-01 ; 4.7531001e+01 ; 1.0359691e+02 
3.500e+01 ; 8.800e+00 ; 6.000e-01 ; 4.7532001e+01 ; 1.0359629e+02 
3.500e+01 ; 8.800e+00 ; 6.000e-01 ; 4.7533001e+01 ; 1.0359566e+02 
3.500e+01 ; 8.800e+00 ; 6.000e-01 ; 4.7535001e+01 ; 1.0359441e+02 
3.500e+01 ; 8.800e+00 ; 6.000e-01 ; 4.7539001e+01 ; 1.0359192e+02 
3.500e+01 ; 8.800e+00 ; 6.000e-01 ; 4.7547001e+01 ; 1.0358692e+02 
3.500e+01 ; 8.800e+00 ; 6.000e-01 ; 4.7563001e+01 ; 1.0357691e+02 
3.500e+01 ; 8.800e+00 ; 6.000e-01 ; 4.7595001e+01 ; 1.0355683e+02 
3.500e+01 ; 8.800e+00 ; 6.000e-01 ; 4.7659001e+01 ; 1.0351645e+02 
3.500e+01 ; 8.800e+00 ; 6.000e-01 ; 4.7787001e+01 ; 1.0343502e+02 
3.500e+01 ; 8.800e+00 ; 6.000e-01 ; 4.8043001e+01 ; 1.0327081e+02 
3.500e+01 ; 8.800e+00 ; 6.000e-01 ; 4.8500001e+01 ; 1.0297877e+02 
3.500e+01 ; 8.800e+00 ; 6.000e-01 ; 4.8500001e+01 ; 1.0297877e+02 
3.500e+01 ; 8.800e+00 ; 6.000e-01 ; 4.8501001e+01 ; 1.0297813e+02 
3.500e+01 ; 8.800e+00 ; 6.000e-01 ; 4.8502001e+01 ; 1.0297749e+02 
3.500e+01 ; 8.800e+00 ; 6.000e-01 ; 4.8503001e+01 ; 1.0297685e+02 
3.500e+01 ; 8.800e+00 ; 6.000e-01 ; 4.8505001e+01 ; 1.0297558e+02 
3.500e+01 ; 8.800e+00 ; 6.000e-01 ; 4.8509001e+01 ; 1.0297302e+02 
3.500e+01 ; 8.800e+00 ; 6.000e-01 ; 4.8517001e+01 ; 1.0296791e+02 
3.500e+01 ; 8.800e+00 ; 6.000e-01 ; 4.8533001e+01 ; 1.0295769e+02 
3.500e+01 ; 8.800e+00 ; 6.000e-01 ; 4.8565001e+01 ; 1.0293726e+02 
3.500e+01 ; 8.800e+00 ; 6.000e-01 ; 4.8629001e+01 ; 1.0289644e+02 
3.500e+01 ; 8.800e+00 ; 6.000e-01 ; 4.8757001e+01 ; 1.0281511e+02 
3.500e+01 ; 8.800e+00 ; 6.000e-01 ; 4.9013001e+01 ; 1.0265428e+02 
3.500e+01 ; 8.800e+00 ; 6.000e-01 ; 4.9470001e+01 ; 1.0237553e+02 
3.500e+01 ; 8.800e+00 ; 6.000e-01 ; 4.9470001e+01 ; 1.0237553e+02 
3.500e+01 ; 8.800e+00 ; 6.000e-01 ; 4.9471001e+01 ; 1.0237492e+02 
3.500e+01 ; 8.800e+00 ; 6.000e-01 ; 4.9472001e+01 ; 1.0237431e+02 
3.500e+01 ; 8.800e+00 ; 6.000e-01 ; 4.9473001e+01 ; 1.0237370e+02 
3.500e+01 ; 8.800e+00 ; 6.000e-01 ; 4.9475001e+01 ; 1.0237248e+02 
3.500e+01 ; 8.800e+00 ; 6.000e-01 ; 4.9479001e+01 ; 1.0237005e+02 
3.500e+01 ; 8.800e+00 ; 6.000e-01 ; 4.9487001e+01 ; 1.0236517e+02 
3.500e+01 ; 8.800e+00 ; 6.000e-01 ; 4.9503001e+01 ; 1.0235543e+02 
3.500e+01 ; 8.800e+00 ; 6.000e-01 ; 4.9535001e+01 ; 1.0233600e+02 
3.500e+01 ; 8.800e+00 ; 6.000e-01 ; 4.9599001e+01 ; 1.0229731e+02 
3.500e+01 ; 8.800e+00 ; 6.000e-01 ; 4.9727001e+01 ; 1.0222068e+02 
3.500e+01 ; 8.800e+00 ; 6.000e-01 ; 4.9983001e+01 ; 1.0207069e+02 
3.500e+01 ; 8.800e+00 ; 6.000e-01 ; 5.0440001e+01 ; 1.0181432e+02 
3.500e+01 ; 8.800e+00 ; 6.000e-01 ; 5.0440001e+01 ; 1.0181432e+02 
3.500e+01 ; 8.800e+00 ; 6.000e-01 ; 5.0441001e+01 ; 1.0181375e+02 
3.500e+01 ; 8.800e+00 ; 6.000e-01 ; 5.0442001e+01 ; 1.0181319e+02 
3.500e+01 ; 8.800e+00 ; 6.000e-01 ; 5.0443001e+01 ; 1.0181263e+02 
3.500e+01 ; 8.800e+00 ; 6.000e-01 ; 5.0445001e+01 ; 1.0181151e+02 
3.500e+01 ; 8.800e+00 ; 6.000e-01 ; 5.0449001e+01 ; 1.0180927e+02 
3.500e+01 ; 8.800e+00 ; 6.000e-01 ; 5.0457001e+01 ; 1.0180479e+02 
3.500e+01 ; 8.800e+00 ; 6.000e-01 ; 5.0473001e+01 ; 1.0179584e+02 
3.500e+01 ; 8.800e+00 ; 6.000e-01 ; 5.0505001e+01 ; 1.0177800e+02 
3.500e+01 ; 8.800e+00 ; 6.000e-01 ; 5.0569001e+01 ; 1.0174255e+02 
3.500e+01 ; 8.800e+00 ; 6.000e-01 ; 5.0697001e+01 ; 1.0167258e+02 
3.500e+01 ; 8.800e+00 ; 6.000e-01 ; 5.0953001e+01 ; 1.0153641e+02 
3.500e+01 ; 8.800e+00 ; 6.000e-01 ; 5.1410002e+01 ; 1.0130551e+02 
3.500e+01 ; 8.800e+00 ; 6.000e-01 ; 5.1410002e+01 ; 1.0130551e+02 
3.500e+01 ; 8.800e+00 ; 6.000e-01 ; 5.1411002e+01 ; 1.0130500e+02 
3.500e+01 ; 8.800e+00 ; 6.000e-01 ; 5.1412002e+01 ; 1.0130450e+02 
3.500e+01 ; 8.800e+00 ; 6.000e-01 ; 5.1413002e+01 ; 1.0130399e+02 
3.500e+01 ; 8.800e+00 ; 6.000e-01 ; 5.1415002e+01 ; 1.0130299e+02 
3.500e+01 ; 8.800e+00 ; 6.000e-01 ; 5.1419002e+01 ; 1.0130096e+02 
3.500e+01 ; 8.800e+00 ; 6.000e-01 ; 5.1427002e+01 ; 1.0129693e+02 
3.500e+01 ; 8.800e+00 ; 6.000e-01 ; 5.1443002e+01 ; 1.0128888e+02 
3.500e+01 ; 8.800e+00 ; 6.000e-01 ; 5.1475002e+01 ; 1.0127283e+02 
3.500e+01 ; 8.800e+00 ; 6.000e-01 ; 5.1539002e+01 ; 1.0124097e+02 
3.500e+01 ; 8.800e+00 ; 6.000e-01 ; 5.1667002e+01 ; 1.0117823e+02 
3.500e+01 ; 8.800e+00 ; 6.000e-01 ; 5.1923002e+01 ; 1.0105660e+02 
3.500e+01 ; 8.800e+00 ; 6.000e-01 ; 5.2380002e+01 ; 1.0085183e+02 
3.500e+01 ; 8.800e+00 ; 6.000e-01 ; 5.2380002e+01 ; 1.0085183e+02 
3.500e+01 ; 8.800e+00 ; 6.000e-01 ; 5.2381002e+01 ; 1.0085138e+02 
3.500e+01 ; 8.800e+00 ; 6.000e-01 ; 5.2382002e+01 ; 1.0085094e+02 
3.500e+01 ; 8.800e+00 ; 6.000e-01 ; 5.2383002e+01 ; 1.0085049e+02 
3.500e+01 ; 8.800e+00 ; 6.000e-01 ; 5.2385002e+01 ; 1.0084959e+02 
3.500e+01 ; 8.800e+00 ; 6.000e-01 ; 5.2389002e+01 ; 1.0084780e+02 
3.500e+01 ; 8.800e+00 ; 6.000e-01 ; 5.2397002e+01 ; 1.0084422e+02 
3.500e+01 ; 8.800e+00 ; 6.000e-01 ; 5.2413002e+01 ; 1.0083709e+02 
3.500e+01 ; 8.800e+00 ; 6.000e-01 ; 5.2445002e+01 ; 1.0082288e+02 
3.500e+01 ; 8.800e+00 ; 6.000e-01 ; 5.2509002e+01 ; 1.0079472e+02 
3.500e+01 ; 8.800e+00 ; 6.000e-01 ; 5.2637002e+01 ; 1.0073956e+02 
3.500e+01 ; 8.800e+00 ; 6.000e-01 ; 5.2893002e+01 ; 1.0063474e+02 
3.500e+01 ; 8.800e+00 ; 6.000e-01 ; 5.3350002e+01 ; 1.0046729e+02 
3.500e+01 ; 8.800e+00 ; 6.000e-01 ; 5.3350002e+01 ; 1.0046729e+02 
3.500e+01 ; 8.800e+00 ; 6.000e-01 ; 5.3351002e+01 ; 1.0046693e+02 
3.500e+01 ; 8.800e+00 ; 6.000e-01 ; 5.3352002e+01 ; 1.0046656e+02 
3.500e+01 ; 8.800e+00 ; 6.000e-01 ; 5.3353002e+01 ; 1.0046619e+02 
3.500e+01 ; 8.800e+00 ; 6.000e-01 ; 5.3355002e+01 ; 1.0046546e+02 
3.500e+01 ; 8.800e+00 ; 6.000e-01 ; 5.3359002e+01 ; 1.0046400e+02 
3.500e+01 ; 8.800e+00 ; 6.000e-01 ; 5.3367002e+01 ; 1.0046107e+02 
3.500e+01 ; 8.800e+00 ; 6.000e-01 ; 5.3383002e+01 ; 1.0045527e+02 
3.500e+01 ; 8.800e+00 ; 6.000e-01 ; 5.3415002e+01 ; 1.0044376e+02 
3.500e+01 ; 8.800e+00 ; 6.000e-01 ; 5.3479002e+01 ; 1.0042121e+02 
3.500e+01 ; 8.800e+00 ; 6.000e-01 ; 5.3607002e+01 ; 1.0037856e+02 
3.500e+01 ; 8.800e+00 ; 6.000e-01 ; 5.3863002e+01 ; 1.0030595e+02 
3.500e+01 ; 8.800e+00 ; 6.000e-01 ; 5.4320002e+01 ; 1.0022266e+02 
3.500e+01 ; 8.800e+00 ; 6.000e-01 ; 5.4320002e+01 ; 1.0022266e+02 
3.500e+01 ; 8.800e+00 ; 6.000e-01 ; 5.4321002e+01 ; 1.0022248e+02 
3.500e+01 ; 8.800e+00 ; 6.000e-01 ; 5.4322002e+01 ; 1.0022230e+02 
3.500e+01 ; 8.800e+00 ; 6.000e-01 ; 5.4323002e+01 ; 1.0022211e+02 
3.500e+01 ; 8.800e+00 ; 6.000e-01 ; 5.4325002e+01 ; 1.0022176e+02 
3.500e+01 ; 8.800e+00 ; 6.000e-01 ; 5.4329002e+01 ; 1.0022103e+02 
3.500e+01 ; 8.800e+00 ; 6.000e-01 ; 5.4337002e+01 ; 1.0021960e+02 
3.500e+01 ; 8.800e+00 ; 6.000e-01 ; 5.4353002e+01 ; 1.0021681e+02 
3.500e+01 ; 8.800e+00 ; 6.000e-01 ; 5.4385002e+01 ; 1.0021147e+02 
3.500e+01 ; 8.800e+00 ; 6.000e-01 ; 5.4449002e+01 ; 1.0020188e+02 
3.500e+01 ; 8.800e+00 ; 6.000e-01 ; 5.4577002e+01 ; 1.0018781e+02 
3.500e+01 ; 8.800e+00 ; 6.000e-01 ; 5.4833002e+01 ; 1.0018416e+02 
3.500e+01 ; 8.800e+00 ; 6.000e-01 ; 5.5290002e+01 ; 1.0025770e+02 
3.500e+01 ; 8.800e+00 ; 6.000e-01 ; 5.5290002e+01 ; 1.0025770e+02 
3.500e+01 ; 8.800e+00 ; 6.000e-01 ; 5.5291002e+01 ; 1.0025786e+02 
3.500e+01 ; 8.800e+00 ; 6.000e-01 ; 5.5292002e+01 ; 1.0025802e+02 
3.500e+01 ; 8.800e+00 ; 6.000e-01 ; 5.5293002e+01 ; 1.0025818e+02 
3.500e+01 ; 8.800e+00 ; 6.000e-01 ; 5.5295002e+01 ; 1.0025851e+02 
3.500e+01 ; 8.800e+00 ; 6.000e-01 ; 5.5299002e+01 ; 1.0025916e+02 
3.500e+01 ; 8.800e+00 ; 6.000e-01 ; 5.5307002e+01 ; 1.0026051e+02 
3.500e+01 ; 8.800e+00 ; 6.000e-01 ; 5.5323002e+01 ; 1.0026328e+02 
3.500e+01 ; 8.800e+00 ; 6.000e-01 ; 5.5355002e+01 ; 1.0026926e+02 
3.500e+01 ; 8.800e+00 ; 6.000e-01 ; 5.5419002e+01 ; 1.0028289e+02 
3.500e+01 ; 8.800e+00 ; 6.000e-01 ; 5.5547002e+01 ; 1.0031738e+02 
3.500e+01 ; 8.800e+00 ; 6.000e-01 ; 5.5803002e+01 ; 1.0041618e+02 
3.500e+01 ; 8.800e+00 ; 6.000e-01 ; 5.6260002e+01 ; 1.0067401e+02 
3.500e+01 ; 8.800e+00 ; 6.000e-01 ; 5.6260002e+01 ; 1.0067401e+02 
3.500e+01 ; 8.800e+00 ; 6.000e-01 ; 5.6261002e+01 ; 1.0067458e+02 
3.500e+01 ; 8.800e+00 ; 6.000e-01 ; 5.6262002e+01 ; 1.0067514e+02 
3.500e+01 ; 8.800e+00 ; 6.000e-01 ; 5.6263002e+01 ; 1.0067570e+02 
3.500e+01 ; 8.800e+00 ; 6.000e-01 ; 5.6265002e+01 ; 1.0067684e+02 
3.500e+01 ; 8.800e+00 ; 6.000e-01 ; 5.6269002e+01 ; 1.0067911e+02 
3.500e+01 ; 8.800e+00 ; 6.000e-01 ; 5.6277002e+01 ; 1.0068368e+02 
3.500e+01 ; 8.800e+00 ; 6.000e-01 ; 5.6293002e+01 ; 1.0069291e+02 
3.500e+01 ; 8.800e+00 ; 6.000e-01 ; 5.6325002e+01 ; 1.0071177e+02 
3.500e+01 ; 8.800e+00 ; 6.000e-01 ; 5.6389002e+01 ; 1.0075105e+02 
3.500e+01 ; 8.800e+00 ; 6.000e-01 ; 5.6517002e+01 ; 1.0083559e+02 
3.500e+01 ; 8.800e+00 ; 6.000e-01 ; 5.6773002e+01 ; 1.0102489e+02 
3.500e+01 ; 8.800e+00 ; 6.000e-01 ; 5.7230002e+01 ; 1.0140121e+02 
3.500e+01 ; 8.800e+00 ; 6.000e-01 ; 5.7230002e+01 ; 1.0140121e+02 
3.500e+01 ; 8.800e+00 ; 6.000e-01 ; 5.7231002e+01 ; 1.0140203e+02 
3.500e+01 ; 8.800e+00 ; 6.000e-01 ; 5.7232002e+01 ; 1.0140285e+02 
3.500e+01 ; 8.800e+00 ; 6.000e-01 ; 5.7233002e+01 ; 1.0140368e+02 
3.500e+01 ; 8.800e+00 ; 6.000e-01 ; 5.7235002e+01 ; 1.0140533e+02 
3.500e+01 ; 8.800e+00 ; 6.000e-01 ; 5.7239002e+01 ; 1.0140862e+02 
3.500e+01 ; 8.800e+00 ; 6.000e-01 ; 5.7247002e+01 ; 1.0141524e+02 
3.500e+01 ; 8.800e+00 ; 6.000e-01 ; 5.7263002e+01 ; 1.0142850e+02 
3.500e+01 ; 8.800e+00 ; 6.000e-01 ; 5.7295002e+01 ; 1.0145522e+02 
3.500e+01 ; 8.800e+00 ; 6.000e-01 ; 5.7359002e+01 ; 1.0150925e+02 
3.500e+01 ; 8.800e+00 ; 6.000e-01 ; 5.7487002e+01 ; 1.0161913e+02 
3.500e+01 ; 8.800e+00 ; 6.000e-01 ; 5.7743002e+01 ; 1.0184136e+02 
3.500e+01 ; 8.800e+00 ; 6.000e-01 ; 5.8200002e+01 ; 1.0222345e+02 
3.500e+01 ; 8.800e+00 ; 6.000e-01 ; 5.8200002e+01 ; 1.0222345e+02 
3.500e+01 ; 8.800e+00 ; 6.000e-01 ; 5.8201002e+01 ; 1.0222429e+02 
3.500e+01 ; 8.800e+00 ; 6.000e-01 ; 5.8202002e+01 ; 1.0222512e+02 
3.500e+01 ; 8.800e+00 ; 6.000e-01 ; 5.8203002e+01 ; 1.0222596e+02 
3.500e+01 ; 8.800e+00 ; 6.000e-01 ; 5.8205002e+01 ; 1.0222763e+02 
3.500e+01 ; 8.800e+00 ; 6.000e-01 ; 5.8209002e+01 ; 1.0223097e+02 
3.500e+01 ; 8.800e+00 ; 6.000e-01 ; 5.8217002e+01 ; 1.0223766e+02 
3.500e+01 ; 8.800e+00 ; 6.000e-01 ; 5.8233002e+01 ; 1.0225099e+02 
3.500e+01 ; 8.800e+00 ; 6.000e-01 ; 5.8265002e+01 ; 1.0227758e+02 
3.500e+01 ; 8.800e+00 ; 6.000e-01 ; 5.8329002e+01 ; 1.0233035e+02 
3.500e+01 ; 8.800e+00 ; 6.000e-01 ; 5.8457002e+01 ; 1.0243382e+02 
3.500e+01 ; 8.800e+00 ; 6.000e-01 ; 5.8713002e+01 ; 1.0262968e+02 
3.500e+01 ; 8.800e+00 ; 6.000e-01 ; 5.9170002e+01 ; 1.0293435e+02 
3.500e+01 ; 8.800e+00 ; 6.000e-01 ; 5.9170002e+01 ; 1.0293435e+02 
3.500e+01 ; 8.800e+00 ; 6.000e-01 ; 5.9171002e+01 ; 1.0293502e+02 
3.500e+01 ; 8.800e+00 ; 6.000e-01 ; 5.9172002e+01 ; 1.0293568e+02 
3.500e+01 ; 8.800e+00 ; 6.000e-01 ; 5.9173002e+01 ; 1.0293635e+02 
3.500e+01 ; 8.800e+00 ; 6.000e-01 ; 5.9175002e+01 ; 1.0293768e+02 
3.500e+01 ; 8.800e+00 ; 6.000e-01 ; 5.9179002e+01 ; 1.0294034e+02 
3.500e+01 ; 8.800e+00 ; 6.000e-01 ; 5.9187002e+01 ; 1.0294565e+02 
3.500e+01 ; 8.800e+00 ; 6.000e-01 ; 5.9203002e+01 ; 1.0295620e+02 
3.500e+01 ; 8.800e+00 ; 6.000e-01 ; 5.9235002e+01 ; 1.0297707e+02 
3.500e+01 ; 8.800e+00 ; 6.000e-01 ; 5.9299002e+01 ; 1.0301790e+02 
3.500e+01 ; 8.800e+00 ; 6.000e-01 ; 5.9427002e+01 ; 1.0309570e+02 
3.500e+01 ; 8.800e+00 ; 6.000e-01 ; 5.9683002e+01 ; 1.0323528e+02 
3.500e+01 ; 8.800e+00 ; 6.000e-01 ; 6.0140002e+01 ; 1.0343364e+02 
3.500e+01 ; 8.800e+00 ; 6.000e-01 ; 6.0140002e+01 ; 1.0343364e+02 
3.500e+01 ; 8.800e+00 ; 6.000e-01 ; 6.0141002e+01 ; 1.0343407e+02 
3.500e+01 ; 8.800e+00 ; 6.000e-01 ; 6.0142002e+01 ; 1.0343450e+02 
3.500e+01 ; 8.800e+00 ; 6.000e-01 ; 6.0143002e+01 ; 1.0343494e+02 
3.500e+01 ; 8.800e+00 ; 6.000e-01 ; 6.0145002e+01 ; 1.0343581e+02 
3.500e+01 ; 8.800e+00 ; 6.000e-01 ; 6.0149002e+01 ; 1.0343753e+02 
3.500e+01 ; 8.800e+00 ; 6.000e-01 ; 6.0157002e+01 ; 1.0344097e+02 
3.500e+01 ; 8.800e+00 ; 6.000e-01 ; 6.0173002e+01 ; 1.0344778e+02 
3.500e+01 ; 8.800e+00 ; 6.000e-01 ; 6.0205002e+01 ; 1.0346117e+02 
3.500e+01 ; 8.800e+00 ; 6.000e-01 ; 6.0269002e+01 ; 1.0348695e+02 
3.500e+01 ; 8.800e+00 ; 6.000e-01 ; 6.0397002e+01 ; 1.0353456e+02 
3.500e+01 ; 8.800e+00 ; 6.000e-01 ; 6.0653002e+01 ; 1.0361465e+02 
3.500e+01 ; 8.800e+00 ; 6.000e-01 ; 6.1110002e+01 ; 1.0371368e+02 
3.500e+01 ; 8.800e+00 ; 6.000e-01 ; 6.1110002e+01 ; 1.0371368e+02 
3.500e+01 ; 8.800e+00 ; 6.000e-01 ; 6.1111002e+01 ; 1.0371390e+02 
3.500e+01 ; 8.800e+00 ; 6.000e-01 ; 6.1112002e+01 ; 1.0371411e+02 
3.500e+01 ; 8.800e+00 ; 6.000e-01 ; 6.1113002e+01 ; 1.0371433e+02 
3.500e+01 ; 8.800e+00 ; 6.000e-01 ; 6.1115002e+01 ; 1.0371476e+02 
3.500e+01 ; 8.800e+00 ; 6.000e-01 ; 6.1119002e+01 ; 1.0371562e+02 
3.500e+01 ; 8.800e+00 ; 6.000e-01 ; 6.1127002e+01 ; 1.0371732e+02 
3.500e+01 ; 8.800e+00 ; 6.000e-01 ; 6.1143002e+01 ; 1.0372068e+02 
3.500e+01 ; 8.800e+00 ; 6.000e-01 ; 6.1175002e+01 ; 1.0372718e+02 
3.500e+01 ; 8.800e+00 ; 6.000e-01 ; 6.1239002e+01 ; 1.0373935e+02 
3.500e+01 ; 8.800e+00 ; 6.000e-01 ; 6.1367002e+01 ; 1.0376044e+02 
3.500e+01 ; 8.800e+00 ; 6.000e-01 ; 6.1623002e+01 ; 1.0379057e+02 
3.500e+01 ; 8.800e+00 ; 6.000e-01 ; 6.2080002e+01 ; 1.0381113e+02 
3.500e+01 ; 8.800e+00 ; 6.000e-01 ; 6.2080002e+01 ; 1.0381113e+02 
3.500e+01 ; 8.800e+00 ; 6.000e-01 ; 6.2081002e+01 ; 1.0381118e+02 
3.500e+01 ; 8.800e+00 ; 6.000e-01 ; 6.2082002e+01 ; 1.0381123e+02 
3.500e+01 ; 8.800e+00 ; 6.000e-01 ; 6.2083002e+01 ; 1.0381127e+02 
3.500e+01 ; 8.800e+00 ; 6.000e-01 ; 6.2085002e+01 ; 1.0381136e+02 
3.500e+01 ; 8.800e+00 ; 6.000e-01 ; 6.2089002e+01 ; 1.0381153e+02 
3.500e+01 ; 8.800e+00 ; 6.000e-01 ; 6.2097002e+01 ; 1.0381187e+02 
3.500e+01 ; 8.800e+00 ; 6.000e-01 ; 6.2113002e+01 ; 1.0381251e+02 
3.500e+01 ; 8.800e+00 ; 6.000e-01 ; 6.2145002e+01 ; 1.0381362e+02 
3.500e+01 ; 8.800e+00 ; 6.000e-01 ; 6.2209002e+01 ; 1.0381522e+02 
3.500e+01 ; 8.800e+00 ; 6.000e-01 ; 6.2337002e+01 ; 1.0381606e+02 
3.500e+01 ; 8.800e+00 ; 6.000e-01 ; 6.2593002e+01 ; 1.0380905e+02 
3.500e+01 ; 8.800e+00 ; 6.000e-01 ; 6.3050002e+01 ; 1.0377354e+02 
3.500e+01 ; 8.800e+00 ; 6.000e-01 ; 6.3050002e+01 ; 1.0377354e+02 
3.500e+01 ; 8.800e+00 ; 6.000e-01 ; 6.3051002e+01 ; 1.0377346e+02 
3.500e+01 ; 8.800e+00 ; 6.000e-01 ; 6.3052002e+01 ; 1.0377338e+02 
3.500e+01 ; 8.800e+00 ; 6.000e-01 ; 6.3053002e+01 ; 1.0377330e+02 
3.500e+01 ; 8.800e+00 ; 6.000e-01 ; 6.3055002e+01 ; 1.0377315e+02 
3.500e+01 ; 8.800e+00 ; 6.000e-01 ; 6.3059002e+01 ; 1.0377283e+02 
3.500e+01 ; 8.800e+00 ; 6.000e-01 ; 6.3067002e+01 ; 1.0377219e+02 
3.500e+01 ; 8.800e+00 ; 6.000e-01 ; 6.3083002e+01 ; 1.0377089e+02 
3.500e+01 ; 8.800e+00 ; 6.000e-01 ; 6.3115002e+01 ; 1.0376818e+02 
3.500e+01 ; 8.800e+00 ; 6.000e-01 ; 6.3179002e+01 ; 1.0376233e+02 
3.500e+01 ; 8.800e+00 ; 6.000e-01 ; 6.3307002e+01 ; 1.0374902e+02 
3.500e+01 ; 8.800e+00 ; 6.000e-01 ; 6.3563002e+01 ; 1.0371663e+02 
3.500e+01 ; 8.800e+00 ; 6.000e-01 ; 6.4020002e+01 ; 1.0364404e+02 
3.500e+01 ; 8.800e+00 ; 6.000e-01 ; 6.4020002e+01 ; 1.0364404e+02 
3.500e+01 ; 8.800e+00 ; 6.000e-01 ; 6.4021002e+01 ; 1.0364388e+02 
3.500e+01 ; 8.800e+00 ; 6.000e-01 ; 6.4022002e+01 ; 1.0364371e+02 
3.500e+01 ; 8.800e+00 ; 6.000e-01 ; 6.4023002e+01 ; 1.0364356e+02 
3.500e+01 ; 8.800e+00 ; 6.000e-01 ; 6.4025002e+01 ; 1.0364324e+02 
3.500e+01 ; 8.800e+00 ; 6.000e-01 ; 6.4029002e+01 ; 1.0364260e+02 
3.500e+01 ; 8.800e+00 ; 6.000e-01 ; 6.4037002e+01 ; 1.0364132e+02 
3.500e+01 ; 8.800e+00 ; 6.000e-01 ; 6.4053002e+01 ; 1.0363874e+02 
3.500e+01 ; 8.800e+00 ; 6.000e-01 ; 6.4085002e+01 ; 1.0363351e+02 
3.500e+01 ; 8.800e+00 ; 6.000e-01 ; 6.4149002e+01 ; 1.0362279e+02 
3.500e+01 ; 8.800e+00 ; 6.000e-01 ; 6.4277002e+01 ; 1.0360033e+02 
3.500e+01 ; 8.800e+00 ; 6.000e-01 ; 6.4533002e+01 ; 1.0355187e+02 
3.500e+01 ; 8.800e+00 ; 6.000e-01 ; 6.4990002e+01 ; 1.0345670e+02 
3.500e+01 ; 8.800e+00 ; 6.000e-01 ; 6.4990002e+01 ; 1.0345670e+02 
3.500e+01 ; 8.800e+00 ; 6.000e-01 ; 6.4991002e+01 ; 1.0345649e+02 
3.500e+01 ; 8.800e+00 ; 6.000e-01 ; 6.4992002e+01 ; 1.0345628e+02 
3.500e+01 ; 8.800e+00 ; 6.000e-01 ; 6.4993002e+01 ; 1.0345607e+02 
3.500e+01 ; 8.800e+00 ; 6.000e-01 ; 6.4995002e+01 ; 1.0345565e+02 
3.500e+01 ; 8.800e+00 ; 6.000e-01 ; 6.4999002e+01 ; 1.0345482e+02 
3.500e+01 ; 8.800e+00 ; 6.000e-01 ; 6.5007002e+01 ; 1.0345315e+02 
3.500e+01 ; 8.800e+00 ; 6.000e-01 ; 6.5023002e+01 ; 1.0344979e+02 
3.500e+01 ; 8.800e+00 ; 6.000e-01 ; 6.5055002e+01 ; 1.0344305e+02 
3.500e+01 ; 8.800e+00 ; 6.000e-01 ; 6.5119002e+01 ; 1.0342939e+02 
3.500e+01 ; 8.800e+00 ; 6.000e-01 ; 6.5247002e+01 ; 1.0340150e+02 
3.500e+01 ; 8.800e+00 ; 6.000e-01 ; 6.5503002e+01 ; 1.0334382e+02 
3.500e+01 ; 8.800e+00 ; 6.000e-01 ; 6.5960002e+01 ; 1.0323648e+02 
3.500e+01 ; 8.800e+00 ; 6.000e-01 ; 6.5960002e+01 ; 1.0323648e+02 
3.500e+01 ; 8.800e+00 ; 6.000e-01 ; 6.5961002e+01 ; 1.0323624e+02 
3.500e+01 ; 8.800e+00 ; 6.000e-01 ; 6.5962002e+01 ; 1.0323602e+02 
3.500e+01 ; 8.800e+00 ; 6.000e-01 ; 6.5963002e+01 ; 1.0323578e+02 
3.500e+01 ; 8.800e+00 ; 6.000e-01 ; 6.5965002e+01 ; 1.0323531e+02 
3.500e+01 ; 8.800e+00 ; 6.000e-01 ; 6.5969002e+01 ; 1.0323437e+02 
3.500e+01 ; 8.800e+00 ; 6.000e-01 ; 6.5977002e+01 ; 1.0323248e+02 
3.500e+01 ; 8.800e+00 ; 6.000e-01 ; 6.5993002e+01 ; 1.0322871e+02 
3.500e+01 ; 8.800e+00 ; 6.000e-01 ; 6.6025002e+01 ; 1.0322116e+02 
3.500e+01 ; 8.800e+00 ; 6.000e-01 ; 6.6089002e+01 ; 1.0320597e+02 
3.500e+01 ; 8.800e+00 ; 6.000e-01 ; 6.6217002e+01 ; 1.0317532e+02 
3.500e+01 ; 8.800e+00 ; 6.000e-01 ; 6.6473002e+01 ; 1.0311327e+02 
3.500e+01 ; 8.800e+00 ; 6.000e-01 ; 6.6930002e+01 ; 1.0300149e+02 
3.500e+01 ; 8.800e+00 ; 6.000e-01 ; 6.6930002e+01 ; 1.0300149e+02 
3.500e+01 ; 8.800e+00 ; 6.000e-01 ; 6.6931002e+01 ; 1.0300124e+02 
3.500e+01 ; 8.800e+00 ; 6.000e-01 ; 6.6932002e+01 ; 1.0300100e+02 
3.500e+01 ; 8.800e+00 ; 6.000e-01 ; 6.6933002e+01 ; 1.0300076e+02 
3.500e+01 ; 8.800e+00 ; 6.000e-01 ; 6.6935002e+01 ; 1.0300027e+02 
3.500e+01 ; 8.800e+00 ; 6.000e-01 ; 6.6939002e+01 ; 1.0299929e+02 
3.500e+01 ; 8.800e+00 ; 6.000e-01 ; 6.6947002e+01 ; 1.0299733e+02 
3.500e+01 ; 8.800e+00 ; 6.000e-01 ; 6.6963002e+01 ; 1.0299342e+02 
3.500e+01 ; 8.800e+00 ; 6.000e-01 ; 6.6995002e+01 ; 1.0298558e+02 
3.500e+01 ; 8.800e+00 ; 6.000e-01 ; 6.7059002e+01 ; 1.0296990e+02 
3.500e+01 ; 8.800e+00 ; 6.000e-01 ; 6.7187002e+01 ; 1.0293854e+02 
3.500e+01 ; 8.800e+00 ; 6.000e-01 ; 6.7443002e+01 ; 1.0287617e+02 
3.500e+01 ; 8.800e+00 ; 6.000e-01 ; 6.7900002e+01 ; 1.0276811e+02 
3.500e+01 ; 8.800e+00 ; 6.000e-01 ; 6.7900002e+01 ; 1.0276811e+02 
3.500e+01 ; 8.800e+00 ; 6.000e-01 ; 6.7901002e+01 ; 1.0276788e+02 
3.500e+01 ; 8.800e+00 ; 6.000e-01 ; 6.7902002e+01 ; 1.0276764e+02 
3.500e+01 ; 8.800e+00 ; 6.000e-01 ; 6.7903002e+01 ; 1.0276740e+02 
3.500e+01 ; 8.800e+00 ; 6.000e-01 ; 6.7905002e+01 ; 1.0276693e+02 
3.500e+01 ; 8.800e+00 ; 6.000e-01 ; 6.7909002e+01 ; 1.0276598e+02 
3.500e+01 ; 8.800e+00 ; 6.000e-01 ; 6.7917002e+01 ; 1.0276410e+02 
3.500e+01 ; 8.800e+00 ; 6.000e-01 ; 6.7933002e+01 ; 1.0276032e+02 
3.500e+01 ; 8.800e+00 ; 6.000e-01 ; 6.7965002e+01 ; 1.0275279e+02 
3.500e+01 ; 8.800e+00 ; 6.000e-01 ; 6.8029002e+01 ; 1.0273780e+02 
3.500e+01 ; 8.800e+00 ; 6.000e-01 ; 6.8157002e+01 ; 1.0270821e+02 
3.500e+01 ; 8.800e+00 ; 6.000e-01 ; 6.8413002e+01 ; 1.0265125e+02 
3.500e+01 ; 8.800e+00 ; 6.000e-01 ; 6.8870002e+01 ; 1.0256036e+02 
3.500e+01 ; 8.800e+00 ; 6.000e-01 ; 6.8870002e+01 ; 1.0256036e+02 
3.500e+01 ; 8.800e+00 ; 6.000e-01 ; 6.8871002e+01 ; 1.0256017e+02 
3.500e+01 ; 8.800e+00 ; 6.000e-01 ; 6.8872002e+01 ; 1.0255997e+02 
3.500e+01 ; 8.800e+00 ; 6.000e-01 ; 6.8873002e+01 ; 1.0255977e+02 
3.500e+01 ; 8.800e+00 ; 6.000e-01 ; 6.8875002e+01 ; 1.0255937e+02 
3.500e+01 ; 8.800e+00 ; 6.000e-01 ; 6.8879002e+01 ; 1.0255858e+02 
3.500e+01 ; 8.800e+00 ; 6.000e-01 ; 6.8887002e+01 ; 1.0255699e+02 
3.500e+01 ; 8.800e+00 ; 6.000e-01 ; 6.8903002e+01 ; 1.0255384e+02 
3.500e+01 ; 8.800e+00 ; 6.000e-01 ; 6.8935002e+01 ; 1.0254758e+02 
3.500e+01 ; 8.800e+00 ; 6.000e-01 ; 6.8999002e+01 ; 1.0253532e+02 
3.500e+01 ; 8.800e+00 ; 6.000e-01 ; 6.9127002e+01 ; 1.0251183e+02 
3.500e+01 ; 8.800e+00 ; 6.000e-01 ; 6.9383002e+01 ; 1.0247008e+02 
3.500e+01 ; 8.800e+00 ; 6.000e-01 ; 6.9840002e+01 ; 1.0241675e+02 
3.500e+01 ; 8.800e+00 ; 6.000e-01 ; 6.9840002e+01 ; 1.0241675e+02 
3.500e+01 ; 8.800e+00 ; 6.000e-01 ; 6.9841002e+01 ; 1.0241663e+02 
3.500e+01 ; 8.800e+00 ; 6.000e-01 ; 6.9842002e+01 ; 1.0241651e+02 
3.500e+01 ; 8.800e+00 ; 6.000e-01 ; 6.9843002e+01 ; 1.0241640e+02 
3.500e+01 ; 8.800e+00 ; 6.000e-01 ; 6.9845002e+01 ; 1.0241617e+02 
3.500e+01 ; 8.800e+00 ; 6.000e-01 ; 6.9849002e+01 ; 1.0241570e+02 
3.500e+01 ; 8.800e+00 ; 6.000e-01 ; 6.9857002e+01 ; 1.0241478e+02 
3.500e+01 ; 8.800e+00 ; 6.000e-01 ; 6.9873002e+01 ; 1.0241297e+02 
3.500e+01 ; 8.800e+00 ; 6.000e-01 ; 6.9905002e+01 ; 1.0240945e+02 
3.500e+01 ; 8.800e+00 ; 6.000e-01 ; 6.9969002e+01 ; 1.0240285e+02 
3.500e+01 ; 8.800e+00 ; 6.000e-01 ; 7.0097002e+01 ; 1.0239156e+02 
3.500e+01 ; 8.800e+00 ; 6.000e-01 ; 7.0353002e+01 ; 1.0237733e+02 
3.500e+01 ; 8.800e+00 ; 6.000e-01 ; 7.0810002e+01 ; 1.0238117e+02 
3.500e+01 ; 8.800e+00 ; 6.000e-01 ; 7.0810002e+01 ; 1.0238117e+02 
3.500e+01 ; 8.800e+00 ; 6.000e-01 ; 7.0811002e+01 ; 1.0238118e+02 
3.500e+01 ; 8.800e+00 ; 6.000e-01 ; 7.0812002e+01 ; 1.0238119e+02 
3.500e+01 ; 8.800e+00 ; 6.000e-01 ; 7.0813002e+01 ; 1.0238120e+02 
3.500e+01 ; 8.800e+00 ; 6.000e-01 ; 7.0815002e+01 ; 1.0238122e+02 
3.500e+01 ; 8.800e+00 ; 6.000e-01 ; 7.0819002e+01 ; 1.0238126e+02 
3.500e+01 ; 8.800e+00 ; 6.000e-01 ; 7.0827002e+01 ; 1.0238134e+02 
3.500e+01 ; 8.800e+00 ; 6.000e-01 ; 7.0843002e+01 ; 1.0238155e+02 
3.500e+01 ; 8.800e+00 ; 6.000e-01 ; 7.0875002e+01 ; 1.0238211e+02 
3.500e+01 ; 8.800e+00 ; 6.000e-01 ; 7.0939002e+01 ; 1.0238383e+02 
3.500e+01 ; 8.800e+00 ; 6.000e-01 ; 7.1067002e+01 ; 1.0238963e+02 
3.500e+01 ; 8.800e+00 ; 6.000e-01 ; 7.1323002e+01 ; 1.0241090e+02 
3.500e+01 ; 8.800e+00 ; 6.000e-01 ; 7.1780002e+01 ; 1.0247777e+02 
3.500e+01 ; 8.800e+00 ; 6.000e-01 ; 7.1780002e+01 ; 1.0247777e+02 
3.500e+01 ; 8.800e+00 ; 6.000e-01 ; 7.1781002e+01 ; 1.0247791e+02 
3.500e+01 ; 8.800e+00 ; 6.000e-01 ; 7.1782002e+01 ; 1.0247806e+02 
3.500e+01 ; 8.800e+00 ; 6.000e-01 ; 7.1783002e+01 ; 1.0247820e+02 
3.500e+01 ; 8.800e+00 ; 6.000e-01 ; 7.1785002e+01 ; 1.0247850e+02 
3.500e+01 ; 8.800e+00 ; 6.000e-01 ; 7.1789002e+01 ; 1.0247909e+02 
3.500e+01 ; 8.800e+00 ; 6.000e-01 ; 7.1797002e+01 ; 1.0248028e+02 
3.500e+01 ; 8.800e+00 ; 6.000e-01 ; 7.1813002e+01 ; 1.0248269e+02 
3.500e+01 ; 8.800e+00 ; 6.000e-01 ; 7.1845002e+01 ; 1.0248766e+02 
3.500e+01 ; 8.800e+00 ; 6.000e-01 ; 7.1909002e+01 ; 1.0249815e+02 
3.500e+01 ; 8.800e+00 ; 6.000e-01 ; 7.2037002e+01 ; 1.0252128e+02 
3.500e+01 ; 8.800e+00 ; 6.000e-01 ; 7.2293002e+01 ; 1.0257542e+02 
3.500e+01 ; 8.800e+00 ; 6.000e-01 ; 7.2750002e+01 ; 1.0269175e+02 
3.500e+01 ; 8.800e+00 ; 6.000e-01 ; 7.2750002e+01 ; 1.0269175e+02 
3.500e+01 ; 8.800e+00 ; 6.000e-01 ; 7.2751002e+01 ; 1.0269200e+02 
3.500e+01 ; 8.800e+00 ; 6.000e-01 ; 7.2752002e+01 ; 1.0269225e+02 
3.500e+01 ; 8.800e+00 ; 6.000e-01 ; 7.2753002e+01 ; 1.0269251e+02 
3.500e+01 ; 8.800e+00 ; 6.000e-01 ; 7.2755002e+01 ; 1.0269302e+02 
3.500e+01 ; 8.800e+00 ; 6.000e-01 ; 7.2759002e+01 ; 1.0269405e+02 
3.500e+01 ; 8.800e+00 ; 6.000e-01 ; 7.2767002e+01 ; 1.0269609e+02 
3.500e+01 ; 8.800e+00 ; 6.000e-01 ; 7.2783002e+01 ; 1.0270021e+02 
3.500e+01 ; 8.800e+00 ; 6.000e-01 ; 7.2815002e+01 ; 1.0270855e+02 
3.500e+01 ; 8.800e+00 ; 6.000e-01 ; 7.2879002e+01 ; 1.0272558e+02 
3.500e+01 ; 8.800e+00 ; 6.000e-01 ; 7.3007002e+01 ; 1.0276092e+02 
3.500e+01 ; 8.800e+00 ; 6.000e-01 ; 7.3263002e+01 ; 1.0283562e+02 
3.500e+01 ; 8.800e+00 ; 6.000e-01 ; 7.3720002e+01 ; 1.0297570e+02 
3.500e+01 ; 8.800e+00 ; 6.000e-01 ; 7.3720002e+01 ; 1.0297570e+02 
3.500e+01 ; 8.800e+00 ; 6.000e-01 ; 7.3721002e+01 ; 1.0297601e+02 
3.500e+01 ; 8.800e+00 ; 6.000e-01 ; 7.3722002e+01 ; 1.0297632e+02 
3.500e+01 ; 8.800e+00 ; 6.000e-01 ; 7.3723002e+01 ; 1.0297662e+02 
3.500e+01 ; 8.800e+00 ; 6.000e-01 ; 7.3725002e+01 ; 1.0297723e+02 
3.500e+01 ; 8.800e+00 ; 6.000e-01 ; 7.3729002e+01 ; 1.0297846e+02 
3.500e+01 ; 8.800e+00 ; 6.000e-01 ; 7.3737002e+01 ; 1.0298092e+02 
3.500e+01 ; 8.800e+00 ; 6.000e-01 ; 7.3753002e+01 ; 1.0298584e+02 
3.500e+01 ; 8.800e+00 ; 6.000e-01 ; 7.3785002e+01 ; 1.0299570e+02 
3.500e+01 ; 8.800e+00 ; 6.000e-01 ; 7.3849002e+01 ; 1.0301554e+02 
3.500e+01 ; 8.800e+00 ; 6.000e-01 ; 7.3977002e+01 ; 1.0305547e+02 
3.500e+01 ; 8.800e+00 ; 6.000e-01 ; 7.4233002e+01 ; 1.0313540e+02 
3.500e+01 ; 8.800e+00 ; 6.000e-01 ; 7.4690002e+01 ; 1.0327361e+02 
3.500e+01 ; 8.800e+00 ; 6.000e-01 ; 7.4690002e+01 ; 1.0327361e+02 
3.500e+01 ; 8.800e+00 ; 6.000e-01 ; 7.4691002e+01 ; 1.0327391e+02 
3.500e+01 ; 8.800e+00 ; 6.000e-01 ; 7.4692002e+01 ; 1.0327422e+02 
3.500e+01 ; 8.800e+00 ; 6.000e-01 ; 7.4693002e+01 ; 1.0327452e+02 
3.500e+01 ; 8.800e+00 ; 6.000e-01 ; 7.4695002e+01 ; 1.0327512e+02 
3.500e+01 ; 8.800e+00 ; 6.000e-01 ; 7.4699002e+01 ; 1.0327633e+02 
3.500e+01 ; 8.800e+00 ; 6.000e-01 ; 7.4707002e+01 ; 1.0327875e+02 
3.500e+01 ; 8.800e+00 ; 6.000e-01 ; 7.4723002e+01 ; 1.0328358e+02 
3.500e+01 ; 8.800e+00 ; 6.000e-01 ; 7.4755002e+01 ; 1.0329321e+02 
3.500e+01 ; 8.800e+00 ; 6.000e-01 ; 7.4819002e+01 ; 1.0331236e+02 
3.500e+01 ; 8.800e+00 ; 6.000e-01 ; 7.4947002e+01 ; 1.0335011e+02 
3.500e+01 ; 8.800e+00 ; 6.000e-01 ; 7.5203002e+01 ; 1.0342285e+02 
3.500e+01 ; 8.800e+00 ; 6.000e-01 ; 7.5660002e+01 ; 1.0354136e+02 
3.500e+01 ; 8.800e+00 ; 6.000e-01 ; 7.5660002e+01 ; 1.0354136e+02 
3.500e+01 ; 8.800e+00 ; 6.000e-01 ; 7.5661002e+01 ; 1.0354162e+02 
3.500e+01 ; 8.800e+00 ; 6.000e-01 ; 7.5662002e+01 ; 1.0354188e+02 
3.500e+01 ; 8.800e+00 ; 6.000e-01 ; 7.5663002e+01 ; 1.0354214e+02 
3.500e+01 ; 8.800e+00 ; 6.000e-01 ; 7.5665002e+01 ; 1.0354266e+02 
3.500e+01 ; 8.800e+00 ; 6.000e-01 ; 7.5669002e+01 ; 1.0354369e+02 
3.500e+01 ; 8.800e+00 ; 6.000e-01 ; 7.5677002e+01 ; 1.0354576e+02 
3.500e+01 ; 8.800e+00 ; 6.000e-01 ; 7.5693002e+01 ; 1.0354988e+02 
3.500e+01 ; 8.800e+00 ; 6.000e-01 ; 7.5725002e+01 ; 1.0355806e+02 
3.500e+01 ; 8.800e+00 ; 6.000e-01 ; 7.5789002e+01 ; 1.0357420e+02 
3.500e+01 ; 8.800e+00 ; 6.000e-01 ; 7.5917002e+01 ; 1.0360547e+02 
3.500e+01 ; 8.800e+00 ; 6.000e-01 ; 7.6173002e+01 ; 1.0366381e+02 
3.500e+01 ; 8.800e+00 ; 6.000e-01 ; 7.6630002e+01 ; 1.0375377e+02 
3.500e+01 ; 8.800e+00 ; 6.000e-01 ; 7.6630002e+01 ; 1.0375377e+02 
3.500e+01 ; 8.800e+00 ; 6.000e-01 ; 7.6631002e+01 ; 1.0375396e+02 
3.500e+01 ; 8.800e+00 ; 6.000e-01 ; 7.6632002e+01 ; 1.0375416e+02 
3.500e+01 ; 8.800e+00 ; 6.000e-01 ; 7.6633002e+01 ; 1.0375436e+02 
3.500e+01 ; 8.800e+00 ; 6.000e-01 ; 7.6635002e+01 ; 1.0375475e+02 
3.500e+01 ; 8.800e+00 ; 6.000e-01 ; 7.6639002e+01 ; 1.0375553e+02 
3.500e+01 ; 8.800e+00 ; 6.000e-01 ; 7.6647002e+01 ; 1.0375710e+02 
3.500e+01 ; 8.800e+00 ; 6.000e-01 ; 7.6663002e+01 ; 1.0376022e+02 
3.500e+01 ; 8.800e+00 ; 6.000e-01 ; 7.6695002e+01 ; 1.0376637e+02 
3.500e+01 ; 8.800e+00 ; 6.000e-01 ; 7.6759002e+01 ; 1.0377840e+02 
3.500e+01 ; 8.800e+00 ; 6.000e-01 ; 7.6887002e+01 ; 1.0380132e+02 
3.500e+01 ; 8.800e+00 ; 6.000e-01 ; 7.7143002e+01 ; 1.0384260e+02 
3.500e+01 ; 8.800e+00 ; 6.000e-01 ; 7.7600002e+01 ; 1.0390201e+02 
3.500e+01 ; 8.800e+00 ; 6.000e-01 ; 7.7600002e+01 ; 1.0390201e+02 
3.500e+01 ; 8.800e+00 ; 6.000e-01 ; 7.7601002e+01 ; 1.0390214e+02 
3.500e+01 ; 8.800e+00 ; 6.000e-01 ; 7.7602002e+01 ; 1.0390227e+02 
3.500e+01 ; 8.800e+00 ; 6.000e-01 ; 7.7603002e+01 ; 1.0390240e+02 
3.500e+01 ; 8.800e+00 ; 6.000e-01 ; 7.7605002e+01 ; 1.0390266e+02 
3.500e+01 ; 8.800e+00 ; 6.000e-01 ; 7.7609002e+01 ; 1.0390317e+02 
3.500e+01 ; 8.800e+00 ; 6.000e-01 ; 7.7617002e+01 ; 1.0390421e+02 
3.500e+01 ; 8.800e+00 ; 6.000e-01 ; 7.7633002e+01 ; 1.0390624e+02 
3.500e+01 ; 8.800e+00 ; 6.000e-01 ; 7.7665002e+01 ; 1.0391026e+02 
3.500e+01 ; 8.800e+00 ; 6.000e-01 ; 7.7729002e+01 ; 1.0391802e+02 
3.500e+01 ; 8.800e+00 ; 6.000e-01 ; 7.7857002e+01 ; 1.0393243e+02 
3.500e+01 ; 8.800e+00 ; 6.000e-01 ; 7.8113002e+01 ; 1.0395698e+02 
3.500e+01 ; 8.800e+00 ; 6.000e-01 ; 7.8570002e+01 ; 1.0398797e+02 
3.500e+01 ; 8.800e+00 ; 6.000e-01 ; 7.8570002e+01 ; 1.0398797e+02 
3.500e+01 ; 8.800e+00 ; 6.000e-01 ; 7.8571002e+01 ; 1.0398804e+02 
3.500e+01 ; 8.800e+00 ; 6.000e-01 ; 7.8572002e+01 ; 1.0398811e+02 
3.500e+01 ; 8.800e+00 ; 6.000e-01 ; 7.8573002e+01 ; 1.0398817e+02 
3.500e+01 ; 8.800e+00 ; 6.000e-01 ; 7.8575002e+01 ; 1.0398830e+02 
3.500e+01 ; 8.800e+00 ; 6.000e-01 ; 7.8579002e+01 ; 1.0398857e+02 
3.500e+01 ; 8.800e+00 ; 6.000e-01 ; 7.8587002e+01 ; 1.0398911e+02 
3.500e+01 ; 8.800e+00 ; 6.000e-01 ; 7.8603002e+01 ; 1.0399017e+02 
3.500e+01 ; 8.800e+00 ; 6.000e-01 ; 7.8635002e+01 ; 1.0399220e+02 
3.500e+01 ; 8.800e+00 ; 6.000e-01 ; 7.8699002e+01 ; 1.0399605e+02 
3.500e+01 ; 8.800e+00 ; 6.000e-01 ; 7.8827002e+01 ; 1.0400276e+02 
3.500e+01 ; 8.800e+00 ; 6.000e-01 ; 7.9083002e+01 ; 1.0401250e+02 
3.500e+01 ; 8.800e+00 ; 6.000e-01 ; 7.9540002e+01 ; 1.0401918e+02 
3.500e+01 ; 8.800e+00 ; 6.000e-01 ; 7.9540002e+01 ; 1.0401918e+02 
3.500e+01 ; 8.800e+00 ; 6.000e-01 ; 7.9541002e+01 ; 1.0401920e+02 
3.500e+01 ; 8.800e+00 ; 6.000e-01 ; 7.9542002e+01 ; 1.0401921e+02 
3.500e+01 ; 8.800e+00 ; 6.000e-01 ; 7.9543002e+01 ; 1.0401923e+02 
3.500e+01 ; 8.800e+00 ; 6.000e-01 ; 7.9545002e+01 ; 1.0401925e+02 
3.500e+01 ; 8.800e+00 ; 6.000e-01 ; 7.9549002e+01 ; 1.0401931e+02 
3.500e+01 ; 8.800e+00 ; 6.000e-01 ; 7.9557002e+01 ; 1.0401942e+02 
3.500e+01 ; 8.800e+00 ; 6.000e-01 ; 7.9573002e+01 ; 1.0401962e+02 
3.500e+01 ; 8.800e+00 ; 6.000e-01 ; 7.9605002e+01 ; 1.0401999e+02 
3.500e+01 ; 8.800e+00 ; 6.000e-01 ; 7.9669002e+01 ; 1.0402051e+02 
3.500e+01 ; 8.800e+00 ; 6.000e-01 ; 7.9797002e+01 ; 1.0402075e+02 
3.500e+01 ; 8.800e+00 ; 6.000e-01 ; 8.0053002e+01 ; 1.0401826e+02 
3.500e+01 ; 8.800e+00 ; 6.000e-01 ; 8.0510002e+01 ; 1.0400533e+02 
3.500e+01 ; 8.800e+00 ; 6.000e-01 ; 8.0510002e+01 ; 1.0400533e+02 
3.500e+01 ; 8.800e+00 ; 6.000e-01 ; 8.0511002e+01 ; 1.0400529e+02 
3.500e+01 ; 8.800e+00 ; 6.000e-01 ; 8.0512002e+01 ; 1.0400526e+02 
3.500e+01 ; 8.800e+00 ; 6.000e-01 ; 8.0513002e+01 ; 1.0400523e+02 
3.500e+01 ; 8.800e+00 ; 6.000e-01 ; 8.0515002e+01 ; 1.0400518e+02 
3.500e+01 ; 8.800e+00 ; 6.000e-01 ; 8.0519002e+01 ; 1.0400507e+02 
3.500e+01 ; 8.800e+00 ; 6.000e-01 ; 8.0527002e+01 ; 1.0400483e+02 
3.500e+01 ; 8.800e+00 ; 6.000e-01 ; 8.0543002e+01 ; 1.0400436e+02 
3.500e+01 ; 8.800e+00 ; 6.000e-01 ; 8.0575002e+01 ; 1.0400337e+02 
3.500e+01 ; 8.800e+00 ; 6.000e-01 ; 8.0639002e+01 ; 1.0400123e+02 
3.500e+01 ; 8.800e+00 ; 6.000e-01 ; 8.0767002e+01 ; 1.0399634e+02 
3.500e+01 ; 8.800e+00 ; 6.000e-01 ; 8.1023002e+01 ; 1.0398425e+02 
3.500e+01 ; 8.800e+00 ; 6.000e-01 ; 8.1480002e+01 ; 1.0395638e+02 
3.500e+01 ; 8.800e+00 ; 6.000e-01 ; 8.1480002e+01 ; 1.0395638e+02 
3.500e+01 ; 8.800e+00 ; 6.000e-01 ; 8.1481002e+01 ; 1.0395632e+02 
3.500e+01 ; 8.800e+00 ; 6.000e-01 ; 8.1482002e+01 ; 1.0395626e+02 
3.500e+01 ; 8.800e+00 ; 6.000e-01 ; 8.1483002e+01 ; 1.0395620e+02 
3.500e+01 ; 8.800e+00 ; 6.000e-01 ; 8.1485002e+01 ; 1.0395608e+02 
3.500e+01 ; 8.800e+00 ; 6.000e-01 ; 8.1489002e+01 ; 1.0395583e+02 
3.500e+01 ; 8.800e+00 ; 6.000e-01 ; 8.1497002e+01 ; 1.0395534e+02 
3.500e+01 ; 8.800e+00 ; 6.000e-01 ; 8.1513002e+01 ; 1.0395435e+02 
3.500e+01 ; 8.800e+00 ; 6.000e-01 ; 8.1545002e+01 ; 1.0395233e+02 
3.500e+01 ; 8.800e+00 ; 6.000e-01 ; 8.1609002e+01 ; 1.0394819e+02 
3.500e+01 ; 8.800e+00 ; 6.000e-01 ; 8.1737002e+01 ; 1.0393945e+02 
3.500e+01 ; 8.800e+00 ; 6.000e-01 ; 8.1993002e+01 ; 1.0392039e+02 
3.500e+01 ; 8.800e+00 ; 6.000e-01 ; 8.2450002e+01 ; 1.0388239e+02 
3.500e+01 ; 8.800e+00 ; 6.000e-01 ; 8.2450002e+01 ; 1.0388239e+02 
3.500e+01 ; 8.800e+00 ; 6.000e-01 ; 8.2451002e+01 ; 1.0388231e+02 
3.500e+01 ; 8.800e+00 ; 6.000e-01 ; 8.2452002e+01 ; 1.0388223e+02 
3.500e+01 ; 8.800e+00 ; 6.000e-01 ; 8.2453002e+01 ; 1.0388214e+02 
3.500e+01 ; 8.800e+00 ; 6.000e-01 ; 8.2455002e+01 ; 1.0388197e+02 
3.500e+01 ; 8.800e+00 ; 6.000e-01 ; 8.2459002e+01 ; 1.0388165e+02 
3.500e+01 ; 8.800e+00 ; 6.000e-01 ; 8.2467002e+01 ; 1.0388097e+02 
3.500e+01 ; 8.800e+00 ; 6.000e-01 ; 8.2483002e+01 ; 1.0387964e+02 
3.500e+01 ; 8.800e+00 ; 6.000e-01 ; 8.2515002e+01 ; 1.0387694e+02 
3.500e+01 ; 8.800e+00 ; 6.000e-01 ; 8.2579002e+01 ; 1.0387147e+02 
3.500e+01 ; 8.800e+00 ; 6.000e-01 ; 8.2707002e+01 ; 1.0386028e+02 
3.500e+01 ; 8.800e+00 ; 6.000e-01 ; 8.2963002e+01 ; 1.0383710e+02 
3.500e+01 ; 8.800e+00 ; 6.000e-01 ; 8.3420002e+01 ; 1.0379473e+02 
3.500e+01 ; 8.800e+00 ; 6.000e-01 ; 8.3420002e+01 ; 1.0379473e+02 
3.500e+01 ; 8.800e+00 ; 6.000e-01 ; 8.3421002e+01 ; 1.0379464e+02 
3.500e+01 ; 8.800e+00 ; 6.000e-01 ; 8.3422002e+01 ; 1.0379455e+02 
3.500e+01 ; 8.800e+00 ; 6.000e-01 ; 8.3423002e+01 ; 1.0379445e+02 
3.500e+01 ; 8.800e+00 ; 6.000e-01 ; 8.3425002e+01 ; 1.0379427e+02 
3.500e+01 ; 8.800e+00 ; 6.000e-01 ; 8.3429002e+01 ; 1.0379390e+02 
3.500e+01 ; 8.800e+00 ; 6.000e-01 ; 8.3437002e+01 ; 1.0379315e+02 
3.500e+01 ; 8.800e+00 ; 6.000e-01 ; 8.3453002e+01 ; 1.0379166e+02 
3.500e+01 ; 8.800e+00 ; 6.000e-01 ; 8.3485002e+01 ; 1.0378870e+02 
3.500e+01 ; 8.800e+00 ; 6.000e-01 ; 8.3549002e+01 ; 1.0378273e+02 
3.500e+01 ; 8.800e+00 ; 6.000e-01 ; 8.3677002e+01 ; 1.0377080e+02 
3.500e+01 ; 8.800e+00 ; 6.000e-01 ; 8.3933002e+01 ; 1.0374722e+02 
3.500e+01 ; 8.800e+00 ; 6.000e-01 ; 8.4390002e+01 ; 1.0370792e+02 
3.500e+01 ; 8.800e+00 ; 6.000e-01 ; 8.4390002e+01 ; 1.0370792e+02 
3.500e+01 ; 8.800e+00 ; 6.000e-01 ; 8.4391002e+01 ; 1.0370784e+02 
3.500e+01 ; 8.800e+00 ; 6.000e-01 ; 8.4392002e+01 ; 1.0370776e+02 
3.500e+01 ; 8.800e+00 ; 6.000e-01 ; 8.4393002e+01 ; 1.0370767e+02 
3.500e+01 ; 8.800e+00 ; 6.000e-01 ; 8.4395002e+01 ; 1.0370750e+02 
3.500e+01 ; 8.800e+00 ; 6.000e-01 ; 8.4399002e+01 ; 1.0370715e+02 
3.500e+01 ; 8.800e+00 ; 6.000e-01 ; 8.4407002e+01 ; 1.0370647e+02 
3.500e+01 ; 8.800e+00 ; 6.000e-01 ; 8.4423002e+01 ; 1.0370510e+02 
3.500e+01 ; 8.800e+00 ; 6.000e-01 ; 8.4455002e+01 ; 1.0370238e+02 
3.500e+01 ; 8.800e+00 ; 6.000e-01 ; 8.4519002e+01 ; 1.0369700e+02 
3.500e+01 ; 8.800e+00 ; 6.000e-01 ; 8.4647002e+01 ; 1.0368655e+02 
3.500e+01 ; 8.800e+00 ; 6.000e-01 ; 8.4903003e+01 ; 1.0366723e+02 
3.500e+01 ; 8.800e+00 ; 6.000e-01 ; 8.5360003e+01 ; 1.0363965e+02 
3.500e+01 ; 8.800e+00 ; 6.000e-01 ; 8.5360003e+01 ; 1.0363965e+02 
3.500e+01 ; 8.800e+00 ; 6.000e-01 ; 8.5361003e+01 ; 1.0363959e+02 
3.500e+01 ; 8.800e+00 ; 6.000e-01 ; 8.5362003e+01 ; 1.0363953e+02 
3.500e+01 ; 8.800e+00 ; 6.000e-01 ; 8.5363003e+01 ; 1.0363947e+02 
3.500e+01 ; 8.800e+00 ; 6.000e-01 ; 8.5365003e+01 ; 1.0363934e+02 
3.500e+01 ; 8.800e+00 ; 6.000e-01 ; 8.5369003e+01 ; 1.0363911e+02 
3.500e+01 ; 8.800e+00 ; 6.000e-01 ; 8.5377003e+01 ; 1.0363863e+02 
3.500e+01 ; 8.800e+00 ; 6.000e-01 ; 8.5393003e+01 ; 1.0363768e+02 
3.500e+01 ; 8.800e+00 ; 6.000e-01 ; 8.5425003e+01 ; 1.0363582e+02 
3.500e+01 ; 8.800e+00 ; 6.000e-01 ; 8.5489003e+01 ; 1.0363224e+02 
3.500e+01 ; 8.800e+00 ; 6.000e-01 ; 8.5617003e+01 ; 1.0362571e+02 
3.500e+01 ; 8.800e+00 ; 6.000e-01 ; 8.5873003e+01 ; 1.0361541e+02 
3.500e+01 ; 8.800e+00 ; 6.000e-01 ; 8.6330003e+01 ; 1.0360701e+02 
3.500e+01 ; 8.800e+00 ; 6.000e-01 ; 8.6330003e+01 ; 1.0360701e+02 
3.500e+01 ; 8.800e+00 ; 6.000e-01 ; 8.6331003e+01 ; 1.0360699e+02 
3.500e+01 ; 8.800e+00 ; 6.000e-01 ; 8.6332003e+01 ; 1.0360697e+02 
3.500e+01 ; 8.800e+00 ; 6.000e-01 ; 8.6333003e+01 ; 1.0360696e+02 
3.500e+01 ; 8.800e+00 ; 6.000e-01 ; 8.6335003e+01 ; 1.0360692e+02 
3.500e+01 ; 8.800e+00 ; 6.000e-01 ; 8.6339003e+01 ; 1.0360684e+02 
3.500e+01 ; 8.800e+00 ; 6.000e-01 ; 8.6347003e+01 ; 1.0360670e+02 
3.500e+01 ; 8.800e+00 ; 6.000e-01 ; 8.6363003e+01 ; 1.0360644e+02 
3.500e+01 ; 8.800e+00 ; 6.000e-01 ; 8.6395003e+01 ; 1.0360595e+02 
3.500e+01 ; 8.800e+00 ; 6.000e-01 ; 8.6459003e+01 ; 1.0360517e+02 
3.500e+01 ; 8.800e+00 ; 6.000e-01 ; 8.6587003e+01 ; 1.0360445e+02 
3.500e+01 ; 8.800e+00 ; 6.000e-01 ; 8.6843003e+01 ; 1.0360640e+02 
3.500e+01 ; 8.800e+00 ; 6.000e-01 ; 8.7300003e+01 ; 1.0362070e+02 
3.500e+01 ; 8.800e+00 ; 6.000e-01 ; 8.7300003e+01 ; 1.0362070e+02 
3.500e+01 ; 8.800e+00 ; 6.000e-01 ; 8.7301003e+01 ; 1.0362074e+02 
3.500e+01 ; 8.800e+00 ; 6.000e-01 ; 8.7302003e+01 ; 1.0362077e+02 
3.500e+01 ; 8.800e+00 ; 6.000e-01 ; 8.7303003e+01 ; 1.0362080e+02 
3.500e+01 ; 8.800e+00 ; 6.000e-01 ; 8.7305003e+01 ; 1.0362086e+02 
3.500e+01 ; 8.800e+00 ; 6.000e-01 ; 8.7309003e+01 ; 1.0362099e+02 
3.500e+01 ; 8.800e+00 ; 6.000e-01 ; 8.7317003e+01 ; 1.0362125e+02 
3.500e+01 ; 8.800e+00 ; 6.000e-01 ; 8.7333003e+01 ; 1.0362178e+02 
3.500e+01 ; 8.800e+00 ; 6.000e-01 ; 8.7365003e+01 ; 1.0362289e+02 
3.500e+01 ; 8.800e+00 ; 6.000e-01 ; 8.7429003e+01 ; 1.0362531e+02 
3.500e+01 ; 8.800e+00 ; 6.000e-01 ; 8.7557003e+01 ; 1.0363101e+02 
3.500e+01 ; 8.800e+00 ; 6.000e-01 ; 8.7813003e+01 ; 1.0364565e+02 
3.500e+01 ; 8.800e+00 ; 6.000e-01 ; 8.8270003e+01 ; 1.0368101e+02 
3.500e+01 ; 8.800e+00 ; 6.000e-01 ; 8.8270003e+01 ; 1.0368101e+02 
3.500e+01 ; 8.800e+00 ; 6.000e-01 ; 8.8271003e+01 ; 1.0368108e+02 
3.500e+01 ; 8.800e+00 ; 6.000e-01 ; 8.8272003e+01 ; 1.0368116e+02 
3.500e+01 ; 8.800e+00 ; 6.000e-01 ; 8.8273003e+01 ; 1.0368124e+02 
3.500e+01 ; 8.800e+00 ; 6.000e-01 ; 8.8275003e+01 ; 1.0368140e+02 
3.500e+01 ; 8.800e+00 ; 6.000e-01 ; 8.8279003e+01 ; 1.0368171e+02 
3.500e+01 ; 8.800e+00 ; 6.000e-01 ; 8.8287003e+01 ; 1.0368233e+02 
3.500e+01 ; 8.800e+00 ; 6.000e-01 ; 8.8303003e+01 ; 1.0368359e+02 
3.500e+01 ; 8.800e+00 ; 6.000e-01 ; 8.8335003e+01 ; 1.0368616e+02 
3.500e+01 ; 8.800e+00 ; 6.000e-01 ; 8.8399003e+01 ; 1.0369147e+02 
3.500e+01 ; 8.800e+00 ; 6.000e-01 ; 8.8527003e+01 ; 1.0370275e+02 
3.500e+01 ; 8.800e+00 ; 6.000e-01 ; 8.8783003e+01 ; 1.0372775e+02 
3.500e+01 ; 8.800e+00 ; 6.000e-01 ; 8.9240003e+01 ; 1.0377840e+02 
3.500e+01 ; 8.800e+00 ; 6.000e-01 ; 8.9240003e+01 ; 1.0377840e+02 
3.500e+01 ; 8.800e+00 ; 6.000e-01 ; 8.9241003e+01 ; 1.0377851e+02 
3.500e+01 ; 8.800e+00 ; 6.000e-01 ; 8.9242003e+01 ; 1.0377862e+02 
3.500e+01 ; 8.800e+00 ; 6.000e-01 ; 8.9243003e+01 ; 1.0377873e+02 
3.500e+01 ; 8.800e+00 ; 6.000e-01 ; 8.9245003e+01 ; 1.0377895e+02 
3.500e+01 ; 8.800e+00 ; 6.000e-01 ; 8.9249003e+01 ; 1.0377940e+02 
3.500e+01 ; 8.800e+00 ; 6.000e-01 ; 8.9257003e+01 ; 1.0378029e+02 
3.500e+01 ; 8.800e+00 ; 6.000e-01 ; 8.9273003e+01 ; 1.0378207e+02 
3.500e+01 ; 8.800e+00 ; 6.000e-01 ; 8.9305003e+01 ; 1.0378568e+02 
3.500e+01 ; 8.800e+00 ; 6.000e-01 ; 8.9369003e+01 ; 1.0379300e+02 
3.500e+01 ; 8.800e+00 ; 6.000e-01 ; 8.9497003e+01 ; 1.0380804e+02 
3.500e+01 ; 8.800e+00 ; 6.000e-01 ; 8.9753003e+01 ; 1.0383941e+02 
3.500e+01 ; 8.800e+00 ; 6.000e-01 ; 9.0210003e+01 ; 1.0389780e+02 
3.500e+01 ; 8.800e+00 ; 6.000e-01 ; 9.0210003e+01 ; 1.0389780e+02 
3.500e+01 ; 8.800e+00 ; 6.000e-01 ; 9.0211003e+01 ; 1.0389793e+02 
3.500e+01 ; 8.800e+00 ; 6.000e-01 ; 9.0212003e+01 ; 1.0389806e+02 
3.500e+01 ; 8.800e+00 ; 6.000e-01 ; 9.0213003e+01 ; 1.0389819e+02 
3.500e+01 ; 8.800e+00 ; 6.000e-01 ; 9.0215003e+01 ; 1.0389845e+02 
3.500e+01 ; 8.800e+00 ; 6.000e-01 ; 9.0219003e+01 ; 1.0389896e+02 
3.500e+01 ; 8.800e+00 ; 6.000e-01 ; 9.0227003e+01 ; 1.0389998e+02 
3.500e+01 ; 8.800e+00 ; 6.000e-01 ; 9.0243003e+01 ; 1.0390203e+02 
3.500e+01 ; 8.800e+00 ; 6.000e-01 ; 9.0275003e+01 ; 1.0390614e+02 
3.500e+01 ; 8.800e+00 ; 6.000e-01 ; 9.0339003e+01 ; 1.0391441e+02 
3.500e+01 ; 8.800e+00 ; 6.000e-01 ; 9.0467003e+01 ; 1.0393104e+02 
3.500e+01 ; 8.800e+00 ; 6.000e-01 ; 9.0723003e+01 ; 1.0396450e+02 
3.500e+01 ; 8.800e+00 ; 6.000e-01 ; 9.1180003e+01 ; 1.0402345e+02 
3.500e+01 ; 8.800e+00 ; 6.000e-01 ; 9.1180003e+01 ; 1.0402345e+02 
3.500e+01 ; 8.800e+00 ; 6.000e-01 ; 9.1181003e+01 ; 1.0402358e+02 
3.500e+01 ; 8.800e+00 ; 6.000e-01 ; 9.1182003e+01 ; 1.0402371e+02 
3.500e+01 ; 8.800e+00 ; 6.000e-01 ; 9.1183003e+01 ; 1.0402384e+02 
3.500e+01 ; 8.800e+00 ; 6.000e-01 ; 9.1185003e+01 ; 1.0402410e+02 
3.500e+01 ; 8.800e+00 ; 6.000e-01 ; 9.1189003e+01 ; 1.0402462e+02 
3.500e+01 ; 8.800e+00 ; 6.000e-01 ; 9.1197003e+01 ; 1.0402565e+02 
3.500e+01 ; 8.800e+00 ; 6.000e-01 ; 9.1213003e+01 ; 1.0402771e+02 
3.500e+01 ; 8.800e+00 ; 6.000e-01 ; 9.1245003e+01 ; 1.0403183e+02 
3.500e+01 ; 8.800e+00 ; 6.000e-01 ; 9.1309003e+01 ; 1.0404005e+02 
3.500e+01 ; 8.800e+00 ; 6.000e-01 ; 9.1437003e+01 ; 1.0405636e+02 
3.500e+01 ; 8.800e+00 ; 6.000e-01 ; 9.1693003e+01 ; 1.0408829e+02 
3.500e+01 ; 8.800e+00 ; 6.000e-01 ; 9.2150003e+01 ; 1.0414222e+02 
3.500e+01 ; 8.800e+00 ; 6.000e-01 ; 9.2150003e+01 ; 1.0414222e+02 
3.500e+01 ; 8.800e+00 ; 6.000e-01 ; 9.2151003e+01 ; 1.0414234e+02 
3.500e+01 ; 8.800e+00 ; 6.000e-01 ; 9.2152003e+01 ; 1.0414246e+02 
3.500e+01 ; 8.800e+00 ; 6.000e-01 ; 9.2153003e+01 ; 1.0414258e+02 
3.500e+01 ; 8.800e+00 ; 6.000e-01 ; 9.2155003e+01 ; 1.0414281e+02 
3.500e+01 ; 8.800e+00 ; 6.000e-01 ; 9.2159003e+01 ; 1.0414328e+02 
3.500e+01 ; 8.800e+00 ; 6.000e-01 ; 9.2167003e+01 ; 1.0414423e+02 
3.500e+01 ; 8.800e+00 ; 6.000e-01 ; 9.2183003e+01 ; 1.0414610e+02 
3.500e+01 ; 8.800e+00 ; 6.000e-01 ; 9.2215003e+01 ; 1.0414985e+02 
3.500e+01 ; 8.800e+00 ; 6.000e-01 ; 9.2279003e+01 ; 1.0415727e+02 
3.500e+01 ; 8.800e+00 ; 6.000e-01 ; 9.2407003e+01 ; 1.0417184e+02 
3.500e+01 ; 8.800e+00 ; 6.000e-01 ; 9.2663003e+01 ; 1.0419971e+02 
3.500e+01 ; 8.800e+00 ; 6.000e-01 ; 9.3120003e+01 ; 1.0424499e+02 
3.500e+01 ; 8.800e+00 ; 6.000e-01 ; 9.3120003e+01 ; 1.0424499e+02 
3.500e+01 ; 8.800e+00 ; 6.000e-01 ; 9.3121003e+01 ; 1.0424509e+02 
3.500e+01 ; 8.800e+00 ; 6.000e-01 ; 9.3122003e+01 ; 1.0424519e+02 
3.500e+01 ; 8.800e+00 ; 6.000e-01 ; 9.3123003e+01 ; 1.0424529e+02 
3.500e+01 ; 8.800e+00 ; 6.000e-01 ; 9.3125003e+01 ; 1.0424548e+02 
3.500e+01 ; 8.800e+00 ; 6.000e-01 ; 9.3129003e+01 ; 1.0424587e+02 
3.500e+01 ; 8.800e+00 ; 6.000e-01 ; 9.3137003e+01 ; 1.0424667e+02 
3.500e+01 ; 8.800e+00 ; 6.000e-01 ; 9.3153003e+01 ; 1.0424824e+02 
3.500e+01 ; 8.800e+00 ; 6.000e-01 ; 9.3185003e+01 ; 1.0425137e+02 
3.500e+01 ; 8.800e+00 ; 6.000e-01 ; 9.3249003e+01 ; 1.0425752e+02 
3.500e+01 ; 8.800e+00 ; 6.000e-01 ; 9.3377003e+01 ; 1.0426946e+02 
3.500e+01 ; 8.800e+00 ; 6.000e-01 ; 9.3633003e+01 ; 1.0429181e+02 
3.500e+01 ; 8.800e+00 ; 6.000e-01 ; 9.4090003e+01 ; 1.0432657e+02 
3.500e+01 ; 8.800e+00 ; 6.000e-01 ; 9.4090003e+01 ; 1.0432657e+02 
3.500e+01 ; 8.800e+00 ; 6.000e-01 ; 9.4091003e+01 ; 1.0432664e+02 
3.500e+01 ; 8.800e+00 ; 6.000e-01 ; 9.4092003e+01 ; 1.0432672e+02 
3.500e+01 ; 8.800e+00 ; 6.000e-01 ; 9.4093003e+01 ; 1.0432680e+02 
3.500e+01 ; 8.800e+00 ; 6.000e-01 ; 9.4095003e+01 ; 1.0432695e+02 
3.500e+01 ; 8.800e+00 ; 6.000e-01 ; 9.4099003e+01 ; 1.0432725e+02 
3.500e+01 ; 8.800e+00 ; 6.000e-01 ; 9.4107003e+01 ; 1.0432786e+02 
3.500e+01 ; 8.800e+00 ; 6.000e-01 ; 9.4123003e+01 ; 1.0432906e+02 
3.500e+01 ; 8.800e+00 ; 6.000e-01 ; 9.4155003e+01 ; 1.0433144e+02 
3.500e+01 ; 8.800e+00 ; 6.000e-01 ; 9.4219003e+01 ; 1.0433611e+02 
3.500e+01 ; 8.800e+00 ; 6.000e-01 ; 9.4347003e+01 ; 1.0434502e+02 
3.500e+01 ; 8.800e+00 ; 6.000e-01 ; 9.4603003e+01 ; 1.0436123e+02 
3.500e+01 ; 8.800e+00 ; 6.000e-01 ; 9.5060003e+01 ; 1.0438497e+02 
3.500e+01 ; 8.800e+00 ; 6.000e-01 ; 9.5060003e+01 ; 1.0438497e+02 
3.500e+01 ; 8.800e+00 ; 6.000e-01 ; 9.5061003e+01 ; 1.0438503e+02 
3.500e+01 ; 8.800e+00 ; 6.000e-01 ; 9.5062003e+01 ; 1.0438508e+02 
3.500e+01 ; 8.800e+00 ; 6.000e-01 ; 9.5063003e+01 ; 1.0438513e+02 
3.500e+01 ; 8.800e+00 ; 6.000e-01 ; 9.5065003e+01 ; 1.0438523e+02 
3.500e+01 ; 8.800e+00 ; 6.000e-01 ; 9.5069003e+01 ; 1.0438544e+02 
3.500e+01 ; 8.800e+00 ; 6.000e-01 ; 9.5077003e+01 ; 1.0438585e+02 
3.500e+01 ; 8.800e+00 ; 6.000e-01 ; 9.5093003e+01 ; 1.0438667e+02 
3.500e+01 ; 8.800e+00 ; 6.000e-01 ; 9.5125003e+01 ; 1.0438828e+02 
3.500e+01 ; 8.800e+00 ; 6.000e-01 ; 9.5189003e+01 ; 1.0439140e+02 
3.500e+01 ; 8.800e+00 ; 6.000e-01 ; 9.5317003e+01 ; 1.0439724e+02 
3.500e+01 ; 8.800e+00 ; 6.000e-01 ; 9.5573003e+01 ; 1.0440733e+02 
3.500e+01 ; 8.800e+00 ; 6.000e-01 ; 9.6030003e+01 ; 1.0442050e+02 
3.500e+01 ; 8.800e+00 ; 6.000e-01 ; 9.6030003e+01 ; 1.0442050e+02 
3.500e+01 ; 8.800e+00 ; 6.000e-01 ; 9.6031003e+01 ; 1.0442052e+02 
3.500e+01 ; 8.800e+00 ; 6.000e-01 ; 9.6032003e+01 ; 1.0442056e+02 
3.500e+01 ; 8.800e+00 ; 6.000e-01 ; 9.6033003e+01 ; 1.0442059e+02 
3.500e+01 ; 8.800e+00 ; 6.000e-01 ; 9.6035003e+01 ; 1.0442065e+02 
3.500e+01 ; 8.800e+00 ; 6.000e-01 ; 9.6039003e+01 ; 1.0442076e+02 
3.500e+01 ; 8.800e+00 ; 6.000e-01 ; 9.6047003e+01 ; 1.0442098e+02 
3.500e+01 ; 8.800e+00 ; 6.000e-01 ; 9.6063003e+01 ; 1.0442143e+02 
3.500e+01 ; 8.800e+00 ; 6.000e-01 ; 9.6095003e+01 ; 1.0442231e+02 
3.500e+01 ; 8.800e+00 ; 6.000e-01 ; 9.6159003e+01 ; 1.0442396e+02 
3.500e+01 ; 8.800e+00 ; 6.000e-01 ; 9.6287003e+01 ; 1.0442690e+02 
3.500e+01 ; 8.800e+00 ; 6.000e-01 ; 9.6543003e+01 ; 1.0443134e+02 
3.500e+01 ; 8.800e+00 ; 6.000e-01 ; 9.7000003e+01 ; 1.0443504e+02 
3.500e+01 ; 8.800e+00 ; 6.000e-01 ; 9.7000003e+01 ; 1.0443504e+02 
3.500e+01 ; 8.800e+00 ; 6.000e-01 ; 9.7001003e+01 ; 1.0443504e+02 
3.500e+01 ; 8.800e+00 ; 6.000e-01 ; 9.7002003e+01 ; 1.0443505e+02 
3.500e+01 ; 8.800e+00 ; 6.000e-01 ; 9.7003003e+01 ; 1.0443506e+02 
3.500e+01 ; 8.800e+00 ; 6.000e-01 ; 9.7005003e+01 ; 1.0443507e+02 
3.500e+01 ; 8.800e+00 ; 6.000e-01 ; 9.7009003e+01 ; 1.0443510e+02 
3.500e+01 ; 8.800e+00 ; 6.000e-01 ; 9.7017003e+01 ; 1.0443517e+02 
3.500e+01 ; 8.800e+00 ; 6.000e-01 ; 9.7033003e+01 ; 1.0443529e+02 
3.500e+01 ; 8.800e+00 ; 6.000e-01 ; 9.7065003e+01 ; 1.0443550e+02 
3.500e+01 ; 8.800e+00 ; 6.000e-01 ; 9.7129003e+01 ; 1.0443585e+02 
3.500e+01 ; 8.800e+00 ; 6.000e-01 ; 9.7257003e+01 ; 1.0443624e+02 
3.500e+01 ; 8.800e+00 ; 6.000e-01 ; 9.7513003e+01 ; 1.0443581e+02 
3.500e+01 ; 8.800e+00 ; 6.000e-01 ; 9.7970003e+01 ; 1.0443169e+02 
3.500e+01 ; 8.800e+00 ; 6.000e-01 ; 9.7970003e+01 ; 1.0443169e+02 
3.500e+01 ; 8.800e+00 ; 6.000e-01 ; 9.7971003e+01 ; 1.0443169e+02 
3.500e+01 ; 8.800e+00 ; 6.000e-01 ; 9.7972003e+01 ; 1.0443167e+02 
3.500e+01 ; 8.800e+00 ; 6.000e-01 ; 9.7973003e+01 ; 1.0443166e+02 
3.500e+01 ; 8.800e+00 ; 6.000e-01 ; 9.7975003e+01 ; 1.0443165e+02 
3.500e+01 ; 8.800e+00 ; 6.000e-01 ; 9.7979003e+01 ; 1.0443161e+02 
3.500e+01 ; 8.800e+00 ; 6.000e-01 ; 9.7987003e+01 ; 1.0443153e+02 
3.500e+01 ; 8.800e+00 ; 6.000e-01 ; 9.8003003e+01 ; 1.0443138e+02 
3.500e+01 ; 8.800e+00 ; 6.000e-01 ; 9.8035003e+01 ; 1.0443106e+02 
3.500e+01 ; 8.800e+00 ; 6.000e-01 ; 9.8099003e+01 ; 1.0443035e+02 
3.500e+01 ; 8.800e+00 ; 6.000e-01 ; 9.8227003e+01 ; 1.0442870e+02 
3.500e+01 ; 8.800e+00 ; 6.000e-01 ; 9.8483003e+01 ; 1.0442450e+02 
3.500e+01 ; 8.800e+00 ; 6.000e-01 ; 9.8940003e+01 ; 1.0441476e+02 
3.500e+01 ; 8.800e+00 ; 6.000e-01 ; 9.8940003e+01 ; 1.0441476e+02 
3.500e+01 ; 8.800e+00 ; 6.000e-01 ; 9.8941003e+01 ; 1.0441475e+02 
3.500e+01 ; 8.800e+00 ; 6.000e-01 ; 9.8942003e+01 ; 1.0441473e+02 
3.500e+01 ; 8.800e+00 ; 6.000e-01 ; 9.8943003e+01 ; 1.0441470e+02 
3.500e+01 ; 8.800e+00 ; 6.000e-01 ; 9.8945003e+01 ; 1.0441466e+02 
3.500e+01 ; 8.800e+00 ; 6.000e-01 ; 9.8949003e+01 ; 1.0441457e+02 
3.500e+01 ; 8.800e+00 ; 6.000e-01 ; 9.8957003e+01 ; 1.0441441e+02 
3.500e+01 ; 8.800e+00 ; 6.000e-01 ; 9.8973003e+01 ; 1.0441405e+02 
3.500e+01 ; 8.800e+00 ; 6.000e-01 ; 9.9005003e+01 ; 1.0441335e+02 
3.500e+01 ; 8.800e+00 ; 6.000e-01 ; 9.9069003e+01 ; 1.0441190e+02 
3.500e+01 ; 8.800e+00 ; 6.000e-01 ; 9.9197003e+01 ; 1.0440886e+02 
3.500e+01 ; 8.800e+00 ; 6.000e-01 ; 9.9453003e+01 ; 1.0440228e+02 
3.500e+01 ; 8.800e+00 ; 6.000e-01 ; 9.9910003e+01 ; 1.0438962e+02 
3.500e+01 ; 8.800e+00 ; 6.000e-01 ; 9.9910003e+01 ; 1.0438962e+02 
3.500e+01 ; 8.800e+00 ; 6.000e-01 ; 9.9911003e+01 ; 1.0438960e+02 
3.500e+01 ; 8.800e+00 ; 6.000e-01 ; 9.9912003e+01 ; 1.0438956e+02 
3.500e+01 ; 8.800e+00 ; 6.000e-01 ; 9.9913003e+01 ; 1.0438953e+02 
3.500e+01 ; 8.800e+00 ; 6.000e-01 ; 9.9915003e+01 ; 1.0438948e+02 
3.500e+01 ; 8.800e+00 ; 6.000e-01 ; 9.9919003e+01 ; 1.0438937e+02 
3.500e+01 ; 8.800e+00 ; 6.000e-01 ; 9.9927003e+01 ; 1.0438914e+02 
3.500e+01 ; 8.800e+00 ; 6.000e-01 ; 9.9943003e+01 ; 1.0438870e+02 
3.500e+01 ; 8.800e+00 ; 6.000e-01 ; 9.9975003e+01 ; 1.0438781e+02 
3.500e+01 ; 8.800e+00 ; 6.000e-01 ; 1.0003900e+02 ; 1.0438600e+02 
3.500e+01 ; 8.800e+00 ; 6.000e-01 ; 1.0016700e+02 ; 1.0438235e+02 
3.500e+01 ; 8.800e+00 ; 6.000e-01 ; 1.0042300e+02 ; 1.0437497e+02 
3.500e+01 ; 8.800e+00 ; 6.000e-01 ; 1.0088000e+02 ; 1.0436215e+02 
3.500e+01 ; 8.800e+00 ; 6.000e-01 ; 1.0088000e+02 ; 1.0436215e+02 
3.500e+01 ; 8.800e+00 ; 6.000e-01 ; 1.0088100e+02 ; 1.0436212e+02 
3.500e+01 ; 8.800e+00 ; 6.000e-01 ; 1.0088200e+02 ; 1.0436210e+02 
3.500e+01 ; 8.800e+00 ; 6.000e-01 ; 1.0088300e+02 ; 1.0436207e+02 
3.500e+01 ; 8.800e+00 ; 6.000e-01 ; 1.0088500e+02 ; 1.0436201e+02 
3.500e+01 ; 8.800e+00 ; 6.000e-01 ; 1.0088900e+02 ; 1.0436190e+02 
3.500e+01 ; 8.800e+00 ; 6.000e-01 ; 1.0089700e+02 ; 1.0436168e+02 
3.500e+01 ; 8.800e+00 ; 6.000e-01 ; 1.0091300e+02 ; 1.0436123e+02 
3.500e+01 ; 8.800e+00 ; 6.000e-01 ; 1.0094500e+02 ; 1.0436034e+02 
3.500e+01 ; 8.800e+00 ; 6.000e-01 ; 1.0100900e+02 ; 1.0435856e+02 
3.500e+01 ; 8.800e+00 ; 6.000e-01 ; 1.0113700e+02 ; 1.0435506e+02 
3.500e+01 ; 8.800e+00 ; 6.000e-01 ; 1.0139300e+02 ; 1.0434836e+02 
3.500e+01 ; 8.800e+00 ; 6.000e-01 ; 1.0185000e+02 ; 1.0433772e+02 
3.500e+01 ; 8.800e+00 ; 6.000e-01 ; 1.0185000e+02 ; 1.0433772e+02 
3.500e+01 ; 8.800e+00 ; 6.000e-01 ; 1.0185100e+02 ; 1.0433769e+02 
3.500e+01 ; 8.800e+00 ; 6.000e-01 ; 1.0185200e+02 ; 1.0433766e+02 
3.500e+01 ; 8.800e+00 ; 6.000e-01 ; 1.0185300e+02 ; 1.0433764e+02 
3.500e+01 ; 8.800e+00 ; 6.000e-01 ; 1.0185500e+02 ; 1.0433759e+02 
3.500e+01 ; 8.800e+00 ; 6.000e-01 ; 1.0185900e+02 ; 1.0433750e+02 
3.500e+01 ; 8.800e+00 ; 6.000e-01 ; 1.0186700e+02 ; 1.0433732e+02 
3.500e+01 ; 8.800e+00 ; 6.000e-01 ; 1.0188300e+02 ; 1.0433694e+02 
3.500e+01 ; 8.800e+00 ; 6.000e-01 ; 1.0191500e+02 ; 1.0433621e+02 
3.500e+01 ; 8.800e+00 ; 6.000e-01 ; 1.0197900e+02 ; 1.0433478e+02 
3.500e+01 ; 8.800e+00 ; 6.000e-01 ; 1.0210700e+02 ; 1.0433202e+02 
3.500e+01 ; 8.800e+00 ; 6.000e-01 ; 1.0236300e+02 ; 1.0432703e+02 
3.500e+01 ; 8.800e+00 ; 6.000e-01 ; 1.0282000e+02 ; 1.0431981e+02 
3.500e+01 ; 8.800e+00 ; 6.000e-01 ; 1.0282000e+02 ; 1.0431981e+02 
3.500e+01 ; 8.800e+00 ; 6.000e-01 ; 1.0283000e+02 ; 1.0431965e+02 
3.500e+01 ; 8.800e+00 ; 6.000e-01 ; 1.0284000e+02 ; 1.0431950e+02 
3.500e+01 ; 8.800e+00 ; 6.000e-01 ; 1.0285000e+02 ; 1.0431934e+02 
3.500e+01 ; 8.800e+00 ; 6.000e-01 ; 1.0287000e+02 ; 1.0431903e+02 
3.500e+01 ; 8.800e+00 ; 6.000e-01 ; 1.0291000e+02 ; 1.0431843e+02 
3.500e+01 ; 8.800e+00 ; 6.000e-01 ; 1.0299000e+02 ; 1.0431728e+02 
3.500e+01 ; 8.800e+00 ; 6.000e-01 ; 1.0315000e+02 ; 1.0431519e+02 
3.500e+01 ; 8.800e+00 ; 6.000e-01 ; 1.0347000e+02 ; 1.0431181e+02 
3.500e+01 ; 8.800e+00 ; 6.000e-01 ; 1.0411000e+02 ; 1.0430759e+02 
3.500e+01 ; 8.800e+00 ; 6.000e-01 ; 1.0507000e+02 ; 1.0430350e+02 
3.500e+01 ; 8.800e+00 ; 6.000e-01 ; 1.0651000e+02 ; 1.0429102e+02 
3.500e+01 ; 8.800e+00 ; 6.000e-01 ; 1.0782000e+02 ; 1.0426777e+02