X ; Y ; Z ; time ; Temperature 
3.500e+01 ; 1.600e+00 ; 2.800e+00 ; 0.0000000e+00 ; 2.2000000e+02 
3.500e+01 ; 1.600e+00 ; 2.800e+00 ; 1.0000000e-03 ; 2.2000000e+02 
3.500e+01 ; 1.600e+00 ; 2.800e+00 ; 2.0000001e-03 ; 2.2000000e+02 
3.500e+01 ; 1.600e+00 ; 2.800e+00 ; 3.0000000e-03 ; 2.2000000e+02 
3.500e+01 ; 1.600e+00 ; 2.800e+00 ; 4.9999999e-03 ; 2.2000000e+02 
3.500e+01 ; 1.600e+00 ; 2.800e+00 ; 8.9999996e-03 ; 2.2000000e+02 
3.500e+01 ; 1.600e+00 ; 2.800e+00 ; 1.7000001e-02 ; 2.2000000e+02 
3.500e+01 ; 1.600e+00 ; 2.800e+00 ; 3.3000000e-02 ; 2.2000000e+02 
3.500e+01 ; 1.600e+00 ; 2.800e+00 ; 6.4999998e-02 ; 2.2000000e+02 
3.500e+01 ; 1.600e+00 ; 2.800e+00 ; 1.2899999e-01 ; 2.2000000e+02 
3.500e+01 ; 1.600e+00 ; 2.800e+00 ; 2.5700000e-01 ; 2.2000000e+02 
3.500e+01 ; 1.600e+00 ; 2.800e+00 ; 5.1300001e-01 ; 2.2000000e+02 
3.500e+01 ; 1.600e+00 ; 2.800e+00 ; 1.0250000e+00 ; 2.2000000e+02 
3.500e+01 ; 1.600e+00 ; 2.800e+00 ; 1.0599999e+00 ; 2.2000000e+02 
3.500e+01 ; 1.600e+00 ; 2.800e+00 ; 1.0599999e+00 ; 2.2000000e+02 
3.500e+01 ; 1.600e+00 ; 2.800e+00 ; 1.0609999e+00 ; 2.2000000e+02 
3.500e+01 ; 1.600e+00 ; 2.800e+00 ; 1.0619999e+00 ; 2.2000000e+02 
3.500e+01 ; 1.600e+00 ; 2.800e+00 ; 1.0629999e+00 ; 2.2000000e+02 
3.500e+01 ; 1.600e+00 ; 2.800e+00 ; 1.0649999e+00 ; 2.2000000e+02 
3.500e+01 ; 1.600e+00 ; 2.800e+00 ; 1.0689999e+00 ; 2.2000000e+02 
3.500e+01 ; 1.600e+00 ; 2.800e+00 ; 1.0769999e+00 ; 2.2000000e+02 
3.500e+01 ; 1.600e+00 ; 2.800e+00 ; 1.0929999e+00 ; 2.2000000e+02 
3.500e+01 ; 1.600e+00 ; 2.800e+00 ; 1.1249999e+00 ; 2.2000000e+02 
3.500e+01 ; 1.600e+00 ; 2.800e+00 ; 1.1889999e+00 ; 2.2000000e+02 
3.500e+01 ; 1.600e+00 ; 2.800e+00 ; 1.3169999e+00 ; 2.2000000e+02 
3.500e+01 ; 1.600e+00 ; 2.800e+00 ; 1.5730000e+00 ; 2.2000000e+02 
3.500e+01 ; 1.600e+00 ; 2.800e+00 ; 2.0849999e+00 ; 2.2000000e+02 
3.500e+01 ; 1.600e+00 ; 2.800e+00 ; 2.1199999e+00 ; 2.2000000e+02 
3.500e+01 ; 1.600e+00 ; 2.800e+00 ; 2.1199999e+00 ; 2.2000000e+02 
3.500e+01 ; 1.600e+00 ; 2.800e+00 ; 2.1209999e+00 ; 2.2000000e+02 
3.500e+01 ; 1.600e+00 ; 2.800e+00 ; 2.1219999e+00 ; 2.2000000e+02 
3.500e+01 ; 1.600e+00 ; 2.800e+00 ; 2.1229999e+00 ; 2.2000000e+02 
3.500e+01 ; 1.600e+00 ; 2.800e+00 ; 2.1249999e+00 ; 2.2000000e+02 
3.500e+01 ; 1.600e+00 ; 2.800e+00 ; 2.1289999e+00 ; 2.2000000e+02 
3.500e+01 ; 1.600e+00 ; 2.800e+00 ; 2.1369999e+00 ; 2.2000000e+02 
3.500e+01 ; 1.600e+00 ; 2.800e+00 ; 2.1529999e+00 ; 2.2000000e+02 
3.500e+01 ; 1.600e+00 ; 2.800e+00 ; 2.1849999e+00 ; 2.2000000e+02 
3.500e+01 ; 1.600e+00 ; 2.800e+00 ; 2.2489999e+00 ; 2.2000000e+02 
3.500e+01 ; 1.600e+00 ; 2.800e+00 ; 2.3769999e+00 ; 2.2000000e+02 
3.500e+01 ; 1.600e+00 ; 2.800e+00 ; 2.6329999e+00 ; 2.2000000e+02 
3.500e+01 ; 1.600e+00 ; 2.800e+00 ; 3.1449999e+00 ; 2.2000000e+02 
3.500e+01 ; 1.600e+00 ; 2.800e+00 ; 3.1799998e+00 ; 2.2000000e+02 
3.500e+01 ; 1.600e+00 ; 2.800e+00 ; 3.1799998e+00 ; 2.2000000e+02 
3.500e+01 ; 1.600e+00 ; 2.800e+00 ; 3.1809998e+00 ; 2.2000000e+02 
3.500e+01 ; 1.600e+00 ; 2.800e+00 ; 3.1819998e+00 ; 2.2000000e+02 
3.500e+01 ; 1.600e+00 ; 2.800e+00 ; 3.1829998e+00 ; 2.2000000e+02 
3.500e+01 ; 1.600e+00 ; 2.800e+00 ; 3.1849998e+00 ; 2.2000000e+02 
3.500e+01 ; 1.600e+00 ; 2.800e+00 ; 3.1889998e+00 ; 2.2000000e+02 
3.500e+01 ; 1.600e+00 ; 2.800e+00 ; 3.1969998e+00 ; 2.2000000e+02 
3.500e+01 ; 1.600e+00 ; 2.800e+00 ; 3.2129998e+00 ; 2.2000000e+02 
3.500e+01 ; 1.600e+00 ; 2.800e+00 ; 3.2449998e+00 ; 2.2000000e+02 
3.500e+01 ; 1.600e+00 ; 2.800e+00 ; 3.3089998e+00 ; 2.2000000e+02 
3.500e+01 ; 1.600e+00 ; 2.800e+00 ; 3.4369998e+00 ; 2.2000000e+02 
3.500e+01 ; 1.600e+00 ; 2.800e+00 ; 3.6929998e+00 ; 2.2000000e+02 
3.500e+01 ; 1.600e+00 ; 2.800e+00 ; 4.2049998e+00 ; 2.2000000e+02 
3.500e+01 ; 1.600e+00 ; 2.800e+00 ; 4.2399998e+00 ; 2.2000000e+02 
3.500e+01 ; 1.600e+00 ; 2.800e+00 ; 4.2399998e+00 ; 2.2000000e+02 
3.500e+01 ; 1.600e+00 ; 2.800e+00 ; 4.2409998e+00 ; 2.2000000e+02 
3.500e+01 ; 1.600e+00 ; 2.800e+00 ; 4.2419998e+00 ; 2.2000000e+02 
3.500e+01 ; 1.600e+00 ; 2.800e+00 ; 4.2429998e+00 ; 2.2000000e+02 
3.500e+01 ; 1.600e+00 ; 2.800e+00 ; 4.2449998e+00 ; 2.2000000e+02 
3.500e+01 ; 1.600e+00 ; 2.800e+00 ; 4.2489998e+00 ; 2.2000000e+02 
3.500e+01 ; 1.600e+00 ; 2.800e+00 ; 4.2569998e+00 ; 2.2000000e+02 
3.500e+01 ; 1.600e+00 ; 2.800e+00 ; 4.2729998e+00 ; 2.2000000e+02 
3.500e+01 ; 1.600e+00 ; 2.800e+00 ; 4.3049998e+00 ; 2.2000000e+02 
3.500e+01 ; 1.600e+00 ; 2.800e+00 ; 4.3689998e+00 ; 2.2000000e+02 
3.500e+01 ; 1.600e+00 ; 2.800e+00 ; 4.4969998e+00 ; 2.2000000e+02 
3.500e+01 ; 1.600e+00 ; 2.800e+00 ; 4.7529998e+00 ; 2.2000000e+02 
3.500e+01 ; 1.600e+00 ; 2.800e+00 ; 5.2649997e+00 ; 2.2000000e+02 
3.500e+01 ; 1.600e+00 ; 2.800e+00 ; 5.2999997e+00 ; 2.2000000e+02 
3.500e+01 ; 1.600e+00 ; 2.800e+00 ; 5.2999997e+00 ; 2.2000000e+02 
3.500e+01 ; 1.600e+00 ; 2.800e+00 ; 5.3009997e+00 ; 2.2000000e+02 
3.500e+01 ; 1.600e+00 ; 2.800e+00 ; 5.3019997e+00 ; 2.2000000e+02 
3.500e+01 ; 1.600e+00 ; 2.800e+00 ; 5.3029997e+00 ; 2.2000000e+02 
3.500e+01 ; 1.600e+00 ; 2.800e+00 ; 5.3049997e+00 ; 2.2000000e+02 
3.500e+01 ; 1.600e+00 ; 2.800e+00 ; 5.3089997e+00 ; 2.2000000e+02 
3.500e+01 ; 1.600e+00 ; 2.800e+00 ; 5.3169997e+00 ; 2.2000000e+02 
3.500e+01 ; 1.600e+00 ; 2.800e+00 ; 5.3329997e+00 ; 2.2000000e+02 
3.500e+01 ; 1.600e+00 ; 2.800e+00 ; 5.3649997e+00 ; 2.2000000e+02 
3.500e+01 ; 1.600e+00 ; 2.800e+00 ; 5.4289997e+00 ; 2.2000000e+02 
3.500e+01 ; 1.600e+00 ; 2.800e+00 ; 5.5569997e+00 ; 2.2000000e+02 
3.500e+01 ; 1.600e+00 ; 2.800e+00 ; 5.8129997e+00 ; 2.2000000e+02 
3.500e+01 ; 1.600e+00 ; 2.800e+00 ; 6.3249997e+00 ; 2.2000000e+02 
3.500e+01 ; 1.600e+00 ; 2.800e+00 ; 6.3599997e+00 ; 2.2000000e+02 
3.500e+01 ; 1.600e+00 ; 2.800e+00 ; 6.3599997e+00 ; 2.2000000e+02 
3.500e+01 ; 1.600e+00 ; 2.800e+00 ; 6.3609997e+00 ; 2.2000000e+02 
3.500e+01 ; 1.600e+00 ; 2.800e+00 ; 6.3619997e+00 ; 2.2000000e+02 
3.500e+01 ; 1.600e+00 ; 2.800e+00 ; 6.3629997e+00 ; 2.2000000e+02 
3.500e+01 ; 1.600e+00 ; 2.800e+00 ; 6.3649997e+00 ; 2.2000000e+02 
3.500e+01 ; 1.600e+00 ; 2.800e+00 ; 6.3689997e+00 ; 2.2000000e+02 
3.500e+01 ; 1.600e+00 ; 2.800e+00 ; 6.3769997e+00 ; 2.2000000e+02 
3.500e+01 ; 1.600e+00 ; 2.800e+00 ; 6.3929997e+00 ; 2.2000000e+02 
3.500e+01 ; 1.600e+00 ; 2.800e+00 ; 6.4249997e+00 ; 2.2000000e+02 
3.500e+01 ; 1.600e+00 ; 2.800e+00 ; 6.4889996e+00 ; 2.2000000e+02 
3.500e+01 ; 1.600e+00 ; 2.800e+00 ; 6.6169997e+00 ; 2.2000000e+02 
3.500e+01 ; 1.600e+00 ; 2.800e+00 ; 6.8729997e+00 ; 2.2000000e+02 
3.500e+01 ; 1.600e+00 ; 2.800e+00 ; 7.3849996e+00 ; 2.2000000e+02 
3.500e+01 ; 1.600e+00 ; 2.800e+00 ; 7.4199996e+00 ; 2.2000000e+02 
3.500e+01 ; 1.600e+00 ; 2.800e+00 ; 7.4199996e+00 ; 2.2000000e+02 
3.500e+01 ; 1.600e+00 ; 2.800e+00 ; 7.4209996e+00 ; 2.2000000e+02 
3.500e+01 ; 1.600e+00 ; 2.800e+00 ; 7.4219996e+00 ; 2.2000000e+02 
3.500e+01 ; 1.600e+00 ; 2.800e+00 ; 7.4229996e+00 ; 2.2000000e+02 
3.500e+01 ; 1.600e+00 ; 2.800e+00 ; 7.4249996e+00 ; 2.2000000e+02 
3.500e+01 ; 1.600e+00 ; 2.800e+00 ; 7.4289996e+00 ; 2.2000000e+02 
3.500e+01 ; 1.600e+00 ; 2.800e+00 ; 7.4369996e+00 ; 2.2000000e+02 
3.500e+01 ; 1.600e+00 ; 2.800e+00 ; 7.4529996e+00 ; 2.2000000e+02 
3.500e+01 ; 1.600e+00 ; 2.800e+00 ; 7.4849996e+00 ; 2.2000000e+02 
3.500e+01 ; 1.600e+00 ; 2.800e+00 ; 7.5489996e+00 ; 2.2000000e+02 
3.500e+01 ; 1.600e+00 ; 2.800e+00 ; 7.6769996e+00 ; 2.2000000e+02 
3.500e+01 ; 1.600e+00 ; 2.800e+00 ; 7.9329996e+00 ; 2.2000000e+02 
3.500e+01 ; 1.600e+00 ; 2.800e+00 ; 8.4449996e+00 ; 2.2000000e+02 
3.500e+01 ; 1.600e+00 ; 2.800e+00 ; 8.4799995e+00 ; 2.2000000e+02 
3.500e+01 ; 1.600e+00 ; 2.800e+00 ; 8.4799995e+00 ; 2.2000000e+02 
3.500e+01 ; 1.600e+00 ; 2.800e+00 ; 8.4809995e+00 ; 2.2000000e+02 
3.500e+01 ; 1.600e+00 ; 2.800e+00 ; 8.4819995e+00 ; 2.2000000e+02 
3.500e+01 ; 1.600e+00 ; 2.800e+00 ; 8.4829995e+00 ; 2.2000000e+02 
3.500e+01 ; 1.600e+00 ; 2.800e+00 ; 8.4849995e+00 ; 2.2000000e+02 
3.500e+01 ; 1.600e+00 ; 2.800e+00 ; 8.4889995e+00 ; 2.2000000e+02 
3.500e+01 ; 1.600e+00 ; 2.800e+00 ; 8.4969995e+00 ; 2.2000000e+02 
3.500e+01 ; 1.600e+00 ; 2.800e+00 ; 8.5129995e+00 ; 2.2000000e+02 
3.500e+01 ; 1.600e+00 ; 2.800e+00 ; 8.5449995e+00 ; 2.2000000e+02 
3.500e+01 ; 1.600e+00 ; 2.800e+00 ; 8.6089995e+00 ; 2.2000000e+02 
3.500e+01 ; 1.600e+00 ; 2.800e+00 ; 8.7369995e+00 ; 2.2000000e+02 
3.500e+01 ; 1.600e+00 ; 2.800e+00 ; 8.9929996e+00 ; 2.2000000e+02 
3.500e+01 ; 1.600e+00 ; 2.800e+00 ; 9.5049995e+00 ; 2.2000000e+02 
3.500e+01 ; 1.600e+00 ; 2.800e+00 ; 9.5399995e+00 ; 2.2000000e+02 
3.500e+01 ; 1.600e+00 ; 2.800e+00 ; 9.5399995e+00 ; 2.2000000e+02 
3.500e+01 ; 1.600e+00 ; 2.800e+00 ; 9.5409995e+00 ; 2.2000000e+02 
3.500e+01 ; 1.600e+00 ; 2.800e+00 ; 9.5419995e+00 ; 2.2000000e+02 
3.500e+01 ; 1.600e+00 ; 2.800e+00 ; 9.5429995e+00 ; 2.2000000e+02 
3.500e+01 ; 1.600e+00 ; 2.800e+00 ; 9.5449995e+00 ; 2.2000000e+02 
3.500e+01 ; 1.600e+00 ; 2.800e+00 ; 9.5489995e+00 ; 2.2000000e+02 
3.500e+01 ; 1.600e+00 ; 2.800e+00 ; 9.5569995e+00 ; 2.2000000e+02 
3.500e+01 ; 1.600e+00 ; 2.800e+00 ; 9.5729995e+00 ; 2.2000000e+02 
3.500e+01 ; 1.600e+00 ; 2.800e+00 ; 9.6049995e+00 ; 2.2000000e+02 
3.500e+01 ; 1.600e+00 ; 2.800e+00 ; 9.6689995e+00 ; 2.2000000e+02 
3.500e+01 ; 1.600e+00 ; 2.800e+00 ; 9.7969995e+00 ; 2.2000000e+02 
3.500e+01 ; 1.600e+00 ; 2.800e+00 ; 1.0052999e+01 ; 2.2000000e+02 
3.500e+01 ; 1.600e+00 ; 2.800e+00 ; 1.0564999e+01 ; 2.2000000e+02 
3.500e+01 ; 1.600e+00 ; 2.800e+00 ; 1.0599999e+01 ; 2.2000000e+02 
3.500e+01 ; 1.600e+00 ; 2.800e+00 ; 1.0599999e+01 ; 2.2000000e+02 
3.500e+01 ; 1.600e+00 ; 2.800e+00 ; 1.0600999e+01 ; 2.2000000e+02 
3.500e+01 ; 1.600e+00 ; 2.800e+00 ; 1.0601999e+01 ; 2.2000000e+02 
3.500e+01 ; 1.600e+00 ; 2.800e+00 ; 1.0602999e+01 ; 2.2000000e+02 
3.500e+01 ; 1.600e+00 ; 2.800e+00 ; 1.0604999e+01 ; 2.2000000e+02 
3.500e+01 ; 1.600e+00 ; 2.800e+00 ; 1.0608999e+01 ; 2.2000000e+02 
3.500e+01 ; 1.600e+00 ; 2.800e+00 ; 1.0616999e+01 ; 2.2000000e+02 
3.500e+01 ; 1.600e+00 ; 2.800e+00 ; 1.0632999e+01 ; 2.2000000e+02 
3.500e+01 ; 1.600e+00 ; 2.800e+00 ; 1.0664999e+01 ; 2.2000000e+02 
3.500e+01 ; 1.600e+00 ; 2.800e+00 ; 1.0728999e+01 ; 2.2000000e+02 
3.500e+01 ; 1.600e+00 ; 2.800e+00 ; 1.0856999e+01 ; 2.2000000e+02 
3.500e+01 ; 1.600e+00 ; 2.800e+00 ; 1.1112999e+01 ; 2.2000000e+02 
3.500e+01 ; 1.600e+00 ; 2.800e+00 ; 1.1624999e+01 ; 2.2000000e+02 
3.500e+01 ; 1.600e+00 ; 2.800e+00 ; 1.1659999e+01 ; 2.2000000e+02 
3.500e+01 ; 1.600e+00 ; 2.800e+00 ; 1.1659999e+01 ; 2.2000000e+02 
3.500e+01 ; 1.600e+00 ; 2.800e+00 ; 1.1660999e+01 ; 2.2000000e+02 
3.500e+01 ; 1.600e+00 ; 2.800e+00 ; 1.1661999e+01 ; 2.2000000e+02 
3.500e+01 ; 1.600e+00 ; 2.800e+00 ; 1.1662999e+01 ; 2.2000000e+02 
3.500e+01 ; 1.600e+00 ; 2.800e+00 ; 1.1664999e+01 ; 2.2000000e+02 
3.500e+01 ; 1.600e+00 ; 2.800e+00 ; 1.1668999e+01 ; 2.2000000e+02 
3.500e+01 ; 1.600e+00 ; 2.800e+00 ; 1.1676999e+01 ; 2.2000000e+02 
3.500e+01 ; 1.600e+00 ; 2.800e+00 ; 1.1692999e+01 ; 2.2000000e+02 
3.500e+01 ; 1.600e+00 ; 2.800e+00 ; 1.1724999e+01 ; 2.2000000e+02 
3.500e+01 ; 1.600e+00 ; 2.800e+00 ; 1.1788999e+01 ; 2.2000000e+02 
3.500e+01 ; 1.600e+00 ; 2.800e+00 ; 1.1916999e+01 ; 2.2000000e+02 
3.500e+01 ; 1.600e+00 ; 2.800e+00 ; 1.2172999e+01 ; 2.2000000e+02 
3.500e+01 ; 1.600e+00 ; 2.800e+00 ; 1.2684999e+01 ; 2.2000000e+02 
3.500e+01 ; 1.600e+00 ; 2.800e+00 ; 1.2719999e+01 ; 2.2000000e+02 
3.500e+01 ; 1.600e+00 ; 2.800e+00 ; 1.2719999e+01 ; 2.2000000e+02 
3.500e+01 ; 1.600e+00 ; 2.800e+00 ; 1.2720999e+01 ; 2.2000000e+02 
3.500e+01 ; 1.600e+00 ; 2.800e+00 ; 1.2721999e+01 ; 2.2000000e+02 
3.500e+01 ; 1.600e+00 ; 2.800e+00 ; 1.2722999e+01 ; 2.2000000e+02 
3.500e+01 ; 1.600e+00 ; 2.800e+00 ; 1.2724999e+01 ; 2.2000000e+02 
3.500e+01 ; 1.600e+00 ; 2.800e+00 ; 1.2728999e+01 ; 2.2000000e+02 
3.500e+01 ; 1.600e+00 ; 2.800e+00 ; 1.2736999e+01 ; 2.2000000e+02 
3.500e+01 ; 1.600e+00 ; 2.800e+00 ; 1.2752999e+01 ; 2.2000000e+02 
3.500e+01 ; 1.600e+00 ; 2.800e+00 ; 1.2784999e+01 ; 2.2000000e+02 
3.500e+01 ; 1.600e+00 ; 2.800e+00 ; 1.2848999e+01 ; 2.2000000e+02 
3.500e+01 ; 1.600e+00 ; 2.800e+00 ; 1.2976999e+01 ; 2.2000000e+02 
3.500e+01 ; 1.600e+00 ; 2.800e+00 ; 1.3232999e+01 ; 2.2000000e+02 
3.500e+01 ; 1.600e+00 ; 2.800e+00 ; 1.3744999e+01 ; 2.2000000e+02 
3.500e+01 ; 1.600e+00 ; 2.800e+00 ; 1.3779999e+01 ; 2.2000000e+02 
3.500e+01 ; 1.600e+00 ; 2.800e+00 ; 1.3779999e+01 ; 2.2000000e+02 
3.500e+01 ; 1.600e+00 ; 2.800e+00 ; 1.3780999e+01 ; 2.2000000e+02 
3.500e+01 ; 1.600e+00 ; 2.800e+00 ; 1.3781999e+01 ; 2.2000000e+02 
3.500e+01 ; 1.600e+00 ; 2.800e+00 ; 1.3782999e+01 ; 2.2000000e+02 
3.500e+01 ; 1.600e+00 ; 2.800e+00 ; 1.3784999e+01 ; 2.2000000e+02 
3.500e+01 ; 1.600e+00 ; 2.800e+00 ; 1.3788999e+01 ; 2.2000000e+02 
3.500e+01 ; 1.600e+00 ; 2.800e+00 ; 1.3796999e+01 ; 2.2000000e+02 
3.500e+01 ; 1.600e+00 ; 2.800e+00 ; 1.3812999e+01 ; 2.2000000e+02 
3.500e+01 ; 1.600e+00 ; 2.800e+00 ; 1.3844999e+01 ; 2.2000000e+02 
3.500e+01 ; 1.600e+00 ; 2.800e+00 ; 1.3908999e+01 ; 2.2000000e+02 
3.500e+01 ; 1.600e+00 ; 2.800e+00 ; 1.4036999e+01 ; 2.2000000e+02 
3.500e+01 ; 1.600e+00 ; 2.800e+00 ; 1.4292999e+01 ; 2.2000000e+02 
3.500e+01 ; 1.600e+00 ; 2.800e+00 ; 1.4804999e+01 ; 2.2000000e+02 
3.500e+01 ; 1.600e+00 ; 2.800e+00 ; 1.4839999e+01 ; 2.2000000e+02 
3.500e+01 ; 1.600e+00 ; 2.800e+00 ; 1.4839999e+01 ; 2.2000000e+02 
3.500e+01 ; 1.600e+00 ; 2.800e+00 ; 1.4840999e+01 ; 2.2000000e+02 
3.500e+01 ; 1.600e+00 ; 2.800e+00 ; 1.4841999e+01 ; 2.2000000e+02 
3.500e+01 ; 1.600e+00 ; 2.800e+00 ; 1.4842999e+01 ; 2.2000000e+02 
3.500e+01 ; 1.600e+00 ; 2.800e+00 ; 1.4844999e+01 ; 2.2000000e+02 
3.500e+01 ; 1.600e+00 ; 2.800e+00 ; 1.4848999e+01 ; 2.2000000e+02 
3.500e+01 ; 1.600e+00 ; 2.800e+00 ; 1.4856999e+01 ; 2.2000000e+02 
3.500e+01 ; 1.600e+00 ; 2.800e+00 ; 1.4872999e+01 ; 2.2000000e+02 
3.500e+01 ; 1.600e+00 ; 2.800e+00 ; 1.4904999e+01 ; 2.2000000e+02 
3.500e+01 ; 1.600e+00 ; 2.800e+00 ; 1.4968999e+01 ; 2.2000000e+02 
3.500e+01 ; 1.600e+00 ; 2.800e+00 ; 1.5096999e+01 ; 2.2000000e+02 
3.500e+01 ; 1.600e+00 ; 2.800e+00 ; 1.5352999e+01 ; 2.2000000e+02 
3.500e+01 ; 1.600e+00 ; 2.800e+00 ; 1.5864999e+01 ; 2.2000000e+02 
3.500e+01 ; 1.600e+00 ; 2.800e+00 ; 1.5899999e+01 ; 2.2000000e+02 
3.500e+01 ; 1.600e+00 ; 2.800e+00 ; 1.5899999e+01 ; 2.2000000e+02 
3.500e+01 ; 1.600e+00 ; 2.800e+00 ; 1.5900999e+01 ; 2.2000000e+02 
3.500e+01 ; 1.600e+00 ; 2.800e+00 ; 1.5901999e+01 ; 2.2000000e+02 
3.500e+01 ; 1.600e+00 ; 2.800e+00 ; 1.5902999e+01 ; 2.2000000e+02 
3.500e+01 ; 1.600e+00 ; 2.800e+00 ; 1.5904999e+01 ; 2.2000000e+02 
3.500e+01 ; 1.600e+00 ; 2.800e+00 ; 1.5908999e+01 ; 2.2000000e+02 
3.500e+01 ; 1.600e+00 ; 2.800e+00 ; 1.5916999e+01 ; 2.2000000e+02 
3.500e+01 ; 1.600e+00 ; 2.800e+00 ; 1.5932999e+01 ; 2.2000000e+02 
3.500e+01 ; 1.600e+00 ; 2.800e+00 ; 1.5964999e+01 ; 2.2000000e+02 
3.500e+01 ; 1.600e+00 ; 2.800e+00 ; 1.6028999e+01 ; 2.2000000e+02 
3.500e+01 ; 1.600e+00 ; 2.800e+00 ; 1.6156999e+01 ; 2.2000000e+02 
3.500e+01 ; 1.600e+00 ; 2.800e+00 ; 1.6412999e+01 ; 2.2000000e+02 
3.500e+01 ; 1.600e+00 ; 2.800e+00 ; 1.6924999e+01 ; 2.2000000e+02 
3.500e+01 ; 1.600e+00 ; 2.800e+00 ; 1.6959999e+01 ; 2.2000000e+02 
3.500e+01 ; 1.600e+00 ; 2.800e+00 ; 1.6959999e+01 ; 2.2000000e+02 
3.500e+01 ; 1.600e+00 ; 2.800e+00 ; 1.6960999e+01 ; 2.2000000e+02 
3.500e+01 ; 1.600e+00 ; 2.800e+00 ; 1.6961999e+01 ; 2.2000000e+02 
3.500e+01 ; 1.600e+00 ; 2.800e+00 ; 1.6962999e+01 ; 2.2000000e+02 
3.500e+01 ; 1.600e+00 ; 2.800e+00 ; 1.6964999e+01 ; 2.2000000e+02 
3.500e+01 ; 1.600e+00 ; 2.800e+00 ; 1.6968999e+01 ; 2.2000000e+02 
3.500e+01 ; 1.600e+00 ; 2.800e+00 ; 1.6976999e+01 ; 2.2000000e+02 
3.500e+01 ; 1.600e+00 ; 2.800e+00 ; 1.6992999e+01 ; 2.2000000e+02 
3.500e+01 ; 1.600e+00 ; 2.800e+00 ; 1.7024999e+01 ; 2.2000000e+02 
3.500e+01 ; 1.600e+00 ; 2.800e+00 ; 1.7088999e+01 ; 2.2000000e+02 
3.500e+01 ; 1.600e+00 ; 2.800e+00 ; 1.7216999e+01 ; 2.2000000e+02 
3.500e+01 ; 1.600e+00 ; 2.800e+00 ; 1.7472999e+01 ; 2.2000000e+02 
3.500e+01 ; 1.600e+00 ; 2.800e+00 ; 1.7984999e+01 ; 2.2000000e+02 
3.500e+01 ; 1.600e+00 ; 2.800e+00 ; 1.8019999e+01 ; 2.2000000e+02 
3.500e+01 ; 1.600e+00 ; 2.800e+00 ; 1.8019999e+01 ; 2.2000000e+02 
3.500e+01 ; 1.600e+00 ; 2.800e+00 ; 1.8020999e+01 ; 2.2000000e+02 
3.500e+01 ; 1.600e+00 ; 2.800e+00 ; 1.8021999e+01 ; 2.2000000e+02 
3.500e+01 ; 1.600e+00 ; 2.800e+00 ; 1.8022999e+01 ; 2.2000000e+02 
3.500e+01 ; 1.600e+00 ; 2.800e+00 ; 1.8024999e+01 ; 2.2000000e+02 
3.500e+01 ; 1.600e+00 ; 2.800e+00 ; 1.8028999e+01 ; 2.2000000e+02 
3.500e+01 ; 1.600e+00 ; 2.800e+00 ; 1.8036999e+01 ; 2.2000000e+02 
3.500e+01 ; 1.600e+00 ; 2.800e+00 ; 1.8052999e+01 ; 2.2000000e+02 
3.500e+01 ; 1.600e+00 ; 2.800e+00 ; 1.8084999e+01 ; 2.2000000e+02 
3.500e+01 ; 1.600e+00 ; 2.800e+00 ; 1.8148999e+01 ; 2.2000000e+02 
3.500e+01 ; 1.600e+00 ; 2.800e+00 ; 1.8276999e+01 ; 2.2000000e+02 
3.500e+01 ; 1.600e+00 ; 2.800e+00 ; 1.8532999e+01 ; 2.2000000e+02 
3.500e+01 ; 1.600e+00 ; 2.800e+00 ; 1.9044999e+01 ; 2.2000000e+02 
3.500e+01 ; 1.600e+00 ; 2.800e+00 ; 1.9079999e+01 ; 2.2000000e+02 
3.500e+01 ; 1.600e+00 ; 2.800e+00 ; 1.9079999e+01 ; 2.2000000e+02 
3.500e+01 ; 1.600e+00 ; 2.800e+00 ; 1.9080999e+01 ; 2.2000000e+02 
3.500e+01 ; 1.600e+00 ; 2.800e+00 ; 1.9081999e+01 ; 2.2000000e+02 
3.500e+01 ; 1.600e+00 ; 2.800e+00 ; 1.9082999e+01 ; 2.2000000e+02 
3.500e+01 ; 1.600e+00 ; 2.800e+00 ; 1.9084999e+01 ; 2.2000000e+02 
3.500e+01 ; 1.600e+00 ; 2.800e+00 ; 1.9088999e+01 ; 2.2000000e+02 
3.500e+01 ; 1.600e+00 ; 2.800e+00 ; 1.9096999e+01 ; 2.2000000e+02 
3.500e+01 ; 1.600e+00 ; 2.800e+00 ; 1.9112999e+01 ; 2.2000000e+02 
3.500e+01 ; 1.600e+00 ; 2.800e+00 ; 1.9144999e+01 ; 2.2000000e+02 
3.500e+01 ; 1.600e+00 ; 2.800e+00 ; 1.9208999e+01 ; 2.2000000e+02 
3.500e+01 ; 1.600e+00 ; 2.800e+00 ; 1.9336999e+01 ; 2.2000000e+02 
3.500e+01 ; 1.600e+00 ; 2.800e+00 ; 1.9592999e+01 ; 2.2000000e+02 
3.500e+01 ; 1.600e+00 ; 2.800e+00 ; 2.0104999e+01 ; 2.2000000e+02 
3.500e+01 ; 1.600e+00 ; 2.800e+00 ; 2.0139999e+01 ; 2.2000000e+02 
3.500e+01 ; 1.600e+00 ; 2.800e+00 ; 2.0139999e+01 ; 2.2000000e+02 
3.500e+01 ; 1.600e+00 ; 2.800e+00 ; 2.0140999e+01 ; 2.2000000e+02 
3.500e+01 ; 1.600e+00 ; 2.800e+00 ; 2.0141999e+01 ; 2.2000000e+02 
3.500e+01 ; 1.600e+00 ; 2.800e+00 ; 2.0142999e+01 ; 2.2000000e+02 
3.500e+01 ; 1.600e+00 ; 2.800e+00 ; 2.0144999e+01 ; 2.2000000e+02 
3.500e+01 ; 1.600e+00 ; 2.800e+00 ; 2.0148999e+01 ; 2.2000000e+02 
3.500e+01 ; 1.600e+00 ; 2.800e+00 ; 2.0156999e+01 ; 2.2000000e+02 
3.500e+01 ; 1.600e+00 ; 2.800e+00 ; 2.0172999e+01 ; 2.2000000e+02 
3.500e+01 ; 1.600e+00 ; 2.800e+00 ; 2.0204999e+01 ; 2.2000000e+02 
3.500e+01 ; 1.600e+00 ; 2.800e+00 ; 2.0268999e+01 ; 2.2000000e+02 
3.500e+01 ; 1.600e+00 ; 2.800e+00 ; 2.0396999e+01 ; 2.2000000e+02 
3.500e+01 ; 1.600e+00 ; 2.800e+00 ; 2.0652999e+01 ; 2.2000000e+02 
3.500e+01 ; 1.600e+00 ; 2.800e+00 ; 2.1164999e+01 ; 2.2000000e+02 
3.500e+01 ; 1.600e+00 ; 2.800e+00 ; 2.1199999e+01 ; 2.2000000e+02 
3.500e+01 ; 1.600e+00 ; 2.800e+00 ; 2.1199999e+01 ; 2.2000000e+02 
3.500e+01 ; 1.600e+00 ; 2.800e+00 ; 2.1200999e+01 ; 2.2000000e+02 
3.500e+01 ; 1.600e+00 ; 2.800e+00 ; 2.1201999e+01 ; 2.2000000e+02 
3.500e+01 ; 1.600e+00 ; 2.800e+00 ; 2.1202999e+01 ; 2.2000000e+02 
3.500e+01 ; 1.600e+00 ; 2.800e+00 ; 2.1204999e+01 ; 2.2000000e+02 
3.500e+01 ; 1.600e+00 ; 2.800e+00 ; 2.1208999e+01 ; 2.2000000e+02 
3.500e+01 ; 1.600e+00 ; 2.800e+00 ; 2.1216999e+01 ; 2.2000000e+02 
3.500e+01 ; 1.600e+00 ; 2.800e+00 ; 2.1232999e+01 ; 2.2000000e+02 
3.500e+01 ; 1.600e+00 ; 2.800e+00 ; 2.1264999e+01 ; 2.2000000e+02 
3.500e+01 ; 1.600e+00 ; 2.800e+00 ; 2.1328999e+01 ; 2.2000000e+02 
3.500e+01 ; 1.600e+00 ; 2.800e+00 ; 2.1456999e+01 ; 2.2000000e+02 
3.500e+01 ; 1.600e+00 ; 2.800e+00 ; 2.1712999e+01 ; 2.2000000e+02 
3.500e+01 ; 1.600e+00 ; 2.800e+00 ; 2.2224999e+01 ; 2.2000000e+02 
3.500e+01 ; 1.600e+00 ; 2.800e+00 ; 2.2259999e+01 ; 2.2000000e+02 
3.500e+01 ; 1.600e+00 ; 2.800e+00 ; 2.2259999e+01 ; 2.2000000e+02 
3.500e+01 ; 1.600e+00 ; 2.800e+00 ; 2.2260999e+01 ; 2.2000000e+02 
3.500e+01 ; 1.600e+00 ; 2.800e+00 ; 2.2261999e+01 ; 2.2000000e+02 
3.500e+01 ; 1.600e+00 ; 2.800e+00 ; 2.2262999e+01 ; 2.2000000e+02 
3.500e+01 ; 1.600e+00 ; 2.800e+00 ; 2.2264999e+01 ; 2.2000000e+02 
3.500e+01 ; 1.600e+00 ; 2.800e+00 ; 2.2268999e+01 ; 2.2000000e+02 
3.500e+01 ; 1.600e+00 ; 2.800e+00 ; 2.2276999e+01 ; 2.2000000e+02 
3.500e+01 ; 1.600e+00 ; 2.800e+00 ; 2.2292999e+01 ; 2.2000000e+02 
3.500e+01 ; 1.600e+00 ; 2.800e+00 ; 2.2324999e+01 ; 2.2000000e+02 
3.500e+01 ; 1.600e+00 ; 2.800e+00 ; 2.2388999e+01 ; 2.2000000e+02 
3.500e+01 ; 1.600e+00 ; 2.800e+00 ; 2.2516999e+01 ; 2.2000000e+02 
3.500e+01 ; 1.600e+00 ; 2.800e+00 ; 2.2772999e+01 ; 2.2000000e+02 
3.500e+01 ; 1.600e+00 ; 2.800e+00 ; 2.3284999e+01 ; 2.2000000e+02 
3.500e+01 ; 1.600e+00 ; 2.800e+00 ; 2.3319999e+01 ; 2.2000000e+02 
3.500e+01 ; 1.600e+00 ; 2.800e+00 ; 2.3319999e+01 ; 2.2000000e+02 
3.500e+01 ; 1.600e+00 ; 2.800e+00 ; 2.3320999e+01 ; 2.2000000e+02 
3.500e+01 ; 1.600e+00 ; 2.800e+00 ; 2.3321999e+01 ; 2.2000000e+02 
3.500e+01 ; 1.600e+00 ; 2.800e+00 ; 2.3322999e+01 ; 2.2000000e+02 
3.500e+01 ; 1.600e+00 ; 2.800e+00 ; 2.3324999e+01 ; 2.2000000e+02 
3.500e+01 ; 1.600e+00 ; 2.800e+00 ; 2.3328999e+01 ; 2.2000000e+02 
3.500e+01 ; 1.600e+00 ; 2.800e+00 ; 2.3336999e+01 ; 2.2000000e+02 
3.500e+01 ; 1.600e+00 ; 2.800e+00 ; 2.3352999e+01 ; 2.2000000e+02 
3.500e+01 ; 1.600e+00 ; 2.800e+00 ; 2.3384999e+01 ; 2.2000000e+02 
3.500e+01 ; 1.600e+00 ; 2.800e+00 ; 2.3448999e+01 ; 2.2000000e+02 
3.500e+01 ; 1.600e+00 ; 2.800e+00 ; 2.3576999e+01 ; 2.2000000e+02 
3.500e+01 ; 1.600e+00 ; 2.800e+00 ; 2.3832999e+01 ; 2.2000000e+02 
3.500e+01 ; 1.600e+00 ; 2.800e+00 ; 2.4344999e+01 ; 2.2000000e+02 
3.500e+01 ; 1.600e+00 ; 2.800e+00 ; 2.4379999e+01 ; 2.2000000e+02 
3.500e+01 ; 1.600e+00 ; 2.800e+00 ; 2.4379999e+01 ; 2.2000000e+02 
3.500e+01 ; 1.600e+00 ; 2.800e+00 ; 2.4380999e+01 ; 2.2000000e+02 
3.500e+01 ; 1.600e+00 ; 2.800e+00 ; 2.4381999e+01 ; 2.2000000e+02 
3.500e+01 ; 1.600e+00 ; 2.800e+00 ; 2.4382999e+01 ; 2.2000000e+02 
3.500e+01 ; 1.600e+00 ; 2.800e+00 ; 2.4384999e+01 ; 2.2000000e+02 
3.500e+01 ; 1.600e+00 ; 2.800e+00 ; 2.4388999e+01 ; 2.2000000e+02 
3.500e+01 ; 1.600e+00 ; 2.800e+00 ; 2.4396999e+01 ; 2.2000000e+02 
3.500e+01 ; 1.600e+00 ; 2.800e+00 ; 2.4412999e+01 ; 2.2000000e+02 
3.500e+01 ; 1.600e+00 ; 2.800e+00 ; 2.4444999e+01 ; 2.2000000e+02 
3.500e+01 ; 1.600e+00 ; 2.800e+00 ; 2.4508999e+01 ; 2.2000000e+02 
3.500e+01 ; 1.600e+00 ; 2.800e+00 ; 2.4636999e+01 ; 2.2000000e+02 
3.500e+01 ; 1.600e+00 ; 2.800e+00 ; 2.4892999e+01 ; 2.2000000e+02 
3.500e+01 ; 1.600e+00 ; 2.800e+00 ; 2.5404999e+01 ; 2.2000000e+02 
3.500e+01 ; 1.600e+00 ; 2.800e+00 ; 2.5439999e+01 ; 2.2000000e+02 
3.500e+01 ; 1.600e+00 ; 2.800e+00 ; 2.5439999e+01 ; 2.2000000e+02 
3.500e+01 ; 1.600e+00 ; 2.800e+00 ; 2.5440999e+01 ; 2.2000000e+02 
3.500e+01 ; 1.600e+00 ; 2.800e+00 ; 2.5441999e+01 ; 2.2000000e+02 
3.500e+01 ; 1.600e+00 ; 2.800e+00 ; 2.5442999e+01 ; 2.2000000e+02 
3.500e+01 ; 1.600e+00 ; 2.800e+00 ; 2.5444999e+01 ; 2.2000000e+02 
3.500e+01 ; 1.600e+00 ; 2.800e+00 ; 2.5448999e+01 ; 2.2000000e+02 
3.500e+01 ; 1.600e+00 ; 2.800e+00 ; 2.5456999e+01 ; 2.2000000e+02 
3.500e+01 ; 1.600e+00 ; 2.800e+00 ; 2.5472999e+01 ; 2.2000000e+02 
3.500e+01 ; 1.600e+00 ; 2.800e+00 ; 2.5504999e+01 ; 2.2000000e+02 
3.500e+01 ; 1.600e+00 ; 2.800e+00 ; 2.5568999e+01 ; 2.2000000e+02 
3.500e+01 ; 1.600e+00 ; 2.800e+00 ; 2.5696999e+01 ; 2.2000000e+02 
3.500e+01 ; 1.600e+00 ; 2.800e+00 ; 2.5952999e+01 ; 2.2000000e+02 
3.500e+01 ; 1.600e+00 ; 2.800e+00 ; 2.6464999e+01 ; 2.2000000e+02 
3.500e+01 ; 1.600e+00 ; 2.800e+00 ; 2.6499999e+01 ; 2.2000000e+02 
3.500e+01 ; 1.600e+00 ; 2.800e+00 ; 2.6499999e+01 ; 2.2000000e+02 
3.500e+01 ; 1.600e+00 ; 2.800e+00 ; 2.6500999e+01 ; 2.2000000e+02 
3.500e+01 ; 1.600e+00 ; 2.800e+00 ; 2.6501999e+01 ; 2.2000000e+02 
3.500e+01 ; 1.600e+00 ; 2.800e+00 ; 2.6502999e+01 ; 2.2000000e+02 
3.500e+01 ; 1.600e+00 ; 2.800e+00 ; 2.6504999e+01 ; 2.2000000e+02 
3.500e+01 ; 1.600e+00 ; 2.800e+00 ; 2.6508999e+01 ; 2.2000000e+02 
3.500e+01 ; 1.600e+00 ; 2.800e+00 ; 2.6516999e+01 ; 2.2000000e+02 
3.500e+01 ; 1.600e+00 ; 2.800e+00 ; 2.6532999e+01 ; 2.2000000e+02 
3.500e+01 ; 1.600e+00 ; 2.800e+00 ; 2.6564999e+01 ; 2.2000000e+02 
3.500e+01 ; 1.600e+00 ; 2.800e+00 ; 2.6628999e+01 ; 2.2000000e+02 
3.500e+01 ; 1.600e+00 ; 2.800e+00 ; 2.6756999e+01 ; 2.2000000e+02 
3.500e+01 ; 1.600e+00 ; 2.800e+00 ; 2.7012999e+01 ; 2.2000000e+02 
3.500e+01 ; 1.600e+00 ; 2.800e+00 ; 2.7524999e+01 ; 2.2000000e+02 
3.500e+01 ; 1.600e+00 ; 2.800e+00 ; 2.7559999e+01 ; 2.2000000e+02 
3.500e+01 ; 1.600e+00 ; 2.800e+00 ; 2.7559999e+01 ; 2.2000000e+02 
3.500e+01 ; 1.600e+00 ; 2.800e+00 ; 2.7560999e+01 ; 2.2000000e+02 
3.500e+01 ; 1.600e+00 ; 2.800e+00 ; 2.7561999e+01 ; 2.2000000e+02 
3.500e+01 ; 1.600e+00 ; 2.800e+00 ; 2.7562999e+01 ; 2.2000000e+02 
3.500e+01 ; 1.600e+00 ; 2.800e+00 ; 2.7564999e+01 ; 2.2000000e+02 
3.500e+01 ; 1.600e+00 ; 2.800e+00 ; 2.7568999e+01 ; 2.2000000e+02 
3.500e+01 ; 1.600e+00 ; 2.800e+00 ; 2.7576999e+01 ; 2.2000000e+02 
3.500e+01 ; 1.600e+00 ; 2.800e+00 ; 2.7592999e+01 ; 2.2000000e+02 
3.500e+01 ; 1.600e+00 ; 2.800e+00 ; 2.7624999e+01 ; 2.2000000e+02 
3.500e+01 ; 1.600e+00 ; 2.800e+00 ; 2.7688999e+01 ; 2.2000000e+02 
3.500e+01 ; 1.600e+00 ; 2.800e+00 ; 2.7816999e+01 ; 2.2000000e+02 
3.500e+01 ; 1.600e+00 ; 2.800e+00 ; 2.8072999e+01 ; 2.2000000e+02 
3.500e+01 ; 1.600e+00 ; 2.800e+00 ; 2.8584998e+01 ; 2.2000000e+02 
3.500e+01 ; 1.600e+00 ; 2.800e+00 ; 2.8619998e+01 ; 2.2000000e+02 
3.500e+01 ; 1.600e+00 ; 2.800e+00 ; 2.8619998e+01 ; 2.2000000e+02 
3.500e+01 ; 1.600e+00 ; 2.800e+00 ; 2.8620998e+01 ; 2.2000000e+02 
3.500e+01 ; 1.600e+00 ; 2.800e+00 ; 2.8621998e+01 ; 2.2000000e+02 
3.500e+01 ; 1.600e+00 ; 2.800e+00 ; 2.8622998e+01 ; 2.2000000e+02 
3.500e+01 ; 1.600e+00 ; 2.800e+00 ; 2.8624998e+01 ; 2.2000000e+02 
3.500e+01 ; 1.600e+00 ; 2.800e+00 ; 2.8628998e+01 ; 2.2000000e+02 
3.500e+01 ; 1.600e+00 ; 2.800e+00 ; 2.8636998e+01 ; 2.2000000e+02 
3.500e+01 ; 1.600e+00 ; 2.800e+00 ; 2.8652998e+01 ; 2.2000000e+02 
3.500e+01 ; 1.600e+00 ; 2.800e+00 ; 2.8684998e+01 ; 2.2000000e+02 
3.500e+01 ; 1.600e+00 ; 2.800e+00 ; 2.8748998e+01 ; 2.2000000e+02 
3.500e+01 ; 1.600e+00 ; 2.800e+00 ; 2.8876998e+01 ; 2.2000000e+02 
3.500e+01 ; 1.600e+00 ; 2.800e+00 ; 2.9132998e+01 ; 2.2000000e+02 
3.500e+01 ; 1.600e+00 ; 2.800e+00 ; 2.9644998e+01 ; 2.2000000e+02 
3.500e+01 ; 1.600e+00 ; 2.800e+00 ; 2.9679998e+01 ; 2.2000000e+02 
3.500e+01 ; 1.600e+00 ; 2.800e+00 ; 2.9679998e+01 ; 2.2000000e+02 
3.500e+01 ; 1.600e+00 ; 2.800e+00 ; 2.9680998e+01 ; 2.2000000e+02 
3.500e+01 ; 1.600e+00 ; 2.800e+00 ; 2.9681998e+01 ; 2.2000000e+02 
3.500e+01 ; 1.600e+00 ; 2.800e+00 ; 2.9682998e+01 ; 2.2000000e+02 
3.500e+01 ; 1.600e+00 ; 2.800e+00 ; 2.9684998e+01 ; 2.2000000e+02 
3.500e+01 ; 1.600e+00 ; 2.800e+00 ; 2.9688998e+01 ; 2.2000000e+02 
3.500e+01 ; 1.600e+00 ; 2.800e+00 ; 2.9696998e+01 ; 2.2000000e+02 
3.500e+01 ; 1.600e+00 ; 2.800e+00 ; 2.9712998e+01 ; 2.2000000e+02 
3.500e+01 ; 1.600e+00 ; 2.800e+00 ; 2.9744998e+01 ; 2.2000000e+02 
3.500e+01 ; 1.600e+00 ; 2.800e+00 ; 2.9808998e+01 ; 2.2000000e+02 
3.500e+01 ; 1.600e+00 ; 2.800e+00 ; 2.9936998e+01 ; 2.2000000e+02 
3.500e+01 ; 1.600e+00 ; 2.800e+00 ; 3.0192998e+01 ; 2.2000000e+02 
3.500e+01 ; 1.600e+00 ; 2.800e+00 ; 3.0704998e+01 ; 2.2000000e+02 
3.500e+01 ; 1.600e+00 ; 2.800e+00 ; 3.0739998e+01 ; 2.2000000e+02 
3.500e+01 ; 1.600e+00 ; 2.800e+00 ; 3.0739998e+01 ; 2.2000000e+02 
3.500e+01 ; 1.600e+00 ; 2.800e+00 ; 3.0740998e+01 ; 2.2000000e+02 
3.500e+01 ; 1.600e+00 ; 2.800e+00 ; 3.0741998e+01 ; 2.2000000e+02 
3.500e+01 ; 1.600e+00 ; 2.800e+00 ; 3.0742998e+01 ; 2.2000000e+02 
3.500e+01 ; 1.600e+00 ; 2.800e+00 ; 3.0744998e+01 ; 2.2000000e+02 
3.500e+01 ; 1.600e+00 ; 2.800e+00 ; 3.0748998e+01 ; 2.2000000e+02 
3.500e+01 ; 1.600e+00 ; 2.800e+00 ; 3.0756998e+01 ; 2.2000000e+02 
3.500e+01 ; 1.600e+00 ; 2.800e+00 ; 3.0772998e+01 ; 2.2000000e+02 
3.500e+01 ; 1.600e+00 ; 2.800e+00 ; 3.0804998e+01 ; 2.2000000e+02 
3.500e+01 ; 1.600e+00 ; 2.800e+00 ; 3.0868998e+01 ; 2.2000000e+02 
3.500e+01 ; 1.600e+00 ; 2.800e+00 ; 3.0996998e+01 ; 2.2000000e+02 
3.500e+01 ; 1.600e+00 ; 2.800e+00 ; 3.1252998e+01 ; 2.2000000e+02 
3.500e+01 ; 1.600e+00 ; 2.800e+00 ; 3.1764998e+01 ; 2.2000000e+02 
3.500e+01 ; 1.600e+00 ; 2.800e+00 ; 3.1799998e+01 ; 2.2000000e+02 
3.500e+01 ; 1.600e+00 ; 2.800e+00 ; 3.1799998e+01 ; 2.2000000e+02 
3.500e+01 ; 1.600e+00 ; 2.800e+00 ; 3.1800998e+01 ; 2.2000000e+02 
3.500e+01 ; 1.600e+00 ; 2.800e+00 ; 3.1801998e+01 ; 2.2000000e+02 
3.500e+01 ; 1.600e+00 ; 2.800e+00 ; 3.1802998e+01 ; 2.2000000e+02 
3.500e+01 ; 1.600e+00 ; 2.800e+00 ; 3.1804998e+01 ; 2.2000000e+02 
3.500e+01 ; 1.600e+00 ; 2.800e+00 ; 3.1808998e+01 ; 2.2000000e+02 
3.500e+01 ; 1.600e+00 ; 2.800e+00 ; 3.1816998e+01 ; 2.2000000e+02 
3.500e+01 ; 1.600e+00 ; 2.800e+00 ; 3.1832998e+01 ; 2.2000000e+02 
3.500e+01 ; 1.600e+00 ; 2.800e+00 ; 3.1864998e+01 ; 2.2000000e+02 
3.500e+01 ; 1.600e+00 ; 2.800e+00 ; 3.1928998e+01 ; 2.2000000e+02 
3.500e+01 ; 1.600e+00 ; 2.800e+00 ; 3.2056998e+01 ; 2.2000000e+02 
3.500e+01 ; 1.600e+00 ; 2.800e+00 ; 3.2312998e+01 ; 2.2000000e+02 
3.500e+01 ; 1.600e+00 ; 2.800e+00 ; 3.2824998e+01 ; 2.2000000e+02 
3.500e+01 ; 1.600e+00 ; 2.800e+00 ; 3.2859998e+01 ; 2.2000000e+02 
3.500e+01 ; 1.600e+00 ; 2.800e+00 ; 3.2859998e+01 ; 2.2000000e+02 
3.500e+01 ; 1.600e+00 ; 2.800e+00 ; 3.2860998e+01 ; 2.2000000e+02 
3.500e+01 ; 1.600e+00 ; 2.800e+00 ; 3.2861998e+01 ; 2.2000000e+02 
3.500e+01 ; 1.600e+00 ; 2.800e+00 ; 3.2862998e+01 ; 2.2000000e+02 
3.500e+01 ; 1.600e+00 ; 2.800e+00 ; 3.2864998e+01 ; 2.2000000e+02 
3.500e+01 ; 1.600e+00 ; 2.800e+00 ; 3.2868998e+01 ; 2.2000000e+02 
3.500e+01 ; 1.600e+00 ; 2.800e+00 ; 3.2876998e+01 ; 2.2000000e+02 
3.500e+01 ; 1.600e+00 ; 2.800e+00 ; 3.2892998e+01 ; 2.2000000e+02 
3.500e+01 ; 1.600e+00 ; 2.800e+00 ; 3.2924998e+01 ; 2.2000000e+02 
3.500e+01 ; 1.600e+00 ; 2.800e+00 ; 3.2988998e+01 ; 2.2000000e+02 
3.500e+01 ; 1.600e+00 ; 2.800e+00 ; 3.3116998e+01 ; 2.2000000e+02 
3.500e+01 ; 1.600e+00 ; 2.800e+00 ; 3.3372998e+01 ; 2.2000000e+02 
3.500e+01 ; 1.600e+00 ; 2.800e+00 ; 3.3884998e+01 ; 2.2000000e+02 
3.500e+01 ; 1.600e+00 ; 2.800e+00 ; 3.3919998e+01 ; 2.2000000e+02 
3.500e+01 ; 1.600e+00 ; 2.800e+00 ; 3.3919998e+01 ; 2.2000000e+02 
3.500e+01 ; 1.600e+00 ; 2.800e+00 ; 3.3920998e+01 ; 2.2000000e+02 
3.500e+01 ; 1.600e+00 ; 2.800e+00 ; 3.3921998e+01 ; 2.2000000e+02 
3.500e+01 ; 1.600e+00 ; 2.800e+00 ; 3.3922998e+01 ; 2.2000000e+02 
3.500e+01 ; 1.600e+00 ; 2.800e+00 ; 3.3924998e+01 ; 2.2000000e+02 
3.500e+01 ; 1.600e+00 ; 2.800e+00 ; 3.3928998e+01 ; 2.2000000e+02 
3.500e+01 ; 1.600e+00 ; 2.800e+00 ; 3.3936998e+01 ; 2.2000000e+02 
3.500e+01 ; 1.600e+00 ; 2.800e+00 ; 3.3952998e+01 ; 2.2000000e+02 
3.500e+01 ; 1.600e+00 ; 2.800e+00 ; 3.3984998e+01 ; 2.2000000e+02 
3.500e+01 ; 1.600e+00 ; 2.800e+00 ; 3.4048998e+01 ; 2.2000000e+02 
3.500e+01 ; 1.600e+00 ; 2.800e+00 ; 3.4176998e+01 ; 2.2000000e+02 
3.500e+01 ; 1.600e+00 ; 2.800e+00 ; 3.4432998e+01 ; 2.2000000e+02 
3.500e+01 ; 1.600e+00 ; 2.800e+00 ; 3.4944998e+01 ; 2.2000000e+02 
3.500e+01 ; 1.600e+00 ; 2.800e+00 ; 3.4979998e+01 ; 2.2000000e+02 
3.500e+01 ; 1.600e+00 ; 2.800e+00 ; 3.4979998e+01 ; 2.2000000e+02 
3.500e+01 ; 1.600e+00 ; 2.800e+00 ; 3.4980998e+01 ; 2.2000000e+02 
3.500e+01 ; 1.600e+00 ; 2.800e+00 ; 3.4981998e+01 ; 2.2000000e+02 
3.500e+01 ; 1.600e+00 ; 2.800e+00 ; 3.4982998e+01 ; 2.2000000e+02 
3.500e+01 ; 1.600e+00 ; 2.800e+00 ; 3.4984998e+01 ; 2.2000000e+02 
3.500e+01 ; 1.600e+00 ; 2.800e+00 ; 3.4988998e+01 ; 2.2000000e+02 
3.500e+01 ; 1.600e+00 ; 2.800e+00 ; 3.4996998e+01 ; 2.2000000e+02 
3.500e+01 ; 1.600e+00 ; 2.800e+00 ; 3.5012998e+01 ; 2.2000000e+02 
3.500e+01 ; 1.600e+00 ; 2.800e+00 ; 3.5044998e+01 ; 2.2000000e+02 
3.500e+01 ; 1.600e+00 ; 2.800e+00 ; 3.5108998e+01 ; 2.2000000e+02 
3.500e+01 ; 1.600e+00 ; 2.800e+00 ; 3.5236998e+01 ; 2.2000000e+02 
3.500e+01 ; 1.600e+00 ; 2.800e+00 ; 3.5492998e+01 ; 2.2000000e+02 
3.500e+01 ; 1.600e+00 ; 2.800e+00 ; 3.6004998e+01 ; 2.2000000e+02 
3.500e+01 ; 1.600e+00 ; 2.800e+00 ; 3.6039998e+01 ; 2.2000000e+02 
3.500e+01 ; 1.600e+00 ; 2.800e+00 ; 3.6039998e+01 ; 2.2000000e+02 
3.500e+01 ; 1.600e+00 ; 2.800e+00 ; 3.6040998e+01 ; 2.2000000e+02 
3.500e+01 ; 1.600e+00 ; 2.800e+00 ; 3.6041998e+01 ; 2.2000000e+02 
3.500e+01 ; 1.600e+00 ; 2.800e+00 ; 3.6042998e+01 ; 2.2000000e+02 
3.500e+01 ; 1.600e+00 ; 2.800e+00 ; 3.6044998e+01 ; 2.2000000e+02 
3.500e+01 ; 1.600e+00 ; 2.800e+00 ; 3.6048998e+01 ; 2.2000000e+02 
3.500e+01 ; 1.600e+00 ; 2.800e+00 ; 3.6056998e+01 ; 2.2000000e+02 
3.500e+01 ; 1.600e+00 ; 2.800e+00 ; 3.6072998e+01 ; 2.2000000e+02 
3.500e+01 ; 1.600e+00 ; 2.800e+00 ; 3.6104998e+01 ; 2.2000000e+02 
3.500e+01 ; 1.600e+00 ; 2.800e+00 ; 3.6168998e+01 ; 2.2000000e+02 
3.500e+01 ; 1.600e+00 ; 2.800e+00 ; 3.6296998e+01 ; 2.2000000e+02 
3.500e+01 ; 1.600e+00 ; 2.800e+00 ; 3.6552998e+01 ; 2.2000000e+02 
3.500e+01 ; 1.600e+00 ; 2.800e+00 ; 3.7064998e+01 ; 2.2000000e+02 
3.500e+01 ; 1.600e+00 ; 2.800e+00 ; 3.7099998e+01 ; 2.2000000e+02 
3.500e+01 ; 1.600e+00 ; 2.800e+00 ; 3.7099998e+01 ; 2.2000000e+02 
3.500e+01 ; 1.600e+00 ; 2.800e+00 ; 3.7100998e+01 ; 2.2000000e+02 
3.500e+01 ; 1.600e+00 ; 2.800e+00 ; 3.7101998e+01 ; 2.2000000e+02 
3.500e+01 ; 1.600e+00 ; 2.800e+00 ; 3.7102998e+01 ; 2.2000000e+02 
3.500e+01 ; 1.600e+00 ; 2.800e+00 ; 3.7104998e+01 ; 2.2000000e+02 
3.500e+01 ; 1.600e+00 ; 2.800e+00 ; 3.7108998e+01 ; 2.2000000e+02 
3.500e+01 ; 1.600e+00 ; 2.800e+00 ; 3.7116998e+01 ; 2.2000000e+02 
3.500e+01 ; 1.600e+00 ; 2.800e+00 ; 3.7132998e+01 ; 2.2000000e+02 
3.500e+01 ; 1.600e+00 ; 2.800e+00 ; 3.7164998e+01 ; 2.2000000e+02 
3.500e+01 ; 1.600e+00 ; 2.800e+00 ; 3.7228998e+01 ; 2.2000000e+02 
3.500e+01 ; 1.600e+00 ; 2.800e+00 ; 3.7356998e+01 ; 2.2000000e+02 
3.500e+01 ; 1.600e+00 ; 2.800e+00 ; 3.7612998e+01 ; 2.2000000e+02 
3.500e+01 ; 1.600e+00 ; 2.800e+00 ; 3.8124998e+01 ; 2.2000000e+02 
3.500e+01 ; 1.600e+00 ; 2.800e+00 ; 3.8159998e+01 ; 2.2000000e+02 
3.500e+01 ; 1.600e+00 ; 2.800e+00 ; 3.8159998e+01 ; 2.2000000e+02 
3.500e+01 ; 1.600e+00 ; 2.800e+00 ; 3.8160998e+01 ; 2.2000000e+02 
3.500e+01 ; 1.600e+00 ; 2.800e+00 ; 3.8161998e+01 ; 2.2000000e+02 
3.500e+01 ; 1.600e+00 ; 2.800e+00 ; 3.8162998e+01 ; 2.2000000e+02 
3.500e+01 ; 1.600e+00 ; 2.800e+00 ; 3.8164998e+01 ; 2.2000000e+02 
3.500e+01 ; 1.600e+00 ; 2.800e+00 ; 3.8168998e+01 ; 2.2000000e+02 
3.500e+01 ; 1.600e+00 ; 2.800e+00 ; 3.8176998e+01 ; 2.2000000e+02 
3.500e+01 ; 1.600e+00 ; 2.800e+00 ; 3.8192998e+01 ; 2.2000000e+02 
3.500e+01 ; 1.600e+00 ; 2.800e+00 ; 3.8224998e+01 ; 2.2000000e+02 
3.500e+01 ; 1.600e+00 ; 2.800e+00 ; 3.8288998e+01 ; 2.2000000e+02 
3.500e+01 ; 1.600e+00 ; 2.800e+00 ; 3.8416998e+01 ; 2.2000000e+02 
3.500e+01 ; 1.600e+00 ; 2.800e+00 ; 3.8672998e+01 ; 2.2000000e+02 
3.500e+01 ; 1.600e+00 ; 2.800e+00 ; 3.9184998e+01 ; 2.2000000e+02 
3.500e+01 ; 1.600e+00 ; 2.800e+00 ; 3.9219998e+01 ; 2.2000000e+02 
3.500e+01 ; 1.600e+00 ; 2.800e+00 ; 3.9219998e+01 ; 2.2000000e+02 
3.500e+01 ; 1.600e+00 ; 2.800e+00 ; 3.9220998e+01 ; 2.2000000e+02 
3.500e+01 ; 1.600e+00 ; 2.800e+00 ; 3.9221998e+01 ; 2.2000000e+02 
3.500e+01 ; 1.600e+00 ; 2.800e+00 ; 3.9222998e+01 ; 2.2000000e+02 
3.500e+01 ; 1.600e+00 ; 2.800e+00 ; 3.9224998e+01 ; 2.2000000e+02 
3.500e+01 ; 1.600e+00 ; 2.800e+00 ; 3.9228998e+01 ; 2.2000000e+02 
3.500e+01 ; 1.600e+00 ; 2.800e+00 ; 3.9236998e+01 ; 2.2000000e+02 
3.500e+01 ; 1.600e+00 ; 2.800e+00 ; 3.9252998e+01 ; 2.2000000e+02 
3.500e+01 ; 1.600e+00 ; 2.800e+00 ; 3.9284998e+01 ; 2.2000000e+02 
3.500e+01 ; 1.600e+00 ; 2.800e+00 ; 3.9348998e+01 ; 2.2000000e+02 
3.500e+01 ; 1.600e+00 ; 2.800e+00 ; 3.9476998e+01 ; 2.2000000e+02 
3.500e+01 ; 1.600e+00 ; 2.800e+00 ; 3.9732998e+01 ; 2.2000000e+02 
3.500e+01 ; 1.600e+00 ; 2.800e+00 ; 4.0244998e+01 ; 2.2000000e+02 
3.500e+01 ; 1.600e+00 ; 2.800e+00 ; 4.0279998e+01 ; 2.2000000e+02 
3.500e+01 ; 1.600e+00 ; 2.800e+00 ; 4.0279998e+01 ; 2.2000000e+02 
3.500e+01 ; 1.600e+00 ; 2.800e+00 ; 4.0280998e+01 ; 2.2000000e+02 
3.500e+01 ; 1.600e+00 ; 2.800e+00 ; 4.0281998e+01 ; 2.2000000e+02 
3.500e+01 ; 1.600e+00 ; 2.800e+00 ; 4.0282998e+01 ; 2.2000000e+02 
3.500e+01 ; 1.600e+00 ; 2.800e+00 ; 4.0284998e+01 ; 2.2000000e+02 
3.500e+01 ; 1.600e+00 ; 2.800e+00 ; 4.0288998e+01 ; 2.2000000e+02 
3.500e+01 ; 1.600e+00 ; 2.800e+00 ; 4.0296998e+01 ; 2.2000000e+02 
3.500e+01 ; 1.600e+00 ; 2.800e+00 ; 4.0312998e+01 ; 2.2000000e+02 
3.500e+01 ; 1.600e+00 ; 2.800e+00 ; 4.0344998e+01 ; 2.2000000e+02 
3.500e+01 ; 1.600e+00 ; 2.800e+00 ; 4.0408998e+01 ; 2.2000000e+02 
3.500e+01 ; 1.600e+00 ; 2.800e+00 ; 4.0536998e+01 ; 2.2000000e+02 
3.500e+01 ; 1.600e+00 ; 2.800e+00 ; 4.0792998e+01 ; 2.2000000e+02 
3.500e+01 ; 1.600e+00 ; 2.800e+00 ; 4.1304998e+01 ; 2.2000000e+02 
3.500e+01 ; 1.600e+00 ; 2.800e+00 ; 4.1339998e+01 ; 2.2000000e+02 
3.500e+01 ; 1.600e+00 ; 2.800e+00 ; 4.1339998e+01 ; 2.2000000e+02 
3.500e+01 ; 1.600e+00 ; 2.800e+00 ; 4.1340998e+01 ; 2.2000000e+02 
3.500e+01 ; 1.600e+00 ; 2.800e+00 ; 4.1341998e+01 ; 2.2000000e+02 
3.500e+01 ; 1.600e+00 ; 2.800e+00 ; 4.1342998e+01 ; 2.2000000e+02 
3.500e+01 ; 1.600e+00 ; 2.800e+00 ; 4.1344998e+01 ; 2.2000000e+02 
3.500e+01 ; 1.600e+00 ; 2.800e+00 ; 4.1348998e+01 ; 2.2000000e+02 
3.500e+01 ; 1.600e+00 ; 2.800e+00 ; 4.1356998e+01 ; 2.2000000e+02 
3.500e+01 ; 1.600e+00 ; 2.800e+00 ; 4.1372998e+01 ; 2.2000000e+02 
3.500e+01 ; 1.600e+00 ; 2.800e+00 ; 4.1404998e+01 ; 2.2000000e+02 
3.500e+01 ; 1.600e+00 ; 2.800e+00 ; 4.1468998e+01 ; 2.2000000e+02 
3.500e+01 ; 1.600e+00 ; 2.800e+00 ; 4.1596998e+01 ; 2.2000000e+02 
3.500e+01 ; 1.600e+00 ; 2.800e+00 ; 4.1852998e+01 ; 2.2000000e+02 
3.500e+01 ; 1.600e+00 ; 2.800e+00 ; 4.2364998e+01 ; 2.2000000e+02 
3.500e+01 ; 1.600e+00 ; 2.800e+00 ; 4.2399998e+01 ; 2.2000000e+02 
3.500e+01 ; 1.600e+00 ; 2.800e+00 ; 4.2399998e+01 ; 2.2000000e+02 
3.500e+01 ; 1.600e+00 ; 2.800e+00 ; 4.2400998e+01 ; 2.2000000e+02 
3.500e+01 ; 1.600e+00 ; 2.800e+00 ; 4.2401998e+01 ; 2.2000000e+02 
3.500e+01 ; 1.600e+00 ; 2.800e+00 ; 4.2402998e+01 ; 2.2000000e+02 
3.500e+01 ; 1.600e+00 ; 2.800e+00 ; 4.2404998e+01 ; 2.2000000e+02 
3.500e+01 ; 1.600e+00 ; 2.800e+00 ; 4.2408998e+01 ; 2.2000000e+02 
3.500e+01 ; 1.600e+00 ; 2.800e+00 ; 4.2416998e+01 ; 2.2000000e+02 
3.500e+01 ; 1.600e+00 ; 2.800e+00 ; 4.2432998e+01 ; 2.2000000e+02 
3.500e+01 ; 1.600e+00 ; 2.800e+00 ; 4.2464998e+01 ; 2.2000000e+02 
3.500e+01 ; 1.600e+00 ; 2.800e+00 ; 4.2528998e+01 ; 2.2000000e+02 
3.500e+01 ; 1.600e+00 ; 2.800e+00 ; 4.2656998e+01 ; 2.2000000e+02 
3.500e+01 ; 1.600e+00 ; 2.800e+00 ; 4.2912998e+01 ; 2.2000000e+02 
3.500e+01 ; 1.600e+00 ; 2.800e+00 ; 4.3424998e+01 ; 2.2000000e+02 
3.500e+01 ; 1.600e+00 ; 2.800e+00 ; 4.3459998e+01 ; 2.2000000e+02 
3.500e+01 ; 1.600e+00 ; 2.800e+00 ; 4.3459998e+01 ; 2.2000000e+02 
3.500e+01 ; 1.600e+00 ; 2.800e+00 ; 4.3460998e+01 ; 2.2000000e+02 
3.500e+01 ; 1.600e+00 ; 2.800e+00 ; 4.3461998e+01 ; 2.2000000e+02 
3.500e+01 ; 1.600e+00 ; 2.800e+00 ; 4.3462998e+01 ; 2.2000000e+02 
3.500e+01 ; 1.600e+00 ; 2.800e+00 ; 4.3464998e+01 ; 2.2000000e+02 
3.500e+01 ; 1.600e+00 ; 2.800e+00 ; 4.3468998e+01 ; 2.2000000e+02 
3.500e+01 ; 1.600e+00 ; 2.800e+00 ; 4.3476998e+01 ; 2.2000000e+02 
3.500e+01 ; 1.600e+00 ; 2.800e+00 ; 4.3492998e+01 ; 2.2000000e+02 
3.500e+01 ; 1.600e+00 ; 2.800e+00 ; 4.3524998e+01 ; 2.2000000e+02 
3.500e+01 ; 1.600e+00 ; 2.800e+00 ; 4.3588998e+01 ; 2.2000000e+02 
3.500e+01 ; 1.600e+00 ; 2.800e+00 ; 4.3716998e+01 ; 2.2000000e+02 
3.500e+01 ; 1.600e+00 ; 2.800e+00 ; 4.3972998e+01 ; 2.2000000e+02 
3.500e+01 ; 1.600e+00 ; 2.800e+00 ; 4.4484998e+01 ; 2.2000000e+02 
3.500e+01 ; 1.600e+00 ; 2.800e+00 ; 4.4519998e+01 ; 2.2000000e+02 
3.500e+01 ; 1.600e+00 ; 2.800e+00 ; 4.4519998e+01 ; 2.2000000e+02 
3.500e+01 ; 1.600e+00 ; 2.800e+00 ; 4.4520998e+01 ; 2.2000000e+02 
3.500e+01 ; 1.600e+00 ; 2.800e+00 ; 4.4521998e+01 ; 2.2000000e+02 
3.500e+01 ; 1.600e+00 ; 2.800e+00 ; 4.4522998e+01 ; 2.2000000e+02 
3.500e+01 ; 1.600e+00 ; 2.800e+00 ; 4.4524998e+01 ; 2.2000000e+02 
3.500e+01 ; 1.600e+00 ; 2.800e+00 ; 4.4528998e+01 ; 2.2000000e+02 
3.500e+01 ; 1.600e+00 ; 2.800e+00 ; 4.4536998e+01 ; 2.2000000e+02 
3.500e+01 ; 1.600e+00 ; 2.800e+00 ; 4.4552998e+01 ; 2.2000000e+02 
3.500e+01 ; 1.600e+00 ; 2.800e+00 ; 4.4584998e+01 ; 2.2000000e+02 
3.500e+01 ; 1.600e+00 ; 2.800e+00 ; 4.4648998e+01 ; 2.2000000e+02 
3.500e+01 ; 1.600e+00 ; 2.800e+00 ; 4.4776998e+01 ; 2.2000000e+02 
3.500e+01 ; 1.600e+00 ; 2.800e+00 ; 4.5032998e+01 ; 2.2000000e+02 
3.500e+01 ; 1.600e+00 ; 2.800e+00 ; 4.5544998e+01 ; 2.2000000e+02 
3.500e+01 ; 1.600e+00 ; 2.800e+00 ; 4.5579998e+01 ; 2.2000000e+02 
3.500e+01 ; 1.600e+00 ; 2.800e+00 ; 4.5579998e+01 ; 2.2000000e+02 
3.500e+01 ; 1.600e+00 ; 2.800e+00 ; 4.5580998e+01 ; 2.2000000e+02 
3.500e+01 ; 1.600e+00 ; 2.800e+00 ; 4.5581998e+01 ; 2.2000000e+02 
3.500e+01 ; 1.600e+00 ; 2.800e+00 ; 4.5582998e+01 ; 2.2000000e+02 
3.500e+01 ; 1.600e+00 ; 2.800e+00 ; 4.5584998e+01 ; 2.2000000e+02 
3.500e+01 ; 1.600e+00 ; 2.800e+00 ; 4.5588998e+01 ; 2.2000000e+02 
3.500e+01 ; 1.600e+00 ; 2.800e+00 ; 4.5596998e+01 ; 2.2000000e+02 
3.500e+01 ; 1.600e+00 ; 2.800e+00 ; 4.5612998e+01 ; 2.2000000e+02 
3.500e+01 ; 1.600e+00 ; 2.800e+00 ; 4.5644998e+01 ; 2.2000000e+02 
3.500e+01 ; 1.600e+00 ; 2.800e+00 ; 4.5708998e+01 ; 2.2000000e+02 
3.500e+01 ; 1.600e+00 ; 2.800e+00 ; 4.5836998e+01 ; 2.2000000e+02 
3.500e+01 ; 1.600e+00 ; 2.800e+00 ; 4.6092998e+01 ; 2.2000000e+02 
3.500e+01 ; 1.600e+00 ; 2.800e+00 ; 4.6604998e+01 ; 2.2000000e+02 
3.500e+01 ; 1.600e+00 ; 2.800e+00 ; 4.6639997e+01 ; 2.2000000e+02 
3.500e+01 ; 1.600e+00 ; 2.800e+00 ; 4.6639997e+01 ; 2.2000000e+02 
3.500e+01 ; 1.600e+00 ; 2.800e+00 ; 4.6640997e+01 ; 2.2000000e+02 
3.500e+01 ; 1.600e+00 ; 2.800e+00 ; 4.6641997e+01 ; 2.2000000e+02 
3.500e+01 ; 1.600e+00 ; 2.800e+00 ; 4.6642997e+01 ; 2.2000000e+02 
3.500e+01 ; 1.600e+00 ; 2.800e+00 ; 4.6644997e+01 ; 2.2000000e+02 
3.500e+01 ; 1.600e+00 ; 2.800e+00 ; 4.6648997e+01 ; 2.2000000e+02 
3.500e+01 ; 1.600e+00 ; 2.800e+00 ; 4.6656997e+01 ; 2.2000000e+02 
3.500e+01 ; 1.600e+00 ; 2.800e+00 ; 4.6672997e+01 ; 2.2000000e+02 
3.500e+01 ; 1.600e+00 ; 2.800e+00 ; 4.6704997e+01 ; 2.2000000e+02 
3.500e+01 ; 1.600e+00 ; 2.800e+00 ; 4.6768997e+01 ; 2.2000000e+02 
3.500e+01 ; 1.600e+00 ; 2.800e+00 ; 4.6896997e+01 ; 2.2000000e+02 
3.500e+01 ; 1.600e+00 ; 2.800e+00 ; 4.7152997e+01 ; 2.2000000e+02 
3.500e+01 ; 1.600e+00 ; 2.800e+00 ; 4.7664997e+01 ; 2.2000000e+02 
3.500e+01 ; 1.600e+00 ; 2.800e+00 ; 4.7699997e+01 ; 2.2000000e+02 
3.500e+01 ; 1.600e+00 ; 2.800e+00 ; 4.7699997e+01 ; 2.2000000e+02 
3.500e+01 ; 1.600e+00 ; 2.800e+00 ; 4.7700997e+01 ; 2.2000000e+02 
3.500e+01 ; 1.600e+00 ; 2.800e+00 ; 4.7701997e+01 ; 2.2000000e+02 
3.500e+01 ; 1.600e+00 ; 2.800e+00 ; 4.7702997e+01 ; 2.2000000e+02 
3.500e+01 ; 1.600e+00 ; 2.800e+00 ; 4.7704997e+01 ; 2.2000000e+02 
3.500e+01 ; 1.600e+00 ; 2.800e+00 ; 4.7708997e+01 ; 2.2000000e+02 
3.500e+01 ; 1.600e+00 ; 2.800e+00 ; 4.7716997e+01 ; 2.2000000e+02 
3.500e+01 ; 1.600e+00 ; 2.800e+00 ; 4.7732997e+01 ; 2.2000000e+02 
3.500e+01 ; 1.600e+00 ; 2.800e+00 ; 4.7764997e+01 ; 2.2000000e+02 
3.500e+01 ; 1.600e+00 ; 2.800e+00 ; 4.7828997e+01 ; 2.2000000e+02 
3.500e+01 ; 1.600e+00 ; 2.800e+00 ; 4.7956997e+01 ; 2.2000000e+02 
3.500e+01 ; 1.600e+00 ; 2.800e+00 ; 4.8212997e+01 ; 2.2000000e+02 
3.500e+01 ; 1.600e+00 ; 2.800e+00 ; 4.8724997e+01 ; 2.2000000e+02 
3.500e+01 ; 1.600e+00 ; 2.800e+00 ; 4.8759997e+01 ; 2.2000000e+02 
3.500e+01 ; 1.600e+00 ; 2.800e+00 ; 4.8759997e+01 ; 2.2000000e+02 
3.500e+01 ; 1.600e+00 ; 2.800e+00 ; 4.8760997e+01 ; 2.2000000e+02 
3.500e+01 ; 1.600e+00 ; 2.800e+00 ; 4.8761997e+01 ; 2.2000000e+02 
3.500e+01 ; 1.600e+00 ; 2.800e+00 ; 4.8762997e+01 ; 2.2000000e+02 
3.500e+01 ; 1.600e+00 ; 2.800e+00 ; 4.8764997e+01 ; 2.2000000e+02 
3.500e+01 ; 1.600e+00 ; 2.800e+00 ; 4.8768997e+01 ; 2.2000000e+02 
3.500e+01 ; 1.600e+00 ; 2.800e+00 ; 4.8776997e+01 ; 2.2000000e+02 
3.500e+01 ; 1.600e+00 ; 2.800e+00 ; 4.8792997e+01 ; 2.2000000e+02 
3.500e+01 ; 1.600e+00 ; 2.800e+00 ; 4.8824997e+01 ; 2.2000000e+02 
3.500e+01 ; 1.600e+00 ; 2.800e+00 ; 4.8888997e+01 ; 2.2000000e+02 
3.500e+01 ; 1.600e+00 ; 2.800e+00 ; 4.9016997e+01 ; 2.2000000e+02 
3.500e+01 ; 1.600e+00 ; 2.800e+00 ; 4.9272997e+01 ; 2.2000000e+02 
3.500e+01 ; 1.600e+00 ; 2.800e+00 ; 4.9784997e+01 ; 2.2000000e+02 
3.500e+01 ; 1.600e+00 ; 2.800e+00 ; 4.9819997e+01 ; 2.2000000e+02 
3.500e+01 ; 1.600e+00 ; 2.800e+00 ; 4.9819997e+01 ; 2.2000000e+02 
3.500e+01 ; 1.600e+00 ; 2.800e+00 ; 4.9820997e+01 ; 2.1989140e+02 
3.500e+01 ; 1.600e+00 ; 2.800e+00 ; 4.9821997e+01 ; 2.1978290e+02 
3.500e+01 ; 1.600e+00 ; 2.800e+00 ; 4.9822997e+01 ; 2.1967447e+02 
3.500e+01 ; 1.600e+00 ; 2.800e+00 ; 4.9824997e+01 ; 2.1945795e+02 
3.500e+01 ; 1.600e+00 ; 2.800e+00 ; 4.9828997e+01 ; 2.1902625e+02 
3.500e+01 ; 1.600e+00 ; 2.800e+00 ; 4.9836997e+01 ; 2.1816815e+02 
3.500e+01 ; 1.600e+00 ; 2.800e+00 ; 4.9852997e+01 ; 2.1647295e+02 
3.500e+01 ; 1.600e+00 ; 2.800e+00 ; 4.9884997e+01 ; 2.1316455e+02 
3.500e+01 ; 1.600e+00 ; 2.800e+00 ; 4.9948997e+01 ; 2.0686093e+02 
3.500e+01 ; 1.600e+00 ; 2.800e+00 ; 5.0076997e+01 ; 1.9539636e+02 
3.500e+01 ; 1.600e+00 ; 2.800e+00 ; 5.0332997e+01 ; 1.7628824e+02 
3.500e+01 ; 1.600e+00 ; 2.800e+00 ; 5.0844997e+01 ; 1.4897514e+02 
3.500e+01 ; 1.600e+00 ; 2.800e+00 ; 5.0879997e+01 ; 1.4715688e+02 
3.500e+01 ; 1.600e+00 ; 2.800e+00 ; 5.0879997e+01 ; 1.4715688e+02 
3.500e+01 ; 1.600e+00 ; 2.800e+00 ; 5.0880997e+01 ; 1.4710497e+02 
3.500e+01 ; 1.600e+00 ; 2.800e+00 ; 5.0881997e+01 ; 1.4705310e+02 
3.500e+01 ; 1.600e+00 ; 2.800e+00 ; 5.0882997e+01 ; 1.4700128e+02 
3.500e+01 ; 1.600e+00 ; 2.800e+00 ; 5.0884997e+01 ; 1.4689783e+02 
3.500e+01 ; 1.600e+00 ; 2.800e+00 ; 5.0888997e+01 ; 1.4669160e+02 
3.500e+01 ; 1.600e+00 ; 2.800e+00 ; 5.0896997e+01 ; 1.4628194e+02 
3.500e+01 ; 1.600e+00 ; 2.800e+00 ; 5.0912997e+01 ; 1.4547353e+02 
3.500e+01 ; 1.600e+00 ; 2.800e+00 ; 5.0944997e+01 ; 1.4389888e+02 
3.500e+01 ; 1.600e+00 ; 2.800e+00 ; 5.1008997e+01 ; 1.4090752e+02 
3.500e+01 ; 1.600e+00 ; 2.800e+00 ; 5.1136997e+01 ; 1.3548415e+02 
3.500e+01 ; 1.600e+00 ; 2.800e+00 ; 5.1392997e+01 ; 1.2644341e+02 
3.500e+01 ; 1.600e+00 ; 2.800e+00 ; 5.1904997e+01 ; 1.1338437e+02 
3.500e+01 ; 1.600e+00 ; 2.800e+00 ; 5.1939997e+01 ; 1.1251398e+02 
3.500e+01 ; 1.600e+00 ; 2.800e+00 ; 5.1939997e+01 ; 1.1251398e+02 
3.500e+01 ; 1.600e+00 ; 2.800e+00 ; 5.1940997e+01 ; 1.1248914e+02 
3.500e+01 ; 1.600e+00 ; 2.800e+00 ; 5.1941997e+01 ; 1.1246431e+02 
3.500e+01 ; 1.600e+00 ; 2.800e+00 ; 5.1942997e+01 ; 1.1243949e+02 
3.500e+01 ; 1.600e+00 ; 2.800e+00 ; 5.1944997e+01 ; 1.1238995e+02 
3.500e+01 ; 1.600e+00 ; 2.800e+00 ; 5.1948997e+01 ; 1.1229114e+02 
3.500e+01 ; 1.600e+00 ; 2.800e+00 ; 5.1956997e+01 ; 1.1209470e+02 
3.500e+01 ; 1.600e+00 ; 2.800e+00 ; 5.1972997e+01 ; 1.1170645e+02 
3.500e+01 ; 1.600e+00 ; 2.800e+00 ; 5.2004997e+01 ; 1.1094808e+02 
3.500e+01 ; 1.600e+00 ; 2.800e+00 ; 5.2068997e+01 ; 1.0950050e+02 
3.500e+01 ; 1.600e+00 ; 2.800e+00 ; 5.2196997e+01 ; 1.0685742e+02 
3.500e+01 ; 1.600e+00 ; 2.800e+00 ; 5.2452997e+01 ; 1.0241261e+02 
3.500e+01 ; 1.600e+00 ; 2.800e+00 ; 5.2964997e+01 ; 9.5914154e+01 
3.500e+01 ; 1.600e+00 ; 2.800e+00 ; 5.2999997e+01 ; 9.5480774e+01 
3.500e+01 ; 1.600e+00 ; 2.800e+00 ; 5.2999997e+01 ; 9.5480774e+01 
3.500e+01 ; 1.600e+00 ; 2.800e+00 ; 5.3000997e+01 ; 9.5468407e+01 
3.500e+01 ; 1.600e+00 ; 2.800e+00 ; 5.3001997e+01 ; 9.5456039e+01 
3.500e+01 ; 1.600e+00 ; 2.800e+00 ; 5.3002997e+01 ; 9.5443680e+01 
3.500e+01 ; 1.600e+00 ; 2.800e+00 ; 5.3004997e+01 ; 9.5419006e+01 
3.500e+01 ; 1.600e+00 ; 2.800e+00 ; 5.3008997e+01 ; 9.5369797e+01 
3.500e+01 ; 1.600e+00 ; 2.800e+00 ; 5.3016997e+01 ; 9.5271927e+01 
3.500e+01 ; 1.600e+00 ; 2.800e+00 ; 5.3032997e+01 ; 9.5078407e+01 
3.500e+01 ; 1.600e+00 ; 2.800e+00 ; 5.3064997e+01 ; 9.4699928e+01 
3.500e+01 ; 1.600e+00 ; 2.800e+00 ; 5.3128997e+01 ; 9.3975494e+01 
3.500e+01 ; 1.600e+00 ; 2.800e+00 ; 5.3256997e+01 ; 9.2643883e+01 
3.500e+01 ; 1.600e+00 ; 2.800e+00 ; 5.3512997e+01 ; 9.0367081e+01 
3.500e+01 ; 1.600e+00 ; 2.800e+00 ; 5.4024997e+01 ; 8.6908241e+01 
3.500e+01 ; 1.600e+00 ; 2.800e+00 ; 5.4059997e+01 ; 8.6676765e+01 
3.500e+01 ; 1.600e+00 ; 2.800e+00 ; 5.4059997e+01 ; 8.6676765e+01 
3.500e+01 ; 1.600e+00 ; 2.800e+00 ; 5.4060997e+01 ; 8.6670158e+01 
3.500e+01 ; 1.600e+00 ; 2.800e+00 ; 5.4061997e+01 ; 8.6663551e+01 
3.500e+01 ; 1.600e+00 ; 2.800e+00 ; 5.4062997e+01 ; 8.6656952e+01 
3.500e+01 ; 1.600e+00 ; 2.800e+00 ; 5.4064997e+01 ; 8.6643768e+01 
3.500e+01 ; 1.600e+00 ; 2.800e+00 ; 5.4068997e+01 ; 8.6617455e+01 
3.500e+01 ; 1.600e+00 ; 2.800e+00 ; 5.4076997e+01 ; 8.6565094e+01 
3.500e+01 ; 1.600e+00 ; 2.800e+00 ; 5.4092997e+01 ; 8.6461388e+01 
3.500e+01 ; 1.600e+00 ; 2.800e+00 ; 5.4124997e+01 ; 8.6257919e+01 
3.500e+01 ; 1.600e+00 ; 2.800e+00 ; 5.4188997e+01 ; 8.5866020e+01 
3.500e+01 ; 1.600e+00 ; 2.800e+00 ; 5.4316997e+01 ; 8.5136887e+01 
3.500e+01 ; 1.600e+00 ; 2.800e+00 ; 5.4572997e+01 ; 8.3861458e+01 
3.500e+01 ; 1.600e+00 ; 2.800e+00 ; 5.5084997e+01 ; 8.1842667e+01 
3.500e+01 ; 1.600e+00 ; 2.800e+00 ; 5.5119997e+01 ; 8.1707092e+01 
3.500e+01 ; 1.600e+00 ; 2.800e+00 ; 5.5119997e+01 ; 8.1707092e+01 
3.500e+01 ; 1.600e+00 ; 2.800e+00 ; 5.5120997e+01 ; 8.1703217e+01 
3.500e+01 ; 1.600e+00 ; 2.800e+00 ; 5.5121997e+01 ; 8.1699348e+01 
3.500e+01 ; 1.600e+00 ; 2.800e+00 ; 5.5122997e+01 ; 8.1695480e+01 
3.500e+01 ; 1.600e+00 ; 2.800e+00 ; 5.5124997e+01 ; 8.1687752e+01 
3.500e+01 ; 1.600e+00 ; 2.800e+00 ; 5.5128997e+01 ; 8.1672325e+01 
3.500e+01 ; 1.600e+00 ; 2.800e+00 ; 5.5136997e+01 ; 8.1641609e+01 
3.500e+01 ; 1.600e+00 ; 2.800e+00 ; 5.5152997e+01 ; 8.1580658e+01 
3.500e+01 ; 1.600e+00 ; 2.800e+00 ; 5.5184997e+01 ; 8.1460686e+01 
3.500e+01 ; 1.600e+00 ; 2.800e+00 ; 5.5248997e+01 ; 8.1228149e+01 
3.500e+01 ; 1.600e+00 ; 2.800e+00 ; 5.5376997e+01 ; 8.0790192e+01 
3.500e+01 ; 1.600e+00 ; 2.800e+00 ; 5.5632997e+01 ; 8.0006622e+01 
3.500e+01 ; 1.600e+00 ; 2.800e+00 ; 5.6144997e+01 ; 7.8716805e+01 
3.500e+01 ; 1.600e+00 ; 2.800e+00 ; 5.6179997e+01 ; 7.8629898e+01 
3.500e+01 ; 1.600e+00 ; 2.800e+00 ; 5.6179997e+01 ; 7.8629898e+01 
3.500e+01 ; 1.600e+00 ; 2.800e+00 ; 5.6180997e+01 ; 7.8627419e+01 
3.500e+01 ; 1.600e+00 ; 2.800e+00 ; 5.6181997e+01 ; 7.8624939e+01 
3.500e+01 ; 1.600e+00 ; 2.800e+00 ; 5.6182997e+01 ; 7.8622459e+01 
3.500e+01 ; 1.600e+00 ; 2.800e+00 ; 5.6184997e+01 ; 7.8617500e+01 
3.500e+01 ; 1.600e+00 ; 2.800e+00 ; 5.6188997e+01 ; 7.8607605e+01 
3.500e+01 ; 1.600e+00 ; 2.800e+00 ; 5.6196997e+01 ; 7.8587883e+01 
3.500e+01 ; 1.600e+00 ; 2.800e+00 ; 5.6212997e+01 ; 7.8548698e+01 
3.500e+01 ; 1.600e+00 ; 2.800e+00 ; 5.6244997e+01 ; 7.8471336e+01 
3.500e+01 ; 1.600e+00 ; 2.800e+00 ; 5.6308997e+01 ; 7.8320518e+01 
3.500e+01 ; 1.600e+00 ; 2.800e+00 ; 5.6436997e+01 ; 7.8033363e+01 
3.500e+01 ; 1.600e+00 ; 2.800e+00 ; 5.6692997e+01 ; 7.7509270e+01 
3.500e+01 ; 1.600e+00 ; 2.800e+00 ; 5.7204997e+01 ; 7.6617058e+01 
3.500e+01 ; 1.600e+00 ; 2.800e+00 ; 5.7239997e+01 ; 7.6556786e+01 
3.500e+01 ; 1.600e+00 ; 2.800e+00 ; 5.7239997e+01 ; 7.6556786e+01 
3.500e+01 ; 1.600e+00 ; 2.800e+00 ; 5.7240997e+01 ; 7.6555061e+01 
3.500e+01 ; 1.600e+00 ; 2.800e+00 ; 5.7241997e+01 ; 7.6553337e+01 
3.500e+01 ; 1.600e+00 ; 2.800e+00 ; 5.7242997e+01 ; 7.6551620e+01 
3.500e+01 ; 1.600e+00 ; 2.800e+00 ; 5.7244997e+01 ; 7.6548180e+01 
3.500e+01 ; 1.600e+00 ; 2.800e+00 ; 5.7248997e+01 ; 7.6541313e+01 
3.500e+01 ; 1.600e+00 ; 2.800e+00 ; 5.7256997e+01 ; 7.6527618e+01 
3.500e+01 ; 1.600e+00 ; 2.800e+00 ; 5.7272997e+01 ; 7.6500366e+01 
3.500e+01 ; 1.600e+00 ; 2.800e+00 ; 5.7304997e+01 ; 7.6446442e+01 
3.500e+01 ; 1.600e+00 ; 2.800e+00 ; 5.7368997e+01 ; 7.6340820e+01 
3.500e+01 ; 1.600e+00 ; 2.800e+00 ; 5.7496997e+01 ; 7.6137917e+01 
3.500e+01 ; 1.600e+00 ; 2.800e+00 ; 5.7752997e+01 ; 7.5761589e+01 
3.500e+01 ; 1.600e+00 ; 2.800e+00 ; 5.8264997e+01 ; 7.5103508e+01 
3.500e+01 ; 1.600e+00 ; 2.800e+00 ; 5.8299997e+01 ; 7.5058960e+01 
3.500e+01 ; 1.600e+00 ; 2.800e+00 ; 5.8299997e+01 ; 7.5058960e+01 
3.500e+01 ; 1.600e+00 ; 2.800e+00 ; 5.8300997e+01 ; 7.5057686e+01 
3.500e+01 ; 1.600e+00 ; 2.800e+00 ; 5.8301997e+01 ; 7.5056412e+01 
3.500e+01 ; 1.600e+00 ; 2.800e+00 ; 5.8302997e+01 ; 7.5055145e+01 
3.500e+01 ; 1.600e+00 ; 2.800e+00 ; 5.8304997e+01 ; 7.5052597e+01 
3.500e+01 ; 1.600e+00 ; 2.800e+00 ; 5.8308997e+01 ; 7.5047523e+01 
3.500e+01 ; 1.600e+00 ; 2.800e+00 ; 5.8316997e+01 ; 7.5037384e+01 
3.500e+01 ; 1.600e+00 ; 2.800e+00 ; 5.8332997e+01 ; 7.5017204e+01 
3.500e+01 ; 1.600e+00 ; 2.800e+00 ; 5.8364997e+01 ; 7.4977196e+01 
3.500e+01 ; 1.600e+00 ; 2.800e+00 ; 5.8428997e+01 ; 7.4898544e+01 
3.500e+01 ; 1.600e+00 ; 2.800e+00 ; 5.8556997e+01 ; 7.4746414e+01 
3.500e+01 ; 1.600e+00 ; 2.800e+00 ; 5.8812997e+01 ; 7.4460732e+01 
3.500e+01 ; 1.600e+00 ; 2.800e+00 ; 5.9324997e+01 ; 7.3950737e+01 
3.500e+01 ; 1.600e+00 ; 2.800e+00 ; 5.9359997e+01 ; 7.3916153e+01 
3.500e+01 ; 1.600e+00 ; 2.800e+00 ; 5.9359997e+01 ; 7.3916153e+01 
3.500e+01 ; 1.600e+00 ; 2.800e+00 ; 5.9360997e+01 ; 7.3915169e+01 
3.500e+01 ; 1.600e+00 ; 2.800e+00 ; 5.9361997e+01 ; 7.3914177e+01 
3.500e+01 ; 1.600e+00 ; 2.800e+00 ; 5.9362997e+01 ; 7.3913193e+01 
3.500e+01 ; 1.600e+00 ; 2.800e+00 ; 5.9364997e+01 ; 7.3911217e+01 
3.500e+01 ; 1.600e+00 ; 2.800e+00 ; 5.9368997e+01 ; 7.3907272e+01 
3.500e+01 ; 1.600e+00 ; 2.800e+00 ; 5.9376997e+01 ; 7.3899399e+01 
3.500e+01 ; 1.600e+00 ; 2.800e+00 ; 5.9392997e+01 ; 7.3883713e+01 
3.500e+01 ; 1.600e+00 ; 2.800e+00 ; 5.9424997e+01 ; 7.3852570e+01 
3.500e+01 ; 1.600e+00 ; 2.800e+00 ; 5.9488997e+01 ; 7.3791176e+01 
3.500e+01 ; 1.600e+00 ; 2.800e+00 ; 5.9616997e+01 ; 7.3671814e+01 
3.500e+01 ; 1.600e+00 ; 2.800e+00 ; 5.9872997e+01 ; 7.3445541e+01 
3.500e+01 ; 1.600e+00 ; 2.800e+00 ; 6.0384997e+01 ; 7.3035156e+01 
3.500e+01 ; 1.600e+00 ; 2.800e+00 ; 6.0419997e+01 ; 7.3007301e+01 
3.500e+01 ; 1.600e+00 ; 2.800e+00 ; 6.0419997e+01 ; 7.3007301e+01 
3.500e+01 ; 1.600e+00 ; 2.800e+00 ; 6.0420997e+01 ; 7.3006500e+01 
3.500e+01 ; 1.600e+00 ; 2.800e+00 ; 6.0421997e+01 ; 7.3005707e+01 
3.500e+01 ; 1.600e+00 ; 2.800e+00 ; 6.0422997e+01 ; 7.3004913e+01 
3.500e+01 ; 1.600e+00 ; 2.800e+00 ; 6.0424997e+01 ; 7.3003319e+01 
3.500e+01 ; 1.600e+00 ; 2.800e+00 ; 6.0428997e+01 ; 7.3000145e+01 
3.500e+01 ; 1.600e+00 ; 2.800e+00 ; 6.0436997e+01 ; 7.2993797e+01 
3.500e+01 ; 1.600e+00 ; 2.800e+00 ; 6.0452997e+01 ; 7.2981148e+01 
3.500e+01 ; 1.600e+00 ; 2.800e+00 ; 6.0484997e+01 ; 7.2956001e+01 
3.500e+01 ; 1.600e+00 ; 2.800e+00 ; 6.0548997e+01 ; 7.2906326e+01 
3.500e+01 ; 1.600e+00 ; 2.800e+00 ; 6.0676997e+01 ; 7.2809372e+01 
3.500e+01 ; 1.600e+00 ; 2.800e+00 ; 6.0932997e+01 ; 7.2624260e+01 
3.500e+01 ; 1.600e+00 ; 2.800e+00 ; 6.1444997e+01 ; 7.2284348e+01 
3.500e+01 ; 1.600e+00 ; 2.800e+00 ; 6.1479997e+01 ; 7.2261253e+01 
3.500e+01 ; 1.600e+00 ; 2.800e+00 ; 6.1479997e+01 ; 7.2261253e+01 
3.500e+01 ; 1.600e+00 ; 2.800e+00 ; 6.1480997e+01 ; 7.2260597e+01 
3.500e+01 ; 1.600e+00 ; 2.800e+00 ; 6.1481997e+01 ; 7.2259933e+01 
3.500e+01 ; 1.600e+00 ; 2.800e+00 ; 6.1482997e+01 ; 7.2259277e+01 
3.500e+01 ; 1.600e+00 ; 2.800e+00 ; 6.1484997e+01 ; 7.2257957e+01 
3.500e+01 ; 1.600e+00 ; 2.800e+00 ; 6.1488997e+01 ; 7.2255318e+01 
3.500e+01 ; 1.600e+00 ; 2.800e+00 ; 6.1496997e+01 ; 7.2250061e+01 
3.500e+01 ; 1.600e+00 ; 2.800e+00 ; 6.1512997e+01 ; 7.2239563e+01 
3.500e+01 ; 1.600e+00 ; 2.800e+00 ; 6.1544997e+01 ; 7.2218681e+01 
3.500e+01 ; 1.600e+00 ; 2.800e+00 ; 6.1608997e+01 ; 7.2177368e+01 
3.500e+01 ; 1.600e+00 ; 2.800e+00 ; 6.1736997e+01 ; 7.2096481e+01 
3.500e+01 ; 1.600e+00 ; 2.800e+00 ; 6.1992997e+01 ; 7.1941170e+01 
3.500e+01 ; 1.600e+00 ; 2.800e+00 ; 6.2504997e+01 ; 7.1653191e+01 
3.500e+01 ; 1.600e+00 ; 2.800e+00 ; 6.2539997e+01 ; 7.1633606e+01 
3.500e+01 ; 1.600e+00 ; 2.800e+00 ; 6.2539997e+01 ; 7.1633606e+01 
3.500e+01 ; 1.600e+00 ; 2.800e+00 ; 6.2540997e+01 ; 7.1633049e+01 
3.500e+01 ; 1.600e+00 ; 2.800e+00 ; 6.2541997e+01 ; 7.1632484e+01 
3.500e+01 ; 1.600e+00 ; 2.800e+00 ; 6.2542997e+01 ; 7.1631927e+01 
3.500e+01 ; 1.600e+00 ; 2.800e+00 ; 6.2544997e+01 ; 7.1630814e+01 
3.500e+01 ; 1.600e+00 ; 2.800e+00 ; 6.2548997e+01 ; 7.1628578e+01 
3.500e+01 ; 1.600e+00 ; 2.800e+00 ; 6.2556997e+01 ; 7.1624107e+01 
3.500e+01 ; 1.600e+00 ; 2.800e+00 ; 6.2572997e+01 ; 7.1615204e+01 
3.500e+01 ; 1.600e+00 ; 2.800e+00 ; 6.2604997e+01 ; 7.1597481e+01 
3.500e+01 ; 1.600e+00 ; 2.800e+00 ; 6.2668997e+01 ; 7.1562363e+01 
3.500e+01 ; 1.600e+00 ; 2.800e+00 ; 6.2796997e+01 ; 7.1493439e+01 
3.500e+01 ; 1.600e+00 ; 2.800e+00 ; 6.3052997e+01 ; 7.1360504e+01 
3.500e+01 ; 1.600e+00 ; 2.800e+00 ; 6.3564997e+01 ; 7.1112068e+01 
3.500e+01 ; 1.600e+00 ; 2.800e+00 ; 6.3599997e+01 ; 7.1095169e+01 
3.500e+01 ; 1.600e+00 ; 2.800e+00 ; 6.3599997e+01 ; 7.1095169e+01 
3.500e+01 ; 1.600e+00 ; 2.800e+00 ; 6.3600997e+01 ; 7.1094681e+01 
3.500e+01 ; 1.600e+00 ; 2.800e+00 ; 6.3601997e+01 ; 7.1094200e+01 
3.500e+01 ; 1.600e+00 ; 2.800e+00 ; 6.3602997e+01 ; 7.1093719e+01 
3.500e+01 ; 1.600e+00 ; 2.800e+00 ; 6.3604997e+01 ; 7.1092751e+01 
3.500e+01 ; 1.600e+00 ; 2.800e+00 ; 6.3608997e+01 ; 7.1090820e+01 
3.500e+01 ; 1.600e+00 ; 2.800e+00 ; 6.3616997e+01 ; 7.1086967e+01 
3.500e+01 ; 1.600e+00 ; 2.800e+00 ; 6.3632997e+01 ; 7.1079277e+01 
3.500e+01 ; 1.600e+00 ; 2.800e+00 ; 6.3664997e+01 ; 7.1063957e+01 
3.500e+01 ; 1.600e+00 ; 2.800e+00 ; 6.3728997e+01 ; 7.1033585e+01 
3.500e+01 ; 1.600e+00 ; 2.800e+00 ; 6.3856997e+01 ; 7.0973854e+01 
3.500e+01 ; 1.600e+00 ; 2.800e+00 ; 6.4112997e+01 ; 7.0858231e+01 
3.500e+01 ; 1.600e+00 ; 2.800e+00 ; 6.4624997e+01 ; 7.0640747e+01 
3.500e+01 ; 1.600e+00 ; 2.800e+00 ; 6.4659997e+01 ; 7.0625946e+01 
3.500e+01 ; 1.600e+00 ; 2.800e+00 ; 6.4659997e+01 ; 7.0625946e+01 
3.500e+01 ; 1.600e+00 ; 2.800e+00 ; 6.4660997e+01 ; 7.0625519e+01 
3.500e+01 ; 1.600e+00 ; 2.800e+00 ; 6.4661997e+01 ; 7.0625099e+01 
3.500e+01 ; 1.600e+00 ; 2.800e+00 ; 6.4662997e+01 ; 7.0624672e+01 
3.500e+01 ; 1.600e+00 ; 2.800e+00 ; 6.4664997e+01 ; 7.0623833e+01 
3.500e+01 ; 1.600e+00 ; 2.800e+00 ; 6.4668997e+01 ; 7.0622147e+01 
3.500e+01 ; 1.600e+00 ; 2.800e+00 ; 6.4676997e+01 ; 7.0618790e+01 
3.500e+01 ; 1.600e+00 ; 2.800e+00 ; 6.4692997e+01 ; 7.0612129e+01 
3.500e+01 ; 1.600e+00 ; 2.800e+00 ; 6.4724997e+01 ; 7.0599060e+01 
3.500e+01 ; 1.600e+00 ; 2.800e+00 ; 6.4788997e+01 ; 7.0574165e+01 
3.500e+01 ; 1.600e+00 ; 2.800e+00 ; 6.4916997e+01 ; 7.0530739e+01 
3.500e+01 ; 1.600e+00 ; 2.800e+00 ; 6.5172997e+01 ; 7.0474358e+01 
3.500e+01 ; 1.600e+00 ; 2.800e+00 ; 6.5684996e+01 ; 7.0475739e+01 
3.500e+01 ; 1.600e+00 ; 2.800e+00 ; 6.5719996e+01 ; 7.0476357e+01 
3.500e+01 ; 1.600e+00 ; 2.800e+00 ; 6.5719996e+01 ; 7.0476357e+01 
3.500e+01 ; 1.600e+00 ; 2.800e+00 ; 6.5720996e+01 ; 7.0479439e+01 
3.500e+01 ; 1.600e+00 ; 2.800e+00 ; 6.5721996e+01 ; 7.0482536e+01 
3.500e+01 ; 1.600e+00 ; 2.800e+00 ; 6.5722996e+01 ; 7.0485657e+01 
3.500e+01 ; 1.600e+00 ; 2.800e+00 ; 6.5724996e+01 ; 7.0491982e+01 
3.500e+01 ; 1.600e+00 ; 2.800e+00 ; 6.5728996e+01 ; 7.0504944e+01 
3.500e+01 ; 1.600e+00 ; 2.800e+00 ; 6.5736996e+01 ; 7.0532127e+01 
3.500e+01 ; 1.600e+00 ; 2.800e+00 ; 6.5752996e+01 ; 7.0591316e+01 
3.500e+01 ; 1.600e+00 ; 2.800e+00 ; 6.5784996e+01 ; 7.0727448e+01 
3.500e+01 ; 1.600e+00 ; 2.800e+00 ; 6.5848996e+01 ; 7.1059731e+01 
3.500e+01 ; 1.600e+00 ; 2.800e+00 ; 6.5976996e+01 ; 7.1893051e+01 
3.500e+01 ; 1.600e+00 ; 2.800e+00 ; 6.6232996e+01 ; 7.3853821e+01 
3.500e+01 ; 1.600e+00 ; 2.800e+00 ; 6.6744996e+01 ; 7.7549438e+01 
3.500e+01 ; 1.600e+00 ; 2.800e+00 ; 6.6779996e+01 ; 7.7797150e+01 
3.500e+01 ; 1.600e+00 ; 2.800e+00 ; 6.6779996e+01 ; 7.7797150e+01 
3.500e+01 ; 1.600e+00 ; 2.800e+00 ; 6.6780996e+01 ; 7.7806755e+01 
3.500e+01 ; 1.600e+00 ; 2.800e+00 ; 6.6781996e+01 ; 7.7816360e+01 
3.500e+01 ; 1.600e+00 ; 2.800e+00 ; 6.6782996e+01 ; 7.7825966e+01 
3.500e+01 ; 1.600e+00 ; 2.800e+00 ; 6.6784996e+01 ; 7.7845192e+01 
3.500e+01 ; 1.600e+00 ; 2.800e+00 ; 6.6788996e+01 ; 7.7883690e+01 
3.500e+01 ; 1.600e+00 ; 2.800e+00 ; 6.6796996e+01 ; 7.7960838e+01 
3.500e+01 ; 1.600e+00 ; 2.800e+00 ; 6.6812996e+01 ; 7.8115715e+01 
3.500e+01 ; 1.600e+00 ; 2.800e+00 ; 6.6844996e+01 ; 7.8427177e+01 
3.500e+01 ; 1.600e+00 ; 2.800e+00 ; 6.6908996e+01 ; 7.9052925e+01 
3.500e+01 ; 1.600e+00 ; 2.800e+00 ; 6.7036996e+01 ; 8.0290016e+01 
3.500e+01 ; 1.600e+00 ; 2.800e+00 ; 6.7292996e+01 ; 8.2576004e+01 
3.500e+01 ; 1.600e+00 ; 2.800e+00 ; 6.7804996e+01 ; 8.6020668e+01 
3.500e+01 ; 1.600e+00 ; 2.800e+00 ; 6.7839996e+01 ; 8.6248337e+01 
3.500e+01 ; 1.600e+00 ; 2.800e+00 ; 6.7839996e+01 ; 8.6248337e+01 
3.500e+01 ; 1.600e+00 ; 2.800e+00 ; 6.7840996e+01 ; 8.6254829e+01 
3.500e+01 ; 1.600e+00 ; 2.800e+00 ; 6.7841996e+01 ; 8.6261314e+01 
3.500e+01 ; 1.600e+00 ; 2.800e+00 ; 6.7842996e+01 ; 8.6267792e+01 
3.500e+01 ; 1.600e+00 ; 2.800e+00 ; 6.7844996e+01 ; 8.6280708e+01 
3.500e+01 ; 1.600e+00 ; 2.800e+00 ; 6.7848996e+01 ; 8.6306389e+01 
3.500e+01 ; 1.600e+00 ; 2.800e+00 ; 6.7856996e+01 ; 8.6357147e+01 
3.500e+01 ; 1.600e+00 ; 2.800e+00 ; 6.7872996e+01 ; 8.6456306e+01 
3.500e+01 ; 1.600e+00 ; 2.800e+00 ; 6.7904996e+01 ; 8.6645554e+01 
3.500e+01 ; 1.600e+00 ; 2.800e+00 ; 6.7968996e+01 ; 8.6990128e+01 
3.500e+01 ; 1.600e+00 ; 2.800e+00 ; 6.8096996e+01 ; 8.7560699e+01 
3.500e+01 ; 1.600e+00 ; 2.800e+00 ; 6.8352996e+01 ; 8.8334518e+01 
3.500e+01 ; 1.600e+00 ; 2.800e+00 ; 6.8864996e+01 ; 8.8964348e+01 
3.500e+01 ; 1.600e+00 ; 2.800e+00 ; 6.8899996e+01 ; 8.9003281e+01 
3.500e+01 ; 1.600e+00 ; 2.800e+00 ; 6.8899996e+01 ; 8.9003281e+01 
3.500e+01 ; 1.600e+00 ; 2.800e+00 ; 6.8900996e+01 ; 8.9004395e+01 
3.500e+01 ; 1.600e+00 ; 2.800e+00 ; 6.8901996e+01 ; 8.9005493e+01 
3.500e+01 ; 1.600e+00 ; 2.800e+00 ; 6.8902996e+01 ; 8.9006599e+01 
3.500e+01 ; 1.600e+00 ; 2.800e+00 ; 6.8904996e+01 ; 8.9008789e+01 
3.500e+01 ; 1.600e+00 ; 2.800e+00 ; 6.8908996e+01 ; 8.9013123e+01 
3.500e+01 ; 1.600e+00 ; 2.800e+00 ; 6.8916996e+01 ; 8.9021568e+01 
3.500e+01 ; 1.600e+00 ; 2.800e+00 ; 6.8932996e+01 ; 8.9037628e+01 
3.500e+01 ; 1.600e+00 ; 2.800e+00 ; 6.8964996e+01 ; 8.9066544e+01 
3.500e+01 ; 1.600e+00 ; 2.800e+00 ; 6.9028996e+01 ; 8.9112411e+01 
3.500e+01 ; 1.600e+00 ; 2.800e+00 ; 6.9156996e+01 ; 8.9162460e+01 
3.500e+01 ; 1.600e+00 ; 2.800e+00 ; 6.9412996e+01 ; 8.9135231e+01 
3.500e+01 ; 1.600e+00 ; 2.800e+00 ; 6.9924996e+01 ; 8.8777588e+01 
3.500e+01 ; 1.600e+00 ; 2.800e+00 ; 6.9959996e+01 ; 8.8751785e+01 
3.500e+01 ; 1.600e+00 ; 2.800e+00 ; 6.9959996e+01 ; 8.8751785e+01 
3.500e+01 ; 1.600e+00 ; 2.800e+00 ; 6.9960996e+01 ; 8.8751045e+01 
3.500e+01 ; 1.600e+00 ; 2.800e+00 ; 6.9961996e+01 ; 8.8750313e+01 
3.500e+01 ; 1.600e+00 ; 2.800e+00 ; 6.9962996e+01 ; 8.8749565e+01 
3.500e+01 ; 1.600e+00 ; 2.800e+00 ; 6.9964996e+01 ; 8.8748085e+01 
3.500e+01 ; 1.600e+00 ; 2.800e+00 ; 6.9968996e+01 ; 8.8745094e+01 
3.500e+01 ; 1.600e+00 ; 2.800e+00 ; 6.9976996e+01 ; 8.8739052e+01 
3.500e+01 ; 1.600e+00 ; 2.800e+00 ; 6.9992996e+01 ; 8.8726685e+01 
3.500e+01 ; 1.600e+00 ; 2.800e+00 ; 7.0024996e+01 ; 8.8700928e+01 
3.500e+01 ; 1.600e+00 ; 2.800e+00 ; 7.0088996e+01 ; 8.8645592e+01 
3.500e+01 ; 1.600e+00 ; 2.800e+00 ; 7.0216996e+01 ; 8.8522064e+01 
3.500e+01 ; 1.600e+00 ; 2.800e+00 ; 7.0472996e+01 ; 8.8238289e+01 
3.500e+01 ; 1.600e+00 ; 2.800e+00 ; 7.0984996e+01 ; 8.7598633e+01 
3.500e+01 ; 1.600e+00 ; 2.800e+00 ; 7.1019996e+01 ; 8.7554596e+01 
3.500e+01 ; 1.600e+00 ; 2.800e+00 ; 7.1019996e+01 ; 8.7554596e+01 
3.500e+01 ; 1.600e+00 ; 2.800e+00 ; 7.1020996e+01 ; 8.7553337e+01 
3.500e+01 ; 1.600e+00 ; 2.800e+00 ; 7.1021996e+01 ; 8.7552078e+01 
3.500e+01 ; 1.600e+00 ; 2.800e+00 ; 7.1022996e+01 ; 8.7550819e+01 
3.500e+01 ; 1.600e+00 ; 2.800e+00 ; 7.1024996e+01 ; 8.7548302e+01 
3.500e+01 ; 1.600e+00 ; 2.800e+00 ; 7.1028996e+01 ; 8.7543259e+01 
3.500e+01 ; 1.600e+00 ; 2.800e+00 ; 7.1036996e+01 ; 8.7533157e+01 
3.500e+01 ; 1.600e+00 ; 2.800e+00 ; 7.1052996e+01 ; 8.7512894e+01 
3.500e+01 ; 1.600e+00 ; 2.800e+00 ; 7.1084996e+01 ; 8.7472137e+01 
3.500e+01 ; 1.600e+00 ; 2.800e+00 ; 7.1148996e+01 ; 8.7389839e+01 
3.500e+01 ; 1.600e+00 ; 2.800e+00 ; 7.1276996e+01 ; 8.7222916e+01 
3.500e+01 ; 1.600e+00 ; 2.800e+00 ; 7.1532996e+01 ; 8.6884911e+01 
3.500e+01 ; 1.600e+00 ; 2.800e+00 ; 7.2044996e+01 ; 8.6217133e+01 
3.500e+01 ; 1.600e+00 ; 2.800e+00 ; 7.2079996e+01 ; 8.6171532e+01 
3.500e+01 ; 1.600e+00 ; 2.800e+00 ; 7.2079996e+01 ; 8.6171532e+01 
3.500e+01 ; 1.600e+00 ; 2.800e+00 ; 7.2080996e+01 ; 8.6170227e+01 
3.500e+01 ; 1.600e+00 ; 2.800e+00 ; 7.2081996e+01 ; 8.6168922e+01 
3.500e+01 ; 1.600e+00 ; 2.800e+00 ; 7.2082996e+01 ; 8.6167618e+01 
3.500e+01 ; 1.600e+00 ; 2.800e+00 ; 7.2084996e+01 ; 8.6165016e+01 
3.500e+01 ; 1.600e+00 ; 2.800e+00 ; 7.2088996e+01 ; 8.6159805e+01 
3.500e+01 ; 1.600e+00 ; 2.800e+00 ; 7.2096996e+01 ; 8.6149384e+01 
3.500e+01 ; 1.600e+00 ; 2.800e+00 ; 7.2112996e+01 ; 8.6128563e+01 
3.500e+01 ; 1.600e+00 ; 2.800e+00 ; 7.2144996e+01 ; 8.6086960e+01 
3.500e+01 ; 1.600e+00 ; 2.800e+00 ; 7.2208996e+01 ; 8.6003998e+01 
3.500e+01 ; 1.600e+00 ; 2.800e+00 ; 7.2336996e+01 ; 8.5839287e+01 
3.500e+01 ; 1.600e+00 ; 2.800e+00 ; 7.2592996e+01 ; 8.5516296e+01 
3.500e+01 ; 1.600e+00 ; 2.800e+00 ; 7.3104996e+01 ; 8.4902390e+01 
3.500e+01 ; 1.600e+00 ; 2.800e+00 ; 7.3139996e+01 ; 8.4860580e+01 
3.500e+01 ; 1.600e+00 ; 2.800e+00 ; 7.3139996e+01 ; 8.4860580e+01 
3.500e+01 ; 1.600e+00 ; 2.800e+00 ; 7.3140996e+01 ; 8.4859383e+01 
3.500e+01 ; 1.600e+00 ; 2.800e+00 ; 7.3141996e+01 ; 8.4858185e+01 
3.500e+01 ; 1.600e+00 ; 2.800e+00 ; 7.3142996e+01 ; 8.4856995e+01 
3.500e+01 ; 1.600e+00 ; 2.800e+00 ; 7.3144996e+01 ; 8.4854607e+01 
3.500e+01 ; 1.600e+00 ; 2.800e+00 ; 7.3148996e+01 ; 8.4849831e+01 
3.500e+01 ; 1.600e+00 ; 2.800e+00 ; 7.3156996e+01 ; 8.4840294e+01 
3.500e+01 ; 1.600e+00 ; 2.800e+00 ; 7.3172996e+01 ; 8.4821243e+01 
3.500e+01 ; 1.600e+00 ; 2.800e+00 ; 7.3204996e+01 ; 8.4783272e+01 
3.500e+01 ; 1.600e+00 ; 2.800e+00 ; 7.3268996e+01 ; 8.4707863e+01 
3.500e+01 ; 1.600e+00 ; 2.800e+00 ; 7.3396996e+01 ; 8.4559212e+01 
3.500e+01 ; 1.600e+00 ; 2.800e+00 ; 7.3652996e+01 ; 8.4270821e+01 
3.500e+01 ; 1.600e+00 ; 2.800e+00 ; 7.4164996e+01 ; 8.3729630e+01 
3.500e+01 ; 1.600e+00 ; 2.800e+00 ; 7.4199996e+01 ; 8.3692802e+01 
3.500e+01 ; 1.600e+00 ; 2.800e+00 ; 7.4199996e+01 ; 8.3692802e+01 
3.500e+01 ; 1.600e+00 ; 2.800e+00 ; 7.4200996e+01 ; 8.3691750e+01 
3.500e+01 ; 1.600e+00 ; 2.800e+00 ; 7.4201996e+01 ; 8.3690697e+01 
3.500e+01 ; 1.600e+00 ; 2.800e+00 ; 7.4202996e+01 ; 8.3689651e+01 
3.500e+01 ; 1.600e+00 ; 2.800e+00 ; 7.4204996e+01 ; 8.3687546e+01 
3.500e+01 ; 1.600e+00 ; 2.800e+00 ; 7.4208996e+01 ; 8.3683342e+01 
3.500e+01 ; 1.600e+00 ; 2.800e+00 ; 7.4216996e+01 ; 8.3674942e+01 
3.500e+01 ; 1.600e+00 ; 2.800e+00 ; 7.4232996e+01 ; 8.3658180e+01 
3.500e+01 ; 1.600e+00 ; 2.800e+00 ; 7.4264996e+01 ; 8.3624786e+01 
3.500e+01 ; 1.600e+00 ; 2.800e+00 ; 7.4328996e+01 ; 8.3558563e+01 
3.500e+01 ; 1.600e+00 ; 2.800e+00 ; 7.4456996e+01 ; 8.3428314e+01 
3.500e+01 ; 1.600e+00 ; 2.800e+00 ; 7.4712996e+01 ; 8.3176430e+01 
3.500e+01 ; 1.600e+00 ; 2.800e+00 ; 7.5224996e+01 ; 8.2705162e+01 
3.500e+01 ; 1.600e+00 ; 2.800e+00 ; 7.5259996e+01 ; 8.2673103e+01 
3.500e+01 ; 1.600e+00 ; 2.800e+00 ; 7.5259996e+01 ; 8.2673103e+01 
3.500e+01 ; 1.600e+00 ; 2.800e+00 ; 7.5260996e+01 ; 8.2672188e+01 
3.500e+01 ; 1.600e+00 ; 2.800e+00 ; 7.5261996e+01 ; 8.2671265e+01 
3.500e+01 ; 1.600e+00 ; 2.800e+00 ; 7.5262996e+01 ; 8.2670349e+01 
3.500e+01 ; 1.600e+00 ; 2.800e+00 ; 7.5264996e+01 ; 8.2668518e+01 
3.500e+01 ; 1.600e+00 ; 2.800e+00 ; 7.5268996e+01 ; 8.2664864e+01 
3.500e+01 ; 1.600e+00 ; 2.800e+00 ; 7.5276996e+01 ; 8.2657547e+01 
3.500e+01 ; 1.600e+00 ; 2.800e+00 ; 7.5292996e+01 ; 8.2642960e+01 
3.500e+01 ; 1.600e+00 ; 2.800e+00 ; 7.5324996e+01 ; 8.2613899e+01 
3.500e+01 ; 1.600e+00 ; 2.800e+00 ; 7.5388996e+01 ; 8.2556274e+01 
3.500e+01 ; 1.600e+00 ; 2.800e+00 ; 7.5516996e+01 ; 8.2442978e+01 
3.500e+01 ; 1.600e+00 ; 2.800e+00 ; 7.5772996e+01 ; 8.2223915e+01 
3.500e+01 ; 1.600e+00 ; 2.800e+00 ; 7.6284996e+01 ; 8.1813591e+01 
3.500e+01 ; 1.600e+00 ; 2.800e+00 ; 7.6319996e+01 ; 8.1785667e+01 
3.500e+01 ; 1.600e+00 ; 2.800e+00 ; 7.6319996e+01 ; 8.1785667e+01 
3.500e+01 ; 1.600e+00 ; 2.800e+00 ; 7.6320996e+01 ; 8.1784874e+01 
3.500e+01 ; 1.600e+00 ; 2.800e+00 ; 7.6321996e+01 ; 8.1784073e+01 
3.500e+01 ; 1.600e+00 ; 2.800e+00 ; 7.6322996e+01 ; 8.1783272e+01 
3.500e+01 ; 1.600e+00 ; 2.800e+00 ; 7.6324996e+01 ; 8.1781685e+01 
3.500e+01 ; 1.600e+00 ; 2.800e+00 ; 7.6328996e+01 ; 8.1778496e+01 
3.500e+01 ; 1.600e+00 ; 2.800e+00 ; 7.6336996e+01 ; 8.1772125e+01 
3.500e+01 ; 1.600e+00 ; 2.800e+00 ; 7.6352996e+01 ; 8.1759415e+01 
3.500e+01 ; 1.600e+00 ; 2.800e+00 ; 7.6384996e+01 ; 8.1734108e+01 
3.500e+01 ; 1.600e+00 ; 2.800e+00 ; 7.6448996e+01 ; 8.1683914e+01 
3.500e+01 ; 1.600e+00 ; 2.800e+00 ; 7.6576996e+01 ; 8.1585175e+01 
3.500e+01 ; 1.600e+00 ; 2.800e+00 ; 7.6832996e+01 ; 8.1394035e+01 
3.500e+01 ; 1.600e+00 ; 2.800e+00 ; 7.7344996e+01 ; 8.1034988e+01 
3.500e+01 ; 1.600e+00 ; 2.800e+00 ; 7.7379996e+01 ; 8.1010559e+01 
3.500e+01 ; 1.600e+00 ; 2.800e+00 ; 7.7379996e+01 ; 8.1010559e+01 
3.500e+01 ; 1.600e+00 ; 2.800e+00 ; 7.7380996e+01 ; 8.1009857e+01 
3.500e+01 ; 1.600e+00 ; 2.800e+00 ; 7.7381996e+01 ; 8.1009163e+01 
3.500e+01 ; 1.600e+00 ; 2.800e+00 ; 7.7382996e+01 ; 8.1008461e+01 
3.500e+01 ; 1.600e+00 ; 2.800e+00 ; 7.7384996e+01 ; 8.1007065e+01 
3.500e+01 ; 1.600e+00 ; 2.800e+00 ; 7.7388996e+01 ; 8.1004280e+01 
3.500e+01 ; 1.600e+00 ; 2.800e+00 ; 7.7396996e+01 ; 8.0998703e+01 
3.500e+01 ; 1.600e+00 ; 2.800e+00 ; 7.7412996e+01 ; 8.0987579e+01 
3.500e+01 ; 1.600e+00 ; 2.800e+00 ; 7.7444996e+01 ; 8.0965416e+01 
3.500e+01 ; 1.600e+00 ; 2.800e+00 ; 7.7508996e+01 ; 8.0921455e+01 
3.500e+01 ; 1.600e+00 ; 2.800e+00 ; 7.7636996e+01 ; 8.0834900e+01 
3.500e+01 ; 1.600e+00 ; 2.800e+00 ; 7.7892996e+01 ; 8.0667061e+01 
3.500e+01 ; 1.600e+00 ; 2.800e+00 ; 7.8404996e+01 ; 8.0350708e+01 
3.500e+01 ; 1.600e+00 ; 2.800e+00 ; 7.8439996e+01 ; 8.0329170e+01 
3.500e+01 ; 1.600e+00 ; 2.800e+00 ; 7.8439996e+01 ; 8.0329170e+01 
3.500e+01 ; 1.600e+00 ; 2.800e+00 ; 7.8440996e+01 ; 8.0328560e+01 
3.500e+01 ; 1.600e+00 ; 2.800e+00 ; 7.8441996e+01 ; 8.0327942e+01 
3.500e+01 ; 1.600e+00 ; 2.800e+00 ; 7.8442996e+01 ; 8.0327324e+01 
3.500e+01 ; 1.600e+00 ; 2.800e+00 ; 7.8444996e+01 ; 8.0326096e+01 
3.500e+01 ; 1.600e+00 ; 2.800e+00 ; 7.8448996e+01 ; 8.0323639e+01 
3.500e+01 ; 1.600e+00 ; 2.800e+00 ; 7.8456996e+01 ; 8.0318726e+01 
3.500e+01 ; 1.600e+00 ; 2.800e+00 ; 7.8472996e+01 ; 8.0308922e+01 
3.500e+01 ; 1.600e+00 ; 2.800e+00 ; 7.8504996e+01 ; 8.0289383e+01 
3.500e+01 ; 1.600e+00 ; 2.800e+00 ; 7.8568996e+01 ; 8.0250595e+01 
3.500e+01 ; 1.600e+00 ; 2.800e+00 ; 7.8696996e+01 ; 8.0174171e+01 
3.500e+01 ; 1.600e+00 ; 2.800e+00 ; 7.8952996e+01 ; 8.0025711e+01 
3.500e+01 ; 1.600e+00 ; 2.800e+00 ; 7.9464996e+01 ; 7.9744865e+01 
3.500e+01 ; 1.600e+00 ; 2.800e+00 ; 7.9499996e+01 ; 7.9725746e+01 
3.500e+01 ; 1.600e+00 ; 2.800e+00 ; 7.9499996e+01 ; 7.9725746e+01 
3.500e+01 ; 1.600e+00 ; 2.800e+00 ; 7.9500996e+01 ; 7.9725197e+01 
3.500e+01 ; 1.600e+00 ; 2.800e+00 ; 7.9501996e+01 ; 7.9724655e+01 
3.500e+01 ; 1.600e+00 ; 2.800e+00 ; 7.9502996e+01 ; 7.9724106e+01 
3.500e+01 ; 1.600e+00 ; 2.800e+00 ; 7.9504996e+01 ; 7.9723015e+01 
3.500e+01 ; 1.600e+00 ; 2.800e+00 ; 7.9508996e+01 ; 7.9720833e+01 
3.500e+01 ; 1.600e+00 ; 2.800e+00 ; 7.9516996e+01 ; 7.9716469e+01 
3.500e+01 ; 1.600e+00 ; 2.800e+00 ; 7.9532996e+01 ; 7.9707756e+01 
3.500e+01 ; 1.600e+00 ; 2.800e+00 ; 7.9564996e+01 ; 7.9690399e+01 
3.500e+01 ; 1.600e+00 ; 2.800e+00 ; 7.9628996e+01 ; 7.9655930e+01 
3.500e+01 ; 1.600e+00 ; 2.800e+00 ; 7.9756996e+01 ; 7.9587936e+01 
3.500e+01 ; 1.600e+00 ; 2.800e+00 ; 8.0012996e+01 ; 7.9455620e+01 
3.500e+01 ; 1.600e+00 ; 2.800e+00 ; 8.0524996e+01 ; 7.9204453e+01 
3.500e+01 ; 1.600e+00 ; 2.800e+00 ; 8.0559996e+01 ; 7.9187347e+01 
3.500e+01 ; 1.600e+00 ; 2.800e+00 ; 8.0559996e+01 ; 7.9187347e+01 
3.500e+01 ; 1.600e+00 ; 2.800e+00 ; 8.0560996e+01 ; 7.9186859e+01 
3.500e+01 ; 1.600e+00 ; 2.800e+00 ; 8.0561996e+01 ; 7.9186371e+01 
3.500e+01 ; 1.600e+00 ; 2.800e+00 ; 8.0562996e+01 ; 7.9185883e+01 
3.500e+01 ; 1.600e+00 ; 2.800e+00 ; 8.0564996e+01 ; 7.9184906e+01 
3.500e+01 ; 1.600e+00 ; 2.800e+00 ; 8.0568996e+01 ; 7.9182953e+01 
3.500e+01 ; 1.600e+00 ; 2.800e+00 ; 8.0576996e+01 ; 7.9179054e+01 
3.500e+01 ; 1.600e+00 ; 2.800e+00 ; 8.0592996e+01 ; 7.9171280e+01 
3.500e+01 ; 1.600e+00 ; 2.800e+00 ; 8.0624996e+01 ; 7.9155930e+01 
3.500e+01 ; 1.600e+00 ; 2.800e+00 ; 8.0688996e+01 ; 7.9126343e+01 
3.500e+01 ; 1.600e+00 ; 2.800e+00 ; 8.0816996e+01 ; 7.9073883e+01 
3.500e+01 ; 1.600e+00 ; 2.800e+00 ; 8.1072996e+01 ; 7.9002701e+01 
3.500e+01 ; 1.600e+00 ; 2.800e+00 ; 8.1584996e+01 ; 7.8981094e+01 
3.500e+01 ; 1.600e+00 ; 2.800e+00 ; 8.1619996e+01 ; 7.8980171e+01 
3.500e+01 ; 1.600e+00 ; 2.800e+00 ; 8.1619996e+01 ; 7.8980171e+01 
3.500e+01 ; 1.600e+00 ; 2.800e+00 ; 8.1620996e+01 ; 7.8980141e+01 
3.500e+01 ; 1.600e+00 ; 2.800e+00 ; 8.1621996e+01 ; 7.8980118e+01 
3.500e+01 ; 1.600e+00 ; 2.800e+00 ; 8.1622996e+01 ; 7.8980087e+01 
3.500e+01 ; 1.600e+00 ; 2.800e+00 ; 8.1624996e+01 ; 7.8980042e+01 
3.500e+01 ; 1.600e+00 ; 2.800e+00 ; 8.1628996e+01 ; 7.8979950e+01 
3.500e+01 ; 1.600e+00 ; 2.800e+00 ; 8.1636996e+01 ; 7.8979805e+01 
3.500e+01 ; 1.600e+00 ; 2.800e+00 ; 8.1652996e+01 ; 7.8979637e+01 
3.500e+01 ; 1.600e+00 ; 2.800e+00 ; 8.1684996e+01 ; 7.8979889e+01 
3.500e+01 ; 1.600e+00 ; 2.800e+00 ; 8.1748996e+01 ; 7.8983078e+01 
3.500e+01 ; 1.600e+00 ; 2.800e+00 ; 8.1876996e+01 ; 7.9001831e+01 
3.500e+01 ; 1.600e+00 ; 2.800e+00 ; 8.2132996e+01 ; 7.9089767e+01 
3.500e+01 ; 1.600e+00 ; 2.800e+00 ; 8.2644996e+01 ; 7.9405609e+01 
3.500e+01 ; 1.600e+00 ; 2.800e+00 ; 8.2679996e+01 ; 7.9427818e+01 
3.500e+01 ; 1.600e+00 ; 2.800e+00 ; 8.2679996e+01 ; 7.9427818e+01 
3.500e+01 ; 1.600e+00 ; 2.800e+00 ; 8.2680996e+01 ; 7.9428452e+01 
3.500e+01 ; 1.600e+00 ; 2.800e+00 ; 8.2681996e+01 ; 7.9429092e+01 
3.500e+01 ; 1.600e+00 ; 2.800e+00 ; 8.2682996e+01 ; 7.9429726e+01 
3.500e+01 ; 1.600e+00 ; 2.800e+00 ; 8.2684996e+01 ; 7.9431000e+01 
3.500e+01 ; 1.600e+00 ; 2.800e+00 ; 8.2688996e+01 ; 7.9433556e+01 
3.500e+01 ; 1.600e+00 ; 2.800e+00 ; 8.2696996e+01 ; 7.9438698e+01 
3.500e+01 ; 1.600e+00 ; 2.800e+00 ; 8.2712996e+01 ; 7.9449135e+01 
3.500e+01 ; 1.600e+00 ; 2.800e+00 ; 8.2744996e+01 ; 7.9470573e+01 
3.500e+01 ; 1.600e+00 ; 2.800e+00 ; 8.2808996e+01 ; 7.9515930e+01 
3.500e+01 ; 1.600e+00 ; 2.800e+00 ; 8.2936996e+01 ; 7.9616928e+01 
3.500e+01 ; 1.600e+00 ; 2.800e+00 ; 8.3192996e+01 ; 7.9854774e+01 
3.500e+01 ; 1.600e+00 ; 2.800e+00 ; 8.3704996e+01 ; 8.0395599e+01 
3.500e+01 ; 1.600e+00 ; 2.800e+00 ; 8.3739995e+01 ; 8.0432831e+01 
3.500e+01 ; 1.600e+00 ; 2.800e+00 ; 8.3739995e+01 ; 8.0432831e+01 
3.500e+01 ; 1.600e+00 ; 2.800e+00 ; 8.3740995e+01 ; 8.0433899e+01 
3.500e+01 ; 1.600e+00 ; 2.800e+00 ; 8.3741995e+01 ; 8.0434959e+01 
3.500e+01 ; 1.600e+00 ; 2.800e+00 ; 8.3742995e+01 ; 8.0436028e+01 
3.500e+01 ; 1.600e+00 ; 2.800e+00 ; 8.3744995e+01 ; 8.0438156e+01 
3.500e+01 ; 1.600e+00 ; 2.800e+00 ; 8.3748995e+01 ; 8.0442413e+01 
3.500e+01 ; 1.600e+00 ; 2.800e+00 ; 8.3756995e+01 ; 8.0450958e+01 
3.500e+01 ; 1.600e+00 ; 2.800e+00 ; 8.3772995e+01 ; 8.0468079e+01 
3.500e+01 ; 1.600e+00 ; 2.800e+00 ; 8.3804995e+01 ; 8.0502495e+01 
3.500e+01 ; 1.600e+00 ; 2.800e+00 ; 8.3868995e+01 ; 8.0571808e+01 
3.500e+01 ; 1.600e+00 ; 2.800e+00 ; 8.3996995e+01 ; 8.0710869e+01 
3.500e+01 ; 1.600e+00 ; 2.800e+00 ; 8.4252995e+01 ; 8.0981201e+01 
3.500e+01 ; 1.600e+00 ; 2.800e+00 ; 8.4764995e+01 ; 8.1442307e+01 
3.500e+01 ; 1.600e+00 ; 2.800e+00 ; 8.4799995e+01 ; 8.1473434e+01 
3.500e+01 ; 1.600e+00 ; 2.800e+00 ; 8.4799995e+01 ; 8.1473434e+01 
3.500e+01 ; 1.600e+00 ; 2.800e+00 ; 8.4800995e+01 ; 8.1474327e+01 
3.500e+01 ; 1.600e+00 ; 2.800e+00 ; 8.4801995e+01 ; 8.1475212e+01 
3.500e+01 ; 1.600e+00 ; 2.800e+00 ; 8.4802995e+01 ; 8.1476105e+01 
3.500e+01 ; 1.600e+00 ; 2.800e+00 ; 8.4804995e+01 ; 8.1477882e+01 
3.500e+01 ; 1.600e+00 ; 2.800e+00 ; 8.4808995e+01 ; 8.1481422e+01 
3.500e+01 ; 1.600e+00 ; 2.800e+00 ; 8.4816995e+01 ; 8.1488495e+01 
3.500e+01 ; 1.600e+00 ; 2.800e+00 ; 8.4832995e+01 ; 8.1502548e+01 
3.500e+01 ; 1.600e+00 ; 2.800e+00 ; 8.4864995e+01 ; 8.1530281e+01 
3.500e+01 ; 1.600e+00 ; 2.800e+00 ; 8.4928995e+01 ; 8.1584076e+01 
3.500e+01 ; 1.600e+00 ; 2.800e+00 ; 8.5056995e+01 ; 8.1684090e+01 
3.500e+01 ; 1.600e+00 ; 2.800e+00 ; 8.5312995e+01 ; 8.1849716e+01 
3.500e+01 ; 1.600e+00 ; 2.800e+00 ; 8.5824995e+01 ; 8.2041206e+01 
3.500e+01 ; 1.600e+00 ; 2.800e+00 ; 8.5859995e+01 ; 8.2053642e+01 
3.500e+01 ; 1.600e+00 ; 2.800e+00 ; 8.5859995e+01 ; 8.2053642e+01 
3.500e+01 ; 1.600e+00 ; 2.800e+00 ; 8.5860995e+01 ; 8.2054001e+01 
3.500e+01 ; 1.600e+00 ; 2.800e+00 ; 8.5861995e+01 ; 8.2054352e+01 
3.500e+01 ; 1.600e+00 ; 2.800e+00 ; 8.5862995e+01 ; 8.2054703e+01 
3.500e+01 ; 1.600e+00 ; 2.800e+00 ; 8.5864995e+01 ; 8.2055412e+01 
3.500e+01 ; 1.600e+00 ; 2.800e+00 ; 8.5868995e+01 ; 8.2056816e+01 
3.500e+01 ; 1.600e+00 ; 2.800e+00 ; 8.5876995e+01 ; 8.2059586e+01 
3.500e+01 ; 1.600e+00 ; 2.800e+00 ; 8.5892995e+01 ; 8.2064987e+01 
3.500e+01 ; 1.600e+00 ; 2.800e+00 ; 8.5924995e+01 ; 8.2075249e+01 
3.500e+01 ; 1.600e+00 ; 2.800e+00 ; 8.5988995e+01 ; 8.2093605e+01 
3.500e+01 ; 1.600e+00 ; 2.800e+00 ; 8.6116995e+01 ; 8.2121780e+01 
3.500e+01 ; 1.600e+00 ; 2.800e+00 ; 8.6372995e+01 ; 8.2145920e+01 
3.500e+01 ; 1.600e+00 ; 2.800e+00 ; 8.6884995e+01 ; 8.2084930e+01 
3.500e+01 ; 1.600e+00 ; 2.800e+00 ; 8.6919995e+01 ; 8.2080254e+01 
3.500e+01 ; 1.600e+00 ; 2.800e+00 ; 8.6919995e+01 ; 8.2080254e+01 
3.500e+01 ; 1.600e+00 ; 2.800e+00 ; 8.6920995e+01 ; 8.2080124e+01 
3.500e+01 ; 1.600e+00 ; 2.800e+00 ; 8.6921995e+01 ; 8.2079987e+01 
3.500e+01 ; 1.600e+00 ; 2.800e+00 ; 8.6922995e+01 ; 8.2079857e+01 
3.500e+01 ; 1.600e+00 ; 2.800e+00 ; 8.6924995e+01 ; 8.2079582e+01 
3.500e+01 ; 1.600e+00 ; 2.800e+00 ; 8.6928995e+01 ; 8.2079033e+01 
3.500e+01 ; 1.600e+00 ; 2.800e+00 ; 8.6936995e+01 ; 8.2077911e+01 
3.500e+01 ; 1.600e+00 ; 2.800e+00 ; 8.6952995e+01 ; 8.2075554e+01 
3.500e+01 ; 1.600e+00 ; 2.800e+00 ; 8.6984995e+01 ; 8.2070442e+01 
3.500e+01 ; 1.600e+00 ; 2.800e+00 ; 8.7048995e+01 ; 8.2058601e+01 
3.500e+01 ; 1.600e+00 ; 2.800e+00 ; 8.7176995e+01 ; 8.2028831e+01 
3.500e+01 ; 1.600e+00 ; 2.800e+00 ; 8.7432995e+01 ; 8.1947502e+01 
3.500e+01 ; 1.600e+00 ; 2.800e+00 ; 8.7944995e+01 ; 8.1716492e+01 
3.500e+01 ; 1.600e+00 ; 2.800e+00 ; 8.7979995e+01 ; 8.1700386e+01 
3.500e+01 ; 1.600e+00 ; 2.800e+00 ; 8.7979995e+01 ; 8.1700386e+01 
3.500e+01 ; 1.600e+00 ; 2.800e+00 ; 8.7980995e+01 ; 8.1699921e+01 
3.500e+01 ; 1.600e+00 ; 2.800e+00 ; 8.7981995e+01 ; 8.1699463e+01 
3.500e+01 ; 1.600e+00 ; 2.800e+00 ; 8.7982995e+01 ; 8.1698997e+01 
3.500e+01 ; 1.600e+00 ; 2.800e+00 ; 8.7984995e+01 ; 8.1698074e+01 
3.500e+01 ; 1.600e+00 ; 2.800e+00 ; 8.7988995e+01 ; 8.1696228e+01 
3.500e+01 ; 1.600e+00 ; 2.800e+00 ; 8.7996995e+01 ; 8.1692513e+01 
3.500e+01 ; 1.600e+00 ; 2.800e+00 ; 8.8012995e+01 ; 8.1685013e+01 
3.500e+01 ; 1.600e+00 ; 2.800e+00 ; 8.8044995e+01 ; 8.1669769e+01 
3.500e+01 ; 1.600e+00 ; 2.800e+00 ; 8.8108995e+01 ; 8.1638306e+01 
3.500e+01 ; 1.600e+00 ; 2.800e+00 ; 8.8236995e+01 ; 8.1571747e+01 
3.500e+01 ; 1.600e+00 ; 2.800e+00 ; 8.8492995e+01 ; 8.1426117e+01 
3.500e+01 ; 1.600e+00 ; 2.800e+00 ; 8.9004995e+01 ; 8.1098244e+01 
3.500e+01 ; 1.600e+00 ; 2.800e+00 ; 8.9039995e+01 ; 8.1075661e+01 
3.500e+01 ; 1.600e+00 ; 2.800e+00 ; 8.9039995e+01 ; 8.1075661e+01 
3.500e+01 ; 1.600e+00 ; 2.800e+00 ; 8.9040995e+01 ; 8.1075020e+01 
3.500e+01 ; 1.600e+00 ; 2.800e+00 ; 8.9041995e+01 ; 8.1074371e+01 
3.500e+01 ; 1.600e+00 ; 2.800e+00 ; 8.9042995e+01 ; 8.1073723e+01 
3.500e+01 ; 1.600e+00 ; 2.800e+00 ; 8.9044995e+01 ; 8.1072433e+01 
3.500e+01 ; 1.600e+00 ; 2.800e+00 ; 8.9048995e+01 ; 8.1069847e+01 
3.500e+01 ; 1.600e+00 ; 2.800e+00 ; 8.9056995e+01 ; 8.1064667e+01 
3.500e+01 ; 1.600e+00 ; 2.800e+00 ; 8.9072995e+01 ; 8.1054276e+01 
3.500e+01 ; 1.600e+00 ; 2.800e+00 ; 8.9104995e+01 ; 8.1033356e+01 
3.500e+01 ; 1.600e+00 ; 2.800e+00 ; 8.9168995e+01 ; 8.0991013e+01 
3.500e+01 ; 1.600e+00 ; 2.800e+00 ; 8.9296995e+01 ; 8.0904472e+01 
3.500e+01 ; 1.600e+00 ; 2.800e+00 ; 8.9552995e+01 ; 8.0725349e+01 
3.500e+01 ; 1.600e+00 ; 2.800e+00 ; 9.0064995e+01 ; 8.0351402e+01 
3.500e+01 ; 1.600e+00 ; 2.800e+00 ; 9.0099995e+01 ; 8.0325775e+01 
3.500e+01 ; 1.600e+00 ; 2.800e+00 ; 9.0099995e+01 ; 8.0325775e+01 
3.500e+01 ; 1.600e+00 ; 2.800e+00 ; 9.0100995e+01 ; 8.0325043e+01 
3.500e+01 ; 1.600e+00 ; 2.800e+00 ; 9.0101995e+01 ; 8.0324310e+01 
3.500e+01 ; 1.600e+00 ; 2.800e+00 ; 9.0102995e+01 ; 8.0323578e+01 
3.500e+01 ; 1.600e+00 ; 2.800e+00 ; 9.0104995e+01 ; 8.0322113e+01 
3.500e+01 ; 1.600e+00 ; 2.800e+00 ; 9.0108995e+01 ; 8.0319176e+01 
3.500e+01 ; 1.600e+00 ; 2.800e+00 ; 9.0116995e+01 ; 8.0313309e+01 
3.500e+01 ; 1.600e+00 ; 2.800e+00 ; 9.0132995e+01 ; 8.0301567e+01 
3.500e+01 ; 1.600e+00 ; 2.800e+00 ; 9.0164995e+01 ; 8.0278015e+01 
3.500e+01 ; 1.600e+00 ; 2.800e+00 ; 9.0228995e+01 ; 8.0230705e+01 
3.500e+01 ; 1.600e+00 ; 2.800e+00 ; 9.0356995e+01 ; 8.0135391e+01 
3.500e+01 ; 1.600e+00 ; 2.800e+00 ; 9.0612995e+01 ; 7.9942764e+01 
3.500e+01 ; 1.600e+00 ; 2.800e+00 ; 9.1124995e+01 ; 7.9554520e+01 
3.500e+01 ; 1.600e+00 ; 2.800e+00 ; 9.1159995e+01 ; 7.9527962e+01 
3.500e+01 ; 1.600e+00 ; 2.800e+00 ; 9.1159995e+01 ; 7.9527962e+01 
3.500e+01 ; 1.600e+00 ; 2.800e+00 ; 9.1160995e+01 ; 7.9527206e+01 
3.500e+01 ; 1.600e+00 ; 2.800e+00 ; 9.1161995e+01 ; 7.9526443e+01 
3.500e+01 ; 1.600e+00 ; 2.800e+00 ; 9.1162995e+01 ; 7.9525688e+01 
3.500e+01 ; 1.600e+00 ; 2.800e+00 ; 9.1164995e+01 ; 7.9524170e+01 
3.500e+01 ; 1.600e+00 ; 2.800e+00 ; 9.1168995e+01 ; 7.9521133e+01 
3.500e+01 ; 1.600e+00 ; 2.800e+00 ; 9.1176995e+01 ; 7.9515068e+01 
3.500e+01 ; 1.600e+00 ; 2.800e+00 ; 9.1192995e+01 ; 7.9502922e+01 
3.500e+01 ; 1.600e+00 ; 2.800e+00 ; 9.1224995e+01 ; 7.9478630e+01 
3.500e+01 ; 1.600e+00 ; 2.800e+00 ; 9.1288995e+01 ; 7.9430016e+01 
3.500e+01 ; 1.600e+00 ; 2.800e+00 ; 9.1416995e+01 ; 7.9332771e+01 
3.500e+01 ; 1.600e+00 ; 2.800e+00 ; 9.1672995e+01 ; 7.9138641e+01 
3.500e+01 ; 1.600e+00 ; 2.800e+00 ; 9.2184995e+01 ; 7.8754654e+01 
3.500e+01 ; 1.600e+00 ; 2.800e+00 ; 9.2219995e+01 ; 7.8728424e+01 
3.500e+01 ; 1.600e+00 ; 2.800e+00 ; 9.2219995e+01 ; 7.8728424e+01 
3.500e+01 ; 1.600e+00 ; 2.800e+00 ; 9.2220995e+01 ; 7.8727676e+01 
3.500e+01 ; 1.600e+00 ; 2.800e+00 ; 9.2221995e+01 ; 7.8726929e+01 
3.500e+01 ; 1.600e+00 ; 2.800e+00 ; 9.2222995e+01 ; 7.8726173e+01 
3.500e+01 ; 1.600e+00 ; 2.800e+00 ; 9.2224995e+01 ; 7.8724678e+01 
3.500e+01 ; 1.600e+00 ; 2.800e+00 ; 9.2228995e+01 ; 7.8721680e+01 
3.500e+01 ; 1.600e+00 ; 2.800e+00 ; 9.2236995e+01 ; 7.8715691e+01 
3.500e+01 ; 1.600e+00 ; 2.800e+00 ; 9.2252995e+01 ; 7.8703705e+01 
3.500e+01 ; 1.600e+00 ; 2.800e+00 ; 9.2284995e+01 ; 7.8679764e+01 
3.500e+01 ; 1.600e+00 ; 2.800e+00 ; 9.2348995e+01 ; 7.8631958e+01 
3.500e+01 ; 1.600e+00 ; 2.800e+00 ; 9.2476995e+01 ; 7.8536705e+01 
3.500e+01 ; 1.600e+00 ; 2.800e+00 ; 9.2732995e+01 ; 7.8347855e+01 
3.500e+01 ; 1.600e+00 ; 2.800e+00 ; 9.3244995e+01 ; 7.7978279e+01 
3.500e+01 ; 1.600e+00 ; 2.800e+00 ; 9.3279995e+01 ; 7.7953049e+01 
3.500e+01 ; 1.600e+00 ; 2.800e+00 ; 9.3279995e+01 ; 7.7953049e+01 
3.500e+01 ; 1.600e+00 ; 2.800e+00 ; 9.3280995e+01 ; 7.7952332e+01 
3.500e+01 ; 1.600e+00 ; 2.800e+00 ; 9.3281995e+01 ; 7.7951607e+01 
3.500e+01 ; 1.600e+00 ; 2.800e+00 ; 9.3282995e+01 ; 7.7950890e+01 
3.500e+01 ; 1.600e+00 ; 2.800e+00 ; 9.3284995e+01 ; 7.7949448e+01 
3.500e+01 ; 1.600e+00 ; 2.800e+00 ; 9.3288995e+01 ; 7.7946564e+01 
3.500e+01 ; 1.600e+00 ; 2.800e+00 ; 9.3296995e+01 ; 7.7940804e+01 
3.500e+01 ; 1.600e+00 ; 2.800e+00 ; 9.3312995e+01 ; 7.7929291e+01 
3.500e+01 ; 1.600e+00 ; 2.800e+00 ; 9.3344995e+01 ; 7.7906288e+01 
3.500e+01 ; 1.600e+00 ; 2.800e+00 ; 9.3408995e+01 ; 7.7860428e+01 
3.500e+01 ; 1.600e+00 ; 2.800e+00 ; 9.3536995e+01 ; 7.7769257e+01 
3.500e+01 ; 1.600e+00 ; 2.800e+00 ; 9.3792995e+01 ; 7.7589233e+01 
3.500e+01 ; 1.600e+00 ; 2.800e+00 ; 9.4304995e+01 ; 7.7239090e+01 
3.500e+01 ; 1.600e+00 ; 2.800e+00 ; 9.4339995e+01 ; 7.7215202e+01 
3.500e+01 ; 1.600e+00 ; 2.800e+00 ; 9.4339995e+01 ; 7.7215202e+01 
3.500e+01 ; 1.600e+00 ; 2.800e+00 ; 9.4340995e+01 ; 7.7214523e+01 
3.500e+01 ; 1.600e+00 ; 2.800e+00 ; 9.4341995e+01 ; 7.7213837e+01 
3.500e+01 ; 1.600e+00 ; 2.800e+00 ; 9.4342995e+01 ; 7.7213158e+01 
3.500e+01 ; 1.600e+00 ; 2.800e+00 ; 9.4344995e+01 ; 7.7211792e+01 
3.500e+01 ; 1.600e+00 ; 2.800e+00 ; 9.4348995e+01 ; 7.7209061e+01 
3.500e+01 ; 1.600e+00 ; 2.800e+00 ; 9.4356995e+01 ; 7.7203606e+01 
3.500e+01 ; 1.600e+00 ; 2.800e+00 ; 9.4372995e+01 ; 7.7192711e+01 
3.500e+01 ; 1.600e+00 ; 2.800e+00 ; 9.4404995e+01 ; 7.7170944e+01 
3.500e+01 ; 1.600e+00 ; 2.800e+00 ; 9.4468995e+01 ; 7.7127579e+01 
3.500e+01 ; 1.600e+00 ; 2.800e+00 ; 9.4596995e+01 ; 7.7041481e+01 
3.500e+01 ; 1.600e+00 ; 2.800e+00 ; 9.4852995e+01 ; 7.6871887e+01 
3.500e+01 ; 1.600e+00 ; 2.800e+00 ; 9.5364995e+01 ; 7.6543190e+01 
3.500e+01 ; 1.600e+00 ; 2.800e+00 ; 9.5399995e+01 ; 7.6520775e+01 
3.500e+01 ; 1.600e+00 ; 2.800e+00 ; 9.5399995e+01 ; 7.6520775e+01 
3.500e+01 ; 1.600e+00 ; 2.800e+00 ; 9.5400995e+01 ; 7.6520134e+01 
3.500e+01 ; 1.600e+00 ; 2.800e+00 ; 9.5401995e+01 ; 7.6519493e+01 
3.500e+01 ; 1.600e+00 ; 2.800e+00 ; 9.5402995e+01 ; 7.6518852e+01 
3.500e+01 ; 1.600e+00 ; 2.800e+00 ; 9.5404995e+01 ; 7.6517570e+01 
3.500e+01 ; 1.600e+00 ; 2.800e+00 ; 9.5408995e+01 ; 7.6515007e+01 
3.500e+01 ; 1.600e+00 ; 2.800e+00 ; 9.5416995e+01 ; 7.6509888e+01 
3.500e+01 ; 1.600e+00 ; 2.800e+00 ; 9.5432995e+01 ; 7.6499664e+01 
3.500e+01 ; 1.600e+00 ; 2.800e+00 ; 9.5464995e+01 ; 7.6479248e+01 
3.500e+01 ; 1.600e+00 ; 2.800e+00 ; 9.5528995e+01 ; 7.6438583e+01 
3.500e+01 ; 1.600e+00 ; 2.800e+00 ; 9.5656995e+01 ; 7.6357910e+01 
3.500e+01 ; 1.600e+00 ; 2.800e+00 ; 9.5912995e+01 ; 7.6199211e+01 
3.500e+01 ; 1.600e+00 ; 2.800e+00 ; 9.6424995e+01 ; 7.5892250e+01 
3.500e+01 ; 1.600e+00 ; 2.800e+00 ; 9.6459995e+01 ; 7.5871315e+01 
3.500e+01 ; 1.600e+00 ; 2.800e+00 ; 9.6459995e+01 ; 7.5871315e+01 
3.500e+01 ; 1.600e+00 ; 2.800e+00 ; 9.6469995e+01 ; 7.5865334e+01 
3.500e+01 ; 1.600e+00 ; 2.800e+00 ; 9.6479995e+01 ; 7.5859360e+01 
3.500e+01 ; 1.600e+00 ; 2.800e+00 ; 9.6489995e+01 ; 7.5853394e+01 
3.500e+01 ; 1.600e+00 ; 2.800e+00 ; 9.6509995e+01 ; 7.5841469e+01 
3.500e+01 ; 1.600e+00 ; 2.800e+00 ; 9.6549995e+01 ; 7.5817688e+01 
3.500e+01 ; 1.600e+00 ; 2.800e+00 ; 9.6629995e+01 ; 7.5770378e+01 
3.500e+01 ; 1.600e+00 ; 2.800e+00 ; 9.6789995e+01 ; 7.5676765e+01 
3.500e+01 ; 1.600e+00 ; 2.800e+00 ; 9.7109995e+01 ; 7.5493515e+01 
3.500e+01 ; 1.600e+00 ; 2.800e+00 ; 9.7749995e+01 ; 7.5142441e+01 
3.500e+01 ; 1.600e+00 ; 2.800e+00 ; 9.9029995e+01 ; 7.4497124e+01 
3.500e+01 ; 1.600e+00 ; 2.800e+00 ; 1.0094999e+02 ; 7.3640800e+01 
3.500e+01 ; 1.600e+00 ; 2.800e+00 ; 1.0145999e+02 ; 7.3420914e+01