X ; Y ; Z ; time ; Temperature 
3.500e+01 ; 6.400e+00 ; 1.400e+00 ; 0.0000000e+00 ; 2.2000000e+02 
3.500e+01 ; 6.400e+00 ; 1.400e+00 ; 1.0000000e-03 ; 2.2000000e+02 
3.500e+01 ; 6.400e+00 ; 1.400e+00 ; 2.0000001e-03 ; 2.2000000e+02 
3.500e+01 ; 6.400e+00 ; 1.400e+00 ; 3.0000000e-03 ; 2.2000000e+02 
3.500e+01 ; 6.400e+00 ; 1.400e+00 ; 4.9999999e-03 ; 2.2000000e+02 
3.500e+01 ; 6.400e+00 ; 1.400e+00 ; 8.9999996e-03 ; 2.2000000e+02 
3.500e+01 ; 6.400e+00 ; 1.400e+00 ; 1.7000001e-02 ; 2.2000000e+02 
3.500e+01 ; 6.400e+00 ; 1.400e+00 ; 3.3000000e-02 ; 2.2000000e+02 
3.500e+01 ; 6.400e+00 ; 1.400e+00 ; 6.4999998e-02 ; 2.2000000e+02 
3.500e+01 ; 6.400e+00 ; 1.400e+00 ; 1.2899999e-01 ; 2.2000000e+02 
3.500e+01 ; 6.400e+00 ; 1.400e+00 ; 2.5700000e-01 ; 2.2000000e+02 
3.500e+01 ; 6.400e+00 ; 1.400e+00 ; 5.1300001e-01 ; 2.2000000e+02 
3.500e+01 ; 6.400e+00 ; 1.400e+00 ; 1.0250000e+00 ; 2.2000000e+02 
3.500e+01 ; 6.400e+00 ; 1.400e+00 ; 1.0599999e+00 ; 2.2000000e+02 
3.500e+01 ; 6.400e+00 ; 1.400e+00 ; 1.0599999e+00 ; 2.2000000e+02 
3.500e+01 ; 6.400e+00 ; 1.400e+00 ; 1.0609999e+00 ; 2.2000000e+02 
3.500e+01 ; 6.400e+00 ; 1.400e+00 ; 1.0619999e+00 ; 2.2000000e+02 
3.500e+01 ; 6.400e+00 ; 1.400e+00 ; 1.0629999e+00 ; 2.2000000e+02 
3.500e+01 ; 6.400e+00 ; 1.400e+00 ; 1.0649999e+00 ; 2.2000000e+02 
3.500e+01 ; 6.400e+00 ; 1.400e+00 ; 1.0689999e+00 ; 2.2000000e+02 
3.500e+01 ; 6.400e+00 ; 1.400e+00 ; 1.0769999e+00 ; 2.2000000e+02 
3.500e+01 ; 6.400e+00 ; 1.400e+00 ; 1.0929999e+00 ; 2.2000000e+02 
3.500e+01 ; 6.400e+00 ; 1.400e+00 ; 1.1249999e+00 ; 2.2000000e+02 
3.500e+01 ; 6.400e+00 ; 1.400e+00 ; 1.1889999e+00 ; 2.2000000e+02 
3.500e+01 ; 6.400e+00 ; 1.400e+00 ; 1.3169999e+00 ; 2.2000000e+02 
3.500e+01 ; 6.400e+00 ; 1.400e+00 ; 1.5730000e+00 ; 2.2000000e+02 
3.500e+01 ; 6.400e+00 ; 1.400e+00 ; 2.0849999e+00 ; 2.2000000e+02 
3.500e+01 ; 6.400e+00 ; 1.400e+00 ; 2.1199999e+00 ; 2.2000000e+02 
3.500e+01 ; 6.400e+00 ; 1.400e+00 ; 2.1199999e+00 ; 2.2000000e+02 
3.500e+01 ; 6.400e+00 ; 1.400e+00 ; 2.1209999e+00 ; 2.2000000e+02 
3.500e+01 ; 6.400e+00 ; 1.400e+00 ; 2.1219999e+00 ; 2.2000000e+02 
3.500e+01 ; 6.400e+00 ; 1.400e+00 ; 2.1229999e+00 ; 2.2000000e+02 
3.500e+01 ; 6.400e+00 ; 1.400e+00 ; 2.1249999e+00 ; 2.2000000e+02 
3.500e+01 ; 6.400e+00 ; 1.400e+00 ; 2.1289999e+00 ; 2.2000000e+02 
3.500e+01 ; 6.400e+00 ; 1.400e+00 ; 2.1369999e+00 ; 2.2000000e+02 
3.500e+01 ; 6.400e+00 ; 1.400e+00 ; 2.1529999e+00 ; 2.2000000e+02 
3.500e+01 ; 6.400e+00 ; 1.400e+00 ; 2.1849999e+00 ; 2.2000000e+02 
3.500e+01 ; 6.400e+00 ; 1.400e+00 ; 2.2489999e+00 ; 2.2000000e+02 
3.500e+01 ; 6.400e+00 ; 1.400e+00 ; 2.3769999e+00 ; 2.2000000e+02 
3.500e+01 ; 6.400e+00 ; 1.400e+00 ; 2.6329999e+00 ; 2.2000000e+02 
3.500e+01 ; 6.400e+00 ; 1.400e+00 ; 3.1449999e+00 ; 2.2000000e+02 
3.500e+01 ; 6.400e+00 ; 1.400e+00 ; 3.1799998e+00 ; 2.2000000e+02 
3.500e+01 ; 6.400e+00 ; 1.400e+00 ; 3.1799998e+00 ; 2.2000000e+02 
3.500e+01 ; 6.400e+00 ; 1.400e+00 ; 3.1809998e+00 ; 2.2000000e+02 
3.500e+01 ; 6.400e+00 ; 1.400e+00 ; 3.1819998e+00 ; 2.2000000e+02 
3.500e+01 ; 6.400e+00 ; 1.400e+00 ; 3.1829998e+00 ; 2.2000000e+02 
3.500e+01 ; 6.400e+00 ; 1.400e+00 ; 3.1849998e+00 ; 2.2000000e+02 
3.500e+01 ; 6.400e+00 ; 1.400e+00 ; 3.1889998e+00 ; 2.2000000e+02 
3.500e+01 ; 6.400e+00 ; 1.400e+00 ; 3.1969998e+00 ; 2.2000000e+02 
3.500e+01 ; 6.400e+00 ; 1.400e+00 ; 3.2129998e+00 ; 2.2000000e+02 
3.500e+01 ; 6.400e+00 ; 1.400e+00 ; 3.2449998e+00 ; 2.2000000e+02 
3.500e+01 ; 6.400e+00 ; 1.400e+00 ; 3.3089998e+00 ; 2.2000000e+02 
3.500e+01 ; 6.400e+00 ; 1.400e+00 ; 3.4369998e+00 ; 2.2000000e+02 
3.500e+01 ; 6.400e+00 ; 1.400e+00 ; 3.6929998e+00 ; 2.2000000e+02 
3.500e+01 ; 6.400e+00 ; 1.400e+00 ; 4.2049998e+00 ; 2.2000000e+02 
3.500e+01 ; 6.400e+00 ; 1.400e+00 ; 4.2399998e+00 ; 2.2000000e+02 
3.500e+01 ; 6.400e+00 ; 1.400e+00 ; 4.2399998e+00 ; 2.2000000e+02 
3.500e+01 ; 6.400e+00 ; 1.400e+00 ; 4.2409998e+00 ; 2.2000000e+02 
3.500e+01 ; 6.400e+00 ; 1.400e+00 ; 4.2419998e+00 ; 2.2000000e+02 
3.500e+01 ; 6.400e+00 ; 1.400e+00 ; 4.2429998e+00 ; 2.2000000e+02 
3.500e+01 ; 6.400e+00 ; 1.400e+00 ; 4.2449998e+00 ; 2.2000000e+02 
3.500e+01 ; 6.400e+00 ; 1.400e+00 ; 4.2489998e+00 ; 2.2000000e+02 
3.500e+01 ; 6.400e+00 ; 1.400e+00 ; 4.2569998e+00 ; 2.2000000e+02 
3.500e+01 ; 6.400e+00 ; 1.400e+00 ; 4.2729998e+00 ; 2.2000000e+02 
3.500e+01 ; 6.400e+00 ; 1.400e+00 ; 4.3049998e+00 ; 2.2000000e+02 
3.500e+01 ; 6.400e+00 ; 1.400e+00 ; 4.3689998e+00 ; 2.2000000e+02 
3.500e+01 ; 6.400e+00 ; 1.400e+00 ; 4.4969998e+00 ; 2.2000000e+02 
3.500e+01 ; 6.400e+00 ; 1.400e+00 ; 4.7529998e+00 ; 2.2000000e+02 
3.500e+01 ; 6.400e+00 ; 1.400e+00 ; 5.2649997e+00 ; 2.2000000e+02 
3.500e+01 ; 6.400e+00 ; 1.400e+00 ; 5.2999997e+00 ; 2.2000000e+02 
3.500e+01 ; 6.400e+00 ; 1.400e+00 ; 5.2999997e+00 ; 2.2000000e+02 
3.500e+01 ; 6.400e+00 ; 1.400e+00 ; 5.3009997e+00 ; 2.2000000e+02 
3.500e+01 ; 6.400e+00 ; 1.400e+00 ; 5.3019997e+00 ; 2.2000000e+02 
3.500e+01 ; 6.400e+00 ; 1.400e+00 ; 5.3029997e+00 ; 2.2000000e+02 
3.500e+01 ; 6.400e+00 ; 1.400e+00 ; 5.3049997e+00 ; 2.2000000e+02 
3.500e+01 ; 6.400e+00 ; 1.400e+00 ; 5.3089997e+00 ; 2.2000000e+02 
3.500e+01 ; 6.400e+00 ; 1.400e+00 ; 5.3169997e+00 ; 2.2000000e+02 
3.500e+01 ; 6.400e+00 ; 1.400e+00 ; 5.3329997e+00 ; 2.2000000e+02 
3.500e+01 ; 6.400e+00 ; 1.400e+00 ; 5.3649997e+00 ; 2.2000000e+02 
3.500e+01 ; 6.400e+00 ; 1.400e+00 ; 5.4289997e+00 ; 2.2000000e+02 
3.500e+01 ; 6.400e+00 ; 1.400e+00 ; 5.5569997e+00 ; 2.2000000e+02 
3.500e+01 ; 6.400e+00 ; 1.400e+00 ; 5.8129997e+00 ; 2.2000000e+02 
3.500e+01 ; 6.400e+00 ; 1.400e+00 ; 6.3249997e+00 ; 2.2000000e+02 
3.500e+01 ; 6.400e+00 ; 1.400e+00 ; 6.3599997e+00 ; 2.2000000e+02 
3.500e+01 ; 6.400e+00 ; 1.400e+00 ; 6.3599997e+00 ; 2.2000000e+02 
3.500e+01 ; 6.400e+00 ; 1.400e+00 ; 6.3609997e+00 ; 2.2000000e+02 
3.500e+01 ; 6.400e+00 ; 1.400e+00 ; 6.3619997e+00 ; 2.2000000e+02 
3.500e+01 ; 6.400e+00 ; 1.400e+00 ; 6.3629997e+00 ; 2.2000000e+02 
3.500e+01 ; 6.400e+00 ; 1.400e+00 ; 6.3649997e+00 ; 2.2000000e+02 
3.500e+01 ; 6.400e+00 ; 1.400e+00 ; 6.3689997e+00 ; 2.2000000e+02 
3.500e+01 ; 6.400e+00 ; 1.400e+00 ; 6.3769997e+00 ; 2.2000000e+02 
3.500e+01 ; 6.400e+00 ; 1.400e+00 ; 6.3929997e+00 ; 2.2000000e+02 
3.500e+01 ; 6.400e+00 ; 1.400e+00 ; 6.4249997e+00 ; 2.2000000e+02 
3.500e+01 ; 6.400e+00 ; 1.400e+00 ; 6.4889996e+00 ; 2.2000000e+02 
3.500e+01 ; 6.400e+00 ; 1.400e+00 ; 6.6169997e+00 ; 2.2000000e+02 
3.500e+01 ; 6.400e+00 ; 1.400e+00 ; 6.8729997e+00 ; 2.2000000e+02 
3.500e+01 ; 6.400e+00 ; 1.400e+00 ; 7.3849996e+00 ; 2.2000000e+02 
3.500e+01 ; 6.400e+00 ; 1.400e+00 ; 7.4199996e+00 ; 2.2000000e+02 
3.500e+01 ; 6.400e+00 ; 1.400e+00 ; 7.4199996e+00 ; 2.2000000e+02 
3.500e+01 ; 6.400e+00 ; 1.400e+00 ; 7.4209996e+00 ; 2.2000000e+02 
3.500e+01 ; 6.400e+00 ; 1.400e+00 ; 7.4219996e+00 ; 2.2000000e+02 
3.500e+01 ; 6.400e+00 ; 1.400e+00 ; 7.4229996e+00 ; 2.2000000e+02 
3.500e+01 ; 6.400e+00 ; 1.400e+00 ; 7.4249996e+00 ; 2.2000000e+02 
3.500e+01 ; 6.400e+00 ; 1.400e+00 ; 7.4289996e+00 ; 2.2000000e+02 
3.500e+01 ; 6.400e+00 ; 1.400e+00 ; 7.4369996e+00 ; 2.2000000e+02 
3.500e+01 ; 6.400e+00 ; 1.400e+00 ; 7.4529996e+00 ; 2.2000000e+02 
3.500e+01 ; 6.400e+00 ; 1.400e+00 ; 7.4849996e+00 ; 2.2000000e+02 
3.500e+01 ; 6.400e+00 ; 1.400e+00 ; 7.5489996e+00 ; 2.2000000e+02 
3.500e+01 ; 6.400e+00 ; 1.400e+00 ; 7.6769996e+00 ; 2.2000000e+02 
3.500e+01 ; 6.400e+00 ; 1.400e+00 ; 7.9329996e+00 ; 2.2000000e+02 
3.500e+01 ; 6.400e+00 ; 1.400e+00 ; 8.4449996e+00 ; 2.2000000e+02 
3.500e+01 ; 6.400e+00 ; 1.400e+00 ; 8.4799995e+00 ; 2.2000000e+02 
3.500e+01 ; 6.400e+00 ; 1.400e+00 ; 8.4799995e+00 ; 2.2000000e+02 
3.500e+01 ; 6.400e+00 ; 1.400e+00 ; 8.4809995e+00 ; 2.2000000e+02 
3.500e+01 ; 6.400e+00 ; 1.400e+00 ; 8.4819995e+00 ; 2.2000000e+02 
3.500e+01 ; 6.400e+00 ; 1.400e+00 ; 8.4829995e+00 ; 2.2000000e+02 
3.500e+01 ; 6.400e+00 ; 1.400e+00 ; 8.4849995e+00 ; 2.2000000e+02 
3.500e+01 ; 6.400e+00 ; 1.400e+00 ; 8.4889995e+00 ; 2.2000000e+02 
3.500e+01 ; 6.400e+00 ; 1.400e+00 ; 8.4969995e+00 ; 2.2000000e+02 
3.500e+01 ; 6.400e+00 ; 1.400e+00 ; 8.5129995e+00 ; 2.2000000e+02 
3.500e+01 ; 6.400e+00 ; 1.400e+00 ; 8.5449995e+00 ; 2.2000000e+02 
3.500e+01 ; 6.400e+00 ; 1.400e+00 ; 8.6089995e+00 ; 2.2000000e+02 
3.500e+01 ; 6.400e+00 ; 1.400e+00 ; 8.7369995e+00 ; 2.2000000e+02 
3.500e+01 ; 6.400e+00 ; 1.400e+00 ; 8.9929996e+00 ; 2.2000000e+02 
3.500e+01 ; 6.400e+00 ; 1.400e+00 ; 9.5049995e+00 ; 2.2000000e+02 
3.500e+01 ; 6.400e+00 ; 1.400e+00 ; 9.5399995e+00 ; 2.2000000e+02 
3.500e+01 ; 6.400e+00 ; 1.400e+00 ; 9.5399995e+00 ; 2.2000000e+02 
3.500e+01 ; 6.400e+00 ; 1.400e+00 ; 9.5409995e+00 ; 2.2000000e+02 
3.500e+01 ; 6.400e+00 ; 1.400e+00 ; 9.5419995e+00 ; 2.2000000e+02 
3.500e+01 ; 6.400e+00 ; 1.400e+00 ; 9.5429995e+00 ; 2.2000000e+02 
3.500e+01 ; 6.400e+00 ; 1.400e+00 ; 9.5449995e+00 ; 2.2000000e+02 
3.500e+01 ; 6.400e+00 ; 1.400e+00 ; 9.5489995e+00 ; 2.2000000e+02 
3.500e+01 ; 6.400e+00 ; 1.400e+00 ; 9.5569995e+00 ; 2.2000000e+02 
3.500e+01 ; 6.400e+00 ; 1.400e+00 ; 9.5729995e+00 ; 2.2000000e+02 
3.500e+01 ; 6.400e+00 ; 1.400e+00 ; 9.6049995e+00 ; 2.2000000e+02 
3.500e+01 ; 6.400e+00 ; 1.400e+00 ; 9.6689995e+00 ; 2.2000000e+02 
3.500e+01 ; 6.400e+00 ; 1.400e+00 ; 9.7969995e+00 ; 2.2000000e+02 
3.500e+01 ; 6.400e+00 ; 1.400e+00 ; 1.0052999e+01 ; 2.2000000e+02 
3.500e+01 ; 6.400e+00 ; 1.400e+00 ; 1.0564999e+01 ; 2.2000000e+02 
3.500e+01 ; 6.400e+00 ; 1.400e+00 ; 1.0599999e+01 ; 2.2000000e+02 
3.500e+01 ; 6.400e+00 ; 1.400e+00 ; 1.0599999e+01 ; 2.2000000e+02 
3.500e+01 ; 6.400e+00 ; 1.400e+00 ; 1.0600999e+01 ; 2.2000000e+02 
3.500e+01 ; 6.400e+00 ; 1.400e+00 ; 1.0601999e+01 ; 2.2000000e+02 
3.500e+01 ; 6.400e+00 ; 1.400e+00 ; 1.0602999e+01 ; 2.2000000e+02 
3.500e+01 ; 6.400e+00 ; 1.400e+00 ; 1.0604999e+01 ; 2.2000000e+02 
3.500e+01 ; 6.400e+00 ; 1.400e+00 ; 1.0608999e+01 ; 2.2000000e+02 
3.500e+01 ; 6.400e+00 ; 1.400e+00 ; 1.0616999e+01 ; 2.2000000e+02 
3.500e+01 ; 6.400e+00 ; 1.400e+00 ; 1.0632999e+01 ; 2.2000000e+02 
3.500e+01 ; 6.400e+00 ; 1.400e+00 ; 1.0664999e+01 ; 2.2000000e+02 
3.500e+01 ; 6.400e+00 ; 1.400e+00 ; 1.0728999e+01 ; 2.2000000e+02 
3.500e+01 ; 6.400e+00 ; 1.400e+00 ; 1.0856999e+01 ; 2.2000000e+02 
3.500e+01 ; 6.400e+00 ; 1.400e+00 ; 1.1112999e+01 ; 2.2000000e+02 
3.500e+01 ; 6.400e+00 ; 1.400e+00 ; 1.1624999e+01 ; 2.2000000e+02 
3.500e+01 ; 6.400e+00 ; 1.400e+00 ; 1.1659999e+01 ; 2.2000000e+02 
3.500e+01 ; 6.400e+00 ; 1.400e+00 ; 1.1659999e+01 ; 2.2000000e+02 
3.500e+01 ; 6.400e+00 ; 1.400e+00 ; 1.1660999e+01 ; 2.2000000e+02 
3.500e+01 ; 6.400e+00 ; 1.400e+00 ; 1.1661999e+01 ; 2.2000000e+02 
3.500e+01 ; 6.400e+00 ; 1.400e+00 ; 1.1662999e+01 ; 2.2000000e+02 
3.500e+01 ; 6.400e+00 ; 1.400e+00 ; 1.1664999e+01 ; 2.2000000e+02 
3.500e+01 ; 6.400e+00 ; 1.400e+00 ; 1.1668999e+01 ; 2.2000000e+02 
3.500e+01 ; 6.400e+00 ; 1.400e+00 ; 1.1676999e+01 ; 2.2000000e+02 
3.500e+01 ; 6.400e+00 ; 1.400e+00 ; 1.1692999e+01 ; 2.2000000e+02 
3.500e+01 ; 6.400e+00 ; 1.400e+00 ; 1.1724999e+01 ; 2.2000000e+02 
3.500e+01 ; 6.400e+00 ; 1.400e+00 ; 1.1788999e+01 ; 2.2000000e+02 
3.500e+01 ; 6.400e+00 ; 1.400e+00 ; 1.1916999e+01 ; 2.2000000e+02 
3.500e+01 ; 6.400e+00 ; 1.400e+00 ; 1.2172999e+01 ; 2.2000000e+02 
3.500e+01 ; 6.400e+00 ; 1.400e+00 ; 1.2684999e+01 ; 2.2000000e+02 
3.500e+01 ; 6.400e+00 ; 1.400e+00 ; 1.2719999e+01 ; 2.2000000e+02 
3.500e+01 ; 6.400e+00 ; 1.400e+00 ; 1.2719999e+01 ; 2.2000000e+02 
3.500e+01 ; 6.400e+00 ; 1.400e+00 ; 1.2720999e+01 ; 2.2000000e+02 
3.500e+01 ; 6.400e+00 ; 1.400e+00 ; 1.2721999e+01 ; 2.2000000e+02 
3.500e+01 ; 6.400e+00 ; 1.400e+00 ; 1.2722999e+01 ; 2.2000000e+02 
3.500e+01 ; 6.400e+00 ; 1.400e+00 ; 1.2724999e+01 ; 2.2000000e+02 
3.500e+01 ; 6.400e+00 ; 1.400e+00 ; 1.2728999e+01 ; 2.2000000e+02 
3.500e+01 ; 6.400e+00 ; 1.400e+00 ; 1.2736999e+01 ; 2.2000000e+02 
3.500e+01 ; 6.400e+00 ; 1.400e+00 ; 1.2752999e+01 ; 2.2000000e+02 
3.500e+01 ; 6.400e+00 ; 1.400e+00 ; 1.2784999e+01 ; 2.2000000e+02 
3.500e+01 ; 6.400e+00 ; 1.400e+00 ; 1.2848999e+01 ; 2.2000000e+02 
3.500e+01 ; 6.400e+00 ; 1.400e+00 ; 1.2976999e+01 ; 2.2000000e+02 
3.500e+01 ; 6.400e+00 ; 1.400e+00 ; 1.3232999e+01 ; 2.2000000e+02 
3.500e+01 ; 6.400e+00 ; 1.400e+00 ; 1.3744999e+01 ; 2.2000000e+02 
3.500e+01 ; 6.400e+00 ; 1.400e+00 ; 1.3779999e+01 ; 2.2000000e+02 
3.500e+01 ; 6.400e+00 ; 1.400e+00 ; 1.3779999e+01 ; 2.2000000e+02 
3.500e+01 ; 6.400e+00 ; 1.400e+00 ; 1.3780999e+01 ; 2.2000000e+02 
3.500e+01 ; 6.400e+00 ; 1.400e+00 ; 1.3781999e+01 ; 2.2000000e+02 
3.500e+01 ; 6.400e+00 ; 1.400e+00 ; 1.3782999e+01 ; 2.2000000e+02 
3.500e+01 ; 6.400e+00 ; 1.400e+00 ; 1.3784999e+01 ; 2.2000000e+02 
3.500e+01 ; 6.400e+00 ; 1.400e+00 ; 1.3788999e+01 ; 2.2000000e+02 
3.500e+01 ; 6.400e+00 ; 1.400e+00 ; 1.3796999e+01 ; 2.2000000e+02 
3.500e+01 ; 6.400e+00 ; 1.400e+00 ; 1.3812999e+01 ; 2.2000000e+02 
3.500e+01 ; 6.400e+00 ; 1.400e+00 ; 1.3844999e+01 ; 2.2000000e+02 
3.500e+01 ; 6.400e+00 ; 1.400e+00 ; 1.3908999e+01 ; 2.2000000e+02 
3.500e+01 ; 6.400e+00 ; 1.400e+00 ; 1.4036999e+01 ; 2.2000000e+02 
3.500e+01 ; 6.400e+00 ; 1.400e+00 ; 1.4292999e+01 ; 2.2000000e+02 
3.500e+01 ; 6.400e+00 ; 1.400e+00 ; 1.4804999e+01 ; 2.2000000e+02 
3.500e+01 ; 6.400e+00 ; 1.400e+00 ; 1.4839999e+01 ; 2.2000000e+02 
3.500e+01 ; 6.400e+00 ; 1.400e+00 ; 1.4839999e+01 ; 2.2000000e+02 
3.500e+01 ; 6.400e+00 ; 1.400e+00 ; 1.4840999e+01 ; 2.2000000e+02 
3.500e+01 ; 6.400e+00 ; 1.400e+00 ; 1.4841999e+01 ; 2.2000000e+02 
3.500e+01 ; 6.400e+00 ; 1.400e+00 ; 1.4842999e+01 ; 2.2000000e+02 
3.500e+01 ; 6.400e+00 ; 1.400e+00 ; 1.4844999e+01 ; 2.2000000e+02 
3.500e+01 ; 6.400e+00 ; 1.400e+00 ; 1.4848999e+01 ; 2.2000000e+02 
3.500e+01 ; 6.400e+00 ; 1.400e+00 ; 1.4856999e+01 ; 2.2000000e+02 
3.500e+01 ; 6.400e+00 ; 1.400e+00 ; 1.4872999e+01 ; 2.2000000e+02 
3.500e+01 ; 6.400e+00 ; 1.400e+00 ; 1.4904999e+01 ; 2.2000000e+02 
3.500e+01 ; 6.400e+00 ; 1.400e+00 ; 1.4968999e+01 ; 2.2000000e+02 
3.500e+01 ; 6.400e+00 ; 1.400e+00 ; 1.5096999e+01 ; 2.2000000e+02 
3.500e+01 ; 6.400e+00 ; 1.400e+00 ; 1.5352999e+01 ; 2.2000000e+02 
3.500e+01 ; 6.400e+00 ; 1.400e+00 ; 1.5864999e+01 ; 2.2000000e+02 
3.500e+01 ; 6.400e+00 ; 1.400e+00 ; 1.5899999e+01 ; 2.2000000e+02 
3.500e+01 ; 6.400e+00 ; 1.400e+00 ; 1.5899999e+01 ; 2.2000000e+02 
3.500e+01 ; 6.400e+00 ; 1.400e+00 ; 1.5900999e+01 ; 2.2000000e+02 
3.500e+01 ; 6.400e+00 ; 1.400e+00 ; 1.5901999e+01 ; 2.2000000e+02 
3.500e+01 ; 6.400e+00 ; 1.400e+00 ; 1.5902999e+01 ; 2.2000000e+02 
3.500e+01 ; 6.400e+00 ; 1.400e+00 ; 1.5904999e+01 ; 2.2000000e+02 
3.500e+01 ; 6.400e+00 ; 1.400e+00 ; 1.5908999e+01 ; 2.2000000e+02 
3.500e+01 ; 6.400e+00 ; 1.400e+00 ; 1.5916999e+01 ; 2.2000000e+02 
3.500e+01 ; 6.400e+00 ; 1.400e+00 ; 1.5932999e+01 ; 2.2000000e+02 
3.500e+01 ; 6.400e+00 ; 1.400e+00 ; 1.5964999e+01 ; 2.2000000e+02 
3.500e+01 ; 6.400e+00 ; 1.400e+00 ; 1.6028999e+01 ; 2.2000000e+02 
3.500e+01 ; 6.400e+00 ; 1.400e+00 ; 1.6156999e+01 ; 2.2000000e+02 
3.500e+01 ; 6.400e+00 ; 1.400e+00 ; 1.6412999e+01 ; 2.2000000e+02 
3.500e+01 ; 6.400e+00 ; 1.400e+00 ; 1.6924999e+01 ; 2.2000000e+02 
3.500e+01 ; 6.400e+00 ; 1.400e+00 ; 1.6959999e+01 ; 2.2000000e+02 
3.500e+01 ; 6.400e+00 ; 1.400e+00 ; 1.6959999e+01 ; 2.2000000e+02 
3.500e+01 ; 6.400e+00 ; 1.400e+00 ; 1.6960999e+01 ; 2.2000000e+02 
3.500e+01 ; 6.400e+00 ; 1.400e+00 ; 1.6961999e+01 ; 2.2000000e+02 
3.500e+01 ; 6.400e+00 ; 1.400e+00 ; 1.6962999e+01 ; 2.2000000e+02 
3.500e+01 ; 6.400e+00 ; 1.400e+00 ; 1.6964999e+01 ; 2.2000000e+02 
3.500e+01 ; 6.400e+00 ; 1.400e+00 ; 1.6968999e+01 ; 2.2000000e+02 
3.500e+01 ; 6.400e+00 ; 1.400e+00 ; 1.6976999e+01 ; 2.2000000e+02 
3.500e+01 ; 6.400e+00 ; 1.400e+00 ; 1.6992999e+01 ; 2.2000000e+02 
3.500e+01 ; 6.400e+00 ; 1.400e+00 ; 1.7024999e+01 ; 2.2000000e+02 
3.500e+01 ; 6.400e+00 ; 1.400e+00 ; 1.7088999e+01 ; 2.2000000e+02 
3.500e+01 ; 6.400e+00 ; 1.400e+00 ; 1.7216999e+01 ; 2.2000000e+02 
3.500e+01 ; 6.400e+00 ; 1.400e+00 ; 1.7472999e+01 ; 2.2000000e+02 
3.500e+01 ; 6.400e+00 ; 1.400e+00 ; 1.7984999e+01 ; 2.2000000e+02 
3.500e+01 ; 6.400e+00 ; 1.400e+00 ; 1.8019999e+01 ; 2.2000000e+02 
3.500e+01 ; 6.400e+00 ; 1.400e+00 ; 1.8019999e+01 ; 2.2000000e+02 
3.500e+01 ; 6.400e+00 ; 1.400e+00 ; 1.8020999e+01 ; 2.2000000e+02 
3.500e+01 ; 6.400e+00 ; 1.400e+00 ; 1.8021999e+01 ; 2.2000000e+02 
3.500e+01 ; 6.400e+00 ; 1.400e+00 ; 1.8022999e+01 ; 2.2000000e+02 
3.500e+01 ; 6.400e+00 ; 1.400e+00 ; 1.8024999e+01 ; 2.2000000e+02 
3.500e+01 ; 6.400e+00 ; 1.400e+00 ; 1.8028999e+01 ; 2.2000000e+02 
3.500e+01 ; 6.400e+00 ; 1.400e+00 ; 1.8036999e+01 ; 2.2000000e+02 
3.500e+01 ; 6.400e+00 ; 1.400e+00 ; 1.8052999e+01 ; 2.2000000e+02 
3.500e+01 ; 6.400e+00 ; 1.400e+00 ; 1.8084999e+01 ; 2.2000000e+02 
3.500e+01 ; 6.400e+00 ; 1.400e+00 ; 1.8148999e+01 ; 2.2000000e+02 
3.500e+01 ; 6.400e+00 ; 1.400e+00 ; 1.8276999e+01 ; 2.2000000e+02 
3.500e+01 ; 6.400e+00 ; 1.400e+00 ; 1.8532999e+01 ; 2.2000000e+02 
3.500e+01 ; 6.400e+00 ; 1.400e+00 ; 1.9044999e+01 ; 2.2000000e+02 
3.500e+01 ; 6.400e+00 ; 1.400e+00 ; 1.9079999e+01 ; 2.2000000e+02 
3.500e+01 ; 6.400e+00 ; 1.400e+00 ; 1.9079999e+01 ; 2.2000000e+02 
3.500e+01 ; 6.400e+00 ; 1.400e+00 ; 1.9080999e+01 ; 2.2000000e+02 
3.500e+01 ; 6.400e+00 ; 1.400e+00 ; 1.9081999e+01 ; 2.2000000e+02 
3.500e+01 ; 6.400e+00 ; 1.400e+00 ; 1.9082999e+01 ; 2.2000000e+02 
3.500e+01 ; 6.400e+00 ; 1.400e+00 ; 1.9084999e+01 ; 2.2000000e+02 
3.500e+01 ; 6.400e+00 ; 1.400e+00 ; 1.9088999e+01 ; 2.2000000e+02 
3.500e+01 ; 6.400e+00 ; 1.400e+00 ; 1.9096999e+01 ; 2.2000000e+02 
3.500e+01 ; 6.400e+00 ; 1.400e+00 ; 1.9112999e+01 ; 2.2000000e+02 
3.500e+01 ; 6.400e+00 ; 1.400e+00 ; 1.9144999e+01 ; 2.2000000e+02 
3.500e+01 ; 6.400e+00 ; 1.400e+00 ; 1.9208999e+01 ; 2.2000000e+02 
3.500e+01 ; 6.400e+00 ; 1.400e+00 ; 1.9336999e+01 ; 2.2000000e+02 
3.500e+01 ; 6.400e+00 ; 1.400e+00 ; 1.9592999e+01 ; 2.2000000e+02 
3.500e+01 ; 6.400e+00 ; 1.400e+00 ; 2.0104999e+01 ; 2.2000000e+02 
3.500e+01 ; 6.400e+00 ; 1.400e+00 ; 2.0139999e+01 ; 2.2000000e+02 
3.500e+01 ; 6.400e+00 ; 1.400e+00 ; 2.0139999e+01 ; 2.2000000e+02 
3.500e+01 ; 6.400e+00 ; 1.400e+00 ; 2.0140999e+01 ; 2.2000000e+02 
3.500e+01 ; 6.400e+00 ; 1.400e+00 ; 2.0141999e+01 ; 2.2000000e+02 
3.500e+01 ; 6.400e+00 ; 1.400e+00 ; 2.0142999e+01 ; 2.2000000e+02 
3.500e+01 ; 6.400e+00 ; 1.400e+00 ; 2.0144999e+01 ; 2.2000000e+02 
3.500e+01 ; 6.400e+00 ; 1.400e+00 ; 2.0148999e+01 ; 2.2000000e+02 
3.500e+01 ; 6.400e+00 ; 1.400e+00 ; 2.0156999e+01 ; 2.2000000e+02 
3.500e+01 ; 6.400e+00 ; 1.400e+00 ; 2.0172999e+01 ; 2.2000000e+02 
3.500e+01 ; 6.400e+00 ; 1.400e+00 ; 2.0204999e+01 ; 2.2000000e+02 
3.500e+01 ; 6.400e+00 ; 1.400e+00 ; 2.0268999e+01 ; 2.2000000e+02 
3.500e+01 ; 6.400e+00 ; 1.400e+00 ; 2.0396999e+01 ; 2.2000000e+02 
3.500e+01 ; 6.400e+00 ; 1.400e+00 ; 2.0652999e+01 ; 2.2000000e+02 
3.500e+01 ; 6.400e+00 ; 1.400e+00 ; 2.1164999e+01 ; 2.2000000e+02 
3.500e+01 ; 6.400e+00 ; 1.400e+00 ; 2.1199999e+01 ; 2.2000000e+02 
3.500e+01 ; 6.400e+00 ; 1.400e+00 ; 2.1199999e+01 ; 2.2000000e+02 
3.500e+01 ; 6.400e+00 ; 1.400e+00 ; 2.1200999e+01 ; 2.2000000e+02 
3.500e+01 ; 6.400e+00 ; 1.400e+00 ; 2.1201999e+01 ; 2.2000000e+02 
3.500e+01 ; 6.400e+00 ; 1.400e+00 ; 2.1202999e+01 ; 2.2000000e+02 
3.500e+01 ; 6.400e+00 ; 1.400e+00 ; 2.1204999e+01 ; 2.2000000e+02 
3.500e+01 ; 6.400e+00 ; 1.400e+00 ; 2.1208999e+01 ; 2.2000000e+02 
3.500e+01 ; 6.400e+00 ; 1.400e+00 ; 2.1216999e+01 ; 2.2000000e+02 
3.500e+01 ; 6.400e+00 ; 1.400e+00 ; 2.1232999e+01 ; 2.2000000e+02 
3.500e+01 ; 6.400e+00 ; 1.400e+00 ; 2.1264999e+01 ; 2.2000000e+02 
3.500e+01 ; 6.400e+00 ; 1.400e+00 ; 2.1328999e+01 ; 2.2000000e+02 
3.500e+01 ; 6.400e+00 ; 1.400e+00 ; 2.1456999e+01 ; 2.2000000e+02 
3.500e+01 ; 6.400e+00 ; 1.400e+00 ; 2.1712999e+01 ; 2.2000000e+02 
3.500e+01 ; 6.400e+00 ; 1.400e+00 ; 2.2224999e+01 ; 2.2000000e+02 
3.500e+01 ; 6.400e+00 ; 1.400e+00 ; 2.2259999e+01 ; 2.2000000e+02 
3.500e+01 ; 6.400e+00 ; 1.400e+00 ; 2.2259999e+01 ; 2.2000000e+02 
3.500e+01 ; 6.400e+00 ; 1.400e+00 ; 2.2260999e+01 ; 2.2000000e+02 
3.500e+01 ; 6.400e+00 ; 1.400e+00 ; 2.2261999e+01 ; 2.2000000e+02 
3.500e+01 ; 6.400e+00 ; 1.400e+00 ; 2.2262999e+01 ; 2.2000000e+02 
3.500e+01 ; 6.400e+00 ; 1.400e+00 ; 2.2264999e+01 ; 2.2000000e+02 
3.500e+01 ; 6.400e+00 ; 1.400e+00 ; 2.2268999e+01 ; 2.2000000e+02 
3.500e+01 ; 6.400e+00 ; 1.400e+00 ; 2.2276999e+01 ; 2.2000000e+02 
3.500e+01 ; 6.400e+00 ; 1.400e+00 ; 2.2292999e+01 ; 2.2000000e+02 
3.500e+01 ; 6.400e+00 ; 1.400e+00 ; 2.2324999e+01 ; 2.2000000e+02 
3.500e+01 ; 6.400e+00 ; 1.400e+00 ; 2.2388999e+01 ; 2.2000000e+02 
3.500e+01 ; 6.400e+00 ; 1.400e+00 ; 2.2516999e+01 ; 2.2000000e+02 
3.500e+01 ; 6.400e+00 ; 1.400e+00 ; 2.2772999e+01 ; 2.2000000e+02 
3.500e+01 ; 6.400e+00 ; 1.400e+00 ; 2.3284999e+01 ; 2.2000000e+02 
3.500e+01 ; 6.400e+00 ; 1.400e+00 ; 2.3319999e+01 ; 2.2000000e+02 
3.500e+01 ; 6.400e+00 ; 1.400e+00 ; 2.3319999e+01 ; 2.2000000e+02 
3.500e+01 ; 6.400e+00 ; 1.400e+00 ; 2.3320999e+01 ; 2.2000000e+02 
3.500e+01 ; 6.400e+00 ; 1.400e+00 ; 2.3321999e+01 ; 2.2000000e+02 
3.500e+01 ; 6.400e+00 ; 1.400e+00 ; 2.3322999e+01 ; 2.2000000e+02 
3.500e+01 ; 6.400e+00 ; 1.400e+00 ; 2.3324999e+01 ; 2.2000000e+02 
3.500e+01 ; 6.400e+00 ; 1.400e+00 ; 2.3328999e+01 ; 2.2000000e+02 
3.500e+01 ; 6.400e+00 ; 1.400e+00 ; 2.3336999e+01 ; 2.2000000e+02 
3.500e+01 ; 6.400e+00 ; 1.400e+00 ; 2.3352999e+01 ; 2.2000000e+02 
3.500e+01 ; 6.400e+00 ; 1.400e+00 ; 2.3384999e+01 ; 2.2000000e+02 
3.500e+01 ; 6.400e+00 ; 1.400e+00 ; 2.3448999e+01 ; 2.2000000e+02 
3.500e+01 ; 6.400e+00 ; 1.400e+00 ; 2.3576999e+01 ; 2.2000000e+02 
3.500e+01 ; 6.400e+00 ; 1.400e+00 ; 2.3832999e+01 ; 2.2000000e+02 
3.500e+01 ; 6.400e+00 ; 1.400e+00 ; 2.4344999e+01 ; 2.2000000e+02 
3.500e+01 ; 6.400e+00 ; 1.400e+00 ; 2.4379999e+01 ; 2.2000000e+02 
3.500e+01 ; 6.400e+00 ; 1.400e+00 ; 2.4379999e+01 ; 2.2000000e+02 
3.500e+01 ; 6.400e+00 ; 1.400e+00 ; 2.4380999e+01 ; 2.1989787e+02 
3.500e+01 ; 6.400e+00 ; 1.400e+00 ; 2.4381999e+01 ; 2.1979584e+02 
3.500e+01 ; 6.400e+00 ; 1.400e+00 ; 2.4382999e+01 ; 2.1969386e+02 
3.500e+01 ; 6.400e+00 ; 1.400e+00 ; 2.4384999e+01 ; 2.1949025e+02 
3.500e+01 ; 6.400e+00 ; 1.400e+00 ; 2.4388999e+01 ; 2.1908427e+02 
3.500e+01 ; 6.400e+00 ; 1.400e+00 ; 2.4396999e+01 ; 2.1827731e+02 
3.500e+01 ; 6.400e+00 ; 1.400e+00 ; 2.4412999e+01 ; 2.1668314e+02 
3.500e+01 ; 6.400e+00 ; 1.400e+00 ; 2.4444999e+01 ; 2.1357195e+02 
3.500e+01 ; 6.400e+00 ; 1.400e+00 ; 2.4508999e+01 ; 2.0764417e+02 
3.500e+01 ; 6.400e+00 ; 1.400e+00 ; 2.4636999e+01 ; 1.9686353e+02 
3.500e+01 ; 6.400e+00 ; 1.400e+00 ; 2.4892999e+01 ; 1.7889519e+02 
3.500e+01 ; 6.400e+00 ; 1.400e+00 ; 2.5404999e+01 ; 1.5319444e+02 
3.500e+01 ; 6.400e+00 ; 1.400e+00 ; 2.5439999e+01 ; 1.5148341e+02 
3.500e+01 ; 6.400e+00 ; 1.400e+00 ; 2.5439999e+01 ; 1.5148341e+02 
3.500e+01 ; 6.400e+00 ; 1.400e+00 ; 2.5440999e+01 ; 1.5143457e+02 
3.500e+01 ; 6.400e+00 ; 1.400e+00 ; 2.5441999e+01 ; 1.5138577e+02 
3.500e+01 ; 6.400e+00 ; 1.400e+00 ; 2.5442999e+01 ; 1.5133701e+02 
3.500e+01 ; 6.400e+00 ; 1.400e+00 ; 2.5444999e+01 ; 1.5123965e+02 
3.500e+01 ; 6.400e+00 ; 1.400e+00 ; 2.5448999e+01 ; 1.5104562e+02 
3.500e+01 ; 6.400e+00 ; 1.400e+00 ; 2.5456999e+01 ; 1.5066023e+02 
3.500e+01 ; 6.400e+00 ; 1.400e+00 ; 2.5472999e+01 ; 1.4989987e+02 
3.500e+01 ; 6.400e+00 ; 1.400e+00 ; 2.5504999e+01 ; 1.4841953e+02 
3.500e+01 ; 6.400e+00 ; 1.400e+00 ; 2.5568999e+01 ; 1.4560995e+02 
3.500e+01 ; 6.400e+00 ; 1.400e+00 ; 2.5696999e+01 ; 1.4052553e+02 
3.500e+01 ; 6.400e+00 ; 1.400e+00 ; 2.5952999e+01 ; 1.3207654e+02 
3.500e+01 ; 6.400e+00 ; 1.400e+00 ; 2.6464999e+01 ; 1.1991439e+02 
3.500e+01 ; 6.400e+00 ; 1.400e+00 ; 2.6499999e+01 ; 1.1910396e+02 
3.500e+01 ; 6.400e+00 ; 1.400e+00 ; 2.6499999e+01 ; 1.1910396e+02 
3.500e+01 ; 6.400e+00 ; 1.400e+00 ; 2.6500999e+01 ; 1.1908083e+02 
3.500e+01 ; 6.400e+00 ; 1.400e+00 ; 2.6501999e+01 ; 1.1905770e+02 
3.500e+01 ; 6.400e+00 ; 1.400e+00 ; 2.6502999e+01 ; 1.1903460e+02 
3.500e+01 ; 6.400e+00 ; 1.400e+00 ; 2.6504999e+01 ; 1.1898846e+02 
3.500e+01 ; 6.400e+00 ; 1.400e+00 ; 2.6508999e+01 ; 1.1889647e+02 
3.500e+01 ; 6.400e+00 ; 1.400e+00 ; 2.6516999e+01 ; 1.1871357e+02 
3.500e+01 ; 6.400e+00 ; 1.400e+00 ; 2.6532999e+01 ; 1.1835213e+02 
3.500e+01 ; 6.400e+00 ; 1.400e+00 ; 2.6564999e+01 ; 1.1764619e+02 
3.500e+01 ; 6.400e+00 ; 1.400e+00 ; 2.6628999e+01 ; 1.1629900e+02 
3.500e+01 ; 6.400e+00 ; 1.400e+00 ; 2.6756999e+01 ; 1.1383984e+02 
3.500e+01 ; 6.400e+00 ; 1.400e+00 ; 2.7012999e+01 ; 1.0970328e+02 
3.500e+01 ; 6.400e+00 ; 1.400e+00 ; 2.7524999e+01 ; 1.0363548e+02 
3.500e+01 ; 6.400e+00 ; 1.400e+00 ; 2.7559999e+01 ; 1.0323067e+02 
3.500e+01 ; 6.400e+00 ; 1.400e+00 ; 2.7559999e+01 ; 1.0323067e+02 
3.500e+01 ; 6.400e+00 ; 1.400e+00 ; 2.7560999e+01 ; 1.0321912e+02 
3.500e+01 ; 6.400e+00 ; 1.400e+00 ; 2.7561999e+01 ; 1.0320757e+02 
3.500e+01 ; 6.400e+00 ; 1.400e+00 ; 2.7562999e+01 ; 1.0319602e+02 
3.500e+01 ; 6.400e+00 ; 1.400e+00 ; 2.7564999e+01 ; 1.0317297e+02 
3.500e+01 ; 6.400e+00 ; 1.400e+00 ; 2.7568999e+01 ; 1.0312700e+02 
3.500e+01 ; 6.400e+00 ; 1.400e+00 ; 2.7576999e+01 ; 1.0303558e+02 
3.500e+01 ; 6.400e+00 ; 1.400e+00 ; 2.7592999e+01 ; 1.0285475e+02 
3.500e+01 ; 6.400e+00 ; 1.400e+00 ; 2.7624999e+01 ; 1.0250100e+02 
3.500e+01 ; 6.400e+00 ; 1.400e+00 ; 2.7688999e+01 ; 1.0182343e+02 
3.500e+01 ; 6.400e+00 ; 1.400e+00 ; 2.7816999e+01 ; 1.0057607e+02 
3.500e+01 ; 6.400e+00 ; 1.400e+00 ; 2.8072999e+01 ; 9.8435715e+01 
3.500e+01 ; 6.400e+00 ; 1.400e+00 ; 2.8584998e+01 ; 9.5154419e+01 
3.500e+01 ; 6.400e+00 ; 1.400e+00 ; 2.8619998e+01 ; 9.4934647e+01 
3.500e+01 ; 6.400e+00 ; 1.400e+00 ; 2.8619998e+01 ; 9.4934647e+01 
3.500e+01 ; 6.400e+00 ; 1.400e+00 ; 2.8620998e+01 ; 9.4928375e+01 
3.500e+01 ; 6.400e+00 ; 1.400e+00 ; 2.8621998e+01 ; 9.4922104e+01 
3.500e+01 ; 6.400e+00 ; 1.400e+00 ; 2.8622998e+01 ; 9.4915833e+01 
3.500e+01 ; 6.400e+00 ; 1.400e+00 ; 2.8624998e+01 ; 9.4903313e+01 
3.500e+01 ; 6.400e+00 ; 1.400e+00 ; 2.8628998e+01 ; 9.4878326e+01 
3.500e+01 ; 6.400e+00 ; 1.400e+00 ; 2.8636998e+01 ; 9.4828590e+01 
3.500e+01 ; 6.400e+00 ; 1.400e+00 ; 2.8652998e+01 ; 9.4730049e+01 
3.500e+01 ; 6.400e+00 ; 1.400e+00 ; 2.8684998e+01 ; 9.4536560e+01 
3.500e+01 ; 6.400e+00 ; 1.400e+00 ; 2.8748998e+01 ; 9.4163277e+01 
3.500e+01 ; 6.400e+00 ; 1.400e+00 ; 2.8876998e+01 ; 9.3466454e+01 
3.500e+01 ; 6.400e+00 ; 1.400e+00 ; 2.9132998e+01 ; 9.2238846e+01 
3.500e+01 ; 6.400e+00 ; 1.400e+00 ; 2.9644998e+01 ; 9.0266373e+01 
3.500e+01 ; 6.400e+00 ; 1.400e+00 ; 2.9679998e+01 ; 9.0133736e+01 
3.500e+01 ; 6.400e+00 ; 1.400e+00 ; 2.9679998e+01 ; 9.0133736e+01 
3.500e+01 ; 6.400e+00 ; 1.400e+00 ; 2.9680998e+01 ; 9.0129944e+01 
3.500e+01 ; 6.400e+00 ; 1.400e+00 ; 2.9681998e+01 ; 9.0126160e+01 
3.500e+01 ; 6.400e+00 ; 1.400e+00 ; 2.9682998e+01 ; 9.0122375e+01 
3.500e+01 ; 6.400e+00 ; 1.400e+00 ; 2.9684998e+01 ; 9.0114815e+01 
3.500e+01 ; 6.400e+00 ; 1.400e+00 ; 2.9688998e+01 ; 9.0099724e+01 
3.500e+01 ; 6.400e+00 ; 1.400e+00 ; 2.9696998e+01 ; 9.0069649e+01 
3.500e+01 ; 6.400e+00 ; 1.400e+00 ; 2.9712998e+01 ; 9.0009941e+01 
3.500e+01 ; 6.400e+00 ; 1.400e+00 ; 2.9744998e+01 ; 8.9892296e+01 
3.500e+01 ; 6.400e+00 ; 1.400e+00 ; 2.9808998e+01 ; 8.9663704e+01 
3.500e+01 ; 6.400e+00 ; 1.400e+00 ; 2.9936998e+01 ; 8.9231140e+01 
3.500e+01 ; 6.400e+00 ; 1.400e+00 ; 3.0192998e+01 ; 8.8449989e+01 
3.500e+01 ; 6.400e+00 ; 1.400e+00 ; 3.0704998e+01 ; 8.7142105e+01 
3.500e+01 ; 6.400e+00 ; 1.400e+00 ; 3.0739998e+01 ; 8.7053864e+01 
3.500e+01 ; 6.400e+00 ; 1.400e+00 ; 3.0739998e+01 ; 8.7053864e+01 
3.500e+01 ; 6.400e+00 ; 1.400e+00 ; 3.0740998e+01 ; 8.7051338e+01 
3.500e+01 ; 6.400e+00 ; 1.400e+00 ; 3.0741998e+01 ; 8.7048820e+01 
3.500e+01 ; 6.400e+00 ; 1.400e+00 ; 3.0742998e+01 ; 8.7046303e+01 
3.500e+01 ; 6.400e+00 ; 1.400e+00 ; 3.0744998e+01 ; 8.7041267e+01 
3.500e+01 ; 6.400e+00 ; 1.400e+00 ; 3.0748998e+01 ; 8.7031219e+01 
3.500e+01 ; 6.400e+00 ; 1.400e+00 ; 3.0756998e+01 ; 8.7011177e+01 
3.500e+01 ; 6.400e+00 ; 1.400e+00 ; 3.0772998e+01 ; 8.6971329e+01 
3.500e+01 ; 6.400e+00 ; 1.400e+00 ; 3.0804998e+01 ; 8.6892578e+01 
3.500e+01 ; 6.400e+00 ; 1.400e+00 ; 3.0868998e+01 ; 8.6738663e+01 
3.500e+01 ; 6.400e+00 ; 1.400e+00 ; 3.0996998e+01 ; 8.6444229e+01 
3.500e+01 ; 6.400e+00 ; 1.400e+00 ; 3.1252998e+01 ; 8.5902206e+01 
3.500e+01 ; 6.400e+00 ; 1.400e+00 ; 3.1764998e+01 ; 8.4966927e+01 
3.500e+01 ; 6.400e+00 ; 1.400e+00 ; 3.1799998e+01 ; 8.4903671e+01 
3.500e+01 ; 6.400e+00 ; 1.400e+00 ; 3.1799998e+01 ; 8.4903671e+01 
3.500e+01 ; 6.400e+00 ; 1.400e+00 ; 3.1800998e+01 ; 8.4901863e+01 
3.500e+01 ; 6.400e+00 ; 1.400e+00 ; 3.1801998e+01 ; 8.4900063e+01 
3.500e+01 ; 6.400e+00 ; 1.400e+00 ; 3.1802998e+01 ; 8.4898254e+01 
3.500e+01 ; 6.400e+00 ; 1.400e+00 ; 3.1804998e+01 ; 8.4894646e+01 
3.500e+01 ; 6.400e+00 ; 1.400e+00 ; 3.1808998e+01 ; 8.4887436e+01 
3.500e+01 ; 6.400e+00 ; 1.400e+00 ; 3.1816998e+01 ; 8.4873055e+01 
3.500e+01 ; 6.400e+00 ; 1.400e+00 ; 3.1832998e+01 ; 8.4844429e+01 
3.500e+01 ; 6.400e+00 ; 1.400e+00 ; 3.1864998e+01 ; 8.4787735e+01 
3.500e+01 ; 6.400e+00 ; 1.400e+00 ; 3.1928998e+01 ; 8.4676491e+01 
3.500e+01 ; 6.400e+00 ; 1.400e+00 ; 3.2056998e+01 ; 8.4462082e+01 
3.500e+01 ; 6.400e+00 ; 1.400e+00 ; 3.2312998e+01 ; 8.4062309e+01 
3.500e+01 ; 6.400e+00 ; 1.400e+00 ; 3.2824998e+01 ; 8.3359055e+01 
3.500e+01 ; 6.400e+00 ; 1.400e+00 ; 3.2859998e+01 ; 8.3311424e+01 
3.500e+01 ; 6.400e+00 ; 1.400e+00 ; 3.2859998e+01 ; 8.3311424e+01 
3.500e+01 ; 6.400e+00 ; 1.400e+00 ; 3.2860998e+01 ; 8.3310059e+01 
3.500e+01 ; 6.400e+00 ; 1.400e+00 ; 3.2861998e+01 ; 8.3308701e+01 
3.500e+01 ; 6.400e+00 ; 1.400e+00 ; 3.2862998e+01 ; 8.3307343e+01 
3.500e+01 ; 6.400e+00 ; 1.400e+00 ; 3.2864998e+01 ; 8.3304626e+01 
3.500e+01 ; 6.400e+00 ; 1.400e+00 ; 3.2868998e+01 ; 8.3299194e+01 
3.500e+01 ; 6.400e+00 ; 1.400e+00 ; 3.2876998e+01 ; 8.3288353e+01 
3.500e+01 ; 6.400e+00 ; 1.400e+00 ; 3.2892998e+01 ; 8.3266769e+01 
3.500e+01 ; 6.400e+00 ; 1.400e+00 ; 3.2924998e+01 ; 8.3223961e+01 
3.500e+01 ; 6.400e+00 ; 1.400e+00 ; 3.2988998e+01 ; 8.3139763e+01 
3.500e+01 ; 6.400e+00 ; 1.400e+00 ; 3.3116998e+01 ; 8.2976738e+01 
3.500e+01 ; 6.400e+00 ; 1.400e+00 ; 3.3372998e+01 ; 8.2670433e+01 
3.500e+01 ; 6.400e+00 ; 1.400e+00 ; 3.3884998e+01 ; 8.2125481e+01 
3.500e+01 ; 6.400e+00 ; 1.400e+00 ; 3.3919998e+01 ; 8.2088539e+01 
3.500e+01 ; 6.400e+00 ; 1.400e+00 ; 3.3919998e+01 ; 8.2088539e+01 
3.500e+01 ; 6.400e+00 ; 1.400e+00 ; 3.3920998e+01 ; 8.2087486e+01 
3.500e+01 ; 6.400e+00 ; 1.400e+00 ; 3.3921998e+01 ; 8.2086433e+01 
3.500e+01 ; 6.400e+00 ; 1.400e+00 ; 3.3922998e+01 ; 8.2085381e+01 
3.500e+01 ; 6.400e+00 ; 1.400e+00 ; 3.3924998e+01 ; 8.2083267e+01 
3.500e+01 ; 6.400e+00 ; 1.400e+00 ; 3.3928998e+01 ; 8.2079056e+01 
3.500e+01 ; 6.400e+00 ; 1.400e+00 ; 3.3936998e+01 ; 8.2070648e+01 
3.500e+01 ; 6.400e+00 ; 1.400e+00 ; 3.3952998e+01 ; 8.2053894e+01 
3.500e+01 ; 6.400e+00 ; 1.400e+00 ; 3.3984998e+01 ; 8.2020645e+01 
3.500e+01 ; 6.400e+00 ; 1.400e+00 ; 3.4048998e+01 ; 8.1955147e+01 
3.500e+01 ; 6.400e+00 ; 1.400e+00 ; 3.4176998e+01 ; 8.1828018e+01 
3.500e+01 ; 6.400e+00 ; 1.400e+00 ; 3.4432998e+01 ; 8.1588112e+01 
3.500e+01 ; 6.400e+00 ; 1.400e+00 ; 3.4944998e+01 ; 8.1158623e+01 
3.500e+01 ; 6.400e+00 ; 1.400e+00 ; 3.4979998e+01 ; 8.1129494e+01 
3.500e+01 ; 6.400e+00 ; 1.400e+00 ; 3.4979998e+01 ; 8.1129494e+01 
3.500e+01 ; 6.400e+00 ; 1.400e+00 ; 3.4980998e+01 ; 8.1128662e+01 
3.500e+01 ; 6.400e+00 ; 1.400e+00 ; 3.4981998e+01 ; 8.1127831e+01 
3.500e+01 ; 6.400e+00 ; 1.400e+00 ; 3.4982998e+01 ; 8.1126999e+01 
3.500e+01 ; 6.400e+00 ; 1.400e+00 ; 3.4984998e+01 ; 8.1125336e+01 
3.500e+01 ; 6.400e+00 ; 1.400e+00 ; 3.4988998e+01 ; 8.1122017e+01 
3.500e+01 ; 6.400e+00 ; 1.400e+00 ; 3.4996998e+01 ; 8.1115387e+01 
3.500e+01 ; 6.400e+00 ; 1.400e+00 ; 3.5012998e+01 ; 8.1102173e+01 
3.500e+01 ; 6.400e+00 ; 1.400e+00 ; 3.5044998e+01 ; 8.1075928e+01 
3.500e+01 ; 6.400e+00 ; 1.400e+00 ; 3.5108998e+01 ; 8.1024200e+01 
3.500e+01 ; 6.400e+00 ; 1.400e+00 ; 3.5236998e+01 ; 8.0923660e+01 
3.500e+01 ; 6.400e+00 ; 1.400e+00 ; 3.5492998e+01 ; 8.0733475e+01 
3.500e+01 ; 6.400e+00 ; 1.400e+00 ; 3.6004998e+01 ; 8.0391861e+01 
3.500e+01 ; 6.400e+00 ; 1.400e+00 ; 3.6039998e+01 ; 8.0368690e+01 
3.500e+01 ; 6.400e+00 ; 1.400e+00 ; 3.6039998e+01 ; 8.0368690e+01 
3.500e+01 ; 6.400e+00 ; 1.400e+00 ; 3.6040998e+01 ; 8.0368027e+01 
3.500e+01 ; 6.400e+00 ; 1.400e+00 ; 3.6041998e+01 ; 8.0367363e+01 
3.500e+01 ; 6.400e+00 ; 1.400e+00 ; 3.6042998e+01 ; 8.0366707e+01 
3.500e+01 ; 6.400e+00 ; 1.400e+00 ; 3.6044998e+01 ; 8.0365379e+01 
3.500e+01 ; 6.400e+00 ; 1.400e+00 ; 3.6048998e+01 ; 8.0362740e+01 
3.500e+01 ; 6.400e+00 ; 1.400e+00 ; 3.6056998e+01 ; 8.0357460e+01 
3.500e+01 ; 6.400e+00 ; 1.400e+00 ; 3.6072998e+01 ; 8.0346947e+01 
3.500e+01 ; 6.400e+00 ; 1.400e+00 ; 3.6104998e+01 ; 8.0326057e+01 
3.500e+01 ; 6.400e+00 ; 1.400e+00 ; 3.6168998e+01 ; 8.0284866e+01 
3.500e+01 ; 6.400e+00 ; 1.400e+00 ; 3.6296998e+01 ; 8.0204750e+01 
3.500e+01 ; 6.400e+00 ; 1.400e+00 ; 3.6552998e+01 ; 8.0053017e+01 
3.500e+01 ; 6.400e+00 ; 1.400e+00 ; 3.7064998e+01 ; 7.9780045e+01 
3.500e+01 ; 6.400e+00 ; 1.400e+00 ; 3.7099998e+01 ; 7.9761520e+01 
3.500e+01 ; 6.400e+00 ; 1.400e+00 ; 3.7099998e+01 ; 7.9761520e+01 
3.500e+01 ; 6.400e+00 ; 1.400e+00 ; 3.7100998e+01 ; 7.9760994e+01 
3.500e+01 ; 6.400e+00 ; 1.400e+00 ; 3.7101998e+01 ; 7.9760468e+01 
3.500e+01 ; 6.400e+00 ; 1.400e+00 ; 3.7102998e+01 ; 7.9759933e+01 
3.500e+01 ; 6.400e+00 ; 1.400e+00 ; 3.7104998e+01 ; 7.9758881e+01 
3.500e+01 ; 6.400e+00 ; 1.400e+00 ; 3.7108998e+01 ; 7.9756767e+01 
3.500e+01 ; 6.400e+00 ; 1.400e+00 ; 3.7116998e+01 ; 7.9752548e+01 
3.500e+01 ; 6.400e+00 ; 1.400e+00 ; 3.7132998e+01 ; 7.9744141e+01 
3.500e+01 ; 6.400e+00 ; 1.400e+00 ; 3.7164998e+01 ; 7.9727448e+01 
3.500e+01 ; 6.400e+00 ; 1.400e+00 ; 3.7228998e+01 ; 7.9694519e+01 
3.500e+01 ; 6.400e+00 ; 1.400e+00 ; 3.7356998e+01 ; 7.9630455e+01 
3.500e+01 ; 6.400e+00 ; 1.400e+00 ; 3.7612998e+01 ; 7.9509132e+01 
3.500e+01 ; 6.400e+00 ; 1.400e+00 ; 3.8124998e+01 ; 7.9291557e+01 
3.500e+01 ; 6.400e+00 ; 1.400e+00 ; 3.8159998e+01 ; 7.9276802e+01 
3.500e+01 ; 6.400e+00 ; 1.400e+00 ; 3.8159998e+01 ; 7.9276802e+01 
3.500e+01 ; 6.400e+00 ; 1.400e+00 ; 3.8160998e+01 ; 7.9276382e+01 
3.500e+01 ; 6.400e+00 ; 1.400e+00 ; 3.8161998e+01 ; 7.9275963e+01 
3.500e+01 ; 6.400e+00 ; 1.400e+00 ; 3.8162998e+01 ; 7.9275543e+01 
3.500e+01 ; 6.400e+00 ; 1.400e+00 ; 3.8164998e+01 ; 7.9274696e+01 
3.500e+01 ; 6.400e+00 ; 1.400e+00 ; 3.8168998e+01 ; 7.9273018e+01 
3.500e+01 ; 6.400e+00 ; 1.400e+00 ; 3.8176998e+01 ; 7.9269653e+01 
3.500e+01 ; 6.400e+00 ; 1.400e+00 ; 3.8192998e+01 ; 7.9262962e+01 
3.500e+01 ; 6.400e+00 ; 1.400e+00 ; 3.8224998e+01 ; 7.9249664e+01 
3.500e+01 ; 6.400e+00 ; 1.400e+00 ; 3.8288998e+01 ; 7.9223488e+01 
3.500e+01 ; 6.400e+00 ; 1.400e+00 ; 3.8416998e+01 ; 7.9172859e+01 
3.500e+01 ; 6.400e+00 ; 1.400e+00 ; 3.8672998e+01 ; 7.9079079e+01 
3.500e+01 ; 6.400e+00 ; 1.400e+00 ; 3.9184998e+01 ; 7.8923035e+01 
3.500e+01 ; 6.400e+00 ; 1.400e+00 ; 3.9219998e+01 ; 7.8912514e+01 
3.500e+01 ; 6.400e+00 ; 1.400e+00 ; 3.9219998e+01 ; 7.8912514e+01 
3.500e+01 ; 6.400e+00 ; 1.400e+00 ; 3.9220998e+01 ; 7.8912216e+01 
3.500e+01 ; 6.400e+00 ; 1.400e+00 ; 3.9221998e+01 ; 7.8911911e+01 
3.500e+01 ; 6.400e+00 ; 1.400e+00 ; 3.9222998e+01 ; 7.8911613e+01 
3.500e+01 ; 6.400e+00 ; 1.400e+00 ; 3.9224998e+01 ; 7.8911018e+01 
3.500e+01 ; 6.400e+00 ; 1.400e+00 ; 3.9228998e+01 ; 7.8909821e+01 
3.500e+01 ; 6.400e+00 ; 1.400e+00 ; 3.9236998e+01 ; 7.8907455e+01 
3.500e+01 ; 6.400e+00 ; 1.400e+00 ; 3.9252998e+01 ; 7.8902802e+01 
3.500e+01 ; 6.400e+00 ; 1.400e+00 ; 3.9284998e+01 ; 7.8893822e+01 
3.500e+01 ; 6.400e+00 ; 1.400e+00 ; 3.9348998e+01 ; 7.8877289e+01 
3.500e+01 ; 6.400e+00 ; 1.400e+00 ; 3.9476998e+01 ; 7.8850601e+01 
3.500e+01 ; 6.400e+00 ; 1.400e+00 ; 3.9732998e+01 ; 7.8823906e+01 
3.500e+01 ; 6.400e+00 ; 1.400e+00 ; 4.0244998e+01 ; 7.8858673e+01 
3.500e+01 ; 6.400e+00 ; 1.400e+00 ; 4.0279998e+01 ; 7.8861450e+01 
3.500e+01 ; 6.400e+00 ; 1.400e+00 ; 4.0279998e+01 ; 7.8861450e+01 
3.500e+01 ; 6.400e+00 ; 1.400e+00 ; 4.0280998e+01 ; 7.8865433e+01 
3.500e+01 ; 6.400e+00 ; 1.400e+00 ; 4.0281998e+01 ; 7.8869438e+01 
3.500e+01 ; 6.400e+00 ; 1.400e+00 ; 4.0282998e+01 ; 7.8873466e+01 
3.500e+01 ; 6.400e+00 ; 1.400e+00 ; 4.0284998e+01 ; 7.8881584e+01 
3.500e+01 ; 6.400e+00 ; 1.400e+00 ; 4.0288998e+01 ; 7.8898087e+01 
3.500e+01 ; 6.400e+00 ; 1.400e+00 ; 4.0296998e+01 ; 7.8932182e+01 
3.500e+01 ; 6.400e+00 ; 1.400e+00 ; 4.0312998e+01 ; 7.9004501e+01 
3.500e+01 ; 6.400e+00 ; 1.400e+00 ; 4.0344998e+01 ; 7.9164230e+01 
3.500e+01 ; 6.400e+00 ; 1.400e+00 ; 4.0408998e+01 ; 7.9533997e+01 
3.500e+01 ; 6.400e+00 ; 1.400e+00 ; 4.0536998e+01 ; 8.0409676e+01 
3.500e+01 ; 6.400e+00 ; 1.400e+00 ; 4.0792998e+01 ; 8.2362968e+01 
3.500e+01 ; 6.400e+00 ; 1.400e+00 ; 4.1304998e+01 ; 8.5858833e+01 
3.500e+01 ; 6.400e+00 ; 1.400e+00 ; 4.1339998e+01 ; 8.6092354e+01 
3.500e+01 ; 6.400e+00 ; 1.400e+00 ; 4.1339998e+01 ; 8.6092354e+01 
3.500e+01 ; 6.400e+00 ; 1.400e+00 ; 4.1340998e+01 ; 8.6102112e+01 
3.500e+01 ; 6.400e+00 ; 1.400e+00 ; 4.1341998e+01 ; 8.6111870e+01 
3.500e+01 ; 6.400e+00 ; 1.400e+00 ; 4.1342998e+01 ; 8.6121635e+01 
3.500e+01 ; 6.400e+00 ; 1.400e+00 ; 4.1344998e+01 ; 8.6141167e+01 
3.500e+01 ; 6.400e+00 ; 1.400e+00 ; 4.1348998e+01 ; 8.6180260e+01 
3.500e+01 ; 6.400e+00 ; 1.400e+00 ; 4.1356998e+01 ; 8.6258553e+01 
3.500e+01 ; 6.400e+00 ; 1.400e+00 ; 4.1372998e+01 ; 8.6415451e+01 
3.500e+01 ; 6.400e+00 ; 1.400e+00 ; 4.1404998e+01 ; 8.6730049e+01 
3.500e+01 ; 6.400e+00 ; 1.400e+00 ; 4.1468998e+01 ; 8.7358765e+01 
3.500e+01 ; 6.400e+00 ; 1.400e+00 ; 4.1596998e+01 ; 8.8590912e+01 
3.500e+01 ; 6.400e+00 ; 1.400e+00 ; 4.1852998e+01 ; 9.0837685e+01 
3.500e+01 ; 6.400e+00 ; 1.400e+00 ; 4.2364998e+01 ; 9.4150658e+01 
3.500e+01 ; 6.400e+00 ; 1.400e+00 ; 4.2399998e+01 ; 9.4369240e+01 
3.500e+01 ; 6.400e+00 ; 1.400e+00 ; 4.2399998e+01 ; 9.4369240e+01 
3.500e+01 ; 6.400e+00 ; 1.400e+00 ; 4.2400998e+01 ; 9.4375473e+01 
3.500e+01 ; 6.400e+00 ; 1.400e+00 ; 4.2401998e+01 ; 9.4381699e+01 
3.500e+01 ; 6.400e+00 ; 1.400e+00 ; 4.2402998e+01 ; 9.4387917e+01 
3.500e+01 ; 6.400e+00 ; 1.400e+00 ; 4.2404998e+01 ; 9.4400322e+01 
3.500e+01 ; 6.400e+00 ; 1.400e+00 ; 4.2408998e+01 ; 9.4424973e+01 
3.500e+01 ; 6.400e+00 ; 1.400e+00 ; 4.2416998e+01 ; 9.4473717e+01 
3.500e+01 ; 6.400e+00 ; 1.400e+00 ; 4.2432998e+01 ; 9.4568947e+01 
3.500e+01 ; 6.400e+00 ; 1.400e+00 ; 4.2464998e+01 ; 9.4750740e+01 
3.500e+01 ; 6.400e+00 ; 1.400e+00 ; 4.2528998e+01 ; 9.5081978e+01 
3.500e+01 ; 6.400e+00 ; 1.400e+00 ; 4.2656998e+01 ; 9.5631371e+01 
3.500e+01 ; 6.400e+00 ; 1.400e+00 ; 4.2912998e+01 ; 9.6380081e+01 
3.500e+01 ; 6.400e+00 ; 1.400e+00 ; 4.3424998e+01 ; 9.7002502e+01 
3.500e+01 ; 6.400e+00 ; 1.400e+00 ; 4.3459998e+01 ; 9.7041122e+01 
3.500e+01 ; 6.400e+00 ; 1.400e+00 ; 4.3459998e+01 ; 9.7041122e+01 
3.500e+01 ; 6.400e+00 ; 1.400e+00 ; 4.3460998e+01 ; 9.7042221e+01 
3.500e+01 ; 6.400e+00 ; 1.400e+00 ; 4.3461998e+01 ; 9.7043320e+01 
3.500e+01 ; 6.400e+00 ; 1.400e+00 ; 4.3462998e+01 ; 9.7044411e+01 
3.500e+01 ; 6.400e+00 ; 1.400e+00 ; 4.3464998e+01 ; 9.7046585e+01 
3.500e+01 ; 6.400e+00 ; 1.400e+00 ; 4.3468998e+01 ; 9.7050880e+01 
3.500e+01 ; 6.400e+00 ; 1.400e+00 ; 4.3476998e+01 ; 9.7059280e+01 
3.500e+01 ; 6.400e+00 ; 1.400e+00 ; 4.3492998e+01 ; 9.7075279e+01 
3.500e+01 ; 6.400e+00 ; 1.400e+00 ; 4.3524998e+01 ; 9.7104218e+01 
3.500e+01 ; 6.400e+00 ; 1.400e+00 ; 4.3588998e+01 ; 9.7150696e+01 
3.500e+01 ; 6.400e+00 ; 1.400e+00 ; 4.3716998e+01 ; 9.7203972e+01 
3.500e+01 ; 6.400e+00 ; 1.400e+00 ; 4.3972998e+01 ; 9.7189308e+01 
3.500e+01 ; 6.400e+00 ; 1.400e+00 ; 4.4484998e+01 ; 9.6870926e+01 
3.500e+01 ; 6.400e+00 ; 1.400e+00 ; 4.4519998e+01 ; 9.6847878e+01 
3.500e+01 ; 6.400e+00 ; 1.400e+00 ; 4.4519998e+01 ; 9.6847878e+01 
3.500e+01 ; 6.400e+00 ; 1.400e+00 ; 4.4520998e+01 ; 9.6847214e+01 
3.500e+01 ; 6.400e+00 ; 1.400e+00 ; 4.4521998e+01 ; 9.6846550e+01 
3.500e+01 ; 6.400e+00 ; 1.400e+00 ; 4.4522998e+01 ; 9.6845894e+01 
3.500e+01 ; 6.400e+00 ; 1.400e+00 ; 4.4524998e+01 ; 9.6844566e+01 
3.500e+01 ; 6.400e+00 ; 1.400e+00 ; 4.4528998e+01 ; 9.6841888e+01 
3.500e+01 ; 6.400e+00 ; 1.400e+00 ; 4.4536998e+01 ; 9.6836479e+01 
3.500e+01 ; 6.400e+00 ; 1.400e+00 ; 4.4552998e+01 ; 9.6825401e+01 
3.500e+01 ; 6.400e+00 ; 1.400e+00 ; 4.4584998e+01 ; 9.6802254e+01 
3.500e+01 ; 6.400e+00 ; 1.400e+00 ; 4.4648998e+01 ; 9.6752312e+01 
3.500e+01 ; 6.400e+00 ; 1.400e+00 ; 4.4776998e+01 ; 9.6640137e+01 
3.500e+01 ; 6.400e+00 ; 1.400e+00 ; 4.5032998e+01 ; 9.6380516e+01 
3.500e+01 ; 6.400e+00 ; 1.400e+00 ; 4.5544998e+01 ; 9.5790543e+01 
3.500e+01 ; 6.400e+00 ; 1.400e+00 ; 4.5579998e+01 ; 9.5749908e+01 
3.500e+01 ; 6.400e+00 ; 1.400e+00 ; 4.5579998e+01 ; 9.5749908e+01 
3.500e+01 ; 6.400e+00 ; 1.400e+00 ; 4.5580998e+01 ; 9.5748741e+01 
3.500e+01 ; 6.400e+00 ; 1.400e+00 ; 4.5581998e+01 ; 9.5747581e+01 
3.500e+01 ; 6.400e+00 ; 1.400e+00 ; 4.5582998e+01 ; 9.5746422e+01 
3.500e+01 ; 6.400e+00 ; 1.400e+00 ; 4.5584998e+01 ; 9.5744095e+01 
3.500e+01 ; 6.400e+00 ; 1.400e+00 ; 4.5588998e+01 ; 9.5739441e+01 
3.500e+01 ; 6.400e+00 ; 1.400e+00 ; 4.5596998e+01 ; 9.5730118e+01 
3.500e+01 ; 6.400e+00 ; 1.400e+00 ; 4.5612998e+01 ; 9.5711418e+01 
3.500e+01 ; 6.400e+00 ; 1.400e+00 ; 4.5644998e+01 ; 9.5673775e+01 
3.500e+01 ; 6.400e+00 ; 1.400e+00 ; 4.5708998e+01 ; 9.5597710e+01 
3.500e+01 ; 6.400e+00 ; 1.400e+00 ; 4.5836998e+01 ; 9.5443207e+01 
3.500e+01 ; 6.400e+00 ; 1.400e+00 ; 4.6092998e+01 ; 9.5129517e+01 
3.500e+01 ; 6.400e+00 ; 1.400e+00 ; 4.6604998e+01 ; 9.4506714e+01 
3.500e+01 ; 6.400e+00 ; 1.400e+00 ; 4.6639997e+01 ; 9.4464172e+01 
3.500e+01 ; 6.400e+00 ; 1.400e+00 ; 4.6639997e+01 ; 9.4464172e+01 
3.500e+01 ; 6.400e+00 ; 1.400e+00 ; 4.6640997e+01 ; 9.4462952e+01 
3.500e+01 ; 6.400e+00 ; 1.400e+00 ; 4.6641997e+01 ; 9.4461739e+01 
3.500e+01 ; 6.400e+00 ; 1.400e+00 ; 4.6642997e+01 ; 9.4460526e+01 
3.500e+01 ; 6.400e+00 ; 1.400e+00 ; 4.6644997e+01 ; 9.4458092e+01 
3.500e+01 ; 6.400e+00 ; 1.400e+00 ; 4.6648997e+01 ; 9.4453232e+01 
3.500e+01 ; 6.400e+00 ; 1.400e+00 ; 4.6656997e+01 ; 9.4443512e+01 
3.500e+01 ; 6.400e+00 ; 1.400e+00 ; 4.6672997e+01 ; 9.4424072e+01 
3.500e+01 ; 6.400e+00 ; 1.400e+00 ; 4.6704997e+01 ; 9.4385239e+01 
3.500e+01 ; 6.400e+00 ; 1.400e+00 ; 4.6768997e+01 ; 9.4307739e+01 
3.500e+01 ; 6.400e+00 ; 1.400e+00 ; 4.6896997e+01 ; 9.4153679e+01 
3.500e+01 ; 6.400e+00 ; 1.400e+00 ; 4.7152997e+01 ; 9.3850800e+01 
3.500e+01 ; 6.400e+00 ; 1.400e+00 ; 4.7664997e+01 ; 9.3272057e+01 
3.500e+01 ; 6.400e+00 ; 1.400e+00 ; 4.7699997e+01 ; 9.3232620e+01 
3.500e+01 ; 6.400e+00 ; 1.400e+00 ; 4.7699997e+01 ; 9.3232620e+01 
3.500e+01 ; 6.400e+00 ; 1.400e+00 ; 4.7700997e+01 ; 9.3231491e+01 
3.500e+01 ; 6.400e+00 ; 1.400e+00 ; 4.7701997e+01 ; 9.3230370e+01 
3.500e+01 ; 6.400e+00 ; 1.400e+00 ; 4.7702997e+01 ; 9.3229240e+01 
3.500e+01 ; 6.400e+00 ; 1.400e+00 ; 4.7704997e+01 ; 9.3226990e+01 
3.500e+01 ; 6.400e+00 ; 1.400e+00 ; 4.7708997e+01 ; 9.3222481e+01 
3.500e+01 ; 6.400e+00 ; 1.400e+00 ; 4.7716997e+01 ; 9.3213486e+01 
3.500e+01 ; 6.400e+00 ; 1.400e+00 ; 4.7732997e+01 ; 9.3195511e+01 
3.500e+01 ; 6.400e+00 ; 1.400e+00 ; 4.7764997e+01 ; 9.3159683e+01 
3.500e+01 ; 6.400e+00 ; 1.400e+00 ; 4.7828997e+01 ; 9.3088463e+01 
3.500e+01 ; 6.400e+00 ; 1.400e+00 ; 4.7956997e+01 ; 9.2947876e+01 
3.500e+01 ; 6.400e+00 ; 1.400e+00 ; 4.8212997e+01 ; 9.2674339e+01 
3.500e+01 ; 6.400e+00 ; 1.400e+00 ; 4.8724997e+01 ; 9.2158150e+01 
3.500e+01 ; 6.400e+00 ; 1.400e+00 ; 4.8759997e+01 ; 9.2123009e+01 
3.500e+01 ; 6.400e+00 ; 1.400e+00 ; 4.8759997e+01 ; 9.2123009e+01 
3.500e+01 ; 6.400e+00 ; 1.400e+00 ; 4.8760997e+01 ; 9.2122009e+01 
3.500e+01 ; 6.400e+00 ; 1.400e+00 ; 4.8761997e+01 ; 9.2121002e+01 
3.500e+01 ; 6.400e+00 ; 1.400e+00 ; 4.8762997e+01 ; 9.2119995e+01 
3.500e+01 ; 6.400e+00 ; 1.400e+00 ; 4.8764997e+01 ; 9.2117989e+01 
3.500e+01 ; 6.400e+00 ; 1.400e+00 ; 4.8768997e+01 ; 9.2113983e+01 
3.500e+01 ; 6.400e+00 ; 1.400e+00 ; 4.8776997e+01 ; 9.2105965e+01 
3.500e+01 ; 6.400e+00 ; 1.400e+00 ; 4.8792997e+01 ; 9.2089958e+01 
3.500e+01 ; 6.400e+00 ; 1.400e+00 ; 4.8824997e+01 ; 9.2058075e+01 
3.500e+01 ; 6.400e+00 ; 1.400e+00 ; 4.8888997e+01 ; 9.1994789e+01 
3.500e+01 ; 6.400e+00 ; 1.400e+00 ; 4.9016997e+01 ; 9.1870132e+01 
3.500e+01 ; 6.400e+00 ; 1.400e+00 ; 4.9272997e+01 ; 9.1628387e+01 
3.500e+01 ; 6.400e+00 ; 1.400e+00 ; 4.9784997e+01 ; 9.1173691e+01 
3.500e+01 ; 6.400e+00 ; 1.400e+00 ; 4.9819997e+01 ; 9.1142746e+01 
3.500e+01 ; 6.400e+00 ; 1.400e+00 ; 4.9819997e+01 ; 9.1142746e+01 
3.500e+01 ; 6.400e+00 ; 1.400e+00 ; 4.9820997e+01 ; 9.1141861e+01 
3.500e+01 ; 6.400e+00 ; 1.400e+00 ; 4.9821997e+01 ; 9.1140976e+01 
3.500e+01 ; 6.400e+00 ; 1.400e+00 ; 4.9822997e+01 ; 9.1140091e+01 
3.500e+01 ; 6.400e+00 ; 1.400e+00 ; 4.9824997e+01 ; 9.1138321e+01 
3.500e+01 ; 6.400e+00 ; 1.400e+00 ; 4.9828997e+01 ; 9.1134789e+01 
3.500e+01 ; 6.400e+00 ; 1.400e+00 ; 4.9836997e+01 ; 9.1127731e+01 
3.500e+01 ; 6.400e+00 ; 1.400e+00 ; 4.9852997e+01 ; 9.1113640e+01 
3.500e+01 ; 6.400e+00 ; 1.400e+00 ; 4.9884997e+01 ; 9.1085571e+01 
3.500e+01 ; 6.400e+00 ; 1.400e+00 ; 4.9948997e+01 ; 9.1029877e+01 
3.500e+01 ; 6.400e+00 ; 1.400e+00 ; 5.0076997e+01 ; 9.0920227e+01 
3.500e+01 ; 6.400e+00 ; 1.400e+00 ; 5.0332997e+01 ; 9.0707703e+01 
3.500e+01 ; 6.400e+00 ; 1.400e+00 ; 5.0844997e+01 ; 9.0307983e+01 
3.500e+01 ; 6.400e+00 ; 1.400e+00 ; 5.0879997e+01 ; 9.0280769e+01 
3.500e+01 ; 6.400e+00 ; 1.400e+00 ; 5.0879997e+01 ; 9.0280769e+01 
3.500e+01 ; 6.400e+00 ; 1.400e+00 ; 5.0880997e+01 ; 9.0279999e+01 
3.500e+01 ; 6.400e+00 ; 1.400e+00 ; 5.0881997e+01 ; 9.0279221e+01 
3.500e+01 ; 6.400e+00 ; 1.400e+00 ; 5.0882997e+01 ; 9.0278442e+01 
3.500e+01 ; 6.400e+00 ; 1.400e+00 ; 5.0884997e+01 ; 9.0276886e+01 
3.500e+01 ; 6.400e+00 ; 1.400e+00 ; 5.0888997e+01 ; 9.0273781e+01 
3.500e+01 ; 6.400e+00 ; 1.400e+00 ; 5.0896997e+01 ; 9.0267578e+01 
3.500e+01 ; 6.400e+00 ; 1.400e+00 ; 5.0912997e+01 ; 9.0255188e+01 
3.500e+01 ; 6.400e+00 ; 1.400e+00 ; 5.0944997e+01 ; 9.0230515e+01 
3.500e+01 ; 6.400e+00 ; 1.400e+00 ; 5.1008997e+01 ; 9.0181549e+01 
3.500e+01 ; 6.400e+00 ; 1.400e+00 ; 5.1136997e+01 ; 9.0085144e+01 
3.500e+01 ; 6.400e+00 ; 1.400e+00 ; 5.1392997e+01 ; 8.9898201e+01 
3.500e+01 ; 6.400e+00 ; 1.400e+00 ; 5.1904997e+01 ; 8.9546265e+01 
3.500e+01 ; 6.400e+00 ; 1.400e+00 ; 5.1939997e+01 ; 8.9522308e+01 
3.500e+01 ; 6.400e+00 ; 1.400e+00 ; 5.1939997e+01 ; 8.9522308e+01 
3.500e+01 ; 6.400e+00 ; 1.400e+00 ; 5.1940997e+01 ; 8.9521622e+01 
3.500e+01 ; 6.400e+00 ; 1.400e+00 ; 5.1941997e+01 ; 8.9520935e+01 
3.500e+01 ; 6.400e+00 ; 1.400e+00 ; 5.1942997e+01 ; 8.9520256e+01 
3.500e+01 ; 6.400e+00 ; 1.400e+00 ; 5.1944997e+01 ; 8.9518883e+01 
3.500e+01 ; 6.400e+00 ; 1.400e+00 ; 5.1948997e+01 ; 8.9516151e+01 
3.500e+01 ; 6.400e+00 ; 1.400e+00 ; 5.1956997e+01 ; 8.9510689e+01 
3.500e+01 ; 6.400e+00 ; 1.400e+00 ; 5.1972997e+01 ; 8.9499779e+01 
3.500e+01 ; 6.400e+00 ; 1.400e+00 ; 5.2004997e+01 ; 8.9478050e+01 
3.500e+01 ; 6.400e+00 ; 1.400e+00 ; 5.2068997e+01 ; 8.9434921e+01 
3.500e+01 ; 6.400e+00 ; 1.400e+00 ; 5.2196997e+01 ; 8.9349983e+01 
3.500e+01 ; 6.400e+00 ; 1.400e+00 ; 5.2452997e+01 ; 8.9185196e+01 
3.500e+01 ; 6.400e+00 ; 1.400e+00 ; 5.2964997e+01 ; 8.8874672e+01 
3.500e+01 ; 6.400e+00 ; 1.400e+00 ; 5.2999997e+01 ; 8.8853539e+01 
3.500e+01 ; 6.400e+00 ; 1.400e+00 ; 5.2999997e+01 ; 8.8853539e+01 
3.500e+01 ; 6.400e+00 ; 1.400e+00 ; 5.3000997e+01 ; 8.8852936e+01 
3.500e+01 ; 6.400e+00 ; 1.400e+00 ; 5.3001997e+01 ; 8.8852325e+01 
3.500e+01 ; 6.400e+00 ; 1.400e+00 ; 5.3002997e+01 ; 8.8851723e+01 
3.500e+01 ; 6.400e+00 ; 1.400e+00 ; 5.3004997e+01 ; 8.8850517e+01 
3.500e+01 ; 6.400e+00 ; 1.400e+00 ; 5.3008997e+01 ; 8.8848106e+01 
3.500e+01 ; 6.400e+00 ; 1.400e+00 ; 5.3016997e+01 ; 8.8843285e+01 
3.500e+01 ; 6.400e+00 ; 1.400e+00 ; 5.3032997e+01 ; 8.8833656e+01 
3.500e+01 ; 6.400e+00 ; 1.400e+00 ; 5.3064997e+01 ; 8.8814484e+01 
3.500e+01 ; 6.400e+00 ; 1.400e+00 ; 5.3128997e+01 ; 8.8776421e+01 
3.500e+01 ; 6.400e+00 ; 1.400e+00 ; 5.3256997e+01 ; 8.8701447e+01 
3.500e+01 ; 6.400e+00 ; 1.400e+00 ; 5.3512997e+01 ; 8.8556015e+01 
3.500e+01 ; 6.400e+00 ; 1.400e+00 ; 5.4024997e+01 ; 8.8282745e+01 
3.500e+01 ; 6.400e+00 ; 1.400e+00 ; 5.4059997e+01 ; 8.8264145e+01 
3.500e+01 ; 6.400e+00 ; 1.400e+00 ; 5.4059997e+01 ; 8.8264145e+01 
3.500e+01 ; 6.400e+00 ; 1.400e+00 ; 5.4060997e+01 ; 8.8263618e+01 
3.500e+01 ; 6.400e+00 ; 1.400e+00 ; 5.4061997e+01 ; 8.8263084e+01 
3.500e+01 ; 6.400e+00 ; 1.400e+00 ; 5.4062997e+01 ; 8.8262550e+01 
3.500e+01 ; 6.400e+00 ; 1.400e+00 ; 5.4064997e+01 ; 8.8261490e+01 
3.500e+01 ; 6.400e+00 ; 1.400e+00 ; 5.4068997e+01 ; 8.8259369e+01 
3.500e+01 ; 6.400e+00 ; 1.400e+00 ; 5.4076997e+01 ; 8.8255127e+01 
3.500e+01 ; 6.400e+00 ; 1.400e+00 ; 5.4092997e+01 ; 8.8246658e+01 
3.500e+01 ; 6.400e+00 ; 1.400e+00 ; 5.4124997e+01 ; 8.8229797e+01 
3.500e+01 ; 6.400e+00 ; 1.400e+00 ; 5.4188997e+01 ; 8.8196358e+01 
3.500e+01 ; 6.400e+00 ; 1.400e+00 ; 5.4316997e+01 ; 8.8130676e+01 
3.500e+01 ; 6.400e+00 ; 1.400e+00 ; 5.4572997e+01 ; 8.8004684e+01 
3.500e+01 ; 6.400e+00 ; 1.400e+00 ; 5.5084997e+01 ; 8.7776886e+01 
3.500e+01 ; 6.400e+00 ; 1.400e+00 ; 5.5119997e+01 ; 8.7761429e+01 
3.500e+01 ; 6.400e+00 ; 1.400e+00 ; 5.5119997e+01 ; 8.7761429e+01 
3.500e+01 ; 6.400e+00 ; 1.400e+00 ; 5.5120997e+01 ; 8.7760986e+01 
3.500e+01 ; 6.400e+00 ; 1.400e+00 ; 5.5121997e+01 ; 8.7760544e+01 
3.500e+01 ; 6.400e+00 ; 1.400e+00 ; 5.5122997e+01 ; 8.7760101e+01 
3.500e+01 ; 6.400e+00 ; 1.400e+00 ; 5.5124997e+01 ; 8.7759224e+01 
3.500e+01 ; 6.400e+00 ; 1.400e+00 ; 5.5128997e+01 ; 8.7757469e+01 
3.500e+01 ; 6.400e+00 ; 1.400e+00 ; 5.5136997e+01 ; 8.7753983e+01 
3.500e+01 ; 6.400e+00 ; 1.400e+00 ; 5.5152997e+01 ; 8.7747093e+01 
3.500e+01 ; 6.400e+00 ; 1.400e+00 ; 5.5184997e+01 ; 8.7733719e+01 
3.500e+01 ; 6.400e+00 ; 1.400e+00 ; 5.5248997e+01 ; 8.7708755e+01 
3.500e+01 ; 6.400e+00 ; 1.400e+00 ; 5.5376997e+01 ; 8.7666946e+01 
3.500e+01 ; 6.400e+00 ; 1.400e+00 ; 5.5632997e+01 ; 8.7617241e+01 
3.500e+01 ; 6.400e+00 ; 1.400e+00 ; 5.6144997e+01 ; 8.7625778e+01 
3.500e+01 ; 6.400e+00 ; 1.400e+00 ; 5.6179997e+01 ; 8.7626846e+01 
3.500e+01 ; 6.400e+00 ; 1.400e+00 ; 5.6179997e+01 ; 8.7626846e+01 
3.500e+01 ; 6.400e+00 ; 1.400e+00 ; 5.6180997e+01 ; 8.7626877e+01 
3.500e+01 ; 6.400e+00 ; 1.400e+00 ; 5.6181997e+01 ; 8.7626907e+01 
3.500e+01 ; 6.400e+00 ; 1.400e+00 ; 5.6182997e+01 ; 8.7626945e+01 
3.500e+01 ; 6.400e+00 ; 1.400e+00 ; 5.6184997e+01 ; 8.7627014e+01 
3.500e+01 ; 6.400e+00 ; 1.400e+00 ; 5.6188997e+01 ; 8.7627167e+01 
3.500e+01 ; 6.400e+00 ; 1.400e+00 ; 5.6196997e+01 ; 8.7627533e+01 
3.500e+01 ; 6.400e+00 ; 1.400e+00 ; 5.6212997e+01 ; 8.7628517e+01 
3.500e+01 ; 6.400e+00 ; 1.400e+00 ; 5.6244997e+01 ; 8.7631485e+01 
3.500e+01 ; 6.400e+00 ; 1.400e+00 ; 5.6308997e+01 ; 8.7641670e+01 
3.500e+01 ; 6.400e+00 ; 1.400e+00 ; 5.6436997e+01 ; 8.7679771e+01 
3.500e+01 ; 6.400e+00 ; 1.400e+00 ; 5.6692997e+01 ; 8.7822411e+01 
3.500e+01 ; 6.400e+00 ; 1.400e+00 ; 5.7204997e+01 ; 8.8283936e+01 
3.500e+01 ; 6.400e+00 ; 1.400e+00 ; 5.7239997e+01 ; 8.8316261e+01 
3.500e+01 ; 6.400e+00 ; 1.400e+00 ; 5.7239997e+01 ; 8.8316261e+01 
3.500e+01 ; 6.400e+00 ; 1.400e+00 ; 5.7240997e+01 ; 8.8317184e+01 
3.500e+01 ; 6.400e+00 ; 1.400e+00 ; 5.7241997e+01 ; 8.8318108e+01 
3.500e+01 ; 6.400e+00 ; 1.400e+00 ; 5.7242997e+01 ; 8.8319038e+01 
3.500e+01 ; 6.400e+00 ; 1.400e+00 ; 5.7244997e+01 ; 8.8320892e+01 
3.500e+01 ; 6.400e+00 ; 1.400e+00 ; 5.7248997e+01 ; 8.8324631e+01 
3.500e+01 ; 6.400e+00 ; 1.400e+00 ; 5.7256997e+01 ; 8.8332176e+01 
3.500e+01 ; 6.400e+00 ; 1.400e+00 ; 5.7272997e+01 ; 8.8347542e+01 
3.500e+01 ; 6.400e+00 ; 1.400e+00 ; 5.7304997e+01 ; 8.8379448e+01 
3.500e+01 ; 6.400e+00 ; 1.400e+00 ; 5.7368997e+01 ; 8.8447861e+01 
3.500e+01 ; 6.400e+00 ; 1.400e+00 ; 5.7496997e+01 ; 8.8602242e+01 
3.500e+01 ; 6.400e+00 ; 1.400e+00 ; 5.7752997e+01 ; 8.8968346e+01 
3.500e+01 ; 6.400e+00 ; 1.400e+00 ; 5.8264997e+01 ; 8.9811920e+01 
3.500e+01 ; 6.400e+00 ; 1.400e+00 ; 5.8299997e+01 ; 8.9870056e+01 
3.500e+01 ; 6.400e+00 ; 1.400e+00 ; 5.8299997e+01 ; 8.9870056e+01 
3.500e+01 ; 6.400e+00 ; 1.400e+00 ; 5.8300997e+01 ; 8.9871719e+01 
3.500e+01 ; 6.400e+00 ; 1.400e+00 ; 5.8301997e+01 ; 8.9873383e+01 
3.500e+01 ; 6.400e+00 ; 1.400e+00 ; 5.8302997e+01 ; 8.9875046e+01 
3.500e+01 ; 6.400e+00 ; 1.400e+00 ; 5.8304997e+01 ; 8.9878372e+01 
3.500e+01 ; 6.400e+00 ; 1.400e+00 ; 5.8308997e+01 ; 8.9885033e+01 
3.500e+01 ; 6.400e+00 ; 1.400e+00 ; 5.8316997e+01 ; 8.9898399e+01 
3.500e+01 ; 6.400e+00 ; 1.400e+00 ; 5.8332997e+01 ; 8.9925255e+01 
3.500e+01 ; 6.400e+00 ; 1.400e+00 ; 5.8364997e+01 ; 8.9979485e+01 
3.500e+01 ; 6.400e+00 ; 1.400e+00 ; 5.8428997e+01 ; 9.0089668e+01 
3.500e+01 ; 6.400e+00 ; 1.400e+00 ; 5.8556997e+01 ; 9.0314903e+01 
3.500e+01 ; 6.400e+00 ; 1.400e+00 ; 5.8812997e+01 ; 9.0771004e+01 
3.500e+01 ; 6.400e+00 ; 1.400e+00 ; 5.9324997e+01 ; 9.1631981e+01 
3.500e+01 ; 6.400e+00 ; 1.400e+00 ; 5.9359997e+01 ; 9.1690567e+01 
3.500e+01 ; 6.400e+00 ; 1.400e+00 ; 5.9359997e+01 ; 9.1690567e+01 
3.500e+01 ; 6.400e+00 ; 1.400e+00 ; 5.9360997e+01 ; 9.1692245e+01 
3.500e+01 ; 6.400e+00 ; 1.400e+00 ; 5.9361997e+01 ; 9.1693916e+01 
3.500e+01 ; 6.400e+00 ; 1.400e+00 ; 5.9362997e+01 ; 9.1695587e+01 
3.500e+01 ; 6.400e+00 ; 1.400e+00 ; 5.9364997e+01 ; 9.1698936e+01 
3.500e+01 ; 6.400e+00 ; 1.400e+00 ; 5.9368997e+01 ; 9.1705620e+01 
3.500e+01 ; 6.400e+00 ; 1.400e+00 ; 5.9376997e+01 ; 9.1718987e+01 
3.500e+01 ; 6.400e+00 ; 1.400e+00 ; 5.9392997e+01 ; 9.1745644e+01 
3.500e+01 ; 6.400e+00 ; 1.400e+00 ; 5.9424997e+01 ; 9.1798683e+01 
3.500e+01 ; 6.400e+00 ; 1.400e+00 ; 5.9488997e+01 ; 9.1903481e+01 
3.500e+01 ; 6.400e+00 ; 1.400e+00 ; 5.9616997e+01 ; 9.2106827e+01 
3.500e+01 ; 6.400e+00 ; 1.400e+00 ; 5.9872997e+01 ; 9.2483086e+01 
3.500e+01 ; 6.400e+00 ; 1.400e+00 ; 6.0384997e+01 ; 9.3101677e+01 
3.500e+01 ; 6.400e+00 ; 1.400e+00 ; 6.0419997e+01 ; 9.3143333e+01 
3.500e+01 ; 6.400e+00 ; 1.400e+00 ; 6.0419997e+01 ; 9.3143333e+01 
3.500e+01 ; 6.400e+00 ; 1.400e+00 ; 6.0420997e+01 ; 9.3144524e+01 
3.500e+01 ; 6.400e+00 ; 1.400e+00 ; 6.0421997e+01 ; 9.3145714e+01 
3.500e+01 ; 6.400e+00 ; 1.400e+00 ; 6.0422997e+01 ; 9.3146896e+01 
3.500e+01 ; 6.400e+00 ; 1.400e+00 ; 6.0424997e+01 ; 9.3149277e+01 
3.500e+01 ; 6.400e+00 ; 1.400e+00 ; 6.0428997e+01 ; 9.3154015e+01 
3.500e+01 ; 6.400e+00 ; 1.400e+00 ; 6.0436997e+01 ; 9.3163467e+01 
3.500e+01 ; 6.400e+00 ; 1.400e+00 ; 6.0452997e+01 ; 9.3182243e+01 
3.500e+01 ; 6.400e+00 ; 1.400e+00 ; 6.0484997e+01 ; 9.3219254e+01 
3.500e+01 ; 6.400e+00 ; 1.400e+00 ; 6.0548997e+01 ; 9.3291153e+01 
3.500e+01 ; 6.400e+00 ; 1.400e+00 ; 6.0676997e+01 ; 9.3426460e+01 
3.500e+01 ; 6.400e+00 ; 1.400e+00 ; 6.0932997e+01 ; 9.3664047e+01 
3.500e+01 ; 6.400e+00 ; 1.400e+00 ; 6.1444997e+01 ; 9.4021149e+01 
3.500e+01 ; 6.400e+00 ; 1.400e+00 ; 6.1479997e+01 ; 9.4045013e+01 
3.500e+01 ; 6.400e+00 ; 1.400e+00 ; 6.1479997e+01 ; 9.4045013e+01 
3.500e+01 ; 6.400e+00 ; 1.400e+00 ; 6.1480997e+01 ; 9.4045692e+01 
3.500e+01 ; 6.400e+00 ; 1.400e+00 ; 6.1481997e+01 ; 9.4046371e+01 
3.500e+01 ; 6.400e+00 ; 1.400e+00 ; 6.1482997e+01 ; 9.4047050e+01 
3.500e+01 ; 6.400e+00 ; 1.400e+00 ; 6.1484997e+01 ; 9.4048409e+01 
3.500e+01 ; 6.400e+00 ; 1.400e+00 ; 6.1488997e+01 ; 9.4051125e+01 
3.500e+01 ; 6.400e+00 ; 1.400e+00 ; 6.1496997e+01 ; 9.4056519e+01 
3.500e+01 ; 6.400e+00 ; 1.400e+00 ; 6.1512997e+01 ; 9.4067192e+01 
3.500e+01 ; 6.400e+00 ; 1.400e+00 ; 6.1544997e+01 ; 9.4088089e+01 
3.500e+01 ; 6.400e+00 ; 1.400e+00 ; 6.1608997e+01 ; 9.4128120e+01 
3.500e+01 ; 6.400e+00 ; 1.400e+00 ; 6.1736997e+01 ; 9.4201347e+01 
3.500e+01 ; 6.400e+00 ; 1.400e+00 ; 6.1992997e+01 ; 9.4322639e+01 
3.500e+01 ; 6.400e+00 ; 1.400e+00 ; 6.2504997e+01 ; 9.4480835e+01 
3.500e+01 ; 6.400e+00 ; 1.400e+00 ; 6.2539997e+01 ; 9.4491257e+01 
3.500e+01 ; 6.400e+00 ; 1.400e+00 ; 6.2539997e+01 ; 9.4491257e+01 
3.500e+01 ; 6.400e+00 ; 1.400e+00 ; 6.2540997e+01 ; 9.4491554e+01 
3.500e+01 ; 6.400e+00 ; 1.400e+00 ; 6.2541997e+01 ; 9.4491852e+01 
3.500e+01 ; 6.400e+00 ; 1.400e+00 ; 6.2542997e+01 ; 9.4492149e+01 
3.500e+01 ; 6.400e+00 ; 1.400e+00 ; 6.2544997e+01 ; 9.4492744e+01 
3.500e+01 ; 6.400e+00 ; 1.400e+00 ; 6.2548997e+01 ; 9.4493919e+01 
3.500e+01 ; 6.400e+00 ; 1.400e+00 ; 6.2556997e+01 ; 9.4496262e+01 
3.500e+01 ; 6.400e+00 ; 1.400e+00 ; 6.2572997e+01 ; 9.4500862e+01 
3.500e+01 ; 6.400e+00 ; 1.400e+00 ; 6.2604997e+01 ; 9.4509743e+01 
3.500e+01 ; 6.400e+00 ; 1.400e+00 ; 6.2668997e+01 ; 9.4526268e+01 
3.500e+01 ; 6.400e+00 ; 1.400e+00 ; 6.2796997e+01 ; 9.4554611e+01 
3.500e+01 ; 6.400e+00 ; 1.400e+00 ; 6.3052997e+01 ; 9.4594315e+01 
3.500e+01 ; 6.400e+00 ; 1.400e+00 ; 6.3564997e+01 ; 9.4618530e+01 
3.500e+01 ; 6.400e+00 ; 1.400e+00 ; 6.3599997e+01 ; 9.4619934e+01 
3.500e+01 ; 6.400e+00 ; 1.400e+00 ; 6.3599997e+01 ; 9.4619934e+01 
3.500e+01 ; 6.400e+00 ; 1.400e+00 ; 6.3600997e+01 ; 9.4619972e+01 
3.500e+01 ; 6.400e+00 ; 1.400e+00 ; 6.3601997e+01 ; 9.4620010e+01 
3.500e+01 ; 6.400e+00 ; 1.400e+00 ; 6.3602997e+01 ; 9.4620049e+01 
3.500e+01 ; 6.400e+00 ; 1.400e+00 ; 6.3604997e+01 ; 9.4620132e+01 
3.500e+01 ; 6.400e+00 ; 1.400e+00 ; 6.3608997e+01 ; 9.4620285e+01 
3.500e+01 ; 6.400e+00 ; 1.400e+00 ; 6.3616997e+01 ; 9.4620575e+01 
3.500e+01 ; 6.400e+00 ; 1.400e+00 ; 6.3632997e+01 ; 9.4621109e+01 
3.500e+01 ; 6.400e+00 ; 1.400e+00 ; 6.3664997e+01 ; 9.4621964e+01 
3.500e+01 ; 6.400e+00 ; 1.400e+00 ; 6.3728997e+01 ; 9.4622879e+01 
3.500e+01 ; 6.400e+00 ; 1.400e+00 ; 6.3856997e+01 ; 9.4621696e+01 
3.500e+01 ; 6.400e+00 ; 1.400e+00 ; 6.4112997e+01 ; 9.4608559e+01 
3.500e+01 ; 6.400e+00 ; 1.400e+00 ; 6.4624997e+01 ; 9.4548035e+01 
3.500e+01 ; 6.400e+00 ; 1.400e+00 ; 6.4659997e+01 ; 9.4543739e+01 
3.500e+01 ; 6.400e+00 ; 1.400e+00 ; 6.4659997e+01 ; 9.4543739e+01 
3.500e+01 ; 6.400e+00 ; 1.400e+00 ; 6.4660997e+01 ; 9.4543617e+01 
3.500e+01 ; 6.400e+00 ; 1.400e+00 ; 6.4661997e+01 ; 9.4543495e+01 
3.500e+01 ; 6.400e+00 ; 1.400e+00 ; 6.4662997e+01 ; 9.4543373e+01 
3.500e+01 ; 6.400e+00 ; 1.400e+00 ; 6.4664997e+01 ; 9.4543129e+01 
3.500e+01 ; 6.400e+00 ; 1.400e+00 ; 6.4668997e+01 ; 9.4542633e+01 
3.500e+01 ; 6.400e+00 ; 1.400e+00 ; 6.4676997e+01 ; 9.4541634e+01 
3.500e+01 ; 6.400e+00 ; 1.400e+00 ; 6.4692997e+01 ; 9.4539604e+01 
3.500e+01 ; 6.400e+00 ; 1.400e+00 ; 6.4724997e+01 ; 9.4535416e+01 
3.500e+01 ; 6.400e+00 ; 1.400e+00 ; 6.4788997e+01 ; 9.4526550e+01 
3.500e+01 ; 6.400e+00 ; 1.400e+00 ; 6.4916997e+01 ; 9.4506966e+01 
3.500e+01 ; 6.400e+00 ; 1.400e+00 ; 6.5172997e+01 ; 9.4461281e+01 
3.500e+01 ; 6.400e+00 ; 1.400e+00 ; 6.5684996e+01 ; 9.4349670e+01 
3.500e+01 ; 6.400e+00 ; 1.400e+00 ; 6.5719996e+01 ; 9.4341949e+01 
3.500e+01 ; 6.400e+00 ; 1.400e+00 ; 6.5719996e+01 ; 9.4341949e+01 
3.500e+01 ; 6.400e+00 ; 1.400e+00 ; 6.5720996e+01 ; 9.4341728e+01 
3.500e+01 ; 6.400e+00 ; 1.400e+00 ; 6.5721996e+01 ; 9.4341507e+01 
3.500e+01 ; 6.400e+00 ; 1.400e+00 ; 6.5722996e+01 ; 9.4341286e+01 
3.500e+01 ; 6.400e+00 ; 1.400e+00 ; 6.5724996e+01 ; 9.4340843e+01 
3.500e+01 ; 6.400e+00 ; 1.400e+00 ; 6.5728996e+01 ; 9.4339958e+01 
3.500e+01 ; 6.400e+00 ; 1.400e+00 ; 6.5736996e+01 ; 9.4338188e+01 
3.500e+01 ; 6.400e+00 ; 1.400e+00 ; 6.5752996e+01 ; 9.4334618e+01 
3.500e+01 ; 6.400e+00 ; 1.400e+00 ; 6.5784996e+01 ; 9.4327400e+01 
3.500e+01 ; 6.400e+00 ; 1.400e+00 ; 6.5848996e+01 ; 9.4312683e+01 
3.500e+01 ; 6.400e+00 ; 1.400e+00 ; 6.5976996e+01 ; 9.4282173e+01 
3.500e+01 ; 6.400e+00 ; 1.400e+00 ; 6.6232996e+01 ; 9.4217422e+01 
3.500e+01 ; 6.400e+00 ; 1.400e+00 ; 6.6744996e+01 ; 9.4076721e+01 
3.500e+01 ; 6.400e+00 ; 1.400e+00 ; 6.6779996e+01 ; 9.4067055e+01 
3.500e+01 ; 6.400e+00 ; 1.400e+00 ; 6.6779996e+01 ; 9.4067055e+01 
3.500e+01 ; 6.400e+00 ; 1.400e+00 ; 6.6780996e+01 ; 9.4066780e+01 
3.500e+01 ; 6.400e+00 ; 1.400e+00 ; 6.6781996e+01 ; 9.4066505e+01 
3.500e+01 ; 6.400e+00 ; 1.400e+00 ; 6.6782996e+01 ; 9.4066223e+01 
3.500e+01 ; 6.400e+00 ; 1.400e+00 ; 6.6784996e+01 ; 9.4065674e+01 
3.500e+01 ; 6.400e+00 ; 1.400e+00 ; 6.6788996e+01 ; 9.4064568e+01 
3.500e+01 ; 6.400e+00 ; 1.400e+00 ; 6.6796996e+01 ; 9.4062347e+01 
3.500e+01 ; 6.400e+00 ; 1.400e+00 ; 6.6812996e+01 ; 9.4057907e+01 
3.500e+01 ; 6.400e+00 ; 1.400e+00 ; 6.6844996e+01 ; 9.4048981e+01 
3.500e+01 ; 6.400e+00 ; 1.400e+00 ; 6.6908996e+01 ; 9.4030975e+01 
3.500e+01 ; 6.400e+00 ; 1.400e+00 ; 6.7036996e+01 ; 9.3994385e+01 
3.500e+01 ; 6.400e+00 ; 1.400e+00 ; 6.7292996e+01 ; 9.3919258e+01 
3.500e+01 ; 6.400e+00 ; 1.400e+00 ; 6.7804996e+01 ; 9.3763618e+01 
3.500e+01 ; 6.400e+00 ; 1.400e+00 ; 6.7839996e+01 ; 9.3752953e+01 
3.500e+01 ; 6.400e+00 ; 1.400e+00 ; 6.7839996e+01 ; 9.3752953e+01 
3.500e+01 ; 6.400e+00 ; 1.400e+00 ; 6.7840996e+01 ; 9.3752647e+01 
3.500e+01 ; 6.400e+00 ; 1.400e+00 ; 6.7841996e+01 ; 9.3752342e+01 
3.500e+01 ; 6.400e+00 ; 1.400e+00 ; 6.7842996e+01 ; 9.3752037e+01 
3.500e+01 ; 6.400e+00 ; 1.400e+00 ; 6.7844996e+01 ; 9.3751427e+01 
3.500e+01 ; 6.400e+00 ; 1.400e+00 ; 6.7848996e+01 ; 9.3750206e+01 
3.500e+01 ; 6.400e+00 ; 1.400e+00 ; 6.7856996e+01 ; 9.3747765e+01 
3.500e+01 ; 6.400e+00 ; 1.400e+00 ; 6.7872996e+01 ; 9.3742882e+01 
3.500e+01 ; 6.400e+00 ; 1.400e+00 ; 6.7904996e+01 ; 9.3733093e+01 
3.500e+01 ; 6.400e+00 ; 1.400e+00 ; 6.7968996e+01 ; 9.3713440e+01 
3.500e+01 ; 6.400e+00 ; 1.400e+00 ; 6.8096996e+01 ; 9.3673874e+01 
3.500e+01 ; 6.400e+00 ; 1.400e+00 ; 6.8352996e+01 ; 9.3593941e+01 
3.500e+01 ; 6.400e+00 ; 1.400e+00 ; 6.8864996e+01 ; 9.3432419e+01 
3.500e+01 ; 6.400e+00 ; 1.400e+00 ; 6.8899996e+01 ; 9.3421371e+01 
3.500e+01 ; 6.400e+00 ; 1.400e+00 ; 6.8899996e+01 ; 9.3421371e+01 
3.500e+01 ; 6.400e+00 ; 1.400e+00 ; 6.8900996e+01 ; 9.3421059e+01 
3.500e+01 ; 6.400e+00 ; 1.400e+00 ; 6.8901996e+01 ; 9.3420746e+01 
3.500e+01 ; 6.400e+00 ; 1.400e+00 ; 6.8902996e+01 ; 9.3420425e+01 
3.500e+01 ; 6.400e+00 ; 1.400e+00 ; 6.8904996e+01 ; 9.3419792e+01 
3.500e+01 ; 6.400e+00 ; 1.400e+00 ; 6.8908996e+01 ; 9.3418533e+01 
3.500e+01 ; 6.400e+00 ; 1.400e+00 ; 6.8916996e+01 ; 9.3416008e+01 
3.500e+01 ; 6.400e+00 ; 1.400e+00 ; 6.8932996e+01 ; 9.3410950e+01 
3.500e+01 ; 6.400e+00 ; 1.400e+00 ; 6.8964996e+01 ; 9.3400841e+01 
3.500e+01 ; 6.400e+00 ; 1.400e+00 ; 6.9028996e+01 ; 9.3380600e+01 
3.500e+01 ; 6.400e+00 ; 1.400e+00 ; 6.9156996e+01 ; 9.3340057e+01 
3.500e+01 ; 6.400e+00 ; 1.400e+00 ; 6.9412996e+01 ; 9.3258972e+01 
3.500e+01 ; 6.400e+00 ; 1.400e+00 ; 6.9924996e+01 ; 9.3098106e+01 
3.500e+01 ; 6.400e+00 ; 1.400e+00 ; 6.9959996e+01 ; 9.3087120e+01 
3.500e+01 ; 6.400e+00 ; 1.400e+00 ; 6.9959996e+01 ; 9.3087120e+01 
3.500e+01 ; 6.400e+00 ; 1.400e+00 ; 6.9960996e+01 ; 9.3086807e+01 
3.500e+01 ; 6.400e+00 ; 1.400e+00 ; 6.9961996e+01 ; 9.3086487e+01 
3.500e+01 ; 6.400e+00 ; 1.400e+00 ; 6.9962996e+01 ; 9.3086174e+01 
3.500e+01 ; 6.400e+00 ; 1.400e+00 ; 6.9964996e+01 ; 9.3085548e+01 
3.500e+01 ; 6.400e+00 ; 1.400e+00 ; 6.9968996e+01 ; 9.3084290e+01 
3.500e+01 ; 6.400e+00 ; 1.400e+00 ; 6.9976996e+01 ; 9.3081779e+01 
3.500e+01 ; 6.400e+00 ; 1.400e+00 ; 6.9992996e+01 ; 9.3076759e+01 
3.500e+01 ; 6.400e+00 ; 1.400e+00 ; 7.0024996e+01 ; 9.3066727e+01 
3.500e+01 ; 6.400e+00 ; 1.400e+00 ; 7.0088996e+01 ; 9.3046692e+01 
3.500e+01 ; 6.400e+00 ; 1.400e+00 ; 7.0216996e+01 ; 9.3006851e+01 
3.500e+01 ; 6.400e+00 ; 1.400e+00 ; 7.0472996e+01 ; 9.2928619e+01 
3.500e+01 ; 6.400e+00 ; 1.400e+00 ; 7.0984996e+01 ; 9.2781281e+01 
3.500e+01 ; 6.400e+00 ; 1.400e+00 ; 7.1019996e+01 ; 9.2771255e+01 
3.500e+01 ; 6.400e+00 ; 1.400e+00 ; 7.1019996e+01 ; 9.2771255e+01 
3.500e+01 ; 6.400e+00 ; 1.400e+00 ; 7.1020996e+01 ; 9.2770966e+01 
3.500e+01 ; 6.400e+00 ; 1.400e+00 ; 7.1021996e+01 ; 9.2770683e+01 
3.500e+01 ; 6.400e+00 ; 1.400e+00 ; 7.1022996e+01 ; 9.2770393e+01 
3.500e+01 ; 6.400e+00 ; 1.400e+00 ; 7.1024996e+01 ; 9.2769821e+01 
3.500e+01 ; 6.400e+00 ; 1.400e+00 ; 7.1028996e+01 ; 9.2768677e+01 
3.500e+01 ; 6.400e+00 ; 1.400e+00 ; 7.1036996e+01 ; 9.2766388e+01 
3.500e+01 ; 6.400e+00 ; 1.400e+00 ; 7.1052996e+01 ; 9.2761826e+01 
3.500e+01 ; 6.400e+00 ; 1.400e+00 ; 7.1084996e+01 ; 9.2752739e+01 
3.500e+01 ; 6.400e+00 ; 1.400e+00 ; 7.1148996e+01 ; 9.2734749e+01 
3.500e+01 ; 6.400e+00 ; 1.400e+00 ; 7.1276996e+01 ; 9.2699745e+01 
3.500e+01 ; 6.400e+00 ; 1.400e+00 ; 7.1532996e+01 ; 9.2635025e+01 
3.500e+01 ; 6.400e+00 ; 1.400e+00 ; 7.2044996e+01 ; 9.2532982e+01 
3.500e+01 ; 6.400e+00 ; 1.400e+00 ; 7.2079996e+01 ; 9.2526138e+01 
3.500e+01 ; 6.400e+00 ; 1.400e+00 ; 7.2079996e+01 ; 9.2526138e+01 
3.500e+01 ; 6.400e+00 ; 1.400e+00 ; 7.2080996e+01 ; 9.2525940e+01 
3.500e+01 ; 6.400e+00 ; 1.400e+00 ; 7.2081996e+01 ; 9.2525749e+01 
3.500e+01 ; 6.400e+00 ; 1.400e+00 ; 7.2082996e+01 ; 9.2525551e+01 
3.500e+01 ; 6.400e+00 ; 1.400e+00 ; 7.2084996e+01 ; 9.2525162e+01 
3.500e+01 ; 6.400e+00 ; 1.400e+00 ; 7.2088996e+01 ; 9.2524384e+01 
3.500e+01 ; 6.400e+00 ; 1.400e+00 ; 7.2096996e+01 ; 9.2522835e+01 
3.500e+01 ; 6.400e+00 ; 1.400e+00 ; 7.2112996e+01 ; 9.2519760e+01 
3.500e+01 ; 6.400e+00 ; 1.400e+00 ; 7.2144996e+01 ; 9.2513733e+01 
3.500e+01 ; 6.400e+00 ; 1.400e+00 ; 7.2208996e+01 ; 9.2502190e+01 
3.500e+01 ; 6.400e+00 ; 1.400e+00 ; 7.2336996e+01 ; 9.2481422e+01 
3.500e+01 ; 6.400e+00 ; 1.400e+00 ; 7.2592996e+01 ; 9.2451111e+01 
3.500e+01 ; 6.400e+00 ; 1.400e+00 ; 7.3104996e+01 ; 9.2440643e+01 
3.500e+01 ; 6.400e+00 ; 1.400e+00 ; 7.3139996e+01 ; 9.2440163e+01 
3.500e+01 ; 6.400e+00 ; 1.400e+00 ; 7.3139996e+01 ; 9.2440163e+01 
3.500e+01 ; 6.400e+00 ; 1.400e+00 ; 7.3140996e+01 ; 9.2440147e+01 
3.500e+01 ; 6.400e+00 ; 1.400e+00 ; 7.3141996e+01 ; 9.2440132e+01 
3.500e+01 ; 6.400e+00 ; 1.400e+00 ; 7.3142996e+01 ; 9.2440125e+01 
3.500e+01 ; 6.400e+00 ; 1.400e+00 ; 7.3144996e+01 ; 9.2440094e+01 
3.500e+01 ; 6.400e+00 ; 1.400e+00 ; 7.3148996e+01 ; 9.2440048e+01 
3.500e+01 ; 6.400e+00 ; 1.400e+00 ; 7.3156996e+01 ; 9.2439964e+01 
3.500e+01 ; 6.400e+00 ; 1.400e+00 ; 7.3172996e+01 ; 9.2439850e+01 
3.500e+01 ; 6.400e+00 ; 1.400e+00 ; 7.3204996e+01 ; 9.2439819e+01 
3.500e+01 ; 6.400e+00 ; 1.400e+00 ; 7.3268996e+01 ; 9.2440613e+01 
3.500e+01 ; 6.400e+00 ; 1.400e+00 ; 7.3396996e+01 ; 9.2445778e+01 
3.500e+01 ; 6.400e+00 ; 1.400e+00 ; 7.3652996e+01 ; 9.2471428e+01 
3.500e+01 ; 6.400e+00 ; 1.400e+00 ; 7.4164996e+01 ; 9.2581245e+01 
3.500e+01 ; 6.400e+00 ; 1.400e+00 ; 7.4199996e+01 ; 9.2589027e+01 
3.500e+01 ; 6.400e+00 ; 1.400e+00 ; 7.4199996e+01 ; 9.2589027e+01 
3.500e+01 ; 6.400e+00 ; 1.400e+00 ; 7.4200996e+01 ; 9.2589249e+01 
3.500e+01 ; 6.400e+00 ; 1.400e+00 ; 7.4201996e+01 ; 9.2589470e+01 
3.500e+01 ; 6.400e+00 ; 1.400e+00 ; 7.4202996e+01 ; 9.2589691e+01 
3.500e+01 ; 6.400e+00 ; 1.400e+00 ; 7.4204996e+01 ; 9.2590141e+01 
3.500e+01 ; 6.400e+00 ; 1.400e+00 ; 7.4208996e+01 ; 9.2591034e+01 
3.500e+01 ; 6.400e+00 ; 1.400e+00 ; 7.4216996e+01 ; 9.2592842e+01 
3.500e+01 ; 6.400e+00 ; 1.400e+00 ; 7.4232996e+01 ; 9.2596519e+01 
3.500e+01 ; 6.400e+00 ; 1.400e+00 ; 7.4264996e+01 ; 9.2604095e+01 
3.500e+01 ; 6.400e+00 ; 1.400e+00 ; 7.4328996e+01 ; 9.2620163e+01 
3.500e+01 ; 6.400e+00 ; 1.400e+00 ; 7.4456996e+01 ; 9.2655907e+01 
3.500e+01 ; 6.400e+00 ; 1.400e+00 ; 7.4712996e+01 ; 9.2741043e+01 
3.500e+01 ; 6.400e+00 ; 1.400e+00 ; 7.5224996e+01 ; 9.2954292e+01 
3.500e+01 ; 6.400e+00 ; 1.400e+00 ; 7.5259996e+01 ; 9.2969063e+01 
3.500e+01 ; 6.400e+00 ; 1.400e+00 ; 7.5259996e+01 ; 9.2969063e+01 
3.500e+01 ; 6.400e+00 ; 1.400e+00 ; 7.5260996e+01 ; 9.2969482e+01 
3.500e+01 ; 6.400e+00 ; 1.400e+00 ; 7.5261996e+01 ; 9.2969910e+01 
3.500e+01 ; 6.400e+00 ; 1.400e+00 ; 7.5262996e+01 ; 9.2970329e+01 
3.500e+01 ; 6.400e+00 ; 1.400e+00 ; 7.5264996e+01 ; 9.2971176e+01 
3.500e+01 ; 6.400e+00 ; 1.400e+00 ; 7.5268996e+01 ; 9.2972870e+01 
3.500e+01 ; 6.400e+00 ; 1.400e+00 ; 7.5276996e+01 ; 9.2976273e+01 
3.500e+01 ; 6.400e+00 ; 1.400e+00 ; 7.5292996e+01 ; 9.2983109e+01 
3.500e+01 ; 6.400e+00 ; 1.400e+00 ; 7.5324996e+01 ; 9.2996941e+01 
3.500e+01 ; 6.400e+00 ; 1.400e+00 ; 7.5388996e+01 ; 9.3025223e+01 
3.500e+01 ; 6.400e+00 ; 1.400e+00 ; 7.5516996e+01 ; 9.3084030e+01 
3.500e+01 ; 6.400e+00 ; 1.400e+00 ; 7.5772996e+01 ; 9.3208763e+01 
3.500e+01 ; 6.400e+00 ; 1.400e+00 ; 7.6284996e+01 ; 9.3472855e+01 
3.500e+01 ; 6.400e+00 ; 1.400e+00 ; 7.6319996e+01 ; 9.3490974e+01 
3.500e+01 ; 6.400e+00 ; 1.400e+00 ; 7.6319996e+01 ; 9.3490974e+01 
3.500e+01 ; 6.400e+00 ; 1.400e+00 ; 7.6320996e+01 ; 9.3491493e+01 
3.500e+01 ; 6.400e+00 ; 1.400e+00 ; 7.6321996e+01 ; 9.3492004e+01 
3.500e+01 ; 6.400e+00 ; 1.400e+00 ; 7.6322996e+01 ; 9.3492523e+01 
3.500e+01 ; 6.400e+00 ; 1.400e+00 ; 7.6324996e+01 ; 9.3493561e+01 
3.500e+01 ; 6.400e+00 ; 1.400e+00 ; 7.6328996e+01 ; 9.3495636e+01 
3.500e+01 ; 6.400e+00 ; 1.400e+00 ; 7.6336996e+01 ; 9.3499779e+01 
3.500e+01 ; 6.400e+00 ; 1.400e+00 ; 7.6352996e+01 ; 9.3508087e+01 
3.500e+01 ; 6.400e+00 ; 1.400e+00 ; 7.6384996e+01 ; 9.3524750e+01 
3.500e+01 ; 6.400e+00 ; 1.400e+00 ; 7.6448996e+01 ; 9.3558235e+01 
3.500e+01 ; 6.400e+00 ; 1.400e+00 ; 7.6576996e+01 ; 9.3625633e+01 
3.500e+01 ; 6.400e+00 ; 1.400e+00 ; 7.6832996e+01 ; 9.3760544e+01 
3.500e+01 ; 6.400e+00 ; 1.400e+00 ; 7.7344996e+01 ; 9.4021194e+01 
3.500e+01 ; 6.400e+00 ; 1.400e+00 ; 7.7379996e+01 ; 9.4038963e+01 
3.500e+01 ; 6.400e+00 ; 1.400e+00 ; 7.7379996e+01 ; 9.4038963e+01 
3.500e+01 ; 6.400e+00 ; 1.400e+00 ; 7.7380996e+01 ; 9.4039474e+01 
3.500e+01 ; 6.400e+00 ; 1.400e+00 ; 7.7381996e+01 ; 9.4039978e+01 
3.500e+01 ; 6.400e+00 ; 1.400e+00 ; 7.7382996e+01 ; 9.4040489e+01 
3.500e+01 ; 6.400e+00 ; 1.400e+00 ; 7.7384996e+01 ; 9.4041504e+01 
3.500e+01 ; 6.400e+00 ; 1.400e+00 ; 7.7388996e+01 ; 9.4043533e+01 
3.500e+01 ; 6.400e+00 ; 1.400e+00 ; 7.7396996e+01 ; 9.4047592e+01 
3.500e+01 ; 6.400e+00 ; 1.400e+00 ; 7.7412996e+01 ; 9.4055695e+01 
3.500e+01 ; 6.400e+00 ; 1.400e+00 ; 7.7444996e+01 ; 9.4071861e+01 
3.500e+01 ; 6.400e+00 ; 1.400e+00 ; 7.7508996e+01 ; 9.4103996e+01 
3.500e+01 ; 6.400e+00 ; 1.400e+00 ; 7.7636996e+01 ; 9.4167404e+01 
3.500e+01 ; 6.400e+00 ; 1.400e+00 ; 7.7892996e+01 ; 9.4289856e+01 
3.500e+01 ; 6.400e+00 ; 1.400e+00 ; 7.8404996e+01 ; 9.4513130e+01 
3.500e+01 ; 6.400e+00 ; 1.400e+00 ; 7.8439996e+01 ; 9.4528290e+01 
3.500e+01 ; 6.400e+00 ; 1.400e+00 ; 7.8439996e+01 ; 9.4528290e+01 
3.500e+01 ; 6.400e+00 ; 1.400e+00 ; 7.8440996e+01 ; 9.4528725e+01 
3.500e+01 ; 6.400e+00 ; 1.400e+00 ; 7.8441996e+01 ; 9.4529160e+01 
3.500e+01 ; 6.400e+00 ; 1.400e+00 ; 7.8442996e+01 ; 9.4529594e+01 
3.500e+01 ; 6.400e+00 ; 1.400e+00 ; 7.8444996e+01 ; 9.4530457e+01 
3.500e+01 ; 6.400e+00 ; 1.400e+00 ; 7.8448996e+01 ; 9.4532188e+01 
3.500e+01 ; 6.400e+00 ; 1.400e+00 ; 7.8456996e+01 ; 9.4535637e+01 
3.500e+01 ; 6.400e+00 ; 1.400e+00 ; 7.8472996e+01 ; 9.4542526e+01 
3.500e+01 ; 6.400e+00 ; 1.400e+00 ; 7.8504996e+01 ; 9.4556213e+01 
3.500e+01 ; 6.400e+00 ; 1.400e+00 ; 7.8568996e+01 ; 9.4583221e+01 
3.500e+01 ; 6.400e+00 ; 1.400e+00 ; 7.8696996e+01 ; 9.4635773e+01 
3.500e+01 ; 6.400e+00 ; 1.400e+00 ; 7.8952996e+01 ; 9.4734718e+01 
3.500e+01 ; 6.400e+00 ; 1.400e+00 ; 7.9464996e+01 ; 9.4907265e+01 
3.500e+01 ; 6.400e+00 ; 1.400e+00 ; 7.9499996e+01 ; 9.4918938e+01 
3.500e+01 ; 6.400e+00 ; 1.400e+00 ; 7.9499996e+01 ; 9.4918938e+01 
3.500e+01 ; 6.400e+00 ; 1.400e+00 ; 7.9500996e+01 ; 9.4919273e+01 
3.500e+01 ; 6.400e+00 ; 1.400e+00 ; 7.9501996e+01 ; 9.4919609e+01 
3.500e+01 ; 6.400e+00 ; 1.400e+00 ; 7.9502996e+01 ; 9.4919937e+01 
3.500e+01 ; 6.400e+00 ; 1.400e+00 ; 7.9504996e+01 ; 9.4920609e+01 
3.500e+01 ; 6.400e+00 ; 1.400e+00 ; 7.9508996e+01 ; 9.4921936e+01 
3.500e+01 ; 6.400e+00 ; 1.400e+00 ; 7.9516996e+01 ; 9.4924591e+01 
3.500e+01 ; 6.400e+00 ; 1.400e+00 ; 7.9532996e+01 ; 9.4929878e+01 
3.500e+01 ; 6.400e+00 ; 1.400e+00 ; 7.9564996e+01 ; 9.4940353e+01 
3.500e+01 ; 6.400e+00 ; 1.400e+00 ; 7.9628996e+01 ; 9.4960907e+01 
3.500e+01 ; 6.400e+00 ; 1.400e+00 ; 7.9756996e+01 ; 9.5000412e+01 
3.500e+01 ; 6.400e+00 ; 1.400e+00 ; 8.0012996e+01 ; 9.5073105e+01 
3.500e+01 ; 6.400e+00 ; 1.400e+00 ; 8.0524996e+01 ; 9.5194267e+01 
3.500e+01 ; 6.400e+00 ; 1.400e+00 ; 8.0559996e+01 ; 9.5202438e+01 
3.500e+01 ; 6.400e+00 ; 1.400e+00 ; 8.0559996e+01 ; 9.5202438e+01 
3.500e+01 ; 6.400e+00 ; 1.400e+00 ; 8.0560996e+01 ; 9.5202667e+01 
3.500e+01 ; 6.400e+00 ; 1.400e+00 ; 8.0561996e+01 ; 9.5202904e+01 
3.500e+01 ; 6.400e+00 ; 1.400e+00 ; 8.0562996e+01 ; 9.5203133e+01 
3.500e+01 ; 6.400e+00 ; 1.400e+00 ; 8.0564996e+01 ; 9.5203606e+01 
3.500e+01 ; 6.400e+00 ; 1.400e+00 ; 8.0568996e+01 ; 9.5204529e+01 
3.500e+01 ; 6.400e+00 ; 1.400e+00 ; 8.0576996e+01 ; 9.5206390e+01 
3.500e+01 ; 6.400e+00 ; 1.400e+00 ; 8.0592996e+01 ; 9.5210075e+01 
3.500e+01 ; 6.400e+00 ; 1.400e+00 ; 8.0624996e+01 ; 9.5217354e+01 
3.500e+01 ; 6.400e+00 ; 1.400e+00 ; 8.0688996e+01 ; 9.5231537e+01 
3.500e+01 ; 6.400e+00 ; 1.400e+00 ; 8.0816996e+01 ; 9.5258438e+01 
3.500e+01 ; 6.400e+00 ; 1.400e+00 ; 8.1072996e+01 ; 9.5306557e+01 
3.500e+01 ; 6.400e+00 ; 1.400e+00 ; 8.1584996e+01 ; 9.5381775e+01 
3.500e+01 ; 6.400e+00 ; 1.400e+00 ; 8.1619996e+01 ; 9.5386818e+01 
3.500e+01 ; 6.400e+00 ; 1.400e+00 ; 8.1619996e+01 ; 9.5386818e+01 
3.500e+01 ; 6.400e+00 ; 1.400e+00 ; 8.1620996e+01 ; 9.5386963e+01 
3.500e+01 ; 6.400e+00 ; 1.400e+00 ; 8.1621996e+01 ; 9.5387108e+01 
3.500e+01 ; 6.400e+00 ; 1.400e+00 ; 8.1622996e+01 ; 9.5387253e+01 
3.500e+01 ; 6.400e+00 ; 1.400e+00 ; 8.1624996e+01 ; 9.5387543e+01 
3.500e+01 ; 6.400e+00 ; 1.400e+00 ; 8.1628996e+01 ; 9.5388115e+01 
3.500e+01 ; 6.400e+00 ; 1.400e+00 ; 8.1636996e+01 ; 9.5389259e+01 
3.500e+01 ; 6.400e+00 ; 1.400e+00 ; 8.1652996e+01 ; 9.5391518e+01 
3.500e+01 ; 6.400e+00 ; 1.400e+00 ; 8.1684996e+01 ; 9.5395966e+01 
3.500e+01 ; 6.400e+00 ; 1.400e+00 ; 8.1748996e+01 ; 9.5404541e+01 
3.500e+01 ; 6.400e+00 ; 1.400e+00 ; 8.1876996e+01 ; 9.5420448e+01 
3.500e+01 ; 6.400e+00 ; 1.400e+00 ; 8.2132996e+01 ; 9.5447479e+01 
3.500e+01 ; 6.400e+00 ; 1.400e+00 ; 8.2644996e+01 ; 9.5484299e+01 
3.500e+01 ; 6.400e+00 ; 1.400e+00 ; 8.2679996e+01 ; 9.5486732e+01 
3.500e+01 ; 6.400e+00 ; 1.400e+00 ; 8.2679996e+01 ; 9.5486732e+01 
3.500e+01 ; 6.400e+00 ; 1.400e+00 ; 8.2680996e+01 ; 9.5486801e+01 
3.500e+01 ; 6.400e+00 ; 1.400e+00 ; 8.2681996e+01 ; 9.5486870e+01 
3.500e+01 ; 6.400e+00 ; 1.400e+00 ; 8.2682996e+01 ; 9.5486938e+01 
3.500e+01 ; 6.400e+00 ; 1.400e+00 ; 8.2684996e+01 ; 9.5487083e+01 
3.500e+01 ; 6.400e+00 ; 1.400e+00 ; 8.2688996e+01 ; 9.5487358e+01 
3.500e+01 ; 6.400e+00 ; 1.400e+00 ; 8.2696996e+01 ; 9.5487907e+01 
3.500e+01 ; 6.400e+00 ; 1.400e+00 ; 8.2712996e+01 ; 9.5488983e+01 
3.500e+01 ; 6.400e+00 ; 1.400e+00 ; 8.2744996e+01 ; 9.5491074e+01 
3.500e+01 ; 6.400e+00 ; 1.400e+00 ; 8.2808996e+01 ; 9.5495003e+01 
3.500e+01 ; 6.400e+00 ; 1.400e+00 ; 8.2936996e+01 ; 9.5501839e+01 
3.500e+01 ; 6.400e+00 ; 1.400e+00 ; 8.3192996e+01 ; 9.5511688e+01 
3.500e+01 ; 6.400e+00 ; 1.400e+00 ; 8.3704996e+01 ; 9.5517708e+01 
3.500e+01 ; 6.400e+00 ; 1.400e+00 ; 8.3739995e+01 ; 9.5518059e+01 
3.500e+01 ; 6.400e+00 ; 1.400e+00 ; 8.3739995e+01 ; 9.5518059e+01 
3.500e+01 ; 6.400e+00 ; 1.400e+00 ; 8.3740995e+01 ; 9.5518066e+01 
3.500e+01 ; 6.400e+00 ; 1.400e+00 ; 8.3741995e+01 ; 9.5518082e+01 
3.500e+01 ; 6.400e+00 ; 1.400e+00 ; 8.3742995e+01 ; 9.5518089e+01 
3.500e+01 ; 6.400e+00 ; 1.400e+00 ; 8.3744995e+01 ; 9.5518112e+01 
3.500e+01 ; 6.400e+00 ; 1.400e+00 ; 8.3748995e+01 ; 9.5518150e+01 
3.500e+01 ; 6.400e+00 ; 1.400e+00 ; 8.3756995e+01 ; 9.5518219e+01 
3.500e+01 ; 6.400e+00 ; 1.400e+00 ; 8.3772995e+01 ; 9.5518349e+01 
3.500e+01 ; 6.400e+00 ; 1.400e+00 ; 8.3804995e+01 ; 9.5518562e+01 
3.500e+01 ; 6.400e+00 ; 1.400e+00 ; 8.3868995e+01 ; 9.5518784e+01 
3.500e+01 ; 6.400e+00 ; 1.400e+00 ; 8.3996995e+01 ; 9.5518425e+01 
3.500e+01 ; 6.400e+00 ; 1.400e+00 ; 8.4252995e+01 ; 9.5514725e+01 
3.500e+01 ; 6.400e+00 ; 1.400e+00 ; 8.4764995e+01 ; 9.5496803e+01 
3.500e+01 ; 6.400e+00 ; 1.400e+00 ; 8.4799995e+01 ; 9.5495537e+01 
3.500e+01 ; 6.400e+00 ; 1.400e+00 ; 8.4799995e+01 ; 9.5495537e+01 
3.500e+01 ; 6.400e+00 ; 1.400e+00 ; 8.4800995e+01 ; 9.5495499e+01 
3.500e+01 ; 6.400e+00 ; 1.400e+00 ; 8.4801995e+01 ; 9.5495461e+01 
3.500e+01 ; 6.400e+00 ; 1.400e+00 ; 8.4802995e+01 ; 9.5495422e+01 
3.500e+01 ; 6.400e+00 ; 1.400e+00 ; 8.4804995e+01 ; 9.5495354e+01 
3.500e+01 ; 6.400e+00 ; 1.400e+00 ; 8.4808995e+01 ; 9.5495201e+01 
3.500e+01 ; 6.400e+00 ; 1.400e+00 ; 8.4816995e+01 ; 9.5494904e+01 
3.500e+01 ; 6.400e+00 ; 1.400e+00 ; 8.4832995e+01 ; 9.5494301e+01 
3.500e+01 ; 6.400e+00 ; 1.400e+00 ; 8.4864995e+01 ; 9.5493057e+01 
3.500e+01 ; 6.400e+00 ; 1.400e+00 ; 8.4928995e+01 ; 9.5490410e+01 
3.500e+01 ; 6.400e+00 ; 1.400e+00 ; 8.5056995e+01 ; 9.5484505e+01 
3.500e+01 ; 6.400e+00 ; 1.400e+00 ; 8.5312995e+01 ; 9.5470444e+01 
3.500e+01 ; 6.400e+00 ; 1.400e+00 ; 8.5824995e+01 ; 9.5434639e+01 
3.500e+01 ; 6.400e+00 ; 1.400e+00 ; 8.5859995e+01 ; 9.5432159e+01 
3.500e+01 ; 6.400e+00 ; 1.400e+00 ; 8.5859995e+01 ; 9.5432159e+01 
3.500e+01 ; 6.400e+00 ; 1.400e+00 ; 8.5860995e+01 ; 9.5432083e+01 
3.500e+01 ; 6.400e+00 ; 1.400e+00 ; 8.5861995e+01 ; 9.5432014e+01 
3.500e+01 ; 6.400e+00 ; 1.400e+00 ; 8.5862995e+01 ; 9.5431946e+01 
3.500e+01 ; 6.400e+00 ; 1.400e+00 ; 8.5864995e+01 ; 9.5431801e+01 
3.500e+01 ; 6.400e+00 ; 1.400e+00 ; 8.5868995e+01 ; 9.5431519e+01 
3.500e+01 ; 6.400e+00 ; 1.400e+00 ; 8.5876995e+01 ; 9.5430946e+01 
3.500e+01 ; 6.400e+00 ; 1.400e+00 ; 8.5892995e+01 ; 9.5429794e+01 
3.500e+01 ; 6.400e+00 ; 1.400e+00 ; 8.5924995e+01 ; 9.5427467e+01 
3.500e+01 ; 6.400e+00 ; 1.400e+00 ; 8.5988995e+01 ; 9.5422691e+01 
3.500e+01 ; 6.400e+00 ; 1.400e+00 ; 8.6116995e+01 ; 9.5412720e+01 
3.500e+01 ; 6.400e+00 ; 1.400e+00 ; 8.6372995e+01 ; 9.5391235e+01 
3.500e+01 ; 6.400e+00 ; 1.400e+00 ; 8.6884995e+01 ; 9.5343719e+01 
3.500e+01 ; 6.400e+00 ; 1.400e+00 ; 8.6919995e+01 ; 9.5340454e+01 
3.500e+01 ; 6.400e+00 ; 1.400e+00 ; 8.6919995e+01 ; 9.5340454e+01 
3.500e+01 ; 6.400e+00 ; 1.400e+00 ; 8.6920995e+01 ; 9.5340363e+01 
3.500e+01 ; 6.400e+00 ; 1.400e+00 ; 8.6921995e+01 ; 9.5340263e+01 
3.500e+01 ; 6.400e+00 ; 1.400e+00 ; 8.6922995e+01 ; 9.5340172e+01 
3.500e+01 ; 6.400e+00 ; 1.400e+00 ; 8.6924995e+01 ; 9.5339989e+01 
3.500e+01 ; 6.400e+00 ; 1.400e+00 ; 8.6928995e+01 ; 9.5339615e+01 
3.500e+01 ; 6.400e+00 ; 1.400e+00 ; 8.6936995e+01 ; 9.5338860e+01 
3.500e+01 ; 6.400e+00 ; 1.400e+00 ; 8.6952995e+01 ; 9.5337357e+01 
3.500e+01 ; 6.400e+00 ; 1.400e+00 ; 8.6984995e+01 ; 9.5334335e+01 
3.500e+01 ; 6.400e+00 ; 1.400e+00 ; 8.7048995e+01 ; 9.5328224e+01 
3.500e+01 ; 6.400e+00 ; 1.400e+00 ; 8.7176995e+01 ; 9.5315781e+01 
3.500e+01 ; 6.400e+00 ; 1.400e+00 ; 8.7432995e+01 ; 9.5290260e+01 
3.500e+01 ; 6.400e+00 ; 1.400e+00 ; 8.7944995e+01 ; 9.5238777e+01 
3.500e+01 ; 6.400e+00 ; 1.400e+00 ; 8.7979995e+01 ; 9.5235260e+01 
3.500e+01 ; 6.400e+00 ; 1.400e+00 ; 8.7979995e+01 ; 9.5235260e+01 
3.500e+01 ; 6.400e+00 ; 1.400e+00 ; 8.7980995e+01 ; 9.5235153e+01 
3.500e+01 ; 6.400e+00 ; 1.400e+00 ; 8.7981995e+01 ; 9.5235054e+01 
3.500e+01 ; 6.400e+00 ; 1.400e+00 ; 8.7982995e+01 ; 9.5234955e+01 
3.500e+01 ; 6.400e+00 ; 1.400e+00 ; 8.7984995e+01 ; 9.5234756e+01 
3.500e+01 ; 6.400e+00 ; 1.400e+00 ; 8.7988995e+01 ; 9.5234352e+01 
3.500e+01 ; 6.400e+00 ; 1.400e+00 ; 8.7996995e+01 ; 9.5233543e+01 
3.500e+01 ; 6.400e+00 ; 1.400e+00 ; 8.8012995e+01 ; 9.5231934e+01 
3.500e+01 ; 6.400e+00 ; 1.400e+00 ; 8.8044995e+01 ; 9.5228714e+01 
3.500e+01 ; 6.400e+00 ; 1.400e+00 ; 8.8108995e+01 ; 9.5222282e+01 
3.500e+01 ; 6.400e+00 ; 1.400e+00 ; 8.8236995e+01 ; 9.5209465e+01 
3.500e+01 ; 6.400e+00 ; 1.400e+00 ; 8.8492995e+01 ; 9.5184364e+01 
3.500e+01 ; 6.400e+00 ; 1.400e+00 ; 8.9004995e+01 ; 9.5138695e+01 
3.500e+01 ; 6.400e+00 ; 1.400e+00 ; 8.9039995e+01 ; 9.5135597e+01 
3.500e+01 ; 6.400e+00 ; 1.400e+00 ; 8.9039995e+01 ; 9.5135597e+01 
3.500e+01 ; 6.400e+00 ; 1.400e+00 ; 8.9040995e+01 ; 9.5135513e+01 
3.500e+01 ; 6.400e+00 ; 1.400e+00 ; 8.9041995e+01 ; 9.5135422e+01 
3.500e+01 ; 6.400e+00 ; 1.400e+00 ; 8.9042995e+01 ; 9.5135330e+01 
3.500e+01 ; 6.400e+00 ; 1.400e+00 ; 8.9044995e+01 ; 9.5135155e+01 
3.500e+01 ; 6.400e+00 ; 1.400e+00 ; 8.9048995e+01 ; 9.5134804e+01 
3.500e+01 ; 6.400e+00 ; 1.400e+00 ; 8.9056995e+01 ; 9.5134094e+01 
3.500e+01 ; 6.400e+00 ; 1.400e+00 ; 8.9072995e+01 ; 9.5132690e+01 
3.500e+01 ; 6.400e+00 ; 1.400e+00 ; 8.9104995e+01 ; 9.5129890e+01 
3.500e+01 ; 6.400e+00 ; 1.400e+00 ; 8.9168995e+01 ; 9.5124382e+01 
3.500e+01 ; 6.400e+00 ; 1.400e+00 ; 8.9296995e+01 ; 9.5113739e+01 
3.500e+01 ; 6.400e+00 ; 1.400e+00 ; 8.9552995e+01 ; 9.5094193e+01 
3.500e+01 ; 6.400e+00 ; 1.400e+00 ; 9.0064995e+01 ; 9.5063805e+01 
3.500e+01 ; 6.400e+00 ; 1.400e+00 ; 9.0099995e+01 ; 9.5061768e+01 
3.500e+01 ; 6.400e+00 ; 1.400e+00 ; 9.0099995e+01 ; 9.5061768e+01 
3.500e+01 ; 6.400e+00 ; 1.400e+00 ; 9.0100995e+01 ; 9.5061707e+01 
3.500e+01 ; 6.400e+00 ; 1.400e+00 ; 9.0101995e+01 ; 9.5061646e+01 
3.500e+01 ; 6.400e+00 ; 1.400e+00 ; 9.0102995e+01 ; 9.5061592e+01 
3.500e+01 ; 6.400e+00 ; 1.400e+00 ; 9.0104995e+01 ; 9.5061478e+01 
3.500e+01 ; 6.400e+00 ; 1.400e+00 ; 9.0108995e+01 ; 9.5061241e+01 
3.500e+01 ; 6.400e+00 ; 1.400e+00 ; 9.0116995e+01 ; 9.5060783e+01 
3.500e+01 ; 6.400e+00 ; 1.400e+00 ; 9.0132995e+01 ; 9.5059868e+01 
3.500e+01 ; 6.400e+00 ; 1.400e+00 ; 9.0164995e+01 ; 9.5058075e+01 
3.500e+01 ; 6.400e+00 ; 1.400e+00 ; 9.0228995e+01 ; 9.5054642e+01 
3.500e+01 ; 6.400e+00 ; 1.400e+00 ; 9.0356995e+01 ; 9.5048355e+01 
3.500e+01 ; 6.400e+00 ; 1.400e+00 ; 9.0612995e+01 ; 9.5038277e+01 
3.500e+01 ; 6.400e+00 ; 1.400e+00 ; 9.1124995e+01 ; 9.5028076e+01 
3.500e+01 ; 6.400e+00 ; 1.400e+00 ; 9.1159995e+01 ; 9.5027428e+01 
3.500e+01 ; 6.400e+00 ; 1.400e+00 ; 9.1159995e+01 ; 9.5027428e+01 
3.500e+01 ; 6.400e+00 ; 1.400e+00 ; 9.1160995e+01 ; 9.5027405e+01 
3.500e+01 ; 6.400e+00 ; 1.400e+00 ; 9.1161995e+01 ; 9.5027390e+01 
3.500e+01 ; 6.400e+00 ; 1.400e+00 ; 9.1162995e+01 ; 9.5027374e+01 
3.500e+01 ; 6.400e+00 ; 1.400e+00 ; 9.1164995e+01 ; 9.5027336e+01 
3.500e+01 ; 6.400e+00 ; 1.400e+00 ; 9.1168995e+01 ; 9.5027260e+01 
3.500e+01 ; 6.400e+00 ; 1.400e+00 ; 9.1176995e+01 ; 9.5027115e+01 
3.500e+01 ; 6.400e+00 ; 1.400e+00 ; 9.1192995e+01 ; 9.5026840e+01 
3.500e+01 ; 6.400e+00 ; 1.400e+00 ; 9.1224995e+01 ; 9.5026321e+01 
3.500e+01 ; 6.400e+00 ; 1.400e+00 ; 9.1288995e+01 ; 9.5025444e+01 
3.500e+01 ; 6.400e+00 ; 1.400e+00 ; 9.1416995e+01 ; 9.5024307e+01 
3.500e+01 ; 6.400e+00 ; 1.400e+00 ; 9.1672995e+01 ; 9.5024345e+01 
3.500e+01 ; 6.400e+00 ; 1.400e+00 ; 9.2184995e+01 ; 9.5032074e+01 
3.500e+01 ; 6.400e+00 ; 1.400e+00 ; 9.2219995e+01 ; 9.5032639e+01 
3.500e+01 ; 6.400e+00 ; 1.400e+00 ; 9.2219995e+01 ; 9.5032639e+01 
3.500e+01 ; 6.400e+00 ; 1.400e+00 ; 9.2220995e+01 ; 9.5032654e+01 
3.500e+01 ; 6.400e+00 ; 1.400e+00 ; 9.2221995e+01 ; 9.5032669e+01 
3.500e+01 ; 6.400e+00 ; 1.400e+00 ; 9.2222995e+01 ; 9.5032684e+01 
3.500e+01 ; 6.400e+00 ; 1.400e+00 ; 9.2224995e+01 ; 9.5032722e+01 
3.500e+01 ; 6.400e+00 ; 1.400e+00 ; 9.2228995e+01 ; 9.5032784e+01 
3.500e+01 ; 6.400e+00 ; 1.400e+00 ; 9.2236995e+01 ; 9.5032921e+01 
3.500e+01 ; 6.400e+00 ; 1.400e+00 ; 9.2252995e+01 ; 9.5033188e+01 
3.500e+01 ; 6.400e+00 ; 1.400e+00 ; 9.2284995e+01 ; 9.5033768e+01 
3.500e+01 ; 6.400e+00 ; 1.400e+00 ; 9.2348995e+01 ; 9.5035027e+01 
3.500e+01 ; 6.400e+00 ; 1.400e+00 ; 9.2476995e+01 ; 9.5037956e+01 
3.500e+01 ; 6.400e+00 ; 1.400e+00 ; 9.2732995e+01 ; 9.5045174e+01 
3.500e+01 ; 6.400e+00 ; 1.400e+00 ; 9.3244995e+01 ; 9.5062645e+01 
3.500e+01 ; 6.400e+00 ; 1.400e+00 ; 9.3279995e+01 ; 9.5063850e+01 
3.500e+01 ; 6.400e+00 ; 1.400e+00 ; 9.3279995e+01 ; 9.5063850e+01 
3.500e+01 ; 6.400e+00 ; 1.400e+00 ; 9.3280995e+01 ; 9.5063889e+01 
3.500e+01 ; 6.400e+00 ; 1.400e+00 ; 9.3281995e+01 ; 9.5063919e+01 
3.500e+01 ; 6.400e+00 ; 1.400e+00 ; 9.3282995e+01 ; 9.5063957e+01 
3.500e+01 ; 6.400e+00 ; 1.400e+00 ; 9.3284995e+01 ; 9.5064026e+01 
3.500e+01 ; 6.400e+00 ; 1.400e+00 ; 9.3288995e+01 ; 9.5064163e+01 
3.500e+01 ; 6.400e+00 ; 1.400e+00 ; 9.3296995e+01 ; 9.5064438e+01 
3.500e+01 ; 6.400e+00 ; 1.400e+00 ; 9.3312995e+01 ; 9.5064995e+01 
3.500e+01 ; 6.400e+00 ; 1.400e+00 ; 9.3344995e+01 ; 9.5066124e+01 
3.500e+01 ; 6.400e+00 ; 1.400e+00 ; 9.3408995e+01 ; 9.5068405e+01 
3.500e+01 ; 6.400e+00 ; 1.400e+00 ; 9.3536995e+01 ; 9.5073074e+01 
3.500e+01 ; 6.400e+00 ; 1.400e+00 ; 9.3792995e+01 ; 9.5082504e+01 
3.500e+01 ; 6.400e+00 ; 1.400e+00 ; 9.4304995e+01 ; 9.5099464e+01 
3.500e+01 ; 6.400e+00 ; 1.400e+00 ; 9.4339995e+01 ; 9.5100609e+01 
3.500e+01 ; 6.400e+00 ; 1.400e+00 ; 9.4339995e+01 ; 9.5100609e+01 
3.500e+01 ; 6.400e+00 ; 1.400e+00 ; 9.4340995e+01 ; 9.5100647e+01 
3.500e+01 ; 6.400e+00 ; 1.400e+00 ; 9.4341995e+01 ; 9.5100677e+01 
3.500e+01 ; 6.400e+00 ; 1.400e+00 ; 9.4342995e+01 ; 9.5100708e+01 
3.500e+01 ; 6.400e+00 ; 1.400e+00 ; 9.4344995e+01 ; 9.5100777e+01 
3.500e+01 ; 6.400e+00 ; 1.400e+00 ; 9.4348995e+01 ; 9.5100906e+01 
3.500e+01 ; 6.400e+00 ; 1.400e+00 ; 9.4356995e+01 ; 9.5101166e+01 
3.500e+01 ; 6.400e+00 ; 1.400e+00 ; 9.4372995e+01 ; 9.5101692e+01 
3.500e+01 ; 6.400e+00 ; 1.400e+00 ; 9.4404995e+01 ; 9.5102722e+01 
3.500e+01 ; 6.400e+00 ; 1.400e+00 ; 9.4468995e+01 ; 9.5104752e+01 
3.500e+01 ; 6.400e+00 ; 1.400e+00 ; 9.4596995e+01 ; 9.5108604e+01 
3.500e+01 ; 6.400e+00 ; 1.400e+00 ; 9.4852995e+01 ; 9.5115280e+01 
3.500e+01 ; 6.400e+00 ; 1.400e+00 ; 9.5364995e+01 ; 9.5122940e+01 
3.500e+01 ; 6.400e+00 ; 1.400e+00 ; 9.5399995e+01 ; 9.5123436e+01 
3.500e+01 ; 6.400e+00 ; 1.400e+00 ; 9.5399995e+01 ; 9.5123436e+01 
3.500e+01 ; 6.400e+00 ; 1.400e+00 ; 9.5400995e+01 ; 9.5123451e+01 
3.500e+01 ; 6.400e+00 ; 1.400e+00 ; 9.5401995e+01 ; 9.5123459e+01 
3.500e+01 ; 6.400e+00 ; 1.400e+00 ; 9.5402995e+01 ; 9.5123474e+01 
3.500e+01 ; 6.400e+00 ; 1.400e+00 ; 9.5404995e+01 ; 9.5123505e+01 
3.500e+01 ; 6.400e+00 ; 1.400e+00 ; 9.5408995e+01 ; 9.5123558e+01 
3.500e+01 ; 6.400e+00 ; 1.400e+00 ; 9.5416995e+01 ; 9.5123672e+01 
3.500e+01 ; 6.400e+00 ; 1.400e+00 ; 9.5432995e+01 ; 9.5123886e+01 
3.500e+01 ; 6.400e+00 ; 1.400e+00 ; 9.5464995e+01 ; 9.5124290e+01 
3.500e+01 ; 6.400e+00 ; 1.400e+00 ; 9.5528995e+01 ; 9.5125008e+01 
3.500e+01 ; 6.400e+00 ; 1.400e+00 ; 9.5656995e+01 ; 9.5126038e+01 
3.500e+01 ; 6.400e+00 ; 1.400e+00 ; 9.5912995e+01 ; 9.5126320e+01 
3.500e+01 ; 6.400e+00 ; 1.400e+00 ; 9.6424995e+01 ; 9.5118988e+01 
3.500e+01 ; 6.400e+00 ; 1.400e+00 ; 9.6459995e+01 ; 9.5118446e+01 
3.500e+01 ; 6.400e+00 ; 1.400e+00 ; 9.6459995e+01 ; 9.5118446e+01 
3.500e+01 ; 6.400e+00 ; 1.400e+00 ; 9.6469995e+01 ; 9.5118286e+01 
3.500e+01 ; 6.400e+00 ; 1.400e+00 ; 9.6479995e+01 ; 9.5118126e+01 
3.500e+01 ; 6.400e+00 ; 1.400e+00 ; 9.6489995e+01 ; 9.5117966e+01 
3.500e+01 ; 6.400e+00 ; 1.400e+00 ; 9.6509995e+01 ; 9.5117630e+01 
3.500e+01 ; 6.400e+00 ; 1.400e+00 ; 9.6549995e+01 ; 9.5116905e+01 
3.500e+01 ; 6.400e+00 ; 1.400e+00 ; 9.6629995e+01 ; 9.5115250e+01 
3.500e+01 ; 6.400e+00 ; 1.400e+00 ; 9.6789995e+01 ; 9.5111130e+01 
3.500e+01 ; 6.400e+00 ; 1.400e+00 ; 9.7109995e+01 ; 9.5099533e+01 
3.500e+01 ; 6.400e+00 ; 1.400e+00 ; 9.7749995e+01 ; 9.5062782e+01 
3.500e+01 ; 6.400e+00 ; 1.400e+00 ; 9.9029995e+01 ; 9.4939415e+01 
3.500e+01 ; 6.400e+00 ; 1.400e+00 ; 1.0094999e+02 ; 9.4667397e+01 
3.500e+01 ; 6.400e+00 ; 1.400e+00 ; 1.0145999e+02 ; 9.4589508e+01