X ; Y ; Z ; time ; Temperature 
3.500e+01 ; 1.600e+00 ; 7.000e-01 ; 0.0000000e+00 ; 2.2000000e+02 
3.500e+01 ; 1.600e+00 ; 7.000e-01 ; 1.0000000e-03 ; 2.2000000e+02 
3.500e+01 ; 1.600e+00 ; 7.000e-01 ; 2.0000001e-03 ; 2.2000000e+02 
3.500e+01 ; 1.600e+00 ; 7.000e-01 ; 3.0000000e-03 ; 2.2000000e+02 
3.500e+01 ; 1.600e+00 ; 7.000e-01 ; 4.9999999e-03 ; 2.2000000e+02 
3.500e+01 ; 1.600e+00 ; 7.000e-01 ; 8.9999996e-03 ; 2.2000000e+02 
3.500e+01 ; 1.600e+00 ; 7.000e-01 ; 1.7000001e-02 ; 2.2000000e+02 
3.500e+01 ; 1.600e+00 ; 7.000e-01 ; 3.3000000e-02 ; 2.2000000e+02 
3.500e+01 ; 1.600e+00 ; 7.000e-01 ; 6.4999998e-02 ; 2.2000000e+02 
3.500e+01 ; 1.600e+00 ; 7.000e-01 ; 1.2899999e-01 ; 2.2000000e+02 
3.500e+01 ; 1.600e+00 ; 7.000e-01 ; 2.5700000e-01 ; 2.2000000e+02 
3.500e+01 ; 1.600e+00 ; 7.000e-01 ; 5.1300001e-01 ; 2.2000000e+02 
3.500e+01 ; 1.600e+00 ; 7.000e-01 ; 1.0250000e+00 ; 2.2000000e+02 
3.500e+01 ; 1.600e+00 ; 7.000e-01 ; 1.0599999e+00 ; 2.2000000e+02 
3.500e+01 ; 1.600e+00 ; 7.000e-01 ; 1.0599999e+00 ; 2.2000000e+02 
3.500e+01 ; 1.600e+00 ; 7.000e-01 ; 1.0609999e+00 ; 2.2000000e+02 
3.500e+01 ; 1.600e+00 ; 7.000e-01 ; 1.0619999e+00 ; 2.2000000e+02 
3.500e+01 ; 1.600e+00 ; 7.000e-01 ; 1.0629999e+00 ; 2.2000000e+02 
3.500e+01 ; 1.600e+00 ; 7.000e-01 ; 1.0649999e+00 ; 2.2000000e+02 
3.500e+01 ; 1.600e+00 ; 7.000e-01 ; 1.0689999e+00 ; 2.2000000e+02 
3.500e+01 ; 1.600e+00 ; 7.000e-01 ; 1.0769999e+00 ; 2.2000000e+02 
3.500e+01 ; 1.600e+00 ; 7.000e-01 ; 1.0929999e+00 ; 2.2000000e+02 
3.500e+01 ; 1.600e+00 ; 7.000e-01 ; 1.1249999e+00 ; 2.2000000e+02 
3.500e+01 ; 1.600e+00 ; 7.000e-01 ; 1.1889999e+00 ; 2.2000000e+02 
3.500e+01 ; 1.600e+00 ; 7.000e-01 ; 1.3169999e+00 ; 2.2000000e+02 
3.500e+01 ; 1.600e+00 ; 7.000e-01 ; 1.5730000e+00 ; 2.2000000e+02 
3.500e+01 ; 1.600e+00 ; 7.000e-01 ; 2.0849999e+00 ; 2.2000000e+02 
3.500e+01 ; 1.600e+00 ; 7.000e-01 ; 2.1199999e+00 ; 2.2000000e+02 
3.500e+01 ; 1.600e+00 ; 7.000e-01 ; 2.1199999e+00 ; 2.2000000e+02 
3.500e+01 ; 1.600e+00 ; 7.000e-01 ; 2.1209999e+00 ; 2.1990611e+02 
3.500e+01 ; 1.600e+00 ; 7.000e-01 ; 2.1219999e+00 ; 2.1981230e+02 
3.500e+01 ; 1.600e+00 ; 7.000e-01 ; 2.1229999e+00 ; 2.1971855e+02 
3.500e+01 ; 1.600e+00 ; 7.000e-01 ; 2.1249999e+00 ; 2.1953133e+02 
3.500e+01 ; 1.600e+00 ; 7.000e-01 ; 2.1289999e+00 ; 2.1915799e+02 
3.500e+01 ; 1.600e+00 ; 7.000e-01 ; 2.1369999e+00 ; 2.1841568e+02 
3.500e+01 ; 1.600e+00 ; 7.000e-01 ; 2.1529999e+00 ; 2.1694833e+02 
3.500e+01 ; 1.600e+00 ; 7.000e-01 ; 2.1849999e+00 ; 2.1408107e+02 
3.500e+01 ; 1.600e+00 ; 7.000e-01 ; 2.2489999e+00 ; 2.0860370e+02 
3.500e+01 ; 1.600e+00 ; 7.000e-01 ; 2.3769999e+00 ; 1.9858636e+02 
3.500e+01 ; 1.600e+00 ; 7.000e-01 ; 2.6329999e+00 ; 1.8169496e+02 
3.500e+01 ; 1.600e+00 ; 7.000e-01 ; 3.1449999e+00 ; 1.5701709e+02 
3.500e+01 ; 1.600e+00 ; 7.000e-01 ; 3.1799998e+00 ; 1.5537105e+02 
3.500e+01 ; 1.600e+00 ; 7.000e-01 ; 3.1799998e+00 ; 1.5537105e+02 
3.500e+01 ; 1.600e+00 ; 7.000e-01 ; 3.1809998e+00 ; 1.5532407e+02 
3.500e+01 ; 1.600e+00 ; 7.000e-01 ; 3.1819998e+00 ; 1.5527711e+02 
3.500e+01 ; 1.600e+00 ; 7.000e-01 ; 3.1829998e+00 ; 1.5523021e+02 
3.500e+01 ; 1.600e+00 ; 7.000e-01 ; 3.1849998e+00 ; 1.5513657e+02 
3.500e+01 ; 1.600e+00 ; 7.000e-01 ; 3.1889998e+00 ; 1.5494991e+02 
3.500e+01 ; 1.600e+00 ; 7.000e-01 ; 3.1969998e+00 ; 1.5457915e+02 
3.500e+01 ; 1.600e+00 ; 7.000e-01 ; 3.2129998e+00 ; 1.5384772e+02 
3.500e+01 ; 1.600e+00 ; 7.000e-01 ; 3.2449998e+00 ; 1.5242371e+02 
3.500e+01 ; 1.600e+00 ; 7.000e-01 ; 3.3089998e+00 ; 1.4972050e+02 
3.500e+01 ; 1.600e+00 ; 7.000e-01 ; 3.4369998e+00 ; 1.4482254e+02 
3.500e+01 ; 1.600e+00 ; 7.000e-01 ; 3.6929998e+00 ; 1.3664073e+02 
3.500e+01 ; 1.600e+00 ; 7.000e-01 ; 4.2049998e+00 ; 1.2468272e+02 
3.500e+01 ; 1.600e+00 ; 7.000e-01 ; 4.2399998e+00 ; 1.2388432e+02 
3.500e+01 ; 1.600e+00 ; 7.000e-01 ; 4.2399998e+00 ; 1.2388432e+02 
3.500e+01 ; 1.600e+00 ; 7.000e-01 ; 4.2409998e+00 ; 1.2386153e+02 
3.500e+01 ; 1.600e+00 ; 7.000e-01 ; 4.2419998e+00 ; 1.2383875e+02 
3.500e+01 ; 1.600e+00 ; 7.000e-01 ; 4.2429998e+00 ; 1.2381598e+02 
3.500e+01 ; 1.600e+00 ; 7.000e-01 ; 4.2449998e+00 ; 1.2377050e+02 
3.500e+01 ; 1.600e+00 ; 7.000e-01 ; 4.2489998e+00 ; 1.2367978e+02 
3.500e+01 ; 1.600e+00 ; 7.000e-01 ; 4.2569998e+00 ; 1.2349927e+02 
3.500e+01 ; 1.600e+00 ; 7.000e-01 ; 4.2729998e+00 ; 1.2314193e+02 
3.500e+01 ; 1.600e+00 ; 7.000e-01 ; 4.3049998e+00 ; 1.2244170e+02 
3.500e+01 ; 1.600e+00 ; 7.000e-01 ; 4.3689998e+00 ; 1.2109673e+02 
3.500e+01 ; 1.600e+00 ; 7.000e-01 ; 4.4969998e+00 ; 1.1861227e+02 
3.500e+01 ; 1.600e+00 ; 7.000e-01 ; 4.7529998e+00 ; 1.1434989e+02 
3.500e+01 ; 1.600e+00 ; 7.000e-01 ; 5.2649997e+00 ; 1.0794991e+02 
3.500e+01 ; 1.600e+00 ; 7.000e-01 ; 5.2999997e+00 ; 1.0752210e+02 
3.500e+01 ; 1.600e+00 ; 7.000e-01 ; 5.2999997e+00 ; 1.0752210e+02 
3.500e+01 ; 1.600e+00 ; 7.000e-01 ; 5.3009997e+00 ; 1.0750989e+02 
3.500e+01 ; 1.600e+00 ; 7.000e-01 ; 5.3019997e+00 ; 1.0749768e+02 
3.500e+01 ; 1.600e+00 ; 7.000e-01 ; 5.3029997e+00 ; 1.0748548e+02 
3.500e+01 ; 1.600e+00 ; 7.000e-01 ; 5.3049997e+00 ; 1.0746111e+02 
3.500e+01 ; 1.600e+00 ; 7.000e-01 ; 5.3089997e+00 ; 1.0741250e+02 
3.500e+01 ; 1.600e+00 ; 7.000e-01 ; 5.3169997e+00 ; 1.0731578e+02 
3.500e+01 ; 1.600e+00 ; 7.000e-01 ; 5.3329997e+00 ; 1.0712434e+02 
3.500e+01 ; 1.600e+00 ; 7.000e-01 ; 5.3649997e+00 ; 1.0674921e+02 
3.500e+01 ; 1.600e+00 ; 7.000e-01 ; 5.4289997e+00 ; 1.0602880e+02 
3.500e+01 ; 1.600e+00 ; 7.000e-01 ; 5.5569997e+00 ; 1.0469822e+02 
3.500e+01 ; 1.600e+00 ; 7.000e-01 ; 5.8129997e+00 ; 1.0241509e+02 
3.500e+01 ; 1.600e+00 ; 7.000e-01 ; 6.3249997e+00 ; 9.8984093e+01 
3.500e+01 ; 1.600e+00 ; 7.000e-01 ; 6.3599997e+00 ; 9.8754730e+01 
3.500e+01 ; 1.600e+00 ; 7.000e-01 ; 6.3599997e+00 ; 9.8754730e+01 
3.500e+01 ; 1.600e+00 ; 7.000e-01 ; 6.3609997e+00 ; 9.8748184e+01 
3.500e+01 ; 1.600e+00 ; 7.000e-01 ; 6.3619997e+00 ; 9.8741638e+01 
3.500e+01 ; 1.600e+00 ; 7.000e-01 ; 6.3629997e+00 ; 9.8735100e+01 
3.500e+01 ; 1.600e+00 ; 7.000e-01 ; 6.3649997e+00 ; 9.8722031e+01 
3.500e+01 ; 1.600e+00 ; 7.000e-01 ; 6.3689997e+00 ; 9.8695969e+01 
3.500e+01 ; 1.600e+00 ; 7.000e-01 ; 6.3769997e+00 ; 9.8644119e+01 
3.500e+01 ; 1.600e+00 ; 7.000e-01 ; 6.3929997e+00 ; 9.8541473e+01 
3.500e+01 ; 1.600e+00 ; 7.000e-01 ; 6.4249997e+00 ; 9.8340332e+01 
3.500e+01 ; 1.600e+00 ; 7.000e-01 ; 6.4889996e+00 ; 9.7954025e+01 
3.500e+01 ; 1.600e+00 ; 7.000e-01 ; 6.6169997e+00 ; 9.7240379e+01 
3.500e+01 ; 1.600e+00 ; 7.000e-01 ; 6.8729997e+00 ; 9.6015472e+01 
3.500e+01 ; 1.600e+00 ; 7.000e-01 ; 7.3849996e+00 ; 9.4173912e+01 
3.500e+01 ; 1.600e+00 ; 7.000e-01 ; 7.4199996e+00 ; 9.4050804e+01 
3.500e+01 ; 1.600e+00 ; 7.000e-01 ; 7.4199996e+00 ; 9.4050804e+01 
3.500e+01 ; 1.600e+00 ; 7.000e-01 ; 7.4209996e+00 ; 9.4047287e+01 
3.500e+01 ; 1.600e+00 ; 7.000e-01 ; 7.4219996e+00 ; 9.4043777e+01 
3.500e+01 ; 1.600e+00 ; 7.000e-01 ; 7.4229996e+00 ; 9.4040268e+01 
3.500e+01 ; 1.600e+00 ; 7.000e-01 ; 7.4249996e+00 ; 9.4033257e+01 
3.500e+01 ; 1.600e+00 ; 7.000e-01 ; 7.4289996e+00 ; 9.4019264e+01 
3.500e+01 ; 1.600e+00 ; 7.000e-01 ; 7.4369996e+00 ; 9.3991432e+01 
3.500e+01 ; 1.600e+00 ; 7.000e-01 ; 7.4529996e+00 ; 9.3936333e+01 
3.500e+01 ; 1.600e+00 ; 7.000e-01 ; 7.4849996e+00 ; 9.3828369e+01 
3.500e+01 ; 1.600e+00 ; 7.000e-01 ; 7.5489996e+00 ; 9.3620995e+01 
3.500e+01 ; 1.600e+00 ; 7.000e-01 ; 7.6769996e+00 ; 9.3237854e+01 
3.500e+01 ; 1.600e+00 ; 7.000e-01 ; 7.9329996e+00 ; 9.2580132e+01 
3.500e+01 ; 1.600e+00 ; 7.000e-01 ; 8.4449996e+00 ; 9.1591057e+01 
3.500e+01 ; 1.600e+00 ; 7.000e-01 ; 8.4799995e+00 ; 9.1524940e+01 
3.500e+01 ; 1.600e+00 ; 7.000e-01 ; 8.4799995e+00 ; 9.1524940e+01 
3.500e+01 ; 1.600e+00 ; 7.000e-01 ; 8.4809995e+00 ; 9.1523048e+01 
3.500e+01 ; 1.600e+00 ; 7.000e-01 ; 8.4819995e+00 ; 9.1521164e+01 
3.500e+01 ; 1.600e+00 ; 7.000e-01 ; 8.4829995e+00 ; 9.1519279e+01 
3.500e+01 ; 1.600e+00 ; 7.000e-01 ; 8.4849995e+00 ; 9.1515511e+01 
3.500e+01 ; 1.600e+00 ; 7.000e-01 ; 8.4889995e+00 ; 9.1508003e+01 
3.500e+01 ; 1.600e+00 ; 7.000e-01 ; 8.4969995e+00 ; 9.1493050e+01 
3.500e+01 ; 1.600e+00 ; 7.000e-01 ; 8.5129995e+00 ; 9.1463455e+01 
3.500e+01 ; 1.600e+00 ; 7.000e-01 ; 8.5449995e+00 ; 9.1405464e+01 
3.500e+01 ; 1.600e+00 ; 7.000e-01 ; 8.6089995e+00 ; 9.1294075e+01 
3.500e+01 ; 1.600e+00 ; 7.000e-01 ; 8.7369995e+00 ; 9.1088272e+01 
3.500e+01 ; 1.600e+00 ; 7.000e-01 ; 8.9929996e+00 ; 9.0734940e+01 
3.500e+01 ; 1.600e+00 ; 7.000e-01 ; 9.5049995e+00 ; 9.0203529e+01 
3.500e+01 ; 1.600e+00 ; 7.000e-01 ; 9.5399995e+00 ; 9.0168007e+01 
3.500e+01 ; 1.600e+00 ; 7.000e-01 ; 9.5399995e+00 ; 9.0168007e+01 
3.500e+01 ; 1.600e+00 ; 7.000e-01 ; 9.5409995e+00 ; 9.0166992e+01 
3.500e+01 ; 1.600e+00 ; 7.000e-01 ; 9.5419995e+00 ; 9.0165977e+01 
3.500e+01 ; 1.600e+00 ; 7.000e-01 ; 9.5429995e+00 ; 9.0164963e+01 
3.500e+01 ; 1.600e+00 ; 7.000e-01 ; 9.5449995e+00 ; 9.0162941e+01 
3.500e+01 ; 1.600e+00 ; 7.000e-01 ; 9.5489995e+00 ; 9.0158905e+01 
3.500e+01 ; 1.600e+00 ; 7.000e-01 ; 9.5569995e+00 ; 9.0150871e+01 
3.500e+01 ; 1.600e+00 ; 7.000e-01 ; 9.5729995e+00 ; 9.0134972e+01 
3.500e+01 ; 1.600e+00 ; 7.000e-01 ; 9.6049995e+00 ; 9.0103813e+01 
3.500e+01 ; 1.600e+00 ; 7.000e-01 ; 9.6689995e+00 ; 9.0043968e+01 
3.500e+01 ; 1.600e+00 ; 7.000e-01 ; 9.7969995e+00 ; 8.9933388e+01 
3.500e+01 ; 1.600e+00 ; 7.000e-01 ; 1.0052999e+01 ; 8.9743523e+01 
3.500e+01 ; 1.600e+00 ; 7.000e-01 ; 1.0564999e+01 ; 8.9457947e+01 
3.500e+01 ; 1.600e+00 ; 7.000e-01 ; 1.0599999e+01 ; 8.9438858e+01 
3.500e+01 ; 1.600e+00 ; 7.000e-01 ; 1.0599999e+01 ; 8.9438858e+01 
3.500e+01 ; 1.600e+00 ; 7.000e-01 ; 1.0600999e+01 ; 8.9438309e+01 
3.500e+01 ; 1.600e+00 ; 7.000e-01 ; 1.0601999e+01 ; 8.9437767e+01 
3.500e+01 ; 1.600e+00 ; 7.000e-01 ; 1.0602999e+01 ; 8.9437225e+01 
3.500e+01 ; 1.600e+00 ; 7.000e-01 ; 1.0604999e+01 ; 8.9436134e+01 
3.500e+01 ; 1.600e+00 ; 7.000e-01 ; 1.0608999e+01 ; 8.9433968e+01 
3.500e+01 ; 1.600e+00 ; 7.000e-01 ; 1.0616999e+01 ; 8.9429649e+01 
3.500e+01 ; 1.600e+00 ; 7.000e-01 ; 1.0632999e+01 ; 8.9421104e+01 
3.500e+01 ; 1.600e+00 ; 7.000e-01 ; 1.0664999e+01 ; 8.9404358e+01 
3.500e+01 ; 1.600e+00 ; 7.000e-01 ; 1.0728999e+01 ; 8.9372200e+01 
3.500e+01 ; 1.600e+00 ; 7.000e-01 ; 1.0856999e+01 ; 8.9312767e+01 
3.500e+01 ; 1.600e+00 ; 7.000e-01 ; 1.1112999e+01 ; 8.9210732e+01 
3.500e+01 ; 1.600e+00 ; 7.000e-01 ; 1.1624999e+01 ; 8.9057251e+01 
3.500e+01 ; 1.600e+00 ; 7.000e-01 ; 1.1659999e+01 ; 8.9046989e+01 
3.500e+01 ; 1.600e+00 ; 7.000e-01 ; 1.1659999e+01 ; 8.9046989e+01 
3.500e+01 ; 1.600e+00 ; 7.000e-01 ; 1.1660999e+01 ; 8.9046700e+01 
3.500e+01 ; 1.600e+00 ; 7.000e-01 ; 1.1661999e+01 ; 8.9046402e+01 
3.500e+01 ; 1.600e+00 ; 7.000e-01 ; 1.1662999e+01 ; 8.9046112e+01 
3.500e+01 ; 1.600e+00 ; 7.000e-01 ; 1.1664999e+01 ; 8.9045532e+01 
3.500e+01 ; 1.600e+00 ; 7.000e-01 ; 1.1668999e+01 ; 8.9044365e+01 
3.500e+01 ; 1.600e+00 ; 7.000e-01 ; 1.1676999e+01 ; 8.9042046e+01 
3.500e+01 ; 1.600e+00 ; 7.000e-01 ; 1.1692999e+01 ; 8.9037453e+01 
3.500e+01 ; 1.600e+00 ; 7.000e-01 ; 1.1724999e+01 ; 8.9028450e+01 
3.500e+01 ; 1.600e+00 ; 7.000e-01 ; 1.1788999e+01 ; 8.9011162e+01 
3.500e+01 ; 1.600e+00 ; 7.000e-01 ; 1.1916999e+01 ; 8.8979225e+01 
3.500e+01 ; 1.600e+00 ; 7.000e-01 ; 1.2172999e+01 ; 8.8924385e+01 
3.500e+01 ; 1.600e+00 ; 7.000e-01 ; 1.2684999e+01 ; 8.8841888e+01 
3.500e+01 ; 1.600e+00 ; 7.000e-01 ; 1.2719999e+01 ; 8.8836372e+01 
3.500e+01 ; 1.600e+00 ; 7.000e-01 ; 1.2719999e+01 ; 8.8836372e+01 
3.500e+01 ; 1.600e+00 ; 7.000e-01 ; 1.2720999e+01 ; 8.8836220e+01 
3.500e+01 ; 1.600e+00 ; 7.000e-01 ; 1.2721999e+01 ; 8.8836060e+01 
3.500e+01 ; 1.600e+00 ; 7.000e-01 ; 1.2722999e+01 ; 8.8835907e+01 
3.500e+01 ; 1.600e+00 ; 7.000e-01 ; 1.2724999e+01 ; 8.8835587e+01 
3.500e+01 ; 1.600e+00 ; 7.000e-01 ; 1.2728999e+01 ; 8.8834961e+01 
3.500e+01 ; 1.600e+00 ; 7.000e-01 ; 1.2736999e+01 ; 8.8833717e+01 
3.500e+01 ; 1.600e+00 ; 7.000e-01 ; 1.2752999e+01 ; 8.8831245e+01 
3.500e+01 ; 1.600e+00 ; 7.000e-01 ; 1.2784999e+01 ; 8.8826408e+01 
3.500e+01 ; 1.600e+00 ; 7.000e-01 ; 1.2848999e+01 ; 8.8817116e+01 
3.500e+01 ; 1.600e+00 ; 7.000e-01 ; 1.2976999e+01 ; 8.8799950e+01 
3.500e+01 ; 1.600e+00 ; 7.000e-01 ; 1.3232999e+01 ; 8.8770477e+01 
3.500e+01 ; 1.600e+00 ; 7.000e-01 ; 1.3744999e+01 ; 8.8726135e+01 
3.500e+01 ; 1.600e+00 ; 7.000e-01 ; 1.3779999e+01 ; 8.8723167e+01 
3.500e+01 ; 1.600e+00 ; 7.000e-01 ; 1.3779999e+01 ; 8.8723167e+01 
3.500e+01 ; 1.600e+00 ; 7.000e-01 ; 1.3780999e+01 ; 8.8723083e+01 
3.500e+01 ; 1.600e+00 ; 7.000e-01 ; 1.3781999e+01 ; 8.8723000e+01 
3.500e+01 ; 1.600e+00 ; 7.000e-01 ; 1.3782999e+01 ; 8.8722916e+01 
3.500e+01 ; 1.600e+00 ; 7.000e-01 ; 1.3784999e+01 ; 8.8722748e+01 
3.500e+01 ; 1.600e+00 ; 7.000e-01 ; 1.3788999e+01 ; 8.8722412e+01 
3.500e+01 ; 1.600e+00 ; 7.000e-01 ; 1.3796999e+01 ; 8.8721741e+01 
3.500e+01 ; 1.600e+00 ; 7.000e-01 ; 1.3812999e+01 ; 8.8720413e+01 
3.500e+01 ; 1.600e+00 ; 7.000e-01 ; 1.3844999e+01 ; 8.8717812e+01 
3.500e+01 ; 1.600e+00 ; 7.000e-01 ; 1.3908999e+01 ; 8.8712822e+01 
3.500e+01 ; 1.600e+00 ; 7.000e-01 ; 1.4036999e+01 ; 8.8703590e+01 
3.500e+01 ; 1.600e+00 ; 7.000e-01 ; 1.4292999e+01 ; 8.8687752e+01 
3.500e+01 ; 1.600e+00 ; 7.000e-01 ; 1.4804999e+01 ; 8.8663918e+01 
3.500e+01 ; 1.600e+00 ; 7.000e-01 ; 1.4839999e+01 ; 8.8662323e+01 
3.500e+01 ; 1.600e+00 ; 7.000e-01 ; 1.4839999e+01 ; 8.8662323e+01 
3.500e+01 ; 1.600e+00 ; 7.000e-01 ; 1.4840999e+01 ; 8.8662277e+01 
3.500e+01 ; 1.600e+00 ; 7.000e-01 ; 1.4841999e+01 ; 8.8662231e+01 
3.500e+01 ; 1.600e+00 ; 7.000e-01 ; 1.4842999e+01 ; 8.8662186e+01 
3.500e+01 ; 1.600e+00 ; 7.000e-01 ; 1.4844999e+01 ; 8.8662094e+01 
3.500e+01 ; 1.600e+00 ; 7.000e-01 ; 1.4848999e+01 ; 8.8661919e+01 
3.500e+01 ; 1.600e+00 ; 7.000e-01 ; 1.4856999e+01 ; 8.8661552e+01 
3.500e+01 ; 1.600e+00 ; 7.000e-01 ; 1.4872999e+01 ; 8.8660843e+01 
3.500e+01 ; 1.600e+00 ; 7.000e-01 ; 1.4904999e+01 ; 8.8659447e+01 
3.500e+01 ; 1.600e+00 ; 7.000e-01 ; 1.4968999e+01 ; 8.8656761e+01 
3.500e+01 ; 1.600e+00 ; 7.000e-01 ; 1.5096999e+01 ; 8.8651802e+01 
3.500e+01 ; 1.600e+00 ; 7.000e-01 ; 1.5352999e+01 ; 8.8643288e+01 
3.500e+01 ; 1.600e+00 ; 7.000e-01 ; 1.5864999e+01 ; 8.8630478e+01 
3.500e+01 ; 1.600e+00 ; 7.000e-01 ; 1.5899999e+01 ; 8.8629616e+01 
3.500e+01 ; 1.600e+00 ; 7.000e-01 ; 1.5899999e+01 ; 8.8629616e+01 
3.500e+01 ; 1.600e+00 ; 7.000e-01 ; 1.5900999e+01 ; 8.8629593e+01 
3.500e+01 ; 1.600e+00 ; 7.000e-01 ; 1.5901999e+01 ; 8.8629570e+01 
3.500e+01 ; 1.600e+00 ; 7.000e-01 ; 1.5902999e+01 ; 8.8629547e+01 
3.500e+01 ; 1.600e+00 ; 7.000e-01 ; 1.5904999e+01 ; 8.8629494e+01 
3.500e+01 ; 1.600e+00 ; 7.000e-01 ; 1.5908999e+01 ; 8.8629402e+01 
3.500e+01 ; 1.600e+00 ; 7.000e-01 ; 1.5916999e+01 ; 8.8629204e+01 
3.500e+01 ; 1.600e+00 ; 7.000e-01 ; 1.5932999e+01 ; 8.8628822e+01 
3.500e+01 ; 1.600e+00 ; 7.000e-01 ; 1.5964999e+01 ; 8.8628075e+01 
3.500e+01 ; 1.600e+00 ; 7.000e-01 ; 1.6028999e+01 ; 8.8626625e+01 
3.500e+01 ; 1.600e+00 ; 7.000e-01 ; 1.6156999e+01 ; 8.8623962e+01 
3.500e+01 ; 1.600e+00 ; 7.000e-01 ; 1.6412999e+01 ; 8.8619385e+01 
3.500e+01 ; 1.600e+00 ; 7.000e-01 ; 1.6924999e+01 ; 8.8612503e+01 
3.500e+01 ; 1.600e+00 ; 7.000e-01 ; 1.6959999e+01 ; 8.8612038e+01 
3.500e+01 ; 1.600e+00 ; 7.000e-01 ; 1.6959999e+01 ; 8.8612038e+01 
3.500e+01 ; 1.600e+00 ; 7.000e-01 ; 1.6960999e+01 ; 8.8612030e+01 
3.500e+01 ; 1.600e+00 ; 7.000e-01 ; 1.6961999e+01 ; 8.8612015e+01 
3.500e+01 ; 1.600e+00 ; 7.000e-01 ; 1.6962999e+01 ; 8.8612000e+01 
3.500e+01 ; 1.600e+00 ; 7.000e-01 ; 1.6964999e+01 ; 8.8611977e+01 
3.500e+01 ; 1.600e+00 ; 7.000e-01 ; 1.6968999e+01 ; 8.8611931e+01 
3.500e+01 ; 1.600e+00 ; 7.000e-01 ; 1.6976999e+01 ; 8.8611855e+01 
3.500e+01 ; 1.600e+00 ; 7.000e-01 ; 1.6992999e+01 ; 8.8611763e+01 
3.500e+01 ; 1.600e+00 ; 7.000e-01 ; 1.7024999e+01 ; 8.8611832e+01 
3.500e+01 ; 1.600e+00 ; 7.000e-01 ; 1.7088999e+01 ; 8.8613106e+01 
3.500e+01 ; 1.600e+00 ; 7.000e-01 ; 1.7216999e+01 ; 8.8620659e+01 
3.500e+01 ; 1.600e+00 ; 7.000e-01 ; 1.7472999e+01 ; 8.8654884e+01 
3.500e+01 ; 1.600e+00 ; 7.000e-01 ; 1.7984999e+01 ; 8.8770325e+01 
3.500e+01 ; 1.600e+00 ; 7.000e-01 ; 1.8019999e+01 ; 8.8778427e+01 
3.500e+01 ; 1.600e+00 ; 7.000e-01 ; 1.8019999e+01 ; 8.8778427e+01 
3.500e+01 ; 1.600e+00 ; 7.000e-01 ; 1.8020999e+01 ; 8.8783577e+01 
3.500e+01 ; 1.600e+00 ; 7.000e-01 ; 1.8021999e+01 ; 8.8788742e+01 
3.500e+01 ; 1.600e+00 ; 7.000e-01 ; 1.8022999e+01 ; 8.8793922e+01 
3.500e+01 ; 1.600e+00 ; 7.000e-01 ; 1.8024999e+01 ; 8.8804337e+01 
3.500e+01 ; 1.600e+00 ; 7.000e-01 ; 1.8028999e+01 ; 8.8825409e+01 
3.500e+01 ; 1.600e+00 ; 7.000e-01 ; 1.8036999e+01 ; 8.8868462e+01 
3.500e+01 ; 1.600e+00 ; 7.000e-01 ; 1.8052999e+01 ; 8.8958023e+01 
3.500e+01 ; 1.600e+00 ; 7.000e-01 ; 1.8084999e+01 ; 8.9149734e+01 
3.500e+01 ; 1.600e+00 ; 7.000e-01 ; 1.8148999e+01 ; 8.9574272e+01 
3.500e+01 ; 1.600e+00 ; 7.000e-01 ; 1.8276999e+01 ; 9.0528641e+01 
3.500e+01 ; 1.600e+00 ; 7.000e-01 ; 1.8532999e+01 ; 9.2549789e+01 
3.500e+01 ; 1.600e+00 ; 7.000e-01 ; 1.9044999e+01 ; 9.5979164e+01 
3.500e+01 ; 1.600e+00 ; 7.000e-01 ; 1.9079999e+01 ; 9.6207527e+01 
3.500e+01 ; 1.600e+00 ; 7.000e-01 ; 1.9079999e+01 ; 9.6207527e+01 
3.500e+01 ; 1.600e+00 ; 7.000e-01 ; 1.9080999e+01 ; 9.6217834e+01 
3.500e+01 ; 1.600e+00 ; 7.000e-01 ; 1.9081999e+01 ; 9.6228134e+01 
3.500e+01 ; 1.600e+00 ; 7.000e-01 ; 1.9082999e+01 ; 9.6238441e+01 
3.500e+01 ; 1.600e+00 ; 7.000e-01 ; 1.9084999e+01 ; 9.6259048e+01 
3.500e+01 ; 1.600e+00 ; 7.000e-01 ; 1.9088999e+01 ; 9.6300262e+01 
3.500e+01 ; 1.600e+00 ; 7.000e-01 ; 1.9096999e+01 ; 9.6382690e+01 
3.500e+01 ; 1.600e+00 ; 7.000e-01 ; 1.9112999e+01 ; 9.6547447e+01 
3.500e+01 ; 1.600e+00 ; 7.000e-01 ; 1.9144999e+01 ; 9.6876129e+01 
3.500e+01 ; 1.600e+00 ; 7.000e-01 ; 1.9208999e+01 ; 9.7526909e+01 
3.500e+01 ; 1.600e+00 ; 7.000e-01 ; 1.9336999e+01 ; 9.8781792e+01 
3.500e+01 ; 1.600e+00 ; 7.000e-01 ; 1.9592999e+01 ; 1.0100760e+02 
3.500e+01 ; 1.600e+00 ; 7.000e-01 ; 2.0104999e+01 ; 1.0411765e+02 
3.500e+01 ; 1.600e+00 ; 7.000e-01 ; 2.0139999e+01 ; 1.0432187e+02 
3.500e+01 ; 1.600e+00 ; 7.000e-01 ; 2.0139999e+01 ; 1.0432187e+02 
3.500e+01 ; 1.600e+00 ; 7.000e-01 ; 2.0140999e+01 ; 1.0432770e+02 
3.500e+01 ; 1.600e+00 ; 7.000e-01 ; 2.0141999e+01 ; 1.0433351e+02 
3.500e+01 ; 1.600e+00 ; 7.000e-01 ; 2.0142999e+01 ; 1.0433932e+02 
3.500e+01 ; 1.600e+00 ; 7.000e-01 ; 2.0144999e+01 ; 1.0435090e+02 
3.500e+01 ; 1.600e+00 ; 7.000e-01 ; 2.0148999e+01 ; 1.0437392e+02 
3.500e+01 ; 1.600e+00 ; 7.000e-01 ; 2.0156999e+01 ; 1.0441940e+02 
3.500e+01 ; 1.600e+00 ; 7.000e-01 ; 2.0172999e+01 ; 1.0450814e+02 
3.500e+01 ; 1.600e+00 ; 7.000e-01 ; 2.0204999e+01 ; 1.0467708e+02 
3.500e+01 ; 1.600e+00 ; 7.000e-01 ; 2.0268999e+01 ; 1.0498299e+02 
3.500e+01 ; 1.600e+00 ; 7.000e-01 ; 2.0396999e+01 ; 1.0548255e+02 
3.500e+01 ; 1.600e+00 ; 7.000e-01 ; 2.0652999e+01 ; 1.0613084e+02 
3.500e+01 ; 1.600e+00 ; 7.000e-01 ; 2.1164999e+01 ; 1.0653747e+02 
3.500e+01 ; 1.600e+00 ; 7.000e-01 ; 2.1199999e+01 ; 1.0656126e+02 
3.500e+01 ; 1.600e+00 ; 7.000e-01 ; 2.1199999e+01 ; 1.0656126e+02 
3.500e+01 ; 1.600e+00 ; 7.000e-01 ; 2.1200999e+01 ; 1.0656194e+02 
3.500e+01 ; 1.600e+00 ; 7.000e-01 ; 2.1201999e+01 ; 1.0656261e+02 
3.500e+01 ; 1.600e+00 ; 7.000e-01 ; 2.1202999e+01 ; 1.0656329e+02 
3.500e+01 ; 1.600e+00 ; 7.000e-01 ; 2.1204999e+01 ; 1.0656461e+02 
3.500e+01 ; 1.600e+00 ; 7.000e-01 ; 2.1208999e+01 ; 1.0656721e+02 
3.500e+01 ; 1.600e+00 ; 7.000e-01 ; 2.1216999e+01 ; 1.0657221e+02 
3.500e+01 ; 1.600e+00 ; 7.000e-01 ; 2.1232999e+01 ; 1.0658140e+02 
3.500e+01 ; 1.600e+00 ; 7.000e-01 ; 2.1264999e+01 ; 1.0659666e+02 
3.500e+01 ; 1.600e+00 ; 7.000e-01 ; 2.1328999e+01 ; 1.0661552e+02 
3.500e+01 ; 1.600e+00 ; 7.000e-01 ; 2.1456999e+01 ; 1.0661248e+02 
3.500e+01 ; 1.600e+00 ; 7.000e-01 ; 2.1712999e+01 ; 1.0648141e+02 
3.500e+01 ; 1.600e+00 ; 7.000e-01 ; 2.2224999e+01 ; 1.0592189e+02 
3.500e+01 ; 1.600e+00 ; 7.000e-01 ; 2.2259999e+01 ; 1.0588231e+02 
3.500e+01 ; 1.600e+00 ; 7.000e-01 ; 2.2259999e+01 ; 1.0588231e+02 
3.500e+01 ; 1.600e+00 ; 7.000e-01 ; 2.2260999e+01 ; 1.0588118e+02 
3.500e+01 ; 1.600e+00 ; 7.000e-01 ; 2.2261999e+01 ; 1.0588004e+02 
3.500e+01 ; 1.600e+00 ; 7.000e-01 ; 2.2262999e+01 ; 1.0587891e+02 
3.500e+01 ; 1.600e+00 ; 7.000e-01 ; 2.2264999e+01 ; 1.0587664e+02 
3.500e+01 ; 1.600e+00 ; 7.000e-01 ; 2.2268999e+01 ; 1.0587208e+02 
3.500e+01 ; 1.600e+00 ; 7.000e-01 ; 2.2276999e+01 ; 1.0586288e+02 
3.500e+01 ; 1.600e+00 ; 7.000e-01 ; 2.2292999e+01 ; 1.0584424e+02 
3.500e+01 ; 1.600e+00 ; 7.000e-01 ; 2.2324999e+01 ; 1.0580593e+02 
3.500e+01 ; 1.600e+00 ; 7.000e-01 ; 2.2388999e+01 ; 1.0572558e+02 
3.500e+01 ; 1.600e+00 ; 7.000e-01 ; 2.2516999e+01 ; 1.0555234e+02 
3.500e+01 ; 1.600e+00 ; 7.000e-01 ; 2.2772999e+01 ; 1.0517079e+02 
3.500e+01 ; 1.600e+00 ; 7.000e-01 ; 2.3284999e+01 ; 1.0434554e+02 
3.500e+01 ; 1.600e+00 ; 7.000e-01 ; 2.3319999e+01 ; 1.0428886e+02 
3.500e+01 ; 1.600e+00 ; 7.000e-01 ; 2.3319999e+01 ; 1.0428886e+02 
3.500e+01 ; 1.600e+00 ; 7.000e-01 ; 2.3320999e+01 ; 1.0428724e+02 
3.500e+01 ; 1.600e+00 ; 7.000e-01 ; 2.3321999e+01 ; 1.0428561e+02 
3.500e+01 ; 1.600e+00 ; 7.000e-01 ; 2.3322999e+01 ; 1.0428400e+02 
3.500e+01 ; 1.600e+00 ; 7.000e-01 ; 2.3324999e+01 ; 1.0428075e+02 
3.500e+01 ; 1.600e+00 ; 7.000e-01 ; 2.3328999e+01 ; 1.0427427e+02 
3.500e+01 ; 1.600e+00 ; 7.000e-01 ; 2.3336999e+01 ; 1.0426128e+02 
3.500e+01 ; 1.600e+00 ; 7.000e-01 ; 2.3352999e+01 ; 1.0423527e+02 
3.500e+01 ; 1.600e+00 ; 7.000e-01 ; 2.3384999e+01 ; 1.0418304e+02 
3.500e+01 ; 1.600e+00 ; 7.000e-01 ; 2.3448999e+01 ; 1.0407796e+02 
3.500e+01 ; 1.600e+00 ; 7.000e-01 ; 2.3576999e+01 ; 1.0386624e+02 
3.500e+01 ; 1.600e+00 ; 7.000e-01 ; 2.3832999e+01 ; 1.0344205e+02 
3.500e+01 ; 1.600e+00 ; 7.000e-01 ; 2.4344999e+01 ; 1.0261810e+02 
3.500e+01 ; 1.600e+00 ; 7.000e-01 ; 2.4379999e+01 ; 1.0256190e+02 
3.500e+01 ; 1.600e+00 ; 7.000e-01 ; 2.4379999e+01 ; 1.0256190e+02 
3.500e+01 ; 1.600e+00 ; 7.000e-01 ; 2.4380999e+01 ; 1.0256029e+02 
3.500e+01 ; 1.600e+00 ; 7.000e-01 ; 2.4381999e+01 ; 1.0255869e+02 
3.500e+01 ; 1.600e+00 ; 7.000e-01 ; 2.4382999e+01 ; 1.0255708e+02 
3.500e+01 ; 1.600e+00 ; 7.000e-01 ; 2.4384999e+01 ; 1.0255387e+02 
3.500e+01 ; 1.600e+00 ; 7.000e-01 ; 2.4388999e+01 ; 1.0254745e+02 
3.500e+01 ; 1.600e+00 ; 7.000e-01 ; 2.4396999e+01 ; 1.0253461e+02 
3.500e+01 ; 1.600e+00 ; 7.000e-01 ; 2.4412999e+01 ; 1.0250898e+02 
3.500e+01 ; 1.600e+00 ; 7.000e-01 ; 2.4444999e+01 ; 1.0245782e+02 
3.500e+01 ; 1.600e+00 ; 7.000e-01 ; 2.4508999e+01 ; 1.0235600e+02 
3.500e+01 ; 1.600e+00 ; 7.000e-01 ; 2.4636999e+01 ; 1.0215469e+02 
3.500e+01 ; 1.600e+00 ; 7.000e-01 ; 2.4892999e+01 ; 1.0176304e+02 
3.500e+01 ; 1.600e+00 ; 7.000e-01 ; 2.5404999e+01 ; 1.0103093e+02 
3.500e+01 ; 1.600e+00 ; 7.000e-01 ; 2.5439999e+01 ; 1.0098112e+02 
3.500e+01 ; 1.600e+00 ; 7.000e-01 ; 2.5439999e+01 ; 1.0098112e+02 
3.500e+01 ; 1.600e+00 ; 7.000e-01 ; 2.5440999e+01 ; 1.0097970e+02 
3.500e+01 ; 1.600e+00 ; 7.000e-01 ; 2.5441999e+01 ; 1.0097827e+02 
3.500e+01 ; 1.600e+00 ; 7.000e-01 ; 2.5442999e+01 ; 1.0097685e+02 
3.500e+01 ; 1.600e+00 ; 7.000e-01 ; 2.5444999e+01 ; 1.0097401e+02 
3.500e+01 ; 1.600e+00 ; 7.000e-01 ; 2.5448999e+01 ; 1.0096832e+02 
3.500e+01 ; 1.600e+00 ; 7.000e-01 ; 2.5456999e+01 ; 1.0095697e+02 
3.500e+01 ; 1.600e+00 ; 7.000e-01 ; 2.5472999e+01 ; 1.0093430e+02 
3.500e+01 ; 1.600e+00 ; 7.000e-01 ; 2.5504999e+01 ; 1.0088918e+02 
3.500e+01 ; 1.600e+00 ; 7.000e-01 ; 2.5568999e+01 ; 1.0079977e+02 
3.500e+01 ; 1.600e+00 ; 7.000e-01 ; 2.5696999e+01 ; 1.0062431e+02 
3.500e+01 ; 1.600e+00 ; 7.000e-01 ; 2.5952999e+01 ; 1.0028719e+02 
3.500e+01 ; 1.600e+00 ; 7.000e-01 ; 2.6464999e+01 ; 9.9667572e+01 
3.500e+01 ; 1.600e+00 ; 7.000e-01 ; 2.6499999e+01 ; 9.9625465e+01 
3.500e+01 ; 1.600e+00 ; 7.000e-01 ; 2.6499999e+01 ; 9.9625465e+01 
3.500e+01 ; 1.600e+00 ; 7.000e-01 ; 2.6500999e+01 ; 9.9624268e+01 
3.500e+01 ; 1.600e+00 ; 7.000e-01 ; 2.6501999e+01 ; 9.9623062e+01 
3.500e+01 ; 1.600e+00 ; 7.000e-01 ; 2.6502999e+01 ; 9.9621864e+01 
3.500e+01 ; 1.600e+00 ; 7.000e-01 ; 2.6504999e+01 ; 9.9619453e+01 
3.500e+01 ; 1.600e+00 ; 7.000e-01 ; 2.6508999e+01 ; 9.9614655e+01 
3.500e+01 ; 1.600e+00 ; 7.000e-01 ; 2.6516999e+01 ; 9.9605057e+01 
3.500e+01 ; 1.600e+00 ; 7.000e-01 ; 2.6532999e+01 ; 9.9585922e+01 
3.500e+01 ; 1.600e+00 ; 7.000e-01 ; 2.6564999e+01 ; 9.9547859e+01 
3.500e+01 ; 1.600e+00 ; 7.000e-01 ; 2.6628999e+01 ; 9.9472588e+01 
3.500e+01 ; 1.600e+00 ; 7.000e-01 ; 2.6756999e+01 ; 9.9325417e+01 
3.500e+01 ; 1.600e+00 ; 7.000e-01 ; 2.7012999e+01 ; 9.9044273e+01 
3.500e+01 ; 1.600e+00 ; 7.000e-01 ; 2.7524999e+01 ; 9.8531776e+01 
3.500e+01 ; 1.600e+00 ; 7.000e-01 ; 2.7559999e+01 ; 9.8496979e+01 
3.500e+01 ; 1.600e+00 ; 7.000e-01 ; 2.7559999e+01 ; 9.8496979e+01 
3.500e+01 ; 1.600e+00 ; 7.000e-01 ; 2.7560999e+01 ; 9.8495979e+01 
3.500e+01 ; 1.600e+00 ; 7.000e-01 ; 2.7561999e+01 ; 9.8494987e+01 
3.500e+01 ; 1.600e+00 ; 7.000e-01 ; 2.7562999e+01 ; 9.8493996e+01 
3.500e+01 ; 1.600e+00 ; 7.000e-01 ; 2.7564999e+01 ; 9.8492004e+01 
3.500e+01 ; 1.600e+00 ; 7.000e-01 ; 2.7568999e+01 ; 9.8488037e+01 
3.500e+01 ; 1.600e+00 ; 7.000e-01 ; 2.7576999e+01 ; 9.8480110e+01 
3.500e+01 ; 1.600e+00 ; 7.000e-01 ; 2.7592999e+01 ; 9.8464294e+01 
3.500e+01 ; 1.600e+00 ; 7.000e-01 ; 2.7624999e+01 ; 9.8432869e+01 
3.500e+01 ; 1.600e+00 ; 7.000e-01 ; 2.7688999e+01 ; 9.8370773e+01 
3.500e+01 ; 1.600e+00 ; 7.000e-01 ; 2.7816999e+01 ; 9.8249588e+01 
3.500e+01 ; 1.600e+00 ; 7.000e-01 ; 2.8072999e+01 ; 9.8018753e+01 
3.500e+01 ; 1.600e+00 ; 7.000e-01 ; 2.8584998e+01 ; 9.7599716e+01 
3.500e+01 ; 1.600e+00 ; 7.000e-01 ; 2.8619998e+01 ; 9.7571266e+01 
3.500e+01 ; 1.600e+00 ; 7.000e-01 ; 2.8619998e+01 ; 9.7571266e+01 
3.500e+01 ; 1.600e+00 ; 7.000e-01 ; 2.8620998e+01 ; 9.7570457e+01 
3.500e+01 ; 1.600e+00 ; 7.000e-01 ; 2.8621998e+01 ; 9.7569641e+01 
3.500e+01 ; 1.600e+00 ; 7.000e-01 ; 2.8622998e+01 ; 9.7568832e+01 
3.500e+01 ; 1.600e+00 ; 7.000e-01 ; 2.8624998e+01 ; 9.7567207e+01 
3.500e+01 ; 1.600e+00 ; 7.000e-01 ; 2.8628998e+01 ; 9.7563965e+01 
3.500e+01 ; 1.600e+00 ; 7.000e-01 ; 2.8636998e+01 ; 9.7557480e+01 
3.500e+01 ; 1.600e+00 ; 7.000e-01 ; 2.8652998e+01 ; 9.7544563e+01 
3.500e+01 ; 1.600e+00 ; 7.000e-01 ; 2.8684998e+01 ; 9.7518890e+01 
3.500e+01 ; 1.600e+00 ; 7.000e-01 ; 2.8748998e+01 ; 9.7468185e+01 
3.500e+01 ; 1.600e+00 ; 7.000e-01 ; 2.8876998e+01 ; 9.7369324e+01 
3.500e+01 ; 1.600e+00 ; 7.000e-01 ; 2.9132998e+01 ; 9.7181305e+01 
3.500e+01 ; 1.600e+00 ; 7.000e-01 ; 2.9644998e+01 ; 9.6840736e+01 
3.500e+01 ; 1.600e+00 ; 7.000e-01 ; 2.9679998e+01 ; 9.6817627e+01 
3.500e+01 ; 1.600e+00 ; 7.000e-01 ; 2.9679998e+01 ; 9.6817627e+01 
3.500e+01 ; 1.600e+00 ; 7.000e-01 ; 2.9680998e+01 ; 9.6816963e+01 
3.500e+01 ; 1.600e+00 ; 7.000e-01 ; 2.9681998e+01 ; 9.6816307e+01 
3.500e+01 ; 1.600e+00 ; 7.000e-01 ; 2.9682998e+01 ; 9.6815643e+01 
3.500e+01 ; 1.600e+00 ; 7.000e-01 ; 2.9684998e+01 ; 9.6814323e+01 
3.500e+01 ; 1.600e+00 ; 7.000e-01 ; 2.9688998e+01 ; 9.6811684e+01 
3.500e+01 ; 1.600e+00 ; 7.000e-01 ; 2.9696998e+01 ; 9.6806419e+01 
3.500e+01 ; 1.600e+00 ; 7.000e-01 ; 2.9712998e+01 ; 9.6795929e+01 
3.500e+01 ; 1.600e+00 ; 7.000e-01 ; 2.9744998e+01 ; 9.6775070e+01 
3.500e+01 ; 1.600e+00 ; 7.000e-01 ; 2.9808998e+01 ; 9.6733894e+01 
3.500e+01 ; 1.600e+00 ; 7.000e-01 ; 2.9936998e+01 ; 9.6653641e+01 
3.500e+01 ; 1.600e+00 ; 7.000e-01 ; 3.0192998e+01 ; 9.6501144e+01 
3.500e+01 ; 1.600e+00 ; 7.000e-01 ; 3.0704998e+01 ; 9.6225250e+01 
3.500e+01 ; 1.600e+00 ; 7.000e-01 ; 3.0739998e+01 ; 9.6206528e+01 
3.500e+01 ; 1.600e+00 ; 7.000e-01 ; 3.0739998e+01 ; 9.6206528e+01 
3.500e+01 ; 1.600e+00 ; 7.000e-01 ; 3.0740998e+01 ; 9.6205994e+01 
3.500e+01 ; 1.600e+00 ; 7.000e-01 ; 3.0741998e+01 ; 9.6205460e+01 
3.500e+01 ; 1.600e+00 ; 7.000e-01 ; 3.0742998e+01 ; 9.6204926e+01 
3.500e+01 ; 1.600e+00 ; 7.000e-01 ; 3.0744998e+01 ; 9.6203857e+01 
3.500e+01 ; 1.600e+00 ; 7.000e-01 ; 3.0748998e+01 ; 9.6201721e+01 
3.500e+01 ; 1.600e+00 ; 7.000e-01 ; 3.0756998e+01 ; 9.6197456e+01 
3.500e+01 ; 1.600e+00 ; 7.000e-01 ; 3.0772998e+01 ; 9.6188950e+01 
3.500e+01 ; 1.600e+00 ; 7.000e-01 ; 3.0804998e+01 ; 9.6172058e+01 
3.500e+01 ; 1.600e+00 ; 7.000e-01 ; 3.0868998e+01 ; 9.6138718e+01 
3.500e+01 ; 1.600e+00 ; 7.000e-01 ; 3.0996998e+01 ; 9.6073746e+01 
3.500e+01 ; 1.600e+00 ; 7.000e-01 ; 3.1252998e+01 ; 9.5950348e+01 
3.500e+01 ; 1.600e+00 ; 7.000e-01 ; 3.1764998e+01 ; 9.5727249e+01 
3.500e+01 ; 1.600e+00 ; 7.000e-01 ; 3.1799998e+01 ; 9.5712112e+01 
3.500e+01 ; 1.600e+00 ; 7.000e-01 ; 3.1799998e+01 ; 9.5712112e+01 
3.500e+01 ; 1.600e+00 ; 7.000e-01 ; 3.1800998e+01 ; 9.5711678e+01 
3.500e+01 ; 1.600e+00 ; 7.000e-01 ; 3.1801998e+01 ; 9.5711243e+01 
3.500e+01 ; 1.600e+00 ; 7.000e-01 ; 3.1802998e+01 ; 9.5710815e+01 
3.500e+01 ; 1.600e+00 ; 7.000e-01 ; 3.1804998e+01 ; 9.5709946e+01 
3.500e+01 ; 1.600e+00 ; 7.000e-01 ; 3.1808998e+01 ; 9.5708221e+01 
3.500e+01 ; 1.600e+00 ; 7.000e-01 ; 3.1816998e+01 ; 9.5704773e+01 
3.500e+01 ; 1.600e+00 ; 7.000e-01 ; 3.1832998e+01 ; 9.5697899e+01 
3.500e+01 ; 1.600e+00 ; 7.000e-01 ; 3.1864998e+01 ; 9.5684242e+01 
3.500e+01 ; 1.600e+00 ; 7.000e-01 ; 3.1928998e+01 ; 9.5657280e+01 
3.500e+01 ; 1.600e+00 ; 7.000e-01 ; 3.2056998e+01 ; 9.5604767e+01 
3.500e+01 ; 1.600e+00 ; 7.000e-01 ; 3.2312998e+01 ; 9.5505043e+01 
3.500e+01 ; 1.600e+00 ; 7.000e-01 ; 3.2824998e+01 ; 9.5324829e+01 
3.500e+01 ; 1.600e+00 ; 7.000e-01 ; 3.2859998e+01 ; 9.5312599e+01 
3.500e+01 ; 1.600e+00 ; 7.000e-01 ; 3.2859998e+01 ; 9.5312599e+01 
3.500e+01 ; 1.600e+00 ; 7.000e-01 ; 3.2860998e+01 ; 9.5312248e+01 
3.500e+01 ; 1.600e+00 ; 7.000e-01 ; 3.2861998e+01 ; 9.5311897e+01 
3.500e+01 ; 1.600e+00 ; 7.000e-01 ; 3.2862998e+01 ; 9.5311546e+01 
3.500e+01 ; 1.600e+00 ; 7.000e-01 ; 3.2864998e+01 ; 9.5310852e+01 
3.500e+01 ; 1.600e+00 ; 7.000e-01 ; 3.2868998e+01 ; 9.5309471e+01 
3.500e+01 ; 1.600e+00 ; 7.000e-01 ; 3.2876998e+01 ; 9.5306725e+01 
3.500e+01 ; 1.600e+00 ; 7.000e-01 ; 3.2892998e+01 ; 9.5301323e+01 
3.500e+01 ; 1.600e+00 ; 7.000e-01 ; 3.2924998e+01 ; 9.5290970e+01 
3.500e+01 ; 1.600e+00 ; 7.000e-01 ; 3.2988998e+01 ; 9.5272316e+01 
3.500e+01 ; 1.600e+00 ; 7.000e-01 ; 3.3116998e+01 ; 9.5244659e+01 
3.500e+01 ; 1.600e+00 ; 7.000e-01 ; 3.3372998e+01 ; 9.5230904e+01 
3.500e+01 ; 1.600e+00 ; 7.000e-01 ; 3.3884998e+01 ; 9.5336586e+01 
3.500e+01 ; 1.600e+00 ; 7.000e-01 ; 3.3919998e+01 ; 9.5344414e+01 
3.500e+01 ; 1.600e+00 ; 7.000e-01 ; 3.3919998e+01 ; 9.5344414e+01 
3.500e+01 ; 1.600e+00 ; 7.000e-01 ; 3.3920998e+01 ; 9.5344635e+01 
3.500e+01 ; 1.600e+00 ; 7.000e-01 ; 3.3921998e+01 ; 9.5344864e+01 
3.500e+01 ; 1.600e+00 ; 7.000e-01 ; 3.3922998e+01 ; 9.5345085e+01 
3.500e+01 ; 1.600e+00 ; 7.000e-01 ; 3.3924998e+01 ; 9.5345551e+01 
3.500e+01 ; 1.600e+00 ; 7.000e-01 ; 3.3928998e+01 ; 9.5346481e+01 
3.500e+01 ; 1.600e+00 ; 7.000e-01 ; 3.3936998e+01 ; 9.5348419e+01 
3.500e+01 ; 1.600e+00 ; 7.000e-01 ; 3.3952998e+01 ; 9.5352570e+01 
3.500e+01 ; 1.600e+00 ; 7.000e-01 ; 3.3984998e+01 ; 9.5362030e+01 
3.500e+01 ; 1.600e+00 ; 7.000e-01 ; 3.4048998e+01 ; 9.5385689e+01 
3.500e+01 ; 1.600e+00 ; 7.000e-01 ; 3.4176998e+01 ; 9.5451950e+01 
3.500e+01 ; 1.600e+00 ; 7.000e-01 ; 3.4432998e+01 ; 9.5651741e+01 
3.500e+01 ; 1.600e+00 ; 7.000e-01 ; 3.4944998e+01 ; 9.6214142e+01 
3.500e+01 ; 1.600e+00 ; 7.000e-01 ; 3.4979998e+01 ; 9.6253296e+01 
3.500e+01 ; 1.600e+00 ; 7.000e-01 ; 3.4979998e+01 ; 9.6253296e+01 
3.500e+01 ; 1.600e+00 ; 7.000e-01 ; 3.4980998e+01 ; 9.6254417e+01 
3.500e+01 ; 1.600e+00 ; 7.000e-01 ; 3.4981998e+01 ; 9.6255539e+01 
3.500e+01 ; 1.600e+00 ; 7.000e-01 ; 3.4982998e+01 ; 9.6256660e+01 
3.500e+01 ; 1.600e+00 ; 7.000e-01 ; 3.4984998e+01 ; 9.6258911e+01 
3.500e+01 ; 1.600e+00 ; 7.000e-01 ; 3.4988998e+01 ; 9.6263428e+01 
3.500e+01 ; 1.600e+00 ; 7.000e-01 ; 3.4996998e+01 ; 9.6272530e+01 
3.500e+01 ; 1.600e+00 ; 7.000e-01 ; 3.5012998e+01 ; 9.6291031e+01 
3.500e+01 ; 1.600e+00 ; 7.000e-01 ; 3.5044998e+01 ; 9.6329185e+01 
3.500e+01 ; 1.600e+00 ; 7.000e-01 ; 3.5108998e+01 ; 9.6410057e+01 
3.500e+01 ; 1.600e+00 ; 7.000e-01 ; 3.5236998e+01 ; 9.6588760e+01 
3.500e+01 ; 1.600e+00 ; 7.000e-01 ; 3.5492998e+01 ; 9.6999039e+01 
3.500e+01 ; 1.600e+00 ; 7.000e-01 ; 3.6004998e+01 ; 9.7904816e+01 
3.500e+01 ; 1.600e+00 ; 7.000e-01 ; 3.6039998e+01 ; 9.7967072e+01 
3.500e+01 ; 1.600e+00 ; 7.000e-01 ; 3.6039998e+01 ; 9.7967072e+01 
3.500e+01 ; 1.600e+00 ; 7.000e-01 ; 3.6040998e+01 ; 9.7968857e+01 
3.500e+01 ; 1.600e+00 ; 7.000e-01 ; 3.6041998e+01 ; 9.7970634e+01 
3.500e+01 ; 1.600e+00 ; 7.000e-01 ; 3.6042998e+01 ; 9.7972412e+01 
3.500e+01 ; 1.600e+00 ; 7.000e-01 ; 3.6044998e+01 ; 9.7975975e+01 
3.500e+01 ; 1.600e+00 ; 7.000e-01 ; 3.6048998e+01 ; 9.7983109e+01 
3.500e+01 ; 1.600e+00 ; 7.000e-01 ; 3.6056998e+01 ; 9.7997406e+01 
3.500e+01 ; 1.600e+00 ; 7.000e-01 ; 3.6072998e+01 ; 9.8026108e+01 
3.500e+01 ; 1.600e+00 ; 7.000e-01 ; 3.6104998e+01 ; 9.8083946e+01 
3.500e+01 ; 1.600e+00 ; 7.000e-01 ; 3.6168998e+01 ; 9.8201004e+01 
3.500e+01 ; 1.600e+00 ; 7.000e-01 ; 3.6296998e+01 ; 9.8438560e+01 
3.500e+01 ; 1.600e+00 ; 7.000e-01 ; 3.6552998e+01 ; 9.8913101e+01 
3.500e+01 ; 1.600e+00 ; 7.000e-01 ; 3.7064998e+01 ; 9.9785484e+01 
3.500e+01 ; 1.600e+00 ; 7.000e-01 ; 3.7099998e+01 ; 9.9844734e+01 
3.500e+01 ; 1.600e+00 ; 7.000e-01 ; 3.7099998e+01 ; 9.9844734e+01 
3.500e+01 ; 1.600e+00 ; 7.000e-01 ; 3.7100998e+01 ; 9.9846428e+01 
3.500e+01 ; 1.600e+00 ; 7.000e-01 ; 3.7101998e+01 ; 9.9848122e+01 
3.500e+01 ; 1.600e+00 ; 7.000e-01 ; 3.7102998e+01 ; 9.9849808e+01 
3.500e+01 ; 1.600e+00 ; 7.000e-01 ; 3.7104998e+01 ; 9.9853195e+01 
3.500e+01 ; 1.600e+00 ; 7.000e-01 ; 3.7108998e+01 ; 9.9859955e+01 
3.500e+01 ; 1.600e+00 ; 7.000e-01 ; 3.7116998e+01 ; 9.9873451e+01 
3.500e+01 ; 1.600e+00 ; 7.000e-01 ; 3.7132998e+01 ; 9.9900360e+01 
3.500e+01 ; 1.600e+00 ; 7.000e-01 ; 3.7164998e+01 ; 9.9953804e+01 
3.500e+01 ; 1.600e+00 ; 7.000e-01 ; 3.7228998e+01 ; 1.0005903e+02 
3.500e+01 ; 1.600e+00 ; 7.000e-01 ; 3.7356998e+01 ; 1.0026173e+02 
3.500e+01 ; 1.600e+00 ; 7.000e-01 ; 3.7612998e+01 ; 1.0063110e+02 
3.500e+01 ; 1.600e+00 ; 7.000e-01 ; 3.8124998e+01 ; 1.0121655e+02 
3.500e+01 ; 1.600e+00 ; 7.000e-01 ; 3.8159998e+01 ; 1.0125585e+02 
3.500e+01 ; 1.600e+00 ; 7.000e-01 ; 3.8159998e+01 ; 1.0125585e+02 
3.500e+01 ; 1.600e+00 ; 7.000e-01 ; 3.8160998e+01 ; 1.0125698e+02 
3.500e+01 ; 1.600e+00 ; 7.000e-01 ; 3.8161998e+01 ; 1.0125810e+02 
3.500e+01 ; 1.600e+00 ; 7.000e-01 ; 3.8162998e+01 ; 1.0125922e+02 
3.500e+01 ; 1.600e+00 ; 7.000e-01 ; 3.8164998e+01 ; 1.0126146e+02 
3.500e+01 ; 1.600e+00 ; 7.000e-01 ; 3.8168998e+01 ; 1.0126593e+02 
3.500e+01 ; 1.600e+00 ; 7.000e-01 ; 3.8176998e+01 ; 1.0127483e+02 
3.500e+01 ; 1.600e+00 ; 7.000e-01 ; 3.8192998e+01 ; 1.0129249e+02 
3.500e+01 ; 1.600e+00 ; 7.000e-01 ; 3.8224998e+01 ; 1.0132720e+02 
3.500e+01 ; 1.600e+00 ; 7.000e-01 ; 3.8288998e+01 ; 1.0139421e+02 
3.500e+01 ; 1.600e+00 ; 7.000e-01 ; 3.8416998e+01 ; 1.0151863e+02 
3.500e+01 ; 1.600e+00 ; 7.000e-01 ; 3.8672998e+01 ; 1.0173047e+02 
3.500e+01 ; 1.600e+00 ; 7.000e-01 ; 3.9184998e+01 ; 1.0202361e+02 
3.500e+01 ; 1.600e+00 ; 7.000e-01 ; 3.9219998e+01 ; 1.0204305e+02 
3.500e+01 ; 1.600e+00 ; 7.000e-01 ; 3.9219998e+01 ; 1.0204305e+02 
3.500e+01 ; 1.600e+00 ; 7.000e-01 ; 3.9220998e+01 ; 1.0204359e+02 
3.500e+01 ; 1.600e+00 ; 7.000e-01 ; 3.9221998e+01 ; 1.0204415e+02 
3.500e+01 ; 1.600e+00 ; 7.000e-01 ; 3.9222998e+01 ; 1.0204470e+02 
3.500e+01 ; 1.600e+00 ; 7.000e-01 ; 3.9224998e+01 ; 1.0204581e+02 
3.500e+01 ; 1.600e+00 ; 7.000e-01 ; 3.9228998e+01 ; 1.0204801e+02 
3.500e+01 ; 1.600e+00 ; 7.000e-01 ; 3.9236998e+01 ; 1.0205239e+02 
3.500e+01 ; 1.600e+00 ; 7.000e-01 ; 3.9252998e+01 ; 1.0206101e+02 
3.500e+01 ; 1.600e+00 ; 7.000e-01 ; 3.9284998e+01 ; 1.0207777e+02 
3.500e+01 ; 1.600e+00 ; 7.000e-01 ; 3.9348998e+01 ; 1.0210933e+02 
3.500e+01 ; 1.600e+00 ; 7.000e-01 ; 3.9476998e+01 ; 1.0216497e+02 
3.500e+01 ; 1.600e+00 ; 7.000e-01 ; 3.9732998e+01 ; 1.0224889e+02 
3.500e+01 ; 1.600e+00 ; 7.000e-01 ; 4.0244998e+01 ; 1.0232678e+02 
3.500e+01 ; 1.600e+00 ; 7.000e-01 ; 4.0279998e+01 ; 1.0233169e+02 
3.500e+01 ; 1.600e+00 ; 7.000e-01 ; 4.0279998e+01 ; 1.0233169e+02 
3.500e+01 ; 1.600e+00 ; 7.000e-01 ; 4.0280998e+01 ; 1.0233183e+02 
3.500e+01 ; 1.600e+00 ; 7.000e-01 ; 4.0281998e+01 ; 1.0233197e+02 
3.500e+01 ; 1.600e+00 ; 7.000e-01 ; 4.0282998e+01 ; 1.0233211e+02 
3.500e+01 ; 1.600e+00 ; 7.000e-01 ; 4.0284998e+01 ; 1.0233238e+02 
3.500e+01 ; 1.600e+00 ; 7.000e-01 ; 4.0288998e+01 ; 1.0233293e+02 
3.500e+01 ; 1.600e+00 ; 7.000e-01 ; 4.0296998e+01 ; 1.0233401e+02 
3.500e+01 ; 1.600e+00 ; 7.000e-01 ; 4.0312998e+01 ; 1.0233607e+02 
3.500e+01 ; 1.600e+00 ; 7.000e-01 ; 4.0344998e+01 ; 1.0233987e+02 
3.500e+01 ; 1.600e+00 ; 7.000e-01 ; 4.0408998e+01 ; 1.0234617e+02 
3.500e+01 ; 1.600e+00 ; 7.000e-01 ; 4.0536998e+01 ; 1.0235380e+02 
3.500e+01 ; 1.600e+00 ; 7.000e-01 ; 4.0792998e+01 ; 1.0235149e+02 
3.500e+01 ; 1.600e+00 ; 7.000e-01 ; 4.1304998e+01 ; 1.0229174e+02 
3.500e+01 ; 1.600e+00 ; 7.000e-01 ; 4.1339998e+01 ; 1.0228740e+02 
3.500e+01 ; 1.600e+00 ; 7.000e-01 ; 4.1339998e+01 ; 1.0228740e+02 
3.500e+01 ; 1.600e+00 ; 7.000e-01 ; 4.1340998e+01 ; 1.0228728e+02 
3.500e+01 ; 1.600e+00 ; 7.000e-01 ; 4.1341998e+01 ; 1.0228716e+02 
3.500e+01 ; 1.600e+00 ; 7.000e-01 ; 4.1342998e+01 ; 1.0228703e+02 
3.500e+01 ; 1.600e+00 ; 7.000e-01 ; 4.1344998e+01 ; 1.0228677e+02 
3.500e+01 ; 1.600e+00 ; 7.000e-01 ; 4.1348998e+01 ; 1.0228628e+02 
3.500e+01 ; 1.600e+00 ; 7.000e-01 ; 4.1356998e+01 ; 1.0228526e+02 
3.500e+01 ; 1.600e+00 ; 7.000e-01 ; 4.1372998e+01 ; 1.0228316e+02 
3.500e+01 ; 1.600e+00 ; 7.000e-01 ; 4.1404998e+01 ; 1.0227878e+02 
3.500e+01 ; 1.600e+00 ; 7.000e-01 ; 4.1468998e+01 ; 1.0226922e+02 
3.500e+01 ; 1.600e+00 ; 7.000e-01 ; 4.1596998e+01 ; 1.0224717e+02 
3.500e+01 ; 1.600e+00 ; 7.000e-01 ; 4.1852998e+01 ; 1.0219289e+02 
3.500e+01 ; 1.600e+00 ; 7.000e-01 ; 4.2364998e+01 ; 1.0205397e+02 
3.500e+01 ; 1.600e+00 ; 7.000e-01 ; 4.2399998e+01 ; 1.0204433e+02 
3.500e+01 ; 1.600e+00 ; 7.000e-01 ; 4.2399998e+01 ; 1.0204433e+02 
3.500e+01 ; 1.600e+00 ; 7.000e-01 ; 4.2400998e+01 ; 1.0204406e+02 
3.500e+01 ; 1.600e+00 ; 7.000e-01 ; 4.2401998e+01 ; 1.0204378e+02 
3.500e+01 ; 1.600e+00 ; 7.000e-01 ; 4.2402998e+01 ; 1.0204350e+02 
3.500e+01 ; 1.600e+00 ; 7.000e-01 ; 4.2404998e+01 ; 1.0204295e+02 
3.500e+01 ; 1.600e+00 ; 7.000e-01 ; 4.2408998e+01 ; 1.0204185e+02 
3.500e+01 ; 1.600e+00 ; 7.000e-01 ; 4.2416998e+01 ; 1.0203963e+02 
3.500e+01 ; 1.600e+00 ; 7.000e-01 ; 4.2432998e+01 ; 1.0203516e+02 
3.500e+01 ; 1.600e+00 ; 7.000e-01 ; 4.2464998e+01 ; 1.0202613e+02 
3.500e+01 ; 1.600e+00 ; 7.000e-01 ; 4.2528998e+01 ; 1.0200763e+02 
3.500e+01 ; 1.600e+00 ; 7.000e-01 ; 4.2656998e+01 ; 1.0196907e+02 
3.500e+01 ; 1.600e+00 ; 7.000e-01 ; 4.2912998e+01 ; 1.0188676e+02 
3.500e+01 ; 1.600e+00 ; 7.000e-01 ; 4.3424998e+01 ; 1.0170792e+02 
3.500e+01 ; 1.600e+00 ; 7.000e-01 ; 4.3459998e+01 ; 1.0169563e+02 
3.500e+01 ; 1.600e+00 ; 7.000e-01 ; 4.3459998e+01 ; 1.0169563e+02 
3.500e+01 ; 1.600e+00 ; 7.000e-01 ; 4.3460998e+01 ; 1.0169527e+02 
3.500e+01 ; 1.600e+00 ; 7.000e-01 ; 4.3461998e+01 ; 1.0169492e+02 
3.500e+01 ; 1.600e+00 ; 7.000e-01 ; 4.3462998e+01 ; 1.0169457e+02 
3.500e+01 ; 1.600e+00 ; 7.000e-01 ; 4.3464998e+01 ; 1.0169387e+02 
3.500e+01 ; 1.600e+00 ; 7.000e-01 ; 4.3468998e+01 ; 1.0169247e+02 
3.500e+01 ; 1.600e+00 ; 7.000e-01 ; 4.3476998e+01 ; 1.0168964e+02 
3.500e+01 ; 1.600e+00 ; 7.000e-01 ; 4.3492998e+01 ; 1.0168400e+02 
3.500e+01 ; 1.600e+00 ; 7.000e-01 ; 4.3524998e+01 ; 1.0167266e+02 
3.500e+01 ; 1.600e+00 ; 7.000e-01 ; 4.3588998e+01 ; 1.0164979e+02 
3.500e+01 ; 1.600e+00 ; 7.000e-01 ; 4.3716998e+01 ; 1.0160336e+02 
3.500e+01 ; 1.600e+00 ; 7.000e-01 ; 4.3972998e+01 ; 1.0150845e+02 
3.500e+01 ; 1.600e+00 ; 7.000e-01 ; 4.4484998e+01 ; 1.0131432e+02 
3.500e+01 ; 1.600e+00 ; 7.000e-01 ; 4.4519998e+01 ; 1.0130103e+02 
3.500e+01 ; 1.600e+00 ; 7.000e-01 ; 4.4519998e+01 ; 1.0130103e+02 
3.500e+01 ; 1.600e+00 ; 7.000e-01 ; 4.4520998e+01 ; 1.0130064e+02 
3.500e+01 ; 1.600e+00 ; 7.000e-01 ; 4.4521998e+01 ; 1.0130027e+02 
3.500e+01 ; 1.600e+00 ; 7.000e-01 ; 4.4522998e+01 ; 1.0129989e+02 
3.500e+01 ; 1.600e+00 ; 7.000e-01 ; 4.4524998e+01 ; 1.0129913e+02 
3.500e+01 ; 1.600e+00 ; 7.000e-01 ; 4.4528998e+01 ; 1.0129761e+02 
3.500e+01 ; 1.600e+00 ; 7.000e-01 ; 4.4536998e+01 ; 1.0129457e+02 
3.500e+01 ; 1.600e+00 ; 7.000e-01 ; 4.4552998e+01 ; 1.0128848e+02 
3.500e+01 ; 1.600e+00 ; 7.000e-01 ; 4.4584998e+01 ; 1.0127631e+02 
3.500e+01 ; 1.600e+00 ; 7.000e-01 ; 4.4648998e+01 ; 1.0125190e+02 
3.500e+01 ; 1.600e+00 ; 7.000e-01 ; 4.4776998e+01 ; 1.0120294e+02 
3.500e+01 ; 1.600e+00 ; 7.000e-01 ; 4.5032998e+01 ; 1.0110483e+02 
3.500e+01 ; 1.600e+00 ; 7.000e-01 ; 4.5544998e+01 ; 1.0091008e+02 
3.500e+01 ; 1.600e+00 ; 7.000e-01 ; 4.5579998e+01 ; 1.0089677e+02 
3.500e+01 ; 1.600e+00 ; 7.000e-01 ; 4.5579998e+01 ; 1.0089677e+02 
3.500e+01 ; 1.600e+00 ; 7.000e-01 ; 4.5580998e+01 ; 1.0089640e+02 
3.500e+01 ; 1.600e+00 ; 7.000e-01 ; 4.5581998e+01 ; 1.0089602e+02 
3.500e+01 ; 1.600e+00 ; 7.000e-01 ; 4.5582998e+01 ; 1.0089564e+02 
3.500e+01 ; 1.600e+00 ; 7.000e-01 ; 4.5584998e+01 ; 1.0089487e+02 
3.500e+01 ; 1.600e+00 ; 7.000e-01 ; 4.5588998e+01 ; 1.0089336e+02 
3.500e+01 ; 1.600e+00 ; 7.000e-01 ; 4.5596998e+01 ; 1.0089032e+02 
3.500e+01 ; 1.600e+00 ; 7.000e-01 ; 4.5612998e+01 ; 1.0088424e+02 
3.500e+01 ; 1.600e+00 ; 7.000e-01 ; 4.5644998e+01 ; 1.0087209e+02 
3.500e+01 ; 1.600e+00 ; 7.000e-01 ; 4.5708998e+01 ; 1.0084782e+02 
3.500e+01 ; 1.600e+00 ; 7.000e-01 ; 4.5836998e+01 ; 1.0079945e+02 
3.500e+01 ; 1.600e+00 ; 7.000e-01 ; 4.6092998e+01 ; 1.0070358e+02 
3.500e+01 ; 1.600e+00 ; 7.000e-01 ; 4.6604998e+01 ; 1.0051649e+02 
3.500e+01 ; 1.600e+00 ; 7.000e-01 ; 4.6639997e+01 ; 1.0050372e+02 
3.500e+01 ; 1.600e+00 ; 7.000e-01 ; 4.6639997e+01 ; 1.0050372e+02 
3.500e+01 ; 1.600e+00 ; 7.000e-01 ; 4.6640997e+01 ; 1.0050336e+02 
3.500e+01 ; 1.600e+00 ; 7.000e-01 ; 4.6641997e+01 ; 1.0050299e+02 
3.500e+01 ; 1.600e+00 ; 7.000e-01 ; 4.6642997e+01 ; 1.0050262e+02 
3.500e+01 ; 1.600e+00 ; 7.000e-01 ; 4.6644997e+01 ; 1.0050190e+02 
3.500e+01 ; 1.600e+00 ; 7.000e-01 ; 4.6648997e+01 ; 1.0050044e+02 
3.500e+01 ; 1.600e+00 ; 7.000e-01 ; 4.6656997e+01 ; 1.0049752e+02 
3.500e+01 ; 1.600e+00 ; 7.000e-01 ; 4.6672997e+01 ; 1.0049170e+02 
3.500e+01 ; 1.600e+00 ; 7.000e-01 ; 4.6704997e+01 ; 1.0048006e+02 
3.500e+01 ; 1.600e+00 ; 7.000e-01 ; 4.6768997e+01 ; 1.0045687e+02 
3.500e+01 ; 1.600e+00 ; 7.000e-01 ; 4.6896997e+01 ; 1.0041082e+02 
3.500e+01 ; 1.600e+00 ; 7.000e-01 ; 4.7152997e+01 ; 1.0032012e+02 
3.500e+01 ; 1.600e+00 ; 7.000e-01 ; 4.7664997e+01 ; 1.0014496e+02 
3.500e+01 ; 1.600e+00 ; 7.000e-01 ; 4.7699997e+01 ; 1.0013301e+02 
3.500e+01 ; 1.600e+00 ; 7.000e-01 ; 4.7699997e+01 ; 1.0013301e+02 
3.500e+01 ; 1.600e+00 ; 7.000e-01 ; 4.7700997e+01 ; 1.0013267e+02 
3.500e+01 ; 1.600e+00 ; 7.000e-01 ; 4.7701997e+01 ; 1.0013232e+02 
3.500e+01 ; 1.600e+00 ; 7.000e-01 ; 4.7702997e+01 ; 1.0013199e+02 
3.500e+01 ; 1.600e+00 ; 7.000e-01 ; 4.7704997e+01 ; 1.0013130e+02 
3.500e+01 ; 1.600e+00 ; 7.000e-01 ; 4.7708997e+01 ; 1.0012994e+02 
3.500e+01 ; 1.600e+00 ; 7.000e-01 ; 4.7716997e+01 ; 1.0012721e+02 
3.500e+01 ; 1.600e+00 ; 7.000e-01 ; 4.7732997e+01 ; 1.0012177e+02 
3.500e+01 ; 1.600e+00 ; 7.000e-01 ; 4.7764997e+01 ; 1.0011089e+02 
3.500e+01 ; 1.600e+00 ; 7.000e-01 ; 4.7828997e+01 ; 1.0008925e+02 
3.500e+01 ; 1.600e+00 ; 7.000e-01 ; 4.7956997e+01 ; 1.0004637e+02 
3.500e+01 ; 1.600e+00 ; 7.000e-01 ; 4.8212997e+01 ; 9.9962273e+01 
3.500e+01 ; 1.600e+00 ; 7.000e-01 ; 4.8724997e+01 ; 9.9800888e+01 
3.500e+01 ; 1.600e+00 ; 7.000e-01 ; 4.8759997e+01 ; 9.9789894e+01 
3.500e+01 ; 1.600e+00 ; 7.000e-01 ; 4.8759997e+01 ; 9.9789894e+01 
3.500e+01 ; 1.600e+00 ; 7.000e-01 ; 4.8760997e+01 ; 9.9789574e+01 
3.500e+01 ; 1.600e+00 ; 7.000e-01 ; 4.8761997e+01 ; 9.9789261e+01 
3.500e+01 ; 1.600e+00 ; 7.000e-01 ; 4.8762997e+01 ; 9.9788948e+01 
3.500e+01 ; 1.600e+00 ; 7.000e-01 ; 4.8764997e+01 ; 9.9788322e+01 
3.500e+01 ; 1.600e+00 ; 7.000e-01 ; 4.8768997e+01 ; 9.9787064e+01 
3.500e+01 ; 1.600e+00 ; 7.000e-01 ; 4.8776997e+01 ; 9.9784554e+01 
3.500e+01 ; 1.600e+00 ; 7.000e-01 ; 4.8792997e+01 ; 9.9779541e+01 
3.500e+01 ; 1.600e+00 ; 7.000e-01 ; 4.8824997e+01 ; 9.9769547e+01 
3.500e+01 ; 1.600e+00 ; 7.000e-01 ; 4.8888997e+01 ; 9.9749718e+01 
3.500e+01 ; 1.600e+00 ; 7.000e-01 ; 4.9016997e+01 ; 9.9711029e+01 
3.500e+01 ; 1.600e+00 ; 7.000e-01 ; 4.9272997e+01 ; 9.9639793e+01 
3.500e+01 ; 1.600e+00 ; 7.000e-01 ; 4.9784997e+01 ; 9.9532791e+01 
3.500e+01 ; 1.600e+00 ; 7.000e-01 ; 4.9819997e+01 ; 9.9525642e+01 
3.500e+01 ; 1.600e+00 ; 7.000e-01 ; 4.9819997e+01 ; 9.9525642e+01 
3.500e+01 ; 1.600e+00 ; 7.000e-01 ; 4.9820997e+01 ; 9.9525436e+01 
3.500e+01 ; 1.600e+00 ; 7.000e-01 ; 4.9821997e+01 ; 9.9525230e+01 
3.500e+01 ; 1.600e+00 ; 7.000e-01 ; 4.9822997e+01 ; 9.9525032e+01 
3.500e+01 ; 1.600e+00 ; 7.000e-01 ; 4.9824997e+01 ; 9.9524620e+01 
3.500e+01 ; 1.600e+00 ; 7.000e-01 ; 4.9828997e+01 ; 9.9523811e+01 
3.500e+01 ; 1.600e+00 ; 7.000e-01 ; 4.9836997e+01 ; 9.9522194e+01 
3.500e+01 ; 1.600e+00 ; 7.000e-01 ; 4.9852997e+01 ; 9.9519005e+01 
3.500e+01 ; 1.600e+00 ; 7.000e-01 ; 4.9884997e+01 ; 9.9512772e+01 
3.500e+01 ; 1.600e+00 ; 7.000e-01 ; 4.9948997e+01 ; 9.9500969e+01 
3.500e+01 ; 1.600e+00 ; 7.000e-01 ; 5.0076997e+01 ; 9.9480301e+01 
3.500e+01 ; 1.600e+00 ; 7.000e-01 ; 5.0332997e+01 ; 9.9452660e+01 
3.500e+01 ; 1.600e+00 ; 7.000e-01 ; 5.0844997e+01 ; 9.9455299e+01 
3.500e+01 ; 1.600e+00 ; 7.000e-01 ; 5.0879997e+01 ; 9.9455750e+01 
3.500e+01 ; 1.600e+00 ; 7.000e-01 ; 5.0879997e+01 ; 9.9455750e+01 
3.500e+01 ; 1.600e+00 ; 7.000e-01 ; 5.0880997e+01 ; 9.9455757e+01 
3.500e+01 ; 1.600e+00 ; 7.000e-01 ; 5.0881997e+01 ; 9.9455772e+01 
3.500e+01 ; 1.600e+00 ; 7.000e-01 ; 5.0882997e+01 ; 9.9455788e+01 
3.500e+01 ; 1.600e+00 ; 7.000e-01 ; 5.0884997e+01 ; 9.9455818e+01 
3.500e+01 ; 1.600e+00 ; 7.000e-01 ; 5.0888997e+01 ; 9.9455872e+01 
3.500e+01 ; 1.600e+00 ; 7.000e-01 ; 5.0896997e+01 ; 9.9456009e+01 
3.500e+01 ; 1.600e+00 ; 7.000e-01 ; 5.0912997e+01 ; 9.9456329e+01 
3.500e+01 ; 1.600e+00 ; 7.000e-01 ; 5.0944997e+01 ; 9.9457214e+01 
3.500e+01 ; 1.600e+00 ; 7.000e-01 ; 5.1008997e+01 ; 9.9459938e+01 
3.500e+01 ; 1.600e+00 ; 7.000e-01 ; 5.1136997e+01 ; 9.9469406e+01 
3.500e+01 ; 1.600e+00 ; 7.000e-01 ; 5.1392997e+01 ; 9.9504974e+01 
3.500e+01 ; 1.600e+00 ; 7.000e-01 ; 5.1904997e+01 ; 9.9636993e+01 
3.500e+01 ; 1.600e+00 ; 7.000e-01 ; 5.1939997e+01 ; 9.9646301e+01 
3.500e+01 ; 1.600e+00 ; 7.000e-01 ; 5.1939997e+01 ; 9.9646301e+01 
3.500e+01 ; 1.600e+00 ; 7.000e-01 ; 5.1940997e+01 ; 9.9646568e+01 
3.500e+01 ; 1.600e+00 ; 7.000e-01 ; 5.1941997e+01 ; 9.9646835e+01 
3.500e+01 ; 1.600e+00 ; 7.000e-01 ; 5.1942997e+01 ; 9.9647102e+01 
3.500e+01 ; 1.600e+00 ; 7.000e-01 ; 5.1944997e+01 ; 9.9647636e+01 
3.500e+01 ; 1.600e+00 ; 7.000e-01 ; 5.1948997e+01 ; 9.9648705e+01 
3.500e+01 ; 1.600e+00 ; 7.000e-01 ; 5.1956997e+01 ; 9.9650864e+01 
3.500e+01 ; 1.600e+00 ; 7.000e-01 ; 5.1972997e+01 ; 9.9655243e+01 
3.500e+01 ; 1.600e+00 ; 7.000e-01 ; 5.2004997e+01 ; 9.9664230e+01 
3.500e+01 ; 1.600e+00 ; 7.000e-01 ; 5.2068997e+01 ; 9.9683144e+01 
3.500e+01 ; 1.600e+00 ; 7.000e-01 ; 5.2196997e+01 ; 9.9724648e+01 
3.500e+01 ; 1.600e+00 ; 7.000e-01 ; 5.2452997e+01 ; 9.9821205e+01 
3.500e+01 ; 1.600e+00 ; 7.000e-01 ; 5.2964997e+01 ; 1.0005471e+02 
3.500e+01 ; 1.600e+00 ; 7.000e-01 ; 5.2999997e+01 ; 1.0007085e+02 
3.500e+01 ; 1.600e+00 ; 7.000e-01 ; 5.2999997e+01 ; 1.0007085e+02 
3.500e+01 ; 1.600e+00 ; 7.000e-01 ; 5.3000997e+01 ; 1.0007132e+02 
3.500e+01 ; 1.600e+00 ; 7.000e-01 ; 5.3001997e+01 ; 1.0007178e+02 
3.500e+01 ; 1.600e+00 ; 7.000e-01 ; 5.3002997e+01 ; 1.0007224e+02 
3.500e+01 ; 1.600e+00 ; 7.000e-01 ; 5.3004997e+01 ; 1.0007317e+02 
3.500e+01 ; 1.600e+00 ; 7.000e-01 ; 5.3008997e+01 ; 1.0007501e+02 
3.500e+01 ; 1.600e+00 ; 7.000e-01 ; 5.3016997e+01 ; 1.0007873e+02 
3.500e+01 ; 1.600e+00 ; 7.000e-01 ; 5.3032997e+01 ; 1.0008619e+02 
3.500e+01 ; 1.600e+00 ; 7.000e-01 ; 5.3064997e+01 ; 1.0010125e+02 
3.500e+01 ; 1.600e+00 ; 7.000e-01 ; 5.3128997e+01 ; 1.0013195e+02 
3.500e+01 ; 1.600e+00 ; 7.000e-01 ; 5.3256997e+01 ; 1.0019535e+02 
3.500e+01 ; 1.600e+00 ; 7.000e-01 ; 5.3512997e+01 ; 1.0032817e+02 
3.500e+01 ; 1.600e+00 ; 7.000e-01 ; 5.4024997e+01 ; 1.0060289e+02 
3.500e+01 ; 1.600e+00 ; 7.000e-01 ; 5.4059997e+01 ; 1.0062170e+02 
3.500e+01 ; 1.600e+00 ; 7.000e-01 ; 5.4059997e+01 ; 1.0062170e+02 
3.500e+01 ; 1.600e+00 ; 7.000e-01 ; 5.4060997e+01 ; 1.0062225e+02 
3.500e+01 ; 1.600e+00 ; 7.000e-01 ; 5.4061997e+01 ; 1.0062278e+02 
3.500e+01 ; 1.600e+00 ; 7.000e-01 ; 5.4062997e+01 ; 1.0062332e+02 
3.500e+01 ; 1.600e+00 ; 7.000e-01 ; 5.4064997e+01 ; 1.0062440e+02 
3.500e+01 ; 1.600e+00 ; 7.000e-01 ; 5.4068997e+01 ; 1.0062655e+02 
3.500e+01 ; 1.600e+00 ; 7.000e-01 ; 5.4076997e+01 ; 1.0063085e+02 
3.500e+01 ; 1.600e+00 ; 7.000e-01 ; 5.4092997e+01 ; 1.0063947e+02 
3.500e+01 ; 1.600e+00 ; 7.000e-01 ; 5.4124997e+01 ; 1.0065673e+02 
3.500e+01 ; 1.600e+00 ; 7.000e-01 ; 5.4188997e+01 ; 1.0069131e+02 
3.500e+01 ; 1.600e+00 ; 7.000e-01 ; 5.4316997e+01 ; 1.0076052e+02 
3.500e+01 ; 1.600e+00 ; 7.000e-01 ; 5.4572997e+01 ; 1.0089749e+02 
3.500e+01 ; 1.600e+00 ; 7.000e-01 ; 5.5084997e+01 ; 1.0115575e+02 
3.500e+01 ; 1.600e+00 ; 7.000e-01 ; 5.5119997e+01 ; 1.0117333e+02 
3.500e+01 ; 1.600e+00 ; 7.000e-01 ; 5.5119997e+01 ; 1.0117333e+02 
3.500e+01 ; 1.600e+00 ; 7.000e-01 ; 5.5120997e+01 ; 1.0117384e+02 
3.500e+01 ; 1.600e+00 ; 7.000e-01 ; 5.5121997e+01 ; 1.0117434e+02 
3.500e+01 ; 1.600e+00 ; 7.000e-01 ; 5.5122997e+01 ; 1.0117484e+02 
3.500e+01 ; 1.600e+00 ; 7.000e-01 ; 5.5124997e+01 ; 1.0117584e+02 
3.500e+01 ; 1.600e+00 ; 7.000e-01 ; 5.5128997e+01 ; 1.0117785e+02 
3.500e+01 ; 1.600e+00 ; 7.000e-01 ; 5.5136997e+01 ; 1.0118186e+02 
3.500e+01 ; 1.600e+00 ; 7.000e-01 ; 5.5152997e+01 ; 1.0118987e+02 
3.500e+01 ; 1.600e+00 ; 7.000e-01 ; 5.5184997e+01 ; 1.0120580e+02 
3.500e+01 ; 1.600e+00 ; 7.000e-01 ; 5.5248997e+01 ; 1.0123738e+02 
3.500e+01 ; 1.600e+00 ; 7.000e-01 ; 5.5376997e+01 ; 1.0129926e+02 
3.500e+01 ; 1.600e+00 ; 7.000e-01 ; 5.5632997e+01 ; 1.0141705e+02 
3.500e+01 ; 1.600e+00 ; 7.000e-01 ; 5.6144997e+01 ; 1.0162506e+02 
3.500e+01 ; 1.600e+00 ; 7.000e-01 ; 5.6179997e+01 ; 1.0163914e+02 
3.500e+01 ; 1.600e+00 ; 7.000e-01 ; 5.6179997e+01 ; 1.0163914e+02 
3.500e+01 ; 1.600e+00 ; 7.000e-01 ; 5.6180997e+01 ; 1.0163955e+02 
3.500e+01 ; 1.600e+00 ; 7.000e-01 ; 5.6181997e+01 ; 1.0163995e+02 
3.500e+01 ; 1.600e+00 ; 7.000e-01 ; 5.6182997e+01 ; 1.0164036e+02 
3.500e+01 ; 1.600e+00 ; 7.000e-01 ; 5.6184997e+01 ; 1.0164116e+02 
3.500e+01 ; 1.600e+00 ; 7.000e-01 ; 5.6188997e+01 ; 1.0164276e+02 
3.500e+01 ; 1.600e+00 ; 7.000e-01 ; 5.6196997e+01 ; 1.0164597e+02 
3.500e+01 ; 1.600e+00 ; 7.000e-01 ; 5.6212997e+01 ; 1.0165235e+02 
3.500e+01 ; 1.600e+00 ; 7.000e-01 ; 5.6244997e+01 ; 1.0166502e+02 
3.500e+01 ; 1.600e+00 ; 7.000e-01 ; 5.6308997e+01 ; 1.0168988e+02 
3.500e+01 ; 1.600e+00 ; 7.000e-01 ; 5.6436997e+01 ; 1.0173779e+02 
3.500e+01 ; 1.600e+00 ; 7.000e-01 ; 5.6692997e+01 ; 1.0182613e+02 
3.500e+01 ; 1.600e+00 ; 7.000e-01 ; 5.7204997e+01 ; 1.0197289e+02 
3.500e+01 ; 1.600e+00 ; 7.000e-01 ; 5.7239997e+01 ; 1.0198278e+02 
3.500e+01 ; 1.600e+00 ; 7.000e-01 ; 5.7239997e+01 ; 1.0198278e+02 
3.500e+01 ; 1.600e+00 ; 7.000e-01 ; 5.7240997e+01 ; 1.0198306e+02 
3.500e+01 ; 1.600e+00 ; 7.000e-01 ; 5.7241997e+01 ; 1.0198335e+02 
3.500e+01 ; 1.600e+00 ; 7.000e-01 ; 5.7242997e+01 ; 1.0198363e+02 
3.500e+01 ; 1.600e+00 ; 7.000e-01 ; 5.7244997e+01 ; 1.0198419e+02 
3.500e+01 ; 1.600e+00 ; 7.000e-01 ; 5.7248997e+01 ; 1.0198532e+02 
3.500e+01 ; 1.600e+00 ; 7.000e-01 ; 5.7256997e+01 ; 1.0198756e+02 
3.500e+01 ; 1.600e+00 ; 7.000e-01 ; 5.7272997e+01 ; 1.0199203e+02 
3.500e+01 ; 1.600e+00 ; 7.000e-01 ; 5.7304997e+01 ; 1.0200084e+02 
3.500e+01 ; 1.600e+00 ; 7.000e-01 ; 5.7368997e+01 ; 1.0201799e+02 
3.500e+01 ; 1.600e+00 ; 7.000e-01 ; 5.7496997e+01 ; 1.0205045e+02 
3.500e+01 ; 1.600e+00 ; 7.000e-01 ; 5.7752997e+01 ; 1.0210812e+02 
3.500e+01 ; 1.600e+00 ; 7.000e-01 ; 5.8264997e+01 ; 1.0219643e+02 
3.500e+01 ; 1.600e+00 ; 7.000e-01 ; 5.8299997e+01 ; 1.0220234e+02 
3.500e+01 ; 1.600e+00 ; 7.000e-01 ; 5.8299997e+01 ; 1.0220234e+02 
3.500e+01 ; 1.600e+00 ; 7.000e-01 ; 5.8300997e+01 ; 1.0220251e+02 
3.500e+01 ; 1.600e+00 ; 7.000e-01 ; 5.8301997e+01 ; 1.0220267e+02 
3.500e+01 ; 1.600e+00 ; 7.000e-01 ; 5.8302997e+01 ; 1.0220284e+02 
3.500e+01 ; 1.600e+00 ; 7.000e-01 ; 5.8304997e+01 ; 1.0220318e+02 
3.500e+01 ; 1.600e+00 ; 7.000e-01 ; 5.8308997e+01 ; 1.0220386e+02 
3.500e+01 ; 1.600e+00 ; 7.000e-01 ; 5.8316997e+01 ; 1.0220519e+02 
3.500e+01 ; 1.600e+00 ; 7.000e-01 ; 5.8332997e+01 ; 1.0220784e+02 
3.500e+01 ; 1.600e+00 ; 7.000e-01 ; 5.8364997e+01 ; 1.0221303e+02 
3.500e+01 ; 1.600e+00 ; 7.000e-01 ; 5.8428997e+01 ; 1.0222301e+02 
3.500e+01 ; 1.600e+00 ; 7.000e-01 ; 5.8556997e+01 ; 1.0224133e+02 
3.500e+01 ; 1.600e+00 ; 7.000e-01 ; 5.8812997e+01 ; 1.0227184e+02 
3.500e+01 ; 1.600e+00 ; 7.000e-01 ; 5.9324997e+01 ; 1.0231068e+02 
3.500e+01 ; 1.600e+00 ; 7.000e-01 ; 5.9359997e+01 ; 1.0231324e+02 
3.500e+01 ; 1.600e+00 ; 7.000e-01 ; 5.9359997e+01 ; 1.0231324e+02 
3.500e+01 ; 1.600e+00 ; 7.000e-01 ; 5.9360997e+01 ; 1.0231331e+02 
3.500e+01 ; 1.600e+00 ; 7.000e-01 ; 5.9361997e+01 ; 1.0231339e+02 
3.500e+01 ; 1.600e+00 ; 7.000e-01 ; 5.9362997e+01 ; 1.0231345e+02 
3.500e+01 ; 1.600e+00 ; 7.000e-01 ; 5.9364997e+01 ; 1.0231360e+02 
3.500e+01 ; 1.600e+00 ; 7.000e-01 ; 5.9368997e+01 ; 1.0231389e+02 
3.500e+01 ; 1.600e+00 ; 7.000e-01 ; 5.9376997e+01 ; 1.0231446e+02 
3.500e+01 ; 1.600e+00 ; 7.000e-01 ; 5.9392997e+01 ; 1.0231558e+02 
3.500e+01 ; 1.600e+00 ; 7.000e-01 ; 5.9424997e+01 ; 1.0231775e+02 
3.500e+01 ; 1.600e+00 ; 7.000e-01 ; 5.9488997e+01 ; 1.0232174e+02 
3.500e+01 ; 1.600e+00 ; 7.000e-01 ; 5.9616997e+01 ; 1.0232842e+02 
3.500e+01 ; 1.600e+00 ; 7.000e-01 ; 5.9872997e+01 ; 1.0233694e+02 
3.500e+01 ; 1.600e+00 ; 7.000e-01 ; 6.0384997e+01 ; 1.0233698e+02 
3.500e+01 ; 1.600e+00 ; 7.000e-01 ; 6.0419997e+01 ; 1.0233690e+02 
3.500e+01 ; 1.600e+00 ; 7.000e-01 ; 6.0419997e+01 ; 1.0233690e+02 
3.500e+01 ; 1.600e+00 ; 7.000e-01 ; 6.0420997e+01 ; 1.0233690e+02 
3.500e+01 ; 1.600e+00 ; 7.000e-01 ; 6.0421997e+01 ; 1.0233690e+02 
3.500e+01 ; 1.600e+00 ; 7.000e-01 ; 6.0422997e+01 ; 1.0233689e+02 
3.500e+01 ; 1.600e+00 ; 7.000e-01 ; 6.0424997e+01 ; 1.0233689e+02 
3.500e+01 ; 1.600e+00 ; 7.000e-01 ; 6.0428997e+01 ; 1.0233688e+02 
3.500e+01 ; 1.600e+00 ; 7.000e-01 ; 6.0436997e+01 ; 1.0233685e+02 
3.500e+01 ; 1.600e+00 ; 7.000e-01 ; 6.0452997e+01 ; 1.0233678e+02 
3.500e+01 ; 1.600e+00 ; 7.000e-01 ; 6.0484997e+01 ; 1.0233658e+02 
3.500e+01 ; 1.600e+00 ; 7.000e-01 ; 6.0548997e+01 ; 1.0233592e+02 
3.500e+01 ; 1.600e+00 ; 7.000e-01 ; 6.0676997e+01 ; 1.0233364e+02 
3.500e+01 ; 1.600e+00 ; 7.000e-01 ; 6.0932997e+01 ; 1.0232545e+02 
3.500e+01 ; 1.600e+00 ; 7.000e-01 ; 6.1444997e+01 ; 1.0229671e+02 
3.500e+01 ; 1.600e+00 ; 7.000e-01 ; 6.1479997e+01 ; 1.0229469e+02 
3.500e+01 ; 1.600e+00 ; 7.000e-01 ; 6.1479997e+01 ; 1.0229469e+02 
3.500e+01 ; 1.600e+00 ; 7.000e-01 ; 6.1480997e+01 ; 1.0229462e+02 
3.500e+01 ; 1.600e+00 ; 7.000e-01 ; 6.1481997e+01 ; 1.0229457e+02 
3.500e+01 ; 1.600e+00 ; 7.000e-01 ; 6.1482997e+01 ; 1.0229451e+02 
3.500e+01 ; 1.600e+00 ; 7.000e-01 ; 6.1484997e+01 ; 1.0229440e+02 
3.500e+01 ; 1.600e+00 ; 7.000e-01 ; 6.1488997e+01 ; 1.0229416e+02 
3.500e+01 ; 1.600e+00 ; 7.000e-01 ; 6.1496997e+01 ; 1.0229369e+02 
3.500e+01 ; 1.600e+00 ; 7.000e-01 ; 6.1512997e+01 ; 1.0229274e+02 
3.500e+01 ; 1.600e+00 ; 7.000e-01 ; 6.1544997e+01 ; 1.0229080e+02 
3.500e+01 ; 1.600e+00 ; 7.000e-01 ; 6.1608997e+01 ; 1.0228673e+02 
3.500e+01 ; 1.600e+00 ; 7.000e-01 ; 6.1736997e+01 ; 1.0227789e+02 
3.500e+01 ; 1.600e+00 ; 7.000e-01 ; 6.1992997e+01 ; 1.0225764e+02 
3.500e+01 ; 1.600e+00 ; 7.000e-01 ; 6.2504997e+01 ; 1.0220860e+02 
3.500e+01 ; 1.600e+00 ; 7.000e-01 ; 6.2539997e+01 ; 1.0220522e+02 
3.500e+01 ; 1.600e+00 ; 7.000e-01 ; 6.2539997e+01 ; 1.0220522e+02 
3.500e+01 ; 1.600e+00 ; 7.000e-01 ; 6.2540997e+01 ; 1.0220512e+02 
3.500e+01 ; 1.600e+00 ; 7.000e-01 ; 6.2541997e+01 ; 1.0220502e+02 
3.500e+01 ; 1.600e+00 ; 7.000e-01 ; 6.2542997e+01 ; 1.0220493e+02 
3.500e+01 ; 1.600e+00 ; 7.000e-01 ; 6.2544997e+01 ; 1.0220473e+02 
3.500e+01 ; 1.600e+00 ; 7.000e-01 ; 6.2548997e+01 ; 1.0220434e+02 
3.500e+01 ; 1.600e+00 ; 7.000e-01 ; 6.2556997e+01 ; 1.0220356e+02 
3.500e+01 ; 1.600e+00 ; 7.000e-01 ; 6.2572997e+01 ; 1.0220200e+02 
3.500e+01 ; 1.600e+00 ; 7.000e-01 ; 6.2604997e+01 ; 1.0219883e+02 
3.500e+01 ; 1.600e+00 ; 7.000e-01 ; 6.2668997e+01 ; 1.0219237e+02 
3.500e+01 ; 1.600e+00 ; 7.000e-01 ; 6.2796997e+01 ; 1.0217898e+02 
3.500e+01 ; 1.600e+00 ; 7.000e-01 ; 6.3052997e+01 ; 1.0215047e+02 
3.500e+01 ; 1.600e+00 ; 7.000e-01 ; 6.3564997e+01 ; 1.0208791e+02 
3.500e+01 ; 1.600e+00 ; 7.000e-01 ; 6.3599997e+01 ; 1.0208360e+02 
3.500e+01 ; 1.600e+00 ; 7.000e-01 ; 6.3599997e+01 ; 1.0208360e+02 
3.500e+01 ; 1.600e+00 ; 7.000e-01 ; 6.3600997e+01 ; 1.0208347e+02 
3.500e+01 ; 1.600e+00 ; 7.000e-01 ; 6.3601997e+01 ; 1.0208335e+02 
3.500e+01 ; 1.600e+00 ; 7.000e-01 ; 6.3602997e+01 ; 1.0208323e+02 
3.500e+01 ; 1.600e+00 ; 7.000e-01 ; 6.3604997e+01 ; 1.0208298e+02 
3.500e+01 ; 1.600e+00 ; 7.000e-01 ; 6.3608997e+01 ; 1.0208249e+02 
3.500e+01 ; 1.600e+00 ; 7.000e-01 ; 6.3616997e+01 ; 1.0208150e+02 
3.500e+01 ; 1.600e+00 ; 7.000e-01 ; 6.3632997e+01 ; 1.0207953e+02 
3.500e+01 ; 1.600e+00 ; 7.000e-01 ; 6.3664997e+01 ; 1.0207555e+02 
3.500e+01 ; 1.600e+00 ; 7.000e-01 ; 6.3728997e+01 ; 1.0206752e+02 
3.500e+01 ; 1.600e+00 ; 7.000e-01 ; 6.3856997e+01 ; 1.0205115e+02 
3.500e+01 ; 1.600e+00 ; 7.000e-01 ; 6.4112997e+01 ; 1.0201733e+02 
3.500e+01 ; 1.600e+00 ; 7.000e-01 ; 6.4624997e+01 ; 1.0194641e+02 
3.500e+01 ; 1.600e+00 ; 7.000e-01 ; 6.4659997e+01 ; 1.0194154e+02 
3.500e+01 ; 1.600e+00 ; 7.000e-01 ; 6.4659997e+01 ; 1.0194154e+02 
3.500e+01 ; 1.600e+00 ; 7.000e-01 ; 6.4660997e+01 ; 1.0194141e+02 
3.500e+01 ; 1.600e+00 ; 7.000e-01 ; 6.4661997e+01 ; 1.0194127e+02 
3.500e+01 ; 1.600e+00 ; 7.000e-01 ; 6.4662997e+01 ; 1.0194112e+02 
3.500e+01 ; 1.600e+00 ; 7.000e-01 ; 6.4664997e+01 ; 1.0194085e+02 
3.500e+01 ; 1.600e+00 ; 7.000e-01 ; 6.4668997e+01 ; 1.0194029e+02 
3.500e+01 ; 1.600e+00 ; 7.000e-01 ; 6.4676997e+01 ; 1.0193918e+02 
3.500e+01 ; 1.600e+00 ; 7.000e-01 ; 6.4692997e+01 ; 1.0193695e+02 
3.500e+01 ; 1.600e+00 ; 7.000e-01 ; 6.4724997e+01 ; 1.0193248e+02 
3.500e+01 ; 1.600e+00 ; 7.000e-01 ; 6.4788997e+01 ; 1.0192349e+02 
3.500e+01 ; 1.600e+00 ; 7.000e-01 ; 6.4916997e+01 ; 1.0190536e+02 
3.500e+01 ; 1.600e+00 ; 7.000e-01 ; 6.5172997e+01 ; 1.0186883e+02 
3.500e+01 ; 1.600e+00 ; 7.000e-01 ; 6.5684996e+01 ; 1.0179818e+02 
3.500e+01 ; 1.600e+00 ; 7.000e-01 ; 6.5719996e+01 ; 1.0179336e+02 
3.500e+01 ; 1.600e+00 ; 7.000e-01 ; 6.5719996e+01 ; 1.0179336e+02 
3.500e+01 ; 1.600e+00 ; 7.000e-01 ; 6.5720996e+01 ; 1.0179322e+02 
3.500e+01 ; 1.600e+00 ; 7.000e-01 ; 6.5721996e+01 ; 1.0179308e+02 
3.500e+01 ; 1.600e+00 ; 7.000e-01 ; 6.5722996e+01 ; 1.0179295e+02 
3.500e+01 ; 1.600e+00 ; 7.000e-01 ; 6.5724996e+01 ; 1.0179267e+02 
3.500e+01 ; 1.600e+00 ; 7.000e-01 ; 6.5728996e+01 ; 1.0179212e+02 
3.500e+01 ; 1.600e+00 ; 7.000e-01 ; 6.5736996e+01 ; 1.0179102e+02 
3.500e+01 ; 1.600e+00 ; 7.000e-01 ; 6.5752996e+01 ; 1.0178883e+02 
3.500e+01 ; 1.600e+00 ; 7.000e-01 ; 6.5784996e+01 ; 1.0178445e+02 
3.500e+01 ; 1.600e+00 ; 7.000e-01 ; 6.5848996e+01 ; 1.0177574e+02 
3.500e+01 ; 1.600e+00 ; 7.000e-01 ; 6.5976996e+01 ; 1.0175862e+02 
3.500e+01 ; 1.600e+00 ; 7.000e-01 ; 6.6232996e+01 ; 1.0172613e+02 
3.500e+01 ; 1.600e+00 ; 7.000e-01 ; 6.6744996e+01 ; 1.0167202e+02 
3.500e+01 ; 1.600e+00 ; 7.000e-01 ; 6.6779996e+01 ; 1.0166837e+02 
3.500e+01 ; 1.600e+00 ; 7.000e-01 ; 6.6779996e+01 ; 1.0166837e+02 
3.500e+01 ; 1.600e+00 ; 7.000e-01 ; 6.6780996e+01 ; 1.0166827e+02 
3.500e+01 ; 1.600e+00 ; 7.000e-01 ; 6.6781996e+01 ; 1.0166817e+02 
3.500e+01 ; 1.600e+00 ; 7.000e-01 ; 6.6782996e+01 ; 1.0166806e+02 
3.500e+01 ; 1.600e+00 ; 7.000e-01 ; 6.6784996e+01 ; 1.0166785e+02 
3.500e+01 ; 1.600e+00 ; 7.000e-01 ; 6.6788996e+01 ; 1.0166744e+02 
3.500e+01 ; 1.600e+00 ; 7.000e-01 ; 6.6796996e+01 ; 1.0166661e+02 
3.500e+01 ; 1.600e+00 ; 7.000e-01 ; 6.6812996e+01 ; 1.0166497e+02 
3.500e+01 ; 1.600e+00 ; 7.000e-01 ; 6.6844996e+01 ; 1.0166173e+02 
3.500e+01 ; 1.600e+00 ; 7.000e-01 ; 6.6908996e+01 ; 1.0165543e+02 
3.500e+01 ; 1.600e+00 ; 7.000e-01 ; 6.7036996e+01 ; 1.0164366e+02 
3.500e+01 ; 1.600e+00 ; 7.000e-01 ; 6.7292996e+01 ; 1.0162389e+02 
3.500e+01 ; 1.600e+00 ; 7.000e-01 ; 6.7804996e+01 ; 1.0160197e+02 
3.500e+01 ; 1.600e+00 ; 7.000e-01 ; 6.7839996e+01 ; 1.0160056e+02 
3.500e+01 ; 1.600e+00 ; 7.000e-01 ; 6.7839996e+01 ; 1.0160056e+02 
3.500e+01 ; 1.600e+00 ; 7.000e-01 ; 6.7840996e+01 ; 1.0160052e+02 
3.500e+01 ; 1.600e+00 ; 7.000e-01 ; 6.7841996e+01 ; 1.0160048e+02 
3.500e+01 ; 1.600e+00 ; 7.000e-01 ; 6.7842996e+01 ; 1.0160043e+02 
3.500e+01 ; 1.600e+00 ; 7.000e-01 ; 6.7844996e+01 ; 1.0160036e+02 
3.500e+01 ; 1.600e+00 ; 7.000e-01 ; 6.7848996e+01 ; 1.0160020e+02 
3.500e+01 ; 1.600e+00 ; 7.000e-01 ; 6.7856996e+01 ; 1.0159988e+02 
3.500e+01 ; 1.600e+00 ; 7.000e-01 ; 6.7872996e+01 ; 1.0159927e+02 
3.500e+01 ; 1.600e+00 ; 7.000e-01 ; 6.7904996e+01 ; 1.0159812e+02 
3.500e+01 ; 1.600e+00 ; 7.000e-01 ; 6.7968996e+01 ; 1.0159611e+02 
3.500e+01 ; 1.600e+00 ; 7.000e-01 ; 6.8096996e+01 ; 1.0159326e+02 
3.500e+01 ; 1.600e+00 ; 7.000e-01 ; 6.8352996e+01 ; 1.0159251e+02 
3.500e+01 ; 1.600e+00 ; 7.000e-01 ; 6.8864996e+01 ; 1.0161088e+02 
3.500e+01 ; 1.600e+00 ; 7.000e-01 ; 6.8899996e+01 ; 1.0161223e+02 
3.500e+01 ; 1.600e+00 ; 7.000e-01 ; 6.8899996e+01 ; 1.0161223e+02 
3.500e+01 ; 1.600e+00 ; 7.000e-01 ; 6.8900996e+01 ; 1.0161227e+02 
3.500e+01 ; 1.600e+00 ; 7.000e-01 ; 6.8901996e+01 ; 1.0161230e+02 
3.500e+01 ; 1.600e+00 ; 7.000e-01 ; 6.8902996e+01 ; 1.0161234e+02 
3.500e+01 ; 1.600e+00 ; 7.000e-01 ; 6.8904996e+01 ; 1.0161243e+02 
3.500e+01 ; 1.600e+00 ; 7.000e-01 ; 6.8908996e+01 ; 1.0161258e+02 
3.500e+01 ; 1.600e+00 ; 7.000e-01 ; 6.8916996e+01 ; 1.0161290e+02 
3.500e+01 ; 1.600e+00 ; 7.000e-01 ; 6.8932996e+01 ; 1.0161356e+02 
3.500e+01 ; 1.600e+00 ; 7.000e-01 ; 6.8964996e+01 ; 1.0161494e+02 
3.500e+01 ; 1.600e+00 ; 7.000e-01 ; 6.9028996e+01 ; 1.0161804e+02 
3.500e+01 ; 1.600e+00 ; 7.000e-01 ; 6.9156996e+01 ; 1.0162547e+02 
3.500e+01 ; 1.600e+00 ; 7.000e-01 ; 6.9412996e+01 ; 1.0164510e+02 
3.500e+01 ; 1.600e+00 ; 7.000e-01 ; 6.9924996e+01 ; 1.0170148e+02 
3.500e+01 ; 1.600e+00 ; 7.000e-01 ; 6.9959996e+01 ; 1.0170541e+02 
3.500e+01 ; 1.600e+00 ; 7.000e-01 ; 6.9959996e+01 ; 1.0170541e+02 
3.500e+01 ; 1.600e+00 ; 7.000e-01 ; 6.9960996e+01 ; 1.0170552e+02 
3.500e+01 ; 1.600e+00 ; 7.000e-01 ; 6.9961996e+01 ; 1.0170564e+02 
3.500e+01 ; 1.600e+00 ; 7.000e-01 ; 6.9962996e+01 ; 1.0170575e+02 
3.500e+01 ; 1.600e+00 ; 7.000e-01 ; 6.9964996e+01 ; 1.0170597e+02 
3.500e+01 ; 1.600e+00 ; 7.000e-01 ; 6.9968996e+01 ; 1.0170642e+02 
3.500e+01 ; 1.600e+00 ; 7.000e-01 ; 6.9976996e+01 ; 1.0170733e+02 
3.500e+01 ; 1.600e+00 ; 7.000e-01 ; 6.9992996e+01 ; 1.0170916e+02 
3.500e+01 ; 1.600e+00 ; 7.000e-01 ; 7.0024996e+01 ; 1.0171289e+02 
3.500e+01 ; 1.600e+00 ; 7.000e-01 ; 7.0088996e+01 ; 1.0172060e+02 
3.500e+01 ; 1.600e+00 ; 7.000e-01 ; 7.0216996e+01 ; 1.0173701e+02 
3.500e+01 ; 1.600e+00 ; 7.000e-01 ; 7.0472996e+01 ; 1.0177337e+02 
3.500e+01 ; 1.600e+00 ; 7.000e-01 ; 7.0984996e+01 ; 1.0185700e+02 
3.500e+01 ; 1.600e+00 ; 7.000e-01 ; 7.1019996e+01 ; 1.0186277e+02 
3.500e+01 ; 1.600e+00 ; 7.000e-01 ; 7.1019996e+01 ; 1.0186277e+02 
3.500e+01 ; 1.600e+00 ; 7.000e-01 ; 7.1020996e+01 ; 1.0186294e+02 
3.500e+01 ; 1.600e+00 ; 7.000e-01 ; 7.1021996e+01 ; 1.0186311e+02 
3.500e+01 ; 1.600e+00 ; 7.000e-01 ; 7.1022996e+01 ; 1.0186327e+02 
3.500e+01 ; 1.600e+00 ; 7.000e-01 ; 7.1024996e+01 ; 1.0186359e+02 
3.500e+01 ; 1.600e+00 ; 7.000e-01 ; 7.1028996e+01 ; 1.0186426e+02 
3.500e+01 ; 1.600e+00 ; 7.000e-01 ; 7.1036996e+01 ; 1.0186559e+02 
3.500e+01 ; 1.600e+00 ; 7.000e-01 ; 7.1052996e+01 ; 1.0186824e+02 
3.500e+01 ; 1.600e+00 ; 7.000e-01 ; 7.1084996e+01 ; 1.0187360e+02 
3.500e+01 ; 1.600e+00 ; 7.000e-01 ; 7.1148996e+01 ; 1.0188446e+02 
3.500e+01 ; 1.600e+00 ; 7.000e-01 ; 7.1276996e+01 ; 1.0190675e+02 
3.500e+01 ; 1.600e+00 ; 7.000e-01 ; 7.1532996e+01 ; 1.0195313e+02 
3.500e+01 ; 1.600e+00 ; 7.000e-01 ; 7.2044996e+01 ; 1.0204990e+02 
3.500e+01 ; 1.600e+00 ; 7.000e-01 ; 7.2079996e+01 ; 1.0205653e+02 
3.500e+01 ; 1.600e+00 ; 7.000e-01 ; 7.2079996e+01 ; 1.0205653e+02 
3.500e+01 ; 1.600e+00 ; 7.000e-01 ; 7.2080996e+01 ; 1.0205672e+02 
3.500e+01 ; 1.600e+00 ; 7.000e-01 ; 7.2081996e+01 ; 1.0205691e+02 
3.500e+01 ; 1.600e+00 ; 7.000e-01 ; 7.2082996e+01 ; 1.0205709e+02 
3.500e+01 ; 1.600e+00 ; 7.000e-01 ; 7.2084996e+01 ; 1.0205747e+02 
3.500e+01 ; 1.600e+00 ; 7.000e-01 ; 7.2088996e+01 ; 1.0205823e+02 
3.500e+01 ; 1.600e+00 ; 7.000e-01 ; 7.2096996e+01 ; 1.0205975e+02 
3.500e+01 ; 1.600e+00 ; 7.000e-01 ; 7.2112996e+01 ; 1.0206279e+02 
3.500e+01 ; 1.600e+00 ; 7.000e-01 ; 7.2144996e+01 ; 1.0206888e+02 
3.500e+01 ; 1.600e+00 ; 7.000e-01 ; 7.2208996e+01 ; 1.0208111e+02 
3.500e+01 ; 1.600e+00 ; 7.000e-01 ; 7.2336996e+01 ; 1.0210570e+02 
3.500e+01 ; 1.600e+00 ; 7.000e-01 ; 7.2592996e+01 ; 1.0215507e+02 
3.500e+01 ; 1.600e+00 ; 7.000e-01 ; 7.3104996e+01 ; 1.0225202e+02 
3.500e+01 ; 1.600e+00 ; 7.000e-01 ; 7.3139996e+01 ; 1.0225864e+02 
3.500e+01 ; 1.600e+00 ; 7.000e-01 ; 7.3139996e+01 ; 1.0225864e+02 
3.500e+01 ; 1.600e+00 ; 7.000e-01 ; 7.3140996e+01 ; 1.0225883e+02 
3.500e+01 ; 1.600e+00 ; 7.000e-01 ; 7.3141996e+01 ; 1.0225902e+02 
3.500e+01 ; 1.600e+00 ; 7.000e-01 ; 7.3142996e+01 ; 1.0225921e+02 
3.500e+01 ; 1.600e+00 ; 7.000e-01 ; 7.3144996e+01 ; 1.0225958e+02 
3.500e+01 ; 1.600e+00 ; 7.000e-01 ; 7.3148996e+01 ; 1.0226034e+02 
3.500e+01 ; 1.600e+00 ; 7.000e-01 ; 7.3156996e+01 ; 1.0226185e+02 
3.500e+01 ; 1.600e+00 ; 7.000e-01 ; 7.3172996e+01 ; 1.0226487e+02 
3.500e+01 ; 1.600e+00 ; 7.000e-01 ; 7.3204996e+01 ; 1.0227090e+02 
3.500e+01 ; 1.600e+00 ; 7.000e-01 ; 7.3268996e+01 ; 1.0228294e+02 
3.500e+01 ; 1.600e+00 ; 7.000e-01 ; 7.3396996e+01 ; 1.0230680e+02 
3.500e+01 ; 1.600e+00 ; 7.000e-01 ; 7.3652996e+01 ; 1.0235351e+02 
3.500e+01 ; 1.600e+00 ; 7.000e-01 ; 7.4164996e+01 ; 1.0244127e+02 
3.500e+01 ; 1.600e+00 ; 7.000e-01 ; 7.4199996e+01 ; 1.0244724e+02 
3.500e+01 ; 1.600e+00 ; 7.000e-01 ; 7.4199996e+01 ; 1.0244724e+02 
3.500e+01 ; 1.600e+00 ; 7.000e-01 ; 7.4200996e+01 ; 1.0244742e+02 
3.500e+01 ; 1.600e+00 ; 7.000e-01 ; 7.4201996e+01 ; 1.0244759e+02 
3.500e+01 ; 1.600e+00 ; 7.000e-01 ; 7.4202996e+01 ; 1.0244775e+02 
3.500e+01 ; 1.600e+00 ; 7.000e-01 ; 7.4204996e+01 ; 1.0244810e+02 
3.500e+01 ; 1.600e+00 ; 7.000e-01 ; 7.4208996e+01 ; 1.0244878e+02 
3.500e+01 ; 1.600e+00 ; 7.000e-01 ; 7.4216996e+01 ; 1.0245014e+02 
3.500e+01 ; 1.600e+00 ; 7.000e-01 ; 7.4232996e+01 ; 1.0245286e+02 
3.500e+01 ; 1.600e+00 ; 7.000e-01 ; 7.4264996e+01 ; 1.0245827e+02 
3.500e+01 ; 1.600e+00 ; 7.000e-01 ; 7.4328996e+01 ; 1.0246901e+02 
3.500e+01 ; 1.600e+00 ; 7.000e-01 ; 7.4456996e+01 ; 1.0249007e+02 
3.500e+01 ; 1.600e+00 ; 7.000e-01 ; 7.4712996e+01 ; 1.0253046e+02 
3.500e+01 ; 1.600e+00 ; 7.000e-01 ; 7.5224996e+01 ; 1.0260351e+02 
3.500e+01 ; 1.600e+00 ; 7.000e-01 ; 7.5259996e+01 ; 1.0260847e+02 
3.500e+01 ; 1.600e+00 ; 7.000e-01 ; 7.5259996e+01 ; 1.0260847e+02 
3.500e+01 ; 1.600e+00 ; 7.000e-01 ; 7.5260996e+01 ; 1.0260860e+02 
3.500e+01 ; 1.600e+00 ; 7.000e-01 ; 7.5261996e+01 ; 1.0260875e+02 
3.500e+01 ; 1.600e+00 ; 7.000e-01 ; 7.5262996e+01 ; 1.0260889e+02 
3.500e+01 ; 1.600e+00 ; 7.000e-01 ; 7.5264996e+01 ; 1.0260917e+02 
3.500e+01 ; 1.600e+00 ; 7.000e-01 ; 7.5268996e+01 ; 1.0260974e+02 
3.500e+01 ; 1.600e+00 ; 7.000e-01 ; 7.5276996e+01 ; 1.0261087e+02 
3.500e+01 ; 1.600e+00 ; 7.000e-01 ; 7.5292996e+01 ; 1.0261312e+02 
3.500e+01 ; 1.600e+00 ; 7.000e-01 ; 7.5324996e+01 ; 1.0261758e+02 
3.500e+01 ; 1.600e+00 ; 7.000e-01 ; 7.5388996e+01 ; 1.0262640e+02 
3.500e+01 ; 1.600e+00 ; 7.000e-01 ; 7.5516996e+01 ; 1.0264354e+02 
3.500e+01 ; 1.600e+00 ; 7.000e-01 ; 7.5772996e+01 ; 1.0267573e+02 
3.500e+01 ; 1.600e+00 ; 7.000e-01 ; 7.6284996e+01 ; 1.0273171e+02 
3.500e+01 ; 1.600e+00 ; 7.000e-01 ; 7.6319996e+01 ; 1.0273550e+02 
3.500e+01 ; 1.600e+00 ; 7.000e-01 ; 7.6319996e+01 ; 1.0273550e+02 
3.500e+01 ; 1.600e+00 ; 7.000e-01 ; 7.6320996e+01 ; 1.0273561e+02 
3.500e+01 ; 1.600e+00 ; 7.000e-01 ; 7.6321996e+01 ; 1.0273572e+02 
3.500e+01 ; 1.600e+00 ; 7.000e-01 ; 7.6322996e+01 ; 1.0273582e+02 
3.500e+01 ; 1.600e+00 ; 7.000e-01 ; 7.6324996e+01 ; 1.0273604e+02 
3.500e+01 ; 1.600e+00 ; 7.000e-01 ; 7.6328996e+01 ; 1.0273647e+02 
3.500e+01 ; 1.600e+00 ; 7.000e-01 ; 7.6336996e+01 ; 1.0273734e+02 
3.500e+01 ; 1.600e+00 ; 7.000e-01 ; 7.6352996e+01 ; 1.0273905e+02 
3.500e+01 ; 1.600e+00 ; 7.000e-01 ; 7.6384996e+01 ; 1.0274245e+02 
3.500e+01 ; 1.600e+00 ; 7.000e-01 ; 7.6448996e+01 ; 1.0274911e+02 
3.500e+01 ; 1.600e+00 ; 7.000e-01 ; 7.6576996e+01 ; 1.0276189e+02 
3.500e+01 ; 1.600e+00 ; 7.000e-01 ; 7.6832996e+01 ; 1.0278538e+02 
3.500e+01 ; 1.600e+00 ; 7.000e-01 ; 7.7344996e+01 ; 1.0282414e+02 
3.500e+01 ; 1.600e+00 ; 7.000e-01 ; 7.7379996e+01 ; 1.0282675e+02 
3.500e+01 ; 1.600e+00 ; 7.000e-01 ; 7.7379996e+01 ; 1.0282675e+02 
3.500e+01 ; 1.600e+00 ; 7.000e-01 ; 7.7380996e+01 ; 1.0282683e+02 
3.500e+01 ; 1.600e+00 ; 7.000e-01 ; 7.7381996e+01 ; 1.0282690e+02 
3.500e+01 ; 1.600e+00 ; 7.000e-01 ; 7.7382996e+01 ; 1.0282698e+02 
3.500e+01 ; 1.600e+00 ; 7.000e-01 ; 7.7384996e+01 ; 1.0282713e+02 
3.500e+01 ; 1.600e+00 ; 7.000e-01 ; 7.7388996e+01 ; 1.0282742e+02 
3.500e+01 ; 1.600e+00 ; 7.000e-01 ; 7.7396996e+01 ; 1.0282802e+02 
3.500e+01 ; 1.600e+00 ; 7.000e-01 ; 7.7412996e+01 ; 1.0282919e+02 
3.500e+01 ; 1.600e+00 ; 7.000e-01 ; 7.7444996e+01 ; 1.0283152e+02 
3.500e+01 ; 1.600e+00 ; 7.000e-01 ; 7.7508996e+01 ; 1.0283604e+02 
3.500e+01 ; 1.600e+00 ; 7.000e-01 ; 7.7636996e+01 ; 1.0284457e+02 
3.500e+01 ; 1.600e+00 ; 7.000e-01 ; 7.7892996e+01 ; 1.0285968e+02 
3.500e+01 ; 1.600e+00 ; 7.000e-01 ; 7.8404996e+01 ; 1.0288244e+02 
3.500e+01 ; 1.600e+00 ; 7.000e-01 ; 7.8439996e+01 ; 1.0288396e+02 
3.500e+01 ; 1.600e+00 ; 7.000e-01 ; 7.8439996e+01 ; 1.0288396e+02 
3.500e+01 ; 1.600e+00 ; 7.000e-01 ; 7.8440996e+01 ; 1.0288400e+02 
3.500e+01 ; 1.600e+00 ; 7.000e-01 ; 7.8441996e+01 ; 1.0288405e+02 
3.500e+01 ; 1.600e+00 ; 7.000e-01 ; 7.8442996e+01 ; 1.0288409e+02 
3.500e+01 ; 1.600e+00 ; 7.000e-01 ; 7.8444996e+01 ; 1.0288418e+02 
3.500e+01 ; 1.600e+00 ; 7.000e-01 ; 7.8448996e+01 ; 1.0288435e+02 
3.500e+01 ; 1.600e+00 ; 7.000e-01 ; 7.8456996e+01 ; 1.0288469e+02 
3.500e+01 ; 1.600e+00 ; 7.000e-01 ; 7.8472996e+01 ; 1.0288538e+02 
3.500e+01 ; 1.600e+00 ; 7.000e-01 ; 7.8504996e+01 ; 1.0288670e+02 
3.500e+01 ; 1.600e+00 ; 7.000e-01 ; 7.8568996e+01 ; 1.0288925e+02 
3.500e+01 ; 1.600e+00 ; 7.000e-01 ; 7.8696996e+01 ; 1.0289391e+02 
3.500e+01 ; 1.600e+00 ; 7.000e-01 ; 7.8952996e+01 ; 1.0290147e+02 
3.500e+01 ; 1.600e+00 ; 7.000e-01 ; 7.9464996e+01 ; 1.0291012e+02 
3.500e+01 ; 1.600e+00 ; 7.000e-01 ; 7.9499996e+01 ; 1.0291068e+02 
3.500e+01 ; 1.600e+00 ; 7.000e-01 ; 7.9499996e+01 ; 1.0291068e+02 
3.500e+01 ; 1.600e+00 ; 7.000e-01 ; 7.9500996e+01 ; 1.0291070e+02 
3.500e+01 ; 1.600e+00 ; 7.000e-01 ; 7.9501996e+01 ; 1.0291071e+02 
3.500e+01 ; 1.600e+00 ; 7.000e-01 ; 7.9502996e+01 ; 1.0291073e+02 
3.500e+01 ; 1.600e+00 ; 7.000e-01 ; 7.9504996e+01 ; 1.0291076e+02 
3.500e+01 ; 1.600e+00 ; 7.000e-01 ; 7.9508996e+01 ; 1.0291083e+02 
3.500e+01 ; 1.600e+00 ; 7.000e-01 ; 7.9516996e+01 ; 1.0291095e+02 
3.500e+01 ; 1.600e+00 ; 7.000e-01 ; 7.9532996e+01 ; 1.0291119e+02 
3.500e+01 ; 1.600e+00 ; 7.000e-01 ; 7.9564996e+01 ; 1.0291166e+02 
3.500e+01 ; 1.600e+00 ; 7.000e-01 ; 7.9628996e+01 ; 1.0291248e+02 
3.500e+01 ; 1.600e+00 ; 7.000e-01 ; 7.9756996e+01 ; 1.0291376e+02 
3.500e+01 ; 1.600e+00 ; 7.000e-01 ; 8.0012996e+01 ; 1.0291482e+02 
3.500e+01 ; 1.600e+00 ; 7.000e-01 ; 8.0524996e+01 ; 1.0291154e+02 
3.500e+01 ; 1.600e+00 ; 7.000e-01 ; 8.0559996e+01 ; 1.0291129e+02 
3.500e+01 ; 1.600e+00 ; 7.000e-01 ; 8.0559996e+01 ; 1.0291129e+02 
3.500e+01 ; 1.600e+00 ; 7.000e-01 ; 8.0560996e+01 ; 1.0291129e+02 
3.500e+01 ; 1.600e+00 ; 7.000e-01 ; 8.0561996e+01 ; 1.0291128e+02 
3.500e+01 ; 1.600e+00 ; 7.000e-01 ; 8.0562996e+01 ; 1.0291127e+02 
3.500e+01 ; 1.600e+00 ; 7.000e-01 ; 8.0564996e+01 ; 1.0291125e+02 
3.500e+01 ; 1.600e+00 ; 7.000e-01 ; 8.0568996e+01 ; 1.0291122e+02 
3.500e+01 ; 1.600e+00 ; 7.000e-01 ; 8.0576996e+01 ; 1.0291116e+02 
3.500e+01 ; 1.600e+00 ; 7.000e-01 ; 8.0592996e+01 ; 1.0291104e+02 
3.500e+01 ; 1.600e+00 ; 7.000e-01 ; 8.0624996e+01 ; 1.0291077e+02 
3.500e+01 ; 1.600e+00 ; 7.000e-01 ; 8.0688996e+01 ; 1.0291015e+02 
3.500e+01 ; 1.600e+00 ; 7.000e-01 ; 8.0816996e+01 ; 1.0290858e+02 
3.500e+01 ; 1.600e+00 ; 7.000e-01 ; 8.1072996e+01 ; 1.0290427e+02 
3.500e+01 ; 1.600e+00 ; 7.000e-01 ; 8.1584996e+01 ; 1.0289159e+02 
3.500e+01 ; 1.600e+00 ; 7.000e-01 ; 8.1619996e+01 ; 1.0289070e+02 
3.500e+01 ; 1.600e+00 ; 7.000e-01 ; 8.1619996e+01 ; 1.0289070e+02 
3.500e+01 ; 1.600e+00 ; 7.000e-01 ; 8.1620996e+01 ; 1.0289068e+02 
3.500e+01 ; 1.600e+00 ; 7.000e-01 ; 8.1621996e+01 ; 1.0289066e+02 
3.500e+01 ; 1.600e+00 ; 7.000e-01 ; 8.1622996e+01 ; 1.0289062e+02 
3.500e+01 ; 1.600e+00 ; 7.000e-01 ; 8.1624996e+01 ; 1.0289058e+02 
3.500e+01 ; 1.600e+00 ; 7.000e-01 ; 8.1628996e+01 ; 1.0289047e+02 
3.500e+01 ; 1.600e+00 ; 7.000e-01 ; 8.1636996e+01 ; 1.0289027e+02 
3.500e+01 ; 1.600e+00 ; 7.000e-01 ; 8.1652996e+01 ; 1.0288985e+02 
3.500e+01 ; 1.600e+00 ; 7.000e-01 ; 8.1684996e+01 ; 1.0288902e+02 
3.500e+01 ; 1.600e+00 ; 7.000e-01 ; 8.1748996e+01 ; 1.0288728e+02 
3.500e+01 ; 1.600e+00 ; 7.000e-01 ; 8.1876996e+01 ; 1.0288358e+02 
3.500e+01 ; 1.600e+00 ; 7.000e-01 ; 8.2132996e+01 ; 1.0287542e+02 
3.500e+01 ; 1.600e+00 ; 7.000e-01 ; 8.2644996e+01 ; 1.0285714e+02 
3.500e+01 ; 1.600e+00 ; 7.000e-01 ; 8.2679996e+01 ; 1.0285588e+02 
3.500e+01 ; 1.600e+00 ; 7.000e-01 ; 8.2679996e+01 ; 1.0285588e+02 
3.500e+01 ; 1.600e+00 ; 7.000e-01 ; 8.2680996e+01 ; 1.0285585e+02 
3.500e+01 ; 1.600e+00 ; 7.000e-01 ; 8.2681996e+01 ; 1.0285581e+02 
3.500e+01 ; 1.600e+00 ; 7.000e-01 ; 8.2682996e+01 ; 1.0285577e+02 
3.500e+01 ; 1.600e+00 ; 7.000e-01 ; 8.2684996e+01 ; 1.0285571e+02 
3.500e+01 ; 1.600e+00 ; 7.000e-01 ; 8.2688996e+01 ; 1.0285556e+02 
3.500e+01 ; 1.600e+00 ; 7.000e-01 ; 8.2696996e+01 ; 1.0285527e+02 
3.500e+01 ; 1.600e+00 ; 7.000e-01 ; 8.2712996e+01 ; 1.0285469e+02 
3.500e+01 ; 1.600e+00 ; 7.000e-01 ; 8.2744996e+01 ; 1.0285353e+02 
3.500e+01 ; 1.600e+00 ; 7.000e-01 ; 8.2808996e+01 ; 1.0285117e+02 
3.500e+01 ; 1.600e+00 ; 7.000e-01 ; 8.2936996e+01 ; 1.0284638e+02 
3.500e+01 ; 1.600e+00 ; 7.000e-01 ; 8.3192996e+01 ; 1.0283662e+02 
3.500e+01 ; 1.600e+00 ; 7.000e-01 ; 8.3704996e+01 ; 1.0281744e+02 
3.500e+01 ; 1.600e+00 ; 7.000e-01 ; 8.3739995e+01 ; 1.0281613e+02 
3.500e+01 ; 1.600e+00 ; 7.000e-01 ; 8.3739995e+01 ; 1.0281613e+02 
3.500e+01 ; 1.600e+00 ; 7.000e-01 ; 8.3740995e+01 ; 1.0281609e+02 
3.500e+01 ; 1.600e+00 ; 7.000e-01 ; 8.3741995e+01 ; 1.0281606e+02 
3.500e+01 ; 1.600e+00 ; 7.000e-01 ; 8.3742995e+01 ; 1.0281602e+02 
3.500e+01 ; 1.600e+00 ; 7.000e-01 ; 8.3744995e+01 ; 1.0281595e+02 
3.500e+01 ; 1.600e+00 ; 7.000e-01 ; 8.3748995e+01 ; 1.0281580e+02 
3.500e+01 ; 1.600e+00 ; 7.000e-01 ; 8.3756995e+01 ; 1.0281550e+02 
3.500e+01 ; 1.600e+00 ; 7.000e-01 ; 8.3772995e+01 ; 1.0281490e+02 
3.500e+01 ; 1.600e+00 ; 7.000e-01 ; 8.3804995e+01 ; 1.0281371e+02 
3.500e+01 ; 1.600e+00 ; 7.000e-01 ; 8.3868995e+01 ; 1.0281133e+02 
3.500e+01 ; 1.600e+00 ; 7.000e-01 ; 8.3996995e+01 ; 1.0280665e+02 
3.500e+01 ; 1.600e+00 ; 7.000e-01 ; 8.4252995e+01 ; 1.0279763e+02 
3.500e+01 ; 1.600e+00 ; 7.000e-01 ; 8.4764995e+01 ; 1.0278182e+02 
3.500e+01 ; 1.600e+00 ; 7.000e-01 ; 8.4799995e+01 ; 1.0278075e+02 
3.500e+01 ; 1.600e+00 ; 7.000e-01 ; 8.4799995e+01 ; 1.0278075e+02 
3.500e+01 ; 1.600e+00 ; 7.000e-01 ; 8.4800995e+01 ; 1.0278072e+02 
3.500e+01 ; 1.600e+00 ; 7.000e-01 ; 8.4801995e+01 ; 1.0278069e+02 
3.500e+01 ; 1.600e+00 ; 7.000e-01 ; 8.4802995e+01 ; 1.0278066e+02 
3.500e+01 ; 1.600e+00 ; 7.000e-01 ; 8.4804995e+01 ; 1.0278060e+02 
3.500e+01 ; 1.600e+00 ; 7.000e-01 ; 8.4808995e+01 ; 1.0278048e+02 
3.500e+01 ; 1.600e+00 ; 7.000e-01 ; 8.4816995e+01 ; 1.0278024e+02 
3.500e+01 ; 1.600e+00 ; 7.000e-01 ; 8.4832995e+01 ; 1.0277975e+02 
3.500e+01 ; 1.600e+00 ; 7.000e-01 ; 8.4864995e+01 ; 1.0277879e+02 
3.500e+01 ; 1.600e+00 ; 7.000e-01 ; 8.4928995e+01 ; 1.0277691e+02 
3.500e+01 ; 1.600e+00 ; 7.000e-01 ; 8.5056995e+01 ; 1.0277331e+02 
3.500e+01 ; 1.600e+00 ; 7.000e-01 ; 8.5312995e+01 ; 1.0276683e+02 
3.500e+01 ; 1.600e+00 ; 7.000e-01 ; 8.5824995e+01 ; 1.0275700e+02 
3.500e+01 ; 1.600e+00 ; 7.000e-01 ; 8.5859995e+01 ; 1.0275635e+02 
3.500e+01 ; 1.600e+00 ; 7.000e-01 ; 8.5859995e+01 ; 1.0275635e+02 
3.500e+01 ; 1.600e+00 ; 7.000e-01 ; 8.5860995e+01 ; 1.0275632e+02 
3.500e+01 ; 1.600e+00 ; 7.000e-01 ; 8.5861995e+01 ; 1.0275631e+02 
3.500e+01 ; 1.600e+00 ; 7.000e-01 ; 8.5862995e+01 ; 1.0275629e+02 
3.500e+01 ; 1.600e+00 ; 7.000e-01 ; 8.5864995e+01 ; 1.0275626e+02 
3.500e+01 ; 1.600e+00 ; 7.000e-01 ; 8.5868995e+01 ; 1.0275618e+02 
3.500e+01 ; 1.600e+00 ; 7.000e-01 ; 8.5876995e+01 ; 1.0275603e+02 
3.500e+01 ; 1.600e+00 ; 7.000e-01 ; 8.5892995e+01 ; 1.0275574e+02 
3.500e+01 ; 1.600e+00 ; 7.000e-01 ; 8.5924995e+01 ; 1.0275516e+02 
3.500e+01 ; 1.600e+00 ; 7.000e-01 ; 8.5988995e+01 ; 1.0275406e+02 
3.500e+01 ; 1.600e+00 ; 7.000e-01 ; 8.6116995e+01 ; 1.0275206e+02 
3.500e+01 ; 1.600e+00 ; 7.000e-01 ; 8.6372995e+01 ; 1.0274886e+02 
3.500e+01 ; 1.600e+00 ; 7.000e-01 ; 8.6884995e+01 ; 1.0274545e+02 
3.500e+01 ; 1.600e+00 ; 7.000e-01 ; 8.6919995e+01 ; 1.0274522e+02 
3.500e+01 ; 1.600e+00 ; 7.000e-01 ; 8.6919995e+01 ; 1.0274522e+02 
3.500e+01 ; 1.600e+00 ; 7.000e-01 ; 8.6920995e+01 ; 1.0274522e+02 
3.500e+01 ; 1.600e+00 ; 7.000e-01 ; 8.6921995e+01 ; 1.0274521e+02 
3.500e+01 ; 1.600e+00 ; 7.000e-01 ; 8.6922995e+01 ; 1.0274520e+02 
3.500e+01 ; 1.600e+00 ; 7.000e-01 ; 8.6924995e+01 ; 1.0274519e+02 
3.500e+01 ; 1.600e+00 ; 7.000e-01 ; 8.6928995e+01 ; 1.0274517e+02 
3.500e+01 ; 1.600e+00 ; 7.000e-01 ; 8.6936995e+01 ; 1.0274512e+02 
3.500e+01 ; 1.600e+00 ; 7.000e-01 ; 8.6952995e+01 ; 1.0274503e+02 
3.500e+01 ; 1.600e+00 ; 7.000e-01 ; 8.6984995e+01 ; 1.0274484e+02 
3.500e+01 ; 1.600e+00 ; 7.000e-01 ; 8.7048995e+01 ; 1.0274454e+02 
3.500e+01 ; 1.600e+00 ; 7.000e-01 ; 8.7176995e+01 ; 1.0274409e+02 
3.500e+01 ; 1.600e+00 ; 7.000e-01 ; 8.7432995e+01 ; 1.0274382e+02 
3.500e+01 ; 1.600e+00 ; 7.000e-01 ; 8.7944995e+01 ; 1.0274525e+02 
3.500e+01 ; 1.600e+00 ; 7.000e-01 ; 8.7979995e+01 ; 1.0274535e+02 
3.500e+01 ; 1.600e+00 ; 7.000e-01 ; 8.7979995e+01 ; 1.0274535e+02 
3.500e+01 ; 1.600e+00 ; 7.000e-01 ; 8.7980995e+01 ; 1.0274535e+02 
3.500e+01 ; 1.600e+00 ; 7.000e-01 ; 8.7981995e+01 ; 1.0274536e+02 
3.500e+01 ; 1.600e+00 ; 7.000e-01 ; 8.7982995e+01 ; 1.0274536e+02 
3.500e+01 ; 1.600e+00 ; 7.000e-01 ; 8.7984995e+01 ; 1.0274537e+02 
3.500e+01 ; 1.600e+00 ; 7.000e-01 ; 8.7988995e+01 ; 1.0274538e+02 
3.500e+01 ; 1.600e+00 ; 7.000e-01 ; 8.7996995e+01 ; 1.0274541e+02 
3.500e+01 ; 1.600e+00 ; 7.000e-01 ; 8.8012995e+01 ; 1.0274546e+02 
3.500e+01 ; 1.600e+00 ; 7.000e-01 ; 8.8044995e+01 ; 1.0274557e+02 
3.500e+01 ; 1.600e+00 ; 7.000e-01 ; 8.8108995e+01 ; 1.0274582e+02 
3.500e+01 ; 1.600e+00 ; 7.000e-01 ; 8.8236995e+01 ; 1.0274642e+02 
3.500e+01 ; 1.600e+00 ; 7.000e-01 ; 8.8492995e+01 ; 1.0274793e+02 
3.500e+01 ; 1.600e+00 ; 7.000e-01 ; 8.9004995e+01 ; 1.0275144e+02 
3.500e+01 ; 1.600e+00 ; 7.000e-01 ; 8.9039995e+01 ; 1.0275169e+02 
3.500e+01 ; 1.600e+00 ; 7.000e-01 ; 8.9039995e+01 ; 1.0275169e+02 
3.500e+01 ; 1.600e+00 ; 7.000e-01 ; 8.9040995e+01 ; 1.0275169e+02 
3.500e+01 ; 1.600e+00 ; 7.000e-01 ; 8.9041995e+01 ; 1.0275169e+02 
3.500e+01 ; 1.600e+00 ; 7.000e-01 ; 8.9042995e+01 ; 1.0275170e+02 
3.500e+01 ; 1.600e+00 ; 7.000e-01 ; 8.9044995e+01 ; 1.0275172e+02 
3.500e+01 ; 1.600e+00 ; 7.000e-01 ; 8.9048995e+01 ; 1.0275175e+02 
3.500e+01 ; 1.600e+00 ; 7.000e-01 ; 8.9056995e+01 ; 1.0275180e+02 
3.500e+01 ; 1.600e+00 ; 7.000e-01 ; 8.9072995e+01 ; 1.0275191e+02 
3.500e+01 ; 1.600e+00 ; 7.000e-01 ; 8.9104995e+01 ; 1.0275214e+02 
3.500e+01 ; 1.600e+00 ; 7.000e-01 ; 8.9168995e+01 ; 1.0275259e+02 
3.500e+01 ; 1.600e+00 ; 7.000e-01 ; 8.9296995e+01 ; 1.0275350e+02 
3.500e+01 ; 1.600e+00 ; 7.000e-01 ; 8.9552995e+01 ; 1.0275525e+02 
3.500e+01 ; 1.600e+00 ; 7.000e-01 ; 9.0064995e+01 ; 1.0275777e+02 
3.500e+01 ; 1.600e+00 ; 7.000e-01 ; 9.0099995e+01 ; 1.0275794e+02 
3.500e+01 ; 1.600e+00 ; 7.000e-01 ; 9.0099995e+01 ; 1.0275794e+02 
3.500e+01 ; 1.600e+00 ; 7.000e-01 ; 9.0100995e+01 ; 1.0275795e+02 
3.500e+01 ; 1.600e+00 ; 7.000e-01 ; 9.0101995e+01 ; 1.0275795e+02 
3.500e+01 ; 1.600e+00 ; 7.000e-01 ; 9.0102995e+01 ; 1.0275796e+02 
3.500e+01 ; 1.600e+00 ; 7.000e-01 ; 9.0104995e+01 ; 1.0275797e+02 
3.500e+01 ; 1.600e+00 ; 7.000e-01 ; 9.0108995e+01 ; 1.0275799e+02 
3.500e+01 ; 1.600e+00 ; 7.000e-01 ; 9.0116995e+01 ; 1.0275803e+02 
3.500e+01 ; 1.600e+00 ; 7.000e-01 ; 9.0132995e+01 ; 1.0275809e+02 
3.500e+01 ; 1.600e+00 ; 7.000e-01 ; 9.0164995e+01 ; 1.0275824e+02 
3.500e+01 ; 1.600e+00 ; 7.000e-01 ; 9.0228995e+01 ; 1.0275851e+02 
3.500e+01 ; 1.600e+00 ; 7.000e-01 ; 9.0356995e+01 ; 1.0275897e+02 
3.500e+01 ; 1.600e+00 ; 7.000e-01 ; 9.0612995e+01 ; 1.0275948e+02 
3.500e+01 ; 1.600e+00 ; 7.000e-01 ; 9.1124995e+01 ; 1.0275831e+02 
3.500e+01 ; 1.600e+00 ; 7.000e-01 ; 9.1159995e+01 ; 1.0275822e+02 
3.500e+01 ; 1.600e+00 ; 7.000e-01 ; 9.1159995e+01 ; 1.0275822e+02 
3.500e+01 ; 1.600e+00 ; 7.000e-01 ; 9.1160995e+01 ; 1.0275822e+02 
3.500e+01 ; 1.600e+00 ; 7.000e-01 ; 9.1161995e+01 ; 1.0275822e+02 
3.500e+01 ; 1.600e+00 ; 7.000e-01 ; 9.1162995e+01 ; 1.0275821e+02 
3.500e+01 ; 1.600e+00 ; 7.000e-01 ; 9.1164995e+01 ; 1.0275821e+02 
3.500e+01 ; 1.600e+00 ; 7.000e-01 ; 9.1168995e+01 ; 1.0275819e+02 
3.500e+01 ; 1.600e+00 ; 7.000e-01 ; 9.1176995e+01 ; 1.0275817e+02 
3.500e+01 ; 1.600e+00 ; 7.000e-01 ; 9.1192995e+01 ; 1.0275813e+02 
3.500e+01 ; 1.600e+00 ; 7.000e-01 ; 9.1224995e+01 ; 1.0275803e+02 
3.500e+01 ; 1.600e+00 ; 7.000e-01 ; 9.1288995e+01 ; 1.0275779e+02 
3.500e+01 ; 1.600e+00 ; 7.000e-01 ; 9.1416995e+01 ; 1.0275716e+02 
3.500e+01 ; 1.600e+00 ; 7.000e-01 ; 9.1672995e+01 ; 1.0275524e+02 
3.500e+01 ; 1.600e+00 ; 7.000e-01 ; 9.2184995e+01 ; 1.0274840e+02 
3.500e+01 ; 1.600e+00 ; 7.000e-01 ; 9.2219995e+01 ; 1.0274792e+02 
3.500e+01 ; 1.600e+00 ; 7.000e-01 ; 9.2219995e+01 ; 1.0274792e+02 
3.500e+01 ; 1.600e+00 ; 7.000e-01 ; 9.2220995e+01 ; 1.0274790e+02 
3.500e+01 ; 1.600e+00 ; 7.000e-01 ; 9.2221995e+01 ; 1.0274789e+02 
3.500e+01 ; 1.600e+00 ; 7.000e-01 ; 9.2222995e+01 ; 1.0274788e+02 
3.500e+01 ; 1.600e+00 ; 7.000e-01 ; 9.2224995e+01 ; 1.0274785e+02 
3.500e+01 ; 1.600e+00 ; 7.000e-01 ; 9.2228995e+01 ; 1.0274780e+02 
3.500e+01 ; 1.600e+00 ; 7.000e-01 ; 9.2236995e+01 ; 1.0274768e+02 
3.500e+01 ; 1.600e+00 ; 7.000e-01 ; 9.2252995e+01 ; 1.0274746e+02 
3.500e+01 ; 1.600e+00 ; 7.000e-01 ; 9.2284995e+01 ; 1.0274699e+02 
3.500e+01 ; 1.600e+00 ; 7.000e-01 ; 9.2348995e+01 ; 1.0274602e+02 
3.500e+01 ; 1.600e+00 ; 7.000e-01 ; 9.2476995e+01 ; 1.0274386e+02 
3.500e+01 ; 1.600e+00 ; 7.000e-01 ; 9.2732995e+01 ; 1.0273873e+02 
3.500e+01 ; 1.600e+00 ; 7.000e-01 ; 9.3244995e+01 ; 1.0272505e+02 
3.500e+01 ; 1.600e+00 ; 7.000e-01 ; 9.3279995e+01 ; 1.0272410e+02 
3.500e+01 ; 1.600e+00 ; 7.000e-01 ; 9.3279995e+01 ; 1.0272410e+02 
3.500e+01 ; 1.600e+00 ; 7.000e-01 ; 9.3280995e+01 ; 1.0272408e+02 
3.500e+01 ; 1.600e+00 ; 7.000e-01 ; 9.3281995e+01 ; 1.0272404e+02 
3.500e+01 ; 1.600e+00 ; 7.000e-01 ; 9.3282995e+01 ; 1.0272401e+02 
3.500e+01 ; 1.600e+00 ; 7.000e-01 ; 9.3284995e+01 ; 1.0272396e+02 
3.500e+01 ; 1.600e+00 ; 7.000e-01 ; 9.3288995e+01 ; 1.0272385e+02 
3.500e+01 ; 1.600e+00 ; 7.000e-01 ; 9.3296995e+01 ; 1.0272363e+02 
3.500e+01 ; 1.600e+00 ; 7.000e-01 ; 9.3312995e+01 ; 1.0272319e+02 
3.500e+01 ; 1.600e+00 ; 7.000e-01 ; 9.3344995e+01 ; 1.0272230e+02 
3.500e+01 ; 1.600e+00 ; 7.000e-01 ; 9.3408995e+01 ; 1.0272044e+02 
3.500e+01 ; 1.600e+00 ; 7.000e-01 ; 9.3536995e+01 ; 1.0271653e+02 
3.500e+01 ; 1.600e+00 ; 7.000e-01 ; 9.3792995e+01 ; 1.0270782e+02 
3.500e+01 ; 1.600e+00 ; 7.000e-01 ; 9.4304995e+01 ; 1.0268687e+02 
3.500e+01 ; 1.600e+00 ; 7.000e-01 ; 9.4339995e+01 ; 1.0268542e+02 
3.500e+01 ; 1.600e+00 ; 7.000e-01 ; 9.4339995e+01 ; 1.0268542e+02 
3.500e+01 ; 1.600e+00 ; 7.000e-01 ; 9.4340995e+01 ; 1.0268537e+02 
3.500e+01 ; 1.600e+00 ; 7.000e-01 ; 9.4341995e+01 ; 1.0268533e+02 
3.500e+01 ; 1.600e+00 ; 7.000e-01 ; 9.4342995e+01 ; 1.0268529e+02 
3.500e+01 ; 1.600e+00 ; 7.000e-01 ; 9.4344995e+01 ; 1.0268521e+02 
3.500e+01 ; 1.600e+00 ; 7.000e-01 ; 9.4348995e+01 ; 1.0268504e+02 
3.500e+01 ; 1.600e+00 ; 7.000e-01 ; 9.4356995e+01 ; 1.0268471e+02 
3.500e+01 ; 1.600e+00 ; 7.000e-01 ; 9.4372995e+01 ; 1.0268404e+02 
3.500e+01 ; 1.600e+00 ; 7.000e-01 ; 9.4404995e+01 ; 1.0268269e+02 
3.500e+01 ; 1.600e+00 ; 7.000e-01 ; 9.4468995e+01 ; 1.0267992e+02 
3.500e+01 ; 1.600e+00 ; 7.000e-01 ; 9.4596995e+01 ; 1.0267419e+02 
3.500e+01 ; 1.600e+00 ; 7.000e-01 ; 9.4852995e+01 ; 1.0266183e+02 
3.500e+01 ; 1.600e+00 ; 7.000e-01 ; 9.5364995e+01 ; 1.0263376e+02 
3.500e+01 ; 1.600e+00 ; 7.000e-01 ; 9.5399995e+01 ; 1.0263183e+02 
3.500e+01 ; 1.600e+00 ; 7.000e-01 ; 9.5399995e+01 ; 1.0263183e+02 
3.500e+01 ; 1.600e+00 ; 7.000e-01 ; 9.5400995e+01 ; 1.0263177e+02 
3.500e+01 ; 1.600e+00 ; 7.000e-01 ; 9.5401995e+01 ; 1.0263171e+02 
3.500e+01 ; 1.600e+00 ; 7.000e-01 ; 9.5402995e+01 ; 1.0263166e+02 
3.500e+01 ; 1.600e+00 ; 7.000e-01 ; 9.5404995e+01 ; 1.0263155e+02 
3.500e+01 ; 1.600e+00 ; 7.000e-01 ; 9.5408995e+01 ; 1.0263132e+02 
3.500e+01 ; 1.600e+00 ; 7.000e-01 ; 9.5416995e+01 ; 1.0263088e+02 
3.500e+01 ; 1.600e+00 ; 7.000e-01 ; 9.5432995e+01 ; 1.0262999e+02 
3.500e+01 ; 1.600e+00 ; 7.000e-01 ; 9.5464995e+01 ; 1.0262820e+02 
3.500e+01 ; 1.600e+00 ; 7.000e-01 ; 9.5528995e+01 ; 1.0262455e+02 
3.500e+01 ; 1.600e+00 ; 7.000e-01 ; 9.5656995e+01 ; 1.0261706e+02 
3.500e+01 ; 1.600e+00 ; 7.000e-01 ; 9.5912995e+01 ; 1.0260126e+02 
3.500e+01 ; 1.600e+00 ; 7.000e-01 ; 9.6424995e+01 ; 1.0256662e+02 
3.500e+01 ; 1.600e+00 ; 7.000e-01 ; 9.6459995e+01 ; 1.0256424e+02 
3.500e+01 ; 1.600e+00 ; 7.000e-01 ; 9.6459995e+01 ; 1.0256424e+02 
3.500e+01 ; 1.600e+00 ; 7.000e-01 ; 9.6469995e+01 ; 1.0256355e+02 
3.500e+01 ; 1.600e+00 ; 7.000e-01 ; 9.6479995e+01 ; 1.0256287e+02 
3.500e+01 ; 1.600e+00 ; 7.000e-01 ; 9.6489995e+01 ; 1.0256219e+02 
3.500e+01 ; 1.600e+00 ; 7.000e-01 ; 9.6509995e+01 ; 1.0256081e+02 
3.500e+01 ; 1.600e+00 ; 7.000e-01 ; 9.6549995e+01 ; 1.0255805e+02 
3.500e+01 ; 1.600e+00 ; 7.000e-01 ; 9.6629995e+01 ; 1.0255245e+02 
3.500e+01 ; 1.600e+00 ; 7.000e-01 ; 9.6789995e+01 ; 1.0254096e+02 
3.500e+01 ; 1.600e+00 ; 7.000e-01 ; 9.7109995e+01 ; 1.0251689e+02 
3.500e+01 ; 1.600e+00 ; 7.000e-01 ; 9.7749995e+01 ; 1.0246481e+02 
3.500e+01 ; 1.600e+00 ; 7.000e-01 ; 9.9029995e+01 ; 1.0234828e+02 
3.500e+01 ; 1.600e+00 ; 7.000e-01 ; 1.0094999e+02 ; 1.0215591e+02 
3.500e+01 ; 1.600e+00 ; 7.000e-01 ; 1.0145999e+02 ; 1.0210375e+02