X ; Y ; Z ; time ; Temperature 
3.500e+01 ; 7.200e+00 ; 3.500e+00 ; 0.0000000e+00 ; 2.4800000e+02 
3.500e+01 ; 7.200e+00 ; 3.500e+00 ; 1.0000000e-03 ; 2.4800000e+02 
3.500e+01 ; 7.200e+00 ; 3.500e+00 ; 2.0000001e-03 ; 2.4800000e+02 
3.500e+01 ; 7.200e+00 ; 3.500e+00 ; 3.0000000e-03 ; 2.4800000e+02 
3.500e+01 ; 7.200e+00 ; 3.500e+00 ; 4.9999999e-03 ; 2.4800000e+02 
3.500e+01 ; 7.200e+00 ; 3.500e+00 ; 8.9999996e-03 ; 2.4800000e+02 
3.500e+01 ; 7.200e+00 ; 3.500e+00 ; 1.7000001e-02 ; 2.4800000e+02 
3.500e+01 ; 7.200e+00 ; 3.500e+00 ; 3.3000000e-02 ; 2.4800000e+02 
3.500e+01 ; 7.200e+00 ; 3.500e+00 ; 6.4999998e-02 ; 2.4800000e+02 
3.500e+01 ; 7.200e+00 ; 3.500e+00 ; 1.2899999e-01 ; 2.4800000e+02 
3.500e+01 ; 7.200e+00 ; 3.500e+00 ; 2.5700000e-01 ; 2.4800000e+02 
3.500e+01 ; 7.200e+00 ; 3.500e+00 ; 5.1300001e-01 ; 2.4800000e+02 
3.500e+01 ; 7.200e+00 ; 3.500e+00 ; 1.0000000e+00 ; 2.4800000e+02 
3.500e+01 ; 7.200e+00 ; 3.500e+00 ; 1.0000000e+00 ; 2.4800000e+02 
3.500e+01 ; 7.200e+00 ; 3.500e+00 ; 1.0010000e+00 ; 2.4800000e+02 
3.500e+01 ; 7.200e+00 ; 3.500e+00 ; 1.0020000e+00 ; 2.4800000e+02 
3.500e+01 ; 7.200e+00 ; 3.500e+00 ; 1.0030000e+00 ; 2.4800000e+02 
3.500e+01 ; 7.200e+00 ; 3.500e+00 ; 1.0050000e+00 ; 2.4800000e+02 
3.500e+01 ; 7.200e+00 ; 3.500e+00 ; 1.0090000e+00 ; 2.4800000e+02 
3.500e+01 ; 7.200e+00 ; 3.500e+00 ; 1.0170000e+00 ; 2.4800000e+02 
3.500e+01 ; 7.200e+00 ; 3.500e+00 ; 1.0330000e+00 ; 2.4800000e+02 
3.500e+01 ; 7.200e+00 ; 3.500e+00 ; 1.0650000e+00 ; 2.4800000e+02 
3.500e+01 ; 7.200e+00 ; 3.500e+00 ; 1.1290000e+00 ; 2.4800000e+02 
3.500e+01 ; 7.200e+00 ; 3.500e+00 ; 1.2570000e+00 ; 2.4800000e+02 
3.500e+01 ; 7.200e+00 ; 3.500e+00 ; 1.5130000e+00 ; 2.4800000e+02 
3.500e+01 ; 7.200e+00 ; 3.500e+00 ; 2.0000000e+00 ; 2.4800000e+02 
3.500e+01 ; 7.200e+00 ; 3.500e+00 ; 2.0000000e+00 ; 2.4800000e+02 
3.500e+01 ; 7.200e+00 ; 3.500e+00 ; 2.0010000e+00 ; 2.4800000e+02 
3.500e+01 ; 7.200e+00 ; 3.500e+00 ; 2.0020000e+00 ; 2.4800000e+02 
3.500e+01 ; 7.200e+00 ; 3.500e+00 ; 2.0030000e+00 ; 2.4800000e+02 
3.500e+01 ; 7.200e+00 ; 3.500e+00 ; 2.0050000e+00 ; 2.4800000e+02 
3.500e+01 ; 7.200e+00 ; 3.500e+00 ; 2.0090000e+00 ; 2.4800000e+02 
3.500e+01 ; 7.200e+00 ; 3.500e+00 ; 2.0170000e+00 ; 2.4800000e+02 
3.500e+01 ; 7.200e+00 ; 3.500e+00 ; 2.0330000e+00 ; 2.4800000e+02 
3.500e+01 ; 7.200e+00 ; 3.500e+00 ; 2.0650000e+00 ; 2.4800000e+02 
3.500e+01 ; 7.200e+00 ; 3.500e+00 ; 2.1290000e+00 ; 2.4800000e+02 
3.500e+01 ; 7.200e+00 ; 3.500e+00 ; 2.2570000e+00 ; 2.4800000e+02 
3.500e+01 ; 7.200e+00 ; 3.500e+00 ; 2.5130000e+00 ; 2.4800000e+02 
3.500e+01 ; 7.200e+00 ; 3.500e+00 ; 3.0000000e+00 ; 2.4800000e+02 
3.500e+01 ; 7.200e+00 ; 3.500e+00 ; 3.0000000e+00 ; 2.4800000e+02 
3.500e+01 ; 7.200e+00 ; 3.500e+00 ; 3.0010000e+00 ; 2.4800000e+02 
3.500e+01 ; 7.200e+00 ; 3.500e+00 ; 3.0020000e+00 ; 2.4800000e+02 
3.500e+01 ; 7.200e+00 ; 3.500e+00 ; 3.0030000e+00 ; 2.4800000e+02 
3.500e+01 ; 7.200e+00 ; 3.500e+00 ; 3.0050000e+00 ; 2.4800000e+02 
3.500e+01 ; 7.200e+00 ; 3.500e+00 ; 3.0090000e+00 ; 2.4800000e+02 
3.500e+01 ; 7.200e+00 ; 3.500e+00 ; 3.0170000e+00 ; 2.4800000e+02 
3.500e+01 ; 7.200e+00 ; 3.500e+00 ; 3.0330000e+00 ; 2.4800000e+02 
3.500e+01 ; 7.200e+00 ; 3.500e+00 ; 3.0650000e+00 ; 2.4800000e+02 
3.500e+01 ; 7.200e+00 ; 3.500e+00 ; 3.1290000e+00 ; 2.4800000e+02 
3.500e+01 ; 7.200e+00 ; 3.500e+00 ; 3.2570000e+00 ; 2.4800000e+02 
3.500e+01 ; 7.200e+00 ; 3.500e+00 ; 3.5130000e+00 ; 2.4800000e+02 
3.500e+01 ; 7.200e+00 ; 3.500e+00 ; 4.0000000e+00 ; 2.4800000e+02 
3.500e+01 ; 7.200e+00 ; 3.500e+00 ; 4.0000000e+00 ; 2.4800000e+02 
3.500e+01 ; 7.200e+00 ; 3.500e+00 ; 4.0010000e+00 ; 2.4800000e+02 
3.500e+01 ; 7.200e+00 ; 3.500e+00 ; 4.0020000e+00 ; 2.4800000e+02 
3.500e+01 ; 7.200e+00 ; 3.500e+00 ; 4.0030000e+00 ; 2.4800000e+02 
3.500e+01 ; 7.200e+00 ; 3.500e+00 ; 4.0050000e+00 ; 2.4800000e+02 
3.500e+01 ; 7.200e+00 ; 3.500e+00 ; 4.0090000e+00 ; 2.4800000e+02 
3.500e+01 ; 7.200e+00 ; 3.500e+00 ; 4.0170000e+00 ; 2.4800000e+02 
3.500e+01 ; 7.200e+00 ; 3.500e+00 ; 4.0330000e+00 ; 2.4800000e+02 
3.500e+01 ; 7.200e+00 ; 3.500e+00 ; 4.0650000e+00 ; 2.4800000e+02 
3.500e+01 ; 7.200e+00 ; 3.500e+00 ; 4.1290000e+00 ; 2.4800000e+02 
3.500e+01 ; 7.200e+00 ; 3.500e+00 ; 4.2570000e+00 ; 2.4800000e+02 
3.500e+01 ; 7.200e+00 ; 3.500e+00 ; 4.5130000e+00 ; 2.4800000e+02 
3.500e+01 ; 7.200e+00 ; 3.500e+00 ; 5.0000000e+00 ; 2.4800000e+02 
3.500e+01 ; 7.200e+00 ; 3.500e+00 ; 5.0000000e+00 ; 2.4800000e+02 
3.500e+01 ; 7.200e+00 ; 3.500e+00 ; 5.0010000e+00 ; 2.4800000e+02 
3.500e+01 ; 7.200e+00 ; 3.500e+00 ; 5.0020000e+00 ; 2.4800000e+02 
3.500e+01 ; 7.200e+00 ; 3.500e+00 ; 5.0030000e+00 ; 2.4800000e+02 
3.500e+01 ; 7.200e+00 ; 3.500e+00 ; 5.0050000e+00 ; 2.4800000e+02 
3.500e+01 ; 7.200e+00 ; 3.500e+00 ; 5.0090000e+00 ; 2.4800000e+02 
3.500e+01 ; 7.200e+00 ; 3.500e+00 ; 5.0170000e+00 ; 2.4800000e+02 
3.500e+01 ; 7.200e+00 ; 3.500e+00 ; 5.0330000e+00 ; 2.4800000e+02 
3.500e+01 ; 7.200e+00 ; 3.500e+00 ; 5.0650000e+00 ; 2.4800000e+02 
3.500e+01 ; 7.200e+00 ; 3.500e+00 ; 5.1290000e+00 ; 2.4800000e+02 
3.500e+01 ; 7.200e+00 ; 3.500e+00 ; 5.2570000e+00 ; 2.4800000e+02 
3.500e+01 ; 7.200e+00 ; 3.500e+00 ; 5.5130000e+00 ; 2.4800000e+02 
3.500e+01 ; 7.200e+00 ; 3.500e+00 ; 6.0000000e+00 ; 2.4800000e+02 
3.500e+01 ; 7.200e+00 ; 3.500e+00 ; 6.0000000e+00 ; 2.4800000e+02 
3.500e+01 ; 7.200e+00 ; 3.500e+00 ; 6.0010000e+00 ; 2.4800000e+02 
3.500e+01 ; 7.200e+00 ; 3.500e+00 ; 6.0020000e+00 ; 2.4800000e+02 
3.500e+01 ; 7.200e+00 ; 3.500e+00 ; 6.0030000e+00 ; 2.4800000e+02 
3.500e+01 ; 7.200e+00 ; 3.500e+00 ; 6.0050000e+00 ; 2.4800000e+02 
3.500e+01 ; 7.200e+00 ; 3.500e+00 ; 6.0090000e+00 ; 2.4800000e+02 
3.500e+01 ; 7.200e+00 ; 3.500e+00 ; 6.0170000e+00 ; 2.4800000e+02 
3.500e+01 ; 7.200e+00 ; 3.500e+00 ; 6.0330000e+00 ; 2.4800000e+02 
3.500e+01 ; 7.200e+00 ; 3.500e+00 ; 6.0650000e+00 ; 2.4800000e+02 
3.500e+01 ; 7.200e+00 ; 3.500e+00 ; 6.1290000e+00 ; 2.4800000e+02 
3.500e+01 ; 7.200e+00 ; 3.500e+00 ; 6.2570000e+00 ; 2.4800000e+02 
3.500e+01 ; 7.200e+00 ; 3.500e+00 ; 6.5130000e+00 ; 2.4800000e+02 
3.500e+01 ; 7.200e+00 ; 3.500e+00 ; 7.0000000e+00 ; 2.4800000e+02 
3.500e+01 ; 7.200e+00 ; 3.500e+00 ; 7.0000000e+00 ; 2.4800000e+02 
3.500e+01 ; 7.200e+00 ; 3.500e+00 ; 7.0010000e+00 ; 2.4800000e+02 
3.500e+01 ; 7.200e+00 ; 3.500e+00 ; 7.0020000e+00 ; 2.4800000e+02 
3.500e+01 ; 7.200e+00 ; 3.500e+00 ; 7.0030000e+00 ; 2.4800000e+02 
3.500e+01 ; 7.200e+00 ; 3.500e+00 ; 7.0050000e+00 ; 2.4800000e+02 
3.500e+01 ; 7.200e+00 ; 3.500e+00 ; 7.0090000e+00 ; 2.4800000e+02 
3.500e+01 ; 7.200e+00 ; 3.500e+00 ; 7.0170000e+00 ; 2.4800000e+02 
3.500e+01 ; 7.200e+00 ; 3.500e+00 ; 7.0330000e+00 ; 2.4800000e+02 
3.500e+01 ; 7.200e+00 ; 3.500e+00 ; 7.0650000e+00 ; 2.4800000e+02 
3.500e+01 ; 7.200e+00 ; 3.500e+00 ; 7.1290000e+00 ; 2.4800000e+02 
3.500e+01 ; 7.200e+00 ; 3.500e+00 ; 7.2570000e+00 ; 2.4800000e+02 
3.500e+01 ; 7.200e+00 ; 3.500e+00 ; 7.5130000e+00 ; 2.4800000e+02 
3.500e+01 ; 7.200e+00 ; 3.500e+00 ; 8.0000000e+00 ; 2.4800000e+02 
3.500e+01 ; 7.200e+00 ; 3.500e+00 ; 8.0000000e+00 ; 2.4800000e+02 
3.500e+01 ; 7.200e+00 ; 3.500e+00 ; 8.0010000e+00 ; 2.4800000e+02 
3.500e+01 ; 7.200e+00 ; 3.500e+00 ; 8.0020000e+00 ; 2.4800000e+02 
3.500e+01 ; 7.200e+00 ; 3.500e+00 ; 8.0030000e+00 ; 2.4800000e+02 
3.500e+01 ; 7.200e+00 ; 3.500e+00 ; 8.0050000e+00 ; 2.4800000e+02 
3.500e+01 ; 7.200e+00 ; 3.500e+00 ; 8.0090000e+00 ; 2.4800000e+02 
3.500e+01 ; 7.200e+00 ; 3.500e+00 ; 8.0170000e+00 ; 2.4800000e+02 
3.500e+01 ; 7.200e+00 ; 3.500e+00 ; 8.0330000e+00 ; 2.4800000e+02 
3.500e+01 ; 7.200e+00 ; 3.500e+00 ; 8.0650000e+00 ; 2.4800000e+02 
3.500e+01 ; 7.200e+00 ; 3.500e+00 ; 8.1290000e+00 ; 2.4800000e+02 
3.500e+01 ; 7.200e+00 ; 3.500e+00 ; 8.2570000e+00 ; 2.4800000e+02 
3.500e+01 ; 7.200e+00 ; 3.500e+00 ; 8.5130000e+00 ; 2.4800000e+02 
3.500e+01 ; 7.200e+00 ; 3.500e+00 ; 9.0000000e+00 ; 2.4800000e+02 
3.500e+01 ; 7.200e+00 ; 3.500e+00 ; 9.0000000e+00 ; 2.4800000e+02 
3.500e+01 ; 7.200e+00 ; 3.500e+00 ; 9.0010000e+00 ; 2.4800000e+02 
3.500e+01 ; 7.200e+00 ; 3.500e+00 ; 9.0020000e+00 ; 2.4800000e+02 
3.500e+01 ; 7.200e+00 ; 3.500e+00 ; 9.0030000e+00 ; 2.4800000e+02 
3.500e+01 ; 7.200e+00 ; 3.500e+00 ; 9.0050000e+00 ; 2.4800000e+02 
3.500e+01 ; 7.200e+00 ; 3.500e+00 ; 9.0090000e+00 ; 2.4800000e+02 
3.500e+01 ; 7.200e+00 ; 3.500e+00 ; 9.0170000e+00 ; 2.4800000e+02 
3.500e+01 ; 7.200e+00 ; 3.500e+00 ; 9.0330000e+00 ; 2.4800000e+02 
3.500e+01 ; 7.200e+00 ; 3.500e+00 ; 9.0650000e+00 ; 2.4800000e+02 
3.500e+01 ; 7.200e+00 ; 3.500e+00 ; 9.1290000e+00 ; 2.4800000e+02 
3.500e+01 ; 7.200e+00 ; 3.500e+00 ; 9.2570000e+00 ; 2.4800000e+02 
3.500e+01 ; 7.200e+00 ; 3.500e+00 ; 9.5130000e+00 ; 2.4800000e+02 
3.500e+01 ; 7.200e+00 ; 3.500e+00 ; 1.0000000e+01 ; 2.4800000e+02 
3.500e+01 ; 7.200e+00 ; 3.500e+00 ; 1.0000000e+01 ; 2.4800000e+02 
3.500e+01 ; 7.200e+00 ; 3.500e+00 ; 1.0001000e+01 ; 2.4800000e+02 
3.500e+01 ; 7.200e+00 ; 3.500e+00 ; 1.0002000e+01 ; 2.4800000e+02 
3.500e+01 ; 7.200e+00 ; 3.500e+00 ; 1.0003000e+01 ; 2.4800000e+02 
3.500e+01 ; 7.200e+00 ; 3.500e+00 ; 1.0005000e+01 ; 2.4800000e+02 
3.500e+01 ; 7.200e+00 ; 3.500e+00 ; 1.0009000e+01 ; 2.4800000e+02 
3.500e+01 ; 7.200e+00 ; 3.500e+00 ; 1.0017000e+01 ; 2.4800000e+02 
3.500e+01 ; 7.200e+00 ; 3.500e+00 ; 1.0033000e+01 ; 2.4800000e+02 
3.500e+01 ; 7.200e+00 ; 3.500e+00 ; 1.0065000e+01 ; 2.4800000e+02 
3.500e+01 ; 7.200e+00 ; 3.500e+00 ; 1.0129000e+01 ; 2.4800000e+02 
3.500e+01 ; 7.200e+00 ; 3.500e+00 ; 1.0257000e+01 ; 2.4800000e+02 
3.500e+01 ; 7.200e+00 ; 3.500e+00 ; 1.0513000e+01 ; 2.4800000e+02 
3.500e+01 ; 7.200e+00 ; 3.500e+00 ; 1.1000000e+01 ; 2.4800000e+02 
3.500e+01 ; 7.200e+00 ; 3.500e+00 ; 1.1000000e+01 ; 2.4800000e+02 
3.500e+01 ; 7.200e+00 ; 3.500e+00 ; 1.1001000e+01 ; 2.4800000e+02 
3.500e+01 ; 7.200e+00 ; 3.500e+00 ; 1.1002000e+01 ; 2.4800000e+02 
3.500e+01 ; 7.200e+00 ; 3.500e+00 ; 1.1003000e+01 ; 2.4800000e+02 
3.500e+01 ; 7.200e+00 ; 3.500e+00 ; 1.1005000e+01 ; 2.4800000e+02 
3.500e+01 ; 7.200e+00 ; 3.500e+00 ; 1.1009000e+01 ; 2.4800000e+02 
3.500e+01 ; 7.200e+00 ; 3.500e+00 ; 1.1017000e+01 ; 2.4800000e+02 
3.500e+01 ; 7.200e+00 ; 3.500e+00 ; 1.1033000e+01 ; 2.4800000e+02 
3.500e+01 ; 7.200e+00 ; 3.500e+00 ; 1.1065000e+01 ; 2.4800000e+02 
3.500e+01 ; 7.200e+00 ; 3.500e+00 ; 1.1129000e+01 ; 2.4800000e+02 
3.500e+01 ; 7.200e+00 ; 3.500e+00 ; 1.1257000e+01 ; 2.4800000e+02 
3.500e+01 ; 7.200e+00 ; 3.500e+00 ; 1.1513000e+01 ; 2.4800000e+02 
3.500e+01 ; 7.200e+00 ; 3.500e+00 ; 1.2000000e+01 ; 2.4800000e+02 
3.500e+01 ; 7.200e+00 ; 3.500e+00 ; 1.2000000e+01 ; 2.4800000e+02 
3.500e+01 ; 7.200e+00 ; 3.500e+00 ; 1.2001000e+01 ; 2.4800000e+02 
3.500e+01 ; 7.200e+00 ; 3.500e+00 ; 1.2002000e+01 ; 2.4800000e+02 
3.500e+01 ; 7.200e+00 ; 3.500e+00 ; 1.2003000e+01 ; 2.4800000e+02 
3.500e+01 ; 7.200e+00 ; 3.500e+00 ; 1.2005000e+01 ; 2.4800000e+02 
3.500e+01 ; 7.200e+00 ; 3.500e+00 ; 1.2009000e+01 ; 2.4800000e+02 
3.500e+01 ; 7.200e+00 ; 3.500e+00 ; 1.2017000e+01 ; 2.4800000e+02 
3.500e+01 ; 7.200e+00 ; 3.500e+00 ; 1.2033000e+01 ; 2.4800000e+02 
3.500e+01 ; 7.200e+00 ; 3.500e+00 ; 1.2065000e+01 ; 2.4800000e+02 
3.500e+01 ; 7.200e+00 ; 3.500e+00 ; 1.2129000e+01 ; 2.4800000e+02 
3.500e+01 ; 7.200e+00 ; 3.500e+00 ; 1.2257000e+01 ; 2.4800000e+02 
3.500e+01 ; 7.200e+00 ; 3.500e+00 ; 1.2513000e+01 ; 2.4800000e+02 
3.500e+01 ; 7.200e+00 ; 3.500e+00 ; 1.3000000e+01 ; 2.4800000e+02 
3.500e+01 ; 7.200e+00 ; 3.500e+00 ; 1.3000000e+01 ; 2.4800000e+02 
3.500e+01 ; 7.200e+00 ; 3.500e+00 ; 1.3001000e+01 ; 2.4800000e+02 
3.500e+01 ; 7.200e+00 ; 3.500e+00 ; 1.3002000e+01 ; 2.4800000e+02 
3.500e+01 ; 7.200e+00 ; 3.500e+00 ; 1.3003000e+01 ; 2.4800000e+02 
3.500e+01 ; 7.200e+00 ; 3.500e+00 ; 1.3005000e+01 ; 2.4800000e+02 
3.500e+01 ; 7.200e+00 ; 3.500e+00 ; 1.3009000e+01 ; 2.4800000e+02 
3.500e+01 ; 7.200e+00 ; 3.500e+00 ; 1.3017000e+01 ; 2.4800000e+02 
3.500e+01 ; 7.200e+00 ; 3.500e+00 ; 1.3033000e+01 ; 2.4800000e+02 
3.500e+01 ; 7.200e+00 ; 3.500e+00 ; 1.3065000e+01 ; 2.4800000e+02 
3.500e+01 ; 7.200e+00 ; 3.500e+00 ; 1.3129000e+01 ; 2.4800000e+02 
3.500e+01 ; 7.200e+00 ; 3.500e+00 ; 1.3257000e+01 ; 2.4800000e+02 
3.500e+01 ; 7.200e+00 ; 3.500e+00 ; 1.3513000e+01 ; 2.4800000e+02 
3.500e+01 ; 7.200e+00 ; 3.500e+00 ; 1.4000000e+01 ; 2.4800000e+02 
3.500e+01 ; 7.200e+00 ; 3.500e+00 ; 1.4000000e+01 ; 2.4800000e+02 
3.500e+01 ; 7.200e+00 ; 3.500e+00 ; 1.4001000e+01 ; 2.4800000e+02 
3.500e+01 ; 7.200e+00 ; 3.500e+00 ; 1.4002000e+01 ; 2.4800000e+02 
3.500e+01 ; 7.200e+00 ; 3.500e+00 ; 1.4003000e+01 ; 2.4800000e+02 
3.500e+01 ; 7.200e+00 ; 3.500e+00 ; 1.4005000e+01 ; 2.4800000e+02 
3.500e+01 ; 7.200e+00 ; 3.500e+00 ; 1.4009000e+01 ; 2.4800000e+02 
3.500e+01 ; 7.200e+00 ; 3.500e+00 ; 1.4017000e+01 ; 2.4800000e+02 
3.500e+01 ; 7.200e+00 ; 3.500e+00 ; 1.4033000e+01 ; 2.4800000e+02 
3.500e+01 ; 7.200e+00 ; 3.500e+00 ; 1.4065000e+01 ; 2.4800000e+02 
3.500e+01 ; 7.200e+00 ; 3.500e+00 ; 1.4129000e+01 ; 2.4800000e+02 
3.500e+01 ; 7.200e+00 ; 3.500e+00 ; 1.4257000e+01 ; 2.4800000e+02 
3.500e+01 ; 7.200e+00 ; 3.500e+00 ; 1.4513000e+01 ; 2.4800000e+02 
3.500e+01 ; 7.200e+00 ; 3.500e+00 ; 1.5000000e+01 ; 2.4800000e+02 
3.500e+01 ; 7.200e+00 ; 3.500e+00 ; 1.5000000e+01 ; 2.4800000e+02 
3.500e+01 ; 7.200e+00 ; 3.500e+00 ; 1.5001000e+01 ; 2.4800000e+02 
3.500e+01 ; 7.200e+00 ; 3.500e+00 ; 1.5002000e+01 ; 2.4800000e+02 
3.500e+01 ; 7.200e+00 ; 3.500e+00 ; 1.5003000e+01 ; 2.4800000e+02 
3.500e+01 ; 7.200e+00 ; 3.500e+00 ; 1.5005000e+01 ; 2.4800000e+02 
3.500e+01 ; 7.200e+00 ; 3.500e+00 ; 1.5009000e+01 ; 2.4800000e+02 
3.500e+01 ; 7.200e+00 ; 3.500e+00 ; 1.5017000e+01 ; 2.4800000e+02 
3.500e+01 ; 7.200e+00 ; 3.500e+00 ; 1.5033000e+01 ; 2.4800000e+02 
3.500e+01 ; 7.200e+00 ; 3.500e+00 ; 1.5065000e+01 ; 2.4800000e+02 
3.500e+01 ; 7.200e+00 ; 3.500e+00 ; 1.5129000e+01 ; 2.4800000e+02 
3.500e+01 ; 7.200e+00 ; 3.500e+00 ; 1.5257000e+01 ; 2.4800000e+02 
3.500e+01 ; 7.200e+00 ; 3.500e+00 ; 1.5513000e+01 ; 2.4800000e+02 
3.500e+01 ; 7.200e+00 ; 3.500e+00 ; 1.6000000e+01 ; 2.4800000e+02 
3.500e+01 ; 7.200e+00 ; 3.500e+00 ; 1.6000000e+01 ; 2.4800000e+02 
3.500e+01 ; 7.200e+00 ; 3.500e+00 ; 1.6001000e+01 ; 2.4800000e+02 
3.500e+01 ; 7.200e+00 ; 3.500e+00 ; 1.6002000e+01 ; 2.4800000e+02 
3.500e+01 ; 7.200e+00 ; 3.500e+00 ; 1.6003000e+01 ; 2.4800000e+02 
3.500e+01 ; 7.200e+00 ; 3.500e+00 ; 1.6005000e+01 ; 2.4800000e+02 
3.500e+01 ; 7.200e+00 ; 3.500e+00 ; 1.6009000e+01 ; 2.4800000e+02 
3.500e+01 ; 7.200e+00 ; 3.500e+00 ; 1.6017000e+01 ; 2.4800000e+02 
3.500e+01 ; 7.200e+00 ; 3.500e+00 ; 1.6033000e+01 ; 2.4800000e+02 
3.500e+01 ; 7.200e+00 ; 3.500e+00 ; 1.6065000e+01 ; 2.4800000e+02 
3.500e+01 ; 7.200e+00 ; 3.500e+00 ; 1.6129000e+01 ; 2.4800000e+02 
3.500e+01 ; 7.200e+00 ; 3.500e+00 ; 1.6257000e+01 ; 2.4800000e+02 
3.500e+01 ; 7.200e+00 ; 3.500e+00 ; 1.6513000e+01 ; 2.4800000e+02 
3.500e+01 ; 7.200e+00 ; 3.500e+00 ; 1.7000000e+01 ; 2.4800000e+02 
3.500e+01 ; 7.200e+00 ; 3.500e+00 ; 1.7000000e+01 ; 2.4800000e+02 
3.500e+01 ; 7.200e+00 ; 3.500e+00 ; 1.7001000e+01 ; 2.4800000e+02 
3.500e+01 ; 7.200e+00 ; 3.500e+00 ; 1.7002000e+01 ; 2.4800000e+02 
3.500e+01 ; 7.200e+00 ; 3.500e+00 ; 1.7003000e+01 ; 2.4800000e+02 
3.500e+01 ; 7.200e+00 ; 3.500e+00 ; 1.7005000e+01 ; 2.4800000e+02 
3.500e+01 ; 7.200e+00 ; 3.500e+00 ; 1.7009000e+01 ; 2.4800000e+02 
3.500e+01 ; 7.200e+00 ; 3.500e+00 ; 1.7017000e+01 ; 2.4800000e+02 
3.500e+01 ; 7.200e+00 ; 3.500e+00 ; 1.7033000e+01 ; 2.4800000e+02 
3.500e+01 ; 7.200e+00 ; 3.500e+00 ; 1.7065000e+01 ; 2.4800000e+02 
3.500e+01 ; 7.200e+00 ; 3.500e+00 ; 1.7129000e+01 ; 2.4800000e+02 
3.500e+01 ; 7.200e+00 ; 3.500e+00 ; 1.7257000e+01 ; 2.4800000e+02 
3.500e+01 ; 7.200e+00 ; 3.500e+00 ; 1.7513000e+01 ; 2.4800000e+02 
3.500e+01 ; 7.200e+00 ; 3.500e+00 ; 1.8000000e+01 ; 2.4800000e+02 
3.500e+01 ; 7.200e+00 ; 3.500e+00 ; 1.8000000e+01 ; 2.4800000e+02 
3.500e+01 ; 7.200e+00 ; 3.500e+00 ; 1.8001000e+01 ; 2.4800000e+02 
3.500e+01 ; 7.200e+00 ; 3.500e+00 ; 1.8002000e+01 ; 2.4800000e+02 
3.500e+01 ; 7.200e+00 ; 3.500e+00 ; 1.8003000e+01 ; 2.4800000e+02 
3.500e+01 ; 7.200e+00 ; 3.500e+00 ; 1.8005000e+01 ; 2.4800000e+02 
3.500e+01 ; 7.200e+00 ; 3.500e+00 ; 1.8009000e+01 ; 2.4800000e+02 
3.500e+01 ; 7.200e+00 ; 3.500e+00 ; 1.8017000e+01 ; 2.4800000e+02 
3.500e+01 ; 7.200e+00 ; 3.500e+00 ; 1.8033000e+01 ; 2.4800000e+02 
3.500e+01 ; 7.200e+00 ; 3.500e+00 ; 1.8065000e+01 ; 2.4800000e+02 
3.500e+01 ; 7.200e+00 ; 3.500e+00 ; 1.8129000e+01 ; 2.4800000e+02 
3.500e+01 ; 7.200e+00 ; 3.500e+00 ; 1.8257000e+01 ; 2.4800000e+02 
3.500e+01 ; 7.200e+00 ; 3.500e+00 ; 1.8513000e+01 ; 2.4800000e+02 
3.500e+01 ; 7.200e+00 ; 3.500e+00 ; 1.9000000e+01 ; 2.4800000e+02 
3.500e+01 ; 7.200e+00 ; 3.500e+00 ; 1.9000000e+01 ; 2.4800000e+02 
3.500e+01 ; 7.200e+00 ; 3.500e+00 ; 1.9001000e+01 ; 2.4800000e+02 
3.500e+01 ; 7.200e+00 ; 3.500e+00 ; 1.9002000e+01 ; 2.4800000e+02 
3.500e+01 ; 7.200e+00 ; 3.500e+00 ; 1.9003000e+01 ; 2.4800000e+02 
3.500e+01 ; 7.200e+00 ; 3.500e+00 ; 1.9005000e+01 ; 2.4800000e+02 
3.500e+01 ; 7.200e+00 ; 3.500e+00 ; 1.9009000e+01 ; 2.4800000e+02 
3.500e+01 ; 7.200e+00 ; 3.500e+00 ; 1.9017000e+01 ; 2.4800000e+02 
3.500e+01 ; 7.200e+00 ; 3.500e+00 ; 1.9033000e+01 ; 2.4800000e+02 
3.500e+01 ; 7.200e+00 ; 3.500e+00 ; 1.9065000e+01 ; 2.4800000e+02 
3.500e+01 ; 7.200e+00 ; 3.500e+00 ; 1.9129000e+01 ; 2.4800000e+02 
3.500e+01 ; 7.200e+00 ; 3.500e+00 ; 1.9257000e+01 ; 2.4800000e+02 
3.500e+01 ; 7.200e+00 ; 3.500e+00 ; 1.9513000e+01 ; 2.4800000e+02 
3.500e+01 ; 7.200e+00 ; 3.500e+00 ; 2.0000000e+01 ; 2.4800000e+02 
3.500e+01 ; 7.200e+00 ; 3.500e+00 ; 2.0000000e+01 ; 2.4800000e+02 
3.500e+01 ; 7.200e+00 ; 3.500e+00 ; 2.0001000e+01 ; 2.4800000e+02 
3.500e+01 ; 7.200e+00 ; 3.500e+00 ; 2.0002000e+01 ; 2.4800000e+02 
3.500e+01 ; 7.200e+00 ; 3.500e+00 ; 2.0003000e+01 ; 2.4800000e+02 
3.500e+01 ; 7.200e+00 ; 3.500e+00 ; 2.0005000e+01 ; 2.4800000e+02 
3.500e+01 ; 7.200e+00 ; 3.500e+00 ; 2.0009000e+01 ; 2.4800000e+02 
3.500e+01 ; 7.200e+00 ; 3.500e+00 ; 2.0017000e+01 ; 2.4800000e+02 
3.500e+01 ; 7.200e+00 ; 3.500e+00 ; 2.0033000e+01 ; 2.4800000e+02 
3.500e+01 ; 7.200e+00 ; 3.500e+00 ; 2.0065000e+01 ; 2.4800000e+02 
3.500e+01 ; 7.200e+00 ; 3.500e+00 ; 2.0129000e+01 ; 2.4800000e+02 
3.500e+01 ; 7.200e+00 ; 3.500e+00 ; 2.0257000e+01 ; 2.4800000e+02 
3.500e+01 ; 7.200e+00 ; 3.500e+00 ; 2.0513000e+01 ; 2.4800000e+02 
3.500e+01 ; 7.200e+00 ; 3.500e+00 ; 2.1000000e+01 ; 2.4800000e+02 
3.500e+01 ; 7.200e+00 ; 3.500e+00 ; 2.1000000e+01 ; 2.4800000e+02 
3.500e+01 ; 7.200e+00 ; 3.500e+00 ; 2.1001000e+01 ; 2.4800000e+02 
3.500e+01 ; 7.200e+00 ; 3.500e+00 ; 2.1002000e+01 ; 2.4800000e+02 
3.500e+01 ; 7.200e+00 ; 3.500e+00 ; 2.1003000e+01 ; 2.4800000e+02 
3.500e+01 ; 7.200e+00 ; 3.500e+00 ; 2.1005000e+01 ; 2.4800000e+02 
3.500e+01 ; 7.200e+00 ; 3.500e+00 ; 2.1009000e+01 ; 2.4800000e+02 
3.500e+01 ; 7.200e+00 ; 3.500e+00 ; 2.1017000e+01 ; 2.4800000e+02 
3.500e+01 ; 7.200e+00 ; 3.500e+00 ; 2.1033000e+01 ; 2.4800000e+02 
3.500e+01 ; 7.200e+00 ; 3.500e+00 ; 2.1065000e+01 ; 2.4800000e+02 
3.500e+01 ; 7.200e+00 ; 3.500e+00 ; 2.1129000e+01 ; 2.4800000e+02 
3.500e+01 ; 7.200e+00 ; 3.500e+00 ; 2.1257000e+01 ; 2.4800000e+02 
3.500e+01 ; 7.200e+00 ; 3.500e+00 ; 2.1513000e+01 ; 2.4800000e+02 
3.500e+01 ; 7.200e+00 ; 3.500e+00 ; 2.2000000e+01 ; 2.4800000e+02 
3.500e+01 ; 7.200e+00 ; 3.500e+00 ; 2.2000000e+01 ; 2.4800000e+02 
3.500e+01 ; 7.200e+00 ; 3.500e+00 ; 2.2001000e+01 ; 2.4800000e+02 
3.500e+01 ; 7.200e+00 ; 3.500e+00 ; 2.2002000e+01 ; 2.4800000e+02 
3.500e+01 ; 7.200e+00 ; 3.500e+00 ; 2.2003000e+01 ; 2.4800000e+02 
3.500e+01 ; 7.200e+00 ; 3.500e+00 ; 2.2005000e+01 ; 2.4800000e+02 
3.500e+01 ; 7.200e+00 ; 3.500e+00 ; 2.2009000e+01 ; 2.4800000e+02 
3.500e+01 ; 7.200e+00 ; 3.500e+00 ; 2.2017000e+01 ; 2.4800000e+02 
3.500e+01 ; 7.200e+00 ; 3.500e+00 ; 2.2033000e+01 ; 2.4800000e+02 
3.500e+01 ; 7.200e+00 ; 3.500e+00 ; 2.2065000e+01 ; 2.4800000e+02 
3.500e+01 ; 7.200e+00 ; 3.500e+00 ; 2.2129000e+01 ; 2.4800000e+02 
3.500e+01 ; 7.200e+00 ; 3.500e+00 ; 2.2257000e+01 ; 2.4800000e+02 
3.500e+01 ; 7.200e+00 ; 3.500e+00 ; 2.2513000e+01 ; 2.4800000e+02 
3.500e+01 ; 7.200e+00 ; 3.500e+00 ; 2.3000000e+01 ; 2.4800000e+02 
3.500e+01 ; 7.200e+00 ; 3.500e+00 ; 2.3000000e+01 ; 2.4800000e+02 
3.500e+01 ; 7.200e+00 ; 3.500e+00 ; 2.3001000e+01 ; 2.4800000e+02 
3.500e+01 ; 7.200e+00 ; 3.500e+00 ; 2.3002000e+01 ; 2.4800000e+02 
3.500e+01 ; 7.200e+00 ; 3.500e+00 ; 2.3003000e+01 ; 2.4800000e+02 
3.500e+01 ; 7.200e+00 ; 3.500e+00 ; 2.3005000e+01 ; 2.4800000e+02 
3.500e+01 ; 7.200e+00 ; 3.500e+00 ; 2.3009000e+01 ; 2.4800000e+02 
3.500e+01 ; 7.200e+00 ; 3.500e+00 ; 2.3017000e+01 ; 2.4800000e+02 
3.500e+01 ; 7.200e+00 ; 3.500e+00 ; 2.3033000e+01 ; 2.4800000e+02 
3.500e+01 ; 7.200e+00 ; 3.500e+00 ; 2.3065000e+01 ; 2.4800000e+02 
3.500e+01 ; 7.200e+00 ; 3.500e+00 ; 2.3129000e+01 ; 2.4800000e+02 
3.500e+01 ; 7.200e+00 ; 3.500e+00 ; 2.3257000e+01 ; 2.4800000e+02 
3.500e+01 ; 7.200e+00 ; 3.500e+00 ; 2.3513000e+01 ; 2.4800000e+02 
3.500e+01 ; 7.200e+00 ; 3.500e+00 ; 2.4000000e+01 ; 2.4800000e+02 
3.500e+01 ; 7.200e+00 ; 3.500e+00 ; 2.4000000e+01 ; 2.4800000e+02 
3.500e+01 ; 7.200e+00 ; 3.500e+00 ; 2.4001000e+01 ; 2.4800000e+02 
3.500e+01 ; 7.200e+00 ; 3.500e+00 ; 2.4002000e+01 ; 2.4800000e+02 
3.500e+01 ; 7.200e+00 ; 3.500e+00 ; 2.4003000e+01 ; 2.4800000e+02 
3.500e+01 ; 7.200e+00 ; 3.500e+00 ; 2.4005000e+01 ; 2.4800000e+02 
3.500e+01 ; 7.200e+00 ; 3.500e+00 ; 2.4009000e+01 ; 2.4800000e+02 
3.500e+01 ; 7.200e+00 ; 3.500e+00 ; 2.4017000e+01 ; 2.4800000e+02 
3.500e+01 ; 7.200e+00 ; 3.500e+00 ; 2.4033000e+01 ; 2.4800000e+02 
3.500e+01 ; 7.200e+00 ; 3.500e+00 ; 2.4065000e+01 ; 2.4800000e+02 
3.500e+01 ; 7.200e+00 ; 3.500e+00 ; 2.4129000e+01 ; 2.4800000e+02 
3.500e+01 ; 7.200e+00 ; 3.500e+00 ; 2.4257000e+01 ; 2.4800000e+02 
3.500e+01 ; 7.200e+00 ; 3.500e+00 ; 2.4513000e+01 ; 2.4800000e+02 
3.500e+01 ; 7.200e+00 ; 3.500e+00 ; 2.5000000e+01 ; 2.4800000e+02 
3.500e+01 ; 7.200e+00 ; 3.500e+00 ; 2.5000000e+01 ; 2.4800000e+02 
3.500e+01 ; 7.200e+00 ; 3.500e+00 ; 2.5001000e+01 ; 2.4800000e+02 
3.500e+01 ; 7.200e+00 ; 3.500e+00 ; 2.5002000e+01 ; 2.4800000e+02 
3.500e+01 ; 7.200e+00 ; 3.500e+00 ; 2.5003000e+01 ; 2.4800000e+02 
3.500e+01 ; 7.200e+00 ; 3.500e+00 ; 2.5005000e+01 ; 2.4800000e+02 
3.500e+01 ; 7.200e+00 ; 3.500e+00 ; 2.5009000e+01 ; 2.4800000e+02 
3.500e+01 ; 7.200e+00 ; 3.500e+00 ; 2.5017000e+01 ; 2.4800000e+02 
3.500e+01 ; 7.200e+00 ; 3.500e+00 ; 2.5033000e+01 ; 2.4800000e+02 
3.500e+01 ; 7.200e+00 ; 3.500e+00 ; 2.5065000e+01 ; 2.4800000e+02 
3.500e+01 ; 7.200e+00 ; 3.500e+00 ; 2.5129000e+01 ; 2.4800000e+02 
3.500e+01 ; 7.200e+00 ; 3.500e+00 ; 2.5257000e+01 ; 2.4800000e+02 
3.500e+01 ; 7.200e+00 ; 3.500e+00 ; 2.5513000e+01 ; 2.4800000e+02 
3.500e+01 ; 7.200e+00 ; 3.500e+00 ; 2.6000000e+01 ; 2.4800000e+02 
3.500e+01 ; 7.200e+00 ; 3.500e+00 ; 2.6000000e+01 ; 2.4800000e+02 
3.500e+01 ; 7.200e+00 ; 3.500e+00 ; 2.6001000e+01 ; 2.4800000e+02 
3.500e+01 ; 7.200e+00 ; 3.500e+00 ; 2.6002000e+01 ; 2.4800000e+02 
3.500e+01 ; 7.200e+00 ; 3.500e+00 ; 2.6003000e+01 ; 2.4800000e+02 
3.500e+01 ; 7.200e+00 ; 3.500e+00 ; 2.6005000e+01 ; 2.4800000e+02 
3.500e+01 ; 7.200e+00 ; 3.500e+00 ; 2.6009000e+01 ; 2.4800000e+02 
3.500e+01 ; 7.200e+00 ; 3.500e+00 ; 2.6017000e+01 ; 2.4800000e+02 
3.500e+01 ; 7.200e+00 ; 3.500e+00 ; 2.6033000e+01 ; 2.4800000e+02 
3.500e+01 ; 7.200e+00 ; 3.500e+00 ; 2.6065000e+01 ; 2.4800000e+02 
3.500e+01 ; 7.200e+00 ; 3.500e+00 ; 2.6129000e+01 ; 2.4800000e+02 
3.500e+01 ; 7.200e+00 ; 3.500e+00 ; 2.6257000e+01 ; 2.4800000e+02 
3.500e+01 ; 7.200e+00 ; 3.500e+00 ; 2.6513000e+01 ; 2.4800000e+02 
3.500e+01 ; 7.200e+00 ; 3.500e+00 ; 2.7000000e+01 ; 2.4800000e+02 
3.500e+01 ; 7.200e+00 ; 3.500e+00 ; 2.7000000e+01 ; 2.4800000e+02 
3.500e+01 ; 7.200e+00 ; 3.500e+00 ; 2.7001000e+01 ; 2.4800000e+02 
3.500e+01 ; 7.200e+00 ; 3.500e+00 ; 2.7002000e+01 ; 2.4800000e+02 
3.500e+01 ; 7.200e+00 ; 3.500e+00 ; 2.7003000e+01 ; 2.4800000e+02 
3.500e+01 ; 7.200e+00 ; 3.500e+00 ; 2.7005000e+01 ; 2.4800000e+02 
3.500e+01 ; 7.200e+00 ; 3.500e+00 ; 2.7009000e+01 ; 2.4800000e+02 
3.500e+01 ; 7.200e+00 ; 3.500e+00 ; 2.7017000e+01 ; 2.4800000e+02 
3.500e+01 ; 7.200e+00 ; 3.500e+00 ; 2.7033000e+01 ; 2.4800000e+02 
3.500e+01 ; 7.200e+00 ; 3.500e+00 ; 2.7065000e+01 ; 2.4800000e+02 
3.500e+01 ; 7.200e+00 ; 3.500e+00 ; 2.7129000e+01 ; 2.4800000e+02 
3.500e+01 ; 7.200e+00 ; 3.500e+00 ; 2.7257000e+01 ; 2.4800000e+02 
3.500e+01 ; 7.200e+00 ; 3.500e+00 ; 2.7513000e+01 ; 2.4800000e+02 
3.500e+01 ; 7.200e+00 ; 3.500e+00 ; 2.8000000e+01 ; 2.4800000e+02 
3.500e+01 ; 7.200e+00 ; 3.500e+00 ; 2.8000000e+01 ; 2.4800000e+02 
3.500e+01 ; 7.200e+00 ; 3.500e+00 ; 2.8001000e+01 ; 2.4800000e+02 
3.500e+01 ; 7.200e+00 ; 3.500e+00 ; 2.8002000e+01 ; 2.4800000e+02 
3.500e+01 ; 7.200e+00 ; 3.500e+00 ; 2.8003000e+01 ; 2.4800000e+02 
3.500e+01 ; 7.200e+00 ; 3.500e+00 ; 2.8005000e+01 ; 2.4800000e+02 
3.500e+01 ; 7.200e+00 ; 3.500e+00 ; 2.8009000e+01 ; 2.4800000e+02 
3.500e+01 ; 7.200e+00 ; 3.500e+00 ; 2.8017000e+01 ; 2.4800000e+02 
3.500e+01 ; 7.200e+00 ; 3.500e+00 ; 2.8033000e+01 ; 2.4800000e+02 
3.500e+01 ; 7.200e+00 ; 3.500e+00 ; 2.8065000e+01 ; 2.4800000e+02 
3.500e+01 ; 7.200e+00 ; 3.500e+00 ; 2.8129000e+01 ; 2.4800000e+02 
3.500e+01 ; 7.200e+00 ; 3.500e+00 ; 2.8257000e+01 ; 2.4800000e+02 
3.500e+01 ; 7.200e+00 ; 3.500e+00 ; 2.8513000e+01 ; 2.4800000e+02 
3.500e+01 ; 7.200e+00 ; 3.500e+00 ; 2.9000000e+01 ; 2.4800000e+02 
3.500e+01 ; 7.200e+00 ; 3.500e+00 ; 2.9000000e+01 ; 2.4800000e+02 
3.500e+01 ; 7.200e+00 ; 3.500e+00 ; 2.9001000e+01 ; 2.4800000e+02 
3.500e+01 ; 7.200e+00 ; 3.500e+00 ; 2.9002000e+01 ; 2.4800000e+02 
3.500e+01 ; 7.200e+00 ; 3.500e+00 ; 2.9003000e+01 ; 2.4800000e+02 
3.500e+01 ; 7.200e+00 ; 3.500e+00 ; 2.9005000e+01 ; 2.4800000e+02 
3.500e+01 ; 7.200e+00 ; 3.500e+00 ; 2.9009000e+01 ; 2.4800000e+02 
3.500e+01 ; 7.200e+00 ; 3.500e+00 ; 2.9017000e+01 ; 2.4800000e+02 
3.500e+01 ; 7.200e+00 ; 3.500e+00 ; 2.9033000e+01 ; 2.4800000e+02 
3.500e+01 ; 7.200e+00 ; 3.500e+00 ; 2.9065000e+01 ; 2.4800000e+02 
3.500e+01 ; 7.200e+00 ; 3.500e+00 ; 2.9129000e+01 ; 2.4800000e+02 
3.500e+01 ; 7.200e+00 ; 3.500e+00 ; 2.9257000e+01 ; 2.4800000e+02 
3.500e+01 ; 7.200e+00 ; 3.500e+00 ; 2.9513000e+01 ; 2.4800000e+02 
3.500e+01 ; 7.200e+00 ; 3.500e+00 ; 3.0000000e+01 ; 2.4800000e+02 
3.500e+01 ; 7.200e+00 ; 3.500e+00 ; 3.0000000e+01 ; 2.4800000e+02 
3.500e+01 ; 7.200e+00 ; 3.500e+00 ; 3.0001000e+01 ; 2.4800000e+02 
3.500e+01 ; 7.200e+00 ; 3.500e+00 ; 3.0002000e+01 ; 2.4800000e+02 
3.500e+01 ; 7.200e+00 ; 3.500e+00 ; 3.0003000e+01 ; 2.4800000e+02 
3.500e+01 ; 7.200e+00 ; 3.500e+00 ; 3.0005000e+01 ; 2.4800000e+02 
3.500e+01 ; 7.200e+00 ; 3.500e+00 ; 3.0009000e+01 ; 2.4800000e+02 
3.500e+01 ; 7.200e+00 ; 3.500e+00 ; 3.0017000e+01 ; 2.4800000e+02 
3.500e+01 ; 7.200e+00 ; 3.500e+00 ; 3.0033000e+01 ; 2.4800000e+02 
3.500e+01 ; 7.200e+00 ; 3.500e+00 ; 3.0065000e+01 ; 2.4800000e+02 
3.500e+01 ; 7.200e+00 ; 3.500e+00 ; 3.0129000e+01 ; 2.4800000e+02 
3.500e+01 ; 7.200e+00 ; 3.500e+00 ; 3.0257000e+01 ; 2.4800000e+02 
3.500e+01 ; 7.200e+00 ; 3.500e+00 ; 3.0513000e+01 ; 2.4800000e+02 
3.500e+01 ; 7.200e+00 ; 3.500e+00 ; 3.1000000e+01 ; 2.4800000e+02 
3.500e+01 ; 7.200e+00 ; 3.500e+00 ; 3.1000000e+01 ; 2.4800000e+02 
3.500e+01 ; 7.200e+00 ; 3.500e+00 ; 3.1001000e+01 ; 2.4800000e+02 
3.500e+01 ; 7.200e+00 ; 3.500e+00 ; 3.1002000e+01 ; 2.4800000e+02 
3.500e+01 ; 7.200e+00 ; 3.500e+00 ; 3.1003000e+01 ; 2.4800000e+02 
3.500e+01 ; 7.200e+00 ; 3.500e+00 ; 3.1005000e+01 ; 2.4800000e+02 
3.500e+01 ; 7.200e+00 ; 3.500e+00 ; 3.1009000e+01 ; 2.4800000e+02 
3.500e+01 ; 7.200e+00 ; 3.500e+00 ; 3.1017000e+01 ; 2.4800000e+02 
3.500e+01 ; 7.200e+00 ; 3.500e+00 ; 3.1033000e+01 ; 2.4800000e+02 
3.500e+01 ; 7.200e+00 ; 3.500e+00 ; 3.1065000e+01 ; 2.4800000e+02 
3.500e+01 ; 7.200e+00 ; 3.500e+00 ; 3.1129000e+01 ; 2.4800000e+02 
3.500e+01 ; 7.200e+00 ; 3.500e+00 ; 3.1257000e+01 ; 2.4800000e+02 
3.500e+01 ; 7.200e+00 ; 3.500e+00 ; 3.1513000e+01 ; 2.4800000e+02 
3.500e+01 ; 7.200e+00 ; 3.500e+00 ; 3.2000000e+01 ; 2.4800000e+02 
3.500e+01 ; 7.200e+00 ; 3.500e+00 ; 3.2000000e+01 ; 2.4800000e+02 
3.500e+01 ; 7.200e+00 ; 3.500e+00 ; 3.2001000e+01 ; 2.4800000e+02 
3.500e+01 ; 7.200e+00 ; 3.500e+00 ; 3.2002000e+01 ; 2.4800000e+02 
3.500e+01 ; 7.200e+00 ; 3.500e+00 ; 3.2003000e+01 ; 2.4800000e+02 
3.500e+01 ; 7.200e+00 ; 3.500e+00 ; 3.2005000e+01 ; 2.4800000e+02 
3.500e+01 ; 7.200e+00 ; 3.500e+00 ; 3.2009000e+01 ; 2.4800000e+02 
3.500e+01 ; 7.200e+00 ; 3.500e+00 ; 3.2017000e+01 ; 2.4800000e+02 
3.500e+01 ; 7.200e+00 ; 3.500e+00 ; 3.2033000e+01 ; 2.4800000e+02 
3.500e+01 ; 7.200e+00 ; 3.500e+00 ; 3.2065000e+01 ; 2.4800000e+02 
3.500e+01 ; 7.200e+00 ; 3.500e+00 ; 3.2129000e+01 ; 2.4800000e+02 
3.500e+01 ; 7.200e+00 ; 3.500e+00 ; 3.2257000e+01 ; 2.4800000e+02 
3.500e+01 ; 7.200e+00 ; 3.500e+00 ; 3.2513000e+01 ; 2.4800000e+02 
3.500e+01 ; 7.200e+00 ; 3.500e+00 ; 3.3000000e+01 ; 2.4800000e+02 
3.500e+01 ; 7.200e+00 ; 3.500e+00 ; 3.3000000e+01 ; 2.4800000e+02 
3.500e+01 ; 7.200e+00 ; 3.500e+00 ; 3.3001000e+01 ; 2.4800000e+02 
3.500e+01 ; 7.200e+00 ; 3.500e+00 ; 3.3002000e+01 ; 2.4800000e+02 
3.500e+01 ; 7.200e+00 ; 3.500e+00 ; 3.3003000e+01 ; 2.4800000e+02 
3.500e+01 ; 7.200e+00 ; 3.500e+00 ; 3.3005000e+01 ; 2.4800000e+02 
3.500e+01 ; 7.200e+00 ; 3.500e+00 ; 3.3009000e+01 ; 2.4800000e+02 
3.500e+01 ; 7.200e+00 ; 3.500e+00 ; 3.3017000e+01 ; 2.4800000e+02 
3.500e+01 ; 7.200e+00 ; 3.500e+00 ; 3.3033000e+01 ; 2.4800000e+02 
3.500e+01 ; 7.200e+00 ; 3.500e+00 ; 3.3065000e+01 ; 2.4800000e+02 
3.500e+01 ; 7.200e+00 ; 3.500e+00 ; 3.3129000e+01 ; 2.4800000e+02 
3.500e+01 ; 7.200e+00 ; 3.500e+00 ; 3.3257000e+01 ; 2.4800000e+02 
3.500e+01 ; 7.200e+00 ; 3.500e+00 ; 3.3513000e+01 ; 2.4800000e+02 
3.500e+01 ; 7.200e+00 ; 3.500e+00 ; 3.4000000e+01 ; 2.4800000e+02 
3.500e+01 ; 7.200e+00 ; 3.500e+00 ; 3.4000000e+01 ; 2.4800000e+02 
3.500e+01 ; 7.200e+00 ; 3.500e+00 ; 3.4001000e+01 ; 2.4800000e+02 
3.500e+01 ; 7.200e+00 ; 3.500e+00 ; 3.4002000e+01 ; 2.4800000e+02 
3.500e+01 ; 7.200e+00 ; 3.500e+00 ; 3.4003000e+01 ; 2.4800000e+02 
3.500e+01 ; 7.200e+00 ; 3.500e+00 ; 3.4005000e+01 ; 2.4800000e+02 
3.500e+01 ; 7.200e+00 ; 3.500e+00 ; 3.4009000e+01 ; 2.4800000e+02 
3.500e+01 ; 7.200e+00 ; 3.500e+00 ; 3.4017000e+01 ; 2.4800000e+02 
3.500e+01 ; 7.200e+00 ; 3.500e+00 ; 3.4033000e+01 ; 2.4800000e+02 
3.500e+01 ; 7.200e+00 ; 3.500e+00 ; 3.4065000e+01 ; 2.4800000e+02 
3.500e+01 ; 7.200e+00 ; 3.500e+00 ; 3.4129000e+01 ; 2.4800000e+02 
3.500e+01 ; 7.200e+00 ; 3.500e+00 ; 3.4257000e+01 ; 2.4800000e+02 
3.500e+01 ; 7.200e+00 ; 3.500e+00 ; 3.4513000e+01 ; 2.4800000e+02 
3.500e+01 ; 7.200e+00 ; 3.500e+00 ; 3.5000000e+01 ; 2.4800000e+02 
3.500e+01 ; 7.200e+00 ; 3.500e+00 ; 3.5000000e+01 ; 2.4800000e+02 
3.500e+01 ; 7.200e+00 ; 3.500e+00 ; 3.5001000e+01 ; 2.4800000e+02 
3.500e+01 ; 7.200e+00 ; 3.500e+00 ; 3.5002000e+01 ; 2.4800000e+02 
3.500e+01 ; 7.200e+00 ; 3.500e+00 ; 3.5003000e+01 ; 2.4800000e+02 
3.500e+01 ; 7.200e+00 ; 3.500e+00 ; 3.5005000e+01 ; 2.4800000e+02 
3.500e+01 ; 7.200e+00 ; 3.500e+00 ; 3.5009000e+01 ; 2.4800000e+02 
3.500e+01 ; 7.200e+00 ; 3.500e+00 ; 3.5017000e+01 ; 2.4800000e+02 
3.500e+01 ; 7.200e+00 ; 3.500e+00 ; 3.5033000e+01 ; 2.4800000e+02 
3.500e+01 ; 7.200e+00 ; 3.500e+00 ; 3.5065000e+01 ; 2.4800000e+02 
3.500e+01 ; 7.200e+00 ; 3.500e+00 ; 3.5129000e+01 ; 2.4800000e+02 
3.500e+01 ; 7.200e+00 ; 3.500e+00 ; 3.5257000e+01 ; 2.4800000e+02 
3.500e+01 ; 7.200e+00 ; 3.500e+00 ; 3.5513000e+01 ; 2.4800000e+02 
3.500e+01 ; 7.200e+00 ; 3.500e+00 ; 3.6000000e+01 ; 2.4800000e+02 
3.500e+01 ; 7.200e+00 ; 3.500e+00 ; 3.6000000e+01 ; 2.4800000e+02 
3.500e+01 ; 7.200e+00 ; 3.500e+00 ; 3.6001000e+01 ; 2.4800000e+02 
3.500e+01 ; 7.200e+00 ; 3.500e+00 ; 3.6002000e+01 ; 2.4800000e+02 
3.500e+01 ; 7.200e+00 ; 3.500e+00 ; 3.6003000e+01 ; 2.4800000e+02 
3.500e+01 ; 7.200e+00 ; 3.500e+00 ; 3.6005000e+01 ; 2.4800000e+02 
3.500e+01 ; 7.200e+00 ; 3.500e+00 ; 3.6009000e+01 ; 2.4800000e+02 
3.500e+01 ; 7.200e+00 ; 3.500e+00 ; 3.6017000e+01 ; 2.4800000e+02 
3.500e+01 ; 7.200e+00 ; 3.500e+00 ; 3.6033000e+01 ; 2.4800000e+02 
3.500e+01 ; 7.200e+00 ; 3.500e+00 ; 3.6065000e+01 ; 2.4800000e+02 
3.500e+01 ; 7.200e+00 ; 3.500e+00 ; 3.6129000e+01 ; 2.4800000e+02 
3.500e+01 ; 7.200e+00 ; 3.500e+00 ; 3.6257000e+01 ; 2.4800000e+02 
3.500e+01 ; 7.200e+00 ; 3.500e+00 ; 3.6513000e+01 ; 2.4800000e+02 
3.500e+01 ; 7.200e+00 ; 3.500e+00 ; 3.7000000e+01 ; 2.4800000e+02 
3.500e+01 ; 7.200e+00 ; 3.500e+00 ; 3.7000000e+01 ; 2.4800000e+02 
3.500e+01 ; 7.200e+00 ; 3.500e+00 ; 3.7001000e+01 ; 2.4800000e+02 
3.500e+01 ; 7.200e+00 ; 3.500e+00 ; 3.7002000e+01 ; 2.4800000e+02 
3.500e+01 ; 7.200e+00 ; 3.500e+00 ; 3.7003000e+01 ; 2.4800000e+02 
3.500e+01 ; 7.200e+00 ; 3.500e+00 ; 3.7005000e+01 ; 2.4800000e+02 
3.500e+01 ; 7.200e+00 ; 3.500e+00 ; 3.7009000e+01 ; 2.4800000e+02 
3.500e+01 ; 7.200e+00 ; 3.500e+00 ; 3.7017000e+01 ; 2.4800000e+02 
3.500e+01 ; 7.200e+00 ; 3.500e+00 ; 3.7033000e+01 ; 2.4800000e+02 
3.500e+01 ; 7.200e+00 ; 3.500e+00 ; 3.7065000e+01 ; 2.4800000e+02 
3.500e+01 ; 7.200e+00 ; 3.500e+00 ; 3.7129000e+01 ; 2.4800000e+02 
3.500e+01 ; 7.200e+00 ; 3.500e+00 ; 3.7257000e+01 ; 2.4800000e+02 
3.500e+01 ; 7.200e+00 ; 3.500e+00 ; 3.7513000e+01 ; 2.4800000e+02 
3.500e+01 ; 7.200e+00 ; 3.500e+00 ; 3.8000000e+01 ; 2.4800000e+02 
3.500e+01 ; 7.200e+00 ; 3.500e+00 ; 3.8000000e+01 ; 2.4800000e+02 
3.500e+01 ; 7.200e+00 ; 3.500e+00 ; 3.8001000e+01 ; 2.4800000e+02 
3.500e+01 ; 7.200e+00 ; 3.500e+00 ; 3.8002000e+01 ; 2.4800000e+02 
3.500e+01 ; 7.200e+00 ; 3.500e+00 ; 3.8003000e+01 ; 2.4800000e+02 
3.500e+01 ; 7.200e+00 ; 3.500e+00 ; 3.8005000e+01 ; 2.4800000e+02 
3.500e+01 ; 7.200e+00 ; 3.500e+00 ; 3.8009000e+01 ; 2.4800000e+02 
3.500e+01 ; 7.200e+00 ; 3.500e+00 ; 3.8017000e+01 ; 2.4800000e+02 
3.500e+01 ; 7.200e+00 ; 3.500e+00 ; 3.8033000e+01 ; 2.4800000e+02 
3.500e+01 ; 7.200e+00 ; 3.500e+00 ; 3.8065000e+01 ; 2.4800000e+02 
3.500e+01 ; 7.200e+00 ; 3.500e+00 ; 3.8129000e+01 ; 2.4800000e+02 
3.500e+01 ; 7.200e+00 ; 3.500e+00 ; 3.8257000e+01 ; 2.4800000e+02 
3.500e+01 ; 7.200e+00 ; 3.500e+00 ; 3.8513000e+01 ; 2.4800000e+02 
3.500e+01 ; 7.200e+00 ; 3.500e+00 ; 3.9000000e+01 ; 2.4800000e+02 
3.500e+01 ; 7.200e+00 ; 3.500e+00 ; 3.9000000e+01 ; 2.4800000e+02 
3.500e+01 ; 7.200e+00 ; 3.500e+00 ; 3.9001000e+01 ; 2.4800000e+02 
3.500e+01 ; 7.200e+00 ; 3.500e+00 ; 3.9002000e+01 ; 2.4800000e+02 
3.500e+01 ; 7.200e+00 ; 3.500e+00 ; 3.9003000e+01 ; 2.4800000e+02 
3.500e+01 ; 7.200e+00 ; 3.500e+00 ; 3.9005000e+01 ; 2.4800000e+02 
3.500e+01 ; 7.200e+00 ; 3.500e+00 ; 3.9009000e+01 ; 2.4800000e+02 
3.500e+01 ; 7.200e+00 ; 3.500e+00 ; 3.9017000e+01 ; 2.4800000e+02 
3.500e+01 ; 7.200e+00 ; 3.500e+00 ; 3.9033000e+01 ; 2.4800000e+02 
3.500e+01 ; 7.200e+00 ; 3.500e+00 ; 3.9065000e+01 ; 2.4800000e+02 
3.500e+01 ; 7.200e+00 ; 3.500e+00 ; 3.9129000e+01 ; 2.4800000e+02 
3.500e+01 ; 7.200e+00 ; 3.500e+00 ; 3.9257000e+01 ; 2.4800000e+02 
3.500e+01 ; 7.200e+00 ; 3.500e+00 ; 3.9513000e+01 ; 2.4800000e+02 
3.500e+01 ; 7.200e+00 ; 3.500e+00 ; 4.0000000e+01 ; 2.4800000e+02 
3.500e+01 ; 7.200e+00 ; 3.500e+00 ; 4.0000000e+01 ; 2.4800000e+02 
3.500e+01 ; 7.200e+00 ; 3.500e+00 ; 4.0001000e+01 ; 2.4800000e+02 
3.500e+01 ; 7.200e+00 ; 3.500e+00 ; 4.0002000e+01 ; 2.4800000e+02 
3.500e+01 ; 7.200e+00 ; 3.500e+00 ; 4.0003000e+01 ; 2.4800000e+02 
3.500e+01 ; 7.200e+00 ; 3.500e+00 ; 4.0005000e+01 ; 2.4800000e+02 
3.500e+01 ; 7.200e+00 ; 3.500e+00 ; 4.0009000e+01 ; 2.4800000e+02 
3.500e+01 ; 7.200e+00 ; 3.500e+00 ; 4.0017000e+01 ; 2.4800000e+02 
3.500e+01 ; 7.200e+00 ; 3.500e+00 ; 4.0033000e+01 ; 2.4800000e+02 
3.500e+01 ; 7.200e+00 ; 3.500e+00 ; 4.0065000e+01 ; 2.4800000e+02 
3.500e+01 ; 7.200e+00 ; 3.500e+00 ; 4.0129000e+01 ; 2.4800000e+02 
3.500e+01 ; 7.200e+00 ; 3.500e+00 ; 4.0257000e+01 ; 2.4800000e+02 
3.500e+01 ; 7.200e+00 ; 3.500e+00 ; 4.0513000e+01 ; 2.4800000e+02 
3.500e+01 ; 7.200e+00 ; 3.500e+00 ; 4.1000000e+01 ; 2.4800000e+02 
3.500e+01 ; 7.200e+00 ; 3.500e+00 ; 4.1000000e+01 ; 2.4800000e+02 
3.500e+01 ; 7.200e+00 ; 3.500e+00 ; 4.1001000e+01 ; 2.4800000e+02 
3.500e+01 ; 7.200e+00 ; 3.500e+00 ; 4.1002000e+01 ; 2.4800000e+02 
3.500e+01 ; 7.200e+00 ; 3.500e+00 ; 4.1003000e+01 ; 2.4800000e+02 
3.500e+01 ; 7.200e+00 ; 3.500e+00 ; 4.1005000e+01 ; 2.4800000e+02 
3.500e+01 ; 7.200e+00 ; 3.500e+00 ; 4.1009000e+01 ; 2.4800000e+02 
3.500e+01 ; 7.200e+00 ; 3.500e+00 ; 4.1017000e+01 ; 2.4800000e+02 
3.500e+01 ; 7.200e+00 ; 3.500e+00 ; 4.1033000e+01 ; 2.4800000e+02 
3.500e+01 ; 7.200e+00 ; 3.500e+00 ; 4.1065000e+01 ; 2.4800000e+02 
3.500e+01 ; 7.200e+00 ; 3.500e+00 ; 4.1129000e+01 ; 2.4800000e+02 
3.500e+01 ; 7.200e+00 ; 3.500e+00 ; 4.1257000e+01 ; 2.4800000e+02 
3.500e+01 ; 7.200e+00 ; 3.500e+00 ; 4.1513000e+01 ; 2.4800000e+02 
3.500e+01 ; 7.200e+00 ; 3.500e+00 ; 4.2000000e+01 ; 2.4800000e+02 
3.500e+01 ; 7.200e+00 ; 3.500e+00 ; 4.2000000e+01 ; 2.4800000e+02 
3.500e+01 ; 7.200e+00 ; 3.500e+00 ; 4.2001000e+01 ; 2.4800000e+02 
3.500e+01 ; 7.200e+00 ; 3.500e+00 ; 4.2002000e+01 ; 2.4800000e+02 
3.500e+01 ; 7.200e+00 ; 3.500e+00 ; 4.2003000e+01 ; 2.4800000e+02 
3.500e+01 ; 7.200e+00 ; 3.500e+00 ; 4.2005000e+01 ; 2.4800000e+02 
3.500e+01 ; 7.200e+00 ; 3.500e+00 ; 4.2009000e+01 ; 2.4800000e+02 
3.500e+01 ; 7.200e+00 ; 3.500e+00 ; 4.2017000e+01 ; 2.4800000e+02 
3.500e+01 ; 7.200e+00 ; 3.500e+00 ; 4.2033000e+01 ; 2.4800000e+02 
3.500e+01 ; 7.200e+00 ; 3.500e+00 ; 4.2065000e+01 ; 2.4800000e+02 
3.500e+01 ; 7.200e+00 ; 3.500e+00 ; 4.2129000e+01 ; 2.4800000e+02 
3.500e+01 ; 7.200e+00 ; 3.500e+00 ; 4.2257000e+01 ; 2.4800000e+02 
3.500e+01 ; 7.200e+00 ; 3.500e+00 ; 4.2513000e+01 ; 2.4800000e+02 
3.500e+01 ; 7.200e+00 ; 3.500e+00 ; 4.3000000e+01 ; 2.4800000e+02 
3.500e+01 ; 7.200e+00 ; 3.500e+00 ; 4.3000000e+01 ; 2.4800000e+02 
3.500e+01 ; 7.200e+00 ; 3.500e+00 ; 4.3001000e+01 ; 2.4800000e+02 
3.500e+01 ; 7.200e+00 ; 3.500e+00 ; 4.3002000e+01 ; 2.4800000e+02 
3.500e+01 ; 7.200e+00 ; 3.500e+00 ; 4.3003000e+01 ; 2.4800000e+02 
3.500e+01 ; 7.200e+00 ; 3.500e+00 ; 4.3005000e+01 ; 2.4800000e+02 
3.500e+01 ; 7.200e+00 ; 3.500e+00 ; 4.3009000e+01 ; 2.4800000e+02 
3.500e+01 ; 7.200e+00 ; 3.500e+00 ; 4.3017000e+01 ; 2.4800000e+02 
3.500e+01 ; 7.200e+00 ; 3.500e+00 ; 4.3033000e+01 ; 2.4800000e+02 
3.500e+01 ; 7.200e+00 ; 3.500e+00 ; 4.3065000e+01 ; 2.4800000e+02 
3.500e+01 ; 7.200e+00 ; 3.500e+00 ; 4.3129000e+01 ; 2.4800000e+02 
3.500e+01 ; 7.200e+00 ; 3.500e+00 ; 4.3257000e+01 ; 2.4800000e+02 
3.500e+01 ; 7.200e+00 ; 3.500e+00 ; 4.3513000e+01 ; 2.4800000e+02 
3.500e+01 ; 7.200e+00 ; 3.500e+00 ; 4.4000000e+01 ; 2.4800000e+02 
3.500e+01 ; 7.200e+00 ; 3.500e+00 ; 4.4000000e+01 ; 2.4800000e+02 
3.500e+01 ; 7.200e+00 ; 3.500e+00 ; 4.4001000e+01 ; 2.4800000e+02 
3.500e+01 ; 7.200e+00 ; 3.500e+00 ; 4.4002000e+01 ; 2.4800000e+02 
3.500e+01 ; 7.200e+00 ; 3.500e+00 ; 4.4003000e+01 ; 2.4800000e+02 
3.500e+01 ; 7.200e+00 ; 3.500e+00 ; 4.4005000e+01 ; 2.4800000e+02 
3.500e+01 ; 7.200e+00 ; 3.500e+00 ; 4.4009000e+01 ; 2.4800000e+02 
3.500e+01 ; 7.200e+00 ; 3.500e+00 ; 4.4017000e+01 ; 2.4800000e+02 
3.500e+01 ; 7.200e+00 ; 3.500e+00 ; 4.4033000e+01 ; 2.4800000e+02 
3.500e+01 ; 7.200e+00 ; 3.500e+00 ; 4.4065000e+01 ; 2.4800000e+02 
3.500e+01 ; 7.200e+00 ; 3.500e+00 ; 4.4129000e+01 ; 2.4800000e+02 
3.500e+01 ; 7.200e+00 ; 3.500e+00 ; 4.4257000e+01 ; 2.4800000e+02 
3.500e+01 ; 7.200e+00 ; 3.500e+00 ; 4.4513000e+01 ; 2.4800000e+02 
3.500e+01 ; 7.200e+00 ; 3.500e+00 ; 4.5000000e+01 ; 2.4800000e+02 
3.500e+01 ; 7.200e+00 ; 3.500e+00 ; 4.5000000e+01 ; 2.4800000e+02 
3.500e+01 ; 7.200e+00 ; 3.500e+00 ; 4.5001000e+01 ; 2.4800000e+02 
3.500e+01 ; 7.200e+00 ; 3.500e+00 ; 4.5002000e+01 ; 2.4800000e+02 
3.500e+01 ; 7.200e+00 ; 3.500e+00 ; 4.5003000e+01 ; 2.4800000e+02 
3.500e+01 ; 7.200e+00 ; 3.500e+00 ; 4.5005000e+01 ; 2.4800000e+02 
3.500e+01 ; 7.200e+00 ; 3.500e+00 ; 4.5009000e+01 ; 2.4800000e+02 
3.500e+01 ; 7.200e+00 ; 3.500e+00 ; 4.5017000e+01 ; 2.4800000e+02 
3.500e+01 ; 7.200e+00 ; 3.500e+00 ; 4.5033000e+01 ; 2.4800000e+02 
3.500e+01 ; 7.200e+00 ; 3.500e+00 ; 4.5065000e+01 ; 2.4800000e+02 
3.500e+01 ; 7.200e+00 ; 3.500e+00 ; 4.5129000e+01 ; 2.4800000e+02 
3.500e+01 ; 7.200e+00 ; 3.500e+00 ; 4.5257000e+01 ; 2.4800000e+02 
3.500e+01 ; 7.200e+00 ; 3.500e+00 ; 4.5513000e+01 ; 2.4800000e+02 
3.500e+01 ; 7.200e+00 ; 3.500e+00 ; 4.6000000e+01 ; 2.4800000e+02 
3.500e+01 ; 7.200e+00 ; 3.500e+00 ; 4.6000000e+01 ; 2.4800000e+02 
3.500e+01 ; 7.200e+00 ; 3.500e+00 ; 4.6001000e+01 ; 2.4800000e+02 
3.500e+01 ; 7.200e+00 ; 3.500e+00 ; 4.6002000e+01 ; 2.4800000e+02 
3.500e+01 ; 7.200e+00 ; 3.500e+00 ; 4.6003000e+01 ; 2.4800000e+02 
3.500e+01 ; 7.200e+00 ; 3.500e+00 ; 4.6005000e+01 ; 2.4800000e+02 
3.500e+01 ; 7.200e+00 ; 3.500e+00 ; 4.6009000e+01 ; 2.4800000e+02 
3.500e+01 ; 7.200e+00 ; 3.500e+00 ; 4.6017000e+01 ; 2.4800000e+02 
3.500e+01 ; 7.200e+00 ; 3.500e+00 ; 4.6033000e+01 ; 2.4800000e+02 
3.500e+01 ; 7.200e+00 ; 3.500e+00 ; 4.6065000e+01 ; 2.4800000e+02 
3.500e+01 ; 7.200e+00 ; 3.500e+00 ; 4.6129000e+01 ; 2.4800000e+02 
3.500e+01 ; 7.200e+00 ; 3.500e+00 ; 4.6257000e+01 ; 2.4800000e+02 
3.500e+01 ; 7.200e+00 ; 3.500e+00 ; 4.6513000e+01 ; 2.4800000e+02 
3.500e+01 ; 7.200e+00 ; 3.500e+00 ; 4.7000000e+01 ; 2.4800000e+02 
3.500e+01 ; 7.200e+00 ; 3.500e+00 ; 4.7000000e+01 ; 2.4800000e+02 
3.500e+01 ; 7.200e+00 ; 3.500e+00 ; 4.7001000e+01 ; 2.4800000e+02 
3.500e+01 ; 7.200e+00 ; 3.500e+00 ; 4.7002000e+01 ; 2.4800000e+02 
3.500e+01 ; 7.200e+00 ; 3.500e+00 ; 4.7003000e+01 ; 2.4800000e+02 
3.500e+01 ; 7.200e+00 ; 3.500e+00 ; 4.7005000e+01 ; 2.4800000e+02 
3.500e+01 ; 7.200e+00 ; 3.500e+00 ; 4.7009000e+01 ; 2.4800000e+02 
3.500e+01 ; 7.200e+00 ; 3.500e+00 ; 4.7017000e+01 ; 2.4800000e+02 
3.500e+01 ; 7.200e+00 ; 3.500e+00 ; 4.7033000e+01 ; 2.4800000e+02 
3.500e+01 ; 7.200e+00 ; 3.500e+00 ; 4.7065000e+01 ; 2.4800000e+02 
3.500e+01 ; 7.200e+00 ; 3.500e+00 ; 4.7129000e+01 ; 2.4800000e+02 
3.500e+01 ; 7.200e+00 ; 3.500e+00 ; 4.7257000e+01 ; 2.4800000e+02 
3.500e+01 ; 7.200e+00 ; 3.500e+00 ; 4.7513000e+01 ; 2.4800000e+02 
3.500e+01 ; 7.200e+00 ; 3.500e+00 ; 4.8000000e+01 ; 2.4800000e+02 
3.500e+01 ; 7.200e+00 ; 3.500e+00 ; 4.8000000e+01 ; 2.4800000e+02 
3.500e+01 ; 7.200e+00 ; 3.500e+00 ; 4.8001000e+01 ; 2.4800000e+02 
3.500e+01 ; 7.200e+00 ; 3.500e+00 ; 4.8002000e+01 ; 2.4800000e+02 
3.500e+01 ; 7.200e+00 ; 3.500e+00 ; 4.8003000e+01 ; 2.4800000e+02 
3.500e+01 ; 7.200e+00 ; 3.500e+00 ; 4.8005000e+01 ; 2.4800000e+02 
3.500e+01 ; 7.200e+00 ; 3.500e+00 ; 4.8009000e+01 ; 2.4800000e+02 
3.500e+01 ; 7.200e+00 ; 3.500e+00 ; 4.8017000e+01 ; 2.4800000e+02 
3.500e+01 ; 7.200e+00 ; 3.500e+00 ; 4.8033000e+01 ; 2.4800000e+02 
3.500e+01 ; 7.200e+00 ; 3.500e+00 ; 4.8065000e+01 ; 2.4800000e+02 
3.500e+01 ; 7.200e+00 ; 3.500e+00 ; 4.8129000e+01 ; 2.4800000e+02 
3.500e+01 ; 7.200e+00 ; 3.500e+00 ; 4.8257000e+01 ; 2.4800000e+02 
3.500e+01 ; 7.200e+00 ; 3.500e+00 ; 4.8513000e+01 ; 2.4800000e+02 
3.500e+01 ; 7.200e+00 ; 3.500e+00 ; 4.9000000e+01 ; 2.4800000e+02 
3.500e+01 ; 7.200e+00 ; 3.500e+00 ; 4.9000000e+01 ; 2.4800000e+02 
3.500e+01 ; 7.200e+00 ; 3.500e+00 ; 4.9001000e+01 ; 2.4800000e+02 
3.500e+01 ; 7.200e+00 ; 3.500e+00 ; 4.9002000e+01 ; 2.4800000e+02 
3.500e+01 ; 7.200e+00 ; 3.500e+00 ; 4.9003000e+01 ; 2.4800000e+02 
3.500e+01 ; 7.200e+00 ; 3.500e+00 ; 4.9005000e+01 ; 2.4800000e+02 
3.500e+01 ; 7.200e+00 ; 3.500e+00 ; 4.9009000e+01 ; 2.4800000e+02 
3.500e+01 ; 7.200e+00 ; 3.500e+00 ; 4.9017000e+01 ; 2.4800000e+02 
3.500e+01 ; 7.200e+00 ; 3.500e+00 ; 4.9033000e+01 ; 2.4800000e+02 
3.500e+01 ; 7.200e+00 ; 3.500e+00 ; 4.9065000e+01 ; 2.4800000e+02 
3.500e+01 ; 7.200e+00 ; 3.500e+00 ; 4.9129000e+01 ; 2.4800000e+02 
3.500e+01 ; 7.200e+00 ; 3.500e+00 ; 4.9257000e+01 ; 2.4800000e+02 
3.500e+01 ; 7.200e+00 ; 3.500e+00 ; 4.9513000e+01 ; 2.4800000e+02 
3.500e+01 ; 7.200e+00 ; 3.500e+00 ; 5.0000000e+01 ; 2.4800000e+02 
3.500e+01 ; 7.200e+00 ; 3.500e+00 ; 5.0000000e+01 ; 2.4800000e+02 
3.500e+01 ; 7.200e+00 ; 3.500e+00 ; 5.0001000e+01 ; 2.4800000e+02 
3.500e+01 ; 7.200e+00 ; 3.500e+00 ; 5.0002000e+01 ; 2.4800000e+02 
3.500e+01 ; 7.200e+00 ; 3.500e+00 ; 5.0003000e+01 ; 2.4800000e+02 
3.500e+01 ; 7.200e+00 ; 3.500e+00 ; 5.0005000e+01 ; 2.4800000e+02 
3.500e+01 ; 7.200e+00 ; 3.500e+00 ; 5.0009000e+01 ; 2.4800000e+02 
3.500e+01 ; 7.200e+00 ; 3.500e+00 ; 5.0017000e+01 ; 2.4800000e+02 
3.500e+01 ; 7.200e+00 ; 3.500e+00 ; 5.0033000e+01 ; 2.4800000e+02 
3.500e+01 ; 7.200e+00 ; 3.500e+00 ; 5.0065000e+01 ; 2.4800000e+02 
3.500e+01 ; 7.200e+00 ; 3.500e+00 ; 5.0129000e+01 ; 2.4800000e+02 
3.500e+01 ; 7.200e+00 ; 3.500e+00 ; 5.0257000e+01 ; 2.4800000e+02 
3.500e+01 ; 7.200e+00 ; 3.500e+00 ; 5.0513000e+01 ; 2.4800000e+02 
3.500e+01 ; 7.200e+00 ; 3.500e+00 ; 5.1000000e+01 ; 2.4800000e+02 
3.500e+01 ; 7.200e+00 ; 3.500e+00 ; 5.1000000e+01 ; 2.4800000e+02 
3.500e+01 ; 7.200e+00 ; 3.500e+00 ; 5.1001000e+01 ; 2.4800000e+02 
3.500e+01 ; 7.200e+00 ; 3.500e+00 ; 5.1002000e+01 ; 2.4800000e+02 
3.500e+01 ; 7.200e+00 ; 3.500e+00 ; 5.1003000e+01 ; 2.4800000e+02 
3.500e+01 ; 7.200e+00 ; 3.500e+00 ; 5.1005000e+01 ; 2.4800000e+02 
3.500e+01 ; 7.200e+00 ; 3.500e+00 ; 5.1009000e+01 ; 2.4800000e+02 
3.500e+01 ; 7.200e+00 ; 3.500e+00 ; 5.1017000e+01 ; 2.4800000e+02 
3.500e+01 ; 7.200e+00 ; 3.500e+00 ; 5.1033000e+01 ; 2.4800000e+02 
3.500e+01 ; 7.200e+00 ; 3.500e+00 ; 5.1065000e+01 ; 2.4800000e+02 
3.500e+01 ; 7.200e+00 ; 3.500e+00 ; 5.1129000e+01 ; 2.4800000e+02 
3.500e+01 ; 7.200e+00 ; 3.500e+00 ; 5.1257000e+01 ; 2.4800000e+02 
3.500e+01 ; 7.200e+00 ; 3.500e+00 ; 5.1513000e+01 ; 2.4800000e+02 
3.500e+01 ; 7.200e+00 ; 3.500e+00 ; 5.2000000e+01 ; 2.4800000e+02 
3.500e+01 ; 7.200e+00 ; 3.500e+00 ; 5.2000000e+01 ; 2.4800000e+02 
3.500e+01 ; 7.200e+00 ; 3.500e+00 ; 5.2001000e+01 ; 2.4800000e+02 
3.500e+01 ; 7.200e+00 ; 3.500e+00 ; 5.2002000e+01 ; 2.4800000e+02 
3.500e+01 ; 7.200e+00 ; 3.500e+00 ; 5.2003000e+01 ; 2.4800000e+02 
3.500e+01 ; 7.200e+00 ; 3.500e+00 ; 5.2005000e+01 ; 2.4800000e+02 
3.500e+01 ; 7.200e+00 ; 3.500e+00 ; 5.2009000e+01 ; 2.4800000e+02 
3.500e+01 ; 7.200e+00 ; 3.500e+00 ; 5.2017000e+01 ; 2.4800000e+02 
3.500e+01 ; 7.200e+00 ; 3.500e+00 ; 5.2033000e+01 ; 2.4800000e+02 
3.500e+01 ; 7.200e+00 ; 3.500e+00 ; 5.2065000e+01 ; 2.4800000e+02 
3.500e+01 ; 7.200e+00 ; 3.500e+00 ; 5.2129000e+01 ; 2.4800000e+02 
3.500e+01 ; 7.200e+00 ; 3.500e+00 ; 5.2257000e+01 ; 2.4800000e+02 
3.500e+01 ; 7.200e+00 ; 3.500e+00 ; 5.2513000e+01 ; 2.4800000e+02 
3.500e+01 ; 7.200e+00 ; 3.500e+00 ; 5.3000000e+01 ; 2.4800000e+02 
3.500e+01 ; 7.200e+00 ; 3.500e+00 ; 5.3000000e+01 ; 2.4800000e+02 
3.500e+01 ; 7.200e+00 ; 3.500e+00 ; 5.3001000e+01 ; 2.4800000e+02 
3.500e+01 ; 7.200e+00 ; 3.500e+00 ; 5.3002000e+01 ; 2.4800000e+02 
3.500e+01 ; 7.200e+00 ; 3.500e+00 ; 5.3003000e+01 ; 2.4800000e+02 
3.500e+01 ; 7.200e+00 ; 3.500e+00 ; 5.3005000e+01 ; 2.4800000e+02 
3.500e+01 ; 7.200e+00 ; 3.500e+00 ; 5.3009000e+01 ; 2.4800000e+02 
3.500e+01 ; 7.200e+00 ; 3.500e+00 ; 5.3017000e+01 ; 2.4800000e+02 
3.500e+01 ; 7.200e+00 ; 3.500e+00 ; 5.3033000e+01 ; 2.4800000e+02 
3.500e+01 ; 7.200e+00 ; 3.500e+00 ; 5.3065000e+01 ; 2.4800000e+02 
3.500e+01 ; 7.200e+00 ; 3.500e+00 ; 5.3129000e+01 ; 2.4800000e+02 
3.500e+01 ; 7.200e+00 ; 3.500e+00 ; 5.3257000e+01 ; 2.4800000e+02 
3.500e+01 ; 7.200e+00 ; 3.500e+00 ; 5.3513000e+01 ; 2.4800000e+02 
3.500e+01 ; 7.200e+00 ; 3.500e+00 ; 5.4000000e+01 ; 2.4800000e+02 
3.500e+01 ; 7.200e+00 ; 3.500e+00 ; 5.4000000e+01 ; 2.4800000e+02 
3.500e+01 ; 7.200e+00 ; 3.500e+00 ; 5.4001000e+01 ; 2.4800000e+02 
3.500e+01 ; 7.200e+00 ; 3.500e+00 ; 5.4002000e+01 ; 2.4800000e+02 
3.500e+01 ; 7.200e+00 ; 3.500e+00 ; 5.4003000e+01 ; 2.4800000e+02 
3.500e+01 ; 7.200e+00 ; 3.500e+00 ; 5.4005000e+01 ; 2.4800000e+02 
3.500e+01 ; 7.200e+00 ; 3.500e+00 ; 5.4009000e+01 ; 2.4800000e+02 
3.500e+01 ; 7.200e+00 ; 3.500e+00 ; 5.4017000e+01 ; 2.4800000e+02 
3.500e+01 ; 7.200e+00 ; 3.500e+00 ; 5.4033000e+01 ; 2.4800000e+02 
3.500e+01 ; 7.200e+00 ; 3.500e+00 ; 5.4065000e+01 ; 2.4800000e+02 
3.500e+01 ; 7.200e+00 ; 3.500e+00 ; 5.4129000e+01 ; 2.4800000e+02 
3.500e+01 ; 7.200e+00 ; 3.500e+00 ; 5.4257000e+01 ; 2.4800000e+02 
3.500e+01 ; 7.200e+00 ; 3.500e+00 ; 5.4513000e+01 ; 2.4800000e+02 
3.500e+01 ; 7.200e+00 ; 3.500e+00 ; 5.5000000e+01 ; 2.4800000e+02 
3.500e+01 ; 7.200e+00 ; 3.500e+00 ; 5.5000000e+01 ; 2.4800000e+02 
3.500e+01 ; 7.200e+00 ; 3.500e+00 ; 5.5001000e+01 ; 2.4800000e+02 
3.500e+01 ; 7.200e+00 ; 3.500e+00 ; 5.5002000e+01 ; 2.4800000e+02 
3.500e+01 ; 7.200e+00 ; 3.500e+00 ; 5.5003000e+01 ; 2.4800000e+02 
3.500e+01 ; 7.200e+00 ; 3.500e+00 ; 5.5005000e+01 ; 2.4800000e+02 
3.500e+01 ; 7.200e+00 ; 3.500e+00 ; 5.5009000e+01 ; 2.4800000e+02 
3.500e+01 ; 7.200e+00 ; 3.500e+00 ; 5.5017000e+01 ; 2.4800000e+02 
3.500e+01 ; 7.200e+00 ; 3.500e+00 ; 5.5033000e+01 ; 2.4800000e+02 
3.500e+01 ; 7.200e+00 ; 3.500e+00 ; 5.5065000e+01 ; 2.4800000e+02 
3.500e+01 ; 7.200e+00 ; 3.500e+00 ; 5.5129000e+01 ; 2.4800000e+02 
3.500e+01 ; 7.200e+00 ; 3.500e+00 ; 5.5257000e+01 ; 2.4800000e+02 
3.500e+01 ; 7.200e+00 ; 3.500e+00 ; 5.5513000e+01 ; 2.4800000e+02 
3.500e+01 ; 7.200e+00 ; 3.500e+00 ; 5.6000000e+01 ; 2.4800000e+02 
3.500e+01 ; 7.200e+00 ; 3.500e+00 ; 5.6000000e+01 ; 2.4800000e+02 
3.500e+01 ; 7.200e+00 ; 3.500e+00 ; 5.6001000e+01 ; 2.4800000e+02 
3.500e+01 ; 7.200e+00 ; 3.500e+00 ; 5.6002000e+01 ; 2.4800000e+02 
3.500e+01 ; 7.200e+00 ; 3.500e+00 ; 5.6003000e+01 ; 2.4800000e+02 
3.500e+01 ; 7.200e+00 ; 3.500e+00 ; 5.6005000e+01 ; 2.4800000e+02 
3.500e+01 ; 7.200e+00 ; 3.500e+00 ; 5.6009000e+01 ; 2.4800000e+02 
3.500e+01 ; 7.200e+00 ; 3.500e+00 ; 5.6017000e+01 ; 2.4800000e+02 
3.500e+01 ; 7.200e+00 ; 3.500e+00 ; 5.6033000e+01 ; 2.4800000e+02 
3.500e+01 ; 7.200e+00 ; 3.500e+00 ; 5.6065000e+01 ; 2.4800000e+02 
3.500e+01 ; 7.200e+00 ; 3.500e+00 ; 5.6129000e+01 ; 2.4800000e+02 
3.500e+01 ; 7.200e+00 ; 3.500e+00 ; 5.6257000e+01 ; 2.4800000e+02 
3.500e+01 ; 7.200e+00 ; 3.500e+00 ; 5.6513000e+01 ; 2.4800000e+02 
3.500e+01 ; 7.200e+00 ; 3.500e+00 ; 5.7000000e+01 ; 2.4800000e+02 
3.500e+01 ; 7.200e+00 ; 3.500e+00 ; 5.7000000e+01 ; 2.4800000e+02 
3.500e+01 ; 7.200e+00 ; 3.500e+00 ; 5.7001000e+01 ; 2.4800000e+02 
3.500e+01 ; 7.200e+00 ; 3.500e+00 ; 5.7002000e+01 ; 2.4800000e+02 
3.500e+01 ; 7.200e+00 ; 3.500e+00 ; 5.7003000e+01 ; 2.4800000e+02 
3.500e+01 ; 7.200e+00 ; 3.500e+00 ; 5.7005000e+01 ; 2.4800000e+02 
3.500e+01 ; 7.200e+00 ; 3.500e+00 ; 5.7009000e+01 ; 2.4800000e+02 
3.500e+01 ; 7.200e+00 ; 3.500e+00 ; 5.7017000e+01 ; 2.4800000e+02 
3.500e+01 ; 7.200e+00 ; 3.500e+00 ; 5.7033000e+01 ; 2.4800000e+02 
3.500e+01 ; 7.200e+00 ; 3.500e+00 ; 5.7065000e+01 ; 2.4800000e+02 
3.500e+01 ; 7.200e+00 ; 3.500e+00 ; 5.7129000e+01 ; 2.4800000e+02 
3.500e+01 ; 7.200e+00 ; 3.500e+00 ; 5.7257000e+01 ; 2.4800000e+02 
3.500e+01 ; 7.200e+00 ; 3.500e+00 ; 5.7513000e+01 ; 2.4800000e+02 
3.500e+01 ; 7.200e+00 ; 3.500e+00 ; 5.8000000e+01 ; 2.4800000e+02 
3.500e+01 ; 7.200e+00 ; 3.500e+00 ; 5.8000000e+01 ; 2.4800000e+02 
3.500e+01 ; 7.200e+00 ; 3.500e+00 ; 5.8001000e+01 ; 2.4800000e+02 
3.500e+01 ; 7.200e+00 ; 3.500e+00 ; 5.8002000e+01 ; 2.4800000e+02 
3.500e+01 ; 7.200e+00 ; 3.500e+00 ; 5.8003000e+01 ; 2.4800000e+02 
3.500e+01 ; 7.200e+00 ; 3.500e+00 ; 5.8005000e+01 ; 2.4800000e+02 
3.500e+01 ; 7.200e+00 ; 3.500e+00 ; 5.8009000e+01 ; 2.4800000e+02 
3.500e+01 ; 7.200e+00 ; 3.500e+00 ; 5.8017000e+01 ; 2.4800000e+02 
3.500e+01 ; 7.200e+00 ; 3.500e+00 ; 5.8033000e+01 ; 2.4800000e+02 
3.500e+01 ; 7.200e+00 ; 3.500e+00 ; 5.8065000e+01 ; 2.4800000e+02 
3.500e+01 ; 7.200e+00 ; 3.500e+00 ; 5.8129000e+01 ; 2.4800000e+02 
3.500e+01 ; 7.200e+00 ; 3.500e+00 ; 5.8257000e+01 ; 2.4800000e+02 
3.500e+01 ; 7.200e+00 ; 3.500e+00 ; 5.8513000e+01 ; 2.4800000e+02 
3.500e+01 ; 7.200e+00 ; 3.500e+00 ; 5.9000000e+01 ; 2.4800000e+02 
3.500e+01 ; 7.200e+00 ; 3.500e+00 ; 5.9000000e+01 ; 2.4800000e+02 
3.500e+01 ; 7.200e+00 ; 3.500e+00 ; 5.9001000e+01 ; 2.4800000e+02 
3.500e+01 ; 7.200e+00 ; 3.500e+00 ; 5.9002000e+01 ; 2.4800000e+02 
3.500e+01 ; 7.200e+00 ; 3.500e+00 ; 5.9003000e+01 ; 2.4800000e+02 
3.500e+01 ; 7.200e+00 ; 3.500e+00 ; 5.9005000e+01 ; 2.4800000e+02 
3.500e+01 ; 7.200e+00 ; 3.500e+00 ; 5.9009000e+01 ; 2.4800000e+02 
3.500e+01 ; 7.200e+00 ; 3.500e+00 ; 5.9017000e+01 ; 2.4800000e+02 
3.500e+01 ; 7.200e+00 ; 3.500e+00 ; 5.9033000e+01 ; 2.4800000e+02 
3.500e+01 ; 7.200e+00 ; 3.500e+00 ; 5.9065000e+01 ; 2.4800000e+02 
3.500e+01 ; 7.200e+00 ; 3.500e+00 ; 5.9129000e+01 ; 2.4800000e+02 
3.500e+01 ; 7.200e+00 ; 3.500e+00 ; 5.9257000e+01 ; 2.4800000e+02 
3.500e+01 ; 7.200e+00 ; 3.500e+00 ; 5.9513000e+01 ; 2.4800000e+02 
3.500e+01 ; 7.200e+00 ; 3.500e+00 ; 6.0000000e+01 ; 2.4800000e+02 
3.500e+01 ; 7.200e+00 ; 3.500e+00 ; 6.0000000e+01 ; 2.4800000e+02 
3.500e+01 ; 7.200e+00 ; 3.500e+00 ; 6.0001000e+01 ; 2.4800000e+02 
3.500e+01 ; 7.200e+00 ; 3.500e+00 ; 6.0002000e+01 ; 2.4800000e+02 
3.500e+01 ; 7.200e+00 ; 3.500e+00 ; 6.0003000e+01 ; 2.4800000e+02 
3.500e+01 ; 7.200e+00 ; 3.500e+00 ; 6.0005000e+01 ; 2.4800000e+02 
3.500e+01 ; 7.200e+00 ; 3.500e+00 ; 6.0009000e+01 ; 2.4800000e+02 
3.500e+01 ; 7.200e+00 ; 3.500e+00 ; 6.0017000e+01 ; 2.4800000e+02 
3.500e+01 ; 7.200e+00 ; 3.500e+00 ; 6.0033000e+01 ; 2.4800000e+02 
3.500e+01 ; 7.200e+00 ; 3.500e+00 ; 6.0065000e+01 ; 2.4800000e+02 
3.500e+01 ; 7.200e+00 ; 3.500e+00 ; 6.0129000e+01 ; 2.4800000e+02 
3.500e+01 ; 7.200e+00 ; 3.500e+00 ; 6.0257000e+01 ; 2.4800000e+02 
3.500e+01 ; 7.200e+00 ; 3.500e+00 ; 6.0513000e+01 ; 2.4800000e+02 
3.500e+01 ; 7.200e+00 ; 3.500e+00 ; 6.1000000e+01 ; 2.4800000e+02 
3.500e+01 ; 7.200e+00 ; 3.500e+00 ; 6.1000000e+01 ; 2.4800000e+02 
3.500e+01 ; 7.200e+00 ; 3.500e+00 ; 6.1001000e+01 ; 2.4800000e+02 
3.500e+01 ; 7.200e+00 ; 3.500e+00 ; 6.1002000e+01 ; 2.4800000e+02 
3.500e+01 ; 7.200e+00 ; 3.500e+00 ; 6.1003000e+01 ; 2.4800000e+02 
3.500e+01 ; 7.200e+00 ; 3.500e+00 ; 6.1005000e+01 ; 2.4800000e+02 
3.500e+01 ; 7.200e+00 ; 3.500e+00 ; 6.1009000e+01 ; 2.4800000e+02 
3.500e+01 ; 7.200e+00 ; 3.500e+00 ; 6.1017000e+01 ; 2.4800000e+02 
3.500e+01 ; 7.200e+00 ; 3.500e+00 ; 6.1033000e+01 ; 2.4800000e+02 
3.500e+01 ; 7.200e+00 ; 3.500e+00 ; 6.1065000e+01 ; 2.4800000e+02 
3.500e+01 ; 7.200e+00 ; 3.500e+00 ; 6.1129000e+01 ; 2.4800000e+02 
3.500e+01 ; 7.200e+00 ; 3.500e+00 ; 6.1257000e+01 ; 2.4800000e+02 
3.500e+01 ; 7.200e+00 ; 3.500e+00 ; 6.1513000e+01 ; 2.4800000e+02 
3.500e+01 ; 7.200e+00 ; 3.500e+00 ; 6.2000000e+01 ; 2.4800000e+02 
3.500e+01 ; 7.200e+00 ; 3.500e+00 ; 6.2000000e+01 ; 2.4800000e+02 
3.500e+01 ; 7.200e+00 ; 3.500e+00 ; 6.2001000e+01 ; 2.4800000e+02 
3.500e+01 ; 7.200e+00 ; 3.500e+00 ; 6.2002000e+01 ; 2.4800000e+02 
3.500e+01 ; 7.200e+00 ; 3.500e+00 ; 6.2003000e+01 ; 2.4800000e+02 
3.500e+01 ; 7.200e+00 ; 3.500e+00 ; 6.2005000e+01 ; 2.4800000e+02 
3.500e+01 ; 7.200e+00 ; 3.500e+00 ; 6.2009000e+01 ; 2.4800000e+02 
3.500e+01 ; 7.200e+00 ; 3.500e+00 ; 6.2017000e+01 ; 2.4800000e+02 
3.500e+01 ; 7.200e+00 ; 3.500e+00 ; 6.2033000e+01 ; 2.4800000e+02 
3.500e+01 ; 7.200e+00 ; 3.500e+00 ; 6.2065000e+01 ; 2.4800000e+02 
3.500e+01 ; 7.200e+00 ; 3.500e+00 ; 6.2129000e+01 ; 2.4800000e+02 
3.500e+01 ; 7.200e+00 ; 3.500e+00 ; 6.2257000e+01 ; 2.4800000e+02 
3.500e+01 ; 7.200e+00 ; 3.500e+00 ; 6.2513000e+01 ; 2.4800000e+02 
3.500e+01 ; 7.200e+00 ; 3.500e+00 ; 6.3000000e+01 ; 2.4800000e+02 
3.500e+01 ; 7.200e+00 ; 3.500e+00 ; 6.3000000e+01 ; 2.4800000e+02 
3.500e+01 ; 7.200e+00 ; 3.500e+00 ; 6.3001000e+01 ; 2.4800000e+02 
3.500e+01 ; 7.200e+00 ; 3.500e+00 ; 6.3002000e+01 ; 2.4800000e+02 
3.500e+01 ; 7.200e+00 ; 3.500e+00 ; 6.3003000e+01 ; 2.4800000e+02 
3.500e+01 ; 7.200e+00 ; 3.500e+00 ; 6.3005000e+01 ; 2.4800000e+02 
3.500e+01 ; 7.200e+00 ; 3.500e+00 ; 6.3009000e+01 ; 2.4800000e+02 
3.500e+01 ; 7.200e+00 ; 3.500e+00 ; 6.3017000e+01 ; 2.4800000e+02 
3.500e+01 ; 7.200e+00 ; 3.500e+00 ; 6.3033000e+01 ; 2.4800000e+02 
3.500e+01 ; 7.200e+00 ; 3.500e+00 ; 6.3065000e+01 ; 2.4800000e+02 
3.500e+01 ; 7.200e+00 ; 3.500e+00 ; 6.3129000e+01 ; 2.4800000e+02 
3.500e+01 ; 7.200e+00 ; 3.500e+00 ; 6.3257000e+01 ; 2.4800000e+02 
3.500e+01 ; 7.200e+00 ; 3.500e+00 ; 6.3513000e+01 ; 2.4800000e+02 
3.500e+01 ; 7.200e+00 ; 3.500e+00 ; 6.4000000e+01 ; 2.4800000e+02 
3.500e+01 ; 7.200e+00 ; 3.500e+00 ; 6.4000000e+01 ; 2.4800000e+02 
3.500e+01 ; 7.200e+00 ; 3.500e+00 ; 6.4001000e+01 ; 2.4800000e+02 
3.500e+01 ; 7.200e+00 ; 3.500e+00 ; 6.4002000e+01 ; 2.4800000e+02 
3.500e+01 ; 7.200e+00 ; 3.500e+00 ; 6.4003000e+01 ; 2.4800000e+02 
3.500e+01 ; 7.200e+00 ; 3.500e+00 ; 6.4005000e+01 ; 2.4800000e+02 
3.500e+01 ; 7.200e+00 ; 3.500e+00 ; 6.4009000e+01 ; 2.4800000e+02 
3.500e+01 ; 7.200e+00 ; 3.500e+00 ; 6.4017000e+01 ; 2.4800000e+02 
3.500e+01 ; 7.200e+00 ; 3.500e+00 ; 6.4033000e+01 ; 2.4800000e+02 
3.500e+01 ; 7.200e+00 ; 3.500e+00 ; 6.4065000e+01 ; 2.4800000e+02 
3.500e+01 ; 7.200e+00 ; 3.500e+00 ; 6.4129000e+01 ; 2.4800000e+02 
3.500e+01 ; 7.200e+00 ; 3.500e+00 ; 6.4257000e+01 ; 2.4800000e+02 
3.500e+01 ; 7.200e+00 ; 3.500e+00 ; 6.4513000e+01 ; 2.4800000e+02 
3.500e+01 ; 7.200e+00 ; 3.500e+00 ; 6.5000000e+01 ; 2.4800000e+02 
3.500e+01 ; 7.200e+00 ; 3.500e+00 ; 6.5000000e+01 ; 2.4800000e+02 
3.500e+01 ; 7.200e+00 ; 3.500e+00 ; 6.5001000e+01 ; 2.4800000e+02 
3.500e+01 ; 7.200e+00 ; 3.500e+00 ; 6.5002000e+01 ; 2.4800000e+02 
3.500e+01 ; 7.200e+00 ; 3.500e+00 ; 6.5003000e+01 ; 2.4800000e+02 
3.500e+01 ; 7.200e+00 ; 3.500e+00 ; 6.5005000e+01 ; 2.4800000e+02 
3.500e+01 ; 7.200e+00 ; 3.500e+00 ; 6.5009000e+01 ; 2.4800000e+02 
3.500e+01 ; 7.200e+00 ; 3.500e+00 ; 6.5017000e+01 ; 2.4800000e+02 
3.500e+01 ; 7.200e+00 ; 3.500e+00 ; 6.5033000e+01 ; 2.4800000e+02 
3.500e+01 ; 7.200e+00 ; 3.500e+00 ; 6.5065000e+01 ; 2.4800000e+02 
3.500e+01 ; 7.200e+00 ; 3.500e+00 ; 6.5129000e+01 ; 2.4800000e+02 
3.500e+01 ; 7.200e+00 ; 3.500e+00 ; 6.5257000e+01 ; 2.4800000e+02 
3.500e+01 ; 7.200e+00 ; 3.500e+00 ; 6.5513000e+01 ; 2.4800000e+02 
3.500e+01 ; 7.200e+00 ; 3.500e+00 ; 6.6000000e+01 ; 2.4800000e+02 
3.500e+01 ; 7.200e+00 ; 3.500e+00 ; 6.6000000e+01 ; 2.4800000e+02 
3.500e+01 ; 7.200e+00 ; 3.500e+00 ; 6.6001000e+01 ; 2.4800000e+02 
3.500e+01 ; 7.200e+00 ; 3.500e+00 ; 6.6002000e+01 ; 2.4800000e+02 
3.500e+01 ; 7.200e+00 ; 3.500e+00 ; 6.6003000e+01 ; 2.4800000e+02 
3.500e+01 ; 7.200e+00 ; 3.500e+00 ; 6.6005000e+01 ; 2.4800000e+02 
3.500e+01 ; 7.200e+00 ; 3.500e+00 ; 6.6009000e+01 ; 2.4800000e+02 
3.500e+01 ; 7.200e+00 ; 3.500e+00 ; 6.6017000e+01 ; 2.4800000e+02 
3.500e+01 ; 7.200e+00 ; 3.500e+00 ; 6.6033000e+01 ; 2.4800000e+02 
3.500e+01 ; 7.200e+00 ; 3.500e+00 ; 6.6065000e+01 ; 2.4800000e+02 
3.500e+01 ; 7.200e+00 ; 3.500e+00 ; 6.6129000e+01 ; 2.4800000e+02 
3.500e+01 ; 7.200e+00 ; 3.500e+00 ; 6.6257000e+01 ; 2.4800000e+02 
3.500e+01 ; 7.200e+00 ; 3.500e+00 ; 6.6513000e+01 ; 2.4800000e+02 
3.500e+01 ; 7.200e+00 ; 3.500e+00 ; 6.7000000e+01 ; 2.4800000e+02 
3.500e+01 ; 7.200e+00 ; 3.500e+00 ; 6.7000000e+01 ; 2.4800000e+02 
3.500e+01 ; 7.200e+00 ; 3.500e+00 ; 6.7001000e+01 ; 2.4800000e+02 
3.500e+01 ; 7.200e+00 ; 3.500e+00 ; 6.7002000e+01 ; 2.4800000e+02 
3.500e+01 ; 7.200e+00 ; 3.500e+00 ; 6.7003000e+01 ; 2.4800000e+02 
3.500e+01 ; 7.200e+00 ; 3.500e+00 ; 6.7005000e+01 ; 2.4800000e+02 
3.500e+01 ; 7.200e+00 ; 3.500e+00 ; 6.7009000e+01 ; 2.4800000e+02 
3.500e+01 ; 7.200e+00 ; 3.500e+00 ; 6.7017000e+01 ; 2.4800000e+02 
3.500e+01 ; 7.200e+00 ; 3.500e+00 ; 6.7033000e+01 ; 2.4800000e+02 
3.500e+01 ; 7.200e+00 ; 3.500e+00 ; 6.7065000e+01 ; 2.4800000e+02 
3.500e+01 ; 7.200e+00 ; 3.500e+00 ; 6.7129000e+01 ; 2.4800000e+02 
3.500e+01 ; 7.200e+00 ; 3.500e+00 ; 6.7257000e+01 ; 2.4800000e+02 
3.500e+01 ; 7.200e+00 ; 3.500e+00 ; 6.7513000e+01 ; 2.4800000e+02 
3.500e+01 ; 7.200e+00 ; 3.500e+00 ; 6.8000000e+01 ; 2.4800000e+02 
3.500e+01 ; 7.200e+00 ; 3.500e+00 ; 6.8000000e+01 ; 2.4800000e+02 
3.500e+01 ; 7.200e+00 ; 3.500e+00 ; 6.8001000e+01 ; 2.4800000e+02 
3.500e+01 ; 7.200e+00 ; 3.500e+00 ; 6.8002000e+01 ; 2.4800000e+02 
3.500e+01 ; 7.200e+00 ; 3.500e+00 ; 6.8003000e+01 ; 2.4800000e+02 
3.500e+01 ; 7.200e+00 ; 3.500e+00 ; 6.8005000e+01 ; 2.4800000e+02 
3.500e+01 ; 7.200e+00 ; 3.500e+00 ; 6.8009000e+01 ; 2.4800000e+02 
3.500e+01 ; 7.200e+00 ; 3.500e+00 ; 6.8017000e+01 ; 2.4800000e+02 
3.500e+01 ; 7.200e+00 ; 3.500e+00 ; 6.8033000e+01 ; 2.4800000e+02 
3.500e+01 ; 7.200e+00 ; 3.500e+00 ; 6.8065000e+01 ; 2.4800000e+02 
3.500e+01 ; 7.200e+00 ; 3.500e+00 ; 6.8129000e+01 ; 2.4800000e+02 
3.500e+01 ; 7.200e+00 ; 3.500e+00 ; 6.8257000e+01 ; 2.4800000e+02 
3.500e+01 ; 7.200e+00 ; 3.500e+00 ; 6.8513000e+01 ; 2.4800000e+02 
3.500e+01 ; 7.200e+00 ; 3.500e+00 ; 6.9000000e+01 ; 2.4800000e+02 
3.500e+01 ; 7.200e+00 ; 3.500e+00 ; 6.9000000e+01 ; 2.4800000e+02 
3.500e+01 ; 7.200e+00 ; 3.500e+00 ; 6.9001000e+01 ; 2.4786948e+02 
3.500e+01 ; 7.200e+00 ; 3.500e+00 ; 6.9002000e+01 ; 2.4773906e+02 
3.500e+01 ; 7.200e+00 ; 3.500e+00 ; 6.9003000e+01 ; 2.4760875e+02 
3.500e+01 ; 7.200e+00 ; 3.500e+00 ; 6.9005000e+01 ; 2.4734851e+02 
3.500e+01 ; 7.200e+00 ; 3.500e+00 ; 6.9009000e+01 ; 2.4682965e+02 
3.500e+01 ; 7.200e+00 ; 3.500e+00 ; 6.9017000e+01 ; 2.4579831e+02 
3.500e+01 ; 7.200e+00 ; 3.500e+00 ; 6.9033000e+01 ; 2.4376086e+02 
3.500e+01 ; 7.200e+00 ; 3.500e+00 ; 6.9065000e+01 ; 2.3978461e+02 
3.500e+01 ; 7.200e+00 ; 3.500e+00 ; 6.9129000e+01 ; 2.3220874e+02 
3.500e+01 ; 7.200e+00 ; 3.500e+00 ; 6.9257000e+01 ; 2.1843172e+02 
3.500e+01 ; 7.200e+00 ; 3.500e+00 ; 6.9513000e+01 ; 1.9547656e+02 
3.500e+01 ; 7.200e+00 ; 3.500e+00 ; 7.0000000e+01 ; 1.6384731e+02 
3.500e+01 ; 7.200e+00 ; 3.500e+00 ; 7.0000000e+01 ; 1.6384731e+02 
3.500e+01 ; 7.200e+00 ; 3.500e+00 ; 7.0001000e+01 ; 1.6378241e+02 
3.500e+01 ; 7.200e+00 ; 3.500e+00 ; 7.0002000e+01 ; 1.6371758e+02 
3.500e+01 ; 7.200e+00 ; 3.500e+00 ; 7.0003000e+01 ; 1.6365280e+02 
3.500e+01 ; 7.200e+00 ; 3.500e+00 ; 7.0005000e+01 ; 1.6352347e+02 
3.500e+01 ; 7.200e+00 ; 3.500e+00 ; 7.0009000e+01 ; 1.6326570e+02 
3.500e+01 ; 7.200e+00 ; 3.500e+00 ; 7.0017000e+01 ; 1.6275369e+02 
3.500e+01 ; 7.200e+00 ; 3.500e+00 ; 7.0033000e+01 ; 1.6174358e+02 
3.500e+01 ; 7.200e+00 ; 3.500e+00 ; 7.0065000e+01 ; 1.5977701e+02 
3.500e+01 ; 7.200e+00 ; 3.500e+00 ; 7.0129000e+01 ; 1.5604440e+02 
3.500e+01 ; 7.200e+00 ; 3.500e+00 ; 7.0257000e+01 ; 1.4928772e+02 
3.500e+01 ; 7.200e+00 ; 3.500e+00 ; 7.0513000e+01 ; 1.3805473e+02 
3.500e+01 ; 7.200e+00 ; 3.500e+00 ; 7.1000000e+01 ; 1.2248199e+02 
3.500e+01 ; 7.200e+00 ; 3.500e+00 ; 7.1000000e+01 ; 1.2248199e+02 
3.500e+01 ; 7.200e+00 ; 3.500e+00 ; 7.1001000e+01 ; 1.2245004e+02 
3.500e+01 ; 7.200e+00 ; 3.500e+00 ; 7.1002000e+01 ; 1.2241811e+02 
3.500e+01 ; 7.200e+00 ; 3.500e+00 ; 7.1003000e+01 ; 1.2238620e+02 
3.500e+01 ; 7.200e+00 ; 3.500e+00 ; 7.1005000e+01 ; 1.2232249e+02 
3.500e+01 ; 7.200e+00 ; 3.500e+00 ; 7.1009000e+01 ; 1.2219543e+02 
3.500e+01 ; 7.200e+00 ; 3.500e+00 ; 7.1017000e+01 ; 1.2194284e+02 
3.500e+01 ; 7.200e+00 ; 3.500e+00 ; 7.1033000e+01 ; 1.2144363e+02 
3.500e+01 ; 7.200e+00 ; 3.500e+00 ; 7.1065000e+01 ; 1.2046853e+02 
3.500e+01 ; 7.200e+00 ; 3.500e+00 ; 7.1129000e+01 ; 1.1860738e+02 
3.500e+01 ; 7.200e+00 ; 3.500e+00 ; 7.1257000e+01 ; 1.1520972e+02 
3.500e+01 ; 7.200e+00 ; 3.500e+00 ; 7.1513000e+01 ; 1.0949825e+02 
3.500e+01 ; 7.200e+00 ; 3.500e+00 ; 7.2000000e+01 ; 1.0146250e+02 
3.500e+01 ; 7.200e+00 ; 3.500e+00 ; 7.2000000e+01 ; 1.0146250e+02 
3.500e+01 ; 7.200e+00 ; 3.500e+00 ; 7.2001000e+01 ; 1.0144601e+02 
3.500e+01 ; 7.200e+00 ; 3.500e+00 ; 7.2002000e+01 ; 1.0142954e+02 
3.500e+01 ; 7.200e+00 ; 3.500e+00 ; 7.2003000e+01 ; 1.0141307e+02 
3.500e+01 ; 7.200e+00 ; 3.500e+00 ; 7.2005000e+01 ; 1.0138020e+02 
3.500e+01 ; 7.200e+00 ; 3.500e+00 ; 7.2009000e+01 ; 1.0131461e+02 
3.500e+01 ; 7.200e+00 ; 3.500e+00 ; 7.2017000e+01 ; 1.0118422e+02 
3.500e+01 ; 7.200e+00 ; 3.500e+00 ; 7.2033000e+01 ; 1.0092638e+02 
3.500e+01 ; 7.200e+00 ; 3.500e+00 ; 7.2065000e+01 ; 1.0042226e+02 
3.500e+01 ; 7.200e+00 ; 3.500e+00 ; 7.2129000e+01 ; 9.9457756e+01 
3.500e+01 ; 7.200e+00 ; 3.500e+00 ; 7.2257000e+01 ; 9.7686546e+01 
3.500e+01 ; 7.200e+00 ; 3.500e+00 ; 7.2513000e+01 ; 9.4664009e+01 
3.500e+01 ; 7.200e+00 ; 3.500e+00 ; 7.3000000e+01 ; 9.0264442e+01 
3.500e+01 ; 7.200e+00 ; 3.500e+00 ; 7.3000000e+01 ; 9.0264442e+01 
3.500e+01 ; 7.200e+00 ; 3.500e+00 ; 7.3001000e+01 ; 9.0255417e+01 
3.500e+01 ; 7.200e+00 ; 3.500e+00 ; 7.3002000e+01 ; 9.0246391e+01 
3.500e+01 ; 7.200e+00 ; 3.500e+00 ; 7.3003000e+01 ; 9.0237373e+01 
3.500e+01 ; 7.200e+00 ; 3.500e+00 ; 7.3005000e+01 ; 9.0219360e+01 
3.500e+01 ; 7.200e+00 ; 3.500e+00 ; 7.3009000e+01 ; 9.0183434e+01 
3.500e+01 ; 7.200e+00 ; 3.500e+00 ; 7.3017000e+01 ; 9.0111923e+01 
3.500e+01 ; 7.200e+00 ; 3.500e+00 ; 7.3033000e+01 ; 8.9970337e+01 
3.500e+01 ; 7.200e+00 ; 3.500e+00 ; 7.3065000e+01 ; 8.9692680e+01 
3.500e+01 ; 7.200e+00 ; 3.500e+00 ; 7.3129000e+01 ; 8.9158432e+01 
3.500e+01 ; 7.200e+00 ; 3.500e+00 ; 7.3257000e+01 ; 8.8166428e+01 
3.500e+01 ; 7.200e+00 ; 3.500e+00 ; 7.3513000e+01 ; 8.6437836e+01 
3.500e+01 ; 7.200e+00 ; 3.500e+00 ; 7.4000000e+01 ; 8.3828331e+01 
3.500e+01 ; 7.200e+00 ; 3.500e+00 ; 7.4000000e+01 ; 8.3828331e+01 
3.500e+01 ; 7.200e+00 ; 3.500e+00 ; 7.4001000e+01 ; 8.3822975e+01 
3.500e+01 ; 7.200e+00 ; 3.500e+00 ; 7.4002000e+01 ; 8.3817619e+01 
3.500e+01 ; 7.200e+00 ; 3.500e+00 ; 7.4003000e+01 ; 8.3812271e+01 
3.500e+01 ; 7.200e+00 ; 3.500e+00 ; 7.4005000e+01 ; 8.3801582e+01 
3.500e+01 ; 7.200e+00 ; 3.500e+00 ; 7.4009000e+01 ; 8.3780258e+01 
3.500e+01 ; 7.200e+00 ; 3.500e+00 ; 7.4017000e+01 ; 8.3737778e+01 
3.500e+01 ; 7.200e+00 ; 3.500e+00 ; 7.4033000e+01 ; 8.3653526e+01 
3.500e+01 ; 7.200e+00 ; 3.500e+00 ; 7.4065000e+01 ; 8.3487831e+01 
3.500e+01 ; 7.200e+00 ; 3.500e+00 ; 7.4129000e+01 ; 8.3167107e+01 
3.500e+01 ; 7.200e+00 ; 3.500e+00 ; 7.4257000e+01 ; 8.2564751e+01 
3.500e+01 ; 7.200e+00 ; 3.500e+00 ; 7.4513000e+01 ; 8.1492622e+01 
3.500e+01 ; 7.200e+00 ; 3.500e+00 ; 7.5000000e+01 ; 7.9815193e+01 
3.500e+01 ; 7.200e+00 ; 3.500e+00 ; 7.5000000e+01 ; 7.9815193e+01 
3.500e+01 ; 7.200e+00 ; 3.500e+00 ; 7.5001000e+01 ; 7.9811752e+01 
3.500e+01 ; 7.200e+00 ; 3.500e+00 ; 7.5002000e+01 ; 7.9808311e+01 
3.500e+01 ; 7.200e+00 ; 3.500e+00 ; 7.5003000e+01 ; 7.9804871e+01 
3.500e+01 ; 7.200e+00 ; 3.500e+00 ; 7.5005000e+01 ; 7.9797997e+01 
3.500e+01 ; 7.200e+00 ; 3.500e+00 ; 7.5009000e+01 ; 7.9784271e+01 
3.500e+01 ; 7.200e+00 ; 3.500e+00 ; 7.5017000e+01 ; 7.9756920e+01 
3.500e+01 ; 7.200e+00 ; 3.500e+00 ; 7.5033000e+01 ; 7.9702606e+01 
3.500e+01 ; 7.200e+00 ; 3.500e+00 ; 7.5065000e+01 ; 7.9595474e+01 
3.500e+01 ; 7.200e+00 ; 3.500e+00 ; 7.5129000e+01 ; 7.9386955e+01 
3.500e+01 ; 7.200e+00 ; 3.500e+00 ; 7.5257000e+01 ; 7.8991158e+01 
3.500e+01 ; 7.200e+00 ; 3.500e+00 ; 7.5513000e+01 ; 7.8272873e+01 
3.500e+01 ; 7.200e+00 ; 3.500e+00 ; 7.6000000e+01 ; 7.7112732e+01 
3.500e+01 ; 7.200e+00 ; 3.500e+00 ; 7.6000000e+01 ; 7.7112732e+01 
3.500e+01 ; 7.200e+00 ; 3.500e+00 ; 7.6001000e+01 ; 7.7110352e+01 
3.500e+01 ; 7.200e+00 ; 3.500e+00 ; 7.6002000e+01 ; 7.7107971e+01 
3.500e+01 ; 7.200e+00 ; 3.500e+00 ; 7.6003000e+01 ; 7.7105591e+01 
3.500e+01 ; 7.200e+00 ; 3.500e+00 ; 7.6005000e+01 ; 7.7100838e+01 
3.500e+01 ; 7.200e+00 ; 3.500e+00 ; 7.6009000e+01 ; 7.7091339e+01 
3.500e+01 ; 7.200e+00 ; 3.500e+00 ; 7.6017000e+01 ; 7.7072395e+01 
3.500e+01 ; 7.200e+00 ; 3.500e+00 ; 7.6033000e+01 ; 7.7034737e+01 
3.500e+01 ; 7.200e+00 ; 3.500e+00 ; 7.6065000e+01 ; 7.6960266e+01 
3.500e+01 ; 7.200e+00 ; 3.500e+00 ; 7.6129000e+01 ; 7.6814644e+01 
3.500e+01 ; 7.200e+00 ; 3.500e+00 ; 7.6257000e+01 ; 7.6535736e+01 
3.500e+01 ; 7.200e+00 ; 3.500e+00 ; 7.6513000e+01 ; 7.6021255e+01 
3.500e+01 ; 7.200e+00 ; 3.500e+00 ; 7.7000000e+01 ; 7.5168236e+01 
3.500e+01 ; 7.200e+00 ; 3.500e+00 ; 7.7000000e+01 ; 7.5168236e+01 
3.500e+01 ; 7.200e+00 ; 3.500e+00 ; 7.7001000e+01 ; 7.5166489e+01 
3.500e+01 ; 7.200e+00 ; 3.500e+00 ; 7.7002000e+01 ; 7.5164734e+01 
3.500e+01 ; 7.200e+00 ; 3.500e+00 ; 7.7003000e+01 ; 7.5162987e+01 
3.500e+01 ; 7.200e+00 ; 3.500e+00 ; 7.7005000e+01 ; 7.5159485e+01 
3.500e+01 ; 7.200e+00 ; 3.500e+00 ; 7.7009000e+01 ; 7.5152496e+01 
3.500e+01 ; 7.200e+00 ; 3.500e+00 ; 7.7017000e+01 ; 7.5138557e+01 
3.500e+01 ; 7.200e+00 ; 3.500e+00 ; 7.7033000e+01 ; 7.5110809e+01 
3.500e+01 ; 7.200e+00 ; 3.500e+00 ; 7.7065000e+01 ; 7.5055840e+01 
3.500e+01 ; 7.200e+00 ; 3.500e+00 ; 7.7129000e+01 ; 7.4947929e+01 
3.500e+01 ; 7.200e+00 ; 3.500e+00 ; 7.7257000e+01 ; 7.4739777e+01 
3.500e+01 ; 7.200e+00 ; 3.500e+00 ; 7.7513000e+01 ; 7.4350838e+01 
3.500e+01 ; 7.200e+00 ; 3.500e+00 ; 7.8000000e+01 ; 7.3692543e+01 
3.500e+01 ; 7.200e+00 ; 3.500e+00 ; 7.8000000e+01 ; 7.3692543e+01 
3.500e+01 ; 7.200e+00 ; 3.500e+00 ; 7.8001000e+01 ; 7.3691193e+01 
3.500e+01 ; 7.200e+00 ; 3.500e+00 ; 7.8002000e+01 ; 7.3689842e+01 
3.500e+01 ; 7.200e+00 ; 3.500e+00 ; 7.8003000e+01 ; 7.3688492e+01 
3.500e+01 ; 7.200e+00 ; 3.500e+00 ; 7.8005000e+01 ; 7.3685791e+01 
3.500e+01 ; 7.200e+00 ; 3.500e+00 ; 7.8009000e+01 ; 7.3680397e+01 
3.500e+01 ; 7.200e+00 ; 3.500e+00 ; 7.8017000e+01 ; 7.3669632e+01 
3.500e+01 ; 7.200e+00 ; 3.500e+00 ; 7.8033000e+01 ; 7.3648186e+01 
3.500e+01 ; 7.200e+00 ; 3.500e+00 ; 7.8065000e+01 ; 7.3605629e+01 
3.500e+01 ; 7.200e+00 ; 3.500e+00 ; 7.8129000e+01 ; 7.3521858e+01 
3.500e+01 ; 7.200e+00 ; 3.500e+00 ; 7.8257000e+01 ; 7.3359375e+01 
3.500e+01 ; 7.200e+00 ; 3.500e+00 ; 7.8513000e+01 ; 7.3052757e+01 
3.500e+01 ; 7.200e+00 ; 3.500e+00 ; 7.9000000e+01 ; 7.2525497e+01 
3.500e+01 ; 7.200e+00 ; 3.500e+00 ; 7.9000000e+01 ; 7.2525497e+01 
3.500e+01 ; 7.200e+00 ; 3.500e+00 ; 7.9001000e+01 ; 7.2524422e+01 
3.500e+01 ; 7.200e+00 ; 3.500e+00 ; 7.9002000e+01 ; 7.2523338e+01 
3.500e+01 ; 7.200e+00 ; 3.500e+00 ; 7.9003000e+01 ; 7.2522255e+01 
3.500e+01 ; 7.200e+00 ; 3.500e+00 ; 7.9005000e+01 ; 7.2520088e+01 
3.500e+01 ; 7.200e+00 ; 3.500e+00 ; 7.9009000e+01 ; 7.2515770e+01 
3.500e+01 ; 7.200e+00 ; 3.500e+00 ; 7.9017000e+01 ; 7.2507141e+01 
3.500e+01 ; 7.200e+00 ; 3.500e+00 ; 7.9033000e+01 ; 7.2489944e+01 
3.500e+01 ; 7.200e+00 ; 3.500e+00 ; 7.9065000e+01 ; 7.2455780e+01 
3.500e+01 ; 7.200e+00 ; 3.500e+00 ; 7.9129000e+01 ; 7.2388382e+01 
3.500e+01 ; 7.200e+00 ; 3.500e+00 ; 7.9257000e+01 ; 7.2257103e+01 
3.500e+01 ; 7.200e+00 ; 3.500e+00 ; 7.9513000e+01 ; 7.2007492e+01 
3.500e+01 ; 7.200e+00 ; 3.500e+00 ; 8.0000000e+01 ; 7.1572968e+01 
3.500e+01 ; 7.200e+00 ; 3.500e+00 ; 8.0000000e+01 ; 7.1572968e+01 
3.500e+01 ; 7.200e+00 ; 3.500e+00 ; 8.0001000e+01 ; 7.1572075e+01 
3.500e+01 ; 7.200e+00 ; 3.500e+00 ; 8.0002000e+01 ; 7.1571182e+01 
3.500e+01 ; 7.200e+00 ; 3.500e+00 ; 8.0003000e+01 ; 7.1570290e+01 
3.500e+01 ; 7.200e+00 ; 3.500e+00 ; 8.0005000e+01 ; 7.1568512e+01 
3.500e+01 ; 7.200e+00 ; 3.500e+00 ; 8.0009000e+01 ; 7.1564949e+01 
3.500e+01 ; 7.200e+00 ; 3.500e+00 ; 8.0017000e+01 ; 7.1557831e+01 
3.500e+01 ; 7.200e+00 ; 3.500e+00 ; 8.0033000e+01 ; 7.1543648e+01 
3.500e+01 ; 7.200e+00 ; 3.500e+00 ; 8.0065000e+01 ; 7.1515442e+01 
3.500e+01 ; 7.200e+00 ; 3.500e+00 ; 8.0129000e+01 ; 7.1459702e+01 
3.500e+01 ; 7.200e+00 ; 3.500e+00 ; 8.0257000e+01 ; 7.1350792e+01 
3.500e+01 ; 7.200e+00 ; 3.500e+00 ; 8.0513000e+01 ; 7.1142494e+01 
3.500e+01 ; 7.200e+00 ; 3.500e+00 ; 8.1000000e+01 ; 7.0776436e+01 
3.500e+01 ; 7.200e+00 ; 3.500e+00 ; 8.1000000e+01 ; 7.0776436e+01 
3.500e+01 ; 7.200e+00 ; 3.500e+00 ; 8.1001000e+01 ; 7.0775688e+01 
3.500e+01 ; 7.200e+00 ; 3.500e+00 ; 8.1002000e+01 ; 7.0774933e+01 
3.500e+01 ; 7.200e+00 ; 3.500e+00 ; 8.1003000e+01 ; 7.0774185e+01 
3.500e+01 ; 7.200e+00 ; 3.500e+00 ; 8.1005000e+01 ; 7.0772682e+01 
3.500e+01 ; 7.200e+00 ; 3.500e+00 ; 8.1009000e+01 ; 7.0769684e+01 
3.500e+01 ; 7.200e+00 ; 3.500e+00 ; 8.1017000e+01 ; 7.0763687e+01 
3.500e+01 ; 7.200e+00 ; 3.500e+00 ; 8.1033000e+01 ; 7.0751724e+01 
3.500e+01 ; 7.200e+00 ; 3.500e+00 ; 8.1065000e+01 ; 7.0727936e+01 
3.500e+01 ; 7.200e+00 ; 3.500e+00 ; 8.1129000e+01 ; 7.0680855e+01 
3.500e+01 ; 7.200e+00 ; 3.500e+00 ; 8.1257000e+01 ; 7.0588638e+01 
3.500e+01 ; 7.200e+00 ; 3.500e+00 ; 8.1513000e+01 ; 7.0411530e+01 
3.500e+01 ; 7.200e+00 ; 3.500e+00 ; 8.2000000e+01 ; 7.0098640e+01 
3.500e+01 ; 7.200e+00 ; 3.500e+00 ; 8.2000000e+01 ; 7.0098640e+01 
3.500e+01 ; 7.200e+00 ; 3.500e+00 ; 8.2001000e+01 ; 7.0097992e+01 
3.500e+01 ; 7.200e+00 ; 3.500e+00 ; 8.2002000e+01 ; 7.0097351e+01 
3.500e+01 ; 7.200e+00 ; 3.500e+00 ; 8.2003000e+01 ; 7.0096710e+01 
3.500e+01 ; 7.200e+00 ; 3.500e+00 ; 8.2005000e+01 ; 7.0095428e+01 
3.500e+01 ; 7.200e+00 ; 3.500e+00 ; 8.2009000e+01 ; 7.0092857e+01 
3.500e+01 ; 7.200e+00 ; 3.500e+00 ; 8.2017000e+01 ; 7.0087738e+01 
3.500e+01 ; 7.200e+00 ; 3.500e+00 ; 8.2033000e+01 ; 7.0077507e+01 
3.500e+01 ; 7.200e+00 ; 3.500e+00 ; 8.2065000e+01 ; 7.0057159e+01 
3.500e+01 ; 7.200e+00 ; 3.500e+00 ; 8.2129000e+01 ; 7.0016876e+01 
3.500e+01 ; 7.200e+00 ; 3.500e+00 ; 8.2257000e+01 ; 6.9938019e+01 
3.500e+01 ; 7.200e+00 ; 3.500e+00 ; 8.2513000e+01 ; 6.9787758e+01 
3.500e+01 ; 7.200e+00 ; 3.500e+00 ; 8.3000000e+01 ; 6.9530861e+01 
3.500e+01 ; 7.200e+00 ; 3.500e+00 ; 8.3000000e+01 ; 6.9530861e+01 
3.500e+01 ; 7.200e+00 ; 3.500e+00 ; 8.3001000e+01 ; 6.9530334e+01 
3.500e+01 ; 7.200e+00 ; 3.500e+00 ; 8.3002000e+01 ; 6.9529808e+01 
3.500e+01 ; 7.200e+00 ; 3.500e+00 ; 8.3003000e+01 ; 6.9529282e+01 
3.500e+01 ; 7.200e+00 ; 3.500e+00 ; 8.3005000e+01 ; 6.9528229e+01 
3.500e+01 ; 7.200e+00 ; 3.500e+00 ; 8.3009000e+01 ; 6.9526123e+01 
3.500e+01 ; 7.200e+00 ; 3.500e+00 ; 8.3017000e+01 ; 6.9521919e+01 
3.500e+01 ; 7.200e+00 ; 3.500e+00 ; 8.3033000e+01 ; 6.9513557e+01 
3.500e+01 ; 7.200e+00 ; 3.500e+00 ; 8.3065000e+01 ; 6.9497032e+01 
3.500e+01 ; 7.200e+00 ; 3.500e+00 ; 8.3129000e+01 ; 6.9464989e+01 
3.500e+01 ; 7.200e+00 ; 3.500e+00 ; 8.3257000e+01 ; 6.9406219e+01 
3.500e+01 ; 7.200e+00 ; 3.500e+00 ; 8.3513000e+01 ; 6.9314026e+01 
3.500e+01 ; 7.200e+00 ; 3.500e+00 ; 8.4000000e+01 ; 6.9222816e+01 
3.500e+01 ; 7.200e+00 ; 3.500e+00 ; 8.4000000e+01 ; 6.9222816e+01 
3.500e+01 ; 7.200e+00 ; 3.500e+00 ; 8.4001000e+01 ; 6.9222664e+01 
3.500e+01 ; 7.200e+00 ; 3.500e+00 ; 8.4002000e+01 ; 6.9222534e+01 
3.500e+01 ; 7.200e+00 ; 3.500e+00 ; 8.4003000e+01 ; 6.9222435e+01 
3.500e+01 ; 7.200e+00 ; 3.500e+00 ; 8.4005000e+01 ; 6.9222359e+01 
3.500e+01 ; 7.200e+00 ; 3.500e+00 ; 8.4009000e+01 ; 6.9222672e+01 
3.500e+01 ; 7.200e+00 ; 3.500e+00 ; 8.4017000e+01 ; 6.9225128e+01 
3.500e+01 ; 7.200e+00 ; 3.500e+00 ; 8.4033000e+01 ; 6.9237091e+01 
3.500e+01 ; 7.200e+00 ; 3.500e+00 ; 8.4065000e+01 ; 6.9286987e+01 
3.500e+01 ; 7.200e+00 ; 3.500e+00 ; 8.4129000e+01 ; 6.9474953e+01 
3.500e+01 ; 7.200e+00 ; 3.500e+00 ; 8.4257000e+01 ; 7.0102577e+01 
3.500e+01 ; 7.200e+00 ; 3.500e+00 ; 8.4513000e+01 ; 7.1834808e+01 
3.500e+01 ; 7.200e+00 ; 3.500e+00 ; 8.5000000e+01 ; 7.5143982e+01 
3.500e+01 ; 7.200e+00 ; 3.500e+00 ; 8.5000000e+01 ; 7.5143982e+01 
3.500e+01 ; 7.200e+00 ; 3.500e+00 ; 8.5001000e+01 ; 7.5150787e+01 
3.500e+01 ; 7.200e+00 ; 3.500e+00 ; 8.5002000e+01 ; 7.5157593e+01 
3.500e+01 ; 7.200e+00 ; 3.500e+00 ; 8.5003000e+01 ; 7.5164413e+01 
3.500e+01 ; 7.200e+00 ; 3.500e+00 ; 8.5005000e+01 ; 7.5178070e+01 
3.500e+01 ; 7.200e+00 ; 3.500e+00 ; 8.5009000e+01 ; 7.5205505e+01 
3.500e+01 ; 7.200e+00 ; 3.500e+00 ; 8.5017000e+01 ; 7.5260803e+01 
3.500e+01 ; 7.200e+00 ; 3.500e+00 ; 8.5033000e+01 ; 7.5373032e+01 
3.500e+01 ; 7.200e+00 ; 3.500e+00 ; 8.5065000e+01 ; 7.5603119e+01 
3.500e+01 ; 7.200e+00 ; 3.500e+00 ; 8.5129000e+01 ; 7.6079987e+01 
3.500e+01 ; 7.200e+00 ; 3.500e+00 ; 8.5257000e+01 ; 7.7062614e+01 
3.500e+01 ; 7.200e+00 ; 3.500e+00 ; 8.5513000e+01 ; 7.8949936e+01 
3.500e+01 ; 7.200e+00 ; 3.500e+00 ; 8.6000000e+01 ; 8.1707092e+01 
3.500e+01 ; 7.200e+00 ; 3.500e+00 ; 8.6000000e+01 ; 8.1707092e+01 
3.500e+01 ; 7.200e+00 ; 3.500e+00 ; 8.6001000e+01 ; 8.1712746e+01 
3.500e+01 ; 7.200e+00 ; 3.500e+00 ; 8.6002000e+01 ; 8.1718384e+01 
3.500e+01 ; 7.200e+00 ; 3.500e+00 ; 8.6003000e+01 ; 8.1724007e+01 
3.500e+01 ; 7.200e+00 ; 3.500e+00 ; 8.6005000e+01 ; 8.1735207e+01 
3.500e+01 ; 7.200e+00 ; 3.500e+00 ; 8.6009000e+01 ; 8.1757431e+01 
3.500e+01 ; 7.200e+00 ; 3.500e+00 ; 8.6017000e+01 ; 8.1801117e+01 
3.500e+01 ; 7.200e+00 ; 3.500e+00 ; 8.6033000e+01 ; 8.1885567e+01 
3.500e+01 ; 7.200e+00 ; 3.500e+00 ; 8.6065000e+01 ; 8.2043167e+01 
3.500e+01 ; 7.200e+00 ; 3.500e+00 ; 8.6129000e+01 ; 8.2316505e+01 
3.500e+01 ; 7.200e+00 ; 3.500e+00 ; 8.6257000e+01 ; 8.2718971e+01 
3.500e+01 ; 7.200e+00 ; 3.500e+00 ; 8.6513000e+01 ; 8.3090340e+01 
3.500e+01 ; 7.200e+00 ; 3.500e+00 ; 8.7000000e+01 ; 8.2859421e+01 
3.500e+01 ; 7.200e+00 ; 3.500e+00 ; 8.7000000e+01 ; 8.2859421e+01 
3.500e+01 ; 7.200e+00 ; 3.500e+00 ; 8.7001000e+01 ; 8.2858948e+01 
3.500e+01 ; 7.200e+00 ; 3.500e+00 ; 8.7002000e+01 ; 8.2858467e+01 
3.500e+01 ; 7.200e+00 ; 3.500e+00 ; 8.7003000e+01 ; 8.2857979e+01 
3.500e+01 ; 7.200e+00 ; 3.500e+00 ; 8.7005000e+01 ; 8.2856987e+01 
3.500e+01 ; 7.200e+00 ; 3.500e+00 ; 8.7009000e+01 ; 8.2854950e+01 
3.500e+01 ; 7.200e+00 ; 3.500e+00 ; 8.7017000e+01 ; 8.2850632e+01 
3.500e+01 ; 7.200e+00 ; 3.500e+00 ; 8.7033000e+01 ; 8.2841011e+01 
3.500e+01 ; 7.200e+00 ; 3.500e+00 ; 8.7065000e+01 ; 8.2818054e+01 
3.500e+01 ; 7.200e+00 ; 3.500e+00 ; 8.7129000e+01 ; 8.2758385e+01 
3.500e+01 ; 7.200e+00 ; 3.500e+00 ; 8.7257000e+01 ; 8.2592239e+01 
3.500e+01 ; 7.200e+00 ; 3.500e+00 ; 8.7513000e+01 ; 8.2124100e+01 
3.500e+01 ; 7.200e+00 ; 3.500e+00 ; 8.8000000e+01 ; 8.0970871e+01 
3.500e+01 ; 7.200e+00 ; 3.500e+00 ; 8.8000000e+01 ; 8.0970871e+01 
3.500e+01 ; 7.200e+00 ; 3.500e+00 ; 8.8001000e+01 ; 8.0968506e+01 
3.500e+01 ; 7.200e+00 ; 3.500e+00 ; 8.8002000e+01 ; 8.0966133e+01 
3.500e+01 ; 7.200e+00 ; 3.500e+00 ; 8.8003000e+01 ; 8.0963760e+01 
3.500e+01 ; 7.200e+00 ; 3.500e+00 ; 8.8005000e+01 ; 8.0959015e+01 
3.500e+01 ; 7.200e+00 ; 3.500e+00 ; 8.8009000e+01 ; 8.0949501e+01 
3.500e+01 ; 7.200e+00 ; 3.500e+00 ; 8.8017000e+01 ; 8.0930412e+01 
3.500e+01 ; 7.200e+00 ; 3.500e+00 ; 8.8033000e+01 ; 8.0891960e+01 
3.500e+01 ; 7.200e+00 ; 3.500e+00 ; 8.8065000e+01 ; 8.0814049e+01 
3.500e+01 ; 7.200e+00 ; 3.500e+00 ; 8.8129000e+01 ; 8.0654640e+01 
3.500e+01 ; 7.200e+00 ; 3.500e+00 ; 8.8257000e+01 ; 8.0324570e+01 
3.500e+01 ; 7.200e+00 ; 3.500e+00 ; 8.8513000e+01 ; 7.9638206e+01 
3.500e+01 ; 7.200e+00 ; 3.500e+00 ; 8.9000000e+01 ; 7.8316963e+01 
3.500e+01 ; 7.200e+00 ; 3.500e+00 ; 8.9000000e+01 ; 7.8316963e+01 
3.500e+01 ; 7.200e+00 ; 3.500e+00 ; 8.9001000e+01 ; 7.8314247e+01 
3.500e+01 ; 7.200e+00 ; 3.500e+00 ; 8.9002000e+01 ; 7.8311531e+01 
3.500e+01 ; 7.200e+00 ; 3.500e+00 ; 8.9003000e+01 ; 7.8308823e+01 
3.500e+01 ; 7.200e+00 ; 3.500e+00 ; 8.9005000e+01 ; 7.8303398e+01 
3.500e+01 ; 7.200e+00 ; 3.500e+00 ; 8.9009000e+01 ; 7.8292542e+01 
3.500e+01 ; 7.200e+00 ; 3.500e+00 ; 8.9017000e+01 ; 7.8270828e+01 
3.500e+01 ; 7.200e+00 ; 3.500e+00 ; 8.9033000e+01 ; 7.8227394e+01 
3.500e+01 ; 7.200e+00 ; 3.500e+00 ; 8.9065000e+01 ; 7.8140495e+01 
3.500e+01 ; 7.200e+00 ; 3.500e+00 ; 8.9129000e+01 ; 7.7966759e+01 
3.500e+01 ; 7.200e+00 ; 3.500e+00 ; 8.9257000e+01 ; 7.7620552e+01 
3.500e+01 ; 7.200e+00 ; 3.500e+00 ; 8.9513000e+01 ; 7.6939209e+01 
3.500e+01 ; 7.200e+00 ; 3.500e+00 ; 9.0000000e+01 ; 7.5705963e+01 
3.500e+01 ; 7.200e+00 ; 3.500e+00 ; 9.0000000e+01 ; 7.5705963e+01 
3.500e+01 ; 7.200e+00 ; 3.500e+00 ; 9.0001000e+01 ; 7.5703430e+01 
3.500e+01 ; 7.200e+00 ; 3.500e+00 ; 9.0002000e+01 ; 7.5700897e+01 
3.500e+01 ; 7.200e+00 ; 3.500e+00 ; 9.0003000e+01 ; 7.5698364e+01 
3.500e+01 ; 7.200e+00 ; 3.500e+00 ; 9.0005000e+01 ; 7.5693306e+01 
3.500e+01 ; 7.200e+00 ; 3.500e+00 ; 9.0009000e+01 ; 7.5683182e+01 
3.500e+01 ; 7.200e+00 ; 3.500e+00 ; 9.0017000e+01 ; 7.5662964e+01 
3.500e+01 ; 7.200e+00 ; 3.500e+00 ; 9.0033000e+01 ; 7.5622589e+01 
3.500e+01 ; 7.200e+00 ; 3.500e+00 ; 9.0065000e+01 ; 7.5542122e+01 
3.500e+01 ; 7.200e+00 ; 3.500e+00 ; 9.0129000e+01 ; 7.5382362e+01 
3.500e+01 ; 7.200e+00 ; 3.500e+00 ; 9.0257000e+01 ; 7.5067818e+01 
3.500e+01 ; 7.200e+00 ; 3.500e+00 ; 9.0513000e+01 ; 7.4459923e+01 
3.500e+01 ; 7.200e+00 ; 3.500e+00 ; 9.1000000e+01 ; 7.3382629e+01 
3.500e+01 ; 7.200e+00 ; 3.500e+00 ; 9.1000000e+01 ; 7.3382629e+01 
3.500e+01 ; 7.200e+00 ; 3.500e+00 ; 9.1010000e+01 ; 7.3360542e+01 
3.500e+01 ; 7.200e+00 ; 3.500e+00 ; 9.1020000e+01 ; 7.3338486e+01 
3.500e+01 ; 7.200e+00 ; 3.500e+00 ; 9.1030000e+01 ; 7.3316467e+01 
3.500e+01 ; 7.200e+00 ; 3.500e+00 ; 9.1050000e+01 ; 7.3272560e+01 
3.500e+01 ; 7.200e+00 ; 3.500e+00 ; 9.1090000e+01 ; 7.3185280e+01 
3.500e+01 ; 7.200e+00 ; 3.500e+00 ; 9.1170000e+01 ; 7.3012871e+01 
3.500e+01 ; 7.200e+00 ; 3.500e+00 ; 9.1330000e+01 ; 7.2676590e+01 
3.500e+01 ; 7.200e+00 ; 3.500e+00 ; 9.1650000e+01 ; 7.2037422e+01 
3.500e+01 ; 7.200e+00 ; 3.500e+00 ; 9.2290000e+01 ; 7.0882172e+01 
3.500e+01 ; 7.200e+00 ; 3.500e+00 ; 9.3570000e+01 ; 6.8972702e+01 
3.500e+01 ; 7.200e+00 ; 3.500e+00 ; 9.5490000e+01 ; 6.6763512e+01 
3.500e+01 ; 7.200e+00 ; 3.500e+00 ; 9.6000000e+01 ; 6.6218620e+01