X ; Y ; Z ; time ; Temperature 
3.500e+01 ; 3.200e+00 ; 2.100e+00 ; 0.0000000e+00 ; 2.4800000e+02 
3.500e+01 ; 3.200e+00 ; 2.100e+00 ; 1.0000000e-03 ; 2.4800000e+02 
3.500e+01 ; 3.200e+00 ; 2.100e+00 ; 2.0000001e-03 ; 2.4800000e+02 
3.500e+01 ; 3.200e+00 ; 2.100e+00 ; 3.0000000e-03 ; 2.4800000e+02 
3.500e+01 ; 3.200e+00 ; 2.100e+00 ; 4.9999999e-03 ; 2.4800000e+02 
3.500e+01 ; 3.200e+00 ; 2.100e+00 ; 8.9999996e-03 ; 2.4800000e+02 
3.500e+01 ; 3.200e+00 ; 2.100e+00 ; 1.7000001e-02 ; 2.4800000e+02 
3.500e+01 ; 3.200e+00 ; 2.100e+00 ; 3.3000000e-02 ; 2.4800000e+02 
3.500e+01 ; 3.200e+00 ; 2.100e+00 ; 6.4999998e-02 ; 2.4800000e+02 
3.500e+01 ; 3.200e+00 ; 2.100e+00 ; 1.2899999e-01 ; 2.4800000e+02 
3.500e+01 ; 3.200e+00 ; 2.100e+00 ; 2.5700000e-01 ; 2.4800000e+02 
3.500e+01 ; 3.200e+00 ; 2.100e+00 ; 5.1300001e-01 ; 2.4800000e+02 
3.500e+01 ; 3.200e+00 ; 2.100e+00 ; 1.0000000e+00 ; 2.4800000e+02 
3.500e+01 ; 3.200e+00 ; 2.100e+00 ; 1.0000000e+00 ; 2.4800000e+02 
3.500e+01 ; 3.200e+00 ; 2.100e+00 ; 1.0010000e+00 ; 2.4800000e+02 
3.500e+01 ; 3.200e+00 ; 2.100e+00 ; 1.0020000e+00 ; 2.4800000e+02 
3.500e+01 ; 3.200e+00 ; 2.100e+00 ; 1.0030000e+00 ; 2.4800000e+02 
3.500e+01 ; 3.200e+00 ; 2.100e+00 ; 1.0050000e+00 ; 2.4800000e+02 
3.500e+01 ; 3.200e+00 ; 2.100e+00 ; 1.0090000e+00 ; 2.4800000e+02 
3.500e+01 ; 3.200e+00 ; 2.100e+00 ; 1.0170000e+00 ; 2.4800000e+02 
3.500e+01 ; 3.200e+00 ; 2.100e+00 ; 1.0330000e+00 ; 2.4800000e+02 
3.500e+01 ; 3.200e+00 ; 2.100e+00 ; 1.0650000e+00 ; 2.4800000e+02 
3.500e+01 ; 3.200e+00 ; 2.100e+00 ; 1.1290000e+00 ; 2.4800000e+02 
3.500e+01 ; 3.200e+00 ; 2.100e+00 ; 1.2570000e+00 ; 2.4800000e+02 
3.500e+01 ; 3.200e+00 ; 2.100e+00 ; 1.5130000e+00 ; 2.4800000e+02 
3.500e+01 ; 3.200e+00 ; 2.100e+00 ; 2.0000000e+00 ; 2.4800000e+02 
3.500e+01 ; 3.200e+00 ; 2.100e+00 ; 2.0000000e+00 ; 2.4800000e+02 
3.500e+01 ; 3.200e+00 ; 2.100e+00 ; 2.0010000e+00 ; 2.4800000e+02 
3.500e+01 ; 3.200e+00 ; 2.100e+00 ; 2.0020000e+00 ; 2.4800000e+02 
3.500e+01 ; 3.200e+00 ; 2.100e+00 ; 2.0030000e+00 ; 2.4800000e+02 
3.500e+01 ; 3.200e+00 ; 2.100e+00 ; 2.0050000e+00 ; 2.4800000e+02 
3.500e+01 ; 3.200e+00 ; 2.100e+00 ; 2.0090000e+00 ; 2.4800000e+02 
3.500e+01 ; 3.200e+00 ; 2.100e+00 ; 2.0170000e+00 ; 2.4800000e+02 
3.500e+01 ; 3.200e+00 ; 2.100e+00 ; 2.0330000e+00 ; 2.4800000e+02 
3.500e+01 ; 3.200e+00 ; 2.100e+00 ; 2.0650000e+00 ; 2.4800000e+02 
3.500e+01 ; 3.200e+00 ; 2.100e+00 ; 2.1290000e+00 ; 2.4800000e+02 
3.500e+01 ; 3.200e+00 ; 2.100e+00 ; 2.2570000e+00 ; 2.4800000e+02 
3.500e+01 ; 3.200e+00 ; 2.100e+00 ; 2.5130000e+00 ; 2.4800000e+02 
3.500e+01 ; 3.200e+00 ; 2.100e+00 ; 3.0000000e+00 ; 2.4800000e+02 
3.500e+01 ; 3.200e+00 ; 2.100e+00 ; 3.0000000e+00 ; 2.4800000e+02 
3.500e+01 ; 3.200e+00 ; 2.100e+00 ; 3.0010000e+00 ; 2.4800000e+02 
3.500e+01 ; 3.200e+00 ; 2.100e+00 ; 3.0020000e+00 ; 2.4800000e+02 
3.500e+01 ; 3.200e+00 ; 2.100e+00 ; 3.0030000e+00 ; 2.4800000e+02 
3.500e+01 ; 3.200e+00 ; 2.100e+00 ; 3.0050000e+00 ; 2.4800000e+02 
3.500e+01 ; 3.200e+00 ; 2.100e+00 ; 3.0090000e+00 ; 2.4800000e+02 
3.500e+01 ; 3.200e+00 ; 2.100e+00 ; 3.0170000e+00 ; 2.4800000e+02 
3.500e+01 ; 3.200e+00 ; 2.100e+00 ; 3.0330000e+00 ; 2.4800000e+02 
3.500e+01 ; 3.200e+00 ; 2.100e+00 ; 3.0650000e+00 ; 2.4800000e+02 
3.500e+01 ; 3.200e+00 ; 2.100e+00 ; 3.1290000e+00 ; 2.4800000e+02 
3.500e+01 ; 3.200e+00 ; 2.100e+00 ; 3.2570000e+00 ; 2.4800000e+02 
3.500e+01 ; 3.200e+00 ; 2.100e+00 ; 3.5130000e+00 ; 2.4800000e+02 
3.500e+01 ; 3.200e+00 ; 2.100e+00 ; 4.0000000e+00 ; 2.4800000e+02 
3.500e+01 ; 3.200e+00 ; 2.100e+00 ; 4.0000000e+00 ; 2.4800000e+02 
3.500e+01 ; 3.200e+00 ; 2.100e+00 ; 4.0010000e+00 ; 2.4800000e+02 
3.500e+01 ; 3.200e+00 ; 2.100e+00 ; 4.0020000e+00 ; 2.4800000e+02 
3.500e+01 ; 3.200e+00 ; 2.100e+00 ; 4.0030000e+00 ; 2.4800000e+02 
3.500e+01 ; 3.200e+00 ; 2.100e+00 ; 4.0050000e+00 ; 2.4800000e+02 
3.500e+01 ; 3.200e+00 ; 2.100e+00 ; 4.0090000e+00 ; 2.4800000e+02 
3.500e+01 ; 3.200e+00 ; 2.100e+00 ; 4.0170000e+00 ; 2.4800000e+02 
3.500e+01 ; 3.200e+00 ; 2.100e+00 ; 4.0330000e+00 ; 2.4800000e+02 
3.500e+01 ; 3.200e+00 ; 2.100e+00 ; 4.0650000e+00 ; 2.4800000e+02 
3.500e+01 ; 3.200e+00 ; 2.100e+00 ; 4.1290000e+00 ; 2.4800000e+02 
3.500e+01 ; 3.200e+00 ; 2.100e+00 ; 4.2570000e+00 ; 2.4800000e+02 
3.500e+01 ; 3.200e+00 ; 2.100e+00 ; 4.5130000e+00 ; 2.4800000e+02 
3.500e+01 ; 3.200e+00 ; 2.100e+00 ; 5.0000000e+00 ; 2.4800000e+02 
3.500e+01 ; 3.200e+00 ; 2.100e+00 ; 5.0000000e+00 ; 2.4800000e+02 
3.500e+01 ; 3.200e+00 ; 2.100e+00 ; 5.0010000e+00 ; 2.4800000e+02 
3.500e+01 ; 3.200e+00 ; 2.100e+00 ; 5.0020000e+00 ; 2.4800000e+02 
3.500e+01 ; 3.200e+00 ; 2.100e+00 ; 5.0030000e+00 ; 2.4800000e+02 
3.500e+01 ; 3.200e+00 ; 2.100e+00 ; 5.0050000e+00 ; 2.4800000e+02 
3.500e+01 ; 3.200e+00 ; 2.100e+00 ; 5.0090000e+00 ; 2.4800000e+02 
3.500e+01 ; 3.200e+00 ; 2.100e+00 ; 5.0170000e+00 ; 2.4800000e+02 
3.500e+01 ; 3.200e+00 ; 2.100e+00 ; 5.0330000e+00 ; 2.4800000e+02 
3.500e+01 ; 3.200e+00 ; 2.100e+00 ; 5.0650000e+00 ; 2.4800000e+02 
3.500e+01 ; 3.200e+00 ; 2.100e+00 ; 5.1290000e+00 ; 2.4800000e+02 
3.500e+01 ; 3.200e+00 ; 2.100e+00 ; 5.2570000e+00 ; 2.4800000e+02 
3.500e+01 ; 3.200e+00 ; 2.100e+00 ; 5.5130000e+00 ; 2.4800000e+02 
3.500e+01 ; 3.200e+00 ; 2.100e+00 ; 6.0000000e+00 ; 2.4800000e+02 
3.500e+01 ; 3.200e+00 ; 2.100e+00 ; 6.0000000e+00 ; 2.4800000e+02 
3.500e+01 ; 3.200e+00 ; 2.100e+00 ; 6.0010000e+00 ; 2.4800000e+02 
3.500e+01 ; 3.200e+00 ; 2.100e+00 ; 6.0020000e+00 ; 2.4800000e+02 
3.500e+01 ; 3.200e+00 ; 2.100e+00 ; 6.0030000e+00 ; 2.4800000e+02 
3.500e+01 ; 3.200e+00 ; 2.100e+00 ; 6.0050000e+00 ; 2.4800000e+02 
3.500e+01 ; 3.200e+00 ; 2.100e+00 ; 6.0090000e+00 ; 2.4800000e+02 
3.500e+01 ; 3.200e+00 ; 2.100e+00 ; 6.0170000e+00 ; 2.4800000e+02 
3.500e+01 ; 3.200e+00 ; 2.100e+00 ; 6.0330000e+00 ; 2.4800000e+02 
3.500e+01 ; 3.200e+00 ; 2.100e+00 ; 6.0650000e+00 ; 2.4800000e+02 
3.500e+01 ; 3.200e+00 ; 2.100e+00 ; 6.1290000e+00 ; 2.4800000e+02 
3.500e+01 ; 3.200e+00 ; 2.100e+00 ; 6.2570000e+00 ; 2.4800000e+02 
3.500e+01 ; 3.200e+00 ; 2.100e+00 ; 6.5130000e+00 ; 2.4800000e+02 
3.500e+01 ; 3.200e+00 ; 2.100e+00 ; 7.0000000e+00 ; 2.4800000e+02 
3.500e+01 ; 3.200e+00 ; 2.100e+00 ; 7.0000000e+00 ; 2.4800000e+02 
3.500e+01 ; 3.200e+00 ; 2.100e+00 ; 7.0010000e+00 ; 2.4800000e+02 
3.500e+01 ; 3.200e+00 ; 2.100e+00 ; 7.0020000e+00 ; 2.4800000e+02 
3.500e+01 ; 3.200e+00 ; 2.100e+00 ; 7.0030000e+00 ; 2.4800000e+02 
3.500e+01 ; 3.200e+00 ; 2.100e+00 ; 7.0050000e+00 ; 2.4800000e+02 
3.500e+01 ; 3.200e+00 ; 2.100e+00 ; 7.0090000e+00 ; 2.4800000e+02 
3.500e+01 ; 3.200e+00 ; 2.100e+00 ; 7.0170000e+00 ; 2.4800000e+02 
3.500e+01 ; 3.200e+00 ; 2.100e+00 ; 7.0330000e+00 ; 2.4800000e+02 
3.500e+01 ; 3.200e+00 ; 2.100e+00 ; 7.0650000e+00 ; 2.4800000e+02 
3.500e+01 ; 3.200e+00 ; 2.100e+00 ; 7.1290000e+00 ; 2.4800000e+02 
3.500e+01 ; 3.200e+00 ; 2.100e+00 ; 7.2570000e+00 ; 2.4800000e+02 
3.500e+01 ; 3.200e+00 ; 2.100e+00 ; 7.5130000e+00 ; 2.4800000e+02 
3.500e+01 ; 3.200e+00 ; 2.100e+00 ; 8.0000000e+00 ; 2.4800000e+02 
3.500e+01 ; 3.200e+00 ; 2.100e+00 ; 8.0000000e+00 ; 2.4800000e+02 
3.500e+01 ; 3.200e+00 ; 2.100e+00 ; 8.0010000e+00 ; 2.4800000e+02 
3.500e+01 ; 3.200e+00 ; 2.100e+00 ; 8.0020000e+00 ; 2.4800000e+02 
3.500e+01 ; 3.200e+00 ; 2.100e+00 ; 8.0030000e+00 ; 2.4800000e+02 
3.500e+01 ; 3.200e+00 ; 2.100e+00 ; 8.0050000e+00 ; 2.4800000e+02 
3.500e+01 ; 3.200e+00 ; 2.100e+00 ; 8.0090000e+00 ; 2.4800000e+02 
3.500e+01 ; 3.200e+00 ; 2.100e+00 ; 8.0170000e+00 ; 2.4800000e+02 
3.500e+01 ; 3.200e+00 ; 2.100e+00 ; 8.0330000e+00 ; 2.4800000e+02 
3.500e+01 ; 3.200e+00 ; 2.100e+00 ; 8.0650000e+00 ; 2.4800000e+02 
3.500e+01 ; 3.200e+00 ; 2.100e+00 ; 8.1290000e+00 ; 2.4800000e+02 
3.500e+01 ; 3.200e+00 ; 2.100e+00 ; 8.2570000e+00 ; 2.4800000e+02 
3.500e+01 ; 3.200e+00 ; 2.100e+00 ; 8.5130000e+00 ; 2.4800000e+02 
3.500e+01 ; 3.200e+00 ; 2.100e+00 ; 9.0000000e+00 ; 2.4800000e+02 
3.500e+01 ; 3.200e+00 ; 2.100e+00 ; 9.0000000e+00 ; 2.4800000e+02 
3.500e+01 ; 3.200e+00 ; 2.100e+00 ; 9.0010000e+00 ; 2.4800000e+02 
3.500e+01 ; 3.200e+00 ; 2.100e+00 ; 9.0020000e+00 ; 2.4800000e+02 
3.500e+01 ; 3.200e+00 ; 2.100e+00 ; 9.0030000e+00 ; 2.4800000e+02 
3.500e+01 ; 3.200e+00 ; 2.100e+00 ; 9.0050000e+00 ; 2.4800000e+02 
3.500e+01 ; 3.200e+00 ; 2.100e+00 ; 9.0090000e+00 ; 2.4800000e+02 
3.500e+01 ; 3.200e+00 ; 2.100e+00 ; 9.0170000e+00 ; 2.4800000e+02 
3.500e+01 ; 3.200e+00 ; 2.100e+00 ; 9.0330000e+00 ; 2.4800000e+02 
3.500e+01 ; 3.200e+00 ; 2.100e+00 ; 9.0650000e+00 ; 2.4800000e+02 
3.500e+01 ; 3.200e+00 ; 2.100e+00 ; 9.1290000e+00 ; 2.4800000e+02 
3.500e+01 ; 3.200e+00 ; 2.100e+00 ; 9.2570000e+00 ; 2.4800000e+02 
3.500e+01 ; 3.200e+00 ; 2.100e+00 ; 9.5130000e+00 ; 2.4800000e+02 
3.500e+01 ; 3.200e+00 ; 2.100e+00 ; 1.0000000e+01 ; 2.4800000e+02 
3.500e+01 ; 3.200e+00 ; 2.100e+00 ; 1.0000000e+01 ; 2.4800000e+02 
3.500e+01 ; 3.200e+00 ; 2.100e+00 ; 1.0001000e+01 ; 2.4800000e+02 
3.500e+01 ; 3.200e+00 ; 2.100e+00 ; 1.0002000e+01 ; 2.4800000e+02 
3.500e+01 ; 3.200e+00 ; 2.100e+00 ; 1.0003000e+01 ; 2.4800000e+02 
3.500e+01 ; 3.200e+00 ; 2.100e+00 ; 1.0005000e+01 ; 2.4800000e+02 
3.500e+01 ; 3.200e+00 ; 2.100e+00 ; 1.0009000e+01 ; 2.4800000e+02 
3.500e+01 ; 3.200e+00 ; 2.100e+00 ; 1.0017000e+01 ; 2.4800000e+02 
3.500e+01 ; 3.200e+00 ; 2.100e+00 ; 1.0033000e+01 ; 2.4800000e+02 
3.500e+01 ; 3.200e+00 ; 2.100e+00 ; 1.0065000e+01 ; 2.4800000e+02 
3.500e+01 ; 3.200e+00 ; 2.100e+00 ; 1.0129000e+01 ; 2.4800000e+02 
3.500e+01 ; 3.200e+00 ; 2.100e+00 ; 1.0257000e+01 ; 2.4800000e+02 
3.500e+01 ; 3.200e+00 ; 2.100e+00 ; 1.0513000e+01 ; 2.4800000e+02 
3.500e+01 ; 3.200e+00 ; 2.100e+00 ; 1.1000000e+01 ; 2.4800000e+02 
3.500e+01 ; 3.200e+00 ; 2.100e+00 ; 1.1000000e+01 ; 2.4800000e+02 
3.500e+01 ; 3.200e+00 ; 2.100e+00 ; 1.1001000e+01 ; 2.4800000e+02 
3.500e+01 ; 3.200e+00 ; 2.100e+00 ; 1.1002000e+01 ; 2.4800000e+02 
3.500e+01 ; 3.200e+00 ; 2.100e+00 ; 1.1003000e+01 ; 2.4800000e+02 
3.500e+01 ; 3.200e+00 ; 2.100e+00 ; 1.1005000e+01 ; 2.4800000e+02 
3.500e+01 ; 3.200e+00 ; 2.100e+00 ; 1.1009000e+01 ; 2.4800000e+02 
3.500e+01 ; 3.200e+00 ; 2.100e+00 ; 1.1017000e+01 ; 2.4800000e+02 
3.500e+01 ; 3.200e+00 ; 2.100e+00 ; 1.1033000e+01 ; 2.4800000e+02 
3.500e+01 ; 3.200e+00 ; 2.100e+00 ; 1.1065000e+01 ; 2.4800000e+02 
3.500e+01 ; 3.200e+00 ; 2.100e+00 ; 1.1129000e+01 ; 2.4800000e+02 
3.500e+01 ; 3.200e+00 ; 2.100e+00 ; 1.1257000e+01 ; 2.4800000e+02 
3.500e+01 ; 3.200e+00 ; 2.100e+00 ; 1.1513000e+01 ; 2.4800000e+02 
3.500e+01 ; 3.200e+00 ; 2.100e+00 ; 1.2000000e+01 ; 2.4800000e+02 
3.500e+01 ; 3.200e+00 ; 2.100e+00 ; 1.2000000e+01 ; 2.4800000e+02 
3.500e+01 ; 3.200e+00 ; 2.100e+00 ; 1.2001000e+01 ; 2.4800000e+02 
3.500e+01 ; 3.200e+00 ; 2.100e+00 ; 1.2002000e+01 ; 2.4800000e+02 
3.500e+01 ; 3.200e+00 ; 2.100e+00 ; 1.2003000e+01 ; 2.4800000e+02 
3.500e+01 ; 3.200e+00 ; 2.100e+00 ; 1.2005000e+01 ; 2.4800000e+02 
3.500e+01 ; 3.200e+00 ; 2.100e+00 ; 1.2009000e+01 ; 2.4800000e+02 
3.500e+01 ; 3.200e+00 ; 2.100e+00 ; 1.2017000e+01 ; 2.4800000e+02 
3.500e+01 ; 3.200e+00 ; 2.100e+00 ; 1.2033000e+01 ; 2.4800000e+02 
3.500e+01 ; 3.200e+00 ; 2.100e+00 ; 1.2065000e+01 ; 2.4800000e+02 
3.500e+01 ; 3.200e+00 ; 2.100e+00 ; 1.2129000e+01 ; 2.4800000e+02 
3.500e+01 ; 3.200e+00 ; 2.100e+00 ; 1.2257000e+01 ; 2.4800000e+02 
3.500e+01 ; 3.200e+00 ; 2.100e+00 ; 1.2513000e+01 ; 2.4800000e+02 
3.500e+01 ; 3.200e+00 ; 2.100e+00 ; 1.3000000e+01 ; 2.4800000e+02 
3.500e+01 ; 3.200e+00 ; 2.100e+00 ; 1.3000000e+01 ; 2.4800000e+02 
3.500e+01 ; 3.200e+00 ; 2.100e+00 ; 1.3001000e+01 ; 2.4800000e+02 
3.500e+01 ; 3.200e+00 ; 2.100e+00 ; 1.3002000e+01 ; 2.4800000e+02 
3.500e+01 ; 3.200e+00 ; 2.100e+00 ; 1.3003000e+01 ; 2.4800000e+02 
3.500e+01 ; 3.200e+00 ; 2.100e+00 ; 1.3005000e+01 ; 2.4800000e+02 
3.500e+01 ; 3.200e+00 ; 2.100e+00 ; 1.3009000e+01 ; 2.4800000e+02 
3.500e+01 ; 3.200e+00 ; 2.100e+00 ; 1.3017000e+01 ; 2.4800000e+02 
3.500e+01 ; 3.200e+00 ; 2.100e+00 ; 1.3033000e+01 ; 2.4800000e+02 
3.500e+01 ; 3.200e+00 ; 2.100e+00 ; 1.3065000e+01 ; 2.4800000e+02 
3.500e+01 ; 3.200e+00 ; 2.100e+00 ; 1.3129000e+01 ; 2.4800000e+02 
3.500e+01 ; 3.200e+00 ; 2.100e+00 ; 1.3257000e+01 ; 2.4800000e+02 
3.500e+01 ; 3.200e+00 ; 2.100e+00 ; 1.3513000e+01 ; 2.4800000e+02 
3.500e+01 ; 3.200e+00 ; 2.100e+00 ; 1.4000000e+01 ; 2.4800000e+02 
3.500e+01 ; 3.200e+00 ; 2.100e+00 ; 1.4000000e+01 ; 2.4800000e+02 
3.500e+01 ; 3.200e+00 ; 2.100e+00 ; 1.4001000e+01 ; 2.4800000e+02 
3.500e+01 ; 3.200e+00 ; 2.100e+00 ; 1.4002000e+01 ; 2.4800000e+02 
3.500e+01 ; 3.200e+00 ; 2.100e+00 ; 1.4003000e+01 ; 2.4800000e+02 
3.500e+01 ; 3.200e+00 ; 2.100e+00 ; 1.4005000e+01 ; 2.4800000e+02 
3.500e+01 ; 3.200e+00 ; 2.100e+00 ; 1.4009000e+01 ; 2.4800000e+02 
3.500e+01 ; 3.200e+00 ; 2.100e+00 ; 1.4017000e+01 ; 2.4800000e+02 
3.500e+01 ; 3.200e+00 ; 2.100e+00 ; 1.4033000e+01 ; 2.4800000e+02 
3.500e+01 ; 3.200e+00 ; 2.100e+00 ; 1.4065000e+01 ; 2.4800000e+02 
3.500e+01 ; 3.200e+00 ; 2.100e+00 ; 1.4129000e+01 ; 2.4800000e+02 
3.500e+01 ; 3.200e+00 ; 2.100e+00 ; 1.4257000e+01 ; 2.4800000e+02 
3.500e+01 ; 3.200e+00 ; 2.100e+00 ; 1.4513000e+01 ; 2.4800000e+02 
3.500e+01 ; 3.200e+00 ; 2.100e+00 ; 1.5000000e+01 ; 2.4800000e+02 
3.500e+01 ; 3.200e+00 ; 2.100e+00 ; 1.5000000e+01 ; 2.4800000e+02 
3.500e+01 ; 3.200e+00 ; 2.100e+00 ; 1.5001000e+01 ; 2.4800000e+02 
3.500e+01 ; 3.200e+00 ; 2.100e+00 ; 1.5002000e+01 ; 2.4800000e+02 
3.500e+01 ; 3.200e+00 ; 2.100e+00 ; 1.5003000e+01 ; 2.4800000e+02 
3.500e+01 ; 3.200e+00 ; 2.100e+00 ; 1.5005000e+01 ; 2.4800000e+02 
3.500e+01 ; 3.200e+00 ; 2.100e+00 ; 1.5009000e+01 ; 2.4800000e+02 
3.500e+01 ; 3.200e+00 ; 2.100e+00 ; 1.5017000e+01 ; 2.4800000e+02 
3.500e+01 ; 3.200e+00 ; 2.100e+00 ; 1.5033000e+01 ; 2.4800000e+02 
3.500e+01 ; 3.200e+00 ; 2.100e+00 ; 1.5065000e+01 ; 2.4800000e+02 
3.500e+01 ; 3.200e+00 ; 2.100e+00 ; 1.5129000e+01 ; 2.4800000e+02 
3.500e+01 ; 3.200e+00 ; 2.100e+00 ; 1.5257000e+01 ; 2.4800000e+02 
3.500e+01 ; 3.200e+00 ; 2.100e+00 ; 1.5513000e+01 ; 2.4800000e+02 
3.500e+01 ; 3.200e+00 ; 2.100e+00 ; 1.6000000e+01 ; 2.4800000e+02 
3.500e+01 ; 3.200e+00 ; 2.100e+00 ; 1.6000000e+01 ; 2.4800000e+02 
3.500e+01 ; 3.200e+00 ; 2.100e+00 ; 1.6001000e+01 ; 2.4800000e+02 
3.500e+01 ; 3.200e+00 ; 2.100e+00 ; 1.6002000e+01 ; 2.4800000e+02 
3.500e+01 ; 3.200e+00 ; 2.100e+00 ; 1.6003000e+01 ; 2.4800000e+02 
3.500e+01 ; 3.200e+00 ; 2.100e+00 ; 1.6005000e+01 ; 2.4800000e+02 
3.500e+01 ; 3.200e+00 ; 2.100e+00 ; 1.6009000e+01 ; 2.4800000e+02 
3.500e+01 ; 3.200e+00 ; 2.100e+00 ; 1.6017000e+01 ; 2.4800000e+02 
3.500e+01 ; 3.200e+00 ; 2.100e+00 ; 1.6033000e+01 ; 2.4800000e+02 
3.500e+01 ; 3.200e+00 ; 2.100e+00 ; 1.6065000e+01 ; 2.4800000e+02 
3.500e+01 ; 3.200e+00 ; 2.100e+00 ; 1.6129000e+01 ; 2.4800000e+02 
3.500e+01 ; 3.200e+00 ; 2.100e+00 ; 1.6257000e+01 ; 2.4800000e+02 
3.500e+01 ; 3.200e+00 ; 2.100e+00 ; 1.6513000e+01 ; 2.4800000e+02 
3.500e+01 ; 3.200e+00 ; 2.100e+00 ; 1.7000000e+01 ; 2.4800000e+02 
3.500e+01 ; 3.200e+00 ; 2.100e+00 ; 1.7000000e+01 ; 2.4800000e+02 
3.500e+01 ; 3.200e+00 ; 2.100e+00 ; 1.7001000e+01 ; 2.4800000e+02 
3.500e+01 ; 3.200e+00 ; 2.100e+00 ; 1.7002000e+01 ; 2.4800000e+02 
3.500e+01 ; 3.200e+00 ; 2.100e+00 ; 1.7003000e+01 ; 2.4800000e+02 
3.500e+01 ; 3.200e+00 ; 2.100e+00 ; 1.7005000e+01 ; 2.4800000e+02 
3.500e+01 ; 3.200e+00 ; 2.100e+00 ; 1.7009000e+01 ; 2.4800000e+02 
3.500e+01 ; 3.200e+00 ; 2.100e+00 ; 1.7017000e+01 ; 2.4800000e+02 
3.500e+01 ; 3.200e+00 ; 2.100e+00 ; 1.7033000e+01 ; 2.4800000e+02 
3.500e+01 ; 3.200e+00 ; 2.100e+00 ; 1.7065000e+01 ; 2.4800000e+02 
3.500e+01 ; 3.200e+00 ; 2.100e+00 ; 1.7129000e+01 ; 2.4800000e+02 
3.500e+01 ; 3.200e+00 ; 2.100e+00 ; 1.7257000e+01 ; 2.4800000e+02 
3.500e+01 ; 3.200e+00 ; 2.100e+00 ; 1.7513000e+01 ; 2.4800000e+02 
3.500e+01 ; 3.200e+00 ; 2.100e+00 ; 1.8000000e+01 ; 2.4800000e+02 
3.500e+01 ; 3.200e+00 ; 2.100e+00 ; 1.8000000e+01 ; 2.4800000e+02 
3.500e+01 ; 3.200e+00 ; 2.100e+00 ; 1.8001000e+01 ; 2.4800000e+02 
3.500e+01 ; 3.200e+00 ; 2.100e+00 ; 1.8002000e+01 ; 2.4800000e+02 
3.500e+01 ; 3.200e+00 ; 2.100e+00 ; 1.8003000e+01 ; 2.4800000e+02 
3.500e+01 ; 3.200e+00 ; 2.100e+00 ; 1.8005000e+01 ; 2.4800000e+02 
3.500e+01 ; 3.200e+00 ; 2.100e+00 ; 1.8009000e+01 ; 2.4800000e+02 
3.500e+01 ; 3.200e+00 ; 2.100e+00 ; 1.8017000e+01 ; 2.4800000e+02 
3.500e+01 ; 3.200e+00 ; 2.100e+00 ; 1.8033000e+01 ; 2.4800000e+02 
3.500e+01 ; 3.200e+00 ; 2.100e+00 ; 1.8065000e+01 ; 2.4800000e+02 
3.500e+01 ; 3.200e+00 ; 2.100e+00 ; 1.8129000e+01 ; 2.4800000e+02 
3.500e+01 ; 3.200e+00 ; 2.100e+00 ; 1.8257000e+01 ; 2.4800000e+02 
3.500e+01 ; 3.200e+00 ; 2.100e+00 ; 1.8513000e+01 ; 2.4800000e+02 
3.500e+01 ; 3.200e+00 ; 2.100e+00 ; 1.9000000e+01 ; 2.4800000e+02 
3.500e+01 ; 3.200e+00 ; 2.100e+00 ; 1.9000000e+01 ; 2.4800000e+02 
3.500e+01 ; 3.200e+00 ; 2.100e+00 ; 1.9001000e+01 ; 2.4800000e+02 
3.500e+01 ; 3.200e+00 ; 2.100e+00 ; 1.9002000e+01 ; 2.4800000e+02 
3.500e+01 ; 3.200e+00 ; 2.100e+00 ; 1.9003000e+01 ; 2.4800000e+02 
3.500e+01 ; 3.200e+00 ; 2.100e+00 ; 1.9005000e+01 ; 2.4800000e+02 
3.500e+01 ; 3.200e+00 ; 2.100e+00 ; 1.9009000e+01 ; 2.4800000e+02 
3.500e+01 ; 3.200e+00 ; 2.100e+00 ; 1.9017000e+01 ; 2.4800000e+02 
3.500e+01 ; 3.200e+00 ; 2.100e+00 ; 1.9033000e+01 ; 2.4800000e+02 
3.500e+01 ; 3.200e+00 ; 2.100e+00 ; 1.9065000e+01 ; 2.4800000e+02 
3.500e+01 ; 3.200e+00 ; 2.100e+00 ; 1.9129000e+01 ; 2.4800000e+02 
3.500e+01 ; 3.200e+00 ; 2.100e+00 ; 1.9257000e+01 ; 2.4800000e+02 
3.500e+01 ; 3.200e+00 ; 2.100e+00 ; 1.9513000e+01 ; 2.4800000e+02 
3.500e+01 ; 3.200e+00 ; 2.100e+00 ; 2.0000000e+01 ; 2.4800000e+02 
3.500e+01 ; 3.200e+00 ; 2.100e+00 ; 2.0000000e+01 ; 2.4800000e+02 
3.500e+01 ; 3.200e+00 ; 2.100e+00 ; 2.0001000e+01 ; 2.4800000e+02 
3.500e+01 ; 3.200e+00 ; 2.100e+00 ; 2.0002000e+01 ; 2.4800000e+02 
3.500e+01 ; 3.200e+00 ; 2.100e+00 ; 2.0003000e+01 ; 2.4800000e+02 
3.500e+01 ; 3.200e+00 ; 2.100e+00 ; 2.0005000e+01 ; 2.4800000e+02 
3.500e+01 ; 3.200e+00 ; 2.100e+00 ; 2.0009000e+01 ; 2.4800000e+02 
3.500e+01 ; 3.200e+00 ; 2.100e+00 ; 2.0017000e+01 ; 2.4800000e+02 
3.500e+01 ; 3.200e+00 ; 2.100e+00 ; 2.0033000e+01 ; 2.4800000e+02 
3.500e+01 ; 3.200e+00 ; 2.100e+00 ; 2.0065000e+01 ; 2.4800000e+02 
3.500e+01 ; 3.200e+00 ; 2.100e+00 ; 2.0129000e+01 ; 2.4800000e+02 
3.500e+01 ; 3.200e+00 ; 2.100e+00 ; 2.0257000e+01 ; 2.4800000e+02 
3.500e+01 ; 3.200e+00 ; 2.100e+00 ; 2.0513000e+01 ; 2.4800000e+02 
3.500e+01 ; 3.200e+00 ; 2.100e+00 ; 2.1000000e+01 ; 2.4800000e+02 
3.500e+01 ; 3.200e+00 ; 2.100e+00 ; 2.1000000e+01 ; 2.4800000e+02 
3.500e+01 ; 3.200e+00 ; 2.100e+00 ; 2.1001000e+01 ; 2.4800000e+02 
3.500e+01 ; 3.200e+00 ; 2.100e+00 ; 2.1002000e+01 ; 2.4800000e+02 
3.500e+01 ; 3.200e+00 ; 2.100e+00 ; 2.1003000e+01 ; 2.4800000e+02 
3.500e+01 ; 3.200e+00 ; 2.100e+00 ; 2.1005000e+01 ; 2.4800000e+02 
3.500e+01 ; 3.200e+00 ; 2.100e+00 ; 2.1009000e+01 ; 2.4800000e+02 
3.500e+01 ; 3.200e+00 ; 2.100e+00 ; 2.1017000e+01 ; 2.4800000e+02 
3.500e+01 ; 3.200e+00 ; 2.100e+00 ; 2.1033000e+01 ; 2.4800000e+02 
3.500e+01 ; 3.200e+00 ; 2.100e+00 ; 2.1065000e+01 ; 2.4800000e+02 
3.500e+01 ; 3.200e+00 ; 2.100e+00 ; 2.1129000e+01 ; 2.4800000e+02 
3.500e+01 ; 3.200e+00 ; 2.100e+00 ; 2.1257000e+01 ; 2.4800000e+02 
3.500e+01 ; 3.200e+00 ; 2.100e+00 ; 2.1513000e+01 ; 2.4800000e+02 
3.500e+01 ; 3.200e+00 ; 2.100e+00 ; 2.2000000e+01 ; 2.4800000e+02 
3.500e+01 ; 3.200e+00 ; 2.100e+00 ; 2.2000000e+01 ; 2.4800000e+02 
3.500e+01 ; 3.200e+00 ; 2.100e+00 ; 2.2001000e+01 ; 2.4800000e+02 
3.500e+01 ; 3.200e+00 ; 2.100e+00 ; 2.2002000e+01 ; 2.4800000e+02 
3.500e+01 ; 3.200e+00 ; 2.100e+00 ; 2.2003000e+01 ; 2.4800000e+02 
3.500e+01 ; 3.200e+00 ; 2.100e+00 ; 2.2005000e+01 ; 2.4800000e+02 
3.500e+01 ; 3.200e+00 ; 2.100e+00 ; 2.2009000e+01 ; 2.4800000e+02 
3.500e+01 ; 3.200e+00 ; 2.100e+00 ; 2.2017000e+01 ; 2.4800000e+02 
3.500e+01 ; 3.200e+00 ; 2.100e+00 ; 2.2033000e+01 ; 2.4800000e+02 
3.500e+01 ; 3.200e+00 ; 2.100e+00 ; 2.2065000e+01 ; 2.4800000e+02 
3.500e+01 ; 3.200e+00 ; 2.100e+00 ; 2.2129000e+01 ; 2.4800000e+02 
3.500e+01 ; 3.200e+00 ; 2.100e+00 ; 2.2257000e+01 ; 2.4800000e+02 
3.500e+01 ; 3.200e+00 ; 2.100e+00 ; 2.2513000e+01 ; 2.4800000e+02 
3.500e+01 ; 3.200e+00 ; 2.100e+00 ; 2.3000000e+01 ; 2.4800000e+02 
3.500e+01 ; 3.200e+00 ; 2.100e+00 ; 2.3000000e+01 ; 2.4800000e+02 
3.500e+01 ; 3.200e+00 ; 2.100e+00 ; 2.3001000e+01 ; 2.4800000e+02 
3.500e+01 ; 3.200e+00 ; 2.100e+00 ; 2.3002000e+01 ; 2.4800000e+02 
3.500e+01 ; 3.200e+00 ; 2.100e+00 ; 2.3003000e+01 ; 2.4800000e+02 
3.500e+01 ; 3.200e+00 ; 2.100e+00 ; 2.3005000e+01 ; 2.4800000e+02 
3.500e+01 ; 3.200e+00 ; 2.100e+00 ; 2.3009000e+01 ; 2.4800000e+02 
3.500e+01 ; 3.200e+00 ; 2.100e+00 ; 2.3017000e+01 ; 2.4800000e+02 
3.500e+01 ; 3.200e+00 ; 2.100e+00 ; 2.3033000e+01 ; 2.4800000e+02 
3.500e+01 ; 3.200e+00 ; 2.100e+00 ; 2.3065000e+01 ; 2.4800000e+02 
3.500e+01 ; 3.200e+00 ; 2.100e+00 ; 2.3129000e+01 ; 2.4800000e+02 
3.500e+01 ; 3.200e+00 ; 2.100e+00 ; 2.3257000e+01 ; 2.4800000e+02 
3.500e+01 ; 3.200e+00 ; 2.100e+00 ; 2.3513000e+01 ; 2.4800000e+02 
3.500e+01 ; 3.200e+00 ; 2.100e+00 ; 2.4000000e+01 ; 2.4800000e+02 
3.500e+01 ; 3.200e+00 ; 2.100e+00 ; 2.4000000e+01 ; 2.4800000e+02 
3.500e+01 ; 3.200e+00 ; 2.100e+00 ; 2.4001000e+01 ; 2.4800000e+02 
3.500e+01 ; 3.200e+00 ; 2.100e+00 ; 2.4002000e+01 ; 2.4800000e+02 
3.500e+01 ; 3.200e+00 ; 2.100e+00 ; 2.4003000e+01 ; 2.4800000e+02 
3.500e+01 ; 3.200e+00 ; 2.100e+00 ; 2.4005000e+01 ; 2.4800000e+02 
3.500e+01 ; 3.200e+00 ; 2.100e+00 ; 2.4009000e+01 ; 2.4800000e+02 
3.500e+01 ; 3.200e+00 ; 2.100e+00 ; 2.4017000e+01 ; 2.4800000e+02 
3.500e+01 ; 3.200e+00 ; 2.100e+00 ; 2.4033000e+01 ; 2.4800000e+02 
3.500e+01 ; 3.200e+00 ; 2.100e+00 ; 2.4065000e+01 ; 2.4800000e+02 
3.500e+01 ; 3.200e+00 ; 2.100e+00 ; 2.4129000e+01 ; 2.4800000e+02 
3.500e+01 ; 3.200e+00 ; 2.100e+00 ; 2.4257000e+01 ; 2.4800000e+02 
3.500e+01 ; 3.200e+00 ; 2.100e+00 ; 2.4513000e+01 ; 2.4800000e+02 
3.500e+01 ; 3.200e+00 ; 2.100e+00 ; 2.5000000e+01 ; 2.4800000e+02 
3.500e+01 ; 3.200e+00 ; 2.100e+00 ; 2.5000000e+01 ; 2.4800000e+02 
3.500e+01 ; 3.200e+00 ; 2.100e+00 ; 2.5001000e+01 ; 2.4800000e+02 
3.500e+01 ; 3.200e+00 ; 2.100e+00 ; 2.5002000e+01 ; 2.4800000e+02 
3.500e+01 ; 3.200e+00 ; 2.100e+00 ; 2.5003000e+01 ; 2.4800000e+02 
3.500e+01 ; 3.200e+00 ; 2.100e+00 ; 2.5005000e+01 ; 2.4800000e+02 
3.500e+01 ; 3.200e+00 ; 2.100e+00 ; 2.5009000e+01 ; 2.4800000e+02 
3.500e+01 ; 3.200e+00 ; 2.100e+00 ; 2.5017000e+01 ; 2.4800000e+02 
3.500e+01 ; 3.200e+00 ; 2.100e+00 ; 2.5033000e+01 ; 2.4800000e+02 
3.500e+01 ; 3.200e+00 ; 2.100e+00 ; 2.5065000e+01 ; 2.4800000e+02 
3.500e+01 ; 3.200e+00 ; 2.100e+00 ; 2.5129000e+01 ; 2.4800000e+02 
3.500e+01 ; 3.200e+00 ; 2.100e+00 ; 2.5257000e+01 ; 2.4800000e+02 
3.500e+01 ; 3.200e+00 ; 2.100e+00 ; 2.5513000e+01 ; 2.4800000e+02 
3.500e+01 ; 3.200e+00 ; 2.100e+00 ; 2.6000000e+01 ; 2.4800000e+02 
3.500e+01 ; 3.200e+00 ; 2.100e+00 ; 2.6000000e+01 ; 2.4800000e+02 
3.500e+01 ; 3.200e+00 ; 2.100e+00 ; 2.6001000e+01 ; 2.4800000e+02 
3.500e+01 ; 3.200e+00 ; 2.100e+00 ; 2.6002000e+01 ; 2.4800000e+02 
3.500e+01 ; 3.200e+00 ; 2.100e+00 ; 2.6003000e+01 ; 2.4800000e+02 
3.500e+01 ; 3.200e+00 ; 2.100e+00 ; 2.6005000e+01 ; 2.4800000e+02 
3.500e+01 ; 3.200e+00 ; 2.100e+00 ; 2.6009000e+01 ; 2.4800000e+02 
3.500e+01 ; 3.200e+00 ; 2.100e+00 ; 2.6017000e+01 ; 2.4800000e+02 
3.500e+01 ; 3.200e+00 ; 2.100e+00 ; 2.6033000e+01 ; 2.4800000e+02 
3.500e+01 ; 3.200e+00 ; 2.100e+00 ; 2.6065000e+01 ; 2.4800000e+02 
3.500e+01 ; 3.200e+00 ; 2.100e+00 ; 2.6129000e+01 ; 2.4800000e+02 
3.500e+01 ; 3.200e+00 ; 2.100e+00 ; 2.6257000e+01 ; 2.4800000e+02 
3.500e+01 ; 3.200e+00 ; 2.100e+00 ; 2.6513000e+01 ; 2.4800000e+02 
3.500e+01 ; 3.200e+00 ; 2.100e+00 ; 2.7000000e+01 ; 2.4800000e+02 
3.500e+01 ; 3.200e+00 ; 2.100e+00 ; 2.7000000e+01 ; 2.4800000e+02 
3.500e+01 ; 3.200e+00 ; 2.100e+00 ; 2.7001000e+01 ; 2.4800000e+02 
3.500e+01 ; 3.200e+00 ; 2.100e+00 ; 2.7002000e+01 ; 2.4800000e+02 
3.500e+01 ; 3.200e+00 ; 2.100e+00 ; 2.7003000e+01 ; 2.4800000e+02 
3.500e+01 ; 3.200e+00 ; 2.100e+00 ; 2.7005000e+01 ; 2.4800000e+02 
3.500e+01 ; 3.200e+00 ; 2.100e+00 ; 2.7009000e+01 ; 2.4800000e+02 
3.500e+01 ; 3.200e+00 ; 2.100e+00 ; 2.7017000e+01 ; 2.4800000e+02 
3.500e+01 ; 3.200e+00 ; 2.100e+00 ; 2.7033000e+01 ; 2.4800000e+02 
3.500e+01 ; 3.200e+00 ; 2.100e+00 ; 2.7065000e+01 ; 2.4800000e+02 
3.500e+01 ; 3.200e+00 ; 2.100e+00 ; 2.7129000e+01 ; 2.4800000e+02 
3.500e+01 ; 3.200e+00 ; 2.100e+00 ; 2.7257000e+01 ; 2.4800000e+02 
3.500e+01 ; 3.200e+00 ; 2.100e+00 ; 2.7513000e+01 ; 2.4800000e+02 
3.500e+01 ; 3.200e+00 ; 2.100e+00 ; 2.8000000e+01 ; 2.4800000e+02 
3.500e+01 ; 3.200e+00 ; 2.100e+00 ; 2.8000000e+01 ; 2.4800000e+02 
3.500e+01 ; 3.200e+00 ; 2.100e+00 ; 2.8001000e+01 ; 2.4800000e+02 
3.500e+01 ; 3.200e+00 ; 2.100e+00 ; 2.8002000e+01 ; 2.4800000e+02 
3.500e+01 ; 3.200e+00 ; 2.100e+00 ; 2.8003000e+01 ; 2.4800000e+02 
3.500e+01 ; 3.200e+00 ; 2.100e+00 ; 2.8005000e+01 ; 2.4800000e+02 
3.500e+01 ; 3.200e+00 ; 2.100e+00 ; 2.8009000e+01 ; 2.4800000e+02 
3.500e+01 ; 3.200e+00 ; 2.100e+00 ; 2.8017000e+01 ; 2.4800000e+02 
3.500e+01 ; 3.200e+00 ; 2.100e+00 ; 2.8033000e+01 ; 2.4800000e+02 
3.500e+01 ; 3.200e+00 ; 2.100e+00 ; 2.8065000e+01 ; 2.4800000e+02 
3.500e+01 ; 3.200e+00 ; 2.100e+00 ; 2.8129000e+01 ; 2.4800000e+02 
3.500e+01 ; 3.200e+00 ; 2.100e+00 ; 2.8257000e+01 ; 2.4800000e+02 
3.500e+01 ; 3.200e+00 ; 2.100e+00 ; 2.8513000e+01 ; 2.4800000e+02 
3.500e+01 ; 3.200e+00 ; 2.100e+00 ; 2.9000000e+01 ; 2.4800000e+02 
3.500e+01 ; 3.200e+00 ; 2.100e+00 ; 2.9000000e+01 ; 2.4800000e+02 
3.500e+01 ; 3.200e+00 ; 2.100e+00 ; 2.9001000e+01 ; 2.4800000e+02 
3.500e+01 ; 3.200e+00 ; 2.100e+00 ; 2.9002000e+01 ; 2.4800000e+02 
3.500e+01 ; 3.200e+00 ; 2.100e+00 ; 2.9003000e+01 ; 2.4800000e+02 
3.500e+01 ; 3.200e+00 ; 2.100e+00 ; 2.9005000e+01 ; 2.4800000e+02 
3.500e+01 ; 3.200e+00 ; 2.100e+00 ; 2.9009000e+01 ; 2.4800000e+02 
3.500e+01 ; 3.200e+00 ; 2.100e+00 ; 2.9017000e+01 ; 2.4800000e+02 
3.500e+01 ; 3.200e+00 ; 2.100e+00 ; 2.9033000e+01 ; 2.4800000e+02 
3.500e+01 ; 3.200e+00 ; 2.100e+00 ; 2.9065000e+01 ; 2.4800000e+02 
3.500e+01 ; 3.200e+00 ; 2.100e+00 ; 2.9129000e+01 ; 2.4800000e+02 
3.500e+01 ; 3.200e+00 ; 2.100e+00 ; 2.9257000e+01 ; 2.4800000e+02 
3.500e+01 ; 3.200e+00 ; 2.100e+00 ; 2.9513000e+01 ; 2.4800000e+02 
3.500e+01 ; 3.200e+00 ; 2.100e+00 ; 3.0000000e+01 ; 2.4800000e+02 
3.500e+01 ; 3.200e+00 ; 2.100e+00 ; 3.0000000e+01 ; 2.4800000e+02 
3.500e+01 ; 3.200e+00 ; 2.100e+00 ; 3.0001000e+01 ; 2.4800000e+02 
3.500e+01 ; 3.200e+00 ; 2.100e+00 ; 3.0002000e+01 ; 2.4800000e+02 
3.500e+01 ; 3.200e+00 ; 2.100e+00 ; 3.0003000e+01 ; 2.4800000e+02 
3.500e+01 ; 3.200e+00 ; 2.100e+00 ; 3.0005000e+01 ; 2.4800000e+02 
3.500e+01 ; 3.200e+00 ; 2.100e+00 ; 3.0009000e+01 ; 2.4800000e+02 
3.500e+01 ; 3.200e+00 ; 2.100e+00 ; 3.0017000e+01 ; 2.4800000e+02 
3.500e+01 ; 3.200e+00 ; 2.100e+00 ; 3.0033000e+01 ; 2.4800000e+02 
3.500e+01 ; 3.200e+00 ; 2.100e+00 ; 3.0065000e+01 ; 2.4800000e+02 
3.500e+01 ; 3.200e+00 ; 2.100e+00 ; 3.0129000e+01 ; 2.4800000e+02 
3.500e+01 ; 3.200e+00 ; 2.100e+00 ; 3.0257000e+01 ; 2.4800000e+02 
3.500e+01 ; 3.200e+00 ; 2.100e+00 ; 3.0513000e+01 ; 2.4800000e+02 
3.500e+01 ; 3.200e+00 ; 2.100e+00 ; 3.1000000e+01 ; 2.4800000e+02 
3.500e+01 ; 3.200e+00 ; 2.100e+00 ; 3.1000000e+01 ; 2.4800000e+02 
3.500e+01 ; 3.200e+00 ; 2.100e+00 ; 3.1001000e+01 ; 2.4800000e+02 
3.500e+01 ; 3.200e+00 ; 2.100e+00 ; 3.1002000e+01 ; 2.4800000e+02 
3.500e+01 ; 3.200e+00 ; 2.100e+00 ; 3.1003000e+01 ; 2.4800000e+02 
3.500e+01 ; 3.200e+00 ; 2.100e+00 ; 3.1005000e+01 ; 2.4800000e+02 
3.500e+01 ; 3.200e+00 ; 2.100e+00 ; 3.1009000e+01 ; 2.4800000e+02 
3.500e+01 ; 3.200e+00 ; 2.100e+00 ; 3.1017000e+01 ; 2.4800000e+02 
3.500e+01 ; 3.200e+00 ; 2.100e+00 ; 3.1033000e+01 ; 2.4800000e+02 
3.500e+01 ; 3.200e+00 ; 2.100e+00 ; 3.1065000e+01 ; 2.4800000e+02 
3.500e+01 ; 3.200e+00 ; 2.100e+00 ; 3.1129000e+01 ; 2.4800000e+02 
3.500e+01 ; 3.200e+00 ; 2.100e+00 ; 3.1257000e+01 ; 2.4800000e+02 
3.500e+01 ; 3.200e+00 ; 2.100e+00 ; 3.1513000e+01 ; 2.4800000e+02 
3.500e+01 ; 3.200e+00 ; 2.100e+00 ; 3.2000000e+01 ; 2.4800000e+02 
3.500e+01 ; 3.200e+00 ; 2.100e+00 ; 3.2000000e+01 ; 2.4800000e+02 
3.500e+01 ; 3.200e+00 ; 2.100e+00 ; 3.2001000e+01 ; 2.4800000e+02 
3.500e+01 ; 3.200e+00 ; 2.100e+00 ; 3.2002000e+01 ; 2.4800000e+02 
3.500e+01 ; 3.200e+00 ; 2.100e+00 ; 3.2003000e+01 ; 2.4800000e+02 
3.500e+01 ; 3.200e+00 ; 2.100e+00 ; 3.2005000e+01 ; 2.4800000e+02 
3.500e+01 ; 3.200e+00 ; 2.100e+00 ; 3.2009000e+01 ; 2.4800000e+02 
3.500e+01 ; 3.200e+00 ; 2.100e+00 ; 3.2017000e+01 ; 2.4800000e+02 
3.500e+01 ; 3.200e+00 ; 2.100e+00 ; 3.2033000e+01 ; 2.4800000e+02 
3.500e+01 ; 3.200e+00 ; 2.100e+00 ; 3.2065000e+01 ; 2.4800000e+02 
3.500e+01 ; 3.200e+00 ; 2.100e+00 ; 3.2129000e+01 ; 2.4800000e+02 
3.500e+01 ; 3.200e+00 ; 2.100e+00 ; 3.2257000e+01 ; 2.4800000e+02 
3.500e+01 ; 3.200e+00 ; 2.100e+00 ; 3.2513000e+01 ; 2.4800000e+02 
3.500e+01 ; 3.200e+00 ; 2.100e+00 ; 3.3000000e+01 ; 2.4800000e+02 
3.500e+01 ; 3.200e+00 ; 2.100e+00 ; 3.3000000e+01 ; 2.4800000e+02 
3.500e+01 ; 3.200e+00 ; 2.100e+00 ; 3.3001000e+01 ; 2.4800000e+02 
3.500e+01 ; 3.200e+00 ; 2.100e+00 ; 3.3002000e+01 ; 2.4800000e+02 
3.500e+01 ; 3.200e+00 ; 2.100e+00 ; 3.3003000e+01 ; 2.4800000e+02 
3.500e+01 ; 3.200e+00 ; 2.100e+00 ; 3.3005000e+01 ; 2.4800000e+02 
3.500e+01 ; 3.200e+00 ; 2.100e+00 ; 3.3009000e+01 ; 2.4800000e+02 
3.500e+01 ; 3.200e+00 ; 2.100e+00 ; 3.3017000e+01 ; 2.4800000e+02 
3.500e+01 ; 3.200e+00 ; 2.100e+00 ; 3.3033000e+01 ; 2.4800000e+02 
3.500e+01 ; 3.200e+00 ; 2.100e+00 ; 3.3065000e+01 ; 2.4800000e+02 
3.500e+01 ; 3.200e+00 ; 2.100e+00 ; 3.3129000e+01 ; 2.4800000e+02 
3.500e+01 ; 3.200e+00 ; 2.100e+00 ; 3.3257000e+01 ; 2.4800000e+02 
3.500e+01 ; 3.200e+00 ; 2.100e+00 ; 3.3513000e+01 ; 2.4800000e+02 
3.500e+01 ; 3.200e+00 ; 2.100e+00 ; 3.4000000e+01 ; 2.4800000e+02 
3.500e+01 ; 3.200e+00 ; 2.100e+00 ; 3.4000000e+01 ; 2.4800000e+02 
3.500e+01 ; 3.200e+00 ; 2.100e+00 ; 3.4001000e+01 ; 2.4787329e+02 
3.500e+01 ; 3.200e+00 ; 2.100e+00 ; 3.4002000e+01 ; 2.4774669e+02 
3.500e+01 ; 3.200e+00 ; 2.100e+00 ; 3.4003000e+01 ; 2.4762018e+02 
3.500e+01 ; 3.200e+00 ; 2.100e+00 ; 3.4005000e+01 ; 2.4736755e+02 
3.500e+01 ; 3.200e+00 ; 2.100e+00 ; 3.4009000e+01 ; 2.4686388e+02 
3.500e+01 ; 3.200e+00 ; 2.100e+00 ; 3.4017000e+01 ; 2.4586273e+02 
3.500e+01 ; 3.200e+00 ; 2.100e+00 ; 3.4033000e+01 ; 2.4388504e+02 
3.500e+01 ; 3.200e+00 ; 2.100e+00 ; 3.4065000e+01 ; 2.4002577e+02 
3.500e+01 ; 3.200e+00 ; 2.100e+00 ; 3.4129000e+01 ; 2.3267426e+02 
3.500e+01 ; 3.200e+00 ; 2.100e+00 ; 3.4257000e+01 ; 2.1930988e+02 
3.500e+01 ; 3.200e+00 ; 2.100e+00 ; 3.4513000e+01 ; 1.9705496e+02 
3.500e+01 ; 3.200e+00 ; 2.100e+00 ; 3.5000000e+01 ; 1.6641112e+02 
3.500e+01 ; 3.200e+00 ; 2.100e+00 ; 3.5000000e+01 ; 1.6641112e+02 
3.500e+01 ; 3.200e+00 ; 2.100e+00 ; 3.5001000e+01 ; 1.6634825e+02 
3.500e+01 ; 3.200e+00 ; 2.100e+00 ; 3.5002000e+01 ; 1.6628543e+02 
3.500e+01 ; 3.200e+00 ; 2.100e+00 ; 3.5003000e+01 ; 1.6622267e+02 
3.500e+01 ; 3.200e+00 ; 2.100e+00 ; 3.5005000e+01 ; 1.6609737e+02 
3.500e+01 ; 3.200e+00 ; 2.100e+00 ; 3.5009000e+01 ; 1.6584763e+02 
3.500e+01 ; 3.200e+00 ; 2.100e+00 ; 3.5017000e+01 ; 1.6535158e+02 
3.500e+01 ; 3.200e+00 ; 2.100e+00 ; 3.5033000e+01 ; 1.6437294e+02 
3.500e+01 ; 3.200e+00 ; 2.100e+00 ; 3.5065000e+01 ; 1.6246767e+02 
3.500e+01 ; 3.200e+00 ; 2.100e+00 ; 3.5129000e+01 ; 1.5885161e+02 
3.500e+01 ; 3.200e+00 ; 2.100e+00 ; 3.5257000e+01 ; 1.5230685e+02 
3.500e+01 ; 3.200e+00 ; 2.100e+00 ; 3.5513000e+01 ; 1.4142993e+02 
3.500e+01 ; 3.200e+00 ; 2.100e+00 ; 3.6000000e+01 ; 1.2635677e+02 
3.500e+01 ; 3.200e+00 ; 2.100e+00 ; 3.6000000e+01 ; 1.2635677e+02 
3.500e+01 ; 3.200e+00 ; 2.100e+00 ; 3.6001000e+01 ; 1.2632584e+02 
3.500e+01 ; 3.200e+00 ; 2.100e+00 ; 3.6002000e+01 ; 1.2629494e+02 
3.500e+01 ; 3.200e+00 ; 2.100e+00 ; 3.6003000e+01 ; 1.2626405e+02 
3.500e+01 ; 3.200e+00 ; 2.100e+00 ; 3.6005000e+01 ; 1.2620238e+02 
3.500e+01 ; 3.200e+00 ; 2.100e+00 ; 3.6009000e+01 ; 1.2607941e+02 
3.500e+01 ; 3.200e+00 ; 2.100e+00 ; 3.6017000e+01 ; 1.2583495e+02 
3.500e+01 ; 3.200e+00 ; 2.100e+00 ; 3.6033000e+01 ; 1.2535184e+02 
3.500e+01 ; 3.200e+00 ; 2.100e+00 ; 3.6065000e+01 ; 1.2440838e+02 
3.500e+01 ; 3.200e+00 ; 2.100e+00 ; 3.6129000e+01 ; 1.2260823e+02 
3.500e+01 ; 3.200e+00 ; 2.100e+00 ; 3.6257000e+01 ; 1.1932414e+02 
3.500e+01 ; 3.200e+00 ; 2.100e+00 ; 3.6513000e+01 ; 1.1381009e+02 
3.500e+01 ; 3.200e+00 ; 2.100e+00 ; 3.7000000e+01 ; 1.0606557e+02 
3.500e+01 ; 3.200e+00 ; 2.100e+00 ; 3.7000000e+01 ; 1.0606557e+02 
3.500e+01 ; 3.200e+00 ; 2.100e+00 ; 3.7001000e+01 ; 1.0604967e+02 
3.500e+01 ; 3.200e+00 ; 2.100e+00 ; 3.7002000e+01 ; 1.0603380e+02 
3.500e+01 ; 3.200e+00 ; 2.100e+00 ; 3.7003000e+01 ; 1.0601793e+02 
3.500e+01 ; 3.200e+00 ; 2.100e+00 ; 3.7005000e+01 ; 1.0598624e+02 
3.500e+01 ; 3.200e+00 ; 2.100e+00 ; 3.7009000e+01 ; 1.0592304e+02 
3.500e+01 ; 3.200e+00 ; 2.100e+00 ; 3.7017000e+01 ; 1.0579738e+02 
3.500e+01 ; 3.200e+00 ; 2.100e+00 ; 3.7033000e+01 ; 1.0554893e+02 
3.500e+01 ; 3.200e+00 ; 2.100e+00 ; 3.7065000e+01 ; 1.0506323e+02 
3.500e+01 ; 3.200e+00 ; 2.100e+00 ; 3.7129000e+01 ; 1.0413427e+02 
3.500e+01 ; 3.200e+00 ; 2.100e+00 ; 3.7257000e+01 ; 1.0242937e+02 
3.500e+01 ; 3.200e+00 ; 2.100e+00 ; 3.7513000e+01 ; 9.9523598e+01 
3.500e+01 ; 3.200e+00 ; 2.100e+00 ; 3.8000000e+01 ; 9.5303192e+01 
3.500e+01 ; 3.200e+00 ; 2.100e+00 ; 3.8000000e+01 ; 9.5303192e+01 
3.500e+01 ; 3.200e+00 ; 2.100e+00 ; 3.8001000e+01 ; 9.5294533e+01 
3.500e+01 ; 3.200e+00 ; 2.100e+00 ; 3.8002000e+01 ; 9.5285873e+01 
3.500e+01 ; 3.200e+00 ; 2.100e+00 ; 3.8003000e+01 ; 9.5277229e+01 
3.500e+01 ; 3.200e+00 ; 2.100e+00 ; 3.8005000e+01 ; 9.5259949e+01 
3.500e+01 ; 3.200e+00 ; 2.100e+00 ; 3.8009000e+01 ; 9.5225479e+01 
3.500e+01 ; 3.200e+00 ; 2.100e+00 ; 3.8017000e+01 ; 9.5156898e+01 
3.500e+01 ; 3.200e+00 ; 2.100e+00 ; 3.8033000e+01 ; 9.5021095e+01 
3.500e+01 ; 3.200e+00 ; 2.100e+00 ; 3.8065000e+01 ; 9.4754852e+01 
3.500e+01 ; 3.200e+00 ; 2.100e+00 ; 3.8129000e+01 ; 9.4242744e+01 
3.500e+01 ; 3.200e+00 ; 2.100e+00 ; 3.8257000e+01 ; 9.3292503e+01 
3.500e+01 ; 3.200e+00 ; 2.100e+00 ; 3.8513000e+01 ; 9.1638809e+01 
3.500e+01 ; 3.200e+00 ; 2.100e+00 ; 3.9000000e+01 ; 8.9147232e+01 
3.500e+01 ; 3.200e+00 ; 2.100e+00 ; 3.9000000e+01 ; 8.9147232e+01 
3.500e+01 ; 3.200e+00 ; 2.100e+00 ; 3.9001000e+01 ; 8.9142120e+01 
3.500e+01 ; 3.200e+00 ; 2.100e+00 ; 3.9002000e+01 ; 8.9137009e+01 
3.500e+01 ; 3.200e+00 ; 2.100e+00 ; 3.9003000e+01 ; 8.9131905e+01 
3.500e+01 ; 3.200e+00 ; 2.100e+00 ; 3.9005000e+01 ; 8.9121696e+01 
3.500e+01 ; 3.200e+00 ; 2.100e+00 ; 3.9009000e+01 ; 8.9101334e+01 
3.500e+01 ; 3.200e+00 ; 2.100e+00 ; 3.9017000e+01 ; 8.9060776e+01 
3.500e+01 ; 3.200e+00 ; 2.100e+00 ; 3.9033000e+01 ; 8.8980347e+01 
3.500e+01 ; 3.200e+00 ; 2.100e+00 ; 3.9065000e+01 ; 8.8822189e+01 
3.500e+01 ; 3.200e+00 ; 2.100e+00 ; 3.9129000e+01 ; 8.8516144e+01 
3.500e+01 ; 3.200e+00 ; 2.100e+00 ; 3.9257000e+01 ; 8.7941673e+01 
3.500e+01 ; 3.200e+00 ; 2.100e+00 ; 3.9513000e+01 ; 8.6920013e+01 
3.500e+01 ; 3.200e+00 ; 2.100e+00 ; 4.0000000e+01 ; 8.5322723e+01 
3.500e+01 ; 3.200e+00 ; 2.100e+00 ; 4.0000000e+01 ; 8.5322723e+01 
3.500e+01 ; 3.200e+00 ; 2.100e+00 ; 4.0001000e+01 ; 8.5319443e+01 
3.500e+01 ; 3.200e+00 ; 2.100e+00 ; 4.0002000e+01 ; 8.5316162e+01 
3.500e+01 ; 3.200e+00 ; 2.100e+00 ; 4.0003000e+01 ; 8.5312889e+01 
3.500e+01 ; 3.200e+00 ; 2.100e+00 ; 4.0005000e+01 ; 8.5306343e+01 
3.500e+01 ; 3.200e+00 ; 2.100e+00 ; 4.0009000e+01 ; 8.5293274e+01 
3.500e+01 ; 3.200e+00 ; 2.100e+00 ; 4.0017000e+01 ; 8.5267235e+01 
3.500e+01 ; 3.200e+00 ; 2.100e+00 ; 4.0033000e+01 ; 8.5215515e+01 
3.500e+01 ; 3.200e+00 ; 2.100e+00 ; 4.0065000e+01 ; 8.5113510e+01 
3.500e+01 ; 3.200e+00 ; 2.100e+00 ; 4.0129000e+01 ; 8.4914986e+01 
3.500e+01 ; 3.200e+00 ; 2.100e+00 ; 4.0257000e+01 ; 8.4538200e+01 
3.500e+01 ; 3.200e+00 ; 2.100e+00 ; 4.0513000e+01 ; 8.3854301e+01 
3.500e+01 ; 3.200e+00 ; 2.100e+00 ; 4.1000000e+01 ; 8.2748245e+01 
3.500e+01 ; 3.200e+00 ; 2.100e+00 ; 4.1000000e+01 ; 8.2748245e+01 
3.500e+01 ; 3.200e+00 ; 2.100e+00 ; 4.1001000e+01 ; 8.2745979e+01 
3.500e+01 ; 3.200e+00 ; 2.100e+00 ; 4.1002000e+01 ; 8.2743706e+01 
3.500e+01 ; 3.200e+00 ; 2.100e+00 ; 4.1003000e+01 ; 8.2741440e+01 
3.500e+01 ; 3.200e+00 ; 2.100e+00 ; 4.1005000e+01 ; 8.2736900e+01 
3.500e+01 ; 3.200e+00 ; 2.100e+00 ; 4.1009000e+01 ; 8.2727852e+01 
3.500e+01 ; 3.200e+00 ; 2.100e+00 ; 4.1017000e+01 ; 8.2709793e+01 
3.500e+01 ; 3.200e+00 ; 2.100e+00 ; 4.1033000e+01 ; 8.2673882e+01 
3.500e+01 ; 3.200e+00 ; 2.100e+00 ; 4.1065000e+01 ; 8.2602867e+01 
3.500e+01 ; 3.200e+00 ; 2.100e+00 ; 4.1129000e+01 ; 8.2463966e+01 
3.500e+01 ; 3.200e+00 ; 2.100e+00 ; 4.1257000e+01 ; 8.2197792e+01 
3.500e+01 ; 3.200e+00 ; 2.100e+00 ; 4.1513000e+01 ; 8.1706093e+01 
3.500e+01 ; 3.200e+00 ; 2.100e+00 ; 4.2000000e+01 ; 8.0887894e+01 
3.500e+01 ; 3.200e+00 ; 2.100e+00 ; 4.2000000e+01 ; 8.0887894e+01 
3.500e+01 ; 3.200e+00 ; 2.100e+00 ; 4.2001000e+01 ; 8.0886208e+01 
3.500e+01 ; 3.200e+00 ; 2.100e+00 ; 4.2002000e+01 ; 8.0884529e+01 
3.500e+01 ; 3.200e+00 ; 2.100e+00 ; 4.2003000e+01 ; 8.0882851e+01 
3.500e+01 ; 3.200e+00 ; 2.100e+00 ; 4.2005000e+01 ; 8.0879501e+01 
3.500e+01 ; 3.200e+00 ; 2.100e+00 ; 4.2009000e+01 ; 8.0872795e+01 
3.500e+01 ; 3.200e+00 ; 2.100e+00 ; 4.2017000e+01 ; 8.0859421e+01 
3.500e+01 ; 3.200e+00 ; 2.100e+00 ; 4.2033000e+01 ; 8.0832802e+01 
3.500e+01 ; 3.200e+00 ; 2.100e+00 ; 4.2065000e+01 ; 8.0780045e+01 
3.500e+01 ; 3.200e+00 ; 2.100e+00 ; 4.2129000e+01 ; 8.0676422e+01 
3.500e+01 ; 3.200e+00 ; 2.100e+00 ; 4.2257000e+01 ; 8.0476295e+01 
3.500e+01 ; 3.200e+00 ; 2.100e+00 ; 4.2513000e+01 ; 8.0101379e+01 
3.500e+01 ; 3.200e+00 ; 2.100e+00 ; 4.3000000e+01 ; 7.9463333e+01 
3.500e+01 ; 3.200e+00 ; 2.100e+00 ; 4.3000000e+01 ; 7.9463333e+01 
3.500e+01 ; 3.200e+00 ; 2.100e+00 ; 4.3001000e+01 ; 7.9462021e+01 
3.500e+01 ; 3.200e+00 ; 2.100e+00 ; 4.3002000e+01 ; 7.9460709e+01 
3.500e+01 ; 3.200e+00 ; 2.100e+00 ; 4.3003000e+01 ; 7.9459404e+01 
3.500e+01 ; 3.200e+00 ; 2.100e+00 ; 4.3005000e+01 ; 7.9456787e+01 
3.500e+01 ; 3.200e+00 ; 2.100e+00 ; 4.3009000e+01 ; 7.9451553e+01 
3.500e+01 ; 3.200e+00 ; 2.100e+00 ; 4.3017000e+01 ; 7.9441116e+01 
3.500e+01 ; 3.200e+00 ; 2.100e+00 ; 4.3033000e+01 ; 7.9420319e+01 
3.500e+01 ; 3.200e+00 ; 2.100e+00 ; 4.3065000e+01 ; 7.9379044e+01 
3.500e+01 ; 3.200e+00 ; 2.100e+00 ; 4.3129000e+01 ; 7.9297714e+01 
3.500e+01 ; 3.200e+00 ; 2.100e+00 ; 4.3257000e+01 ; 7.9139702e+01 
3.500e+01 ; 3.200e+00 ; 2.100e+00 ; 4.3513000e+01 ; 7.8840492e+01 
3.500e+01 ; 3.200e+00 ; 2.100e+00 ; 4.4000000e+01 ; 7.8322601e+01 
3.500e+01 ; 3.200e+00 ; 2.100e+00 ; 4.4000000e+01 ; 7.8322601e+01 
3.500e+01 ; 3.200e+00 ; 2.100e+00 ; 4.4001000e+01 ; 7.8321533e+01 
3.500e+01 ; 3.200e+00 ; 2.100e+00 ; 4.4002000e+01 ; 7.8320473e+01 
3.500e+01 ; 3.200e+00 ; 2.100e+00 ; 4.4003000e+01 ; 7.8319412e+01 
3.500e+01 ; 3.200e+00 ; 2.100e+00 ; 4.4005000e+01 ; 7.8317284e+01 
3.500e+01 ; 3.200e+00 ; 2.100e+00 ; 4.4009000e+01 ; 7.8313042e+01 
3.500e+01 ; 3.200e+00 ; 2.100e+00 ; 4.4017000e+01 ; 7.8304565e+01 
3.500e+01 ; 3.200e+00 ; 2.100e+00 ; 4.4033000e+01 ; 7.8287659e+01 
3.500e+01 ; 3.200e+00 ; 2.100e+00 ; 4.4065000e+01 ; 7.8254074e+01 
3.500e+01 ; 3.200e+00 ; 2.100e+00 ; 4.4129000e+01 ; 7.8187744e+01 
3.500e+01 ; 3.200e+00 ; 2.100e+00 ; 4.4257000e+01 ; 7.8058304e+01 
3.500e+01 ; 3.200e+00 ; 2.100e+00 ; 4.4513000e+01 ; 7.7811279e+01 
3.500e+01 ; 3.200e+00 ; 2.100e+00 ; 4.5000000e+01 ; 7.7378365e+01 
3.500e+01 ; 3.200e+00 ; 2.100e+00 ; 4.5000000e+01 ; 7.7378365e+01 
3.500e+01 ; 3.200e+00 ; 2.100e+00 ; 4.5001000e+01 ; 7.7377480e+01 
3.500e+01 ; 3.200e+00 ; 2.100e+00 ; 4.5002000e+01 ; 7.7376587e+01 
3.500e+01 ; 3.200e+00 ; 2.100e+00 ; 4.5003000e+01 ; 7.7375702e+01 
3.500e+01 ; 3.200e+00 ; 2.100e+00 ; 4.5005000e+01 ; 7.7373924e+01 
3.500e+01 ; 3.200e+00 ; 2.100e+00 ; 4.5009000e+01 ; 7.7370377e+01 
3.500e+01 ; 3.200e+00 ; 2.100e+00 ; 4.5017000e+01 ; 7.7363281e+01 
3.500e+01 ; 3.200e+00 ; 2.100e+00 ; 4.5033000e+01 ; 7.7349144e+01 
3.500e+01 ; 3.200e+00 ; 2.100e+00 ; 4.5065000e+01 ; 7.7321014e+01 
3.500e+01 ; 3.200e+00 ; 2.100e+00 ; 4.5129000e+01 ; 7.7265381e+01 
3.500e+01 ; 3.200e+00 ; 2.100e+00 ; 4.5257000e+01 ; 7.7156464e+01 
3.500e+01 ; 3.200e+00 ; 2.100e+00 ; 4.5513000e+01 ; 7.6947426e+01 
3.500e+01 ; 3.200e+00 ; 2.100e+00 ; 4.6000000e+01 ; 7.6577820e+01 
3.500e+01 ; 3.200e+00 ; 2.100e+00 ; 4.6000000e+01 ; 7.6577820e+01 
3.500e+01 ; 3.200e+00 ; 2.100e+00 ; 4.6001000e+01 ; 7.6577065e+01 
3.500e+01 ; 3.200e+00 ; 2.100e+00 ; 4.6002000e+01 ; 7.6576309e+01 
3.500e+01 ; 3.200e+00 ; 2.100e+00 ; 4.6003000e+01 ; 7.6575546e+01 
3.500e+01 ; 3.200e+00 ; 2.100e+00 ; 4.6005000e+01 ; 7.6574028e+01 
3.500e+01 ; 3.200e+00 ; 2.100e+00 ; 4.6009000e+01 ; 7.6570999e+01 
3.500e+01 ; 3.200e+00 ; 2.100e+00 ; 4.6017000e+01 ; 7.6564941e+01 
3.500e+01 ; 3.200e+00 ; 2.100e+00 ; 4.6033000e+01 ; 7.6552864e+01 
3.500e+01 ; 3.200e+00 ; 2.100e+00 ; 4.6065000e+01 ; 7.6528816e+01 
3.500e+01 ; 3.200e+00 ; 2.100e+00 ; 4.6129000e+01 ; 7.6481201e+01 
3.500e+01 ; 3.200e+00 ; 2.100e+00 ; 4.6257000e+01 ; 7.6387787e+01 
3.500e+01 ; 3.200e+00 ; 2.100e+00 ; 4.6513000e+01 ; 7.6207863e+01 
3.500e+01 ; 3.200e+00 ; 2.100e+00 ; 4.7000000e+01 ; 7.5888863e+01 
3.500e+01 ; 3.200e+00 ; 2.100e+00 ; 4.7000000e+01 ; 7.5888863e+01 
3.500e+01 ; 3.200e+00 ; 2.100e+00 ; 4.7001000e+01 ; 7.5888206e+01 
3.500e+01 ; 3.200e+00 ; 2.100e+00 ; 4.7002000e+01 ; 7.5887558e+01 
3.500e+01 ; 3.200e+00 ; 2.100e+00 ; 4.7003000e+01 ; 7.5886902e+01 
3.500e+01 ; 3.200e+00 ; 2.100e+00 ; 4.7005000e+01 ; 7.5885590e+01 
3.500e+01 ; 3.200e+00 ; 2.100e+00 ; 4.7009000e+01 ; 7.5882973e+01 
3.500e+01 ; 3.200e+00 ; 2.100e+00 ; 4.7017000e+01 ; 7.5877747e+01 
3.500e+01 ; 3.200e+00 ; 2.100e+00 ; 4.7033000e+01 ; 7.5867317e+01 
3.500e+01 ; 3.200e+00 ; 2.100e+00 ; 4.7065000e+01 ; 7.5846565e+01 
3.500e+01 ; 3.200e+00 ; 2.100e+00 ; 4.7129000e+01 ; 7.5805481e+01 
3.500e+01 ; 3.200e+00 ; 2.100e+00 ; 4.7257000e+01 ; 7.5725113e+01 
3.500e+01 ; 3.200e+00 ; 2.100e+00 ; 4.7513000e+01 ; 7.5572502e+01 
3.500e+01 ; 3.200e+00 ; 2.100e+00 ; 4.8000000e+01 ; 7.5314735e+01 
3.500e+01 ; 3.200e+00 ; 2.100e+00 ; 4.8000000e+01 ; 7.5314735e+01 
3.500e+01 ; 3.200e+00 ; 2.100e+00 ; 4.8001000e+01 ; 7.5314209e+01 
3.500e+01 ; 3.200e+00 ; 2.100e+00 ; 4.8002000e+01 ; 7.5313675e+01 
3.500e+01 ; 3.200e+00 ; 2.100e+00 ; 4.8003000e+01 ; 7.5313148e+01 
3.500e+01 ; 3.200e+00 ; 2.100e+00 ; 4.8005000e+01 ; 7.5312096e+01 
3.500e+01 ; 3.200e+00 ; 2.100e+00 ; 4.8009000e+01 ; 7.5309982e+01 
3.500e+01 ; 3.200e+00 ; 2.100e+00 ; 4.8017000e+01 ; 7.5305794e+01 
3.500e+01 ; 3.200e+00 ; 2.100e+00 ; 4.8033000e+01 ; 7.5297478e+01 
3.500e+01 ; 3.200e+00 ; 2.100e+00 ; 4.8065000e+01 ; 7.5281212e+01 
3.500e+01 ; 3.200e+00 ; 2.100e+00 ; 4.8129000e+01 ; 7.5250244e+01 
3.500e+01 ; 3.200e+00 ; 2.100e+00 ; 4.8257000e+01 ; 7.5195648e+01 
3.500e+01 ; 3.200e+00 ; 2.100e+00 ; 4.8513000e+01 ; 7.5118484e+01 
3.500e+01 ; 3.200e+00 ; 2.100e+00 ; 4.9000000e+01 ; 7.5073166e+01 
3.500e+01 ; 3.200e+00 ; 2.100e+00 ; 4.9000000e+01 ; 7.5073166e+01 
3.500e+01 ; 3.200e+00 ; 2.100e+00 ; 4.9001000e+01 ; 7.5076599e+01 
3.500e+01 ; 3.200e+00 ; 2.100e+00 ; 4.9002000e+01 ; 7.5080063e+01 
3.500e+01 ; 3.200e+00 ; 2.100e+00 ; 4.9003000e+01 ; 7.5083557e+01 
3.500e+01 ; 3.200e+00 ; 2.100e+00 ; 4.9005000e+01 ; 7.5090630e+01 
3.500e+01 ; 3.200e+00 ; 2.100e+00 ; 4.9009000e+01 ; 7.5105179e+01 
3.500e+01 ; 3.200e+00 ; 2.100e+00 ; 4.9017000e+01 ; 7.5135826e+01 
3.500e+01 ; 3.200e+00 ; 2.100e+00 ; 4.9033000e+01 ; 7.5203033e+01 
3.500e+01 ; 3.200e+00 ; 2.100e+00 ; 4.9065000e+01 ; 7.5359192e+01 
3.500e+01 ; 3.200e+00 ; 2.100e+00 ; 4.9129000e+01 ; 7.5744675e+01 
3.500e+01 ; 3.200e+00 ; 2.100e+00 ; 4.9257000e+01 ; 7.6719101e+01 
3.500e+01 ; 3.200e+00 ; 2.100e+00 ; 4.9513000e+01 ; 7.9011597e+01 
3.500e+01 ; 3.200e+00 ; 2.100e+00 ; 5.0000000e+01 ; 8.3101593e+01 
3.500e+01 ; 3.200e+00 ; 2.100e+00 ; 5.0000000e+01 ; 8.3101593e+01 
3.500e+01 ; 3.200e+00 ; 2.100e+00 ; 5.0001000e+01 ; 8.3112877e+01 
3.500e+01 ; 3.200e+00 ; 2.100e+00 ; 5.0002000e+01 ; 8.3124161e+01 
3.500e+01 ; 3.200e+00 ; 2.100e+00 ; 5.0003000e+01 ; 8.3135452e+01 
3.500e+01 ; 3.200e+00 ; 2.100e+00 ; 5.0005000e+01 ; 8.3158051e+01 
3.500e+01 ; 3.200e+00 ; 2.100e+00 ; 5.0009000e+01 ; 8.3203308e+01 
3.500e+01 ; 3.200e+00 ; 2.100e+00 ; 5.0017000e+01 ; 8.3294037e+01 
3.500e+01 ; 3.200e+00 ; 2.100e+00 ; 5.0033000e+01 ; 8.3476280e+01 
3.500e+01 ; 3.200e+00 ; 2.100e+00 ; 5.0065000e+01 ; 8.3843178e+01 
3.500e+01 ; 3.200e+00 ; 2.100e+00 ; 5.0129000e+01 ; 8.4581604e+01 
3.500e+01 ; 3.200e+00 ; 2.100e+00 ; 5.0257000e+01 ; 8.6044601e+01 
3.500e+01 ; 3.200e+00 ; 2.100e+00 ; 5.0513000e+01 ; 8.8751846e+01 
3.500e+01 ; 3.200e+00 ; 2.100e+00 ; 5.1000000e+01 ; 9.2680161e+01 
3.500e+01 ; 3.200e+00 ; 2.100e+00 ; 5.1000000e+01 ; 9.2680161e+01 
3.500e+01 ; 3.200e+00 ; 2.100e+00 ; 5.1001000e+01 ; 9.2688210e+01 
3.500e+01 ; 3.200e+00 ; 2.100e+00 ; 5.1002000e+01 ; 9.2696259e+01 
3.500e+01 ; 3.200e+00 ; 2.100e+00 ; 5.1003000e+01 ; 9.2704285e+01 
3.500e+01 ; 3.200e+00 ; 2.100e+00 ; 5.1005000e+01 ; 9.2720299e+01 
3.500e+01 ; 3.200e+00 ; 2.100e+00 ; 5.1009000e+01 ; 9.2752144e+01 
3.500e+01 ; 3.200e+00 ; 2.100e+00 ; 5.1017000e+01 ; 9.2815094e+01 
3.500e+01 ; 3.200e+00 ; 2.100e+00 ; 5.1033000e+01 ; 9.2938080e+01 
3.500e+01 ; 3.200e+00 ; 2.100e+00 ; 5.1065000e+01 ; 9.3172821e+01 
3.500e+01 ; 3.200e+00 ; 2.100e+00 ; 5.1129000e+01 ; 9.3600380e+01 
3.500e+01 ; 3.200e+00 ; 2.100e+00 ; 5.1257000e+01 ; 9.4308990e+01 
3.500e+01 ; 3.200e+00 ; 2.100e+00 ; 5.1513000e+01 ; 9.5272682e+01 
3.500e+01 ; 3.200e+00 ; 2.100e+00 ; 5.2000000e+01 ; 9.6062386e+01 
3.500e+01 ; 3.200e+00 ; 2.100e+00 ; 5.2000000e+01 ; 9.6062386e+01 
3.500e+01 ; 3.200e+00 ; 2.100e+00 ; 5.2001000e+01 ; 9.6064003e+01 
3.500e+01 ; 3.200e+00 ; 2.100e+00 ; 5.2002000e+01 ; 9.6065620e+01 
3.500e+01 ; 3.200e+00 ; 2.100e+00 ; 5.2003000e+01 ; 9.6067230e+01 
3.500e+01 ; 3.200e+00 ; 2.100e+00 ; 5.2005000e+01 ; 9.6070427e+01 
3.500e+01 ; 3.200e+00 ; 2.100e+00 ; 5.2009000e+01 ; 9.6076752e+01 
3.500e+01 ; 3.200e+00 ; 2.100e+00 ; 5.2017000e+01 ; 9.6089134e+01 
3.500e+01 ; 3.200e+00 ; 2.100e+00 ; 5.2033000e+01 ; 9.6112816e+01 
3.500e+01 ; 3.200e+00 ; 2.100e+00 ; 5.2065000e+01 ; 9.6155975e+01 
3.500e+01 ; 3.200e+00 ; 2.100e+00 ; 5.2129000e+01 ; 9.6226654e+01 
3.500e+01 ; 3.200e+00 ; 2.100e+00 ; 5.2257000e+01 ; 9.6313522e+01 
3.500e+01 ; 3.200e+00 ; 2.100e+00 ; 5.2513000e+01 ; 9.6320663e+01 
3.500e+01 ; 3.200e+00 ; 2.100e+00 ; 5.3000000e+01 ; 9.5966660e+01 
3.500e+01 ; 3.200e+00 ; 2.100e+00 ; 5.3000000e+01 ; 9.5966660e+01 
3.500e+01 ; 3.200e+00 ; 2.100e+00 ; 5.3001000e+01 ; 9.5965935e+01 
3.500e+01 ; 3.200e+00 ; 2.100e+00 ; 5.3002000e+01 ; 9.5965202e+01 
3.500e+01 ; 3.200e+00 ; 2.100e+00 ; 5.3003000e+01 ; 9.5964470e+01 
3.500e+01 ; 3.200e+00 ; 2.100e+00 ; 5.3005000e+01 ; 9.5962997e+01 
3.500e+01 ; 3.200e+00 ; 2.100e+00 ; 5.3009000e+01 ; 9.5960037e+01 
3.500e+01 ; 3.200e+00 ; 2.100e+00 ; 5.3017000e+01 ; 9.5954018e+01 
3.500e+01 ; 3.200e+00 ; 2.100e+00 ; 5.3033000e+01 ; 9.5941589e+01 
3.500e+01 ; 3.200e+00 ; 2.100e+00 ; 5.3065000e+01 ; 9.5915276e+01 
3.500e+01 ; 3.200e+00 ; 2.100e+00 ; 5.3129000e+01 ; 9.5857292e+01 
3.500e+01 ; 3.200e+00 ; 2.100e+00 ; 5.3257000e+01 ; 9.5723129e+01 
3.500e+01 ; 3.200e+00 ; 2.100e+00 ; 5.3513000e+01 ; 9.5402397e+01 
3.500e+01 ; 3.200e+00 ; 2.100e+00 ; 5.4000000e+01 ; 9.4693024e+01 
3.500e+01 ; 3.200e+00 ; 2.100e+00 ; 5.4000000e+01 ; 9.4693024e+01 
3.500e+01 ; 3.200e+00 ; 2.100e+00 ; 5.4001000e+01 ; 9.4691566e+01 
3.500e+01 ; 3.200e+00 ; 2.100e+00 ; 5.4002000e+01 ; 9.4690102e+01 
3.500e+01 ; 3.200e+00 ; 2.100e+00 ; 5.4003000e+01 ; 9.4688644e+01 
3.500e+01 ; 3.200e+00 ; 2.100e+00 ; 5.4005000e+01 ; 9.4685730e+01 
3.500e+01 ; 3.200e+00 ; 2.100e+00 ; 5.4009000e+01 ; 9.4679886e+01 
3.500e+01 ; 3.200e+00 ; 2.100e+00 ; 5.4017000e+01 ; 9.4668182e+01 
3.500e+01 ; 3.200e+00 ; 2.100e+00 ; 5.4033000e+01 ; 9.4644661e+01 
3.500e+01 ; 3.200e+00 ; 2.100e+00 ; 5.4065000e+01 ; 9.4597244e+01 
3.500e+01 ; 3.200e+00 ; 2.100e+00 ; 5.4129000e+01 ; 9.4501076e+01 
3.500e+01 ; 3.200e+00 ; 2.100e+00 ; 5.4257000e+01 ; 9.4304626e+01 
3.500e+01 ; 3.200e+00 ; 2.100e+00 ; 5.4513000e+01 ; 9.3902855e+01 
3.500e+01 ; 3.200e+00 ; 2.100e+00 ; 5.5000000e+01 ; 9.3138695e+01 
3.500e+01 ; 3.200e+00 ; 2.100e+00 ; 5.5000000e+01 ; 9.3138695e+01 
3.500e+01 ; 3.200e+00 ; 2.100e+00 ; 5.5001000e+01 ; 9.3137123e+01 
3.500e+01 ; 3.200e+00 ; 2.100e+00 ; 5.5002000e+01 ; 9.3135551e+01 
3.500e+01 ; 3.200e+00 ; 2.100e+00 ; 5.5003000e+01 ; 9.3133987e+01 
3.500e+01 ; 3.200e+00 ; 2.100e+00 ; 5.5005000e+01 ; 9.3130844e+01 
3.500e+01 ; 3.200e+00 ; 2.100e+00 ; 5.5009000e+01 ; 9.3124573e+01 
3.500e+01 ; 3.200e+00 ; 2.100e+00 ; 5.5017000e+01 ; 9.3112015e+01 
3.500e+01 ; 3.200e+00 ; 2.100e+00 ; 5.5033000e+01 ; 9.3086914e+01 
3.500e+01 ; 3.200e+00 ; 2.100e+00 ; 5.5065000e+01 ; 9.3036728e+01 
3.500e+01 ; 3.200e+00 ; 2.100e+00 ; 5.5129000e+01 ; 9.2936493e+01 
3.500e+01 ; 3.200e+00 ; 2.100e+00 ; 5.5257000e+01 ; 9.2736984e+01 
3.500e+01 ; 3.200e+00 ; 2.100e+00 ; 5.5513000e+01 ; 9.2344322e+01 
3.500e+01 ; 3.200e+00 ; 2.100e+00 ; 5.6000000e+01 ; 9.1629768e+01 
3.500e+01 ; 3.200e+00 ; 2.100e+00 ; 5.6000000e+01 ; 9.1629768e+01 
3.500e+01 ; 3.200e+00 ; 2.100e+00 ; 5.6001000e+01 ; 9.1628296e+01 
3.500e+01 ; 3.200e+00 ; 2.100e+00 ; 5.6002000e+01 ; 9.1626831e+01 
3.500e+01 ; 3.200e+00 ; 2.100e+00 ; 5.6003000e+01 ; 9.1625366e+01 
3.500e+01 ; 3.200e+00 ; 2.100e+00 ; 5.6005000e+01 ; 9.1622429e+01 
3.500e+01 ; 3.200e+00 ; 2.100e+00 ; 5.6009000e+01 ; 9.1616570e+01 
3.500e+01 ; 3.200e+00 ; 2.100e+00 ; 5.6017000e+01 ; 9.1604851e+01 
3.500e+01 ; 3.200e+00 ; 2.100e+00 ; 5.6033000e+01 ; 9.1581444e+01 
3.500e+01 ; 3.200e+00 ; 2.100e+00 ; 5.6065000e+01 ; 9.1534782e+01 
3.500e+01 ; 3.200e+00 ; 2.100e+00 ; 5.6129000e+01 ; 9.1442062e+01 
3.500e+01 ; 3.200e+00 ; 2.100e+00 ; 5.6257000e+01 ; 9.1259109e+01 
3.500e+01 ; 3.200e+00 ; 2.100e+00 ; 5.6513000e+01 ; 9.0903740e+01 
3.500e+01 ; 3.200e+00 ; 2.100e+00 ; 5.7000000e+01 ; 9.0266716e+01 
3.500e+01 ; 3.200e+00 ; 2.100e+00 ; 5.7000000e+01 ; 9.0266716e+01 
3.500e+01 ; 3.200e+00 ; 2.100e+00 ; 5.7001000e+01 ; 9.0265411e+01 
3.500e+01 ; 3.200e+00 ; 2.100e+00 ; 5.7002000e+01 ; 9.0264107e+01 
3.500e+01 ; 3.200e+00 ; 2.100e+00 ; 5.7003000e+01 ; 9.0262794e+01 
3.500e+01 ; 3.200e+00 ; 2.100e+00 ; 5.7005000e+01 ; 9.0260178e+01 
3.500e+01 ; 3.200e+00 ; 2.100e+00 ; 5.7009000e+01 ; 9.0254951e+01 
3.500e+01 ; 3.200e+00 ; 2.100e+00 ; 5.7017000e+01 ; 9.0244514e+01 
3.500e+01 ; 3.200e+00 ; 2.100e+00 ; 5.7033000e+01 ; 9.0223671e+01 
3.500e+01 ; 3.200e+00 ; 2.100e+00 ; 5.7065000e+01 ; 9.0182159e+01 
3.500e+01 ; 3.200e+00 ; 2.100e+00 ; 5.7129000e+01 ; 9.0099800e+01 
3.500e+01 ; 3.200e+00 ; 2.100e+00 ; 5.7257000e+01 ; 8.9937790e+01 
3.500e+01 ; 3.200e+00 ; 2.100e+00 ; 5.7513000e+01 ; 8.9624405e+01 
3.500e+01 ; 3.200e+00 ; 2.100e+00 ; 5.8000000e+01 ; 8.9064819e+01 
3.500e+01 ; 3.200e+00 ; 2.100e+00 ; 5.8000000e+01 ; 8.9064819e+01 
3.500e+01 ; 3.200e+00 ; 2.100e+00 ; 5.8001000e+01 ; 8.9063667e+01 
3.500e+01 ; 3.200e+00 ; 2.100e+00 ; 5.8002000e+01 ; 8.9062523e+01 
3.500e+01 ; 3.200e+00 ; 2.100e+00 ; 5.8003000e+01 ; 8.9061371e+01 
3.500e+01 ; 3.200e+00 ; 2.100e+00 ; 5.8005000e+01 ; 8.9059074e+01 
3.500e+01 ; 3.200e+00 ; 2.100e+00 ; 5.8009000e+01 ; 8.9054489e+01 
3.500e+01 ; 3.200e+00 ; 2.100e+00 ; 5.8017000e+01 ; 8.9045319e+01 
3.500e+01 ; 3.200e+00 ; 2.100e+00 ; 5.8033000e+01 ; 8.9027008e+01 
3.500e+01 ; 3.200e+00 ; 2.100e+00 ; 5.8065000e+01 ; 8.8990562e+01 
3.500e+01 ; 3.200e+00 ; 2.100e+00 ; 5.8129000e+01 ; 8.8918282e+01 
3.500e+01 ; 3.200e+00 ; 2.100e+00 ; 5.8257000e+01 ; 8.8776176e+01 
3.500e+01 ; 3.200e+00 ; 2.100e+00 ; 5.8513000e+01 ; 8.8501396e+01 
3.500e+01 ; 3.200e+00 ; 2.100e+00 ; 5.9000000e+01 ; 8.8010292e+01 
3.500e+01 ; 3.200e+00 ; 2.100e+00 ; 5.9000000e+01 ; 8.8010292e+01 
3.500e+01 ; 3.200e+00 ; 2.100e+00 ; 5.9001000e+01 ; 8.8009285e+01 
3.500e+01 ; 3.200e+00 ; 2.100e+00 ; 5.9002000e+01 ; 8.8008278e+01 
3.500e+01 ; 3.200e+00 ; 2.100e+00 ; 5.9003000e+01 ; 8.8007271e+01 
3.500e+01 ; 3.200e+00 ; 2.100e+00 ; 5.9005000e+01 ; 8.8005257e+01 
3.500e+01 ; 3.200e+00 ; 2.100e+00 ; 5.9009000e+01 ; 8.8001228e+01 
3.500e+01 ; 3.200e+00 ; 2.100e+00 ; 5.9017000e+01 ; 8.7993172e+01 
3.500e+01 ; 3.200e+00 ; 2.100e+00 ; 5.9033000e+01 ; 8.7977112e+01 
3.500e+01 ; 3.200e+00 ; 2.100e+00 ; 5.9065000e+01 ; 8.7945114e+01 
3.500e+01 ; 3.200e+00 ; 2.100e+00 ; 5.9129000e+01 ; 8.7881660e+01 
3.500e+01 ; 3.200e+00 ; 2.100e+00 ; 5.9257000e+01 ; 8.7756844e+01 
3.500e+01 ; 3.200e+00 ; 2.100e+00 ; 5.9513000e+01 ; 8.7515205e+01 
3.500e+01 ; 3.200e+00 ; 2.100e+00 ; 6.0000000e+01 ; 8.7082077e+01 
3.500e+01 ; 3.200e+00 ; 2.100e+00 ; 6.0000000e+01 ; 8.7082077e+01 
3.500e+01 ; 3.200e+00 ; 2.100e+00 ; 6.0001000e+01 ; 8.7081192e+01 
3.500e+01 ; 3.200e+00 ; 2.100e+00 ; 6.0002000e+01 ; 8.7080299e+01 
3.500e+01 ; 3.200e+00 ; 2.100e+00 ; 6.0003000e+01 ; 8.7079414e+01 
3.500e+01 ; 3.200e+00 ; 2.100e+00 ; 6.0005000e+01 ; 8.7077637e+01 
3.500e+01 ; 3.200e+00 ; 2.100e+00 ; 6.0009000e+01 ; 8.7074081e+01 
3.500e+01 ; 3.200e+00 ; 2.100e+00 ; 6.0017000e+01 ; 8.7066978e+01 
3.500e+01 ; 3.200e+00 ; 2.100e+00 ; 6.0033000e+01 ; 8.7052811e+01 
3.500e+01 ; 3.200e+00 ; 2.100e+00 ; 6.0065000e+01 ; 8.7024582e+01 
3.500e+01 ; 3.200e+00 ; 2.100e+00 ; 6.0129000e+01 ; 8.6968567e+01 
3.500e+01 ; 3.200e+00 ; 2.100e+00 ; 6.0257000e+01 ; 8.6858299e+01 
3.500e+01 ; 3.200e+00 ; 2.100e+00 ; 6.0513000e+01 ; 8.6644424e+01 
3.500e+01 ; 3.200e+00 ; 2.100e+00 ; 6.1000000e+01 ; 8.6259682e+01 
3.500e+01 ; 3.200e+00 ; 2.100e+00 ; 6.1000000e+01 ; 8.6259682e+01 
3.500e+01 ; 3.200e+00 ; 2.100e+00 ; 6.1001000e+01 ; 8.6258896e+01 
3.500e+01 ; 3.200e+00 ; 2.100e+00 ; 6.1002000e+01 ; 8.6258102e+01 
3.500e+01 ; 3.200e+00 ; 2.100e+00 ; 6.1003000e+01 ; 8.6257317e+01 
3.500e+01 ; 3.200e+00 ; 2.100e+00 ; 6.1005000e+01 ; 8.6255737e+01 
3.500e+01 ; 3.200e+00 ; 2.100e+00 ; 6.1009000e+01 ; 8.6252579e+01 
3.500e+01 ; 3.200e+00 ; 2.100e+00 ; 6.1017000e+01 ; 8.6246269e+01 
3.500e+01 ; 3.200e+00 ; 2.100e+00 ; 6.1033000e+01 ; 8.6233681e+01 
3.500e+01 ; 3.200e+00 ; 2.100e+00 ; 6.1065000e+01 ; 8.6208595e+01 
3.500e+01 ; 3.200e+00 ; 2.100e+00 ; 6.1129000e+01 ; 8.6158791e+01 
3.500e+01 ; 3.200e+00 ; 2.100e+00 ; 6.1257000e+01 ; 8.6060646e+01 
3.500e+01 ; 3.200e+00 ; 2.100e+00 ; 6.1513000e+01 ; 8.5870026e+01 
3.500e+01 ; 3.200e+00 ; 2.100e+00 ; 6.2000000e+01 ; 8.5527054e+01 
3.500e+01 ; 3.200e+00 ; 2.100e+00 ; 6.2000000e+01 ; 8.5527054e+01 
3.500e+01 ; 3.200e+00 ; 2.100e+00 ; 6.2001000e+01 ; 8.5526352e+01 
3.500e+01 ; 3.200e+00 ; 2.100e+00 ; 6.2002000e+01 ; 8.5525650e+01 
3.500e+01 ; 3.200e+00 ; 2.100e+00 ; 6.2003000e+01 ; 8.5524948e+01 
3.500e+01 ; 3.200e+00 ; 2.100e+00 ; 6.2005000e+01 ; 8.5523537e+01 
3.500e+01 ; 3.200e+00 ; 2.100e+00 ; 6.2009000e+01 ; 8.5520721e+01 
3.500e+01 ; 3.200e+00 ; 2.100e+00 ; 6.2017000e+01 ; 8.5515099e+01 
3.500e+01 ; 3.200e+00 ; 2.100e+00 ; 6.2033000e+01 ; 8.5503876e+01 
3.500e+01 ; 3.200e+00 ; 2.100e+00 ; 6.2065000e+01 ; 8.5481514e+01 
3.500e+01 ; 3.200e+00 ; 2.100e+00 ; 6.2129000e+01 ; 8.5437141e+01 
3.500e+01 ; 3.200e+00 ; 2.100e+00 ; 6.2257000e+01 ; 8.5349861e+01 
3.500e+01 ; 3.200e+00 ; 2.100e+00 ; 6.2513000e+01 ; 8.5181816e+01 
3.500e+01 ; 3.200e+00 ; 2.100e+00 ; 6.3000000e+01 ; 8.4888672e+01 
3.500e+01 ; 3.200e+00 ; 2.100e+00 ; 6.3000000e+01 ; 8.4888672e+01 
3.500e+01 ; 3.200e+00 ; 2.100e+00 ; 6.3001000e+01 ; 8.4888077e+01 
3.500e+01 ; 3.200e+00 ; 2.100e+00 ; 6.3002000e+01 ; 8.4887474e+01 
3.500e+01 ; 3.200e+00 ; 2.100e+00 ; 6.3003000e+01 ; 8.4886871e+01 
3.500e+01 ; 3.200e+00 ; 2.100e+00 ; 6.3005000e+01 ; 8.4885674e+01 
3.500e+01 ; 3.200e+00 ; 2.100e+00 ; 6.3009000e+01 ; 8.4883278e+01 
3.500e+01 ; 3.200e+00 ; 2.100e+00 ; 6.3017000e+01 ; 8.4878510e+01 
3.500e+01 ; 3.200e+00 ; 2.100e+00 ; 6.3033000e+01 ; 8.4869064e+01 
3.500e+01 ; 3.200e+00 ; 2.100e+00 ; 6.3065000e+01 ; 8.4850616e+01 
3.500e+01 ; 3.200e+00 ; 2.100e+00 ; 6.3129000e+01 ; 8.4815742e+01 
3.500e+01 ; 3.200e+00 ; 2.100e+00 ; 6.3257000e+01 ; 8.4755501e+01 
3.500e+01 ; 3.200e+00 ; 2.100e+00 ; 6.3513000e+01 ; 8.4676102e+01 
3.500e+01 ; 3.200e+00 ; 2.100e+00 ; 6.4000000e+01 ; 8.4648224e+01 
3.500e+01 ; 3.200e+00 ; 2.100e+00 ; 6.4000000e+01 ; 8.4648224e+01 
3.500e+01 ; 3.200e+00 ; 2.100e+00 ; 6.4001000e+01 ; 8.4648170e+01 
3.500e+01 ; 3.200e+00 ; 2.100e+00 ; 6.4002000e+01 ; 8.4648117e+01 
3.500e+01 ; 3.200e+00 ; 2.100e+00 ; 6.4003000e+01 ; 8.4648056e+01 
3.500e+01 ; 3.200e+00 ; 2.100e+00 ; 6.4005000e+01 ; 8.4647957e+01 
3.500e+01 ; 3.200e+00 ; 2.100e+00 ; 6.4009000e+01 ; 8.4647766e+01 
3.500e+01 ; 3.200e+00 ; 2.100e+00 ; 6.4017000e+01 ; 8.4647446e+01 
3.500e+01 ; 3.200e+00 ; 2.100e+00 ; 6.4033000e+01 ; 8.4647079e+01 
3.500e+01 ; 3.200e+00 ; 2.100e+00 ; 6.4065000e+01 ; 8.4647507e+01 
3.500e+01 ; 3.200e+00 ; 2.100e+00 ; 6.4129000e+01 ; 8.4653313e+01 
3.500e+01 ; 3.200e+00 ; 2.100e+00 ; 6.4257000e+01 ; 8.4686089e+01 
3.500e+01 ; 3.200e+00 ; 2.100e+00 ; 6.4513000e+01 ; 8.4832970e+01 
3.500e+01 ; 3.200e+00 ; 2.100e+00 ; 6.5000000e+01 ; 8.5317619e+01 
3.500e+01 ; 3.200e+00 ; 2.100e+00 ; 6.5000000e+01 ; 8.5317619e+01 
3.500e+01 ; 3.200e+00 ; 2.100e+00 ; 6.5001000e+01 ; 8.5318619e+01 
3.500e+01 ; 3.200e+00 ; 2.100e+00 ; 6.5002000e+01 ; 8.5319611e+01 
3.500e+01 ; 3.200e+00 ; 2.100e+00 ; 6.5003000e+01 ; 8.5320610e+01 
3.500e+01 ; 3.200e+00 ; 2.100e+00 ; 6.5005000e+01 ; 8.5322617e+01 
3.500e+01 ; 3.200e+00 ; 2.100e+00 ; 6.5009000e+01 ; 8.5326645e+01 
3.500e+01 ; 3.200e+00 ; 2.100e+00 ; 6.5017000e+01 ; 8.5334785e+01 
3.500e+01 ; 3.200e+00 ; 2.100e+00 ; 6.5033000e+01 ; 8.5351418e+01 
3.500e+01 ; 3.200e+00 ; 2.100e+00 ; 6.5065000e+01 ; 8.5386078e+01 
3.500e+01 ; 3.200e+00 ; 2.100e+00 ; 6.5129000e+01 ; 8.5460999e+01 
3.500e+01 ; 3.200e+00 ; 2.100e+00 ; 6.5257000e+01 ; 8.5632469e+01 
3.500e+01 ; 3.200e+00 ; 2.100e+00 ; 6.5513000e+01 ; 8.6047523e+01 
3.500e+01 ; 3.200e+00 ; 2.100e+00 ; 6.6000000e+01 ; 8.6975029e+01 
3.500e+01 ; 3.200e+00 ; 2.100e+00 ; 6.6000000e+01 ; 8.6975029e+01 
3.500e+01 ; 3.200e+00 ; 2.100e+00 ; 6.6001000e+01 ; 8.6976936e+01 
3.500e+01 ; 3.200e+00 ; 2.100e+00 ; 6.6002000e+01 ; 8.6978844e+01 
3.500e+01 ; 3.200e+00 ; 2.100e+00 ; 6.6003000e+01 ; 8.6980751e+01 
3.500e+01 ; 3.200e+00 ; 2.100e+00 ; 6.6005000e+01 ; 8.6984566e+01 
3.500e+01 ; 3.200e+00 ; 2.100e+00 ; 6.6009000e+01 ; 8.6992210e+01 
3.500e+01 ; 3.200e+00 ; 2.100e+00 ; 6.6017000e+01 ; 8.7007553e+01 
3.500e+01 ; 3.200e+00 ; 2.100e+00 ; 6.6033000e+01 ; 8.7038406e+01 
3.500e+01 ; 3.200e+00 ; 2.100e+00 ; 6.6065000e+01 ; 8.7100807e+01 
3.500e+01 ; 3.200e+00 ; 2.100e+00 ; 6.6129000e+01 ; 8.7227997e+01 
3.500e+01 ; 3.200e+00 ; 2.100e+00 ; 6.6257000e+01 ; 8.7489296e+01 
3.500e+01 ; 3.200e+00 ; 2.100e+00 ; 6.6513000e+01 ; 8.8022064e+01 
3.500e+01 ; 3.200e+00 ; 2.100e+00 ; 6.7000000e+01 ; 8.8989784e+01 
3.500e+01 ; 3.200e+00 ; 2.100e+00 ; 6.7000000e+01 ; 8.8989784e+01 
3.500e+01 ; 3.200e+00 ; 2.100e+00 ; 6.7001000e+01 ; 8.8991776e+01 
3.500e+01 ; 3.200e+00 ; 2.100e+00 ; 6.7002000e+01 ; 8.8993759e+01 
3.500e+01 ; 3.200e+00 ; 2.100e+00 ; 6.7003000e+01 ; 8.8995750e+01 
3.500e+01 ; 3.200e+00 ; 2.100e+00 ; 6.7005000e+01 ; 8.8999718e+01 
3.500e+01 ; 3.200e+00 ; 2.100e+00 ; 6.7009000e+01 ; 8.9007660e+01 
3.500e+01 ; 3.200e+00 ; 2.100e+00 ; 6.7017000e+01 ; 8.9023529e+01 
3.500e+01 ; 3.200e+00 ; 2.100e+00 ; 6.7033000e+01 ; 8.9055206e+01 
3.500e+01 ; 3.200e+00 ; 2.100e+00 ; 6.7065000e+01 ; 8.9118294e+01 
3.500e+01 ; 3.200e+00 ; 2.100e+00 ; 6.7129000e+01 ; 8.9243149e+01 
3.500e+01 ; 3.200e+00 ; 2.100e+00 ; 6.7257000e+01 ; 8.9485985e+01 
3.500e+01 ; 3.200e+00 ; 2.100e+00 ; 6.7513000e+01 ; 8.9936440e+01 
3.500e+01 ; 3.200e+00 ; 2.100e+00 ; 6.8000000e+01 ; 9.0647903e+01 
3.500e+01 ; 3.200e+00 ; 2.100e+00 ; 6.8000000e+01 ; 9.0647903e+01 
3.500e+01 ; 3.200e+00 ; 2.100e+00 ; 6.8001000e+01 ; 9.0649361e+01 
3.500e+01 ; 3.200e+00 ; 2.100e+00 ; 6.8002000e+01 ; 9.0650826e+01 
3.500e+01 ; 3.200e+00 ; 2.100e+00 ; 6.8003000e+01 ; 9.0652283e+01 
3.500e+01 ; 3.200e+00 ; 2.100e+00 ; 6.8005000e+01 ; 9.0655197e+01 
3.500e+01 ; 3.200e+00 ; 2.100e+00 ; 6.8009000e+01 ; 9.0661018e+01 
3.500e+01 ; 3.200e+00 ; 2.100e+00 ; 6.8017000e+01 ; 9.0672623e+01 
3.500e+01 ; 3.200e+00 ; 2.100e+00 ; 6.8033000e+01 ; 9.0695671e+01 
3.500e+01 ; 3.200e+00 ; 2.100e+00 ; 6.8065000e+01 ; 9.0741135e+01 
3.500e+01 ; 3.200e+00 ; 2.100e+00 ; 6.8129000e+01 ; 9.0829491e+01 
3.500e+01 ; 3.200e+00 ; 2.100e+00 ; 6.8257000e+01 ; 9.0995842e+01 
3.500e+01 ; 3.200e+00 ; 2.100e+00 ; 6.8513000e+01 ; 9.1287857e+01 
3.500e+01 ; 3.200e+00 ; 2.100e+00 ; 6.9000000e+01 ; 9.1709274e+01 
3.500e+01 ; 3.200e+00 ; 2.100e+00 ; 6.9000000e+01 ; 9.1709274e+01 
3.500e+01 ; 3.200e+00 ; 2.100e+00 ; 6.9001000e+01 ; 9.1710136e+01 
3.500e+01 ; 3.200e+00 ; 2.100e+00 ; 6.9002000e+01 ; 9.1710999e+01 
3.500e+01 ; 3.200e+00 ; 2.100e+00 ; 6.9003000e+01 ; 9.1711868e+01 
3.500e+01 ; 3.200e+00 ; 2.100e+00 ; 6.9005000e+01 ; 9.1713593e+01 
3.500e+01 ; 3.200e+00 ; 2.100e+00 ; 6.9009000e+01 ; 9.1717033e+01 
3.500e+01 ; 3.200e+00 ; 2.100e+00 ; 6.9017000e+01 ; 9.1723877e+01 
3.500e+01 ; 3.200e+00 ; 2.100e+00 ; 6.9033000e+01 ; 9.1737427e+01 
3.500e+01 ; 3.200e+00 ; 2.100e+00 ; 6.9065000e+01 ; 9.1763954e+01 
3.500e+01 ; 3.200e+00 ; 2.100e+00 ; 6.9129000e+01 ; 9.1814751e+01 
3.500e+01 ; 3.200e+00 ; 2.100e+00 ; 6.9257000e+01 ; 9.1907654e+01 
3.500e+01 ; 3.200e+00 ; 2.100e+00 ; 6.9513000e+01 ; 9.2061218e+01 
3.500e+01 ; 3.200e+00 ; 2.100e+00 ; 7.0000000e+01 ; 9.2254402e+01 
3.500e+01 ; 3.200e+00 ; 2.100e+00 ; 7.0000000e+01 ; 9.2254402e+01 
3.500e+01 ; 3.200e+00 ; 2.100e+00 ; 7.0001000e+01 ; 9.2254799e+01 
3.500e+01 ; 3.200e+00 ; 2.100e+00 ; 7.0002000e+01 ; 9.2255196e+01 
3.500e+01 ; 3.200e+00 ; 2.100e+00 ; 7.0003000e+01 ; 9.2255592e+01 
3.500e+01 ; 3.200e+00 ; 2.100e+00 ; 7.0005000e+01 ; 9.2256378e+01 
3.500e+01 ; 3.200e+00 ; 2.100e+00 ; 7.0009000e+01 ; 9.2257950e+01 
3.500e+01 ; 3.200e+00 ; 2.100e+00 ; 7.0017000e+01 ; 9.2261070e+01 
3.500e+01 ; 3.200e+00 ; 2.100e+00 ; 7.0033000e+01 ; 9.2267197e+01 
3.500e+01 ; 3.200e+00 ; 2.100e+00 ; 7.0065000e+01 ; 9.2279037e+01 
3.500e+01 ; 3.200e+00 ; 2.100e+00 ; 7.0129000e+01 ; 9.2301094e+01 
3.500e+01 ; 3.200e+00 ; 2.100e+00 ; 7.0257000e+01 ; 9.2338997e+01 
3.500e+01 ; 3.200e+00 ; 2.100e+00 ; 7.0513000e+01 ; 9.2392448e+01 
3.500e+01 ; 3.200e+00 ; 2.100e+00 ; 7.1000000e+01 ; 9.2427811e+01 
3.500e+01 ; 3.200e+00 ; 2.100e+00 ; 7.1000000e+01 ; 9.2427811e+01 
3.500e+01 ; 3.200e+00 ; 2.100e+00 ; 7.1001000e+01 ; 9.2427879e+01 
3.500e+01 ; 3.200e+00 ; 2.100e+00 ; 7.1002000e+01 ; 9.2427948e+01 
3.500e+01 ; 3.200e+00 ; 2.100e+00 ; 7.1003000e+01 ; 9.2428024e+01 
3.500e+01 ; 3.200e+00 ; 2.100e+00 ; 7.1005000e+01 ; 9.2428169e+01 
3.500e+01 ; 3.200e+00 ; 2.100e+00 ; 7.1009000e+01 ; 9.2428444e+01 
3.500e+01 ; 3.200e+00 ; 2.100e+00 ; 7.1017000e+01 ; 9.2428993e+01 
3.500e+01 ; 3.200e+00 ; 2.100e+00 ; 7.1033000e+01 ; 9.2430008e+01 
3.500e+01 ; 3.200e+00 ; 2.100e+00 ; 7.1065000e+01 ; 9.2431755e+01 
3.500e+01 ; 3.200e+00 ; 2.100e+00 ; 7.1129000e+01 ; 9.2434181e+01 
3.500e+01 ; 3.200e+00 ; 2.100e+00 ; 7.1257000e+01 ; 9.2434967e+01 
3.500e+01 ; 3.200e+00 ; 2.100e+00 ; 7.1513000e+01 ; 9.2422043e+01 
3.500e+01 ; 3.200e+00 ; 2.100e+00 ; 7.2000000e+01 ; 9.2355499e+01 
3.500e+01 ; 3.200e+00 ; 2.100e+00 ; 7.2000000e+01 ; 9.2355499e+01 
3.500e+01 ; 3.200e+00 ; 2.100e+00 ; 7.2001000e+01 ; 9.2355370e+01 
3.500e+01 ; 3.200e+00 ; 2.100e+00 ; 7.2002000e+01 ; 9.2355232e+01 
3.500e+01 ; 3.200e+00 ; 2.100e+00 ; 7.2003000e+01 ; 9.2355095e+01 
3.500e+01 ; 3.200e+00 ; 2.100e+00 ; 7.2005000e+01 ; 9.2354820e+01 
3.500e+01 ; 3.200e+00 ; 2.100e+00 ; 7.2009000e+01 ; 9.2354263e+01 
3.500e+01 ; 3.200e+00 ; 2.100e+00 ; 7.2017000e+01 ; 9.2353149e+01 
3.500e+01 ; 3.200e+00 ; 2.100e+00 ; 7.2033000e+01 ; 9.2350868e+01 
3.500e+01 ; 3.200e+00 ; 2.100e+00 ; 7.2065000e+01 ; 9.2346138e+01 
3.500e+01 ; 3.200e+00 ; 2.100e+00 ; 7.2129000e+01 ; 9.2335999e+01 
3.500e+01 ; 3.200e+00 ; 2.100e+00 ; 7.2257000e+01 ; 9.2313171e+01 
3.500e+01 ; 3.200e+00 ; 2.100e+00 ; 7.2513000e+01 ; 9.2258598e+01 
3.500e+01 ; 3.200e+00 ; 2.100e+00 ; 7.3000000e+01 ; 9.2129494e+01 
3.500e+01 ; 3.200e+00 ; 2.100e+00 ; 7.3000000e+01 ; 9.2129494e+01 
3.500e+01 ; 3.200e+00 ; 2.100e+00 ; 7.3001000e+01 ; 9.2129227e+01 
3.500e+01 ; 3.200e+00 ; 2.100e+00 ; 7.3002000e+01 ; 9.2128967e+01 
3.500e+01 ; 3.200e+00 ; 2.100e+00 ; 7.3003000e+01 ; 9.2128700e+01 
3.500e+01 ; 3.200e+00 ; 2.100e+00 ; 7.3005000e+01 ; 9.2128166e+01 
3.500e+01 ; 3.200e+00 ; 2.100e+00 ; 7.3009000e+01 ; 9.2127106e+01 
3.500e+01 ; 3.200e+00 ; 2.100e+00 ; 7.3017000e+01 ; 9.2124969e+01 
3.500e+01 ; 3.200e+00 ; 2.100e+00 ; 7.3033000e+01 ; 9.2120674e+01 
3.500e+01 ; 3.200e+00 ; 2.100e+00 ; 7.3065000e+01 ; 9.2111969e+01 
3.500e+01 ; 3.200e+00 ; 2.100e+00 ; 7.3129000e+01 ; 9.2094170e+01 
3.500e+01 ; 3.200e+00 ; 2.100e+00 ; 7.3257000e+01 ; 9.2057045e+01 
3.500e+01 ; 3.200e+00 ; 2.100e+00 ; 7.3513000e+01 ; 9.1977585e+01 
3.500e+01 ; 3.200e+00 ; 2.100e+00 ; 7.4000000e+01 ; 9.1812042e+01 
3.500e+01 ; 3.200e+00 ; 2.100e+00 ; 7.4000000e+01 ; 9.1812042e+01 
3.500e+01 ; 3.200e+00 ; 2.100e+00 ; 7.4001000e+01 ; 9.1811699e+01 
3.500e+01 ; 3.200e+00 ; 2.100e+00 ; 7.4002000e+01 ; 9.1811363e+01 
3.500e+01 ; 3.200e+00 ; 2.100e+00 ; 7.4003000e+01 ; 9.1811020e+01 
3.500e+01 ; 3.200e+00 ; 2.100e+00 ; 7.4005000e+01 ; 9.1810341e+01 
3.500e+01 ; 3.200e+00 ; 2.100e+00 ; 7.4009000e+01 ; 9.1808983e+01 
3.500e+01 ; 3.200e+00 ; 2.100e+00 ; 7.4017000e+01 ; 9.1806252e+01 
3.500e+01 ; 3.200e+00 ; 2.100e+00 ; 7.4033000e+01 ; 9.1800781e+01 
3.500e+01 ; 3.200e+00 ; 2.100e+00 ; 7.4065000e+01 ; 9.1789780e+01 
3.500e+01 ; 3.200e+00 ; 2.100e+00 ; 7.4129000e+01 ; 9.1767555e+01 
3.500e+01 ; 3.200e+00 ; 2.100e+00 ; 7.4257000e+01 ; 9.1722252e+01 
3.500e+01 ; 3.200e+00 ; 2.100e+00 ; 7.4513000e+01 ; 9.1628822e+01 
3.500e+01 ; 3.200e+00 ; 2.100e+00 ; 7.5000000e+01 ; 9.1443665e+01 
3.500e+01 ; 3.200e+00 ; 2.100e+00 ; 7.5000000e+01 ; 9.1443665e+01 
3.500e+01 ; 3.200e+00 ; 2.100e+00 ; 7.5001000e+01 ; 9.1443283e+01 
3.500e+01 ; 3.200e+00 ; 2.100e+00 ; 7.5002000e+01 ; 9.1442902e+01 
3.500e+01 ; 3.200e+00 ; 2.100e+00 ; 7.5003000e+01 ; 9.1442520e+01 
3.500e+01 ; 3.200e+00 ; 2.100e+00 ; 7.5005000e+01 ; 9.1441765e+01 
3.500e+01 ; 3.200e+00 ; 2.100e+00 ; 7.5009000e+01 ; 9.1440239e+01 
3.500e+01 ; 3.200e+00 ; 2.100e+00 ; 7.5017000e+01 ; 9.1437195e+01 
3.500e+01 ; 3.200e+00 ; 2.100e+00 ; 7.5033000e+01 ; 9.1431091e+01 
3.500e+01 ; 3.200e+00 ; 2.100e+00 ; 7.5065000e+01 ; 9.1418869e+01 
3.500e+01 ; 3.200e+00 ; 2.100e+00 ; 7.5129000e+01 ; 9.1394295e+01 
3.500e+01 ; 3.200e+00 ; 2.100e+00 ; 7.5257000e+01 ; 9.1344727e+01 
3.500e+01 ; 3.200e+00 ; 2.100e+00 ; 7.5513000e+01 ; 9.1244270e+01 
3.500e+01 ; 3.200e+00 ; 2.100e+00 ; 7.6000000e+01 ; 9.1050140e+01 
3.500e+01 ; 3.200e+00 ; 2.100e+00 ; 7.6000000e+01 ; 9.1050140e+01 
3.500e+01 ; 3.200e+00 ; 2.100e+00 ; 7.6001000e+01 ; 9.1049736e+01 
3.500e+01 ; 3.200e+00 ; 2.100e+00 ; 7.6002000e+01 ; 9.1049339e+01 
3.500e+01 ; 3.200e+00 ; 2.100e+00 ; 7.6003000e+01 ; 9.1048943e+01 
3.500e+01 ; 3.200e+00 ; 2.100e+00 ; 7.6005000e+01 ; 9.1048141e+01 
3.500e+01 ; 3.200e+00 ; 2.100e+00 ; 7.6009000e+01 ; 9.1046547e+01 
3.500e+01 ; 3.200e+00 ; 2.100e+00 ; 7.6017000e+01 ; 9.1043358e+01 
3.500e+01 ; 3.200e+00 ; 2.100e+00 ; 7.6033000e+01 ; 9.1036972e+01 
3.500e+01 ; 3.200e+00 ; 2.100e+00 ; 7.6065000e+01 ; 9.1024193e+01 
3.500e+01 ; 3.200e+00 ; 2.100e+00 ; 7.6129000e+01 ; 9.0998581e+01 
3.500e+01 ; 3.200e+00 ; 2.100e+00 ; 7.6257000e+01 ; 9.0947220e+01 
3.500e+01 ; 3.200e+00 ; 2.100e+00 ; 7.6513000e+01 ; 9.0844139e+01 
3.500e+01 ; 3.200e+00 ; 2.100e+00 ; 7.7000000e+01 ; 9.0648270e+01 
3.500e+01 ; 3.200e+00 ; 2.100e+00 ; 7.7000000e+01 ; 9.0648270e+01 
3.500e+01 ; 3.200e+00 ; 2.100e+00 ; 7.7001000e+01 ; 9.0647865e+01 
3.500e+01 ; 3.200e+00 ; 2.100e+00 ; 7.7002000e+01 ; 9.0647461e+01 
3.500e+01 ; 3.200e+00 ; 2.100e+00 ; 7.7003000e+01 ; 9.0647064e+01 
3.500e+01 ; 3.200e+00 ; 2.100e+00 ; 7.7005000e+01 ; 9.0646255e+01 
3.500e+01 ; 3.200e+00 ; 2.100e+00 ; 7.7009000e+01 ; 9.0644646e+01 
3.500e+01 ; 3.200e+00 ; 2.100e+00 ; 7.7017000e+01 ; 9.0641434e+01 
3.500e+01 ; 3.200e+00 ; 2.100e+00 ; 7.7033000e+01 ; 9.0634995e+01 
3.500e+01 ; 3.200e+00 ; 2.100e+00 ; 7.7065000e+01 ; 9.0622131e+01 
3.500e+01 ; 3.200e+00 ; 2.100e+00 ; 7.7129000e+01 ; 9.0596413e+01 
3.500e+01 ; 3.200e+00 ; 2.100e+00 ; 7.7257000e+01 ; 9.0545105e+01 
3.500e+01 ; 3.200e+00 ; 2.100e+00 ; 7.7513000e+01 ; 9.0443626e+01 
3.500e+01 ; 3.200e+00 ; 2.100e+00 ; 7.8000000e+01 ; 9.0257919e+01 
3.500e+01 ; 3.200e+00 ; 2.100e+00 ; 7.8000000e+01 ; 9.0257919e+01 
3.500e+01 ; 3.200e+00 ; 2.100e+00 ; 7.8001000e+01 ; 9.0257538e+01 
3.500e+01 ; 3.200e+00 ; 2.100e+00 ; 7.8002000e+01 ; 9.0257156e+01 
3.500e+01 ; 3.200e+00 ; 2.100e+00 ; 7.8003000e+01 ; 9.0256775e+01 
3.500e+01 ; 3.200e+00 ; 2.100e+00 ; 7.8005000e+01 ; 9.0256020e+01 
3.500e+01 ; 3.200e+00 ; 2.100e+00 ; 7.8009000e+01 ; 9.0254494e+01 
3.500e+01 ; 3.200e+00 ; 2.100e+00 ; 7.8017000e+01 ; 9.0251442e+01 
3.500e+01 ; 3.200e+00 ; 2.100e+00 ; 7.8033000e+01 ; 9.0245361e+01 
3.500e+01 ; 3.200e+00 ; 2.100e+00 ; 7.8065000e+01 ; 9.0233231e+01 
3.500e+01 ; 3.200e+00 ; 2.100e+00 ; 7.8129000e+01 ; 9.0209114e+01 
3.500e+01 ; 3.200e+00 ; 2.100e+00 ; 7.8257000e+01 ; 9.0161682e+01 
3.500e+01 ; 3.200e+00 ; 2.100e+00 ; 7.8513000e+01 ; 9.0071388e+01 
3.500e+01 ; 3.200e+00 ; 2.100e+00 ; 7.9000000e+01 ; 8.9922180e+01 
3.500e+01 ; 3.200e+00 ; 2.100e+00 ; 7.9000000e+01 ; 8.9922180e+01 
3.500e+01 ; 3.200e+00 ; 2.100e+00 ; 7.9001000e+01 ; 8.9921867e+01 
3.500e+01 ; 3.200e+00 ; 2.100e+00 ; 7.9002000e+01 ; 8.9921562e+01 
3.500e+01 ; 3.200e+00 ; 2.100e+00 ; 7.9003000e+01 ; 8.9921257e+01 
3.500e+01 ; 3.200e+00 ; 2.100e+00 ; 7.9005000e+01 ; 8.9920647e+01 
3.500e+01 ; 3.200e+00 ; 2.100e+00 ; 7.9009000e+01 ; 8.9919426e+01 
3.500e+01 ; 3.200e+00 ; 2.100e+00 ; 7.9017000e+01 ; 8.9916985e+01 
3.500e+01 ; 3.200e+00 ; 2.100e+00 ; 7.9033000e+01 ; 8.9912132e+01 
3.500e+01 ; 3.200e+00 ; 2.100e+00 ; 7.9065000e+01 ; 8.9902534e+01 
3.500e+01 ; 3.200e+00 ; 2.100e+00 ; 7.9129000e+01 ; 8.9883766e+01 
3.500e+01 ; 3.200e+00 ; 2.100e+00 ; 7.9257000e+01 ; 8.9848206e+01 
3.500e+01 ; 3.200e+00 ; 2.100e+00 ; 7.9513000e+01 ; 8.9786781e+01 
3.500e+01 ; 3.200e+00 ; 2.100e+00 ; 8.0000000e+01 ; 8.9710228e+01 
3.500e+01 ; 3.200e+00 ; 2.100e+00 ; 8.0000000e+01 ; 8.9710228e+01 
3.500e+01 ; 3.200e+00 ; 2.100e+00 ; 8.0001000e+01 ; 8.9710068e+01 
3.500e+01 ; 3.200e+00 ; 2.100e+00 ; 8.0002000e+01 ; 8.9709915e+01 
3.500e+01 ; 3.200e+00 ; 2.100e+00 ; 8.0003000e+01 ; 8.9709755e+01 
3.500e+01 ; 3.200e+00 ; 2.100e+00 ; 8.0005000e+01 ; 8.9709442e+01 
3.500e+01 ; 3.200e+00 ; 2.100e+00 ; 8.0009000e+01 ; 8.9708824e+01 
3.500e+01 ; 3.200e+00 ; 2.100e+00 ; 8.0017000e+01 ; 8.9707588e+01 
3.500e+01 ; 3.200e+00 ; 2.100e+00 ; 8.0033000e+01 ; 8.9705162e+01 
3.500e+01 ; 3.200e+00 ; 2.100e+00 ; 8.0065000e+01 ; 8.9700493e+01 
3.500e+01 ; 3.200e+00 ; 2.100e+00 ; 8.0129000e+01 ; 8.9691872e+01 
3.500e+01 ; 3.200e+00 ; 2.100e+00 ; 8.0257000e+01 ; 8.9677689e+01 
3.500e+01 ; 3.200e+00 ; 2.100e+00 ; 8.0513000e+01 ; 8.9662262e+01 
3.500e+01 ; 3.200e+00 ; 2.100e+00 ; 8.1000000e+01 ; 8.9677582e+01 
3.500e+01 ; 3.200e+00 ; 2.100e+00 ; 8.1000000e+01 ; 8.9677582e+01 
3.500e+01 ; 3.200e+00 ; 2.100e+00 ; 8.1001000e+01 ; 8.9677612e+01 
3.500e+01 ; 3.200e+00 ; 2.100e+00 ; 8.1002000e+01 ; 8.9677643e+01 
3.500e+01 ; 3.200e+00 ; 2.100e+00 ; 8.1003000e+01 ; 8.9677681e+01 
3.500e+01 ; 3.200e+00 ; 2.100e+00 ; 8.1005000e+01 ; 8.9677742e+01 
3.500e+01 ; 3.200e+00 ; 2.100e+00 ; 8.1009000e+01 ; 8.9677872e+01 
3.500e+01 ; 3.200e+00 ; 2.100e+00 ; 8.1017000e+01 ; 8.9678154e+01 
3.500e+01 ; 3.200e+00 ; 2.100e+00 ; 8.1033000e+01 ; 8.9678757e+01 
3.500e+01 ; 3.200e+00 ; 2.100e+00 ; 8.1065000e+01 ; 8.9680153e+01 
3.500e+01 ; 3.200e+00 ; 2.100e+00 ; 8.1129000e+01 ; 8.9683701e+01 
3.500e+01 ; 3.200e+00 ; 2.100e+00 ; 8.1257000e+01 ; 8.9693756e+01 
3.500e+01 ; 3.200e+00 ; 2.100e+00 ; 8.1513000e+01 ; 8.9724617e+01 
3.500e+01 ; 3.200e+00 ; 2.100e+00 ; 8.2000000e+01 ; 8.9811714e+01 
3.500e+01 ; 3.200e+00 ; 2.100e+00 ; 8.2000000e+01 ; 8.9811714e+01 
3.500e+01 ; 3.200e+00 ; 2.100e+00 ; 8.2001000e+01 ; 8.9811897e+01 
3.500e+01 ; 3.200e+00 ; 2.100e+00 ; 8.2002000e+01 ; 8.9812073e+01 
3.500e+01 ; 3.200e+00 ; 2.100e+00 ; 8.2003000e+01 ; 8.9812256e+01 
3.500e+01 ; 3.200e+00 ; 2.100e+00 ; 8.2005000e+01 ; 8.9812614e+01 
3.500e+01 ; 3.200e+00 ; 2.100e+00 ; 8.2009000e+01 ; 8.9813332e+01 
3.500e+01 ; 3.200e+00 ; 2.100e+00 ; 8.2017000e+01 ; 8.9814781e+01 
3.500e+01 ; 3.200e+00 ; 2.100e+00 ; 8.2033000e+01 ; 8.9817703e+01 
3.500e+01 ; 3.200e+00 ; 2.100e+00 ; 8.2065000e+01 ; 8.9823662e+01 
3.500e+01 ; 3.200e+00 ; 2.100e+00 ; 8.2129000e+01 ; 8.9836029e+01 
3.500e+01 ; 3.200e+00 ; 2.100e+00 ; 8.2257000e+01 ; 8.9862274e+01 
3.500e+01 ; 3.200e+00 ; 2.100e+00 ; 8.2513000e+01 ; 8.9918816e+01 
3.500e+01 ; 3.200e+00 ; 2.100e+00 ; 8.3000000e+01 ; 9.0028503e+01 
3.500e+01 ; 3.200e+00 ; 2.100e+00 ; 8.3000000e+01 ; 9.0028503e+01 
3.500e+01 ; 3.200e+00 ; 2.100e+00 ; 8.3001000e+01 ; 9.0028725e+01 
3.500e+01 ; 3.200e+00 ; 2.100e+00 ; 8.3002000e+01 ; 9.0028954e+01 
3.500e+01 ; 3.200e+00 ; 2.100e+00 ; 8.3003000e+01 ; 9.0029175e+01 
3.500e+01 ; 3.200e+00 ; 2.100e+00 ; 8.3005000e+01 ; 9.0029625e+01 
3.500e+01 ; 3.200e+00 ; 2.100e+00 ; 8.3009000e+01 ; 9.0030525e+01 
3.500e+01 ; 3.200e+00 ; 2.100e+00 ; 8.3017000e+01 ; 9.0032333e+01 
3.500e+01 ; 3.200e+00 ; 2.100e+00 ; 8.3033000e+01 ; 9.0035934e+01 
3.500e+01 ; 3.200e+00 ; 2.100e+00 ; 8.3065000e+01 ; 9.0043152e+01 
3.500e+01 ; 3.200e+00 ; 2.100e+00 ; 8.3129000e+01 ; 9.0057564e+01 
3.500e+01 ; 3.200e+00 ; 2.100e+00 ; 8.3257000e+01 ; 9.0086075e+01 
3.500e+01 ; 3.200e+00 ; 2.100e+00 ; 8.3513000e+01 ; 9.0140251e+01 
3.500e+01 ; 3.200e+00 ; 2.100e+00 ; 8.4000000e+01 ; 9.0224724e+01 
3.500e+01 ; 3.200e+00 ; 2.100e+00 ; 8.4000000e+01 ; 9.0224724e+01 
3.500e+01 ; 3.200e+00 ; 2.100e+00 ; 8.4001000e+01 ; 9.0224892e+01 
3.500e+01 ; 3.200e+00 ; 2.100e+00 ; 8.4002000e+01 ; 9.0225067e+01 
3.500e+01 ; 3.200e+00 ; 2.100e+00 ; 8.4003000e+01 ; 9.0225243e+01 
3.500e+01 ; 3.200e+00 ; 2.100e+00 ; 8.4005000e+01 ; 9.0225586e+01 
3.500e+01 ; 3.200e+00 ; 2.100e+00 ; 8.4009000e+01 ; 9.0226280e+01 
3.500e+01 ; 3.200e+00 ; 2.100e+00 ; 8.4017000e+01 ; 9.0227654e+01 
3.500e+01 ; 3.200e+00 ; 2.100e+00 ; 8.4033000e+01 ; 9.0230385e+01 
3.500e+01 ; 3.200e+00 ; 2.100e+00 ; 8.4065000e+01 ; 9.0235771e+01 
3.500e+01 ; 3.200e+00 ; 2.100e+00 ; 8.4129000e+01 ; 9.0246170e+01 
3.500e+01 ; 3.200e+00 ; 2.100e+00 ; 8.4257000e+01 ; 9.0265434e+01 
3.500e+01 ; 3.200e+00 ; 2.100e+00 ; 8.4513000e+01 ; 9.0296997e+01 
3.500e+01 ; 3.200e+00 ; 2.100e+00 ; 8.5000000e+01 ; 9.0328987e+01 
3.500e+01 ; 3.200e+00 ; 2.100e+00 ; 8.5000000e+01 ; 9.0328987e+01 
3.500e+01 ; 3.200e+00 ; 2.100e+00 ; 8.5001000e+01 ; 9.0329048e+01 
3.500e+01 ; 3.200e+00 ; 2.100e+00 ; 8.5002000e+01 ; 9.0329117e+01 
3.500e+01 ; 3.200e+00 ; 2.100e+00 ; 8.5003000e+01 ; 9.0329178e+01 
3.500e+01 ; 3.200e+00 ; 2.100e+00 ; 8.5005000e+01 ; 9.0329308e+01 
3.500e+01 ; 3.200e+00 ; 2.100e+00 ; 8.5009000e+01 ; 9.0329567e+01 
3.500e+01 ; 3.200e+00 ; 2.100e+00 ; 8.5017000e+01 ; 9.0330078e+01 
3.500e+01 ; 3.200e+00 ; 2.100e+00 ; 8.5033000e+01 ; 9.0331070e+01 
3.500e+01 ; 3.200e+00 ; 2.100e+00 ; 8.5065000e+01 ; 9.0332924e+01 
3.500e+01 ; 3.200e+00 ; 2.100e+00 ; 8.5129000e+01 ; 9.0336128e+01 
3.500e+01 ; 3.200e+00 ; 2.100e+00 ; 8.5257000e+01 ; 9.0340538e+01 
3.500e+01 ; 3.200e+00 ; 2.100e+00 ; 8.5513000e+01 ; 9.0341179e+01 
3.500e+01 ; 3.200e+00 ; 2.100e+00 ; 8.6000000e+01 ; 9.0313324e+01 
3.500e+01 ; 3.200e+00 ; 2.100e+00 ; 8.6000000e+01 ; 9.0313324e+01 
3.500e+01 ; 3.200e+00 ; 2.100e+00 ; 8.6001000e+01 ; 9.0313271e+01 
3.500e+01 ; 3.200e+00 ; 2.100e+00 ; 8.6002000e+01 ; 9.0313210e+01 
3.500e+01 ; 3.200e+00 ; 2.100e+00 ; 8.6003000e+01 ; 9.0313156e+01 
3.500e+01 ; 3.200e+00 ; 2.100e+00 ; 8.6005000e+01 ; 9.0313042e+01 
3.500e+01 ; 3.200e+00 ; 2.100e+00 ; 8.6009000e+01 ; 9.0312805e+01 
3.500e+01 ; 3.200e+00 ; 2.100e+00 ; 8.6017000e+01 ; 9.0312332e+01 
3.500e+01 ; 3.200e+00 ; 2.100e+00 ; 8.6033000e+01 ; 9.0311356e+01 
3.500e+01 ; 3.200e+00 ; 2.100e+00 ; 8.6065000e+01 ; 9.0309265e+01 
3.500e+01 ; 3.200e+00 ; 2.100e+00 ; 8.6129000e+01 ; 9.0304604e+01 
3.500e+01 ; 3.200e+00 ; 2.100e+00 ; 8.6257000e+01 ; 9.0293297e+01 
3.500e+01 ; 3.200e+00 ; 2.100e+00 ; 8.6513000e+01 ; 9.0263016e+01 
3.500e+01 ; 3.200e+00 ; 2.100e+00 ; 8.7000000e+01 ; 9.0179810e+01 
3.500e+01 ; 3.200e+00 ; 2.100e+00 ; 8.7000000e+01 ; 9.0179810e+01 
3.500e+01 ; 3.200e+00 ; 2.100e+00 ; 8.7001000e+01 ; 9.0179642e+01 
3.500e+01 ; 3.200e+00 ; 2.100e+00 ; 8.7002000e+01 ; 9.0179466e+01 
3.500e+01 ; 3.200e+00 ; 2.100e+00 ; 8.7003000e+01 ; 9.0179298e+01 
3.500e+01 ; 3.200e+00 ; 2.100e+00 ; 8.7005000e+01 ; 9.0178955e+01 
3.500e+01 ; 3.200e+00 ; 2.100e+00 ; 8.7009000e+01 ; 9.0178268e+01 
3.500e+01 ; 3.200e+00 ; 2.100e+00 ; 8.7017000e+01 ; 9.0176888e+01 
3.500e+01 ; 3.200e+00 ; 2.100e+00 ; 8.7033000e+01 ; 9.0174095e+01 
3.500e+01 ; 3.200e+00 ; 2.100e+00 ; 8.7065000e+01 ; 9.0168404e+01 
3.500e+01 ; 3.200e+00 ; 2.100e+00 ; 8.7129000e+01 ; 9.0156593e+01 
3.500e+01 ; 3.200e+00 ; 2.100e+00 ; 8.7257000e+01 ; 9.0131279e+01 
3.500e+01 ; 3.200e+00 ; 2.100e+00 ; 8.7513000e+01 ; 9.0074280e+01 
3.500e+01 ; 3.200e+00 ; 2.100e+00 ; 8.8000000e+01 ; 8.9945320e+01 
3.500e+01 ; 3.200e+00 ; 2.100e+00 ; 8.8000000e+01 ; 8.9945320e+01 
3.500e+01 ; 3.200e+00 ; 2.100e+00 ; 8.8001000e+01 ; 8.9945061e+01 
3.500e+01 ; 3.200e+00 ; 2.100e+00 ; 8.8002000e+01 ; 8.9944794e+01 
3.500e+01 ; 3.200e+00 ; 2.100e+00 ; 8.8003000e+01 ; 8.9944527e+01 
3.500e+01 ; 3.200e+00 ; 2.100e+00 ; 8.8005000e+01 ; 8.9944000e+01 
3.500e+01 ; 3.200e+00 ; 2.100e+00 ; 8.8009000e+01 ; 8.9942932e+01 
3.500e+01 ; 3.200e+00 ; 2.100e+00 ; 8.8017000e+01 ; 8.9940804e+01 
3.500e+01 ; 3.200e+00 ; 2.100e+00 ; 8.8033000e+01 ; 8.9936523e+01 
3.500e+01 ; 3.200e+00 ; 2.100e+00 ; 8.8065000e+01 ; 8.9927872e+01 
3.500e+01 ; 3.200e+00 ; 2.100e+00 ; 8.8129000e+01 ; 8.9910225e+01 
3.500e+01 ; 3.200e+00 ; 2.100e+00 ; 8.8257000e+01 ; 8.9873619e+01 
3.500e+01 ; 3.200e+00 ; 2.100e+00 ; 8.8513000e+01 ; 8.9795479e+01 
3.500e+01 ; 3.200e+00 ; 2.100e+00 ; 8.9000000e+01 ; 8.9631523e+01 
3.500e+01 ; 3.200e+00 ; 2.100e+00 ; 8.9000000e+01 ; 8.9631523e+01 
3.500e+01 ; 3.200e+00 ; 2.100e+00 ; 8.9001000e+01 ; 8.9631187e+01 
3.500e+01 ; 3.200e+00 ; 2.100e+00 ; 8.9002000e+01 ; 8.9630852e+01 
3.500e+01 ; 3.200e+00 ; 2.100e+00 ; 8.9003000e+01 ; 8.9630516e+01 
3.500e+01 ; 3.200e+00 ; 2.100e+00 ; 8.9005000e+01 ; 8.9629837e+01 
3.500e+01 ; 3.200e+00 ; 2.100e+00 ; 8.9009000e+01 ; 8.9628487e+01 
3.500e+01 ; 3.200e+00 ; 2.100e+00 ; 8.9017000e+01 ; 8.9625786e+01 
3.500e+01 ; 3.200e+00 ; 2.100e+00 ; 8.9033000e+01 ; 8.9620369e+01 
3.500e+01 ; 3.200e+00 ; 2.100e+00 ; 8.9065000e+01 ; 8.9609459e+01 
3.500e+01 ; 3.200e+00 ; 2.100e+00 ; 8.9129000e+01 ; 8.9587395e+01 
3.500e+01 ; 3.200e+00 ; 2.100e+00 ; 8.9257000e+01 ; 8.9542297e+01 
3.500e+01 ; 3.200e+00 ; 2.100e+00 ; 8.9513000e+01 ; 8.9448555e+01 
3.500e+01 ; 3.200e+00 ; 2.100e+00 ; 9.0000000e+01 ; 8.9259521e+01 
3.500e+01 ; 3.200e+00 ; 2.100e+00 ; 9.0000000e+01 ; 8.9259521e+01 
3.500e+01 ; 3.200e+00 ; 2.100e+00 ; 9.0001000e+01 ; 8.9259132e+01 
3.500e+01 ; 3.200e+00 ; 2.100e+00 ; 9.0002000e+01 ; 8.9258743e+01 
3.500e+01 ; 3.200e+00 ; 2.100e+00 ; 9.0003000e+01 ; 8.9258354e+01 
3.500e+01 ; 3.200e+00 ; 2.100e+00 ; 9.0005000e+01 ; 8.9257584e+01 
3.500e+01 ; 3.200e+00 ; 2.100e+00 ; 9.0009000e+01 ; 8.9256027e+01 
3.500e+01 ; 3.200e+00 ; 2.100e+00 ; 9.0017000e+01 ; 8.9252914e+01 
3.500e+01 ; 3.200e+00 ; 2.100e+00 ; 9.0033000e+01 ; 8.9246681e+01 
3.500e+01 ; 3.200e+00 ; 2.100e+00 ; 9.0065000e+01 ; 8.9234169e+01 
3.500e+01 ; 3.200e+00 ; 2.100e+00 ; 9.0129000e+01 ; 8.9208961e+01 
3.500e+01 ; 3.200e+00 ; 2.100e+00 ; 9.0257000e+01 ; 8.9157898e+01 
3.500e+01 ; 3.200e+00 ; 2.100e+00 ; 9.0513000e+01 ; 8.9053368e+01 
3.500e+01 ; 3.200e+00 ; 2.100e+00 ; 9.1000000e+01 ; 8.8847610e+01 
3.500e+01 ; 3.200e+00 ; 2.100e+00 ; 9.1000000e+01 ; 8.8847610e+01 
3.500e+01 ; 3.200e+00 ; 2.100e+00 ; 9.1010000e+01 ; 8.8843384e+01 
3.500e+01 ; 3.200e+00 ; 2.100e+00 ; 9.1020000e+01 ; 8.8839149e+01 
3.500e+01 ; 3.200e+00 ; 2.100e+00 ; 9.1030000e+01 ; 8.8834915e+01 
3.500e+01 ; 3.200e+00 ; 2.100e+00 ; 9.1050000e+01 ; 8.8826439e+01 
3.500e+01 ; 3.200e+00 ; 2.100e+00 ; 9.1090000e+01 ; 8.8809433e+01 
3.500e+01 ; 3.200e+00 ; 2.100e+00 ; 9.1170000e+01 ; 8.8775261e+01 
3.500e+01 ; 3.200e+00 ; 2.100e+00 ; 9.1330000e+01 ; 8.8706276e+01 
3.500e+01 ; 3.200e+00 ; 2.100e+00 ; 9.1650000e+01 ; 8.8566216e+01 
3.500e+01 ; 3.200e+00 ; 2.100e+00 ; 9.2290000e+01 ; 8.8280449e+01 
3.500e+01 ; 3.200e+00 ; 2.100e+00 ; 9.3570000e+01 ; 8.7702362e+01 
3.500e+01 ; 3.200e+00 ; 2.100e+00 ; 9.5490000e+01 ; 8.6853065e+01 
3.500e+01 ; 3.200e+00 ; 2.100e+00 ; 9.6000000e+01 ; 8.6629250e+01