X ; Y ; Z ; time ; Temperature 
3.500e+01 ; 8.000e-01 ; 2.800e+00 ; 0.0000000e+00 ; 2.4800000e+02 
3.500e+01 ; 8.000e-01 ; 2.800e+00 ; 1.0000000e-03 ; 2.4800000e+02 
3.500e+01 ; 8.000e-01 ; 2.800e+00 ; 2.0000001e-03 ; 2.4800000e+02 
3.500e+01 ; 8.000e-01 ; 2.800e+00 ; 3.0000000e-03 ; 2.4800000e+02 
3.500e+01 ; 8.000e-01 ; 2.800e+00 ; 4.9999999e-03 ; 2.4800000e+02 
3.500e+01 ; 8.000e-01 ; 2.800e+00 ; 8.9999996e-03 ; 2.4800000e+02 
3.500e+01 ; 8.000e-01 ; 2.800e+00 ; 1.7000001e-02 ; 2.4800000e+02 
3.500e+01 ; 8.000e-01 ; 2.800e+00 ; 3.3000000e-02 ; 2.4800000e+02 
3.500e+01 ; 8.000e-01 ; 2.800e+00 ; 6.4999998e-02 ; 2.4800000e+02 
3.500e+01 ; 8.000e-01 ; 2.800e+00 ; 1.2899999e-01 ; 2.4800000e+02 
3.500e+01 ; 8.000e-01 ; 2.800e+00 ; 2.5700000e-01 ; 2.4800000e+02 
3.500e+01 ; 8.000e-01 ; 2.800e+00 ; 5.1300001e-01 ; 2.4800000e+02 
3.500e+01 ; 8.000e-01 ; 2.800e+00 ; 1.0000000e+00 ; 2.4800000e+02 
3.500e+01 ; 8.000e-01 ; 2.800e+00 ; 1.0000000e+00 ; 2.4800000e+02 
3.500e+01 ; 8.000e-01 ; 2.800e+00 ; 1.0010000e+00 ; 2.4800000e+02 
3.500e+01 ; 8.000e-01 ; 2.800e+00 ; 1.0020000e+00 ; 2.4800000e+02 
3.500e+01 ; 8.000e-01 ; 2.800e+00 ; 1.0030000e+00 ; 2.4800000e+02 
3.500e+01 ; 8.000e-01 ; 2.800e+00 ; 1.0050000e+00 ; 2.4800000e+02 
3.500e+01 ; 8.000e-01 ; 2.800e+00 ; 1.0090000e+00 ; 2.4800000e+02 
3.500e+01 ; 8.000e-01 ; 2.800e+00 ; 1.0170000e+00 ; 2.4800000e+02 
3.500e+01 ; 8.000e-01 ; 2.800e+00 ; 1.0330000e+00 ; 2.4800000e+02 
3.500e+01 ; 8.000e-01 ; 2.800e+00 ; 1.0650000e+00 ; 2.4800000e+02 
3.500e+01 ; 8.000e-01 ; 2.800e+00 ; 1.1290000e+00 ; 2.4800000e+02 
3.500e+01 ; 8.000e-01 ; 2.800e+00 ; 1.2570000e+00 ; 2.4800000e+02 
3.500e+01 ; 8.000e-01 ; 2.800e+00 ; 1.5130000e+00 ; 2.4800000e+02 
3.500e+01 ; 8.000e-01 ; 2.800e+00 ; 2.0000000e+00 ; 2.4800000e+02 
3.500e+01 ; 8.000e-01 ; 2.800e+00 ; 2.0000000e+00 ; 2.4800000e+02 
3.500e+01 ; 8.000e-01 ; 2.800e+00 ; 2.0010000e+00 ; 2.4800000e+02 
3.500e+01 ; 8.000e-01 ; 2.800e+00 ; 2.0020000e+00 ; 2.4800000e+02 
3.500e+01 ; 8.000e-01 ; 2.800e+00 ; 2.0030000e+00 ; 2.4800000e+02 
3.500e+01 ; 8.000e-01 ; 2.800e+00 ; 2.0050000e+00 ; 2.4800000e+02 
3.500e+01 ; 8.000e-01 ; 2.800e+00 ; 2.0090000e+00 ; 2.4800000e+02 
3.500e+01 ; 8.000e-01 ; 2.800e+00 ; 2.0170000e+00 ; 2.4800000e+02 
3.500e+01 ; 8.000e-01 ; 2.800e+00 ; 2.0330000e+00 ; 2.4800000e+02 
3.500e+01 ; 8.000e-01 ; 2.800e+00 ; 2.0650000e+00 ; 2.4800000e+02 
3.500e+01 ; 8.000e-01 ; 2.800e+00 ; 2.1290000e+00 ; 2.4800000e+02 
3.500e+01 ; 8.000e-01 ; 2.800e+00 ; 2.2570000e+00 ; 2.4800000e+02 
3.500e+01 ; 8.000e-01 ; 2.800e+00 ; 2.5130000e+00 ; 2.4800000e+02 
3.500e+01 ; 8.000e-01 ; 2.800e+00 ; 3.0000000e+00 ; 2.4800000e+02 
3.500e+01 ; 8.000e-01 ; 2.800e+00 ; 3.0000000e+00 ; 2.4800000e+02 
3.500e+01 ; 8.000e-01 ; 2.800e+00 ; 3.0010000e+00 ; 2.4800000e+02 
3.500e+01 ; 8.000e-01 ; 2.800e+00 ; 3.0020000e+00 ; 2.4800000e+02 
3.500e+01 ; 8.000e-01 ; 2.800e+00 ; 3.0030000e+00 ; 2.4800000e+02 
3.500e+01 ; 8.000e-01 ; 2.800e+00 ; 3.0050000e+00 ; 2.4800000e+02 
3.500e+01 ; 8.000e-01 ; 2.800e+00 ; 3.0090000e+00 ; 2.4800000e+02 
3.500e+01 ; 8.000e-01 ; 2.800e+00 ; 3.0170000e+00 ; 2.4800000e+02 
3.500e+01 ; 8.000e-01 ; 2.800e+00 ; 3.0330000e+00 ; 2.4800000e+02 
3.500e+01 ; 8.000e-01 ; 2.800e+00 ; 3.0650000e+00 ; 2.4800000e+02 
3.500e+01 ; 8.000e-01 ; 2.800e+00 ; 3.1290000e+00 ; 2.4800000e+02 
3.500e+01 ; 8.000e-01 ; 2.800e+00 ; 3.2570000e+00 ; 2.4800000e+02 
3.500e+01 ; 8.000e-01 ; 2.800e+00 ; 3.5130000e+00 ; 2.4800000e+02 
3.500e+01 ; 8.000e-01 ; 2.800e+00 ; 4.0000000e+00 ; 2.4800000e+02 
3.500e+01 ; 8.000e-01 ; 2.800e+00 ; 4.0000000e+00 ; 2.4800000e+02 
3.500e+01 ; 8.000e-01 ; 2.800e+00 ; 4.0010000e+00 ; 2.4800000e+02 
3.500e+01 ; 8.000e-01 ; 2.800e+00 ; 4.0020000e+00 ; 2.4800000e+02 
3.500e+01 ; 8.000e-01 ; 2.800e+00 ; 4.0030000e+00 ; 2.4800000e+02 
3.500e+01 ; 8.000e-01 ; 2.800e+00 ; 4.0050000e+00 ; 2.4800000e+02 
3.500e+01 ; 8.000e-01 ; 2.800e+00 ; 4.0090000e+00 ; 2.4800000e+02 
3.500e+01 ; 8.000e-01 ; 2.800e+00 ; 4.0170000e+00 ; 2.4800000e+02 
3.500e+01 ; 8.000e-01 ; 2.800e+00 ; 4.0330000e+00 ; 2.4800000e+02 
3.500e+01 ; 8.000e-01 ; 2.800e+00 ; 4.0650000e+00 ; 2.4800000e+02 
3.500e+01 ; 8.000e-01 ; 2.800e+00 ; 4.1290000e+00 ; 2.4800000e+02 
3.500e+01 ; 8.000e-01 ; 2.800e+00 ; 4.2570000e+00 ; 2.4800000e+02 
3.500e+01 ; 8.000e-01 ; 2.800e+00 ; 4.5130000e+00 ; 2.4800000e+02 
3.500e+01 ; 8.000e-01 ; 2.800e+00 ; 5.0000000e+00 ; 2.4800000e+02 
3.500e+01 ; 8.000e-01 ; 2.800e+00 ; 5.0000000e+00 ; 2.4800000e+02 
3.500e+01 ; 8.000e-01 ; 2.800e+00 ; 5.0010000e+00 ; 2.4800000e+02 
3.500e+01 ; 8.000e-01 ; 2.800e+00 ; 5.0020000e+00 ; 2.4800000e+02 
3.500e+01 ; 8.000e-01 ; 2.800e+00 ; 5.0030000e+00 ; 2.4800000e+02 
3.500e+01 ; 8.000e-01 ; 2.800e+00 ; 5.0050000e+00 ; 2.4800000e+02 
3.500e+01 ; 8.000e-01 ; 2.800e+00 ; 5.0090000e+00 ; 2.4800000e+02 
3.500e+01 ; 8.000e-01 ; 2.800e+00 ; 5.0170000e+00 ; 2.4800000e+02 
3.500e+01 ; 8.000e-01 ; 2.800e+00 ; 5.0330000e+00 ; 2.4800000e+02 
3.500e+01 ; 8.000e-01 ; 2.800e+00 ; 5.0650000e+00 ; 2.4800000e+02 
3.500e+01 ; 8.000e-01 ; 2.800e+00 ; 5.1290000e+00 ; 2.4800000e+02 
3.500e+01 ; 8.000e-01 ; 2.800e+00 ; 5.2570000e+00 ; 2.4800000e+02 
3.500e+01 ; 8.000e-01 ; 2.800e+00 ; 5.5130000e+00 ; 2.4800000e+02 
3.500e+01 ; 8.000e-01 ; 2.800e+00 ; 6.0000000e+00 ; 2.4800000e+02 
3.500e+01 ; 8.000e-01 ; 2.800e+00 ; 6.0000000e+00 ; 2.4800000e+02 
3.500e+01 ; 8.000e-01 ; 2.800e+00 ; 6.0010000e+00 ; 2.4800000e+02 
3.500e+01 ; 8.000e-01 ; 2.800e+00 ; 6.0020000e+00 ; 2.4800000e+02 
3.500e+01 ; 8.000e-01 ; 2.800e+00 ; 6.0030000e+00 ; 2.4800000e+02 
3.500e+01 ; 8.000e-01 ; 2.800e+00 ; 6.0050000e+00 ; 2.4800000e+02 
3.500e+01 ; 8.000e-01 ; 2.800e+00 ; 6.0090000e+00 ; 2.4800000e+02 
3.500e+01 ; 8.000e-01 ; 2.800e+00 ; 6.0170000e+00 ; 2.4800000e+02 
3.500e+01 ; 8.000e-01 ; 2.800e+00 ; 6.0330000e+00 ; 2.4800000e+02 
3.500e+01 ; 8.000e-01 ; 2.800e+00 ; 6.0650000e+00 ; 2.4800000e+02 
3.500e+01 ; 8.000e-01 ; 2.800e+00 ; 6.1290000e+00 ; 2.4800000e+02 
3.500e+01 ; 8.000e-01 ; 2.800e+00 ; 6.2570000e+00 ; 2.4800000e+02 
3.500e+01 ; 8.000e-01 ; 2.800e+00 ; 6.5130000e+00 ; 2.4800000e+02 
3.500e+01 ; 8.000e-01 ; 2.800e+00 ; 7.0000000e+00 ; 2.4800000e+02 
3.500e+01 ; 8.000e-01 ; 2.800e+00 ; 7.0000000e+00 ; 2.4800000e+02 
3.500e+01 ; 8.000e-01 ; 2.800e+00 ; 7.0010000e+00 ; 2.4800000e+02 
3.500e+01 ; 8.000e-01 ; 2.800e+00 ; 7.0020000e+00 ; 2.4800000e+02 
3.500e+01 ; 8.000e-01 ; 2.800e+00 ; 7.0030000e+00 ; 2.4800000e+02 
3.500e+01 ; 8.000e-01 ; 2.800e+00 ; 7.0050000e+00 ; 2.4800000e+02 
3.500e+01 ; 8.000e-01 ; 2.800e+00 ; 7.0090000e+00 ; 2.4800000e+02 
3.500e+01 ; 8.000e-01 ; 2.800e+00 ; 7.0170000e+00 ; 2.4800000e+02 
3.500e+01 ; 8.000e-01 ; 2.800e+00 ; 7.0330000e+00 ; 2.4800000e+02 
3.500e+01 ; 8.000e-01 ; 2.800e+00 ; 7.0650000e+00 ; 2.4800000e+02 
3.500e+01 ; 8.000e-01 ; 2.800e+00 ; 7.1290000e+00 ; 2.4800000e+02 
3.500e+01 ; 8.000e-01 ; 2.800e+00 ; 7.2570000e+00 ; 2.4800000e+02 
3.500e+01 ; 8.000e-01 ; 2.800e+00 ; 7.5130000e+00 ; 2.4800000e+02 
3.500e+01 ; 8.000e-01 ; 2.800e+00 ; 8.0000000e+00 ; 2.4800000e+02 
3.500e+01 ; 8.000e-01 ; 2.800e+00 ; 8.0000000e+00 ; 2.4800000e+02 
3.500e+01 ; 8.000e-01 ; 2.800e+00 ; 8.0010000e+00 ; 2.4800000e+02 
3.500e+01 ; 8.000e-01 ; 2.800e+00 ; 8.0020000e+00 ; 2.4800000e+02 
3.500e+01 ; 8.000e-01 ; 2.800e+00 ; 8.0030000e+00 ; 2.4800000e+02 
3.500e+01 ; 8.000e-01 ; 2.800e+00 ; 8.0050000e+00 ; 2.4800000e+02 
3.500e+01 ; 8.000e-01 ; 2.800e+00 ; 8.0090000e+00 ; 2.4800000e+02 
3.500e+01 ; 8.000e-01 ; 2.800e+00 ; 8.0170000e+00 ; 2.4800000e+02 
3.500e+01 ; 8.000e-01 ; 2.800e+00 ; 8.0330000e+00 ; 2.4800000e+02 
3.500e+01 ; 8.000e-01 ; 2.800e+00 ; 8.0650000e+00 ; 2.4800000e+02 
3.500e+01 ; 8.000e-01 ; 2.800e+00 ; 8.1290000e+00 ; 2.4800000e+02 
3.500e+01 ; 8.000e-01 ; 2.800e+00 ; 8.2570000e+00 ; 2.4800000e+02 
3.500e+01 ; 8.000e-01 ; 2.800e+00 ; 8.5130000e+00 ; 2.4800000e+02 
3.500e+01 ; 8.000e-01 ; 2.800e+00 ; 9.0000000e+00 ; 2.4800000e+02 
3.500e+01 ; 8.000e-01 ; 2.800e+00 ; 9.0000000e+00 ; 2.4800000e+02 
3.500e+01 ; 8.000e-01 ; 2.800e+00 ; 9.0010000e+00 ; 2.4800000e+02 
3.500e+01 ; 8.000e-01 ; 2.800e+00 ; 9.0020000e+00 ; 2.4800000e+02 
3.500e+01 ; 8.000e-01 ; 2.800e+00 ; 9.0030000e+00 ; 2.4800000e+02 
3.500e+01 ; 8.000e-01 ; 2.800e+00 ; 9.0050000e+00 ; 2.4800000e+02 
3.500e+01 ; 8.000e-01 ; 2.800e+00 ; 9.0090000e+00 ; 2.4800000e+02 
3.500e+01 ; 8.000e-01 ; 2.800e+00 ; 9.0170000e+00 ; 2.4800000e+02 
3.500e+01 ; 8.000e-01 ; 2.800e+00 ; 9.0330000e+00 ; 2.4800000e+02 
3.500e+01 ; 8.000e-01 ; 2.800e+00 ; 9.0650000e+00 ; 2.4800000e+02 
3.500e+01 ; 8.000e-01 ; 2.800e+00 ; 9.1290000e+00 ; 2.4800000e+02 
3.500e+01 ; 8.000e-01 ; 2.800e+00 ; 9.2570000e+00 ; 2.4800000e+02 
3.500e+01 ; 8.000e-01 ; 2.800e+00 ; 9.5130000e+00 ; 2.4800000e+02 
3.500e+01 ; 8.000e-01 ; 2.800e+00 ; 1.0000000e+01 ; 2.4800000e+02 
3.500e+01 ; 8.000e-01 ; 2.800e+00 ; 1.0000000e+01 ; 2.4800000e+02 
3.500e+01 ; 8.000e-01 ; 2.800e+00 ; 1.0001000e+01 ; 2.4800000e+02 
3.500e+01 ; 8.000e-01 ; 2.800e+00 ; 1.0002000e+01 ; 2.4800000e+02 
3.500e+01 ; 8.000e-01 ; 2.800e+00 ; 1.0003000e+01 ; 2.4800000e+02 
3.500e+01 ; 8.000e-01 ; 2.800e+00 ; 1.0005000e+01 ; 2.4800000e+02 
3.500e+01 ; 8.000e-01 ; 2.800e+00 ; 1.0009000e+01 ; 2.4800000e+02 
3.500e+01 ; 8.000e-01 ; 2.800e+00 ; 1.0017000e+01 ; 2.4800000e+02 
3.500e+01 ; 8.000e-01 ; 2.800e+00 ; 1.0033000e+01 ; 2.4800000e+02 
3.500e+01 ; 8.000e-01 ; 2.800e+00 ; 1.0065000e+01 ; 2.4800000e+02 
3.500e+01 ; 8.000e-01 ; 2.800e+00 ; 1.0129000e+01 ; 2.4800000e+02 
3.500e+01 ; 8.000e-01 ; 2.800e+00 ; 1.0257000e+01 ; 2.4800000e+02 
3.500e+01 ; 8.000e-01 ; 2.800e+00 ; 1.0513000e+01 ; 2.4800000e+02 
3.500e+01 ; 8.000e-01 ; 2.800e+00 ; 1.1000000e+01 ; 2.4800000e+02 
3.500e+01 ; 8.000e-01 ; 2.800e+00 ; 1.1000000e+01 ; 2.4800000e+02 
3.500e+01 ; 8.000e-01 ; 2.800e+00 ; 1.1001000e+01 ; 2.4800000e+02 
3.500e+01 ; 8.000e-01 ; 2.800e+00 ; 1.1002000e+01 ; 2.4800000e+02 
3.500e+01 ; 8.000e-01 ; 2.800e+00 ; 1.1003000e+01 ; 2.4800000e+02 
3.500e+01 ; 8.000e-01 ; 2.800e+00 ; 1.1005000e+01 ; 2.4800000e+02 
3.500e+01 ; 8.000e-01 ; 2.800e+00 ; 1.1009000e+01 ; 2.4800000e+02 
3.500e+01 ; 8.000e-01 ; 2.800e+00 ; 1.1017000e+01 ; 2.4800000e+02 
3.500e+01 ; 8.000e-01 ; 2.800e+00 ; 1.1033000e+01 ; 2.4800000e+02 
3.500e+01 ; 8.000e-01 ; 2.800e+00 ; 1.1065000e+01 ; 2.4800000e+02 
3.500e+01 ; 8.000e-01 ; 2.800e+00 ; 1.1129000e+01 ; 2.4800000e+02 
3.500e+01 ; 8.000e-01 ; 2.800e+00 ; 1.1257000e+01 ; 2.4800000e+02 
3.500e+01 ; 8.000e-01 ; 2.800e+00 ; 1.1513000e+01 ; 2.4800000e+02 
3.500e+01 ; 8.000e-01 ; 2.800e+00 ; 1.2000000e+01 ; 2.4800000e+02 
3.500e+01 ; 8.000e-01 ; 2.800e+00 ; 1.2000000e+01 ; 2.4800000e+02 
3.500e+01 ; 8.000e-01 ; 2.800e+00 ; 1.2001000e+01 ; 2.4800000e+02 
3.500e+01 ; 8.000e-01 ; 2.800e+00 ; 1.2002000e+01 ; 2.4800000e+02 
3.500e+01 ; 8.000e-01 ; 2.800e+00 ; 1.2003000e+01 ; 2.4800000e+02 
3.500e+01 ; 8.000e-01 ; 2.800e+00 ; 1.2005000e+01 ; 2.4800000e+02 
3.500e+01 ; 8.000e-01 ; 2.800e+00 ; 1.2009000e+01 ; 2.4800000e+02 
3.500e+01 ; 8.000e-01 ; 2.800e+00 ; 1.2017000e+01 ; 2.4800000e+02 
3.500e+01 ; 8.000e-01 ; 2.800e+00 ; 1.2033000e+01 ; 2.4800000e+02 
3.500e+01 ; 8.000e-01 ; 2.800e+00 ; 1.2065000e+01 ; 2.4800000e+02 
3.500e+01 ; 8.000e-01 ; 2.800e+00 ; 1.2129000e+01 ; 2.4800000e+02 
3.500e+01 ; 8.000e-01 ; 2.800e+00 ; 1.2257000e+01 ; 2.4800000e+02 
3.500e+01 ; 8.000e-01 ; 2.800e+00 ; 1.2513000e+01 ; 2.4800000e+02 
3.500e+01 ; 8.000e-01 ; 2.800e+00 ; 1.3000000e+01 ; 2.4800000e+02 
3.500e+01 ; 8.000e-01 ; 2.800e+00 ; 1.3000000e+01 ; 2.4800000e+02 
3.500e+01 ; 8.000e-01 ; 2.800e+00 ; 1.3001000e+01 ; 2.4800000e+02 
3.500e+01 ; 8.000e-01 ; 2.800e+00 ; 1.3002000e+01 ; 2.4800000e+02 
3.500e+01 ; 8.000e-01 ; 2.800e+00 ; 1.3003000e+01 ; 2.4800000e+02 
3.500e+01 ; 8.000e-01 ; 2.800e+00 ; 1.3005000e+01 ; 2.4800000e+02 
3.500e+01 ; 8.000e-01 ; 2.800e+00 ; 1.3009000e+01 ; 2.4800000e+02 
3.500e+01 ; 8.000e-01 ; 2.800e+00 ; 1.3017000e+01 ; 2.4800000e+02 
3.500e+01 ; 8.000e-01 ; 2.800e+00 ; 1.3033000e+01 ; 2.4800000e+02 
3.500e+01 ; 8.000e-01 ; 2.800e+00 ; 1.3065000e+01 ; 2.4800000e+02 
3.500e+01 ; 8.000e-01 ; 2.800e+00 ; 1.3129000e+01 ; 2.4800000e+02 
3.500e+01 ; 8.000e-01 ; 2.800e+00 ; 1.3257000e+01 ; 2.4800000e+02 
3.500e+01 ; 8.000e-01 ; 2.800e+00 ; 1.3513000e+01 ; 2.4800000e+02 
3.500e+01 ; 8.000e-01 ; 2.800e+00 ; 1.4000000e+01 ; 2.4800000e+02 
3.500e+01 ; 8.000e-01 ; 2.800e+00 ; 1.4000000e+01 ; 2.4800000e+02 
3.500e+01 ; 8.000e-01 ; 2.800e+00 ; 1.4001000e+01 ; 2.4800000e+02 
3.500e+01 ; 8.000e-01 ; 2.800e+00 ; 1.4002000e+01 ; 2.4800000e+02 
3.500e+01 ; 8.000e-01 ; 2.800e+00 ; 1.4003000e+01 ; 2.4800000e+02 
3.500e+01 ; 8.000e-01 ; 2.800e+00 ; 1.4005000e+01 ; 2.4800000e+02 
3.500e+01 ; 8.000e-01 ; 2.800e+00 ; 1.4009000e+01 ; 2.4800000e+02 
3.500e+01 ; 8.000e-01 ; 2.800e+00 ; 1.4017000e+01 ; 2.4800000e+02 
3.500e+01 ; 8.000e-01 ; 2.800e+00 ; 1.4033000e+01 ; 2.4800000e+02 
3.500e+01 ; 8.000e-01 ; 2.800e+00 ; 1.4065000e+01 ; 2.4800000e+02 
3.500e+01 ; 8.000e-01 ; 2.800e+00 ; 1.4129000e+01 ; 2.4800000e+02 
3.500e+01 ; 8.000e-01 ; 2.800e+00 ; 1.4257000e+01 ; 2.4800000e+02 
3.500e+01 ; 8.000e-01 ; 2.800e+00 ; 1.4513000e+01 ; 2.4800000e+02 
3.500e+01 ; 8.000e-01 ; 2.800e+00 ; 1.5000000e+01 ; 2.4800000e+02 
3.500e+01 ; 8.000e-01 ; 2.800e+00 ; 1.5000000e+01 ; 2.4800000e+02 
3.500e+01 ; 8.000e-01 ; 2.800e+00 ; 1.5001000e+01 ; 2.4800000e+02 
3.500e+01 ; 8.000e-01 ; 2.800e+00 ; 1.5002000e+01 ; 2.4800000e+02 
3.500e+01 ; 8.000e-01 ; 2.800e+00 ; 1.5003000e+01 ; 2.4800000e+02 
3.500e+01 ; 8.000e-01 ; 2.800e+00 ; 1.5005000e+01 ; 2.4800000e+02 
3.500e+01 ; 8.000e-01 ; 2.800e+00 ; 1.5009000e+01 ; 2.4800000e+02 
3.500e+01 ; 8.000e-01 ; 2.800e+00 ; 1.5017000e+01 ; 2.4800000e+02 
3.500e+01 ; 8.000e-01 ; 2.800e+00 ; 1.5033000e+01 ; 2.4800000e+02 
3.500e+01 ; 8.000e-01 ; 2.800e+00 ; 1.5065000e+01 ; 2.4800000e+02 
3.500e+01 ; 8.000e-01 ; 2.800e+00 ; 1.5129000e+01 ; 2.4800000e+02 
3.500e+01 ; 8.000e-01 ; 2.800e+00 ; 1.5257000e+01 ; 2.4800000e+02 
3.500e+01 ; 8.000e-01 ; 2.800e+00 ; 1.5513000e+01 ; 2.4800000e+02 
3.500e+01 ; 8.000e-01 ; 2.800e+00 ; 1.6000000e+01 ; 2.4800000e+02 
3.500e+01 ; 8.000e-01 ; 2.800e+00 ; 1.6000000e+01 ; 2.4800000e+02 
3.500e+01 ; 8.000e-01 ; 2.800e+00 ; 1.6001000e+01 ; 2.4800000e+02 
3.500e+01 ; 8.000e-01 ; 2.800e+00 ; 1.6002000e+01 ; 2.4800000e+02 
3.500e+01 ; 8.000e-01 ; 2.800e+00 ; 1.6003000e+01 ; 2.4800000e+02 
3.500e+01 ; 8.000e-01 ; 2.800e+00 ; 1.6005000e+01 ; 2.4800000e+02 
3.500e+01 ; 8.000e-01 ; 2.800e+00 ; 1.6009000e+01 ; 2.4800000e+02 
3.500e+01 ; 8.000e-01 ; 2.800e+00 ; 1.6017000e+01 ; 2.4800000e+02 
3.500e+01 ; 8.000e-01 ; 2.800e+00 ; 1.6033000e+01 ; 2.4800000e+02 
3.500e+01 ; 8.000e-01 ; 2.800e+00 ; 1.6065000e+01 ; 2.4800000e+02 
3.500e+01 ; 8.000e-01 ; 2.800e+00 ; 1.6129000e+01 ; 2.4800000e+02 
3.500e+01 ; 8.000e-01 ; 2.800e+00 ; 1.6257000e+01 ; 2.4800000e+02 
3.500e+01 ; 8.000e-01 ; 2.800e+00 ; 1.6513000e+01 ; 2.4800000e+02 
3.500e+01 ; 8.000e-01 ; 2.800e+00 ; 1.7000000e+01 ; 2.4800000e+02 
3.500e+01 ; 8.000e-01 ; 2.800e+00 ; 1.7000000e+01 ; 2.4800000e+02 
3.500e+01 ; 8.000e-01 ; 2.800e+00 ; 1.7001000e+01 ; 2.4800000e+02 
3.500e+01 ; 8.000e-01 ; 2.800e+00 ; 1.7002000e+01 ; 2.4800000e+02 
3.500e+01 ; 8.000e-01 ; 2.800e+00 ; 1.7003000e+01 ; 2.4800000e+02 
3.500e+01 ; 8.000e-01 ; 2.800e+00 ; 1.7005000e+01 ; 2.4800000e+02 
3.500e+01 ; 8.000e-01 ; 2.800e+00 ; 1.7009000e+01 ; 2.4800000e+02 
3.500e+01 ; 8.000e-01 ; 2.800e+00 ; 1.7017000e+01 ; 2.4800000e+02 
3.500e+01 ; 8.000e-01 ; 2.800e+00 ; 1.7033000e+01 ; 2.4800000e+02 
3.500e+01 ; 8.000e-01 ; 2.800e+00 ; 1.7065000e+01 ; 2.4800000e+02 
3.500e+01 ; 8.000e-01 ; 2.800e+00 ; 1.7129000e+01 ; 2.4800000e+02 
3.500e+01 ; 8.000e-01 ; 2.800e+00 ; 1.7257000e+01 ; 2.4800000e+02 
3.500e+01 ; 8.000e-01 ; 2.800e+00 ; 1.7513000e+01 ; 2.4800000e+02 
3.500e+01 ; 8.000e-01 ; 2.800e+00 ; 1.8000000e+01 ; 2.4800000e+02 
3.500e+01 ; 8.000e-01 ; 2.800e+00 ; 1.8000000e+01 ; 2.4800000e+02 
3.500e+01 ; 8.000e-01 ; 2.800e+00 ; 1.8001000e+01 ; 2.4800000e+02 
3.500e+01 ; 8.000e-01 ; 2.800e+00 ; 1.8002000e+01 ; 2.4800000e+02 
3.500e+01 ; 8.000e-01 ; 2.800e+00 ; 1.8003000e+01 ; 2.4800000e+02 
3.500e+01 ; 8.000e-01 ; 2.800e+00 ; 1.8005000e+01 ; 2.4800000e+02 
3.500e+01 ; 8.000e-01 ; 2.800e+00 ; 1.8009000e+01 ; 2.4800000e+02 
3.500e+01 ; 8.000e-01 ; 2.800e+00 ; 1.8017000e+01 ; 2.4800000e+02 
3.500e+01 ; 8.000e-01 ; 2.800e+00 ; 1.8033000e+01 ; 2.4800000e+02 
3.500e+01 ; 8.000e-01 ; 2.800e+00 ; 1.8065000e+01 ; 2.4800000e+02 
3.500e+01 ; 8.000e-01 ; 2.800e+00 ; 1.8129000e+01 ; 2.4800000e+02 
3.500e+01 ; 8.000e-01 ; 2.800e+00 ; 1.8257000e+01 ; 2.4800000e+02 
3.500e+01 ; 8.000e-01 ; 2.800e+00 ; 1.8513000e+01 ; 2.4800000e+02 
3.500e+01 ; 8.000e-01 ; 2.800e+00 ; 1.9000000e+01 ; 2.4800000e+02 
3.500e+01 ; 8.000e-01 ; 2.800e+00 ; 1.9000000e+01 ; 2.4800000e+02 
3.500e+01 ; 8.000e-01 ; 2.800e+00 ; 1.9001000e+01 ; 2.4800000e+02 
3.500e+01 ; 8.000e-01 ; 2.800e+00 ; 1.9002000e+01 ; 2.4800000e+02 
3.500e+01 ; 8.000e-01 ; 2.800e+00 ; 1.9003000e+01 ; 2.4800000e+02 
3.500e+01 ; 8.000e-01 ; 2.800e+00 ; 1.9005000e+01 ; 2.4800000e+02 
3.500e+01 ; 8.000e-01 ; 2.800e+00 ; 1.9009000e+01 ; 2.4800000e+02 
3.500e+01 ; 8.000e-01 ; 2.800e+00 ; 1.9017000e+01 ; 2.4800000e+02 
3.500e+01 ; 8.000e-01 ; 2.800e+00 ; 1.9033000e+01 ; 2.4800000e+02 
3.500e+01 ; 8.000e-01 ; 2.800e+00 ; 1.9065000e+01 ; 2.4800000e+02 
3.500e+01 ; 8.000e-01 ; 2.800e+00 ; 1.9129000e+01 ; 2.4800000e+02 
3.500e+01 ; 8.000e-01 ; 2.800e+00 ; 1.9257000e+01 ; 2.4800000e+02 
3.500e+01 ; 8.000e-01 ; 2.800e+00 ; 1.9513000e+01 ; 2.4800000e+02 
3.500e+01 ; 8.000e-01 ; 2.800e+00 ; 2.0000000e+01 ; 2.4800000e+02 
3.500e+01 ; 8.000e-01 ; 2.800e+00 ; 2.0000000e+01 ; 2.4800000e+02 
3.500e+01 ; 8.000e-01 ; 2.800e+00 ; 2.0001000e+01 ; 2.4800000e+02 
3.500e+01 ; 8.000e-01 ; 2.800e+00 ; 2.0002000e+01 ; 2.4800000e+02 
3.500e+01 ; 8.000e-01 ; 2.800e+00 ; 2.0003000e+01 ; 2.4800000e+02 
3.500e+01 ; 8.000e-01 ; 2.800e+00 ; 2.0005000e+01 ; 2.4800000e+02 
3.500e+01 ; 8.000e-01 ; 2.800e+00 ; 2.0009000e+01 ; 2.4800000e+02 
3.500e+01 ; 8.000e-01 ; 2.800e+00 ; 2.0017000e+01 ; 2.4800000e+02 
3.500e+01 ; 8.000e-01 ; 2.800e+00 ; 2.0033000e+01 ; 2.4800000e+02 
3.500e+01 ; 8.000e-01 ; 2.800e+00 ; 2.0065000e+01 ; 2.4800000e+02 
3.500e+01 ; 8.000e-01 ; 2.800e+00 ; 2.0129000e+01 ; 2.4800000e+02 
3.500e+01 ; 8.000e-01 ; 2.800e+00 ; 2.0257000e+01 ; 2.4800000e+02 
3.500e+01 ; 8.000e-01 ; 2.800e+00 ; 2.0513000e+01 ; 2.4800000e+02 
3.500e+01 ; 8.000e-01 ; 2.800e+00 ; 2.1000000e+01 ; 2.4800000e+02 
3.500e+01 ; 8.000e-01 ; 2.800e+00 ; 2.1000000e+01 ; 2.4800000e+02 
3.500e+01 ; 8.000e-01 ; 2.800e+00 ; 2.1001000e+01 ; 2.4800000e+02 
3.500e+01 ; 8.000e-01 ; 2.800e+00 ; 2.1002000e+01 ; 2.4800000e+02 
3.500e+01 ; 8.000e-01 ; 2.800e+00 ; 2.1003000e+01 ; 2.4800000e+02 
3.500e+01 ; 8.000e-01 ; 2.800e+00 ; 2.1005000e+01 ; 2.4800000e+02 
3.500e+01 ; 8.000e-01 ; 2.800e+00 ; 2.1009000e+01 ; 2.4800000e+02 
3.500e+01 ; 8.000e-01 ; 2.800e+00 ; 2.1017000e+01 ; 2.4800000e+02 
3.500e+01 ; 8.000e-01 ; 2.800e+00 ; 2.1033000e+01 ; 2.4800000e+02 
3.500e+01 ; 8.000e-01 ; 2.800e+00 ; 2.1065000e+01 ; 2.4800000e+02 
3.500e+01 ; 8.000e-01 ; 2.800e+00 ; 2.1129000e+01 ; 2.4800000e+02 
3.500e+01 ; 8.000e-01 ; 2.800e+00 ; 2.1257000e+01 ; 2.4800000e+02 
3.500e+01 ; 8.000e-01 ; 2.800e+00 ; 2.1513000e+01 ; 2.4800000e+02 
3.500e+01 ; 8.000e-01 ; 2.800e+00 ; 2.2000000e+01 ; 2.4800000e+02 
3.500e+01 ; 8.000e-01 ; 2.800e+00 ; 2.2000000e+01 ; 2.4800000e+02 
3.500e+01 ; 8.000e-01 ; 2.800e+00 ; 2.2001000e+01 ; 2.4800000e+02 
3.500e+01 ; 8.000e-01 ; 2.800e+00 ; 2.2002000e+01 ; 2.4800000e+02 
3.500e+01 ; 8.000e-01 ; 2.800e+00 ; 2.2003000e+01 ; 2.4800000e+02 
3.500e+01 ; 8.000e-01 ; 2.800e+00 ; 2.2005000e+01 ; 2.4800000e+02 
3.500e+01 ; 8.000e-01 ; 2.800e+00 ; 2.2009000e+01 ; 2.4800000e+02 
3.500e+01 ; 8.000e-01 ; 2.800e+00 ; 2.2017000e+01 ; 2.4800000e+02 
3.500e+01 ; 8.000e-01 ; 2.800e+00 ; 2.2033000e+01 ; 2.4800000e+02 
3.500e+01 ; 8.000e-01 ; 2.800e+00 ; 2.2065000e+01 ; 2.4800000e+02 
3.500e+01 ; 8.000e-01 ; 2.800e+00 ; 2.2129000e+01 ; 2.4800000e+02 
3.500e+01 ; 8.000e-01 ; 2.800e+00 ; 2.2257000e+01 ; 2.4800000e+02 
3.500e+01 ; 8.000e-01 ; 2.800e+00 ; 2.2513000e+01 ; 2.4800000e+02 
3.500e+01 ; 8.000e-01 ; 2.800e+00 ; 2.3000000e+01 ; 2.4800000e+02 
3.500e+01 ; 8.000e-01 ; 2.800e+00 ; 2.3000000e+01 ; 2.4800000e+02 
3.500e+01 ; 8.000e-01 ; 2.800e+00 ; 2.3001000e+01 ; 2.4800000e+02 
3.500e+01 ; 8.000e-01 ; 2.800e+00 ; 2.3002000e+01 ; 2.4800000e+02 
3.500e+01 ; 8.000e-01 ; 2.800e+00 ; 2.3003000e+01 ; 2.4800000e+02 
3.500e+01 ; 8.000e-01 ; 2.800e+00 ; 2.3005000e+01 ; 2.4800000e+02 
3.500e+01 ; 8.000e-01 ; 2.800e+00 ; 2.3009000e+01 ; 2.4800000e+02 
3.500e+01 ; 8.000e-01 ; 2.800e+00 ; 2.3017000e+01 ; 2.4800000e+02 
3.500e+01 ; 8.000e-01 ; 2.800e+00 ; 2.3033000e+01 ; 2.4800000e+02 
3.500e+01 ; 8.000e-01 ; 2.800e+00 ; 2.3065000e+01 ; 2.4800000e+02 
3.500e+01 ; 8.000e-01 ; 2.800e+00 ; 2.3129000e+01 ; 2.4800000e+02 
3.500e+01 ; 8.000e-01 ; 2.800e+00 ; 2.3257000e+01 ; 2.4800000e+02 
3.500e+01 ; 8.000e-01 ; 2.800e+00 ; 2.3513000e+01 ; 2.4800000e+02 
3.500e+01 ; 8.000e-01 ; 2.800e+00 ; 2.4000000e+01 ; 2.4800000e+02 
3.500e+01 ; 8.000e-01 ; 2.800e+00 ; 2.4000000e+01 ; 2.4800000e+02 
3.500e+01 ; 8.000e-01 ; 2.800e+00 ; 2.4001000e+01 ; 2.4800000e+02 
3.500e+01 ; 8.000e-01 ; 2.800e+00 ; 2.4002000e+01 ; 2.4800000e+02 
3.500e+01 ; 8.000e-01 ; 2.800e+00 ; 2.4003000e+01 ; 2.4800000e+02 
3.500e+01 ; 8.000e-01 ; 2.800e+00 ; 2.4005000e+01 ; 2.4800000e+02 
3.500e+01 ; 8.000e-01 ; 2.800e+00 ; 2.4009000e+01 ; 2.4800000e+02 
3.500e+01 ; 8.000e-01 ; 2.800e+00 ; 2.4017000e+01 ; 2.4800000e+02 
3.500e+01 ; 8.000e-01 ; 2.800e+00 ; 2.4033000e+01 ; 2.4800000e+02 
3.500e+01 ; 8.000e-01 ; 2.800e+00 ; 2.4065000e+01 ; 2.4800000e+02 
3.500e+01 ; 8.000e-01 ; 2.800e+00 ; 2.4129000e+01 ; 2.4800000e+02 
3.500e+01 ; 8.000e-01 ; 2.800e+00 ; 2.4257000e+01 ; 2.4800000e+02 
3.500e+01 ; 8.000e-01 ; 2.800e+00 ; 2.4513000e+01 ; 2.4800000e+02 
3.500e+01 ; 8.000e-01 ; 2.800e+00 ; 2.5000000e+01 ; 2.4800000e+02 
3.500e+01 ; 8.000e-01 ; 2.800e+00 ; 2.5000000e+01 ; 2.4800000e+02 
3.500e+01 ; 8.000e-01 ; 2.800e+00 ; 2.5001000e+01 ; 2.4800000e+02 
3.500e+01 ; 8.000e-01 ; 2.800e+00 ; 2.5002000e+01 ; 2.4800000e+02 
3.500e+01 ; 8.000e-01 ; 2.800e+00 ; 2.5003000e+01 ; 2.4800000e+02 
3.500e+01 ; 8.000e-01 ; 2.800e+00 ; 2.5005000e+01 ; 2.4800000e+02 
3.500e+01 ; 8.000e-01 ; 2.800e+00 ; 2.5009000e+01 ; 2.4800000e+02 
3.500e+01 ; 8.000e-01 ; 2.800e+00 ; 2.5017000e+01 ; 2.4800000e+02 
3.500e+01 ; 8.000e-01 ; 2.800e+00 ; 2.5033000e+01 ; 2.4800000e+02 
3.500e+01 ; 8.000e-01 ; 2.800e+00 ; 2.5065000e+01 ; 2.4800000e+02 
3.500e+01 ; 8.000e-01 ; 2.800e+00 ; 2.5129000e+01 ; 2.4800000e+02 
3.500e+01 ; 8.000e-01 ; 2.800e+00 ; 2.5257000e+01 ; 2.4800000e+02 
3.500e+01 ; 8.000e-01 ; 2.800e+00 ; 2.5513000e+01 ; 2.4800000e+02 
3.500e+01 ; 8.000e-01 ; 2.800e+00 ; 2.6000000e+01 ; 2.4800000e+02 
3.500e+01 ; 8.000e-01 ; 2.800e+00 ; 2.6000000e+01 ; 2.4800000e+02 
3.500e+01 ; 8.000e-01 ; 2.800e+00 ; 2.6001000e+01 ; 2.4800000e+02 
3.500e+01 ; 8.000e-01 ; 2.800e+00 ; 2.6002000e+01 ; 2.4800000e+02 
3.500e+01 ; 8.000e-01 ; 2.800e+00 ; 2.6003000e+01 ; 2.4800000e+02 
3.500e+01 ; 8.000e-01 ; 2.800e+00 ; 2.6005000e+01 ; 2.4800000e+02 
3.500e+01 ; 8.000e-01 ; 2.800e+00 ; 2.6009000e+01 ; 2.4800000e+02 
3.500e+01 ; 8.000e-01 ; 2.800e+00 ; 2.6017000e+01 ; 2.4800000e+02 
3.500e+01 ; 8.000e-01 ; 2.800e+00 ; 2.6033000e+01 ; 2.4800000e+02 
3.500e+01 ; 8.000e-01 ; 2.800e+00 ; 2.6065000e+01 ; 2.4800000e+02 
3.500e+01 ; 8.000e-01 ; 2.800e+00 ; 2.6129000e+01 ; 2.4800000e+02 
3.500e+01 ; 8.000e-01 ; 2.800e+00 ; 2.6257000e+01 ; 2.4800000e+02 
3.500e+01 ; 8.000e-01 ; 2.800e+00 ; 2.6513000e+01 ; 2.4800000e+02 
3.500e+01 ; 8.000e-01 ; 2.800e+00 ; 2.7000000e+01 ; 2.4800000e+02 
3.500e+01 ; 8.000e-01 ; 2.800e+00 ; 2.7000000e+01 ; 2.4800000e+02 
3.500e+01 ; 8.000e-01 ; 2.800e+00 ; 2.7001000e+01 ; 2.4800000e+02 
3.500e+01 ; 8.000e-01 ; 2.800e+00 ; 2.7002000e+01 ; 2.4800000e+02 
3.500e+01 ; 8.000e-01 ; 2.800e+00 ; 2.7003000e+01 ; 2.4800000e+02 
3.500e+01 ; 8.000e-01 ; 2.800e+00 ; 2.7005000e+01 ; 2.4800000e+02 
3.500e+01 ; 8.000e-01 ; 2.800e+00 ; 2.7009000e+01 ; 2.4800000e+02 
3.500e+01 ; 8.000e-01 ; 2.800e+00 ; 2.7017000e+01 ; 2.4800000e+02 
3.500e+01 ; 8.000e-01 ; 2.800e+00 ; 2.7033000e+01 ; 2.4800000e+02 
3.500e+01 ; 8.000e-01 ; 2.800e+00 ; 2.7065000e+01 ; 2.4800000e+02 
3.500e+01 ; 8.000e-01 ; 2.800e+00 ; 2.7129000e+01 ; 2.4800000e+02 
3.500e+01 ; 8.000e-01 ; 2.800e+00 ; 2.7257000e+01 ; 2.4800000e+02 
3.500e+01 ; 8.000e-01 ; 2.800e+00 ; 2.7513000e+01 ; 2.4800000e+02 
3.500e+01 ; 8.000e-01 ; 2.800e+00 ; 2.8000000e+01 ; 2.4800000e+02 
3.500e+01 ; 8.000e-01 ; 2.800e+00 ; 2.8000000e+01 ; 2.4800000e+02 
3.500e+01 ; 8.000e-01 ; 2.800e+00 ; 2.8001000e+01 ; 2.4800000e+02 
3.500e+01 ; 8.000e-01 ; 2.800e+00 ; 2.8002000e+01 ; 2.4800000e+02 
3.500e+01 ; 8.000e-01 ; 2.800e+00 ; 2.8003000e+01 ; 2.4800000e+02 
3.500e+01 ; 8.000e-01 ; 2.800e+00 ; 2.8005000e+01 ; 2.4800000e+02 
3.500e+01 ; 8.000e-01 ; 2.800e+00 ; 2.8009000e+01 ; 2.4800000e+02 
3.500e+01 ; 8.000e-01 ; 2.800e+00 ; 2.8017000e+01 ; 2.4800000e+02 
3.500e+01 ; 8.000e-01 ; 2.800e+00 ; 2.8033000e+01 ; 2.4800000e+02 
3.500e+01 ; 8.000e-01 ; 2.800e+00 ; 2.8065000e+01 ; 2.4800000e+02 
3.500e+01 ; 8.000e-01 ; 2.800e+00 ; 2.8129000e+01 ; 2.4800000e+02 
3.500e+01 ; 8.000e-01 ; 2.800e+00 ; 2.8257000e+01 ; 2.4800000e+02 
3.500e+01 ; 8.000e-01 ; 2.800e+00 ; 2.8513000e+01 ; 2.4800000e+02 
3.500e+01 ; 8.000e-01 ; 2.800e+00 ; 2.9000000e+01 ; 2.4800000e+02 
3.500e+01 ; 8.000e-01 ; 2.800e+00 ; 2.9000000e+01 ; 2.4800000e+02 
3.500e+01 ; 8.000e-01 ; 2.800e+00 ; 2.9001000e+01 ; 2.4800000e+02 
3.500e+01 ; 8.000e-01 ; 2.800e+00 ; 2.9002000e+01 ; 2.4800000e+02 
3.500e+01 ; 8.000e-01 ; 2.800e+00 ; 2.9003000e+01 ; 2.4800000e+02 
3.500e+01 ; 8.000e-01 ; 2.800e+00 ; 2.9005000e+01 ; 2.4800000e+02 
3.500e+01 ; 8.000e-01 ; 2.800e+00 ; 2.9009000e+01 ; 2.4800000e+02 
3.500e+01 ; 8.000e-01 ; 2.800e+00 ; 2.9017000e+01 ; 2.4800000e+02 
3.500e+01 ; 8.000e-01 ; 2.800e+00 ; 2.9033000e+01 ; 2.4800000e+02 
3.500e+01 ; 8.000e-01 ; 2.800e+00 ; 2.9065000e+01 ; 2.4800000e+02 
3.500e+01 ; 8.000e-01 ; 2.800e+00 ; 2.9129000e+01 ; 2.4800000e+02 
3.500e+01 ; 8.000e-01 ; 2.800e+00 ; 2.9257000e+01 ; 2.4800000e+02 
3.500e+01 ; 8.000e-01 ; 2.800e+00 ; 2.9513000e+01 ; 2.4800000e+02 
3.500e+01 ; 8.000e-01 ; 2.800e+00 ; 3.0000000e+01 ; 2.4800000e+02 
3.500e+01 ; 8.000e-01 ; 2.800e+00 ; 3.0000000e+01 ; 2.4800000e+02 
3.500e+01 ; 8.000e-01 ; 2.800e+00 ; 3.0001000e+01 ; 2.4800000e+02 
3.500e+01 ; 8.000e-01 ; 2.800e+00 ; 3.0002000e+01 ; 2.4800000e+02 
3.500e+01 ; 8.000e-01 ; 2.800e+00 ; 3.0003000e+01 ; 2.4800000e+02 
3.500e+01 ; 8.000e-01 ; 2.800e+00 ; 3.0005000e+01 ; 2.4800000e+02 
3.500e+01 ; 8.000e-01 ; 2.800e+00 ; 3.0009000e+01 ; 2.4800000e+02 
3.500e+01 ; 8.000e-01 ; 2.800e+00 ; 3.0017000e+01 ; 2.4800000e+02 
3.500e+01 ; 8.000e-01 ; 2.800e+00 ; 3.0033000e+01 ; 2.4800000e+02 
3.500e+01 ; 8.000e-01 ; 2.800e+00 ; 3.0065000e+01 ; 2.4800000e+02 
3.500e+01 ; 8.000e-01 ; 2.800e+00 ; 3.0129000e+01 ; 2.4800000e+02 
3.500e+01 ; 8.000e-01 ; 2.800e+00 ; 3.0257000e+01 ; 2.4800000e+02 
3.500e+01 ; 8.000e-01 ; 2.800e+00 ; 3.0513000e+01 ; 2.4800000e+02 
3.500e+01 ; 8.000e-01 ; 2.800e+00 ; 3.1000000e+01 ; 2.4800000e+02 
3.500e+01 ; 8.000e-01 ; 2.800e+00 ; 3.1000000e+01 ; 2.4800000e+02 
3.500e+01 ; 8.000e-01 ; 2.800e+00 ; 3.1001000e+01 ; 2.4800000e+02 
3.500e+01 ; 8.000e-01 ; 2.800e+00 ; 3.1002000e+01 ; 2.4800000e+02 
3.500e+01 ; 8.000e-01 ; 2.800e+00 ; 3.1003000e+01 ; 2.4800000e+02 
3.500e+01 ; 8.000e-01 ; 2.800e+00 ; 3.1005000e+01 ; 2.4800000e+02 
3.500e+01 ; 8.000e-01 ; 2.800e+00 ; 3.1009000e+01 ; 2.4800000e+02 
3.500e+01 ; 8.000e-01 ; 2.800e+00 ; 3.1017000e+01 ; 2.4800000e+02 
3.500e+01 ; 8.000e-01 ; 2.800e+00 ; 3.1033000e+01 ; 2.4800000e+02 
3.500e+01 ; 8.000e-01 ; 2.800e+00 ; 3.1065000e+01 ; 2.4800000e+02 
3.500e+01 ; 8.000e-01 ; 2.800e+00 ; 3.1129000e+01 ; 2.4800000e+02 
3.500e+01 ; 8.000e-01 ; 2.800e+00 ; 3.1257000e+01 ; 2.4800000e+02 
3.500e+01 ; 8.000e-01 ; 2.800e+00 ; 3.1513000e+01 ; 2.4800000e+02 
3.500e+01 ; 8.000e-01 ; 2.800e+00 ; 3.2000000e+01 ; 2.4800000e+02 
3.500e+01 ; 8.000e-01 ; 2.800e+00 ; 3.2000000e+01 ; 2.4800000e+02 
3.500e+01 ; 8.000e-01 ; 2.800e+00 ; 3.2001000e+01 ; 2.4800000e+02 
3.500e+01 ; 8.000e-01 ; 2.800e+00 ; 3.2002000e+01 ; 2.4800000e+02 
3.500e+01 ; 8.000e-01 ; 2.800e+00 ; 3.2003000e+01 ; 2.4800000e+02 
3.500e+01 ; 8.000e-01 ; 2.800e+00 ; 3.2005000e+01 ; 2.4800000e+02 
3.500e+01 ; 8.000e-01 ; 2.800e+00 ; 3.2009000e+01 ; 2.4800000e+02 
3.500e+01 ; 8.000e-01 ; 2.800e+00 ; 3.2017000e+01 ; 2.4800000e+02 
3.500e+01 ; 8.000e-01 ; 2.800e+00 ; 3.2033000e+01 ; 2.4800000e+02 
3.500e+01 ; 8.000e-01 ; 2.800e+00 ; 3.2065000e+01 ; 2.4800000e+02 
3.500e+01 ; 8.000e-01 ; 2.800e+00 ; 3.2129000e+01 ; 2.4800000e+02 
3.500e+01 ; 8.000e-01 ; 2.800e+00 ; 3.2257000e+01 ; 2.4800000e+02 
3.500e+01 ; 8.000e-01 ; 2.800e+00 ; 3.2513000e+01 ; 2.4800000e+02 
3.500e+01 ; 8.000e-01 ; 2.800e+00 ; 3.3000000e+01 ; 2.4800000e+02 
3.500e+01 ; 8.000e-01 ; 2.800e+00 ; 3.3000000e+01 ; 2.4800000e+02 
3.500e+01 ; 8.000e-01 ; 2.800e+00 ; 3.3001000e+01 ; 2.4800000e+02 
3.500e+01 ; 8.000e-01 ; 2.800e+00 ; 3.3002000e+01 ; 2.4800000e+02 
3.500e+01 ; 8.000e-01 ; 2.800e+00 ; 3.3003000e+01 ; 2.4800000e+02 
3.500e+01 ; 8.000e-01 ; 2.800e+00 ; 3.3005000e+01 ; 2.4800000e+02 
3.500e+01 ; 8.000e-01 ; 2.800e+00 ; 3.3009000e+01 ; 2.4800000e+02 
3.500e+01 ; 8.000e-01 ; 2.800e+00 ; 3.3017000e+01 ; 2.4800000e+02 
3.500e+01 ; 8.000e-01 ; 2.800e+00 ; 3.3033000e+01 ; 2.4800000e+02 
3.500e+01 ; 8.000e-01 ; 2.800e+00 ; 3.3065000e+01 ; 2.4800000e+02 
3.500e+01 ; 8.000e-01 ; 2.800e+00 ; 3.3129000e+01 ; 2.4800000e+02 
3.500e+01 ; 8.000e-01 ; 2.800e+00 ; 3.3257000e+01 ; 2.4800000e+02 
3.500e+01 ; 8.000e-01 ; 2.800e+00 ; 3.3513000e+01 ; 2.4800000e+02 
3.500e+01 ; 8.000e-01 ; 2.800e+00 ; 3.4000000e+01 ; 2.4800000e+02 
3.500e+01 ; 8.000e-01 ; 2.800e+00 ; 3.4000000e+01 ; 2.4800000e+02 
3.500e+01 ; 8.000e-01 ; 2.800e+00 ; 3.4001000e+01 ; 2.4800000e+02 
3.500e+01 ; 8.000e-01 ; 2.800e+00 ; 3.4002000e+01 ; 2.4800000e+02 
3.500e+01 ; 8.000e-01 ; 2.800e+00 ; 3.4003000e+01 ; 2.4800000e+02 
3.500e+01 ; 8.000e-01 ; 2.800e+00 ; 3.4005000e+01 ; 2.4800000e+02 
3.500e+01 ; 8.000e-01 ; 2.800e+00 ; 3.4009000e+01 ; 2.4800000e+02 
3.500e+01 ; 8.000e-01 ; 2.800e+00 ; 3.4017000e+01 ; 2.4800000e+02 
3.500e+01 ; 8.000e-01 ; 2.800e+00 ; 3.4033000e+01 ; 2.4800000e+02 
3.500e+01 ; 8.000e-01 ; 2.800e+00 ; 3.4065000e+01 ; 2.4800000e+02 
3.500e+01 ; 8.000e-01 ; 2.800e+00 ; 3.4129000e+01 ; 2.4800000e+02 
3.500e+01 ; 8.000e-01 ; 2.800e+00 ; 3.4257000e+01 ; 2.4800000e+02 
3.500e+01 ; 8.000e-01 ; 2.800e+00 ; 3.4513000e+01 ; 2.4800000e+02 
3.500e+01 ; 8.000e-01 ; 2.800e+00 ; 3.5000000e+01 ; 2.4800000e+02 
3.500e+01 ; 8.000e-01 ; 2.800e+00 ; 3.5000000e+01 ; 2.4800000e+02 
3.500e+01 ; 8.000e-01 ; 2.800e+00 ; 3.5001000e+01 ; 2.4800000e+02 
3.500e+01 ; 8.000e-01 ; 2.800e+00 ; 3.5002000e+01 ; 2.4800000e+02 
3.500e+01 ; 8.000e-01 ; 2.800e+00 ; 3.5003000e+01 ; 2.4800000e+02 
3.500e+01 ; 8.000e-01 ; 2.800e+00 ; 3.5005000e+01 ; 2.4800000e+02 
3.500e+01 ; 8.000e-01 ; 2.800e+00 ; 3.5009000e+01 ; 2.4800000e+02 
3.500e+01 ; 8.000e-01 ; 2.800e+00 ; 3.5017000e+01 ; 2.4800000e+02 
3.500e+01 ; 8.000e-01 ; 2.800e+00 ; 3.5033000e+01 ; 2.4800000e+02 
3.500e+01 ; 8.000e-01 ; 2.800e+00 ; 3.5065000e+01 ; 2.4800000e+02 
3.500e+01 ; 8.000e-01 ; 2.800e+00 ; 3.5129000e+01 ; 2.4800000e+02 
3.500e+01 ; 8.000e-01 ; 2.800e+00 ; 3.5257000e+01 ; 2.4800000e+02 
3.500e+01 ; 8.000e-01 ; 2.800e+00 ; 3.5513000e+01 ; 2.4800000e+02 
3.500e+01 ; 8.000e-01 ; 2.800e+00 ; 3.6000000e+01 ; 2.4800000e+02 
3.500e+01 ; 8.000e-01 ; 2.800e+00 ; 3.6000000e+01 ; 2.4800000e+02 
3.500e+01 ; 8.000e-01 ; 2.800e+00 ; 3.6001000e+01 ; 2.4800000e+02 
3.500e+01 ; 8.000e-01 ; 2.800e+00 ; 3.6002000e+01 ; 2.4800000e+02 
3.500e+01 ; 8.000e-01 ; 2.800e+00 ; 3.6003000e+01 ; 2.4800000e+02 
3.500e+01 ; 8.000e-01 ; 2.800e+00 ; 3.6005000e+01 ; 2.4800000e+02 
3.500e+01 ; 8.000e-01 ; 2.800e+00 ; 3.6009000e+01 ; 2.4800000e+02 
3.500e+01 ; 8.000e-01 ; 2.800e+00 ; 3.6017000e+01 ; 2.4800000e+02 
3.500e+01 ; 8.000e-01 ; 2.800e+00 ; 3.6033000e+01 ; 2.4800000e+02 
3.500e+01 ; 8.000e-01 ; 2.800e+00 ; 3.6065000e+01 ; 2.4800000e+02 
3.500e+01 ; 8.000e-01 ; 2.800e+00 ; 3.6129000e+01 ; 2.4800000e+02 
3.500e+01 ; 8.000e-01 ; 2.800e+00 ; 3.6257000e+01 ; 2.4800000e+02 
3.500e+01 ; 8.000e-01 ; 2.800e+00 ; 3.6513000e+01 ; 2.4800000e+02 
3.500e+01 ; 8.000e-01 ; 2.800e+00 ; 3.7000000e+01 ; 2.4800000e+02 
3.500e+01 ; 8.000e-01 ; 2.800e+00 ; 3.7000000e+01 ; 2.4800000e+02 
3.500e+01 ; 8.000e-01 ; 2.800e+00 ; 3.7001000e+01 ; 2.4800000e+02 
3.500e+01 ; 8.000e-01 ; 2.800e+00 ; 3.7002000e+01 ; 2.4800000e+02 
3.500e+01 ; 8.000e-01 ; 2.800e+00 ; 3.7003000e+01 ; 2.4800000e+02 
3.500e+01 ; 8.000e-01 ; 2.800e+00 ; 3.7005000e+01 ; 2.4800000e+02 
3.500e+01 ; 8.000e-01 ; 2.800e+00 ; 3.7009000e+01 ; 2.4800000e+02 
3.500e+01 ; 8.000e-01 ; 2.800e+00 ; 3.7017000e+01 ; 2.4800000e+02 
3.500e+01 ; 8.000e-01 ; 2.800e+00 ; 3.7033000e+01 ; 2.4800000e+02 
3.500e+01 ; 8.000e-01 ; 2.800e+00 ; 3.7065000e+01 ; 2.4800000e+02 
3.500e+01 ; 8.000e-01 ; 2.800e+00 ; 3.7129000e+01 ; 2.4800000e+02 
3.500e+01 ; 8.000e-01 ; 2.800e+00 ; 3.7257000e+01 ; 2.4800000e+02 
3.500e+01 ; 8.000e-01 ; 2.800e+00 ; 3.7513000e+01 ; 2.4800000e+02 
3.500e+01 ; 8.000e-01 ; 2.800e+00 ; 3.8000000e+01 ; 2.4800000e+02 
3.500e+01 ; 8.000e-01 ; 2.800e+00 ; 3.8000000e+01 ; 2.4800000e+02 
3.500e+01 ; 8.000e-01 ; 2.800e+00 ; 3.8001000e+01 ; 2.4800000e+02 
3.500e+01 ; 8.000e-01 ; 2.800e+00 ; 3.8002000e+01 ; 2.4800000e+02 
3.500e+01 ; 8.000e-01 ; 2.800e+00 ; 3.8003000e+01 ; 2.4800000e+02 
3.500e+01 ; 8.000e-01 ; 2.800e+00 ; 3.8005000e+01 ; 2.4800000e+02 
3.500e+01 ; 8.000e-01 ; 2.800e+00 ; 3.8009000e+01 ; 2.4800000e+02 
3.500e+01 ; 8.000e-01 ; 2.800e+00 ; 3.8017000e+01 ; 2.4800000e+02 
3.500e+01 ; 8.000e-01 ; 2.800e+00 ; 3.8033000e+01 ; 2.4800000e+02 
3.500e+01 ; 8.000e-01 ; 2.800e+00 ; 3.8065000e+01 ; 2.4800000e+02 
3.500e+01 ; 8.000e-01 ; 2.800e+00 ; 3.8129000e+01 ; 2.4800000e+02 
3.500e+01 ; 8.000e-01 ; 2.800e+00 ; 3.8257000e+01 ; 2.4800000e+02 
3.500e+01 ; 8.000e-01 ; 2.800e+00 ; 3.8513000e+01 ; 2.4800000e+02 
3.500e+01 ; 8.000e-01 ; 2.800e+00 ; 3.9000000e+01 ; 2.4800000e+02 
3.500e+01 ; 8.000e-01 ; 2.800e+00 ; 3.9000000e+01 ; 2.4800000e+02 
3.500e+01 ; 8.000e-01 ; 2.800e+00 ; 3.9001000e+01 ; 2.4800000e+02 
3.500e+01 ; 8.000e-01 ; 2.800e+00 ; 3.9002000e+01 ; 2.4800000e+02 
3.500e+01 ; 8.000e-01 ; 2.800e+00 ; 3.9003000e+01 ; 2.4800000e+02 
3.500e+01 ; 8.000e-01 ; 2.800e+00 ; 3.9005000e+01 ; 2.4800000e+02 
3.500e+01 ; 8.000e-01 ; 2.800e+00 ; 3.9009000e+01 ; 2.4800000e+02 
3.500e+01 ; 8.000e-01 ; 2.800e+00 ; 3.9017000e+01 ; 2.4800000e+02 
3.500e+01 ; 8.000e-01 ; 2.800e+00 ; 3.9033000e+01 ; 2.4800000e+02 
3.500e+01 ; 8.000e-01 ; 2.800e+00 ; 3.9065000e+01 ; 2.4800000e+02 
3.500e+01 ; 8.000e-01 ; 2.800e+00 ; 3.9129000e+01 ; 2.4800000e+02 
3.500e+01 ; 8.000e-01 ; 2.800e+00 ; 3.9257000e+01 ; 2.4800000e+02 
3.500e+01 ; 8.000e-01 ; 2.800e+00 ; 3.9513000e+01 ; 2.4800000e+02 
3.500e+01 ; 8.000e-01 ; 2.800e+00 ; 4.0000000e+01 ; 2.4800000e+02 
3.500e+01 ; 8.000e-01 ; 2.800e+00 ; 4.0000000e+01 ; 2.4800000e+02 
3.500e+01 ; 8.000e-01 ; 2.800e+00 ; 4.0001000e+01 ; 2.4800000e+02 
3.500e+01 ; 8.000e-01 ; 2.800e+00 ; 4.0002000e+01 ; 2.4800000e+02 
3.500e+01 ; 8.000e-01 ; 2.800e+00 ; 4.0003000e+01 ; 2.4800000e+02 
3.500e+01 ; 8.000e-01 ; 2.800e+00 ; 4.0005000e+01 ; 2.4800000e+02 
3.500e+01 ; 8.000e-01 ; 2.800e+00 ; 4.0009000e+01 ; 2.4800000e+02 
3.500e+01 ; 8.000e-01 ; 2.800e+00 ; 4.0017000e+01 ; 2.4800000e+02 
3.500e+01 ; 8.000e-01 ; 2.800e+00 ; 4.0033000e+01 ; 2.4800000e+02 
3.500e+01 ; 8.000e-01 ; 2.800e+00 ; 4.0065000e+01 ; 2.4800000e+02 
3.500e+01 ; 8.000e-01 ; 2.800e+00 ; 4.0129000e+01 ; 2.4800000e+02 
3.500e+01 ; 8.000e-01 ; 2.800e+00 ; 4.0257000e+01 ; 2.4800000e+02 
3.500e+01 ; 8.000e-01 ; 2.800e+00 ; 4.0513000e+01 ; 2.4800000e+02 
3.500e+01 ; 8.000e-01 ; 2.800e+00 ; 4.1000000e+01 ; 2.4800000e+02 
3.500e+01 ; 8.000e-01 ; 2.800e+00 ; 4.1000000e+01 ; 2.4800000e+02 
3.500e+01 ; 8.000e-01 ; 2.800e+00 ; 4.1001000e+01 ; 2.4800000e+02 
3.500e+01 ; 8.000e-01 ; 2.800e+00 ; 4.1002000e+01 ; 2.4800000e+02 
3.500e+01 ; 8.000e-01 ; 2.800e+00 ; 4.1003000e+01 ; 2.4800000e+02 
3.500e+01 ; 8.000e-01 ; 2.800e+00 ; 4.1005000e+01 ; 2.4800000e+02 
3.500e+01 ; 8.000e-01 ; 2.800e+00 ; 4.1009000e+01 ; 2.4800000e+02 
3.500e+01 ; 8.000e-01 ; 2.800e+00 ; 4.1017000e+01 ; 2.4800000e+02 
3.500e+01 ; 8.000e-01 ; 2.800e+00 ; 4.1033000e+01 ; 2.4800000e+02 
3.500e+01 ; 8.000e-01 ; 2.800e+00 ; 4.1065000e+01 ; 2.4800000e+02 
3.500e+01 ; 8.000e-01 ; 2.800e+00 ; 4.1129000e+01 ; 2.4800000e+02 
3.500e+01 ; 8.000e-01 ; 2.800e+00 ; 4.1257000e+01 ; 2.4800000e+02 
3.500e+01 ; 8.000e-01 ; 2.800e+00 ; 4.1513000e+01 ; 2.4800000e+02 
3.500e+01 ; 8.000e-01 ; 2.800e+00 ; 4.2000000e+01 ; 2.4800000e+02 
3.500e+01 ; 8.000e-01 ; 2.800e+00 ; 4.2000000e+01 ; 2.4800000e+02 
3.500e+01 ; 8.000e-01 ; 2.800e+00 ; 4.2001000e+01 ; 2.4800000e+02 
3.500e+01 ; 8.000e-01 ; 2.800e+00 ; 4.2002000e+01 ; 2.4800000e+02 
3.500e+01 ; 8.000e-01 ; 2.800e+00 ; 4.2003000e+01 ; 2.4800000e+02 
3.500e+01 ; 8.000e-01 ; 2.800e+00 ; 4.2005000e+01 ; 2.4800000e+02 
3.500e+01 ; 8.000e-01 ; 2.800e+00 ; 4.2009000e+01 ; 2.4800000e+02 
3.500e+01 ; 8.000e-01 ; 2.800e+00 ; 4.2017000e+01 ; 2.4800000e+02 
3.500e+01 ; 8.000e-01 ; 2.800e+00 ; 4.2033000e+01 ; 2.4800000e+02 
3.500e+01 ; 8.000e-01 ; 2.800e+00 ; 4.2065000e+01 ; 2.4800000e+02 
3.500e+01 ; 8.000e-01 ; 2.800e+00 ; 4.2129000e+01 ; 2.4800000e+02 
3.500e+01 ; 8.000e-01 ; 2.800e+00 ; 4.2257000e+01 ; 2.4800000e+02 
3.500e+01 ; 8.000e-01 ; 2.800e+00 ; 4.2513000e+01 ; 2.4800000e+02 
3.500e+01 ; 8.000e-01 ; 2.800e+00 ; 4.3000000e+01 ; 2.4800000e+02 
3.500e+01 ; 8.000e-01 ; 2.800e+00 ; 4.3000000e+01 ; 2.4800000e+02 
3.500e+01 ; 8.000e-01 ; 2.800e+00 ; 4.3001000e+01 ; 2.4800000e+02 
3.500e+01 ; 8.000e-01 ; 2.800e+00 ; 4.3002000e+01 ; 2.4800000e+02 
3.500e+01 ; 8.000e-01 ; 2.800e+00 ; 4.3003000e+01 ; 2.4800000e+02 
3.500e+01 ; 8.000e-01 ; 2.800e+00 ; 4.3005000e+01 ; 2.4800000e+02 
3.500e+01 ; 8.000e-01 ; 2.800e+00 ; 4.3009000e+01 ; 2.4800000e+02 
3.500e+01 ; 8.000e-01 ; 2.800e+00 ; 4.3017000e+01 ; 2.4800000e+02 
3.500e+01 ; 8.000e-01 ; 2.800e+00 ; 4.3033000e+01 ; 2.4800000e+02 
3.500e+01 ; 8.000e-01 ; 2.800e+00 ; 4.3065000e+01 ; 2.4800000e+02 
3.500e+01 ; 8.000e-01 ; 2.800e+00 ; 4.3129000e+01 ; 2.4800000e+02 
3.500e+01 ; 8.000e-01 ; 2.800e+00 ; 4.3257000e+01 ; 2.4800000e+02 
3.500e+01 ; 8.000e-01 ; 2.800e+00 ; 4.3513000e+01 ; 2.4800000e+02 
3.500e+01 ; 8.000e-01 ; 2.800e+00 ; 4.4000000e+01 ; 2.4800000e+02 
3.500e+01 ; 8.000e-01 ; 2.800e+00 ; 4.4000000e+01 ; 2.4800000e+02 
3.500e+01 ; 8.000e-01 ; 2.800e+00 ; 4.4001000e+01 ; 2.4800000e+02 
3.500e+01 ; 8.000e-01 ; 2.800e+00 ; 4.4002000e+01 ; 2.4800000e+02 
3.500e+01 ; 8.000e-01 ; 2.800e+00 ; 4.4003000e+01 ; 2.4800000e+02 
3.500e+01 ; 8.000e-01 ; 2.800e+00 ; 4.4005000e+01 ; 2.4800000e+02 
3.500e+01 ; 8.000e-01 ; 2.800e+00 ; 4.4009000e+01 ; 2.4800000e+02 
3.500e+01 ; 8.000e-01 ; 2.800e+00 ; 4.4017000e+01 ; 2.4800000e+02 
3.500e+01 ; 8.000e-01 ; 2.800e+00 ; 4.4033000e+01 ; 2.4800000e+02 
3.500e+01 ; 8.000e-01 ; 2.800e+00 ; 4.4065000e+01 ; 2.4800000e+02 
3.500e+01 ; 8.000e-01 ; 2.800e+00 ; 4.4129000e+01 ; 2.4800000e+02 
3.500e+01 ; 8.000e-01 ; 2.800e+00 ; 4.4257000e+01 ; 2.4800000e+02 
3.500e+01 ; 8.000e-01 ; 2.800e+00 ; 4.4513000e+01 ; 2.4800000e+02 
3.500e+01 ; 8.000e-01 ; 2.800e+00 ; 4.5000000e+01 ; 2.4800000e+02 
3.500e+01 ; 8.000e-01 ; 2.800e+00 ; 4.5000000e+01 ; 2.4800000e+02 
3.500e+01 ; 8.000e-01 ; 2.800e+00 ; 4.5001000e+01 ; 2.4800000e+02 
3.500e+01 ; 8.000e-01 ; 2.800e+00 ; 4.5002000e+01 ; 2.4800000e+02 
3.500e+01 ; 8.000e-01 ; 2.800e+00 ; 4.5003000e+01 ; 2.4800000e+02 
3.500e+01 ; 8.000e-01 ; 2.800e+00 ; 4.5005000e+01 ; 2.4800000e+02 
3.500e+01 ; 8.000e-01 ; 2.800e+00 ; 4.5009000e+01 ; 2.4800000e+02 
3.500e+01 ; 8.000e-01 ; 2.800e+00 ; 4.5017000e+01 ; 2.4800000e+02 
3.500e+01 ; 8.000e-01 ; 2.800e+00 ; 4.5033000e+01 ; 2.4800000e+02 
3.500e+01 ; 8.000e-01 ; 2.800e+00 ; 4.5065000e+01 ; 2.4800000e+02 
3.500e+01 ; 8.000e-01 ; 2.800e+00 ; 4.5129000e+01 ; 2.4800000e+02 
3.500e+01 ; 8.000e-01 ; 2.800e+00 ; 4.5257000e+01 ; 2.4800000e+02 
3.500e+01 ; 8.000e-01 ; 2.800e+00 ; 4.5513000e+01 ; 2.4800000e+02 
3.500e+01 ; 8.000e-01 ; 2.800e+00 ; 4.6000000e+01 ; 2.4800000e+02 
3.500e+01 ; 8.000e-01 ; 2.800e+00 ; 4.6000000e+01 ; 2.4800000e+02 
3.500e+01 ; 8.000e-01 ; 2.800e+00 ; 4.6001000e+01 ; 2.4787578e+02 
3.500e+01 ; 8.000e-01 ; 2.800e+00 ; 4.6002000e+01 ; 2.4775165e+02 
3.500e+01 ; 8.000e-01 ; 2.800e+00 ; 4.6003000e+01 ; 2.4762761e+02 
3.500e+01 ; 8.000e-01 ; 2.800e+00 ; 4.6005000e+01 ; 2.4737988e+02 
3.500e+01 ; 8.000e-01 ; 2.800e+00 ; 4.6009000e+01 ; 2.4688588e+02 
3.500e+01 ; 8.000e-01 ; 2.800e+00 ; 4.6017000e+01 ; 2.4590356e+02 
3.500e+01 ; 8.000e-01 ; 2.800e+00 ; 4.6033000e+01 ; 2.4396159e+02 
3.500e+01 ; 8.000e-01 ; 2.800e+00 ; 4.6065000e+01 ; 2.4016685e+02 
3.500e+01 ; 8.000e-01 ; 2.800e+00 ; 4.6129000e+01 ; 2.3292206e+02 
3.500e+01 ; 8.000e-01 ; 2.800e+00 ; 4.6257000e+01 ; 2.1971318e+02 
3.500e+01 ; 8.000e-01 ; 2.800e+00 ; 4.6513000e+01 ; 1.9766980e+02 
3.500e+01 ; 8.000e-01 ; 2.800e+00 ; 4.7000000e+01 ; 1.6734633e+02 
3.500e+01 ; 8.000e-01 ; 2.800e+00 ; 4.7000000e+01 ; 1.6734633e+02 
3.500e+01 ; 8.000e-01 ; 2.800e+00 ; 4.7001000e+01 ; 1.6728412e+02 
3.500e+01 ; 8.000e-01 ; 2.800e+00 ; 4.7002000e+01 ; 1.6722195e+02 
3.500e+01 ; 8.000e-01 ; 2.800e+00 ; 4.7003000e+01 ; 1.6715985e+02 
3.500e+01 ; 8.000e-01 ; 2.800e+00 ; 4.7005000e+01 ; 1.6703583e+02 
3.500e+01 ; 8.000e-01 ; 2.800e+00 ; 4.7009000e+01 ; 1.6678860e+02 
3.500e+01 ; 8.000e-01 ; 2.800e+00 ; 4.7017000e+01 ; 1.6629738e+02 
3.500e+01 ; 8.000e-01 ; 2.800e+00 ; 4.7033000e+01 ; 1.6532761e+02 
3.500e+01 ; 8.000e-01 ; 2.800e+00 ; 4.7065000e+01 ; 1.6343709e+02 
3.500e+01 ; 8.000e-01 ; 2.800e+00 ; 4.7129000e+01 ; 1.5983981e+02 
3.500e+01 ; 8.000e-01 ; 2.800e+00 ; 4.7257000e+01 ; 1.5329799e+02 
3.500e+01 ; 8.000e-01 ; 2.800e+00 ; 4.7513000e+01 ; 1.4233615e+02 
3.500e+01 ; 8.000e-01 ; 2.800e+00 ; 4.8000000e+01 ; 1.2696011e+02 
3.500e+01 ; 8.000e-01 ; 2.800e+00 ; 4.8000000e+01 ; 1.2696011e+02 
3.500e+01 ; 8.000e-01 ; 2.800e+00 ; 4.8001000e+01 ; 1.2692857e+02 
3.500e+01 ; 8.000e-01 ; 2.800e+00 ; 4.8002000e+01 ; 1.2689704e+02 
3.500e+01 ; 8.000e-01 ; 2.800e+00 ; 4.8003000e+01 ; 1.2686554e+02 
3.500e+01 ; 8.000e-01 ; 2.800e+00 ; 4.8005000e+01 ; 1.2680263e+02 
3.500e+01 ; 8.000e-01 ; 2.800e+00 ; 4.8009000e+01 ; 1.2667718e+02 
3.500e+01 ; 8.000e-01 ; 2.800e+00 ; 4.8017000e+01 ; 1.2642777e+02 
3.500e+01 ; 8.000e-01 ; 2.800e+00 ; 4.8033000e+01 ; 1.2593485e+02 
3.500e+01 ; 8.000e-01 ; 2.800e+00 ; 4.8065000e+01 ; 1.2497199e+02 
3.500e+01 ; 8.000e-01 ; 2.800e+00 ; 4.8129000e+01 ; 1.2313393e+02 
3.500e+01 ; 8.000e-01 ; 2.800e+00 ; 4.8257000e+01 ; 1.1977693e+02 
3.500e+01 ; 8.000e-01 ; 2.800e+00 ; 4.8513000e+01 ; 1.1412559e+02 
3.500e+01 ; 8.000e-01 ; 2.800e+00 ; 4.9000000e+01 ; 1.0613991e+02 
3.500e+01 ; 8.000e-01 ; 2.800e+00 ; 4.9000000e+01 ; 1.0613991e+02 
3.500e+01 ; 8.000e-01 ; 2.800e+00 ; 4.9001000e+01 ; 1.0612352e+02 
3.500e+01 ; 8.000e-01 ; 2.800e+00 ; 4.9002000e+01 ; 1.0610715e+02 
3.500e+01 ; 8.000e-01 ; 2.800e+00 ; 4.9003000e+01 ; 1.0609078e+02 
3.500e+01 ; 8.000e-01 ; 2.800e+00 ; 4.9005000e+01 ; 1.0605811e+02 
3.500e+01 ; 8.000e-01 ; 2.800e+00 ; 4.9009000e+01 ; 1.0599293e+02 
3.500e+01 ; 8.000e-01 ; 2.800e+00 ; 4.9017000e+01 ; 1.0586332e+02 
3.500e+01 ; 8.000e-01 ; 2.800e+00 ; 4.9033000e+01 ; 1.0560699e+02 
3.500e+01 ; 8.000e-01 ; 2.800e+00 ; 4.9065000e+01 ; 1.0510561e+02 
3.500e+01 ; 8.000e-01 ; 2.800e+00 ; 4.9129000e+01 ; 1.0414556e+02 
3.500e+01 ; 8.000e-01 ; 2.800e+00 ; 4.9257000e+01 ; 1.0237952e+02 
3.500e+01 ; 8.000e-01 ; 2.800e+00 ; 4.9513000e+01 ; 9.9354813e+01 
3.500e+01 ; 8.000e-01 ; 2.800e+00 ; 5.0000000e+01 ; 9.4919212e+01 
3.500e+01 ; 8.000e-01 ; 2.800e+00 ; 5.0000000e+01 ; 9.4919212e+01 
3.500e+01 ; 8.000e-01 ; 2.800e+00 ; 5.0001000e+01 ; 9.4910110e+01 
3.500e+01 ; 8.000e-01 ; 2.800e+00 ; 5.0002000e+01 ; 9.4901016e+01 
3.500e+01 ; 8.000e-01 ; 2.800e+00 ; 5.0003000e+01 ; 9.4891922e+01 
3.500e+01 ; 8.000e-01 ; 2.800e+00 ; 5.0005000e+01 ; 9.4873764e+01 
3.500e+01 ; 8.000e-01 ; 2.800e+00 ; 5.0009000e+01 ; 9.4837532e+01 
3.500e+01 ; 8.000e-01 ; 2.800e+00 ; 5.0017000e+01 ; 9.4765411e+01 
3.500e+01 ; 8.000e-01 ; 2.800e+00 ; 5.0033000e+01 ; 9.4622566e+01 
3.500e+01 ; 8.000e-01 ; 2.800e+00 ; 5.0065000e+01 ; 9.4342278e+01 
3.500e+01 ; 8.000e-01 ; 2.800e+00 ; 5.0129000e+01 ; 9.3802269e+01 
3.500e+01 ; 8.000e-01 ; 2.800e+00 ; 5.0257000e+01 ; 9.2796974e+01 
3.500e+01 ; 8.000e-01 ; 2.800e+00 ; 5.0513000e+01 ; 9.1036293e+01 
3.500e+01 ; 8.000e-01 ; 2.800e+00 ; 5.1000000e+01 ; 8.8353485e+01 
3.500e+01 ; 8.000e-01 ; 2.800e+00 ; 5.1000000e+01 ; 8.8353485e+01 
3.500e+01 ; 8.000e-01 ; 2.800e+00 ; 5.1001000e+01 ; 8.8347984e+01 
3.500e+01 ; 8.000e-01 ; 2.800e+00 ; 5.1002000e+01 ; 8.8342476e+01 
3.500e+01 ; 8.000e-01 ; 2.800e+00 ; 5.1003000e+01 ; 8.8336983e+01 
3.500e+01 ; 8.000e-01 ; 2.800e+00 ; 5.1005000e+01 ; 8.8325989e+01 
3.500e+01 ; 8.000e-01 ; 2.800e+00 ; 5.1009000e+01 ; 8.8304054e+01 
3.500e+01 ; 8.000e-01 ; 2.800e+00 ; 5.1017000e+01 ; 8.8260361e+01 
3.500e+01 ; 8.000e-01 ; 2.800e+00 ; 5.1033000e+01 ; 8.8173683e+01 
3.500e+01 ; 8.000e-01 ; 2.800e+00 ; 5.1065000e+01 ; 8.8003067e+01 
3.500e+01 ; 8.000e-01 ; 2.800e+00 ; 5.1129000e+01 ; 8.7672325e+01 
3.500e+01 ; 8.000e-01 ; 2.800e+00 ; 5.1257000e+01 ; 8.7049339e+01 
3.500e+01 ; 8.000e-01 ; 2.800e+00 ; 5.1513000e+01 ; 8.5934341e+01 
3.500e+01 ; 8.000e-01 ; 2.800e+00 ; 5.2000000e+01 ; 8.4173332e+01 
3.500e+01 ; 8.000e-01 ; 2.800e+00 ; 5.2000000e+01 ; 8.4173332e+01 
3.500e+01 ; 8.000e-01 ; 2.800e+00 ; 5.2001000e+01 ; 8.4169724e+01 
3.500e+01 ; 8.000e-01 ; 2.800e+00 ; 5.2002000e+01 ; 8.4166107e+01 
3.500e+01 ; 8.000e-01 ; 2.800e+00 ; 5.2003000e+01 ; 8.4162498e+01 
3.500e+01 ; 8.000e-01 ; 2.800e+00 ; 5.2005000e+01 ; 8.4155281e+01 
3.500e+01 ; 8.000e-01 ; 2.800e+00 ; 5.2009000e+01 ; 8.4140869e+01 
3.500e+01 ; 8.000e-01 ; 2.800e+00 ; 5.2017000e+01 ; 8.4112144e+01 
3.500e+01 ; 8.000e-01 ; 2.800e+00 ; 5.2033000e+01 ; 8.4055077e+01 
3.500e+01 ; 8.000e-01 ; 2.800e+00 ; 5.2065000e+01 ; 8.3942436e+01 
3.500e+01 ; 8.000e-01 ; 2.800e+00 ; 5.2129000e+01 ; 8.3722885e+01 
3.500e+01 ; 8.000e-01 ; 2.800e+00 ; 5.2257000e+01 ; 8.3305008e+01 
3.500e+01 ; 8.000e-01 ; 2.800e+00 ; 5.2513000e+01 ; 8.2542824e+01 
3.500e+01 ; 8.000e-01 ; 2.800e+00 ; 5.3000000e+01 ; 8.1301720e+01 
3.500e+01 ; 8.000e-01 ; 2.800e+00 ; 5.3000000e+01 ; 8.1301720e+01 
3.500e+01 ; 8.000e-01 ; 2.800e+00 ; 5.3001000e+01 ; 8.1299171e+01 
3.500e+01 ; 8.000e-01 ; 2.800e+00 ; 5.3002000e+01 ; 8.1296623e+01 
3.500e+01 ; 8.000e-01 ; 2.800e+00 ; 5.3003000e+01 ; 8.1294083e+01 
3.500e+01 ; 8.000e-01 ; 2.800e+00 ; 5.3005000e+01 ; 8.1288994e+01 
3.500e+01 ; 8.000e-01 ; 2.800e+00 ; 5.3009000e+01 ; 8.1278831e+01 
3.500e+01 ; 8.000e-01 ; 2.800e+00 ; 5.3017000e+01 ; 8.1258560e+01 
3.500e+01 ; 8.000e-01 ; 2.800e+00 ; 5.3033000e+01 ; 8.1218246e+01 
3.500e+01 ; 8.000e-01 ; 2.800e+00 ; 5.3065000e+01 ; 8.1138481e+01 
3.500e+01 ; 8.000e-01 ; 2.800e+00 ; 5.3129000e+01 ; 8.0982315e+01 
3.500e+01 ; 8.000e-01 ; 2.800e+00 ; 5.3257000e+01 ; 8.0682549e+01 
3.500e+01 ; 8.000e-01 ; 2.800e+00 ; 5.3513000e+01 ; 8.0127365e+01 
3.500e+01 ; 8.000e-01 ; 2.800e+00 ; 5.4000000e+01 ; 7.9201019e+01 
3.500e+01 ; 8.000e-01 ; 2.800e+00 ; 5.4000000e+01 ; 7.9201019e+01 
3.500e+01 ; 8.000e-01 ; 2.800e+00 ; 5.4001000e+01 ; 7.9199120e+01 
3.500e+01 ; 8.000e-01 ; 2.800e+00 ; 5.4002000e+01 ; 7.9197220e+01 
3.500e+01 ; 8.000e-01 ; 2.800e+00 ; 5.4003000e+01 ; 7.9195320e+01 
3.500e+01 ; 8.000e-01 ; 2.800e+00 ; 5.4005000e+01 ; 7.9191521e+01 
3.500e+01 ; 8.000e-01 ; 2.800e+00 ; 5.4009000e+01 ; 7.9183929e+01 
3.500e+01 ; 8.000e-01 ; 2.800e+00 ; 5.4017000e+01 ; 7.9168785e+01 
3.500e+01 ; 8.000e-01 ; 2.800e+00 ; 5.4033000e+01 ; 7.9138641e+01 
3.500e+01 ; 8.000e-01 ; 2.800e+00 ; 5.4065000e+01 ; 7.9078888e+01 
3.500e+01 ; 8.000e-01 ; 2.800e+00 ; 5.4129000e+01 ; 7.8961487e+01 
3.500e+01 ; 8.000e-01 ; 2.800e+00 ; 5.4257000e+01 ; 7.8734642e+01 
3.500e+01 ; 8.000e-01 ; 2.800e+00 ; 5.4513000e+01 ; 7.8309525e+01 
3.500e+01 ; 8.000e-01 ; 2.800e+00 ; 5.5000000e+01 ; 7.7586632e+01 
3.500e+01 ; 8.000e-01 ; 2.800e+00 ; 5.5000000e+01 ; 7.7586632e+01 
3.500e+01 ; 8.000e-01 ; 2.800e+00 ; 5.5001000e+01 ; 7.7585152e+01 
3.500e+01 ; 8.000e-01 ; 2.800e+00 ; 5.5002000e+01 ; 7.7583664e+01 
3.500e+01 ; 8.000e-01 ; 2.800e+00 ; 5.5003000e+01 ; 7.7582184e+01 
3.500e+01 ; 8.000e-01 ; 2.800e+00 ; 5.5005000e+01 ; 7.7579216e+01 
3.500e+01 ; 8.000e-01 ; 2.800e+00 ; 5.5009000e+01 ; 7.7573296e+01 
3.500e+01 ; 8.000e-01 ; 2.800e+00 ; 5.5017000e+01 ; 7.7561470e+01 
3.500e+01 ; 8.000e-01 ; 2.800e+00 ; 5.5033000e+01 ; 7.7537910e+01 
3.500e+01 ; 8.000e-01 ; 2.800e+00 ; 5.5065000e+01 ; 7.7491150e+01 
3.500e+01 ; 8.000e-01 ; 2.800e+00 ; 5.5129000e+01 ; 7.7399033e+01 
3.500e+01 ; 8.000e-01 ; 2.800e+00 ; 5.5257000e+01 ; 7.7220146e+01 
3.500e+01 ; 8.000e-01 ; 2.800e+00 ; 5.5513000e+01 ; 7.6881844e+01 
3.500e+01 ; 8.000e-01 ; 2.800e+00 ; 5.6000000e+01 ; 7.6298065e+01 
3.500e+01 ; 8.000e-01 ; 2.800e+00 ; 5.6000000e+01 ; 7.6298065e+01 
3.500e+01 ; 8.000e-01 ; 2.800e+00 ; 5.6001000e+01 ; 7.6296867e+01 
3.500e+01 ; 8.000e-01 ; 2.800e+00 ; 5.6002000e+01 ; 7.6295670e+01 
3.500e+01 ; 8.000e-01 ; 2.800e+00 ; 5.6003000e+01 ; 7.6294472e+01 
3.500e+01 ; 8.000e-01 ; 2.800e+00 ; 5.6005000e+01 ; 7.6292076e+01 
3.500e+01 ; 8.000e-01 ; 2.800e+00 ; 5.6009000e+01 ; 7.6287292e+01 
3.500e+01 ; 8.000e-01 ; 2.800e+00 ; 5.6017000e+01 ; 7.6277733e+01 
3.500e+01 ; 8.000e-01 ; 2.800e+00 ; 5.6033000e+01 ; 7.6258690e+01 
3.500e+01 ; 8.000e-01 ; 2.800e+00 ; 5.6065000e+01 ; 7.6220848e+01 
3.500e+01 ; 8.000e-01 ; 2.800e+00 ; 5.6129000e+01 ; 7.6146149e+01 
3.500e+01 ; 8.000e-01 ; 2.800e+00 ; 5.6257000e+01 ; 7.6000519e+01 
3.500e+01 ; 8.000e-01 ; 2.800e+00 ; 5.6513000e+01 ; 7.5723160e+01 
3.500e+01 ; 8.000e-01 ; 2.800e+00 ; 5.7000000e+01 ; 7.5238968e+01 
3.500e+01 ; 8.000e-01 ; 2.800e+00 ; 5.7000000e+01 ; 7.5238968e+01 
3.500e+01 ; 8.000e-01 ; 2.800e+00 ; 5.7001000e+01 ; 7.5237976e+01 
3.500e+01 ; 8.000e-01 ; 2.800e+00 ; 5.7002000e+01 ; 7.5236984e+01 
3.500e+01 ; 8.000e-01 ; 2.800e+00 ; 5.7003000e+01 ; 7.5235992e+01 
3.500e+01 ; 8.000e-01 ; 2.800e+00 ; 5.7005000e+01 ; 7.5234001e+01 
3.500e+01 ; 8.000e-01 ; 2.800e+00 ; 5.7009000e+01 ; 7.5230034e+01 
3.500e+01 ; 8.000e-01 ; 2.800e+00 ; 5.7017000e+01 ; 7.5222107e+01 
3.500e+01 ; 8.000e-01 ; 2.800e+00 ; 5.7033000e+01 ; 7.5206291e+01 
3.500e+01 ; 8.000e-01 ; 2.800e+00 ; 5.7065000e+01 ; 7.5174850e+01 
3.500e+01 ; 8.000e-01 ; 2.800e+00 ; 5.7129000e+01 ; 7.5112694e+01 
3.500e+01 ; 8.000e-01 ; 2.800e+00 ; 5.7257000e+01 ; 7.4991150e+01 
3.500e+01 ; 8.000e-01 ; 2.800e+00 ; 5.7513000e+01 ; 7.4758339e+01 
3.500e+01 ; 8.000e-01 ; 2.800e+00 ; 5.8000000e+01 ; 7.4348122e+01 
3.500e+01 ; 8.000e-01 ; 2.800e+00 ; 5.8000000e+01 ; 7.4348122e+01 
3.500e+01 ; 8.000e-01 ; 2.800e+00 ; 5.8001000e+01 ; 7.4347282e+01 
3.500e+01 ; 8.000e-01 ; 2.800e+00 ; 5.8002000e+01 ; 7.4346443e+01 
3.500e+01 ; 8.000e-01 ; 2.800e+00 ; 5.8003000e+01 ; 7.4345596e+01 
3.500e+01 ; 8.000e-01 ; 2.800e+00 ; 5.8005000e+01 ; 7.4343918e+01 
3.500e+01 ; 8.000e-01 ; 2.800e+00 ; 5.8009000e+01 ; 7.4340553e+01 
3.500e+01 ; 8.000e-01 ; 2.800e+00 ; 5.8017000e+01 ; 7.4333832e+01 
3.500e+01 ; 8.000e-01 ; 2.800e+00 ; 5.8033000e+01 ; 7.4320427e+01 
3.500e+01 ; 8.000e-01 ; 2.800e+00 ; 5.8065000e+01 ; 7.4293755e+01 
3.500e+01 ; 8.000e-01 ; 2.800e+00 ; 5.8129000e+01 ; 7.4240952e+01 
3.500e+01 ; 8.000e-01 ; 2.800e+00 ; 5.8257000e+01 ; 7.4137451e+01 
3.500e+01 ; 8.000e-01 ; 2.800e+00 ; 5.8513000e+01 ; 7.3938309e+01 
3.500e+01 ; 8.000e-01 ; 2.800e+00 ; 5.9000000e+01 ; 7.3584702e+01 
3.500e+01 ; 8.000e-01 ; 2.800e+00 ; 5.9000000e+01 ; 7.3584702e+01 
3.500e+01 ; 8.000e-01 ; 2.800e+00 ; 5.9001000e+01 ; 7.3583977e+01 
3.500e+01 ; 8.000e-01 ; 2.800e+00 ; 5.9002000e+01 ; 7.3583252e+01 
3.500e+01 ; 8.000e-01 ; 2.800e+00 ; 5.9003000e+01 ; 7.3582527e+01 
3.500e+01 ; 8.000e-01 ; 2.800e+00 ; 5.9005000e+01 ; 7.3581078e+01 
3.500e+01 ; 8.000e-01 ; 2.800e+00 ; 5.9009000e+01 ; 7.3578178e+01 
3.500e+01 ; 8.000e-01 ; 2.800e+00 ; 5.9017000e+01 ; 7.3572380e+01 
3.500e+01 ; 8.000e-01 ; 2.800e+00 ; 5.9033000e+01 ; 7.3560822e+01 
3.500e+01 ; 8.000e-01 ; 2.800e+00 ; 5.9065000e+01 ; 7.3537804e+01 
3.500e+01 ; 8.000e-01 ; 2.800e+00 ; 5.9129000e+01 ; 7.3492195e+01 
3.500e+01 ; 8.000e-01 ; 2.800e+00 ; 5.9257000e+01 ; 7.3402611e+01 
3.500e+01 ; 8.000e-01 ; 2.800e+00 ; 5.9513000e+01 ; 7.3229584e+01 
3.500e+01 ; 8.000e-01 ; 2.800e+00 ; 6.0000000e+01 ; 7.2920410e+01 
3.500e+01 ; 8.000e-01 ; 2.800e+00 ; 6.0000000e+01 ; 7.2920410e+01 
3.500e+01 ; 8.000e-01 ; 2.800e+00 ; 6.0001000e+01 ; 7.2919769e+01 
3.500e+01 ; 8.000e-01 ; 2.800e+00 ; 6.0002000e+01 ; 7.2919136e+01 
3.500e+01 ; 8.000e-01 ; 2.800e+00 ; 6.0003000e+01 ; 7.2918503e+01 
3.500e+01 ; 8.000e-01 ; 2.800e+00 ; 6.0005000e+01 ; 7.2917236e+01 
3.500e+01 ; 8.000e-01 ; 2.800e+00 ; 6.0009000e+01 ; 7.2914696e+01 
3.500e+01 ; 8.000e-01 ; 2.800e+00 ; 6.0017000e+01 ; 7.2909630e+01 
3.500e+01 ; 8.000e-01 ; 2.800e+00 ; 6.0033000e+01 ; 7.2899521e+01 
3.500e+01 ; 8.000e-01 ; 2.800e+00 ; 6.0065000e+01 ; 7.2879372e+01 
3.500e+01 ; 8.000e-01 ; 2.800e+00 ; 6.0129000e+01 ; 7.2839424e+01 
3.500e+01 ; 8.000e-01 ; 2.800e+00 ; 6.0257000e+01 ; 7.2760826e+01 
3.500e+01 ; 8.000e-01 ; 2.800e+00 ; 6.0513000e+01 ; 7.2608551e+01 
3.500e+01 ; 8.000e-01 ; 2.800e+00 ; 6.1000000e+01 ; 7.2334991e+01 
3.500e+01 ; 8.000e-01 ; 2.800e+00 ; 6.1000000e+01 ; 7.2334991e+01 
3.500e+01 ; 8.000e-01 ; 2.800e+00 ; 6.1001000e+01 ; 7.2337700e+01 
3.500e+01 ; 8.000e-01 ; 2.800e+00 ; 6.1002000e+01 ; 7.2340439e+01 
3.500e+01 ; 8.000e-01 ; 2.800e+00 ; 6.1003000e+01 ; 7.2343216e+01 
3.500e+01 ; 8.000e-01 ; 2.800e+00 ; 6.1005000e+01 ; 7.2348923e+01 
3.500e+01 ; 8.000e-01 ; 2.800e+00 ; 6.1009000e+01 ; 7.2360901e+01 
3.500e+01 ; 8.000e-01 ; 2.800e+00 ; 6.1017000e+01 ; 7.2387131e+01 
3.500e+01 ; 8.000e-01 ; 2.800e+00 ; 6.1033000e+01 ; 7.2448296e+01 
3.500e+01 ; 8.000e-01 ; 2.800e+00 ; 6.1065000e+01 ; 7.2602768e+01 
3.500e+01 ; 8.000e-01 ; 2.800e+00 ; 6.1129000e+01 ; 7.3020905e+01 
3.500e+01 ; 8.000e-01 ; 2.800e+00 ; 6.1257000e+01 ; 7.4168419e+01 
3.500e+01 ; 8.000e-01 ; 2.800e+00 ; 6.1513000e+01 ; 7.7039589e+01 
3.500e+01 ; 8.000e-01 ; 2.800e+00 ; 6.2000000e+01 ; 8.2389084e+01 
3.500e+01 ; 8.000e-01 ; 2.800e+00 ; 6.2000000e+01 ; 8.2389084e+01 
3.500e+01 ; 8.000e-01 ; 2.800e+00 ; 6.2001000e+01 ; 8.2402901e+01 
3.500e+01 ; 8.000e-01 ; 2.800e+00 ; 6.2002000e+01 ; 8.2416718e+01 
3.500e+01 ; 8.000e-01 ; 2.800e+00 ; 6.2003000e+01 ; 8.2430534e+01 
3.500e+01 ; 8.000e-01 ; 2.800e+00 ; 6.2005000e+01 ; 8.2458160e+01 
3.500e+01 ; 8.000e-01 ; 2.800e+00 ; 6.2009000e+01 ; 8.2513412e+01 
3.500e+01 ; 8.000e-01 ; 2.800e+00 ; 6.2017000e+01 ; 8.2623848e+01 
3.500e+01 ; 8.000e-01 ; 2.800e+00 ; 6.2033000e+01 ; 8.2844437e+01 
3.500e+01 ; 8.000e-01 ; 2.800e+00 ; 6.2065000e+01 ; 8.3283875e+01 
3.500e+01 ; 8.000e-01 ; 2.800e+00 ; 6.2129000e+01 ; 8.4152084e+01 
3.500e+01 ; 8.000e-01 ; 2.800e+00 ; 6.2257000e+01 ; 8.5822601e+01 
3.500e+01 ; 8.000e-01 ; 2.800e+00 ; 6.2513000e+01 ; 8.8792160e+01 
3.500e+01 ; 8.000e-01 ; 2.800e+00 ; 6.3000000e+01 ; 9.2903595e+01 
3.500e+01 ; 8.000e-01 ; 2.800e+00 ; 6.3000000e+01 ; 9.2903595e+01 
3.500e+01 ; 8.000e-01 ; 2.800e+00 ; 6.3001000e+01 ; 9.2912025e+01 
3.500e+01 ; 8.000e-01 ; 2.800e+00 ; 6.3002000e+01 ; 9.2920441e+01 
3.500e+01 ; 8.000e-01 ; 2.800e+00 ; 6.3003000e+01 ; 9.2928848e+01 
3.500e+01 ; 8.000e-01 ; 2.800e+00 ; 6.3005000e+01 ; 9.2945602e+01 
3.500e+01 ; 8.000e-01 ; 2.800e+00 ; 6.3009000e+01 ; 9.2978912e+01 
3.500e+01 ; 8.000e-01 ; 2.800e+00 ; 6.3017000e+01 ; 9.3044724e+01 
3.500e+01 ; 8.000e-01 ; 2.800e+00 ; 6.3033000e+01 ; 9.3173164e+01 
3.500e+01 ; 8.000e-01 ; 2.800e+00 ; 6.3065000e+01 ; 9.3417793e+01 
3.500e+01 ; 8.000e-01 ; 2.800e+00 ; 6.3129000e+01 ; 9.3861313e+01 
3.500e+01 ; 8.000e-01 ; 2.800e+00 ; 6.3257000e+01 ; 9.4588585e+01 
3.500e+01 ; 8.000e-01 ; 2.800e+00 ; 6.3513000e+01 ; 9.5549469e+01 
3.500e+01 ; 8.000e-01 ; 2.800e+00 ; 6.4000000e+01 ; 9.6246735e+01 
3.500e+01 ; 8.000e-01 ; 2.800e+00 ; 6.4000000e+01 ; 9.6246735e+01 
3.500e+01 ; 8.000e-01 ; 2.800e+00 ; 6.4001000e+01 ; 9.6248161e+01 
3.500e+01 ; 8.000e-01 ; 2.800e+00 ; 6.4002000e+01 ; 9.6249588e+01 
3.500e+01 ; 8.000e-01 ; 2.800e+00 ; 6.4003000e+01 ; 9.6250999e+01 
3.500e+01 ; 8.000e-01 ; 2.800e+00 ; 6.4005000e+01 ; 9.6253815e+01 
3.500e+01 ; 8.000e-01 ; 2.800e+00 ; 6.4009000e+01 ; 9.6259377e+01 
3.500e+01 ; 8.000e-01 ; 2.800e+00 ; 6.4017000e+01 ; 9.6270187e+01 
3.500e+01 ; 8.000e-01 ; 2.800e+00 ; 6.4033000e+01 ; 9.6290642e+01 
3.500e+01 ; 8.000e-01 ; 2.800e+00 ; 6.4065000e+01 ; 9.6327003e+01 
3.500e+01 ; 8.000e-01 ; 2.800e+00 ; 6.4129000e+01 ; 9.6382843e+01 
3.500e+01 ; 8.000e-01 ; 2.800e+00 ; 6.4257000e+01 ; 9.6435814e+01 
3.500e+01 ; 8.000e-01 ; 2.800e+00 ; 6.4513000e+01 ; 9.6363380e+01 
3.500e+01 ; 8.000e-01 ; 2.800e+00 ; 6.5000000e+01 ; 9.5837280e+01 
3.500e+01 ; 8.000e-01 ; 2.800e+00 ; 6.5000000e+01 ; 9.5837280e+01 
3.500e+01 ; 8.000e-01 ; 2.800e+00 ; 6.5001000e+01 ; 9.5836197e+01 
3.500e+01 ; 8.000e-01 ; 2.800e+00 ; 6.5002000e+01 ; 9.5835114e+01 
3.500e+01 ; 8.000e-01 ; 2.800e+00 ; 6.5003000e+01 ; 9.5834030e+01 
3.500e+01 ; 8.000e-01 ; 2.800e+00 ; 6.5005000e+01 ; 9.5831848e+01 
3.500e+01 ; 8.000e-01 ; 2.800e+00 ; 6.5009000e+01 ; 9.5827469e+01 
3.500e+01 ; 8.000e-01 ; 2.800e+00 ; 6.5017000e+01 ; 9.5818611e+01 
3.500e+01 ; 8.000e-01 ; 2.800e+00 ; 6.5033000e+01 ; 9.5800484e+01 
3.500e+01 ; 8.000e-01 ; 2.800e+00 ; 6.5065000e+01 ; 9.5762703e+01 
3.500e+01 ; 8.000e-01 ; 2.800e+00 ; 6.5129000e+01 ; 9.5681503e+01 
3.500e+01 ; 8.000e-01 ; 2.800e+00 ; 6.5257000e+01 ; 9.5500130e+01 
3.500e+01 ; 8.000e-01 ; 2.800e+00 ; 6.5513000e+01 ; 9.5083672e+01 
3.500e+01 ; 8.000e-01 ; 2.800e+00 ; 6.6000000e+01 ; 9.4194702e+01 
3.500e+01 ; 8.000e-01 ; 2.800e+00 ; 6.6000000e+01 ; 9.4194702e+01 
3.500e+01 ; 8.000e-01 ; 2.800e+00 ; 6.6001000e+01 ; 9.4192879e+01 
3.500e+01 ; 8.000e-01 ; 2.800e+00 ; 6.6002000e+01 ; 9.4191055e+01 
3.500e+01 ; 8.000e-01 ; 2.800e+00 ; 6.6003000e+01 ; 9.4189224e+01 
3.500e+01 ; 8.000e-01 ; 2.800e+00 ; 6.6005000e+01 ; 9.4185570e+01 
3.500e+01 ; 8.000e-01 ; 2.800e+00 ; 6.6009000e+01 ; 9.4178253e+01 
3.500e+01 ; 8.000e-01 ; 2.800e+00 ; 6.6017000e+01 ; 9.4163597e+01 
3.500e+01 ; 8.000e-01 ; 2.800e+00 ; 6.6033000e+01 ; 9.4134186e+01 
3.500e+01 ; 8.000e-01 ; 2.800e+00 ; 6.6065000e+01 ; 9.4074997e+01 
3.500e+01 ; 8.000e-01 ; 2.800e+00 ; 6.6129000e+01 ; 9.3955360e+01 
3.500e+01 ; 8.000e-01 ; 2.800e+00 ; 6.6257000e+01 ; 9.3712349e+01 
3.500e+01 ; 8.000e-01 ; 2.800e+00 ; 6.6513000e+01 ; 9.3219559e+01 
3.500e+01 ; 8.000e-01 ; 2.800e+00 ; 6.7000000e+01 ; 9.2291748e+01 
3.500e+01 ; 8.000e-01 ; 2.800e+00 ; 6.7000000e+01 ; 9.2291748e+01 
3.500e+01 ; 8.000e-01 ; 2.800e+00 ; 6.7001000e+01 ; 9.2289848e+01 
3.500e+01 ; 8.000e-01 ; 2.800e+00 ; 6.7002000e+01 ; 9.2287941e+01 
3.500e+01 ; 8.000e-01 ; 2.800e+00 ; 6.7003000e+01 ; 9.2286034e+01 
3.500e+01 ; 8.000e-01 ; 2.800e+00 ; 6.7005000e+01 ; 9.2282227e+01 
3.500e+01 ; 8.000e-01 ; 2.800e+00 ; 6.7009000e+01 ; 9.2274605e+01 
3.500e+01 ; 8.000e-01 ; 2.800e+00 ; 6.7017000e+01 ; 9.2259369e+01 
3.500e+01 ; 8.000e-01 ; 2.800e+00 ; 6.7033000e+01 ; 9.2228912e+01 
3.500e+01 ; 8.000e-01 ; 2.800e+00 ; 6.7065000e+01 ; 9.2168060e+01 
3.500e+01 ; 8.000e-01 ; 2.800e+00 ; 6.7129000e+01 ; 9.2046654e+01 
3.500e+01 ; 8.000e-01 ; 2.800e+00 ; 6.7257000e+01 ; 9.1805527e+01 
3.500e+01 ; 8.000e-01 ; 2.800e+00 ; 6.7513000e+01 ; 9.1332542e+01 
3.500e+01 ; 8.000e-01 ; 2.800e+00 ; 6.8000000e+01 ; 9.0475822e+01 
3.500e+01 ; 8.000e-01 ; 2.800e+00 ; 6.8000000e+01 ; 9.0475822e+01 
3.500e+01 ; 8.000e-01 ; 2.800e+00 ; 6.8001000e+01 ; 9.0474060e+01 
3.500e+01 ; 8.000e-01 ; 2.800e+00 ; 6.8002000e+01 ; 9.0472305e+01 
3.500e+01 ; 8.000e-01 ; 2.800e+00 ; 6.8003000e+01 ; 9.0470543e+01 
3.500e+01 ; 8.000e-01 ; 2.800e+00 ; 6.8005000e+01 ; 9.0467026e+01 
3.500e+01 ; 8.000e-01 ; 2.800e+00 ; 6.8009000e+01 ; 9.0459999e+01 
3.500e+01 ; 8.000e-01 ; 2.800e+00 ; 6.8017000e+01 ; 9.0445953e+01 
3.500e+01 ; 8.000e-01 ; 2.800e+00 ; 6.8033000e+01 ; 9.0417900e+01 
3.500e+01 ; 8.000e-01 ; 2.800e+00 ; 6.8065000e+01 ; 9.0361992e+01 
3.500e+01 ; 8.000e-01 ; 2.800e+00 ; 6.8129000e+01 ; 9.0250954e+01 
3.500e+01 ; 8.000e-01 ; 2.800e+00 ; 6.8257000e+01 ; 9.0032112e+01 
3.500e+01 ; 8.000e-01 ; 2.800e+00 ; 6.8513000e+01 ; 8.9607819e+01 
3.500e+01 ; 8.000e-01 ; 2.800e+00 ; 6.9000000e+01 ; 8.8849564e+01 
3.500e+01 ; 8.000e-01 ; 2.800e+00 ; 6.9000000e+01 ; 8.8849564e+01 
3.500e+01 ; 8.000e-01 ; 2.800e+00 ; 6.9001000e+01 ; 8.8848007e+01 
3.500e+01 ; 8.000e-01 ; 2.800e+00 ; 6.9002000e+01 ; 8.8846451e+01 
3.500e+01 ; 8.000e-01 ; 2.800e+00 ; 6.9003000e+01 ; 8.8844894e+01 
3.500e+01 ; 8.000e-01 ; 2.800e+00 ; 6.9005000e+01 ; 8.8841782e+01 
3.500e+01 ; 8.000e-01 ; 2.800e+00 ; 6.9009000e+01 ; 8.8835564e+01 
3.500e+01 ; 8.000e-01 ; 2.800e+00 ; 6.9017000e+01 ; 8.8823135e+01 
3.500e+01 ; 8.000e-01 ; 2.800e+00 ; 6.9033000e+01 ; 8.8798332e+01 
3.500e+01 ; 8.000e-01 ; 2.800e+00 ; 6.9065000e+01 ; 8.8748932e+01 
3.500e+01 ; 8.000e-01 ; 2.800e+00 ; 6.9129000e+01 ; 8.8650986e+01 
3.500e+01 ; 8.000e-01 ; 2.800e+00 ; 6.9257000e+01 ; 8.8458458e+01 
3.500e+01 ; 8.000e-01 ; 2.800e+00 ; 6.9513000e+01 ; 8.8086586e+01 
3.500e+01 ; 8.000e-01 ; 2.800e+00 ; 7.0000000e+01 ; 8.7424347e+01 
3.500e+01 ; 8.000e-01 ; 2.800e+00 ; 7.0000000e+01 ; 8.7424347e+01 
3.500e+01 ; 8.000e-01 ; 2.800e+00 ; 7.0001000e+01 ; 8.7422989e+01 
3.500e+01 ; 8.000e-01 ; 2.800e+00 ; 7.0002000e+01 ; 8.7421631e+01 
3.500e+01 ; 8.000e-01 ; 2.800e+00 ; 7.0003000e+01 ; 8.7420273e+01 
3.500e+01 ; 8.000e-01 ; 2.800e+00 ; 7.0005000e+01 ; 8.7417557e+01 
3.500e+01 ; 8.000e-01 ; 2.800e+00 ; 7.0009000e+01 ; 8.7412117e+01 
3.500e+01 ; 8.000e-01 ; 2.800e+00 ; 7.0017000e+01 ; 8.7401268e+01 
3.500e+01 ; 8.000e-01 ; 2.800e+00 ; 7.0033000e+01 ; 8.7379608e+01 
3.500e+01 ; 8.000e-01 ; 2.800e+00 ; 7.0065000e+01 ; 8.7336494e+01 
3.500e+01 ; 8.000e-01 ; 2.800e+00 ; 7.0129000e+01 ; 8.7251022e+01 
3.500e+01 ; 8.000e-01 ; 2.800e+00 ; 7.0257000e+01 ; 8.7083099e+01 
3.500e+01 ; 8.000e-01 ; 2.800e+00 ; 7.0513000e+01 ; 8.6758888e+01 
3.500e+01 ; 8.000e-01 ; 2.800e+00 ; 7.1000000e+01 ; 8.6181107e+01 
3.500e+01 ; 8.000e-01 ; 2.800e+00 ; 7.1000000e+01 ; 8.6181107e+01 
3.500e+01 ; 8.000e-01 ; 2.800e+00 ; 7.1001000e+01 ; 8.6179924e+01 
3.500e+01 ; 8.000e-01 ; 2.800e+00 ; 7.1002000e+01 ; 8.6178734e+01 
3.500e+01 ; 8.000e-01 ; 2.800e+00 ; 7.1003000e+01 ; 8.6177551e+01 
3.500e+01 ; 8.000e-01 ; 2.800e+00 ; 7.1005000e+01 ; 8.6175179e+01 
3.500e+01 ; 8.000e-01 ; 2.800e+00 ; 7.1009000e+01 ; 8.6170441e+01 
3.500e+01 ; 8.000e-01 ; 2.800e+00 ; 7.1017000e+01 ; 8.6160973e+01 
3.500e+01 ; 8.000e-01 ; 2.800e+00 ; 7.1033000e+01 ; 8.6142075e+01 
3.500e+01 ; 8.000e-01 ; 2.800e+00 ; 7.1065000e+01 ; 8.6104446e+01 
3.500e+01 ; 8.000e-01 ; 2.800e+00 ; 7.1129000e+01 ; 8.6029854e+01 
3.500e+01 ; 8.000e-01 ; 2.800e+00 ; 7.1257000e+01 ; 8.5883247e+01 
3.500e+01 ; 8.000e-01 ; 2.800e+00 ; 7.1513000e+01 ; 8.5599892e+01 
3.500e+01 ; 8.000e-01 ; 2.800e+00 ; 7.2000000e+01 ; 8.5093605e+01 
3.500e+01 ; 8.000e-01 ; 2.800e+00 ; 7.2000000e+01 ; 8.5093605e+01 
3.500e+01 ; 8.000e-01 ; 2.800e+00 ; 7.2001000e+01 ; 8.5092567e+01 
3.500e+01 ; 8.000e-01 ; 2.800e+00 ; 7.2002000e+01 ; 8.5091522e+01 
3.500e+01 ; 8.000e-01 ; 2.800e+00 ; 7.2003000e+01 ; 8.5090485e+01 
3.500e+01 ; 8.000e-01 ; 2.800e+00 ; 7.2005000e+01 ; 8.5088409e+01 
3.500e+01 ; 8.000e-01 ; 2.800e+00 ; 7.2009000e+01 ; 8.5084251e+01 
3.500e+01 ; 8.000e-01 ; 2.800e+00 ; 7.2017000e+01 ; 8.5075958e+01 
3.500e+01 ; 8.000e-01 ; 2.800e+00 ; 7.2033000e+01 ; 8.5059395e+01 
3.500e+01 ; 8.000e-01 ; 2.800e+00 ; 7.2065000e+01 ; 8.5026413e+01 
3.500e+01 ; 8.000e-01 ; 2.800e+00 ; 7.2129000e+01 ; 8.4960999e+01 
3.500e+01 ; 8.000e-01 ; 2.800e+00 ; 7.2257000e+01 ; 8.4832329e+01 
3.500e+01 ; 8.000e-01 ; 2.800e+00 ; 7.2513000e+01 ; 8.4583237e+01 
3.500e+01 ; 8.000e-01 ; 2.800e+00 ; 7.3000000e+01 ; 8.4136681e+01 
3.500e+01 ; 8.000e-01 ; 2.800e+00 ; 7.3000000e+01 ; 8.4136681e+01 
3.500e+01 ; 8.000e-01 ; 2.800e+00 ; 7.3001000e+01 ; 8.4135757e+01 
3.500e+01 ; 8.000e-01 ; 2.800e+00 ; 7.3002000e+01 ; 8.4134842e+01 
3.500e+01 ; 8.000e-01 ; 2.800e+00 ; 7.3003000e+01 ; 8.4133926e+01 
3.500e+01 ; 8.000e-01 ; 2.800e+00 ; 7.3005000e+01 ; 8.4132095e+01 
3.500e+01 ; 8.000e-01 ; 2.800e+00 ; 7.3009000e+01 ; 8.4128433e+01 
3.500e+01 ; 8.000e-01 ; 2.800e+00 ; 7.3017000e+01 ; 8.4121109e+01 
3.500e+01 ; 8.000e-01 ; 2.800e+00 ; 7.3033000e+01 ; 8.4106499e+01 
3.500e+01 ; 8.000e-01 ; 2.800e+00 ; 7.3065000e+01 ; 8.4077393e+01 
3.500e+01 ; 8.000e-01 ; 2.800e+00 ; 7.3129000e+01 ; 8.4019646e+01 
3.500e+01 ; 8.000e-01 ; 2.800e+00 ; 7.3257000e+01 ; 8.3905945e+01 
3.500e+01 ; 8.000e-01 ; 2.800e+00 ; 7.3513000e+01 ; 8.3685417e+01 
3.500e+01 ; 8.000e-01 ; 2.800e+00 ; 7.4000000e+01 ; 8.3288689e+01 
3.500e+01 ; 8.000e-01 ; 2.800e+00 ; 7.4000000e+01 ; 8.3288689e+01 
3.500e+01 ; 8.000e-01 ; 2.800e+00 ; 7.4001000e+01 ; 8.3287872e+01 
3.500e+01 ; 8.000e-01 ; 2.800e+00 ; 7.4002000e+01 ; 8.3287056e+01 
3.500e+01 ; 8.000e-01 ; 2.800e+00 ; 7.4003000e+01 ; 8.3286240e+01 
3.500e+01 ; 8.000e-01 ; 2.800e+00 ; 7.4005000e+01 ; 8.3284615e+01 
3.500e+01 ; 8.000e-01 ; 2.800e+00 ; 7.4009000e+01 ; 8.3281357e+01 
3.500e+01 ; 8.000e-01 ; 2.800e+00 ; 7.4017000e+01 ; 8.3274857e+01 
3.500e+01 ; 8.000e-01 ; 2.800e+00 ; 7.4033000e+01 ; 8.3261871e+01 
3.500e+01 ; 8.000e-01 ; 2.800e+00 ; 7.4065000e+01 ; 8.3236000e+01 
3.500e+01 ; 8.000e-01 ; 2.800e+00 ; 7.4129000e+01 ; 8.3184647e+01 
3.500e+01 ; 8.000e-01 ; 2.800e+00 ; 7.4257000e+01 ; 8.3083443e+01 
3.500e+01 ; 8.000e-01 ; 2.800e+00 ; 7.4513000e+01 ; 8.2886765e+01 
3.500e+01 ; 8.000e-01 ; 2.800e+00 ; 7.5000000e+01 ; 8.2531761e+01 
3.500e+01 ; 8.000e-01 ; 2.800e+00 ; 7.5000000e+01 ; 8.2531761e+01 
3.500e+01 ; 8.000e-01 ; 2.800e+00 ; 7.5001000e+01 ; 8.2531029e+01 
3.500e+01 ; 8.000e-01 ; 2.800e+00 ; 7.5002000e+01 ; 8.2530304e+01 
3.500e+01 ; 8.000e-01 ; 2.800e+00 ; 7.5003000e+01 ; 8.2529572e+01 
3.500e+01 ; 8.000e-01 ; 2.800e+00 ; 7.5005000e+01 ; 8.2528114e+01 
3.500e+01 ; 8.000e-01 ; 2.800e+00 ; 7.5009000e+01 ; 8.2525200e+01 
3.500e+01 ; 8.000e-01 ; 2.800e+00 ; 7.5017000e+01 ; 8.2519379e+01 
3.500e+01 ; 8.000e-01 ; 2.800e+00 ; 7.5033000e+01 ; 8.2507759e+01 
3.500e+01 ; 8.000e-01 ; 2.800e+00 ; 7.5065000e+01 ; 8.2484596e+01 
3.500e+01 ; 8.000e-01 ; 2.800e+00 ; 7.5129000e+01 ; 8.2438599e+01 
3.500e+01 ; 8.000e-01 ; 2.800e+00 ; 7.5257000e+01 ; 8.2347870e+01 
3.500e+01 ; 8.000e-01 ; 2.800e+00 ; 7.5513000e+01 ; 8.2171234e+01 
3.500e+01 ; 8.000e-01 ; 2.800e+00 ; 7.6000000e+01 ; 8.1851364e+01 
3.500e+01 ; 8.000e-01 ; 2.800e+00 ; 7.6000000e+01 ; 8.1851364e+01 
3.500e+01 ; 8.000e-01 ; 2.800e+00 ; 7.6001000e+01 ; 8.1850708e+01 
3.500e+01 ; 8.000e-01 ; 2.800e+00 ; 7.6002000e+01 ; 8.1850052e+01 
3.500e+01 ; 8.000e-01 ; 2.800e+00 ; 7.6003000e+01 ; 8.1849396e+01 
3.500e+01 ; 8.000e-01 ; 2.800e+00 ; 7.6005000e+01 ; 8.1848083e+01 
3.500e+01 ; 8.000e-01 ; 2.800e+00 ; 7.6009000e+01 ; 8.1845459e+01 
3.500e+01 ; 8.000e-01 ; 2.800e+00 ; 7.6017000e+01 ; 8.1840233e+01 
3.500e+01 ; 8.000e-01 ; 2.800e+00 ; 7.6033000e+01 ; 8.1829857e+01 
3.500e+01 ; 8.000e-01 ; 2.800e+00 ; 7.6065000e+01 ; 8.1809715e+01 
3.500e+01 ; 8.000e-01 ; 2.800e+00 ; 7.6129000e+01 ; 8.1773430e+01 
3.500e+01 ; 8.000e-01 ; 2.800e+00 ; 7.6257000e+01 ; 8.1724617e+01 
3.500e+01 ; 8.000e-01 ; 2.800e+00 ; 7.6513000e+01 ; 8.1740677e+01 
3.500e+01 ; 8.000e-01 ; 2.800e+00 ; 7.7000000e+01 ; 8.2100037e+01 
3.500e+01 ; 8.000e-01 ; 2.800e+00 ; 7.7000000e+01 ; 8.2100037e+01 
3.500e+01 ; 8.000e-01 ; 2.800e+00 ; 7.7001000e+01 ; 8.2100777e+01 
3.500e+01 ; 8.000e-01 ; 2.800e+00 ; 7.7002000e+01 ; 8.2101517e+01 
3.500e+01 ; 8.000e-01 ; 2.800e+00 ; 7.7003000e+01 ; 8.2102257e+01 
3.500e+01 ; 8.000e-01 ; 2.800e+00 ; 7.7005000e+01 ; 8.2103752e+01 
3.500e+01 ; 8.000e-01 ; 2.800e+00 ; 7.7009000e+01 ; 8.2106750e+01 
3.500e+01 ; 8.000e-01 ; 2.800e+00 ; 7.7017000e+01 ; 8.2112839e+01 
3.500e+01 ; 8.000e-01 ; 2.800e+00 ; 7.7033000e+01 ; 8.2125381e+01 
3.500e+01 ; 8.000e-01 ; 2.800e+00 ; 7.7065000e+01 ; 8.2151871e+01 
3.500e+01 ; 8.000e-01 ; 2.800e+00 ; 7.7129000e+01 ; 8.2210396e+01 
3.500e+01 ; 8.000e-01 ; 2.800e+00 ; 7.7257000e+01 ; 8.2347992e+01 
3.500e+01 ; 8.000e-01 ; 2.800e+00 ; 7.7513000e+01 ; 8.2686897e+01 
3.500e+01 ; 8.000e-01 ; 2.800e+00 ; 7.8000000e+01 ; 8.3432991e+01 
3.500e+01 ; 8.000e-01 ; 2.800e+00 ; 7.8000000e+01 ; 8.3432991e+01 
3.500e+01 ; 8.000e-01 ; 2.800e+00 ; 7.8001000e+01 ; 8.3434525e+01 
3.500e+01 ; 8.000e-01 ; 2.800e+00 ; 7.8002000e+01 ; 8.3436058e+01 
3.500e+01 ; 8.000e-01 ; 2.800e+00 ; 7.8003000e+01 ; 8.3437592e+01 
3.500e+01 ; 8.000e-01 ; 2.800e+00 ; 7.8005000e+01 ; 8.3440659e+01 
3.500e+01 ; 8.000e-01 ; 2.800e+00 ; 7.8009000e+01 ; 8.3446800e+01 
3.500e+01 ; 8.000e-01 ; 2.800e+00 ; 7.8017000e+01 ; 8.3459114e+01 
3.500e+01 ; 8.000e-01 ; 2.800e+00 ; 7.8033000e+01 ; 8.3483833e+01 
3.500e+01 ; 8.000e-01 ; 2.800e+00 ; 7.8065000e+01 ; 8.3533630e+01 
3.500e+01 ; 8.000e-01 ; 2.800e+00 ; 7.8129000e+01 ; 8.3634254e+01 
3.500e+01 ; 8.000e-01 ; 2.800e+00 ; 7.8257000e+01 ; 8.3837280e+01 
3.500e+01 ; 8.000e-01 ; 2.800e+00 ; 7.8513000e+01 ; 8.4234802e+01 
3.500e+01 ; 8.000e-01 ; 2.800e+00 ; 7.9000000e+01 ; 8.4894142e+01 
3.500e+01 ; 8.000e-01 ; 2.800e+00 ; 7.9000000e+01 ; 8.4894142e+01 
3.500e+01 ; 8.000e-01 ; 2.800e+00 ; 7.9001000e+01 ; 8.4895500e+01 
3.500e+01 ; 8.000e-01 ; 2.800e+00 ; 7.9002000e+01 ; 8.4896851e+01 
3.500e+01 ; 8.000e-01 ; 2.800e+00 ; 7.9003000e+01 ; 8.4898201e+01 
3.500e+01 ; 8.000e-01 ; 2.800e+00 ; 7.9005000e+01 ; 8.4900909e+01 
3.500e+01 ; 8.000e-01 ; 2.800e+00 ; 7.9009000e+01 ; 8.4906311e+01 
3.500e+01 ; 8.000e-01 ; 2.800e+00 ; 7.9017000e+01 ; 8.4917084e+01 
3.500e+01 ; 8.000e-01 ; 2.800e+00 ; 7.9033000e+01 ; 8.4938515e+01 
3.500e+01 ; 8.000e-01 ; 2.800e+00 ; 7.9065000e+01 ; 8.4980896e+01 
3.500e+01 ; 8.000e-01 ; 2.800e+00 ; 7.9129000e+01 ; 8.5063484e+01 
3.500e+01 ; 8.000e-01 ; 2.800e+00 ; 7.9257000e+01 ; 8.5218552e+01 
3.500e+01 ; 8.000e-01 ; 2.800e+00 ; 7.9513000e+01 ; 8.5482193e+01 
3.500e+01 ; 8.000e-01 ; 2.800e+00 ; 8.0000000e+01 ; 8.5809547e+01 
3.500e+01 ; 8.000e-01 ; 2.800e+00 ; 8.0000000e+01 ; 8.5809547e+01 
3.500e+01 ; 8.000e-01 ; 2.800e+00 ; 8.0001000e+01 ; 8.5810219e+01 
3.500e+01 ; 8.000e-01 ; 2.800e+00 ; 8.0002000e+01 ; 8.5810890e+01 
3.500e+01 ; 8.000e-01 ; 2.800e+00 ; 8.0003000e+01 ; 8.5811562e+01 
3.500e+01 ; 8.000e-01 ; 2.800e+00 ; 8.0005000e+01 ; 8.5812897e+01 
3.500e+01 ; 8.000e-01 ; 2.800e+00 ; 8.0009000e+01 ; 8.5815559e+01 
3.500e+01 ; 8.000e-01 ; 2.800e+00 ; 8.0017000e+01 ; 8.5820839e+01 
3.500e+01 ; 8.000e-01 ; 2.800e+00 ; 8.0033000e+01 ; 8.5831207e+01 
3.500e+01 ; 8.000e-01 ; 2.800e+00 ; 8.0065000e+01 ; 8.5851181e+01 
3.500e+01 ; 8.000e-01 ; 2.800e+00 ; 8.0129000e+01 ; 8.5888130e+01 
3.500e+01 ; 8.000e-01 ; 2.800e+00 ; 8.0257000e+01 ; 8.5950127e+01 
3.500e+01 ; 8.000e-01 ; 2.800e+00 ; 8.0513000e+01 ; 8.6028770e+01 
3.500e+01 ; 8.000e-01 ; 2.800e+00 ; 8.1000000e+01 ; 8.6036369e+01 
3.500e+01 ; 8.000e-01 ; 2.800e+00 ; 8.1000000e+01 ; 8.6036369e+01 
3.500e+01 ; 8.000e-01 ; 2.800e+00 ; 8.1001000e+01 ; 8.6036385e+01 
3.500e+01 ; 8.000e-01 ; 2.800e+00 ; 8.1002000e+01 ; 8.6036400e+01 
3.500e+01 ; 8.000e-01 ; 2.800e+00 ; 8.1003000e+01 ; 8.6036415e+01 
3.500e+01 ; 8.000e-01 ; 2.800e+00 ; 8.1005000e+01 ; 8.6036438e+01 
3.500e+01 ; 8.000e-01 ; 2.800e+00 ; 8.1009000e+01 ; 8.6036484e+01 
3.500e+01 ; 8.000e-01 ; 2.800e+00 ; 8.1017000e+01 ; 8.6036522e+01 
3.500e+01 ; 8.000e-01 ; 2.800e+00 ; 8.1033000e+01 ; 8.6036461e+01 
3.500e+01 ; 8.000e-01 ; 2.800e+00 ; 8.1065000e+01 ; 8.6035736e+01 
3.500e+01 ; 8.000e-01 ; 2.800e+00 ; 8.1129000e+01 ; 8.6031929e+01 
3.500e+01 ; 8.000e-01 ; 2.800e+00 ; 8.1257000e+01 ; 8.6015373e+01 
3.500e+01 ; 8.000e-01 ; 2.800e+00 ; 8.1513000e+01 ; 8.5950027e+01 
3.500e+01 ; 8.000e-01 ; 2.800e+00 ; 8.2000000e+01 ; 8.5731995e+01 
3.500e+01 ; 8.000e-01 ; 2.800e+00 ; 8.2000000e+01 ; 8.5731995e+01 
3.500e+01 ; 8.000e-01 ; 2.800e+00 ; 8.2001000e+01 ; 8.5731552e+01 
3.500e+01 ; 8.000e-01 ; 2.800e+00 ; 8.2002000e+01 ; 8.5731102e+01 
3.500e+01 ; 8.000e-01 ; 2.800e+00 ; 8.2003000e+01 ; 8.5730652e+01 
3.500e+01 ; 8.000e-01 ; 2.800e+00 ; 8.2005000e+01 ; 8.5729752e+01 
3.500e+01 ; 8.000e-01 ; 2.800e+00 ; 8.2009000e+01 ; 8.5727943e+01 
3.500e+01 ; 8.000e-01 ; 2.800e+00 ; 8.2017000e+01 ; 8.5724312e+01 
3.500e+01 ; 8.000e-01 ; 2.800e+00 ; 8.2033000e+01 ; 8.5716942e+01 
3.500e+01 ; 8.000e-01 ; 2.800e+00 ; 8.2065000e+01 ; 8.5701813e+01 
3.500e+01 ; 8.000e-01 ; 2.800e+00 ; 8.2129000e+01 ; 8.5670036e+01 
3.500e+01 ; 8.000e-01 ; 2.800e+00 ; 8.2257000e+01 ; 8.5600815e+01 
3.500e+01 ; 8.000e-01 ; 2.800e+00 ; 8.2513000e+01 ; 8.5442657e+01 
3.500e+01 ; 8.000e-01 ; 2.800e+00 ; 8.3000000e+01 ; 8.5087631e+01 
3.500e+01 ; 8.000e-01 ; 2.800e+00 ; 8.3000000e+01 ; 8.5087631e+01 
3.500e+01 ; 8.000e-01 ; 2.800e+00 ; 8.3001000e+01 ; 8.5086899e+01 
3.500e+01 ; 8.000e-01 ; 2.800e+00 ; 8.3002000e+01 ; 8.5086174e+01 
3.500e+01 ; 8.000e-01 ; 2.800e+00 ; 8.3003000e+01 ; 8.5085442e+01 
3.500e+01 ; 8.000e-01 ; 2.800e+00 ; 8.3005000e+01 ; 8.5083984e+01 
3.500e+01 ; 8.000e-01 ; 2.800e+00 ; 8.3009000e+01 ; 8.5081055e+01 
3.500e+01 ; 8.000e-01 ; 2.800e+00 ; 8.3017000e+01 ; 8.5075195e+01 
3.500e+01 ; 8.000e-01 ; 2.800e+00 ; 8.3033000e+01 ; 8.5063416e+01 
3.500e+01 ; 8.000e-01 ; 2.800e+00 ; 8.3065000e+01 ; 8.5039619e+01 
3.500e+01 ; 8.000e-01 ; 2.800e+00 ; 8.3129000e+01 ; 8.4991180e+01 
3.500e+01 ; 8.000e-01 ; 2.800e+00 ; 8.3257000e+01 ; 8.4891151e+01 
3.500e+01 ; 8.000e-01 ; 2.800e+00 ; 8.3513000e+01 ; 8.4680534e+01 
3.500e+01 ; 8.000e-01 ; 2.800e+00 ; 8.4000000e+01 ; 8.4253082e+01 
3.500e+01 ; 8.000e-01 ; 2.800e+00 ; 8.4000000e+01 ; 8.4253082e+01 
3.500e+01 ; 8.000e-01 ; 2.800e+00 ; 8.4001000e+01 ; 8.4252205e+01 
3.500e+01 ; 8.000e-01 ; 2.800e+00 ; 8.4002000e+01 ; 8.4251328e+01 
3.500e+01 ; 8.000e-01 ; 2.800e+00 ; 8.4003000e+01 ; 8.4250450e+01 
3.500e+01 ; 8.000e-01 ; 2.800e+00 ; 8.4005000e+01 ; 8.4248695e+01 
3.500e+01 ; 8.000e-01 ; 2.800e+00 ; 8.4009000e+01 ; 8.4245178e+01 
3.500e+01 ; 8.000e-01 ; 2.800e+00 ; 8.4017000e+01 ; 8.4238136e+01 
3.500e+01 ; 8.000e-01 ; 2.800e+00 ; 8.4033000e+01 ; 8.4224037e+01 
3.500e+01 ; 8.000e-01 ; 2.800e+00 ; 8.4065000e+01 ; 8.4195724e+01 
3.500e+01 ; 8.000e-01 ; 2.800e+00 ; 8.4129000e+01 ; 8.4138687e+01 
3.500e+01 ; 8.000e-01 ; 2.800e+00 ; 8.4257000e+01 ; 8.4023148e+01 
3.500e+01 ; 8.000e-01 ; 2.800e+00 ; 8.4513000e+01 ; 8.3787514e+01 
3.500e+01 ; 8.000e-01 ; 2.800e+00 ; 8.5000000e+01 ; 8.3329933e+01 
3.500e+01 ; 8.000e-01 ; 2.800e+00 ; 8.5000000e+01 ; 8.3329933e+01 
3.500e+01 ; 8.000e-01 ; 2.800e+00 ; 8.5001000e+01 ; 8.3328987e+01 
3.500e+01 ; 8.000e-01 ; 2.800e+00 ; 8.5002000e+01 ; 8.3328049e+01 
3.500e+01 ; 8.000e-01 ; 2.800e+00 ; 8.5003000e+01 ; 8.3327110e+01 
3.500e+01 ; 8.000e-01 ; 2.800e+00 ; 8.5005000e+01 ; 8.3325233e+01 
3.500e+01 ; 8.000e-01 ; 2.800e+00 ; 8.5009000e+01 ; 8.3321472e+01 
3.500e+01 ; 8.000e-01 ; 2.800e+00 ; 8.5017000e+01 ; 8.3313950e+01 
3.500e+01 ; 8.000e-01 ; 2.800e+00 ; 8.5033000e+01 ; 8.3298897e+01 
3.500e+01 ; 8.000e-01 ; 2.800e+00 ; 8.5065000e+01 ; 8.3268753e+01 
3.500e+01 ; 8.000e-01 ; 2.800e+00 ; 8.5129000e+01 ; 8.3208336e+01 
3.500e+01 ; 8.000e-01 ; 2.800e+00 ; 8.5257000e+01 ; 8.3087090e+01 
3.500e+01 ; 8.000e-01 ; 2.800e+00 ; 8.5513000e+01 ; 8.2843765e+01 
3.500e+01 ; 8.000e-01 ; 2.800e+00 ; 8.6000000e+01 ; 8.2382019e+01 
3.500e+01 ; 8.000e-01 ; 2.800e+00 ; 8.6000000e+01 ; 8.2382019e+01 
3.500e+01 ; 8.000e-01 ; 2.800e+00 ; 8.6001000e+01 ; 8.2381073e+01 
3.500e+01 ; 8.000e-01 ; 2.800e+00 ; 8.6002000e+01 ; 8.2380119e+01 
3.500e+01 ; 8.000e-01 ; 2.800e+00 ; 8.6003000e+01 ; 8.2379173e+01 
3.500e+01 ; 8.000e-01 ; 2.800e+00 ; 8.6005000e+01 ; 8.2377281e+01 
3.500e+01 ; 8.000e-01 ; 2.800e+00 ; 8.6009000e+01 ; 8.2373489e+01 
3.500e+01 ; 8.000e-01 ; 2.800e+00 ; 8.6017000e+01 ; 8.2365898e+01 
3.500e+01 ; 8.000e-01 ; 2.800e+00 ; 8.6033000e+01 ; 8.2350731e+01 
3.500e+01 ; 8.000e-01 ; 2.800e+00 ; 8.6065000e+01 ; 8.2320404e+01 
3.500e+01 ; 8.000e-01 ; 2.800e+00 ; 8.6129000e+01 ; 8.2259789e+01 
3.500e+01 ; 8.000e-01 ; 2.800e+00 ; 8.6257000e+01 ; 8.2138779e+01 
3.500e+01 ; 8.000e-01 ; 2.800e+00 ; 8.6513000e+01 ; 8.1898071e+01 
3.500e+01 ; 8.000e-01 ; 2.800e+00 ; 8.7000000e+01 ; 8.1447281e+01 
3.500e+01 ; 8.000e-01 ; 2.800e+00 ; 8.7000000e+01 ; 8.1447281e+01 
3.500e+01 ; 8.000e-01 ; 2.800e+00 ; 8.7001000e+01 ; 8.1446358e+01 
3.500e+01 ; 8.000e-01 ; 2.800e+00 ; 8.7002000e+01 ; 8.1445435e+01 
3.500e+01 ; 8.000e-01 ; 2.800e+00 ; 8.7003000e+01 ; 8.1444504e+01 
3.500e+01 ; 8.000e-01 ; 2.800e+00 ; 8.7005000e+01 ; 8.1442657e+01 
3.500e+01 ; 8.000e-01 ; 2.800e+00 ; 8.7009000e+01 ; 8.1438957e+01 
3.500e+01 ; 8.000e-01 ; 2.800e+00 ; 8.7017000e+01 ; 8.1431557e+01 
3.500e+01 ; 8.000e-01 ; 2.800e+00 ; 8.7033000e+01 ; 8.1416763e+01 
3.500e+01 ; 8.000e-01 ; 2.800e+00 ; 8.7065000e+01 ; 8.1387207e+01 
3.500e+01 ; 8.000e-01 ; 2.800e+00 ; 8.7129000e+01 ; 8.1328224e+01 
3.500e+01 ; 8.000e-01 ; 2.800e+00 ; 8.7257000e+01 ; 8.1210831e+01 
3.500e+01 ; 8.000e-01 ; 2.800e+00 ; 8.7513000e+01 ; 8.0978554e+01 
3.500e+01 ; 8.000e-01 ; 2.800e+00 ; 8.8000000e+01 ; 8.0546944e+01 
3.500e+01 ; 8.000e-01 ; 2.800e+00 ; 8.8000000e+01 ; 8.0546944e+01 
3.500e+01 ; 8.000e-01 ; 2.800e+00 ; 8.8001000e+01 ; 8.0546059e+01 
3.500e+01 ; 8.000e-01 ; 2.800e+00 ; 8.8002000e+01 ; 8.0545174e+01 
3.500e+01 ; 8.000e-01 ; 2.800e+00 ; 8.8003000e+01 ; 8.0544281e+01 
3.500e+01 ; 8.000e-01 ; 2.800e+00 ; 8.8005000e+01 ; 8.0542511e+01 
3.500e+01 ; 8.000e-01 ; 2.800e+00 ; 8.8009000e+01 ; 8.0538971e+01 
3.500e+01 ; 8.000e-01 ; 2.800e+00 ; 8.8017000e+01 ; 8.0531883e+01 
3.500e+01 ; 8.000e-01 ; 2.800e+00 ; 8.8033000e+01 ; 8.0517723e+01 
3.500e+01 ; 8.000e-01 ; 2.800e+00 ; 8.8065000e+01 ; 8.0489456e+01 
3.500e+01 ; 8.000e-01 ; 2.800e+00 ; 8.8129000e+01 ; 8.0433098e+01 
3.500e+01 ; 8.000e-01 ; 2.800e+00 ; 8.8257000e+01 ; 8.0321129e+01 
3.500e+01 ; 8.000e-01 ; 2.800e+00 ; 8.8513000e+01 ; 8.0100281e+01 
3.500e+01 ; 8.000e-01 ; 2.800e+00 ; 8.9000000e+01 ; 7.9691811e+01 
3.500e+01 ; 8.000e-01 ; 2.800e+00 ; 8.9000000e+01 ; 7.9691811e+01 
3.500e+01 ; 8.000e-01 ; 2.800e+00 ; 8.9001000e+01 ; 7.9690971e+01 
3.500e+01 ; 8.000e-01 ; 2.800e+00 ; 8.9002000e+01 ; 7.9690132e+01 
3.500e+01 ; 8.000e-01 ; 2.800e+00 ; 8.9003000e+01 ; 7.9689293e+01 
3.500e+01 ; 8.000e-01 ; 2.800e+00 ; 8.9005000e+01 ; 7.9687614e+01 
3.500e+01 ; 8.000e-01 ; 2.800e+00 ; 8.9009000e+01 ; 7.9684265e+01 
3.500e+01 ; 8.000e-01 ; 2.800e+00 ; 8.9017000e+01 ; 7.9677559e+01 
3.500e+01 ; 8.000e-01 ; 2.800e+00 ; 8.9033000e+01 ; 7.9664169e+01 
3.500e+01 ; 8.000e-01 ; 2.800e+00 ; 8.9065000e+01 ; 7.9637428e+01 
3.500e+01 ; 8.000e-01 ; 2.800e+00 ; 8.9129000e+01 ; 7.9584160e+01 
3.500e+01 ; 8.000e-01 ; 2.800e+00 ; 8.9257000e+01 ; 7.9478432e+01 
3.500e+01 ; 8.000e-01 ; 2.800e+00 ; 8.9513000e+01 ; 7.9270302e+01 
3.500e+01 ; 8.000e-01 ; 2.800e+00 ; 9.0000000e+01 ; 7.8886398e+01 
3.500e+01 ; 8.000e-01 ; 2.800e+00 ; 9.0000000e+01 ; 7.8886398e+01 
3.500e+01 ; 8.000e-01 ; 2.800e+00 ; 9.0001000e+01 ; 7.8885612e+01 
3.500e+01 ; 8.000e-01 ; 2.800e+00 ; 9.0002000e+01 ; 7.8884827e+01 
3.500e+01 ; 8.000e-01 ; 2.800e+00 ; 9.0003000e+01 ; 7.8884041e+01 
3.500e+01 ; 8.000e-01 ; 2.800e+00 ; 9.0005000e+01 ; 7.8882462e+01 
3.500e+01 ; 8.000e-01 ; 2.800e+00 ; 9.0009000e+01 ; 7.8879311e+01 
3.500e+01 ; 8.000e-01 ; 2.800e+00 ; 9.0017000e+01 ; 7.8873009e+01 
3.500e+01 ; 8.000e-01 ; 2.800e+00 ; 9.0033000e+01 ; 7.8860428e+01 
3.500e+01 ; 8.000e-01 ; 2.800e+00 ; 9.0065000e+01 ; 7.8835304e+01 
3.500e+01 ; 8.000e-01 ; 2.800e+00 ; 9.0129000e+01 ; 7.8785271e+01 
3.500e+01 ; 8.000e-01 ; 2.800e+00 ; 9.0257000e+01 ; 7.8686043e+01 
3.500e+01 ; 8.000e-01 ; 2.800e+00 ; 9.0513000e+01 ; 7.8490906e+01 
3.500e+01 ; 8.000e-01 ; 2.800e+00 ; 9.1000000e+01 ; 7.8131531e+01 
3.500e+01 ; 8.000e-01 ; 2.800e+00 ; 9.1000000e+01 ; 7.8131531e+01 
3.500e+01 ; 8.000e-01 ; 2.800e+00 ; 9.1010000e+01 ; 7.8124161e+01 
3.500e+01 ; 8.000e-01 ; 2.800e+00 ; 9.1020000e+01 ; 7.8116791e+01 
3.500e+01 ; 8.000e-01 ; 2.800e+00 ; 9.1030000e+01 ; 7.8109421e+01 
3.500e+01 ; 8.000e-01 ; 2.800e+00 ; 9.1050000e+01 ; 7.8094711e+01 
3.500e+01 ; 8.000e-01 ; 2.800e+00 ; 9.1090000e+01 ; 7.8065376e+01 
3.500e+01 ; 8.000e-01 ; 2.800e+00 ; 9.1170000e+01 ; 7.8007019e+01 
3.500e+01 ; 8.000e-01 ; 2.800e+00 ; 9.1330000e+01 ; 7.7891563e+01 
3.500e+01 ; 8.000e-01 ; 2.800e+00 ; 9.1650000e+01 ; 7.7665642e+01 
3.500e+01 ; 8.000e-01 ; 2.800e+00 ; 9.2290000e+01 ; 7.7233032e+01 
3.500e+01 ; 8.000e-01 ; 2.800e+00 ; 9.3570000e+01 ; 7.6438477e+01 
3.500e+01 ; 8.000e-01 ; 2.800e+00 ; 9.5490000e+01 ; 7.5385033e+01 
3.500e+01 ; 8.000e-01 ; 2.800e+00 ; 9.6000000e+01 ; 7.5114594e+01