X ; Y ; Z ; time ; Temperature 
3.500e+01 ; 4.000e+00 ; 3.500e+00 ; 0.0000000e+00 ; 2.4800000e+02 
3.500e+01 ; 4.000e+00 ; 3.500e+00 ; 1.0000000e-03 ; 2.4800000e+02 
3.500e+01 ; 4.000e+00 ; 3.500e+00 ; 2.0000001e-03 ; 2.4800000e+02 
3.500e+01 ; 4.000e+00 ; 3.500e+00 ; 3.0000000e-03 ; 2.4800000e+02 
3.500e+01 ; 4.000e+00 ; 3.500e+00 ; 4.9999999e-03 ; 2.4800000e+02 
3.500e+01 ; 4.000e+00 ; 3.500e+00 ; 8.9999996e-03 ; 2.4800000e+02 
3.500e+01 ; 4.000e+00 ; 3.500e+00 ; 1.7000001e-02 ; 2.4800000e+02 
3.500e+01 ; 4.000e+00 ; 3.500e+00 ; 3.3000000e-02 ; 2.4800000e+02 
3.500e+01 ; 4.000e+00 ; 3.500e+00 ; 6.4999998e-02 ; 2.4800000e+02 
3.500e+01 ; 4.000e+00 ; 3.500e+00 ; 1.2899999e-01 ; 2.4800000e+02 
3.500e+01 ; 4.000e+00 ; 3.500e+00 ; 2.5700000e-01 ; 2.4800000e+02 
3.500e+01 ; 4.000e+00 ; 3.500e+00 ; 5.1300001e-01 ; 2.4800000e+02 
3.500e+01 ; 4.000e+00 ; 3.500e+00 ; 1.0000000e+00 ; 2.4800000e+02 
3.500e+01 ; 4.000e+00 ; 3.500e+00 ; 1.0000000e+00 ; 2.4800000e+02 
3.500e+01 ; 4.000e+00 ; 3.500e+00 ; 1.0010000e+00 ; 2.4800000e+02 
3.500e+01 ; 4.000e+00 ; 3.500e+00 ; 1.0020000e+00 ; 2.4800000e+02 
3.500e+01 ; 4.000e+00 ; 3.500e+00 ; 1.0030000e+00 ; 2.4800000e+02 
3.500e+01 ; 4.000e+00 ; 3.500e+00 ; 1.0050000e+00 ; 2.4800000e+02 
3.500e+01 ; 4.000e+00 ; 3.500e+00 ; 1.0090000e+00 ; 2.4800000e+02 
3.500e+01 ; 4.000e+00 ; 3.500e+00 ; 1.0170000e+00 ; 2.4800000e+02 
3.500e+01 ; 4.000e+00 ; 3.500e+00 ; 1.0330000e+00 ; 2.4800000e+02 
3.500e+01 ; 4.000e+00 ; 3.500e+00 ; 1.0650000e+00 ; 2.4800000e+02 
3.500e+01 ; 4.000e+00 ; 3.500e+00 ; 1.1290000e+00 ; 2.4800000e+02 
3.500e+01 ; 4.000e+00 ; 3.500e+00 ; 1.2570000e+00 ; 2.4800000e+02 
3.500e+01 ; 4.000e+00 ; 3.500e+00 ; 1.5130000e+00 ; 2.4800000e+02 
3.500e+01 ; 4.000e+00 ; 3.500e+00 ; 2.0000000e+00 ; 2.4800000e+02 
3.500e+01 ; 4.000e+00 ; 3.500e+00 ; 2.0000000e+00 ; 2.4800000e+02 
3.500e+01 ; 4.000e+00 ; 3.500e+00 ; 2.0010000e+00 ; 2.4800000e+02 
3.500e+01 ; 4.000e+00 ; 3.500e+00 ; 2.0020000e+00 ; 2.4800000e+02 
3.500e+01 ; 4.000e+00 ; 3.500e+00 ; 2.0030000e+00 ; 2.4800000e+02 
3.500e+01 ; 4.000e+00 ; 3.500e+00 ; 2.0050000e+00 ; 2.4800000e+02 
3.500e+01 ; 4.000e+00 ; 3.500e+00 ; 2.0090000e+00 ; 2.4800000e+02 
3.500e+01 ; 4.000e+00 ; 3.500e+00 ; 2.0170000e+00 ; 2.4800000e+02 
3.500e+01 ; 4.000e+00 ; 3.500e+00 ; 2.0330000e+00 ; 2.4800000e+02 
3.500e+01 ; 4.000e+00 ; 3.500e+00 ; 2.0650000e+00 ; 2.4800000e+02 
3.500e+01 ; 4.000e+00 ; 3.500e+00 ; 2.1290000e+00 ; 2.4800000e+02 
3.500e+01 ; 4.000e+00 ; 3.500e+00 ; 2.2570000e+00 ; 2.4800000e+02 
3.500e+01 ; 4.000e+00 ; 3.500e+00 ; 2.5130000e+00 ; 2.4800000e+02 
3.500e+01 ; 4.000e+00 ; 3.500e+00 ; 3.0000000e+00 ; 2.4800000e+02 
3.500e+01 ; 4.000e+00 ; 3.500e+00 ; 3.0000000e+00 ; 2.4800000e+02 
3.500e+01 ; 4.000e+00 ; 3.500e+00 ; 3.0010000e+00 ; 2.4800000e+02 
3.500e+01 ; 4.000e+00 ; 3.500e+00 ; 3.0020000e+00 ; 2.4800000e+02 
3.500e+01 ; 4.000e+00 ; 3.500e+00 ; 3.0030000e+00 ; 2.4800000e+02 
3.500e+01 ; 4.000e+00 ; 3.500e+00 ; 3.0050000e+00 ; 2.4800000e+02 
3.500e+01 ; 4.000e+00 ; 3.500e+00 ; 3.0090000e+00 ; 2.4800000e+02 
3.500e+01 ; 4.000e+00 ; 3.500e+00 ; 3.0170000e+00 ; 2.4800000e+02 
3.500e+01 ; 4.000e+00 ; 3.500e+00 ; 3.0330000e+00 ; 2.4800000e+02 
3.500e+01 ; 4.000e+00 ; 3.500e+00 ; 3.0650000e+00 ; 2.4800000e+02 
3.500e+01 ; 4.000e+00 ; 3.500e+00 ; 3.1290000e+00 ; 2.4800000e+02 
3.500e+01 ; 4.000e+00 ; 3.500e+00 ; 3.2570000e+00 ; 2.4800000e+02 
3.500e+01 ; 4.000e+00 ; 3.500e+00 ; 3.5130000e+00 ; 2.4800000e+02 
3.500e+01 ; 4.000e+00 ; 3.500e+00 ; 4.0000000e+00 ; 2.4800000e+02 
3.500e+01 ; 4.000e+00 ; 3.500e+00 ; 4.0000000e+00 ; 2.4800000e+02 
3.500e+01 ; 4.000e+00 ; 3.500e+00 ; 4.0010000e+00 ; 2.4800000e+02 
3.500e+01 ; 4.000e+00 ; 3.500e+00 ; 4.0020000e+00 ; 2.4800000e+02 
3.500e+01 ; 4.000e+00 ; 3.500e+00 ; 4.0030000e+00 ; 2.4800000e+02 
3.500e+01 ; 4.000e+00 ; 3.500e+00 ; 4.0050000e+00 ; 2.4800000e+02 
3.500e+01 ; 4.000e+00 ; 3.500e+00 ; 4.0090000e+00 ; 2.4800000e+02 
3.500e+01 ; 4.000e+00 ; 3.500e+00 ; 4.0170000e+00 ; 2.4800000e+02 
3.500e+01 ; 4.000e+00 ; 3.500e+00 ; 4.0330000e+00 ; 2.4800000e+02 
3.500e+01 ; 4.000e+00 ; 3.500e+00 ; 4.0650000e+00 ; 2.4800000e+02 
3.500e+01 ; 4.000e+00 ; 3.500e+00 ; 4.1290000e+00 ; 2.4800000e+02 
3.500e+01 ; 4.000e+00 ; 3.500e+00 ; 4.2570000e+00 ; 2.4800000e+02 
3.500e+01 ; 4.000e+00 ; 3.500e+00 ; 4.5130000e+00 ; 2.4800000e+02 
3.500e+01 ; 4.000e+00 ; 3.500e+00 ; 5.0000000e+00 ; 2.4800000e+02 
3.500e+01 ; 4.000e+00 ; 3.500e+00 ; 5.0000000e+00 ; 2.4800000e+02 
3.500e+01 ; 4.000e+00 ; 3.500e+00 ; 5.0010000e+00 ; 2.4800000e+02 
3.500e+01 ; 4.000e+00 ; 3.500e+00 ; 5.0020000e+00 ; 2.4800000e+02 
3.500e+01 ; 4.000e+00 ; 3.500e+00 ; 5.0030000e+00 ; 2.4800000e+02 
3.500e+01 ; 4.000e+00 ; 3.500e+00 ; 5.0050000e+00 ; 2.4800000e+02 
3.500e+01 ; 4.000e+00 ; 3.500e+00 ; 5.0090000e+00 ; 2.4800000e+02 
3.500e+01 ; 4.000e+00 ; 3.500e+00 ; 5.0170000e+00 ; 2.4800000e+02 
3.500e+01 ; 4.000e+00 ; 3.500e+00 ; 5.0330000e+00 ; 2.4800000e+02 
3.500e+01 ; 4.000e+00 ; 3.500e+00 ; 5.0650000e+00 ; 2.4800000e+02 
3.500e+01 ; 4.000e+00 ; 3.500e+00 ; 5.1290000e+00 ; 2.4800000e+02 
3.500e+01 ; 4.000e+00 ; 3.500e+00 ; 5.2570000e+00 ; 2.4800000e+02 
3.500e+01 ; 4.000e+00 ; 3.500e+00 ; 5.5130000e+00 ; 2.4800000e+02 
3.500e+01 ; 4.000e+00 ; 3.500e+00 ; 6.0000000e+00 ; 2.4800000e+02 
3.500e+01 ; 4.000e+00 ; 3.500e+00 ; 6.0000000e+00 ; 2.4800000e+02 
3.500e+01 ; 4.000e+00 ; 3.500e+00 ; 6.0010000e+00 ; 2.4800000e+02 
3.500e+01 ; 4.000e+00 ; 3.500e+00 ; 6.0020000e+00 ; 2.4800000e+02 
3.500e+01 ; 4.000e+00 ; 3.500e+00 ; 6.0030000e+00 ; 2.4800000e+02 
3.500e+01 ; 4.000e+00 ; 3.500e+00 ; 6.0050000e+00 ; 2.4800000e+02 
3.500e+01 ; 4.000e+00 ; 3.500e+00 ; 6.0090000e+00 ; 2.4800000e+02 
3.500e+01 ; 4.000e+00 ; 3.500e+00 ; 6.0170000e+00 ; 2.4800000e+02 
3.500e+01 ; 4.000e+00 ; 3.500e+00 ; 6.0330000e+00 ; 2.4800000e+02 
3.500e+01 ; 4.000e+00 ; 3.500e+00 ; 6.0650000e+00 ; 2.4800000e+02 
3.500e+01 ; 4.000e+00 ; 3.500e+00 ; 6.1290000e+00 ; 2.4800000e+02 
3.500e+01 ; 4.000e+00 ; 3.500e+00 ; 6.2570000e+00 ; 2.4800000e+02 
3.500e+01 ; 4.000e+00 ; 3.500e+00 ; 6.5130000e+00 ; 2.4800000e+02 
3.500e+01 ; 4.000e+00 ; 3.500e+00 ; 7.0000000e+00 ; 2.4800000e+02 
3.500e+01 ; 4.000e+00 ; 3.500e+00 ; 7.0000000e+00 ; 2.4800000e+02 
3.500e+01 ; 4.000e+00 ; 3.500e+00 ; 7.0010000e+00 ; 2.4800000e+02 
3.500e+01 ; 4.000e+00 ; 3.500e+00 ; 7.0020000e+00 ; 2.4800000e+02 
3.500e+01 ; 4.000e+00 ; 3.500e+00 ; 7.0030000e+00 ; 2.4800000e+02 
3.500e+01 ; 4.000e+00 ; 3.500e+00 ; 7.0050000e+00 ; 2.4800000e+02 
3.500e+01 ; 4.000e+00 ; 3.500e+00 ; 7.0090000e+00 ; 2.4800000e+02 
3.500e+01 ; 4.000e+00 ; 3.500e+00 ; 7.0170000e+00 ; 2.4800000e+02 
3.500e+01 ; 4.000e+00 ; 3.500e+00 ; 7.0330000e+00 ; 2.4800000e+02 
3.500e+01 ; 4.000e+00 ; 3.500e+00 ; 7.0650000e+00 ; 2.4800000e+02 
3.500e+01 ; 4.000e+00 ; 3.500e+00 ; 7.1290000e+00 ; 2.4800000e+02 
3.500e+01 ; 4.000e+00 ; 3.500e+00 ; 7.2570000e+00 ; 2.4800000e+02 
3.500e+01 ; 4.000e+00 ; 3.500e+00 ; 7.5130000e+00 ; 2.4800000e+02 
3.500e+01 ; 4.000e+00 ; 3.500e+00 ; 8.0000000e+00 ; 2.4800000e+02 
3.500e+01 ; 4.000e+00 ; 3.500e+00 ; 8.0000000e+00 ; 2.4800000e+02 
3.500e+01 ; 4.000e+00 ; 3.500e+00 ; 8.0010000e+00 ; 2.4800000e+02 
3.500e+01 ; 4.000e+00 ; 3.500e+00 ; 8.0020000e+00 ; 2.4800000e+02 
3.500e+01 ; 4.000e+00 ; 3.500e+00 ; 8.0030000e+00 ; 2.4800000e+02 
3.500e+01 ; 4.000e+00 ; 3.500e+00 ; 8.0050000e+00 ; 2.4800000e+02 
3.500e+01 ; 4.000e+00 ; 3.500e+00 ; 8.0090000e+00 ; 2.4800000e+02 
3.500e+01 ; 4.000e+00 ; 3.500e+00 ; 8.0170000e+00 ; 2.4800000e+02 
3.500e+01 ; 4.000e+00 ; 3.500e+00 ; 8.0330000e+00 ; 2.4800000e+02 
3.500e+01 ; 4.000e+00 ; 3.500e+00 ; 8.0650000e+00 ; 2.4800000e+02 
3.500e+01 ; 4.000e+00 ; 3.500e+00 ; 8.1290000e+00 ; 2.4800000e+02 
3.500e+01 ; 4.000e+00 ; 3.500e+00 ; 8.2570000e+00 ; 2.4800000e+02 
3.500e+01 ; 4.000e+00 ; 3.500e+00 ; 8.5130000e+00 ; 2.4800000e+02 
3.500e+01 ; 4.000e+00 ; 3.500e+00 ; 9.0000000e+00 ; 2.4800000e+02 
3.500e+01 ; 4.000e+00 ; 3.500e+00 ; 9.0000000e+00 ; 2.4800000e+02 
3.500e+01 ; 4.000e+00 ; 3.500e+00 ; 9.0010000e+00 ; 2.4800000e+02 
3.500e+01 ; 4.000e+00 ; 3.500e+00 ; 9.0020000e+00 ; 2.4800000e+02 
3.500e+01 ; 4.000e+00 ; 3.500e+00 ; 9.0030000e+00 ; 2.4800000e+02 
3.500e+01 ; 4.000e+00 ; 3.500e+00 ; 9.0050000e+00 ; 2.4800000e+02 
3.500e+01 ; 4.000e+00 ; 3.500e+00 ; 9.0090000e+00 ; 2.4800000e+02 
3.500e+01 ; 4.000e+00 ; 3.500e+00 ; 9.0170000e+00 ; 2.4800000e+02 
3.500e+01 ; 4.000e+00 ; 3.500e+00 ; 9.0330000e+00 ; 2.4800000e+02 
3.500e+01 ; 4.000e+00 ; 3.500e+00 ; 9.0650000e+00 ; 2.4800000e+02 
3.500e+01 ; 4.000e+00 ; 3.500e+00 ; 9.1290000e+00 ; 2.4800000e+02 
3.500e+01 ; 4.000e+00 ; 3.500e+00 ; 9.2570000e+00 ; 2.4800000e+02 
3.500e+01 ; 4.000e+00 ; 3.500e+00 ; 9.5130000e+00 ; 2.4800000e+02 
3.500e+01 ; 4.000e+00 ; 3.500e+00 ; 1.0000000e+01 ; 2.4800000e+02 
3.500e+01 ; 4.000e+00 ; 3.500e+00 ; 1.0000000e+01 ; 2.4800000e+02 
3.500e+01 ; 4.000e+00 ; 3.500e+00 ; 1.0001000e+01 ; 2.4800000e+02 
3.500e+01 ; 4.000e+00 ; 3.500e+00 ; 1.0002000e+01 ; 2.4800000e+02 
3.500e+01 ; 4.000e+00 ; 3.500e+00 ; 1.0003000e+01 ; 2.4800000e+02 
3.500e+01 ; 4.000e+00 ; 3.500e+00 ; 1.0005000e+01 ; 2.4800000e+02 
3.500e+01 ; 4.000e+00 ; 3.500e+00 ; 1.0009000e+01 ; 2.4800000e+02 
3.500e+01 ; 4.000e+00 ; 3.500e+00 ; 1.0017000e+01 ; 2.4800000e+02 
3.500e+01 ; 4.000e+00 ; 3.500e+00 ; 1.0033000e+01 ; 2.4800000e+02 
3.500e+01 ; 4.000e+00 ; 3.500e+00 ; 1.0065000e+01 ; 2.4800000e+02 
3.500e+01 ; 4.000e+00 ; 3.500e+00 ; 1.0129000e+01 ; 2.4800000e+02 
3.500e+01 ; 4.000e+00 ; 3.500e+00 ; 1.0257000e+01 ; 2.4800000e+02 
3.500e+01 ; 4.000e+00 ; 3.500e+00 ; 1.0513000e+01 ; 2.4800000e+02 
3.500e+01 ; 4.000e+00 ; 3.500e+00 ; 1.1000000e+01 ; 2.4800000e+02 
3.500e+01 ; 4.000e+00 ; 3.500e+00 ; 1.1000000e+01 ; 2.4800000e+02 
3.500e+01 ; 4.000e+00 ; 3.500e+00 ; 1.1001000e+01 ; 2.4800000e+02 
3.500e+01 ; 4.000e+00 ; 3.500e+00 ; 1.1002000e+01 ; 2.4800000e+02 
3.500e+01 ; 4.000e+00 ; 3.500e+00 ; 1.1003000e+01 ; 2.4800000e+02 
3.500e+01 ; 4.000e+00 ; 3.500e+00 ; 1.1005000e+01 ; 2.4800000e+02 
3.500e+01 ; 4.000e+00 ; 3.500e+00 ; 1.1009000e+01 ; 2.4800000e+02 
3.500e+01 ; 4.000e+00 ; 3.500e+00 ; 1.1017000e+01 ; 2.4800000e+02 
3.500e+01 ; 4.000e+00 ; 3.500e+00 ; 1.1033000e+01 ; 2.4800000e+02 
3.500e+01 ; 4.000e+00 ; 3.500e+00 ; 1.1065000e+01 ; 2.4800000e+02 
3.500e+01 ; 4.000e+00 ; 3.500e+00 ; 1.1129000e+01 ; 2.4800000e+02 
3.500e+01 ; 4.000e+00 ; 3.500e+00 ; 1.1257000e+01 ; 2.4800000e+02 
3.500e+01 ; 4.000e+00 ; 3.500e+00 ; 1.1513000e+01 ; 2.4800000e+02 
3.500e+01 ; 4.000e+00 ; 3.500e+00 ; 1.2000000e+01 ; 2.4800000e+02 
3.500e+01 ; 4.000e+00 ; 3.500e+00 ; 1.2000000e+01 ; 2.4800000e+02 
3.500e+01 ; 4.000e+00 ; 3.500e+00 ; 1.2001000e+01 ; 2.4800000e+02 
3.500e+01 ; 4.000e+00 ; 3.500e+00 ; 1.2002000e+01 ; 2.4800000e+02 
3.500e+01 ; 4.000e+00 ; 3.500e+00 ; 1.2003000e+01 ; 2.4800000e+02 
3.500e+01 ; 4.000e+00 ; 3.500e+00 ; 1.2005000e+01 ; 2.4800000e+02 
3.500e+01 ; 4.000e+00 ; 3.500e+00 ; 1.2009000e+01 ; 2.4800000e+02 
3.500e+01 ; 4.000e+00 ; 3.500e+00 ; 1.2017000e+01 ; 2.4800000e+02 
3.500e+01 ; 4.000e+00 ; 3.500e+00 ; 1.2033000e+01 ; 2.4800000e+02 
3.500e+01 ; 4.000e+00 ; 3.500e+00 ; 1.2065000e+01 ; 2.4800000e+02 
3.500e+01 ; 4.000e+00 ; 3.500e+00 ; 1.2129000e+01 ; 2.4800000e+02 
3.500e+01 ; 4.000e+00 ; 3.500e+00 ; 1.2257000e+01 ; 2.4800000e+02 
3.500e+01 ; 4.000e+00 ; 3.500e+00 ; 1.2513000e+01 ; 2.4800000e+02 
3.500e+01 ; 4.000e+00 ; 3.500e+00 ; 1.3000000e+01 ; 2.4800000e+02 
3.500e+01 ; 4.000e+00 ; 3.500e+00 ; 1.3000000e+01 ; 2.4800000e+02 
3.500e+01 ; 4.000e+00 ; 3.500e+00 ; 1.3001000e+01 ; 2.4800000e+02 
3.500e+01 ; 4.000e+00 ; 3.500e+00 ; 1.3002000e+01 ; 2.4800000e+02 
3.500e+01 ; 4.000e+00 ; 3.500e+00 ; 1.3003000e+01 ; 2.4800000e+02 
3.500e+01 ; 4.000e+00 ; 3.500e+00 ; 1.3005000e+01 ; 2.4800000e+02 
3.500e+01 ; 4.000e+00 ; 3.500e+00 ; 1.3009000e+01 ; 2.4800000e+02 
3.500e+01 ; 4.000e+00 ; 3.500e+00 ; 1.3017000e+01 ; 2.4800000e+02 
3.500e+01 ; 4.000e+00 ; 3.500e+00 ; 1.3033000e+01 ; 2.4800000e+02 
3.500e+01 ; 4.000e+00 ; 3.500e+00 ; 1.3065000e+01 ; 2.4800000e+02 
3.500e+01 ; 4.000e+00 ; 3.500e+00 ; 1.3129000e+01 ; 2.4800000e+02 
3.500e+01 ; 4.000e+00 ; 3.500e+00 ; 1.3257000e+01 ; 2.4800000e+02 
3.500e+01 ; 4.000e+00 ; 3.500e+00 ; 1.3513000e+01 ; 2.4800000e+02 
3.500e+01 ; 4.000e+00 ; 3.500e+00 ; 1.4000000e+01 ; 2.4800000e+02 
3.500e+01 ; 4.000e+00 ; 3.500e+00 ; 1.4000000e+01 ; 2.4800000e+02 
3.500e+01 ; 4.000e+00 ; 3.500e+00 ; 1.4001000e+01 ; 2.4800000e+02 
3.500e+01 ; 4.000e+00 ; 3.500e+00 ; 1.4002000e+01 ; 2.4800000e+02 
3.500e+01 ; 4.000e+00 ; 3.500e+00 ; 1.4003000e+01 ; 2.4800000e+02 
3.500e+01 ; 4.000e+00 ; 3.500e+00 ; 1.4005000e+01 ; 2.4800000e+02 
3.500e+01 ; 4.000e+00 ; 3.500e+00 ; 1.4009000e+01 ; 2.4800000e+02 
3.500e+01 ; 4.000e+00 ; 3.500e+00 ; 1.4017000e+01 ; 2.4800000e+02 
3.500e+01 ; 4.000e+00 ; 3.500e+00 ; 1.4033000e+01 ; 2.4800000e+02 
3.500e+01 ; 4.000e+00 ; 3.500e+00 ; 1.4065000e+01 ; 2.4800000e+02 
3.500e+01 ; 4.000e+00 ; 3.500e+00 ; 1.4129000e+01 ; 2.4800000e+02 
3.500e+01 ; 4.000e+00 ; 3.500e+00 ; 1.4257000e+01 ; 2.4800000e+02 
3.500e+01 ; 4.000e+00 ; 3.500e+00 ; 1.4513000e+01 ; 2.4800000e+02 
3.500e+01 ; 4.000e+00 ; 3.500e+00 ; 1.5000000e+01 ; 2.4800000e+02 
3.500e+01 ; 4.000e+00 ; 3.500e+00 ; 1.5000000e+01 ; 2.4800000e+02 
3.500e+01 ; 4.000e+00 ; 3.500e+00 ; 1.5001000e+01 ; 2.4800000e+02 
3.500e+01 ; 4.000e+00 ; 3.500e+00 ; 1.5002000e+01 ; 2.4800000e+02 
3.500e+01 ; 4.000e+00 ; 3.500e+00 ; 1.5003000e+01 ; 2.4800000e+02 
3.500e+01 ; 4.000e+00 ; 3.500e+00 ; 1.5005000e+01 ; 2.4800000e+02 
3.500e+01 ; 4.000e+00 ; 3.500e+00 ; 1.5009000e+01 ; 2.4800000e+02 
3.500e+01 ; 4.000e+00 ; 3.500e+00 ; 1.5017000e+01 ; 2.4800000e+02 
3.500e+01 ; 4.000e+00 ; 3.500e+00 ; 1.5033000e+01 ; 2.4800000e+02 
3.500e+01 ; 4.000e+00 ; 3.500e+00 ; 1.5065000e+01 ; 2.4800000e+02 
3.500e+01 ; 4.000e+00 ; 3.500e+00 ; 1.5129000e+01 ; 2.4800000e+02 
3.500e+01 ; 4.000e+00 ; 3.500e+00 ; 1.5257000e+01 ; 2.4800000e+02 
3.500e+01 ; 4.000e+00 ; 3.500e+00 ; 1.5513000e+01 ; 2.4800000e+02 
3.500e+01 ; 4.000e+00 ; 3.500e+00 ; 1.6000000e+01 ; 2.4800000e+02 
3.500e+01 ; 4.000e+00 ; 3.500e+00 ; 1.6000000e+01 ; 2.4800000e+02 
3.500e+01 ; 4.000e+00 ; 3.500e+00 ; 1.6001000e+01 ; 2.4800000e+02 
3.500e+01 ; 4.000e+00 ; 3.500e+00 ; 1.6002000e+01 ; 2.4800000e+02 
3.500e+01 ; 4.000e+00 ; 3.500e+00 ; 1.6003000e+01 ; 2.4800000e+02 
3.500e+01 ; 4.000e+00 ; 3.500e+00 ; 1.6005000e+01 ; 2.4800000e+02 
3.500e+01 ; 4.000e+00 ; 3.500e+00 ; 1.6009000e+01 ; 2.4800000e+02 
3.500e+01 ; 4.000e+00 ; 3.500e+00 ; 1.6017000e+01 ; 2.4800000e+02 
3.500e+01 ; 4.000e+00 ; 3.500e+00 ; 1.6033000e+01 ; 2.4800000e+02 
3.500e+01 ; 4.000e+00 ; 3.500e+00 ; 1.6065000e+01 ; 2.4800000e+02 
3.500e+01 ; 4.000e+00 ; 3.500e+00 ; 1.6129000e+01 ; 2.4800000e+02 
3.500e+01 ; 4.000e+00 ; 3.500e+00 ; 1.6257000e+01 ; 2.4800000e+02 
3.500e+01 ; 4.000e+00 ; 3.500e+00 ; 1.6513000e+01 ; 2.4800000e+02 
3.500e+01 ; 4.000e+00 ; 3.500e+00 ; 1.7000000e+01 ; 2.4800000e+02 
3.500e+01 ; 4.000e+00 ; 3.500e+00 ; 1.7000000e+01 ; 2.4800000e+02 
3.500e+01 ; 4.000e+00 ; 3.500e+00 ; 1.7001000e+01 ; 2.4800000e+02 
3.500e+01 ; 4.000e+00 ; 3.500e+00 ; 1.7002000e+01 ; 2.4800000e+02 
3.500e+01 ; 4.000e+00 ; 3.500e+00 ; 1.7003000e+01 ; 2.4800000e+02 
3.500e+01 ; 4.000e+00 ; 3.500e+00 ; 1.7005000e+01 ; 2.4800000e+02 
3.500e+01 ; 4.000e+00 ; 3.500e+00 ; 1.7009000e+01 ; 2.4800000e+02 
3.500e+01 ; 4.000e+00 ; 3.500e+00 ; 1.7017000e+01 ; 2.4800000e+02 
3.500e+01 ; 4.000e+00 ; 3.500e+00 ; 1.7033000e+01 ; 2.4800000e+02 
3.500e+01 ; 4.000e+00 ; 3.500e+00 ; 1.7065000e+01 ; 2.4800000e+02 
3.500e+01 ; 4.000e+00 ; 3.500e+00 ; 1.7129000e+01 ; 2.4800000e+02 
3.500e+01 ; 4.000e+00 ; 3.500e+00 ; 1.7257000e+01 ; 2.4800000e+02 
3.500e+01 ; 4.000e+00 ; 3.500e+00 ; 1.7513000e+01 ; 2.4800000e+02 
3.500e+01 ; 4.000e+00 ; 3.500e+00 ; 1.8000000e+01 ; 2.4800000e+02 
3.500e+01 ; 4.000e+00 ; 3.500e+00 ; 1.8000000e+01 ; 2.4800000e+02 
3.500e+01 ; 4.000e+00 ; 3.500e+00 ; 1.8001000e+01 ; 2.4800000e+02 
3.500e+01 ; 4.000e+00 ; 3.500e+00 ; 1.8002000e+01 ; 2.4800000e+02 
3.500e+01 ; 4.000e+00 ; 3.500e+00 ; 1.8003000e+01 ; 2.4800000e+02 
3.500e+01 ; 4.000e+00 ; 3.500e+00 ; 1.8005000e+01 ; 2.4800000e+02 
3.500e+01 ; 4.000e+00 ; 3.500e+00 ; 1.8009000e+01 ; 2.4800000e+02 
3.500e+01 ; 4.000e+00 ; 3.500e+00 ; 1.8017000e+01 ; 2.4800000e+02 
3.500e+01 ; 4.000e+00 ; 3.500e+00 ; 1.8033000e+01 ; 2.4800000e+02 
3.500e+01 ; 4.000e+00 ; 3.500e+00 ; 1.8065000e+01 ; 2.4800000e+02 
3.500e+01 ; 4.000e+00 ; 3.500e+00 ; 1.8129000e+01 ; 2.4800000e+02 
3.500e+01 ; 4.000e+00 ; 3.500e+00 ; 1.8257000e+01 ; 2.4800000e+02 
3.500e+01 ; 4.000e+00 ; 3.500e+00 ; 1.8513000e+01 ; 2.4800000e+02 
3.500e+01 ; 4.000e+00 ; 3.500e+00 ; 1.9000000e+01 ; 2.4800000e+02 
3.500e+01 ; 4.000e+00 ; 3.500e+00 ; 1.9000000e+01 ; 2.4800000e+02 
3.500e+01 ; 4.000e+00 ; 3.500e+00 ; 1.9001000e+01 ; 2.4800000e+02 
3.500e+01 ; 4.000e+00 ; 3.500e+00 ; 1.9002000e+01 ; 2.4800000e+02 
3.500e+01 ; 4.000e+00 ; 3.500e+00 ; 1.9003000e+01 ; 2.4800000e+02 
3.500e+01 ; 4.000e+00 ; 3.500e+00 ; 1.9005000e+01 ; 2.4800000e+02 
3.500e+01 ; 4.000e+00 ; 3.500e+00 ; 1.9009000e+01 ; 2.4800000e+02 
3.500e+01 ; 4.000e+00 ; 3.500e+00 ; 1.9017000e+01 ; 2.4800000e+02 
3.500e+01 ; 4.000e+00 ; 3.500e+00 ; 1.9033000e+01 ; 2.4800000e+02 
3.500e+01 ; 4.000e+00 ; 3.500e+00 ; 1.9065000e+01 ; 2.4800000e+02 
3.500e+01 ; 4.000e+00 ; 3.500e+00 ; 1.9129000e+01 ; 2.4800000e+02 
3.500e+01 ; 4.000e+00 ; 3.500e+00 ; 1.9257000e+01 ; 2.4800000e+02 
3.500e+01 ; 4.000e+00 ; 3.500e+00 ; 1.9513000e+01 ; 2.4800000e+02 
3.500e+01 ; 4.000e+00 ; 3.500e+00 ; 2.0000000e+01 ; 2.4800000e+02 
3.500e+01 ; 4.000e+00 ; 3.500e+00 ; 2.0000000e+01 ; 2.4800000e+02 
3.500e+01 ; 4.000e+00 ; 3.500e+00 ; 2.0001000e+01 ; 2.4800000e+02 
3.500e+01 ; 4.000e+00 ; 3.500e+00 ; 2.0002000e+01 ; 2.4800000e+02 
3.500e+01 ; 4.000e+00 ; 3.500e+00 ; 2.0003000e+01 ; 2.4800000e+02 
3.500e+01 ; 4.000e+00 ; 3.500e+00 ; 2.0005000e+01 ; 2.4800000e+02 
3.500e+01 ; 4.000e+00 ; 3.500e+00 ; 2.0009000e+01 ; 2.4800000e+02 
3.500e+01 ; 4.000e+00 ; 3.500e+00 ; 2.0017000e+01 ; 2.4800000e+02 
3.500e+01 ; 4.000e+00 ; 3.500e+00 ; 2.0033000e+01 ; 2.4800000e+02 
3.500e+01 ; 4.000e+00 ; 3.500e+00 ; 2.0065000e+01 ; 2.4800000e+02 
3.500e+01 ; 4.000e+00 ; 3.500e+00 ; 2.0129000e+01 ; 2.4800000e+02 
3.500e+01 ; 4.000e+00 ; 3.500e+00 ; 2.0257000e+01 ; 2.4800000e+02 
3.500e+01 ; 4.000e+00 ; 3.500e+00 ; 2.0513000e+01 ; 2.4800000e+02 
3.500e+01 ; 4.000e+00 ; 3.500e+00 ; 2.1000000e+01 ; 2.4800000e+02 
3.500e+01 ; 4.000e+00 ; 3.500e+00 ; 2.1000000e+01 ; 2.4800000e+02 
3.500e+01 ; 4.000e+00 ; 3.500e+00 ; 2.1001000e+01 ; 2.4800000e+02 
3.500e+01 ; 4.000e+00 ; 3.500e+00 ; 2.1002000e+01 ; 2.4800000e+02 
3.500e+01 ; 4.000e+00 ; 3.500e+00 ; 2.1003000e+01 ; 2.4800000e+02 
3.500e+01 ; 4.000e+00 ; 3.500e+00 ; 2.1005000e+01 ; 2.4800000e+02 
3.500e+01 ; 4.000e+00 ; 3.500e+00 ; 2.1009000e+01 ; 2.4800000e+02 
3.500e+01 ; 4.000e+00 ; 3.500e+00 ; 2.1017000e+01 ; 2.4800000e+02 
3.500e+01 ; 4.000e+00 ; 3.500e+00 ; 2.1033000e+01 ; 2.4800000e+02 
3.500e+01 ; 4.000e+00 ; 3.500e+00 ; 2.1065000e+01 ; 2.4800000e+02 
3.500e+01 ; 4.000e+00 ; 3.500e+00 ; 2.1129000e+01 ; 2.4800000e+02 
3.500e+01 ; 4.000e+00 ; 3.500e+00 ; 2.1257000e+01 ; 2.4800000e+02 
3.500e+01 ; 4.000e+00 ; 3.500e+00 ; 2.1513000e+01 ; 2.4800000e+02 
3.500e+01 ; 4.000e+00 ; 3.500e+00 ; 2.2000000e+01 ; 2.4800000e+02 
3.500e+01 ; 4.000e+00 ; 3.500e+00 ; 2.2000000e+01 ; 2.4800000e+02 
3.500e+01 ; 4.000e+00 ; 3.500e+00 ; 2.2001000e+01 ; 2.4800000e+02 
3.500e+01 ; 4.000e+00 ; 3.500e+00 ; 2.2002000e+01 ; 2.4800000e+02 
3.500e+01 ; 4.000e+00 ; 3.500e+00 ; 2.2003000e+01 ; 2.4800000e+02 
3.500e+01 ; 4.000e+00 ; 3.500e+00 ; 2.2005000e+01 ; 2.4800000e+02 
3.500e+01 ; 4.000e+00 ; 3.500e+00 ; 2.2009000e+01 ; 2.4800000e+02 
3.500e+01 ; 4.000e+00 ; 3.500e+00 ; 2.2017000e+01 ; 2.4800000e+02 
3.500e+01 ; 4.000e+00 ; 3.500e+00 ; 2.2033000e+01 ; 2.4800000e+02 
3.500e+01 ; 4.000e+00 ; 3.500e+00 ; 2.2065000e+01 ; 2.4800000e+02 
3.500e+01 ; 4.000e+00 ; 3.500e+00 ; 2.2129000e+01 ; 2.4800000e+02 
3.500e+01 ; 4.000e+00 ; 3.500e+00 ; 2.2257000e+01 ; 2.4800000e+02 
3.500e+01 ; 4.000e+00 ; 3.500e+00 ; 2.2513000e+01 ; 2.4800000e+02 
3.500e+01 ; 4.000e+00 ; 3.500e+00 ; 2.3000000e+01 ; 2.4800000e+02 
3.500e+01 ; 4.000e+00 ; 3.500e+00 ; 2.3000000e+01 ; 2.4800000e+02 
3.500e+01 ; 4.000e+00 ; 3.500e+00 ; 2.3001000e+01 ; 2.4800000e+02 
3.500e+01 ; 4.000e+00 ; 3.500e+00 ; 2.3002000e+01 ; 2.4800000e+02 
3.500e+01 ; 4.000e+00 ; 3.500e+00 ; 2.3003000e+01 ; 2.4800000e+02 
3.500e+01 ; 4.000e+00 ; 3.500e+00 ; 2.3005000e+01 ; 2.4800000e+02 
3.500e+01 ; 4.000e+00 ; 3.500e+00 ; 2.3009000e+01 ; 2.4800000e+02 
3.500e+01 ; 4.000e+00 ; 3.500e+00 ; 2.3017000e+01 ; 2.4800000e+02 
3.500e+01 ; 4.000e+00 ; 3.500e+00 ; 2.3033000e+01 ; 2.4800000e+02 
3.500e+01 ; 4.000e+00 ; 3.500e+00 ; 2.3065000e+01 ; 2.4800000e+02 
3.500e+01 ; 4.000e+00 ; 3.500e+00 ; 2.3129000e+01 ; 2.4800000e+02 
3.500e+01 ; 4.000e+00 ; 3.500e+00 ; 2.3257000e+01 ; 2.4800000e+02 
3.500e+01 ; 4.000e+00 ; 3.500e+00 ; 2.3513000e+01 ; 2.4800000e+02 
3.500e+01 ; 4.000e+00 ; 3.500e+00 ; 2.4000000e+01 ; 2.4800000e+02 
3.500e+01 ; 4.000e+00 ; 3.500e+00 ; 2.4000000e+01 ; 2.4800000e+02 
3.500e+01 ; 4.000e+00 ; 3.500e+00 ; 2.4001000e+01 ; 2.4800000e+02 
3.500e+01 ; 4.000e+00 ; 3.500e+00 ; 2.4002000e+01 ; 2.4800000e+02 
3.500e+01 ; 4.000e+00 ; 3.500e+00 ; 2.4003000e+01 ; 2.4800000e+02 
3.500e+01 ; 4.000e+00 ; 3.500e+00 ; 2.4005000e+01 ; 2.4800000e+02 
3.500e+01 ; 4.000e+00 ; 3.500e+00 ; 2.4009000e+01 ; 2.4800000e+02 
3.500e+01 ; 4.000e+00 ; 3.500e+00 ; 2.4017000e+01 ; 2.4800000e+02 
3.500e+01 ; 4.000e+00 ; 3.500e+00 ; 2.4033000e+01 ; 2.4800000e+02 
3.500e+01 ; 4.000e+00 ; 3.500e+00 ; 2.4065000e+01 ; 2.4800000e+02 
3.500e+01 ; 4.000e+00 ; 3.500e+00 ; 2.4129000e+01 ; 2.4800000e+02 
3.500e+01 ; 4.000e+00 ; 3.500e+00 ; 2.4257000e+01 ; 2.4800000e+02 
3.500e+01 ; 4.000e+00 ; 3.500e+00 ; 2.4513000e+01 ; 2.4800000e+02 
3.500e+01 ; 4.000e+00 ; 3.500e+00 ; 2.5000000e+01 ; 2.4800000e+02 
3.500e+01 ; 4.000e+00 ; 3.500e+00 ; 2.5000000e+01 ; 2.4800000e+02 
3.500e+01 ; 4.000e+00 ; 3.500e+00 ; 2.5001000e+01 ; 2.4800000e+02 
3.500e+01 ; 4.000e+00 ; 3.500e+00 ; 2.5002000e+01 ; 2.4800000e+02 
3.500e+01 ; 4.000e+00 ; 3.500e+00 ; 2.5003000e+01 ; 2.4800000e+02 
3.500e+01 ; 4.000e+00 ; 3.500e+00 ; 2.5005000e+01 ; 2.4800000e+02 
3.500e+01 ; 4.000e+00 ; 3.500e+00 ; 2.5009000e+01 ; 2.4800000e+02 
3.500e+01 ; 4.000e+00 ; 3.500e+00 ; 2.5017000e+01 ; 2.4800000e+02 
3.500e+01 ; 4.000e+00 ; 3.500e+00 ; 2.5033000e+01 ; 2.4800000e+02 
3.500e+01 ; 4.000e+00 ; 3.500e+00 ; 2.5065000e+01 ; 2.4800000e+02 
3.500e+01 ; 4.000e+00 ; 3.500e+00 ; 2.5129000e+01 ; 2.4800000e+02 
3.500e+01 ; 4.000e+00 ; 3.500e+00 ; 2.5257000e+01 ; 2.4800000e+02 
3.500e+01 ; 4.000e+00 ; 3.500e+00 ; 2.5513000e+01 ; 2.4800000e+02 
3.500e+01 ; 4.000e+00 ; 3.500e+00 ; 2.6000000e+01 ; 2.4800000e+02 
3.500e+01 ; 4.000e+00 ; 3.500e+00 ; 2.6000000e+01 ; 2.4800000e+02 
3.500e+01 ; 4.000e+00 ; 3.500e+00 ; 2.6001000e+01 ; 2.4800000e+02 
3.500e+01 ; 4.000e+00 ; 3.500e+00 ; 2.6002000e+01 ; 2.4800000e+02 
3.500e+01 ; 4.000e+00 ; 3.500e+00 ; 2.6003000e+01 ; 2.4800000e+02 
3.500e+01 ; 4.000e+00 ; 3.500e+00 ; 2.6005000e+01 ; 2.4800000e+02 
3.500e+01 ; 4.000e+00 ; 3.500e+00 ; 2.6009000e+01 ; 2.4800000e+02 
3.500e+01 ; 4.000e+00 ; 3.500e+00 ; 2.6017000e+01 ; 2.4800000e+02 
3.500e+01 ; 4.000e+00 ; 3.500e+00 ; 2.6033000e+01 ; 2.4800000e+02 
3.500e+01 ; 4.000e+00 ; 3.500e+00 ; 2.6065000e+01 ; 2.4800000e+02 
3.500e+01 ; 4.000e+00 ; 3.500e+00 ; 2.6129000e+01 ; 2.4800000e+02 
3.500e+01 ; 4.000e+00 ; 3.500e+00 ; 2.6257000e+01 ; 2.4800000e+02 
3.500e+01 ; 4.000e+00 ; 3.500e+00 ; 2.6513000e+01 ; 2.4800000e+02 
3.500e+01 ; 4.000e+00 ; 3.500e+00 ; 2.7000000e+01 ; 2.4800000e+02 
3.500e+01 ; 4.000e+00 ; 3.500e+00 ; 2.7000000e+01 ; 2.4800000e+02 
3.500e+01 ; 4.000e+00 ; 3.500e+00 ; 2.7001000e+01 ; 2.4800000e+02 
3.500e+01 ; 4.000e+00 ; 3.500e+00 ; 2.7002000e+01 ; 2.4800000e+02 
3.500e+01 ; 4.000e+00 ; 3.500e+00 ; 2.7003000e+01 ; 2.4800000e+02 
3.500e+01 ; 4.000e+00 ; 3.500e+00 ; 2.7005000e+01 ; 2.4800000e+02 
3.500e+01 ; 4.000e+00 ; 3.500e+00 ; 2.7009000e+01 ; 2.4800000e+02 
3.500e+01 ; 4.000e+00 ; 3.500e+00 ; 2.7017000e+01 ; 2.4800000e+02 
3.500e+01 ; 4.000e+00 ; 3.500e+00 ; 2.7033000e+01 ; 2.4800000e+02 
3.500e+01 ; 4.000e+00 ; 3.500e+00 ; 2.7065000e+01 ; 2.4800000e+02 
3.500e+01 ; 4.000e+00 ; 3.500e+00 ; 2.7129000e+01 ; 2.4800000e+02 
3.500e+01 ; 4.000e+00 ; 3.500e+00 ; 2.7257000e+01 ; 2.4800000e+02 
3.500e+01 ; 4.000e+00 ; 3.500e+00 ; 2.7513000e+01 ; 2.4800000e+02 
3.500e+01 ; 4.000e+00 ; 3.500e+00 ; 2.8000000e+01 ; 2.4800000e+02 
3.500e+01 ; 4.000e+00 ; 3.500e+00 ; 2.8000000e+01 ; 2.4800000e+02 
3.500e+01 ; 4.000e+00 ; 3.500e+00 ; 2.8001000e+01 ; 2.4800000e+02 
3.500e+01 ; 4.000e+00 ; 3.500e+00 ; 2.8002000e+01 ; 2.4800000e+02 
3.500e+01 ; 4.000e+00 ; 3.500e+00 ; 2.8003000e+01 ; 2.4800000e+02 
3.500e+01 ; 4.000e+00 ; 3.500e+00 ; 2.8005000e+01 ; 2.4800000e+02 
3.500e+01 ; 4.000e+00 ; 3.500e+00 ; 2.8009000e+01 ; 2.4800000e+02 
3.500e+01 ; 4.000e+00 ; 3.500e+00 ; 2.8017000e+01 ; 2.4800000e+02 
3.500e+01 ; 4.000e+00 ; 3.500e+00 ; 2.8033000e+01 ; 2.4800000e+02 
3.500e+01 ; 4.000e+00 ; 3.500e+00 ; 2.8065000e+01 ; 2.4800000e+02 
3.500e+01 ; 4.000e+00 ; 3.500e+00 ; 2.8129000e+01 ; 2.4800000e+02 
3.500e+01 ; 4.000e+00 ; 3.500e+00 ; 2.8257000e+01 ; 2.4800000e+02 
3.500e+01 ; 4.000e+00 ; 3.500e+00 ; 2.8513000e+01 ; 2.4800000e+02 
3.500e+01 ; 4.000e+00 ; 3.500e+00 ; 2.9000000e+01 ; 2.4800000e+02 
3.500e+01 ; 4.000e+00 ; 3.500e+00 ; 2.9000000e+01 ; 2.4800000e+02 
3.500e+01 ; 4.000e+00 ; 3.500e+00 ; 2.9001000e+01 ; 2.4800000e+02 
3.500e+01 ; 4.000e+00 ; 3.500e+00 ; 2.9002000e+01 ; 2.4800000e+02 
3.500e+01 ; 4.000e+00 ; 3.500e+00 ; 2.9003000e+01 ; 2.4800000e+02 
3.500e+01 ; 4.000e+00 ; 3.500e+00 ; 2.9005000e+01 ; 2.4800000e+02 
3.500e+01 ; 4.000e+00 ; 3.500e+00 ; 2.9009000e+01 ; 2.4800000e+02 
3.500e+01 ; 4.000e+00 ; 3.500e+00 ; 2.9017000e+01 ; 2.4800000e+02 
3.500e+01 ; 4.000e+00 ; 3.500e+00 ; 2.9033000e+01 ; 2.4800000e+02 
3.500e+01 ; 4.000e+00 ; 3.500e+00 ; 2.9065000e+01 ; 2.4800000e+02 
3.500e+01 ; 4.000e+00 ; 3.500e+00 ; 2.9129000e+01 ; 2.4800000e+02 
3.500e+01 ; 4.000e+00 ; 3.500e+00 ; 2.9257000e+01 ; 2.4800000e+02 
3.500e+01 ; 4.000e+00 ; 3.500e+00 ; 2.9513000e+01 ; 2.4800000e+02 
3.500e+01 ; 4.000e+00 ; 3.500e+00 ; 3.0000000e+01 ; 2.4800000e+02 
3.500e+01 ; 4.000e+00 ; 3.500e+00 ; 3.0000000e+01 ; 2.4800000e+02 
3.500e+01 ; 4.000e+00 ; 3.500e+00 ; 3.0001000e+01 ; 2.4800000e+02 
3.500e+01 ; 4.000e+00 ; 3.500e+00 ; 3.0002000e+01 ; 2.4800000e+02 
3.500e+01 ; 4.000e+00 ; 3.500e+00 ; 3.0003000e+01 ; 2.4800000e+02 
3.500e+01 ; 4.000e+00 ; 3.500e+00 ; 3.0005000e+01 ; 2.4800000e+02 
3.500e+01 ; 4.000e+00 ; 3.500e+00 ; 3.0009000e+01 ; 2.4800000e+02 
3.500e+01 ; 4.000e+00 ; 3.500e+00 ; 3.0017000e+01 ; 2.4800000e+02 
3.500e+01 ; 4.000e+00 ; 3.500e+00 ; 3.0033000e+01 ; 2.4800000e+02 
3.500e+01 ; 4.000e+00 ; 3.500e+00 ; 3.0065000e+01 ; 2.4800000e+02 
3.500e+01 ; 4.000e+00 ; 3.500e+00 ; 3.0129000e+01 ; 2.4800000e+02 
3.500e+01 ; 4.000e+00 ; 3.500e+00 ; 3.0257000e+01 ; 2.4800000e+02 
3.500e+01 ; 4.000e+00 ; 3.500e+00 ; 3.0513000e+01 ; 2.4800000e+02 
3.500e+01 ; 4.000e+00 ; 3.500e+00 ; 3.1000000e+01 ; 2.4800000e+02 
3.500e+01 ; 4.000e+00 ; 3.500e+00 ; 3.1000000e+01 ; 2.4800000e+02 
3.500e+01 ; 4.000e+00 ; 3.500e+00 ; 3.1001000e+01 ; 2.4800000e+02 
3.500e+01 ; 4.000e+00 ; 3.500e+00 ; 3.1002000e+01 ; 2.4800000e+02 
3.500e+01 ; 4.000e+00 ; 3.500e+00 ; 3.1003000e+01 ; 2.4800000e+02 
3.500e+01 ; 4.000e+00 ; 3.500e+00 ; 3.1005000e+01 ; 2.4800000e+02 
3.500e+01 ; 4.000e+00 ; 3.500e+00 ; 3.1009000e+01 ; 2.4800000e+02 
3.500e+01 ; 4.000e+00 ; 3.500e+00 ; 3.1017000e+01 ; 2.4800000e+02 
3.500e+01 ; 4.000e+00 ; 3.500e+00 ; 3.1033000e+01 ; 2.4800000e+02 
3.500e+01 ; 4.000e+00 ; 3.500e+00 ; 3.1065000e+01 ; 2.4800000e+02 
3.500e+01 ; 4.000e+00 ; 3.500e+00 ; 3.1129000e+01 ; 2.4800000e+02 
3.500e+01 ; 4.000e+00 ; 3.500e+00 ; 3.1257000e+01 ; 2.4800000e+02 
3.500e+01 ; 4.000e+00 ; 3.500e+00 ; 3.1513000e+01 ; 2.4800000e+02 
3.500e+01 ; 4.000e+00 ; 3.500e+00 ; 3.2000000e+01 ; 2.4800000e+02 
3.500e+01 ; 4.000e+00 ; 3.500e+00 ; 3.2000000e+01 ; 2.4800000e+02 
3.500e+01 ; 4.000e+00 ; 3.500e+00 ; 3.2001000e+01 ; 2.4800000e+02 
3.500e+01 ; 4.000e+00 ; 3.500e+00 ; 3.2002000e+01 ; 2.4800000e+02 
3.500e+01 ; 4.000e+00 ; 3.500e+00 ; 3.2003000e+01 ; 2.4800000e+02 
3.500e+01 ; 4.000e+00 ; 3.500e+00 ; 3.2005000e+01 ; 2.4800000e+02 
3.500e+01 ; 4.000e+00 ; 3.500e+00 ; 3.2009000e+01 ; 2.4800000e+02 
3.500e+01 ; 4.000e+00 ; 3.500e+00 ; 3.2017000e+01 ; 2.4800000e+02 
3.500e+01 ; 4.000e+00 ; 3.500e+00 ; 3.2033000e+01 ; 2.4800000e+02 
3.500e+01 ; 4.000e+00 ; 3.500e+00 ; 3.2065000e+01 ; 2.4800000e+02 
3.500e+01 ; 4.000e+00 ; 3.500e+00 ; 3.2129000e+01 ; 2.4800000e+02 
3.500e+01 ; 4.000e+00 ; 3.500e+00 ; 3.2257000e+01 ; 2.4800000e+02 
3.500e+01 ; 4.000e+00 ; 3.500e+00 ; 3.2513000e+01 ; 2.4800000e+02 
3.500e+01 ; 4.000e+00 ; 3.500e+00 ; 3.3000000e+01 ; 2.4800000e+02 
3.500e+01 ; 4.000e+00 ; 3.500e+00 ; 3.3000000e+01 ; 2.4800000e+02 
3.500e+01 ; 4.000e+00 ; 3.500e+00 ; 3.3001000e+01 ; 2.4800000e+02 
3.500e+01 ; 4.000e+00 ; 3.500e+00 ; 3.3002000e+01 ; 2.4800000e+02 
3.500e+01 ; 4.000e+00 ; 3.500e+00 ; 3.3003000e+01 ; 2.4800000e+02 
3.500e+01 ; 4.000e+00 ; 3.500e+00 ; 3.3005000e+01 ; 2.4800000e+02 
3.500e+01 ; 4.000e+00 ; 3.500e+00 ; 3.3009000e+01 ; 2.4800000e+02 
3.500e+01 ; 4.000e+00 ; 3.500e+00 ; 3.3017000e+01 ; 2.4800000e+02 
3.500e+01 ; 4.000e+00 ; 3.500e+00 ; 3.3033000e+01 ; 2.4800000e+02 
3.500e+01 ; 4.000e+00 ; 3.500e+00 ; 3.3065000e+01 ; 2.4800000e+02 
3.500e+01 ; 4.000e+00 ; 3.500e+00 ; 3.3129000e+01 ; 2.4800000e+02 
3.500e+01 ; 4.000e+00 ; 3.500e+00 ; 3.3257000e+01 ; 2.4800000e+02 
3.500e+01 ; 4.000e+00 ; 3.500e+00 ; 3.3513000e+01 ; 2.4800000e+02 
3.500e+01 ; 4.000e+00 ; 3.500e+00 ; 3.4000000e+01 ; 2.4800000e+02 
3.500e+01 ; 4.000e+00 ; 3.500e+00 ; 3.4000000e+01 ; 2.4800000e+02 
3.500e+01 ; 4.000e+00 ; 3.500e+00 ; 3.4001000e+01 ; 2.4800000e+02 
3.500e+01 ; 4.000e+00 ; 3.500e+00 ; 3.4002000e+01 ; 2.4800000e+02 
3.500e+01 ; 4.000e+00 ; 3.500e+00 ; 3.4003000e+01 ; 2.4800000e+02 
3.500e+01 ; 4.000e+00 ; 3.500e+00 ; 3.4005000e+01 ; 2.4800000e+02 
3.500e+01 ; 4.000e+00 ; 3.500e+00 ; 3.4009000e+01 ; 2.4800000e+02 
3.500e+01 ; 4.000e+00 ; 3.500e+00 ; 3.4017000e+01 ; 2.4800000e+02 
3.500e+01 ; 4.000e+00 ; 3.500e+00 ; 3.4033000e+01 ; 2.4800000e+02 
3.500e+01 ; 4.000e+00 ; 3.500e+00 ; 3.4065000e+01 ; 2.4800000e+02 
3.500e+01 ; 4.000e+00 ; 3.500e+00 ; 3.4129000e+01 ; 2.4800000e+02 
3.500e+01 ; 4.000e+00 ; 3.500e+00 ; 3.4257000e+01 ; 2.4800000e+02 
3.500e+01 ; 4.000e+00 ; 3.500e+00 ; 3.4513000e+01 ; 2.4800000e+02 
3.500e+01 ; 4.000e+00 ; 3.500e+00 ; 3.5000000e+01 ; 2.4800000e+02 
3.500e+01 ; 4.000e+00 ; 3.500e+00 ; 3.5000000e+01 ; 2.4800000e+02 
3.500e+01 ; 4.000e+00 ; 3.500e+00 ; 3.5001000e+01 ; 2.4800000e+02 
3.500e+01 ; 4.000e+00 ; 3.500e+00 ; 3.5002000e+01 ; 2.4800000e+02 
3.500e+01 ; 4.000e+00 ; 3.500e+00 ; 3.5003000e+01 ; 2.4800000e+02 
3.500e+01 ; 4.000e+00 ; 3.500e+00 ; 3.5005000e+01 ; 2.4800000e+02 
3.500e+01 ; 4.000e+00 ; 3.500e+00 ; 3.5009000e+01 ; 2.4800000e+02 
3.500e+01 ; 4.000e+00 ; 3.500e+00 ; 3.5017000e+01 ; 2.4800000e+02 
3.500e+01 ; 4.000e+00 ; 3.500e+00 ; 3.5033000e+01 ; 2.4800000e+02 
3.500e+01 ; 4.000e+00 ; 3.500e+00 ; 3.5065000e+01 ; 2.4800000e+02 
3.500e+01 ; 4.000e+00 ; 3.500e+00 ; 3.5129000e+01 ; 2.4800000e+02 
3.500e+01 ; 4.000e+00 ; 3.500e+00 ; 3.5257000e+01 ; 2.4800000e+02 
3.500e+01 ; 4.000e+00 ; 3.500e+00 ; 3.5513000e+01 ; 2.4800000e+02 
3.500e+01 ; 4.000e+00 ; 3.500e+00 ; 3.6000000e+01 ; 2.4800000e+02 
3.500e+01 ; 4.000e+00 ; 3.500e+00 ; 3.6000000e+01 ; 2.4800000e+02 
3.500e+01 ; 4.000e+00 ; 3.500e+00 ; 3.6001000e+01 ; 2.4800000e+02 
3.500e+01 ; 4.000e+00 ; 3.500e+00 ; 3.6002000e+01 ; 2.4800000e+02 
3.500e+01 ; 4.000e+00 ; 3.500e+00 ; 3.6003000e+01 ; 2.4800000e+02 
3.500e+01 ; 4.000e+00 ; 3.500e+00 ; 3.6005000e+01 ; 2.4800000e+02 
3.500e+01 ; 4.000e+00 ; 3.500e+00 ; 3.6009000e+01 ; 2.4800000e+02 
3.500e+01 ; 4.000e+00 ; 3.500e+00 ; 3.6017000e+01 ; 2.4800000e+02 
3.500e+01 ; 4.000e+00 ; 3.500e+00 ; 3.6033000e+01 ; 2.4800000e+02 
3.500e+01 ; 4.000e+00 ; 3.500e+00 ; 3.6065000e+01 ; 2.4800000e+02 
3.500e+01 ; 4.000e+00 ; 3.500e+00 ; 3.6129000e+01 ; 2.4800000e+02 
3.500e+01 ; 4.000e+00 ; 3.500e+00 ; 3.6257000e+01 ; 2.4800000e+02 
3.500e+01 ; 4.000e+00 ; 3.500e+00 ; 3.6513000e+01 ; 2.4800000e+02 
3.500e+01 ; 4.000e+00 ; 3.500e+00 ; 3.7000000e+01 ; 2.4800000e+02 
3.500e+01 ; 4.000e+00 ; 3.500e+00 ; 3.7000000e+01 ; 2.4800000e+02 
3.500e+01 ; 4.000e+00 ; 3.500e+00 ; 3.7001000e+01 ; 2.4800000e+02 
3.500e+01 ; 4.000e+00 ; 3.500e+00 ; 3.7002000e+01 ; 2.4800000e+02 
3.500e+01 ; 4.000e+00 ; 3.500e+00 ; 3.7003000e+01 ; 2.4800000e+02 
3.500e+01 ; 4.000e+00 ; 3.500e+00 ; 3.7005000e+01 ; 2.4800000e+02 
3.500e+01 ; 4.000e+00 ; 3.500e+00 ; 3.7009000e+01 ; 2.4800000e+02 
3.500e+01 ; 4.000e+00 ; 3.500e+00 ; 3.7017000e+01 ; 2.4800000e+02 
3.500e+01 ; 4.000e+00 ; 3.500e+00 ; 3.7033000e+01 ; 2.4800000e+02 
3.500e+01 ; 4.000e+00 ; 3.500e+00 ; 3.7065000e+01 ; 2.4800000e+02 
3.500e+01 ; 4.000e+00 ; 3.500e+00 ; 3.7129000e+01 ; 2.4800000e+02 
3.500e+01 ; 4.000e+00 ; 3.500e+00 ; 3.7257000e+01 ; 2.4800000e+02 
3.500e+01 ; 4.000e+00 ; 3.500e+00 ; 3.7513000e+01 ; 2.4800000e+02 
3.500e+01 ; 4.000e+00 ; 3.500e+00 ; 3.8000000e+01 ; 2.4800000e+02 
3.500e+01 ; 4.000e+00 ; 3.500e+00 ; 3.8000000e+01 ; 2.4800000e+02 
3.500e+01 ; 4.000e+00 ; 3.500e+00 ; 3.8001000e+01 ; 2.4800000e+02 
3.500e+01 ; 4.000e+00 ; 3.500e+00 ; 3.8002000e+01 ; 2.4800000e+02 
3.500e+01 ; 4.000e+00 ; 3.500e+00 ; 3.8003000e+01 ; 2.4800000e+02 
3.500e+01 ; 4.000e+00 ; 3.500e+00 ; 3.8005000e+01 ; 2.4800000e+02 
3.500e+01 ; 4.000e+00 ; 3.500e+00 ; 3.8009000e+01 ; 2.4800000e+02 
3.500e+01 ; 4.000e+00 ; 3.500e+00 ; 3.8017000e+01 ; 2.4800000e+02 
3.500e+01 ; 4.000e+00 ; 3.500e+00 ; 3.8033000e+01 ; 2.4800000e+02 
3.500e+01 ; 4.000e+00 ; 3.500e+00 ; 3.8065000e+01 ; 2.4800000e+02 
3.500e+01 ; 4.000e+00 ; 3.500e+00 ; 3.8129000e+01 ; 2.4800000e+02 
3.500e+01 ; 4.000e+00 ; 3.500e+00 ; 3.8257000e+01 ; 2.4800000e+02 
3.500e+01 ; 4.000e+00 ; 3.500e+00 ; 3.8513000e+01 ; 2.4800000e+02 
3.500e+01 ; 4.000e+00 ; 3.500e+00 ; 3.9000000e+01 ; 2.4800000e+02 
3.500e+01 ; 4.000e+00 ; 3.500e+00 ; 3.9000000e+01 ; 2.4800000e+02 
3.500e+01 ; 4.000e+00 ; 3.500e+00 ; 3.9001000e+01 ; 2.4800000e+02 
3.500e+01 ; 4.000e+00 ; 3.500e+00 ; 3.9002000e+01 ; 2.4800000e+02 
3.500e+01 ; 4.000e+00 ; 3.500e+00 ; 3.9003000e+01 ; 2.4800000e+02 
3.500e+01 ; 4.000e+00 ; 3.500e+00 ; 3.9005000e+01 ; 2.4800000e+02 
3.500e+01 ; 4.000e+00 ; 3.500e+00 ; 3.9009000e+01 ; 2.4800000e+02 
3.500e+01 ; 4.000e+00 ; 3.500e+00 ; 3.9017000e+01 ; 2.4800000e+02 
3.500e+01 ; 4.000e+00 ; 3.500e+00 ; 3.9033000e+01 ; 2.4800000e+02 
3.500e+01 ; 4.000e+00 ; 3.500e+00 ; 3.9065000e+01 ; 2.4800000e+02 
3.500e+01 ; 4.000e+00 ; 3.500e+00 ; 3.9129000e+01 ; 2.4800000e+02 
3.500e+01 ; 4.000e+00 ; 3.500e+00 ; 3.9257000e+01 ; 2.4800000e+02 
3.500e+01 ; 4.000e+00 ; 3.500e+00 ; 3.9513000e+01 ; 2.4800000e+02 
3.500e+01 ; 4.000e+00 ; 3.500e+00 ; 4.0000000e+01 ; 2.4800000e+02 
3.500e+01 ; 4.000e+00 ; 3.500e+00 ; 4.0000000e+01 ; 2.4800000e+02 
3.500e+01 ; 4.000e+00 ; 3.500e+00 ; 4.0001000e+01 ; 2.4800000e+02 
3.500e+01 ; 4.000e+00 ; 3.500e+00 ; 4.0002000e+01 ; 2.4800000e+02 
3.500e+01 ; 4.000e+00 ; 3.500e+00 ; 4.0003000e+01 ; 2.4800000e+02 
3.500e+01 ; 4.000e+00 ; 3.500e+00 ; 4.0005000e+01 ; 2.4800000e+02 
3.500e+01 ; 4.000e+00 ; 3.500e+00 ; 4.0009000e+01 ; 2.4800000e+02 
3.500e+01 ; 4.000e+00 ; 3.500e+00 ; 4.0017000e+01 ; 2.4800000e+02 
3.500e+01 ; 4.000e+00 ; 3.500e+00 ; 4.0033000e+01 ; 2.4800000e+02 
3.500e+01 ; 4.000e+00 ; 3.500e+00 ; 4.0065000e+01 ; 2.4800000e+02 
3.500e+01 ; 4.000e+00 ; 3.500e+00 ; 4.0129000e+01 ; 2.4800000e+02 
3.500e+01 ; 4.000e+00 ; 3.500e+00 ; 4.0257000e+01 ; 2.4800000e+02 
3.500e+01 ; 4.000e+00 ; 3.500e+00 ; 4.0513000e+01 ; 2.4800000e+02 
3.500e+01 ; 4.000e+00 ; 3.500e+00 ; 4.1000000e+01 ; 2.4800000e+02 
3.500e+01 ; 4.000e+00 ; 3.500e+00 ; 4.1000000e+01 ; 2.4800000e+02 
3.500e+01 ; 4.000e+00 ; 3.500e+00 ; 4.1001000e+01 ; 2.4800000e+02 
3.500e+01 ; 4.000e+00 ; 3.500e+00 ; 4.1002000e+01 ; 2.4800000e+02 
3.500e+01 ; 4.000e+00 ; 3.500e+00 ; 4.1003000e+01 ; 2.4800000e+02 
3.500e+01 ; 4.000e+00 ; 3.500e+00 ; 4.1005000e+01 ; 2.4800000e+02 
3.500e+01 ; 4.000e+00 ; 3.500e+00 ; 4.1009000e+01 ; 2.4800000e+02 
3.500e+01 ; 4.000e+00 ; 3.500e+00 ; 4.1017000e+01 ; 2.4800000e+02 
3.500e+01 ; 4.000e+00 ; 3.500e+00 ; 4.1033000e+01 ; 2.4800000e+02 
3.500e+01 ; 4.000e+00 ; 3.500e+00 ; 4.1065000e+01 ; 2.4800000e+02 
3.500e+01 ; 4.000e+00 ; 3.500e+00 ; 4.1129000e+01 ; 2.4800000e+02 
3.500e+01 ; 4.000e+00 ; 3.500e+00 ; 4.1257000e+01 ; 2.4800000e+02 
3.500e+01 ; 4.000e+00 ; 3.500e+00 ; 4.1513000e+01 ; 2.4800000e+02 
3.500e+01 ; 4.000e+00 ; 3.500e+00 ; 4.2000000e+01 ; 2.4800000e+02 
3.500e+01 ; 4.000e+00 ; 3.500e+00 ; 4.2000000e+01 ; 2.4800000e+02 
3.500e+01 ; 4.000e+00 ; 3.500e+00 ; 4.2001000e+01 ; 2.4800000e+02 
3.500e+01 ; 4.000e+00 ; 3.500e+00 ; 4.2002000e+01 ; 2.4800000e+02 
3.500e+01 ; 4.000e+00 ; 3.500e+00 ; 4.2003000e+01 ; 2.4800000e+02 
3.500e+01 ; 4.000e+00 ; 3.500e+00 ; 4.2005000e+01 ; 2.4800000e+02 
3.500e+01 ; 4.000e+00 ; 3.500e+00 ; 4.2009000e+01 ; 2.4800000e+02 
3.500e+01 ; 4.000e+00 ; 3.500e+00 ; 4.2017000e+01 ; 2.4800000e+02 
3.500e+01 ; 4.000e+00 ; 3.500e+00 ; 4.2033000e+01 ; 2.4800000e+02 
3.500e+01 ; 4.000e+00 ; 3.500e+00 ; 4.2065000e+01 ; 2.4800000e+02 
3.500e+01 ; 4.000e+00 ; 3.500e+00 ; 4.2129000e+01 ; 2.4800000e+02 
3.500e+01 ; 4.000e+00 ; 3.500e+00 ; 4.2257000e+01 ; 2.4800000e+02 
3.500e+01 ; 4.000e+00 ; 3.500e+00 ; 4.2513000e+01 ; 2.4800000e+02 
3.500e+01 ; 4.000e+00 ; 3.500e+00 ; 4.3000000e+01 ; 2.4800000e+02 
3.500e+01 ; 4.000e+00 ; 3.500e+00 ; 4.3000000e+01 ; 2.4800000e+02 
3.500e+01 ; 4.000e+00 ; 3.500e+00 ; 4.3001000e+01 ; 2.4800000e+02 
3.500e+01 ; 4.000e+00 ; 3.500e+00 ; 4.3002000e+01 ; 2.4800000e+02 
3.500e+01 ; 4.000e+00 ; 3.500e+00 ; 4.3003000e+01 ; 2.4800000e+02 
3.500e+01 ; 4.000e+00 ; 3.500e+00 ; 4.3005000e+01 ; 2.4800000e+02 
3.500e+01 ; 4.000e+00 ; 3.500e+00 ; 4.3009000e+01 ; 2.4800000e+02 
3.500e+01 ; 4.000e+00 ; 3.500e+00 ; 4.3017000e+01 ; 2.4800000e+02 
3.500e+01 ; 4.000e+00 ; 3.500e+00 ; 4.3033000e+01 ; 2.4800000e+02 
3.500e+01 ; 4.000e+00 ; 3.500e+00 ; 4.3065000e+01 ; 2.4800000e+02 
3.500e+01 ; 4.000e+00 ; 3.500e+00 ; 4.3129000e+01 ; 2.4800000e+02 
3.500e+01 ; 4.000e+00 ; 3.500e+00 ; 4.3257000e+01 ; 2.4800000e+02 
3.500e+01 ; 4.000e+00 ; 3.500e+00 ; 4.3513000e+01 ; 2.4800000e+02 
3.500e+01 ; 4.000e+00 ; 3.500e+00 ; 4.4000000e+01 ; 2.4800000e+02 
3.500e+01 ; 4.000e+00 ; 3.500e+00 ; 4.4000000e+01 ; 2.4800000e+02 
3.500e+01 ; 4.000e+00 ; 3.500e+00 ; 4.4001000e+01 ; 2.4800000e+02 
3.500e+01 ; 4.000e+00 ; 3.500e+00 ; 4.4002000e+01 ; 2.4800000e+02 
3.500e+01 ; 4.000e+00 ; 3.500e+00 ; 4.4003000e+01 ; 2.4800000e+02 
3.500e+01 ; 4.000e+00 ; 3.500e+00 ; 4.4005000e+01 ; 2.4800000e+02 
3.500e+01 ; 4.000e+00 ; 3.500e+00 ; 4.4009000e+01 ; 2.4800000e+02 
3.500e+01 ; 4.000e+00 ; 3.500e+00 ; 4.4017000e+01 ; 2.4800000e+02 
3.500e+01 ; 4.000e+00 ; 3.500e+00 ; 4.4033000e+01 ; 2.4800000e+02 
3.500e+01 ; 4.000e+00 ; 3.500e+00 ; 4.4065000e+01 ; 2.4800000e+02 
3.500e+01 ; 4.000e+00 ; 3.500e+00 ; 4.4129000e+01 ; 2.4800000e+02 
3.500e+01 ; 4.000e+00 ; 3.500e+00 ; 4.4257000e+01 ; 2.4800000e+02 
3.500e+01 ; 4.000e+00 ; 3.500e+00 ; 4.4513000e+01 ; 2.4800000e+02 
3.500e+01 ; 4.000e+00 ; 3.500e+00 ; 4.5000000e+01 ; 2.4800000e+02 
3.500e+01 ; 4.000e+00 ; 3.500e+00 ; 4.5000000e+01 ; 2.4800000e+02 
3.500e+01 ; 4.000e+00 ; 3.500e+00 ; 4.5001000e+01 ; 2.4800000e+02 
3.500e+01 ; 4.000e+00 ; 3.500e+00 ; 4.5002000e+01 ; 2.4800000e+02 
3.500e+01 ; 4.000e+00 ; 3.500e+00 ; 4.5003000e+01 ; 2.4800000e+02 
3.500e+01 ; 4.000e+00 ; 3.500e+00 ; 4.5005000e+01 ; 2.4800000e+02 
3.500e+01 ; 4.000e+00 ; 3.500e+00 ; 4.5009000e+01 ; 2.4800000e+02 
3.500e+01 ; 4.000e+00 ; 3.500e+00 ; 4.5017000e+01 ; 2.4800000e+02 
3.500e+01 ; 4.000e+00 ; 3.500e+00 ; 4.5033000e+01 ; 2.4800000e+02 
3.500e+01 ; 4.000e+00 ; 3.500e+00 ; 4.5065000e+01 ; 2.4800000e+02 
3.500e+01 ; 4.000e+00 ; 3.500e+00 ; 4.5129000e+01 ; 2.4800000e+02 
3.500e+01 ; 4.000e+00 ; 3.500e+00 ; 4.5257000e+01 ; 2.4800000e+02 
3.500e+01 ; 4.000e+00 ; 3.500e+00 ; 4.5513000e+01 ; 2.4800000e+02 
3.500e+01 ; 4.000e+00 ; 3.500e+00 ; 4.6000000e+01 ; 2.4800000e+02 
3.500e+01 ; 4.000e+00 ; 3.500e+00 ; 4.6000000e+01 ; 2.4800000e+02 
3.500e+01 ; 4.000e+00 ; 3.500e+00 ; 4.6001000e+01 ; 2.4800000e+02 
3.500e+01 ; 4.000e+00 ; 3.500e+00 ; 4.6002000e+01 ; 2.4800000e+02 
3.500e+01 ; 4.000e+00 ; 3.500e+00 ; 4.6003000e+01 ; 2.4800000e+02 
3.500e+01 ; 4.000e+00 ; 3.500e+00 ; 4.6005000e+01 ; 2.4800000e+02 
3.500e+01 ; 4.000e+00 ; 3.500e+00 ; 4.6009000e+01 ; 2.4800000e+02 
3.500e+01 ; 4.000e+00 ; 3.500e+00 ; 4.6017000e+01 ; 2.4800000e+02 
3.500e+01 ; 4.000e+00 ; 3.500e+00 ; 4.6033000e+01 ; 2.4800000e+02 
3.500e+01 ; 4.000e+00 ; 3.500e+00 ; 4.6065000e+01 ; 2.4800000e+02 
3.500e+01 ; 4.000e+00 ; 3.500e+00 ; 4.6129000e+01 ; 2.4800000e+02 
3.500e+01 ; 4.000e+00 ; 3.500e+00 ; 4.6257000e+01 ; 2.4800000e+02 
3.500e+01 ; 4.000e+00 ; 3.500e+00 ; 4.6513000e+01 ; 2.4800000e+02 
3.500e+01 ; 4.000e+00 ; 3.500e+00 ; 4.7000000e+01 ; 2.4800000e+02 
3.500e+01 ; 4.000e+00 ; 3.500e+00 ; 4.7000000e+01 ; 2.4800000e+02 
3.500e+01 ; 4.000e+00 ; 3.500e+00 ; 4.7001000e+01 ; 2.4800000e+02 
3.500e+01 ; 4.000e+00 ; 3.500e+00 ; 4.7002000e+01 ; 2.4800000e+02 
3.500e+01 ; 4.000e+00 ; 3.500e+00 ; 4.7003000e+01 ; 2.4800000e+02 
3.500e+01 ; 4.000e+00 ; 3.500e+00 ; 4.7005000e+01 ; 2.4800000e+02 
3.500e+01 ; 4.000e+00 ; 3.500e+00 ; 4.7009000e+01 ; 2.4800000e+02 
3.500e+01 ; 4.000e+00 ; 3.500e+00 ; 4.7017000e+01 ; 2.4800000e+02 
3.500e+01 ; 4.000e+00 ; 3.500e+00 ; 4.7033000e+01 ; 2.4800000e+02 
3.500e+01 ; 4.000e+00 ; 3.500e+00 ; 4.7065000e+01 ; 2.4800000e+02 
3.500e+01 ; 4.000e+00 ; 3.500e+00 ; 4.7129000e+01 ; 2.4800000e+02 
3.500e+01 ; 4.000e+00 ; 3.500e+00 ; 4.7257000e+01 ; 2.4800000e+02 
3.500e+01 ; 4.000e+00 ; 3.500e+00 ; 4.7513000e+01 ; 2.4800000e+02 
3.500e+01 ; 4.000e+00 ; 3.500e+00 ; 4.8000000e+01 ; 2.4800000e+02 
3.500e+01 ; 4.000e+00 ; 3.500e+00 ; 4.8000000e+01 ; 2.4800000e+02 
3.500e+01 ; 4.000e+00 ; 3.500e+00 ; 4.8001000e+01 ; 2.4800000e+02 
3.500e+01 ; 4.000e+00 ; 3.500e+00 ; 4.8002000e+01 ; 2.4800000e+02 
3.500e+01 ; 4.000e+00 ; 3.500e+00 ; 4.8003000e+01 ; 2.4800000e+02 
3.500e+01 ; 4.000e+00 ; 3.500e+00 ; 4.8005000e+01 ; 2.4800000e+02 
3.500e+01 ; 4.000e+00 ; 3.500e+00 ; 4.8009000e+01 ; 2.4800000e+02 
3.500e+01 ; 4.000e+00 ; 3.500e+00 ; 4.8017000e+01 ; 2.4800000e+02 
3.500e+01 ; 4.000e+00 ; 3.500e+00 ; 4.8033000e+01 ; 2.4800000e+02 
3.500e+01 ; 4.000e+00 ; 3.500e+00 ; 4.8065000e+01 ; 2.4800000e+02 
3.500e+01 ; 4.000e+00 ; 3.500e+00 ; 4.8129000e+01 ; 2.4800000e+02 
3.500e+01 ; 4.000e+00 ; 3.500e+00 ; 4.8257000e+01 ; 2.4800000e+02 
3.500e+01 ; 4.000e+00 ; 3.500e+00 ; 4.8513000e+01 ; 2.4800000e+02 
3.500e+01 ; 4.000e+00 ; 3.500e+00 ; 4.9000000e+01 ; 2.4800000e+02 
3.500e+01 ; 4.000e+00 ; 3.500e+00 ; 4.9000000e+01 ; 2.4800000e+02 
3.500e+01 ; 4.000e+00 ; 3.500e+00 ; 4.9001000e+01 ; 2.4800000e+02 
3.500e+01 ; 4.000e+00 ; 3.500e+00 ; 4.9002000e+01 ; 2.4800000e+02 
3.500e+01 ; 4.000e+00 ; 3.500e+00 ; 4.9003000e+01 ; 2.4800000e+02 
3.500e+01 ; 4.000e+00 ; 3.500e+00 ; 4.9005000e+01 ; 2.4800000e+02 
3.500e+01 ; 4.000e+00 ; 3.500e+00 ; 4.9009000e+01 ; 2.4800000e+02 
3.500e+01 ; 4.000e+00 ; 3.500e+00 ; 4.9017000e+01 ; 2.4800000e+02 
3.500e+01 ; 4.000e+00 ; 3.500e+00 ; 4.9033000e+01 ; 2.4800000e+02 
3.500e+01 ; 4.000e+00 ; 3.500e+00 ; 4.9065000e+01 ; 2.4800000e+02 
3.500e+01 ; 4.000e+00 ; 3.500e+00 ; 4.9129000e+01 ; 2.4800000e+02 
3.500e+01 ; 4.000e+00 ; 3.500e+00 ; 4.9257000e+01 ; 2.4800000e+02 
3.500e+01 ; 4.000e+00 ; 3.500e+00 ; 4.9513000e+01 ; 2.4800000e+02 
3.500e+01 ; 4.000e+00 ; 3.500e+00 ; 5.0000000e+01 ; 2.4800000e+02 
3.500e+01 ; 4.000e+00 ; 3.500e+00 ; 5.0000000e+01 ; 2.4800000e+02 
3.500e+01 ; 4.000e+00 ; 3.500e+00 ; 5.0001000e+01 ; 2.4800000e+02 
3.500e+01 ; 4.000e+00 ; 3.500e+00 ; 5.0002000e+01 ; 2.4800000e+02 
3.500e+01 ; 4.000e+00 ; 3.500e+00 ; 5.0003000e+01 ; 2.4800000e+02 
3.500e+01 ; 4.000e+00 ; 3.500e+00 ; 5.0005000e+01 ; 2.4800000e+02 
3.500e+01 ; 4.000e+00 ; 3.500e+00 ; 5.0009000e+01 ; 2.4800000e+02 
3.500e+01 ; 4.000e+00 ; 3.500e+00 ; 5.0017000e+01 ; 2.4800000e+02 
3.500e+01 ; 4.000e+00 ; 3.500e+00 ; 5.0033000e+01 ; 2.4800000e+02 
3.500e+01 ; 4.000e+00 ; 3.500e+00 ; 5.0065000e+01 ; 2.4800000e+02 
3.500e+01 ; 4.000e+00 ; 3.500e+00 ; 5.0129000e+01 ; 2.4800000e+02 
3.500e+01 ; 4.000e+00 ; 3.500e+00 ; 5.0257000e+01 ; 2.4800000e+02 
3.500e+01 ; 4.000e+00 ; 3.500e+00 ; 5.0513000e+01 ; 2.4800000e+02 
3.500e+01 ; 4.000e+00 ; 3.500e+00 ; 5.1000000e+01 ; 2.4800000e+02 
3.500e+01 ; 4.000e+00 ; 3.500e+00 ; 5.1000000e+01 ; 2.4800000e+02 
3.500e+01 ; 4.000e+00 ; 3.500e+00 ; 5.1001000e+01 ; 2.4800000e+02 
3.500e+01 ; 4.000e+00 ; 3.500e+00 ; 5.1002000e+01 ; 2.4800000e+02 
3.500e+01 ; 4.000e+00 ; 3.500e+00 ; 5.1003000e+01 ; 2.4800000e+02 
3.500e+01 ; 4.000e+00 ; 3.500e+00 ; 5.1005000e+01 ; 2.4800000e+02 
3.500e+01 ; 4.000e+00 ; 3.500e+00 ; 5.1009000e+01 ; 2.4800000e+02 
3.500e+01 ; 4.000e+00 ; 3.500e+00 ; 5.1017000e+01 ; 2.4800000e+02 
3.500e+01 ; 4.000e+00 ; 3.500e+00 ; 5.1033000e+01 ; 2.4800000e+02 
3.500e+01 ; 4.000e+00 ; 3.500e+00 ; 5.1065000e+01 ; 2.4800000e+02 
3.500e+01 ; 4.000e+00 ; 3.500e+00 ; 5.1129000e+01 ; 2.4800000e+02 
3.500e+01 ; 4.000e+00 ; 3.500e+00 ; 5.1257000e+01 ; 2.4800000e+02 
3.500e+01 ; 4.000e+00 ; 3.500e+00 ; 5.1513000e+01 ; 2.4800000e+02 
3.500e+01 ; 4.000e+00 ; 3.500e+00 ; 5.2000000e+01 ; 2.4800000e+02 
3.500e+01 ; 4.000e+00 ; 3.500e+00 ; 5.2000000e+01 ; 2.4800000e+02 
3.500e+01 ; 4.000e+00 ; 3.500e+00 ; 5.2001000e+01 ; 2.4800000e+02 
3.500e+01 ; 4.000e+00 ; 3.500e+00 ; 5.2002000e+01 ; 2.4800000e+02 
3.500e+01 ; 4.000e+00 ; 3.500e+00 ; 5.2003000e+01 ; 2.4800000e+02 
3.500e+01 ; 4.000e+00 ; 3.500e+00 ; 5.2005000e+01 ; 2.4800000e+02 
3.500e+01 ; 4.000e+00 ; 3.500e+00 ; 5.2009000e+01 ; 2.4800000e+02 
3.500e+01 ; 4.000e+00 ; 3.500e+00 ; 5.2017000e+01 ; 2.4800000e+02 
3.500e+01 ; 4.000e+00 ; 3.500e+00 ; 5.2033000e+01 ; 2.4800000e+02 
3.500e+01 ; 4.000e+00 ; 3.500e+00 ; 5.2065000e+01 ; 2.4800000e+02 
3.500e+01 ; 4.000e+00 ; 3.500e+00 ; 5.2129000e+01 ; 2.4800000e+02 
3.500e+01 ; 4.000e+00 ; 3.500e+00 ; 5.2257000e+01 ; 2.4800000e+02 
3.500e+01 ; 4.000e+00 ; 3.500e+00 ; 5.2513000e+01 ; 2.4800000e+02 
3.500e+01 ; 4.000e+00 ; 3.500e+00 ; 5.3000000e+01 ; 2.4800000e+02 
3.500e+01 ; 4.000e+00 ; 3.500e+00 ; 5.3000000e+01 ; 2.4800000e+02 
3.500e+01 ; 4.000e+00 ; 3.500e+00 ; 5.3001000e+01 ; 2.4800000e+02 
3.500e+01 ; 4.000e+00 ; 3.500e+00 ; 5.3002000e+01 ; 2.4800000e+02 
3.500e+01 ; 4.000e+00 ; 3.500e+00 ; 5.3003000e+01 ; 2.4800000e+02 
3.500e+01 ; 4.000e+00 ; 3.500e+00 ; 5.3005000e+01 ; 2.4800000e+02 
3.500e+01 ; 4.000e+00 ; 3.500e+00 ; 5.3009000e+01 ; 2.4800000e+02 
3.500e+01 ; 4.000e+00 ; 3.500e+00 ; 5.3017000e+01 ; 2.4800000e+02 
3.500e+01 ; 4.000e+00 ; 3.500e+00 ; 5.3033000e+01 ; 2.4800000e+02 
3.500e+01 ; 4.000e+00 ; 3.500e+00 ; 5.3065000e+01 ; 2.4800000e+02 
3.500e+01 ; 4.000e+00 ; 3.500e+00 ; 5.3129000e+01 ; 2.4800000e+02 
3.500e+01 ; 4.000e+00 ; 3.500e+00 ; 5.3257000e+01 ; 2.4800000e+02 
3.500e+01 ; 4.000e+00 ; 3.500e+00 ; 5.3513000e+01 ; 2.4800000e+02 
3.500e+01 ; 4.000e+00 ; 3.500e+00 ; 5.4000000e+01 ; 2.4800000e+02 
3.500e+01 ; 4.000e+00 ; 3.500e+00 ; 5.4000000e+01 ; 2.4800000e+02 
3.500e+01 ; 4.000e+00 ; 3.500e+00 ; 5.4001000e+01 ; 2.4800000e+02 
3.500e+01 ; 4.000e+00 ; 3.500e+00 ; 5.4002000e+01 ; 2.4800000e+02 
3.500e+01 ; 4.000e+00 ; 3.500e+00 ; 5.4003000e+01 ; 2.4800000e+02 
3.500e+01 ; 4.000e+00 ; 3.500e+00 ; 5.4005000e+01 ; 2.4800000e+02 
3.500e+01 ; 4.000e+00 ; 3.500e+00 ; 5.4009000e+01 ; 2.4800000e+02 
3.500e+01 ; 4.000e+00 ; 3.500e+00 ; 5.4017000e+01 ; 2.4800000e+02 
3.500e+01 ; 4.000e+00 ; 3.500e+00 ; 5.4033000e+01 ; 2.4800000e+02 
3.500e+01 ; 4.000e+00 ; 3.500e+00 ; 5.4065000e+01 ; 2.4800000e+02 
3.500e+01 ; 4.000e+00 ; 3.500e+00 ; 5.4129000e+01 ; 2.4800000e+02 
3.500e+01 ; 4.000e+00 ; 3.500e+00 ; 5.4257000e+01 ; 2.4800000e+02 
3.500e+01 ; 4.000e+00 ; 3.500e+00 ; 5.4513000e+01 ; 2.4800000e+02 
3.500e+01 ; 4.000e+00 ; 3.500e+00 ; 5.5000000e+01 ; 2.4800000e+02 
3.500e+01 ; 4.000e+00 ; 3.500e+00 ; 5.5000000e+01 ; 2.4800000e+02 
3.500e+01 ; 4.000e+00 ; 3.500e+00 ; 5.5001000e+01 ; 2.4800000e+02 
3.500e+01 ; 4.000e+00 ; 3.500e+00 ; 5.5002000e+01 ; 2.4800000e+02 
3.500e+01 ; 4.000e+00 ; 3.500e+00 ; 5.5003000e+01 ; 2.4800000e+02 
3.500e+01 ; 4.000e+00 ; 3.500e+00 ; 5.5005000e+01 ; 2.4800000e+02 
3.500e+01 ; 4.000e+00 ; 3.500e+00 ; 5.5009000e+01 ; 2.4800000e+02 
3.500e+01 ; 4.000e+00 ; 3.500e+00 ; 5.5017000e+01 ; 2.4800000e+02 
3.500e+01 ; 4.000e+00 ; 3.500e+00 ; 5.5033000e+01 ; 2.4800000e+02 
3.500e+01 ; 4.000e+00 ; 3.500e+00 ; 5.5065000e+01 ; 2.4800000e+02 
3.500e+01 ; 4.000e+00 ; 3.500e+00 ; 5.5129000e+01 ; 2.4800000e+02 
3.500e+01 ; 4.000e+00 ; 3.500e+00 ; 5.5257000e+01 ; 2.4800000e+02 
3.500e+01 ; 4.000e+00 ; 3.500e+00 ; 5.5513000e+01 ; 2.4800000e+02 
3.500e+01 ; 4.000e+00 ; 3.500e+00 ; 5.6000000e+01 ; 2.4800000e+02 
3.500e+01 ; 4.000e+00 ; 3.500e+00 ; 5.6000000e+01 ; 2.4800000e+02 
3.500e+01 ; 4.000e+00 ; 3.500e+00 ; 5.6001000e+01 ; 2.4800000e+02 
3.500e+01 ; 4.000e+00 ; 3.500e+00 ; 5.6002000e+01 ; 2.4800000e+02 
3.500e+01 ; 4.000e+00 ; 3.500e+00 ; 5.6003000e+01 ; 2.4800000e+02 
3.500e+01 ; 4.000e+00 ; 3.500e+00 ; 5.6005000e+01 ; 2.4800000e+02 
3.500e+01 ; 4.000e+00 ; 3.500e+00 ; 5.6009000e+01 ; 2.4800000e+02 
3.500e+01 ; 4.000e+00 ; 3.500e+00 ; 5.6017000e+01 ; 2.4800000e+02 
3.500e+01 ; 4.000e+00 ; 3.500e+00 ; 5.6033000e+01 ; 2.4800000e+02 
3.500e+01 ; 4.000e+00 ; 3.500e+00 ; 5.6065000e+01 ; 2.4800000e+02 
3.500e+01 ; 4.000e+00 ; 3.500e+00 ; 5.6129000e+01 ; 2.4800000e+02 
3.500e+01 ; 4.000e+00 ; 3.500e+00 ; 5.6257000e+01 ; 2.4800000e+02 
3.500e+01 ; 4.000e+00 ; 3.500e+00 ; 5.6513000e+01 ; 2.4800000e+02 
3.500e+01 ; 4.000e+00 ; 3.500e+00 ; 5.7000000e+01 ; 2.4800000e+02 
3.500e+01 ; 4.000e+00 ; 3.500e+00 ; 5.7000000e+01 ; 2.4800000e+02 
3.500e+01 ; 4.000e+00 ; 3.500e+00 ; 5.7001000e+01 ; 2.4800000e+02 
3.500e+01 ; 4.000e+00 ; 3.500e+00 ; 5.7002000e+01 ; 2.4800000e+02 
3.500e+01 ; 4.000e+00 ; 3.500e+00 ; 5.7003000e+01 ; 2.4800000e+02 
3.500e+01 ; 4.000e+00 ; 3.500e+00 ; 5.7005000e+01 ; 2.4800000e+02 
3.500e+01 ; 4.000e+00 ; 3.500e+00 ; 5.7009000e+01 ; 2.4800000e+02 
3.500e+01 ; 4.000e+00 ; 3.500e+00 ; 5.7017000e+01 ; 2.4800000e+02 
3.500e+01 ; 4.000e+00 ; 3.500e+00 ; 5.7033000e+01 ; 2.4800000e+02 
3.500e+01 ; 4.000e+00 ; 3.500e+00 ; 5.7065000e+01 ; 2.4800000e+02 
3.500e+01 ; 4.000e+00 ; 3.500e+00 ; 5.7129000e+01 ; 2.4800000e+02 
3.500e+01 ; 4.000e+00 ; 3.500e+00 ; 5.7257000e+01 ; 2.4800000e+02 
3.500e+01 ; 4.000e+00 ; 3.500e+00 ; 5.7513000e+01 ; 2.4800000e+02 
3.500e+01 ; 4.000e+00 ; 3.500e+00 ; 5.8000000e+01 ; 2.4800000e+02 
3.500e+01 ; 4.000e+00 ; 3.500e+00 ; 5.8000000e+01 ; 2.4800000e+02 
3.500e+01 ; 4.000e+00 ; 3.500e+00 ; 5.8001000e+01 ; 2.4800000e+02 
3.500e+01 ; 4.000e+00 ; 3.500e+00 ; 5.8002000e+01 ; 2.4800000e+02 
3.500e+01 ; 4.000e+00 ; 3.500e+00 ; 5.8003000e+01 ; 2.4800000e+02 
3.500e+01 ; 4.000e+00 ; 3.500e+00 ; 5.8005000e+01 ; 2.4800000e+02 
3.500e+01 ; 4.000e+00 ; 3.500e+00 ; 5.8009000e+01 ; 2.4800000e+02 
3.500e+01 ; 4.000e+00 ; 3.500e+00 ; 5.8017000e+01 ; 2.4800000e+02 
3.500e+01 ; 4.000e+00 ; 3.500e+00 ; 5.8033000e+01 ; 2.4800000e+02 
3.500e+01 ; 4.000e+00 ; 3.500e+00 ; 5.8065000e+01 ; 2.4800000e+02 
3.500e+01 ; 4.000e+00 ; 3.500e+00 ; 5.8129000e+01 ; 2.4800000e+02 
3.500e+01 ; 4.000e+00 ; 3.500e+00 ; 5.8257000e+01 ; 2.4800000e+02 
3.500e+01 ; 4.000e+00 ; 3.500e+00 ; 5.8513000e+01 ; 2.4800000e+02 
3.500e+01 ; 4.000e+00 ; 3.500e+00 ; 5.9000000e+01 ; 2.4800000e+02 
3.500e+01 ; 4.000e+00 ; 3.500e+00 ; 5.9000000e+01 ; 2.4800000e+02 
3.500e+01 ; 4.000e+00 ; 3.500e+00 ; 5.9001000e+01 ; 2.4800000e+02 
3.500e+01 ; 4.000e+00 ; 3.500e+00 ; 5.9002000e+01 ; 2.4800000e+02 
3.500e+01 ; 4.000e+00 ; 3.500e+00 ; 5.9003000e+01 ; 2.4800000e+02 
3.500e+01 ; 4.000e+00 ; 3.500e+00 ; 5.9005000e+01 ; 2.4800000e+02 
3.500e+01 ; 4.000e+00 ; 3.500e+00 ; 5.9009000e+01 ; 2.4800000e+02 
3.500e+01 ; 4.000e+00 ; 3.500e+00 ; 5.9017000e+01 ; 2.4800000e+02 
3.500e+01 ; 4.000e+00 ; 3.500e+00 ; 5.9033000e+01 ; 2.4800000e+02 
3.500e+01 ; 4.000e+00 ; 3.500e+00 ; 5.9065000e+01 ; 2.4800000e+02 
3.500e+01 ; 4.000e+00 ; 3.500e+00 ; 5.9129000e+01 ; 2.4800000e+02 
3.500e+01 ; 4.000e+00 ; 3.500e+00 ; 5.9257000e+01 ; 2.4800000e+02 
3.500e+01 ; 4.000e+00 ; 3.500e+00 ; 5.9513000e+01 ; 2.4800000e+02 
3.500e+01 ; 4.000e+00 ; 3.500e+00 ; 6.0000000e+01 ; 2.4800000e+02 
3.500e+01 ; 4.000e+00 ; 3.500e+00 ; 6.0000000e+01 ; 2.4800000e+02 
3.500e+01 ; 4.000e+00 ; 3.500e+00 ; 6.0001000e+01 ; 2.4800000e+02 
3.500e+01 ; 4.000e+00 ; 3.500e+00 ; 6.0002000e+01 ; 2.4800000e+02 
3.500e+01 ; 4.000e+00 ; 3.500e+00 ; 6.0003000e+01 ; 2.4800000e+02 
3.500e+01 ; 4.000e+00 ; 3.500e+00 ; 6.0005000e+01 ; 2.4800000e+02 
3.500e+01 ; 4.000e+00 ; 3.500e+00 ; 6.0009000e+01 ; 2.4800000e+02 
3.500e+01 ; 4.000e+00 ; 3.500e+00 ; 6.0017000e+01 ; 2.4800000e+02 
3.500e+01 ; 4.000e+00 ; 3.500e+00 ; 6.0033000e+01 ; 2.4800000e+02 
3.500e+01 ; 4.000e+00 ; 3.500e+00 ; 6.0065000e+01 ; 2.4800000e+02 
3.500e+01 ; 4.000e+00 ; 3.500e+00 ; 6.0129000e+01 ; 2.4800000e+02 
3.500e+01 ; 4.000e+00 ; 3.500e+00 ; 6.0257000e+01 ; 2.4800000e+02 
3.500e+01 ; 4.000e+00 ; 3.500e+00 ; 6.0513000e+01 ; 2.4800000e+02 
3.500e+01 ; 4.000e+00 ; 3.500e+00 ; 6.1000000e+01 ; 2.4800000e+02 
3.500e+01 ; 4.000e+00 ; 3.500e+00 ; 6.1000000e+01 ; 2.4800000e+02 
3.500e+01 ; 4.000e+00 ; 3.500e+00 ; 6.1001000e+01 ; 2.4800000e+02 
3.500e+01 ; 4.000e+00 ; 3.500e+00 ; 6.1002000e+01 ; 2.4800000e+02 
3.500e+01 ; 4.000e+00 ; 3.500e+00 ; 6.1003000e+01 ; 2.4800000e+02 
3.500e+01 ; 4.000e+00 ; 3.500e+00 ; 6.1005000e+01 ; 2.4800000e+02 
3.500e+01 ; 4.000e+00 ; 3.500e+00 ; 6.1009000e+01 ; 2.4800000e+02 
3.500e+01 ; 4.000e+00 ; 3.500e+00 ; 6.1017000e+01 ; 2.4800000e+02 
3.500e+01 ; 4.000e+00 ; 3.500e+00 ; 6.1033000e+01 ; 2.4800000e+02 
3.500e+01 ; 4.000e+00 ; 3.500e+00 ; 6.1065000e+01 ; 2.4800000e+02 
3.500e+01 ; 4.000e+00 ; 3.500e+00 ; 6.1129000e+01 ; 2.4800000e+02 
3.500e+01 ; 4.000e+00 ; 3.500e+00 ; 6.1257000e+01 ; 2.4800000e+02 
3.500e+01 ; 4.000e+00 ; 3.500e+00 ; 6.1513000e+01 ; 2.4800000e+02 
3.500e+01 ; 4.000e+00 ; 3.500e+00 ; 6.2000000e+01 ; 2.4800000e+02 
3.500e+01 ; 4.000e+00 ; 3.500e+00 ; 6.2000000e+01 ; 2.4800000e+02 
3.500e+01 ; 4.000e+00 ; 3.500e+00 ; 6.2001000e+01 ; 2.4800000e+02 
3.500e+01 ; 4.000e+00 ; 3.500e+00 ; 6.2002000e+01 ; 2.4800000e+02 
3.500e+01 ; 4.000e+00 ; 3.500e+00 ; 6.2003000e+01 ; 2.4800000e+02 
3.500e+01 ; 4.000e+00 ; 3.500e+00 ; 6.2005000e+01 ; 2.4800000e+02 
3.500e+01 ; 4.000e+00 ; 3.500e+00 ; 6.2009000e+01 ; 2.4800000e+02 
3.500e+01 ; 4.000e+00 ; 3.500e+00 ; 6.2017000e+01 ; 2.4800000e+02 
3.500e+01 ; 4.000e+00 ; 3.500e+00 ; 6.2033000e+01 ; 2.4800000e+02 
3.500e+01 ; 4.000e+00 ; 3.500e+00 ; 6.2065000e+01 ; 2.4800000e+02 
3.500e+01 ; 4.000e+00 ; 3.500e+00 ; 6.2129000e+01 ; 2.4800000e+02 
3.500e+01 ; 4.000e+00 ; 3.500e+00 ; 6.2257000e+01 ; 2.4800000e+02 
3.500e+01 ; 4.000e+00 ; 3.500e+00 ; 6.2513000e+01 ; 2.4800000e+02 
3.500e+01 ; 4.000e+00 ; 3.500e+00 ; 6.3000000e+01 ; 2.4800000e+02 
3.500e+01 ; 4.000e+00 ; 3.500e+00 ; 6.3000000e+01 ; 2.4800000e+02 
3.500e+01 ; 4.000e+00 ; 3.500e+00 ; 6.3001000e+01 ; 2.4800000e+02 
3.500e+01 ; 4.000e+00 ; 3.500e+00 ; 6.3002000e+01 ; 2.4800000e+02 
3.500e+01 ; 4.000e+00 ; 3.500e+00 ; 6.3003000e+01 ; 2.4800000e+02 
3.500e+01 ; 4.000e+00 ; 3.500e+00 ; 6.3005000e+01 ; 2.4800000e+02 
3.500e+01 ; 4.000e+00 ; 3.500e+00 ; 6.3009000e+01 ; 2.4800000e+02 
3.500e+01 ; 4.000e+00 ; 3.500e+00 ; 6.3017000e+01 ; 2.4800000e+02 
3.500e+01 ; 4.000e+00 ; 3.500e+00 ; 6.3033000e+01 ; 2.4800000e+02 
3.500e+01 ; 4.000e+00 ; 3.500e+00 ; 6.3065000e+01 ; 2.4800000e+02 
3.500e+01 ; 4.000e+00 ; 3.500e+00 ; 6.3129000e+01 ; 2.4800000e+02 
3.500e+01 ; 4.000e+00 ; 3.500e+00 ; 6.3257000e+01 ; 2.4800000e+02 
3.500e+01 ; 4.000e+00 ; 3.500e+00 ; 6.3513000e+01 ; 2.4800000e+02 
3.500e+01 ; 4.000e+00 ; 3.500e+00 ; 6.4000000e+01 ; 2.4800000e+02 
3.500e+01 ; 4.000e+00 ; 3.500e+00 ; 6.4000000e+01 ; 2.4800000e+02 
3.500e+01 ; 4.000e+00 ; 3.500e+00 ; 6.4001000e+01 ; 2.4800000e+02 
3.500e+01 ; 4.000e+00 ; 3.500e+00 ; 6.4002000e+01 ; 2.4800000e+02 
3.500e+01 ; 4.000e+00 ; 3.500e+00 ; 6.4003000e+01 ; 2.4800000e+02 
3.500e+01 ; 4.000e+00 ; 3.500e+00 ; 6.4005000e+01 ; 2.4800000e+02 
3.500e+01 ; 4.000e+00 ; 3.500e+00 ; 6.4009000e+01 ; 2.4800000e+02 
3.500e+01 ; 4.000e+00 ; 3.500e+00 ; 6.4017000e+01 ; 2.4800000e+02 
3.500e+01 ; 4.000e+00 ; 3.500e+00 ; 6.4033000e+01 ; 2.4800000e+02 
3.500e+01 ; 4.000e+00 ; 3.500e+00 ; 6.4065000e+01 ; 2.4800000e+02 
3.500e+01 ; 4.000e+00 ; 3.500e+00 ; 6.4129000e+01 ; 2.4800000e+02 
3.500e+01 ; 4.000e+00 ; 3.500e+00 ; 6.4257000e+01 ; 2.4800000e+02 
3.500e+01 ; 4.000e+00 ; 3.500e+00 ; 6.4513000e+01 ; 2.4800000e+02 
3.500e+01 ; 4.000e+00 ; 3.500e+00 ; 6.5000000e+01 ; 2.4800000e+02 
3.500e+01 ; 4.000e+00 ; 3.500e+00 ; 6.5000000e+01 ; 2.4800000e+02 
3.500e+01 ; 4.000e+00 ; 3.500e+00 ; 6.5001000e+01 ; 2.4786955e+02 
3.500e+01 ; 4.000e+00 ; 3.500e+00 ; 6.5002000e+01 ; 2.4773920e+02 
3.500e+01 ; 4.000e+00 ; 3.500e+00 ; 6.5003000e+01 ; 2.4760896e+02 
3.500e+01 ; 4.000e+00 ; 3.500e+00 ; 6.5005000e+01 ; 2.4734886e+02 
3.500e+01 ; 4.000e+00 ; 3.500e+00 ; 6.5009000e+01 ; 2.4683029e+02 
3.500e+01 ; 4.000e+00 ; 3.500e+00 ; 6.5017000e+01 ; 2.4579950e+02 
3.500e+01 ; 4.000e+00 ; 3.500e+00 ; 6.5033000e+01 ; 2.4376317e+02 
3.500e+01 ; 4.000e+00 ; 3.500e+00 ; 6.5065000e+01 ; 2.3978911e+02 
3.500e+01 ; 4.000e+00 ; 3.500e+00 ; 6.5129000e+01 ; 2.3221747e+02 
3.500e+01 ; 4.000e+00 ; 3.500e+00 ; 6.5257000e+01 ; 2.1844833e+02 
3.500e+01 ; 4.000e+00 ; 3.500e+00 ; 6.5513000e+01 ; 1.9550697e+02 
3.500e+01 ; 4.000e+00 ; 3.500e+00 ; 6.6000000e+01 ; 1.6389809e+02 
3.500e+01 ; 4.000e+00 ; 3.500e+00 ; 6.6000000e+01 ; 1.6389809e+02 
3.500e+01 ; 4.000e+00 ; 3.500e+00 ; 6.6001000e+01 ; 1.6383324e+02 
3.500e+01 ; 4.000e+00 ; 3.500e+00 ; 6.6002000e+01 ; 1.6376845e+02 
3.500e+01 ; 4.000e+00 ; 3.500e+00 ; 6.6003000e+01 ; 1.6370370e+02 
3.500e+01 ; 4.000e+00 ; 3.500e+00 ; 6.6005000e+01 ; 1.6357446e+02 
3.500e+01 ; 4.000e+00 ; 3.500e+00 ; 6.6009000e+01 ; 1.6331685e+02 
3.500e+01 ; 4.000e+00 ; 3.500e+00 ; 6.6017000e+01 ; 1.6280518e+02 
3.500e+01 ; 4.000e+00 ; 3.500e+00 ; 6.6033000e+01 ; 1.6179568e+02 
3.500e+01 ; 4.000e+00 ; 3.500e+00 ; 6.6065000e+01 ; 1.5983031e+02 
3.500e+01 ; 4.000e+00 ; 3.500e+00 ; 6.6129000e+01 ; 1.5609984e+02 
3.500e+01 ; 4.000e+00 ; 3.500e+00 ; 6.6257000e+01 ; 1.4934662e+02 
3.500e+01 ; 4.000e+00 ; 3.500e+00 ; 6.6513000e+01 ; 1.3811824e+02 
3.500e+01 ; 4.000e+00 ; 3.500e+00 ; 6.7000000e+01 ; 1.2254980e+02 
3.500e+01 ; 4.000e+00 ; 3.500e+00 ; 6.7000000e+01 ; 1.2254980e+02 
3.500e+01 ; 4.000e+00 ; 3.500e+00 ; 6.7001000e+01 ; 1.2251786e+02 
3.500e+01 ; 4.000e+00 ; 3.500e+00 ; 6.7002000e+01 ; 1.2248595e+02 
3.500e+01 ; 4.000e+00 ; 3.500e+00 ; 6.7003000e+01 ; 1.2245405e+02 
3.500e+01 ; 4.000e+00 ; 3.500e+00 ; 6.7005000e+01 ; 1.2239035e+02 
3.500e+01 ; 4.000e+00 ; 3.500e+00 ; 6.7009000e+01 ; 1.2226334e+02 
3.500e+01 ; 4.000e+00 ; 3.500e+00 ; 6.7017000e+01 ; 1.2201081e+02 
3.500e+01 ; 4.000e+00 ; 3.500e+00 ; 6.7033000e+01 ; 1.2151174e+02 
3.500e+01 ; 4.000e+00 ; 3.500e+00 ; 6.7065000e+01 ; 1.2053692e+02 
3.500e+01 ; 4.000e+00 ; 3.500e+00 ; 6.7129000e+01 ; 1.1867632e+02 
3.500e+01 ; 4.000e+00 ; 3.500e+00 ; 6.7257000e+01 ; 1.1527975e+02 
3.500e+01 ; 4.000e+00 ; 3.500e+00 ; 6.7513000e+01 ; 1.0957038e+02 
3.500e+01 ; 4.000e+00 ; 3.500e+00 ; 6.8000000e+01 ; 1.0153827e+02 
3.500e+01 ; 4.000e+00 ; 3.500e+00 ; 6.8000000e+01 ; 1.0153827e+02 
3.500e+01 ; 4.000e+00 ; 3.500e+00 ; 6.8001000e+01 ; 1.0152179e+02 
3.500e+01 ; 4.000e+00 ; 3.500e+00 ; 6.8002000e+01 ; 1.0150532e+02 
3.500e+01 ; 4.000e+00 ; 3.500e+00 ; 6.8003000e+01 ; 1.0148886e+02 
3.500e+01 ; 4.000e+00 ; 3.500e+00 ; 6.8005000e+01 ; 1.0145599e+02 
3.500e+01 ; 4.000e+00 ; 3.500e+00 ; 6.8009000e+01 ; 1.0139045e+02 
3.500e+01 ; 4.000e+00 ; 3.500e+00 ; 6.8017000e+01 ; 1.0126011e+02 
3.500e+01 ; 4.000e+00 ; 3.500e+00 ; 6.8033000e+01 ; 1.0100240e+02 
3.500e+01 ; 4.000e+00 ; 3.500e+00 ; 6.8065000e+01 ; 1.0049850e+02 
3.500e+01 ; 4.000e+00 ; 3.500e+00 ; 6.8129000e+01 ; 9.9534470e+01 
3.500e+01 ; 4.000e+00 ; 3.500e+00 ; 6.8257000e+01 ; 9.7764168e+01 
3.500e+01 ; 4.000e+00 ; 3.500e+00 ; 6.8513000e+01 ; 9.4743385e+01 
3.500e+01 ; 4.000e+00 ; 3.500e+00 ; 6.9000000e+01 ; 9.0346924e+01 
3.500e+01 ; 4.000e+00 ; 3.500e+00 ; 6.9000000e+01 ; 9.0346924e+01 
3.500e+01 ; 4.000e+00 ; 3.500e+00 ; 6.9001000e+01 ; 9.0337906e+01 
3.500e+01 ; 4.000e+00 ; 3.500e+00 ; 6.9002000e+01 ; 9.0328888e+01 
3.500e+01 ; 4.000e+00 ; 3.500e+00 ; 6.9003000e+01 ; 9.0319878e+01 
3.500e+01 ; 4.000e+00 ; 3.500e+00 ; 6.9005000e+01 ; 9.0301880e+01 
3.500e+01 ; 4.000e+00 ; 3.500e+00 ; 6.9009000e+01 ; 9.0265968e+01 
3.500e+01 ; 4.000e+00 ; 3.500e+00 ; 6.9017000e+01 ; 9.0194519e+01 
3.500e+01 ; 4.000e+00 ; 3.500e+00 ; 6.9033000e+01 ; 9.0053024e+01 
3.500e+01 ; 4.000e+00 ; 3.500e+00 ; 6.9065000e+01 ; 8.9775574e+01 
3.500e+01 ; 4.000e+00 ; 3.500e+00 ; 6.9129000e+01 ; 8.9241730e+01 
3.500e+01 ; 4.000e+00 ; 3.500e+00 ; 6.9257000e+01 ; 8.8250511e+01 
3.500e+01 ; 4.000e+00 ; 3.500e+00 ; 6.9513000e+01 ; 8.6523438e+01 
3.500e+01 ; 4.000e+00 ; 3.500e+00 ; 7.0000000e+01 ; 8.3916649e+01 
3.500e+01 ; 4.000e+00 ; 3.500e+00 ; 7.0000000e+01 ; 8.3916649e+01 
3.500e+01 ; 4.000e+00 ; 3.500e+00 ; 7.0001000e+01 ; 8.3911301e+01 
3.500e+01 ; 4.000e+00 ; 3.500e+00 ; 7.0002000e+01 ; 8.3905952e+01 
3.500e+01 ; 4.000e+00 ; 3.500e+00 ; 7.0003000e+01 ; 8.3900612e+01 
3.500e+01 ; 4.000e+00 ; 3.500e+00 ; 7.0005000e+01 ; 8.3889931e+01 
3.500e+01 ; 4.000e+00 ; 3.500e+00 ; 7.0009000e+01 ; 8.3868622e+01 
3.500e+01 ; 4.000e+00 ; 3.500e+00 ; 7.0017000e+01 ; 8.3826187e+01 
3.500e+01 ; 4.000e+00 ; 3.500e+00 ; 7.0033000e+01 ; 8.3742027e+01 
3.500e+01 ; 4.000e+00 ; 3.500e+00 ; 7.0065000e+01 ; 8.3576508e+01 
3.500e+01 ; 4.000e+00 ; 3.500e+00 ; 7.0129000e+01 ; 8.3256134e+01 
3.500e+01 ; 4.000e+00 ; 3.500e+00 ; 7.0257000e+01 ; 8.2654472e+01 
3.500e+01 ; 4.000e+00 ; 3.500e+00 ; 7.0513000e+01 ; 8.1583672e+01 
3.500e+01 ; 4.000e+00 ; 3.500e+00 ; 7.1000000e+01 ; 7.9908615e+01 
3.500e+01 ; 4.000e+00 ; 3.500e+00 ; 7.1000000e+01 ; 7.9908615e+01 
3.500e+01 ; 4.000e+00 ; 3.500e+00 ; 7.1001000e+01 ; 7.9905182e+01 
3.500e+01 ; 4.000e+00 ; 3.500e+00 ; 7.1002000e+01 ; 7.9901741e+01 
3.500e+01 ; 4.000e+00 ; 3.500e+00 ; 7.1003000e+01 ; 7.9898308e+01 
3.500e+01 ; 4.000e+00 ; 3.500e+00 ; 7.1005000e+01 ; 7.9891441e+01 
3.500e+01 ; 4.000e+00 ; 3.500e+00 ; 7.1009000e+01 ; 7.9877739e+01 
3.500e+01 ; 4.000e+00 ; 3.500e+00 ; 7.1017000e+01 ; 7.9850433e+01 
3.500e+01 ; 4.000e+00 ; 3.500e+00 ; 7.1033000e+01 ; 7.9796188e+01 
3.500e+01 ; 4.000e+00 ; 3.500e+00 ; 7.1065000e+01 ; 7.9689209e+01 
3.500e+01 ; 4.000e+00 ; 3.500e+00 ; 7.1129000e+01 ; 7.9480995e+01 
3.500e+01 ; 4.000e+00 ; 3.500e+00 ; 7.1257000e+01 ; 7.9085808e+01 
3.500e+01 ; 4.000e+00 ; 3.500e+00 ; 7.1513000e+01 ; 7.8368683e+01 
3.500e+01 ; 4.000e+00 ; 3.500e+00 ; 7.2000000e+01 ; 7.7210594e+01 
3.500e+01 ; 4.000e+00 ; 3.500e+00 ; 7.2000000e+01 ; 7.7210594e+01 
3.500e+01 ; 4.000e+00 ; 3.500e+00 ; 7.2001000e+01 ; 7.7208214e+01 
3.500e+01 ; 4.000e+00 ; 3.500e+00 ; 7.2002000e+01 ; 7.7205841e+01 
3.500e+01 ; 4.000e+00 ; 3.500e+00 ; 7.2003000e+01 ; 7.7203468e+01 
3.500e+01 ; 4.000e+00 ; 3.500e+00 ; 7.2005000e+01 ; 7.7198715e+01 
3.500e+01 ; 4.000e+00 ; 3.500e+00 ; 7.2009000e+01 ; 7.7189240e+01 
3.500e+01 ; 4.000e+00 ; 3.500e+00 ; 7.2017000e+01 ; 7.7170326e+01 
3.500e+01 ; 4.000e+00 ; 3.500e+00 ; 7.2033000e+01 ; 7.7132736e+01 
3.500e+01 ; 4.000e+00 ; 3.500e+00 ; 7.2065000e+01 ; 7.7058403e+01 
3.500e+01 ; 4.000e+00 ; 3.500e+00 ; 7.2129000e+01 ; 7.6913040e+01 
3.500e+01 ; 4.000e+00 ; 3.500e+00 ; 7.2257000e+01 ; 7.6634651e+01 
3.500e+01 ; 4.000e+00 ; 3.500e+00 ; 7.2513000e+01 ; 7.6121170e+01 
3.500e+01 ; 4.000e+00 ; 3.500e+00 ; 7.3000000e+01 ; 7.5269890e+01 
3.500e+01 ; 4.000e+00 ; 3.500e+00 ; 7.3000000e+01 ; 7.5269890e+01 
3.500e+01 ; 4.000e+00 ; 3.500e+00 ; 7.3001000e+01 ; 7.5268143e+01 
3.500e+01 ; 4.000e+00 ; 3.500e+00 ; 7.3002000e+01 ; 7.5266396e+01 
3.500e+01 ; 4.000e+00 ; 3.500e+00 ; 7.3003000e+01 ; 7.5264648e+01 
3.500e+01 ; 4.000e+00 ; 3.500e+00 ; 7.3005000e+01 ; 7.5261154e+01 
3.500e+01 ; 4.000e+00 ; 3.500e+00 ; 7.3009000e+01 ; 7.5254181e+01 
3.500e+01 ; 4.000e+00 ; 3.500e+00 ; 7.3017000e+01 ; 7.5240273e+01 
3.500e+01 ; 4.000e+00 ; 3.500e+00 ; 7.3033000e+01 ; 7.5212578e+01 
3.500e+01 ; 4.000e+00 ; 3.500e+00 ; 7.3065000e+01 ; 7.5157722e+01 
3.500e+01 ; 4.000e+00 ; 3.500e+00 ; 7.3129000e+01 ; 7.5050034e+01 
3.500e+01 ; 4.000e+00 ; 3.500e+00 ; 7.3257000e+01 ; 7.4842316e+01 
3.500e+01 ; 4.000e+00 ; 3.500e+00 ; 7.3513000e+01 ; 7.4454208e+01 
3.500e+01 ; 4.000e+00 ; 3.500e+00 ; 7.4000000e+01 ; 7.3797356e+01 
3.500e+01 ; 4.000e+00 ; 3.500e+00 ; 7.4000000e+01 ; 7.3797356e+01 
3.500e+01 ; 4.000e+00 ; 3.500e+00 ; 7.4001000e+01 ; 7.3796005e+01 
3.500e+01 ; 4.000e+00 ; 3.500e+00 ; 7.4002000e+01 ; 7.3794655e+01 
3.500e+01 ; 4.000e+00 ; 3.500e+00 ; 7.4003000e+01 ; 7.3793304e+01 
3.500e+01 ; 4.000e+00 ; 3.500e+00 ; 7.4005000e+01 ; 7.3790611e+01 
3.500e+01 ; 4.000e+00 ; 3.500e+00 ; 7.4009000e+01 ; 7.3785233e+01 
3.500e+01 ; 4.000e+00 ; 3.500e+00 ; 7.4017000e+01 ; 7.3774490e+01 
3.500e+01 ; 4.000e+00 ; 3.500e+00 ; 7.4033000e+01 ; 7.3753082e+01 
3.500e+01 ; 4.000e+00 ; 3.500e+00 ; 7.4065000e+01 ; 7.3710625e+01 
3.500e+01 ; 4.000e+00 ; 3.500e+00 ; 7.4129000e+01 ; 7.3627037e+01 
3.500e+01 ; 4.000e+00 ; 3.500e+00 ; 7.4257000e+01 ; 7.3464912e+01 
3.500e+01 ; 4.000e+00 ; 3.500e+00 ; 7.4513000e+01 ; 7.3158958e+01 
3.500e+01 ; 4.000e+00 ; 3.500e+00 ; 7.5000000e+01 ; 7.2632828e+01 
3.500e+01 ; 4.000e+00 ; 3.500e+00 ; 7.5000000e+01 ; 7.2632828e+01 
3.500e+01 ; 4.000e+00 ; 3.500e+00 ; 7.5001000e+01 ; 7.2631744e+01 
3.500e+01 ; 4.000e+00 ; 3.500e+00 ; 7.5002000e+01 ; 7.2630669e+01 
3.500e+01 ; 4.000e+00 ; 3.500e+00 ; 7.5003000e+01 ; 7.2629585e+01 
3.500e+01 ; 4.000e+00 ; 3.500e+00 ; 7.5005000e+01 ; 7.2627426e+01 
3.500e+01 ; 4.000e+00 ; 3.500e+00 ; 7.5009000e+01 ; 7.2623116e+01 
3.500e+01 ; 4.000e+00 ; 3.500e+00 ; 7.5017000e+01 ; 7.2614502e+01 
3.500e+01 ; 4.000e+00 ; 3.500e+00 ; 7.5033000e+01 ; 7.2597343e+01 
3.500e+01 ; 4.000e+00 ; 3.500e+00 ; 7.5065000e+01 ; 7.2563255e+01 
3.500e+01 ; 4.000e+00 ; 3.500e+00 ; 7.5129000e+01 ; 7.2495995e+01 
3.500e+01 ; 4.000e+00 ; 3.500e+00 ; 7.5257000e+01 ; 7.2364998e+01 
3.500e+01 ; 4.000e+00 ; 3.500e+00 ; 7.5513000e+01 ; 7.2115891e+01 
3.500e+01 ; 4.000e+00 ; 3.500e+00 ; 7.6000000e+01 ; 7.1682190e+01 
3.500e+01 ; 4.000e+00 ; 3.500e+00 ; 7.6000000e+01 ; 7.1682190e+01 
3.500e+01 ; 4.000e+00 ; 3.500e+00 ; 7.6001000e+01 ; 7.1681297e+01 
3.500e+01 ; 4.000e+00 ; 3.500e+00 ; 7.6002000e+01 ; 7.1680412e+01 
3.500e+01 ; 4.000e+00 ; 3.500e+00 ; 7.6003000e+01 ; 7.1679520e+01 
3.500e+01 ; 4.000e+00 ; 3.500e+00 ; 7.6005000e+01 ; 7.1677742e+01 
3.500e+01 ; 4.000e+00 ; 3.500e+00 ; 7.6009000e+01 ; 7.1674187e+01 
3.500e+01 ; 4.000e+00 ; 3.500e+00 ; 7.6017000e+01 ; 7.1667084e+01 
3.500e+01 ; 4.000e+00 ; 3.500e+00 ; 7.6033000e+01 ; 7.1652924e+01 
3.500e+01 ; 4.000e+00 ; 3.500e+00 ; 7.6065000e+01 ; 7.1624771e+01 
3.500e+01 ; 4.000e+00 ; 3.500e+00 ; 7.6129000e+01 ; 7.1569138e+01 
3.500e+01 ; 4.000e+00 ; 3.500e+00 ; 7.6257000e+01 ; 7.1460419e+01 
3.500e+01 ; 4.000e+00 ; 3.500e+00 ; 7.6513000e+01 ; 7.1252472e+01 
3.500e+01 ; 4.000e+00 ; 3.500e+00 ; 7.7000000e+01 ; 7.0886940e+01 
3.500e+01 ; 4.000e+00 ; 3.500e+00 ; 7.7000000e+01 ; 7.0886940e+01 
3.500e+01 ; 4.000e+00 ; 3.500e+00 ; 7.7001000e+01 ; 7.0886185e+01 
3.500e+01 ; 4.000e+00 ; 3.500e+00 ; 7.7002000e+01 ; 7.0885437e+01 
3.500e+01 ; 4.000e+00 ; 3.500e+00 ; 7.7003000e+01 ; 7.0884689e+01 
3.500e+01 ; 4.000e+00 ; 3.500e+00 ; 7.7005000e+01 ; 7.0883186e+01 
3.500e+01 ; 4.000e+00 ; 3.500e+00 ; 7.7009000e+01 ; 7.0880188e+01 
3.500e+01 ; 4.000e+00 ; 3.500e+00 ; 7.7017000e+01 ; 7.0874199e+01 
3.500e+01 ; 4.000e+00 ; 3.500e+00 ; 7.7033000e+01 ; 7.0862259e+01 
3.500e+01 ; 4.000e+00 ; 3.500e+00 ; 7.7065000e+01 ; 7.0838501e+01 
3.500e+01 ; 4.000e+00 ; 3.500e+00 ; 7.7129000e+01 ; 7.0791481e+01 
3.500e+01 ; 4.000e+00 ; 3.500e+00 ; 7.7257000e+01 ; 7.0699387e+01 
3.500e+01 ; 4.000e+00 ; 3.500e+00 ; 7.7513000e+01 ; 7.0522484e+01 
3.500e+01 ; 4.000e+00 ; 3.500e+00 ; 7.8000000e+01 ; 7.0209908e+01 
3.500e+01 ; 4.000e+00 ; 3.500e+00 ; 7.8000000e+01 ; 7.0209908e+01 
3.500e+01 ; 4.000e+00 ; 3.500e+00 ; 7.8001000e+01 ; 7.0209267e+01 
3.500e+01 ; 4.000e+00 ; 3.500e+00 ; 7.8002000e+01 ; 7.0208626e+01 
3.500e+01 ; 4.000e+00 ; 3.500e+00 ; 7.8003000e+01 ; 7.0207985e+01 
3.500e+01 ; 4.000e+00 ; 3.500e+00 ; 7.8005000e+01 ; 7.0206703e+01 
3.500e+01 ; 4.000e+00 ; 3.500e+00 ; 7.8009000e+01 ; 7.0204132e+01 
3.500e+01 ; 4.000e+00 ; 3.500e+00 ; 7.8017000e+01 ; 7.0199013e+01 
3.500e+01 ; 4.000e+00 ; 3.500e+00 ; 7.8033000e+01 ; 7.0188797e+01 
3.500e+01 ; 4.000e+00 ; 3.500e+00 ; 7.8065000e+01 ; 7.0168465e+01 
3.500e+01 ; 4.000e+00 ; 3.500e+00 ; 7.8129000e+01 ; 7.0128220e+01 
3.500e+01 ; 4.000e+00 ; 3.500e+00 ; 7.8257000e+01 ; 7.0049446e+01 
3.500e+01 ; 4.000e+00 ; 3.500e+00 ; 7.8513000e+01 ; 6.9899323e+01 
3.500e+01 ; 4.000e+00 ; 3.500e+00 ; 7.9000000e+01 ; 6.9642746e+01 
3.500e+01 ; 4.000e+00 ; 3.500e+00 ; 7.9000000e+01 ; 6.9642746e+01 
3.500e+01 ; 4.000e+00 ; 3.500e+00 ; 7.9001000e+01 ; 6.9642220e+01 
3.500e+01 ; 4.000e+00 ; 3.500e+00 ; 7.9002000e+01 ; 6.9641693e+01 
3.500e+01 ; 4.000e+00 ; 3.500e+00 ; 7.9003000e+01 ; 6.9641167e+01 
3.500e+01 ; 4.000e+00 ; 3.500e+00 ; 7.9005000e+01 ; 6.9640114e+01 
3.500e+01 ; 4.000e+00 ; 3.500e+00 ; 7.9009000e+01 ; 6.9638008e+01 
3.500e+01 ; 4.000e+00 ; 3.500e+00 ; 7.9017000e+01 ; 6.9633812e+01 
3.500e+01 ; 4.000e+00 ; 3.500e+00 ; 7.9033000e+01 ; 6.9625458e+01 
3.500e+01 ; 4.000e+00 ; 3.500e+00 ; 7.9065000e+01 ; 6.9608955e+01 
3.500e+01 ; 4.000e+00 ; 3.500e+00 ; 7.9129000e+01 ; 6.9576958e+01 
3.500e+01 ; 4.000e+00 ; 3.500e+00 ; 7.9257000e+01 ; 6.9518272e+01 
3.500e+01 ; 4.000e+00 ; 3.500e+00 ; 7.9513000e+01 ; 6.9426292e+01 
3.500e+01 ; 4.000e+00 ; 3.500e+00 ; 8.0000000e+01 ; 6.9335625e+01 
3.500e+01 ; 4.000e+00 ; 3.500e+00 ; 8.0000000e+01 ; 6.9335625e+01 
3.500e+01 ; 4.000e+00 ; 3.500e+00 ; 8.0001000e+01 ; 6.9335464e+01 
3.500e+01 ; 4.000e+00 ; 3.500e+00 ; 8.0002000e+01 ; 6.9335342e+01 
3.500e+01 ; 4.000e+00 ; 3.500e+00 ; 8.0003000e+01 ; 6.9335243e+01 
3.500e+01 ; 4.000e+00 ; 3.500e+00 ; 8.0005000e+01 ; 6.9335167e+01 
3.500e+01 ; 4.000e+00 ; 3.500e+00 ; 8.0009000e+01 ; 6.9335487e+01 
3.500e+01 ; 4.000e+00 ; 3.500e+00 ; 8.0017000e+01 ; 6.9337952e+01 
3.500e+01 ; 4.000e+00 ; 3.500e+00 ; 8.0033000e+01 ; 6.9349930e+01 
3.500e+01 ; 4.000e+00 ; 3.500e+00 ; 8.0065000e+01 ; 6.9399849e+01 
3.500e+01 ; 4.000e+00 ; 3.500e+00 ; 8.0129000e+01 ; 6.9587852e+01 
3.500e+01 ; 4.000e+00 ; 3.500e+00 ; 8.0257000e+01 ; 7.0215569e+01 
3.500e+01 ; 4.000e+00 ; 3.500e+00 ; 8.0513000e+01 ; 7.1948166e+01 
3.500e+01 ; 4.000e+00 ; 3.500e+00 ; 8.1000000e+01 ; 7.5258774e+01 
3.500e+01 ; 4.000e+00 ; 3.500e+00 ; 8.1000000e+01 ; 7.5258774e+01 
3.500e+01 ; 4.000e+00 ; 3.500e+00 ; 8.1001000e+01 ; 7.5265579e+01 
3.500e+01 ; 4.000e+00 ; 3.500e+00 ; 8.1002000e+01 ; 7.5272392e+01 
3.500e+01 ; 4.000e+00 ; 3.500e+00 ; 8.1003000e+01 ; 7.5279213e+01 
3.500e+01 ; 4.000e+00 ; 3.500e+00 ; 8.1005000e+01 ; 7.5292877e+01 
3.500e+01 ; 4.000e+00 ; 3.500e+00 ; 8.1009000e+01 ; 7.5320320e+01 
3.500e+01 ; 4.000e+00 ; 3.500e+00 ; 8.1017000e+01 ; 7.5375648e+01 
3.500e+01 ; 4.000e+00 ; 3.500e+00 ; 8.1033000e+01 ; 7.5487907e+01 
3.500e+01 ; 4.000e+00 ; 3.500e+00 ; 8.1065000e+01 ; 7.5718071e+01 
3.500e+01 ; 4.000e+00 ; 3.500e+00 ; 8.1129000e+01 ; 7.6195030e+01 
3.500e+01 ; 4.000e+00 ; 3.500e+00 ; 8.1257000e+01 ; 7.7177689e+01 
3.500e+01 ; 4.000e+00 ; 3.500e+00 ; 8.1513000e+01 ; 7.9064667e+01 
3.500e+01 ; 4.000e+00 ; 3.500e+00 ; 8.2000000e+01 ; 8.1820374e+01 
3.500e+01 ; 4.000e+00 ; 3.500e+00 ; 8.2000000e+01 ; 8.1820374e+01 
3.500e+01 ; 4.000e+00 ; 3.500e+00 ; 8.2001000e+01 ; 8.1826019e+01 
3.500e+01 ; 4.000e+00 ; 3.500e+00 ; 8.2002000e+01 ; 8.1831657e+01 
3.500e+01 ; 4.000e+00 ; 3.500e+00 ; 8.2003000e+01 ; 8.1837280e+01 
3.500e+01 ; 4.000e+00 ; 3.500e+00 ; 8.2005000e+01 ; 8.1848473e+01 
3.500e+01 ; 4.000e+00 ; 3.500e+00 ; 8.2009000e+01 ; 8.1870682e+01 
3.500e+01 ; 4.000e+00 ; 3.500e+00 ; 8.2017000e+01 ; 8.1914352e+01 
3.500e+01 ; 4.000e+00 ; 3.500e+00 ; 8.2033000e+01 ; 8.1998749e+01 
3.500e+01 ; 4.000e+00 ; 3.500e+00 ; 8.2065000e+01 ; 8.2156265e+01 
3.500e+01 ; 4.000e+00 ; 3.500e+00 ; 8.2129000e+01 ; 8.2429459e+01 
3.500e+01 ; 4.000e+00 ; 3.500e+00 ; 8.2257000e+01 ; 8.2831688e+01 
3.500e+01 ; 4.000e+00 ; 3.500e+00 ; 8.2513000e+01 ; 8.3202805e+01 
3.500e+01 ; 4.000e+00 ; 3.500e+00 ; 8.3000000e+01 ; 8.2971825e+01 
3.500e+01 ; 4.000e+00 ; 3.500e+00 ; 8.3000000e+01 ; 8.2971825e+01 
3.500e+01 ; 4.000e+00 ; 3.500e+00 ; 8.3001000e+01 ; 8.2971352e+01 
3.500e+01 ; 4.000e+00 ; 3.500e+00 ; 8.3002000e+01 ; 8.2970871e+01 
3.500e+01 ; 4.000e+00 ; 3.500e+00 ; 8.3003000e+01 ; 8.2970383e+01 
3.500e+01 ; 4.000e+00 ; 3.500e+00 ; 8.3005000e+01 ; 8.2969391e+01 
3.500e+01 ; 4.000e+00 ; 3.500e+00 ; 8.3009000e+01 ; 8.2967354e+01 
3.500e+01 ; 4.000e+00 ; 3.500e+00 ; 8.3017000e+01 ; 8.2963028e+01 
3.500e+01 ; 4.000e+00 ; 3.500e+00 ; 8.3033000e+01 ; 8.2953415e+01 
3.500e+01 ; 4.000e+00 ; 3.500e+00 ; 8.3065000e+01 ; 8.2930450e+01 
3.500e+01 ; 4.000e+00 ; 3.500e+00 ; 8.3129000e+01 ; 8.2870789e+01 
3.500e+01 ; 4.000e+00 ; 3.500e+00 ; 8.3257000e+01 ; 8.2704681e+01 
3.500e+01 ; 4.000e+00 ; 3.500e+00 ; 8.3513000e+01 ; 8.2236687e+01 
3.500e+01 ; 4.000e+00 ; 3.500e+00 ; 8.4000000e+01 ; 8.1083900e+01 
3.500e+01 ; 4.000e+00 ; 3.500e+00 ; 8.4000000e+01 ; 8.1083900e+01 
3.500e+01 ; 4.000e+00 ; 3.500e+00 ; 8.4001000e+01 ; 8.1081535e+01 
3.500e+01 ; 4.000e+00 ; 3.500e+00 ; 8.4002000e+01 ; 8.1079163e+01 
3.500e+01 ; 4.000e+00 ; 3.500e+00 ; 8.4003000e+01 ; 8.1076790e+01 
3.500e+01 ; 4.000e+00 ; 3.500e+00 ; 8.4005000e+01 ; 8.1072044e+01 
3.500e+01 ; 4.000e+00 ; 3.500e+00 ; 8.4009000e+01 ; 8.1062538e+01 
3.500e+01 ; 4.000e+00 ; 3.500e+00 ; 8.4017000e+01 ; 8.1043457e+01 
3.500e+01 ; 4.000e+00 ; 3.500e+00 ; 8.4033000e+01 ; 8.1005020e+01 
3.500e+01 ; 4.000e+00 ; 3.500e+00 ; 8.4065000e+01 ; 8.0927139e+01 
3.500e+01 ; 4.000e+00 ; 3.500e+00 ; 8.4129000e+01 ; 8.0767792e+01 
3.500e+01 ; 4.000e+00 ; 3.500e+00 ; 8.4257000e+01 ; 8.0437851e+01 
3.500e+01 ; 4.000e+00 ; 3.500e+00 ; 8.4513000e+01 ; 7.9751785e+01 
3.500e+01 ; 4.000e+00 ; 3.500e+00 ; 8.5000000e+01 ; 7.8431107e+01 
3.500e+01 ; 4.000e+00 ; 3.500e+00 ; 8.5000000e+01 ; 7.8431107e+01 
3.500e+01 ; 4.000e+00 ; 3.500e+00 ; 8.5001000e+01 ; 7.8428398e+01 
3.500e+01 ; 4.000e+00 ; 3.500e+00 ; 8.5002000e+01 ; 7.8425682e+01 
3.500e+01 ; 4.000e+00 ; 3.500e+00 ; 8.5003000e+01 ; 7.8422974e+01 
3.500e+01 ; 4.000e+00 ; 3.500e+00 ; 8.5005000e+01 ; 7.8417549e+01 
3.500e+01 ; 4.000e+00 ; 3.500e+00 ; 8.5009000e+01 ; 7.8406700e+01 
3.500e+01 ; 4.000e+00 ; 3.500e+00 ; 8.5017000e+01 ; 7.8384995e+01 
3.500e+01 ; 4.000e+00 ; 3.500e+00 ; 8.5033000e+01 ; 7.8341583e+01 
3.500e+01 ; 4.000e+00 ; 3.500e+00 ; 8.5065000e+01 ; 7.8254723e+01 
3.500e+01 ; 4.000e+00 ; 3.500e+00 ; 8.5129000e+01 ; 7.8081062e+01 
3.500e+01 ; 4.000e+00 ; 3.500e+00 ; 8.5257000e+01 ; 7.7735008e+01 
3.500e+01 ; 4.000e+00 ; 3.500e+00 ; 8.5513000e+01 ; 7.7053963e+01 
3.500e+01 ; 4.000e+00 ; 3.500e+00 ; 8.6000000e+01 ; 7.5821259e+01 
3.500e+01 ; 4.000e+00 ; 3.500e+00 ; 8.6000000e+01 ; 7.5821259e+01 
3.500e+01 ; 4.000e+00 ; 3.500e+00 ; 8.6001000e+01 ; 7.5818726e+01 
3.500e+01 ; 4.000e+00 ; 3.500e+00 ; 8.6002000e+01 ; 7.5816193e+01 
3.500e+01 ; 4.000e+00 ; 3.500e+00 ; 8.6003000e+01 ; 7.5813667e+01 
3.500e+01 ; 4.000e+00 ; 3.500e+00 ; 8.6005000e+01 ; 7.5808601e+01 
3.500e+01 ; 4.000e+00 ; 3.500e+00 ; 8.6009000e+01 ; 7.5798492e+01 
3.500e+01 ; 4.000e+00 ; 3.500e+00 ; 8.6017000e+01 ; 7.5778275e+01 
3.500e+01 ; 4.000e+00 ; 3.500e+00 ; 8.6033000e+01 ; 7.5737915e+01 
3.500e+01 ; 4.000e+00 ; 3.500e+00 ; 8.6065000e+01 ; 7.5657486e+01 
3.500e+01 ; 4.000e+00 ; 3.500e+00 ; 8.6129000e+01 ; 7.5497795e+01 
3.500e+01 ; 4.000e+00 ; 3.500e+00 ; 8.6257000e+01 ; 7.5183388e+01 
3.500e+01 ; 4.000e+00 ; 3.500e+00 ; 8.6513000e+01 ; 7.4575745e+01 
3.500e+01 ; 4.000e+00 ; 3.500e+00 ; 8.7000000e+01 ; 7.3498871e+01 
3.500e+01 ; 4.000e+00 ; 3.500e+00 ; 8.7000000e+01 ; 7.3498871e+01 
3.500e+01 ; 4.000e+00 ; 3.500e+00 ; 8.7001000e+01 ; 7.3496658e+01 
3.500e+01 ; 4.000e+00 ; 3.500e+00 ; 8.7002000e+01 ; 7.3494446e+01 
3.500e+01 ; 4.000e+00 ; 3.500e+00 ; 8.7003000e+01 ; 7.3492241e+01 
3.500e+01 ; 4.000e+00 ; 3.500e+00 ; 8.7005000e+01 ; 7.3487816e+01 
3.500e+01 ; 4.000e+00 ; 3.500e+00 ; 8.7009000e+01 ; 7.3478989e+01 
3.500e+01 ; 4.000e+00 ; 3.500e+00 ; 8.7017000e+01 ; 7.3461342e+01 
3.500e+01 ; 4.000e+00 ; 3.500e+00 ; 8.7033000e+01 ; 7.3426140e+01 
3.500e+01 ; 4.000e+00 ; 3.500e+00 ; 8.7065000e+01 ; 7.3356071e+01 
3.500e+01 ; 4.000e+00 ; 3.500e+00 ; 8.7129000e+01 ; 7.3217316e+01 
3.500e+01 ; 4.000e+00 ; 3.500e+00 ; 8.7257000e+01 ; 7.2945274e+01 
3.500e+01 ; 4.000e+00 ; 3.500e+00 ; 8.7513000e+01 ; 7.2422813e+01 
3.500e+01 ; 4.000e+00 ; 3.500e+00 ; 8.8000000e+01 ; 7.1503036e+01 
3.500e+01 ; 4.000e+00 ; 3.500e+00 ; 8.8000000e+01 ; 7.1503036e+01 
3.500e+01 ; 4.000e+00 ; 3.500e+00 ; 8.8001000e+01 ; 7.1501144e+01 
3.500e+01 ; 4.000e+00 ; 3.500e+00 ; 8.8002000e+01 ; 7.1499260e+01 
3.500e+01 ; 4.000e+00 ; 3.500e+00 ; 8.8003000e+01 ; 7.1497375e+01 
3.500e+01 ; 4.000e+00 ; 3.500e+00 ; 8.8005000e+01 ; 7.1493599e+01 
3.500e+01 ; 4.000e+00 ; 3.500e+00 ; 8.8009000e+01 ; 7.1486053e+01 
3.500e+01 ; 4.000e+00 ; 3.500e+00 ; 8.8017000e+01 ; 7.1470985e+01 
3.500e+01 ; 4.000e+00 ; 3.500e+00 ; 8.8033000e+01 ; 7.1440933e+01 
3.500e+01 ; 4.000e+00 ; 3.500e+00 ; 8.8065000e+01 ; 7.1381142e+01 
3.500e+01 ; 4.000e+00 ; 3.500e+00 ; 8.8129000e+01 ; 7.1262825e+01 
3.500e+01 ; 4.000e+00 ; 3.500e+00 ; 8.8257000e+01 ; 7.1031136e+01 
3.500e+01 ; 4.000e+00 ; 3.500e+00 ; 8.8513000e+01 ; 7.0586815e+01 
3.500e+01 ; 4.000e+00 ; 3.500e+00 ; 8.9000000e+01 ; 6.9805046e+01 
3.500e+01 ; 4.000e+00 ; 3.500e+00 ; 8.9000000e+01 ; 6.9805046e+01 
3.500e+01 ; 4.000e+00 ; 3.500e+00 ; 8.9001000e+01 ; 6.9803436e+01 
3.500e+01 ; 4.000e+00 ; 3.500e+00 ; 8.9002000e+01 ; 6.9801834e+01 
3.500e+01 ; 4.000e+00 ; 3.500e+00 ; 8.9003000e+01 ; 6.9800232e+01 
3.500e+01 ; 4.000e+00 ; 3.500e+00 ; 8.9005000e+01 ; 6.9797020e+01 
3.500e+01 ; 4.000e+00 ; 3.500e+00 ; 8.9009000e+01 ; 6.9790611e+01 
3.500e+01 ; 4.000e+00 ; 3.500e+00 ; 8.9017000e+01 ; 6.9777809e+01 
3.500e+01 ; 4.000e+00 ; 3.500e+00 ; 8.9033000e+01 ; 6.9752258e+01 
3.500e+01 ; 4.000e+00 ; 3.500e+00 ; 8.9065000e+01 ; 6.9701447e+01 
3.500e+01 ; 4.000e+00 ; 3.500e+00 ; 8.9129000e+01 ; 6.9600883e+01 
3.500e+01 ; 4.000e+00 ; 3.500e+00 ; 8.9257000e+01 ; 6.9403946e+01 
3.500e+01 ; 4.000e+00 ; 3.500e+00 ; 8.9513000e+01 ; 6.9026009e+01 
3.500e+01 ; 4.000e+00 ; 3.500e+00 ; 9.0000000e+01 ; 6.8359627e+01 
3.500e+01 ; 4.000e+00 ; 3.500e+00 ; 9.0000000e+01 ; 6.8359627e+01 
3.500e+01 ; 4.000e+00 ; 3.500e+00 ; 9.0001000e+01 ; 6.8358261e+01 
3.500e+01 ; 4.000e+00 ; 3.500e+00 ; 9.0002000e+01 ; 6.8356888e+01 
3.500e+01 ; 4.000e+00 ; 3.500e+00 ; 9.0003000e+01 ; 6.8355522e+01 
3.500e+01 ; 4.000e+00 ; 3.500e+00 ; 9.0005000e+01 ; 6.8352791e+01 
3.500e+01 ; 4.000e+00 ; 3.500e+00 ; 9.0009000e+01 ; 6.8347321e+01 
3.500e+01 ; 4.000e+00 ; 3.500e+00 ; 9.0017000e+01 ; 6.8336411e+01 
3.500e+01 ; 4.000e+00 ; 3.500e+00 ; 9.0033000e+01 ; 6.8314629e+01 
3.500e+01 ; 4.000e+00 ; 3.500e+00 ; 9.0065000e+01 ; 6.8271301e+01 
3.500e+01 ; 4.000e+00 ; 3.500e+00 ; 9.0129000e+01 ; 6.8185524e+01 
3.500e+01 ; 4.000e+00 ; 3.500e+00 ; 9.0257000e+01 ; 6.8017426e+01 
3.500e+01 ; 4.000e+00 ; 3.500e+00 ; 9.0513000e+01 ; 6.7694321e+01 
3.500e+01 ; 4.000e+00 ; 3.500e+00 ; 9.1000000e+01 ; 6.7122742e+01 
3.500e+01 ; 4.000e+00 ; 3.500e+00 ; 9.1000000e+01 ; 6.7122742e+01 
3.500e+01 ; 4.000e+00 ; 3.500e+00 ; 9.1010000e+01 ; 6.7111023e+01 
3.500e+01 ; 4.000e+00 ; 3.500e+00 ; 9.1020000e+01 ; 6.7099319e+01 
3.500e+01 ; 4.000e+00 ; 3.500e+00 ; 9.1030000e+01 ; 6.7087639e+01 
3.500e+01 ; 4.000e+00 ; 3.500e+00 ; 9.1050000e+01 ; 6.7064346e+01 
3.500e+01 ; 4.000e+00 ; 3.500e+00 ; 9.1090000e+01 ; 6.7018044e+01 
3.500e+01 ; 4.000e+00 ; 3.500e+00 ; 9.1170000e+01 ; 6.6926567e+01 
3.500e+01 ; 4.000e+00 ; 3.500e+00 ; 9.1330000e+01 ; 6.6747948e+01 
3.500e+01 ; 4.000e+00 ; 3.500e+00 ; 9.1650000e+01 ; 6.6407021e+01 
3.500e+01 ; 4.000e+00 ; 3.500e+00 ; 9.2290000e+01 ; 6.5782860e+01 
3.500e+01 ; 4.000e+00 ; 3.500e+00 ; 9.3570000e+01 ; 6.4718948e+01 
3.500e+01 ; 4.000e+00 ; 3.500e+00 ; 9.5490000e+01 ; 6.3429489e+01 
3.500e+01 ; 4.000e+00 ; 3.500e+00 ; 9.6000000e+01 ; 6.3106766e+01