X ; Y ; Z ; time ; Temperature 
3.500e+01 ; 6.400e+00 ; 2.100e+00 ; 0.0000000e+00 ; 2.4800000e+02 
3.500e+01 ; 6.400e+00 ; 2.100e+00 ; 1.0000000e-03 ; 2.4800000e+02 
3.500e+01 ; 6.400e+00 ; 2.100e+00 ; 2.0000001e-03 ; 2.4800000e+02 
3.500e+01 ; 6.400e+00 ; 2.100e+00 ; 3.0000000e-03 ; 2.4800000e+02 
3.500e+01 ; 6.400e+00 ; 2.100e+00 ; 4.9999999e-03 ; 2.4800000e+02 
3.500e+01 ; 6.400e+00 ; 2.100e+00 ; 8.9999996e-03 ; 2.4800000e+02 
3.500e+01 ; 6.400e+00 ; 2.100e+00 ; 1.7000001e-02 ; 2.4800000e+02 
3.500e+01 ; 6.400e+00 ; 2.100e+00 ; 3.3000000e-02 ; 2.4800000e+02 
3.500e+01 ; 6.400e+00 ; 2.100e+00 ; 6.4999998e-02 ; 2.4800000e+02 
3.500e+01 ; 6.400e+00 ; 2.100e+00 ; 1.2899999e-01 ; 2.4800000e+02 
3.500e+01 ; 6.400e+00 ; 2.100e+00 ; 2.5700000e-01 ; 2.4800000e+02 
3.500e+01 ; 6.400e+00 ; 2.100e+00 ; 5.1300001e-01 ; 2.4800000e+02 
3.500e+01 ; 6.400e+00 ; 2.100e+00 ; 1.0000000e+00 ; 2.4800000e+02 
3.500e+01 ; 6.400e+00 ; 2.100e+00 ; 1.0000000e+00 ; 2.4800000e+02 
3.500e+01 ; 6.400e+00 ; 2.100e+00 ; 1.0010000e+00 ; 2.4800000e+02 
3.500e+01 ; 6.400e+00 ; 2.100e+00 ; 1.0020000e+00 ; 2.4800000e+02 
3.500e+01 ; 6.400e+00 ; 2.100e+00 ; 1.0030000e+00 ; 2.4800000e+02 
3.500e+01 ; 6.400e+00 ; 2.100e+00 ; 1.0050000e+00 ; 2.4800000e+02 
3.500e+01 ; 6.400e+00 ; 2.100e+00 ; 1.0090000e+00 ; 2.4800000e+02 
3.500e+01 ; 6.400e+00 ; 2.100e+00 ; 1.0170000e+00 ; 2.4800000e+02 
3.500e+01 ; 6.400e+00 ; 2.100e+00 ; 1.0330000e+00 ; 2.4800000e+02 
3.500e+01 ; 6.400e+00 ; 2.100e+00 ; 1.0650000e+00 ; 2.4800000e+02 
3.500e+01 ; 6.400e+00 ; 2.100e+00 ; 1.1290000e+00 ; 2.4800000e+02 
3.500e+01 ; 6.400e+00 ; 2.100e+00 ; 1.2570000e+00 ; 2.4800000e+02 
3.500e+01 ; 6.400e+00 ; 2.100e+00 ; 1.5130000e+00 ; 2.4800000e+02 
3.500e+01 ; 6.400e+00 ; 2.100e+00 ; 2.0000000e+00 ; 2.4800000e+02 
3.500e+01 ; 6.400e+00 ; 2.100e+00 ; 2.0000000e+00 ; 2.4800000e+02 
3.500e+01 ; 6.400e+00 ; 2.100e+00 ; 2.0010000e+00 ; 2.4800000e+02 
3.500e+01 ; 6.400e+00 ; 2.100e+00 ; 2.0020000e+00 ; 2.4800000e+02 
3.500e+01 ; 6.400e+00 ; 2.100e+00 ; 2.0030000e+00 ; 2.4800000e+02 
3.500e+01 ; 6.400e+00 ; 2.100e+00 ; 2.0050000e+00 ; 2.4800000e+02 
3.500e+01 ; 6.400e+00 ; 2.100e+00 ; 2.0090000e+00 ; 2.4800000e+02 
3.500e+01 ; 6.400e+00 ; 2.100e+00 ; 2.0170000e+00 ; 2.4800000e+02 
3.500e+01 ; 6.400e+00 ; 2.100e+00 ; 2.0330000e+00 ; 2.4800000e+02 
3.500e+01 ; 6.400e+00 ; 2.100e+00 ; 2.0650000e+00 ; 2.4800000e+02 
3.500e+01 ; 6.400e+00 ; 2.100e+00 ; 2.1290000e+00 ; 2.4800000e+02 
3.500e+01 ; 6.400e+00 ; 2.100e+00 ; 2.2570000e+00 ; 2.4800000e+02 
3.500e+01 ; 6.400e+00 ; 2.100e+00 ; 2.5130000e+00 ; 2.4800000e+02 
3.500e+01 ; 6.400e+00 ; 2.100e+00 ; 3.0000000e+00 ; 2.4800000e+02 
3.500e+01 ; 6.400e+00 ; 2.100e+00 ; 3.0000000e+00 ; 2.4800000e+02 
3.500e+01 ; 6.400e+00 ; 2.100e+00 ; 3.0010000e+00 ; 2.4800000e+02 
3.500e+01 ; 6.400e+00 ; 2.100e+00 ; 3.0020000e+00 ; 2.4800000e+02 
3.500e+01 ; 6.400e+00 ; 2.100e+00 ; 3.0030000e+00 ; 2.4800000e+02 
3.500e+01 ; 6.400e+00 ; 2.100e+00 ; 3.0050000e+00 ; 2.4800000e+02 
3.500e+01 ; 6.400e+00 ; 2.100e+00 ; 3.0090000e+00 ; 2.4800000e+02 
3.500e+01 ; 6.400e+00 ; 2.100e+00 ; 3.0170000e+00 ; 2.4800000e+02 
3.500e+01 ; 6.400e+00 ; 2.100e+00 ; 3.0330000e+00 ; 2.4800000e+02 
3.500e+01 ; 6.400e+00 ; 2.100e+00 ; 3.0650000e+00 ; 2.4800000e+02 
3.500e+01 ; 6.400e+00 ; 2.100e+00 ; 3.1290000e+00 ; 2.4800000e+02 
3.500e+01 ; 6.400e+00 ; 2.100e+00 ; 3.2570000e+00 ; 2.4800000e+02 
3.500e+01 ; 6.400e+00 ; 2.100e+00 ; 3.5130000e+00 ; 2.4800000e+02 
3.500e+01 ; 6.400e+00 ; 2.100e+00 ; 4.0000000e+00 ; 2.4800000e+02 
3.500e+01 ; 6.400e+00 ; 2.100e+00 ; 4.0000000e+00 ; 2.4800000e+02 
3.500e+01 ; 6.400e+00 ; 2.100e+00 ; 4.0010000e+00 ; 2.4800000e+02 
3.500e+01 ; 6.400e+00 ; 2.100e+00 ; 4.0020000e+00 ; 2.4800000e+02 
3.500e+01 ; 6.400e+00 ; 2.100e+00 ; 4.0030000e+00 ; 2.4800000e+02 
3.500e+01 ; 6.400e+00 ; 2.100e+00 ; 4.0050000e+00 ; 2.4800000e+02 
3.500e+01 ; 6.400e+00 ; 2.100e+00 ; 4.0090000e+00 ; 2.4800000e+02 
3.500e+01 ; 6.400e+00 ; 2.100e+00 ; 4.0170000e+00 ; 2.4800000e+02 
3.500e+01 ; 6.400e+00 ; 2.100e+00 ; 4.0330000e+00 ; 2.4800000e+02 
3.500e+01 ; 6.400e+00 ; 2.100e+00 ; 4.0650000e+00 ; 2.4800000e+02 
3.500e+01 ; 6.400e+00 ; 2.100e+00 ; 4.1290000e+00 ; 2.4800000e+02 
3.500e+01 ; 6.400e+00 ; 2.100e+00 ; 4.2570000e+00 ; 2.4800000e+02 
3.500e+01 ; 6.400e+00 ; 2.100e+00 ; 4.5130000e+00 ; 2.4800000e+02 
3.500e+01 ; 6.400e+00 ; 2.100e+00 ; 5.0000000e+00 ; 2.4800000e+02 
3.500e+01 ; 6.400e+00 ; 2.100e+00 ; 5.0000000e+00 ; 2.4800000e+02 
3.500e+01 ; 6.400e+00 ; 2.100e+00 ; 5.0010000e+00 ; 2.4800000e+02 
3.500e+01 ; 6.400e+00 ; 2.100e+00 ; 5.0020000e+00 ; 2.4800000e+02 
3.500e+01 ; 6.400e+00 ; 2.100e+00 ; 5.0030000e+00 ; 2.4800000e+02 
3.500e+01 ; 6.400e+00 ; 2.100e+00 ; 5.0050000e+00 ; 2.4800000e+02 
3.500e+01 ; 6.400e+00 ; 2.100e+00 ; 5.0090000e+00 ; 2.4800000e+02 
3.500e+01 ; 6.400e+00 ; 2.100e+00 ; 5.0170000e+00 ; 2.4800000e+02 
3.500e+01 ; 6.400e+00 ; 2.100e+00 ; 5.0330000e+00 ; 2.4800000e+02 
3.500e+01 ; 6.400e+00 ; 2.100e+00 ; 5.0650000e+00 ; 2.4800000e+02 
3.500e+01 ; 6.400e+00 ; 2.100e+00 ; 5.1290000e+00 ; 2.4800000e+02 
3.500e+01 ; 6.400e+00 ; 2.100e+00 ; 5.2570000e+00 ; 2.4800000e+02 
3.500e+01 ; 6.400e+00 ; 2.100e+00 ; 5.5130000e+00 ; 2.4800000e+02 
3.500e+01 ; 6.400e+00 ; 2.100e+00 ; 6.0000000e+00 ; 2.4800000e+02 
3.500e+01 ; 6.400e+00 ; 2.100e+00 ; 6.0000000e+00 ; 2.4800000e+02 
3.500e+01 ; 6.400e+00 ; 2.100e+00 ; 6.0010000e+00 ; 2.4800000e+02 
3.500e+01 ; 6.400e+00 ; 2.100e+00 ; 6.0020000e+00 ; 2.4800000e+02 
3.500e+01 ; 6.400e+00 ; 2.100e+00 ; 6.0030000e+00 ; 2.4800000e+02 
3.500e+01 ; 6.400e+00 ; 2.100e+00 ; 6.0050000e+00 ; 2.4800000e+02 
3.500e+01 ; 6.400e+00 ; 2.100e+00 ; 6.0090000e+00 ; 2.4800000e+02 
3.500e+01 ; 6.400e+00 ; 2.100e+00 ; 6.0170000e+00 ; 2.4800000e+02 
3.500e+01 ; 6.400e+00 ; 2.100e+00 ; 6.0330000e+00 ; 2.4800000e+02 
3.500e+01 ; 6.400e+00 ; 2.100e+00 ; 6.0650000e+00 ; 2.4800000e+02 
3.500e+01 ; 6.400e+00 ; 2.100e+00 ; 6.1290000e+00 ; 2.4800000e+02 
3.500e+01 ; 6.400e+00 ; 2.100e+00 ; 6.2570000e+00 ; 2.4800000e+02 
3.500e+01 ; 6.400e+00 ; 2.100e+00 ; 6.5130000e+00 ; 2.4800000e+02 
3.500e+01 ; 6.400e+00 ; 2.100e+00 ; 7.0000000e+00 ; 2.4800000e+02 
3.500e+01 ; 6.400e+00 ; 2.100e+00 ; 7.0000000e+00 ; 2.4800000e+02 
3.500e+01 ; 6.400e+00 ; 2.100e+00 ; 7.0010000e+00 ; 2.4800000e+02 
3.500e+01 ; 6.400e+00 ; 2.100e+00 ; 7.0020000e+00 ; 2.4800000e+02 
3.500e+01 ; 6.400e+00 ; 2.100e+00 ; 7.0030000e+00 ; 2.4800000e+02 
3.500e+01 ; 6.400e+00 ; 2.100e+00 ; 7.0050000e+00 ; 2.4800000e+02 
3.500e+01 ; 6.400e+00 ; 2.100e+00 ; 7.0090000e+00 ; 2.4800000e+02 
3.500e+01 ; 6.400e+00 ; 2.100e+00 ; 7.0170000e+00 ; 2.4800000e+02 
3.500e+01 ; 6.400e+00 ; 2.100e+00 ; 7.0330000e+00 ; 2.4800000e+02 
3.500e+01 ; 6.400e+00 ; 2.100e+00 ; 7.0650000e+00 ; 2.4800000e+02 
3.500e+01 ; 6.400e+00 ; 2.100e+00 ; 7.1290000e+00 ; 2.4800000e+02 
3.500e+01 ; 6.400e+00 ; 2.100e+00 ; 7.2570000e+00 ; 2.4800000e+02 
3.500e+01 ; 6.400e+00 ; 2.100e+00 ; 7.5130000e+00 ; 2.4800000e+02 
3.500e+01 ; 6.400e+00 ; 2.100e+00 ; 8.0000000e+00 ; 2.4800000e+02 
3.500e+01 ; 6.400e+00 ; 2.100e+00 ; 8.0000000e+00 ; 2.4800000e+02 
3.500e+01 ; 6.400e+00 ; 2.100e+00 ; 8.0010000e+00 ; 2.4800000e+02 
3.500e+01 ; 6.400e+00 ; 2.100e+00 ; 8.0020000e+00 ; 2.4800000e+02 
3.500e+01 ; 6.400e+00 ; 2.100e+00 ; 8.0030000e+00 ; 2.4800000e+02 
3.500e+01 ; 6.400e+00 ; 2.100e+00 ; 8.0050000e+00 ; 2.4800000e+02 
3.500e+01 ; 6.400e+00 ; 2.100e+00 ; 8.0090000e+00 ; 2.4800000e+02 
3.500e+01 ; 6.400e+00 ; 2.100e+00 ; 8.0170000e+00 ; 2.4800000e+02 
3.500e+01 ; 6.400e+00 ; 2.100e+00 ; 8.0330000e+00 ; 2.4800000e+02 
3.500e+01 ; 6.400e+00 ; 2.100e+00 ; 8.0650000e+00 ; 2.4800000e+02 
3.500e+01 ; 6.400e+00 ; 2.100e+00 ; 8.1290000e+00 ; 2.4800000e+02 
3.500e+01 ; 6.400e+00 ; 2.100e+00 ; 8.2570000e+00 ; 2.4800000e+02 
3.500e+01 ; 6.400e+00 ; 2.100e+00 ; 8.5130000e+00 ; 2.4800000e+02 
3.500e+01 ; 6.400e+00 ; 2.100e+00 ; 9.0000000e+00 ; 2.4800000e+02 
3.500e+01 ; 6.400e+00 ; 2.100e+00 ; 9.0000000e+00 ; 2.4800000e+02 
3.500e+01 ; 6.400e+00 ; 2.100e+00 ; 9.0010000e+00 ; 2.4800000e+02 
3.500e+01 ; 6.400e+00 ; 2.100e+00 ; 9.0020000e+00 ; 2.4800000e+02 
3.500e+01 ; 6.400e+00 ; 2.100e+00 ; 9.0030000e+00 ; 2.4800000e+02 
3.500e+01 ; 6.400e+00 ; 2.100e+00 ; 9.0050000e+00 ; 2.4800000e+02 
3.500e+01 ; 6.400e+00 ; 2.100e+00 ; 9.0090000e+00 ; 2.4800000e+02 
3.500e+01 ; 6.400e+00 ; 2.100e+00 ; 9.0170000e+00 ; 2.4800000e+02 
3.500e+01 ; 6.400e+00 ; 2.100e+00 ; 9.0330000e+00 ; 2.4800000e+02 
3.500e+01 ; 6.400e+00 ; 2.100e+00 ; 9.0650000e+00 ; 2.4800000e+02 
3.500e+01 ; 6.400e+00 ; 2.100e+00 ; 9.1290000e+00 ; 2.4800000e+02 
3.500e+01 ; 6.400e+00 ; 2.100e+00 ; 9.2570000e+00 ; 2.4800000e+02 
3.500e+01 ; 6.400e+00 ; 2.100e+00 ; 9.5130000e+00 ; 2.4800000e+02 
3.500e+01 ; 6.400e+00 ; 2.100e+00 ; 1.0000000e+01 ; 2.4800000e+02 
3.500e+01 ; 6.400e+00 ; 2.100e+00 ; 1.0000000e+01 ; 2.4800000e+02 
3.500e+01 ; 6.400e+00 ; 2.100e+00 ; 1.0001000e+01 ; 2.4800000e+02 
3.500e+01 ; 6.400e+00 ; 2.100e+00 ; 1.0002000e+01 ; 2.4800000e+02 
3.500e+01 ; 6.400e+00 ; 2.100e+00 ; 1.0003000e+01 ; 2.4800000e+02 
3.500e+01 ; 6.400e+00 ; 2.100e+00 ; 1.0005000e+01 ; 2.4800000e+02 
3.500e+01 ; 6.400e+00 ; 2.100e+00 ; 1.0009000e+01 ; 2.4800000e+02 
3.500e+01 ; 6.400e+00 ; 2.100e+00 ; 1.0017000e+01 ; 2.4800000e+02 
3.500e+01 ; 6.400e+00 ; 2.100e+00 ; 1.0033000e+01 ; 2.4800000e+02 
3.500e+01 ; 6.400e+00 ; 2.100e+00 ; 1.0065000e+01 ; 2.4800000e+02 
3.500e+01 ; 6.400e+00 ; 2.100e+00 ; 1.0129000e+01 ; 2.4800000e+02 
3.500e+01 ; 6.400e+00 ; 2.100e+00 ; 1.0257000e+01 ; 2.4800000e+02 
3.500e+01 ; 6.400e+00 ; 2.100e+00 ; 1.0513000e+01 ; 2.4800000e+02 
3.500e+01 ; 6.400e+00 ; 2.100e+00 ; 1.1000000e+01 ; 2.4800000e+02 
3.500e+01 ; 6.400e+00 ; 2.100e+00 ; 1.1000000e+01 ; 2.4800000e+02 
3.500e+01 ; 6.400e+00 ; 2.100e+00 ; 1.1001000e+01 ; 2.4800000e+02 
3.500e+01 ; 6.400e+00 ; 2.100e+00 ; 1.1002000e+01 ; 2.4800000e+02 
3.500e+01 ; 6.400e+00 ; 2.100e+00 ; 1.1003000e+01 ; 2.4800000e+02 
3.500e+01 ; 6.400e+00 ; 2.100e+00 ; 1.1005000e+01 ; 2.4800000e+02 
3.500e+01 ; 6.400e+00 ; 2.100e+00 ; 1.1009000e+01 ; 2.4800000e+02 
3.500e+01 ; 6.400e+00 ; 2.100e+00 ; 1.1017000e+01 ; 2.4800000e+02 
3.500e+01 ; 6.400e+00 ; 2.100e+00 ; 1.1033000e+01 ; 2.4800000e+02 
3.500e+01 ; 6.400e+00 ; 2.100e+00 ; 1.1065000e+01 ; 2.4800000e+02 
3.500e+01 ; 6.400e+00 ; 2.100e+00 ; 1.1129000e+01 ; 2.4800000e+02 
3.500e+01 ; 6.400e+00 ; 2.100e+00 ; 1.1257000e+01 ; 2.4800000e+02 
3.500e+01 ; 6.400e+00 ; 2.100e+00 ; 1.1513000e+01 ; 2.4800000e+02 
3.500e+01 ; 6.400e+00 ; 2.100e+00 ; 1.2000000e+01 ; 2.4800000e+02 
3.500e+01 ; 6.400e+00 ; 2.100e+00 ; 1.2000000e+01 ; 2.4800000e+02 
3.500e+01 ; 6.400e+00 ; 2.100e+00 ; 1.2001000e+01 ; 2.4800000e+02 
3.500e+01 ; 6.400e+00 ; 2.100e+00 ; 1.2002000e+01 ; 2.4800000e+02 
3.500e+01 ; 6.400e+00 ; 2.100e+00 ; 1.2003000e+01 ; 2.4800000e+02 
3.500e+01 ; 6.400e+00 ; 2.100e+00 ; 1.2005000e+01 ; 2.4800000e+02 
3.500e+01 ; 6.400e+00 ; 2.100e+00 ; 1.2009000e+01 ; 2.4800000e+02 
3.500e+01 ; 6.400e+00 ; 2.100e+00 ; 1.2017000e+01 ; 2.4800000e+02 
3.500e+01 ; 6.400e+00 ; 2.100e+00 ; 1.2033000e+01 ; 2.4800000e+02 
3.500e+01 ; 6.400e+00 ; 2.100e+00 ; 1.2065000e+01 ; 2.4800000e+02 
3.500e+01 ; 6.400e+00 ; 2.100e+00 ; 1.2129000e+01 ; 2.4800000e+02 
3.500e+01 ; 6.400e+00 ; 2.100e+00 ; 1.2257000e+01 ; 2.4800000e+02 
3.500e+01 ; 6.400e+00 ; 2.100e+00 ; 1.2513000e+01 ; 2.4800000e+02 
3.500e+01 ; 6.400e+00 ; 2.100e+00 ; 1.3000000e+01 ; 2.4800000e+02 
3.500e+01 ; 6.400e+00 ; 2.100e+00 ; 1.3000000e+01 ; 2.4800000e+02 
3.500e+01 ; 6.400e+00 ; 2.100e+00 ; 1.3001000e+01 ; 2.4800000e+02 
3.500e+01 ; 6.400e+00 ; 2.100e+00 ; 1.3002000e+01 ; 2.4800000e+02 
3.500e+01 ; 6.400e+00 ; 2.100e+00 ; 1.3003000e+01 ; 2.4800000e+02 
3.500e+01 ; 6.400e+00 ; 2.100e+00 ; 1.3005000e+01 ; 2.4800000e+02 
3.500e+01 ; 6.400e+00 ; 2.100e+00 ; 1.3009000e+01 ; 2.4800000e+02 
3.500e+01 ; 6.400e+00 ; 2.100e+00 ; 1.3017000e+01 ; 2.4800000e+02 
3.500e+01 ; 6.400e+00 ; 2.100e+00 ; 1.3033000e+01 ; 2.4800000e+02 
3.500e+01 ; 6.400e+00 ; 2.100e+00 ; 1.3065000e+01 ; 2.4800000e+02 
3.500e+01 ; 6.400e+00 ; 2.100e+00 ; 1.3129000e+01 ; 2.4800000e+02 
3.500e+01 ; 6.400e+00 ; 2.100e+00 ; 1.3257000e+01 ; 2.4800000e+02 
3.500e+01 ; 6.400e+00 ; 2.100e+00 ; 1.3513000e+01 ; 2.4800000e+02 
3.500e+01 ; 6.400e+00 ; 2.100e+00 ; 1.4000000e+01 ; 2.4800000e+02 
3.500e+01 ; 6.400e+00 ; 2.100e+00 ; 1.4000000e+01 ; 2.4800000e+02 
3.500e+01 ; 6.400e+00 ; 2.100e+00 ; 1.4001000e+01 ; 2.4800000e+02 
3.500e+01 ; 6.400e+00 ; 2.100e+00 ; 1.4002000e+01 ; 2.4800000e+02 
3.500e+01 ; 6.400e+00 ; 2.100e+00 ; 1.4003000e+01 ; 2.4800000e+02 
3.500e+01 ; 6.400e+00 ; 2.100e+00 ; 1.4005000e+01 ; 2.4800000e+02 
3.500e+01 ; 6.400e+00 ; 2.100e+00 ; 1.4009000e+01 ; 2.4800000e+02 
3.500e+01 ; 6.400e+00 ; 2.100e+00 ; 1.4017000e+01 ; 2.4800000e+02 
3.500e+01 ; 6.400e+00 ; 2.100e+00 ; 1.4033000e+01 ; 2.4800000e+02 
3.500e+01 ; 6.400e+00 ; 2.100e+00 ; 1.4065000e+01 ; 2.4800000e+02 
3.500e+01 ; 6.400e+00 ; 2.100e+00 ; 1.4129000e+01 ; 2.4800000e+02 
3.500e+01 ; 6.400e+00 ; 2.100e+00 ; 1.4257000e+01 ; 2.4800000e+02 
3.500e+01 ; 6.400e+00 ; 2.100e+00 ; 1.4513000e+01 ; 2.4800000e+02 
3.500e+01 ; 6.400e+00 ; 2.100e+00 ; 1.5000000e+01 ; 2.4800000e+02 
3.500e+01 ; 6.400e+00 ; 2.100e+00 ; 1.5000000e+01 ; 2.4800000e+02 
3.500e+01 ; 6.400e+00 ; 2.100e+00 ; 1.5001000e+01 ; 2.4800000e+02 
3.500e+01 ; 6.400e+00 ; 2.100e+00 ; 1.5002000e+01 ; 2.4800000e+02 
3.500e+01 ; 6.400e+00 ; 2.100e+00 ; 1.5003000e+01 ; 2.4800000e+02 
3.500e+01 ; 6.400e+00 ; 2.100e+00 ; 1.5005000e+01 ; 2.4800000e+02 
3.500e+01 ; 6.400e+00 ; 2.100e+00 ; 1.5009000e+01 ; 2.4800000e+02 
3.500e+01 ; 6.400e+00 ; 2.100e+00 ; 1.5017000e+01 ; 2.4800000e+02 
3.500e+01 ; 6.400e+00 ; 2.100e+00 ; 1.5033000e+01 ; 2.4800000e+02 
3.500e+01 ; 6.400e+00 ; 2.100e+00 ; 1.5065000e+01 ; 2.4800000e+02 
3.500e+01 ; 6.400e+00 ; 2.100e+00 ; 1.5129000e+01 ; 2.4800000e+02 
3.500e+01 ; 6.400e+00 ; 2.100e+00 ; 1.5257000e+01 ; 2.4800000e+02 
3.500e+01 ; 6.400e+00 ; 2.100e+00 ; 1.5513000e+01 ; 2.4800000e+02 
3.500e+01 ; 6.400e+00 ; 2.100e+00 ; 1.6000000e+01 ; 2.4800000e+02 
3.500e+01 ; 6.400e+00 ; 2.100e+00 ; 1.6000000e+01 ; 2.4800000e+02 
3.500e+01 ; 6.400e+00 ; 2.100e+00 ; 1.6001000e+01 ; 2.4800000e+02 
3.500e+01 ; 6.400e+00 ; 2.100e+00 ; 1.6002000e+01 ; 2.4800000e+02 
3.500e+01 ; 6.400e+00 ; 2.100e+00 ; 1.6003000e+01 ; 2.4800000e+02 
3.500e+01 ; 6.400e+00 ; 2.100e+00 ; 1.6005000e+01 ; 2.4800000e+02 
3.500e+01 ; 6.400e+00 ; 2.100e+00 ; 1.6009000e+01 ; 2.4800000e+02 
3.500e+01 ; 6.400e+00 ; 2.100e+00 ; 1.6017000e+01 ; 2.4800000e+02 
3.500e+01 ; 6.400e+00 ; 2.100e+00 ; 1.6033000e+01 ; 2.4800000e+02 
3.500e+01 ; 6.400e+00 ; 2.100e+00 ; 1.6065000e+01 ; 2.4800000e+02 
3.500e+01 ; 6.400e+00 ; 2.100e+00 ; 1.6129000e+01 ; 2.4800000e+02 
3.500e+01 ; 6.400e+00 ; 2.100e+00 ; 1.6257000e+01 ; 2.4800000e+02 
3.500e+01 ; 6.400e+00 ; 2.100e+00 ; 1.6513000e+01 ; 2.4800000e+02 
3.500e+01 ; 6.400e+00 ; 2.100e+00 ; 1.7000000e+01 ; 2.4800000e+02 
3.500e+01 ; 6.400e+00 ; 2.100e+00 ; 1.7000000e+01 ; 2.4800000e+02 
3.500e+01 ; 6.400e+00 ; 2.100e+00 ; 1.7001000e+01 ; 2.4800000e+02 
3.500e+01 ; 6.400e+00 ; 2.100e+00 ; 1.7002000e+01 ; 2.4800000e+02 
3.500e+01 ; 6.400e+00 ; 2.100e+00 ; 1.7003000e+01 ; 2.4800000e+02 
3.500e+01 ; 6.400e+00 ; 2.100e+00 ; 1.7005000e+01 ; 2.4800000e+02 
3.500e+01 ; 6.400e+00 ; 2.100e+00 ; 1.7009000e+01 ; 2.4800000e+02 
3.500e+01 ; 6.400e+00 ; 2.100e+00 ; 1.7017000e+01 ; 2.4800000e+02 
3.500e+01 ; 6.400e+00 ; 2.100e+00 ; 1.7033000e+01 ; 2.4800000e+02 
3.500e+01 ; 6.400e+00 ; 2.100e+00 ; 1.7065000e+01 ; 2.4800000e+02 
3.500e+01 ; 6.400e+00 ; 2.100e+00 ; 1.7129000e+01 ; 2.4800000e+02 
3.500e+01 ; 6.400e+00 ; 2.100e+00 ; 1.7257000e+01 ; 2.4800000e+02 
3.500e+01 ; 6.400e+00 ; 2.100e+00 ; 1.7513000e+01 ; 2.4800000e+02 
3.500e+01 ; 6.400e+00 ; 2.100e+00 ; 1.8000000e+01 ; 2.4800000e+02 
3.500e+01 ; 6.400e+00 ; 2.100e+00 ; 1.8000000e+01 ; 2.4800000e+02 
3.500e+01 ; 6.400e+00 ; 2.100e+00 ; 1.8001000e+01 ; 2.4800000e+02 
3.500e+01 ; 6.400e+00 ; 2.100e+00 ; 1.8002000e+01 ; 2.4800000e+02 
3.500e+01 ; 6.400e+00 ; 2.100e+00 ; 1.8003000e+01 ; 2.4800000e+02 
3.500e+01 ; 6.400e+00 ; 2.100e+00 ; 1.8005000e+01 ; 2.4800000e+02 
3.500e+01 ; 6.400e+00 ; 2.100e+00 ; 1.8009000e+01 ; 2.4800000e+02 
3.500e+01 ; 6.400e+00 ; 2.100e+00 ; 1.8017000e+01 ; 2.4800000e+02 
3.500e+01 ; 6.400e+00 ; 2.100e+00 ; 1.8033000e+01 ; 2.4800000e+02 
3.500e+01 ; 6.400e+00 ; 2.100e+00 ; 1.8065000e+01 ; 2.4800000e+02 
3.500e+01 ; 6.400e+00 ; 2.100e+00 ; 1.8129000e+01 ; 2.4800000e+02 
3.500e+01 ; 6.400e+00 ; 2.100e+00 ; 1.8257000e+01 ; 2.4800000e+02 
3.500e+01 ; 6.400e+00 ; 2.100e+00 ; 1.8513000e+01 ; 2.4800000e+02 
3.500e+01 ; 6.400e+00 ; 2.100e+00 ; 1.9000000e+01 ; 2.4800000e+02 
3.500e+01 ; 6.400e+00 ; 2.100e+00 ; 1.9000000e+01 ; 2.4800000e+02 
3.500e+01 ; 6.400e+00 ; 2.100e+00 ; 1.9001000e+01 ; 2.4800000e+02 
3.500e+01 ; 6.400e+00 ; 2.100e+00 ; 1.9002000e+01 ; 2.4800000e+02 
3.500e+01 ; 6.400e+00 ; 2.100e+00 ; 1.9003000e+01 ; 2.4800000e+02 
3.500e+01 ; 6.400e+00 ; 2.100e+00 ; 1.9005000e+01 ; 2.4800000e+02 
3.500e+01 ; 6.400e+00 ; 2.100e+00 ; 1.9009000e+01 ; 2.4800000e+02 
3.500e+01 ; 6.400e+00 ; 2.100e+00 ; 1.9017000e+01 ; 2.4800000e+02 
3.500e+01 ; 6.400e+00 ; 2.100e+00 ; 1.9033000e+01 ; 2.4800000e+02 
3.500e+01 ; 6.400e+00 ; 2.100e+00 ; 1.9065000e+01 ; 2.4800000e+02 
3.500e+01 ; 6.400e+00 ; 2.100e+00 ; 1.9129000e+01 ; 2.4800000e+02 
3.500e+01 ; 6.400e+00 ; 2.100e+00 ; 1.9257000e+01 ; 2.4800000e+02 
3.500e+01 ; 6.400e+00 ; 2.100e+00 ; 1.9513000e+01 ; 2.4800000e+02 
3.500e+01 ; 6.400e+00 ; 2.100e+00 ; 2.0000000e+01 ; 2.4800000e+02 
3.500e+01 ; 6.400e+00 ; 2.100e+00 ; 2.0000000e+01 ; 2.4800000e+02 
3.500e+01 ; 6.400e+00 ; 2.100e+00 ; 2.0001000e+01 ; 2.4800000e+02 
3.500e+01 ; 6.400e+00 ; 2.100e+00 ; 2.0002000e+01 ; 2.4800000e+02 
3.500e+01 ; 6.400e+00 ; 2.100e+00 ; 2.0003000e+01 ; 2.4800000e+02 
3.500e+01 ; 6.400e+00 ; 2.100e+00 ; 2.0005000e+01 ; 2.4800000e+02 
3.500e+01 ; 6.400e+00 ; 2.100e+00 ; 2.0009000e+01 ; 2.4800000e+02 
3.500e+01 ; 6.400e+00 ; 2.100e+00 ; 2.0017000e+01 ; 2.4800000e+02 
3.500e+01 ; 6.400e+00 ; 2.100e+00 ; 2.0033000e+01 ; 2.4800000e+02 
3.500e+01 ; 6.400e+00 ; 2.100e+00 ; 2.0065000e+01 ; 2.4800000e+02 
3.500e+01 ; 6.400e+00 ; 2.100e+00 ; 2.0129000e+01 ; 2.4800000e+02 
3.500e+01 ; 6.400e+00 ; 2.100e+00 ; 2.0257000e+01 ; 2.4800000e+02 
3.500e+01 ; 6.400e+00 ; 2.100e+00 ; 2.0513000e+01 ; 2.4800000e+02 
3.500e+01 ; 6.400e+00 ; 2.100e+00 ; 2.1000000e+01 ; 2.4800000e+02 
3.500e+01 ; 6.400e+00 ; 2.100e+00 ; 2.1000000e+01 ; 2.4800000e+02 
3.500e+01 ; 6.400e+00 ; 2.100e+00 ; 2.1001000e+01 ; 2.4800000e+02 
3.500e+01 ; 6.400e+00 ; 2.100e+00 ; 2.1002000e+01 ; 2.4800000e+02 
3.500e+01 ; 6.400e+00 ; 2.100e+00 ; 2.1003000e+01 ; 2.4800000e+02 
3.500e+01 ; 6.400e+00 ; 2.100e+00 ; 2.1005000e+01 ; 2.4800000e+02 
3.500e+01 ; 6.400e+00 ; 2.100e+00 ; 2.1009000e+01 ; 2.4800000e+02 
3.500e+01 ; 6.400e+00 ; 2.100e+00 ; 2.1017000e+01 ; 2.4800000e+02 
3.500e+01 ; 6.400e+00 ; 2.100e+00 ; 2.1033000e+01 ; 2.4800000e+02 
3.500e+01 ; 6.400e+00 ; 2.100e+00 ; 2.1065000e+01 ; 2.4800000e+02 
3.500e+01 ; 6.400e+00 ; 2.100e+00 ; 2.1129000e+01 ; 2.4800000e+02 
3.500e+01 ; 6.400e+00 ; 2.100e+00 ; 2.1257000e+01 ; 2.4800000e+02 
3.500e+01 ; 6.400e+00 ; 2.100e+00 ; 2.1513000e+01 ; 2.4800000e+02 
3.500e+01 ; 6.400e+00 ; 2.100e+00 ; 2.2000000e+01 ; 2.4800000e+02 
3.500e+01 ; 6.400e+00 ; 2.100e+00 ; 2.2000000e+01 ; 2.4800000e+02 
3.500e+01 ; 6.400e+00 ; 2.100e+00 ; 2.2001000e+01 ; 2.4800000e+02 
3.500e+01 ; 6.400e+00 ; 2.100e+00 ; 2.2002000e+01 ; 2.4800000e+02 
3.500e+01 ; 6.400e+00 ; 2.100e+00 ; 2.2003000e+01 ; 2.4800000e+02 
3.500e+01 ; 6.400e+00 ; 2.100e+00 ; 2.2005000e+01 ; 2.4800000e+02 
3.500e+01 ; 6.400e+00 ; 2.100e+00 ; 2.2009000e+01 ; 2.4800000e+02 
3.500e+01 ; 6.400e+00 ; 2.100e+00 ; 2.2017000e+01 ; 2.4800000e+02 
3.500e+01 ; 6.400e+00 ; 2.100e+00 ; 2.2033000e+01 ; 2.4800000e+02 
3.500e+01 ; 6.400e+00 ; 2.100e+00 ; 2.2065000e+01 ; 2.4800000e+02 
3.500e+01 ; 6.400e+00 ; 2.100e+00 ; 2.2129000e+01 ; 2.4800000e+02 
3.500e+01 ; 6.400e+00 ; 2.100e+00 ; 2.2257000e+01 ; 2.4800000e+02 
3.500e+01 ; 6.400e+00 ; 2.100e+00 ; 2.2513000e+01 ; 2.4800000e+02 
3.500e+01 ; 6.400e+00 ; 2.100e+00 ; 2.3000000e+01 ; 2.4800000e+02 
3.500e+01 ; 6.400e+00 ; 2.100e+00 ; 2.3000000e+01 ; 2.4800000e+02 
3.500e+01 ; 6.400e+00 ; 2.100e+00 ; 2.3001000e+01 ; 2.4800000e+02 
3.500e+01 ; 6.400e+00 ; 2.100e+00 ; 2.3002000e+01 ; 2.4800000e+02 
3.500e+01 ; 6.400e+00 ; 2.100e+00 ; 2.3003000e+01 ; 2.4800000e+02 
3.500e+01 ; 6.400e+00 ; 2.100e+00 ; 2.3005000e+01 ; 2.4800000e+02 
3.500e+01 ; 6.400e+00 ; 2.100e+00 ; 2.3009000e+01 ; 2.4800000e+02 
3.500e+01 ; 6.400e+00 ; 2.100e+00 ; 2.3017000e+01 ; 2.4800000e+02 
3.500e+01 ; 6.400e+00 ; 2.100e+00 ; 2.3033000e+01 ; 2.4800000e+02 
3.500e+01 ; 6.400e+00 ; 2.100e+00 ; 2.3065000e+01 ; 2.4800000e+02 
3.500e+01 ; 6.400e+00 ; 2.100e+00 ; 2.3129000e+01 ; 2.4800000e+02 
3.500e+01 ; 6.400e+00 ; 2.100e+00 ; 2.3257000e+01 ; 2.4800000e+02 
3.500e+01 ; 6.400e+00 ; 2.100e+00 ; 2.3513000e+01 ; 2.4800000e+02 
3.500e+01 ; 6.400e+00 ; 2.100e+00 ; 2.4000000e+01 ; 2.4800000e+02 
3.500e+01 ; 6.400e+00 ; 2.100e+00 ; 2.4000000e+01 ; 2.4800000e+02 
3.500e+01 ; 6.400e+00 ; 2.100e+00 ; 2.4001000e+01 ; 2.4800000e+02 
3.500e+01 ; 6.400e+00 ; 2.100e+00 ; 2.4002000e+01 ; 2.4800000e+02 
3.500e+01 ; 6.400e+00 ; 2.100e+00 ; 2.4003000e+01 ; 2.4800000e+02 
3.500e+01 ; 6.400e+00 ; 2.100e+00 ; 2.4005000e+01 ; 2.4800000e+02 
3.500e+01 ; 6.400e+00 ; 2.100e+00 ; 2.4009000e+01 ; 2.4800000e+02 
3.500e+01 ; 6.400e+00 ; 2.100e+00 ; 2.4017000e+01 ; 2.4800000e+02 
3.500e+01 ; 6.400e+00 ; 2.100e+00 ; 2.4033000e+01 ; 2.4800000e+02 
3.500e+01 ; 6.400e+00 ; 2.100e+00 ; 2.4065000e+01 ; 2.4800000e+02 
3.500e+01 ; 6.400e+00 ; 2.100e+00 ; 2.4129000e+01 ; 2.4800000e+02 
3.500e+01 ; 6.400e+00 ; 2.100e+00 ; 2.4257000e+01 ; 2.4800000e+02 
3.500e+01 ; 6.400e+00 ; 2.100e+00 ; 2.4513000e+01 ; 2.4800000e+02 
3.500e+01 ; 6.400e+00 ; 2.100e+00 ; 2.5000000e+01 ; 2.4800000e+02 
3.500e+01 ; 6.400e+00 ; 2.100e+00 ; 2.5000000e+01 ; 2.4800000e+02 
3.500e+01 ; 6.400e+00 ; 2.100e+00 ; 2.5001000e+01 ; 2.4800000e+02 
3.500e+01 ; 6.400e+00 ; 2.100e+00 ; 2.5002000e+01 ; 2.4800000e+02 
3.500e+01 ; 6.400e+00 ; 2.100e+00 ; 2.5003000e+01 ; 2.4800000e+02 
3.500e+01 ; 6.400e+00 ; 2.100e+00 ; 2.5005000e+01 ; 2.4800000e+02 
3.500e+01 ; 6.400e+00 ; 2.100e+00 ; 2.5009000e+01 ; 2.4800000e+02 
3.500e+01 ; 6.400e+00 ; 2.100e+00 ; 2.5017000e+01 ; 2.4800000e+02 
3.500e+01 ; 6.400e+00 ; 2.100e+00 ; 2.5033000e+01 ; 2.4800000e+02 
3.500e+01 ; 6.400e+00 ; 2.100e+00 ; 2.5065000e+01 ; 2.4800000e+02 
3.500e+01 ; 6.400e+00 ; 2.100e+00 ; 2.5129000e+01 ; 2.4800000e+02 
3.500e+01 ; 6.400e+00 ; 2.100e+00 ; 2.5257000e+01 ; 2.4800000e+02 
3.500e+01 ; 6.400e+00 ; 2.100e+00 ; 2.5513000e+01 ; 2.4800000e+02 
3.500e+01 ; 6.400e+00 ; 2.100e+00 ; 2.6000000e+01 ; 2.4800000e+02 
3.500e+01 ; 6.400e+00 ; 2.100e+00 ; 2.6000000e+01 ; 2.4800000e+02 
3.500e+01 ; 6.400e+00 ; 2.100e+00 ; 2.6001000e+01 ; 2.4800000e+02 
3.500e+01 ; 6.400e+00 ; 2.100e+00 ; 2.6002000e+01 ; 2.4800000e+02 
3.500e+01 ; 6.400e+00 ; 2.100e+00 ; 2.6003000e+01 ; 2.4800000e+02 
3.500e+01 ; 6.400e+00 ; 2.100e+00 ; 2.6005000e+01 ; 2.4800000e+02 
3.500e+01 ; 6.400e+00 ; 2.100e+00 ; 2.6009000e+01 ; 2.4800000e+02 
3.500e+01 ; 6.400e+00 ; 2.100e+00 ; 2.6017000e+01 ; 2.4800000e+02 
3.500e+01 ; 6.400e+00 ; 2.100e+00 ; 2.6033000e+01 ; 2.4800000e+02 
3.500e+01 ; 6.400e+00 ; 2.100e+00 ; 2.6065000e+01 ; 2.4800000e+02 
3.500e+01 ; 6.400e+00 ; 2.100e+00 ; 2.6129000e+01 ; 2.4800000e+02 
3.500e+01 ; 6.400e+00 ; 2.100e+00 ; 2.6257000e+01 ; 2.4800000e+02 
3.500e+01 ; 6.400e+00 ; 2.100e+00 ; 2.6513000e+01 ; 2.4800000e+02 
3.500e+01 ; 6.400e+00 ; 2.100e+00 ; 2.7000000e+01 ; 2.4800000e+02 
3.500e+01 ; 6.400e+00 ; 2.100e+00 ; 2.7000000e+01 ; 2.4800000e+02 
3.500e+01 ; 6.400e+00 ; 2.100e+00 ; 2.7001000e+01 ; 2.4800000e+02 
3.500e+01 ; 6.400e+00 ; 2.100e+00 ; 2.7002000e+01 ; 2.4800000e+02 
3.500e+01 ; 6.400e+00 ; 2.100e+00 ; 2.7003000e+01 ; 2.4800000e+02 
3.500e+01 ; 6.400e+00 ; 2.100e+00 ; 2.7005000e+01 ; 2.4800000e+02 
3.500e+01 ; 6.400e+00 ; 2.100e+00 ; 2.7009000e+01 ; 2.4800000e+02 
3.500e+01 ; 6.400e+00 ; 2.100e+00 ; 2.7017000e+01 ; 2.4800000e+02 
3.500e+01 ; 6.400e+00 ; 2.100e+00 ; 2.7033000e+01 ; 2.4800000e+02 
3.500e+01 ; 6.400e+00 ; 2.100e+00 ; 2.7065000e+01 ; 2.4800000e+02 
3.500e+01 ; 6.400e+00 ; 2.100e+00 ; 2.7129000e+01 ; 2.4800000e+02 
3.500e+01 ; 6.400e+00 ; 2.100e+00 ; 2.7257000e+01 ; 2.4800000e+02 
3.500e+01 ; 6.400e+00 ; 2.100e+00 ; 2.7513000e+01 ; 2.4800000e+02 
3.500e+01 ; 6.400e+00 ; 2.100e+00 ; 2.8000000e+01 ; 2.4800000e+02 
3.500e+01 ; 6.400e+00 ; 2.100e+00 ; 2.8000000e+01 ; 2.4800000e+02 
3.500e+01 ; 6.400e+00 ; 2.100e+00 ; 2.8001000e+01 ; 2.4800000e+02 
3.500e+01 ; 6.400e+00 ; 2.100e+00 ; 2.8002000e+01 ; 2.4800000e+02 
3.500e+01 ; 6.400e+00 ; 2.100e+00 ; 2.8003000e+01 ; 2.4800000e+02 
3.500e+01 ; 6.400e+00 ; 2.100e+00 ; 2.8005000e+01 ; 2.4800000e+02 
3.500e+01 ; 6.400e+00 ; 2.100e+00 ; 2.8009000e+01 ; 2.4800000e+02 
3.500e+01 ; 6.400e+00 ; 2.100e+00 ; 2.8017000e+01 ; 2.4800000e+02 
3.500e+01 ; 6.400e+00 ; 2.100e+00 ; 2.8033000e+01 ; 2.4800000e+02 
3.500e+01 ; 6.400e+00 ; 2.100e+00 ; 2.8065000e+01 ; 2.4800000e+02 
3.500e+01 ; 6.400e+00 ; 2.100e+00 ; 2.8129000e+01 ; 2.4800000e+02 
3.500e+01 ; 6.400e+00 ; 2.100e+00 ; 2.8257000e+01 ; 2.4800000e+02 
3.500e+01 ; 6.400e+00 ; 2.100e+00 ; 2.8513000e+01 ; 2.4800000e+02 
3.500e+01 ; 6.400e+00 ; 2.100e+00 ; 2.9000000e+01 ; 2.4800000e+02 
3.500e+01 ; 6.400e+00 ; 2.100e+00 ; 2.9000000e+01 ; 2.4800000e+02 
3.500e+01 ; 6.400e+00 ; 2.100e+00 ; 2.9001000e+01 ; 2.4800000e+02 
3.500e+01 ; 6.400e+00 ; 2.100e+00 ; 2.9002000e+01 ; 2.4800000e+02 
3.500e+01 ; 6.400e+00 ; 2.100e+00 ; 2.9003000e+01 ; 2.4800000e+02 
3.500e+01 ; 6.400e+00 ; 2.100e+00 ; 2.9005000e+01 ; 2.4800000e+02 
3.500e+01 ; 6.400e+00 ; 2.100e+00 ; 2.9009000e+01 ; 2.4800000e+02 
3.500e+01 ; 6.400e+00 ; 2.100e+00 ; 2.9017000e+01 ; 2.4800000e+02 
3.500e+01 ; 6.400e+00 ; 2.100e+00 ; 2.9033000e+01 ; 2.4800000e+02 
3.500e+01 ; 6.400e+00 ; 2.100e+00 ; 2.9065000e+01 ; 2.4800000e+02 
3.500e+01 ; 6.400e+00 ; 2.100e+00 ; 2.9129000e+01 ; 2.4800000e+02 
3.500e+01 ; 6.400e+00 ; 2.100e+00 ; 2.9257000e+01 ; 2.4800000e+02 
3.500e+01 ; 6.400e+00 ; 2.100e+00 ; 2.9513000e+01 ; 2.4800000e+02 
3.500e+01 ; 6.400e+00 ; 2.100e+00 ; 3.0000000e+01 ; 2.4800000e+02 
3.500e+01 ; 6.400e+00 ; 2.100e+00 ; 3.0000000e+01 ; 2.4800000e+02 
3.500e+01 ; 6.400e+00 ; 2.100e+00 ; 3.0001000e+01 ; 2.4800000e+02 
3.500e+01 ; 6.400e+00 ; 2.100e+00 ; 3.0002000e+01 ; 2.4800000e+02 
3.500e+01 ; 6.400e+00 ; 2.100e+00 ; 3.0003000e+01 ; 2.4800000e+02 
3.500e+01 ; 6.400e+00 ; 2.100e+00 ; 3.0005000e+01 ; 2.4800000e+02 
3.500e+01 ; 6.400e+00 ; 2.100e+00 ; 3.0009000e+01 ; 2.4800000e+02 
3.500e+01 ; 6.400e+00 ; 2.100e+00 ; 3.0017000e+01 ; 2.4800000e+02 
3.500e+01 ; 6.400e+00 ; 2.100e+00 ; 3.0033000e+01 ; 2.4800000e+02 
3.500e+01 ; 6.400e+00 ; 2.100e+00 ; 3.0065000e+01 ; 2.4800000e+02 
3.500e+01 ; 6.400e+00 ; 2.100e+00 ; 3.0129000e+01 ; 2.4800000e+02 
3.500e+01 ; 6.400e+00 ; 2.100e+00 ; 3.0257000e+01 ; 2.4800000e+02 
3.500e+01 ; 6.400e+00 ; 2.100e+00 ; 3.0513000e+01 ; 2.4800000e+02 
3.500e+01 ; 6.400e+00 ; 2.100e+00 ; 3.1000000e+01 ; 2.4800000e+02 
3.500e+01 ; 6.400e+00 ; 2.100e+00 ; 3.1000000e+01 ; 2.4800000e+02 
3.500e+01 ; 6.400e+00 ; 2.100e+00 ; 3.1001000e+01 ; 2.4800000e+02 
3.500e+01 ; 6.400e+00 ; 2.100e+00 ; 3.1002000e+01 ; 2.4800000e+02 
3.500e+01 ; 6.400e+00 ; 2.100e+00 ; 3.1003000e+01 ; 2.4800000e+02 
3.500e+01 ; 6.400e+00 ; 2.100e+00 ; 3.1005000e+01 ; 2.4800000e+02 
3.500e+01 ; 6.400e+00 ; 2.100e+00 ; 3.1009000e+01 ; 2.4800000e+02 
3.500e+01 ; 6.400e+00 ; 2.100e+00 ; 3.1017000e+01 ; 2.4800000e+02 
3.500e+01 ; 6.400e+00 ; 2.100e+00 ; 3.1033000e+01 ; 2.4800000e+02 
3.500e+01 ; 6.400e+00 ; 2.100e+00 ; 3.1065000e+01 ; 2.4800000e+02 
3.500e+01 ; 6.400e+00 ; 2.100e+00 ; 3.1129000e+01 ; 2.4800000e+02 
3.500e+01 ; 6.400e+00 ; 2.100e+00 ; 3.1257000e+01 ; 2.4800000e+02 
3.500e+01 ; 6.400e+00 ; 2.100e+00 ; 3.1513000e+01 ; 2.4800000e+02 
3.500e+01 ; 6.400e+00 ; 2.100e+00 ; 3.2000000e+01 ; 2.4800000e+02 
3.500e+01 ; 6.400e+00 ; 2.100e+00 ; 3.2000000e+01 ; 2.4800000e+02 
3.500e+01 ; 6.400e+00 ; 2.100e+00 ; 3.2001000e+01 ; 2.4800000e+02 
3.500e+01 ; 6.400e+00 ; 2.100e+00 ; 3.2002000e+01 ; 2.4800000e+02 
3.500e+01 ; 6.400e+00 ; 2.100e+00 ; 3.2003000e+01 ; 2.4800000e+02 
3.500e+01 ; 6.400e+00 ; 2.100e+00 ; 3.2005000e+01 ; 2.4800000e+02 
3.500e+01 ; 6.400e+00 ; 2.100e+00 ; 3.2009000e+01 ; 2.4800000e+02 
3.500e+01 ; 6.400e+00 ; 2.100e+00 ; 3.2017000e+01 ; 2.4800000e+02 
3.500e+01 ; 6.400e+00 ; 2.100e+00 ; 3.2033000e+01 ; 2.4800000e+02 
3.500e+01 ; 6.400e+00 ; 2.100e+00 ; 3.2065000e+01 ; 2.4800000e+02 
3.500e+01 ; 6.400e+00 ; 2.100e+00 ; 3.2129000e+01 ; 2.4800000e+02 
3.500e+01 ; 6.400e+00 ; 2.100e+00 ; 3.2257000e+01 ; 2.4800000e+02 
3.500e+01 ; 6.400e+00 ; 2.100e+00 ; 3.2513000e+01 ; 2.4800000e+02 
3.500e+01 ; 6.400e+00 ; 2.100e+00 ; 3.3000000e+01 ; 2.4800000e+02 
3.500e+01 ; 6.400e+00 ; 2.100e+00 ; 3.3000000e+01 ; 2.4800000e+02 
3.500e+01 ; 6.400e+00 ; 2.100e+00 ; 3.3001000e+01 ; 2.4800000e+02 
3.500e+01 ; 6.400e+00 ; 2.100e+00 ; 3.3002000e+01 ; 2.4800000e+02 
3.500e+01 ; 6.400e+00 ; 2.100e+00 ; 3.3003000e+01 ; 2.4800000e+02 
3.500e+01 ; 6.400e+00 ; 2.100e+00 ; 3.3005000e+01 ; 2.4800000e+02 
3.500e+01 ; 6.400e+00 ; 2.100e+00 ; 3.3009000e+01 ; 2.4800000e+02 
3.500e+01 ; 6.400e+00 ; 2.100e+00 ; 3.3017000e+01 ; 2.4800000e+02 
3.500e+01 ; 6.400e+00 ; 2.100e+00 ; 3.3033000e+01 ; 2.4800000e+02 
3.500e+01 ; 6.400e+00 ; 2.100e+00 ; 3.3065000e+01 ; 2.4800000e+02 
3.500e+01 ; 6.400e+00 ; 2.100e+00 ; 3.3129000e+01 ; 2.4800000e+02 
3.500e+01 ; 6.400e+00 ; 2.100e+00 ; 3.3257000e+01 ; 2.4800000e+02 
3.500e+01 ; 6.400e+00 ; 2.100e+00 ; 3.3513000e+01 ; 2.4800000e+02 
3.500e+01 ; 6.400e+00 ; 2.100e+00 ; 3.4000000e+01 ; 2.4800000e+02 
3.500e+01 ; 6.400e+00 ; 2.100e+00 ; 3.4000000e+01 ; 2.4800000e+02 
3.500e+01 ; 6.400e+00 ; 2.100e+00 ; 3.4001000e+01 ; 2.4800000e+02 
3.500e+01 ; 6.400e+00 ; 2.100e+00 ; 3.4002000e+01 ; 2.4800000e+02 
3.500e+01 ; 6.400e+00 ; 2.100e+00 ; 3.4003000e+01 ; 2.4800000e+02 
3.500e+01 ; 6.400e+00 ; 2.100e+00 ; 3.4005000e+01 ; 2.4800000e+02 
3.500e+01 ; 6.400e+00 ; 2.100e+00 ; 3.4009000e+01 ; 2.4800000e+02 
3.500e+01 ; 6.400e+00 ; 2.100e+00 ; 3.4017000e+01 ; 2.4800000e+02 
3.500e+01 ; 6.400e+00 ; 2.100e+00 ; 3.4033000e+01 ; 2.4800000e+02 
3.500e+01 ; 6.400e+00 ; 2.100e+00 ; 3.4065000e+01 ; 2.4800000e+02 
3.500e+01 ; 6.400e+00 ; 2.100e+00 ; 3.4129000e+01 ; 2.4800000e+02 
3.500e+01 ; 6.400e+00 ; 2.100e+00 ; 3.4257000e+01 ; 2.4800000e+02 
3.500e+01 ; 6.400e+00 ; 2.100e+00 ; 3.4513000e+01 ; 2.4800000e+02 
3.500e+01 ; 6.400e+00 ; 2.100e+00 ; 3.5000000e+01 ; 2.4800000e+02 
3.500e+01 ; 6.400e+00 ; 2.100e+00 ; 3.5000000e+01 ; 2.4800000e+02 
3.500e+01 ; 6.400e+00 ; 2.100e+00 ; 3.5001000e+01 ; 2.4800000e+02 
3.500e+01 ; 6.400e+00 ; 2.100e+00 ; 3.5002000e+01 ; 2.4800000e+02 
3.500e+01 ; 6.400e+00 ; 2.100e+00 ; 3.5003000e+01 ; 2.4800000e+02 
3.500e+01 ; 6.400e+00 ; 2.100e+00 ; 3.5005000e+01 ; 2.4800000e+02 
3.500e+01 ; 6.400e+00 ; 2.100e+00 ; 3.5009000e+01 ; 2.4800000e+02 
3.500e+01 ; 6.400e+00 ; 2.100e+00 ; 3.5017000e+01 ; 2.4800000e+02 
3.500e+01 ; 6.400e+00 ; 2.100e+00 ; 3.5033000e+01 ; 2.4800000e+02 
3.500e+01 ; 6.400e+00 ; 2.100e+00 ; 3.5065000e+01 ; 2.4800000e+02 
3.500e+01 ; 6.400e+00 ; 2.100e+00 ; 3.5129000e+01 ; 2.4800000e+02 
3.500e+01 ; 6.400e+00 ; 2.100e+00 ; 3.5257000e+01 ; 2.4800000e+02 
3.500e+01 ; 6.400e+00 ; 2.100e+00 ; 3.5513000e+01 ; 2.4800000e+02 
3.500e+01 ; 6.400e+00 ; 2.100e+00 ; 3.6000000e+01 ; 2.4800000e+02 
3.500e+01 ; 6.400e+00 ; 2.100e+00 ; 3.6000000e+01 ; 2.4800000e+02 
3.500e+01 ; 6.400e+00 ; 2.100e+00 ; 3.6001000e+01 ; 2.4800000e+02 
3.500e+01 ; 6.400e+00 ; 2.100e+00 ; 3.6002000e+01 ; 2.4800000e+02 
3.500e+01 ; 6.400e+00 ; 2.100e+00 ; 3.6003000e+01 ; 2.4800000e+02 
3.500e+01 ; 6.400e+00 ; 2.100e+00 ; 3.6005000e+01 ; 2.4800000e+02 
3.500e+01 ; 6.400e+00 ; 2.100e+00 ; 3.6009000e+01 ; 2.4800000e+02 
3.500e+01 ; 6.400e+00 ; 2.100e+00 ; 3.6017000e+01 ; 2.4800000e+02 
3.500e+01 ; 6.400e+00 ; 2.100e+00 ; 3.6033000e+01 ; 2.4800000e+02 
3.500e+01 ; 6.400e+00 ; 2.100e+00 ; 3.6065000e+01 ; 2.4800000e+02 
3.500e+01 ; 6.400e+00 ; 2.100e+00 ; 3.6129000e+01 ; 2.4800000e+02 
3.500e+01 ; 6.400e+00 ; 2.100e+00 ; 3.6257000e+01 ; 2.4800000e+02 
3.500e+01 ; 6.400e+00 ; 2.100e+00 ; 3.6513000e+01 ; 2.4800000e+02 
3.500e+01 ; 6.400e+00 ; 2.100e+00 ; 3.7000000e+01 ; 2.4800000e+02 
3.500e+01 ; 6.400e+00 ; 2.100e+00 ; 3.7000000e+01 ; 2.4800000e+02 
3.500e+01 ; 6.400e+00 ; 2.100e+00 ; 3.7001000e+01 ; 2.4800000e+02 
3.500e+01 ; 6.400e+00 ; 2.100e+00 ; 3.7002000e+01 ; 2.4800000e+02 
3.500e+01 ; 6.400e+00 ; 2.100e+00 ; 3.7003000e+01 ; 2.4800000e+02 
3.500e+01 ; 6.400e+00 ; 2.100e+00 ; 3.7005000e+01 ; 2.4800000e+02 
3.500e+01 ; 6.400e+00 ; 2.100e+00 ; 3.7009000e+01 ; 2.4800000e+02 
3.500e+01 ; 6.400e+00 ; 2.100e+00 ; 3.7017000e+01 ; 2.4800000e+02 
3.500e+01 ; 6.400e+00 ; 2.100e+00 ; 3.7033000e+01 ; 2.4800000e+02 
3.500e+01 ; 6.400e+00 ; 2.100e+00 ; 3.7065000e+01 ; 2.4800000e+02 
3.500e+01 ; 6.400e+00 ; 2.100e+00 ; 3.7129000e+01 ; 2.4800000e+02 
3.500e+01 ; 6.400e+00 ; 2.100e+00 ; 3.7257000e+01 ; 2.4800000e+02 
3.500e+01 ; 6.400e+00 ; 2.100e+00 ; 3.7513000e+01 ; 2.4800000e+02 
3.500e+01 ; 6.400e+00 ; 2.100e+00 ; 3.8000000e+01 ; 2.4800000e+02 
3.500e+01 ; 6.400e+00 ; 2.100e+00 ; 3.8000000e+01 ; 2.4800000e+02 
3.500e+01 ; 6.400e+00 ; 2.100e+00 ; 3.8001000e+01 ; 2.4787325e+02 
3.500e+01 ; 6.400e+00 ; 2.100e+00 ; 3.8002000e+01 ; 2.4774658e+02 
3.500e+01 ; 6.400e+00 ; 2.100e+00 ; 3.8003000e+01 ; 2.4762001e+02 
3.500e+01 ; 6.400e+00 ; 2.100e+00 ; 3.8005000e+01 ; 2.4736728e+02 
3.500e+01 ; 6.400e+00 ; 2.100e+00 ; 3.8009000e+01 ; 2.4686339e+02 
3.500e+01 ; 6.400e+00 ; 2.100e+00 ; 3.8017000e+01 ; 2.4586180e+02 
3.500e+01 ; 6.400e+00 ; 2.100e+00 ; 3.8033000e+01 ; 2.4388326e+02 
3.500e+01 ; 6.400e+00 ; 2.100e+00 ; 3.8065000e+01 ; 2.4002228e+02 
3.500e+01 ; 6.400e+00 ; 2.100e+00 ; 3.8129000e+01 ; 2.3266736e+02 
3.500e+01 ; 6.400e+00 ; 2.100e+00 ; 3.8257000e+01 ; 2.1929637e+02 
3.500e+01 ; 6.400e+00 ; 2.100e+00 ; 3.8513000e+01 ; 1.9702914e+02 
3.500e+01 ; 6.400e+00 ; 2.100e+00 ; 3.9000000e+01 ; 1.6636511e+02 
3.500e+01 ; 6.400e+00 ; 2.100e+00 ; 3.9000000e+01 ; 1.6636511e+02 
3.500e+01 ; 6.400e+00 ; 2.100e+00 ; 3.9001000e+01 ; 1.6630220e+02 
3.500e+01 ; 6.400e+00 ; 2.100e+00 ; 3.9002000e+01 ; 1.6623935e+02 
3.500e+01 ; 6.400e+00 ; 2.100e+00 ; 3.9003000e+01 ; 1.6617654e+02 
3.500e+01 ; 6.400e+00 ; 2.100e+00 ; 3.9005000e+01 ; 1.6605116e+02 
3.500e+01 ; 6.400e+00 ; 2.100e+00 ; 3.9009000e+01 ; 1.6580125e+02 
3.500e+01 ; 6.400e+00 ; 2.100e+00 ; 3.9017000e+01 ; 1.6530489e+02 
3.500e+01 ; 6.400e+00 ; 2.100e+00 ; 3.9033000e+01 ; 1.6432562e+02 
3.500e+01 ; 6.400e+00 ; 2.100e+00 ; 3.9065000e+01 ; 1.6241919e+02 
3.500e+01 ; 6.400e+00 ; 2.100e+00 ; 3.9129000e+01 ; 1.5880103e+02 
3.500e+01 ; 6.400e+00 ; 2.100e+00 ; 3.9257000e+01 ; 1.5225294e+02 
3.500e+01 ; 6.400e+00 ; 2.100e+00 ; 3.9513000e+01 ; 1.4137169e+02 
3.500e+01 ; 6.400e+00 ; 2.100e+00 ; 4.0000000e+01 ; 1.2629487e+02 
3.500e+01 ; 6.400e+00 ; 2.100e+00 ; 4.0000000e+01 ; 1.2629487e+02 
3.500e+01 ; 6.400e+00 ; 2.100e+00 ; 4.0001000e+01 ; 1.2626393e+02 
3.500e+01 ; 6.400e+00 ; 2.100e+00 ; 4.0002000e+01 ; 1.2623302e+02 
3.500e+01 ; 6.400e+00 ; 2.100e+00 ; 4.0003000e+01 ; 1.2620213e+02 
3.500e+01 ; 6.400e+00 ; 2.100e+00 ; 4.0005000e+01 ; 1.2614045e+02 
3.500e+01 ; 6.400e+00 ; 2.100e+00 ; 4.0009000e+01 ; 1.2601745e+02 
3.500e+01 ; 6.400e+00 ; 2.100e+00 ; 4.0017000e+01 ; 1.2577293e+02 
3.500e+01 ; 6.400e+00 ; 2.100e+00 ; 4.0033000e+01 ; 1.2528970e+02 
3.500e+01 ; 6.400e+00 ; 2.100e+00 ; 4.0065000e+01 ; 1.2434598e+02 
3.500e+01 ; 6.400e+00 ; 2.100e+00 ; 4.0129000e+01 ; 1.2254532e+02 
3.500e+01 ; 6.400e+00 ; 2.100e+00 ; 4.0257000e+01 ; 1.1926015e+02 
3.500e+01 ; 6.400e+00 ; 2.100e+00 ; 4.0513000e+01 ; 1.1374382e+02 
3.500e+01 ; 6.400e+00 ; 2.100e+00 ; 4.1000000e+01 ; 1.0599480e+02 
3.500e+01 ; 6.400e+00 ; 2.100e+00 ; 4.1000000e+01 ; 1.0599480e+02 
3.500e+01 ; 6.400e+00 ; 2.100e+00 ; 4.1001000e+01 ; 1.0597890e+02 
3.500e+01 ; 6.400e+00 ; 2.100e+00 ; 4.1002000e+01 ; 1.0596301e+02 
3.500e+01 ; 6.400e+00 ; 2.100e+00 ; 4.1003000e+01 ; 1.0594714e+02 
3.500e+01 ; 6.400e+00 ; 2.100e+00 ; 4.1005000e+01 ; 1.0591543e+02 
3.500e+01 ; 6.400e+00 ; 2.100e+00 ; 4.1009000e+01 ; 1.0585220e+02 
3.500e+01 ; 6.400e+00 ; 2.100e+00 ; 4.1017000e+01 ; 1.0572646e+02 
3.500e+01 ; 6.400e+00 ; 2.100e+00 ; 4.1033000e+01 ; 1.0547786e+02 
3.500e+01 ; 6.400e+00 ; 2.100e+00 ; 4.1065000e+01 ; 1.0499186e+02 
3.500e+01 ; 6.400e+00 ; 2.100e+00 ; 4.1129000e+01 ; 1.0406230e+02 
3.500e+01 ; 6.400e+00 ; 2.100e+00 ; 4.1257000e+01 ; 1.0235622e+02 
3.500e+01 ; 6.400e+00 ; 2.100e+00 ; 4.1513000e+01 ; 9.9448067e+01 
3.500e+01 ; 6.400e+00 ; 2.100e+00 ; 4.2000000e+01 ; 9.5223335e+01 
3.500e+01 ; 6.400e+00 ; 2.100e+00 ; 4.2000000e+01 ; 9.5223335e+01 
3.500e+01 ; 6.400e+00 ; 2.100e+00 ; 4.2001000e+01 ; 9.5214668e+01 
3.500e+01 ; 6.400e+00 ; 2.100e+00 ; 4.2002000e+01 ; 9.5206009e+01 
3.500e+01 ; 6.400e+00 ; 2.100e+00 ; 4.2003000e+01 ; 9.5197350e+01 
3.500e+01 ; 6.400e+00 ; 2.100e+00 ; 4.2005000e+01 ; 9.5180054e+01 
3.500e+01 ; 6.400e+00 ; 2.100e+00 ; 4.2009000e+01 ; 9.5145546e+01 
3.500e+01 ; 6.400e+00 ; 2.100e+00 ; 4.2017000e+01 ; 9.5076889e+01 
3.500e+01 ; 6.400e+00 ; 2.100e+00 ; 4.2033000e+01 ; 9.4940948e+01 
3.500e+01 ; 6.400e+00 ; 2.100e+00 ; 4.2065000e+01 ; 9.4674423e+01 
3.500e+01 ; 6.400e+00 ; 2.100e+00 ; 4.2129000e+01 ; 9.4161751e+01 
3.500e+01 ; 6.400e+00 ; 2.100e+00 ; 4.2257000e+01 ; 9.3210403e+01 
3.500e+01 ; 6.400e+00 ; 2.100e+00 ; 4.2513000e+01 ; 9.1554573e+01 
3.500e+01 ; 6.400e+00 ; 2.100e+00 ; 4.3000000e+01 ; 8.9059280e+01 
3.500e+01 ; 6.400e+00 ; 2.100e+00 ; 4.3000000e+01 ; 8.9059280e+01 
3.500e+01 ; 6.400e+00 ; 2.100e+00 ; 4.3001000e+01 ; 8.9054161e+01 
3.500e+01 ; 6.400e+00 ; 2.100e+00 ; 4.3002000e+01 ; 8.9049042e+01 
3.500e+01 ; 6.400e+00 ; 2.100e+00 ; 4.3003000e+01 ; 8.9043930e+01 
3.500e+01 ; 6.400e+00 ; 2.100e+00 ; 4.3005000e+01 ; 8.9033707e+01 
3.500e+01 ; 6.400e+00 ; 2.100e+00 ; 4.3009000e+01 ; 8.9013313e+01 
3.500e+01 ; 6.400e+00 ; 2.100e+00 ; 4.3017000e+01 ; 8.8972694e+01 
3.500e+01 ; 6.400e+00 ; 2.100e+00 ; 4.3033000e+01 ; 8.8892143e+01 
3.500e+01 ; 6.400e+00 ; 2.100e+00 ; 4.3065000e+01 ; 8.8733742e+01 
3.500e+01 ; 6.400e+00 ; 2.100e+00 ; 4.3129000e+01 ; 8.8427223e+01 
3.500e+01 ; 6.400e+00 ; 2.100e+00 ; 4.3257000e+01 ; 8.7851822e+01 
3.500e+01 ; 6.400e+00 ; 2.100e+00 ; 4.3513000e+01 ; 8.6828415e+01 
3.500e+01 ; 6.400e+00 ; 2.100e+00 ; 4.4000000e+01 ; 8.5228210e+01 
3.500e+01 ; 6.400e+00 ; 2.100e+00 ; 4.4000000e+01 ; 8.5228210e+01 
3.500e+01 ; 6.400e+00 ; 2.100e+00 ; 4.4001000e+01 ; 8.5224930e+01 
3.500e+01 ; 6.400e+00 ; 2.100e+00 ; 4.4002000e+01 ; 8.5221649e+01 
3.500e+01 ; 6.400e+00 ; 2.100e+00 ; 4.4003000e+01 ; 8.5218361e+01 
3.500e+01 ; 6.400e+00 ; 2.100e+00 ; 4.4005000e+01 ; 8.5211807e+01 
3.500e+01 ; 6.400e+00 ; 2.100e+00 ; 4.4009000e+01 ; 8.5198715e+01 
3.500e+01 ; 6.400e+00 ; 2.100e+00 ; 4.4017000e+01 ; 8.5172623e+01 
3.500e+01 ; 6.400e+00 ; 2.100e+00 ; 4.4033000e+01 ; 8.5120811e+01 
3.500e+01 ; 6.400e+00 ; 2.100e+00 ; 4.4065000e+01 ; 8.5018623e+01 
3.500e+01 ; 6.400e+00 ; 2.100e+00 ; 4.4129000e+01 ; 8.4819733e+01 
3.500e+01 ; 6.400e+00 ; 2.100e+00 ; 4.4257000e+01 ; 8.4442230e+01 
3.500e+01 ; 6.400e+00 ; 2.100e+00 ; 4.4513000e+01 ; 8.3757027e+01 
3.500e+01 ; 6.400e+00 ; 2.100e+00 ; 4.5000000e+01 ; 8.2648918e+01 
3.500e+01 ; 6.400e+00 ; 2.100e+00 ; 4.5000000e+01 ; 8.2648918e+01 
3.500e+01 ; 6.400e+00 ; 2.100e+00 ; 4.5001000e+01 ; 8.2646637e+01 
3.500e+01 ; 6.400e+00 ; 2.100e+00 ; 4.5002000e+01 ; 8.2644363e+01 
3.500e+01 ; 6.400e+00 ; 2.100e+00 ; 4.5003000e+01 ; 8.2642097e+01 
3.500e+01 ; 6.400e+00 ; 2.100e+00 ; 4.5005000e+01 ; 8.2637550e+01 
3.500e+01 ; 6.400e+00 ; 2.100e+00 ; 4.5009000e+01 ; 8.2628479e+01 
3.500e+01 ; 6.400e+00 ; 2.100e+00 ; 4.5017000e+01 ; 8.2610390e+01 
3.500e+01 ; 6.400e+00 ; 2.100e+00 ; 4.5033000e+01 ; 8.2574409e+01 
3.500e+01 ; 6.400e+00 ; 2.100e+00 ; 4.5065000e+01 ; 8.2503265e+01 
3.500e+01 ; 6.400e+00 ; 2.100e+00 ; 4.5129000e+01 ; 8.2364113e+01 
3.500e+01 ; 6.400e+00 ; 2.100e+00 ; 4.5257000e+01 ; 8.2097450e+01 
3.500e+01 ; 6.400e+00 ; 2.100e+00 ; 4.5513000e+01 ; 8.1604889e+01 
3.500e+01 ; 6.400e+00 ; 2.100e+00 ; 4.6000000e+01 ; 8.0785454e+01 
3.500e+01 ; 6.400e+00 ; 2.100e+00 ; 4.6000000e+01 ; 8.0785454e+01 
3.500e+01 ; 6.400e+00 ; 2.100e+00 ; 4.6001000e+01 ; 8.0783768e+01 
3.500e+01 ; 6.400e+00 ; 2.100e+00 ; 4.6002000e+01 ; 8.0782089e+01 
3.500e+01 ; 6.400e+00 ; 2.100e+00 ; 4.6003000e+01 ; 8.0780403e+01 
3.500e+01 ; 6.400e+00 ; 2.100e+00 ; 4.6005000e+01 ; 8.0777046e+01 
3.500e+01 ; 6.400e+00 ; 2.100e+00 ; 4.6009000e+01 ; 8.0770332e+01 
3.500e+01 ; 6.400e+00 ; 2.100e+00 ; 4.6017000e+01 ; 8.0756935e+01 
3.500e+01 ; 6.400e+00 ; 2.100e+00 ; 4.6033000e+01 ; 8.0730278e+01 
3.500e+01 ; 6.400e+00 ; 2.100e+00 ; 4.6065000e+01 ; 8.0677437e+01 
3.500e+01 ; 6.400e+00 ; 2.100e+00 ; 4.6129000e+01 ; 8.0573669e+01 
3.500e+01 ; 6.400e+00 ; 2.100e+00 ; 4.6257000e+01 ; 8.0373268e+01 
3.500e+01 ; 6.400e+00 ; 2.100e+00 ; 4.6513000e+01 ; 7.9997910e+01 
3.500e+01 ; 6.400e+00 ; 2.100e+00 ; 4.7000000e+01 ; 7.9359360e+01 
3.500e+01 ; 6.400e+00 ; 2.100e+00 ; 4.7000000e+01 ; 7.9359360e+01 
3.500e+01 ; 6.400e+00 ; 2.100e+00 ; 4.7001000e+01 ; 7.9358047e+01 
3.500e+01 ; 6.400e+00 ; 2.100e+00 ; 4.7002000e+01 ; 7.9356743e+01 
3.500e+01 ; 6.400e+00 ; 2.100e+00 ; 4.7003000e+01 ; 7.9355431e+01 
3.500e+01 ; 6.400e+00 ; 2.100e+00 ; 4.7005000e+01 ; 7.9352814e+01 
3.500e+01 ; 6.400e+00 ; 2.100e+00 ; 4.7009000e+01 ; 7.9347580e+01 
3.500e+01 ; 6.400e+00 ; 2.100e+00 ; 4.7017000e+01 ; 7.9337128e+01 
3.500e+01 ; 6.400e+00 ; 2.100e+00 ; 4.7033000e+01 ; 7.9316315e+01 
3.500e+01 ; 6.400e+00 ; 2.100e+00 ; 4.7065000e+01 ; 7.9275009e+01 
3.500e+01 ; 6.400e+00 ; 2.100e+00 ; 4.7129000e+01 ; 7.9193626e+01 
3.500e+01 ; 6.400e+00 ; 2.100e+00 ; 4.7257000e+01 ; 7.9035530e+01 
3.500e+01 ; 6.400e+00 ; 2.100e+00 ; 4.7513000e+01 ; 7.8736244e+01 
3.500e+01 ; 6.400e+00 ; 2.100e+00 ; 4.8000000e+01 ; 7.8218498e+01 
3.500e+01 ; 6.400e+00 ; 2.100e+00 ; 4.8000000e+01 ; 7.8218498e+01 
3.500e+01 ; 6.400e+00 ; 2.100e+00 ; 4.8001000e+01 ; 7.8217430e+01 
3.500e+01 ; 6.400e+00 ; 2.100e+00 ; 4.8002000e+01 ; 7.8216370e+01 
3.500e+01 ; 6.400e+00 ; 2.100e+00 ; 4.8003000e+01 ; 7.8215309e+01 
3.500e+01 ; 6.400e+00 ; 2.100e+00 ; 4.8005000e+01 ; 7.8213181e+01 
3.500e+01 ; 6.400e+00 ; 2.100e+00 ; 4.8009000e+01 ; 7.8208939e+01 
3.500e+01 ; 6.400e+00 ; 2.100e+00 ; 4.8017000e+01 ; 7.8200462e+01 
3.500e+01 ; 6.400e+00 ; 2.100e+00 ; 4.8033000e+01 ; 7.8183563e+01 
3.500e+01 ; 6.400e+00 ; 2.100e+00 ; 4.8065000e+01 ; 7.8149994e+01 
3.500e+01 ; 6.400e+00 ; 2.100e+00 ; 4.8129000e+01 ; 7.8083687e+01 
3.500e+01 ; 6.400e+00 ; 2.100e+00 ; 4.8257000e+01 ; 7.7954330e+01 
3.500e+01 ; 6.400e+00 ; 2.100e+00 ; 4.8513000e+01 ; 7.7707535e+01 
3.500e+01 ; 6.400e+00 ; 2.100e+00 ; 4.9000000e+01 ; 7.7275322e+01 
3.500e+01 ; 6.400e+00 ; 2.100e+00 ; 4.9000000e+01 ; 7.7275322e+01 
3.500e+01 ; 6.400e+00 ; 2.100e+00 ; 4.9001000e+01 ; 7.7274437e+01 
3.500e+01 ; 6.400e+00 ; 2.100e+00 ; 4.9002000e+01 ; 7.7273544e+01 
3.500e+01 ; 6.400e+00 ; 2.100e+00 ; 4.9003000e+01 ; 7.7272659e+01 
3.500e+01 ; 6.400e+00 ; 2.100e+00 ; 4.9005000e+01 ; 7.7270889e+01 
3.500e+01 ; 6.400e+00 ; 2.100e+00 ; 4.9009000e+01 ; 7.7267342e+01 
3.500e+01 ; 6.400e+00 ; 2.100e+00 ; 4.9017000e+01 ; 7.7260262e+01 
3.500e+01 ; 6.400e+00 ; 2.100e+00 ; 4.9033000e+01 ; 7.7246147e+01 
3.500e+01 ; 6.400e+00 ; 2.100e+00 ; 4.9065000e+01 ; 7.7218071e+01 
3.500e+01 ; 6.400e+00 ; 2.100e+00 ; 4.9129000e+01 ; 7.7162529e+01 
3.500e+01 ; 6.400e+00 ; 2.100e+00 ; 4.9257000e+01 ; 7.7053833e+01 
3.500e+01 ; 6.400e+00 ; 2.100e+00 ; 4.9513000e+01 ; 7.6845299e+01 
3.500e+01 ; 6.400e+00 ; 2.100e+00 ; 5.0000000e+01 ; 7.6476959e+01 
3.500e+01 ; 6.400e+00 ; 2.100e+00 ; 5.0000000e+01 ; 7.6476959e+01 
3.500e+01 ; 6.400e+00 ; 2.100e+00 ; 5.0001000e+01 ; 7.6476204e+01 
3.500e+01 ; 6.400e+00 ; 2.100e+00 ; 5.0002000e+01 ; 7.6475449e+01 
3.500e+01 ; 6.400e+00 ; 2.100e+00 ; 5.0003000e+01 ; 7.6474693e+01 
3.500e+01 ; 6.400e+00 ; 2.100e+00 ; 5.0005000e+01 ; 7.6473175e+01 
3.500e+01 ; 6.400e+00 ; 2.100e+00 ; 5.0009000e+01 ; 7.6470154e+01 
3.500e+01 ; 6.400e+00 ; 2.100e+00 ; 5.0017000e+01 ; 7.6464119e+01 
3.500e+01 ; 6.400e+00 ; 2.100e+00 ; 5.0033000e+01 ; 7.6452087e+01 
3.500e+01 ; 6.400e+00 ; 2.100e+00 ; 5.0065000e+01 ; 7.6428123e+01 
3.500e+01 ; 6.400e+00 ; 2.100e+00 ; 5.0129000e+01 ; 7.6380684e+01 
3.500e+01 ; 6.400e+00 ; 2.100e+00 ; 5.0257000e+01 ; 7.6287643e+01 
3.500e+01 ; 6.400e+00 ; 2.100e+00 ; 5.0513000e+01 ; 7.6108551e+01 
3.500e+01 ; 6.400e+00 ; 2.100e+00 ; 5.1000000e+01 ; 7.5791283e+01 
3.500e+01 ; 6.400e+00 ; 2.100e+00 ; 5.1000000e+01 ; 7.5791283e+01 
3.500e+01 ; 6.400e+00 ; 2.100e+00 ; 5.1001000e+01 ; 7.5790634e+01 
3.500e+01 ; 6.400e+00 ; 2.100e+00 ; 5.1002000e+01 ; 7.5789978e+01 
3.500e+01 ; 6.400e+00 ; 2.100e+00 ; 5.1003000e+01 ; 7.5789330e+01 
3.500e+01 ; 6.400e+00 ; 2.100e+00 ; 5.1005000e+01 ; 7.5788025e+01 
3.500e+01 ; 6.400e+00 ; 2.100e+00 ; 5.1009000e+01 ; 7.5785423e+01 
3.500e+01 ; 6.400e+00 ; 2.100e+00 ; 5.1017000e+01 ; 7.5780228e+01 
3.500e+01 ; 6.400e+00 ; 2.100e+00 ; 5.1033000e+01 ; 7.5769852e+01 
3.500e+01 ; 6.400e+00 ; 2.100e+00 ; 5.1065000e+01 ; 7.5749214e+01 
3.500e+01 ; 6.400e+00 ; 2.100e+00 ; 5.1129000e+01 ; 7.5708359e+01 
3.500e+01 ; 6.400e+00 ; 2.100e+00 ; 5.1257000e+01 ; 7.5628456e+01 
3.500e+01 ; 6.400e+00 ; 2.100e+00 ; 5.1513000e+01 ; 7.5476730e+01 
3.500e+01 ; 6.400e+00 ; 2.100e+00 ; 5.2000000e+01 ; 7.5220230e+01 
3.500e+01 ; 6.400e+00 ; 2.100e+00 ; 5.2000000e+01 ; 7.5220230e+01 
3.500e+01 ; 6.400e+00 ; 2.100e+00 ; 5.2001000e+01 ; 7.5219704e+01 
3.500e+01 ; 6.400e+00 ; 2.100e+00 ; 5.2002000e+01 ; 7.5219177e+01 
3.500e+01 ; 6.400e+00 ; 2.100e+00 ; 5.2003000e+01 ; 7.5218651e+01 
3.500e+01 ; 6.400e+00 ; 2.100e+00 ; 5.2005000e+01 ; 7.5217606e+01 
3.500e+01 ; 6.400e+00 ; 2.100e+00 ; 5.2009000e+01 ; 7.5215508e+01 
3.500e+01 ; 6.400e+00 ; 2.100e+00 ; 5.2017000e+01 ; 7.5211334e+01 
3.500e+01 ; 6.400e+00 ; 2.100e+00 ; 5.2033000e+01 ; 7.5203064e+01 
3.500e+01 ; 6.400e+00 ; 2.100e+00 ; 5.2065000e+01 ; 7.5186867e+01 
3.500e+01 ; 6.400e+00 ; 2.100e+00 ; 5.2129000e+01 ; 7.5156044e+01 
3.500e+01 ; 6.400e+00 ; 2.100e+00 ; 5.2257000e+01 ; 7.5101677e+01 
3.500e+01 ; 6.400e+00 ; 2.100e+00 ; 5.2513000e+01 ; 7.5024689e+01 
3.500e+01 ; 6.400e+00 ; 2.100e+00 ; 5.3000000e+01 ; 7.4978622e+01 
3.500e+01 ; 6.400e+00 ; 2.100e+00 ; 5.3000000e+01 ; 7.4978622e+01 
3.500e+01 ; 6.400e+00 ; 2.100e+00 ; 5.3001000e+01 ; 7.4982048e+01 
3.500e+01 ; 6.400e+00 ; 2.100e+00 ; 5.3002000e+01 ; 7.4985504e+01 
3.500e+01 ; 6.400e+00 ; 2.100e+00 ; 5.3003000e+01 ; 7.4988983e+01 
3.500e+01 ; 6.400e+00 ; 2.100e+00 ; 5.3005000e+01 ; 7.4996033e+01 
3.500e+01 ; 6.400e+00 ; 2.100e+00 ; 5.3009000e+01 ; 7.5010536e+01 
3.500e+01 ; 6.400e+00 ; 2.100e+00 ; 5.3017000e+01 ; 7.5041092e+01 
3.500e+01 ; 6.400e+00 ; 2.100e+00 ; 5.3033000e+01 ; 7.5108116e+01 
3.500e+01 ; 6.400e+00 ; 2.100e+00 ; 5.3065000e+01 ; 7.5263908e+01 
3.500e+01 ; 6.400e+00 ; 2.100e+00 ; 5.3129000e+01 ; 7.5648598e+01 
3.500e+01 ; 6.400e+00 ; 2.100e+00 ; 5.3257000e+01 ; 7.6621254e+01 
3.500e+01 ; 6.400e+00 ; 2.100e+00 ; 5.3513000e+01 ; 7.8909348e+01 
3.500e+01 ; 6.400e+00 ; 2.100e+00 ; 5.4000000e+01 ; 8.2988800e+01 
3.500e+01 ; 6.400e+00 ; 2.100e+00 ; 5.4000000e+01 ; 8.2988800e+01 
3.500e+01 ; 6.400e+00 ; 2.100e+00 ; 5.4001000e+01 ; 8.3000053e+01 
3.500e+01 ; 6.400e+00 ; 2.100e+00 ; 5.4002000e+01 ; 8.3011314e+01 
3.500e+01 ; 6.400e+00 ; 2.100e+00 ; 5.4003000e+01 ; 8.3022575e+01 
3.500e+01 ; 6.400e+00 ; 2.100e+00 ; 5.4005000e+01 ; 8.3045120e+01 
3.500e+01 ; 6.400e+00 ; 2.100e+00 ; 5.4009000e+01 ; 8.3090256e+01 
3.500e+01 ; 6.400e+00 ; 2.100e+00 ; 5.4017000e+01 ; 8.3180756e+01 
3.500e+01 ; 6.400e+00 ; 2.100e+00 ; 5.4033000e+01 ; 8.3362541e+01 
3.500e+01 ; 6.400e+00 ; 2.100e+00 ; 5.4065000e+01 ; 8.3728561e+01 
3.500e+01 ; 6.400e+00 ; 2.100e+00 ; 5.4129000e+01 ; 8.4465317e+01 
3.500e+01 ; 6.400e+00 ; 2.100e+00 ; 5.4257000e+01 ; 8.5925323e+01 
3.500e+01 ; 6.400e+00 ; 2.100e+00 ; 5.4513000e+01 ; 8.8627724e+01 
3.500e+01 ; 6.400e+00 ; 2.100e+00 ; 5.5000000e+01 ; 9.2549713e+01 
3.500e+01 ; 6.400e+00 ; 2.100e+00 ; 5.5000000e+01 ; 9.2549713e+01 
3.500e+01 ; 6.400e+00 ; 2.100e+00 ; 5.5001000e+01 ; 9.2557755e+01 
3.500e+01 ; 6.400e+00 ; 2.100e+00 ; 5.5002000e+01 ; 9.2565788e+01 
3.500e+01 ; 6.400e+00 ; 2.100e+00 ; 5.5003000e+01 ; 9.2573807e+01 
3.500e+01 ; 6.400e+00 ; 2.100e+00 ; 5.5005000e+01 ; 9.2589798e+01 
3.500e+01 ; 6.400e+00 ; 2.100e+00 ; 5.5009000e+01 ; 9.2621590e+01 
3.500e+01 ; 6.400e+00 ; 2.100e+00 ; 5.5017000e+01 ; 9.2684433e+01 
3.500e+01 ; 6.400e+00 ; 2.100e+00 ; 5.5033000e+01 ; 9.2807205e+01 
3.500e+01 ; 6.400e+00 ; 2.100e+00 ; 5.5065000e+01 ; 9.3041527e+01 
3.500e+01 ; 6.400e+00 ; 2.100e+00 ; 5.5129000e+01 ; 9.3468246e+01 
3.500e+01 ; 6.400e+00 ; 2.100e+00 ; 5.5257000e+01 ; 9.4175140e+01 
3.500e+01 ; 6.400e+00 ; 2.100e+00 ; 5.5513000e+01 ; 9.5135368e+01 
3.500e+01 ; 6.400e+00 ; 2.100e+00 ; 5.6000000e+01 ; 9.5918610e+01 
3.500e+01 ; 6.400e+00 ; 2.100e+00 ; 5.6000000e+01 ; 9.5918610e+01 
3.500e+01 ; 6.400e+00 ; 2.100e+00 ; 5.6001000e+01 ; 9.5920212e+01 
3.500e+01 ; 6.400e+00 ; 2.100e+00 ; 5.6002000e+01 ; 9.5921814e+01 
3.500e+01 ; 6.400e+00 ; 2.100e+00 ; 5.6003000e+01 ; 9.5923409e+01 
3.500e+01 ; 6.400e+00 ; 2.100e+00 ; 5.6005000e+01 ; 9.5926582e+01 
3.500e+01 ; 6.400e+00 ; 2.100e+00 ; 5.6009000e+01 ; 9.5932861e+01 
3.500e+01 ; 6.400e+00 ; 2.100e+00 ; 5.6017000e+01 ; 9.5945137e+01 
3.500e+01 ; 6.400e+00 ; 2.100e+00 ; 5.6033000e+01 ; 9.5968597e+01 
3.500e+01 ; 6.400e+00 ; 2.100e+00 ; 5.6065000e+01 ; 9.6011337e+01 
3.500e+01 ; 6.400e+00 ; 2.100e+00 ; 5.6129000e+01 ; 9.6081169e+01 
3.500e+01 ; 6.400e+00 ; 2.100e+00 ; 5.6257000e+01 ; 9.6166359e+01 
3.500e+01 ; 6.400e+00 ; 2.100e+00 ; 5.6513000e+01 ; 9.6170197e+01 
3.500e+01 ; 6.400e+00 ; 2.100e+00 ; 5.7000000e+01 ; 9.5810188e+01 
3.500e+01 ; 6.400e+00 ; 2.100e+00 ; 5.7000000e+01 ; 9.5810188e+01 
3.500e+01 ; 6.400e+00 ; 2.100e+00 ; 5.7001000e+01 ; 9.5809448e+01 
3.500e+01 ; 6.400e+00 ; 2.100e+00 ; 5.7002000e+01 ; 9.5808701e+01 
3.500e+01 ; 6.400e+00 ; 2.100e+00 ; 5.7003000e+01 ; 9.5807961e+01 
3.500e+01 ; 6.400e+00 ; 2.100e+00 ; 5.7005000e+01 ; 9.5806465e+01 
3.500e+01 ; 6.400e+00 ; 2.100e+00 ; 5.7009000e+01 ; 9.5803452e+01 
3.500e+01 ; 6.400e+00 ; 2.100e+00 ; 5.7017000e+01 ; 9.5797333e+01 
3.500e+01 ; 6.400e+00 ; 2.100e+00 ; 5.7033000e+01 ; 9.5784706e+01 
3.500e+01 ; 6.400e+00 ; 2.100e+00 ; 5.7065000e+01 ; 9.5758011e+01 
3.500e+01 ; 6.400e+00 ; 2.100e+00 ; 5.7129000e+01 ; 9.5699242e+01 
3.500e+01 ; 6.400e+00 ; 2.100e+00 ; 5.7257000e+01 ; 9.5563545e+01 
3.500e+01 ; 6.400e+00 ; 2.100e+00 ; 5.7513000e+01 ; 9.5239838e+01 
3.500e+01 ; 6.400e+00 ; 2.100e+00 ; 5.8000000e+01 ; 9.4525185e+01 
3.500e+01 ; 6.400e+00 ; 2.100e+00 ; 5.8000000e+01 ; 9.4525185e+01 
3.500e+01 ; 6.400e+00 ; 2.100e+00 ; 5.8001000e+01 ; 9.4523712e+01 
3.500e+01 ; 6.400e+00 ; 2.100e+00 ; 5.8002000e+01 ; 9.4522247e+01 
3.500e+01 ; 6.400e+00 ; 2.100e+00 ; 5.8003000e+01 ; 9.4520782e+01 
3.500e+01 ; 6.400e+00 ; 2.100e+00 ; 5.8005000e+01 ; 9.4517838e+01 
3.500e+01 ; 6.400e+00 ; 2.100e+00 ; 5.8009000e+01 ; 9.4511955e+01 
3.500e+01 ; 6.400e+00 ; 2.100e+00 ; 5.8017000e+01 ; 9.4500160e+01 
3.500e+01 ; 6.400e+00 ; 2.100e+00 ; 5.8033000e+01 ; 9.4476471e+01 
3.500e+01 ; 6.400e+00 ; 2.100e+00 ; 5.8065000e+01 ; 9.4428711e+01 
3.500e+01 ; 6.400e+00 ; 2.100e+00 ; 5.8129000e+01 ; 9.4331863e+01 
3.500e+01 ; 6.400e+00 ; 2.100e+00 ; 5.8257000e+01 ; 9.4134079e+01 
3.500e+01 ; 6.400e+00 ; 2.100e+00 ; 5.8513000e+01 ; 9.3729767e+01 
3.500e+01 ; 6.400e+00 ; 2.100e+00 ; 5.9000000e+01 ; 9.2961227e+01 
3.500e+01 ; 6.400e+00 ; 2.100e+00 ; 5.9000000e+01 ; 9.2961227e+01 
3.500e+01 ; 6.400e+00 ; 2.100e+00 ; 5.9001000e+01 ; 9.2959648e+01 
3.500e+01 ; 6.400e+00 ; 2.100e+00 ; 5.9002000e+01 ; 9.2958069e+01 
3.500e+01 ; 6.400e+00 ; 2.100e+00 ; 5.9003000e+01 ; 9.2956490e+01 
3.500e+01 ; 6.400e+00 ; 2.100e+00 ; 5.9005000e+01 ; 9.2953331e+01 
3.500e+01 ; 6.400e+00 ; 2.100e+00 ; 5.9009000e+01 ; 9.2947021e+01 
3.500e+01 ; 6.400e+00 ; 2.100e+00 ; 5.9017000e+01 ; 9.2934395e+01 
3.500e+01 ; 6.400e+00 ; 2.100e+00 ; 5.9033000e+01 ; 9.2909149e+01 
3.500e+01 ; 6.400e+00 ; 2.100e+00 ; 5.9065000e+01 ; 9.2858681e+01 
3.500e+01 ; 6.400e+00 ; 2.100e+00 ; 5.9129000e+01 ; 9.2757881e+01 
3.500e+01 ; 6.400e+00 ; 2.100e+00 ; 5.9257000e+01 ; 9.2557281e+01 
3.500e+01 ; 6.400e+00 ; 2.100e+00 ; 5.9513000e+01 ; 9.2162575e+01 
3.500e+01 ; 6.400e+00 ; 2.100e+00 ; 6.0000000e+01 ; 9.1444580e+01 
3.500e+01 ; 6.400e+00 ; 2.100e+00 ; 6.0000000e+01 ; 9.1444580e+01 
3.500e+01 ; 6.400e+00 ; 2.100e+00 ; 6.0001000e+01 ; 9.1443108e+01 
3.500e+01 ; 6.400e+00 ; 2.100e+00 ; 6.0002000e+01 ; 9.1441635e+01 
3.500e+01 ; 6.400e+00 ; 2.100e+00 ; 6.0003000e+01 ; 9.1440163e+01 
3.500e+01 ; 6.400e+00 ; 2.100e+00 ; 6.0005000e+01 ; 9.1437210e+01 
3.500e+01 ; 6.400e+00 ; 2.100e+00 ; 6.0009000e+01 ; 9.1431320e+01 
3.500e+01 ; 6.400e+00 ; 2.100e+00 ; 6.0017000e+01 ; 9.1419540e+01 
3.500e+01 ; 6.400e+00 ; 2.100e+00 ; 6.0033000e+01 ; 9.1396027e+01 
3.500e+01 ; 6.400e+00 ; 2.100e+00 ; 6.0065000e+01 ; 9.1349144e+01 
3.500e+01 ; 6.400e+00 ; 2.100e+00 ; 6.0129000e+01 ; 9.1255989e+01 
3.500e+01 ; 6.400e+00 ; 2.100e+00 ; 6.0257000e+01 ; 9.1072197e+01 
3.500e+01 ; 6.400e+00 ; 2.100e+00 ; 6.0513000e+01 ; 9.0715279e+01 
3.500e+01 ; 6.400e+00 ; 2.100e+00 ; 6.1000000e+01 ; 9.0075760e+01 
3.500e+01 ; 6.400e+00 ; 2.100e+00 ; 6.1000000e+01 ; 9.0075760e+01 
3.500e+01 ; 6.400e+00 ; 2.100e+00 ; 6.1001000e+01 ; 9.0074448e+01 
3.500e+01 ; 6.400e+00 ; 2.100e+00 ; 6.1002000e+01 ; 9.0073135e+01 
3.500e+01 ; 6.400e+00 ; 2.100e+00 ; 6.1003000e+01 ; 9.0071815e+01 
3.500e+01 ; 6.400e+00 ; 2.100e+00 ; 6.1005000e+01 ; 9.0069191e+01 
3.500e+01 ; 6.400e+00 ; 2.100e+00 ; 6.1009000e+01 ; 9.0063950e+01 
3.500e+01 ; 6.400e+00 ; 2.100e+00 ; 6.1017000e+01 ; 9.0053467e+01 
3.500e+01 ; 6.400e+00 ; 2.100e+00 ; 6.1033000e+01 ; 9.0032539e+01 
3.500e+01 ; 6.400e+00 ; 2.100e+00 ; 6.1065000e+01 ; 8.9990868e+01 
3.500e+01 ; 6.400e+00 ; 2.100e+00 ; 6.1129000e+01 ; 8.9908203e+01 
3.500e+01 ; 6.400e+00 ; 2.100e+00 ; 6.1257000e+01 ; 8.9745598e+01 
3.500e+01 ; 6.400e+00 ; 2.100e+00 ; 6.1513000e+01 ; 8.9431145e+01 
3.500e+01 ; 6.400e+00 ; 2.100e+00 ; 6.2000000e+01 ; 8.8869934e+01 
3.500e+01 ; 6.400e+00 ; 2.100e+00 ; 6.2000000e+01 ; 8.8869934e+01 
3.500e+01 ; 6.400e+00 ; 2.100e+00 ; 6.2001000e+01 ; 8.8868782e+01 
3.500e+01 ; 6.400e+00 ; 2.100e+00 ; 6.2002000e+01 ; 8.8867630e+01 
3.500e+01 ; 6.400e+00 ; 2.100e+00 ; 6.2003000e+01 ; 8.8866478e+01 
3.500e+01 ; 6.400e+00 ; 2.100e+00 ; 6.2005000e+01 ; 8.8864174e+01 
3.500e+01 ; 6.400e+00 ; 2.100e+00 ; 6.2009000e+01 ; 8.8859573e+01 
3.500e+01 ; 6.400e+00 ; 2.100e+00 ; 6.2017000e+01 ; 8.8850372e+01 
3.500e+01 ; 6.400e+00 ; 2.100e+00 ; 6.2033000e+01 ; 8.8832016e+01 
3.500e+01 ; 6.400e+00 ; 2.100e+00 ; 6.2065000e+01 ; 8.8795464e+01 
3.500e+01 ; 6.400e+00 ; 2.100e+00 ; 6.2129000e+01 ; 8.8722992e+01 
3.500e+01 ; 6.400e+00 ; 2.100e+00 ; 6.2257000e+01 ; 8.8580513e+01 
3.500e+01 ; 6.400e+00 ; 2.100e+00 ; 6.2513000e+01 ; 8.8305107e+01 
3.500e+01 ; 6.400e+00 ; 2.100e+00 ; 6.3000000e+01 ; 8.7813194e+01 
3.500e+01 ; 6.400e+00 ; 2.100e+00 ; 6.3000000e+01 ; 8.7813194e+01 
3.500e+01 ; 6.400e+00 ; 2.100e+00 ; 6.3001000e+01 ; 8.7812187e+01 
3.500e+01 ; 6.400e+00 ; 2.100e+00 ; 6.3002000e+01 ; 8.7811172e+01 
3.500e+01 ; 6.400e+00 ; 2.100e+00 ; 6.3003000e+01 ; 8.7810165e+01 
3.500e+01 ; 6.400e+00 ; 2.100e+00 ; 6.3005000e+01 ; 8.7808144e+01 
3.500e+01 ; 6.400e+00 ; 2.100e+00 ; 6.3009000e+01 ; 8.7804108e+01 
3.500e+01 ; 6.400e+00 ; 2.100e+00 ; 6.3017000e+01 ; 8.7796051e+01 
3.500e+01 ; 6.400e+00 ; 2.100e+00 ; 6.3033000e+01 ; 8.7779961e+01 
3.500e+01 ; 6.400e+00 ; 2.100e+00 ; 6.3065000e+01 ; 8.7747910e+01 
3.500e+01 ; 6.400e+00 ; 2.100e+00 ; 6.3129000e+01 ; 8.7684364e+01 
3.500e+01 ; 6.400e+00 ; 2.100e+00 ; 6.3257000e+01 ; 8.7559387e+01 
3.500e+01 ; 6.400e+00 ; 2.100e+00 ; 6.3513000e+01 ; 8.7317520e+01 
3.500e+01 ; 6.400e+00 ; 2.100e+00 ; 6.4000000e+01 ; 8.6884300e+01 
3.500e+01 ; 6.400e+00 ; 2.100e+00 ; 6.4000000e+01 ; 8.6884300e+01 
3.500e+01 ; 6.400e+00 ; 2.100e+00 ; 6.4001000e+01 ; 8.6883415e+01 
3.500e+01 ; 6.400e+00 ; 2.100e+00 ; 6.4002000e+01 ; 8.6882523e+01 
3.500e+01 ; 6.400e+00 ; 2.100e+00 ; 6.4003000e+01 ; 8.6881638e+01 
3.500e+01 ; 6.400e+00 ; 2.100e+00 ; 6.4005000e+01 ; 8.6879860e+01 
3.500e+01 ; 6.400e+00 ; 2.100e+00 ; 6.4009000e+01 ; 8.6876305e+01 
3.500e+01 ; 6.400e+00 ; 2.100e+00 ; 6.4017000e+01 ; 8.6869202e+01 
3.500e+01 ; 6.400e+00 ; 2.100e+00 ; 6.4033000e+01 ; 8.6855026e+01 
3.500e+01 ; 6.400e+00 ; 2.100e+00 ; 6.4065000e+01 ; 8.6826797e+01 
3.500e+01 ; 6.400e+00 ; 2.100e+00 ; 6.4129000e+01 ; 8.6770782e+01 
3.500e+01 ; 6.400e+00 ; 2.100e+00 ; 6.4257000e+01 ; 8.6660538e+01 
3.500e+01 ; 6.400e+00 ; 2.100e+00 ; 6.4513000e+01 ; 8.6446800e+01 
3.500e+01 ; 6.400e+00 ; 2.100e+00 ; 6.5000000e+01 ; 8.6062714e+01 
3.500e+01 ; 6.400e+00 ; 2.100e+00 ; 6.5000000e+01 ; 8.6062714e+01 
3.500e+01 ; 6.400e+00 ; 2.100e+00 ; 6.5001000e+01 ; 8.6061920e+01 
3.500e+01 ; 6.400e+00 ; 2.100e+00 ; 6.5002000e+01 ; 8.6061134e+01 
3.500e+01 ; 6.400e+00 ; 2.100e+00 ; 6.5003000e+01 ; 8.6060349e+01 
3.500e+01 ; 6.400e+00 ; 2.100e+00 ; 6.5005000e+01 ; 8.6058769e+01 
3.500e+01 ; 6.400e+00 ; 2.100e+00 ; 6.5009000e+01 ; 8.6055618e+01 
3.500e+01 ; 6.400e+00 ; 2.100e+00 ; 6.5017000e+01 ; 8.6049324e+01 
3.500e+01 ; 6.400e+00 ; 2.100e+00 ; 6.5033000e+01 ; 8.6036751e+01 
3.500e+01 ; 6.400e+00 ; 2.100e+00 ; 6.5065000e+01 ; 8.6011711e+01 
3.500e+01 ; 6.400e+00 ; 2.100e+00 ; 6.5129000e+01 ; 8.5962006e+01 
3.500e+01 ; 6.400e+00 ; 2.100e+00 ; 6.5257000e+01 ; 8.5864090e+01 
3.500e+01 ; 6.400e+00 ; 2.100e+00 ; 6.5513000e+01 ; 8.5674019e+01 
3.500e+01 ; 6.400e+00 ; 2.100e+00 ; 6.6000000e+01 ; 8.5332344e+01 
3.500e+01 ; 6.400e+00 ; 2.100e+00 ; 6.6000000e+01 ; 8.5332344e+01 
3.500e+01 ; 6.400e+00 ; 2.100e+00 ; 6.6001000e+01 ; 8.5331642e+01 
3.500e+01 ; 6.400e+00 ; 2.100e+00 ; 6.6002000e+01 ; 8.5330940e+01 
3.500e+01 ; 6.400e+00 ; 2.100e+00 ; 6.6003000e+01 ; 8.5330238e+01 
3.500e+01 ; 6.400e+00 ; 2.100e+00 ; 6.6005000e+01 ; 8.5328842e+01 
3.500e+01 ; 6.400e+00 ; 2.100e+00 ; 6.6009000e+01 ; 8.5326035e+01 
3.500e+01 ; 6.400e+00 ; 2.100e+00 ; 6.6017000e+01 ; 8.5320435e+01 
3.500e+01 ; 6.400e+00 ; 2.100e+00 ; 6.6033000e+01 ; 8.5309250e+01 
3.500e+01 ; 6.400e+00 ; 2.100e+00 ; 6.6065000e+01 ; 8.5286980e+01 
3.500e+01 ; 6.400e+00 ; 2.100e+00 ; 6.6129000e+01 ; 8.5242783e+01 
3.500e+01 ; 6.400e+00 ; 2.100e+00 ; 6.6257000e+01 ; 8.5155869e+01 
3.500e+01 ; 6.400e+00 ; 2.100e+00 ; 6.6513000e+01 ; 8.4988541e+01 
3.500e+01 ; 6.400e+00 ; 2.100e+00 ; 6.7000000e+01 ; 8.4696548e+01 
3.500e+01 ; 6.400e+00 ; 2.100e+00 ; 6.7000000e+01 ; 8.4696548e+01 
3.500e+01 ; 6.400e+00 ; 2.100e+00 ; 6.7001000e+01 ; 8.4695946e+01 
3.500e+01 ; 6.400e+00 ; 2.100e+00 ; 6.7002000e+01 ; 8.4695351e+01 
3.500e+01 ; 6.400e+00 ; 2.100e+00 ; 6.7003000e+01 ; 8.4694748e+01 
3.500e+01 ; 6.400e+00 ; 2.100e+00 ; 6.7005000e+01 ; 8.4693550e+01 
3.500e+01 ; 6.400e+00 ; 2.100e+00 ; 6.7009000e+01 ; 8.4691170e+01 
3.500e+01 ; 6.400e+00 ; 2.100e+00 ; 6.7017000e+01 ; 8.4686417e+01 
3.500e+01 ; 6.400e+00 ; 2.100e+00 ; 6.7033000e+01 ; 8.4677010e+01 
3.500e+01 ; 6.400e+00 ; 2.100e+00 ; 6.7065000e+01 ; 8.4658630e+01 
3.500e+01 ; 6.400e+00 ; 2.100e+00 ; 6.7129000e+01 ; 8.4623878e+01 
3.500e+01 ; 6.400e+00 ; 2.100e+00 ; 6.7257000e+01 ; 8.4563828e+01 
3.500e+01 ; 6.400e+00 ; 2.100e+00 ; 6.7513000e+01 ; 8.4484512e+01 
3.500e+01 ; 6.400e+00 ; 2.100e+00 ; 6.8000000e+01 ; 8.4455666e+01 
3.500e+01 ; 6.400e+00 ; 2.100e+00 ; 6.8000000e+01 ; 8.4455666e+01 
3.500e+01 ; 6.400e+00 ; 2.100e+00 ; 6.8001000e+01 ; 8.4455605e+01 
3.500e+01 ; 6.400e+00 ; 2.100e+00 ; 6.8002000e+01 ; 8.4455551e+01 
3.500e+01 ; 6.400e+00 ; 2.100e+00 ; 6.8003000e+01 ; 8.4455490e+01 
3.500e+01 ; 6.400e+00 ; 2.100e+00 ; 6.8005000e+01 ; 8.4455383e+01 
3.500e+01 ; 6.400e+00 ; 2.100e+00 ; 6.8009000e+01 ; 8.4455185e+01 
3.500e+01 ; 6.400e+00 ; 2.100e+00 ; 6.8017000e+01 ; 8.4454849e+01 
3.500e+01 ; 6.400e+00 ; 2.100e+00 ; 6.8033000e+01 ; 8.4454445e+01 
3.500e+01 ; 6.400e+00 ; 2.100e+00 ; 6.8065000e+01 ; 8.4454796e+01 
3.500e+01 ; 6.400e+00 ; 2.100e+00 ; 6.8129000e+01 ; 8.4460411e+01 
3.500e+01 ; 6.400e+00 ; 2.100e+00 ; 6.8257000e+01 ; 8.4492729e+01 
3.500e+01 ; 6.400e+00 ; 2.100e+00 ; 6.8513000e+01 ; 8.4638382e+01 
3.500e+01 ; 6.400e+00 ; 2.100e+00 ; 6.9000000e+01 ; 8.5120041e+01 
3.500e+01 ; 6.400e+00 ; 2.100e+00 ; 6.9000000e+01 ; 8.5120041e+01 
3.500e+01 ; 6.400e+00 ; 2.100e+00 ; 6.9001000e+01 ; 8.5121033e+01 
3.500e+01 ; 6.400e+00 ; 2.100e+00 ; 6.9002000e+01 ; 8.5122025e+01 
3.500e+01 ; 6.400e+00 ; 2.100e+00 ; 6.9003000e+01 ; 8.5123016e+01 
3.500e+01 ; 6.400e+00 ; 2.100e+00 ; 6.9005000e+01 ; 8.5125008e+01 
3.500e+01 ; 6.400e+00 ; 2.100e+00 ; 6.9009000e+01 ; 8.5129013e+01 
3.500e+01 ; 6.400e+00 ; 2.100e+00 ; 6.9017000e+01 ; 8.5137100e+01 
3.500e+01 ; 6.400e+00 ; 2.100e+00 ; 6.9033000e+01 ; 8.5153633e+01 
3.500e+01 ; 6.400e+00 ; 2.100e+00 ; 6.9065000e+01 ; 8.5188087e+01 
3.500e+01 ; 6.400e+00 ; 2.100e+00 ; 6.9129000e+01 ; 8.5262581e+01 
3.500e+01 ; 6.400e+00 ; 2.100e+00 ; 6.9257000e+01 ; 8.5433144e+01 
3.500e+01 ; 6.400e+00 ; 2.100e+00 ; 6.9513000e+01 ; 8.5846230e+01 
3.500e+01 ; 6.400e+00 ; 2.100e+00 ; 7.0000000e+01 ; 8.6769699e+01 
3.500e+01 ; 6.400e+00 ; 2.100e+00 ; 7.0000000e+01 ; 8.6769699e+01 
3.500e+01 ; 6.400e+00 ; 2.100e+00 ; 7.0001000e+01 ; 8.6771591e+01 
3.500e+01 ; 6.400e+00 ; 2.100e+00 ; 7.0002000e+01 ; 8.6773491e+01 
3.500e+01 ; 6.400e+00 ; 2.100e+00 ; 7.0003000e+01 ; 8.6775391e+01 
3.500e+01 ; 6.400e+00 ; 2.100e+00 ; 7.0005000e+01 ; 8.6779190e+01 
3.500e+01 ; 6.400e+00 ; 2.100e+00 ; 7.0009000e+01 ; 8.6786804e+01 
3.500e+01 ; 6.400e+00 ; 2.100e+00 ; 7.0017000e+01 ; 8.6802071e+01 
3.500e+01 ; 6.400e+00 ; 2.100e+00 ; 7.0033000e+01 ; 8.6832794e+01 
3.500e+01 ; 6.400e+00 ; 2.100e+00 ; 7.0065000e+01 ; 8.6894928e+01 
3.500e+01 ; 6.400e+00 ; 2.100e+00 ; 7.0129000e+01 ; 8.7021568e+01 
3.500e+01 ; 6.400e+00 ; 2.100e+00 ; 7.0257000e+01 ; 8.7281761e+01 
3.500e+01 ; 6.400e+00 ; 2.100e+00 ; 7.0513000e+01 ; 8.7812263e+01 
3.500e+01 ; 6.400e+00 ; 2.100e+00 ; 7.1000000e+01 ; 8.8775597e+01 
3.500e+01 ; 6.400e+00 ; 2.100e+00 ; 7.1000000e+01 ; 8.8775597e+01 
3.500e+01 ; 6.400e+00 ; 2.100e+00 ; 7.1001000e+01 ; 8.8777573e+01 
3.500e+01 ; 6.400e+00 ; 2.100e+00 ; 7.1002000e+01 ; 8.8779549e+01 
3.500e+01 ; 6.400e+00 ; 2.100e+00 ; 7.1003000e+01 ; 8.8781525e+01 
3.500e+01 ; 6.400e+00 ; 2.100e+00 ; 7.1005000e+01 ; 8.8785484e+01 
3.500e+01 ; 6.400e+00 ; 2.100e+00 ; 7.1009000e+01 ; 8.8793388e+01 
3.500e+01 ; 6.400e+00 ; 2.100e+00 ; 7.1017000e+01 ; 8.8809181e+01 
3.500e+01 ; 6.400e+00 ; 2.100e+00 ; 7.1033000e+01 ; 8.8840721e+01 
3.500e+01 ; 6.400e+00 ; 2.100e+00 ; 7.1065000e+01 ; 8.8903519e+01 
3.500e+01 ; 6.400e+00 ; 2.100e+00 ; 7.1129000e+01 ; 8.9027786e+01 
3.500e+01 ; 6.400e+00 ; 2.100e+00 ; 7.1257000e+01 ; 8.9269470e+01 
3.500e+01 ; 6.400e+00 ; 2.100e+00 ; 7.1513000e+01 ; 8.9717598e+01 
3.500e+01 ; 6.400e+00 ; 2.100e+00 ; 7.2000000e+01 ; 9.0424713e+01 
3.500e+01 ; 6.400e+00 ; 2.100e+00 ; 7.2000000e+01 ; 9.0424713e+01 
3.500e+01 ; 6.400e+00 ; 2.100e+00 ; 7.2001000e+01 ; 9.0426163e+01 
3.500e+01 ; 6.400e+00 ; 2.100e+00 ; 7.2002000e+01 ; 9.0427620e+01 
3.500e+01 ; 6.400e+00 ; 2.100e+00 ; 7.2003000e+01 ; 9.0429070e+01 
3.500e+01 ; 6.400e+00 ; 2.100e+00 ; 7.2005000e+01 ; 9.0431961e+01 
3.500e+01 ; 6.400e+00 ; 2.100e+00 ; 7.2009000e+01 ; 9.0437752e+01 
3.500e+01 ; 6.400e+00 ; 2.100e+00 ; 7.2017000e+01 ; 9.0449280e+01 
3.500e+01 ; 6.400e+00 ; 2.100e+00 ; 7.2033000e+01 ; 9.0472191e+01 
3.500e+01 ; 6.400e+00 ; 2.100e+00 ; 7.2065000e+01 ; 9.0517365e+01 
3.500e+01 ; 6.400e+00 ; 2.100e+00 ; 7.2129000e+01 ; 9.0605148e+01 
3.500e+01 ; 6.400e+00 ; 2.100e+00 ; 7.2257000e+01 ; 9.0770378e+01 
3.500e+01 ; 6.400e+00 ; 2.100e+00 ; 7.2513000e+01 ; 9.1060158e+01 
3.500e+01 ; 6.400e+00 ; 2.100e+00 ; 7.3000000e+01 ; 9.1477516e+01 
3.500e+01 ; 6.400e+00 ; 2.100e+00 ; 7.3000000e+01 ; 9.1477516e+01 
3.500e+01 ; 6.400e+00 ; 2.100e+00 ; 7.3001000e+01 ; 9.1478371e+01 
3.500e+01 ; 6.400e+00 ; 2.100e+00 ; 7.3002000e+01 ; 9.1479225e+01 
3.500e+01 ; 6.400e+00 ; 2.100e+00 ; 7.3003000e+01 ; 9.1480080e+01 
3.500e+01 ; 6.400e+00 ; 2.100e+00 ; 7.3005000e+01 ; 9.1481789e+01 
3.500e+01 ; 6.400e+00 ; 2.100e+00 ; 7.3009000e+01 ; 9.1485199e+01 
3.500e+01 ; 6.400e+00 ; 2.100e+00 ; 7.3017000e+01 ; 9.1491974e+01 
3.500e+01 ; 6.400e+00 ; 2.100e+00 ; 7.3033000e+01 ; 9.1505394e+01 
3.500e+01 ; 6.400e+00 ; 2.100e+00 ; 7.3065000e+01 ; 9.1531654e+01 
3.500e+01 ; 6.400e+00 ; 2.100e+00 ; 7.3129000e+01 ; 9.1581924e+01 
3.500e+01 ; 6.400e+00 ; 2.100e+00 ; 7.3257000e+01 ; 9.1673782e+01 
3.500e+01 ; 6.400e+00 ; 2.100e+00 ; 7.3513000e+01 ; 9.1825333e+01 
3.500e+01 ; 6.400e+00 ; 2.100e+00 ; 7.4000000e+01 ; 9.2014931e+01 
3.500e+01 ; 6.400e+00 ; 2.100e+00 ; 7.4000000e+01 ; 9.2014931e+01 
3.500e+01 ; 6.400e+00 ; 2.100e+00 ; 7.4001000e+01 ; 9.2015320e+01 
3.500e+01 ; 6.400e+00 ; 2.100e+00 ; 7.4002000e+01 ; 9.2015709e+01 
3.500e+01 ; 6.400e+00 ; 2.100e+00 ; 7.4003000e+01 ; 9.2016098e+01 
3.500e+01 ; 6.400e+00 ; 2.100e+00 ; 7.4005000e+01 ; 9.2016869e+01 
3.500e+01 ; 6.400e+00 ; 2.100e+00 ; 7.4009000e+01 ; 9.2018410e+01 
3.500e+01 ; 6.400e+00 ; 2.100e+00 ; 7.4017000e+01 ; 9.2021469e+01 
3.500e+01 ; 6.400e+00 ; 2.100e+00 ; 7.4033000e+01 ; 9.2027481e+01 
3.500e+01 ; 6.400e+00 ; 2.100e+00 ; 7.4065000e+01 ; 9.2039093e+01 
3.500e+01 ; 6.400e+00 ; 2.100e+00 ; 7.4129000e+01 ; 9.2060677e+01 
3.500e+01 ; 6.400e+00 ; 2.100e+00 ; 7.4257000e+01 ; 9.2097687e+01 
3.500e+01 ; 6.400e+00 ; 2.100e+00 ; 7.4513000e+01 ; 9.2149399e+01 
3.500e+01 ; 6.400e+00 ; 2.100e+00 ; 7.5000000e+01 ; 9.2181763e+01 
3.500e+01 ; 6.400e+00 ; 2.100e+00 ; 7.5000000e+01 ; 9.2181763e+01 
3.500e+01 ; 6.400e+00 ; 2.100e+00 ; 7.5001000e+01 ; 9.2181831e+01 
3.500e+01 ; 6.400e+00 ; 2.100e+00 ; 7.5002000e+01 ; 9.2181892e+01 
3.500e+01 ; 6.400e+00 ; 2.100e+00 ; 7.5003000e+01 ; 9.2181961e+01 
3.500e+01 ; 6.400e+00 ; 2.100e+00 ; 7.5005000e+01 ; 9.2182091e+01 
3.500e+01 ; 6.400e+00 ; 2.100e+00 ; 7.5009000e+01 ; 9.2182343e+01 
3.500e+01 ; 6.400e+00 ; 2.100e+00 ; 7.5017000e+01 ; 9.2182838e+01 
3.500e+01 ; 6.400e+00 ; 2.100e+00 ; 7.5033000e+01 ; 9.2183754e+01 
3.500e+01 ; 6.400e+00 ; 2.100e+00 ; 7.5065000e+01 ; 9.2185318e+01 
3.500e+01 ; 6.400e+00 ; 2.100e+00 ; 7.5129000e+01 ; 9.2187363e+01 
3.500e+01 ; 6.400e+00 ; 2.100e+00 ; 7.5257000e+01 ; 9.2187393e+01 
3.500e+01 ; 6.400e+00 ; 2.100e+00 ; 7.5513000e+01 ; 9.2173065e+01 
3.500e+01 ; 6.400e+00 ; 2.100e+00 ; 7.6000000e+01 ; 9.2104187e+01 
3.500e+01 ; 6.400e+00 ; 2.100e+00 ; 7.6000000e+01 ; 9.2104187e+01 
3.500e+01 ; 6.400e+00 ; 2.100e+00 ; 7.6001000e+01 ; 9.2104042e+01 
3.500e+01 ; 6.400e+00 ; 2.100e+00 ; 7.6002000e+01 ; 9.2103905e+01 
3.500e+01 ; 6.400e+00 ; 2.100e+00 ; 7.6003000e+01 ; 9.2103760e+01 
3.500e+01 ; 6.400e+00 ; 2.100e+00 ; 7.6005000e+01 ; 9.2103477e+01 
3.500e+01 ; 6.400e+00 ; 2.100e+00 ; 7.6009000e+01 ; 9.2102905e+01 
3.500e+01 ; 6.400e+00 ; 2.100e+00 ; 7.6017000e+01 ; 9.2101746e+01 
3.500e+01 ; 6.400e+00 ; 2.100e+00 ; 7.6033000e+01 ; 9.2099396e+01 
3.500e+01 ; 6.400e+00 ; 2.100e+00 ; 7.6065000e+01 ; 9.2094505e+01 
3.500e+01 ; 6.400e+00 ; 2.100e+00 ; 7.6129000e+01 ; 9.2084068e+01 
3.500e+01 ; 6.400e+00 ; 2.100e+00 ; 7.6257000e+01 ; 9.2060677e+01 
3.500e+01 ; 6.400e+00 ; 2.100e+00 ; 7.6513000e+01 ; 9.2005043e+01 
3.500e+01 ; 6.400e+00 ; 2.100e+00 ; 7.7000000e+01 ; 9.1874252e+01 
3.500e+01 ; 6.400e+00 ; 2.100e+00 ; 7.7000000e+01 ; 9.1874252e+01 
3.500e+01 ; 6.400e+00 ; 2.100e+00 ; 7.7001000e+01 ; 9.1873985e+01 
3.500e+01 ; 6.400e+00 ; 2.100e+00 ; 7.7002000e+01 ; 9.1873718e+01 
3.500e+01 ; 6.400e+00 ; 2.100e+00 ; 7.7003000e+01 ; 9.1873451e+01 
3.500e+01 ; 6.400e+00 ; 2.100e+00 ; 7.7005000e+01 ; 9.1872910e+01 
3.500e+01 ; 6.400e+00 ; 2.100e+00 ; 7.7009000e+01 ; 9.1871834e+01 
3.500e+01 ; 6.400e+00 ; 2.100e+00 ; 7.7017000e+01 ; 9.1869667e+01 
3.500e+01 ; 6.400e+00 ; 2.100e+00 ; 7.7033000e+01 ; 9.1865318e+01 
3.500e+01 ; 6.400e+00 ; 2.100e+00 ; 7.7065000e+01 ; 9.1856514e+01 
3.500e+01 ; 6.400e+00 ; 2.100e+00 ; 7.7129000e+01 ; 9.1838493e+01 
3.500e+01 ; 6.400e+00 ; 2.100e+00 ; 7.7257000e+01 ; 9.1800980e+01 
3.500e+01 ; 6.400e+00 ; 2.100e+00 ; 7.7513000e+01 ; 9.1720802e+01 
3.500e+01 ; 6.400e+00 ; 2.100e+00 ; 7.8000000e+01 ; 9.1554214e+01 
3.500e+01 ; 6.400e+00 ; 2.100e+00 ; 7.8000000e+01 ; 9.1554214e+01 
3.500e+01 ; 6.400e+00 ; 2.100e+00 ; 7.8001000e+01 ; 9.1553871e+01 
3.500e+01 ; 6.400e+00 ; 2.100e+00 ; 7.8002000e+01 ; 9.1553535e+01 
3.500e+01 ; 6.400e+00 ; 2.100e+00 ; 7.8003000e+01 ; 9.1553192e+01 
3.500e+01 ; 6.400e+00 ; 2.100e+00 ; 7.8005000e+01 ; 9.1552505e+01 
3.500e+01 ; 6.400e+00 ; 2.100e+00 ; 7.8009000e+01 ; 9.1551132e+01 
3.500e+01 ; 6.400e+00 ; 2.100e+00 ; 7.8017000e+01 ; 9.1548393e+01 
3.500e+01 ; 6.400e+00 ; 2.100e+00 ; 7.8033000e+01 ; 9.1542885e+01 
3.500e+01 ; 6.400e+00 ; 2.100e+00 ; 7.8065000e+01 ; 9.1531822e+01 
3.500e+01 ; 6.400e+00 ; 2.100e+00 ; 7.8129000e+01 ; 9.1509468e+01 
3.500e+01 ; 6.400e+00 ; 2.100e+00 ; 7.8257000e+01 ; 9.1463936e+01 
3.500e+01 ; 6.400e+00 ; 2.100e+00 ; 7.8513000e+01 ; 9.1370117e+01 
3.500e+01 ; 6.400e+00 ; 2.100e+00 ; 7.9000000e+01 ; 9.1184525e+01 
3.500e+01 ; 6.400e+00 ; 2.100e+00 ; 7.9000000e+01 ; 9.1184525e+01 
3.500e+01 ; 6.400e+00 ; 2.100e+00 ; 7.9001000e+01 ; 9.1184143e+01 
3.500e+01 ; 6.400e+00 ; 2.100e+00 ; 7.9002000e+01 ; 9.1183762e+01 
3.500e+01 ; 6.400e+00 ; 2.100e+00 ; 7.9003000e+01 ; 9.1183380e+01 
3.500e+01 ; 6.400e+00 ; 2.100e+00 ; 7.9005000e+01 ; 9.1182617e+01 
3.500e+01 ; 6.400e+00 ; 2.100e+00 ; 7.9009000e+01 ; 9.1181091e+01 
3.500e+01 ; 6.400e+00 ; 2.100e+00 ; 7.9017000e+01 ; 9.1178040e+01 
3.500e+01 ; 6.400e+00 ; 2.100e+00 ; 7.9033000e+01 ; 9.1171928e+01 
3.500e+01 ; 6.400e+00 ; 2.100e+00 ; 7.9065000e+01 ; 9.1159676e+01 
3.500e+01 ; 6.400e+00 ; 2.100e+00 ; 7.9129000e+01 ; 9.1135056e+01 
3.500e+01 ; 6.400e+00 ; 2.100e+00 ; 7.9257000e+01 ; 9.1085419e+01 
3.500e+01 ; 6.400e+00 ; 2.100e+00 ; 7.9513000e+01 ; 9.0984886e+01 
3.500e+01 ; 6.400e+00 ; 2.100e+00 ; 8.0000000e+01 ; 9.0790939e+01 
3.500e+01 ; 6.400e+00 ; 2.100e+00 ; 8.0000000e+01 ; 9.0790939e+01 
3.500e+01 ; 6.400e+00 ; 2.100e+00 ; 8.0001000e+01 ; 9.0790543e+01 
3.500e+01 ; 6.400e+00 ; 2.100e+00 ; 8.0002000e+01 ; 9.0790146e+01 
3.500e+01 ; 6.400e+00 ; 2.100e+00 ; 8.0003000e+01 ; 9.0789742e+01 
3.500e+01 ; 6.400e+00 ; 2.100e+00 ; 8.0005000e+01 ; 9.0788948e+01 
3.500e+01 ; 6.400e+00 ; 2.100e+00 ; 8.0009000e+01 ; 9.0787354e+01 
3.500e+01 ; 6.400e+00 ; 2.100e+00 ; 8.0017000e+01 ; 9.0784164e+01 
3.500e+01 ; 6.400e+00 ; 2.100e+00 ; 8.0033000e+01 ; 9.0777786e+01 
3.500e+01 ; 6.400e+00 ; 2.100e+00 ; 8.0065000e+01 ; 9.0765022e+01 
3.500e+01 ; 6.400e+00 ; 2.100e+00 ; 8.0129000e+01 ; 9.0739449e+01 
3.500e+01 ; 6.400e+00 ; 2.100e+00 ; 8.0257000e+01 ; 9.0688179e+01 
3.500e+01 ; 6.400e+00 ; 2.100e+00 ; 8.0513000e+01 ; 9.0585373e+01 
3.500e+01 ; 6.400e+00 ; 2.100e+00 ; 8.1000000e+01 ; 9.0390259e+01 
3.500e+01 ; 6.400e+00 ; 2.100e+00 ; 8.1000000e+01 ; 9.0390259e+01 
3.500e+01 ; 6.400e+00 ; 2.100e+00 ; 8.1001000e+01 ; 9.0389854e+01 
3.500e+01 ; 6.400e+00 ; 2.100e+00 ; 8.1002000e+01 ; 9.0389458e+01 
3.500e+01 ; 6.400e+00 ; 2.100e+00 ; 8.1003000e+01 ; 9.0389053e+01 
3.500e+01 ; 6.400e+00 ; 2.100e+00 ; 8.1005000e+01 ; 9.0388252e+01 
3.500e+01 ; 6.400e+00 ; 2.100e+00 ; 8.1009000e+01 ; 9.0386650e+01 
3.500e+01 ; 6.400e+00 ; 2.100e+00 ; 8.1017000e+01 ; 9.0383446e+01 
3.500e+01 ; 6.400e+00 ; 2.100e+00 ; 8.1033000e+01 ; 9.0377037e+01 
3.500e+01 ; 6.400e+00 ; 2.100e+00 ; 8.1065000e+01 ; 9.0364220e+01 
3.500e+01 ; 6.400e+00 ; 2.100e+00 ; 8.1129000e+01 ; 9.0338608e+01 
3.500e+01 ; 6.400e+00 ; 2.100e+00 ; 8.1257000e+01 ; 9.0287529e+01 
3.500e+01 ; 6.400e+00 ; 2.100e+00 ; 8.1513000e+01 ; 9.0186523e+01 
3.500e+01 ; 6.400e+00 ; 2.100e+00 ; 8.2000000e+01 ; 9.0001625e+01 
3.500e+01 ; 6.400e+00 ; 2.100e+00 ; 8.2000000e+01 ; 9.0001625e+01 
3.500e+01 ; 6.400e+00 ; 2.100e+00 ; 8.2001000e+01 ; 9.0001244e+01 
3.500e+01 ; 6.400e+00 ; 2.100e+00 ; 8.2002000e+01 ; 9.0000862e+01 
3.500e+01 ; 6.400e+00 ; 2.100e+00 ; 8.2003000e+01 ; 9.0000488e+01 
3.500e+01 ; 6.400e+00 ; 2.100e+00 ; 8.2005000e+01 ; 8.9999725e+01 
3.500e+01 ; 6.400e+00 ; 2.100e+00 ; 8.2009000e+01 ; 8.9998207e+01 
3.500e+01 ; 6.400e+00 ; 2.100e+00 ; 8.2017000e+01 ; 8.9995178e+01 
3.500e+01 ; 6.400e+00 ; 2.100e+00 ; 8.2033000e+01 ; 8.9989120e+01 
3.500e+01 ; 6.400e+00 ; 2.100e+00 ; 8.2065000e+01 ; 8.9977036e+01 
3.500e+01 ; 6.400e+00 ; 2.100e+00 ; 8.2129000e+01 ; 8.9953026e+01 
3.500e+01 ; 6.400e+00 ; 2.100e+00 ; 8.2257000e+01 ; 8.9905785e+01 
3.500e+01 ; 6.400e+00 ; 2.100e+00 ; 8.2513000e+01 ; 8.9815819e+01 
3.500e+01 ; 6.400e+00 ; 2.100e+00 ; 8.3000000e+01 ; 8.9666924e+01 
3.500e+01 ; 6.400e+00 ; 2.100e+00 ; 8.3000000e+01 ; 8.9666924e+01 
3.500e+01 ; 6.400e+00 ; 2.100e+00 ; 8.3001000e+01 ; 8.9666618e+01 
3.500e+01 ; 6.400e+00 ; 2.100e+00 ; 8.3002000e+01 ; 8.9666313e+01 
3.500e+01 ; 6.400e+00 ; 2.100e+00 ; 8.3003000e+01 ; 8.9666000e+01 
3.500e+01 ; 6.400e+00 ; 2.100e+00 ; 8.3005000e+01 ; 8.9665390e+01 
3.500e+01 ; 6.400e+00 ; 2.100e+00 ; 8.3009000e+01 ; 8.9664177e+01 
3.500e+01 ; 6.400e+00 ; 2.100e+00 ; 8.3017000e+01 ; 8.9661743e+01 
3.500e+01 ; 6.400e+00 ; 2.100e+00 ; 8.3033000e+01 ; 8.9656898e+01 
3.500e+01 ; 6.400e+00 ; 2.100e+00 ; 8.3065000e+01 ; 8.9647316e+01 
3.500e+01 ; 6.400e+00 ; 2.100e+00 ; 8.3129000e+01 ; 8.9628578e+01 
3.500e+01 ; 6.400e+00 ; 2.100e+00 ; 8.3257000e+01 ; 8.9593063e+01 
3.500e+01 ; 6.400e+00 ; 2.100e+00 ; 8.3513000e+01 ; 8.9531631e+01 
3.500e+01 ; 6.400e+00 ; 2.100e+00 ; 8.4000000e+01 ; 8.9454773e+01 
3.500e+01 ; 6.400e+00 ; 2.100e+00 ; 8.4000000e+01 ; 8.9454773e+01 
3.500e+01 ; 6.400e+00 ; 2.100e+00 ; 8.4001000e+01 ; 8.9454620e+01 
3.500e+01 ; 6.400e+00 ; 2.100e+00 ; 8.4002000e+01 ; 8.9454460e+01 
3.500e+01 ; 6.400e+00 ; 2.100e+00 ; 8.4003000e+01 ; 8.9454300e+01 
3.500e+01 ; 6.400e+00 ; 2.100e+00 ; 8.4005000e+01 ; 8.9453987e+01 
3.500e+01 ; 6.400e+00 ; 2.100e+00 ; 8.4009000e+01 ; 8.9453362e+01 
3.500e+01 ; 6.400e+00 ; 2.100e+00 ; 8.4017000e+01 ; 8.9452126e+01 
3.500e+01 ; 6.400e+00 ; 2.100e+00 ; 8.4033000e+01 ; 8.9449692e+01 
3.500e+01 ; 6.400e+00 ; 2.100e+00 ; 8.4065000e+01 ; 8.9444992e+01 
3.500e+01 ; 6.400e+00 ; 2.100e+00 ; 8.4129000e+01 ; 8.9436325e+01 
3.500e+01 ; 6.400e+00 ; 2.100e+00 ; 8.4257000e+01 ; 8.9422028e+01 
3.500e+01 ; 6.400e+00 ; 2.100e+00 ; 8.4513000e+01 ; 8.9406296e+01 
3.500e+01 ; 6.400e+00 ; 2.100e+00 ; 8.5000000e+01 ; 8.9420837e+01 
3.500e+01 ; 6.400e+00 ; 2.100e+00 ; 8.5000000e+01 ; 8.9420837e+01 
3.500e+01 ; 6.400e+00 ; 2.100e+00 ; 8.5001000e+01 ; 8.9420868e+01 
3.500e+01 ; 6.400e+00 ; 2.100e+00 ; 8.5002000e+01 ; 8.9420898e+01 
3.500e+01 ; 6.400e+00 ; 2.100e+00 ; 8.5003000e+01 ; 8.9420929e+01 
3.500e+01 ; 6.400e+00 ; 2.100e+00 ; 8.5005000e+01 ; 8.9420990e+01 
3.500e+01 ; 6.400e+00 ; 2.100e+00 ; 8.5009000e+01 ; 8.9421120e+01 
3.500e+01 ; 6.400e+00 ; 2.100e+00 ; 8.5017000e+01 ; 8.9421379e+01 
3.500e+01 ; 6.400e+00 ; 2.100e+00 ; 8.5033000e+01 ; 8.9421959e+01 
3.500e+01 ; 6.400e+00 ; 2.100e+00 ; 8.5065000e+01 ; 8.9423302e+01 
3.500e+01 ; 6.400e+00 ; 2.100e+00 ; 8.5129000e+01 ; 8.9426743e+01 
3.500e+01 ; 6.400e+00 ; 2.100e+00 ; 8.5257000e+01 ; 8.9436569e+01 
3.500e+01 ; 6.400e+00 ; 2.100e+00 ; 8.5513000e+01 ; 8.9466934e+01 
3.500e+01 ; 6.400e+00 ; 2.100e+00 ; 8.6000000e+01 ; 8.9552994e+01 
3.500e+01 ; 6.400e+00 ; 2.100e+00 ; 8.6000000e+01 ; 8.9552994e+01 
3.500e+01 ; 6.400e+00 ; 2.100e+00 ; 8.6001000e+01 ; 8.9553169e+01 
3.500e+01 ; 6.400e+00 ; 2.100e+00 ; 8.6002000e+01 ; 8.9553345e+01 
3.500e+01 ; 6.400e+00 ; 2.100e+00 ; 8.6003000e+01 ; 8.9553528e+01 
3.500e+01 ; 6.400e+00 ; 2.100e+00 ; 8.6005000e+01 ; 8.9553879e+01 
3.500e+01 ; 6.400e+00 ; 2.100e+00 ; 8.6009000e+01 ; 8.9554588e+01 
3.500e+01 ; 6.400e+00 ; 2.100e+00 ; 8.6017000e+01 ; 8.9556023e+01 
3.500e+01 ; 6.400e+00 ; 2.100e+00 ; 8.6033000e+01 ; 8.9558907e+01 
3.500e+01 ; 6.400e+00 ; 2.100e+00 ; 8.6065000e+01 ; 8.9564804e+01 
3.500e+01 ; 6.400e+00 ; 2.100e+00 ; 8.6129000e+01 ; 8.9577026e+01 
3.500e+01 ; 6.400e+00 ; 2.100e+00 ; 8.6257000e+01 ; 8.9602989e+01 
3.500e+01 ; 6.400e+00 ; 2.100e+00 ; 8.6513000e+01 ; 8.9658951e+01 
3.500e+01 ; 6.400e+00 ; 2.100e+00 ; 8.7000000e+01 ; 8.9767525e+01 
3.500e+01 ; 6.400e+00 ; 2.100e+00 ; 8.7000000e+01 ; 8.9767525e+01 
3.500e+01 ; 6.400e+00 ; 2.100e+00 ; 8.7001000e+01 ; 8.9767754e+01 
3.500e+01 ; 6.400e+00 ; 2.100e+00 ; 8.7002000e+01 ; 8.9767975e+01 
3.500e+01 ; 6.400e+00 ; 2.100e+00 ; 8.7003000e+01 ; 8.9768196e+01 
3.500e+01 ; 6.400e+00 ; 2.100e+00 ; 8.7005000e+01 ; 8.9768646e+01 
3.500e+01 ; 6.400e+00 ; 2.100e+00 ; 8.7009000e+01 ; 8.9769539e+01 
3.500e+01 ; 6.400e+00 ; 2.100e+00 ; 8.7017000e+01 ; 8.9771317e+01 
3.500e+01 ; 6.400e+00 ; 2.100e+00 ; 8.7033000e+01 ; 8.9774887e+01 
3.500e+01 ; 6.400e+00 ; 2.100e+00 ; 8.7065000e+01 ; 8.9782036e+01 
3.500e+01 ; 6.400e+00 ; 2.100e+00 ; 8.7129000e+01 ; 8.9796295e+01 
3.500e+01 ; 6.400e+00 ; 2.100e+00 ; 8.7257000e+01 ; 8.9824524e+01 
3.500e+01 ; 6.400e+00 ; 2.100e+00 ; 8.7513000e+01 ; 8.9878120e+01 
3.500e+01 ; 6.400e+00 ; 2.100e+00 ; 8.8000000e+01 ; 8.9961555e+01 
3.500e+01 ; 6.400e+00 ; 2.100e+00 ; 8.8000000e+01 ; 8.9961555e+01 
3.500e+01 ; 6.400e+00 ; 2.100e+00 ; 8.8001000e+01 ; 8.9961731e+01 
3.500e+01 ; 6.400e+00 ; 2.100e+00 ; 8.8002000e+01 ; 8.9961899e+01 
3.500e+01 ; 6.400e+00 ; 2.100e+00 ; 8.8003000e+01 ; 8.9962067e+01 
3.500e+01 ; 6.400e+00 ; 2.100e+00 ; 8.8005000e+01 ; 8.9962410e+01 
3.500e+01 ; 6.400e+00 ; 2.100e+00 ; 8.8009000e+01 ; 8.9963097e+01 
3.500e+01 ; 6.400e+00 ; 2.100e+00 ; 8.8017000e+01 ; 8.9964455e+01 
3.500e+01 ; 6.400e+00 ; 2.100e+00 ; 8.8033000e+01 ; 8.9967155e+01 
3.500e+01 ; 6.400e+00 ; 2.100e+00 ; 8.8065000e+01 ; 8.9972466e+01 
3.500e+01 ; 6.400e+00 ; 2.100e+00 ; 8.8129000e+01 ; 8.9982735e+01 
3.500e+01 ; 6.400e+00 ; 2.100e+00 ; 8.8257000e+01 ; 9.0001740e+01 
3.500e+01 ; 6.400e+00 ; 2.100e+00 ; 8.8513000e+01 ; 9.0032799e+01 
3.500e+01 ; 6.400e+00 ; 2.100e+00 ; 8.9000000e+01 ; 9.0063942e+01 
3.500e+01 ; 6.400e+00 ; 2.100e+00 ; 8.9000000e+01 ; 9.0063942e+01 
3.500e+01 ; 6.400e+00 ; 2.100e+00 ; 8.9001000e+01 ; 9.0064003e+01 
3.500e+01 ; 6.400e+00 ; 2.100e+00 ; 8.9002000e+01 ; 9.0064072e+01 
3.500e+01 ; 6.400e+00 ; 2.100e+00 ; 8.9003000e+01 ; 9.0064133e+01 
3.500e+01 ; 6.400e+00 ; 2.100e+00 ; 8.9005000e+01 ; 9.0064262e+01 
3.500e+01 ; 6.400e+00 ; 2.100e+00 ; 8.9009000e+01 ; 9.0064514e+01 
3.500e+01 ; 6.400e+00 ; 2.100e+00 ; 8.9017000e+01 ; 9.0065010e+01 
3.500e+01 ; 6.400e+00 ; 2.100e+00 ; 8.9033000e+01 ; 9.0065964e+01 
3.500e+01 ; 6.400e+00 ; 2.100e+00 ; 8.9065000e+01 ; 9.0067764e+01 
3.500e+01 ; 6.400e+00 ; 2.100e+00 ; 8.9129000e+01 ; 9.0070869e+01 
3.500e+01 ; 6.400e+00 ; 2.100e+00 ; 8.9257000e+01 ; 9.0075073e+01 
3.500e+01 ; 6.400e+00 ; 2.100e+00 ; 8.9513000e+01 ; 9.0075333e+01 
3.500e+01 ; 6.400e+00 ; 2.100e+00 ; 9.0000000e+01 ; 9.0046906e+01 
3.500e+01 ; 6.400e+00 ; 2.100e+00 ; 9.0000000e+01 ; 9.0046906e+01 
3.500e+01 ; 6.400e+00 ; 2.100e+00 ; 9.0001000e+01 ; 9.0046844e+01 
3.500e+01 ; 6.400e+00 ; 2.100e+00 ; 9.0002000e+01 ; 9.0046783e+01 
3.500e+01 ; 6.400e+00 ; 2.100e+00 ; 9.0003000e+01 ; 9.0046722e+01 
3.500e+01 ; 6.400e+00 ; 2.100e+00 ; 9.0005000e+01 ; 9.0046608e+01 
3.500e+01 ; 6.400e+00 ; 2.100e+00 ; 9.0009000e+01 ; 9.0046371e+01 
3.500e+01 ; 6.400e+00 ; 2.100e+00 ; 9.0017000e+01 ; 9.0045883e+01 
3.500e+01 ; 6.400e+00 ; 2.100e+00 ; 9.0033000e+01 ; 9.0044891e+01 
3.500e+01 ; 6.400e+00 ; 2.100e+00 ; 9.0065000e+01 ; 9.0042770e+01 
3.500e+01 ; 6.400e+00 ; 2.100e+00 ; 9.0129000e+01 ; 9.0038033e+01 
3.500e+01 ; 6.400e+00 ; 2.100e+00 ; 9.0257000e+01 ; 9.0026588e+01 
3.500e+01 ; 6.400e+00 ; 2.100e+00 ; 9.0513000e+01 ; 8.9996094e+01 
3.500e+01 ; 6.400e+00 ; 2.100e+00 ; 9.1000000e+01 ; 8.9912621e+01 
3.500e+01 ; 6.400e+00 ; 2.100e+00 ; 9.1000000e+01 ; 8.9912621e+01 
3.500e+01 ; 6.400e+00 ; 2.100e+00 ; 9.1010000e+01 ; 8.9910896e+01 
3.500e+01 ; 6.400e+00 ; 2.100e+00 ; 9.1020000e+01 ; 8.9909164e+01 
3.500e+01 ; 6.400e+00 ; 2.100e+00 ; 9.1030000e+01 ; 8.9907417e+01 
3.500e+01 ; 6.400e+00 ; 2.100e+00 ; 9.1050000e+01 ; 8.9903877e+01 
3.500e+01 ; 6.400e+00 ; 2.100e+00 ; 9.1090000e+01 ; 8.9896645e+01 
3.500e+01 ; 6.400e+00 ; 2.100e+00 ; 9.1170000e+01 ; 8.9881500e+01 
3.500e+01 ; 6.400e+00 ; 2.100e+00 ; 9.1330000e+01 ; 8.9848640e+01 
3.500e+01 ; 6.400e+00 ; 2.100e+00 ; 9.1650000e+01 ; 8.9773331e+01 
3.500e+01 ; 6.400e+00 ; 2.100e+00 ; 9.2290000e+01 ; 8.9590187e+01 
3.500e+01 ; 6.400e+00 ; 2.100e+00 ; 9.3570000e+01 ; 8.9134476e+01 
3.500e+01 ; 6.400e+00 ; 2.100e+00 ; 9.5490000e+01 ; 8.8347679e+01 
3.500e+01 ; 6.400e+00 ; 2.100e+00 ; 9.6000000e+01 ; 8.8133041e+01