X ; Y ; Z ; time ; Temperature 
3.500e+01 ; 4.000e+00 ; 2.800e+00 ; 0.0000000e+00 ; 2.4800000e+02 
3.500e+01 ; 4.000e+00 ; 2.800e+00 ; 1.0000000e-03 ; 2.4800000e+02 
3.500e+01 ; 4.000e+00 ; 2.800e+00 ; 2.0000001e-03 ; 2.4800000e+02 
3.500e+01 ; 4.000e+00 ; 2.800e+00 ; 3.0000000e-03 ; 2.4800000e+02 
3.500e+01 ; 4.000e+00 ; 2.800e+00 ; 4.9999999e-03 ; 2.4800000e+02 
3.500e+01 ; 4.000e+00 ; 2.800e+00 ; 8.9999996e-03 ; 2.4800000e+02 
3.500e+01 ; 4.000e+00 ; 2.800e+00 ; 1.7000001e-02 ; 2.4800000e+02 
3.500e+01 ; 4.000e+00 ; 2.800e+00 ; 3.3000000e-02 ; 2.4800000e+02 
3.500e+01 ; 4.000e+00 ; 2.800e+00 ; 6.4999998e-02 ; 2.4800000e+02 
3.500e+01 ; 4.000e+00 ; 2.800e+00 ; 1.2899999e-01 ; 2.4800000e+02 
3.500e+01 ; 4.000e+00 ; 2.800e+00 ; 2.5700000e-01 ; 2.4800000e+02 
3.500e+01 ; 4.000e+00 ; 2.800e+00 ; 5.1300001e-01 ; 2.4800000e+02 
3.500e+01 ; 4.000e+00 ; 2.800e+00 ; 1.0000000e+00 ; 2.4800000e+02 
3.500e+01 ; 4.000e+00 ; 2.800e+00 ; 1.0000000e+00 ; 2.4800000e+02 
3.500e+01 ; 4.000e+00 ; 2.800e+00 ; 1.0010000e+00 ; 2.4800000e+02 
3.500e+01 ; 4.000e+00 ; 2.800e+00 ; 1.0020000e+00 ; 2.4800000e+02 
3.500e+01 ; 4.000e+00 ; 2.800e+00 ; 1.0030000e+00 ; 2.4800000e+02 
3.500e+01 ; 4.000e+00 ; 2.800e+00 ; 1.0050000e+00 ; 2.4800000e+02 
3.500e+01 ; 4.000e+00 ; 2.800e+00 ; 1.0090000e+00 ; 2.4800000e+02 
3.500e+01 ; 4.000e+00 ; 2.800e+00 ; 1.0170000e+00 ; 2.4800000e+02 
3.500e+01 ; 4.000e+00 ; 2.800e+00 ; 1.0330000e+00 ; 2.4800000e+02 
3.500e+01 ; 4.000e+00 ; 2.800e+00 ; 1.0650000e+00 ; 2.4800000e+02 
3.500e+01 ; 4.000e+00 ; 2.800e+00 ; 1.1290000e+00 ; 2.4800000e+02 
3.500e+01 ; 4.000e+00 ; 2.800e+00 ; 1.2570000e+00 ; 2.4800000e+02 
3.500e+01 ; 4.000e+00 ; 2.800e+00 ; 1.5130000e+00 ; 2.4800000e+02 
3.500e+01 ; 4.000e+00 ; 2.800e+00 ; 2.0000000e+00 ; 2.4800000e+02 
3.500e+01 ; 4.000e+00 ; 2.800e+00 ; 2.0000000e+00 ; 2.4800000e+02 
3.500e+01 ; 4.000e+00 ; 2.800e+00 ; 2.0010000e+00 ; 2.4800000e+02 
3.500e+01 ; 4.000e+00 ; 2.800e+00 ; 2.0020000e+00 ; 2.4800000e+02 
3.500e+01 ; 4.000e+00 ; 2.800e+00 ; 2.0030000e+00 ; 2.4800000e+02 
3.500e+01 ; 4.000e+00 ; 2.800e+00 ; 2.0050000e+00 ; 2.4800000e+02 
3.500e+01 ; 4.000e+00 ; 2.800e+00 ; 2.0090000e+00 ; 2.4800000e+02 
3.500e+01 ; 4.000e+00 ; 2.800e+00 ; 2.0170000e+00 ; 2.4800000e+02 
3.500e+01 ; 4.000e+00 ; 2.800e+00 ; 2.0330000e+00 ; 2.4800000e+02 
3.500e+01 ; 4.000e+00 ; 2.800e+00 ; 2.0650000e+00 ; 2.4800000e+02 
3.500e+01 ; 4.000e+00 ; 2.800e+00 ; 2.1290000e+00 ; 2.4800000e+02 
3.500e+01 ; 4.000e+00 ; 2.800e+00 ; 2.2570000e+00 ; 2.4800000e+02 
3.500e+01 ; 4.000e+00 ; 2.800e+00 ; 2.5130000e+00 ; 2.4800000e+02 
3.500e+01 ; 4.000e+00 ; 2.800e+00 ; 3.0000000e+00 ; 2.4800000e+02 
3.500e+01 ; 4.000e+00 ; 2.800e+00 ; 3.0000000e+00 ; 2.4800000e+02 
3.500e+01 ; 4.000e+00 ; 2.800e+00 ; 3.0010000e+00 ; 2.4800000e+02 
3.500e+01 ; 4.000e+00 ; 2.800e+00 ; 3.0020000e+00 ; 2.4800000e+02 
3.500e+01 ; 4.000e+00 ; 2.800e+00 ; 3.0030000e+00 ; 2.4800000e+02 
3.500e+01 ; 4.000e+00 ; 2.800e+00 ; 3.0050000e+00 ; 2.4800000e+02 
3.500e+01 ; 4.000e+00 ; 2.800e+00 ; 3.0090000e+00 ; 2.4800000e+02 
3.500e+01 ; 4.000e+00 ; 2.800e+00 ; 3.0170000e+00 ; 2.4800000e+02 
3.500e+01 ; 4.000e+00 ; 2.800e+00 ; 3.0330000e+00 ; 2.4800000e+02 
3.500e+01 ; 4.000e+00 ; 2.800e+00 ; 3.0650000e+00 ; 2.4800000e+02 
3.500e+01 ; 4.000e+00 ; 2.800e+00 ; 3.1290000e+00 ; 2.4800000e+02 
3.500e+01 ; 4.000e+00 ; 2.800e+00 ; 3.2570000e+00 ; 2.4800000e+02 
3.500e+01 ; 4.000e+00 ; 2.800e+00 ; 3.5130000e+00 ; 2.4800000e+02 
3.500e+01 ; 4.000e+00 ; 2.800e+00 ; 4.0000000e+00 ; 2.4800000e+02 
3.500e+01 ; 4.000e+00 ; 2.800e+00 ; 4.0000000e+00 ; 2.4800000e+02 
3.500e+01 ; 4.000e+00 ; 2.800e+00 ; 4.0010000e+00 ; 2.4800000e+02 
3.500e+01 ; 4.000e+00 ; 2.800e+00 ; 4.0020000e+00 ; 2.4800000e+02 
3.500e+01 ; 4.000e+00 ; 2.800e+00 ; 4.0030000e+00 ; 2.4800000e+02 
3.500e+01 ; 4.000e+00 ; 2.800e+00 ; 4.0050000e+00 ; 2.4800000e+02 
3.500e+01 ; 4.000e+00 ; 2.800e+00 ; 4.0090000e+00 ; 2.4800000e+02 
3.500e+01 ; 4.000e+00 ; 2.800e+00 ; 4.0170000e+00 ; 2.4800000e+02 
3.500e+01 ; 4.000e+00 ; 2.800e+00 ; 4.0330000e+00 ; 2.4800000e+02 
3.500e+01 ; 4.000e+00 ; 2.800e+00 ; 4.0650000e+00 ; 2.4800000e+02 
3.500e+01 ; 4.000e+00 ; 2.800e+00 ; 4.1290000e+00 ; 2.4800000e+02 
3.500e+01 ; 4.000e+00 ; 2.800e+00 ; 4.2570000e+00 ; 2.4800000e+02 
3.500e+01 ; 4.000e+00 ; 2.800e+00 ; 4.5130000e+00 ; 2.4800000e+02 
3.500e+01 ; 4.000e+00 ; 2.800e+00 ; 5.0000000e+00 ; 2.4800000e+02 
3.500e+01 ; 4.000e+00 ; 2.800e+00 ; 5.0000000e+00 ; 2.4800000e+02 
3.500e+01 ; 4.000e+00 ; 2.800e+00 ; 5.0010000e+00 ; 2.4800000e+02 
3.500e+01 ; 4.000e+00 ; 2.800e+00 ; 5.0020000e+00 ; 2.4800000e+02 
3.500e+01 ; 4.000e+00 ; 2.800e+00 ; 5.0030000e+00 ; 2.4800000e+02 
3.500e+01 ; 4.000e+00 ; 2.800e+00 ; 5.0050000e+00 ; 2.4800000e+02 
3.500e+01 ; 4.000e+00 ; 2.800e+00 ; 5.0090000e+00 ; 2.4800000e+02 
3.500e+01 ; 4.000e+00 ; 2.800e+00 ; 5.0170000e+00 ; 2.4800000e+02 
3.500e+01 ; 4.000e+00 ; 2.800e+00 ; 5.0330000e+00 ; 2.4800000e+02 
3.500e+01 ; 4.000e+00 ; 2.800e+00 ; 5.0650000e+00 ; 2.4800000e+02 
3.500e+01 ; 4.000e+00 ; 2.800e+00 ; 5.1290000e+00 ; 2.4800000e+02 
3.500e+01 ; 4.000e+00 ; 2.800e+00 ; 5.2570000e+00 ; 2.4800000e+02 
3.500e+01 ; 4.000e+00 ; 2.800e+00 ; 5.5130000e+00 ; 2.4800000e+02 
3.500e+01 ; 4.000e+00 ; 2.800e+00 ; 6.0000000e+00 ; 2.4800000e+02 
3.500e+01 ; 4.000e+00 ; 2.800e+00 ; 6.0000000e+00 ; 2.4800000e+02 
3.500e+01 ; 4.000e+00 ; 2.800e+00 ; 6.0010000e+00 ; 2.4800000e+02 
3.500e+01 ; 4.000e+00 ; 2.800e+00 ; 6.0020000e+00 ; 2.4800000e+02 
3.500e+01 ; 4.000e+00 ; 2.800e+00 ; 6.0030000e+00 ; 2.4800000e+02 
3.500e+01 ; 4.000e+00 ; 2.800e+00 ; 6.0050000e+00 ; 2.4800000e+02 
3.500e+01 ; 4.000e+00 ; 2.800e+00 ; 6.0090000e+00 ; 2.4800000e+02 
3.500e+01 ; 4.000e+00 ; 2.800e+00 ; 6.0170000e+00 ; 2.4800000e+02 
3.500e+01 ; 4.000e+00 ; 2.800e+00 ; 6.0330000e+00 ; 2.4800000e+02 
3.500e+01 ; 4.000e+00 ; 2.800e+00 ; 6.0650000e+00 ; 2.4800000e+02 
3.500e+01 ; 4.000e+00 ; 2.800e+00 ; 6.1290000e+00 ; 2.4800000e+02 
3.500e+01 ; 4.000e+00 ; 2.800e+00 ; 6.2570000e+00 ; 2.4800000e+02 
3.500e+01 ; 4.000e+00 ; 2.800e+00 ; 6.5130000e+00 ; 2.4800000e+02 
3.500e+01 ; 4.000e+00 ; 2.800e+00 ; 7.0000000e+00 ; 2.4800000e+02 
3.500e+01 ; 4.000e+00 ; 2.800e+00 ; 7.0000000e+00 ; 2.4800000e+02 
3.500e+01 ; 4.000e+00 ; 2.800e+00 ; 7.0010000e+00 ; 2.4800000e+02 
3.500e+01 ; 4.000e+00 ; 2.800e+00 ; 7.0020000e+00 ; 2.4800000e+02 
3.500e+01 ; 4.000e+00 ; 2.800e+00 ; 7.0030000e+00 ; 2.4800000e+02 
3.500e+01 ; 4.000e+00 ; 2.800e+00 ; 7.0050000e+00 ; 2.4800000e+02 
3.500e+01 ; 4.000e+00 ; 2.800e+00 ; 7.0090000e+00 ; 2.4800000e+02 
3.500e+01 ; 4.000e+00 ; 2.800e+00 ; 7.0170000e+00 ; 2.4800000e+02 
3.500e+01 ; 4.000e+00 ; 2.800e+00 ; 7.0330000e+00 ; 2.4800000e+02 
3.500e+01 ; 4.000e+00 ; 2.800e+00 ; 7.0650000e+00 ; 2.4800000e+02 
3.500e+01 ; 4.000e+00 ; 2.800e+00 ; 7.1290000e+00 ; 2.4800000e+02 
3.500e+01 ; 4.000e+00 ; 2.800e+00 ; 7.2570000e+00 ; 2.4800000e+02 
3.500e+01 ; 4.000e+00 ; 2.800e+00 ; 7.5130000e+00 ; 2.4800000e+02 
3.500e+01 ; 4.000e+00 ; 2.800e+00 ; 8.0000000e+00 ; 2.4800000e+02 
3.500e+01 ; 4.000e+00 ; 2.800e+00 ; 8.0000000e+00 ; 2.4800000e+02 
3.500e+01 ; 4.000e+00 ; 2.800e+00 ; 8.0010000e+00 ; 2.4800000e+02 
3.500e+01 ; 4.000e+00 ; 2.800e+00 ; 8.0020000e+00 ; 2.4800000e+02 
3.500e+01 ; 4.000e+00 ; 2.800e+00 ; 8.0030000e+00 ; 2.4800000e+02 
3.500e+01 ; 4.000e+00 ; 2.800e+00 ; 8.0050000e+00 ; 2.4800000e+02 
3.500e+01 ; 4.000e+00 ; 2.800e+00 ; 8.0090000e+00 ; 2.4800000e+02 
3.500e+01 ; 4.000e+00 ; 2.800e+00 ; 8.0170000e+00 ; 2.4800000e+02 
3.500e+01 ; 4.000e+00 ; 2.800e+00 ; 8.0330000e+00 ; 2.4800000e+02 
3.500e+01 ; 4.000e+00 ; 2.800e+00 ; 8.0650000e+00 ; 2.4800000e+02 
3.500e+01 ; 4.000e+00 ; 2.800e+00 ; 8.1290000e+00 ; 2.4800000e+02 
3.500e+01 ; 4.000e+00 ; 2.800e+00 ; 8.2570000e+00 ; 2.4800000e+02 
3.500e+01 ; 4.000e+00 ; 2.800e+00 ; 8.5130000e+00 ; 2.4800000e+02 
3.500e+01 ; 4.000e+00 ; 2.800e+00 ; 9.0000000e+00 ; 2.4800000e+02 
3.500e+01 ; 4.000e+00 ; 2.800e+00 ; 9.0000000e+00 ; 2.4800000e+02 
3.500e+01 ; 4.000e+00 ; 2.800e+00 ; 9.0010000e+00 ; 2.4800000e+02 
3.500e+01 ; 4.000e+00 ; 2.800e+00 ; 9.0020000e+00 ; 2.4800000e+02 
3.500e+01 ; 4.000e+00 ; 2.800e+00 ; 9.0030000e+00 ; 2.4800000e+02 
3.500e+01 ; 4.000e+00 ; 2.800e+00 ; 9.0050000e+00 ; 2.4800000e+02 
3.500e+01 ; 4.000e+00 ; 2.800e+00 ; 9.0090000e+00 ; 2.4800000e+02 
3.500e+01 ; 4.000e+00 ; 2.800e+00 ; 9.0170000e+00 ; 2.4800000e+02 
3.500e+01 ; 4.000e+00 ; 2.800e+00 ; 9.0330000e+00 ; 2.4800000e+02 
3.500e+01 ; 4.000e+00 ; 2.800e+00 ; 9.0650000e+00 ; 2.4800000e+02 
3.500e+01 ; 4.000e+00 ; 2.800e+00 ; 9.1290000e+00 ; 2.4800000e+02 
3.500e+01 ; 4.000e+00 ; 2.800e+00 ; 9.2570000e+00 ; 2.4800000e+02 
3.500e+01 ; 4.000e+00 ; 2.800e+00 ; 9.5130000e+00 ; 2.4800000e+02 
3.500e+01 ; 4.000e+00 ; 2.800e+00 ; 1.0000000e+01 ; 2.4800000e+02 
3.500e+01 ; 4.000e+00 ; 2.800e+00 ; 1.0000000e+01 ; 2.4800000e+02 
3.500e+01 ; 4.000e+00 ; 2.800e+00 ; 1.0001000e+01 ; 2.4800000e+02 
3.500e+01 ; 4.000e+00 ; 2.800e+00 ; 1.0002000e+01 ; 2.4800000e+02 
3.500e+01 ; 4.000e+00 ; 2.800e+00 ; 1.0003000e+01 ; 2.4800000e+02 
3.500e+01 ; 4.000e+00 ; 2.800e+00 ; 1.0005000e+01 ; 2.4800000e+02 
3.500e+01 ; 4.000e+00 ; 2.800e+00 ; 1.0009000e+01 ; 2.4800000e+02 
3.500e+01 ; 4.000e+00 ; 2.800e+00 ; 1.0017000e+01 ; 2.4800000e+02 
3.500e+01 ; 4.000e+00 ; 2.800e+00 ; 1.0033000e+01 ; 2.4800000e+02 
3.500e+01 ; 4.000e+00 ; 2.800e+00 ; 1.0065000e+01 ; 2.4800000e+02 
3.500e+01 ; 4.000e+00 ; 2.800e+00 ; 1.0129000e+01 ; 2.4800000e+02 
3.500e+01 ; 4.000e+00 ; 2.800e+00 ; 1.0257000e+01 ; 2.4800000e+02 
3.500e+01 ; 4.000e+00 ; 2.800e+00 ; 1.0513000e+01 ; 2.4800000e+02 
3.500e+01 ; 4.000e+00 ; 2.800e+00 ; 1.1000000e+01 ; 2.4800000e+02 
3.500e+01 ; 4.000e+00 ; 2.800e+00 ; 1.1000000e+01 ; 2.4800000e+02 
3.500e+01 ; 4.000e+00 ; 2.800e+00 ; 1.1001000e+01 ; 2.4800000e+02 
3.500e+01 ; 4.000e+00 ; 2.800e+00 ; 1.1002000e+01 ; 2.4800000e+02 
3.500e+01 ; 4.000e+00 ; 2.800e+00 ; 1.1003000e+01 ; 2.4800000e+02 
3.500e+01 ; 4.000e+00 ; 2.800e+00 ; 1.1005000e+01 ; 2.4800000e+02 
3.500e+01 ; 4.000e+00 ; 2.800e+00 ; 1.1009000e+01 ; 2.4800000e+02 
3.500e+01 ; 4.000e+00 ; 2.800e+00 ; 1.1017000e+01 ; 2.4800000e+02 
3.500e+01 ; 4.000e+00 ; 2.800e+00 ; 1.1033000e+01 ; 2.4800000e+02 
3.500e+01 ; 4.000e+00 ; 2.800e+00 ; 1.1065000e+01 ; 2.4800000e+02 
3.500e+01 ; 4.000e+00 ; 2.800e+00 ; 1.1129000e+01 ; 2.4800000e+02 
3.500e+01 ; 4.000e+00 ; 2.800e+00 ; 1.1257000e+01 ; 2.4800000e+02 
3.500e+01 ; 4.000e+00 ; 2.800e+00 ; 1.1513000e+01 ; 2.4800000e+02 
3.500e+01 ; 4.000e+00 ; 2.800e+00 ; 1.2000000e+01 ; 2.4800000e+02 
3.500e+01 ; 4.000e+00 ; 2.800e+00 ; 1.2000000e+01 ; 2.4800000e+02 
3.500e+01 ; 4.000e+00 ; 2.800e+00 ; 1.2001000e+01 ; 2.4800000e+02 
3.500e+01 ; 4.000e+00 ; 2.800e+00 ; 1.2002000e+01 ; 2.4800000e+02 
3.500e+01 ; 4.000e+00 ; 2.800e+00 ; 1.2003000e+01 ; 2.4800000e+02 
3.500e+01 ; 4.000e+00 ; 2.800e+00 ; 1.2005000e+01 ; 2.4800000e+02 
3.500e+01 ; 4.000e+00 ; 2.800e+00 ; 1.2009000e+01 ; 2.4800000e+02 
3.500e+01 ; 4.000e+00 ; 2.800e+00 ; 1.2017000e+01 ; 2.4800000e+02 
3.500e+01 ; 4.000e+00 ; 2.800e+00 ; 1.2033000e+01 ; 2.4800000e+02 
3.500e+01 ; 4.000e+00 ; 2.800e+00 ; 1.2065000e+01 ; 2.4800000e+02 
3.500e+01 ; 4.000e+00 ; 2.800e+00 ; 1.2129000e+01 ; 2.4800000e+02 
3.500e+01 ; 4.000e+00 ; 2.800e+00 ; 1.2257000e+01 ; 2.4800000e+02 
3.500e+01 ; 4.000e+00 ; 2.800e+00 ; 1.2513000e+01 ; 2.4800000e+02 
3.500e+01 ; 4.000e+00 ; 2.800e+00 ; 1.3000000e+01 ; 2.4800000e+02 
3.500e+01 ; 4.000e+00 ; 2.800e+00 ; 1.3000000e+01 ; 2.4800000e+02 
3.500e+01 ; 4.000e+00 ; 2.800e+00 ; 1.3001000e+01 ; 2.4800000e+02 
3.500e+01 ; 4.000e+00 ; 2.800e+00 ; 1.3002000e+01 ; 2.4800000e+02 
3.500e+01 ; 4.000e+00 ; 2.800e+00 ; 1.3003000e+01 ; 2.4800000e+02 
3.500e+01 ; 4.000e+00 ; 2.800e+00 ; 1.3005000e+01 ; 2.4800000e+02 
3.500e+01 ; 4.000e+00 ; 2.800e+00 ; 1.3009000e+01 ; 2.4800000e+02 
3.500e+01 ; 4.000e+00 ; 2.800e+00 ; 1.3017000e+01 ; 2.4800000e+02 
3.500e+01 ; 4.000e+00 ; 2.800e+00 ; 1.3033000e+01 ; 2.4800000e+02 
3.500e+01 ; 4.000e+00 ; 2.800e+00 ; 1.3065000e+01 ; 2.4800000e+02 
3.500e+01 ; 4.000e+00 ; 2.800e+00 ; 1.3129000e+01 ; 2.4800000e+02 
3.500e+01 ; 4.000e+00 ; 2.800e+00 ; 1.3257000e+01 ; 2.4800000e+02 
3.500e+01 ; 4.000e+00 ; 2.800e+00 ; 1.3513000e+01 ; 2.4800000e+02 
3.500e+01 ; 4.000e+00 ; 2.800e+00 ; 1.4000000e+01 ; 2.4800000e+02 
3.500e+01 ; 4.000e+00 ; 2.800e+00 ; 1.4000000e+01 ; 2.4800000e+02 
3.500e+01 ; 4.000e+00 ; 2.800e+00 ; 1.4001000e+01 ; 2.4800000e+02 
3.500e+01 ; 4.000e+00 ; 2.800e+00 ; 1.4002000e+01 ; 2.4800000e+02 
3.500e+01 ; 4.000e+00 ; 2.800e+00 ; 1.4003000e+01 ; 2.4800000e+02 
3.500e+01 ; 4.000e+00 ; 2.800e+00 ; 1.4005000e+01 ; 2.4800000e+02 
3.500e+01 ; 4.000e+00 ; 2.800e+00 ; 1.4009000e+01 ; 2.4800000e+02 
3.500e+01 ; 4.000e+00 ; 2.800e+00 ; 1.4017000e+01 ; 2.4800000e+02 
3.500e+01 ; 4.000e+00 ; 2.800e+00 ; 1.4033000e+01 ; 2.4800000e+02 
3.500e+01 ; 4.000e+00 ; 2.800e+00 ; 1.4065000e+01 ; 2.4800000e+02 
3.500e+01 ; 4.000e+00 ; 2.800e+00 ; 1.4129000e+01 ; 2.4800000e+02 
3.500e+01 ; 4.000e+00 ; 2.800e+00 ; 1.4257000e+01 ; 2.4800000e+02 
3.500e+01 ; 4.000e+00 ; 2.800e+00 ; 1.4513000e+01 ; 2.4800000e+02 
3.500e+01 ; 4.000e+00 ; 2.800e+00 ; 1.5000000e+01 ; 2.4800000e+02 
3.500e+01 ; 4.000e+00 ; 2.800e+00 ; 1.5000000e+01 ; 2.4800000e+02 
3.500e+01 ; 4.000e+00 ; 2.800e+00 ; 1.5001000e+01 ; 2.4800000e+02 
3.500e+01 ; 4.000e+00 ; 2.800e+00 ; 1.5002000e+01 ; 2.4800000e+02 
3.500e+01 ; 4.000e+00 ; 2.800e+00 ; 1.5003000e+01 ; 2.4800000e+02 
3.500e+01 ; 4.000e+00 ; 2.800e+00 ; 1.5005000e+01 ; 2.4800000e+02 
3.500e+01 ; 4.000e+00 ; 2.800e+00 ; 1.5009000e+01 ; 2.4800000e+02 
3.500e+01 ; 4.000e+00 ; 2.800e+00 ; 1.5017000e+01 ; 2.4800000e+02 
3.500e+01 ; 4.000e+00 ; 2.800e+00 ; 1.5033000e+01 ; 2.4800000e+02 
3.500e+01 ; 4.000e+00 ; 2.800e+00 ; 1.5065000e+01 ; 2.4800000e+02 
3.500e+01 ; 4.000e+00 ; 2.800e+00 ; 1.5129000e+01 ; 2.4800000e+02 
3.500e+01 ; 4.000e+00 ; 2.800e+00 ; 1.5257000e+01 ; 2.4800000e+02 
3.500e+01 ; 4.000e+00 ; 2.800e+00 ; 1.5513000e+01 ; 2.4800000e+02 
3.500e+01 ; 4.000e+00 ; 2.800e+00 ; 1.6000000e+01 ; 2.4800000e+02 
3.500e+01 ; 4.000e+00 ; 2.800e+00 ; 1.6000000e+01 ; 2.4800000e+02 
3.500e+01 ; 4.000e+00 ; 2.800e+00 ; 1.6001000e+01 ; 2.4800000e+02 
3.500e+01 ; 4.000e+00 ; 2.800e+00 ; 1.6002000e+01 ; 2.4800000e+02 
3.500e+01 ; 4.000e+00 ; 2.800e+00 ; 1.6003000e+01 ; 2.4800000e+02 
3.500e+01 ; 4.000e+00 ; 2.800e+00 ; 1.6005000e+01 ; 2.4800000e+02 
3.500e+01 ; 4.000e+00 ; 2.800e+00 ; 1.6009000e+01 ; 2.4800000e+02 
3.500e+01 ; 4.000e+00 ; 2.800e+00 ; 1.6017000e+01 ; 2.4800000e+02 
3.500e+01 ; 4.000e+00 ; 2.800e+00 ; 1.6033000e+01 ; 2.4800000e+02 
3.500e+01 ; 4.000e+00 ; 2.800e+00 ; 1.6065000e+01 ; 2.4800000e+02 
3.500e+01 ; 4.000e+00 ; 2.800e+00 ; 1.6129000e+01 ; 2.4800000e+02 
3.500e+01 ; 4.000e+00 ; 2.800e+00 ; 1.6257000e+01 ; 2.4800000e+02 
3.500e+01 ; 4.000e+00 ; 2.800e+00 ; 1.6513000e+01 ; 2.4800000e+02 
3.500e+01 ; 4.000e+00 ; 2.800e+00 ; 1.7000000e+01 ; 2.4800000e+02 
3.500e+01 ; 4.000e+00 ; 2.800e+00 ; 1.7000000e+01 ; 2.4800000e+02 
3.500e+01 ; 4.000e+00 ; 2.800e+00 ; 1.7001000e+01 ; 2.4800000e+02 
3.500e+01 ; 4.000e+00 ; 2.800e+00 ; 1.7002000e+01 ; 2.4800000e+02 
3.500e+01 ; 4.000e+00 ; 2.800e+00 ; 1.7003000e+01 ; 2.4800000e+02 
3.500e+01 ; 4.000e+00 ; 2.800e+00 ; 1.7005000e+01 ; 2.4800000e+02 
3.500e+01 ; 4.000e+00 ; 2.800e+00 ; 1.7009000e+01 ; 2.4800000e+02 
3.500e+01 ; 4.000e+00 ; 2.800e+00 ; 1.7017000e+01 ; 2.4800000e+02 
3.500e+01 ; 4.000e+00 ; 2.800e+00 ; 1.7033000e+01 ; 2.4800000e+02 
3.500e+01 ; 4.000e+00 ; 2.800e+00 ; 1.7065000e+01 ; 2.4800000e+02 
3.500e+01 ; 4.000e+00 ; 2.800e+00 ; 1.7129000e+01 ; 2.4800000e+02 
3.500e+01 ; 4.000e+00 ; 2.800e+00 ; 1.7257000e+01 ; 2.4800000e+02 
3.500e+01 ; 4.000e+00 ; 2.800e+00 ; 1.7513000e+01 ; 2.4800000e+02 
3.500e+01 ; 4.000e+00 ; 2.800e+00 ; 1.8000000e+01 ; 2.4800000e+02 
3.500e+01 ; 4.000e+00 ; 2.800e+00 ; 1.8000000e+01 ; 2.4800000e+02 
3.500e+01 ; 4.000e+00 ; 2.800e+00 ; 1.8001000e+01 ; 2.4800000e+02 
3.500e+01 ; 4.000e+00 ; 2.800e+00 ; 1.8002000e+01 ; 2.4800000e+02 
3.500e+01 ; 4.000e+00 ; 2.800e+00 ; 1.8003000e+01 ; 2.4800000e+02 
3.500e+01 ; 4.000e+00 ; 2.800e+00 ; 1.8005000e+01 ; 2.4800000e+02 
3.500e+01 ; 4.000e+00 ; 2.800e+00 ; 1.8009000e+01 ; 2.4800000e+02 
3.500e+01 ; 4.000e+00 ; 2.800e+00 ; 1.8017000e+01 ; 2.4800000e+02 
3.500e+01 ; 4.000e+00 ; 2.800e+00 ; 1.8033000e+01 ; 2.4800000e+02 
3.500e+01 ; 4.000e+00 ; 2.800e+00 ; 1.8065000e+01 ; 2.4800000e+02 
3.500e+01 ; 4.000e+00 ; 2.800e+00 ; 1.8129000e+01 ; 2.4800000e+02 
3.500e+01 ; 4.000e+00 ; 2.800e+00 ; 1.8257000e+01 ; 2.4800000e+02 
3.500e+01 ; 4.000e+00 ; 2.800e+00 ; 1.8513000e+01 ; 2.4800000e+02 
3.500e+01 ; 4.000e+00 ; 2.800e+00 ; 1.9000000e+01 ; 2.4800000e+02 
3.500e+01 ; 4.000e+00 ; 2.800e+00 ; 1.9000000e+01 ; 2.4800000e+02 
3.500e+01 ; 4.000e+00 ; 2.800e+00 ; 1.9001000e+01 ; 2.4800000e+02 
3.500e+01 ; 4.000e+00 ; 2.800e+00 ; 1.9002000e+01 ; 2.4800000e+02 
3.500e+01 ; 4.000e+00 ; 2.800e+00 ; 1.9003000e+01 ; 2.4800000e+02 
3.500e+01 ; 4.000e+00 ; 2.800e+00 ; 1.9005000e+01 ; 2.4800000e+02 
3.500e+01 ; 4.000e+00 ; 2.800e+00 ; 1.9009000e+01 ; 2.4800000e+02 
3.500e+01 ; 4.000e+00 ; 2.800e+00 ; 1.9017000e+01 ; 2.4800000e+02 
3.500e+01 ; 4.000e+00 ; 2.800e+00 ; 1.9033000e+01 ; 2.4800000e+02 
3.500e+01 ; 4.000e+00 ; 2.800e+00 ; 1.9065000e+01 ; 2.4800000e+02 
3.500e+01 ; 4.000e+00 ; 2.800e+00 ; 1.9129000e+01 ; 2.4800000e+02 
3.500e+01 ; 4.000e+00 ; 2.800e+00 ; 1.9257000e+01 ; 2.4800000e+02 
3.500e+01 ; 4.000e+00 ; 2.800e+00 ; 1.9513000e+01 ; 2.4800000e+02 
3.500e+01 ; 4.000e+00 ; 2.800e+00 ; 2.0000000e+01 ; 2.4800000e+02 
3.500e+01 ; 4.000e+00 ; 2.800e+00 ; 2.0000000e+01 ; 2.4800000e+02 
3.500e+01 ; 4.000e+00 ; 2.800e+00 ; 2.0001000e+01 ; 2.4800000e+02 
3.500e+01 ; 4.000e+00 ; 2.800e+00 ; 2.0002000e+01 ; 2.4800000e+02 
3.500e+01 ; 4.000e+00 ; 2.800e+00 ; 2.0003000e+01 ; 2.4800000e+02 
3.500e+01 ; 4.000e+00 ; 2.800e+00 ; 2.0005000e+01 ; 2.4800000e+02 
3.500e+01 ; 4.000e+00 ; 2.800e+00 ; 2.0009000e+01 ; 2.4800000e+02 
3.500e+01 ; 4.000e+00 ; 2.800e+00 ; 2.0017000e+01 ; 2.4800000e+02 
3.500e+01 ; 4.000e+00 ; 2.800e+00 ; 2.0033000e+01 ; 2.4800000e+02 
3.500e+01 ; 4.000e+00 ; 2.800e+00 ; 2.0065000e+01 ; 2.4800000e+02 
3.500e+01 ; 4.000e+00 ; 2.800e+00 ; 2.0129000e+01 ; 2.4800000e+02 
3.500e+01 ; 4.000e+00 ; 2.800e+00 ; 2.0257000e+01 ; 2.4800000e+02 
3.500e+01 ; 4.000e+00 ; 2.800e+00 ; 2.0513000e+01 ; 2.4800000e+02 
3.500e+01 ; 4.000e+00 ; 2.800e+00 ; 2.1000000e+01 ; 2.4800000e+02 
3.500e+01 ; 4.000e+00 ; 2.800e+00 ; 2.1000000e+01 ; 2.4800000e+02 
3.500e+01 ; 4.000e+00 ; 2.800e+00 ; 2.1001000e+01 ; 2.4800000e+02 
3.500e+01 ; 4.000e+00 ; 2.800e+00 ; 2.1002000e+01 ; 2.4800000e+02 
3.500e+01 ; 4.000e+00 ; 2.800e+00 ; 2.1003000e+01 ; 2.4800000e+02 
3.500e+01 ; 4.000e+00 ; 2.800e+00 ; 2.1005000e+01 ; 2.4800000e+02 
3.500e+01 ; 4.000e+00 ; 2.800e+00 ; 2.1009000e+01 ; 2.4800000e+02 
3.500e+01 ; 4.000e+00 ; 2.800e+00 ; 2.1017000e+01 ; 2.4800000e+02 
3.500e+01 ; 4.000e+00 ; 2.800e+00 ; 2.1033000e+01 ; 2.4800000e+02 
3.500e+01 ; 4.000e+00 ; 2.800e+00 ; 2.1065000e+01 ; 2.4800000e+02 
3.500e+01 ; 4.000e+00 ; 2.800e+00 ; 2.1129000e+01 ; 2.4800000e+02 
3.500e+01 ; 4.000e+00 ; 2.800e+00 ; 2.1257000e+01 ; 2.4800000e+02 
3.500e+01 ; 4.000e+00 ; 2.800e+00 ; 2.1513000e+01 ; 2.4800000e+02 
3.500e+01 ; 4.000e+00 ; 2.800e+00 ; 2.2000000e+01 ; 2.4800000e+02 
3.500e+01 ; 4.000e+00 ; 2.800e+00 ; 2.2000000e+01 ; 2.4800000e+02 
3.500e+01 ; 4.000e+00 ; 2.800e+00 ; 2.2001000e+01 ; 2.4800000e+02 
3.500e+01 ; 4.000e+00 ; 2.800e+00 ; 2.2002000e+01 ; 2.4800000e+02 
3.500e+01 ; 4.000e+00 ; 2.800e+00 ; 2.2003000e+01 ; 2.4800000e+02 
3.500e+01 ; 4.000e+00 ; 2.800e+00 ; 2.2005000e+01 ; 2.4800000e+02 
3.500e+01 ; 4.000e+00 ; 2.800e+00 ; 2.2009000e+01 ; 2.4800000e+02 
3.500e+01 ; 4.000e+00 ; 2.800e+00 ; 2.2017000e+01 ; 2.4800000e+02 
3.500e+01 ; 4.000e+00 ; 2.800e+00 ; 2.2033000e+01 ; 2.4800000e+02 
3.500e+01 ; 4.000e+00 ; 2.800e+00 ; 2.2065000e+01 ; 2.4800000e+02 
3.500e+01 ; 4.000e+00 ; 2.800e+00 ; 2.2129000e+01 ; 2.4800000e+02 
3.500e+01 ; 4.000e+00 ; 2.800e+00 ; 2.2257000e+01 ; 2.4800000e+02 
3.500e+01 ; 4.000e+00 ; 2.800e+00 ; 2.2513000e+01 ; 2.4800000e+02 
3.500e+01 ; 4.000e+00 ; 2.800e+00 ; 2.3000000e+01 ; 2.4800000e+02 
3.500e+01 ; 4.000e+00 ; 2.800e+00 ; 2.3000000e+01 ; 2.4800000e+02 
3.500e+01 ; 4.000e+00 ; 2.800e+00 ; 2.3001000e+01 ; 2.4800000e+02 
3.500e+01 ; 4.000e+00 ; 2.800e+00 ; 2.3002000e+01 ; 2.4800000e+02 
3.500e+01 ; 4.000e+00 ; 2.800e+00 ; 2.3003000e+01 ; 2.4800000e+02 
3.500e+01 ; 4.000e+00 ; 2.800e+00 ; 2.3005000e+01 ; 2.4800000e+02 
3.500e+01 ; 4.000e+00 ; 2.800e+00 ; 2.3009000e+01 ; 2.4800000e+02 
3.500e+01 ; 4.000e+00 ; 2.800e+00 ; 2.3017000e+01 ; 2.4800000e+02 
3.500e+01 ; 4.000e+00 ; 2.800e+00 ; 2.3033000e+01 ; 2.4800000e+02 
3.500e+01 ; 4.000e+00 ; 2.800e+00 ; 2.3065000e+01 ; 2.4800000e+02 
3.500e+01 ; 4.000e+00 ; 2.800e+00 ; 2.3129000e+01 ; 2.4800000e+02 
3.500e+01 ; 4.000e+00 ; 2.800e+00 ; 2.3257000e+01 ; 2.4800000e+02 
3.500e+01 ; 4.000e+00 ; 2.800e+00 ; 2.3513000e+01 ; 2.4800000e+02 
3.500e+01 ; 4.000e+00 ; 2.800e+00 ; 2.4000000e+01 ; 2.4800000e+02 
3.500e+01 ; 4.000e+00 ; 2.800e+00 ; 2.4000000e+01 ; 2.4800000e+02 
3.500e+01 ; 4.000e+00 ; 2.800e+00 ; 2.4001000e+01 ; 2.4800000e+02 
3.500e+01 ; 4.000e+00 ; 2.800e+00 ; 2.4002000e+01 ; 2.4800000e+02 
3.500e+01 ; 4.000e+00 ; 2.800e+00 ; 2.4003000e+01 ; 2.4800000e+02 
3.500e+01 ; 4.000e+00 ; 2.800e+00 ; 2.4005000e+01 ; 2.4800000e+02 
3.500e+01 ; 4.000e+00 ; 2.800e+00 ; 2.4009000e+01 ; 2.4800000e+02 
3.500e+01 ; 4.000e+00 ; 2.800e+00 ; 2.4017000e+01 ; 2.4800000e+02 
3.500e+01 ; 4.000e+00 ; 2.800e+00 ; 2.4033000e+01 ; 2.4800000e+02 
3.500e+01 ; 4.000e+00 ; 2.800e+00 ; 2.4065000e+01 ; 2.4800000e+02 
3.500e+01 ; 4.000e+00 ; 2.800e+00 ; 2.4129000e+01 ; 2.4800000e+02 
3.500e+01 ; 4.000e+00 ; 2.800e+00 ; 2.4257000e+01 ; 2.4800000e+02 
3.500e+01 ; 4.000e+00 ; 2.800e+00 ; 2.4513000e+01 ; 2.4800000e+02 
3.500e+01 ; 4.000e+00 ; 2.800e+00 ; 2.5000000e+01 ; 2.4800000e+02 
3.500e+01 ; 4.000e+00 ; 2.800e+00 ; 2.5000000e+01 ; 2.4800000e+02 
3.500e+01 ; 4.000e+00 ; 2.800e+00 ; 2.5001000e+01 ; 2.4800000e+02 
3.500e+01 ; 4.000e+00 ; 2.800e+00 ; 2.5002000e+01 ; 2.4800000e+02 
3.500e+01 ; 4.000e+00 ; 2.800e+00 ; 2.5003000e+01 ; 2.4800000e+02 
3.500e+01 ; 4.000e+00 ; 2.800e+00 ; 2.5005000e+01 ; 2.4800000e+02 
3.500e+01 ; 4.000e+00 ; 2.800e+00 ; 2.5009000e+01 ; 2.4800000e+02 
3.500e+01 ; 4.000e+00 ; 2.800e+00 ; 2.5017000e+01 ; 2.4800000e+02 
3.500e+01 ; 4.000e+00 ; 2.800e+00 ; 2.5033000e+01 ; 2.4800000e+02 
3.500e+01 ; 4.000e+00 ; 2.800e+00 ; 2.5065000e+01 ; 2.4800000e+02 
3.500e+01 ; 4.000e+00 ; 2.800e+00 ; 2.5129000e+01 ; 2.4800000e+02 
3.500e+01 ; 4.000e+00 ; 2.800e+00 ; 2.5257000e+01 ; 2.4800000e+02 
3.500e+01 ; 4.000e+00 ; 2.800e+00 ; 2.5513000e+01 ; 2.4800000e+02 
3.500e+01 ; 4.000e+00 ; 2.800e+00 ; 2.6000000e+01 ; 2.4800000e+02 
3.500e+01 ; 4.000e+00 ; 2.800e+00 ; 2.6000000e+01 ; 2.4800000e+02 
3.500e+01 ; 4.000e+00 ; 2.800e+00 ; 2.6001000e+01 ; 2.4800000e+02 
3.500e+01 ; 4.000e+00 ; 2.800e+00 ; 2.6002000e+01 ; 2.4800000e+02 
3.500e+01 ; 4.000e+00 ; 2.800e+00 ; 2.6003000e+01 ; 2.4800000e+02 
3.500e+01 ; 4.000e+00 ; 2.800e+00 ; 2.6005000e+01 ; 2.4800000e+02 
3.500e+01 ; 4.000e+00 ; 2.800e+00 ; 2.6009000e+01 ; 2.4800000e+02 
3.500e+01 ; 4.000e+00 ; 2.800e+00 ; 2.6017000e+01 ; 2.4800000e+02 
3.500e+01 ; 4.000e+00 ; 2.800e+00 ; 2.6033000e+01 ; 2.4800000e+02 
3.500e+01 ; 4.000e+00 ; 2.800e+00 ; 2.6065000e+01 ; 2.4800000e+02 
3.500e+01 ; 4.000e+00 ; 2.800e+00 ; 2.6129000e+01 ; 2.4800000e+02 
3.500e+01 ; 4.000e+00 ; 2.800e+00 ; 2.6257000e+01 ; 2.4800000e+02 
3.500e+01 ; 4.000e+00 ; 2.800e+00 ; 2.6513000e+01 ; 2.4800000e+02 
3.500e+01 ; 4.000e+00 ; 2.800e+00 ; 2.7000000e+01 ; 2.4800000e+02 
3.500e+01 ; 4.000e+00 ; 2.800e+00 ; 2.7000000e+01 ; 2.4800000e+02 
3.500e+01 ; 4.000e+00 ; 2.800e+00 ; 2.7001000e+01 ; 2.4800000e+02 
3.500e+01 ; 4.000e+00 ; 2.800e+00 ; 2.7002000e+01 ; 2.4800000e+02 
3.500e+01 ; 4.000e+00 ; 2.800e+00 ; 2.7003000e+01 ; 2.4800000e+02 
3.500e+01 ; 4.000e+00 ; 2.800e+00 ; 2.7005000e+01 ; 2.4800000e+02 
3.500e+01 ; 4.000e+00 ; 2.800e+00 ; 2.7009000e+01 ; 2.4800000e+02 
3.500e+01 ; 4.000e+00 ; 2.800e+00 ; 2.7017000e+01 ; 2.4800000e+02 
3.500e+01 ; 4.000e+00 ; 2.800e+00 ; 2.7033000e+01 ; 2.4800000e+02 
3.500e+01 ; 4.000e+00 ; 2.800e+00 ; 2.7065000e+01 ; 2.4800000e+02 
3.500e+01 ; 4.000e+00 ; 2.800e+00 ; 2.7129000e+01 ; 2.4800000e+02 
3.500e+01 ; 4.000e+00 ; 2.800e+00 ; 2.7257000e+01 ; 2.4800000e+02 
3.500e+01 ; 4.000e+00 ; 2.800e+00 ; 2.7513000e+01 ; 2.4800000e+02 
3.500e+01 ; 4.000e+00 ; 2.800e+00 ; 2.8000000e+01 ; 2.4800000e+02 
3.500e+01 ; 4.000e+00 ; 2.800e+00 ; 2.8000000e+01 ; 2.4800000e+02 
3.500e+01 ; 4.000e+00 ; 2.800e+00 ; 2.8001000e+01 ; 2.4800000e+02 
3.500e+01 ; 4.000e+00 ; 2.800e+00 ; 2.8002000e+01 ; 2.4800000e+02 
3.500e+01 ; 4.000e+00 ; 2.800e+00 ; 2.8003000e+01 ; 2.4800000e+02 
3.500e+01 ; 4.000e+00 ; 2.800e+00 ; 2.8005000e+01 ; 2.4800000e+02 
3.500e+01 ; 4.000e+00 ; 2.800e+00 ; 2.8009000e+01 ; 2.4800000e+02 
3.500e+01 ; 4.000e+00 ; 2.800e+00 ; 2.8017000e+01 ; 2.4800000e+02 
3.500e+01 ; 4.000e+00 ; 2.800e+00 ; 2.8033000e+01 ; 2.4800000e+02 
3.500e+01 ; 4.000e+00 ; 2.800e+00 ; 2.8065000e+01 ; 2.4800000e+02 
3.500e+01 ; 4.000e+00 ; 2.800e+00 ; 2.8129000e+01 ; 2.4800000e+02 
3.500e+01 ; 4.000e+00 ; 2.800e+00 ; 2.8257000e+01 ; 2.4800000e+02 
3.500e+01 ; 4.000e+00 ; 2.800e+00 ; 2.8513000e+01 ; 2.4800000e+02 
3.500e+01 ; 4.000e+00 ; 2.800e+00 ; 2.9000000e+01 ; 2.4800000e+02 
3.500e+01 ; 4.000e+00 ; 2.800e+00 ; 2.9000000e+01 ; 2.4800000e+02 
3.500e+01 ; 4.000e+00 ; 2.800e+00 ; 2.9001000e+01 ; 2.4800000e+02 
3.500e+01 ; 4.000e+00 ; 2.800e+00 ; 2.9002000e+01 ; 2.4800000e+02 
3.500e+01 ; 4.000e+00 ; 2.800e+00 ; 2.9003000e+01 ; 2.4800000e+02 
3.500e+01 ; 4.000e+00 ; 2.800e+00 ; 2.9005000e+01 ; 2.4800000e+02 
3.500e+01 ; 4.000e+00 ; 2.800e+00 ; 2.9009000e+01 ; 2.4800000e+02 
3.500e+01 ; 4.000e+00 ; 2.800e+00 ; 2.9017000e+01 ; 2.4800000e+02 
3.500e+01 ; 4.000e+00 ; 2.800e+00 ; 2.9033000e+01 ; 2.4800000e+02 
3.500e+01 ; 4.000e+00 ; 2.800e+00 ; 2.9065000e+01 ; 2.4800000e+02 
3.500e+01 ; 4.000e+00 ; 2.800e+00 ; 2.9129000e+01 ; 2.4800000e+02 
3.500e+01 ; 4.000e+00 ; 2.800e+00 ; 2.9257000e+01 ; 2.4800000e+02 
3.500e+01 ; 4.000e+00 ; 2.800e+00 ; 2.9513000e+01 ; 2.4800000e+02 
3.500e+01 ; 4.000e+00 ; 2.800e+00 ; 3.0000000e+01 ; 2.4800000e+02 
3.500e+01 ; 4.000e+00 ; 2.800e+00 ; 3.0000000e+01 ; 2.4800000e+02 
3.500e+01 ; 4.000e+00 ; 2.800e+00 ; 3.0001000e+01 ; 2.4800000e+02 
3.500e+01 ; 4.000e+00 ; 2.800e+00 ; 3.0002000e+01 ; 2.4800000e+02 
3.500e+01 ; 4.000e+00 ; 2.800e+00 ; 3.0003000e+01 ; 2.4800000e+02 
3.500e+01 ; 4.000e+00 ; 2.800e+00 ; 3.0005000e+01 ; 2.4800000e+02 
3.500e+01 ; 4.000e+00 ; 2.800e+00 ; 3.0009000e+01 ; 2.4800000e+02 
3.500e+01 ; 4.000e+00 ; 2.800e+00 ; 3.0017000e+01 ; 2.4800000e+02 
3.500e+01 ; 4.000e+00 ; 2.800e+00 ; 3.0033000e+01 ; 2.4800000e+02 
3.500e+01 ; 4.000e+00 ; 2.800e+00 ; 3.0065000e+01 ; 2.4800000e+02 
3.500e+01 ; 4.000e+00 ; 2.800e+00 ; 3.0129000e+01 ; 2.4800000e+02 
3.500e+01 ; 4.000e+00 ; 2.800e+00 ; 3.0257000e+01 ; 2.4800000e+02 
3.500e+01 ; 4.000e+00 ; 2.800e+00 ; 3.0513000e+01 ; 2.4800000e+02 
3.500e+01 ; 4.000e+00 ; 2.800e+00 ; 3.1000000e+01 ; 2.4800000e+02 
3.500e+01 ; 4.000e+00 ; 2.800e+00 ; 3.1000000e+01 ; 2.4800000e+02 
3.500e+01 ; 4.000e+00 ; 2.800e+00 ; 3.1001000e+01 ; 2.4800000e+02 
3.500e+01 ; 4.000e+00 ; 2.800e+00 ; 3.1002000e+01 ; 2.4800000e+02 
3.500e+01 ; 4.000e+00 ; 2.800e+00 ; 3.1003000e+01 ; 2.4800000e+02 
3.500e+01 ; 4.000e+00 ; 2.800e+00 ; 3.1005000e+01 ; 2.4800000e+02 
3.500e+01 ; 4.000e+00 ; 2.800e+00 ; 3.1009000e+01 ; 2.4800000e+02 
3.500e+01 ; 4.000e+00 ; 2.800e+00 ; 3.1017000e+01 ; 2.4800000e+02 
3.500e+01 ; 4.000e+00 ; 2.800e+00 ; 3.1033000e+01 ; 2.4800000e+02 
3.500e+01 ; 4.000e+00 ; 2.800e+00 ; 3.1065000e+01 ; 2.4800000e+02 
3.500e+01 ; 4.000e+00 ; 2.800e+00 ; 3.1129000e+01 ; 2.4800000e+02 
3.500e+01 ; 4.000e+00 ; 2.800e+00 ; 3.1257000e+01 ; 2.4800000e+02 
3.500e+01 ; 4.000e+00 ; 2.800e+00 ; 3.1513000e+01 ; 2.4800000e+02 
3.500e+01 ; 4.000e+00 ; 2.800e+00 ; 3.2000000e+01 ; 2.4800000e+02 
3.500e+01 ; 4.000e+00 ; 2.800e+00 ; 3.2000000e+01 ; 2.4800000e+02 
3.500e+01 ; 4.000e+00 ; 2.800e+00 ; 3.2001000e+01 ; 2.4800000e+02 
3.500e+01 ; 4.000e+00 ; 2.800e+00 ; 3.2002000e+01 ; 2.4800000e+02 
3.500e+01 ; 4.000e+00 ; 2.800e+00 ; 3.2003000e+01 ; 2.4800000e+02 
3.500e+01 ; 4.000e+00 ; 2.800e+00 ; 3.2005000e+01 ; 2.4800000e+02 
3.500e+01 ; 4.000e+00 ; 2.800e+00 ; 3.2009000e+01 ; 2.4800000e+02 
3.500e+01 ; 4.000e+00 ; 2.800e+00 ; 3.2017000e+01 ; 2.4800000e+02 
3.500e+01 ; 4.000e+00 ; 2.800e+00 ; 3.2033000e+01 ; 2.4800000e+02 
3.500e+01 ; 4.000e+00 ; 2.800e+00 ; 3.2065000e+01 ; 2.4800000e+02 
3.500e+01 ; 4.000e+00 ; 2.800e+00 ; 3.2129000e+01 ; 2.4800000e+02 
3.500e+01 ; 4.000e+00 ; 2.800e+00 ; 3.2257000e+01 ; 2.4800000e+02 
3.500e+01 ; 4.000e+00 ; 2.800e+00 ; 3.2513000e+01 ; 2.4800000e+02 
3.500e+01 ; 4.000e+00 ; 2.800e+00 ; 3.3000000e+01 ; 2.4800000e+02 
3.500e+01 ; 4.000e+00 ; 2.800e+00 ; 3.3000000e+01 ; 2.4800000e+02 
3.500e+01 ; 4.000e+00 ; 2.800e+00 ; 3.3001000e+01 ; 2.4800000e+02 
3.500e+01 ; 4.000e+00 ; 2.800e+00 ; 3.3002000e+01 ; 2.4800000e+02 
3.500e+01 ; 4.000e+00 ; 2.800e+00 ; 3.3003000e+01 ; 2.4800000e+02 
3.500e+01 ; 4.000e+00 ; 2.800e+00 ; 3.3005000e+01 ; 2.4800000e+02 
3.500e+01 ; 4.000e+00 ; 2.800e+00 ; 3.3009000e+01 ; 2.4800000e+02 
3.500e+01 ; 4.000e+00 ; 2.800e+00 ; 3.3017000e+01 ; 2.4800000e+02 
3.500e+01 ; 4.000e+00 ; 2.800e+00 ; 3.3033000e+01 ; 2.4800000e+02 
3.500e+01 ; 4.000e+00 ; 2.800e+00 ; 3.3065000e+01 ; 2.4800000e+02 
3.500e+01 ; 4.000e+00 ; 2.800e+00 ; 3.3129000e+01 ; 2.4800000e+02 
3.500e+01 ; 4.000e+00 ; 2.800e+00 ; 3.3257000e+01 ; 2.4800000e+02 
3.500e+01 ; 4.000e+00 ; 2.800e+00 ; 3.3513000e+01 ; 2.4800000e+02 
3.500e+01 ; 4.000e+00 ; 2.800e+00 ; 3.4000000e+01 ; 2.4800000e+02 
3.500e+01 ; 4.000e+00 ; 2.800e+00 ; 3.4000000e+01 ; 2.4800000e+02 
3.500e+01 ; 4.000e+00 ; 2.800e+00 ; 3.4001000e+01 ; 2.4800000e+02 
3.500e+01 ; 4.000e+00 ; 2.800e+00 ; 3.4002000e+01 ; 2.4800000e+02 
3.500e+01 ; 4.000e+00 ; 2.800e+00 ; 3.4003000e+01 ; 2.4800000e+02 
3.500e+01 ; 4.000e+00 ; 2.800e+00 ; 3.4005000e+01 ; 2.4800000e+02 
3.500e+01 ; 4.000e+00 ; 2.800e+00 ; 3.4009000e+01 ; 2.4800000e+02 
3.500e+01 ; 4.000e+00 ; 2.800e+00 ; 3.4017000e+01 ; 2.4800000e+02 
3.500e+01 ; 4.000e+00 ; 2.800e+00 ; 3.4033000e+01 ; 2.4800000e+02 
3.500e+01 ; 4.000e+00 ; 2.800e+00 ; 3.4065000e+01 ; 2.4800000e+02 
3.500e+01 ; 4.000e+00 ; 2.800e+00 ; 3.4129000e+01 ; 2.4800000e+02 
3.500e+01 ; 4.000e+00 ; 2.800e+00 ; 3.4257000e+01 ; 2.4800000e+02 
3.500e+01 ; 4.000e+00 ; 2.800e+00 ; 3.4513000e+01 ; 2.4800000e+02 
3.500e+01 ; 4.000e+00 ; 2.800e+00 ; 3.5000000e+01 ; 2.4800000e+02 
3.500e+01 ; 4.000e+00 ; 2.800e+00 ; 3.5000000e+01 ; 2.4800000e+02 
3.500e+01 ; 4.000e+00 ; 2.800e+00 ; 3.5001000e+01 ; 2.4800000e+02 
3.500e+01 ; 4.000e+00 ; 2.800e+00 ; 3.5002000e+01 ; 2.4800000e+02 
3.500e+01 ; 4.000e+00 ; 2.800e+00 ; 3.5003000e+01 ; 2.4800000e+02 
3.500e+01 ; 4.000e+00 ; 2.800e+00 ; 3.5005000e+01 ; 2.4800000e+02 
3.500e+01 ; 4.000e+00 ; 2.800e+00 ; 3.5009000e+01 ; 2.4800000e+02 
3.500e+01 ; 4.000e+00 ; 2.800e+00 ; 3.5017000e+01 ; 2.4800000e+02 
3.500e+01 ; 4.000e+00 ; 2.800e+00 ; 3.5033000e+01 ; 2.4800000e+02 
3.500e+01 ; 4.000e+00 ; 2.800e+00 ; 3.5065000e+01 ; 2.4800000e+02 
3.500e+01 ; 4.000e+00 ; 2.800e+00 ; 3.5129000e+01 ; 2.4800000e+02 
3.500e+01 ; 4.000e+00 ; 2.800e+00 ; 3.5257000e+01 ; 2.4800000e+02 
3.500e+01 ; 4.000e+00 ; 2.800e+00 ; 3.5513000e+01 ; 2.4800000e+02 
3.500e+01 ; 4.000e+00 ; 2.800e+00 ; 3.6000000e+01 ; 2.4800000e+02 
3.500e+01 ; 4.000e+00 ; 2.800e+00 ; 3.6000000e+01 ; 2.4800000e+02 
3.500e+01 ; 4.000e+00 ; 2.800e+00 ; 3.6001000e+01 ; 2.4800000e+02 
3.500e+01 ; 4.000e+00 ; 2.800e+00 ; 3.6002000e+01 ; 2.4800000e+02 
3.500e+01 ; 4.000e+00 ; 2.800e+00 ; 3.6003000e+01 ; 2.4800000e+02 
3.500e+01 ; 4.000e+00 ; 2.800e+00 ; 3.6005000e+01 ; 2.4800000e+02 
3.500e+01 ; 4.000e+00 ; 2.800e+00 ; 3.6009000e+01 ; 2.4800000e+02 
3.500e+01 ; 4.000e+00 ; 2.800e+00 ; 3.6017000e+01 ; 2.4800000e+02 
3.500e+01 ; 4.000e+00 ; 2.800e+00 ; 3.6033000e+01 ; 2.4800000e+02 
3.500e+01 ; 4.000e+00 ; 2.800e+00 ; 3.6065000e+01 ; 2.4800000e+02 
3.500e+01 ; 4.000e+00 ; 2.800e+00 ; 3.6129000e+01 ; 2.4800000e+02 
3.500e+01 ; 4.000e+00 ; 2.800e+00 ; 3.6257000e+01 ; 2.4800000e+02 
3.500e+01 ; 4.000e+00 ; 2.800e+00 ; 3.6513000e+01 ; 2.4800000e+02 
3.500e+01 ; 4.000e+00 ; 2.800e+00 ; 3.7000000e+01 ; 2.4800000e+02 
3.500e+01 ; 4.000e+00 ; 2.800e+00 ; 3.7000000e+01 ; 2.4800000e+02 
3.500e+01 ; 4.000e+00 ; 2.800e+00 ; 3.7001000e+01 ; 2.4800000e+02 
3.500e+01 ; 4.000e+00 ; 2.800e+00 ; 3.7002000e+01 ; 2.4800000e+02 
3.500e+01 ; 4.000e+00 ; 2.800e+00 ; 3.7003000e+01 ; 2.4800000e+02 
3.500e+01 ; 4.000e+00 ; 2.800e+00 ; 3.7005000e+01 ; 2.4800000e+02 
3.500e+01 ; 4.000e+00 ; 2.800e+00 ; 3.7009000e+01 ; 2.4800000e+02 
3.500e+01 ; 4.000e+00 ; 2.800e+00 ; 3.7017000e+01 ; 2.4800000e+02 
3.500e+01 ; 4.000e+00 ; 2.800e+00 ; 3.7033000e+01 ; 2.4800000e+02 
3.500e+01 ; 4.000e+00 ; 2.800e+00 ; 3.7065000e+01 ; 2.4800000e+02 
3.500e+01 ; 4.000e+00 ; 2.800e+00 ; 3.7129000e+01 ; 2.4800000e+02 
3.500e+01 ; 4.000e+00 ; 2.800e+00 ; 3.7257000e+01 ; 2.4800000e+02 
3.500e+01 ; 4.000e+00 ; 2.800e+00 ; 3.7513000e+01 ; 2.4800000e+02 
3.500e+01 ; 4.000e+00 ; 2.800e+00 ; 3.8000000e+01 ; 2.4800000e+02 
3.500e+01 ; 4.000e+00 ; 2.800e+00 ; 3.8000000e+01 ; 2.4800000e+02 
3.500e+01 ; 4.000e+00 ; 2.800e+00 ; 3.8001000e+01 ; 2.4800000e+02 
3.500e+01 ; 4.000e+00 ; 2.800e+00 ; 3.8002000e+01 ; 2.4800000e+02 
3.500e+01 ; 4.000e+00 ; 2.800e+00 ; 3.8003000e+01 ; 2.4800000e+02 
3.500e+01 ; 4.000e+00 ; 2.800e+00 ; 3.8005000e+01 ; 2.4800000e+02 
3.500e+01 ; 4.000e+00 ; 2.800e+00 ; 3.8009000e+01 ; 2.4800000e+02 
3.500e+01 ; 4.000e+00 ; 2.800e+00 ; 3.8017000e+01 ; 2.4800000e+02 
3.500e+01 ; 4.000e+00 ; 2.800e+00 ; 3.8033000e+01 ; 2.4800000e+02 
3.500e+01 ; 4.000e+00 ; 2.800e+00 ; 3.8065000e+01 ; 2.4800000e+02 
3.500e+01 ; 4.000e+00 ; 2.800e+00 ; 3.8129000e+01 ; 2.4800000e+02 
3.500e+01 ; 4.000e+00 ; 2.800e+00 ; 3.8257000e+01 ; 2.4800000e+02 
3.500e+01 ; 4.000e+00 ; 2.800e+00 ; 3.8513000e+01 ; 2.4800000e+02 
3.500e+01 ; 4.000e+00 ; 2.800e+00 ; 3.9000000e+01 ; 2.4800000e+02 
3.500e+01 ; 4.000e+00 ; 2.800e+00 ; 3.9000000e+01 ; 2.4800000e+02 
3.500e+01 ; 4.000e+00 ; 2.800e+00 ; 3.9001000e+01 ; 2.4800000e+02 
3.500e+01 ; 4.000e+00 ; 2.800e+00 ; 3.9002000e+01 ; 2.4800000e+02 
3.500e+01 ; 4.000e+00 ; 2.800e+00 ; 3.9003000e+01 ; 2.4800000e+02 
3.500e+01 ; 4.000e+00 ; 2.800e+00 ; 3.9005000e+01 ; 2.4800000e+02 
3.500e+01 ; 4.000e+00 ; 2.800e+00 ; 3.9009000e+01 ; 2.4800000e+02 
3.500e+01 ; 4.000e+00 ; 2.800e+00 ; 3.9017000e+01 ; 2.4800000e+02 
3.500e+01 ; 4.000e+00 ; 2.800e+00 ; 3.9033000e+01 ; 2.4800000e+02 
3.500e+01 ; 4.000e+00 ; 2.800e+00 ; 3.9065000e+01 ; 2.4800000e+02 
3.500e+01 ; 4.000e+00 ; 2.800e+00 ; 3.9129000e+01 ; 2.4800000e+02 
3.500e+01 ; 4.000e+00 ; 2.800e+00 ; 3.9257000e+01 ; 2.4800000e+02 
3.500e+01 ; 4.000e+00 ; 2.800e+00 ; 3.9513000e+01 ; 2.4800000e+02 
3.500e+01 ; 4.000e+00 ; 2.800e+00 ; 4.0000000e+01 ; 2.4800000e+02 
3.500e+01 ; 4.000e+00 ; 2.800e+00 ; 4.0000000e+01 ; 2.4800000e+02 
3.500e+01 ; 4.000e+00 ; 2.800e+00 ; 4.0001000e+01 ; 2.4800000e+02 
3.500e+01 ; 4.000e+00 ; 2.800e+00 ; 4.0002000e+01 ; 2.4800000e+02 
3.500e+01 ; 4.000e+00 ; 2.800e+00 ; 4.0003000e+01 ; 2.4800000e+02 
3.500e+01 ; 4.000e+00 ; 2.800e+00 ; 4.0005000e+01 ; 2.4800000e+02 
3.500e+01 ; 4.000e+00 ; 2.800e+00 ; 4.0009000e+01 ; 2.4800000e+02 
3.500e+01 ; 4.000e+00 ; 2.800e+00 ; 4.0017000e+01 ; 2.4800000e+02 
3.500e+01 ; 4.000e+00 ; 2.800e+00 ; 4.0033000e+01 ; 2.4800000e+02 
3.500e+01 ; 4.000e+00 ; 2.800e+00 ; 4.0065000e+01 ; 2.4800000e+02 
3.500e+01 ; 4.000e+00 ; 2.800e+00 ; 4.0129000e+01 ; 2.4800000e+02 
3.500e+01 ; 4.000e+00 ; 2.800e+00 ; 4.0257000e+01 ; 2.4800000e+02 
3.500e+01 ; 4.000e+00 ; 2.800e+00 ; 4.0513000e+01 ; 2.4800000e+02 
3.500e+01 ; 4.000e+00 ; 2.800e+00 ; 4.1000000e+01 ; 2.4800000e+02 
3.500e+01 ; 4.000e+00 ; 2.800e+00 ; 4.1000000e+01 ; 2.4800000e+02 
3.500e+01 ; 4.000e+00 ; 2.800e+00 ; 4.1001000e+01 ; 2.4800000e+02 
3.500e+01 ; 4.000e+00 ; 2.800e+00 ; 4.1002000e+01 ; 2.4800000e+02 
3.500e+01 ; 4.000e+00 ; 2.800e+00 ; 4.1003000e+01 ; 2.4800000e+02 
3.500e+01 ; 4.000e+00 ; 2.800e+00 ; 4.1005000e+01 ; 2.4800000e+02 
3.500e+01 ; 4.000e+00 ; 2.800e+00 ; 4.1009000e+01 ; 2.4800000e+02 
3.500e+01 ; 4.000e+00 ; 2.800e+00 ; 4.1017000e+01 ; 2.4800000e+02 
3.500e+01 ; 4.000e+00 ; 2.800e+00 ; 4.1033000e+01 ; 2.4800000e+02 
3.500e+01 ; 4.000e+00 ; 2.800e+00 ; 4.1065000e+01 ; 2.4800000e+02 
3.500e+01 ; 4.000e+00 ; 2.800e+00 ; 4.1129000e+01 ; 2.4800000e+02 
3.500e+01 ; 4.000e+00 ; 2.800e+00 ; 4.1257000e+01 ; 2.4800000e+02 
3.500e+01 ; 4.000e+00 ; 2.800e+00 ; 4.1513000e+01 ; 2.4800000e+02 
3.500e+01 ; 4.000e+00 ; 2.800e+00 ; 4.2000000e+01 ; 2.4800000e+02 
3.500e+01 ; 4.000e+00 ; 2.800e+00 ; 4.2000000e+01 ; 2.4800000e+02 
3.500e+01 ; 4.000e+00 ; 2.800e+00 ; 4.2001000e+01 ; 2.4800000e+02 
3.500e+01 ; 4.000e+00 ; 2.800e+00 ; 4.2002000e+01 ; 2.4800000e+02 
3.500e+01 ; 4.000e+00 ; 2.800e+00 ; 4.2003000e+01 ; 2.4800000e+02 
3.500e+01 ; 4.000e+00 ; 2.800e+00 ; 4.2005000e+01 ; 2.4800000e+02 
3.500e+01 ; 4.000e+00 ; 2.800e+00 ; 4.2009000e+01 ; 2.4800000e+02 
3.500e+01 ; 4.000e+00 ; 2.800e+00 ; 4.2017000e+01 ; 2.4800000e+02 
3.500e+01 ; 4.000e+00 ; 2.800e+00 ; 4.2033000e+01 ; 2.4800000e+02 
3.500e+01 ; 4.000e+00 ; 2.800e+00 ; 4.2065000e+01 ; 2.4800000e+02 
3.500e+01 ; 4.000e+00 ; 2.800e+00 ; 4.2129000e+01 ; 2.4800000e+02 
3.500e+01 ; 4.000e+00 ; 2.800e+00 ; 4.2257000e+01 ; 2.4800000e+02 
3.500e+01 ; 4.000e+00 ; 2.800e+00 ; 4.2513000e+01 ; 2.4800000e+02 
3.500e+01 ; 4.000e+00 ; 2.800e+00 ; 4.3000000e+01 ; 2.4800000e+02 
3.500e+01 ; 4.000e+00 ; 2.800e+00 ; 4.3000000e+01 ; 2.4800000e+02 
3.500e+01 ; 4.000e+00 ; 2.800e+00 ; 4.3001000e+01 ; 2.4800000e+02 
3.500e+01 ; 4.000e+00 ; 2.800e+00 ; 4.3002000e+01 ; 2.4800000e+02 
3.500e+01 ; 4.000e+00 ; 2.800e+00 ; 4.3003000e+01 ; 2.4800000e+02 
3.500e+01 ; 4.000e+00 ; 2.800e+00 ; 4.3005000e+01 ; 2.4800000e+02 
3.500e+01 ; 4.000e+00 ; 2.800e+00 ; 4.3009000e+01 ; 2.4800000e+02 
3.500e+01 ; 4.000e+00 ; 2.800e+00 ; 4.3017000e+01 ; 2.4800000e+02 
3.500e+01 ; 4.000e+00 ; 2.800e+00 ; 4.3033000e+01 ; 2.4800000e+02 
3.500e+01 ; 4.000e+00 ; 2.800e+00 ; 4.3065000e+01 ; 2.4800000e+02 
3.500e+01 ; 4.000e+00 ; 2.800e+00 ; 4.3129000e+01 ; 2.4800000e+02 
3.500e+01 ; 4.000e+00 ; 2.800e+00 ; 4.3257000e+01 ; 2.4800000e+02 
3.500e+01 ; 4.000e+00 ; 2.800e+00 ; 4.3513000e+01 ; 2.4800000e+02 
3.500e+01 ; 4.000e+00 ; 2.800e+00 ; 4.4000000e+01 ; 2.4800000e+02 
3.500e+01 ; 4.000e+00 ; 2.800e+00 ; 4.4000000e+01 ; 2.4800000e+02 
3.500e+01 ; 4.000e+00 ; 2.800e+00 ; 4.4001000e+01 ; 2.4800000e+02 
3.500e+01 ; 4.000e+00 ; 2.800e+00 ; 4.4002000e+01 ; 2.4800000e+02 
3.500e+01 ; 4.000e+00 ; 2.800e+00 ; 4.4003000e+01 ; 2.4800000e+02 
3.500e+01 ; 4.000e+00 ; 2.800e+00 ; 4.4005000e+01 ; 2.4800000e+02 
3.500e+01 ; 4.000e+00 ; 2.800e+00 ; 4.4009000e+01 ; 2.4800000e+02 
3.500e+01 ; 4.000e+00 ; 2.800e+00 ; 4.4017000e+01 ; 2.4800000e+02 
3.500e+01 ; 4.000e+00 ; 2.800e+00 ; 4.4033000e+01 ; 2.4800000e+02 
3.500e+01 ; 4.000e+00 ; 2.800e+00 ; 4.4065000e+01 ; 2.4800000e+02 
3.500e+01 ; 4.000e+00 ; 2.800e+00 ; 4.4129000e+01 ; 2.4800000e+02 
3.500e+01 ; 4.000e+00 ; 2.800e+00 ; 4.4257000e+01 ; 2.4800000e+02 
3.500e+01 ; 4.000e+00 ; 2.800e+00 ; 4.4513000e+01 ; 2.4800000e+02 
3.500e+01 ; 4.000e+00 ; 2.800e+00 ; 4.5000000e+01 ; 2.4800000e+02 
3.500e+01 ; 4.000e+00 ; 2.800e+00 ; 4.5000000e+01 ; 2.4800000e+02 
3.500e+01 ; 4.000e+00 ; 2.800e+00 ; 4.5001000e+01 ; 2.4800000e+02 
3.500e+01 ; 4.000e+00 ; 2.800e+00 ; 4.5002000e+01 ; 2.4800000e+02 
3.500e+01 ; 4.000e+00 ; 2.800e+00 ; 4.5003000e+01 ; 2.4800000e+02 
3.500e+01 ; 4.000e+00 ; 2.800e+00 ; 4.5005000e+01 ; 2.4800000e+02 
3.500e+01 ; 4.000e+00 ; 2.800e+00 ; 4.5009000e+01 ; 2.4800000e+02 
3.500e+01 ; 4.000e+00 ; 2.800e+00 ; 4.5017000e+01 ; 2.4800000e+02 
3.500e+01 ; 4.000e+00 ; 2.800e+00 ; 4.5033000e+01 ; 2.4800000e+02 
3.500e+01 ; 4.000e+00 ; 2.800e+00 ; 4.5065000e+01 ; 2.4800000e+02 
3.500e+01 ; 4.000e+00 ; 2.800e+00 ; 4.5129000e+01 ; 2.4800000e+02 
3.500e+01 ; 4.000e+00 ; 2.800e+00 ; 4.5257000e+01 ; 2.4800000e+02 
3.500e+01 ; 4.000e+00 ; 2.800e+00 ; 4.5513000e+01 ; 2.4800000e+02 
3.500e+01 ; 4.000e+00 ; 2.800e+00 ; 4.6000000e+01 ; 2.4800000e+02 
3.500e+01 ; 4.000e+00 ; 2.800e+00 ; 4.6000000e+01 ; 2.4800000e+02 
3.500e+01 ; 4.000e+00 ; 2.800e+00 ; 4.6001000e+01 ; 2.4800000e+02 
3.500e+01 ; 4.000e+00 ; 2.800e+00 ; 4.6002000e+01 ; 2.4800000e+02 
3.500e+01 ; 4.000e+00 ; 2.800e+00 ; 4.6003000e+01 ; 2.4800000e+02 
3.500e+01 ; 4.000e+00 ; 2.800e+00 ; 4.6005000e+01 ; 2.4800000e+02 
3.500e+01 ; 4.000e+00 ; 2.800e+00 ; 4.6009000e+01 ; 2.4800000e+02 
3.500e+01 ; 4.000e+00 ; 2.800e+00 ; 4.6017000e+01 ; 2.4800000e+02 
3.500e+01 ; 4.000e+00 ; 2.800e+00 ; 4.6033000e+01 ; 2.4800000e+02 
3.500e+01 ; 4.000e+00 ; 2.800e+00 ; 4.6065000e+01 ; 2.4800000e+02 
3.500e+01 ; 4.000e+00 ; 2.800e+00 ; 4.6129000e+01 ; 2.4800000e+02 
3.500e+01 ; 4.000e+00 ; 2.800e+00 ; 4.6257000e+01 ; 2.4800000e+02 
3.500e+01 ; 4.000e+00 ; 2.800e+00 ; 4.6513000e+01 ; 2.4800000e+02 
3.500e+01 ; 4.000e+00 ; 2.800e+00 ; 4.7000000e+01 ; 2.4800000e+02 
3.500e+01 ; 4.000e+00 ; 2.800e+00 ; 4.7000000e+01 ; 2.4800000e+02 
3.500e+01 ; 4.000e+00 ; 2.800e+00 ; 4.7001000e+01 ; 2.4800000e+02 
3.500e+01 ; 4.000e+00 ; 2.800e+00 ; 4.7002000e+01 ; 2.4800000e+02 
3.500e+01 ; 4.000e+00 ; 2.800e+00 ; 4.7003000e+01 ; 2.4800000e+02 
3.500e+01 ; 4.000e+00 ; 2.800e+00 ; 4.7005000e+01 ; 2.4800000e+02 
3.500e+01 ; 4.000e+00 ; 2.800e+00 ; 4.7009000e+01 ; 2.4800000e+02 
3.500e+01 ; 4.000e+00 ; 2.800e+00 ; 4.7017000e+01 ; 2.4800000e+02 
3.500e+01 ; 4.000e+00 ; 2.800e+00 ; 4.7033000e+01 ; 2.4800000e+02 
3.500e+01 ; 4.000e+00 ; 2.800e+00 ; 4.7065000e+01 ; 2.4800000e+02 
3.500e+01 ; 4.000e+00 ; 2.800e+00 ; 4.7129000e+01 ; 2.4800000e+02 
3.500e+01 ; 4.000e+00 ; 2.800e+00 ; 4.7257000e+01 ; 2.4800000e+02 
3.500e+01 ; 4.000e+00 ; 2.800e+00 ; 4.7513000e+01 ; 2.4800000e+02 
3.500e+01 ; 4.000e+00 ; 2.800e+00 ; 4.8000000e+01 ; 2.4800000e+02 
3.500e+01 ; 4.000e+00 ; 2.800e+00 ; 4.8000000e+01 ; 2.4800000e+02 
3.500e+01 ; 4.000e+00 ; 2.800e+00 ; 4.8001000e+01 ; 2.4800000e+02 
3.500e+01 ; 4.000e+00 ; 2.800e+00 ; 4.8002000e+01 ; 2.4800000e+02 
3.500e+01 ; 4.000e+00 ; 2.800e+00 ; 4.8003000e+01 ; 2.4800000e+02 
3.500e+01 ; 4.000e+00 ; 2.800e+00 ; 4.8005000e+01 ; 2.4800000e+02 
3.500e+01 ; 4.000e+00 ; 2.800e+00 ; 4.8009000e+01 ; 2.4800000e+02 
3.500e+01 ; 4.000e+00 ; 2.800e+00 ; 4.8017000e+01 ; 2.4800000e+02 
3.500e+01 ; 4.000e+00 ; 2.800e+00 ; 4.8033000e+01 ; 2.4800000e+02 
3.500e+01 ; 4.000e+00 ; 2.800e+00 ; 4.8065000e+01 ; 2.4800000e+02 
3.500e+01 ; 4.000e+00 ; 2.800e+00 ; 4.8129000e+01 ; 2.4800000e+02 
3.500e+01 ; 4.000e+00 ; 2.800e+00 ; 4.8257000e+01 ; 2.4800000e+02 
3.500e+01 ; 4.000e+00 ; 2.800e+00 ; 4.8513000e+01 ; 2.4800000e+02 
3.500e+01 ; 4.000e+00 ; 2.800e+00 ; 4.9000000e+01 ; 2.4800000e+02 
3.500e+01 ; 4.000e+00 ; 2.800e+00 ; 4.9000000e+01 ; 2.4800000e+02 
3.500e+01 ; 4.000e+00 ; 2.800e+00 ; 4.9001000e+01 ; 2.4800000e+02 
3.500e+01 ; 4.000e+00 ; 2.800e+00 ; 4.9002000e+01 ; 2.4800000e+02 
3.500e+01 ; 4.000e+00 ; 2.800e+00 ; 4.9003000e+01 ; 2.4800000e+02 
3.500e+01 ; 4.000e+00 ; 2.800e+00 ; 4.9005000e+01 ; 2.4800000e+02 
3.500e+01 ; 4.000e+00 ; 2.800e+00 ; 4.9009000e+01 ; 2.4800000e+02 
3.500e+01 ; 4.000e+00 ; 2.800e+00 ; 4.9017000e+01 ; 2.4800000e+02 
3.500e+01 ; 4.000e+00 ; 2.800e+00 ; 4.9033000e+01 ; 2.4800000e+02 
3.500e+01 ; 4.000e+00 ; 2.800e+00 ; 4.9065000e+01 ; 2.4800000e+02 
3.500e+01 ; 4.000e+00 ; 2.800e+00 ; 4.9129000e+01 ; 2.4800000e+02 
3.500e+01 ; 4.000e+00 ; 2.800e+00 ; 4.9257000e+01 ; 2.4800000e+02 
3.500e+01 ; 4.000e+00 ; 2.800e+00 ; 4.9513000e+01 ; 2.4800000e+02 
3.500e+01 ; 4.000e+00 ; 2.800e+00 ; 5.0000000e+01 ; 2.4800000e+02 
3.500e+01 ; 4.000e+00 ; 2.800e+00 ; 5.0000000e+01 ; 2.4800000e+02 
3.500e+01 ; 4.000e+00 ; 2.800e+00 ; 5.0001000e+01 ; 2.4787109e+02 
3.500e+01 ; 4.000e+00 ; 2.800e+00 ; 5.0002000e+01 ; 2.4774228e+02 
3.500e+01 ; 4.000e+00 ; 2.800e+00 ; 5.0003000e+01 ; 2.4761357e+02 
3.500e+01 ; 4.000e+00 ; 2.800e+00 ; 5.0005000e+01 ; 2.4735654e+02 
3.500e+01 ; 4.000e+00 ; 2.800e+00 ; 5.0009000e+01 ; 2.4684407e+02 
3.500e+01 ; 4.000e+00 ; 2.800e+00 ; 5.0017000e+01 ; 2.4582545e+02 
3.500e+01 ; 4.000e+00 ; 2.800e+00 ; 5.0033000e+01 ; 2.4381319e+02 
3.500e+01 ; 4.000e+00 ; 2.800e+00 ; 5.0065000e+01 ; 2.3988622e+02 
3.500e+01 ; 4.000e+00 ; 2.800e+00 ; 5.0129000e+01 ; 2.3240475e+02 
3.500e+01 ; 4.000e+00 ; 2.800e+00 ; 5.0257000e+01 ; 2.1880107e+02 
3.500e+01 ; 4.000e+00 ; 2.800e+00 ; 5.0513000e+01 ; 1.9613910e+02 
3.500e+01 ; 4.000e+00 ; 2.800e+00 ; 5.1000000e+01 ; 1.6491988e+02 
3.500e+01 ; 4.000e+00 ; 2.800e+00 ; 5.1000000e+01 ; 1.6491988e+02 
3.500e+01 ; 4.000e+00 ; 2.800e+00 ; 5.1001000e+01 ; 1.6485583e+02 
3.500e+01 ; 4.000e+00 ; 2.800e+00 ; 5.1002000e+01 ; 1.6479184e+02 
3.500e+01 ; 4.000e+00 ; 2.800e+00 ; 5.1003000e+01 ; 1.6472791e+02 
3.500e+01 ; 4.000e+00 ; 2.800e+00 ; 5.1005000e+01 ; 1.6460025e+02 
3.500e+01 ; 4.000e+00 ; 2.800e+00 ; 5.1009000e+01 ; 1.6434581e+02 
3.500e+01 ; 4.000e+00 ; 2.800e+00 ; 5.1017000e+01 ; 1.6384044e+02 
3.500e+01 ; 4.000e+00 ; 2.800e+00 ; 5.1033000e+01 ; 1.6284343e+02 
3.500e+01 ; 4.000e+00 ; 2.800e+00 ; 5.1065000e+01 ; 1.6090234e+02 
3.500e+01 ; 4.000e+00 ; 2.800e+00 ; 5.1129000e+01 ; 1.5721819e+02 
3.500e+01 ; 4.000e+00 ; 2.800e+00 ; 5.1257000e+01 ; 1.5054948e+02 
3.500e+01 ; 4.000e+00 ; 2.800e+00 ; 5.1513000e+01 ; 1.3946376e+02 
3.500e+01 ; 4.000e+00 ; 2.800e+00 ; 5.2000000e+01 ; 1.2409599e+02 
3.500e+01 ; 4.000e+00 ; 2.800e+00 ; 5.2000000e+01 ; 1.2409599e+02 
3.500e+01 ; 4.000e+00 ; 2.800e+00 ; 5.2001000e+01 ; 1.2406445e+02 
3.500e+01 ; 4.000e+00 ; 2.800e+00 ; 5.2002000e+01 ; 1.2403294e+02 
3.500e+01 ; 4.000e+00 ; 2.800e+00 ; 5.2003000e+01 ; 1.2400146e+02 
3.500e+01 ; 4.000e+00 ; 2.800e+00 ; 5.2005000e+01 ; 1.2393858e+02 
3.500e+01 ; 4.000e+00 ; 2.800e+00 ; 5.2009000e+01 ; 1.2381320e+02 
3.500e+01 ; 4.000e+00 ; 2.800e+00 ; 5.2017000e+01 ; 1.2356395e+02 
3.500e+01 ; 4.000e+00 ; 2.800e+00 ; 5.2033000e+01 ; 1.2307133e+02 
3.500e+01 ; 4.000e+00 ; 2.800e+00 ; 5.2065000e+01 ; 1.2210919e+02 
3.500e+01 ; 4.000e+00 ; 2.800e+00 ; 5.2129000e+01 ; 1.2027298e+02 
3.500e+01 ; 4.000e+00 ; 2.800e+00 ; 5.2257000e+01 ; 1.1692161e+02 
3.500e+01 ; 4.000e+00 ; 2.800e+00 ; 5.2513000e+01 ; 1.1129010e+02 
3.500e+01 ; 4.000e+00 ; 2.800e+00 ; 5.3000000e+01 ; 1.0337112e+02 
3.500e+01 ; 4.000e+00 ; 2.800e+00 ; 5.3000000e+01 ; 1.0337112e+02 
3.500e+01 ; 4.000e+00 ; 2.800e+00 ; 5.3001000e+01 ; 1.0335487e+02 
3.500e+01 ; 4.000e+00 ; 2.800e+00 ; 5.3002000e+01 ; 1.0333863e+02 
3.500e+01 ; 4.000e+00 ; 2.800e+00 ; 5.3003000e+01 ; 1.0332240e+02 
3.500e+01 ; 4.000e+00 ; 2.800e+00 ; 5.3005000e+01 ; 1.0329000e+02 
3.500e+01 ; 4.000e+00 ; 2.800e+00 ; 5.3009000e+01 ; 1.0322538e+02 
3.500e+01 ; 4.000e+00 ; 2.800e+00 ; 5.3017000e+01 ; 1.0309688e+02 
3.500e+01 ; 4.000e+00 ; 2.800e+00 ; 5.3033000e+01 ; 1.0284280e+02 
3.500e+01 ; 4.000e+00 ; 2.800e+00 ; 5.3065000e+01 ; 1.0234605e+02 
3.500e+01 ; 4.000e+00 ; 2.800e+00 ; 5.3129000e+01 ; 1.0139575e+02 
3.500e+01 ; 4.000e+00 ; 2.800e+00 ; 5.3257000e+01 ; 9.9650963e+01 
3.500e+01 ; 4.000e+00 ; 2.800e+00 ; 5.3513000e+01 ; 9.6674721e+01 
3.500e+01 ; 4.000e+00 ; 2.800e+00 ; 5.4000000e+01 ; 9.2345940e+01 
3.500e+01 ; 4.000e+00 ; 2.800e+00 ; 5.4000000e+01 ; 9.2345940e+01 
3.500e+01 ; 4.000e+00 ; 2.800e+00 ; 5.4001000e+01 ; 9.2337051e+01 
3.500e+01 ; 4.000e+00 ; 2.800e+00 ; 5.4002000e+01 ; 9.2328178e+01 
3.500e+01 ; 4.000e+00 ; 2.800e+00 ; 5.4003000e+01 ; 9.2319305e+01 
3.500e+01 ; 4.000e+00 ; 2.800e+00 ; 5.4005000e+01 ; 9.2301582e+01 
3.500e+01 ; 4.000e+00 ; 2.800e+00 ; 5.4009000e+01 ; 9.2266228e+01 
3.500e+01 ; 4.000e+00 ; 2.800e+00 ; 5.4017000e+01 ; 9.2195877e+01 
3.500e+01 ; 4.000e+00 ; 2.800e+00 ; 5.4033000e+01 ; 9.2056572e+01 
3.500e+01 ; 4.000e+00 ; 2.800e+00 ; 5.4065000e+01 ; 9.1783424e+01 
3.500e+01 ; 4.000e+00 ; 2.800e+00 ; 5.4129000e+01 ; 9.1257919e+01 
3.500e+01 ; 4.000e+00 ; 2.800e+00 ; 5.4257000e+01 ; 9.0282394e+01 
3.500e+01 ; 4.000e+00 ; 2.800e+00 ; 5.4513000e+01 ; 8.8583435e+01 
3.500e+01 ; 4.000e+00 ; 2.800e+00 ; 5.5000000e+01 ; 8.6021225e+01 
3.500e+01 ; 4.000e+00 ; 2.800e+00 ; 5.5000000e+01 ; 8.6021225e+01 
3.500e+01 ; 4.000e+00 ; 2.800e+00 ; 5.5001000e+01 ; 8.6015968e+01 
3.500e+01 ; 4.000e+00 ; 2.800e+00 ; 5.5002000e+01 ; 8.6010712e+01 
3.500e+01 ; 4.000e+00 ; 2.800e+00 ; 5.5003000e+01 ; 8.6005463e+01 
3.500e+01 ; 4.000e+00 ; 2.800e+00 ; 5.5005000e+01 ; 8.5994965e+01 
3.500e+01 ; 4.000e+00 ; 2.800e+00 ; 5.5009000e+01 ; 8.5974022e+01 
3.500e+01 ; 4.000e+00 ; 2.800e+00 ; 5.5017000e+01 ; 8.5932312e+01 
3.500e+01 ; 4.000e+00 ; 2.800e+00 ; 5.5033000e+01 ; 8.5849602e+01 
3.500e+01 ; 4.000e+00 ; 2.800e+00 ; 5.5065000e+01 ; 8.5686935e+01 
3.500e+01 ; 4.000e+00 ; 2.800e+00 ; 5.5129000e+01 ; 8.5372124e+01 
3.500e+01 ; 4.000e+00 ; 2.800e+00 ; 5.5257000e+01 ; 8.4781075e+01 
3.500e+01 ; 4.000e+00 ; 2.800e+00 ; 5.5513000e+01 ; 8.3729713e+01 
3.500e+01 ; 4.000e+00 ; 2.800e+00 ; 5.6000000e+01 ; 8.2086586e+01 
3.500e+01 ; 4.000e+00 ; 2.800e+00 ; 5.6000000e+01 ; 8.2086586e+01 
3.500e+01 ; 4.000e+00 ; 2.800e+00 ; 5.6001000e+01 ; 8.2083214e+01 
3.500e+01 ; 4.000e+00 ; 2.800e+00 ; 5.6002000e+01 ; 8.2079842e+01 
3.500e+01 ; 4.000e+00 ; 2.800e+00 ; 5.6003000e+01 ; 8.2076469e+01 
3.500e+01 ; 4.000e+00 ; 2.800e+00 ; 5.6005000e+01 ; 8.2069740e+01 
3.500e+01 ; 4.000e+00 ; 2.800e+00 ; 5.6009000e+01 ; 8.2056297e+01 
3.500e+01 ; 4.000e+00 ; 2.800e+00 ; 5.6017000e+01 ; 8.2029510e+01 
3.500e+01 ; 4.000e+00 ; 2.800e+00 ; 5.6033000e+01 ; 8.1976311e+01 
3.500e+01 ; 4.000e+00 ; 2.800e+00 ; 5.6065000e+01 ; 8.1871384e+01 
3.500e+01 ; 4.000e+00 ; 2.800e+00 ; 5.6129000e+01 ; 8.1667198e+01 
3.500e+01 ; 4.000e+00 ; 2.800e+00 ; 5.6257000e+01 ; 8.1279762e+01 
3.500e+01 ; 4.000e+00 ; 2.800e+00 ; 5.6513000e+01 ; 8.0577072e+01 
3.500e+01 ; 4.000e+00 ; 2.800e+00 ; 5.7000000e+01 ; 7.9443260e+01 
3.500e+01 ; 4.000e+00 ; 2.800e+00 ; 5.7000000e+01 ; 7.9443260e+01 
3.500e+01 ; 4.000e+00 ; 2.800e+00 ; 5.7001000e+01 ; 7.9440933e+01 
3.500e+01 ; 4.000e+00 ; 2.800e+00 ; 5.7002000e+01 ; 7.9438606e+01 
3.500e+01 ; 4.000e+00 ; 2.800e+00 ; 5.7003000e+01 ; 7.9436279e+01 
3.500e+01 ; 4.000e+00 ; 2.800e+00 ; 5.7005000e+01 ; 7.9431633e+01 
3.500e+01 ; 4.000e+00 ; 2.800e+00 ; 5.7009000e+01 ; 7.9422348e+01 
3.500e+01 ; 4.000e+00 ; 2.800e+00 ; 5.7017000e+01 ; 7.9403839e+01 
3.500e+01 ; 4.000e+00 ; 2.800e+00 ; 5.7033000e+01 ; 7.9367035e+01 
3.500e+01 ; 4.000e+00 ; 2.800e+00 ; 5.7065000e+01 ; 7.9294273e+01 
3.500e+01 ; 4.000e+00 ; 2.800e+00 ; 5.7129000e+01 ; 7.9151993e+01 
3.500e+01 ; 4.000e+00 ; 2.800e+00 ; 5.7257000e+01 ; 7.8879570e+01 
3.500e+01 ; 4.000e+00 ; 2.800e+00 ; 5.7513000e+01 ; 7.8377312e+01 
3.500e+01 ; 4.000e+00 ; 2.800e+00 ; 5.8000000e+01 ; 7.7545120e+01 
3.500e+01 ; 4.000e+00 ; 2.800e+00 ; 5.8000000e+01 ; 7.7545120e+01 
3.500e+01 ; 4.000e+00 ; 2.800e+00 ; 5.8001000e+01 ; 7.7543411e+01 
3.500e+01 ; 4.000e+00 ; 2.800e+00 ; 5.8002000e+01 ; 7.7541702e+01 
3.500e+01 ; 4.000e+00 ; 2.800e+00 ; 5.8003000e+01 ; 7.7540001e+01 
3.500e+01 ; 4.000e+00 ; 2.800e+00 ; 5.8005000e+01 ; 7.7536583e+01 
3.500e+01 ; 4.000e+00 ; 2.800e+00 ; 5.8009000e+01 ; 7.7529770e+01 
3.500e+01 ; 4.000e+00 ; 2.800e+00 ; 5.8017000e+01 ; 7.7516167e+01 
3.500e+01 ; 4.000e+00 ; 2.800e+00 ; 5.8033000e+01 ; 7.7489098e+01 
3.500e+01 ; 4.000e+00 ; 2.800e+00 ; 5.8065000e+01 ; 7.7435478e+01 
3.500e+01 ; 4.000e+00 ; 2.800e+00 ; 5.8129000e+01 ; 7.7330223e+01 
3.500e+01 ; 4.000e+00 ; 2.800e+00 ; 5.8257000e+01 ; 7.7127228e+01 
3.500e+01 ; 4.000e+00 ; 2.800e+00 ; 5.8513000e+01 ; 7.6748016e+01 
3.500e+01 ; 4.000e+00 ; 2.800e+00 ; 5.9000000e+01 ; 7.6106331e+01 
3.500e+01 ; 4.000e+00 ; 2.800e+00 ; 5.9000000e+01 ; 7.6106331e+01 
3.500e+01 ; 4.000e+00 ; 2.800e+00 ; 5.9001000e+01 ; 7.6105011e+01 
3.500e+01 ; 4.000e+00 ; 2.800e+00 ; 5.9002000e+01 ; 7.6103699e+01 
3.500e+01 ; 4.000e+00 ; 2.800e+00 ; 5.9003000e+01 ; 7.6102379e+01 
3.500e+01 ; 4.000e+00 ; 2.800e+00 ; 5.9005000e+01 ; 7.6099747e+01 
3.500e+01 ; 4.000e+00 ; 2.800e+00 ; 5.9009000e+01 ; 7.6094490e+01 
3.500e+01 ; 4.000e+00 ; 2.800e+00 ; 5.9017000e+01 ; 7.6083992e+01 
3.500e+01 ; 4.000e+00 ; 2.800e+00 ; 5.9033000e+01 ; 7.6063087e+01 
3.500e+01 ; 4.000e+00 ; 2.800e+00 ; 5.9065000e+01 ; 7.6021606e+01 
3.500e+01 ; 4.000e+00 ; 2.800e+00 ; 5.9129000e+01 ; 7.5939949e+01 
3.500e+01 ; 4.000e+00 ; 2.800e+00 ; 5.9257000e+01 ; 7.5781578e+01 
3.500e+01 ; 4.000e+00 ; 2.800e+00 ; 5.9513000e+01 ; 7.5482681e+01 
3.500e+01 ; 4.000e+00 ; 2.800e+00 ; 6.0000000e+01 ; 7.4968498e+01 
3.500e+01 ; 4.000e+00 ; 2.800e+00 ; 6.0000000e+01 ; 7.4968498e+01 
3.500e+01 ; 4.000e+00 ; 2.800e+00 ; 6.0001000e+01 ; 7.4967445e+01 
3.500e+01 ; 4.000e+00 ; 2.800e+00 ; 6.0002000e+01 ; 7.4966385e+01 
3.500e+01 ; 4.000e+00 ; 2.800e+00 ; 6.0003000e+01 ; 7.4965332e+01 
3.500e+01 ; 4.000e+00 ; 2.800e+00 ; 6.0005000e+01 ; 7.4963226e+01 
3.500e+01 ; 4.000e+00 ; 2.800e+00 ; 6.0009000e+01 ; 7.4959007e+01 
3.500e+01 ; 4.000e+00 ; 2.800e+00 ; 6.0017000e+01 ; 7.4950592e+01 
3.500e+01 ; 4.000e+00 ; 2.800e+00 ; 6.0033000e+01 ; 7.4933823e+01 
3.500e+01 ; 4.000e+00 ; 2.800e+00 ; 6.0065000e+01 ; 7.4900505e+01 
3.500e+01 ; 4.000e+00 ; 2.800e+00 ; 6.0129000e+01 ; 7.4834763e+01 
3.500e+01 ; 4.000e+00 ; 2.800e+00 ; 6.0257000e+01 ; 7.4706703e+01 
3.500e+01 ; 4.000e+00 ; 2.800e+00 ; 6.0513000e+01 ; 7.4463104e+01 
3.500e+01 ; 4.000e+00 ; 2.800e+00 ; 6.1000000e+01 ; 7.4038589e+01 
3.500e+01 ; 4.000e+00 ; 2.800e+00 ; 6.1000000e+01 ; 7.4038589e+01 
3.500e+01 ; 4.000e+00 ; 2.800e+00 ; 6.1001000e+01 ; 7.4037712e+01 
3.500e+01 ; 4.000e+00 ; 2.800e+00 ; 6.1002000e+01 ; 7.4036842e+01 
3.500e+01 ; 4.000e+00 ; 2.800e+00 ; 6.1003000e+01 ; 7.4035973e+01 
3.500e+01 ; 4.000e+00 ; 2.800e+00 ; 6.1005000e+01 ; 7.4034233e+01 
3.500e+01 ; 4.000e+00 ; 2.800e+00 ; 6.1009000e+01 ; 7.4030754e+01 
3.500e+01 ; 4.000e+00 ; 2.800e+00 ; 6.1017000e+01 ; 7.4023796e+01 
3.500e+01 ; 4.000e+00 ; 2.800e+00 ; 6.1033000e+01 ; 7.4009941e+01 
3.500e+01 ; 4.000e+00 ; 2.800e+00 ; 6.1065000e+01 ; 7.3982376e+01 
3.500e+01 ; 4.000e+00 ; 2.800e+00 ; 6.1129000e+01 ; 7.3927910e+01 
3.500e+01 ; 4.000e+00 ; 2.800e+00 ; 6.1257000e+01 ; 7.3821434e+01 
3.500e+01 ; 4.000e+00 ; 2.800e+00 ; 6.1513000e+01 ; 7.3617630e+01 
3.500e+01 ; 4.000e+00 ; 2.800e+00 ; 6.2000000e+01 ; 7.3258911e+01 
3.500e+01 ; 4.000e+00 ; 2.800e+00 ; 6.2000000e+01 ; 7.3258911e+01 
3.500e+01 ; 4.000e+00 ; 2.800e+00 ; 6.2001000e+01 ; 7.3258171e+01 
3.500e+01 ; 4.000e+00 ; 2.800e+00 ; 6.2002000e+01 ; 7.3257439e+01 
3.500e+01 ; 4.000e+00 ; 2.800e+00 ; 6.2003000e+01 ; 7.3256699e+01 
3.500e+01 ; 4.000e+00 ; 2.800e+00 ; 6.2005000e+01 ; 7.3255226e+01 
3.500e+01 ; 4.000e+00 ; 2.800e+00 ; 6.2009000e+01 ; 7.3252289e+01 
3.500e+01 ; 4.000e+00 ; 2.800e+00 ; 6.2017000e+01 ; 7.3246407e+01 
3.500e+01 ; 4.000e+00 ; 2.800e+00 ; 6.2033000e+01 ; 7.3234688e+01 
3.500e+01 ; 4.000e+00 ; 2.800e+00 ; 6.2065000e+01 ; 7.3211365e+01 
3.500e+01 ; 4.000e+00 ; 2.800e+00 ; 6.2129000e+01 ; 7.3165207e+01 
3.500e+01 ; 4.000e+00 ; 2.800e+00 ; 6.2257000e+01 ; 7.3074760e+01 
3.500e+01 ; 4.000e+00 ; 2.800e+00 ; 6.2513000e+01 ; 7.2900894e+01 
3.500e+01 ; 4.000e+00 ; 2.800e+00 ; 6.3000000e+01 ; 7.2593437e+01 
3.500e+01 ; 4.000e+00 ; 2.800e+00 ; 6.3000000e+01 ; 7.2593437e+01 
3.500e+01 ; 4.000e+00 ; 2.800e+00 ; 6.3001000e+01 ; 7.2592804e+01 
3.500e+01 ; 4.000e+00 ; 2.800e+00 ; 6.3002000e+01 ; 7.2592171e+01 
3.500e+01 ; 4.000e+00 ; 2.800e+00 ; 6.3003000e+01 ; 7.2591537e+01 
3.500e+01 ; 4.000e+00 ; 2.800e+00 ; 6.3005000e+01 ; 7.2590279e+01 
3.500e+01 ; 4.000e+00 ; 2.800e+00 ; 6.3009000e+01 ; 7.2587753e+01 
3.500e+01 ; 4.000e+00 ; 2.800e+00 ; 6.3017000e+01 ; 7.2582718e+01 
3.500e+01 ; 4.000e+00 ; 2.800e+00 ; 6.3033000e+01 ; 7.2572670e+01 
3.500e+01 ; 4.000e+00 ; 2.800e+00 ; 6.3065000e+01 ; 7.2552673e+01 
3.500e+01 ; 4.000e+00 ; 2.800e+00 ; 6.3129000e+01 ; 7.2513100e+01 
3.500e+01 ; 4.000e+00 ; 2.800e+00 ; 6.3257000e+01 ; 7.2435730e+01 
3.500e+01 ; 4.000e+00 ; 2.800e+00 ; 6.3513000e+01 ; 7.2288933e+01 
3.500e+01 ; 4.000e+00 ; 2.800e+00 ; 6.4000000e+01 ; 7.2041222e+01 
3.500e+01 ; 4.000e+00 ; 2.800e+00 ; 6.4000000e+01 ; 7.2041222e+01 
3.500e+01 ; 4.000e+00 ; 2.800e+00 ; 6.4001000e+01 ; 7.2040718e+01 
3.500e+01 ; 4.000e+00 ; 2.800e+00 ; 6.4002000e+01 ; 7.2040207e+01 
3.500e+01 ; 4.000e+00 ; 2.800e+00 ; 6.4003000e+01 ; 7.2039703e+01 
3.500e+01 ; 4.000e+00 ; 2.800e+00 ; 6.4005000e+01 ; 7.2038689e+01 
3.500e+01 ; 4.000e+00 ; 2.800e+00 ; 6.4009000e+01 ; 7.2036659e+01 
3.500e+01 ; 4.000e+00 ; 2.800e+00 ; 6.4017000e+01 ; 7.2032631e+01 
3.500e+01 ; 4.000e+00 ; 2.800e+00 ; 6.4033000e+01 ; 7.2024643e+01 
3.500e+01 ; 4.000e+00 ; 2.800e+00 ; 6.4065000e+01 ; 7.2008995e+01 
3.500e+01 ; 4.000e+00 ; 2.800e+00 ; 6.4129000e+01 ; 7.1979233e+01 
3.500e+01 ; 4.000e+00 ; 2.800e+00 ; 6.4257000e+01 ; 7.1926842e+01 
3.500e+01 ; 4.000e+00 ; 2.800e+00 ; 6.4513000e+01 ; 7.1853600e+01 
3.500e+01 ; 4.000e+00 ; 2.800e+00 ; 6.5000000e+01 ; 7.1814758e+01 
3.500e+01 ; 4.000e+00 ; 2.800e+00 ; 6.5000000e+01 ; 7.1814758e+01 
3.500e+01 ; 4.000e+00 ; 2.800e+00 ; 6.5001000e+01 ; 7.1817879e+01 
3.500e+01 ; 4.000e+00 ; 2.800e+00 ; 6.5002000e+01 ; 7.1821030e+01 
3.500e+01 ; 4.000e+00 ; 2.800e+00 ; 6.5003000e+01 ; 7.1824203e+01 
3.500e+01 ; 4.000e+00 ; 2.800e+00 ; 6.5005000e+01 ; 7.1830658e+01 
3.500e+01 ; 4.000e+00 ; 2.800e+00 ; 6.5009000e+01 ; 7.1843971e+01 
3.500e+01 ; 4.000e+00 ; 2.800e+00 ; 6.5017000e+01 ; 7.1872208e+01 
3.500e+01 ; 4.000e+00 ; 2.800e+00 ; 6.5033000e+01 ; 7.1934830e+01 
3.500e+01 ; 4.000e+00 ; 2.800e+00 ; 6.5065000e+01 ; 7.2082695e+01 
3.500e+01 ; 4.000e+00 ; 2.800e+00 ; 6.5129000e+01 ; 7.2454704e+01 
3.500e+01 ; 4.000e+00 ; 2.800e+00 ; 6.5257000e+01 ; 7.3412346e+01 
3.500e+01 ; 4.000e+00 ; 2.800e+00 ; 6.5513000e+01 ; 7.5698692e+01 
3.500e+01 ; 4.000e+00 ; 2.800e+00 ; 6.6000000e+01 ; 7.9824982e+01 
3.500e+01 ; 4.000e+00 ; 2.800e+00 ; 6.6000000e+01 ; 7.9824982e+01 
3.500e+01 ; 4.000e+00 ; 2.800e+00 ; 6.6001000e+01 ; 7.9836121e+01 
3.500e+01 ; 4.000e+00 ; 2.800e+00 ; 6.6002000e+01 ; 7.9847260e+01 
3.500e+01 ; 4.000e+00 ; 2.800e+00 ; 6.6003000e+01 ; 7.9858406e+01 
3.500e+01 ; 4.000e+00 ; 2.800e+00 ; 6.6005000e+01 ; 7.9880714e+01 
3.500e+01 ; 4.000e+00 ; 2.800e+00 ; 6.6009000e+01 ; 7.9925392e+01 
3.500e+01 ; 4.000e+00 ; 2.800e+00 ; 6.6017000e+01 ; 8.0014999e+01 
3.500e+01 ; 4.000e+00 ; 2.800e+00 ; 6.6033000e+01 ; 8.0195107e+01 
3.500e+01 ; 4.000e+00 ; 2.800e+00 ; 6.6065000e+01 ; 8.0558174e+01 
3.500e+01 ; 4.000e+00 ; 2.800e+00 ; 6.6129000e+01 ; 8.1290512e+01 
3.500e+01 ; 4.000e+00 ; 2.800e+00 ; 6.6257000e+01 ; 8.2746597e+01 
3.500e+01 ; 4.000e+00 ; 2.800e+00 ; 6.6513000e+01 ; 8.5454964e+01 
3.500e+01 ; 4.000e+00 ; 2.800e+00 ; 6.7000000e+01 ; 8.9413925e+01 
3.500e+01 ; 4.000e+00 ; 2.800e+00 ; 6.7000000e+01 ; 8.9413925e+01 
3.500e+01 ; 4.000e+00 ; 2.800e+00 ; 6.7001000e+01 ; 8.9422043e+01 
3.500e+01 ; 4.000e+00 ; 2.800e+00 ; 6.7002000e+01 ; 8.9430145e+01 
3.500e+01 ; 4.000e+00 ; 2.800e+00 ; 6.7003000e+01 ; 8.9438240e+01 
3.500e+01 ; 4.000e+00 ; 2.800e+00 ; 6.7005000e+01 ; 8.9454376e+01 
3.500e+01 ; 4.000e+00 ; 2.800e+00 ; 6.7009000e+01 ; 8.9486465e+01 
3.500e+01 ; 4.000e+00 ; 2.800e+00 ; 6.7017000e+01 ; 8.9549896e+01 
3.500e+01 ; 4.000e+00 ; 2.800e+00 ; 6.7033000e+01 ; 8.9673813e+01 
3.500e+01 ; 4.000e+00 ; 2.800e+00 ; 6.7065000e+01 ; 8.9910263e+01 
3.500e+01 ; 4.000e+00 ; 2.800e+00 ; 6.7129000e+01 ; 9.0340698e+01 
3.500e+01 ; 4.000e+00 ; 2.800e+00 ; 6.7257000e+01 ; 9.1053146e+01 
3.500e+01 ; 4.000e+00 ; 2.800e+00 ; 6.7513000e+01 ; 9.2018723e+01 
3.500e+01 ; 4.000e+00 ; 2.800e+00 ; 6.8000000e+01 ; 9.2799446e+01 
3.500e+01 ; 4.000e+00 ; 2.800e+00 ; 6.8000000e+01 ; 9.2799446e+01 
3.500e+01 ; 4.000e+00 ; 2.800e+00 ; 6.8001000e+01 ; 9.2801041e+01 
3.500e+01 ; 4.000e+00 ; 2.800e+00 ; 6.8002000e+01 ; 9.2802635e+01 
3.500e+01 ; 4.000e+00 ; 2.800e+00 ; 6.8003000e+01 ; 9.2804230e+01 
3.500e+01 ; 4.000e+00 ; 2.800e+00 ; 6.8005000e+01 ; 9.2807388e+01 
3.500e+01 ; 4.000e+00 ; 2.800e+00 ; 6.8009000e+01 ; 9.2813644e+01 
3.500e+01 ; 4.000e+00 ; 2.800e+00 ; 6.8017000e+01 ; 9.2825867e+01 
3.500e+01 ; 4.000e+00 ; 2.800e+00 ; 6.8033000e+01 ; 9.2849220e+01 
3.500e+01 ; 4.000e+00 ; 2.800e+00 ; 6.8065000e+01 ; 9.2891685e+01 
3.500e+01 ; 4.000e+00 ; 2.800e+00 ; 6.8129000e+01 ; 9.2960785e+01 
3.500e+01 ; 4.000e+00 ; 2.800e+00 ; 6.8257000e+01 ; 9.3043831e+01 
3.500e+01 ; 4.000e+00 ; 2.800e+00 ; 6.8513000e+01 ; 9.3041328e+01 
3.500e+01 ; 4.000e+00 ; 2.800e+00 ; 6.9000000e+01 ; 9.2664825e+01 
3.500e+01 ; 4.000e+00 ; 2.800e+00 ; 6.9000000e+01 ; 9.2664825e+01 
3.500e+01 ; 4.000e+00 ; 2.800e+00 ; 6.9001000e+01 ; 9.2664055e+01 
3.500e+01 ; 4.000e+00 ; 2.800e+00 ; 6.9002000e+01 ; 9.2663277e+01 
3.500e+01 ; 4.000e+00 ; 2.800e+00 ; 6.9003000e+01 ; 9.2662498e+01 
3.500e+01 ; 4.000e+00 ; 2.800e+00 ; 6.9005000e+01 ; 9.2660934e+01 
3.500e+01 ; 4.000e+00 ; 2.800e+00 ; 6.9009000e+01 ; 9.2657791e+01 
3.500e+01 ; 4.000e+00 ; 2.800e+00 ; 6.9017000e+01 ; 9.2651390e+01 
3.500e+01 ; 4.000e+00 ; 2.800e+00 ; 6.9033000e+01 ; 9.2638222e+01 
3.500e+01 ; 4.000e+00 ; 2.800e+00 ; 6.9065000e+01 ; 9.2610397e+01 
3.500e+01 ; 4.000e+00 ; 2.800e+00 ; 6.9129000e+01 ; 9.2549324e+01 
3.500e+01 ; 4.000e+00 ; 2.800e+00 ; 6.9257000e+01 ; 9.2408806e+01 
3.500e+01 ; 4.000e+00 ; 2.800e+00 ; 6.9513000e+01 ; 9.2074867e+01 
3.500e+01 ; 4.000e+00 ; 2.800e+00 ; 7.0000000e+01 ; 9.1339882e+01 
3.500e+01 ; 4.000e+00 ; 2.800e+00 ; 7.0000000e+01 ; 9.1339882e+01 
3.500e+01 ; 4.000e+00 ; 2.800e+00 ; 7.0001000e+01 ; 9.1338371e+01 
3.500e+01 ; 4.000e+00 ; 2.800e+00 ; 7.0002000e+01 ; 9.1336861e+01 
3.500e+01 ; 4.000e+00 ; 2.800e+00 ; 7.0003000e+01 ; 9.1335350e+01 
3.500e+01 ; 4.000e+00 ; 2.800e+00 ; 7.0005000e+01 ; 9.1332329e+01 
3.500e+01 ; 4.000e+00 ; 2.800e+00 ; 7.0009000e+01 ; 9.1326279e+01 
3.500e+01 ; 4.000e+00 ; 2.800e+00 ; 7.0017000e+01 ; 9.1314148e+01 
3.500e+01 ; 4.000e+00 ; 2.800e+00 ; 7.0033000e+01 ; 9.1289787e+01 
3.500e+01 ; 4.000e+00 ; 2.800e+00 ; 7.0065000e+01 ; 9.1240685e+01 
3.500e+01 ; 4.000e+00 ; 2.800e+00 ; 7.0129000e+01 ; 9.1141144e+01 
3.500e+01 ; 4.000e+00 ; 2.800e+00 ; 7.0257000e+01 ; 9.0937950e+01 
3.500e+01 ; 4.000e+00 ; 2.800e+00 ; 7.0513000e+01 ; 9.0522827e+01 
3.500e+01 ; 4.000e+00 ; 2.800e+00 ; 7.1000000e+01 ; 8.9734337e+01 
3.500e+01 ; 4.000e+00 ; 2.800e+00 ; 7.1000000e+01 ; 8.9734337e+01 
3.500e+01 ; 4.000e+00 ; 2.800e+00 ; 7.1001000e+01 ; 8.9732712e+01 
3.500e+01 ; 4.000e+00 ; 2.800e+00 ; 7.1002000e+01 ; 8.9731094e+01 
3.500e+01 ; 4.000e+00 ; 2.800e+00 ; 7.1003000e+01 ; 8.9729477e+01 
3.500e+01 ; 4.000e+00 ; 2.800e+00 ; 7.1005000e+01 ; 8.9726242e+01 
3.500e+01 ; 4.000e+00 ; 2.800e+00 ; 7.1009000e+01 ; 8.9719765e+01 
3.500e+01 ; 4.000e+00 ; 2.800e+00 ; 7.1017000e+01 ; 8.9706810e+01 
3.500e+01 ; 4.000e+00 ; 2.800e+00 ; 7.1033000e+01 ; 8.9680908e+01 
3.500e+01 ; 4.000e+00 ; 2.800e+00 ; 7.1065000e+01 ; 8.9629135e+01 
3.500e+01 ; 4.000e+00 ; 2.800e+00 ; 7.1129000e+01 ; 8.9525742e+01 
3.500e+01 ; 4.000e+00 ; 2.800e+00 ; 7.1257000e+01 ; 8.9320000e+01 
3.500e+01 ; 4.000e+00 ; 2.800e+00 ; 7.1513000e+01 ; 8.8915291e+01 
3.500e+01 ; 4.000e+00 ; 2.800e+00 ; 7.2000000e+01 ; 8.8179497e+01 
3.500e+01 ; 4.000e+00 ; 2.800e+00 ; 7.2000000e+01 ; 8.8179497e+01 
3.500e+01 ; 4.000e+00 ; 2.800e+00 ; 7.2001000e+01 ; 8.8177986e+01 
3.500e+01 ; 4.000e+00 ; 2.800e+00 ; 7.2002000e+01 ; 8.8176476e+01 
3.500e+01 ; 4.000e+00 ; 2.800e+00 ; 7.2003000e+01 ; 8.8174965e+01 
3.500e+01 ; 4.000e+00 ; 2.800e+00 ; 7.2005000e+01 ; 8.8171944e+01 
3.500e+01 ; 4.000e+00 ; 2.800e+00 ; 7.2009000e+01 ; 8.8165901e+01 
3.500e+01 ; 4.000e+00 ; 2.800e+00 ; 7.2017000e+01 ; 8.8153839e+01 
3.500e+01 ; 4.000e+00 ; 2.800e+00 ; 7.2033000e+01 ; 8.8129738e+01 
3.500e+01 ; 4.000e+00 ; 2.800e+00 ; 7.2065000e+01 ; 8.8081696e+01 
3.500e+01 ; 4.000e+00 ; 2.800e+00 ; 7.2129000e+01 ; 8.7986244e+01 
3.500e+01 ; 4.000e+00 ; 2.800e+00 ; 7.2257000e+01 ; 8.7797951e+01 
3.500e+01 ; 4.000e+00 ; 2.800e+00 ; 7.2513000e+01 ; 8.7432404e+01 
3.500e+01 ; 4.000e+00 ; 2.800e+00 ; 7.3000000e+01 ; 8.6777939e+01 
3.500e+01 ; 4.000e+00 ; 2.800e+00 ; 7.3000000e+01 ; 8.6777939e+01 
3.500e+01 ; 4.000e+00 ; 2.800e+00 ; 7.3001000e+01 ; 8.6776588e+01 
3.500e+01 ; 4.000e+00 ; 2.800e+00 ; 7.3002000e+01 ; 8.6775246e+01 
3.500e+01 ; 4.000e+00 ; 2.800e+00 ; 7.3003000e+01 ; 8.6773903e+01 
3.500e+01 ; 4.000e+00 ; 2.800e+00 ; 7.3005000e+01 ; 8.6771217e+01 
3.500e+01 ; 4.000e+00 ; 2.800e+00 ; 7.3009000e+01 ; 8.6765846e+01 
3.500e+01 ; 4.000e+00 ; 2.800e+00 ; 7.3017000e+01 ; 8.6755119e+01 
3.500e+01 ; 4.000e+00 ; 2.800e+00 ; 7.3033000e+01 ; 8.6733711e+01 
3.500e+01 ; 4.000e+00 ; 2.800e+00 ; 7.3065000e+01 ; 8.6691063e+01 
3.500e+01 ; 4.000e+00 ; 2.800e+00 ; 7.3129000e+01 ; 8.6606483e+01 
3.500e+01 ; 4.000e+00 ; 2.800e+00 ; 7.3257000e+01 ; 8.6440155e+01 
3.500e+01 ; 4.000e+00 ; 2.800e+00 ; 7.3513000e+01 ; 8.6118668e+01 
3.500e+01 ; 4.000e+00 ; 2.800e+00 ; 7.4000000e+01 ; 8.5545578e+01 
3.500e+01 ; 4.000e+00 ; 2.800e+00 ; 7.4000000e+01 ; 8.5545578e+01 
3.500e+01 ; 4.000e+00 ; 2.800e+00 ; 7.4001000e+01 ; 8.5544403e+01 
3.500e+01 ; 4.000e+00 ; 2.800e+00 ; 7.4002000e+01 ; 8.5543221e+01 
3.500e+01 ; 4.000e+00 ; 2.800e+00 ; 7.4003000e+01 ; 8.5542046e+01 
3.500e+01 ; 4.000e+00 ; 2.800e+00 ; 7.4005000e+01 ; 8.5539696e+01 
3.500e+01 ; 4.000e+00 ; 2.800e+00 ; 7.4009000e+01 ; 8.5534996e+01 
3.500e+01 ; 4.000e+00 ; 2.800e+00 ; 7.4017000e+01 ; 8.5525604e+01 
3.500e+01 ; 4.000e+00 ; 2.800e+00 ; 7.4033000e+01 ; 8.5506859e+01 
3.500e+01 ; 4.000e+00 ; 2.800e+00 ; 7.4065000e+01 ; 8.5469536e+01 
3.500e+01 ; 4.000e+00 ; 2.800e+00 ; 7.4129000e+01 ; 8.5395554e+01 
3.500e+01 ; 4.000e+00 ; 2.800e+00 ; 7.4257000e+01 ; 8.5250160e+01 
3.500e+01 ; 4.000e+00 ; 2.800e+00 ; 7.4513000e+01 ; 8.4969330e+01 
3.500e+01 ; 4.000e+00 ; 2.800e+00 ; 7.5000000e+01 ; 8.4468529e+01 
3.500e+01 ; 4.000e+00 ; 2.800e+00 ; 7.5000000e+01 ; 8.4468529e+01 
3.500e+01 ; 4.000e+00 ; 2.800e+00 ; 7.5001000e+01 ; 8.4467499e+01 
3.500e+01 ; 4.000e+00 ; 2.800e+00 ; 7.5002000e+01 ; 8.4466476e+01 
3.500e+01 ; 4.000e+00 ; 2.800e+00 ; 7.5003000e+01 ; 8.4465446e+01 
3.500e+01 ; 4.000e+00 ; 2.800e+00 ; 7.5005000e+01 ; 8.4463394e+01 
3.500e+01 ; 4.000e+00 ; 2.800e+00 ; 7.5009000e+01 ; 8.4459282e+01 
3.500e+01 ; 4.000e+00 ; 2.800e+00 ; 7.5017000e+01 ; 8.4451073e+01 
3.500e+01 ; 4.000e+00 ; 2.800e+00 ; 7.5033000e+01 ; 8.4434692e+01 
3.500e+01 ; 4.000e+00 ; 2.800e+00 ; 7.5065000e+01 ; 8.4402077e+01 
3.500e+01 ; 4.000e+00 ; 2.800e+00 ; 7.5129000e+01 ; 8.4337418e+01 
3.500e+01 ; 4.000e+00 ; 2.800e+00 ; 7.5257000e+01 ; 8.4210297e+01 
3.500e+01 ; 4.000e+00 ; 2.800e+00 ; 7.5513000e+01 ; 8.3964531e+01 
3.500e+01 ; 4.000e+00 ; 2.800e+00 ; 7.6000000e+01 ; 8.3525162e+01 
3.500e+01 ; 4.000e+00 ; 2.800e+00 ; 7.6000000e+01 ; 8.3525162e+01 
3.500e+01 ; 4.000e+00 ; 2.800e+00 ; 7.6001000e+01 ; 8.3524261e+01 
3.500e+01 ; 4.000e+00 ; 2.800e+00 ; 7.6002000e+01 ; 8.3523361e+01 
3.500e+01 ; 4.000e+00 ; 2.800e+00 ; 7.6003000e+01 ; 8.3522461e+01 
3.500e+01 ; 4.000e+00 ; 2.800e+00 ; 7.6005000e+01 ; 8.3520653e+01 
3.500e+01 ; 4.000e+00 ; 2.800e+00 ; 7.6009000e+01 ; 8.3517052e+01 
3.500e+01 ; 4.000e+00 ; 2.800e+00 ; 7.6017000e+01 ; 8.3509850e+01 
3.500e+01 ; 4.000e+00 ; 2.800e+00 ; 7.6033000e+01 ; 8.3495476e+01 
3.500e+01 ; 4.000e+00 ; 2.800e+00 ; 7.6065000e+01 ; 8.3466850e+01 
3.500e+01 ; 4.000e+00 ; 2.800e+00 ; 7.6129000e+01 ; 8.3410072e+01 
3.500e+01 ; 4.000e+00 ; 2.800e+00 ; 7.6257000e+01 ; 8.3298386e+01 
3.500e+01 ; 4.000e+00 ; 2.800e+00 ; 7.6513000e+01 ; 8.3082085e+01 
3.500e+01 ; 4.000e+00 ; 2.800e+00 ; 7.7000000e+01 ; 8.2694191e+01 
3.500e+01 ; 4.000e+00 ; 2.800e+00 ; 7.7000000e+01 ; 8.2694191e+01 
3.500e+01 ; 4.000e+00 ; 2.800e+00 ; 7.7001000e+01 ; 8.2693390e+01 
3.500e+01 ; 4.000e+00 ; 2.800e+00 ; 7.7002000e+01 ; 8.2692596e+01 
3.500e+01 ; 4.000e+00 ; 2.800e+00 ; 7.7003000e+01 ; 8.2691803e+01 
3.500e+01 ; 4.000e+00 ; 2.800e+00 ; 7.7005000e+01 ; 8.2690208e+01 
3.500e+01 ; 4.000e+00 ; 2.800e+00 ; 7.7009000e+01 ; 8.2687027e+01 
3.500e+01 ; 4.000e+00 ; 2.800e+00 ; 7.7017000e+01 ; 8.2680672e+01 
3.500e+01 ; 4.000e+00 ; 2.800e+00 ; 7.7033000e+01 ; 8.2667976e+01 
3.500e+01 ; 4.000e+00 ; 2.800e+00 ; 7.7065000e+01 ; 8.2642693e+01 
3.500e+01 ; 4.000e+00 ; 2.800e+00 ; 7.7129000e+01 ; 8.2592522e+01 
3.500e+01 ; 4.000e+00 ; 2.800e+00 ; 7.7257000e+01 ; 8.2493744e+01 
3.500e+01 ; 4.000e+00 ; 2.800e+00 ; 7.7513000e+01 ; 8.2302185e+01 
3.500e+01 ; 4.000e+00 ; 2.800e+00 ; 7.8000000e+01 ; 8.1958282e+01 
3.500e+01 ; 4.000e+00 ; 2.800e+00 ; 7.8000000e+01 ; 8.1958282e+01 
3.500e+01 ; 4.000e+00 ; 2.800e+00 ; 7.8001000e+01 ; 8.1957573e+01 
3.500e+01 ; 4.000e+00 ; 2.800e+00 ; 7.8002000e+01 ; 8.1956871e+01 
3.500e+01 ; 4.000e+00 ; 2.800e+00 ; 7.8003000e+01 ; 8.1956161e+01 
3.500e+01 ; 4.000e+00 ; 2.800e+00 ; 7.8005000e+01 ; 8.1954750e+01 
3.500e+01 ; 4.000e+00 ; 2.800e+00 ; 7.8009000e+01 ; 8.1951927e+01 
3.500e+01 ; 4.000e+00 ; 2.800e+00 ; 7.8017000e+01 ; 8.1946289e+01 
3.500e+01 ; 4.000e+00 ; 2.800e+00 ; 7.8033000e+01 ; 8.1935036e+01 
3.500e+01 ; 4.000e+00 ; 2.800e+00 ; 7.8065000e+01 ; 8.1912621e+01 
3.500e+01 ; 4.000e+00 ; 2.800e+00 ; 7.8129000e+01 ; 8.1868141e+01 
3.500e+01 ; 4.000e+00 ; 2.800e+00 ; 7.8257000e+01 ; 8.1780632e+01 
3.500e+01 ; 4.000e+00 ; 2.800e+00 ; 7.8513000e+01 ; 8.1611824e+01 
3.500e+01 ; 4.000e+00 ; 2.800e+00 ; 7.9000000e+01 ; 8.1315208e+01 
3.500e+01 ; 4.000e+00 ; 2.800e+00 ; 7.9000000e+01 ; 8.1315208e+01 
3.500e+01 ; 4.000e+00 ; 2.800e+00 ; 7.9001000e+01 ; 8.1314598e+01 
3.500e+01 ; 4.000e+00 ; 2.800e+00 ; 7.9002000e+01 ; 8.1313988e+01 
3.500e+01 ; 4.000e+00 ; 2.800e+00 ; 7.9003000e+01 ; 8.1313377e+01 
3.500e+01 ; 4.000e+00 ; 2.800e+00 ; 7.9005000e+01 ; 8.1312164e+01 
3.500e+01 ; 4.000e+00 ; 2.800e+00 ; 7.9009000e+01 ; 8.1309731e+01 
3.500e+01 ; 4.000e+00 ; 2.800e+00 ; 7.9017000e+01 ; 8.1304871e+01 
3.500e+01 ; 4.000e+00 ; 2.800e+00 ; 7.9033000e+01 ; 8.1295204e+01 
3.500e+01 ; 4.000e+00 ; 2.800e+00 ; 7.9065000e+01 ; 8.1276093e+01 
3.500e+01 ; 4.000e+00 ; 2.800e+00 ; 7.9129000e+01 ; 8.1239113e+01 
3.500e+01 ; 4.000e+00 ; 2.800e+00 ; 7.9257000e+01 ; 8.1172028e+01 
3.500e+01 ; 4.000e+00 ; 2.800e+00 ; 7.9513000e+01 ; 8.1070786e+01 
3.500e+01 ; 4.000e+00 ; 2.800e+00 ; 8.0000000e+01 ; 8.0981873e+01 
3.500e+01 ; 4.000e+00 ; 2.800e+00 ; 8.0000000e+01 ; 8.0981873e+01 
3.500e+01 ; 4.000e+00 ; 2.800e+00 ; 8.0001000e+01 ; 8.0981697e+01 
3.500e+01 ; 4.000e+00 ; 2.800e+00 ; 8.0002000e+01 ; 8.0981514e+01 
3.500e+01 ; 4.000e+00 ; 2.800e+00 ; 8.0003000e+01 ; 8.0981331e+01 
3.500e+01 ; 4.000e+00 ; 2.800e+00 ; 8.0005000e+01 ; 8.0980972e+01 
3.500e+01 ; 4.000e+00 ; 2.800e+00 ; 8.0009000e+01 ; 8.0980255e+01 
3.500e+01 ; 4.000e+00 ; 2.800e+00 ; 8.0017000e+01 ; 8.0978859e+01 
3.500e+01 ; 4.000e+00 ; 2.800e+00 ; 8.0033000e+01 ; 8.0976204e+01 
3.500e+01 ; 4.000e+00 ; 2.800e+00 ; 8.0065000e+01 ; 8.0971519e+01 
3.500e+01 ; 4.000e+00 ; 2.800e+00 ; 8.0129000e+01 ; 8.0965172e+01 
3.500e+01 ; 4.000e+00 ; 2.800e+00 ; 8.0257000e+01 ; 8.0967087e+01 
3.500e+01 ; 4.000e+00 ; 2.800e+00 ; 8.0513000e+01 ; 8.1032722e+01 
3.500e+01 ; 4.000e+00 ; 2.800e+00 ; 8.1000000e+01 ; 8.1322197e+01 
3.500e+01 ; 4.000e+00 ; 2.800e+00 ; 8.1000000e+01 ; 8.1322197e+01 
3.500e+01 ; 4.000e+00 ; 2.800e+00 ; 8.1001000e+01 ; 8.1322792e+01 
3.500e+01 ; 4.000e+00 ; 2.800e+00 ; 8.1002000e+01 ; 8.1323387e+01 
3.500e+01 ; 4.000e+00 ; 2.800e+00 ; 8.1003000e+01 ; 8.1323982e+01 
3.500e+01 ; 4.000e+00 ; 2.800e+00 ; 8.1005000e+01 ; 8.1325180e+01 
3.500e+01 ; 4.000e+00 ; 2.800e+00 ; 8.1009000e+01 ; 8.1327583e+01 
3.500e+01 ; 4.000e+00 ; 2.800e+00 ; 8.1017000e+01 ; 8.1332436e+01 
3.500e+01 ; 4.000e+00 ; 2.800e+00 ; 8.1033000e+01 ; 8.1342331e+01 
3.500e+01 ; 4.000e+00 ; 2.800e+00 ; 8.1065000e+01 ; 8.1362915e+01 
3.500e+01 ; 4.000e+00 ; 2.800e+00 ; 8.1129000e+01 ; 8.1407463e+01 
3.500e+01 ; 4.000e+00 ; 2.800e+00 ; 8.1257000e+01 ; 8.1510590e+01 
3.500e+01 ; 4.000e+00 ; 2.800e+00 ; 8.1513000e+01 ; 8.1766251e+01 
3.500e+01 ; 4.000e+00 ; 2.800e+00 ; 8.2000000e+01 ; 8.2345047e+01 
3.500e+01 ; 4.000e+00 ; 2.800e+00 ; 8.2000000e+01 ; 8.2345047e+01 
3.500e+01 ; 4.000e+00 ; 2.800e+00 ; 8.2001000e+01 ; 8.2346237e+01 
3.500e+01 ; 4.000e+00 ; 2.800e+00 ; 8.2002000e+01 ; 8.2347427e+01 
3.500e+01 ; 4.000e+00 ; 2.800e+00 ; 8.2003000e+01 ; 8.2348610e+01 
3.500e+01 ; 4.000e+00 ; 2.800e+00 ; 8.2005000e+01 ; 8.2350998e+01 
3.500e+01 ; 4.000e+00 ; 2.800e+00 ; 8.2009000e+01 ; 8.2355759e+01 
3.500e+01 ; 4.000e+00 ; 2.800e+00 ; 8.2017000e+01 ; 8.2365318e+01 
3.500e+01 ; 4.000e+00 ; 2.800e+00 ; 8.2033000e+01 ; 8.2384529e+01 
3.500e+01 ; 4.000e+00 ; 2.800e+00 ; 8.2065000e+01 ; 8.2423279e+01 
3.500e+01 ; 4.000e+00 ; 2.800e+00 ; 8.2129000e+01 ; 8.2501839e+01 
3.500e+01 ; 4.000e+00 ; 2.800e+00 ; 8.2257000e+01 ; 8.2661240e+01 
3.500e+01 ; 4.000e+00 ; 2.800e+00 ; 8.2513000e+01 ; 8.2976311e+01 
3.500e+01 ; 4.000e+00 ; 2.800e+00 ; 8.3000000e+01 ; 8.3503922e+01 
3.500e+01 ; 4.000e+00 ; 2.800e+00 ; 8.3000000e+01 ; 8.3503922e+01 
3.500e+01 ; 4.000e+00 ; 2.800e+00 ; 8.3001000e+01 ; 8.3505005e+01 
3.500e+01 ; 4.000e+00 ; 2.800e+00 ; 8.3002000e+01 ; 8.3506081e+01 
3.500e+01 ; 4.000e+00 ; 2.800e+00 ; 8.3003000e+01 ; 8.3507164e+01 
3.500e+01 ; 4.000e+00 ; 2.800e+00 ; 8.3005000e+01 ; 8.3509331e+01 
3.500e+01 ; 4.000e+00 ; 2.800e+00 ; 8.3009000e+01 ; 8.3513657e+01 
3.500e+01 ; 4.000e+00 ; 2.800e+00 ; 8.3017000e+01 ; 8.3522278e+01 
3.500e+01 ; 4.000e+00 ; 2.800e+00 ; 8.3033000e+01 ; 8.3539436e+01 
3.500e+01 ; 4.000e+00 ; 2.800e+00 ; 8.3065000e+01 ; 8.3573387e+01 
3.500e+01 ; 4.000e+00 ; 2.800e+00 ; 8.3129000e+01 ; 8.3639572e+01 
3.500e+01 ; 4.000e+00 ; 2.800e+00 ; 8.3257000e+01 ; 8.3763733e+01 
3.500e+01 ; 4.000e+00 ; 2.800e+00 ; 8.3513000e+01 ; 8.3973190e+01 
3.500e+01 ; 4.000e+00 ; 2.800e+00 ; 8.4000000e+01 ; 8.4223274e+01 
3.500e+01 ; 4.000e+00 ; 2.800e+00 ; 8.4000000e+01 ; 8.4223274e+01 
3.500e+01 ; 4.000e+00 ; 2.800e+00 ; 8.4001000e+01 ; 8.4223785e+01 
3.500e+01 ; 4.000e+00 ; 2.800e+00 ; 8.4002000e+01 ; 8.4224304e+01 
3.500e+01 ; 4.000e+00 ; 2.800e+00 ; 8.4003000e+01 ; 8.4224815e+01 
3.500e+01 ; 4.000e+00 ; 2.800e+00 ; 8.4005000e+01 ; 8.4225830e+01 
3.500e+01 ; 4.000e+00 ; 2.800e+00 ; 8.4009000e+01 ; 8.4227867e+01 
3.500e+01 ; 4.000e+00 ; 2.800e+00 ; 8.4017000e+01 ; 8.4231888e+01 
3.500e+01 ; 4.000e+00 ; 2.800e+00 ; 8.4033000e+01 ; 8.4239777e+01 
3.500e+01 ; 4.000e+00 ; 2.800e+00 ; 8.4065000e+01 ; 8.4254898e+01 
3.500e+01 ; 4.000e+00 ; 2.800e+00 ; 8.4129000e+01 ; 8.4282578e+01 
3.500e+01 ; 4.000e+00 ; 2.800e+00 ; 8.4257000e+01 ; 8.4327721e+01 
3.500e+01 ; 4.000e+00 ; 2.800e+00 ; 8.4513000e+01 ; 8.4378937e+01 
3.500e+01 ; 4.000e+00 ; 2.800e+00 ; 8.5000000e+01 ; 8.4353622e+01 
3.500e+01 ; 4.000e+00 ; 2.800e+00 ; 8.5000000e+01 ; 8.4353622e+01 
3.500e+01 ; 4.000e+00 ; 2.800e+00 ; 8.5001000e+01 ; 8.4353569e+01 
3.500e+01 ; 4.000e+00 ; 2.800e+00 ; 8.5002000e+01 ; 8.4353516e+01 
3.500e+01 ; 4.000e+00 ; 2.800e+00 ; 8.5003000e+01 ; 8.4353462e+01 
3.500e+01 ; 4.000e+00 ; 2.800e+00 ; 8.5005000e+01 ; 8.4353355e+01 
3.500e+01 ; 4.000e+00 ; 2.800e+00 ; 8.5009000e+01 ; 8.4353127e+01 
3.500e+01 ; 4.000e+00 ; 2.800e+00 ; 8.5017000e+01 ; 8.4352638e+01 
3.500e+01 ; 4.000e+00 ; 2.800e+00 ; 8.5033000e+01 ; 8.4351540e+01 
3.500e+01 ; 4.000e+00 ; 2.800e+00 ; 8.5065000e+01 ; 8.4348808e+01 
3.500e+01 ; 4.000e+00 ; 2.800e+00 ; 8.5129000e+01 ; 8.4341331e+01 
3.500e+01 ; 4.000e+00 ; 2.800e+00 ; 8.5257000e+01 ; 8.4318626e+01 
3.500e+01 ; 4.000e+00 ; 2.800e+00 ; 8.5513000e+01 ; 8.4245316e+01 
3.500e+01 ; 4.000e+00 ; 2.800e+00 ; 8.6000000e+01 ; 8.4024849e+01 
3.500e+01 ; 4.000e+00 ; 2.800e+00 ; 8.6000000e+01 ; 8.4024849e+01 
3.500e+01 ; 4.000e+00 ; 2.800e+00 ; 8.6001000e+01 ; 8.4024399e+01 
3.500e+01 ; 4.000e+00 ; 2.800e+00 ; 8.6002000e+01 ; 8.4023949e+01 
3.500e+01 ; 4.000e+00 ; 2.800e+00 ; 8.6003000e+01 ; 8.4023491e+01 
3.500e+01 ; 4.000e+00 ; 2.800e+00 ; 8.6005000e+01 ; 8.4022583e+01 
3.500e+01 ; 4.000e+00 ; 2.800e+00 ; 8.6009000e+01 ; 8.4020760e+01 
3.500e+01 ; 4.000e+00 ; 2.800e+00 ; 8.6017000e+01 ; 8.4017090e+01 
3.500e+01 ; 4.000e+00 ; 2.800e+00 ; 8.6033000e+01 ; 8.4009674e+01 
3.500e+01 ; 4.000e+00 ; 2.800e+00 ; 8.6065000e+01 ; 8.3994492e+01 
3.500e+01 ; 4.000e+00 ; 2.800e+00 ; 8.6129000e+01 ; 8.3962822e+01 
3.500e+01 ; 4.000e+00 ; 2.800e+00 ; 8.6257000e+01 ; 8.3894585e+01 
3.500e+01 ; 4.000e+00 ; 2.800e+00 ; 8.6513000e+01 ; 8.3741142e+01 
3.500e+01 ; 4.000e+00 ; 2.800e+00 ; 8.7000000e+01 ; 8.3402878e+01 
3.500e+01 ; 4.000e+00 ; 2.800e+00 ; 8.7000000e+01 ; 8.3402878e+01 
3.500e+01 ; 4.000e+00 ; 2.800e+00 ; 8.7001000e+01 ; 8.3402184e+01 
3.500e+01 ; 4.000e+00 ; 2.800e+00 ; 8.7002000e+01 ; 8.3401489e+01 
3.500e+01 ; 4.000e+00 ; 2.800e+00 ; 8.7003000e+01 ; 8.3400795e+01 
3.500e+01 ; 4.000e+00 ; 2.800e+00 ; 8.7005000e+01 ; 8.3399406e+01 
3.500e+01 ; 4.000e+00 ; 2.800e+00 ; 8.7009000e+01 ; 8.3396622e+01 
3.500e+01 ; 4.000e+00 ; 2.800e+00 ; 8.7017000e+01 ; 8.3391037e+01 
3.500e+01 ; 4.000e+00 ; 2.800e+00 ; 8.7033000e+01 ; 8.3379822e+01 
3.500e+01 ; 4.000e+00 ; 2.800e+00 ; 8.7065000e+01 ; 8.3357201e+01 
3.500e+01 ; 4.000e+00 ; 2.800e+00 ; 8.7129000e+01 ; 8.3311218e+01 
3.500e+01 ; 4.000e+00 ; 2.800e+00 ; 8.7257000e+01 ; 8.3216583e+01 
3.500e+01 ; 4.000e+00 ; 2.800e+00 ; 8.7513000e+01 ; 8.3018356e+01 
3.500e+01 ; 4.000e+00 ; 2.800e+00 ; 8.8000000e+01 ; 8.2618927e+01 
3.500e+01 ; 4.000e+00 ; 2.800e+00 ; 8.8000000e+01 ; 8.2618927e+01 
3.500e+01 ; 4.000e+00 ; 2.800e+00 ; 8.8001000e+01 ; 8.2618111e+01 
3.500e+01 ; 4.000e+00 ; 2.800e+00 ; 8.8002000e+01 ; 8.2617287e+01 
3.500e+01 ; 4.000e+00 ; 2.800e+00 ; 8.8003000e+01 ; 8.2616470e+01 
3.500e+01 ; 4.000e+00 ; 2.800e+00 ; 8.8005000e+01 ; 8.2614822e+01 
3.500e+01 ; 4.000e+00 ; 2.800e+00 ; 8.8009000e+01 ; 8.2611542e+01 
3.500e+01 ; 4.000e+00 ; 2.800e+00 ; 8.8017000e+01 ; 8.2604965e+01 
3.500e+01 ; 4.000e+00 ; 2.800e+00 ; 8.8033000e+01 ; 8.2591797e+01 
3.500e+01 ; 4.000e+00 ; 2.800e+00 ; 8.8065000e+01 ; 8.2565361e+01 
3.500e+01 ; 4.000e+00 ; 2.800e+00 ; 8.8129000e+01 ; 8.2512154e+01 
3.500e+01 ; 4.000e+00 ; 2.800e+00 ; 8.8257000e+01 ; 8.2404526e+01 
3.500e+01 ; 4.000e+00 ; 2.800e+00 ; 8.8513000e+01 ; 8.2185608e+01 
3.500e+01 ; 4.000e+00 ; 2.800e+00 ; 8.9000000e+01 ; 8.1762070e+01 
3.500e+01 ; 4.000e+00 ; 2.800e+00 ; 8.9000000e+01 ; 8.1762070e+01 
3.500e+01 ; 4.000e+00 ; 2.800e+00 ; 8.9001000e+01 ; 8.1761200e+01 
3.500e+01 ; 4.000e+00 ; 2.800e+00 ; 8.9002000e+01 ; 8.1760330e+01 
3.500e+01 ; 4.000e+00 ; 2.800e+00 ; 8.9003000e+01 ; 8.1759460e+01 
3.500e+01 ; 4.000e+00 ; 2.800e+00 ; 8.9005000e+01 ; 8.1757721e+01 
3.500e+01 ; 4.000e+00 ; 2.800e+00 ; 8.9009000e+01 ; 8.1754242e+01 
3.500e+01 ; 4.000e+00 ; 2.800e+00 ; 8.9017000e+01 ; 8.1747284e+01 
3.500e+01 ; 4.000e+00 ; 2.800e+00 ; 8.9033000e+01 ; 8.1733353e+01 
3.500e+01 ; 4.000e+00 ; 2.800e+00 ; 8.9065000e+01 ; 8.1705467e+01 
3.500e+01 ; 4.000e+00 ; 2.800e+00 ; 8.9129000e+01 ; 8.1649597e+01 
3.500e+01 ; 4.000e+00 ; 2.800e+00 ; 8.9257000e+01 ; 8.1537575e+01 
3.500e+01 ; 4.000e+00 ; 2.800e+00 ; 8.9513000e+01 ; 8.1313095e+01 
3.500e+01 ; 4.000e+00 ; 2.800e+00 ; 9.0000000e+01 ; 8.0888107e+01 
3.500e+01 ; 4.000e+00 ; 2.800e+00 ; 9.0000000e+01 ; 8.0888107e+01 
3.500e+01 ; 4.000e+00 ; 2.800e+00 ; 9.0001000e+01 ; 8.0887238e+01 
3.500e+01 ; 4.000e+00 ; 2.800e+00 ; 9.0002000e+01 ; 8.0886360e+01 
3.500e+01 ; 4.000e+00 ; 2.800e+00 ; 9.0003000e+01 ; 8.0885490e+01 
3.500e+01 ; 4.000e+00 ; 2.800e+00 ; 9.0005000e+01 ; 8.0883743e+01 
3.500e+01 ; 4.000e+00 ; 2.800e+00 ; 9.0009000e+01 ; 8.0880257e+01 
3.500e+01 ; 4.000e+00 ; 2.800e+00 ; 9.0017000e+01 ; 8.0873276e+01 
3.500e+01 ; 4.000e+00 ; 2.800e+00 ; 9.0033000e+01 ; 8.0859314e+01 
3.500e+01 ; 4.000e+00 ; 2.800e+00 ; 9.0065000e+01 ; 8.0831413e+01 
3.500e+01 ; 4.000e+00 ; 2.800e+00 ; 9.0129000e+01 ; 8.0775658e+01 
3.500e+01 ; 4.000e+00 ; 2.800e+00 ; 9.0257000e+01 ; 8.0664398e+01 
3.500e+01 ; 4.000e+00 ; 2.800e+00 ; 9.0513000e+01 ; 8.0443321e+01 
3.500e+01 ; 4.000e+00 ; 2.800e+00 ; 9.1000000e+01 ; 8.0029938e+01 
3.500e+01 ; 4.000e+00 ; 2.800e+00 ; 9.1000000e+01 ; 8.0029938e+01 
3.500e+01 ; 4.000e+00 ; 2.800e+00 ; 9.1010000e+01 ; 8.0021454e+01 
3.500e+01 ; 4.000e+00 ; 2.800e+00 ; 9.1020000e+01 ; 8.0012970e+01 
3.500e+01 ; 4.000e+00 ; 2.800e+00 ; 9.1030000e+01 ; 8.0004494e+01 
3.500e+01 ; 4.000e+00 ; 2.800e+00 ; 9.1050000e+01 ; 7.9987549e+01 
3.500e+01 ; 4.000e+00 ; 2.800e+00 ; 9.1090000e+01 ; 7.9953705e+01 
3.500e+01 ; 4.000e+00 ; 2.800e+00 ; 9.1170000e+01 ; 7.9886230e+01 
3.500e+01 ; 4.000e+00 ; 2.800e+00 ; 9.1330000e+01 ; 7.9752190e+01 
3.500e+01 ; 4.000e+00 ; 2.800e+00 ; 9.1650000e+01 ; 7.9488060e+01 
3.500e+01 ; 4.000e+00 ; 2.800e+00 ; 9.2290000e+01 ; 7.8977402e+01 
3.500e+01 ; 4.000e+00 ; 2.800e+00 ; 9.3570000e+01 ; 7.8030891e+01 
3.500e+01 ; 4.000e+00 ; 2.800e+00 ; 9.5490000e+01 ; 7.6772476e+01 
3.500e+01 ; 4.000e+00 ; 2.800e+00 ; 9.6000000e+01 ; 7.6449387e+01