X ; Y ; Z ; time ; Temperature 
3.500e+01 ; 3.200e+00 ; 4.200e+00 ; 0.0000000e+00 ; 2.4800000e+02 
3.500e+01 ; 3.200e+00 ; 4.200e+00 ; 1.0000000e-03 ; 2.4800000e+02 
3.500e+01 ; 3.200e+00 ; 4.200e+00 ; 2.0000001e-03 ; 2.4800000e+02 
3.500e+01 ; 3.200e+00 ; 4.200e+00 ; 3.0000000e-03 ; 2.4800000e+02 
3.500e+01 ; 3.200e+00 ; 4.200e+00 ; 4.9999999e-03 ; 2.4800000e+02 
3.500e+01 ; 3.200e+00 ; 4.200e+00 ; 8.9999996e-03 ; 2.4800000e+02 
3.500e+01 ; 3.200e+00 ; 4.200e+00 ; 1.7000001e-02 ; 2.4800000e+02 
3.500e+01 ; 3.200e+00 ; 4.200e+00 ; 3.3000000e-02 ; 2.4800000e+02 
3.500e+01 ; 3.200e+00 ; 4.200e+00 ; 6.4999998e-02 ; 2.4800000e+02 
3.500e+01 ; 3.200e+00 ; 4.200e+00 ; 1.2899999e-01 ; 2.4800000e+02 
3.500e+01 ; 3.200e+00 ; 4.200e+00 ; 2.5700000e-01 ; 2.4800000e+02 
3.500e+01 ; 3.200e+00 ; 4.200e+00 ; 5.1300001e-01 ; 2.4800000e+02 
3.500e+01 ; 3.200e+00 ; 4.200e+00 ; 1.0000000e+00 ; 2.4800000e+02 
3.500e+01 ; 3.200e+00 ; 4.200e+00 ; 1.0000000e+00 ; 2.4800000e+02 
3.500e+01 ; 3.200e+00 ; 4.200e+00 ; 1.0010000e+00 ; 2.4800000e+02 
3.500e+01 ; 3.200e+00 ; 4.200e+00 ; 1.0020000e+00 ; 2.4800000e+02 
3.500e+01 ; 3.200e+00 ; 4.200e+00 ; 1.0030000e+00 ; 2.4800000e+02 
3.500e+01 ; 3.200e+00 ; 4.200e+00 ; 1.0050000e+00 ; 2.4800000e+02 
3.500e+01 ; 3.200e+00 ; 4.200e+00 ; 1.0090000e+00 ; 2.4800000e+02 
3.500e+01 ; 3.200e+00 ; 4.200e+00 ; 1.0170000e+00 ; 2.4800000e+02 
3.500e+01 ; 3.200e+00 ; 4.200e+00 ; 1.0330000e+00 ; 2.4800000e+02 
3.500e+01 ; 3.200e+00 ; 4.200e+00 ; 1.0650000e+00 ; 2.4800000e+02 
3.500e+01 ; 3.200e+00 ; 4.200e+00 ; 1.1290000e+00 ; 2.4800000e+02 
3.500e+01 ; 3.200e+00 ; 4.200e+00 ; 1.2570000e+00 ; 2.4800000e+02 
3.500e+01 ; 3.200e+00 ; 4.200e+00 ; 1.5130000e+00 ; 2.4800000e+02 
3.500e+01 ; 3.200e+00 ; 4.200e+00 ; 2.0000000e+00 ; 2.4800000e+02 
3.500e+01 ; 3.200e+00 ; 4.200e+00 ; 2.0000000e+00 ; 2.4800000e+02 
3.500e+01 ; 3.200e+00 ; 4.200e+00 ; 2.0010000e+00 ; 2.4800000e+02 
3.500e+01 ; 3.200e+00 ; 4.200e+00 ; 2.0020000e+00 ; 2.4800000e+02 
3.500e+01 ; 3.200e+00 ; 4.200e+00 ; 2.0030000e+00 ; 2.4800000e+02 
3.500e+01 ; 3.200e+00 ; 4.200e+00 ; 2.0050000e+00 ; 2.4800000e+02 
3.500e+01 ; 3.200e+00 ; 4.200e+00 ; 2.0090000e+00 ; 2.4800000e+02 
3.500e+01 ; 3.200e+00 ; 4.200e+00 ; 2.0170000e+00 ; 2.4800000e+02 
3.500e+01 ; 3.200e+00 ; 4.200e+00 ; 2.0330000e+00 ; 2.4800000e+02 
3.500e+01 ; 3.200e+00 ; 4.200e+00 ; 2.0650000e+00 ; 2.4800000e+02 
3.500e+01 ; 3.200e+00 ; 4.200e+00 ; 2.1290000e+00 ; 2.4800000e+02 
3.500e+01 ; 3.200e+00 ; 4.200e+00 ; 2.2570000e+00 ; 2.4800000e+02 
3.500e+01 ; 3.200e+00 ; 4.200e+00 ; 2.5130000e+00 ; 2.4800000e+02 
3.500e+01 ; 3.200e+00 ; 4.200e+00 ; 3.0000000e+00 ; 2.4800000e+02 
3.500e+01 ; 3.200e+00 ; 4.200e+00 ; 3.0000000e+00 ; 2.4800000e+02 
3.500e+01 ; 3.200e+00 ; 4.200e+00 ; 3.0010000e+00 ; 2.4800000e+02 
3.500e+01 ; 3.200e+00 ; 4.200e+00 ; 3.0020000e+00 ; 2.4800000e+02 
3.500e+01 ; 3.200e+00 ; 4.200e+00 ; 3.0030000e+00 ; 2.4800000e+02 
3.500e+01 ; 3.200e+00 ; 4.200e+00 ; 3.0050000e+00 ; 2.4800000e+02 
3.500e+01 ; 3.200e+00 ; 4.200e+00 ; 3.0090000e+00 ; 2.4800000e+02 
3.500e+01 ; 3.200e+00 ; 4.200e+00 ; 3.0170000e+00 ; 2.4800000e+02 
3.500e+01 ; 3.200e+00 ; 4.200e+00 ; 3.0330000e+00 ; 2.4800000e+02 
3.500e+01 ; 3.200e+00 ; 4.200e+00 ; 3.0650000e+00 ; 2.4800000e+02 
3.500e+01 ; 3.200e+00 ; 4.200e+00 ; 3.1290000e+00 ; 2.4800000e+02 
3.500e+01 ; 3.200e+00 ; 4.200e+00 ; 3.2570000e+00 ; 2.4800000e+02 
3.500e+01 ; 3.200e+00 ; 4.200e+00 ; 3.5130000e+00 ; 2.4800000e+02 
3.500e+01 ; 3.200e+00 ; 4.200e+00 ; 4.0000000e+00 ; 2.4800000e+02 
3.500e+01 ; 3.200e+00 ; 4.200e+00 ; 4.0000000e+00 ; 2.4800000e+02 
3.500e+01 ; 3.200e+00 ; 4.200e+00 ; 4.0010000e+00 ; 2.4800000e+02 
3.500e+01 ; 3.200e+00 ; 4.200e+00 ; 4.0020000e+00 ; 2.4800000e+02 
3.500e+01 ; 3.200e+00 ; 4.200e+00 ; 4.0030000e+00 ; 2.4800000e+02 
3.500e+01 ; 3.200e+00 ; 4.200e+00 ; 4.0050000e+00 ; 2.4800000e+02 
3.500e+01 ; 3.200e+00 ; 4.200e+00 ; 4.0090000e+00 ; 2.4800000e+02 
3.500e+01 ; 3.200e+00 ; 4.200e+00 ; 4.0170000e+00 ; 2.4800000e+02 
3.500e+01 ; 3.200e+00 ; 4.200e+00 ; 4.0330000e+00 ; 2.4800000e+02 
3.500e+01 ; 3.200e+00 ; 4.200e+00 ; 4.0650000e+00 ; 2.4800000e+02 
3.500e+01 ; 3.200e+00 ; 4.200e+00 ; 4.1290000e+00 ; 2.4800000e+02 
3.500e+01 ; 3.200e+00 ; 4.200e+00 ; 4.2570000e+00 ; 2.4800000e+02 
3.500e+01 ; 3.200e+00 ; 4.200e+00 ; 4.5130000e+00 ; 2.4800000e+02 
3.500e+01 ; 3.200e+00 ; 4.200e+00 ; 5.0000000e+00 ; 2.4800000e+02 
3.500e+01 ; 3.200e+00 ; 4.200e+00 ; 5.0000000e+00 ; 2.4800000e+02 
3.500e+01 ; 3.200e+00 ; 4.200e+00 ; 5.0010000e+00 ; 2.4800000e+02 
3.500e+01 ; 3.200e+00 ; 4.200e+00 ; 5.0020000e+00 ; 2.4800000e+02 
3.500e+01 ; 3.200e+00 ; 4.200e+00 ; 5.0030000e+00 ; 2.4800000e+02 
3.500e+01 ; 3.200e+00 ; 4.200e+00 ; 5.0050000e+00 ; 2.4800000e+02 
3.500e+01 ; 3.200e+00 ; 4.200e+00 ; 5.0090000e+00 ; 2.4800000e+02 
3.500e+01 ; 3.200e+00 ; 4.200e+00 ; 5.0170000e+00 ; 2.4800000e+02 
3.500e+01 ; 3.200e+00 ; 4.200e+00 ; 5.0330000e+00 ; 2.4800000e+02 
3.500e+01 ; 3.200e+00 ; 4.200e+00 ; 5.0650000e+00 ; 2.4800000e+02 
3.500e+01 ; 3.200e+00 ; 4.200e+00 ; 5.1290000e+00 ; 2.4800000e+02 
3.500e+01 ; 3.200e+00 ; 4.200e+00 ; 5.2570000e+00 ; 2.4800000e+02 
3.500e+01 ; 3.200e+00 ; 4.200e+00 ; 5.5130000e+00 ; 2.4800000e+02 
3.500e+01 ; 3.200e+00 ; 4.200e+00 ; 6.0000000e+00 ; 2.4800000e+02 
3.500e+01 ; 3.200e+00 ; 4.200e+00 ; 6.0000000e+00 ; 2.4800000e+02 
3.500e+01 ; 3.200e+00 ; 4.200e+00 ; 6.0010000e+00 ; 2.4800000e+02 
3.500e+01 ; 3.200e+00 ; 4.200e+00 ; 6.0020000e+00 ; 2.4800000e+02 
3.500e+01 ; 3.200e+00 ; 4.200e+00 ; 6.0030000e+00 ; 2.4800000e+02 
3.500e+01 ; 3.200e+00 ; 4.200e+00 ; 6.0050000e+00 ; 2.4800000e+02 
3.500e+01 ; 3.200e+00 ; 4.200e+00 ; 6.0090000e+00 ; 2.4800000e+02 
3.500e+01 ; 3.200e+00 ; 4.200e+00 ; 6.0170000e+00 ; 2.4800000e+02 
3.500e+01 ; 3.200e+00 ; 4.200e+00 ; 6.0330000e+00 ; 2.4800000e+02 
3.500e+01 ; 3.200e+00 ; 4.200e+00 ; 6.0650000e+00 ; 2.4800000e+02 
3.500e+01 ; 3.200e+00 ; 4.200e+00 ; 6.1290000e+00 ; 2.4800000e+02 
3.500e+01 ; 3.200e+00 ; 4.200e+00 ; 6.2570000e+00 ; 2.4800000e+02 
3.500e+01 ; 3.200e+00 ; 4.200e+00 ; 6.5130000e+00 ; 2.4800000e+02 
3.500e+01 ; 3.200e+00 ; 4.200e+00 ; 7.0000000e+00 ; 2.4800000e+02 
3.500e+01 ; 3.200e+00 ; 4.200e+00 ; 7.0000000e+00 ; 2.4800000e+02 
3.500e+01 ; 3.200e+00 ; 4.200e+00 ; 7.0010000e+00 ; 2.4800000e+02 
3.500e+01 ; 3.200e+00 ; 4.200e+00 ; 7.0020000e+00 ; 2.4800000e+02 
3.500e+01 ; 3.200e+00 ; 4.200e+00 ; 7.0030000e+00 ; 2.4800000e+02 
3.500e+01 ; 3.200e+00 ; 4.200e+00 ; 7.0050000e+00 ; 2.4800000e+02 
3.500e+01 ; 3.200e+00 ; 4.200e+00 ; 7.0090000e+00 ; 2.4800000e+02 
3.500e+01 ; 3.200e+00 ; 4.200e+00 ; 7.0170000e+00 ; 2.4800000e+02 
3.500e+01 ; 3.200e+00 ; 4.200e+00 ; 7.0330000e+00 ; 2.4800000e+02 
3.500e+01 ; 3.200e+00 ; 4.200e+00 ; 7.0650000e+00 ; 2.4800000e+02 
3.500e+01 ; 3.200e+00 ; 4.200e+00 ; 7.1290000e+00 ; 2.4800000e+02 
3.500e+01 ; 3.200e+00 ; 4.200e+00 ; 7.2570000e+00 ; 2.4800000e+02 
3.500e+01 ; 3.200e+00 ; 4.200e+00 ; 7.5130000e+00 ; 2.4800000e+02 
3.500e+01 ; 3.200e+00 ; 4.200e+00 ; 8.0000000e+00 ; 2.4800000e+02 
3.500e+01 ; 3.200e+00 ; 4.200e+00 ; 8.0000000e+00 ; 2.4800000e+02 
3.500e+01 ; 3.200e+00 ; 4.200e+00 ; 8.0010000e+00 ; 2.4800000e+02 
3.500e+01 ; 3.200e+00 ; 4.200e+00 ; 8.0020000e+00 ; 2.4800000e+02 
3.500e+01 ; 3.200e+00 ; 4.200e+00 ; 8.0030000e+00 ; 2.4800000e+02 
3.500e+01 ; 3.200e+00 ; 4.200e+00 ; 8.0050000e+00 ; 2.4800000e+02 
3.500e+01 ; 3.200e+00 ; 4.200e+00 ; 8.0090000e+00 ; 2.4800000e+02 
3.500e+01 ; 3.200e+00 ; 4.200e+00 ; 8.0170000e+00 ; 2.4800000e+02 
3.500e+01 ; 3.200e+00 ; 4.200e+00 ; 8.0330000e+00 ; 2.4800000e+02 
3.500e+01 ; 3.200e+00 ; 4.200e+00 ; 8.0650000e+00 ; 2.4800000e+02 
3.500e+01 ; 3.200e+00 ; 4.200e+00 ; 8.1290000e+00 ; 2.4800000e+02 
3.500e+01 ; 3.200e+00 ; 4.200e+00 ; 8.2570000e+00 ; 2.4800000e+02 
3.500e+01 ; 3.200e+00 ; 4.200e+00 ; 8.5130000e+00 ; 2.4800000e+02 
3.500e+01 ; 3.200e+00 ; 4.200e+00 ; 9.0000000e+00 ; 2.4800000e+02 
3.500e+01 ; 3.200e+00 ; 4.200e+00 ; 9.0000000e+00 ; 2.4800000e+02 
3.500e+01 ; 3.200e+00 ; 4.200e+00 ; 9.0010000e+00 ; 2.4800000e+02 
3.500e+01 ; 3.200e+00 ; 4.200e+00 ; 9.0020000e+00 ; 2.4800000e+02 
3.500e+01 ; 3.200e+00 ; 4.200e+00 ; 9.0030000e+00 ; 2.4800000e+02 
3.500e+01 ; 3.200e+00 ; 4.200e+00 ; 9.0050000e+00 ; 2.4800000e+02 
3.500e+01 ; 3.200e+00 ; 4.200e+00 ; 9.0090000e+00 ; 2.4800000e+02 
3.500e+01 ; 3.200e+00 ; 4.200e+00 ; 9.0170000e+00 ; 2.4800000e+02 
3.500e+01 ; 3.200e+00 ; 4.200e+00 ; 9.0330000e+00 ; 2.4800000e+02 
3.500e+01 ; 3.200e+00 ; 4.200e+00 ; 9.0650000e+00 ; 2.4800000e+02 
3.500e+01 ; 3.200e+00 ; 4.200e+00 ; 9.1290000e+00 ; 2.4800000e+02 
3.500e+01 ; 3.200e+00 ; 4.200e+00 ; 9.2570000e+00 ; 2.4800000e+02 
3.500e+01 ; 3.200e+00 ; 4.200e+00 ; 9.5130000e+00 ; 2.4800000e+02 
3.500e+01 ; 3.200e+00 ; 4.200e+00 ; 1.0000000e+01 ; 2.4800000e+02 
3.500e+01 ; 3.200e+00 ; 4.200e+00 ; 1.0000000e+01 ; 2.4800000e+02 
3.500e+01 ; 3.200e+00 ; 4.200e+00 ; 1.0001000e+01 ; 2.4800000e+02 
3.500e+01 ; 3.200e+00 ; 4.200e+00 ; 1.0002000e+01 ; 2.4800000e+02 
3.500e+01 ; 3.200e+00 ; 4.200e+00 ; 1.0003000e+01 ; 2.4800000e+02 
3.500e+01 ; 3.200e+00 ; 4.200e+00 ; 1.0005000e+01 ; 2.4800000e+02 
3.500e+01 ; 3.200e+00 ; 4.200e+00 ; 1.0009000e+01 ; 2.4800000e+02 
3.500e+01 ; 3.200e+00 ; 4.200e+00 ; 1.0017000e+01 ; 2.4800000e+02 
3.500e+01 ; 3.200e+00 ; 4.200e+00 ; 1.0033000e+01 ; 2.4800000e+02 
3.500e+01 ; 3.200e+00 ; 4.200e+00 ; 1.0065000e+01 ; 2.4800000e+02 
3.500e+01 ; 3.200e+00 ; 4.200e+00 ; 1.0129000e+01 ; 2.4800000e+02 
3.500e+01 ; 3.200e+00 ; 4.200e+00 ; 1.0257000e+01 ; 2.4800000e+02 
3.500e+01 ; 3.200e+00 ; 4.200e+00 ; 1.0513000e+01 ; 2.4800000e+02 
3.500e+01 ; 3.200e+00 ; 4.200e+00 ; 1.1000000e+01 ; 2.4800000e+02 
3.500e+01 ; 3.200e+00 ; 4.200e+00 ; 1.1000000e+01 ; 2.4800000e+02 
3.500e+01 ; 3.200e+00 ; 4.200e+00 ; 1.1001000e+01 ; 2.4800000e+02 
3.500e+01 ; 3.200e+00 ; 4.200e+00 ; 1.1002000e+01 ; 2.4800000e+02 
3.500e+01 ; 3.200e+00 ; 4.200e+00 ; 1.1003000e+01 ; 2.4800000e+02 
3.500e+01 ; 3.200e+00 ; 4.200e+00 ; 1.1005000e+01 ; 2.4800000e+02 
3.500e+01 ; 3.200e+00 ; 4.200e+00 ; 1.1009000e+01 ; 2.4800000e+02 
3.500e+01 ; 3.200e+00 ; 4.200e+00 ; 1.1017000e+01 ; 2.4800000e+02 
3.500e+01 ; 3.200e+00 ; 4.200e+00 ; 1.1033000e+01 ; 2.4800000e+02 
3.500e+01 ; 3.200e+00 ; 4.200e+00 ; 1.1065000e+01 ; 2.4800000e+02 
3.500e+01 ; 3.200e+00 ; 4.200e+00 ; 1.1129000e+01 ; 2.4800000e+02 
3.500e+01 ; 3.200e+00 ; 4.200e+00 ; 1.1257000e+01 ; 2.4800000e+02 
3.500e+01 ; 3.200e+00 ; 4.200e+00 ; 1.1513000e+01 ; 2.4800000e+02 
3.500e+01 ; 3.200e+00 ; 4.200e+00 ; 1.2000000e+01 ; 2.4800000e+02 
3.500e+01 ; 3.200e+00 ; 4.200e+00 ; 1.2000000e+01 ; 2.4800000e+02 
3.500e+01 ; 3.200e+00 ; 4.200e+00 ; 1.2001000e+01 ; 2.4800000e+02 
3.500e+01 ; 3.200e+00 ; 4.200e+00 ; 1.2002000e+01 ; 2.4800000e+02 
3.500e+01 ; 3.200e+00 ; 4.200e+00 ; 1.2003000e+01 ; 2.4800000e+02 
3.500e+01 ; 3.200e+00 ; 4.200e+00 ; 1.2005000e+01 ; 2.4800000e+02 
3.500e+01 ; 3.200e+00 ; 4.200e+00 ; 1.2009000e+01 ; 2.4800000e+02 
3.500e+01 ; 3.200e+00 ; 4.200e+00 ; 1.2017000e+01 ; 2.4800000e+02 
3.500e+01 ; 3.200e+00 ; 4.200e+00 ; 1.2033000e+01 ; 2.4800000e+02 
3.500e+01 ; 3.200e+00 ; 4.200e+00 ; 1.2065000e+01 ; 2.4800000e+02 
3.500e+01 ; 3.200e+00 ; 4.200e+00 ; 1.2129000e+01 ; 2.4800000e+02 
3.500e+01 ; 3.200e+00 ; 4.200e+00 ; 1.2257000e+01 ; 2.4800000e+02 
3.500e+01 ; 3.200e+00 ; 4.200e+00 ; 1.2513000e+01 ; 2.4800000e+02 
3.500e+01 ; 3.200e+00 ; 4.200e+00 ; 1.3000000e+01 ; 2.4800000e+02 
3.500e+01 ; 3.200e+00 ; 4.200e+00 ; 1.3000000e+01 ; 2.4800000e+02 
3.500e+01 ; 3.200e+00 ; 4.200e+00 ; 1.3001000e+01 ; 2.4800000e+02 
3.500e+01 ; 3.200e+00 ; 4.200e+00 ; 1.3002000e+01 ; 2.4800000e+02 
3.500e+01 ; 3.200e+00 ; 4.200e+00 ; 1.3003000e+01 ; 2.4800000e+02 
3.500e+01 ; 3.200e+00 ; 4.200e+00 ; 1.3005000e+01 ; 2.4800000e+02 
3.500e+01 ; 3.200e+00 ; 4.200e+00 ; 1.3009000e+01 ; 2.4800000e+02 
3.500e+01 ; 3.200e+00 ; 4.200e+00 ; 1.3017000e+01 ; 2.4800000e+02 
3.500e+01 ; 3.200e+00 ; 4.200e+00 ; 1.3033000e+01 ; 2.4800000e+02 
3.500e+01 ; 3.200e+00 ; 4.200e+00 ; 1.3065000e+01 ; 2.4800000e+02 
3.500e+01 ; 3.200e+00 ; 4.200e+00 ; 1.3129000e+01 ; 2.4800000e+02 
3.500e+01 ; 3.200e+00 ; 4.200e+00 ; 1.3257000e+01 ; 2.4800000e+02 
3.500e+01 ; 3.200e+00 ; 4.200e+00 ; 1.3513000e+01 ; 2.4800000e+02 
3.500e+01 ; 3.200e+00 ; 4.200e+00 ; 1.4000000e+01 ; 2.4800000e+02 
3.500e+01 ; 3.200e+00 ; 4.200e+00 ; 1.4000000e+01 ; 2.4800000e+02 
3.500e+01 ; 3.200e+00 ; 4.200e+00 ; 1.4001000e+01 ; 2.4800000e+02 
3.500e+01 ; 3.200e+00 ; 4.200e+00 ; 1.4002000e+01 ; 2.4800000e+02 
3.500e+01 ; 3.200e+00 ; 4.200e+00 ; 1.4003000e+01 ; 2.4800000e+02 
3.500e+01 ; 3.200e+00 ; 4.200e+00 ; 1.4005000e+01 ; 2.4800000e+02 
3.500e+01 ; 3.200e+00 ; 4.200e+00 ; 1.4009000e+01 ; 2.4800000e+02 
3.500e+01 ; 3.200e+00 ; 4.200e+00 ; 1.4017000e+01 ; 2.4800000e+02 
3.500e+01 ; 3.200e+00 ; 4.200e+00 ; 1.4033000e+01 ; 2.4800000e+02 
3.500e+01 ; 3.200e+00 ; 4.200e+00 ; 1.4065000e+01 ; 2.4800000e+02 
3.500e+01 ; 3.200e+00 ; 4.200e+00 ; 1.4129000e+01 ; 2.4800000e+02 
3.500e+01 ; 3.200e+00 ; 4.200e+00 ; 1.4257000e+01 ; 2.4800000e+02 
3.500e+01 ; 3.200e+00 ; 4.200e+00 ; 1.4513000e+01 ; 2.4800000e+02 
3.500e+01 ; 3.200e+00 ; 4.200e+00 ; 1.5000000e+01 ; 2.4800000e+02 
3.500e+01 ; 3.200e+00 ; 4.200e+00 ; 1.5000000e+01 ; 2.4800000e+02 
3.500e+01 ; 3.200e+00 ; 4.200e+00 ; 1.5001000e+01 ; 2.4800000e+02 
3.500e+01 ; 3.200e+00 ; 4.200e+00 ; 1.5002000e+01 ; 2.4800000e+02 
3.500e+01 ; 3.200e+00 ; 4.200e+00 ; 1.5003000e+01 ; 2.4800000e+02 
3.500e+01 ; 3.200e+00 ; 4.200e+00 ; 1.5005000e+01 ; 2.4800000e+02 
3.500e+01 ; 3.200e+00 ; 4.200e+00 ; 1.5009000e+01 ; 2.4800000e+02 
3.500e+01 ; 3.200e+00 ; 4.200e+00 ; 1.5017000e+01 ; 2.4800000e+02 
3.500e+01 ; 3.200e+00 ; 4.200e+00 ; 1.5033000e+01 ; 2.4800000e+02 
3.500e+01 ; 3.200e+00 ; 4.200e+00 ; 1.5065000e+01 ; 2.4800000e+02 
3.500e+01 ; 3.200e+00 ; 4.200e+00 ; 1.5129000e+01 ; 2.4800000e+02 
3.500e+01 ; 3.200e+00 ; 4.200e+00 ; 1.5257000e+01 ; 2.4800000e+02 
3.500e+01 ; 3.200e+00 ; 4.200e+00 ; 1.5513000e+01 ; 2.4800000e+02 
3.500e+01 ; 3.200e+00 ; 4.200e+00 ; 1.6000000e+01 ; 2.4800000e+02 
3.500e+01 ; 3.200e+00 ; 4.200e+00 ; 1.6000000e+01 ; 2.4800000e+02 
3.500e+01 ; 3.200e+00 ; 4.200e+00 ; 1.6001000e+01 ; 2.4800000e+02 
3.500e+01 ; 3.200e+00 ; 4.200e+00 ; 1.6002000e+01 ; 2.4800000e+02 
3.500e+01 ; 3.200e+00 ; 4.200e+00 ; 1.6003000e+01 ; 2.4800000e+02 
3.500e+01 ; 3.200e+00 ; 4.200e+00 ; 1.6005000e+01 ; 2.4800000e+02 
3.500e+01 ; 3.200e+00 ; 4.200e+00 ; 1.6009000e+01 ; 2.4800000e+02 
3.500e+01 ; 3.200e+00 ; 4.200e+00 ; 1.6017000e+01 ; 2.4800000e+02 
3.500e+01 ; 3.200e+00 ; 4.200e+00 ; 1.6033000e+01 ; 2.4800000e+02 
3.500e+01 ; 3.200e+00 ; 4.200e+00 ; 1.6065000e+01 ; 2.4800000e+02 
3.500e+01 ; 3.200e+00 ; 4.200e+00 ; 1.6129000e+01 ; 2.4800000e+02 
3.500e+01 ; 3.200e+00 ; 4.200e+00 ; 1.6257000e+01 ; 2.4800000e+02 
3.500e+01 ; 3.200e+00 ; 4.200e+00 ; 1.6513000e+01 ; 2.4800000e+02 
3.500e+01 ; 3.200e+00 ; 4.200e+00 ; 1.7000000e+01 ; 2.4800000e+02 
3.500e+01 ; 3.200e+00 ; 4.200e+00 ; 1.7000000e+01 ; 2.4800000e+02 
3.500e+01 ; 3.200e+00 ; 4.200e+00 ; 1.7001000e+01 ; 2.4800000e+02 
3.500e+01 ; 3.200e+00 ; 4.200e+00 ; 1.7002000e+01 ; 2.4800000e+02 
3.500e+01 ; 3.200e+00 ; 4.200e+00 ; 1.7003000e+01 ; 2.4800000e+02 
3.500e+01 ; 3.200e+00 ; 4.200e+00 ; 1.7005000e+01 ; 2.4800000e+02 
3.500e+01 ; 3.200e+00 ; 4.200e+00 ; 1.7009000e+01 ; 2.4800000e+02 
3.500e+01 ; 3.200e+00 ; 4.200e+00 ; 1.7017000e+01 ; 2.4800000e+02 
3.500e+01 ; 3.200e+00 ; 4.200e+00 ; 1.7033000e+01 ; 2.4800000e+02 
3.500e+01 ; 3.200e+00 ; 4.200e+00 ; 1.7065000e+01 ; 2.4800000e+02 
3.500e+01 ; 3.200e+00 ; 4.200e+00 ; 1.7129000e+01 ; 2.4800000e+02 
3.500e+01 ; 3.200e+00 ; 4.200e+00 ; 1.7257000e+01 ; 2.4800000e+02 
3.500e+01 ; 3.200e+00 ; 4.200e+00 ; 1.7513000e+01 ; 2.4800000e+02 
3.500e+01 ; 3.200e+00 ; 4.200e+00 ; 1.8000000e+01 ; 2.4800000e+02 
3.500e+01 ; 3.200e+00 ; 4.200e+00 ; 1.8000000e+01 ; 2.4800000e+02 
3.500e+01 ; 3.200e+00 ; 4.200e+00 ; 1.8001000e+01 ; 2.4800000e+02 
3.500e+01 ; 3.200e+00 ; 4.200e+00 ; 1.8002000e+01 ; 2.4800000e+02 
3.500e+01 ; 3.200e+00 ; 4.200e+00 ; 1.8003000e+01 ; 2.4800000e+02 
3.500e+01 ; 3.200e+00 ; 4.200e+00 ; 1.8005000e+01 ; 2.4800000e+02 
3.500e+01 ; 3.200e+00 ; 4.200e+00 ; 1.8009000e+01 ; 2.4800000e+02 
3.500e+01 ; 3.200e+00 ; 4.200e+00 ; 1.8017000e+01 ; 2.4800000e+02 
3.500e+01 ; 3.200e+00 ; 4.200e+00 ; 1.8033000e+01 ; 2.4800000e+02 
3.500e+01 ; 3.200e+00 ; 4.200e+00 ; 1.8065000e+01 ; 2.4800000e+02 
3.500e+01 ; 3.200e+00 ; 4.200e+00 ; 1.8129000e+01 ; 2.4800000e+02 
3.500e+01 ; 3.200e+00 ; 4.200e+00 ; 1.8257000e+01 ; 2.4800000e+02 
3.500e+01 ; 3.200e+00 ; 4.200e+00 ; 1.8513000e+01 ; 2.4800000e+02 
3.500e+01 ; 3.200e+00 ; 4.200e+00 ; 1.9000000e+01 ; 2.4800000e+02 
3.500e+01 ; 3.200e+00 ; 4.200e+00 ; 1.9000000e+01 ; 2.4800000e+02 
3.500e+01 ; 3.200e+00 ; 4.200e+00 ; 1.9001000e+01 ; 2.4800000e+02 
3.500e+01 ; 3.200e+00 ; 4.200e+00 ; 1.9002000e+01 ; 2.4800000e+02 
3.500e+01 ; 3.200e+00 ; 4.200e+00 ; 1.9003000e+01 ; 2.4800000e+02 
3.500e+01 ; 3.200e+00 ; 4.200e+00 ; 1.9005000e+01 ; 2.4800000e+02 
3.500e+01 ; 3.200e+00 ; 4.200e+00 ; 1.9009000e+01 ; 2.4800000e+02 
3.500e+01 ; 3.200e+00 ; 4.200e+00 ; 1.9017000e+01 ; 2.4800000e+02 
3.500e+01 ; 3.200e+00 ; 4.200e+00 ; 1.9033000e+01 ; 2.4800000e+02 
3.500e+01 ; 3.200e+00 ; 4.200e+00 ; 1.9065000e+01 ; 2.4800000e+02 
3.500e+01 ; 3.200e+00 ; 4.200e+00 ; 1.9129000e+01 ; 2.4800000e+02 
3.500e+01 ; 3.200e+00 ; 4.200e+00 ; 1.9257000e+01 ; 2.4800000e+02 
3.500e+01 ; 3.200e+00 ; 4.200e+00 ; 1.9513000e+01 ; 2.4800000e+02 
3.500e+01 ; 3.200e+00 ; 4.200e+00 ; 2.0000000e+01 ; 2.4800000e+02 
3.500e+01 ; 3.200e+00 ; 4.200e+00 ; 2.0000000e+01 ; 2.4800000e+02 
3.500e+01 ; 3.200e+00 ; 4.200e+00 ; 2.0001000e+01 ; 2.4800000e+02 
3.500e+01 ; 3.200e+00 ; 4.200e+00 ; 2.0002000e+01 ; 2.4800000e+02 
3.500e+01 ; 3.200e+00 ; 4.200e+00 ; 2.0003000e+01 ; 2.4800000e+02 
3.500e+01 ; 3.200e+00 ; 4.200e+00 ; 2.0005000e+01 ; 2.4800000e+02 
3.500e+01 ; 3.200e+00 ; 4.200e+00 ; 2.0009000e+01 ; 2.4800000e+02 
3.500e+01 ; 3.200e+00 ; 4.200e+00 ; 2.0017000e+01 ; 2.4800000e+02 
3.500e+01 ; 3.200e+00 ; 4.200e+00 ; 2.0033000e+01 ; 2.4800000e+02 
3.500e+01 ; 3.200e+00 ; 4.200e+00 ; 2.0065000e+01 ; 2.4800000e+02 
3.500e+01 ; 3.200e+00 ; 4.200e+00 ; 2.0129000e+01 ; 2.4800000e+02 
3.500e+01 ; 3.200e+00 ; 4.200e+00 ; 2.0257000e+01 ; 2.4800000e+02 
3.500e+01 ; 3.200e+00 ; 4.200e+00 ; 2.0513000e+01 ; 2.4800000e+02 
3.500e+01 ; 3.200e+00 ; 4.200e+00 ; 2.1000000e+01 ; 2.4800000e+02 
3.500e+01 ; 3.200e+00 ; 4.200e+00 ; 2.1000000e+01 ; 2.4800000e+02 
3.500e+01 ; 3.200e+00 ; 4.200e+00 ; 2.1001000e+01 ; 2.4800000e+02 
3.500e+01 ; 3.200e+00 ; 4.200e+00 ; 2.1002000e+01 ; 2.4800000e+02 
3.500e+01 ; 3.200e+00 ; 4.200e+00 ; 2.1003000e+01 ; 2.4800000e+02 
3.500e+01 ; 3.200e+00 ; 4.200e+00 ; 2.1005000e+01 ; 2.4800000e+02 
3.500e+01 ; 3.200e+00 ; 4.200e+00 ; 2.1009000e+01 ; 2.4800000e+02 
3.500e+01 ; 3.200e+00 ; 4.200e+00 ; 2.1017000e+01 ; 2.4800000e+02 
3.500e+01 ; 3.200e+00 ; 4.200e+00 ; 2.1033000e+01 ; 2.4800000e+02 
3.500e+01 ; 3.200e+00 ; 4.200e+00 ; 2.1065000e+01 ; 2.4800000e+02 
3.500e+01 ; 3.200e+00 ; 4.200e+00 ; 2.1129000e+01 ; 2.4800000e+02 
3.500e+01 ; 3.200e+00 ; 4.200e+00 ; 2.1257000e+01 ; 2.4800000e+02 
3.500e+01 ; 3.200e+00 ; 4.200e+00 ; 2.1513000e+01 ; 2.4800000e+02 
3.500e+01 ; 3.200e+00 ; 4.200e+00 ; 2.2000000e+01 ; 2.4800000e+02 
3.500e+01 ; 3.200e+00 ; 4.200e+00 ; 2.2000000e+01 ; 2.4800000e+02 
3.500e+01 ; 3.200e+00 ; 4.200e+00 ; 2.2001000e+01 ; 2.4800000e+02 
3.500e+01 ; 3.200e+00 ; 4.200e+00 ; 2.2002000e+01 ; 2.4800000e+02 
3.500e+01 ; 3.200e+00 ; 4.200e+00 ; 2.2003000e+01 ; 2.4800000e+02 
3.500e+01 ; 3.200e+00 ; 4.200e+00 ; 2.2005000e+01 ; 2.4800000e+02 
3.500e+01 ; 3.200e+00 ; 4.200e+00 ; 2.2009000e+01 ; 2.4800000e+02 
3.500e+01 ; 3.200e+00 ; 4.200e+00 ; 2.2017000e+01 ; 2.4800000e+02 
3.500e+01 ; 3.200e+00 ; 4.200e+00 ; 2.2033000e+01 ; 2.4800000e+02 
3.500e+01 ; 3.200e+00 ; 4.200e+00 ; 2.2065000e+01 ; 2.4800000e+02 
3.500e+01 ; 3.200e+00 ; 4.200e+00 ; 2.2129000e+01 ; 2.4800000e+02 
3.500e+01 ; 3.200e+00 ; 4.200e+00 ; 2.2257000e+01 ; 2.4800000e+02 
3.500e+01 ; 3.200e+00 ; 4.200e+00 ; 2.2513000e+01 ; 2.4800000e+02 
3.500e+01 ; 3.200e+00 ; 4.200e+00 ; 2.3000000e+01 ; 2.4800000e+02 
3.500e+01 ; 3.200e+00 ; 4.200e+00 ; 2.3000000e+01 ; 2.4800000e+02 
3.500e+01 ; 3.200e+00 ; 4.200e+00 ; 2.3001000e+01 ; 2.4800000e+02 
3.500e+01 ; 3.200e+00 ; 4.200e+00 ; 2.3002000e+01 ; 2.4800000e+02 
3.500e+01 ; 3.200e+00 ; 4.200e+00 ; 2.3003000e+01 ; 2.4800000e+02 
3.500e+01 ; 3.200e+00 ; 4.200e+00 ; 2.3005000e+01 ; 2.4800000e+02 
3.500e+01 ; 3.200e+00 ; 4.200e+00 ; 2.3009000e+01 ; 2.4800000e+02 
3.500e+01 ; 3.200e+00 ; 4.200e+00 ; 2.3017000e+01 ; 2.4800000e+02 
3.500e+01 ; 3.200e+00 ; 4.200e+00 ; 2.3033000e+01 ; 2.4800000e+02 
3.500e+01 ; 3.200e+00 ; 4.200e+00 ; 2.3065000e+01 ; 2.4800000e+02 
3.500e+01 ; 3.200e+00 ; 4.200e+00 ; 2.3129000e+01 ; 2.4800000e+02 
3.500e+01 ; 3.200e+00 ; 4.200e+00 ; 2.3257000e+01 ; 2.4800000e+02 
3.500e+01 ; 3.200e+00 ; 4.200e+00 ; 2.3513000e+01 ; 2.4800000e+02 
3.500e+01 ; 3.200e+00 ; 4.200e+00 ; 2.4000000e+01 ; 2.4800000e+02 
3.500e+01 ; 3.200e+00 ; 4.200e+00 ; 2.4000000e+01 ; 2.4800000e+02 
3.500e+01 ; 3.200e+00 ; 4.200e+00 ; 2.4001000e+01 ; 2.4800000e+02 
3.500e+01 ; 3.200e+00 ; 4.200e+00 ; 2.4002000e+01 ; 2.4800000e+02 
3.500e+01 ; 3.200e+00 ; 4.200e+00 ; 2.4003000e+01 ; 2.4800000e+02 
3.500e+01 ; 3.200e+00 ; 4.200e+00 ; 2.4005000e+01 ; 2.4800000e+02 
3.500e+01 ; 3.200e+00 ; 4.200e+00 ; 2.4009000e+01 ; 2.4800000e+02 
3.500e+01 ; 3.200e+00 ; 4.200e+00 ; 2.4017000e+01 ; 2.4800000e+02 
3.500e+01 ; 3.200e+00 ; 4.200e+00 ; 2.4033000e+01 ; 2.4800000e+02 
3.500e+01 ; 3.200e+00 ; 4.200e+00 ; 2.4065000e+01 ; 2.4800000e+02 
3.500e+01 ; 3.200e+00 ; 4.200e+00 ; 2.4129000e+01 ; 2.4800000e+02 
3.500e+01 ; 3.200e+00 ; 4.200e+00 ; 2.4257000e+01 ; 2.4800000e+02 
3.500e+01 ; 3.200e+00 ; 4.200e+00 ; 2.4513000e+01 ; 2.4800000e+02 
3.500e+01 ; 3.200e+00 ; 4.200e+00 ; 2.5000000e+01 ; 2.4800000e+02 
3.500e+01 ; 3.200e+00 ; 4.200e+00 ; 2.5000000e+01 ; 2.4800000e+02 
3.500e+01 ; 3.200e+00 ; 4.200e+00 ; 2.5001000e+01 ; 2.4800000e+02 
3.500e+01 ; 3.200e+00 ; 4.200e+00 ; 2.5002000e+01 ; 2.4800000e+02 
3.500e+01 ; 3.200e+00 ; 4.200e+00 ; 2.5003000e+01 ; 2.4800000e+02 
3.500e+01 ; 3.200e+00 ; 4.200e+00 ; 2.5005000e+01 ; 2.4800000e+02 
3.500e+01 ; 3.200e+00 ; 4.200e+00 ; 2.5009000e+01 ; 2.4800000e+02 
3.500e+01 ; 3.200e+00 ; 4.200e+00 ; 2.5017000e+01 ; 2.4800000e+02 
3.500e+01 ; 3.200e+00 ; 4.200e+00 ; 2.5033000e+01 ; 2.4800000e+02 
3.500e+01 ; 3.200e+00 ; 4.200e+00 ; 2.5065000e+01 ; 2.4800000e+02 
3.500e+01 ; 3.200e+00 ; 4.200e+00 ; 2.5129000e+01 ; 2.4800000e+02 
3.500e+01 ; 3.200e+00 ; 4.200e+00 ; 2.5257000e+01 ; 2.4800000e+02 
3.500e+01 ; 3.200e+00 ; 4.200e+00 ; 2.5513000e+01 ; 2.4800000e+02 
3.500e+01 ; 3.200e+00 ; 4.200e+00 ; 2.6000000e+01 ; 2.4800000e+02 
3.500e+01 ; 3.200e+00 ; 4.200e+00 ; 2.6000000e+01 ; 2.4800000e+02 
3.500e+01 ; 3.200e+00 ; 4.200e+00 ; 2.6001000e+01 ; 2.4800000e+02 
3.500e+01 ; 3.200e+00 ; 4.200e+00 ; 2.6002000e+01 ; 2.4800000e+02 
3.500e+01 ; 3.200e+00 ; 4.200e+00 ; 2.6003000e+01 ; 2.4800000e+02 
3.500e+01 ; 3.200e+00 ; 4.200e+00 ; 2.6005000e+01 ; 2.4800000e+02 
3.500e+01 ; 3.200e+00 ; 4.200e+00 ; 2.6009000e+01 ; 2.4800000e+02 
3.500e+01 ; 3.200e+00 ; 4.200e+00 ; 2.6017000e+01 ; 2.4800000e+02 
3.500e+01 ; 3.200e+00 ; 4.200e+00 ; 2.6033000e+01 ; 2.4800000e+02 
3.500e+01 ; 3.200e+00 ; 4.200e+00 ; 2.6065000e+01 ; 2.4800000e+02 
3.500e+01 ; 3.200e+00 ; 4.200e+00 ; 2.6129000e+01 ; 2.4800000e+02 
3.500e+01 ; 3.200e+00 ; 4.200e+00 ; 2.6257000e+01 ; 2.4800000e+02 
3.500e+01 ; 3.200e+00 ; 4.200e+00 ; 2.6513000e+01 ; 2.4800000e+02 
3.500e+01 ; 3.200e+00 ; 4.200e+00 ; 2.7000000e+01 ; 2.4800000e+02 
3.500e+01 ; 3.200e+00 ; 4.200e+00 ; 2.7000000e+01 ; 2.4800000e+02 
3.500e+01 ; 3.200e+00 ; 4.200e+00 ; 2.7001000e+01 ; 2.4800000e+02 
3.500e+01 ; 3.200e+00 ; 4.200e+00 ; 2.7002000e+01 ; 2.4800000e+02 
3.500e+01 ; 3.200e+00 ; 4.200e+00 ; 2.7003000e+01 ; 2.4800000e+02 
3.500e+01 ; 3.200e+00 ; 4.200e+00 ; 2.7005000e+01 ; 2.4800000e+02 
3.500e+01 ; 3.200e+00 ; 4.200e+00 ; 2.7009000e+01 ; 2.4800000e+02 
3.500e+01 ; 3.200e+00 ; 4.200e+00 ; 2.7017000e+01 ; 2.4800000e+02 
3.500e+01 ; 3.200e+00 ; 4.200e+00 ; 2.7033000e+01 ; 2.4800000e+02 
3.500e+01 ; 3.200e+00 ; 4.200e+00 ; 2.7065000e+01 ; 2.4800000e+02 
3.500e+01 ; 3.200e+00 ; 4.200e+00 ; 2.7129000e+01 ; 2.4800000e+02 
3.500e+01 ; 3.200e+00 ; 4.200e+00 ; 2.7257000e+01 ; 2.4800000e+02 
3.500e+01 ; 3.200e+00 ; 4.200e+00 ; 2.7513000e+01 ; 2.4800000e+02 
3.500e+01 ; 3.200e+00 ; 4.200e+00 ; 2.8000000e+01 ; 2.4800000e+02 
3.500e+01 ; 3.200e+00 ; 4.200e+00 ; 2.8000000e+01 ; 2.4800000e+02 
3.500e+01 ; 3.200e+00 ; 4.200e+00 ; 2.8001000e+01 ; 2.4800000e+02 
3.500e+01 ; 3.200e+00 ; 4.200e+00 ; 2.8002000e+01 ; 2.4800000e+02 
3.500e+01 ; 3.200e+00 ; 4.200e+00 ; 2.8003000e+01 ; 2.4800000e+02 
3.500e+01 ; 3.200e+00 ; 4.200e+00 ; 2.8005000e+01 ; 2.4800000e+02 
3.500e+01 ; 3.200e+00 ; 4.200e+00 ; 2.8009000e+01 ; 2.4800000e+02 
3.500e+01 ; 3.200e+00 ; 4.200e+00 ; 2.8017000e+01 ; 2.4800000e+02 
3.500e+01 ; 3.200e+00 ; 4.200e+00 ; 2.8033000e+01 ; 2.4800000e+02 
3.500e+01 ; 3.200e+00 ; 4.200e+00 ; 2.8065000e+01 ; 2.4800000e+02 
3.500e+01 ; 3.200e+00 ; 4.200e+00 ; 2.8129000e+01 ; 2.4800000e+02 
3.500e+01 ; 3.200e+00 ; 4.200e+00 ; 2.8257000e+01 ; 2.4800000e+02 
3.500e+01 ; 3.200e+00 ; 4.200e+00 ; 2.8513000e+01 ; 2.4800000e+02 
3.500e+01 ; 3.200e+00 ; 4.200e+00 ; 2.9000000e+01 ; 2.4800000e+02 
3.500e+01 ; 3.200e+00 ; 4.200e+00 ; 2.9000000e+01 ; 2.4800000e+02 
3.500e+01 ; 3.200e+00 ; 4.200e+00 ; 2.9001000e+01 ; 2.4800000e+02 
3.500e+01 ; 3.200e+00 ; 4.200e+00 ; 2.9002000e+01 ; 2.4800000e+02 
3.500e+01 ; 3.200e+00 ; 4.200e+00 ; 2.9003000e+01 ; 2.4800000e+02 
3.500e+01 ; 3.200e+00 ; 4.200e+00 ; 2.9005000e+01 ; 2.4800000e+02 
3.500e+01 ; 3.200e+00 ; 4.200e+00 ; 2.9009000e+01 ; 2.4800000e+02 
3.500e+01 ; 3.200e+00 ; 4.200e+00 ; 2.9017000e+01 ; 2.4800000e+02 
3.500e+01 ; 3.200e+00 ; 4.200e+00 ; 2.9033000e+01 ; 2.4800000e+02 
3.500e+01 ; 3.200e+00 ; 4.200e+00 ; 2.9065000e+01 ; 2.4800000e+02 
3.500e+01 ; 3.200e+00 ; 4.200e+00 ; 2.9129000e+01 ; 2.4800000e+02 
3.500e+01 ; 3.200e+00 ; 4.200e+00 ; 2.9257000e+01 ; 2.4800000e+02 
3.500e+01 ; 3.200e+00 ; 4.200e+00 ; 2.9513000e+01 ; 2.4800000e+02 
3.500e+01 ; 3.200e+00 ; 4.200e+00 ; 3.0000000e+01 ; 2.4800000e+02 
3.500e+01 ; 3.200e+00 ; 4.200e+00 ; 3.0000000e+01 ; 2.4800000e+02 
3.500e+01 ; 3.200e+00 ; 4.200e+00 ; 3.0001000e+01 ; 2.4800000e+02 
3.500e+01 ; 3.200e+00 ; 4.200e+00 ; 3.0002000e+01 ; 2.4800000e+02 
3.500e+01 ; 3.200e+00 ; 4.200e+00 ; 3.0003000e+01 ; 2.4800000e+02 
3.500e+01 ; 3.200e+00 ; 4.200e+00 ; 3.0005000e+01 ; 2.4800000e+02 
3.500e+01 ; 3.200e+00 ; 4.200e+00 ; 3.0009000e+01 ; 2.4800000e+02 
3.500e+01 ; 3.200e+00 ; 4.200e+00 ; 3.0017000e+01 ; 2.4800000e+02 
3.500e+01 ; 3.200e+00 ; 4.200e+00 ; 3.0033000e+01 ; 2.4800000e+02 
3.500e+01 ; 3.200e+00 ; 4.200e+00 ; 3.0065000e+01 ; 2.4800000e+02 
3.500e+01 ; 3.200e+00 ; 4.200e+00 ; 3.0129000e+01 ; 2.4800000e+02 
3.500e+01 ; 3.200e+00 ; 4.200e+00 ; 3.0257000e+01 ; 2.4800000e+02 
3.500e+01 ; 3.200e+00 ; 4.200e+00 ; 3.0513000e+01 ; 2.4800000e+02 
3.500e+01 ; 3.200e+00 ; 4.200e+00 ; 3.1000000e+01 ; 2.4800000e+02 
3.500e+01 ; 3.200e+00 ; 4.200e+00 ; 3.1000000e+01 ; 2.4800000e+02 
3.500e+01 ; 3.200e+00 ; 4.200e+00 ; 3.1001000e+01 ; 2.4800000e+02 
3.500e+01 ; 3.200e+00 ; 4.200e+00 ; 3.1002000e+01 ; 2.4800000e+02 
3.500e+01 ; 3.200e+00 ; 4.200e+00 ; 3.1003000e+01 ; 2.4800000e+02 
3.500e+01 ; 3.200e+00 ; 4.200e+00 ; 3.1005000e+01 ; 2.4800000e+02 
3.500e+01 ; 3.200e+00 ; 4.200e+00 ; 3.1009000e+01 ; 2.4800000e+02 
3.500e+01 ; 3.200e+00 ; 4.200e+00 ; 3.1017000e+01 ; 2.4800000e+02 
3.500e+01 ; 3.200e+00 ; 4.200e+00 ; 3.1033000e+01 ; 2.4800000e+02 
3.500e+01 ; 3.200e+00 ; 4.200e+00 ; 3.1065000e+01 ; 2.4800000e+02 
3.500e+01 ; 3.200e+00 ; 4.200e+00 ; 3.1129000e+01 ; 2.4800000e+02 
3.500e+01 ; 3.200e+00 ; 4.200e+00 ; 3.1257000e+01 ; 2.4800000e+02 
3.500e+01 ; 3.200e+00 ; 4.200e+00 ; 3.1513000e+01 ; 2.4800000e+02 
3.500e+01 ; 3.200e+00 ; 4.200e+00 ; 3.2000000e+01 ; 2.4800000e+02 
3.500e+01 ; 3.200e+00 ; 4.200e+00 ; 3.2000000e+01 ; 2.4800000e+02 
3.500e+01 ; 3.200e+00 ; 4.200e+00 ; 3.2001000e+01 ; 2.4800000e+02 
3.500e+01 ; 3.200e+00 ; 4.200e+00 ; 3.2002000e+01 ; 2.4800000e+02 
3.500e+01 ; 3.200e+00 ; 4.200e+00 ; 3.2003000e+01 ; 2.4800000e+02 
3.500e+01 ; 3.200e+00 ; 4.200e+00 ; 3.2005000e+01 ; 2.4800000e+02 
3.500e+01 ; 3.200e+00 ; 4.200e+00 ; 3.2009000e+01 ; 2.4800000e+02 
3.500e+01 ; 3.200e+00 ; 4.200e+00 ; 3.2017000e+01 ; 2.4800000e+02 
3.500e+01 ; 3.200e+00 ; 4.200e+00 ; 3.2033000e+01 ; 2.4800000e+02 
3.500e+01 ; 3.200e+00 ; 4.200e+00 ; 3.2065000e+01 ; 2.4800000e+02 
3.500e+01 ; 3.200e+00 ; 4.200e+00 ; 3.2129000e+01 ; 2.4800000e+02 
3.500e+01 ; 3.200e+00 ; 4.200e+00 ; 3.2257000e+01 ; 2.4800000e+02 
3.500e+01 ; 3.200e+00 ; 4.200e+00 ; 3.2513000e+01 ; 2.4800000e+02 
3.500e+01 ; 3.200e+00 ; 4.200e+00 ; 3.3000000e+01 ; 2.4800000e+02 
3.500e+01 ; 3.200e+00 ; 4.200e+00 ; 3.3000000e+01 ; 2.4800000e+02 
3.500e+01 ; 3.200e+00 ; 4.200e+00 ; 3.3001000e+01 ; 2.4800000e+02 
3.500e+01 ; 3.200e+00 ; 4.200e+00 ; 3.3002000e+01 ; 2.4800000e+02 
3.500e+01 ; 3.200e+00 ; 4.200e+00 ; 3.3003000e+01 ; 2.4800000e+02 
3.500e+01 ; 3.200e+00 ; 4.200e+00 ; 3.3005000e+01 ; 2.4800000e+02 
3.500e+01 ; 3.200e+00 ; 4.200e+00 ; 3.3009000e+01 ; 2.4800000e+02 
3.500e+01 ; 3.200e+00 ; 4.200e+00 ; 3.3017000e+01 ; 2.4800000e+02 
3.500e+01 ; 3.200e+00 ; 4.200e+00 ; 3.3033000e+01 ; 2.4800000e+02 
3.500e+01 ; 3.200e+00 ; 4.200e+00 ; 3.3065000e+01 ; 2.4800000e+02 
3.500e+01 ; 3.200e+00 ; 4.200e+00 ; 3.3129000e+01 ; 2.4800000e+02 
3.500e+01 ; 3.200e+00 ; 4.200e+00 ; 3.3257000e+01 ; 2.4800000e+02 
3.500e+01 ; 3.200e+00 ; 4.200e+00 ; 3.3513000e+01 ; 2.4800000e+02 
3.500e+01 ; 3.200e+00 ; 4.200e+00 ; 3.4000000e+01 ; 2.4800000e+02 
3.500e+01 ; 3.200e+00 ; 4.200e+00 ; 3.4000000e+01 ; 2.4800000e+02 
3.500e+01 ; 3.200e+00 ; 4.200e+00 ; 3.4001000e+01 ; 2.4800000e+02 
3.500e+01 ; 3.200e+00 ; 4.200e+00 ; 3.4002000e+01 ; 2.4800000e+02 
3.500e+01 ; 3.200e+00 ; 4.200e+00 ; 3.4003000e+01 ; 2.4800000e+02 
3.500e+01 ; 3.200e+00 ; 4.200e+00 ; 3.4005000e+01 ; 2.4800000e+02 
3.500e+01 ; 3.200e+00 ; 4.200e+00 ; 3.4009000e+01 ; 2.4800000e+02 
3.500e+01 ; 3.200e+00 ; 4.200e+00 ; 3.4017000e+01 ; 2.4800000e+02 
3.500e+01 ; 3.200e+00 ; 4.200e+00 ; 3.4033000e+01 ; 2.4800000e+02 
3.500e+01 ; 3.200e+00 ; 4.200e+00 ; 3.4065000e+01 ; 2.4800000e+02 
3.500e+01 ; 3.200e+00 ; 4.200e+00 ; 3.4129000e+01 ; 2.4800000e+02 
3.500e+01 ; 3.200e+00 ; 4.200e+00 ; 3.4257000e+01 ; 2.4800000e+02 
3.500e+01 ; 3.200e+00 ; 4.200e+00 ; 3.4513000e+01 ; 2.4800000e+02 
3.500e+01 ; 3.200e+00 ; 4.200e+00 ; 3.5000000e+01 ; 2.4800000e+02 
3.500e+01 ; 3.200e+00 ; 4.200e+00 ; 3.5000000e+01 ; 2.4800000e+02 
3.500e+01 ; 3.200e+00 ; 4.200e+00 ; 3.5001000e+01 ; 2.4800000e+02 
3.500e+01 ; 3.200e+00 ; 4.200e+00 ; 3.5002000e+01 ; 2.4800000e+02 
3.500e+01 ; 3.200e+00 ; 4.200e+00 ; 3.5003000e+01 ; 2.4800000e+02 
3.500e+01 ; 3.200e+00 ; 4.200e+00 ; 3.5005000e+01 ; 2.4800000e+02 
3.500e+01 ; 3.200e+00 ; 4.200e+00 ; 3.5009000e+01 ; 2.4800000e+02 
3.500e+01 ; 3.200e+00 ; 4.200e+00 ; 3.5017000e+01 ; 2.4800000e+02 
3.500e+01 ; 3.200e+00 ; 4.200e+00 ; 3.5033000e+01 ; 2.4800000e+02 
3.500e+01 ; 3.200e+00 ; 4.200e+00 ; 3.5065000e+01 ; 2.4800000e+02 
3.500e+01 ; 3.200e+00 ; 4.200e+00 ; 3.5129000e+01 ; 2.4800000e+02 
3.500e+01 ; 3.200e+00 ; 4.200e+00 ; 3.5257000e+01 ; 2.4800000e+02 
3.500e+01 ; 3.200e+00 ; 4.200e+00 ; 3.5513000e+01 ; 2.4800000e+02 
3.500e+01 ; 3.200e+00 ; 4.200e+00 ; 3.6000000e+01 ; 2.4800000e+02 
3.500e+01 ; 3.200e+00 ; 4.200e+00 ; 3.6000000e+01 ; 2.4800000e+02 
3.500e+01 ; 3.200e+00 ; 4.200e+00 ; 3.6001000e+01 ; 2.4800000e+02 
3.500e+01 ; 3.200e+00 ; 4.200e+00 ; 3.6002000e+01 ; 2.4800000e+02 
3.500e+01 ; 3.200e+00 ; 4.200e+00 ; 3.6003000e+01 ; 2.4800000e+02 
3.500e+01 ; 3.200e+00 ; 4.200e+00 ; 3.6005000e+01 ; 2.4800000e+02 
3.500e+01 ; 3.200e+00 ; 4.200e+00 ; 3.6009000e+01 ; 2.4800000e+02 
3.500e+01 ; 3.200e+00 ; 4.200e+00 ; 3.6017000e+01 ; 2.4800000e+02 
3.500e+01 ; 3.200e+00 ; 4.200e+00 ; 3.6033000e+01 ; 2.4800000e+02 
3.500e+01 ; 3.200e+00 ; 4.200e+00 ; 3.6065000e+01 ; 2.4800000e+02 
3.500e+01 ; 3.200e+00 ; 4.200e+00 ; 3.6129000e+01 ; 2.4800000e+02 
3.500e+01 ; 3.200e+00 ; 4.200e+00 ; 3.6257000e+01 ; 2.4800000e+02 
3.500e+01 ; 3.200e+00 ; 4.200e+00 ; 3.6513000e+01 ; 2.4800000e+02 
3.500e+01 ; 3.200e+00 ; 4.200e+00 ; 3.7000000e+01 ; 2.4800000e+02 
3.500e+01 ; 3.200e+00 ; 4.200e+00 ; 3.7000000e+01 ; 2.4800000e+02 
3.500e+01 ; 3.200e+00 ; 4.200e+00 ; 3.7001000e+01 ; 2.4800000e+02 
3.500e+01 ; 3.200e+00 ; 4.200e+00 ; 3.7002000e+01 ; 2.4800000e+02 
3.500e+01 ; 3.200e+00 ; 4.200e+00 ; 3.7003000e+01 ; 2.4800000e+02 
3.500e+01 ; 3.200e+00 ; 4.200e+00 ; 3.7005000e+01 ; 2.4800000e+02 
3.500e+01 ; 3.200e+00 ; 4.200e+00 ; 3.7009000e+01 ; 2.4800000e+02 
3.500e+01 ; 3.200e+00 ; 4.200e+00 ; 3.7017000e+01 ; 2.4800000e+02 
3.500e+01 ; 3.200e+00 ; 4.200e+00 ; 3.7033000e+01 ; 2.4800000e+02 
3.500e+01 ; 3.200e+00 ; 4.200e+00 ; 3.7065000e+01 ; 2.4800000e+02 
3.500e+01 ; 3.200e+00 ; 4.200e+00 ; 3.7129000e+01 ; 2.4800000e+02 
3.500e+01 ; 3.200e+00 ; 4.200e+00 ; 3.7257000e+01 ; 2.4800000e+02 
3.500e+01 ; 3.200e+00 ; 4.200e+00 ; 3.7513000e+01 ; 2.4800000e+02 
3.500e+01 ; 3.200e+00 ; 4.200e+00 ; 3.8000000e+01 ; 2.4800000e+02 
3.500e+01 ; 3.200e+00 ; 4.200e+00 ; 3.8000000e+01 ; 2.4800000e+02 
3.500e+01 ; 3.200e+00 ; 4.200e+00 ; 3.8001000e+01 ; 2.4800000e+02 
3.500e+01 ; 3.200e+00 ; 4.200e+00 ; 3.8002000e+01 ; 2.4800000e+02 
3.500e+01 ; 3.200e+00 ; 4.200e+00 ; 3.8003000e+01 ; 2.4800000e+02 
3.500e+01 ; 3.200e+00 ; 4.200e+00 ; 3.8005000e+01 ; 2.4800000e+02 
3.500e+01 ; 3.200e+00 ; 4.200e+00 ; 3.8009000e+01 ; 2.4800000e+02 
3.500e+01 ; 3.200e+00 ; 4.200e+00 ; 3.8017000e+01 ; 2.4800000e+02 
3.500e+01 ; 3.200e+00 ; 4.200e+00 ; 3.8033000e+01 ; 2.4800000e+02 
3.500e+01 ; 3.200e+00 ; 4.200e+00 ; 3.8065000e+01 ; 2.4800000e+02 
3.500e+01 ; 3.200e+00 ; 4.200e+00 ; 3.8129000e+01 ; 2.4800000e+02 
3.500e+01 ; 3.200e+00 ; 4.200e+00 ; 3.8257000e+01 ; 2.4800000e+02 
3.500e+01 ; 3.200e+00 ; 4.200e+00 ; 3.8513000e+01 ; 2.4800000e+02 
3.500e+01 ; 3.200e+00 ; 4.200e+00 ; 3.9000000e+01 ; 2.4800000e+02 
3.500e+01 ; 3.200e+00 ; 4.200e+00 ; 3.9000000e+01 ; 2.4800000e+02 
3.500e+01 ; 3.200e+00 ; 4.200e+00 ; 3.9001000e+01 ; 2.4800000e+02 
3.500e+01 ; 3.200e+00 ; 4.200e+00 ; 3.9002000e+01 ; 2.4800000e+02 
3.500e+01 ; 3.200e+00 ; 4.200e+00 ; 3.9003000e+01 ; 2.4800000e+02 
3.500e+01 ; 3.200e+00 ; 4.200e+00 ; 3.9005000e+01 ; 2.4800000e+02 
3.500e+01 ; 3.200e+00 ; 4.200e+00 ; 3.9009000e+01 ; 2.4800000e+02 
3.500e+01 ; 3.200e+00 ; 4.200e+00 ; 3.9017000e+01 ; 2.4800000e+02 
3.500e+01 ; 3.200e+00 ; 4.200e+00 ; 3.9033000e+01 ; 2.4800000e+02 
3.500e+01 ; 3.200e+00 ; 4.200e+00 ; 3.9065000e+01 ; 2.4800000e+02 
3.500e+01 ; 3.200e+00 ; 4.200e+00 ; 3.9129000e+01 ; 2.4800000e+02 
3.500e+01 ; 3.200e+00 ; 4.200e+00 ; 3.9257000e+01 ; 2.4800000e+02 
3.500e+01 ; 3.200e+00 ; 4.200e+00 ; 3.9513000e+01 ; 2.4800000e+02 
3.500e+01 ; 3.200e+00 ; 4.200e+00 ; 4.0000000e+01 ; 2.4800000e+02 
3.500e+01 ; 3.200e+00 ; 4.200e+00 ; 4.0000000e+01 ; 2.4800000e+02 
3.500e+01 ; 3.200e+00 ; 4.200e+00 ; 4.0001000e+01 ; 2.4800000e+02 
3.500e+01 ; 3.200e+00 ; 4.200e+00 ; 4.0002000e+01 ; 2.4800000e+02 
3.500e+01 ; 3.200e+00 ; 4.200e+00 ; 4.0003000e+01 ; 2.4800000e+02 
3.500e+01 ; 3.200e+00 ; 4.200e+00 ; 4.0005000e+01 ; 2.4800000e+02 
3.500e+01 ; 3.200e+00 ; 4.200e+00 ; 4.0009000e+01 ; 2.4800000e+02 
3.500e+01 ; 3.200e+00 ; 4.200e+00 ; 4.0017000e+01 ; 2.4800000e+02 
3.500e+01 ; 3.200e+00 ; 4.200e+00 ; 4.0033000e+01 ; 2.4800000e+02 
3.500e+01 ; 3.200e+00 ; 4.200e+00 ; 4.0065000e+01 ; 2.4800000e+02 
3.500e+01 ; 3.200e+00 ; 4.200e+00 ; 4.0129000e+01 ; 2.4800000e+02 
3.500e+01 ; 3.200e+00 ; 4.200e+00 ; 4.0257000e+01 ; 2.4800000e+02 
3.500e+01 ; 3.200e+00 ; 4.200e+00 ; 4.0513000e+01 ; 2.4800000e+02 
3.500e+01 ; 3.200e+00 ; 4.200e+00 ; 4.1000000e+01 ; 2.4800000e+02 
3.500e+01 ; 3.200e+00 ; 4.200e+00 ; 4.1000000e+01 ; 2.4800000e+02 
3.500e+01 ; 3.200e+00 ; 4.200e+00 ; 4.1001000e+01 ; 2.4800000e+02 
3.500e+01 ; 3.200e+00 ; 4.200e+00 ; 4.1002000e+01 ; 2.4800000e+02 
3.500e+01 ; 3.200e+00 ; 4.200e+00 ; 4.1003000e+01 ; 2.4800000e+02 
3.500e+01 ; 3.200e+00 ; 4.200e+00 ; 4.1005000e+01 ; 2.4800000e+02 
3.500e+01 ; 3.200e+00 ; 4.200e+00 ; 4.1009000e+01 ; 2.4800000e+02 
3.500e+01 ; 3.200e+00 ; 4.200e+00 ; 4.1017000e+01 ; 2.4800000e+02 
3.500e+01 ; 3.200e+00 ; 4.200e+00 ; 4.1033000e+01 ; 2.4800000e+02 
3.500e+01 ; 3.200e+00 ; 4.200e+00 ; 4.1065000e+01 ; 2.4800000e+02 
3.500e+01 ; 3.200e+00 ; 4.200e+00 ; 4.1129000e+01 ; 2.4800000e+02 
3.500e+01 ; 3.200e+00 ; 4.200e+00 ; 4.1257000e+01 ; 2.4800000e+02 
3.500e+01 ; 3.200e+00 ; 4.200e+00 ; 4.1513000e+01 ; 2.4800000e+02 
3.500e+01 ; 3.200e+00 ; 4.200e+00 ; 4.2000000e+01 ; 2.4800000e+02 
3.500e+01 ; 3.200e+00 ; 4.200e+00 ; 4.2000000e+01 ; 2.4800000e+02 
3.500e+01 ; 3.200e+00 ; 4.200e+00 ; 4.2001000e+01 ; 2.4800000e+02 
3.500e+01 ; 3.200e+00 ; 4.200e+00 ; 4.2002000e+01 ; 2.4800000e+02 
3.500e+01 ; 3.200e+00 ; 4.200e+00 ; 4.2003000e+01 ; 2.4800000e+02 
3.500e+01 ; 3.200e+00 ; 4.200e+00 ; 4.2005000e+01 ; 2.4800000e+02 
3.500e+01 ; 3.200e+00 ; 4.200e+00 ; 4.2009000e+01 ; 2.4800000e+02 
3.500e+01 ; 3.200e+00 ; 4.200e+00 ; 4.2017000e+01 ; 2.4800000e+02 
3.500e+01 ; 3.200e+00 ; 4.200e+00 ; 4.2033000e+01 ; 2.4800000e+02 
3.500e+01 ; 3.200e+00 ; 4.200e+00 ; 4.2065000e+01 ; 2.4800000e+02 
3.500e+01 ; 3.200e+00 ; 4.200e+00 ; 4.2129000e+01 ; 2.4800000e+02 
3.500e+01 ; 3.200e+00 ; 4.200e+00 ; 4.2257000e+01 ; 2.4800000e+02 
3.500e+01 ; 3.200e+00 ; 4.200e+00 ; 4.2513000e+01 ; 2.4800000e+02 
3.500e+01 ; 3.200e+00 ; 4.200e+00 ; 4.3000000e+01 ; 2.4800000e+02 
3.500e+01 ; 3.200e+00 ; 4.200e+00 ; 4.3000000e+01 ; 2.4800000e+02 
3.500e+01 ; 3.200e+00 ; 4.200e+00 ; 4.3001000e+01 ; 2.4800000e+02 
3.500e+01 ; 3.200e+00 ; 4.200e+00 ; 4.3002000e+01 ; 2.4800000e+02 
3.500e+01 ; 3.200e+00 ; 4.200e+00 ; 4.3003000e+01 ; 2.4800000e+02 
3.500e+01 ; 3.200e+00 ; 4.200e+00 ; 4.3005000e+01 ; 2.4800000e+02 
3.500e+01 ; 3.200e+00 ; 4.200e+00 ; 4.3009000e+01 ; 2.4800000e+02 
3.500e+01 ; 3.200e+00 ; 4.200e+00 ; 4.3017000e+01 ; 2.4800000e+02 
3.500e+01 ; 3.200e+00 ; 4.200e+00 ; 4.3033000e+01 ; 2.4800000e+02 
3.500e+01 ; 3.200e+00 ; 4.200e+00 ; 4.3065000e+01 ; 2.4800000e+02 
3.500e+01 ; 3.200e+00 ; 4.200e+00 ; 4.3129000e+01 ; 2.4800000e+02 
3.500e+01 ; 3.200e+00 ; 4.200e+00 ; 4.3257000e+01 ; 2.4800000e+02 
3.500e+01 ; 3.200e+00 ; 4.200e+00 ; 4.3513000e+01 ; 2.4800000e+02 
3.500e+01 ; 3.200e+00 ; 4.200e+00 ; 4.4000000e+01 ; 2.4800000e+02 
3.500e+01 ; 3.200e+00 ; 4.200e+00 ; 4.4000000e+01 ; 2.4800000e+02 
3.500e+01 ; 3.200e+00 ; 4.200e+00 ; 4.4001000e+01 ; 2.4800000e+02 
3.500e+01 ; 3.200e+00 ; 4.200e+00 ; 4.4002000e+01 ; 2.4800000e+02 
3.500e+01 ; 3.200e+00 ; 4.200e+00 ; 4.4003000e+01 ; 2.4800000e+02 
3.500e+01 ; 3.200e+00 ; 4.200e+00 ; 4.4005000e+01 ; 2.4800000e+02 
3.500e+01 ; 3.200e+00 ; 4.200e+00 ; 4.4009000e+01 ; 2.4800000e+02 
3.500e+01 ; 3.200e+00 ; 4.200e+00 ; 4.4017000e+01 ; 2.4800000e+02 
3.500e+01 ; 3.200e+00 ; 4.200e+00 ; 4.4033000e+01 ; 2.4800000e+02 
3.500e+01 ; 3.200e+00 ; 4.200e+00 ; 4.4065000e+01 ; 2.4800000e+02 
3.500e+01 ; 3.200e+00 ; 4.200e+00 ; 4.4129000e+01 ; 2.4800000e+02 
3.500e+01 ; 3.200e+00 ; 4.200e+00 ; 4.4257000e+01 ; 2.4800000e+02 
3.500e+01 ; 3.200e+00 ; 4.200e+00 ; 4.4513000e+01 ; 2.4800000e+02 
3.500e+01 ; 3.200e+00 ; 4.200e+00 ; 4.5000000e+01 ; 2.4800000e+02 
3.500e+01 ; 3.200e+00 ; 4.200e+00 ; 4.5000000e+01 ; 2.4800000e+02 
3.500e+01 ; 3.200e+00 ; 4.200e+00 ; 4.5001000e+01 ; 2.4800000e+02 
3.500e+01 ; 3.200e+00 ; 4.200e+00 ; 4.5002000e+01 ; 2.4800000e+02 
3.500e+01 ; 3.200e+00 ; 4.200e+00 ; 4.5003000e+01 ; 2.4800000e+02 
3.500e+01 ; 3.200e+00 ; 4.200e+00 ; 4.5005000e+01 ; 2.4800000e+02 
3.500e+01 ; 3.200e+00 ; 4.200e+00 ; 4.5009000e+01 ; 2.4800000e+02 
3.500e+01 ; 3.200e+00 ; 4.200e+00 ; 4.5017000e+01 ; 2.4800000e+02 
3.500e+01 ; 3.200e+00 ; 4.200e+00 ; 4.5033000e+01 ; 2.4800000e+02 
3.500e+01 ; 3.200e+00 ; 4.200e+00 ; 4.5065000e+01 ; 2.4800000e+02 
3.500e+01 ; 3.200e+00 ; 4.200e+00 ; 4.5129000e+01 ; 2.4800000e+02 
3.500e+01 ; 3.200e+00 ; 4.200e+00 ; 4.5257000e+01 ; 2.4800000e+02 
3.500e+01 ; 3.200e+00 ; 4.200e+00 ; 4.5513000e+01 ; 2.4800000e+02 
3.500e+01 ; 3.200e+00 ; 4.200e+00 ; 4.6000000e+01 ; 2.4800000e+02 
3.500e+01 ; 3.200e+00 ; 4.200e+00 ; 4.6000000e+01 ; 2.4800000e+02 
3.500e+01 ; 3.200e+00 ; 4.200e+00 ; 4.6001000e+01 ; 2.4800000e+02 
3.500e+01 ; 3.200e+00 ; 4.200e+00 ; 4.6002000e+01 ; 2.4800000e+02 
3.500e+01 ; 3.200e+00 ; 4.200e+00 ; 4.6003000e+01 ; 2.4800000e+02 
3.500e+01 ; 3.200e+00 ; 4.200e+00 ; 4.6005000e+01 ; 2.4800000e+02 
3.500e+01 ; 3.200e+00 ; 4.200e+00 ; 4.6009000e+01 ; 2.4800000e+02 
3.500e+01 ; 3.200e+00 ; 4.200e+00 ; 4.6017000e+01 ; 2.4800000e+02 
3.500e+01 ; 3.200e+00 ; 4.200e+00 ; 4.6033000e+01 ; 2.4800000e+02 
3.500e+01 ; 3.200e+00 ; 4.200e+00 ; 4.6065000e+01 ; 2.4800000e+02 
3.500e+01 ; 3.200e+00 ; 4.200e+00 ; 4.6129000e+01 ; 2.4800000e+02 
3.500e+01 ; 3.200e+00 ; 4.200e+00 ; 4.6257000e+01 ; 2.4800000e+02 
3.500e+01 ; 3.200e+00 ; 4.200e+00 ; 4.6513000e+01 ; 2.4800000e+02 
3.500e+01 ; 3.200e+00 ; 4.200e+00 ; 4.7000000e+01 ; 2.4800000e+02 
3.500e+01 ; 3.200e+00 ; 4.200e+00 ; 4.7000000e+01 ; 2.4800000e+02 
3.500e+01 ; 3.200e+00 ; 4.200e+00 ; 4.7001000e+01 ; 2.4800000e+02 
3.500e+01 ; 3.200e+00 ; 4.200e+00 ; 4.7002000e+01 ; 2.4800000e+02 
3.500e+01 ; 3.200e+00 ; 4.200e+00 ; 4.7003000e+01 ; 2.4800000e+02 
3.500e+01 ; 3.200e+00 ; 4.200e+00 ; 4.7005000e+01 ; 2.4800000e+02 
3.500e+01 ; 3.200e+00 ; 4.200e+00 ; 4.7009000e+01 ; 2.4800000e+02 
3.500e+01 ; 3.200e+00 ; 4.200e+00 ; 4.7017000e+01 ; 2.4800000e+02 
3.500e+01 ; 3.200e+00 ; 4.200e+00 ; 4.7033000e+01 ; 2.4800000e+02 
3.500e+01 ; 3.200e+00 ; 4.200e+00 ; 4.7065000e+01 ; 2.4800000e+02 
3.500e+01 ; 3.200e+00 ; 4.200e+00 ; 4.7129000e+01 ; 2.4800000e+02 
3.500e+01 ; 3.200e+00 ; 4.200e+00 ; 4.7257000e+01 ; 2.4800000e+02 
3.500e+01 ; 3.200e+00 ; 4.200e+00 ; 4.7513000e+01 ; 2.4800000e+02 
3.500e+01 ; 3.200e+00 ; 4.200e+00 ; 4.8000000e+01 ; 2.4800000e+02 
3.500e+01 ; 3.200e+00 ; 4.200e+00 ; 4.8000000e+01 ; 2.4800000e+02 
3.500e+01 ; 3.200e+00 ; 4.200e+00 ; 4.8001000e+01 ; 2.4800000e+02 
3.500e+01 ; 3.200e+00 ; 4.200e+00 ; 4.8002000e+01 ; 2.4800000e+02 
3.500e+01 ; 3.200e+00 ; 4.200e+00 ; 4.8003000e+01 ; 2.4800000e+02 
3.500e+01 ; 3.200e+00 ; 4.200e+00 ; 4.8005000e+01 ; 2.4800000e+02 
3.500e+01 ; 3.200e+00 ; 4.200e+00 ; 4.8009000e+01 ; 2.4800000e+02 
3.500e+01 ; 3.200e+00 ; 4.200e+00 ; 4.8017000e+01 ; 2.4800000e+02 
3.500e+01 ; 3.200e+00 ; 4.200e+00 ; 4.8033000e+01 ; 2.4800000e+02 
3.500e+01 ; 3.200e+00 ; 4.200e+00 ; 4.8065000e+01 ; 2.4800000e+02 
3.500e+01 ; 3.200e+00 ; 4.200e+00 ; 4.8129000e+01 ; 2.4800000e+02 
3.500e+01 ; 3.200e+00 ; 4.200e+00 ; 4.8257000e+01 ; 2.4800000e+02 
3.500e+01 ; 3.200e+00 ; 4.200e+00 ; 4.8513000e+01 ; 2.4800000e+02 
3.500e+01 ; 3.200e+00 ; 4.200e+00 ; 4.9000000e+01 ; 2.4800000e+02 
3.500e+01 ; 3.200e+00 ; 4.200e+00 ; 4.9000000e+01 ; 2.4800000e+02 
3.500e+01 ; 3.200e+00 ; 4.200e+00 ; 4.9001000e+01 ; 2.4800000e+02 
3.500e+01 ; 3.200e+00 ; 4.200e+00 ; 4.9002000e+01 ; 2.4800000e+02 
3.500e+01 ; 3.200e+00 ; 4.200e+00 ; 4.9003000e+01 ; 2.4800000e+02 
3.500e+01 ; 3.200e+00 ; 4.200e+00 ; 4.9005000e+01 ; 2.4800000e+02 
3.500e+01 ; 3.200e+00 ; 4.200e+00 ; 4.9009000e+01 ; 2.4800000e+02 
3.500e+01 ; 3.200e+00 ; 4.200e+00 ; 4.9017000e+01 ; 2.4800000e+02 
3.500e+01 ; 3.200e+00 ; 4.200e+00 ; 4.9033000e+01 ; 2.4800000e+02 
3.500e+01 ; 3.200e+00 ; 4.200e+00 ; 4.9065000e+01 ; 2.4800000e+02 
3.500e+01 ; 3.200e+00 ; 4.200e+00 ; 4.9129000e+01 ; 2.4800000e+02 
3.500e+01 ; 3.200e+00 ; 4.200e+00 ; 4.9257000e+01 ; 2.4800000e+02 
3.500e+01 ; 3.200e+00 ; 4.200e+00 ; 4.9513000e+01 ; 2.4800000e+02 
3.500e+01 ; 3.200e+00 ; 4.200e+00 ; 5.0000000e+01 ; 2.4800000e+02 
3.500e+01 ; 3.200e+00 ; 4.200e+00 ; 5.0000000e+01 ; 2.4800000e+02 
3.500e+01 ; 3.200e+00 ; 4.200e+00 ; 5.0001000e+01 ; 2.4800000e+02 
3.500e+01 ; 3.200e+00 ; 4.200e+00 ; 5.0002000e+01 ; 2.4800000e+02 
3.500e+01 ; 3.200e+00 ; 4.200e+00 ; 5.0003000e+01 ; 2.4800000e+02 
3.500e+01 ; 3.200e+00 ; 4.200e+00 ; 5.0005000e+01 ; 2.4800000e+02 
3.500e+01 ; 3.200e+00 ; 4.200e+00 ; 5.0009000e+01 ; 2.4800000e+02 
3.500e+01 ; 3.200e+00 ; 4.200e+00 ; 5.0017000e+01 ; 2.4800000e+02 
3.500e+01 ; 3.200e+00 ; 4.200e+00 ; 5.0033000e+01 ; 2.4800000e+02 
3.500e+01 ; 3.200e+00 ; 4.200e+00 ; 5.0065000e+01 ; 2.4800000e+02 
3.500e+01 ; 3.200e+00 ; 4.200e+00 ; 5.0129000e+01 ; 2.4800000e+02 
3.500e+01 ; 3.200e+00 ; 4.200e+00 ; 5.0257000e+01 ; 2.4800000e+02 
3.500e+01 ; 3.200e+00 ; 4.200e+00 ; 5.0513000e+01 ; 2.4800000e+02 
3.500e+01 ; 3.200e+00 ; 4.200e+00 ; 5.1000000e+01 ; 2.4800000e+02 
3.500e+01 ; 3.200e+00 ; 4.200e+00 ; 5.1000000e+01 ; 2.4800000e+02 
3.500e+01 ; 3.200e+00 ; 4.200e+00 ; 5.1001000e+01 ; 2.4800000e+02 
3.500e+01 ; 3.200e+00 ; 4.200e+00 ; 5.1002000e+01 ; 2.4800000e+02 
3.500e+01 ; 3.200e+00 ; 4.200e+00 ; 5.1003000e+01 ; 2.4800000e+02 
3.500e+01 ; 3.200e+00 ; 4.200e+00 ; 5.1005000e+01 ; 2.4800000e+02 
3.500e+01 ; 3.200e+00 ; 4.200e+00 ; 5.1009000e+01 ; 2.4800000e+02 
3.500e+01 ; 3.200e+00 ; 4.200e+00 ; 5.1017000e+01 ; 2.4800000e+02 
3.500e+01 ; 3.200e+00 ; 4.200e+00 ; 5.1033000e+01 ; 2.4800000e+02 
3.500e+01 ; 3.200e+00 ; 4.200e+00 ; 5.1065000e+01 ; 2.4800000e+02 
3.500e+01 ; 3.200e+00 ; 4.200e+00 ; 5.1129000e+01 ; 2.4800000e+02 
3.500e+01 ; 3.200e+00 ; 4.200e+00 ; 5.1257000e+01 ; 2.4800000e+02 
3.500e+01 ; 3.200e+00 ; 4.200e+00 ; 5.1513000e+01 ; 2.4800000e+02 
3.500e+01 ; 3.200e+00 ; 4.200e+00 ; 5.2000000e+01 ; 2.4800000e+02 
3.500e+01 ; 3.200e+00 ; 4.200e+00 ; 5.2000000e+01 ; 2.4800000e+02 
3.500e+01 ; 3.200e+00 ; 4.200e+00 ; 5.2001000e+01 ; 2.4800000e+02 
3.500e+01 ; 3.200e+00 ; 4.200e+00 ; 5.2002000e+01 ; 2.4800000e+02 
3.500e+01 ; 3.200e+00 ; 4.200e+00 ; 5.2003000e+01 ; 2.4800000e+02 
3.500e+01 ; 3.200e+00 ; 4.200e+00 ; 5.2005000e+01 ; 2.4800000e+02 
3.500e+01 ; 3.200e+00 ; 4.200e+00 ; 5.2009000e+01 ; 2.4800000e+02 
3.500e+01 ; 3.200e+00 ; 4.200e+00 ; 5.2017000e+01 ; 2.4800000e+02 
3.500e+01 ; 3.200e+00 ; 4.200e+00 ; 5.2033000e+01 ; 2.4800000e+02 
3.500e+01 ; 3.200e+00 ; 4.200e+00 ; 5.2065000e+01 ; 2.4800000e+02 
3.500e+01 ; 3.200e+00 ; 4.200e+00 ; 5.2129000e+01 ; 2.4800000e+02 
3.500e+01 ; 3.200e+00 ; 4.200e+00 ; 5.2257000e+01 ; 2.4800000e+02 
3.500e+01 ; 3.200e+00 ; 4.200e+00 ; 5.2513000e+01 ; 2.4800000e+02 
3.500e+01 ; 3.200e+00 ; 4.200e+00 ; 5.3000000e+01 ; 2.4800000e+02 
3.500e+01 ; 3.200e+00 ; 4.200e+00 ; 5.3000000e+01 ; 2.4800000e+02 
3.500e+01 ; 3.200e+00 ; 4.200e+00 ; 5.3001000e+01 ; 2.4800000e+02 
3.500e+01 ; 3.200e+00 ; 4.200e+00 ; 5.3002000e+01 ; 2.4800000e+02 
3.500e+01 ; 3.200e+00 ; 4.200e+00 ; 5.3003000e+01 ; 2.4800000e+02 
3.500e+01 ; 3.200e+00 ; 4.200e+00 ; 5.3005000e+01 ; 2.4800000e+02 
3.500e+01 ; 3.200e+00 ; 4.200e+00 ; 5.3009000e+01 ; 2.4800000e+02 
3.500e+01 ; 3.200e+00 ; 4.200e+00 ; 5.3017000e+01 ; 2.4800000e+02 
3.500e+01 ; 3.200e+00 ; 4.200e+00 ; 5.3033000e+01 ; 2.4800000e+02 
3.500e+01 ; 3.200e+00 ; 4.200e+00 ; 5.3065000e+01 ; 2.4800000e+02 
3.500e+01 ; 3.200e+00 ; 4.200e+00 ; 5.3129000e+01 ; 2.4800000e+02 
3.500e+01 ; 3.200e+00 ; 4.200e+00 ; 5.3257000e+01 ; 2.4800000e+02 
3.500e+01 ; 3.200e+00 ; 4.200e+00 ; 5.3513000e+01 ; 2.4800000e+02 
3.500e+01 ; 3.200e+00 ; 4.200e+00 ; 5.4000000e+01 ; 2.4800000e+02 
3.500e+01 ; 3.200e+00 ; 4.200e+00 ; 5.4000000e+01 ; 2.4800000e+02 
3.500e+01 ; 3.200e+00 ; 4.200e+00 ; 5.4001000e+01 ; 2.4800000e+02 
3.500e+01 ; 3.200e+00 ; 4.200e+00 ; 5.4002000e+01 ; 2.4800000e+02 
3.500e+01 ; 3.200e+00 ; 4.200e+00 ; 5.4003000e+01 ; 2.4800000e+02 
3.500e+01 ; 3.200e+00 ; 4.200e+00 ; 5.4005000e+01 ; 2.4800000e+02 
3.500e+01 ; 3.200e+00 ; 4.200e+00 ; 5.4009000e+01 ; 2.4800000e+02 
3.500e+01 ; 3.200e+00 ; 4.200e+00 ; 5.4017000e+01 ; 2.4800000e+02 
3.500e+01 ; 3.200e+00 ; 4.200e+00 ; 5.4033000e+01 ; 2.4800000e+02 
3.500e+01 ; 3.200e+00 ; 4.200e+00 ; 5.4065000e+01 ; 2.4800000e+02 
3.500e+01 ; 3.200e+00 ; 4.200e+00 ; 5.4129000e+01 ; 2.4800000e+02 
3.500e+01 ; 3.200e+00 ; 4.200e+00 ; 5.4257000e+01 ; 2.4800000e+02 
3.500e+01 ; 3.200e+00 ; 4.200e+00 ; 5.4513000e+01 ; 2.4800000e+02 
3.500e+01 ; 3.200e+00 ; 4.200e+00 ; 5.5000000e+01 ; 2.4800000e+02 
3.500e+01 ; 3.200e+00 ; 4.200e+00 ; 5.5000000e+01 ; 2.4800000e+02 
3.500e+01 ; 3.200e+00 ; 4.200e+00 ; 5.5001000e+01 ; 2.4800000e+02 
3.500e+01 ; 3.200e+00 ; 4.200e+00 ; 5.5002000e+01 ; 2.4800000e+02 
3.500e+01 ; 3.200e+00 ; 4.200e+00 ; 5.5003000e+01 ; 2.4800000e+02 
3.500e+01 ; 3.200e+00 ; 4.200e+00 ; 5.5005000e+01 ; 2.4800000e+02 
3.500e+01 ; 3.200e+00 ; 4.200e+00 ; 5.5009000e+01 ; 2.4800000e+02 
3.500e+01 ; 3.200e+00 ; 4.200e+00 ; 5.5017000e+01 ; 2.4800000e+02 
3.500e+01 ; 3.200e+00 ; 4.200e+00 ; 5.5033000e+01 ; 2.4800000e+02 
3.500e+01 ; 3.200e+00 ; 4.200e+00 ; 5.5065000e+01 ; 2.4800000e+02 
3.500e+01 ; 3.200e+00 ; 4.200e+00 ; 5.5129000e+01 ; 2.4800000e+02 
3.500e+01 ; 3.200e+00 ; 4.200e+00 ; 5.5257000e+01 ; 2.4800000e+02 
3.500e+01 ; 3.200e+00 ; 4.200e+00 ; 5.5513000e+01 ; 2.4800000e+02 
3.500e+01 ; 3.200e+00 ; 4.200e+00 ; 5.6000000e+01 ; 2.4800000e+02 
3.500e+01 ; 3.200e+00 ; 4.200e+00 ; 5.6000000e+01 ; 2.4800000e+02 
3.500e+01 ; 3.200e+00 ; 4.200e+00 ; 5.6001000e+01 ; 2.4800000e+02 
3.500e+01 ; 3.200e+00 ; 4.200e+00 ; 5.6002000e+01 ; 2.4800000e+02 
3.500e+01 ; 3.200e+00 ; 4.200e+00 ; 5.6003000e+01 ; 2.4800000e+02 
3.500e+01 ; 3.200e+00 ; 4.200e+00 ; 5.6005000e+01 ; 2.4800000e+02 
3.500e+01 ; 3.200e+00 ; 4.200e+00 ; 5.6009000e+01 ; 2.4800000e+02 
3.500e+01 ; 3.200e+00 ; 4.200e+00 ; 5.6017000e+01 ; 2.4800000e+02 
3.500e+01 ; 3.200e+00 ; 4.200e+00 ; 5.6033000e+01 ; 2.4800000e+02 
3.500e+01 ; 3.200e+00 ; 4.200e+00 ; 5.6065000e+01 ; 2.4800000e+02 
3.500e+01 ; 3.200e+00 ; 4.200e+00 ; 5.6129000e+01 ; 2.4800000e+02 
3.500e+01 ; 3.200e+00 ; 4.200e+00 ; 5.6257000e+01 ; 2.4800000e+02 
3.500e+01 ; 3.200e+00 ; 4.200e+00 ; 5.6513000e+01 ; 2.4800000e+02 
3.500e+01 ; 3.200e+00 ; 4.200e+00 ; 5.7000000e+01 ; 2.4800000e+02 
3.500e+01 ; 3.200e+00 ; 4.200e+00 ; 5.7000000e+01 ; 2.4800000e+02 
3.500e+01 ; 3.200e+00 ; 4.200e+00 ; 5.7001000e+01 ; 2.4800000e+02 
3.500e+01 ; 3.200e+00 ; 4.200e+00 ; 5.7002000e+01 ; 2.4800000e+02 
3.500e+01 ; 3.200e+00 ; 4.200e+00 ; 5.7003000e+01 ; 2.4800000e+02 
3.500e+01 ; 3.200e+00 ; 4.200e+00 ; 5.7005000e+01 ; 2.4800000e+02 
3.500e+01 ; 3.200e+00 ; 4.200e+00 ; 5.7009000e+01 ; 2.4800000e+02 
3.500e+01 ; 3.200e+00 ; 4.200e+00 ; 5.7017000e+01 ; 2.4800000e+02 
3.500e+01 ; 3.200e+00 ; 4.200e+00 ; 5.7033000e+01 ; 2.4800000e+02 
3.500e+01 ; 3.200e+00 ; 4.200e+00 ; 5.7065000e+01 ; 2.4800000e+02 
3.500e+01 ; 3.200e+00 ; 4.200e+00 ; 5.7129000e+01 ; 2.4800000e+02 
3.500e+01 ; 3.200e+00 ; 4.200e+00 ; 5.7257000e+01 ; 2.4800000e+02 
3.500e+01 ; 3.200e+00 ; 4.200e+00 ; 5.7513000e+01 ; 2.4800000e+02 
3.500e+01 ; 3.200e+00 ; 4.200e+00 ; 5.8000000e+01 ; 2.4800000e+02 
3.500e+01 ; 3.200e+00 ; 4.200e+00 ; 5.8000000e+01 ; 2.4800000e+02 
3.500e+01 ; 3.200e+00 ; 4.200e+00 ; 5.8001000e+01 ; 2.4800000e+02 
3.500e+01 ; 3.200e+00 ; 4.200e+00 ; 5.8002000e+01 ; 2.4800000e+02 
3.500e+01 ; 3.200e+00 ; 4.200e+00 ; 5.8003000e+01 ; 2.4800000e+02 
3.500e+01 ; 3.200e+00 ; 4.200e+00 ; 5.8005000e+01 ; 2.4800000e+02 
3.500e+01 ; 3.200e+00 ; 4.200e+00 ; 5.8009000e+01 ; 2.4800000e+02 
3.500e+01 ; 3.200e+00 ; 4.200e+00 ; 5.8017000e+01 ; 2.4800000e+02 
3.500e+01 ; 3.200e+00 ; 4.200e+00 ; 5.8033000e+01 ; 2.4800000e+02 
3.500e+01 ; 3.200e+00 ; 4.200e+00 ; 5.8065000e+01 ; 2.4800000e+02 
3.500e+01 ; 3.200e+00 ; 4.200e+00 ; 5.8129000e+01 ; 2.4800000e+02 
3.500e+01 ; 3.200e+00 ; 4.200e+00 ; 5.8257000e+01 ; 2.4800000e+02 
3.500e+01 ; 3.200e+00 ; 4.200e+00 ; 5.8513000e+01 ; 2.4800000e+02 
3.500e+01 ; 3.200e+00 ; 4.200e+00 ; 5.9000000e+01 ; 2.4800000e+02 
3.500e+01 ; 3.200e+00 ; 4.200e+00 ; 5.9000000e+01 ; 2.4800000e+02 
3.500e+01 ; 3.200e+00 ; 4.200e+00 ; 5.9001000e+01 ; 2.4800000e+02 
3.500e+01 ; 3.200e+00 ; 4.200e+00 ; 5.9002000e+01 ; 2.4800000e+02 
3.500e+01 ; 3.200e+00 ; 4.200e+00 ; 5.9003000e+01 ; 2.4800000e+02 
3.500e+01 ; 3.200e+00 ; 4.200e+00 ; 5.9005000e+01 ; 2.4800000e+02 
3.500e+01 ; 3.200e+00 ; 4.200e+00 ; 5.9009000e+01 ; 2.4800000e+02 
3.500e+01 ; 3.200e+00 ; 4.200e+00 ; 5.9017000e+01 ; 2.4800000e+02 
3.500e+01 ; 3.200e+00 ; 4.200e+00 ; 5.9033000e+01 ; 2.4800000e+02 
3.500e+01 ; 3.200e+00 ; 4.200e+00 ; 5.9065000e+01 ; 2.4800000e+02 
3.500e+01 ; 3.200e+00 ; 4.200e+00 ; 5.9129000e+01 ; 2.4800000e+02 
3.500e+01 ; 3.200e+00 ; 4.200e+00 ; 5.9257000e+01 ; 2.4800000e+02 
3.500e+01 ; 3.200e+00 ; 4.200e+00 ; 5.9513000e+01 ; 2.4800000e+02 
3.500e+01 ; 3.200e+00 ; 4.200e+00 ; 6.0000000e+01 ; 2.4800000e+02 
3.500e+01 ; 3.200e+00 ; 4.200e+00 ; 6.0000000e+01 ; 2.4800000e+02 
3.500e+01 ; 3.200e+00 ; 4.200e+00 ; 6.0001000e+01 ; 2.4800000e+02 
3.500e+01 ; 3.200e+00 ; 4.200e+00 ; 6.0002000e+01 ; 2.4800000e+02 
3.500e+01 ; 3.200e+00 ; 4.200e+00 ; 6.0003000e+01 ; 2.4800000e+02 
3.500e+01 ; 3.200e+00 ; 4.200e+00 ; 6.0005000e+01 ; 2.4800000e+02 
3.500e+01 ; 3.200e+00 ; 4.200e+00 ; 6.0009000e+01 ; 2.4800000e+02 
3.500e+01 ; 3.200e+00 ; 4.200e+00 ; 6.0017000e+01 ; 2.4800000e+02 
3.500e+01 ; 3.200e+00 ; 4.200e+00 ; 6.0033000e+01 ; 2.4800000e+02 
3.500e+01 ; 3.200e+00 ; 4.200e+00 ; 6.0065000e+01 ; 2.4800000e+02 
3.500e+01 ; 3.200e+00 ; 4.200e+00 ; 6.0129000e+01 ; 2.4800000e+02 
3.500e+01 ; 3.200e+00 ; 4.200e+00 ; 6.0257000e+01 ; 2.4800000e+02 
3.500e+01 ; 3.200e+00 ; 4.200e+00 ; 6.0513000e+01 ; 2.4800000e+02 
3.500e+01 ; 3.200e+00 ; 4.200e+00 ; 6.1000000e+01 ; 2.4800000e+02 
3.500e+01 ; 3.200e+00 ; 4.200e+00 ; 6.1000000e+01 ; 2.4800000e+02 
3.500e+01 ; 3.200e+00 ; 4.200e+00 ; 6.1001000e+01 ; 2.4800000e+02 
3.500e+01 ; 3.200e+00 ; 4.200e+00 ; 6.1002000e+01 ; 2.4800000e+02 
3.500e+01 ; 3.200e+00 ; 4.200e+00 ; 6.1003000e+01 ; 2.4800000e+02 
3.500e+01 ; 3.200e+00 ; 4.200e+00 ; 6.1005000e+01 ; 2.4800000e+02 
3.500e+01 ; 3.200e+00 ; 4.200e+00 ; 6.1009000e+01 ; 2.4800000e+02 
3.500e+01 ; 3.200e+00 ; 4.200e+00 ; 6.1017000e+01 ; 2.4800000e+02 
3.500e+01 ; 3.200e+00 ; 4.200e+00 ; 6.1033000e+01 ; 2.4800000e+02 
3.500e+01 ; 3.200e+00 ; 4.200e+00 ; 6.1065000e+01 ; 2.4800000e+02 
3.500e+01 ; 3.200e+00 ; 4.200e+00 ; 6.1129000e+01 ; 2.4800000e+02 
3.500e+01 ; 3.200e+00 ; 4.200e+00 ; 6.1257000e+01 ; 2.4800000e+02 
3.500e+01 ; 3.200e+00 ; 4.200e+00 ; 6.1513000e+01 ; 2.4800000e+02 
3.500e+01 ; 3.200e+00 ; 4.200e+00 ; 6.2000000e+01 ; 2.4800000e+02 
3.500e+01 ; 3.200e+00 ; 4.200e+00 ; 6.2000000e+01 ; 2.4800000e+02 
3.500e+01 ; 3.200e+00 ; 4.200e+00 ; 6.2001000e+01 ; 2.4800000e+02 
3.500e+01 ; 3.200e+00 ; 4.200e+00 ; 6.2002000e+01 ; 2.4800000e+02 
3.500e+01 ; 3.200e+00 ; 4.200e+00 ; 6.2003000e+01 ; 2.4800000e+02 
3.500e+01 ; 3.200e+00 ; 4.200e+00 ; 6.2005000e+01 ; 2.4800000e+02 
3.500e+01 ; 3.200e+00 ; 4.200e+00 ; 6.2009000e+01 ; 2.4800000e+02 
3.500e+01 ; 3.200e+00 ; 4.200e+00 ; 6.2017000e+01 ; 2.4800000e+02 
3.500e+01 ; 3.200e+00 ; 4.200e+00 ; 6.2033000e+01 ; 2.4800000e+02 
3.500e+01 ; 3.200e+00 ; 4.200e+00 ; 6.2065000e+01 ; 2.4800000e+02 
3.500e+01 ; 3.200e+00 ; 4.200e+00 ; 6.2129000e+01 ; 2.4800000e+02 
3.500e+01 ; 3.200e+00 ; 4.200e+00 ; 6.2257000e+01 ; 2.4800000e+02 
3.500e+01 ; 3.200e+00 ; 4.200e+00 ; 6.2513000e+01 ; 2.4800000e+02 
3.500e+01 ; 3.200e+00 ; 4.200e+00 ; 6.3000000e+01 ; 2.4800000e+02 
3.500e+01 ; 3.200e+00 ; 4.200e+00 ; 6.3000000e+01 ; 2.4800000e+02 
3.500e+01 ; 3.200e+00 ; 4.200e+00 ; 6.3001000e+01 ; 2.4800000e+02 
3.500e+01 ; 3.200e+00 ; 4.200e+00 ; 6.3002000e+01 ; 2.4800000e+02 
3.500e+01 ; 3.200e+00 ; 4.200e+00 ; 6.3003000e+01 ; 2.4800000e+02 
3.500e+01 ; 3.200e+00 ; 4.200e+00 ; 6.3005000e+01 ; 2.4800000e+02 
3.500e+01 ; 3.200e+00 ; 4.200e+00 ; 6.3009000e+01 ; 2.4800000e+02 
3.500e+01 ; 3.200e+00 ; 4.200e+00 ; 6.3017000e+01 ; 2.4800000e+02 
3.500e+01 ; 3.200e+00 ; 4.200e+00 ; 6.3033000e+01 ; 2.4800000e+02 
3.500e+01 ; 3.200e+00 ; 4.200e+00 ; 6.3065000e+01 ; 2.4800000e+02 
3.500e+01 ; 3.200e+00 ; 4.200e+00 ; 6.3129000e+01 ; 2.4800000e+02 
3.500e+01 ; 3.200e+00 ; 4.200e+00 ; 6.3257000e+01 ; 2.4800000e+02 
3.500e+01 ; 3.200e+00 ; 4.200e+00 ; 6.3513000e+01 ; 2.4800000e+02 
3.500e+01 ; 3.200e+00 ; 4.200e+00 ; 6.4000000e+01 ; 2.4800000e+02 
3.500e+01 ; 3.200e+00 ; 4.200e+00 ; 6.4000000e+01 ; 2.4800000e+02 
3.500e+01 ; 3.200e+00 ; 4.200e+00 ; 6.4001000e+01 ; 2.4800000e+02 
3.500e+01 ; 3.200e+00 ; 4.200e+00 ; 6.4002000e+01 ; 2.4800000e+02 
3.500e+01 ; 3.200e+00 ; 4.200e+00 ; 6.4003000e+01 ; 2.4800000e+02 
3.500e+01 ; 3.200e+00 ; 4.200e+00 ; 6.4005000e+01 ; 2.4800000e+02 
3.500e+01 ; 3.200e+00 ; 4.200e+00 ; 6.4009000e+01 ; 2.4800000e+02 
3.500e+01 ; 3.200e+00 ; 4.200e+00 ; 6.4017000e+01 ; 2.4800000e+02 
3.500e+01 ; 3.200e+00 ; 4.200e+00 ; 6.4033000e+01 ; 2.4800000e+02 
3.500e+01 ; 3.200e+00 ; 4.200e+00 ; 6.4065000e+01 ; 2.4800000e+02 
3.500e+01 ; 3.200e+00 ; 4.200e+00 ; 6.4129000e+01 ; 2.4800000e+02 
3.500e+01 ; 3.200e+00 ; 4.200e+00 ; 6.4257000e+01 ; 2.4800000e+02 
3.500e+01 ; 3.200e+00 ; 4.200e+00 ; 6.4513000e+01 ; 2.4800000e+02 
3.500e+01 ; 3.200e+00 ; 4.200e+00 ; 6.5000000e+01 ; 2.4800000e+02 
3.500e+01 ; 3.200e+00 ; 4.200e+00 ; 6.5000000e+01 ; 2.4800000e+02 
3.500e+01 ; 3.200e+00 ; 4.200e+00 ; 6.5001000e+01 ; 2.4800000e+02 
3.500e+01 ; 3.200e+00 ; 4.200e+00 ; 6.5002000e+01 ; 2.4800000e+02 
3.500e+01 ; 3.200e+00 ; 4.200e+00 ; 6.5003000e+01 ; 2.4800000e+02 
3.500e+01 ; 3.200e+00 ; 4.200e+00 ; 6.5005000e+01 ; 2.4800000e+02 
3.500e+01 ; 3.200e+00 ; 4.200e+00 ; 6.5009000e+01 ; 2.4800000e+02 
3.500e+01 ; 3.200e+00 ; 4.200e+00 ; 6.5017000e+01 ; 2.4800000e+02 
3.500e+01 ; 3.200e+00 ; 4.200e+00 ; 6.5033000e+01 ; 2.4800000e+02 
3.500e+01 ; 3.200e+00 ; 4.200e+00 ; 6.5065000e+01 ; 2.4800000e+02 
3.500e+01 ; 3.200e+00 ; 4.200e+00 ; 6.5129000e+01 ; 2.4800000e+02 
3.500e+01 ; 3.200e+00 ; 4.200e+00 ; 6.5257000e+01 ; 2.4800000e+02 
3.500e+01 ; 3.200e+00 ; 4.200e+00 ; 6.5513000e+01 ; 2.4800000e+02 
3.500e+01 ; 3.200e+00 ; 4.200e+00 ; 6.6000000e+01 ; 2.4800000e+02 
3.500e+01 ; 3.200e+00 ; 4.200e+00 ; 6.6000000e+01 ; 2.4800000e+02 
3.500e+01 ; 3.200e+00 ; 4.200e+00 ; 6.6001000e+01 ; 2.4800000e+02 
3.500e+01 ; 3.200e+00 ; 4.200e+00 ; 6.6002000e+01 ; 2.4800000e+02 
3.500e+01 ; 3.200e+00 ; 4.200e+00 ; 6.6003000e+01 ; 2.4800000e+02 
3.500e+01 ; 3.200e+00 ; 4.200e+00 ; 6.6005000e+01 ; 2.4800000e+02 
3.500e+01 ; 3.200e+00 ; 4.200e+00 ; 6.6009000e+01 ; 2.4800000e+02 
3.500e+01 ; 3.200e+00 ; 4.200e+00 ; 6.6017000e+01 ; 2.4800000e+02 
3.500e+01 ; 3.200e+00 ; 4.200e+00 ; 6.6033000e+01 ; 2.4800000e+02 
3.500e+01 ; 3.200e+00 ; 4.200e+00 ; 6.6065000e+01 ; 2.4800000e+02 
3.500e+01 ; 3.200e+00 ; 4.200e+00 ; 6.6129000e+01 ; 2.4800000e+02 
3.500e+01 ; 3.200e+00 ; 4.200e+00 ; 6.6257000e+01 ; 2.4800000e+02 
3.500e+01 ; 3.200e+00 ; 4.200e+00 ; 6.6513000e+01 ; 2.4800000e+02 
3.500e+01 ; 3.200e+00 ; 4.200e+00 ; 6.7000000e+01 ; 2.4800000e+02 
3.500e+01 ; 3.200e+00 ; 4.200e+00 ; 6.7000000e+01 ; 2.4800000e+02 
3.500e+01 ; 3.200e+00 ; 4.200e+00 ; 6.7001000e+01 ; 2.4800000e+02 
3.500e+01 ; 3.200e+00 ; 4.200e+00 ; 6.7002000e+01 ; 2.4800000e+02 
3.500e+01 ; 3.200e+00 ; 4.200e+00 ; 6.7003000e+01 ; 2.4800000e+02 
3.500e+01 ; 3.200e+00 ; 4.200e+00 ; 6.7005000e+01 ; 2.4800000e+02 
3.500e+01 ; 3.200e+00 ; 4.200e+00 ; 6.7009000e+01 ; 2.4800000e+02 
3.500e+01 ; 3.200e+00 ; 4.200e+00 ; 6.7017000e+01 ; 2.4800000e+02 
3.500e+01 ; 3.200e+00 ; 4.200e+00 ; 6.7033000e+01 ; 2.4800000e+02 
3.500e+01 ; 3.200e+00 ; 4.200e+00 ; 6.7065000e+01 ; 2.4800000e+02 
3.500e+01 ; 3.200e+00 ; 4.200e+00 ; 6.7129000e+01 ; 2.4800000e+02 
3.500e+01 ; 3.200e+00 ; 4.200e+00 ; 6.7257000e+01 ; 2.4800000e+02 
3.500e+01 ; 3.200e+00 ; 4.200e+00 ; 6.7513000e+01 ; 2.4800000e+02 
3.500e+01 ; 3.200e+00 ; 4.200e+00 ; 6.8000000e+01 ; 2.4800000e+02 
3.500e+01 ; 3.200e+00 ; 4.200e+00 ; 6.8000000e+01 ; 2.4800000e+02 
3.500e+01 ; 3.200e+00 ; 4.200e+00 ; 6.8001000e+01 ; 2.4800000e+02 
3.500e+01 ; 3.200e+00 ; 4.200e+00 ; 6.8002000e+01 ; 2.4800000e+02 
3.500e+01 ; 3.200e+00 ; 4.200e+00 ; 6.8003000e+01 ; 2.4800000e+02 
3.500e+01 ; 3.200e+00 ; 4.200e+00 ; 6.8005000e+01 ; 2.4800000e+02 
3.500e+01 ; 3.200e+00 ; 4.200e+00 ; 6.8009000e+01 ; 2.4800000e+02 
3.500e+01 ; 3.200e+00 ; 4.200e+00 ; 6.8017000e+01 ; 2.4800000e+02 
3.500e+01 ; 3.200e+00 ; 4.200e+00 ; 6.8033000e+01 ; 2.4800000e+02 
3.500e+01 ; 3.200e+00 ; 4.200e+00 ; 6.8065000e+01 ; 2.4800000e+02 
3.500e+01 ; 3.200e+00 ; 4.200e+00 ; 6.8129000e+01 ; 2.4800000e+02 
3.500e+01 ; 3.200e+00 ; 4.200e+00 ; 6.8257000e+01 ; 2.4800000e+02 
3.500e+01 ; 3.200e+00 ; 4.200e+00 ; 6.8513000e+01 ; 2.4800000e+02 
3.500e+01 ; 3.200e+00 ; 4.200e+00 ; 6.9000000e+01 ; 2.4800000e+02 
3.500e+01 ; 3.200e+00 ; 4.200e+00 ; 6.9000000e+01 ; 2.4800000e+02 
3.500e+01 ; 3.200e+00 ; 4.200e+00 ; 6.9001000e+01 ; 2.4800000e+02 
3.500e+01 ; 3.200e+00 ; 4.200e+00 ; 6.9002000e+01 ; 2.4800000e+02 
3.500e+01 ; 3.200e+00 ; 4.200e+00 ; 6.9003000e+01 ; 2.4800000e+02 
3.500e+01 ; 3.200e+00 ; 4.200e+00 ; 6.9005000e+01 ; 2.4800000e+02 
3.500e+01 ; 3.200e+00 ; 4.200e+00 ; 6.9009000e+01 ; 2.4800000e+02 
3.500e+01 ; 3.200e+00 ; 4.200e+00 ; 6.9017000e+01 ; 2.4800000e+02 
3.500e+01 ; 3.200e+00 ; 4.200e+00 ; 6.9033000e+01 ; 2.4800000e+02 
3.500e+01 ; 3.200e+00 ; 4.200e+00 ; 6.9065000e+01 ; 2.4800000e+02 
3.500e+01 ; 3.200e+00 ; 4.200e+00 ; 6.9129000e+01 ; 2.4800000e+02 
3.500e+01 ; 3.200e+00 ; 4.200e+00 ; 6.9257000e+01 ; 2.4800000e+02 
3.500e+01 ; 3.200e+00 ; 4.200e+00 ; 6.9513000e+01 ; 2.4800000e+02 
3.500e+01 ; 3.200e+00 ; 4.200e+00 ; 7.0000000e+01 ; 2.4800000e+02 
3.500e+01 ; 3.200e+00 ; 4.200e+00 ; 7.0000000e+01 ; 2.4800000e+02 
3.500e+01 ; 3.200e+00 ; 4.200e+00 ; 7.0001000e+01 ; 2.4800000e+02 
3.500e+01 ; 3.200e+00 ; 4.200e+00 ; 7.0002000e+01 ; 2.4800000e+02 
3.500e+01 ; 3.200e+00 ; 4.200e+00 ; 7.0003000e+01 ; 2.4800000e+02 
3.500e+01 ; 3.200e+00 ; 4.200e+00 ; 7.0005000e+01 ; 2.4800000e+02 
3.500e+01 ; 3.200e+00 ; 4.200e+00 ; 7.0009000e+01 ; 2.4800000e+02 
3.500e+01 ; 3.200e+00 ; 4.200e+00 ; 7.0017000e+01 ; 2.4800000e+02 
3.500e+01 ; 3.200e+00 ; 4.200e+00 ; 7.0033000e+01 ; 2.4800000e+02 
3.500e+01 ; 3.200e+00 ; 4.200e+00 ; 7.0065000e+01 ; 2.4800000e+02 
3.500e+01 ; 3.200e+00 ; 4.200e+00 ; 7.0129000e+01 ; 2.4800000e+02 
3.500e+01 ; 3.200e+00 ; 4.200e+00 ; 7.0257000e+01 ; 2.4800000e+02 
3.500e+01 ; 3.200e+00 ; 4.200e+00 ; 7.0513000e+01 ; 2.4800000e+02 
3.500e+01 ; 3.200e+00 ; 4.200e+00 ; 7.1000000e+01 ; 2.4800000e+02 
3.500e+01 ; 3.200e+00 ; 4.200e+00 ; 7.1000000e+01 ; 2.4800000e+02 
3.500e+01 ; 3.200e+00 ; 4.200e+00 ; 7.1001000e+01 ; 2.4800000e+02 
3.500e+01 ; 3.200e+00 ; 4.200e+00 ; 7.1002000e+01 ; 2.4800000e+02 
3.500e+01 ; 3.200e+00 ; 4.200e+00 ; 7.1003000e+01 ; 2.4800000e+02 
3.500e+01 ; 3.200e+00 ; 4.200e+00 ; 7.1005000e+01 ; 2.4800000e+02 
3.500e+01 ; 3.200e+00 ; 4.200e+00 ; 7.1009000e+01 ; 2.4800000e+02 
3.500e+01 ; 3.200e+00 ; 4.200e+00 ; 7.1017000e+01 ; 2.4800000e+02 
3.500e+01 ; 3.200e+00 ; 4.200e+00 ; 7.1033000e+01 ; 2.4800000e+02 
3.500e+01 ; 3.200e+00 ; 4.200e+00 ; 7.1065000e+01 ; 2.4800000e+02 
3.500e+01 ; 3.200e+00 ; 4.200e+00 ; 7.1129000e+01 ; 2.4800000e+02 
3.500e+01 ; 3.200e+00 ; 4.200e+00 ; 7.1257000e+01 ; 2.4800000e+02 
3.500e+01 ; 3.200e+00 ; 4.200e+00 ; 7.1513000e+01 ; 2.4800000e+02 
3.500e+01 ; 3.200e+00 ; 4.200e+00 ; 7.2000000e+01 ; 2.4800000e+02 
3.500e+01 ; 3.200e+00 ; 4.200e+00 ; 7.2000000e+01 ; 2.4800000e+02 
3.500e+01 ; 3.200e+00 ; 4.200e+00 ; 7.2001000e+01 ; 2.4800000e+02 
3.500e+01 ; 3.200e+00 ; 4.200e+00 ; 7.2002000e+01 ; 2.4800000e+02 
3.500e+01 ; 3.200e+00 ; 4.200e+00 ; 7.2003000e+01 ; 2.4800000e+02 
3.500e+01 ; 3.200e+00 ; 4.200e+00 ; 7.2005000e+01 ; 2.4800000e+02 
3.500e+01 ; 3.200e+00 ; 4.200e+00 ; 7.2009000e+01 ; 2.4800000e+02 
3.500e+01 ; 3.200e+00 ; 4.200e+00 ; 7.2017000e+01 ; 2.4800000e+02 
3.500e+01 ; 3.200e+00 ; 4.200e+00 ; 7.2033000e+01 ; 2.4800000e+02 
3.500e+01 ; 3.200e+00 ; 4.200e+00 ; 7.2065000e+01 ; 2.4800000e+02 
3.500e+01 ; 3.200e+00 ; 4.200e+00 ; 7.2129000e+01 ; 2.4800000e+02 
3.500e+01 ; 3.200e+00 ; 4.200e+00 ; 7.2257000e+01 ; 2.4800000e+02 
3.500e+01 ; 3.200e+00 ; 4.200e+00 ; 7.2513000e+01 ; 2.4800000e+02 
3.500e+01 ; 3.200e+00 ; 4.200e+00 ; 7.3000000e+01 ; 2.4800000e+02 
3.500e+01 ; 3.200e+00 ; 4.200e+00 ; 7.3000000e+01 ; 2.4800000e+02 
3.500e+01 ; 3.200e+00 ; 4.200e+00 ; 7.3001000e+01 ; 2.4800000e+02 
3.500e+01 ; 3.200e+00 ; 4.200e+00 ; 7.3002000e+01 ; 2.4800000e+02 
3.500e+01 ; 3.200e+00 ; 4.200e+00 ; 7.3003000e+01 ; 2.4800000e+02 
3.500e+01 ; 3.200e+00 ; 4.200e+00 ; 7.3005000e+01 ; 2.4800000e+02 
3.500e+01 ; 3.200e+00 ; 4.200e+00 ; 7.3009000e+01 ; 2.4800000e+02 
3.500e+01 ; 3.200e+00 ; 4.200e+00 ; 7.3017000e+01 ; 2.4800000e+02 
3.500e+01 ; 3.200e+00 ; 4.200e+00 ; 7.3033000e+01 ; 2.4800000e+02 
3.500e+01 ; 3.200e+00 ; 4.200e+00 ; 7.3065000e+01 ; 2.4800000e+02 
3.500e+01 ; 3.200e+00 ; 4.200e+00 ; 7.3129000e+01 ; 2.4800000e+02 
3.500e+01 ; 3.200e+00 ; 4.200e+00 ; 7.3257000e+01 ; 2.4800000e+02 
3.500e+01 ; 3.200e+00 ; 4.200e+00 ; 7.3513000e+01 ; 2.4800000e+02 
3.500e+01 ; 3.200e+00 ; 4.200e+00 ; 7.4000000e+01 ; 2.4800000e+02 
3.500e+01 ; 3.200e+00 ; 4.200e+00 ; 7.4000000e+01 ; 2.4800000e+02 
3.500e+01 ; 3.200e+00 ; 4.200e+00 ; 7.4001000e+01 ; 2.4800000e+02 
3.500e+01 ; 3.200e+00 ; 4.200e+00 ; 7.4002000e+01 ; 2.4800000e+02 
3.500e+01 ; 3.200e+00 ; 4.200e+00 ; 7.4003000e+01 ; 2.4800000e+02 
3.500e+01 ; 3.200e+00 ; 4.200e+00 ; 7.4005000e+01 ; 2.4800000e+02 
3.500e+01 ; 3.200e+00 ; 4.200e+00 ; 7.4009000e+01 ; 2.4800000e+02 
3.500e+01 ; 3.200e+00 ; 4.200e+00 ; 7.4017000e+01 ; 2.4800000e+02 
3.500e+01 ; 3.200e+00 ; 4.200e+00 ; 7.4033000e+01 ; 2.4800000e+02 
3.500e+01 ; 3.200e+00 ; 4.200e+00 ; 7.4065000e+01 ; 2.4800000e+02 
3.500e+01 ; 3.200e+00 ; 4.200e+00 ; 7.4129000e+01 ; 2.4800000e+02 
3.500e+01 ; 3.200e+00 ; 4.200e+00 ; 7.4257000e+01 ; 2.4800000e+02 
3.500e+01 ; 3.200e+00 ; 4.200e+00 ; 7.4513000e+01 ; 2.4800000e+02 
3.500e+01 ; 3.200e+00 ; 4.200e+00 ; 7.5000000e+01 ; 2.4800000e+02 
3.500e+01 ; 3.200e+00 ; 4.200e+00 ; 7.5000000e+01 ; 2.4800000e+02 
3.500e+01 ; 3.200e+00 ; 4.200e+00 ; 7.5001000e+01 ; 2.4800000e+02 
3.500e+01 ; 3.200e+00 ; 4.200e+00 ; 7.5002000e+01 ; 2.4800000e+02 
3.500e+01 ; 3.200e+00 ; 4.200e+00 ; 7.5003000e+01 ; 2.4800000e+02 
3.500e+01 ; 3.200e+00 ; 4.200e+00 ; 7.5005000e+01 ; 2.4800000e+02 
3.500e+01 ; 3.200e+00 ; 4.200e+00 ; 7.5009000e+01 ; 2.4800000e+02 
3.500e+01 ; 3.200e+00 ; 4.200e+00 ; 7.5017000e+01 ; 2.4800000e+02 
3.500e+01 ; 3.200e+00 ; 4.200e+00 ; 7.5033000e+01 ; 2.4800000e+02 
3.500e+01 ; 3.200e+00 ; 4.200e+00 ; 7.5065000e+01 ; 2.4800000e+02 
3.500e+01 ; 3.200e+00 ; 4.200e+00 ; 7.5129000e+01 ; 2.4800000e+02 
3.500e+01 ; 3.200e+00 ; 4.200e+00 ; 7.5257000e+01 ; 2.4800000e+02 
3.500e+01 ; 3.200e+00 ; 4.200e+00 ; 7.5513000e+01 ; 2.4800000e+02 
3.500e+01 ; 3.200e+00 ; 4.200e+00 ; 7.6000000e+01 ; 2.4800000e+02 
3.500e+01 ; 3.200e+00 ; 4.200e+00 ; 7.6000000e+01 ; 2.4800000e+02 
3.500e+01 ; 3.200e+00 ; 4.200e+00 ; 7.6001000e+01 ; 2.4800000e+02 
3.500e+01 ; 3.200e+00 ; 4.200e+00 ; 7.6002000e+01 ; 2.4800000e+02 
3.500e+01 ; 3.200e+00 ; 4.200e+00 ; 7.6003000e+01 ; 2.4800000e+02 
3.500e+01 ; 3.200e+00 ; 4.200e+00 ; 7.6005000e+01 ; 2.4800000e+02 
3.500e+01 ; 3.200e+00 ; 4.200e+00 ; 7.6009000e+01 ; 2.4800000e+02 
3.500e+01 ; 3.200e+00 ; 4.200e+00 ; 7.6017000e+01 ; 2.4800000e+02 
3.500e+01 ; 3.200e+00 ; 4.200e+00 ; 7.6033000e+01 ; 2.4800000e+02 
3.500e+01 ; 3.200e+00 ; 4.200e+00 ; 7.6065000e+01 ; 2.4800000e+02 
3.500e+01 ; 3.200e+00 ; 4.200e+00 ; 7.6129000e+01 ; 2.4800000e+02 
3.500e+01 ; 3.200e+00 ; 4.200e+00 ; 7.6257000e+01 ; 2.4800000e+02 
3.500e+01 ; 3.200e+00 ; 4.200e+00 ; 7.6513000e+01 ; 2.4800000e+02 
3.500e+01 ; 3.200e+00 ; 4.200e+00 ; 7.7000000e+01 ; 2.4800000e+02 
3.500e+01 ; 3.200e+00 ; 4.200e+00 ; 7.7000000e+01 ; 2.4800000e+02 
3.500e+01 ; 3.200e+00 ; 4.200e+00 ; 7.7001000e+01 ; 2.4800000e+02 
3.500e+01 ; 3.200e+00 ; 4.200e+00 ; 7.7002000e+01 ; 2.4800000e+02 
3.500e+01 ; 3.200e+00 ; 4.200e+00 ; 7.7003000e+01 ; 2.4800000e+02 
3.500e+01 ; 3.200e+00 ; 4.200e+00 ; 7.7005000e+01 ; 2.4800000e+02 
3.500e+01 ; 3.200e+00 ; 4.200e+00 ; 7.7009000e+01 ; 2.4800000e+02 
3.500e+01 ; 3.200e+00 ; 4.200e+00 ; 7.7017000e+01 ; 2.4800000e+02 
3.500e+01 ; 3.200e+00 ; 4.200e+00 ; 7.7033000e+01 ; 2.4800000e+02 
3.500e+01 ; 3.200e+00 ; 4.200e+00 ; 7.7065000e+01 ; 2.4800000e+02 
3.500e+01 ; 3.200e+00 ; 4.200e+00 ; 7.7129000e+01 ; 2.4800000e+02 
3.500e+01 ; 3.200e+00 ; 4.200e+00 ; 7.7257000e+01 ; 2.4800000e+02 
3.500e+01 ; 3.200e+00 ; 4.200e+00 ; 7.7513000e+01 ; 2.4800000e+02 
3.500e+01 ; 3.200e+00 ; 4.200e+00 ; 7.8000000e+01 ; 2.4800000e+02 
3.500e+01 ; 3.200e+00 ; 4.200e+00 ; 7.8000000e+01 ; 2.4800000e+02 
3.500e+01 ; 3.200e+00 ; 4.200e+00 ; 7.8001000e+01 ; 2.4800000e+02 
3.500e+01 ; 3.200e+00 ; 4.200e+00 ; 7.8002000e+01 ; 2.4800000e+02 
3.500e+01 ; 3.200e+00 ; 4.200e+00 ; 7.8003000e+01 ; 2.4800000e+02 
3.500e+01 ; 3.200e+00 ; 4.200e+00 ; 7.8005000e+01 ; 2.4800000e+02 
3.500e+01 ; 3.200e+00 ; 4.200e+00 ; 7.8009000e+01 ; 2.4800000e+02 
3.500e+01 ; 3.200e+00 ; 4.200e+00 ; 7.8017000e+01 ; 2.4800000e+02 
3.500e+01 ; 3.200e+00 ; 4.200e+00 ; 7.8033000e+01 ; 2.4800000e+02 
3.500e+01 ; 3.200e+00 ; 4.200e+00 ; 7.8065000e+01 ; 2.4800000e+02 
3.500e+01 ; 3.200e+00 ; 4.200e+00 ; 7.8129000e+01 ; 2.4800000e+02 
3.500e+01 ; 3.200e+00 ; 4.200e+00 ; 7.8257000e+01 ; 2.4800000e+02 
3.500e+01 ; 3.200e+00 ; 4.200e+00 ; 7.8513000e+01 ; 2.4800000e+02 
3.500e+01 ; 3.200e+00 ; 4.200e+00 ; 7.9000000e+01 ; 2.4800000e+02 
3.500e+01 ; 3.200e+00 ; 4.200e+00 ; 7.9000000e+01 ; 2.4800000e+02 
3.500e+01 ; 3.200e+00 ; 4.200e+00 ; 7.9001000e+01 ; 2.4786780e+02 
3.500e+01 ; 3.200e+00 ; 4.200e+00 ; 7.9002000e+01 ; 2.4773570e+02 
3.500e+01 ; 3.200e+00 ; 4.200e+00 ; 7.9003000e+01 ; 2.4760371e+02 
3.500e+01 ; 3.200e+00 ; 4.200e+00 ; 7.9005000e+01 ; 2.4734012e+02 
3.500e+01 ; 3.200e+00 ; 4.200e+00 ; 7.9009000e+01 ; 2.4681451e+02 
3.500e+01 ; 3.200e+00 ; 4.200e+00 ; 7.9017000e+01 ; 2.4576968e+02 
3.500e+01 ; 3.200e+00 ; 4.200e+00 ; 7.9033000e+01 ; 2.4370512e+02 
3.500e+01 ; 3.200e+00 ; 4.200e+00 ; 7.9065000e+01 ; 2.3967415e+02 
3.500e+01 ; 3.200e+00 ; 4.200e+00 ; 7.9129000e+01 ; 2.3198738e+02 
3.500e+01 ; 3.200e+00 ; 4.200e+00 ; 7.9257000e+01 ; 2.1798500e+02 
3.500e+01 ; 3.200e+00 ; 4.200e+00 ; 7.9513000e+01 ; 1.9457802e+02 
3.500e+01 ; 3.200e+00 ; 4.200e+00 ; 8.0000000e+01 ; 1.6213376e+02 
3.500e+01 ; 3.200e+00 ; 4.200e+00 ; 8.0000000e+01 ; 1.6213376e+02 
3.500e+01 ; 3.200e+00 ; 4.200e+00 ; 8.0001000e+01 ; 1.6206718e+02 
3.500e+01 ; 3.200e+00 ; 4.200e+00 ; 8.0002000e+01 ; 1.6200069e+02 
3.500e+01 ; 3.200e+00 ; 4.200e+00 ; 8.0003000e+01 ; 1.6193423e+02 
3.500e+01 ; 3.200e+00 ; 4.200e+00 ; 8.0005000e+01 ; 1.6180157e+02 
3.500e+01 ; 3.200e+00 ; 4.200e+00 ; 8.0009000e+01 ; 1.6153714e+02 
3.500e+01 ; 3.200e+00 ; 4.200e+00 ; 8.0017000e+01 ; 1.6101190e+02 
3.500e+01 ; 3.200e+00 ; 4.200e+00 ; 8.0033000e+01 ; 1.5997560e+02 
3.500e+01 ; 3.200e+00 ; 4.200e+00 ; 8.0065000e+01 ; 1.5795769e+02 
3.500e+01 ; 3.200e+00 ; 4.200e+00 ; 8.0129000e+01 ; 1.5412598e+02 
3.500e+01 ; 3.200e+00 ; 4.200e+00 ; 8.0257000e+01 ; 1.4718198e+02 
3.500e+01 ; 3.200e+00 ; 4.200e+00 ; 8.0513000e+01 ; 1.3560320e+02 
3.500e+01 ; 3.200e+00 ; 4.200e+00 ; 8.1000000e+01 ; 1.1944085e+02 
3.500e+01 ; 3.200e+00 ; 4.200e+00 ; 8.1000000e+01 ; 1.1944085e+02 
3.500e+01 ; 3.200e+00 ; 4.200e+00 ; 8.1001000e+01 ; 1.1940768e+02 
3.500e+01 ; 3.200e+00 ; 4.200e+00 ; 8.1002000e+01 ; 1.1937455e+02 
3.500e+01 ; 3.200e+00 ; 4.200e+00 ; 8.1003000e+01 ; 1.1934143e+02 
3.500e+01 ; 3.200e+00 ; 4.200e+00 ; 8.1005000e+01 ; 1.1927528e+02 
3.500e+01 ; 3.200e+00 ; 4.200e+00 ; 8.1009000e+01 ; 1.1914337e+02 
3.500e+01 ; 3.200e+00 ; 4.200e+00 ; 8.1017000e+01 ; 1.1888102e+02 
3.500e+01 ; 3.200e+00 ; 4.200e+00 ; 8.1033000e+01 ; 1.1836215e+02 
3.500e+01 ; 3.200e+00 ; 4.200e+00 ; 8.1065000e+01 ; 1.1734723e+02 
3.500e+01 ; 3.200e+00 ; 4.200e+00 ; 8.1129000e+01 ; 1.1540459e+02 
3.500e+01 ; 3.200e+00 ; 4.200e+00 ; 8.1257000e+01 ; 1.1183811e+02 
3.500e+01 ; 3.200e+00 ; 4.200e+00 ; 8.1513000e+01 ; 1.0577534e+02 
3.500e+01 ; 3.200e+00 ; 4.200e+00 ; 8.2000000e+01 ; 9.7066917e+01 
3.500e+01 ; 3.200e+00 ; 4.200e+00 ; 8.2000000e+01 ; 9.7066917e+01 
3.500e+01 ; 3.200e+00 ; 4.200e+00 ; 8.2001000e+01 ; 9.7049049e+01 
3.500e+01 ; 3.200e+00 ; 4.200e+00 ; 8.2002000e+01 ; 9.7031189e+01 
3.500e+01 ; 3.200e+00 ; 4.200e+00 ; 8.2003000e+01 ; 9.7013344e+01 
3.500e+01 ; 3.200e+00 ; 4.200e+00 ; 8.2005000e+01 ; 9.6977699e+01 
3.500e+01 ; 3.200e+00 ; 4.200e+00 ; 8.2009000e+01 ; 9.6906601e+01 
3.500e+01 ; 3.200e+00 ; 4.200e+00 ; 8.2017000e+01 ; 9.6765152e+01 
3.500e+01 ; 3.200e+00 ; 4.200e+00 ; 8.2033000e+01 ; 9.6485207e+01 
3.500e+01 ; 3.200e+00 ; 4.200e+00 ; 8.2065000e+01 ; 9.5936852e+01 
3.500e+01 ; 3.200e+00 ; 4.200e+00 ; 8.2129000e+01 ; 9.4883904e+01 
3.500e+01 ; 3.200e+00 ; 4.200e+00 ; 8.2257000e+01 ; 9.2936150e+01 
3.500e+01 ; 3.200e+00 ; 4.200e+00 ; 8.2513000e+01 ; 8.9564613e+01 
3.500e+01 ; 3.200e+00 ; 4.200e+00 ; 8.3000000e+01 ; 8.4529709e+01 
3.500e+01 ; 3.200e+00 ; 4.200e+00 ; 8.3000000e+01 ; 8.4529709e+01 
3.500e+01 ; 3.200e+00 ; 4.200e+00 ; 8.3001000e+01 ; 8.4519371e+01 
3.500e+01 ; 3.200e+00 ; 4.200e+00 ; 8.3002000e+01 ; 8.4509048e+01 
3.500e+01 ; 3.200e+00 ; 4.200e+00 ; 8.3003000e+01 ; 8.4498726e+01 
3.500e+01 ; 3.200e+00 ; 4.200e+00 ; 8.3005000e+01 ; 8.4478104e+01 
3.500e+01 ; 3.200e+00 ; 4.200e+00 ; 8.3009000e+01 ; 8.4436958e+01 
3.500e+01 ; 3.200e+00 ; 4.200e+00 ; 8.3017000e+01 ; 8.4355034e+01 
3.500e+01 ; 3.200e+00 ; 4.200e+00 ; 8.3033000e+01 ; 8.4192635e+01 
3.500e+01 ; 3.200e+00 ; 4.200e+00 ; 8.3065000e+01 ; 8.3873497e+01 
3.500e+01 ; 3.200e+00 ; 4.200e+00 ; 8.3129000e+01 ; 8.3256821e+01 
3.500e+01 ; 3.200e+00 ; 4.200e+00 ; 8.3257000e+01 ; 8.2102356e+01 
3.500e+01 ; 3.200e+00 ; 4.200e+00 ; 8.3513000e+01 ; 8.0059669e+01 
3.500e+01 ; 3.200e+00 ; 4.200e+00 ; 8.4000000e+01 ; 7.6896416e+01 
3.500e+01 ; 3.200e+00 ; 4.200e+00 ; 8.4000000e+01 ; 7.6896416e+01 
3.500e+01 ; 3.200e+00 ; 4.200e+00 ; 8.4001000e+01 ; 7.6889923e+01 
3.500e+01 ; 3.200e+00 ; 4.200e+00 ; 8.4002000e+01 ; 7.6883438e+01 
3.500e+01 ; 3.200e+00 ; 4.200e+00 ; 8.4003000e+01 ; 7.6876945e+01 
3.500e+01 ; 3.200e+00 ; 4.200e+00 ; 8.4005000e+01 ; 7.6863991e+01 
3.500e+01 ; 3.200e+00 ; 4.200e+00 ; 8.4009000e+01 ; 7.6838112e+01 
3.500e+01 ; 3.200e+00 ; 4.200e+00 ; 8.4017000e+01 ; 7.6786560e+01 
3.500e+01 ; 3.200e+00 ; 4.200e+00 ; 8.4033000e+01 ; 7.6684219e+01 
3.500e+01 ; 3.200e+00 ; 4.200e+00 ; 8.4065000e+01 ; 7.6482521e+01 
3.500e+01 ; 3.200e+00 ; 4.200e+00 ; 8.4129000e+01 ; 7.6090569e+01 
3.500e+01 ; 3.200e+00 ; 4.200e+00 ; 8.4257000e+01 ; 7.5348900e+01 
3.500e+01 ; 3.200e+00 ; 4.200e+00 ; 8.4513000e+01 ; 7.4010887e+01 
3.500e+01 ; 3.200e+00 ; 4.200e+00 ; 8.5000000e+01 ; 7.1873161e+01 
3.500e+01 ; 3.200e+00 ; 4.200e+00 ; 8.5000000e+01 ; 7.1873161e+01 
3.500e+01 ; 3.200e+00 ; 4.200e+00 ; 8.5001000e+01 ; 7.1868774e+01 
3.500e+01 ; 3.200e+00 ; 4.200e+00 ; 8.5002000e+01 ; 7.1864388e+01 
3.500e+01 ; 3.200e+00 ; 4.200e+00 ; 8.5003000e+01 ; 7.1860008e+01 
3.500e+01 ; 3.200e+00 ; 4.200e+00 ; 8.5005000e+01 ; 7.1851242e+01 
3.500e+01 ; 3.200e+00 ; 4.200e+00 ; 8.5009000e+01 ; 7.1833748e+01 
3.500e+01 ; 3.200e+00 ; 4.200e+00 ; 8.5017000e+01 ; 7.1798859e+01 
3.500e+01 ; 3.200e+00 ; 4.200e+00 ; 8.5033000e+01 ; 7.1729523e+01 
3.500e+01 ; 3.200e+00 ; 4.200e+00 ; 8.5065000e+01 ; 7.1592545e+01 
3.500e+01 ; 3.200e+00 ; 4.200e+00 ; 8.5129000e+01 ; 7.1325111e+01 
3.500e+01 ; 3.200e+00 ; 4.200e+00 ; 8.5257000e+01 ; 7.0814583e+01 
3.500e+01 ; 3.200e+00 ; 4.200e+00 ; 8.5513000e+01 ; 6.9878914e+01 
3.500e+01 ; 3.200e+00 ; 4.200e+00 ; 8.6000000e+01 ; 6.8346092e+01 
3.500e+01 ; 3.200e+00 ; 4.200e+00 ; 8.6000000e+01 ; 6.8346092e+01 
3.500e+01 ; 3.200e+00 ; 4.200e+00 ; 8.6001000e+01 ; 6.8342941e+01 
3.500e+01 ; 3.200e+00 ; 4.200e+00 ; 8.6002000e+01 ; 6.8339798e+01 
3.500e+01 ; 3.200e+00 ; 4.200e+00 ; 8.6003000e+01 ; 6.8336655e+01 
3.500e+01 ; 3.200e+00 ; 4.200e+00 ; 8.6005000e+01 ; 6.8330368e+01 
3.500e+01 ; 3.200e+00 ; 4.200e+00 ; 8.6009000e+01 ; 6.8317818e+01 
3.500e+01 ; 3.200e+00 ; 4.200e+00 ; 8.6017000e+01 ; 6.8292778e+01 
3.500e+01 ; 3.200e+00 ; 4.200e+00 ; 8.6033000e+01 ; 6.8242966e+01 
3.500e+01 ; 3.200e+00 ; 4.200e+00 ; 8.6065000e+01 ; 6.8144363e+01 
3.500e+01 ; 3.200e+00 ; 4.200e+00 ; 8.6129000e+01 ; 6.7951164e+01 
3.500e+01 ; 3.200e+00 ; 4.200e+00 ; 8.6257000e+01 ; 6.7579819e+01 
3.500e+01 ; 3.200e+00 ; 4.200e+00 ; 8.6513000e+01 ; 6.6890846e+01 
3.500e+01 ; 3.200e+00 ; 4.200e+00 ; 8.7000000e+01 ; 6.5740028e+01 
3.500e+01 ; 3.200e+00 ; 4.200e+00 ; 8.7000000e+01 ; 6.5740028e+01 
3.500e+01 ; 3.200e+00 ; 4.200e+00 ; 8.7001000e+01 ; 6.5737663e+01 
3.500e+01 ; 3.200e+00 ; 4.200e+00 ; 8.7002000e+01 ; 6.5735306e+01 
3.500e+01 ; 3.200e+00 ; 4.200e+00 ; 8.7003000e+01 ; 6.5732941e+01 
3.500e+01 ; 3.200e+00 ; 4.200e+00 ; 8.7005000e+01 ; 6.5728226e+01 
3.500e+01 ; 3.200e+00 ; 4.200e+00 ; 8.7009000e+01 ; 6.5718796e+01 
3.500e+01 ; 3.200e+00 ; 4.200e+00 ; 8.7017000e+01 ; 6.5699982e+01 
3.500e+01 ; 3.200e+00 ; 4.200e+00 ; 8.7033000e+01 ; 6.5662529e+01 
3.500e+01 ; 3.200e+00 ; 4.200e+00 ; 8.7065000e+01 ; 6.5588287e+01 
3.500e+01 ; 3.200e+00 ; 4.200e+00 ; 8.7129000e+01 ; 6.5442406e+01 
3.500e+01 ; 3.200e+00 ; 4.200e+00 ; 8.7257000e+01 ; 6.5160561e+01 
3.500e+01 ; 3.200e+00 ; 4.200e+00 ; 8.7513000e+01 ; 6.4632698e+01 
3.500e+01 ; 3.200e+00 ; 4.200e+00 ; 8.8000000e+01 ; 6.3737675e+01 
3.500e+01 ; 3.200e+00 ; 4.200e+00 ; 8.8000000e+01 ; 6.3737675e+01 
3.500e+01 ; 3.200e+00 ; 4.200e+00 ; 8.8001000e+01 ; 6.3735836e+01 
3.500e+01 ; 3.200e+00 ; 4.200e+00 ; 8.8002000e+01 ; 6.3734001e+01 
3.500e+01 ; 3.200e+00 ; 4.200e+00 ; 8.8003000e+01 ; 6.3732162e+01 
3.500e+01 ; 3.200e+00 ; 4.200e+00 ; 8.8005000e+01 ; 6.3728493e+01 
3.500e+01 ; 3.200e+00 ; 4.200e+00 ; 8.8009000e+01 ; 6.3721157e+01 
3.500e+01 ; 3.200e+00 ; 4.200e+00 ; 8.8017000e+01 ; 6.3706516e+01 
3.500e+01 ; 3.200e+00 ; 4.200e+00 ; 8.8033000e+01 ; 6.3677353e+01 
3.500e+01 ; 3.200e+00 ; 4.200e+00 ; 8.8065000e+01 ; 6.3619484e+01 
3.500e+01 ; 3.200e+00 ; 4.200e+00 ; 8.8129000e+01 ; 6.3505539e+01 
3.500e+01 ; 3.200e+00 ; 4.200e+00 ; 8.8257000e+01 ; 6.3284504e+01 
3.500e+01 ; 3.200e+00 ; 4.200e+00 ; 8.8513000e+01 ; 6.2867527e+01 
3.500e+01 ; 3.200e+00 ; 4.200e+00 ; 8.9000000e+01 ; 6.2152138e+01 
3.500e+01 ; 3.200e+00 ; 4.200e+00 ; 8.9000000e+01 ; 6.2152138e+01 
3.500e+01 ; 3.200e+00 ; 4.200e+00 ; 8.9001000e+01 ; 6.2150669e+01 
3.500e+01 ; 3.200e+00 ; 4.200e+00 ; 8.9002000e+01 ; 6.2149200e+01 
3.500e+01 ; 3.200e+00 ; 4.200e+00 ; 8.9003000e+01 ; 6.2147736e+01 
3.500e+01 ; 3.200e+00 ; 4.200e+00 ; 8.9005000e+01 ; 6.2144798e+01 
3.500e+01 ; 3.200e+00 ; 4.200e+00 ; 8.9009000e+01 ; 6.2138935e+01 
3.500e+01 ; 3.200e+00 ; 4.200e+00 ; 8.9017000e+01 ; 6.2127228e+01 
3.500e+01 ; 3.200e+00 ; 4.200e+00 ; 8.9033000e+01 ; 6.2103897e+01 
3.500e+01 ; 3.200e+00 ; 4.200e+00 ; 8.9065000e+01 ; 6.2057560e+01 
3.500e+01 ; 3.200e+00 ; 4.200e+00 ; 8.9129000e+01 ; 6.1966179e+01 
3.500e+01 ; 3.200e+00 ; 4.200e+00 ; 8.9257000e+01 ; 6.1788357e+01 
3.500e+01 ; 3.200e+00 ; 4.200e+00 ; 8.9513000e+01 ; 6.1450958e+01 
3.500e+01 ; 3.200e+00 ; 4.200e+00 ; 9.0000000e+01 ; 6.0866573e+01 
3.500e+01 ; 3.200e+00 ; 4.200e+00 ; 9.0000000e+01 ; 6.0866573e+01 
3.500e+01 ; 3.200e+00 ; 4.200e+00 ; 9.0001000e+01 ; 6.0865376e+01 
3.500e+01 ; 3.200e+00 ; 4.200e+00 ; 9.0002000e+01 ; 6.0864174e+01 
3.500e+01 ; 3.200e+00 ; 4.200e+00 ; 9.0003000e+01 ; 6.0862976e+01 
3.500e+01 ; 3.200e+00 ; 4.200e+00 ; 9.0005000e+01 ; 6.0860580e+01 
3.500e+01 ; 3.200e+00 ; 4.200e+00 ; 9.0009000e+01 ; 6.0855789e+01 
3.500e+01 ; 3.200e+00 ; 4.200e+00 ; 9.0017000e+01 ; 6.0846222e+01 
3.500e+01 ; 3.200e+00 ; 4.200e+00 ; 9.0033000e+01 ; 6.0827148e+01 
3.500e+01 ; 3.200e+00 ; 4.200e+00 ; 9.0065000e+01 ; 6.0789246e+01 
3.500e+01 ; 3.200e+00 ; 4.200e+00 ; 9.0129000e+01 ; 6.0714397e+01 
3.500e+01 ; 3.200e+00 ; 4.200e+00 ; 9.0257000e+01 ; 6.0568375e+01 
3.500e+01 ; 3.200e+00 ; 4.200e+00 ; 9.0513000e+01 ; 6.0290016e+01 
3.500e+01 ; 3.200e+00 ; 4.200e+00 ; 9.1000000e+01 ; 5.9804077e+01 
3.500e+01 ; 3.200e+00 ; 4.200e+00 ; 9.1000000e+01 ; 5.9804077e+01 
3.500e+01 ; 3.200e+00 ; 4.200e+00 ; 9.1010000e+01 ; 5.9794117e+01 
3.500e+01 ; 3.200e+00 ; 4.200e+00 ; 9.1020000e+01 ; 5.9784176e+01 
3.500e+01 ; 3.200e+00 ; 4.200e+00 ; 9.1030000e+01 ; 5.9774250e+01 
3.500e+01 ; 3.200e+00 ; 4.200e+00 ; 9.1050000e+01 ; 5.9754478e+01 
3.500e+01 ; 3.200e+00 ; 4.200e+00 ; 9.1090000e+01 ; 5.9715218e+01 
3.500e+01 ; 3.200e+00 ; 4.200e+00 ; 9.1170000e+01 ; 5.9637814e+01 
3.500e+01 ; 3.200e+00 ; 4.200e+00 ; 9.1330000e+01 ; 5.9487316e+01 
3.500e+01 ; 3.200e+00 ; 4.200e+00 ; 9.1650000e+01 ; 5.9202194e+01 
3.500e+01 ; 3.200e+00 ; 4.200e+00 ; 9.2290000e+01 ; 5.8686638e+01 
3.500e+01 ; 3.200e+00 ; 4.200e+00 ; 9.3570000e+01 ; 5.7823959e+01 
3.500e+01 ; 3.200e+00 ; 4.200e+00 ; 9.5490000e+01 ; 5.6799206e+01 
3.500e+01 ; 3.200e+00 ; 4.200e+00 ; 9.6000000e+01 ; 5.6544197e+01