X ; Y ; Z ; time ; Temperature 
3.500e+01 ; 6.400e+00 ; 2.800e+00 ; 0.0000000e+00 ; 2.3700000e+02 
3.500e+01 ; 6.400e+00 ; 2.800e+00 ; 1.0000000e-03 ; 2.3700000e+02 
3.500e+01 ; 6.400e+00 ; 2.800e+00 ; 2.0000001e-03 ; 2.3700000e+02 
3.500e+01 ; 6.400e+00 ; 2.800e+00 ; 3.0000000e-03 ; 2.3700000e+02 
3.500e+01 ; 6.400e+00 ; 2.800e+00 ; 4.9999999e-03 ; 2.3700000e+02 
3.500e+01 ; 6.400e+00 ; 2.800e+00 ; 8.9999996e-03 ; 2.3700000e+02 
3.500e+01 ; 6.400e+00 ; 2.800e+00 ; 1.7000001e-02 ; 2.3700000e+02 
3.500e+01 ; 6.400e+00 ; 2.800e+00 ; 3.3000000e-02 ; 2.3700000e+02 
3.500e+01 ; 6.400e+00 ; 2.800e+00 ; 6.4999998e-02 ; 2.3700000e+02 
3.500e+01 ; 6.400e+00 ; 2.800e+00 ; 1.2899999e-01 ; 2.3700000e+02 
3.500e+01 ; 6.400e+00 ; 2.800e+00 ; 2.5700000e-01 ; 2.3700000e+02 
3.500e+01 ; 6.400e+00 ; 2.800e+00 ; 5.1300001e-01 ; 2.3700000e+02 
3.500e+01 ; 6.400e+00 ; 2.800e+00 ; 1.0250000e+00 ; 2.3700000e+02 
3.500e+01 ; 6.400e+00 ; 2.800e+00 ; 1.3500000e+00 ; 2.3700000e+02 
3.500e+01 ; 6.400e+00 ; 2.800e+00 ; 1.3500000e+00 ; 2.3700000e+02 
3.500e+01 ; 6.400e+00 ; 2.800e+00 ; 1.3510000e+00 ; 2.3700000e+02 
3.500e+01 ; 6.400e+00 ; 2.800e+00 ; 1.3520000e+00 ; 2.3700000e+02 
3.500e+01 ; 6.400e+00 ; 2.800e+00 ; 1.3530000e+00 ; 2.3700000e+02 
3.500e+01 ; 6.400e+00 ; 2.800e+00 ; 1.3550000e+00 ; 2.3700000e+02 
3.500e+01 ; 6.400e+00 ; 2.800e+00 ; 1.3590000e+00 ; 2.3700000e+02 
3.500e+01 ; 6.400e+00 ; 2.800e+00 ; 1.3670000e+00 ; 2.3700000e+02 
3.500e+01 ; 6.400e+00 ; 2.800e+00 ; 1.3830000e+00 ; 2.3700000e+02 
3.500e+01 ; 6.400e+00 ; 2.800e+00 ; 1.4150000e+00 ; 2.3700000e+02 
3.500e+01 ; 6.400e+00 ; 2.800e+00 ; 1.4790000e+00 ; 2.3700000e+02 
3.500e+01 ; 6.400e+00 ; 2.800e+00 ; 1.6070000e+00 ; 2.3700000e+02 
3.500e+01 ; 6.400e+00 ; 2.800e+00 ; 1.8630000e+00 ; 2.3700000e+02 
3.500e+01 ; 6.400e+00 ; 2.800e+00 ; 2.3750000e+00 ; 2.3700000e+02 
3.500e+01 ; 6.400e+00 ; 2.800e+00 ; 2.7000000e+00 ; 2.3700000e+02 
3.500e+01 ; 6.400e+00 ; 2.800e+00 ; 2.7000000e+00 ; 2.3700000e+02 
3.500e+01 ; 6.400e+00 ; 2.800e+00 ; 2.7010000e+00 ; 2.3700000e+02 
3.500e+01 ; 6.400e+00 ; 2.800e+00 ; 2.7020000e+00 ; 2.3700000e+02 
3.500e+01 ; 6.400e+00 ; 2.800e+00 ; 2.7030000e+00 ; 2.3700000e+02 
3.500e+01 ; 6.400e+00 ; 2.800e+00 ; 2.7050000e+00 ; 2.3700000e+02 
3.500e+01 ; 6.400e+00 ; 2.800e+00 ; 2.7090000e+00 ; 2.3700000e+02 
3.500e+01 ; 6.400e+00 ; 2.800e+00 ; 2.7170000e+00 ; 2.3700000e+02 
3.500e+01 ; 6.400e+00 ; 2.800e+00 ; 2.7330000e+00 ; 2.3700000e+02 
3.500e+01 ; 6.400e+00 ; 2.800e+00 ; 2.7650000e+00 ; 2.3700000e+02 
3.500e+01 ; 6.400e+00 ; 2.800e+00 ; 2.8290000e+00 ; 2.3700000e+02 
3.500e+01 ; 6.400e+00 ; 2.800e+00 ; 2.9570000e+00 ; 2.3700000e+02 
3.500e+01 ; 6.400e+00 ; 2.800e+00 ; 3.2130001e+00 ; 2.3700000e+02 
3.500e+01 ; 6.400e+00 ; 2.800e+00 ; 3.7250000e+00 ; 2.3700000e+02 
3.500e+01 ; 6.400e+00 ; 2.800e+00 ; 4.0500001e+00 ; 2.3700000e+02 
3.500e+01 ; 6.400e+00 ; 2.800e+00 ; 4.0500001e+00 ; 2.3700000e+02 
3.500e+01 ; 6.400e+00 ; 2.800e+00 ; 4.0510001e+00 ; 2.3700000e+02 
3.500e+01 ; 6.400e+00 ; 2.800e+00 ; 4.0520001e+00 ; 2.3700000e+02 
3.500e+01 ; 6.400e+00 ; 2.800e+00 ; 4.0530001e+00 ; 2.3700000e+02 
3.500e+01 ; 6.400e+00 ; 2.800e+00 ; 4.0550001e+00 ; 2.3700000e+02 
3.500e+01 ; 6.400e+00 ; 2.800e+00 ; 4.0590001e+00 ; 2.3700000e+02 
3.500e+01 ; 6.400e+00 ; 2.800e+00 ; 4.0670001e+00 ; 2.3700000e+02 
3.500e+01 ; 6.400e+00 ; 2.800e+00 ; 4.0830001e+00 ; 2.3700000e+02 
3.500e+01 ; 6.400e+00 ; 2.800e+00 ; 4.1150001e+00 ; 2.3700000e+02 
3.500e+01 ; 6.400e+00 ; 2.800e+00 ; 4.1790001e+00 ; 2.3700000e+02 
3.500e+01 ; 6.400e+00 ; 2.800e+00 ; 4.3070001e+00 ; 2.3700000e+02 
3.500e+01 ; 6.400e+00 ; 2.800e+00 ; 4.5630001e+00 ; 2.3700000e+02 
3.500e+01 ; 6.400e+00 ; 2.800e+00 ; 5.0750000e+00 ; 2.3700000e+02 
3.500e+01 ; 6.400e+00 ; 2.800e+00 ; 5.4000001e+00 ; 2.3700000e+02 
3.500e+01 ; 6.400e+00 ; 2.800e+00 ; 5.4000001e+00 ; 2.3700000e+02 
3.500e+01 ; 6.400e+00 ; 2.800e+00 ; 5.4010001e+00 ; 2.3700000e+02 
3.500e+01 ; 6.400e+00 ; 2.800e+00 ; 5.4020001e+00 ; 2.3700000e+02 
3.500e+01 ; 6.400e+00 ; 2.800e+00 ; 5.4030001e+00 ; 2.3700000e+02 
3.500e+01 ; 6.400e+00 ; 2.800e+00 ; 5.4050001e+00 ; 2.3700000e+02 
3.500e+01 ; 6.400e+00 ; 2.800e+00 ; 5.4090001e+00 ; 2.3700000e+02 
3.500e+01 ; 6.400e+00 ; 2.800e+00 ; 5.4170001e+00 ; 2.3700000e+02 
3.500e+01 ; 6.400e+00 ; 2.800e+00 ; 5.4330001e+00 ; 2.3700000e+02 
3.500e+01 ; 6.400e+00 ; 2.800e+00 ; 5.4650001e+00 ; 2.3700000e+02 
3.500e+01 ; 6.400e+00 ; 2.800e+00 ; 5.5290001e+00 ; 2.3700000e+02 
3.500e+01 ; 6.400e+00 ; 2.800e+00 ; 5.6570001e+00 ; 2.3700000e+02 
3.500e+01 ; 6.400e+00 ; 2.800e+00 ; 5.9130001e+00 ; 2.3700000e+02 
3.500e+01 ; 6.400e+00 ; 2.800e+00 ; 6.4250001e+00 ; 2.3700000e+02 
3.500e+01 ; 6.400e+00 ; 2.800e+00 ; 6.7500001e+00 ; 2.3700000e+02 
3.500e+01 ; 6.400e+00 ; 2.800e+00 ; 6.7500001e+00 ; 2.3700000e+02 
3.500e+01 ; 6.400e+00 ; 2.800e+00 ; 6.7510001e+00 ; 2.3700000e+02 
3.500e+01 ; 6.400e+00 ; 2.800e+00 ; 6.7520001e+00 ; 2.3700000e+02 
3.500e+01 ; 6.400e+00 ; 2.800e+00 ; 6.7530001e+00 ; 2.3700000e+02 
3.500e+01 ; 6.400e+00 ; 2.800e+00 ; 6.7550001e+00 ; 2.3700000e+02 
3.500e+01 ; 6.400e+00 ; 2.800e+00 ; 6.7590001e+00 ; 2.3700000e+02 
3.500e+01 ; 6.400e+00 ; 2.800e+00 ; 6.7670001e+00 ; 2.3700000e+02 
3.500e+01 ; 6.400e+00 ; 2.800e+00 ; 6.7830001e+00 ; 2.3700000e+02 
3.500e+01 ; 6.400e+00 ; 2.800e+00 ; 6.8150001e+00 ; 2.3700000e+02 
3.500e+01 ; 6.400e+00 ; 2.800e+00 ; 6.8790001e+00 ; 2.3700000e+02 
3.500e+01 ; 6.400e+00 ; 2.800e+00 ; 7.0070001e+00 ; 2.3700000e+02 
3.500e+01 ; 6.400e+00 ; 2.800e+00 ; 7.2630001e+00 ; 2.3700000e+02 
3.500e+01 ; 6.400e+00 ; 2.800e+00 ; 7.7750001e+00 ; 2.3700000e+02 
3.500e+01 ; 6.400e+00 ; 2.800e+00 ; 8.1000001e+00 ; 2.3700000e+02 
3.500e+01 ; 6.400e+00 ; 2.800e+00 ; 8.1000001e+00 ; 2.3700000e+02 
3.500e+01 ; 6.400e+00 ; 2.800e+00 ; 8.1010001e+00 ; 2.3700000e+02 
3.500e+01 ; 6.400e+00 ; 2.800e+00 ; 8.1020001e+00 ; 2.3700000e+02 
3.500e+01 ; 6.400e+00 ; 2.800e+00 ; 8.1030001e+00 ; 2.3700000e+02 
3.500e+01 ; 6.400e+00 ; 2.800e+00 ; 8.1050001e+00 ; 2.3700000e+02 
3.500e+01 ; 6.400e+00 ; 2.800e+00 ; 8.1090001e+00 ; 2.3700000e+02 
3.500e+01 ; 6.400e+00 ; 2.800e+00 ; 8.1170001e+00 ; 2.3700000e+02 
3.500e+01 ; 6.400e+00 ; 2.800e+00 ; 8.1330001e+00 ; 2.3700000e+02 
3.500e+01 ; 6.400e+00 ; 2.800e+00 ; 8.1650001e+00 ; 2.3700000e+02 
3.500e+01 ; 6.400e+00 ; 2.800e+00 ; 8.2290001e+00 ; 2.3700000e+02 
3.500e+01 ; 6.400e+00 ; 2.800e+00 ; 8.3570001e+00 ; 2.3700000e+02 
3.500e+01 ; 6.400e+00 ; 2.800e+00 ; 8.6130002e+00 ; 2.3700000e+02 
3.500e+01 ; 6.400e+00 ; 2.800e+00 ; 9.1250001e+00 ; 2.3700000e+02 
3.500e+01 ; 6.400e+00 ; 2.800e+00 ; 9.4500002e+00 ; 2.3700000e+02 
3.500e+01 ; 6.400e+00 ; 2.800e+00 ; 9.4500002e+00 ; 2.3700000e+02 
3.500e+01 ; 6.400e+00 ; 2.800e+00 ; 9.4510002e+00 ; 2.3700000e+02 
3.500e+01 ; 6.400e+00 ; 2.800e+00 ; 9.4520002e+00 ; 2.3700000e+02 
3.500e+01 ; 6.400e+00 ; 2.800e+00 ; 9.4530002e+00 ; 2.3700000e+02 
3.500e+01 ; 6.400e+00 ; 2.800e+00 ; 9.4550002e+00 ; 2.3700000e+02 
3.500e+01 ; 6.400e+00 ; 2.800e+00 ; 9.4590002e+00 ; 2.3700000e+02 
3.500e+01 ; 6.400e+00 ; 2.800e+00 ; 9.4670002e+00 ; 2.3700000e+02 
3.500e+01 ; 6.400e+00 ; 2.800e+00 ; 9.4830002e+00 ; 2.3700000e+02 
3.500e+01 ; 6.400e+00 ; 2.800e+00 ; 9.5150002e+00 ; 2.3700000e+02 
3.500e+01 ; 6.400e+00 ; 2.800e+00 ; 9.5790002e+00 ; 2.3700000e+02 
3.500e+01 ; 6.400e+00 ; 2.800e+00 ; 9.7070002e+00 ; 2.3700000e+02 
3.500e+01 ; 6.400e+00 ; 2.800e+00 ; 9.9630002e+00 ; 2.3700000e+02 
3.500e+01 ; 6.400e+00 ; 2.800e+00 ; 1.0475000e+01 ; 2.3700000e+02 
3.500e+01 ; 6.400e+00 ; 2.800e+00 ; 1.0800000e+01 ; 2.3700000e+02 
3.500e+01 ; 6.400e+00 ; 2.800e+00 ; 1.0800000e+01 ; 2.3700000e+02 
3.500e+01 ; 6.400e+00 ; 2.800e+00 ; 1.0801000e+01 ; 2.3700000e+02 
3.500e+01 ; 6.400e+00 ; 2.800e+00 ; 1.0802000e+01 ; 2.3700000e+02 
3.500e+01 ; 6.400e+00 ; 2.800e+00 ; 1.0803000e+01 ; 2.3700000e+02 
3.500e+01 ; 6.400e+00 ; 2.800e+00 ; 1.0805000e+01 ; 2.3700000e+02 
3.500e+01 ; 6.400e+00 ; 2.800e+00 ; 1.0809000e+01 ; 2.3700000e+02 
3.500e+01 ; 6.400e+00 ; 2.800e+00 ; 1.0817000e+01 ; 2.3700000e+02 
3.500e+01 ; 6.400e+00 ; 2.800e+00 ; 1.0833000e+01 ; 2.3700000e+02 
3.500e+01 ; 6.400e+00 ; 2.800e+00 ; 1.0865000e+01 ; 2.3700000e+02 
3.500e+01 ; 6.400e+00 ; 2.800e+00 ; 1.0929000e+01 ; 2.3700000e+02 
3.500e+01 ; 6.400e+00 ; 2.800e+00 ; 1.1057000e+01 ; 2.3700000e+02 
3.500e+01 ; 6.400e+00 ; 2.800e+00 ; 1.1313000e+01 ; 2.3700000e+02 
3.500e+01 ; 6.400e+00 ; 2.800e+00 ; 1.1825000e+01 ; 2.3700000e+02 
3.500e+01 ; 6.400e+00 ; 2.800e+00 ; 1.2150000e+01 ; 2.3700000e+02 
3.500e+01 ; 6.400e+00 ; 2.800e+00 ; 1.2150000e+01 ; 2.3700000e+02 
3.500e+01 ; 6.400e+00 ; 2.800e+00 ; 1.2151000e+01 ; 2.3700000e+02 
3.500e+01 ; 6.400e+00 ; 2.800e+00 ; 1.2152000e+01 ; 2.3700000e+02 
3.500e+01 ; 6.400e+00 ; 2.800e+00 ; 1.2153000e+01 ; 2.3700000e+02 
3.500e+01 ; 6.400e+00 ; 2.800e+00 ; 1.2155000e+01 ; 2.3700000e+02 
3.500e+01 ; 6.400e+00 ; 2.800e+00 ; 1.2159000e+01 ; 2.3700000e+02 
3.500e+01 ; 6.400e+00 ; 2.800e+00 ; 1.2167000e+01 ; 2.3700000e+02 
3.500e+01 ; 6.400e+00 ; 2.800e+00 ; 1.2183000e+01 ; 2.3700000e+02 
3.500e+01 ; 6.400e+00 ; 2.800e+00 ; 1.2215000e+01 ; 2.3700000e+02 
3.500e+01 ; 6.400e+00 ; 2.800e+00 ; 1.2279000e+01 ; 2.3700000e+02 
3.500e+01 ; 6.400e+00 ; 2.800e+00 ; 1.2407000e+01 ; 2.3700000e+02 
3.500e+01 ; 6.400e+00 ; 2.800e+00 ; 1.2663000e+01 ; 2.3700000e+02 
3.500e+01 ; 6.400e+00 ; 2.800e+00 ; 1.3175000e+01 ; 2.3700000e+02 
3.500e+01 ; 6.400e+00 ; 2.800e+00 ; 1.3500000e+01 ; 2.3700000e+02 
3.500e+01 ; 6.400e+00 ; 2.800e+00 ; 1.3500000e+01 ; 2.3700000e+02 
3.500e+01 ; 6.400e+00 ; 2.800e+00 ; 1.3501000e+01 ; 2.3700000e+02 
3.500e+01 ; 6.400e+00 ; 2.800e+00 ; 1.3502000e+01 ; 2.3700000e+02 
3.500e+01 ; 6.400e+00 ; 2.800e+00 ; 1.3503000e+01 ; 2.3700000e+02 
3.500e+01 ; 6.400e+00 ; 2.800e+00 ; 1.3505000e+01 ; 2.3700000e+02 
3.500e+01 ; 6.400e+00 ; 2.800e+00 ; 1.3509000e+01 ; 2.3700000e+02 
3.500e+01 ; 6.400e+00 ; 2.800e+00 ; 1.3517000e+01 ; 2.3700000e+02 
3.500e+01 ; 6.400e+00 ; 2.800e+00 ; 1.3533000e+01 ; 2.3700000e+02 
3.500e+01 ; 6.400e+00 ; 2.800e+00 ; 1.3565000e+01 ; 2.3700000e+02 
3.500e+01 ; 6.400e+00 ; 2.800e+00 ; 1.3629000e+01 ; 2.3700000e+02 
3.500e+01 ; 6.400e+00 ; 2.800e+00 ; 1.3757000e+01 ; 2.3700000e+02 
3.500e+01 ; 6.400e+00 ; 2.800e+00 ; 1.4013000e+01 ; 2.3700000e+02 
3.500e+01 ; 6.400e+00 ; 2.800e+00 ; 1.4525000e+01 ; 2.3700000e+02 
3.500e+01 ; 6.400e+00 ; 2.800e+00 ; 1.4850000e+01 ; 2.3700000e+02 
3.500e+01 ; 6.400e+00 ; 2.800e+00 ; 1.4850000e+01 ; 2.3700000e+02 
3.500e+01 ; 6.400e+00 ; 2.800e+00 ; 1.4851000e+01 ; 2.3700000e+02 
3.500e+01 ; 6.400e+00 ; 2.800e+00 ; 1.4852000e+01 ; 2.3700000e+02 
3.500e+01 ; 6.400e+00 ; 2.800e+00 ; 1.4853000e+01 ; 2.3700000e+02 
3.500e+01 ; 6.400e+00 ; 2.800e+00 ; 1.4855000e+01 ; 2.3700000e+02 
3.500e+01 ; 6.400e+00 ; 2.800e+00 ; 1.4859000e+01 ; 2.3700000e+02 
3.500e+01 ; 6.400e+00 ; 2.800e+00 ; 1.4867000e+01 ; 2.3700000e+02 
3.500e+01 ; 6.400e+00 ; 2.800e+00 ; 1.4883000e+01 ; 2.3700000e+02 
3.500e+01 ; 6.400e+00 ; 2.800e+00 ; 1.4915000e+01 ; 2.3700000e+02 
3.500e+01 ; 6.400e+00 ; 2.800e+00 ; 1.4979000e+01 ; 2.3700000e+02 
3.500e+01 ; 6.400e+00 ; 2.800e+00 ; 1.5107000e+01 ; 2.3700000e+02 
3.500e+01 ; 6.400e+00 ; 2.800e+00 ; 1.5363000e+01 ; 2.3700000e+02 
3.500e+01 ; 6.400e+00 ; 2.800e+00 ; 1.5875000e+01 ; 2.3700000e+02 
3.500e+01 ; 6.400e+00 ; 2.800e+00 ; 1.6200000e+01 ; 2.3700000e+02 
3.500e+01 ; 6.400e+00 ; 2.800e+00 ; 1.6200000e+01 ; 2.3700000e+02 
3.500e+01 ; 6.400e+00 ; 2.800e+00 ; 1.6201000e+01 ; 2.3700000e+02 
3.500e+01 ; 6.400e+00 ; 2.800e+00 ; 1.6202000e+01 ; 2.3700000e+02 
3.500e+01 ; 6.400e+00 ; 2.800e+00 ; 1.6203000e+01 ; 2.3700000e+02 
3.500e+01 ; 6.400e+00 ; 2.800e+00 ; 1.6205000e+01 ; 2.3700000e+02 
3.500e+01 ; 6.400e+00 ; 2.800e+00 ; 1.6209000e+01 ; 2.3700000e+02 
3.500e+01 ; 6.400e+00 ; 2.800e+00 ; 1.6217000e+01 ; 2.3700000e+02 
3.500e+01 ; 6.400e+00 ; 2.800e+00 ; 1.6233000e+01 ; 2.3700000e+02 
3.500e+01 ; 6.400e+00 ; 2.800e+00 ; 1.6265000e+01 ; 2.3700000e+02 
3.500e+01 ; 6.400e+00 ; 2.800e+00 ; 1.6329000e+01 ; 2.3700000e+02 
3.500e+01 ; 6.400e+00 ; 2.800e+00 ; 1.6457000e+01 ; 2.3700000e+02 
3.500e+01 ; 6.400e+00 ; 2.800e+00 ; 1.6713000e+01 ; 2.3700000e+02 
3.500e+01 ; 6.400e+00 ; 2.800e+00 ; 1.7225000e+01 ; 2.3700000e+02 
3.500e+01 ; 6.400e+00 ; 2.800e+00 ; 1.7550000e+01 ; 2.3700000e+02 
3.500e+01 ; 6.400e+00 ; 2.800e+00 ; 1.7550000e+01 ; 2.3700000e+02 
3.500e+01 ; 6.400e+00 ; 2.800e+00 ; 1.7551000e+01 ; 2.3700000e+02 
3.500e+01 ; 6.400e+00 ; 2.800e+00 ; 1.7552000e+01 ; 2.3700000e+02 
3.500e+01 ; 6.400e+00 ; 2.800e+00 ; 1.7553000e+01 ; 2.3700000e+02 
3.500e+01 ; 6.400e+00 ; 2.800e+00 ; 1.7555000e+01 ; 2.3700000e+02 
3.500e+01 ; 6.400e+00 ; 2.800e+00 ; 1.7559000e+01 ; 2.3700000e+02 
3.500e+01 ; 6.400e+00 ; 2.800e+00 ; 1.7567000e+01 ; 2.3700000e+02 
3.500e+01 ; 6.400e+00 ; 2.800e+00 ; 1.7583000e+01 ; 2.3700000e+02 
3.500e+01 ; 6.400e+00 ; 2.800e+00 ; 1.7615000e+01 ; 2.3700000e+02 
3.500e+01 ; 6.400e+00 ; 2.800e+00 ; 1.7679000e+01 ; 2.3700000e+02 
3.500e+01 ; 6.400e+00 ; 2.800e+00 ; 1.7807000e+01 ; 2.3700000e+02 
3.500e+01 ; 6.400e+00 ; 2.800e+00 ; 1.8063000e+01 ; 2.3700000e+02 
3.500e+01 ; 6.400e+00 ; 2.800e+00 ; 1.8575000e+01 ; 2.3700000e+02 
3.500e+01 ; 6.400e+00 ; 2.800e+00 ; 1.8900000e+01 ; 2.3700000e+02 
3.500e+01 ; 6.400e+00 ; 2.800e+00 ; 1.8900000e+01 ; 2.3700000e+02 
3.500e+01 ; 6.400e+00 ; 2.800e+00 ; 1.8901000e+01 ; 2.3700000e+02 
3.500e+01 ; 6.400e+00 ; 2.800e+00 ; 1.8902000e+01 ; 2.3700000e+02 
3.500e+01 ; 6.400e+00 ; 2.800e+00 ; 1.8903000e+01 ; 2.3700000e+02 
3.500e+01 ; 6.400e+00 ; 2.800e+00 ; 1.8905000e+01 ; 2.3700000e+02 
3.500e+01 ; 6.400e+00 ; 2.800e+00 ; 1.8909000e+01 ; 2.3700000e+02 
3.500e+01 ; 6.400e+00 ; 2.800e+00 ; 1.8917000e+01 ; 2.3700000e+02 
3.500e+01 ; 6.400e+00 ; 2.800e+00 ; 1.8933000e+01 ; 2.3700000e+02 
3.500e+01 ; 6.400e+00 ; 2.800e+00 ; 1.8965000e+01 ; 2.3700000e+02 
3.500e+01 ; 6.400e+00 ; 2.800e+00 ; 1.9029000e+01 ; 2.3700000e+02 
3.500e+01 ; 6.400e+00 ; 2.800e+00 ; 1.9157000e+01 ; 2.3700000e+02 
3.500e+01 ; 6.400e+00 ; 2.800e+00 ; 1.9413000e+01 ; 2.3700000e+02 
3.500e+01 ; 6.400e+00 ; 2.800e+00 ; 1.9925000e+01 ; 2.3700000e+02 
3.500e+01 ; 6.400e+00 ; 2.800e+00 ; 2.0250000e+01 ; 2.3700000e+02 
3.500e+01 ; 6.400e+00 ; 2.800e+00 ; 2.0250000e+01 ; 2.3700000e+02 
3.500e+01 ; 6.400e+00 ; 2.800e+00 ; 2.0251000e+01 ; 2.3700000e+02 
3.500e+01 ; 6.400e+00 ; 2.800e+00 ; 2.0252000e+01 ; 2.3700000e+02 
3.500e+01 ; 6.400e+00 ; 2.800e+00 ; 2.0253000e+01 ; 2.3700000e+02 
3.500e+01 ; 6.400e+00 ; 2.800e+00 ; 2.0255000e+01 ; 2.3700000e+02 
3.500e+01 ; 6.400e+00 ; 2.800e+00 ; 2.0259000e+01 ; 2.3700000e+02 
3.500e+01 ; 6.400e+00 ; 2.800e+00 ; 2.0267000e+01 ; 2.3700000e+02 
3.500e+01 ; 6.400e+00 ; 2.800e+00 ; 2.0283000e+01 ; 2.3700000e+02 
3.500e+01 ; 6.400e+00 ; 2.800e+00 ; 2.0315000e+01 ; 2.3700000e+02 
3.500e+01 ; 6.400e+00 ; 2.800e+00 ; 2.0379000e+01 ; 2.3700000e+02 
3.500e+01 ; 6.400e+00 ; 2.800e+00 ; 2.0507000e+01 ; 2.3700000e+02 
3.500e+01 ; 6.400e+00 ; 2.800e+00 ; 2.0763000e+01 ; 2.3700000e+02 
3.500e+01 ; 6.400e+00 ; 2.800e+00 ; 2.1275000e+01 ; 2.3700000e+02 
3.500e+01 ; 6.400e+00 ; 2.800e+00 ; 2.1600000e+01 ; 2.3700000e+02 
3.500e+01 ; 6.400e+00 ; 2.800e+00 ; 2.1600000e+01 ; 2.3700000e+02 
3.500e+01 ; 6.400e+00 ; 2.800e+00 ; 2.1601000e+01 ; 2.3700000e+02 
3.500e+01 ; 6.400e+00 ; 2.800e+00 ; 2.1602000e+01 ; 2.3700000e+02 
3.500e+01 ; 6.400e+00 ; 2.800e+00 ; 2.1603000e+01 ; 2.3700000e+02 
3.500e+01 ; 6.400e+00 ; 2.800e+00 ; 2.1605000e+01 ; 2.3700000e+02 
3.500e+01 ; 6.400e+00 ; 2.800e+00 ; 2.1609000e+01 ; 2.3700000e+02 
3.500e+01 ; 6.400e+00 ; 2.800e+00 ; 2.1617000e+01 ; 2.3700000e+02 
3.500e+01 ; 6.400e+00 ; 2.800e+00 ; 2.1633000e+01 ; 2.3700000e+02 
3.500e+01 ; 6.400e+00 ; 2.800e+00 ; 2.1665000e+01 ; 2.3700000e+02 
3.500e+01 ; 6.400e+00 ; 2.800e+00 ; 2.1729000e+01 ; 2.3700000e+02 
3.500e+01 ; 6.400e+00 ; 2.800e+00 ; 2.1857000e+01 ; 2.3700000e+02 
3.500e+01 ; 6.400e+00 ; 2.800e+00 ; 2.2113000e+01 ; 2.3700000e+02 
3.500e+01 ; 6.400e+00 ; 2.800e+00 ; 2.2625000e+01 ; 2.3700000e+02 
3.500e+01 ; 6.400e+00 ; 2.800e+00 ; 2.2950000e+01 ; 2.3700000e+02 
3.500e+01 ; 6.400e+00 ; 2.800e+00 ; 2.2950000e+01 ; 2.3700000e+02 
3.500e+01 ; 6.400e+00 ; 2.800e+00 ; 2.2951000e+01 ; 2.3700000e+02 
3.500e+01 ; 6.400e+00 ; 2.800e+00 ; 2.2952000e+01 ; 2.3700000e+02 
3.500e+01 ; 6.400e+00 ; 2.800e+00 ; 2.2953000e+01 ; 2.3700000e+02 
3.500e+01 ; 6.400e+00 ; 2.800e+00 ; 2.2955000e+01 ; 2.3700000e+02 
3.500e+01 ; 6.400e+00 ; 2.800e+00 ; 2.2959000e+01 ; 2.3700000e+02 
3.500e+01 ; 6.400e+00 ; 2.800e+00 ; 2.2967000e+01 ; 2.3700000e+02 
3.500e+01 ; 6.400e+00 ; 2.800e+00 ; 2.2983000e+01 ; 2.3700000e+02 
3.500e+01 ; 6.400e+00 ; 2.800e+00 ; 2.3015000e+01 ; 2.3700000e+02 
3.500e+01 ; 6.400e+00 ; 2.800e+00 ; 2.3079000e+01 ; 2.3700000e+02 
3.500e+01 ; 6.400e+00 ; 2.800e+00 ; 2.3207000e+01 ; 2.3700000e+02 
3.500e+01 ; 6.400e+00 ; 2.800e+00 ; 2.3463000e+01 ; 2.3700000e+02 
3.500e+01 ; 6.400e+00 ; 2.800e+00 ; 2.3975000e+01 ; 2.3700000e+02 
3.500e+01 ; 6.400e+00 ; 2.800e+00 ; 2.4300000e+01 ; 2.3700000e+02 
3.500e+01 ; 6.400e+00 ; 2.800e+00 ; 2.4300000e+01 ; 2.3700000e+02 
3.500e+01 ; 6.400e+00 ; 2.800e+00 ; 2.4301000e+01 ; 2.3700000e+02 
3.500e+01 ; 6.400e+00 ; 2.800e+00 ; 2.4302000e+01 ; 2.3700000e+02 
3.500e+01 ; 6.400e+00 ; 2.800e+00 ; 2.4303000e+01 ; 2.3700000e+02 
3.500e+01 ; 6.400e+00 ; 2.800e+00 ; 2.4305000e+01 ; 2.3700000e+02 
3.500e+01 ; 6.400e+00 ; 2.800e+00 ; 2.4309000e+01 ; 2.3700000e+02 
3.500e+01 ; 6.400e+00 ; 2.800e+00 ; 2.4317000e+01 ; 2.3700000e+02 
3.500e+01 ; 6.400e+00 ; 2.800e+00 ; 2.4333000e+01 ; 2.3700000e+02 
3.500e+01 ; 6.400e+00 ; 2.800e+00 ; 2.4365000e+01 ; 2.3700000e+02 
3.500e+01 ; 6.400e+00 ; 2.800e+00 ; 2.4429000e+01 ; 2.3700000e+02 
3.500e+01 ; 6.400e+00 ; 2.800e+00 ; 2.4557000e+01 ; 2.3700000e+02 
3.500e+01 ; 6.400e+00 ; 2.800e+00 ; 2.4813000e+01 ; 2.3700000e+02 
3.500e+01 ; 6.400e+00 ; 2.800e+00 ; 2.5325000e+01 ; 2.3700000e+02 
3.500e+01 ; 6.400e+00 ; 2.800e+00 ; 2.5650000e+01 ; 2.3700000e+02 
3.500e+01 ; 6.400e+00 ; 2.800e+00 ; 2.5650000e+01 ; 2.3700000e+02 
3.500e+01 ; 6.400e+00 ; 2.800e+00 ; 2.5651000e+01 ; 2.3700000e+02 
3.500e+01 ; 6.400e+00 ; 2.800e+00 ; 2.5652000e+01 ; 2.3700000e+02 
3.500e+01 ; 6.400e+00 ; 2.800e+00 ; 2.5653000e+01 ; 2.3700000e+02 
3.500e+01 ; 6.400e+00 ; 2.800e+00 ; 2.5655000e+01 ; 2.3700000e+02 
3.500e+01 ; 6.400e+00 ; 2.800e+00 ; 2.5659000e+01 ; 2.3700000e+02 
3.500e+01 ; 6.400e+00 ; 2.800e+00 ; 2.5667000e+01 ; 2.3700000e+02 
3.500e+01 ; 6.400e+00 ; 2.800e+00 ; 2.5683000e+01 ; 2.3700000e+02 
3.500e+01 ; 6.400e+00 ; 2.800e+00 ; 2.5715000e+01 ; 2.3700000e+02 
3.500e+01 ; 6.400e+00 ; 2.800e+00 ; 2.5779000e+01 ; 2.3700000e+02 
3.500e+01 ; 6.400e+00 ; 2.800e+00 ; 2.5907000e+01 ; 2.3700000e+02 
3.500e+01 ; 6.400e+00 ; 2.800e+00 ; 2.6163000e+01 ; 2.3700000e+02 
3.500e+01 ; 6.400e+00 ; 2.800e+00 ; 2.6675000e+01 ; 2.3700000e+02 
3.500e+01 ; 6.400e+00 ; 2.800e+00 ; 2.7000000e+01 ; 2.3700000e+02 
3.500e+01 ; 6.400e+00 ; 2.800e+00 ; 2.7000000e+01 ; 2.3700000e+02 
3.500e+01 ; 6.400e+00 ; 2.800e+00 ; 2.7001000e+01 ; 2.3700000e+02 
3.500e+01 ; 6.400e+00 ; 2.800e+00 ; 2.7002000e+01 ; 2.3700000e+02 
3.500e+01 ; 6.400e+00 ; 2.800e+00 ; 2.7003000e+01 ; 2.3700000e+02 
3.500e+01 ; 6.400e+00 ; 2.800e+00 ; 2.7005000e+01 ; 2.3700000e+02 
3.500e+01 ; 6.400e+00 ; 2.800e+00 ; 2.7009000e+01 ; 2.3700000e+02 
3.500e+01 ; 6.400e+00 ; 2.800e+00 ; 2.7017000e+01 ; 2.3700000e+02 
3.500e+01 ; 6.400e+00 ; 2.800e+00 ; 2.7033000e+01 ; 2.3700000e+02 
3.500e+01 ; 6.400e+00 ; 2.800e+00 ; 2.7065000e+01 ; 2.3700000e+02 
3.500e+01 ; 6.400e+00 ; 2.800e+00 ; 2.7129000e+01 ; 2.3700000e+02 
3.500e+01 ; 6.400e+00 ; 2.800e+00 ; 2.7257000e+01 ; 2.3700000e+02 
3.500e+01 ; 6.400e+00 ; 2.800e+00 ; 2.7513000e+01 ; 2.3700000e+02 
3.500e+01 ; 6.400e+00 ; 2.800e+00 ; 2.8025000e+01 ; 2.3700000e+02 
3.500e+01 ; 6.400e+00 ; 2.800e+00 ; 2.8350001e+01 ; 2.3700000e+02 
3.500e+01 ; 6.400e+00 ; 2.800e+00 ; 2.8350001e+01 ; 2.3700000e+02 
3.500e+01 ; 6.400e+00 ; 2.800e+00 ; 2.8351001e+01 ; 2.3700000e+02 
3.500e+01 ; 6.400e+00 ; 2.800e+00 ; 2.8352001e+01 ; 2.3700000e+02 
3.500e+01 ; 6.400e+00 ; 2.800e+00 ; 2.8353001e+01 ; 2.3700000e+02 
3.500e+01 ; 6.400e+00 ; 2.800e+00 ; 2.8355001e+01 ; 2.3700000e+02 
3.500e+01 ; 6.400e+00 ; 2.800e+00 ; 2.8359001e+01 ; 2.3700000e+02 
3.500e+01 ; 6.400e+00 ; 2.800e+00 ; 2.8367001e+01 ; 2.3700000e+02 
3.500e+01 ; 6.400e+00 ; 2.800e+00 ; 2.8383001e+01 ; 2.3700000e+02 
3.500e+01 ; 6.400e+00 ; 2.800e+00 ; 2.8415000e+01 ; 2.3700000e+02 
3.500e+01 ; 6.400e+00 ; 2.800e+00 ; 2.8479000e+01 ; 2.3700000e+02 
3.500e+01 ; 6.400e+00 ; 2.800e+00 ; 2.8607000e+01 ; 2.3700000e+02 
3.500e+01 ; 6.400e+00 ; 2.800e+00 ; 2.8863001e+01 ; 2.3700000e+02 
3.500e+01 ; 6.400e+00 ; 2.800e+00 ; 2.9375000e+01 ; 2.3700000e+02 
3.500e+01 ; 6.400e+00 ; 2.800e+00 ; 2.9700001e+01 ; 2.3700000e+02 
3.500e+01 ; 6.400e+00 ; 2.800e+00 ; 2.9700001e+01 ; 2.3700000e+02 
3.500e+01 ; 6.400e+00 ; 2.800e+00 ; 2.9701001e+01 ; 2.3700000e+02 
3.500e+01 ; 6.400e+00 ; 2.800e+00 ; 2.9702001e+01 ; 2.3700000e+02 
3.500e+01 ; 6.400e+00 ; 2.800e+00 ; 2.9703001e+01 ; 2.3700000e+02 
3.500e+01 ; 6.400e+00 ; 2.800e+00 ; 2.9705001e+01 ; 2.3700000e+02 
3.500e+01 ; 6.400e+00 ; 2.800e+00 ; 2.9709001e+01 ; 2.3700000e+02 
3.500e+01 ; 6.400e+00 ; 2.800e+00 ; 2.9717001e+01 ; 2.3700000e+02 
3.500e+01 ; 6.400e+00 ; 2.800e+00 ; 2.9733001e+01 ; 2.3700000e+02 
3.500e+01 ; 6.400e+00 ; 2.800e+00 ; 2.9765001e+01 ; 2.3700000e+02 
3.500e+01 ; 6.400e+00 ; 2.800e+00 ; 2.9829001e+01 ; 2.3700000e+02 
3.500e+01 ; 6.400e+00 ; 2.800e+00 ; 2.9957001e+01 ; 2.3700000e+02 
3.500e+01 ; 6.400e+00 ; 2.800e+00 ; 3.0213001e+01 ; 2.3700000e+02 
3.500e+01 ; 6.400e+00 ; 2.800e+00 ; 3.0725001e+01 ; 2.3700000e+02 
3.500e+01 ; 6.400e+00 ; 2.800e+00 ; 3.1050001e+01 ; 2.3700000e+02 
3.500e+01 ; 6.400e+00 ; 2.800e+00 ; 3.1050001e+01 ; 2.3700000e+02 
3.500e+01 ; 6.400e+00 ; 2.800e+00 ; 3.1051001e+01 ; 2.3700000e+02 
3.500e+01 ; 6.400e+00 ; 2.800e+00 ; 3.1052001e+01 ; 2.3700000e+02 
3.500e+01 ; 6.400e+00 ; 2.800e+00 ; 3.1053001e+01 ; 2.3700000e+02 
3.500e+01 ; 6.400e+00 ; 2.800e+00 ; 3.1055001e+01 ; 2.3700000e+02 
3.500e+01 ; 6.400e+00 ; 2.800e+00 ; 3.1059001e+01 ; 2.3700000e+02 
3.500e+01 ; 6.400e+00 ; 2.800e+00 ; 3.1067001e+01 ; 2.3700000e+02 
3.500e+01 ; 6.400e+00 ; 2.800e+00 ; 3.1083001e+01 ; 2.3700000e+02 
3.500e+01 ; 6.400e+00 ; 2.800e+00 ; 3.1115001e+01 ; 2.3700000e+02 
3.500e+01 ; 6.400e+00 ; 2.800e+00 ; 3.1179001e+01 ; 2.3700000e+02 
3.500e+01 ; 6.400e+00 ; 2.800e+00 ; 3.1307001e+01 ; 2.3700000e+02 
3.500e+01 ; 6.400e+00 ; 2.800e+00 ; 3.1563001e+01 ; 2.3700000e+02 
3.500e+01 ; 6.400e+00 ; 2.800e+00 ; 3.2075001e+01 ; 2.3700000e+02 
3.500e+01 ; 6.400e+00 ; 2.800e+00 ; 3.2400001e+01 ; 2.3700000e+02 
3.500e+01 ; 6.400e+00 ; 2.800e+00 ; 3.2400001e+01 ; 2.3700000e+02 
3.500e+01 ; 6.400e+00 ; 2.800e+00 ; 3.2401001e+01 ; 2.3700000e+02 
3.500e+01 ; 6.400e+00 ; 2.800e+00 ; 3.2402001e+01 ; 2.3700000e+02 
3.500e+01 ; 6.400e+00 ; 2.800e+00 ; 3.2403001e+01 ; 2.3700000e+02 
3.500e+01 ; 6.400e+00 ; 2.800e+00 ; 3.2405001e+01 ; 2.3700000e+02 
3.500e+01 ; 6.400e+00 ; 2.800e+00 ; 3.2409001e+01 ; 2.3700000e+02 
3.500e+01 ; 6.400e+00 ; 2.800e+00 ; 3.2417001e+01 ; 2.3700000e+02 
3.500e+01 ; 6.400e+00 ; 2.800e+00 ; 3.2433001e+01 ; 2.3700000e+02 
3.500e+01 ; 6.400e+00 ; 2.800e+00 ; 3.2465001e+01 ; 2.3700000e+02 
3.500e+01 ; 6.400e+00 ; 2.800e+00 ; 3.2529001e+01 ; 2.3700000e+02 
3.500e+01 ; 6.400e+00 ; 2.800e+00 ; 3.2657001e+01 ; 2.3700000e+02 
3.500e+01 ; 6.400e+00 ; 2.800e+00 ; 3.2913001e+01 ; 2.3700000e+02 
3.500e+01 ; 6.400e+00 ; 2.800e+00 ; 3.3425001e+01 ; 2.3700000e+02 
3.500e+01 ; 6.400e+00 ; 2.800e+00 ; 3.3750001e+01 ; 2.3700000e+02 
3.500e+01 ; 6.400e+00 ; 2.800e+00 ; 3.3750001e+01 ; 2.3700000e+02 
3.500e+01 ; 6.400e+00 ; 2.800e+00 ; 3.3751001e+01 ; 2.3700000e+02 
3.500e+01 ; 6.400e+00 ; 2.800e+00 ; 3.3752001e+01 ; 2.3700000e+02 
3.500e+01 ; 6.400e+00 ; 2.800e+00 ; 3.3753001e+01 ; 2.3700000e+02 
3.500e+01 ; 6.400e+00 ; 2.800e+00 ; 3.3755001e+01 ; 2.3700000e+02 
3.500e+01 ; 6.400e+00 ; 2.800e+00 ; 3.3759001e+01 ; 2.3700000e+02 
3.500e+01 ; 6.400e+00 ; 2.800e+00 ; 3.3767001e+01 ; 2.3700000e+02 
3.500e+01 ; 6.400e+00 ; 2.800e+00 ; 3.3783001e+01 ; 2.3700000e+02 
3.500e+01 ; 6.400e+00 ; 2.800e+00 ; 3.3815001e+01 ; 2.3700000e+02 
3.500e+01 ; 6.400e+00 ; 2.800e+00 ; 3.3879001e+01 ; 2.3700000e+02 
3.500e+01 ; 6.400e+00 ; 2.800e+00 ; 3.4007001e+01 ; 2.3700000e+02 
3.500e+01 ; 6.400e+00 ; 2.800e+00 ; 3.4263001e+01 ; 2.3700000e+02 
3.500e+01 ; 6.400e+00 ; 2.800e+00 ; 3.4775001e+01 ; 2.3700000e+02 
3.500e+01 ; 6.400e+00 ; 2.800e+00 ; 3.5100001e+01 ; 2.3700000e+02 
3.500e+01 ; 6.400e+00 ; 2.800e+00 ; 3.5100001e+01 ; 2.3700000e+02 
3.500e+01 ; 6.400e+00 ; 2.800e+00 ; 3.5101001e+01 ; 2.3700000e+02 
3.500e+01 ; 6.400e+00 ; 2.800e+00 ; 3.5102001e+01 ; 2.3700000e+02 
3.500e+01 ; 6.400e+00 ; 2.800e+00 ; 3.5103001e+01 ; 2.3700000e+02 
3.500e+01 ; 6.400e+00 ; 2.800e+00 ; 3.5105001e+01 ; 2.3700000e+02 
3.500e+01 ; 6.400e+00 ; 2.800e+00 ; 3.5109001e+01 ; 2.3700000e+02 
3.500e+01 ; 6.400e+00 ; 2.800e+00 ; 3.5117001e+01 ; 2.3700000e+02 
3.500e+01 ; 6.400e+00 ; 2.800e+00 ; 3.5133001e+01 ; 2.3700000e+02 
3.500e+01 ; 6.400e+00 ; 2.800e+00 ; 3.5165001e+01 ; 2.3700000e+02 
3.500e+01 ; 6.400e+00 ; 2.800e+00 ; 3.5229001e+01 ; 2.3700000e+02 
3.500e+01 ; 6.400e+00 ; 2.800e+00 ; 3.5357001e+01 ; 2.3700000e+02 
3.500e+01 ; 6.400e+00 ; 2.800e+00 ; 3.5613001e+01 ; 2.3700000e+02 
3.500e+01 ; 6.400e+00 ; 2.800e+00 ; 3.6125001e+01 ; 2.3700000e+02 
3.500e+01 ; 6.400e+00 ; 2.800e+00 ; 3.6450001e+01 ; 2.3700000e+02 
3.500e+01 ; 6.400e+00 ; 2.800e+00 ; 3.6450001e+01 ; 2.3700000e+02 
3.500e+01 ; 6.400e+00 ; 2.800e+00 ; 3.6451001e+01 ; 2.3700000e+02 
3.500e+01 ; 6.400e+00 ; 2.800e+00 ; 3.6452001e+01 ; 2.3700000e+02 
3.500e+01 ; 6.400e+00 ; 2.800e+00 ; 3.6453001e+01 ; 2.3700000e+02 
3.500e+01 ; 6.400e+00 ; 2.800e+00 ; 3.6455001e+01 ; 2.3700000e+02 
3.500e+01 ; 6.400e+00 ; 2.800e+00 ; 3.6459001e+01 ; 2.3700000e+02 
3.500e+01 ; 6.400e+00 ; 2.800e+00 ; 3.6467001e+01 ; 2.3700000e+02 
3.500e+01 ; 6.400e+00 ; 2.800e+00 ; 3.6483001e+01 ; 2.3700000e+02 
3.500e+01 ; 6.400e+00 ; 2.800e+00 ; 3.6515001e+01 ; 2.3700000e+02 
3.500e+01 ; 6.400e+00 ; 2.800e+00 ; 3.6579001e+01 ; 2.3700000e+02 
3.500e+01 ; 6.400e+00 ; 2.800e+00 ; 3.6707001e+01 ; 2.3700000e+02 
3.500e+01 ; 6.400e+00 ; 2.800e+00 ; 3.6963001e+01 ; 2.3700000e+02 
3.500e+01 ; 6.400e+00 ; 2.800e+00 ; 3.7475001e+01 ; 2.3700000e+02 
3.500e+01 ; 6.400e+00 ; 2.800e+00 ; 3.7800001e+01 ; 2.3700000e+02 
3.500e+01 ; 6.400e+00 ; 2.800e+00 ; 3.7800001e+01 ; 2.3700000e+02 
3.500e+01 ; 6.400e+00 ; 2.800e+00 ; 3.7801001e+01 ; 2.3700000e+02 
3.500e+01 ; 6.400e+00 ; 2.800e+00 ; 3.7802001e+01 ; 2.3700000e+02 
3.500e+01 ; 6.400e+00 ; 2.800e+00 ; 3.7803001e+01 ; 2.3700000e+02 
3.500e+01 ; 6.400e+00 ; 2.800e+00 ; 3.7805001e+01 ; 2.3700000e+02 
3.500e+01 ; 6.400e+00 ; 2.800e+00 ; 3.7809001e+01 ; 2.3700000e+02 
3.500e+01 ; 6.400e+00 ; 2.800e+00 ; 3.7817001e+01 ; 2.3700000e+02 
3.500e+01 ; 6.400e+00 ; 2.800e+00 ; 3.7833001e+01 ; 2.3700000e+02 
3.500e+01 ; 6.400e+00 ; 2.800e+00 ; 3.7865001e+01 ; 2.3700000e+02 
3.500e+01 ; 6.400e+00 ; 2.800e+00 ; 3.7929001e+01 ; 2.3700000e+02 
3.500e+01 ; 6.400e+00 ; 2.800e+00 ; 3.8057001e+01 ; 2.3700000e+02 
3.500e+01 ; 6.400e+00 ; 2.800e+00 ; 3.8313001e+01 ; 2.3700000e+02 
3.500e+01 ; 6.400e+00 ; 2.800e+00 ; 3.8825001e+01 ; 2.3700000e+02 
3.500e+01 ; 6.400e+00 ; 2.800e+00 ; 3.9150001e+01 ; 2.3700000e+02 
3.500e+01 ; 6.400e+00 ; 2.800e+00 ; 3.9150001e+01 ; 2.3700000e+02 
3.500e+01 ; 6.400e+00 ; 2.800e+00 ; 3.9151001e+01 ; 2.3700000e+02 
3.500e+01 ; 6.400e+00 ; 2.800e+00 ; 3.9152001e+01 ; 2.3700000e+02 
3.500e+01 ; 6.400e+00 ; 2.800e+00 ; 3.9153001e+01 ; 2.3700000e+02 
3.500e+01 ; 6.400e+00 ; 2.800e+00 ; 3.9155001e+01 ; 2.3700000e+02 
3.500e+01 ; 6.400e+00 ; 2.800e+00 ; 3.9159001e+01 ; 2.3700000e+02 
3.500e+01 ; 6.400e+00 ; 2.800e+00 ; 3.9167001e+01 ; 2.3700000e+02 
3.500e+01 ; 6.400e+00 ; 2.800e+00 ; 3.9183001e+01 ; 2.3700000e+02 
3.500e+01 ; 6.400e+00 ; 2.800e+00 ; 3.9215001e+01 ; 2.3700000e+02 
3.500e+01 ; 6.400e+00 ; 2.800e+00 ; 3.9279001e+01 ; 2.3700000e+02 
3.500e+01 ; 6.400e+00 ; 2.800e+00 ; 3.9407001e+01 ; 2.3700000e+02 
3.500e+01 ; 6.400e+00 ; 2.800e+00 ; 3.9663001e+01 ; 2.3700000e+02 
3.500e+01 ; 6.400e+00 ; 2.800e+00 ; 4.0175001e+01 ; 2.3700000e+02 
3.500e+01 ; 6.400e+00 ; 2.800e+00 ; 4.0500001e+01 ; 2.3700000e+02 
3.500e+01 ; 6.400e+00 ; 2.800e+00 ; 4.0500001e+01 ; 2.3700000e+02 
3.500e+01 ; 6.400e+00 ; 2.800e+00 ; 4.0501001e+01 ; 2.3700000e+02 
3.500e+01 ; 6.400e+00 ; 2.800e+00 ; 4.0502001e+01 ; 2.3700000e+02 
3.500e+01 ; 6.400e+00 ; 2.800e+00 ; 4.0503001e+01 ; 2.3700000e+02 
3.500e+01 ; 6.400e+00 ; 2.800e+00 ; 4.0505001e+01 ; 2.3700000e+02 
3.500e+01 ; 6.400e+00 ; 2.800e+00 ; 4.0509001e+01 ; 2.3700000e+02 
3.500e+01 ; 6.400e+00 ; 2.800e+00 ; 4.0517001e+01 ; 2.3700000e+02 
3.500e+01 ; 6.400e+00 ; 2.800e+00 ; 4.0533001e+01 ; 2.3700000e+02 
3.500e+01 ; 6.400e+00 ; 2.800e+00 ; 4.0565001e+01 ; 2.3700000e+02 
3.500e+01 ; 6.400e+00 ; 2.800e+00 ; 4.0629001e+01 ; 2.3700000e+02 
3.500e+01 ; 6.400e+00 ; 2.800e+00 ; 4.0757001e+01 ; 2.3700000e+02 
3.500e+01 ; 6.400e+00 ; 2.800e+00 ; 4.1013001e+01 ; 2.3700000e+02 
3.500e+01 ; 6.400e+00 ; 2.800e+00 ; 4.1525001e+01 ; 2.3700000e+02 
3.500e+01 ; 6.400e+00 ; 2.800e+00 ; 4.1850001e+01 ; 2.3700000e+02 
3.500e+01 ; 6.400e+00 ; 2.800e+00 ; 4.1850001e+01 ; 2.3700000e+02 
3.500e+01 ; 6.400e+00 ; 2.800e+00 ; 4.1851001e+01 ; 2.3700000e+02 
3.500e+01 ; 6.400e+00 ; 2.800e+00 ; 4.1852001e+01 ; 2.3700000e+02 
3.500e+01 ; 6.400e+00 ; 2.800e+00 ; 4.1853001e+01 ; 2.3700000e+02 
3.500e+01 ; 6.400e+00 ; 2.800e+00 ; 4.1855001e+01 ; 2.3700000e+02 
3.500e+01 ; 6.400e+00 ; 2.800e+00 ; 4.1859001e+01 ; 2.3700000e+02 
3.500e+01 ; 6.400e+00 ; 2.800e+00 ; 4.1867001e+01 ; 2.3700000e+02 
3.500e+01 ; 6.400e+00 ; 2.800e+00 ; 4.1883001e+01 ; 2.3700000e+02 
3.500e+01 ; 6.400e+00 ; 2.800e+00 ; 4.1915001e+01 ; 2.3700000e+02 
3.500e+01 ; 6.400e+00 ; 2.800e+00 ; 4.1979001e+01 ; 2.3700000e+02 
3.500e+01 ; 6.400e+00 ; 2.800e+00 ; 4.2107001e+01 ; 2.3700000e+02 
3.500e+01 ; 6.400e+00 ; 2.800e+00 ; 4.2363001e+01 ; 2.3700000e+02 
3.500e+01 ; 6.400e+00 ; 2.800e+00 ; 4.2875001e+01 ; 2.3700000e+02 
3.500e+01 ; 6.400e+00 ; 2.800e+00 ; 4.3200001e+01 ; 2.3700000e+02 
3.500e+01 ; 6.400e+00 ; 2.800e+00 ; 4.3200001e+01 ; 2.3700000e+02 
3.500e+01 ; 6.400e+00 ; 2.800e+00 ; 4.3201001e+01 ; 2.3700000e+02 
3.500e+01 ; 6.400e+00 ; 2.800e+00 ; 4.3202001e+01 ; 2.3700000e+02 
3.500e+01 ; 6.400e+00 ; 2.800e+00 ; 4.3203001e+01 ; 2.3700000e+02 
3.500e+01 ; 6.400e+00 ; 2.800e+00 ; 4.3205001e+01 ; 2.3700000e+02 
3.500e+01 ; 6.400e+00 ; 2.800e+00 ; 4.3209001e+01 ; 2.3700000e+02 
3.500e+01 ; 6.400e+00 ; 2.800e+00 ; 4.3217001e+01 ; 2.3700000e+02 
3.500e+01 ; 6.400e+00 ; 2.800e+00 ; 4.3233001e+01 ; 2.3700000e+02 
3.500e+01 ; 6.400e+00 ; 2.800e+00 ; 4.3265001e+01 ; 2.3700000e+02 
3.500e+01 ; 6.400e+00 ; 2.800e+00 ; 4.3329001e+01 ; 2.3700000e+02 
3.500e+01 ; 6.400e+00 ; 2.800e+00 ; 4.3457001e+01 ; 2.3700000e+02 
3.500e+01 ; 6.400e+00 ; 2.800e+00 ; 4.3713001e+01 ; 2.3700000e+02 
3.500e+01 ; 6.400e+00 ; 2.800e+00 ; 4.4225001e+01 ; 2.3700000e+02 
3.500e+01 ; 6.400e+00 ; 2.800e+00 ; 4.4550001e+01 ; 2.3700000e+02 
3.500e+01 ; 6.400e+00 ; 2.800e+00 ; 4.4550001e+01 ; 2.3700000e+02 
3.500e+01 ; 6.400e+00 ; 2.800e+00 ; 4.4551001e+01 ; 2.3700000e+02 
3.500e+01 ; 6.400e+00 ; 2.800e+00 ; 4.4552001e+01 ; 2.3700000e+02 
3.500e+01 ; 6.400e+00 ; 2.800e+00 ; 4.4553001e+01 ; 2.3700000e+02 
3.500e+01 ; 6.400e+00 ; 2.800e+00 ; 4.4555001e+01 ; 2.3700000e+02 
3.500e+01 ; 6.400e+00 ; 2.800e+00 ; 4.4559001e+01 ; 2.3700000e+02 
3.500e+01 ; 6.400e+00 ; 2.800e+00 ; 4.4567001e+01 ; 2.3700000e+02 
3.500e+01 ; 6.400e+00 ; 2.800e+00 ; 4.4583001e+01 ; 2.3700000e+02 
3.500e+01 ; 6.400e+00 ; 2.800e+00 ; 4.4615001e+01 ; 2.3700000e+02 
3.500e+01 ; 6.400e+00 ; 2.800e+00 ; 4.4679001e+01 ; 2.3700000e+02 
3.500e+01 ; 6.400e+00 ; 2.800e+00 ; 4.4807001e+01 ; 2.3700000e+02 
3.500e+01 ; 6.400e+00 ; 2.800e+00 ; 4.5063001e+01 ; 2.3700000e+02 
3.500e+01 ; 6.400e+00 ; 2.800e+00 ; 4.5575001e+01 ; 2.3700000e+02 
3.500e+01 ; 6.400e+00 ; 2.800e+00 ; 4.5900001e+01 ; 2.3700000e+02 
3.500e+01 ; 6.400e+00 ; 2.800e+00 ; 4.5900001e+01 ; 2.3700000e+02 
3.500e+01 ; 6.400e+00 ; 2.800e+00 ; 4.5901001e+01 ; 2.3700000e+02 
3.500e+01 ; 6.400e+00 ; 2.800e+00 ; 4.5902001e+01 ; 2.3700000e+02 
3.500e+01 ; 6.400e+00 ; 2.800e+00 ; 4.5903001e+01 ; 2.3700000e+02 
3.500e+01 ; 6.400e+00 ; 2.800e+00 ; 4.5905001e+01 ; 2.3700000e+02 
3.500e+01 ; 6.400e+00 ; 2.800e+00 ; 4.5909001e+01 ; 2.3700000e+02 
3.500e+01 ; 6.400e+00 ; 2.800e+00 ; 4.5917001e+01 ; 2.3700000e+02 
3.500e+01 ; 6.400e+00 ; 2.800e+00 ; 4.5933001e+01 ; 2.3700000e+02 
3.500e+01 ; 6.400e+00 ; 2.800e+00 ; 4.5965001e+01 ; 2.3700000e+02 
3.500e+01 ; 6.400e+00 ; 2.800e+00 ; 4.6029001e+01 ; 2.3700000e+02 
3.500e+01 ; 6.400e+00 ; 2.800e+00 ; 4.6157001e+01 ; 2.3700000e+02 
3.500e+01 ; 6.400e+00 ; 2.800e+00 ; 4.6413001e+01 ; 2.3700000e+02 
3.500e+01 ; 6.400e+00 ; 2.800e+00 ; 4.6925001e+01 ; 2.3700000e+02 
3.500e+01 ; 6.400e+00 ; 2.800e+00 ; 4.7250001e+01 ; 2.3700000e+02 
3.500e+01 ; 6.400e+00 ; 2.800e+00 ; 4.7250001e+01 ; 2.3700000e+02 
3.500e+01 ; 6.400e+00 ; 2.800e+00 ; 4.7251001e+01 ; 2.3700000e+02 
3.500e+01 ; 6.400e+00 ; 2.800e+00 ; 4.7252001e+01 ; 2.3700000e+02 
3.500e+01 ; 6.400e+00 ; 2.800e+00 ; 4.7253001e+01 ; 2.3700000e+02 
3.500e+01 ; 6.400e+00 ; 2.800e+00 ; 4.7255001e+01 ; 2.3700000e+02 
3.500e+01 ; 6.400e+00 ; 2.800e+00 ; 4.7259001e+01 ; 2.3700000e+02 
3.500e+01 ; 6.400e+00 ; 2.800e+00 ; 4.7267001e+01 ; 2.3700000e+02 
3.500e+01 ; 6.400e+00 ; 2.800e+00 ; 4.7283001e+01 ; 2.3700000e+02 
3.500e+01 ; 6.400e+00 ; 2.800e+00 ; 4.7315001e+01 ; 2.3700000e+02 
3.500e+01 ; 6.400e+00 ; 2.800e+00 ; 4.7379001e+01 ; 2.3700000e+02 
3.500e+01 ; 6.400e+00 ; 2.800e+00 ; 4.7507001e+01 ; 2.3700000e+02 
3.500e+01 ; 6.400e+00 ; 2.800e+00 ; 4.7763001e+01 ; 2.3700000e+02 
3.500e+01 ; 6.400e+00 ; 2.800e+00 ; 4.8275001e+01 ; 2.3700000e+02 
3.500e+01 ; 6.400e+00 ; 2.800e+00 ; 4.8600001e+01 ; 2.3700000e+02 
3.500e+01 ; 6.400e+00 ; 2.800e+00 ; 4.8600001e+01 ; 2.3700000e+02 
3.500e+01 ; 6.400e+00 ; 2.800e+00 ; 4.8601001e+01 ; 2.3700000e+02 
3.500e+01 ; 6.400e+00 ; 2.800e+00 ; 4.8602001e+01 ; 2.3700000e+02 
3.500e+01 ; 6.400e+00 ; 2.800e+00 ; 4.8603001e+01 ; 2.3700000e+02 
3.500e+01 ; 6.400e+00 ; 2.800e+00 ; 4.8605001e+01 ; 2.3700000e+02 
3.500e+01 ; 6.400e+00 ; 2.800e+00 ; 4.8609001e+01 ; 2.3700000e+02 
3.500e+01 ; 6.400e+00 ; 2.800e+00 ; 4.8617001e+01 ; 2.3700000e+02 
3.500e+01 ; 6.400e+00 ; 2.800e+00 ; 4.8633001e+01 ; 2.3700000e+02 
3.500e+01 ; 6.400e+00 ; 2.800e+00 ; 4.8665001e+01 ; 2.3700000e+02 
3.500e+01 ; 6.400e+00 ; 2.800e+00 ; 4.8729001e+01 ; 2.3700000e+02 
3.500e+01 ; 6.400e+00 ; 2.800e+00 ; 4.8857001e+01 ; 2.3700000e+02 
3.500e+01 ; 6.400e+00 ; 2.800e+00 ; 4.9113001e+01 ; 2.3700000e+02 
3.500e+01 ; 6.400e+00 ; 2.800e+00 ; 4.9625001e+01 ; 2.3700000e+02 
3.500e+01 ; 6.400e+00 ; 2.800e+00 ; 4.9950001e+01 ; 2.3700000e+02 
3.500e+01 ; 6.400e+00 ; 2.800e+00 ; 4.9950001e+01 ; 2.3700000e+02 
3.500e+01 ; 6.400e+00 ; 2.800e+00 ; 4.9951001e+01 ; 2.3700000e+02 
3.500e+01 ; 6.400e+00 ; 2.800e+00 ; 4.9952001e+01 ; 2.3700000e+02 
3.500e+01 ; 6.400e+00 ; 2.800e+00 ; 4.9953001e+01 ; 2.3700000e+02 
3.500e+01 ; 6.400e+00 ; 2.800e+00 ; 4.9955001e+01 ; 2.3700000e+02 
3.500e+01 ; 6.400e+00 ; 2.800e+00 ; 4.9959001e+01 ; 2.3700000e+02 
3.500e+01 ; 6.400e+00 ; 2.800e+00 ; 4.9967001e+01 ; 2.3700000e+02 
3.500e+01 ; 6.400e+00 ; 2.800e+00 ; 4.9983001e+01 ; 2.3700000e+02 
3.500e+01 ; 6.400e+00 ; 2.800e+00 ; 5.0015001e+01 ; 2.3700000e+02 
3.500e+01 ; 6.400e+00 ; 2.800e+00 ; 5.0079001e+01 ; 2.3700000e+02 
3.500e+01 ; 6.400e+00 ; 2.800e+00 ; 5.0207001e+01 ; 2.3700000e+02 
3.500e+01 ; 6.400e+00 ; 2.800e+00 ; 5.0463001e+01 ; 2.3700000e+02 
3.500e+01 ; 6.400e+00 ; 2.800e+00 ; 5.0975001e+01 ; 2.3700000e+02 
3.500e+01 ; 6.400e+00 ; 2.800e+00 ; 5.1300001e+01 ; 2.3700000e+02 
3.500e+01 ; 6.400e+00 ; 2.800e+00 ; 5.1300001e+01 ; 2.3700000e+02 
3.500e+01 ; 6.400e+00 ; 2.800e+00 ; 5.1301001e+01 ; 2.3700000e+02 
3.500e+01 ; 6.400e+00 ; 2.800e+00 ; 5.1302001e+01 ; 2.3700000e+02 
3.500e+01 ; 6.400e+00 ; 2.800e+00 ; 5.1303001e+01 ; 2.3700000e+02 
3.500e+01 ; 6.400e+00 ; 2.800e+00 ; 5.1305001e+01 ; 2.3700000e+02 
3.500e+01 ; 6.400e+00 ; 2.800e+00 ; 5.1309001e+01 ; 2.3700000e+02 
3.500e+01 ; 6.400e+00 ; 2.800e+00 ; 5.1317001e+01 ; 2.3700000e+02 
3.500e+01 ; 6.400e+00 ; 2.800e+00 ; 5.1333001e+01 ; 2.3700000e+02 
3.500e+01 ; 6.400e+00 ; 2.800e+00 ; 5.1365001e+01 ; 2.3700000e+02 
3.500e+01 ; 6.400e+00 ; 2.800e+00 ; 5.1429001e+01 ; 2.3700000e+02 
3.500e+01 ; 6.400e+00 ; 2.800e+00 ; 5.1557001e+01 ; 2.3700000e+02 
3.500e+01 ; 6.400e+00 ; 2.800e+00 ; 5.1813001e+01 ; 2.3700000e+02 
3.500e+01 ; 6.400e+00 ; 2.800e+00 ; 5.2325001e+01 ; 2.3700000e+02 
3.500e+01 ; 6.400e+00 ; 2.800e+00 ; 5.2650001e+01 ; 2.3700000e+02 
3.500e+01 ; 6.400e+00 ; 2.800e+00 ; 5.2650001e+01 ; 2.3700000e+02 
3.500e+01 ; 6.400e+00 ; 2.800e+00 ; 5.2651001e+01 ; 2.3700000e+02 
3.500e+01 ; 6.400e+00 ; 2.800e+00 ; 5.2652001e+01 ; 2.3700000e+02 
3.500e+01 ; 6.400e+00 ; 2.800e+00 ; 5.2653001e+01 ; 2.3700000e+02 
3.500e+01 ; 6.400e+00 ; 2.800e+00 ; 5.2655001e+01 ; 2.3700000e+02 
3.500e+01 ; 6.400e+00 ; 2.800e+00 ; 5.2659001e+01 ; 2.3700000e+02 
3.500e+01 ; 6.400e+00 ; 2.800e+00 ; 5.2667001e+01 ; 2.3700000e+02 
3.500e+01 ; 6.400e+00 ; 2.800e+00 ; 5.2683001e+01 ; 2.3700000e+02 
3.500e+01 ; 6.400e+00 ; 2.800e+00 ; 5.2715001e+01 ; 2.3700000e+02 
3.500e+01 ; 6.400e+00 ; 2.800e+00 ; 5.2779001e+01 ; 2.3700000e+02 
3.500e+01 ; 6.400e+00 ; 2.800e+00 ; 5.2907001e+01 ; 2.3700000e+02 
3.500e+01 ; 6.400e+00 ; 2.800e+00 ; 5.3163001e+01 ; 2.3700000e+02 
3.500e+01 ; 6.400e+00 ; 2.800e+00 ; 5.3675001e+01 ; 2.3700000e+02 
3.500e+01 ; 6.400e+00 ; 2.800e+00 ; 5.4000001e+01 ; 2.3700000e+02 
3.500e+01 ; 6.400e+00 ; 2.800e+00 ; 5.4000001e+01 ; 2.3700000e+02 
3.500e+01 ; 6.400e+00 ; 2.800e+00 ; 5.4001001e+01 ; 2.3700000e+02 
3.500e+01 ; 6.400e+00 ; 2.800e+00 ; 5.4002001e+01 ; 2.3700000e+02 
3.500e+01 ; 6.400e+00 ; 2.800e+00 ; 5.4003001e+01 ; 2.3700000e+02 
3.500e+01 ; 6.400e+00 ; 2.800e+00 ; 5.4005001e+01 ; 2.3700000e+02 
3.500e+01 ; 6.400e+00 ; 2.800e+00 ; 5.4009001e+01 ; 2.3700000e+02 
3.500e+01 ; 6.400e+00 ; 2.800e+00 ; 5.4017001e+01 ; 2.3700000e+02 
3.500e+01 ; 6.400e+00 ; 2.800e+00 ; 5.4033001e+01 ; 2.3700000e+02 
3.500e+01 ; 6.400e+00 ; 2.800e+00 ; 5.4065001e+01 ; 2.3700000e+02 
3.500e+01 ; 6.400e+00 ; 2.800e+00 ; 5.4129001e+01 ; 2.3700000e+02 
3.500e+01 ; 6.400e+00 ; 2.800e+00 ; 5.4257001e+01 ; 2.3700000e+02 
3.500e+01 ; 6.400e+00 ; 2.800e+00 ; 5.4513001e+01 ; 2.3700000e+02 
3.500e+01 ; 6.400e+00 ; 2.800e+00 ; 5.5025001e+01 ; 2.3700000e+02 
3.500e+01 ; 6.400e+00 ; 2.800e+00 ; 5.5350001e+01 ; 2.3700000e+02 
3.500e+01 ; 6.400e+00 ; 2.800e+00 ; 5.5350001e+01 ; 2.3700000e+02 
3.500e+01 ; 6.400e+00 ; 2.800e+00 ; 5.5351001e+01 ; 2.3700000e+02 
3.500e+01 ; 6.400e+00 ; 2.800e+00 ; 5.5352001e+01 ; 2.3700000e+02 
3.500e+01 ; 6.400e+00 ; 2.800e+00 ; 5.5353001e+01 ; 2.3700000e+02 
3.500e+01 ; 6.400e+00 ; 2.800e+00 ; 5.5355001e+01 ; 2.3700000e+02 
3.500e+01 ; 6.400e+00 ; 2.800e+00 ; 5.5359001e+01 ; 2.3700000e+02 
3.500e+01 ; 6.400e+00 ; 2.800e+00 ; 5.5367001e+01 ; 2.3700000e+02 
3.500e+01 ; 6.400e+00 ; 2.800e+00 ; 5.5383001e+01 ; 2.3700000e+02 
3.500e+01 ; 6.400e+00 ; 2.800e+00 ; 5.5415001e+01 ; 2.3700000e+02 
3.500e+01 ; 6.400e+00 ; 2.800e+00 ; 5.5479001e+01 ; 2.3700000e+02 
3.500e+01 ; 6.400e+00 ; 2.800e+00 ; 5.5607001e+01 ; 2.3700000e+02 
3.500e+01 ; 6.400e+00 ; 2.800e+00 ; 5.5863001e+01 ; 2.3700000e+02 
3.500e+01 ; 6.400e+00 ; 2.800e+00 ; 5.6375001e+01 ; 2.3700000e+02 
3.500e+01 ; 6.400e+00 ; 2.800e+00 ; 5.6700001e+01 ; 2.3700000e+02 
3.500e+01 ; 6.400e+00 ; 2.800e+00 ; 5.6700001e+01 ; 2.3700000e+02 
3.500e+01 ; 6.400e+00 ; 2.800e+00 ; 5.6701001e+01 ; 2.3700000e+02 
3.500e+01 ; 6.400e+00 ; 2.800e+00 ; 5.6702001e+01 ; 2.3700000e+02 
3.500e+01 ; 6.400e+00 ; 2.800e+00 ; 5.6703001e+01 ; 2.3700000e+02 
3.500e+01 ; 6.400e+00 ; 2.800e+00 ; 5.6705001e+01 ; 2.3700000e+02 
3.500e+01 ; 6.400e+00 ; 2.800e+00 ; 5.6709001e+01 ; 2.3700000e+02 
3.500e+01 ; 6.400e+00 ; 2.800e+00 ; 5.6717001e+01 ; 2.3700000e+02 
3.500e+01 ; 6.400e+00 ; 2.800e+00 ; 5.6733001e+01 ; 2.3700000e+02 
3.500e+01 ; 6.400e+00 ; 2.800e+00 ; 5.6765001e+01 ; 2.3700000e+02 
3.500e+01 ; 6.400e+00 ; 2.800e+00 ; 5.6829001e+01 ; 2.3700000e+02 
3.500e+01 ; 6.400e+00 ; 2.800e+00 ; 5.6957001e+01 ; 2.3700000e+02 
3.500e+01 ; 6.400e+00 ; 2.800e+00 ; 5.7213001e+01 ; 2.3700000e+02 
3.500e+01 ; 6.400e+00 ; 2.800e+00 ; 5.7725001e+01 ; 2.3700000e+02 
3.500e+01 ; 6.400e+00 ; 2.800e+00 ; 5.8050001e+01 ; 2.3700000e+02 
3.500e+01 ; 6.400e+00 ; 2.800e+00 ; 5.8050001e+01 ; 2.3700000e+02 
3.500e+01 ; 6.400e+00 ; 2.800e+00 ; 5.8051001e+01 ; 2.3700000e+02 
3.500e+01 ; 6.400e+00 ; 2.800e+00 ; 5.8052001e+01 ; 2.3700000e+02 
3.500e+01 ; 6.400e+00 ; 2.800e+00 ; 5.8053001e+01 ; 2.3700000e+02 
3.500e+01 ; 6.400e+00 ; 2.800e+00 ; 5.8055001e+01 ; 2.3700000e+02 
3.500e+01 ; 6.400e+00 ; 2.800e+00 ; 5.8059001e+01 ; 2.3700000e+02 
3.500e+01 ; 6.400e+00 ; 2.800e+00 ; 5.8067001e+01 ; 2.3700000e+02 
3.500e+01 ; 6.400e+00 ; 2.800e+00 ; 5.8083001e+01 ; 2.3700000e+02 
3.500e+01 ; 6.400e+00 ; 2.800e+00 ; 5.8115001e+01 ; 2.3700000e+02 
3.500e+01 ; 6.400e+00 ; 2.800e+00 ; 5.8179001e+01 ; 2.3700000e+02 
3.500e+01 ; 6.400e+00 ; 2.800e+00 ; 5.8307001e+01 ; 2.3700000e+02 
3.500e+01 ; 6.400e+00 ; 2.800e+00 ; 5.8563001e+01 ; 2.3700000e+02 
3.500e+01 ; 6.400e+00 ; 2.800e+00 ; 5.9075001e+01 ; 2.3700000e+02 
3.500e+01 ; 6.400e+00 ; 2.800e+00 ; 5.9400001e+01 ; 2.3700000e+02 
3.500e+01 ; 6.400e+00 ; 2.800e+00 ; 5.9400001e+01 ; 2.3700000e+02 
3.500e+01 ; 6.400e+00 ; 2.800e+00 ; 5.9401001e+01 ; 2.3700000e+02 
3.500e+01 ; 6.400e+00 ; 2.800e+00 ; 5.9402001e+01 ; 2.3700000e+02 
3.500e+01 ; 6.400e+00 ; 2.800e+00 ; 5.9403001e+01 ; 2.3700000e+02 
3.500e+01 ; 6.400e+00 ; 2.800e+00 ; 5.9405001e+01 ; 2.3700000e+02 
3.500e+01 ; 6.400e+00 ; 2.800e+00 ; 5.9409001e+01 ; 2.3700000e+02 
3.500e+01 ; 6.400e+00 ; 2.800e+00 ; 5.9417001e+01 ; 2.3700000e+02 
3.500e+01 ; 6.400e+00 ; 2.800e+00 ; 5.9433001e+01 ; 2.3700000e+02 
3.500e+01 ; 6.400e+00 ; 2.800e+00 ; 5.9465001e+01 ; 2.3700000e+02 
3.500e+01 ; 6.400e+00 ; 2.800e+00 ; 5.9529001e+01 ; 2.3700000e+02 
3.500e+01 ; 6.400e+00 ; 2.800e+00 ; 5.9657001e+01 ; 2.3700000e+02 
3.500e+01 ; 6.400e+00 ; 2.800e+00 ; 5.9913001e+01 ; 2.3700000e+02 
3.500e+01 ; 6.400e+00 ; 2.800e+00 ; 6.0425001e+01 ; 2.3700000e+02 
3.500e+01 ; 6.400e+00 ; 2.800e+00 ; 6.0750001e+01 ; 2.3700000e+02 
3.500e+01 ; 6.400e+00 ; 2.800e+00 ; 6.0750001e+01 ; 2.3700000e+02 
3.500e+01 ; 6.400e+00 ; 2.800e+00 ; 6.0751001e+01 ; 2.3700000e+02 
3.500e+01 ; 6.400e+00 ; 2.800e+00 ; 6.0752001e+01 ; 2.3700000e+02 
3.500e+01 ; 6.400e+00 ; 2.800e+00 ; 6.0753001e+01 ; 2.3700000e+02 
3.500e+01 ; 6.400e+00 ; 2.800e+00 ; 6.0755001e+01 ; 2.3700000e+02 
3.500e+01 ; 6.400e+00 ; 2.800e+00 ; 6.0759001e+01 ; 2.3700000e+02 
3.500e+01 ; 6.400e+00 ; 2.800e+00 ; 6.0767001e+01 ; 2.3700000e+02 
3.500e+01 ; 6.400e+00 ; 2.800e+00 ; 6.0783001e+01 ; 2.3700000e+02 
3.500e+01 ; 6.400e+00 ; 2.800e+00 ; 6.0815001e+01 ; 2.3700000e+02 
3.500e+01 ; 6.400e+00 ; 2.800e+00 ; 6.0879001e+01 ; 2.3700000e+02 
3.500e+01 ; 6.400e+00 ; 2.800e+00 ; 6.1007001e+01 ; 2.3700000e+02 
3.500e+01 ; 6.400e+00 ; 2.800e+00 ; 6.1263001e+01 ; 2.3700000e+02 
3.500e+01 ; 6.400e+00 ; 2.800e+00 ; 6.1775001e+01 ; 2.3700000e+02 
3.500e+01 ; 6.400e+00 ; 2.800e+00 ; 6.2100001e+01 ; 2.3700000e+02 
3.500e+01 ; 6.400e+00 ; 2.800e+00 ; 6.2100001e+01 ; 2.3700000e+02 
3.500e+01 ; 6.400e+00 ; 2.800e+00 ; 6.2101001e+01 ; 2.3700000e+02 
3.500e+01 ; 6.400e+00 ; 2.800e+00 ; 6.2102001e+01 ; 2.3700000e+02 
3.500e+01 ; 6.400e+00 ; 2.800e+00 ; 6.2103001e+01 ; 2.3700000e+02 
3.500e+01 ; 6.400e+00 ; 2.800e+00 ; 6.2105001e+01 ; 2.3700000e+02 
3.500e+01 ; 6.400e+00 ; 2.800e+00 ; 6.2109001e+01 ; 2.3700000e+02 
3.500e+01 ; 6.400e+00 ; 2.800e+00 ; 6.2117001e+01 ; 2.3700000e+02 
3.500e+01 ; 6.400e+00 ; 2.800e+00 ; 6.2133001e+01 ; 2.3700000e+02 
3.500e+01 ; 6.400e+00 ; 2.800e+00 ; 6.2165001e+01 ; 2.3700000e+02 
3.500e+01 ; 6.400e+00 ; 2.800e+00 ; 6.2229001e+01 ; 2.3700000e+02 
3.500e+01 ; 6.400e+00 ; 2.800e+00 ; 6.2357001e+01 ; 2.3700000e+02 
3.500e+01 ; 6.400e+00 ; 2.800e+00 ; 6.2613001e+01 ; 2.3700000e+02 
3.500e+01 ; 6.400e+00 ; 2.800e+00 ; 6.3125001e+01 ; 2.3700000e+02 
3.500e+01 ; 6.400e+00 ; 2.800e+00 ; 6.3450001e+01 ; 2.3700000e+02 
3.500e+01 ; 6.400e+00 ; 2.800e+00 ; 6.3450001e+01 ; 2.3700000e+02 
3.500e+01 ; 6.400e+00 ; 2.800e+00 ; 6.3451001e+01 ; 2.3700000e+02 
3.500e+01 ; 6.400e+00 ; 2.800e+00 ; 6.3452001e+01 ; 2.3700000e+02 
3.500e+01 ; 6.400e+00 ; 2.800e+00 ; 6.3453001e+01 ; 2.3700000e+02 
3.500e+01 ; 6.400e+00 ; 2.800e+00 ; 6.3455001e+01 ; 2.3700000e+02 
3.500e+01 ; 6.400e+00 ; 2.800e+00 ; 6.3459001e+01 ; 2.3700000e+02 
3.500e+01 ; 6.400e+00 ; 2.800e+00 ; 6.3467001e+01 ; 2.3700000e+02 
3.500e+01 ; 6.400e+00 ; 2.800e+00 ; 6.3483001e+01 ; 2.3700000e+02 
3.500e+01 ; 6.400e+00 ; 2.800e+00 ; 6.3515001e+01 ; 2.3700000e+02 
3.500e+01 ; 6.400e+00 ; 2.800e+00 ; 6.3579001e+01 ; 2.3700000e+02 
3.500e+01 ; 6.400e+00 ; 2.800e+00 ; 6.3707001e+01 ; 2.3700000e+02 
3.500e+01 ; 6.400e+00 ; 2.800e+00 ; 6.3963001e+01 ; 2.3700000e+02 
3.500e+01 ; 6.400e+00 ; 2.800e+00 ; 6.4475001e+01 ; 2.3700000e+02 
3.500e+01 ; 6.400e+00 ; 2.800e+00 ; 6.4800001e+01 ; 2.3700000e+02 
3.500e+01 ; 6.400e+00 ; 2.800e+00 ; 6.4800001e+01 ; 2.3700000e+02 
3.500e+01 ; 6.400e+00 ; 2.800e+00 ; 6.4801001e+01 ; 2.3700000e+02 
3.500e+01 ; 6.400e+00 ; 2.800e+00 ; 6.4802001e+01 ; 2.3700000e+02 
3.500e+01 ; 6.400e+00 ; 2.800e+00 ; 6.4803001e+01 ; 2.3700000e+02 
3.500e+01 ; 6.400e+00 ; 2.800e+00 ; 6.4805001e+01 ; 2.3700000e+02 
3.500e+01 ; 6.400e+00 ; 2.800e+00 ; 6.4809001e+01 ; 2.3700000e+02 
3.500e+01 ; 6.400e+00 ; 2.800e+00 ; 6.4817001e+01 ; 2.3700000e+02 
3.500e+01 ; 6.400e+00 ; 2.800e+00 ; 6.4833001e+01 ; 2.3700000e+02 
3.500e+01 ; 6.400e+00 ; 2.800e+00 ; 6.4865001e+01 ; 2.3700000e+02 
3.500e+01 ; 6.400e+00 ; 2.800e+00 ; 6.4929001e+01 ; 2.3700000e+02 
3.500e+01 ; 6.400e+00 ; 2.800e+00 ; 6.5057001e+01 ; 2.3700000e+02 
3.500e+01 ; 6.400e+00 ; 2.800e+00 ; 6.5313001e+01 ; 2.3700000e+02 
3.500e+01 ; 6.400e+00 ; 2.800e+00 ; 6.5825001e+01 ; 2.3700000e+02 
3.500e+01 ; 6.400e+00 ; 2.800e+00 ; 6.6150001e+01 ; 2.3700000e+02 
3.500e+01 ; 6.400e+00 ; 2.800e+00 ; 6.6150001e+01 ; 2.3700000e+02 
3.500e+01 ; 6.400e+00 ; 2.800e+00 ; 6.6151001e+01 ; 2.3700000e+02 
3.500e+01 ; 6.400e+00 ; 2.800e+00 ; 6.6152001e+01 ; 2.3700000e+02 
3.500e+01 ; 6.400e+00 ; 2.800e+00 ; 6.6153001e+01 ; 2.3700000e+02 
3.500e+01 ; 6.400e+00 ; 2.800e+00 ; 6.6155001e+01 ; 2.3700000e+02 
3.500e+01 ; 6.400e+00 ; 2.800e+00 ; 6.6159001e+01 ; 2.3700000e+02 
3.500e+01 ; 6.400e+00 ; 2.800e+00 ; 6.6167001e+01 ; 2.3700000e+02 
3.500e+01 ; 6.400e+00 ; 2.800e+00 ; 6.6183001e+01 ; 2.3700000e+02 
3.500e+01 ; 6.400e+00 ; 2.800e+00 ; 6.6215001e+01 ; 2.3700000e+02 
3.500e+01 ; 6.400e+00 ; 2.800e+00 ; 6.6279001e+01 ; 2.3700000e+02 
3.500e+01 ; 6.400e+00 ; 2.800e+00 ; 6.6407001e+01 ; 2.3700000e+02 
3.500e+01 ; 6.400e+00 ; 2.800e+00 ; 6.6663001e+01 ; 2.3700000e+02 
3.500e+01 ; 6.400e+00 ; 2.800e+00 ; 6.7175001e+01 ; 2.3700000e+02 
3.500e+01 ; 6.400e+00 ; 2.800e+00 ; 6.7500001e+01 ; 2.3700000e+02 
3.500e+01 ; 6.400e+00 ; 2.800e+00 ; 6.7500001e+01 ; 2.3700000e+02 
3.500e+01 ; 6.400e+00 ; 2.800e+00 ; 6.7501001e+01 ; 2.3700000e+02 
3.500e+01 ; 6.400e+00 ; 2.800e+00 ; 6.7502001e+01 ; 2.3700000e+02 
3.500e+01 ; 6.400e+00 ; 2.800e+00 ; 6.7503001e+01 ; 2.3700000e+02 
3.500e+01 ; 6.400e+00 ; 2.800e+00 ; 6.7505001e+01 ; 2.3700000e+02 
3.500e+01 ; 6.400e+00 ; 2.800e+00 ; 6.7509001e+01 ; 2.3700000e+02 
3.500e+01 ; 6.400e+00 ; 2.800e+00 ; 6.7517001e+01 ; 2.3700000e+02 
3.500e+01 ; 6.400e+00 ; 2.800e+00 ; 6.7533001e+01 ; 2.3700000e+02 
3.500e+01 ; 6.400e+00 ; 2.800e+00 ; 6.7565001e+01 ; 2.3700000e+02 
3.500e+01 ; 6.400e+00 ; 2.800e+00 ; 6.7629001e+01 ; 2.3700000e+02 
3.500e+01 ; 6.400e+00 ; 2.800e+00 ; 6.7757001e+01 ; 2.3700000e+02 
3.500e+01 ; 6.400e+00 ; 2.800e+00 ; 6.8013001e+01 ; 2.3700000e+02 
3.500e+01 ; 6.400e+00 ; 2.800e+00 ; 6.8525001e+01 ; 2.3700000e+02 
3.500e+01 ; 6.400e+00 ; 2.800e+00 ; 6.8850001e+01 ; 2.3700000e+02 
3.500e+01 ; 6.400e+00 ; 2.800e+00 ; 6.8850001e+01 ; 2.3700000e+02 
3.500e+01 ; 6.400e+00 ; 2.800e+00 ; 6.8851001e+01 ; 2.3700000e+02 
3.500e+01 ; 6.400e+00 ; 2.800e+00 ; 6.8852001e+01 ; 2.3700000e+02 
3.500e+01 ; 6.400e+00 ; 2.800e+00 ; 6.8853001e+01 ; 2.3700000e+02 
3.500e+01 ; 6.400e+00 ; 2.800e+00 ; 6.8855001e+01 ; 2.3700000e+02 
3.500e+01 ; 6.400e+00 ; 2.800e+00 ; 6.8859001e+01 ; 2.3700000e+02 
3.500e+01 ; 6.400e+00 ; 2.800e+00 ; 6.8867001e+01 ; 2.3700000e+02 
3.500e+01 ; 6.400e+00 ; 2.800e+00 ; 6.8883001e+01 ; 2.3700000e+02 
3.500e+01 ; 6.400e+00 ; 2.800e+00 ; 6.8915001e+01 ; 2.3700000e+02 
3.500e+01 ; 6.400e+00 ; 2.800e+00 ; 6.8979001e+01 ; 2.3700000e+02 
3.500e+01 ; 6.400e+00 ; 2.800e+00 ; 6.9107001e+01 ; 2.3700000e+02 
3.500e+01 ; 6.400e+00 ; 2.800e+00 ; 6.9363001e+01 ; 2.3700000e+02 
3.500e+01 ; 6.400e+00 ; 2.800e+00 ; 6.9875001e+01 ; 2.3700000e+02 
3.500e+01 ; 6.400e+00 ; 2.800e+00 ; 7.0200001e+01 ; 2.3700000e+02 
3.500e+01 ; 6.400e+00 ; 2.800e+00 ; 7.0200001e+01 ; 2.3700000e+02 
3.500e+01 ; 6.400e+00 ; 2.800e+00 ; 7.0201001e+01 ; 2.3700000e+02 
3.500e+01 ; 6.400e+00 ; 2.800e+00 ; 7.0202001e+01 ; 2.3700000e+02 
3.500e+01 ; 6.400e+00 ; 2.800e+00 ; 7.0203001e+01 ; 2.3700000e+02 
3.500e+01 ; 6.400e+00 ; 2.800e+00 ; 7.0205001e+01 ; 2.3700000e+02 
3.500e+01 ; 6.400e+00 ; 2.800e+00 ; 7.0209001e+01 ; 2.3700000e+02 
3.500e+01 ; 6.400e+00 ; 2.800e+00 ; 7.0217001e+01 ; 2.3700000e+02 
3.500e+01 ; 6.400e+00 ; 2.800e+00 ; 7.0233001e+01 ; 2.3700000e+02 
3.500e+01 ; 6.400e+00 ; 2.800e+00 ; 7.0265001e+01 ; 2.3700000e+02 
3.500e+01 ; 6.400e+00 ; 2.800e+00 ; 7.0329001e+01 ; 2.3700000e+02 
3.500e+01 ; 6.400e+00 ; 2.800e+00 ; 7.0457001e+01 ; 2.3700000e+02 
3.500e+01 ; 6.400e+00 ; 2.800e+00 ; 7.0713001e+01 ; 2.3700000e+02 
3.500e+01 ; 6.400e+00 ; 2.800e+00 ; 7.1225001e+01 ; 2.3700000e+02 
3.500e+01 ; 6.400e+00 ; 2.800e+00 ; 7.1550001e+01 ; 2.3700000e+02 
3.500e+01 ; 6.400e+00 ; 2.800e+00 ; 7.1550001e+01 ; 2.3700000e+02 
3.500e+01 ; 6.400e+00 ; 2.800e+00 ; 7.1551001e+01 ; 2.3687666e+02 
3.500e+01 ; 6.400e+00 ; 2.800e+00 ; 7.1552001e+01 ; 2.3675343e+02 
3.500e+01 ; 6.400e+00 ; 2.800e+00 ; 7.1553001e+01 ; 2.3663029e+02 
3.500e+01 ; 6.400e+00 ; 2.800e+00 ; 7.1555001e+01 ; 2.3638438e+02 
3.500e+01 ; 6.400e+00 ; 2.800e+00 ; 7.1559001e+01 ; 2.3589410e+02 
3.500e+01 ; 6.400e+00 ; 2.800e+00 ; 7.1567001e+01 ; 2.3491956e+02 
3.500e+01 ; 6.400e+00 ; 2.800e+00 ; 7.1583001e+01 ; 2.3299428e+02 
3.500e+01 ; 6.400e+00 ; 2.800e+00 ; 7.1615001e+01 ; 2.2923679e+02 
3.500e+01 ; 6.400e+00 ; 2.800e+00 ; 7.1679001e+01 ; 2.2207674e+02 
3.500e+01 ; 6.400e+00 ; 2.800e+00 ; 7.1807001e+01 ; 2.0905037e+02 
3.500e+01 ; 6.400e+00 ; 2.800e+00 ; 7.2063001e+01 ; 1.8732089e+02 
3.500e+01 ; 6.400e+00 ; 2.800e+00 ; 7.2575001e+01 ; 1.5621249e+02 
3.500e+01 ; 6.400e+00 ; 2.800e+00 ; 7.2900001e+01 ; 1.4041174e+02 
3.500e+01 ; 6.400e+00 ; 2.800e+00 ; 7.2900001e+01 ; 1.4041174e+02 
3.500e+01 ; 6.400e+00 ; 2.800e+00 ; 7.2901001e+01 ; 1.4036317e+02 
3.500e+01 ; 6.400e+00 ; 2.800e+00 ; 7.2902001e+01 ; 1.4031464e+02 
3.500e+01 ; 6.400e+00 ; 2.800e+00 ; 7.2903001e+01 ; 1.4026614e+02 
3.500e+01 ; 6.400e+00 ; 2.800e+00 ; 7.2905001e+01 ; 1.4016933e+02 
3.500e+01 ; 6.400e+00 ; 2.800e+00 ; 7.2909001e+01 ; 1.3997636e+02 
3.500e+01 ; 6.400e+00 ; 2.800e+00 ; 7.2917001e+01 ; 1.3959312e+02 
3.500e+01 ; 6.400e+00 ; 2.800e+00 ; 7.2933001e+01 ; 1.3883711e+02 
3.500e+01 ; 6.400e+00 ; 2.800e+00 ; 7.2965001e+01 ; 1.3736562e+02 
3.500e+01 ; 6.400e+00 ; 2.800e+00 ; 7.3029001e+01 ; 1.3457431e+02 
3.500e+01 ; 6.400e+00 ; 2.800e+00 ; 7.3157001e+01 ; 1.2952763e+02 
3.500e+01 ; 6.400e+00 ; 2.800e+00 ; 7.3413001e+01 ; 1.2115202e+02 
3.500e+01 ; 6.400e+00 ; 2.800e+00 ; 7.3925001e+01 ; 1.0911201e+02 
3.500e+01 ; 6.400e+00 ; 2.800e+00 ; 7.4250001e+01 ; 1.0293393e+02 
3.500e+01 ; 6.400e+00 ; 2.800e+00 ; 7.4250001e+01 ; 1.0293393e+02 
3.500e+01 ; 6.400e+00 ; 2.800e+00 ; 7.4251001e+01 ; 1.0291494e+02 
3.500e+01 ; 6.400e+00 ; 2.800e+00 ; 7.4252001e+01 ; 1.0289596e+02 
3.500e+01 ; 6.400e+00 ; 2.800e+00 ; 7.4253001e+01 ; 1.0287698e+02 
3.500e+01 ; 6.400e+00 ; 2.800e+00 ; 7.4255001e+01 ; 1.0283910e+02 
3.500e+01 ; 6.400e+00 ; 2.800e+00 ; 7.4259001e+01 ; 1.0276356e+02 
3.500e+01 ; 6.400e+00 ; 2.800e+00 ; 7.4267001e+01 ; 1.0261333e+02 
3.500e+01 ; 6.400e+00 ; 2.800e+00 ; 7.4283001e+01 ; 1.0231634e+02 
3.500e+01 ; 6.400e+00 ; 2.800e+00 ; 7.4315001e+01 ; 1.0173580e+02 
3.500e+01 ; 6.400e+00 ; 2.800e+00 ; 7.4379001e+01 ; 1.0062621e+02 
3.500e+01 ; 6.400e+00 ; 2.800e+00 ; 7.4507001e+01 ; 9.8595436e+01 
3.500e+01 ; 6.400e+00 ; 2.800e+00 ; 7.4763001e+01 ; 9.5166473e+01 
3.500e+01 ; 6.400e+00 ; 2.800e+00 ; 7.5275001e+01 ; 9.0121712e+01 
3.500e+01 ; 6.400e+00 ; 2.800e+00 ; 7.5600001e+01 ; 8.7498161e+01 
3.500e+01 ; 6.400e+00 ; 2.800e+00 ; 7.5600001e+01 ; 8.7498161e+01 
3.500e+01 ; 6.400e+00 ; 2.800e+00 ; 7.5601001e+01 ; 8.7490097e+01 
3.500e+01 ; 6.400e+00 ; 2.800e+00 ; 7.5602001e+01 ; 8.7482033e+01 
3.500e+01 ; 6.400e+00 ; 2.800e+00 ; 7.5603001e+01 ; 8.7473976e+01 
3.500e+01 ; 6.400e+00 ; 2.800e+00 ; 7.5605001e+01 ; 8.7457886e+01 
3.500e+01 ; 6.400e+00 ; 2.800e+00 ; 7.5609001e+01 ; 8.7425789e+01 
3.500e+01 ; 6.400e+00 ; 2.800e+00 ; 7.5617001e+01 ; 8.7361946e+01 
3.500e+01 ; 6.400e+00 ; 2.800e+00 ; 7.5633001e+01 ; 8.7235626e+01 
3.500e+01 ; 6.400e+00 ; 2.800e+00 ; 7.5665001e+01 ; 8.6988289e+01 
3.500e+01 ; 6.400e+00 ; 2.800e+00 ; 7.5729001e+01 ; 8.6513702e+01 
3.500e+01 ; 6.400e+00 ; 2.800e+00 ; 7.5857001e+01 ; 8.5637047e+01 
3.500e+01 ; 6.400e+00 ; 2.800e+00 ; 7.6113001e+01 ; 8.4123123e+01 
3.500e+01 ; 6.400e+00 ; 2.800e+00 ; 7.6625001e+01 ; 8.1778023e+01 
3.500e+01 ; 6.400e+00 ; 2.800e+00 ; 7.6950001e+01 ; 8.0510117e+01 
3.500e+01 ; 6.400e+00 ; 2.800e+00 ; 7.6950001e+01 ; 8.0510117e+01 
3.500e+01 ; 6.400e+00 ; 2.800e+00 ; 7.6951001e+01 ; 8.0506218e+01 
3.500e+01 ; 6.400e+00 ; 2.800e+00 ; 7.6952001e+01 ; 8.0502319e+01 
3.500e+01 ; 6.400e+00 ; 2.800e+00 ; 7.6953001e+01 ; 8.0498421e+01 
3.500e+01 ; 6.400e+00 ; 2.800e+00 ; 7.6955001e+01 ; 8.0490639e+01 
3.500e+01 ; 6.400e+00 ; 2.800e+00 ; 7.6959001e+01 ; 8.0475113e+01 
3.500e+01 ; 6.400e+00 ; 2.800e+00 ; 7.6967001e+01 ; 8.0444183e+01 
3.500e+01 ; 6.400e+00 ; 2.800e+00 ; 7.6983001e+01 ; 8.0382851e+01 
3.500e+01 ; 6.400e+00 ; 2.800e+00 ; 7.7015001e+01 ; 8.0262215e+01 
3.500e+01 ; 6.400e+00 ; 2.800e+00 ; 7.7079001e+01 ; 8.0028732e+01 
3.500e+01 ; 6.400e+00 ; 2.800e+00 ; 7.7207001e+01 ; 7.9590195e+01 
3.500e+01 ; 6.400e+00 ; 2.800e+00 ; 7.7463001e+01 ; 7.8809357e+01 
3.500e+01 ; 6.400e+00 ; 2.800e+00 ; 7.7975001e+01 ; 7.7534241e+01 
3.500e+01 ; 6.400e+00 ; 2.800e+00 ; 7.8300001e+01 ; 7.6820389e+01 
3.500e+01 ; 6.400e+00 ; 2.800e+00 ; 7.8300001e+01 ; 7.6820389e+01 
3.500e+01 ; 6.400e+00 ; 2.800e+00 ; 7.8301001e+01 ; 7.6818192e+01 
3.500e+01 ; 6.400e+00 ; 2.800e+00 ; 7.8302001e+01 ; 7.6815994e+01 
3.500e+01 ; 6.400e+00 ; 2.800e+00 ; 7.8303001e+01 ; 7.6813805e+01 
3.500e+01 ; 6.400e+00 ; 2.800e+00 ; 7.8305001e+01 ; 7.6809418e+01 
3.500e+01 ; 6.400e+00 ; 2.800e+00 ; 7.8309001e+01 ; 7.6800667e+01 
3.500e+01 ; 6.400e+00 ; 2.800e+00 ; 7.8317001e+01 ; 7.6783218e+01 
3.500e+01 ; 6.400e+00 ; 2.800e+00 ; 7.8333001e+01 ; 7.6748543e+01 
3.500e+01 ; 6.400e+00 ; 2.800e+00 ; 7.8365001e+01 ; 7.6680084e+01 
3.500e+01 ; 6.400e+00 ; 2.800e+00 ; 7.8429001e+01 ; 7.6546593e+01 
3.500e+01 ; 6.400e+00 ; 2.800e+00 ; 7.8557001e+01 ; 7.6292282e+01 
3.500e+01 ; 6.400e+00 ; 2.800e+00 ; 7.8813001e+01 ; 7.5827705e+01 
3.500e+01 ; 6.400e+00 ; 2.800e+00 ; 7.9325001e+01 ; 7.5035942e+01 
3.500e+01 ; 6.400e+00 ; 2.800e+00 ; 7.9650001e+01 ; 7.4580650e+01 
3.500e+01 ; 6.400e+00 ; 2.800e+00 ; 7.9650001e+01 ; 7.4580650e+01 
3.500e+01 ; 6.400e+00 ; 2.800e+00 ; 7.9651001e+01 ; 7.4579247e+01 
3.500e+01 ; 6.400e+00 ; 2.800e+00 ; 7.9652001e+01 ; 7.4577850e+01 
3.500e+01 ; 6.400e+00 ; 2.800e+00 ; 7.9653001e+01 ; 7.4576447e+01 
3.500e+01 ; 6.400e+00 ; 2.800e+00 ; 7.9655001e+01 ; 7.4573654e+01 
3.500e+01 ; 6.400e+00 ; 2.800e+00 ; 7.9659001e+01 ; 7.4568062e+01 
3.500e+01 ; 6.400e+00 ; 2.800e+00 ; 7.9667001e+01 ; 7.4556915e+01 
3.500e+01 ; 6.400e+00 ; 2.800e+00 ; 7.9683001e+01 ; 7.4534737e+01 
3.500e+01 ; 6.400e+00 ; 2.800e+00 ; 7.9715001e+01 ; 7.4490814e+01 
3.500e+01 ; 6.400e+00 ; 2.800e+00 ; 7.9779001e+01 ; 7.4404694e+01 
3.500e+01 ; 6.400e+00 ; 2.800e+00 ; 7.9907001e+01 ; 7.4238907e+01 
3.500e+01 ; 6.400e+00 ; 2.800e+00 ; 8.0163001e+01 ; 7.3930298e+01 
3.500e+01 ; 6.400e+00 ; 2.800e+00 ; 8.0675001e+01 ; 7.3387726e+01 
3.500e+01 ; 6.400e+00 ; 2.800e+00 ; 8.1000001e+01 ; 7.3069717e+01 
3.500e+01 ; 6.400e+00 ; 2.800e+00 ; 8.1000001e+01 ; 7.3069717e+01 
3.500e+01 ; 6.400e+00 ; 2.800e+00 ; 8.1001001e+01 ; 7.3068741e+01 
3.500e+01 ; 6.400e+00 ; 2.800e+00 ; 8.1002001e+01 ; 7.3067757e+01 
3.500e+01 ; 6.400e+00 ; 2.800e+00 ; 8.1003001e+01 ; 7.3066780e+01 
3.500e+01 ; 6.400e+00 ; 2.800e+00 ; 8.1005001e+01 ; 7.3064827e+01 
3.500e+01 ; 6.400e+00 ; 2.800e+00 ; 8.1009001e+01 ; 7.3060921e+01 
3.500e+01 ; 6.400e+00 ; 2.800e+00 ; 8.1017001e+01 ; 7.3053131e+01 
3.500e+01 ; 6.400e+00 ; 2.800e+00 ; 8.1033001e+01 ; 7.3037605e+01 
3.500e+01 ; 6.400e+00 ; 2.800e+00 ; 8.1065001e+01 ; 7.3006805e+01 
3.500e+01 ; 6.400e+00 ; 2.800e+00 ; 8.1129001e+01 ; 7.2946167e+01 
3.500e+01 ; 6.400e+00 ; 2.800e+00 ; 8.1257001e+01 ; 7.2828583e+01 
3.500e+01 ; 6.400e+00 ; 2.800e+00 ; 8.1513001e+01 ; 7.2606796e+01 
3.500e+01 ; 6.400e+00 ; 2.800e+00 ; 8.2025001e+01 ; 7.2208115e+01 
3.500e+01 ; 6.400e+00 ; 2.800e+00 ; 8.2350001e+01 ; 7.1971260e+01 
3.500e+01 ; 6.400e+00 ; 2.800e+00 ; 8.2350001e+01 ; 7.1971260e+01 
3.500e+01 ; 6.400e+00 ; 2.800e+00 ; 8.2351001e+01 ; 7.1970528e+01 
3.500e+01 ; 6.400e+00 ; 2.800e+00 ; 8.2352001e+01 ; 7.1969803e+01 
3.500e+01 ; 6.400e+00 ; 2.800e+00 ; 8.2353001e+01 ; 7.1969070e+01 
3.500e+01 ; 6.400e+00 ; 2.800e+00 ; 8.2355001e+01 ; 7.1967621e+01 
3.500e+01 ; 6.400e+00 ; 2.800e+00 ; 8.2359001e+01 ; 7.1964706e+01 
3.500e+01 ; 6.400e+00 ; 2.800e+00 ; 8.2367001e+01 ; 7.1958900e+01 
3.500e+01 ; 6.400e+00 ; 2.800e+00 ; 8.2383001e+01 ; 7.1947319e+01 
3.500e+01 ; 6.400e+00 ; 2.800e+00 ; 8.2415001e+01 ; 7.1924309e+01 
3.500e+01 ; 6.400e+00 ; 2.800e+00 ; 8.2479001e+01 ; 7.1878899e+01 
3.500e+01 ; 6.400e+00 ; 2.800e+00 ; 8.2607001e+01 ; 7.1790367e+01 
3.500e+01 ; 6.400e+00 ; 2.800e+00 ; 8.2863001e+01 ; 7.1621788e+01 
3.500e+01 ; 6.400e+00 ; 2.800e+00 ; 8.3375001e+01 ; 7.1313797e+01 
3.500e+01 ; 6.400e+00 ; 2.800e+00 ; 8.3700001e+01 ; 7.1128983e+01 
3.500e+01 ; 6.400e+00 ; 2.800e+00 ; 8.3700001e+01 ; 7.1128983e+01 
3.500e+01 ; 6.400e+00 ; 2.800e+00 ; 8.3701001e+01 ; 7.1128418e+01 
3.500e+01 ; 6.400e+00 ; 2.800e+00 ; 8.3702001e+01 ; 7.1127846e+01 
3.500e+01 ; 6.400e+00 ; 2.800e+00 ; 8.3703001e+01 ; 7.1127281e+01 
3.500e+01 ; 6.400e+00 ; 2.800e+00 ; 8.3705001e+01 ; 7.1126144e+01 
3.500e+01 ; 6.400e+00 ; 2.800e+00 ; 8.3709001e+01 ; 7.1123871e+01 
3.500e+01 ; 6.400e+00 ; 2.800e+00 ; 8.3717001e+01 ; 7.1119339e+01 
3.500e+01 ; 6.400e+00 ; 2.800e+00 ; 8.3733001e+01 ; 7.1110291e+01 
3.500e+01 ; 6.400e+00 ; 2.800e+00 ; 8.3765001e+01 ; 7.1092300e+01 
3.500e+01 ; 6.400e+00 ; 2.800e+00 ; 8.3829001e+01 ; 7.1056717e+01 
3.500e+01 ; 6.400e+00 ; 2.800e+00 ; 8.3957001e+01 ; 7.0987099e+01 
3.500e+01 ; 6.400e+00 ; 2.800e+00 ; 8.4213001e+01 ; 7.0853569e+01 
3.500e+01 ; 6.400e+00 ; 2.800e+00 ; 8.4725001e+01 ; 7.0606575e+01 
3.500e+01 ; 6.400e+00 ; 2.800e+00 ; 8.5050002e+01 ; 7.0457230e+01 
3.500e+01 ; 6.400e+00 ; 2.800e+00 ; 8.5050002e+01 ; 7.0457230e+01 
3.500e+01 ; 6.400e+00 ; 2.800e+00 ; 8.5051002e+01 ; 7.0456764e+01 
3.500e+01 ; 6.400e+00 ; 2.800e+00 ; 8.5052002e+01 ; 7.0456306e+01 
3.500e+01 ; 6.400e+00 ; 2.800e+00 ; 8.5053002e+01 ; 7.0455849e+01 
3.500e+01 ; 6.400e+00 ; 2.800e+00 ; 8.5055002e+01 ; 7.0454933e+01 
3.500e+01 ; 6.400e+00 ; 2.800e+00 ; 8.5059002e+01 ; 7.0453094e+01 
3.500e+01 ; 6.400e+00 ; 2.800e+00 ; 8.5067002e+01 ; 7.0449425e+01 
3.500e+01 ; 6.400e+00 ; 2.800e+00 ; 8.5083002e+01 ; 7.0442116e+01 
3.500e+01 ; 6.400e+00 ; 2.800e+00 ; 8.5115001e+01 ; 7.0427551e+01 
3.500e+01 ; 6.400e+00 ; 2.800e+00 ; 8.5179001e+01 ; 7.0398712e+01 
3.500e+01 ; 6.400e+00 ; 2.800e+00 ; 8.5307002e+01 ; 7.0342110e+01 
3.500e+01 ; 6.400e+00 ; 2.800e+00 ; 8.5563002e+01 ; 7.0232956e+01 
3.500e+01 ; 6.400e+00 ; 2.800e+00 ; 8.6075001e+01 ; 7.0029099e+01 
3.500e+01 ; 6.400e+00 ; 2.800e+00 ; 8.6400002e+01 ; 6.9905106e+01 
3.500e+01 ; 6.400e+00 ; 2.800e+00 ; 8.6400002e+01 ; 6.9905106e+01 
3.500e+01 ; 6.400e+00 ; 2.800e+00 ; 8.6401002e+01 ; 6.9904724e+01 
3.500e+01 ; 6.400e+00 ; 2.800e+00 ; 8.6402002e+01 ; 6.9904343e+01 
3.500e+01 ; 6.400e+00 ; 2.800e+00 ; 8.6403002e+01 ; 6.9903961e+01 
3.500e+01 ; 6.400e+00 ; 2.800e+00 ; 8.6405002e+01 ; 6.9903198e+01 
3.500e+01 ; 6.400e+00 ; 2.800e+00 ; 8.6409002e+01 ; 6.9901672e+01 
3.500e+01 ; 6.400e+00 ; 2.800e+00 ; 8.6417002e+01 ; 6.9898628e+01 
3.500e+01 ; 6.400e+00 ; 2.800e+00 ; 8.6433002e+01 ; 6.9892555e+01 
3.500e+01 ; 6.400e+00 ; 2.800e+00 ; 8.6465002e+01 ; 6.9880447e+01 
3.500e+01 ; 6.400e+00 ; 2.800e+00 ; 8.6529002e+01 ; 6.9856445e+01 
3.500e+01 ; 6.400e+00 ; 2.800e+00 ; 8.6657002e+01 ; 6.9809235e+01 
3.500e+01 ; 6.400e+00 ; 2.800e+00 ; 8.6913002e+01 ; 6.9717804e+01 
3.500e+01 ; 6.400e+00 ; 2.800e+00 ; 8.7425002e+01 ; 6.9545837e+01 
3.500e+01 ; 6.400e+00 ; 2.800e+00 ; 8.7750002e+01 ; 6.9440819e+01 
3.500e+01 ; 6.400e+00 ; 2.800e+00 ; 8.7750002e+01 ; 6.9440819e+01 
3.500e+01 ; 6.400e+00 ; 2.800e+00 ; 8.7751002e+01 ; 6.9440491e+01 
3.500e+01 ; 6.400e+00 ; 2.800e+00 ; 8.7752002e+01 ; 6.9440170e+01 
3.500e+01 ; 6.400e+00 ; 2.800e+00 ; 8.7753002e+01 ; 6.9439850e+01 
3.500e+01 ; 6.400e+00 ; 2.800e+00 ; 8.7755002e+01 ; 6.9439201e+01 
3.500e+01 ; 6.400e+00 ; 2.800e+00 ; 8.7759002e+01 ; 6.9437912e+01 
3.500e+01 ; 6.400e+00 ; 2.800e+00 ; 8.7767002e+01 ; 6.9435333e+01 
3.500e+01 ; 6.400e+00 ; 2.800e+00 ; 8.7783002e+01 ; 6.9430183e+01 
3.500e+01 ; 6.400e+00 ; 2.800e+00 ; 8.7815002e+01 ; 6.9419922e+01 
3.500e+01 ; 6.400e+00 ; 2.800e+00 ; 8.7879002e+01 ; 6.9399559e+01 
3.500e+01 ; 6.400e+00 ; 2.800e+00 ; 8.8007002e+01 ; 6.9359451e+01 
3.500e+01 ; 6.400e+00 ; 2.800e+00 ; 8.8263002e+01 ; 6.9281631e+01 
3.500e+01 ; 6.400e+00 ; 2.800e+00 ; 8.8775002e+01 ; 6.9135399e+01 
3.500e+01 ; 6.400e+00 ; 2.800e+00 ; 8.9100002e+01 ; 6.9046333e+01 
3.500e+01 ; 6.400e+00 ; 2.800e+00 ; 8.9100002e+01 ; 6.9046333e+01 
3.500e+01 ; 6.400e+00 ; 2.800e+00 ; 8.9101002e+01 ; 6.9046059e+01 
3.500e+01 ; 6.400e+00 ; 2.800e+00 ; 8.9102002e+01 ; 6.9045784e+01 
3.500e+01 ; 6.400e+00 ; 2.800e+00 ; 8.9103002e+01 ; 6.9045509e+01 
3.500e+01 ; 6.400e+00 ; 2.800e+00 ; 8.9105002e+01 ; 6.9044960e+01 
3.500e+01 ; 6.400e+00 ; 2.800e+00 ; 8.9109002e+01 ; 6.9043861e+01 
3.500e+01 ; 6.400e+00 ; 2.800e+00 ; 8.9117002e+01 ; 6.9041679e+01 
3.500e+01 ; 6.400e+00 ; 2.800e+00 ; 8.9133002e+01 ; 6.9037315e+01 
3.500e+01 ; 6.400e+00 ; 2.800e+00 ; 8.9165002e+01 ; 6.9028618e+01 
3.500e+01 ; 6.400e+00 ; 2.800e+00 ; 8.9229002e+01 ; 6.9011398e+01 
3.500e+01 ; 6.400e+00 ; 2.800e+00 ; 8.9357002e+01 ; 6.8977722e+01 
3.500e+01 ; 6.400e+00 ; 2.800e+00 ; 8.9613002e+01 ; 6.8914192e+01 
3.500e+01 ; 6.400e+00 ; 2.800e+00 ; 9.0125002e+01 ; 6.8805786e+01 
3.500e+01 ; 6.400e+00 ; 2.800e+00 ; 9.0450002e+01 ; 6.8744789e+01 
3.500e+01 ; 6.400e+00 ; 2.800e+00 ; 9.0450002e+01 ; 6.8744789e+01 
3.500e+01 ; 6.400e+00 ; 2.800e+00 ; 9.0451002e+01 ; 6.8744598e+01 
3.500e+01 ; 6.400e+00 ; 2.800e+00 ; 9.0452002e+01 ; 6.8744415e+01 
3.500e+01 ; 6.400e+00 ; 2.800e+00 ; 9.0453002e+01 ; 6.8744225e+01 
3.500e+01 ; 6.400e+00 ; 2.800e+00 ; 9.0455002e+01 ; 6.8743851e+01 
3.500e+01 ; 6.400e+00 ; 2.800e+00 ; 9.0459002e+01 ; 6.8743111e+01 
3.500e+01 ; 6.400e+00 ; 2.800e+00 ; 9.0467002e+01 ; 6.8741631e+01 
3.500e+01 ; 6.400e+00 ; 2.800e+00 ; 9.0483002e+01 ; 6.8738739e+01 
3.500e+01 ; 6.400e+00 ; 2.800e+00 ; 9.0515002e+01 ; 6.8733185e+01 
3.500e+01 ; 6.400e+00 ; 2.800e+00 ; 9.0579002e+01 ; 6.8723129e+01 
3.500e+01 ; 6.400e+00 ; 2.800e+00 ; 9.0707002e+01 ; 6.8707939e+01 
3.500e+01 ; 6.400e+00 ; 2.800e+00 ; 9.0963002e+01 ; 6.8699112e+01 
3.500e+01 ; 6.400e+00 ; 2.800e+00 ; 9.1475002e+01 ; 6.8756477e+01 
3.500e+01 ; 6.400e+00 ; 2.800e+00 ; 9.1800002e+01 ; 6.8816750e+01 
3.500e+01 ; 6.400e+00 ; 2.800e+00 ; 9.1800002e+01 ; 6.8816750e+01 
3.500e+01 ; 6.400e+00 ; 2.800e+00 ; 9.1801002e+01 ; 6.8819824e+01 
3.500e+01 ; 6.400e+00 ; 2.800e+00 ; 9.1802002e+01 ; 6.8822914e+01 
3.500e+01 ; 6.400e+00 ; 2.800e+00 ; 9.1803002e+01 ; 6.8826027e+01 
3.500e+01 ; 6.400e+00 ; 2.800e+00 ; 9.1805002e+01 ; 6.8832306e+01 
3.500e+01 ; 6.400e+00 ; 2.800e+00 ; 9.1809002e+01 ; 6.8845123e+01 
3.500e+01 ; 6.400e+00 ; 2.800e+00 ; 9.1817002e+01 ; 6.8871750e+01 
3.500e+01 ; 6.400e+00 ; 2.800e+00 ; 9.1833002e+01 ; 6.8928856e+01 
3.500e+01 ; 6.400e+00 ; 2.800e+00 ; 9.1865002e+01 ; 6.9057236e+01 
3.500e+01 ; 6.400e+00 ; 2.800e+00 ; 9.1929002e+01 ; 6.9362175e+01 
3.500e+01 ; 6.400e+00 ; 2.800e+00 ; 9.2057002e+01 ; 7.0108841e+01 
3.500e+01 ; 6.400e+00 ; 2.800e+00 ; 9.2313002e+01 ; 7.1845200e+01 
3.500e+01 ; 6.400e+00 ; 2.800e+00 ; 9.2825002e+01 ; 7.5134781e+01 
3.500e+01 ; 6.400e+00 ; 2.800e+00 ; 9.3150002e+01 ; 7.6890633e+01 
3.500e+01 ; 6.400e+00 ; 2.800e+00 ; 9.3150002e+01 ; 7.6890633e+01 
3.500e+01 ; 6.400e+00 ; 2.800e+00 ; 9.3151002e+01 ; 7.6898499e+01 
3.500e+01 ; 6.400e+00 ; 2.800e+00 ; 9.3152002e+01 ; 7.6906372e+01 
3.500e+01 ; 6.400e+00 ; 2.800e+00 ; 9.3153002e+01 ; 7.6914238e+01 
3.500e+01 ; 6.400e+00 ; 2.800e+00 ; 9.3155002e+01 ; 7.6930000e+01 
3.500e+01 ; 6.400e+00 ; 2.800e+00 ; 9.3159002e+01 ; 7.6961555e+01 
3.500e+01 ; 6.400e+00 ; 2.800e+00 ; 9.3167002e+01 ; 7.7024841e+01 
3.500e+01 ; 6.400e+00 ; 2.800e+00 ; 9.3183002e+01 ; 7.7152039e+01 
3.500e+01 ; 6.400e+00 ; 2.800e+00 ; 9.3215002e+01 ; 7.7408463e+01 
3.500e+01 ; 6.400e+00 ; 2.800e+00 ; 9.3279002e+01 ; 7.7926094e+01 
3.500e+01 ; 6.400e+00 ; 2.800e+00 ; 9.3407002e+01 ; 7.8958450e+01 
3.500e+01 ; 6.400e+00 ; 2.800e+00 ; 9.3663002e+01 ; 8.0896126e+01 
3.500e+01 ; 6.400e+00 ; 2.800e+00 ; 9.4175002e+01 ; 8.3895035e+01 
3.500e+01 ; 6.400e+00 ; 2.800e+00 ; 9.4500002e+01 ; 8.5332581e+01 
3.500e+01 ; 6.400e+00 ; 2.800e+00 ; 9.4500002e+01 ; 8.5332581e+01 
3.500e+01 ; 6.400e+00 ; 2.800e+00 ; 9.4501002e+01 ; 8.5336998e+01 
3.500e+01 ; 6.400e+00 ; 2.800e+00 ; 9.4502002e+01 ; 8.5341400e+01 
3.500e+01 ; 6.400e+00 ; 2.800e+00 ; 9.4503002e+01 ; 8.5345802e+01 
3.500e+01 ; 6.400e+00 ; 2.800e+00 ; 9.4505002e+01 ; 8.5354576e+01 
3.500e+01 ; 6.400e+00 ; 2.800e+00 ; 9.4509002e+01 ; 8.5372002e+01 
3.500e+01 ; 6.400e+00 ; 2.800e+00 ; 9.4517002e+01 ; 8.5406387e+01 
3.500e+01 ; 6.400e+00 ; 2.800e+00 ; 9.4533002e+01 ; 8.5473335e+01 
3.500e+01 ; 6.400e+00 ; 2.800e+00 ; 9.4565002e+01 ; 8.5600159e+01 
3.500e+01 ; 6.400e+00 ; 2.800e+00 ; 9.4629002e+01 ; 8.5827530e+01 
3.500e+01 ; 6.400e+00 ; 2.800e+00 ; 9.4757002e+01 ; 8.6190994e+01 
3.500e+01 ; 6.400e+00 ; 2.800e+00 ; 9.5013002e+01 ; 8.6638870e+01 
3.500e+01 ; 6.400e+00 ; 2.800e+00 ; 9.5525002e+01 ; 8.6856544e+01 
3.500e+01 ; 6.400e+00 ; 2.800e+00 ; 9.5850002e+01 ; 8.6801964e+01 
3.500e+01 ; 6.400e+00 ; 2.800e+00 ; 9.5850002e+01 ; 8.6801964e+01 
3.500e+01 ; 6.400e+00 ; 2.800e+00 ; 9.5851002e+01 ; 8.6801796e+01 
3.500e+01 ; 6.400e+00 ; 2.800e+00 ; 9.5852002e+01 ; 8.6801628e+01 
3.500e+01 ; 6.400e+00 ; 2.800e+00 ; 9.5853002e+01 ; 8.6801453e+01 
3.500e+01 ; 6.400e+00 ; 2.800e+00 ; 9.5855002e+01 ; 8.6801094e+01 
3.500e+01 ; 6.400e+00 ; 2.800e+00 ; 9.5859002e+01 ; 8.6800362e+01 
3.500e+01 ; 6.400e+00 ; 2.800e+00 ; 9.5867002e+01 ; 8.6798775e+01 
3.500e+01 ; 6.400e+00 ; 2.800e+00 ; 9.5883002e+01 ; 8.6795151e+01 
3.500e+01 ; 6.400e+00 ; 2.800e+00 ; 9.5915002e+01 ; 8.6786171e+01 
3.500e+01 ; 6.400e+00 ; 2.800e+00 ; 9.5979002e+01 ; 8.6761826e+01 
3.500e+01 ; 6.400e+00 ; 2.800e+00 ; 9.6107002e+01 ; 8.6691231e+01 
3.500e+01 ; 6.400e+00 ; 2.800e+00 ; 9.6363002e+01 ; 8.6485657e+01 
3.500e+01 ; 6.400e+00 ; 2.800e+00 ; 9.6875002e+01 ; 8.5936630e+01 
3.500e+01 ; 6.400e+00 ; 2.800e+00 ; 9.7200002e+01 ; 8.5554863e+01 
3.500e+01 ; 6.400e+00 ; 2.800e+00 ; 9.7200002e+01 ; 8.5554863e+01 
3.500e+01 ; 6.400e+00 ; 2.800e+00 ; 9.7201002e+01 ; 8.5553688e+01 
3.500e+01 ; 6.400e+00 ; 2.800e+00 ; 9.7202002e+01 ; 8.5552513e+01 
3.500e+01 ; 6.400e+00 ; 2.800e+00 ; 9.7203002e+01 ; 8.5551338e+01 
3.500e+01 ; 6.400e+00 ; 2.800e+00 ; 9.7205002e+01 ; 8.5548981e+01 
3.500e+01 ; 6.400e+00 ; 2.800e+00 ; 9.7209002e+01 ; 8.5544273e+01 
3.500e+01 ; 6.400e+00 ; 2.800e+00 ; 9.7217002e+01 ; 8.5534836e+01 
3.500e+01 ; 6.400e+00 ; 2.800e+00 ; 9.7233002e+01 ; 8.5515877e+01 
3.500e+01 ; 6.400e+00 ; 2.800e+00 ; 9.7265002e+01 ; 8.5477692e+01 
3.500e+01 ; 6.400e+00 ; 2.800e+00 ; 9.7329002e+01 ; 8.5400337e+01 
3.500e+01 ; 6.400e+00 ; 2.800e+00 ; 9.7457002e+01 ; 8.5242706e+01 
3.500e+01 ; 6.400e+00 ; 2.800e+00 ; 9.7713002e+01 ; 8.4921860e+01 
3.500e+01 ; 6.400e+00 ; 2.800e+00 ; 9.8225002e+01 ; 8.4286530e+01 
3.500e+01 ; 6.400e+00 ; 2.800e+00 ; 9.8550002e+01 ; 8.3890800e+01 
3.500e+01 ; 6.400e+00 ; 2.800e+00 ; 9.8550002e+01 ; 8.3890800e+01 
3.500e+01 ; 6.400e+00 ; 2.800e+00 ; 9.8551002e+01 ; 8.3889587e+01 
3.500e+01 ; 6.400e+00 ; 2.800e+00 ; 9.8552002e+01 ; 8.3888367e+01 
3.500e+01 ; 6.400e+00 ; 2.800e+00 ; 9.8553002e+01 ; 8.3887146e+01 
3.500e+01 ; 6.400e+00 ; 2.800e+00 ; 9.8555002e+01 ; 8.3884712e+01 
3.500e+01 ; 6.400e+00 ; 2.800e+00 ; 9.8559002e+01 ; 8.3879845e+01 
3.500e+01 ; 6.400e+00 ; 2.800e+00 ; 9.8567002e+01 ; 8.3870117e+01 
3.500e+01 ; 6.400e+00 ; 2.800e+00 ; 9.8583002e+01 ; 8.3850670e+01 
3.500e+01 ; 6.400e+00 ; 2.800e+00 ; 9.8615002e+01 ; 8.3811867e+01 
3.500e+01 ; 6.400e+00 ; 2.800e+00 ; 9.8679002e+01 ; 8.3734627e+01 
3.500e+01 ; 6.400e+00 ; 2.800e+00 ; 9.8807002e+01 ; 8.3581787e+01 
3.500e+01 ; 6.400e+00 ; 2.800e+00 ; 9.9063002e+01 ; 8.3283897e+01 
3.500e+01 ; 6.400e+00 ; 2.800e+00 ; 9.9575002e+01 ; 8.2723404e+01 
3.500e+01 ; 6.400e+00 ; 2.800e+00 ; 9.9900002e+01 ; 8.2382317e+01 
3.500e+01 ; 6.400e+00 ; 2.800e+00 ; 9.9900002e+01 ; 8.2382317e+01 
3.500e+01 ; 6.400e+00 ; 2.800e+00 ; 9.9901002e+01 ; 8.2381264e+01 
3.500e+01 ; 6.400e+00 ; 2.800e+00 ; 9.9902002e+01 ; 8.2380219e+01 
3.500e+01 ; 6.400e+00 ; 2.800e+00 ; 9.9903002e+01 ; 8.2379166e+01 
3.500e+01 ; 6.400e+00 ; 2.800e+00 ; 9.9905002e+01 ; 8.2377068e+01 
3.500e+01 ; 6.400e+00 ; 2.800e+00 ; 9.9909002e+01 ; 8.2372871e+01 
3.500e+01 ; 6.400e+00 ; 2.800e+00 ; 9.9917002e+01 ; 8.2364494e+01 
3.500e+01 ; 6.400e+00 ; 2.800e+00 ; 9.9933002e+01 ; 8.2347778e+01 
3.500e+01 ; 6.400e+00 ; 2.800e+00 ; 9.9965002e+01 ; 8.2314484e+01 
3.500e+01 ; 6.400e+00 ; 2.800e+00 ; 1.0002900e+02 ; 8.2248474e+01 
3.500e+01 ; 6.400e+00 ; 2.800e+00 ; 1.0015700e+02 ; 8.2118752e+01 
3.500e+01 ; 6.400e+00 ; 2.800e+00 ; 1.0041300e+02 ; 8.1868462e+01 
3.500e+01 ; 6.400e+00 ; 2.800e+00 ; 1.0092500e+02 ; 8.1402786e+01 
3.500e+01 ; 6.400e+00 ; 2.800e+00 ; 1.0125000e+02 ; 8.1120712e+01 
3.500e+01 ; 6.400e+00 ; 2.800e+00 ; 1.0125000e+02 ; 8.1120712e+01 
3.500e+01 ; 6.400e+00 ; 2.800e+00 ; 1.0125100e+02 ; 8.1119850e+01 
3.500e+01 ; 6.400e+00 ; 2.800e+00 ; 1.0125200e+02 ; 8.1118980e+01 
3.500e+01 ; 6.400e+00 ; 2.800e+00 ; 1.0125300e+02 ; 8.1118111e+01 
3.500e+01 ; 6.400e+00 ; 2.800e+00 ; 1.0125500e+02 ; 8.1116379e+01 
3.500e+01 ; 6.400e+00 ; 2.800e+00 ; 1.0125900e+02 ; 8.1112907e+01 
3.500e+01 ; 6.400e+00 ; 2.800e+00 ; 1.0126700e+02 ; 8.1105988e+01 
3.500e+01 ; 6.400e+00 ; 2.800e+00 ; 1.0128300e+02 ; 8.1092163e+01 
3.500e+01 ; 6.400e+00 ; 2.800e+00 ; 1.0131500e+02 ; 8.1064659e+01 
3.500e+01 ; 6.400e+00 ; 2.800e+00 ; 1.0137900e+02 ; 8.1010155e+01 
3.500e+01 ; 6.400e+00 ; 2.800e+00 ; 1.0150700e+02 ; 8.0903183e+01 
3.500e+01 ; 6.400e+00 ; 2.800e+00 ; 1.0176300e+02 ; 8.0697029e+01 
3.500e+01 ; 6.400e+00 ; 2.800e+00 ; 1.0227500e+02 ; 8.0313385e+01 
3.500e+01 ; 6.400e+00 ; 2.800e+00 ; 1.0260000e+02 ; 8.0080765e+01 
3.500e+01 ; 6.400e+00 ; 2.800e+00 ; 1.0260000e+02 ; 8.0080765e+01 
3.500e+01 ; 6.400e+00 ; 2.800e+00 ; 1.0260100e+02 ; 8.0080048e+01 
3.500e+01 ; 6.400e+00 ; 2.800e+00 ; 1.0260200e+02 ; 8.0079330e+01 
3.500e+01 ; 6.400e+00 ; 2.800e+00 ; 1.0260300e+02 ; 8.0078613e+01 
3.500e+01 ; 6.400e+00 ; 2.800e+00 ; 1.0260500e+02 ; 8.0077187e+01 
3.500e+01 ; 6.400e+00 ; 2.800e+00 ; 1.0260900e+02 ; 8.0074326e+01 
3.500e+01 ; 6.400e+00 ; 2.800e+00 ; 1.0261700e+02 ; 8.0068611e+01 
3.500e+01 ; 6.400e+00 ; 2.800e+00 ; 1.0263300e+02 ; 8.0057213e+01 
3.500e+01 ; 6.400e+00 ; 2.800e+00 ; 1.0266500e+02 ; 8.0034523e+01 
3.500e+01 ; 6.400e+00 ; 2.800e+00 ; 1.0272900e+02 ; 7.9989555e+01 
3.500e+01 ; 6.400e+00 ; 2.800e+00 ; 1.0285700e+02 ; 7.9901230e+01 
3.500e+01 ; 6.400e+00 ; 2.800e+00 ; 1.0311300e+02 ; 7.9730751e+01 
3.500e+01 ; 6.400e+00 ; 2.800e+00 ; 1.0362500e+02 ; 7.9412224e+01 
3.500e+01 ; 6.400e+00 ; 2.800e+00 ; 1.0395000e+02 ; 7.9218544e+01 
3.500e+01 ; 6.400e+00 ; 2.800e+00 ; 1.0395000e+02 ; 7.9218544e+01 
3.500e+01 ; 6.400e+00 ; 2.800e+00 ; 1.0395100e+02 ; 7.9217949e+01 
3.500e+01 ; 6.400e+00 ; 2.800e+00 ; 1.0395200e+02 ; 7.9217346e+01 
3.500e+01 ; 6.400e+00 ; 2.800e+00 ; 1.0395300e+02 ; 7.9216751e+01 
3.500e+01 ; 6.400e+00 ; 2.800e+00 ; 1.0395500e+02 ; 7.9215561e+01 
3.500e+01 ; 6.400e+00 ; 2.800e+00 ; 1.0395900e+02 ; 7.9213181e+01 
3.500e+01 ; 6.400e+00 ; 2.800e+00 ; 1.0396700e+02 ; 7.9208427e+01 
3.500e+01 ; 6.400e+00 ; 2.800e+00 ; 1.0398300e+02 ; 7.9198936e+01 
3.500e+01 ; 6.400e+00 ; 2.800e+00 ; 1.0401500e+02 ; 7.9180031e+01 
3.500e+01 ; 6.400e+00 ; 2.800e+00 ; 1.0407900e+02 ; 7.9142540e+01 
3.500e+01 ; 6.400e+00 ; 2.800e+00 ; 1.0420700e+02 ; 7.9068832e+01 
3.500e+01 ; 6.400e+00 ; 2.800e+00 ; 1.0446300e+02 ; 7.8926193e+01 
3.500e+01 ; 6.400e+00 ; 2.800e+00 ; 1.0497500e+02 ; 7.8658371e+01 
3.500e+01 ; 6.400e+00 ; 2.800e+00 ; 1.0530000e+02 ; 7.8494995e+01 
3.500e+01 ; 6.400e+00 ; 2.800e+00 ; 1.0530000e+02 ; 7.8494995e+01 
3.500e+01 ; 6.400e+00 ; 2.800e+00 ; 1.0530100e+02 ; 7.8494492e+01 
3.500e+01 ; 6.400e+00 ; 2.800e+00 ; 1.0530200e+02 ; 7.8493988e+01 
3.500e+01 ; 6.400e+00 ; 2.800e+00 ; 1.0530300e+02 ; 7.8493484e+01 
3.500e+01 ; 6.400e+00 ; 2.800e+00 ; 1.0530500e+02 ; 7.8492485e+01 
3.500e+01 ; 6.400e+00 ; 2.800e+00 ; 1.0530900e+02 ; 7.8490471e+01 
3.500e+01 ; 6.400e+00 ; 2.800e+00 ; 1.0531700e+02 ; 7.8486458e+01 
3.500e+01 ; 6.400e+00 ; 2.800e+00 ; 1.0533300e+02 ; 7.8478455e+01 
3.500e+01 ; 6.400e+00 ; 2.800e+00 ; 1.0536500e+02 ; 7.8462494e+01 
3.500e+01 ; 6.400e+00 ; 2.800e+00 ; 1.0542900e+02 ; 7.8430832e+01 
3.500e+01 ; 6.400e+00 ; 2.800e+00 ; 1.0555700e+02 ; 7.8368484e+01 
3.500e+01 ; 6.400e+00 ; 2.800e+00 ; 1.0581300e+02 ; 7.8247528e+01 
3.500e+01 ; 6.400e+00 ; 2.800e+00 ; 1.0632500e+02 ; 7.8019295e+01 
3.500e+01 ; 6.400e+00 ; 2.800e+00 ; 1.0665000e+02 ; 7.7879623e+01 
3.500e+01 ; 6.400e+00 ; 2.800e+00 ; 1.0665000e+02 ; 7.7879623e+01 
3.500e+01 ; 6.400e+00 ; 2.800e+00 ; 1.0665100e+02 ; 7.7879196e+01 
3.500e+01 ; 6.400e+00 ; 2.800e+00 ; 1.0665200e+02 ; 7.7878769e+01 
3.500e+01 ; 6.400e+00 ; 2.800e+00 ; 1.0665300e+02 ; 7.7878334e+01 
3.500e+01 ; 6.400e+00 ; 2.800e+00 ; 1.0665500e+02 ; 7.7877480e+01 
3.500e+01 ; 6.400e+00 ; 2.800e+00 ; 1.0665900e+02 ; 7.7875763e+01 
3.500e+01 ; 6.400e+00 ; 2.800e+00 ; 1.0666700e+02 ; 7.7872330e+01 
3.500e+01 ; 6.400e+00 ; 2.800e+00 ; 1.0668300e+02 ; 7.7865479e+01 
3.500e+01 ; 6.400e+00 ; 2.800e+00 ; 1.0671500e+02 ; 7.7851830e+01 
3.500e+01 ; 6.400e+00 ; 2.800e+00 ; 1.0677900e+02 ; 7.7824722e+01 
3.500e+01 ; 6.400e+00 ; 2.800e+00 ; 1.0690700e+02 ; 7.7771286e+01 
3.500e+01 ; 6.400e+00 ; 2.800e+00 ; 1.0716300e+02 ; 7.7667374e+01 
3.500e+01 ; 6.400e+00 ; 2.800e+00 ; 1.0767500e+02 ; 7.7470444e+01 
3.500e+01 ; 6.400e+00 ; 2.800e+00 ; 1.0800000e+02 ; 7.7349609e+01 
3.500e+01 ; 6.400e+00 ; 2.800e+00 ; 1.0800000e+02 ; 7.7349609e+01 
3.500e+01 ; 6.400e+00 ; 2.800e+00 ; 1.0800100e+02 ; 7.7349243e+01 
3.500e+01 ; 6.400e+00 ; 2.800e+00 ; 1.0800200e+02 ; 7.7348869e+01 
3.500e+01 ; 6.400e+00 ; 2.800e+00 ; 1.0800300e+02 ; 7.7348495e+01 
3.500e+01 ; 6.400e+00 ; 2.800e+00 ; 1.0800500e+02 ; 7.7347755e+01 
3.500e+01 ; 6.400e+00 ; 2.800e+00 ; 1.0800900e+02 ; 7.7346268e+01 
3.500e+01 ; 6.400e+00 ; 2.800e+00 ; 1.0801700e+02 ; 7.7343300e+01 
3.500e+01 ; 6.400e+00 ; 2.800e+00 ; 1.0803300e+02 ; 7.7337372e+01 
3.500e+01 ; 6.400e+00 ; 2.800e+00 ; 1.0806500e+02 ; 7.7325554e+01 
3.500e+01 ; 6.400e+00 ; 2.800e+00 ; 1.0812900e+02 ; 7.7302086e+01 
3.500e+01 ; 6.400e+00 ; 2.800e+00 ; 1.0825700e+02 ; 7.7255768e+01 
3.500e+01 ; 6.400e+00 ; 2.800e+00 ; 1.0851300e+02 ; 7.7165565e+01 
3.500e+01 ; 6.400e+00 ; 2.800e+00 ; 1.0902500e+02 ; 7.6994606e+01 
3.500e+01 ; 6.400e+00 ; 2.800e+00 ; 1.0935000e+02 ; 7.6889839e+01 
3.500e+01 ; 6.400e+00 ; 2.800e+00 ; 1.0935000e+02 ; 7.6889839e+01 
3.500e+01 ; 6.400e+00 ; 2.800e+00 ; 1.0935100e+02 ; 7.6889519e+01 
3.500e+01 ; 6.400e+00 ; 2.800e+00 ; 1.0935200e+02 ; 7.6889198e+01 
3.500e+01 ; 6.400e+00 ; 2.800e+00 ; 1.0935300e+02 ; 7.6888878e+01 
3.500e+01 ; 6.400e+00 ; 2.800e+00 ; 1.0935500e+02 ; 7.6888229e+01 
3.500e+01 ; 6.400e+00 ; 2.800e+00 ; 1.0935900e+02 ; 7.6886940e+01 
3.500e+01 ; 6.400e+00 ; 2.800e+00 ; 1.0936700e+02 ; 7.6884369e+01 
3.500e+01 ; 6.400e+00 ; 2.800e+00 ; 1.0938300e+02 ; 7.6879227e+01 
3.500e+01 ; 6.400e+00 ; 2.800e+00 ; 1.0941500e+02 ; 7.6868988e+01 
3.500e+01 ; 6.400e+00 ; 2.800e+00 ; 1.0947900e+02 ; 7.6848656e+01 
3.500e+01 ; 6.400e+00 ; 2.800e+00 ; 1.0960700e+02 ; 7.6808617e+01 
3.500e+01 ; 6.400e+00 ; 2.800e+00 ; 1.0986300e+02 ; 7.6731384e+01 
3.500e+01 ; 6.400e+00 ; 2.800e+00 ; 1.1037500e+02 ; 7.6590416e+01 
3.500e+01 ; 6.400e+00 ; 2.800e+00 ; 1.1070000e+02 ; 7.6506676e+01 
3.500e+01 ; 6.400e+00 ; 2.800e+00 ; 1.1070000e+02 ; 7.6506676e+01 
3.500e+01 ; 6.400e+00 ; 2.800e+00 ; 1.1070100e+02 ; 7.6506416e+01 
3.500e+01 ; 6.400e+00 ; 2.800e+00 ; 1.1070200e+02 ; 7.6506157e+01 
3.500e+01 ; 6.400e+00 ; 2.800e+00 ; 1.1070300e+02 ; 7.6505905e+01 
3.500e+01 ; 6.400e+00 ; 2.800e+00 ; 1.1070500e+02 ; 7.6505386e+01 
3.500e+01 ; 6.400e+00 ; 2.800e+00 ; 1.1070900e+02 ; 7.6504356e+01 
3.500e+01 ; 6.400e+00 ; 2.800e+00 ; 1.1071700e+02 ; 7.6502304e+01 
3.500e+01 ; 6.400e+00 ; 2.800e+00 ; 1.1073300e+02 ; 7.6498230e+01 
3.500e+01 ; 6.400e+00 ; 2.800e+00 ; 1.1076500e+02 ; 7.6490196e+01 
3.500e+01 ; 6.400e+00 ; 2.800e+00 ; 1.1082900e+02 ; 7.6474907e+01 
3.500e+01 ; 6.400e+00 ; 2.800e+00 ; 1.1095700e+02 ; 7.6448624e+01 
3.500e+01 ; 6.400e+00 ; 2.800e+00 ; 1.1121300e+02 ; 7.6417236e+01 
3.500e+01 ; 6.400e+00 ; 2.800e+00 ; 1.1172500e+02 ; 7.6428581e+01 
3.500e+01 ; 6.400e+00 ; 2.800e+00 ; 1.1205000e+02 ; 7.6457756e+01 
3.500e+01 ; 6.400e+00 ; 2.800e+00 ; 1.1205000e+02 ; 7.6457756e+01 
3.500e+01 ; 6.400e+00 ; 2.800e+00 ; 1.1205100e+02 ; 7.6457848e+01 
3.500e+01 ; 6.400e+00 ; 2.800e+00 ; 1.1205200e+02 ; 7.6457939e+01 
3.500e+01 ; 6.400e+00 ; 2.800e+00 ; 1.1205300e+02 ; 7.6458031e+01 
3.500e+01 ; 6.400e+00 ; 2.800e+00 ; 1.1205500e+02 ; 7.6458214e+01 
3.500e+01 ; 6.400e+00 ; 2.800e+00 ; 1.1205900e+02 ; 7.6458580e+01 
3.500e+01 ; 6.400e+00 ; 2.800e+00 ; 1.1206700e+02 ; 7.6459328e+01 
3.500e+01 ; 6.400e+00 ; 2.800e+00 ; 1.1208300e+02 ; 7.6460899e+01 
3.500e+01 ; 6.400e+00 ; 2.800e+00 ; 1.1211500e+02 ; 7.6464371e+01 
3.500e+01 ; 6.400e+00 ; 2.800e+00 ; 1.1217900e+02 ; 7.6473015e+01 
3.500e+01 ; 6.400e+00 ; 2.800e+00 ; 1.1230700e+02 ; 7.6498932e+01 
3.500e+01 ; 6.400e+00 ; 2.800e+00 ; 1.1256300e+02 ; 7.6588814e+01 
3.500e+01 ; 6.400e+00 ; 2.800e+00 ; 1.1307500e+02 ; 7.6881271e+01 
3.500e+01 ; 6.400e+00 ; 2.800e+00 ; 1.1340000e+02 ; 7.7093437e+01 
3.500e+01 ; 6.400e+00 ; 2.800e+00 ; 1.1340000e+02 ; 7.7093437e+01 
3.500e+01 ; 6.400e+00 ; 2.800e+00 ; 1.1340100e+02 ; 7.7094093e+01 
3.500e+01 ; 6.400e+00 ; 2.800e+00 ; 1.1340200e+02 ; 7.7094742e+01 
3.500e+01 ; 6.400e+00 ; 2.800e+00 ; 1.1340300e+02 ; 7.7095398e+01 
3.500e+01 ; 6.400e+00 ; 2.800e+00 ; 1.1340500e+02 ; 7.7096703e+01 
3.500e+01 ; 6.400e+00 ; 2.800e+00 ; 1.1340900e+02 ; 7.7099327e+01 
3.500e+01 ; 6.400e+00 ; 2.800e+00 ; 1.1341700e+02 ; 7.7104584e+01 
3.500e+01 ; 6.400e+00 ; 2.800e+00 ; 1.1343300e+02 ; 7.7115173e+01 
3.500e+01 ; 6.400e+00 ; 2.800e+00 ; 1.1346500e+02 ; 7.7136681e+01 
3.500e+01 ; 6.400e+00 ; 2.800e+00 ; 1.1352900e+02 ; 7.7181175e+01 
3.500e+01 ; 6.400e+00 ; 2.800e+00 ; 1.1365700e+02 ; 7.7276749e+01 
3.500e+01 ; 6.400e+00 ; 2.800e+00 ; 1.1391300e+02 ; 7.7492432e+01 
3.500e+01 ; 6.400e+00 ; 2.800e+00 ; 1.1442500e+02 ; 7.7968956e+01 
3.500e+01 ; 6.400e+00 ; 2.800e+00 ; 1.1475000e+02 ; 7.8270485e+01 
3.500e+01 ; 6.400e+00 ; 2.800e+00 ; 1.1475000e+02 ; 7.8270485e+01 
3.500e+01 ; 6.400e+00 ; 2.800e+00 ; 1.1475100e+02 ; 7.8271416e+01 
3.500e+01 ; 6.400e+00 ; 2.800e+00 ; 1.1475200e+02 ; 7.8272346e+01 
3.500e+01 ; 6.400e+00 ; 2.800e+00 ; 1.1475300e+02 ; 7.8273270e+01 
3.500e+01 ; 6.400e+00 ; 2.800e+00 ; 1.1475500e+02 ; 7.8275124e+01 
3.500e+01 ; 6.400e+00 ; 2.800e+00 ; 1.1475900e+02 ; 7.8278839e+01 
3.500e+01 ; 6.400e+00 ; 2.800e+00 ; 1.1476700e+02 ; 7.8286255e+01 
3.500e+01 ; 6.400e+00 ; 2.800e+00 ; 1.1478300e+02 ; 7.8301094e+01 
3.500e+01 ; 6.400e+00 ; 2.800e+00 ; 1.1481500e+02 ; 7.8330727e+01 
3.500e+01 ; 6.400e+00 ; 2.800e+00 ; 1.1487900e+02 ; 7.8389755e+01 
3.500e+01 ; 6.400e+00 ; 2.800e+00 ; 1.1500700e+02 ; 7.8506035e+01 
3.500e+01 ; 6.400e+00 ; 2.800e+00 ; 1.1526300e+02 ; 7.8726151e+01 
3.500e+01 ; 6.400e+00 ; 2.800e+00 ; 1.1577500e+02 ; 7.9089111e+01 
3.500e+01 ; 6.400e+00 ; 2.800e+00 ; 1.1610000e+02 ; 7.9282066e+01 
3.500e+01 ; 6.400e+00 ; 2.800e+00 ; 1.1610000e+02 ; 7.9282066e+01 
3.500e+01 ; 6.400e+00 ; 2.800e+00 ; 1.1610100e+02 ; 7.9282661e+01 
3.500e+01 ; 6.400e+00 ; 2.800e+00 ; 1.1610200e+02 ; 7.9283257e+01 
3.500e+01 ; 6.400e+00 ; 2.800e+00 ; 1.1610300e+02 ; 7.9283852e+01 
3.500e+01 ; 6.400e+00 ; 2.800e+00 ; 1.1610500e+02 ; 7.9285034e+01 
3.500e+01 ; 6.400e+00 ; 2.800e+00 ; 1.1610900e+02 ; 7.9287392e+01 
3.500e+01 ; 6.400e+00 ; 2.800e+00 ; 1.1611700e+02 ; 7.9292091e+01 
3.500e+01 ; 6.400e+00 ; 2.800e+00 ; 1.1613300e+02 ; 7.9301399e+01 
3.500e+01 ; 6.400e+00 ; 2.800e+00 ; 1.1616500e+02 ; 7.9319626e+01 
3.500e+01 ; 6.400e+00 ; 2.800e+00 ; 1.1622900e+02 ; 7.9354431e+01 
3.500e+01 ; 6.400e+00 ; 2.800e+00 ; 1.1635700e+02 ; 7.9416962e+01 
3.500e+01 ; 6.400e+00 ; 2.800e+00 ; 1.1661300e+02 ; 7.9512169e+01 
3.500e+01 ; 6.400e+00 ; 2.800e+00 ; 1.1712500e+02 ; 7.9589394e+01 
3.500e+01 ; 6.400e+00 ; 2.800e+00 ; 1.1745000e+02 ; 7.9596123e+01 
3.500e+01 ; 6.400e+00 ; 2.800e+00 ; 1.1745000e+02 ; 7.9596123e+01 
3.500e+01 ; 6.400e+00 ; 2.800e+00 ; 1.1745100e+02 ; 7.9596138e+01 
3.500e+01 ; 6.400e+00 ; 2.800e+00 ; 1.1745200e+02 ; 7.9596161e+01 
3.500e+01 ; 6.400e+00 ; 2.800e+00 ; 1.1745300e+02 ; 7.9596184e+01 
3.500e+01 ; 6.400e+00 ; 2.800e+00 ; 1.1745500e+02 ; 7.9596214e+01 
3.500e+01 ; 6.400e+00 ; 2.800e+00 ; 1.1745900e+02 ; 7.9596283e+01 
3.500e+01 ; 6.400e+00 ; 2.800e+00 ; 1.1746700e+02 ; 7.9596397e+01 
3.500e+01 ; 6.400e+00 ; 2.800e+00 ; 1.1748300e+02 ; 7.9596519e+01 
3.500e+01 ; 6.400e+00 ; 2.800e+00 ; 1.1751500e+02 ; 7.9596359e+01 
3.500e+01 ; 6.400e+00 ; 2.800e+00 ; 1.1757900e+02 ; 7.9594452e+01 
3.500e+01 ; 6.400e+00 ; 2.800e+00 ; 1.1770700e+02 ; 7.9584557e+01 
3.500e+01 ; 6.400e+00 ; 2.800e+00 ; 1.1796300e+02 ; 7.9542618e+01 
3.500e+01 ; 6.400e+00 ; 2.800e+00 ; 1.1847500e+02 ; 7.9387451e+01 
3.500e+01 ; 6.400e+00 ; 2.800e+00 ; 1.1880000e+02 ; 7.9264465e+01 
3.500e+01 ; 6.400e+00 ; 2.800e+00 ; 1.1880000e+02 ; 7.9264465e+01 
3.500e+01 ; 6.400e+00 ; 2.800e+00 ; 1.1880100e+02 ; 7.9264084e+01 
3.500e+01 ; 6.400e+00 ; 2.800e+00 ; 1.1880200e+02 ; 7.9263702e+01 
3.500e+01 ; 6.400e+00 ; 2.800e+00 ; 1.1880300e+02 ; 7.9263329e+01 
3.500e+01 ; 6.400e+00 ; 2.800e+00 ; 1.1880500e+02 ; 7.9262566e+01 
3.500e+01 ; 6.400e+00 ; 2.800e+00 ; 1.1880900e+02 ; 7.9261047e+01 
3.500e+01 ; 6.400e+00 ; 2.800e+00 ; 1.1881700e+02 ; 7.9257988e+01 
3.500e+01 ; 6.400e+00 ; 2.800e+00 ; 1.1883300e+02 ; 7.9251808e+01 
3.500e+01 ; 6.400e+00 ; 2.800e+00 ; 1.1886500e+02 ; 7.9239227e+01 
3.500e+01 ; 6.400e+00 ; 2.800e+00 ; 1.1892900e+02 ; 7.9213181e+01 
3.500e+01 ; 6.400e+00 ; 2.800e+00 ; 1.1905700e+02 ; 7.9157791e+01 
3.500e+01 ; 6.400e+00 ; 2.800e+00 ; 1.1931300e+02 ; 7.9035629e+01 
3.500e+01 ; 6.400e+00 ; 2.800e+00 ; 1.1982500e+02 ; 7.8757935e+01 
3.500e+01 ; 6.400e+00 ; 2.800e+00 ; 1.2015000e+02 ; 7.8570946e+01 
3.500e+01 ; 6.400e+00 ; 2.800e+00 ; 1.2015000e+02 ; 7.8570946e+01 
3.500e+01 ; 6.400e+00 ; 2.800e+00 ; 1.2015100e+02 ; 7.8570374e+01 
3.500e+01 ; 6.400e+00 ; 2.800e+00 ; 1.2015200e+02 ; 7.8569801e+01 
3.500e+01 ; 6.400e+00 ; 2.800e+00 ; 1.2015300e+02 ; 7.8569221e+01 
3.500e+01 ; 6.400e+00 ; 2.800e+00 ; 1.2015500e+02 ; 7.8568069e+01 
3.500e+01 ; 6.400e+00 ; 2.800e+00 ; 1.2015900e+02 ; 7.8565765e+01 
3.500e+01 ; 6.400e+00 ; 2.800e+00 ; 1.2016700e+02 ; 7.8561150e+01 
3.500e+01 ; 6.400e+00 ; 2.800e+00 ; 1.2018300e+02 ; 7.8551888e+01 
3.500e+01 ; 6.400e+00 ; 2.800e+00 ; 1.2021500e+02 ; 7.8533279e+01 
3.500e+01 ; 6.400e+00 ; 2.800e+00 ; 1.2027900e+02 ; 7.8495674e+01 
3.500e+01 ; 6.400e+00 ; 2.800e+00 ; 1.2040700e+02 ; 7.8419113e+01 
3.500e+01 ; 6.400e+00 ; 2.800e+00 ; 1.2066300e+02 ; 7.8261642e+01 
3.500e+01 ; 6.400e+00 ; 2.800e+00 ; 1.2117500e+02 ; 7.7936058e+01 
3.500e+01 ; 6.400e+00 ; 2.800e+00 ; 1.2150000e+02 ; 7.7726562e+01 
3.500e+01 ; 6.400e+00 ; 2.800e+00 ; 1.2150000e+02 ; 7.7726562e+01 
3.500e+01 ; 6.400e+00 ; 2.800e+00 ; 1.2150100e+02 ; 7.7725914e+01 
3.500e+01 ; 6.400e+00 ; 2.800e+00 ; 1.2150200e+02 ; 7.7725273e+01 
3.500e+01 ; 6.400e+00 ; 2.800e+00 ; 1.2150300e+02 ; 7.7724625e+01 
3.500e+01 ; 6.400e+00 ; 2.800e+00 ; 1.2150500e+02 ; 7.7723335e+01 
3.500e+01 ; 6.400e+00 ; 2.800e+00 ; 1.2150900e+02 ; 7.7720757e+01 
3.500e+01 ; 6.400e+00 ; 2.800e+00 ; 1.2151700e+02 ; 7.7715599e+01 
3.500e+01 ; 6.400e+00 ; 2.800e+00 ; 1.2153300e+02 ; 7.7705269e+01 
3.500e+01 ; 6.400e+00 ; 2.800e+00 ; 1.2156500e+02 ; 7.7684593e+01 
3.500e+01 ; 6.400e+00 ; 2.800e+00 ; 1.2162900e+02 ; 7.7643143e+01 
3.500e+01 ; 6.400e+00 ; 2.800e+00 ; 1.2175700e+02 ; 7.7559975e+01 
3.500e+01 ; 6.400e+00 ; 2.800e+00 ; 1.2201300e+02 ; 7.7393082e+01 
3.500e+01 ; 6.400e+00 ; 2.800e+00 ; 1.2252500e+02 ; 7.7060402e+01 
3.500e+01 ; 6.400e+00 ; 2.800e+00 ; 1.2285000e+02 ; 7.6850372e+01 
3.500e+01 ; 6.400e+00 ; 2.800e+00 ; 1.2285000e+02 ; 7.6850372e+01 
3.500e+01 ; 6.400e+00 ; 2.800e+00 ; 1.2286000e+02 ; 7.6843910e+01 
3.500e+01 ; 6.400e+00 ; 2.800e+00 ; 1.2287000e+02 ; 7.6837456e+01 
3.500e+01 ; 6.400e+00 ; 2.800e+00 ; 1.2288000e+02 ; 7.6830994e+01 
3.500e+01 ; 6.400e+00 ; 2.800e+00 ; 1.2290000e+02 ; 7.6818077e+01 
3.500e+01 ; 6.400e+00 ; 2.800e+00 ; 1.2294000e+02 ; 7.6792274e+01 
3.500e+01 ; 6.400e+00 ; 2.800e+00 ; 1.2302000e+02 ; 7.6740753e+01 
3.500e+01 ; 6.400e+00 ; 2.800e+00 ; 1.2318000e+02 ; 7.6638138e+01 
3.500e+01 ; 6.400e+00 ; 2.800e+00 ; 1.2350000e+02 ; 7.6435089e+01 
3.500e+01 ; 6.400e+00 ; 2.800e+00 ; 1.2414000e+02 ; 7.6040092e+01 
3.500e+01 ; 6.400e+00 ; 2.800e+00 ; 1.2542000e+02 ; 7.5302902e+01 
3.500e+01 ; 6.400e+00 ; 2.800e+00 ; 1.2734000e+02 ; 7.4318596e+01 
3.500e+01 ; 6.400e+00 ; 2.800e+00 ; 1.2785000e+02 ; 7.4065666e+01