X ; Y ; Z ; time ; Temperature 
3.500e+01 ; 4.800e+00 ; 2.100e+00 ; 0.0000000e+00 ; 2.3700000e+02 
3.500e+01 ; 4.800e+00 ; 2.100e+00 ; 1.0000000e-03 ; 2.3700000e+02 
3.500e+01 ; 4.800e+00 ; 2.100e+00 ; 2.0000001e-03 ; 2.3700000e+02 
3.500e+01 ; 4.800e+00 ; 2.100e+00 ; 3.0000000e-03 ; 2.3700000e+02 
3.500e+01 ; 4.800e+00 ; 2.100e+00 ; 4.9999999e-03 ; 2.3700000e+02 
3.500e+01 ; 4.800e+00 ; 2.100e+00 ; 8.9999996e-03 ; 2.3700000e+02 
3.500e+01 ; 4.800e+00 ; 2.100e+00 ; 1.7000001e-02 ; 2.3700000e+02 
3.500e+01 ; 4.800e+00 ; 2.100e+00 ; 3.3000000e-02 ; 2.3700000e+02 
3.500e+01 ; 4.800e+00 ; 2.100e+00 ; 6.4999998e-02 ; 2.3700000e+02 
3.500e+01 ; 4.800e+00 ; 2.100e+00 ; 1.2899999e-01 ; 2.3700000e+02 
3.500e+01 ; 4.800e+00 ; 2.100e+00 ; 2.5700000e-01 ; 2.3700000e+02 
3.500e+01 ; 4.800e+00 ; 2.100e+00 ; 5.1300001e-01 ; 2.3700000e+02 
3.500e+01 ; 4.800e+00 ; 2.100e+00 ; 1.0250000e+00 ; 2.3700000e+02 
3.500e+01 ; 4.800e+00 ; 2.100e+00 ; 1.3500000e+00 ; 2.3700000e+02 
3.500e+01 ; 4.800e+00 ; 2.100e+00 ; 1.3500000e+00 ; 2.3700000e+02 
3.500e+01 ; 4.800e+00 ; 2.100e+00 ; 1.3510000e+00 ; 2.3700000e+02 
3.500e+01 ; 4.800e+00 ; 2.100e+00 ; 1.3520000e+00 ; 2.3700000e+02 
3.500e+01 ; 4.800e+00 ; 2.100e+00 ; 1.3530000e+00 ; 2.3700000e+02 
3.500e+01 ; 4.800e+00 ; 2.100e+00 ; 1.3550000e+00 ; 2.3700000e+02 
3.500e+01 ; 4.800e+00 ; 2.100e+00 ; 1.3590000e+00 ; 2.3700000e+02 
3.500e+01 ; 4.800e+00 ; 2.100e+00 ; 1.3670000e+00 ; 2.3700000e+02 
3.500e+01 ; 4.800e+00 ; 2.100e+00 ; 1.3830000e+00 ; 2.3700000e+02 
3.500e+01 ; 4.800e+00 ; 2.100e+00 ; 1.4150000e+00 ; 2.3700000e+02 
3.500e+01 ; 4.800e+00 ; 2.100e+00 ; 1.4790000e+00 ; 2.3700000e+02 
3.500e+01 ; 4.800e+00 ; 2.100e+00 ; 1.6070000e+00 ; 2.3700000e+02 
3.500e+01 ; 4.800e+00 ; 2.100e+00 ; 1.8630000e+00 ; 2.3700000e+02 
3.500e+01 ; 4.800e+00 ; 2.100e+00 ; 2.3750000e+00 ; 2.3700000e+02 
3.500e+01 ; 4.800e+00 ; 2.100e+00 ; 2.7000000e+00 ; 2.3700000e+02 
3.500e+01 ; 4.800e+00 ; 2.100e+00 ; 2.7000000e+00 ; 2.3700000e+02 
3.500e+01 ; 4.800e+00 ; 2.100e+00 ; 2.7010000e+00 ; 2.3700000e+02 
3.500e+01 ; 4.800e+00 ; 2.100e+00 ; 2.7020000e+00 ; 2.3700000e+02 
3.500e+01 ; 4.800e+00 ; 2.100e+00 ; 2.7030000e+00 ; 2.3700000e+02 
3.500e+01 ; 4.800e+00 ; 2.100e+00 ; 2.7050000e+00 ; 2.3700000e+02 
3.500e+01 ; 4.800e+00 ; 2.100e+00 ; 2.7090000e+00 ; 2.3700000e+02 
3.500e+01 ; 4.800e+00 ; 2.100e+00 ; 2.7170000e+00 ; 2.3700000e+02 
3.500e+01 ; 4.800e+00 ; 2.100e+00 ; 2.7330000e+00 ; 2.3700000e+02 
3.500e+01 ; 4.800e+00 ; 2.100e+00 ; 2.7650000e+00 ; 2.3700000e+02 
3.500e+01 ; 4.800e+00 ; 2.100e+00 ; 2.8290000e+00 ; 2.3700000e+02 
3.500e+01 ; 4.800e+00 ; 2.100e+00 ; 2.9570000e+00 ; 2.3700000e+02 
3.500e+01 ; 4.800e+00 ; 2.100e+00 ; 3.2130001e+00 ; 2.3700000e+02 
3.500e+01 ; 4.800e+00 ; 2.100e+00 ; 3.7250000e+00 ; 2.3700000e+02 
3.500e+01 ; 4.800e+00 ; 2.100e+00 ; 4.0500001e+00 ; 2.3700000e+02 
3.500e+01 ; 4.800e+00 ; 2.100e+00 ; 4.0500001e+00 ; 2.3700000e+02 
3.500e+01 ; 4.800e+00 ; 2.100e+00 ; 4.0510001e+00 ; 2.3700000e+02 
3.500e+01 ; 4.800e+00 ; 2.100e+00 ; 4.0520001e+00 ; 2.3700000e+02 
3.500e+01 ; 4.800e+00 ; 2.100e+00 ; 4.0530001e+00 ; 2.3700000e+02 
3.500e+01 ; 4.800e+00 ; 2.100e+00 ; 4.0550001e+00 ; 2.3700000e+02 
3.500e+01 ; 4.800e+00 ; 2.100e+00 ; 4.0590001e+00 ; 2.3700000e+02 
3.500e+01 ; 4.800e+00 ; 2.100e+00 ; 4.0670001e+00 ; 2.3700000e+02 
3.500e+01 ; 4.800e+00 ; 2.100e+00 ; 4.0830001e+00 ; 2.3700000e+02 
3.500e+01 ; 4.800e+00 ; 2.100e+00 ; 4.1150001e+00 ; 2.3700000e+02 
3.500e+01 ; 4.800e+00 ; 2.100e+00 ; 4.1790001e+00 ; 2.3700000e+02 
3.500e+01 ; 4.800e+00 ; 2.100e+00 ; 4.3070001e+00 ; 2.3700000e+02 
3.500e+01 ; 4.800e+00 ; 2.100e+00 ; 4.5630001e+00 ; 2.3700000e+02 
3.500e+01 ; 4.800e+00 ; 2.100e+00 ; 5.0750000e+00 ; 2.3700000e+02 
3.500e+01 ; 4.800e+00 ; 2.100e+00 ; 5.4000001e+00 ; 2.3700000e+02 
3.500e+01 ; 4.800e+00 ; 2.100e+00 ; 5.4000001e+00 ; 2.3700000e+02 
3.500e+01 ; 4.800e+00 ; 2.100e+00 ; 5.4010001e+00 ; 2.3700000e+02 
3.500e+01 ; 4.800e+00 ; 2.100e+00 ; 5.4020001e+00 ; 2.3700000e+02 
3.500e+01 ; 4.800e+00 ; 2.100e+00 ; 5.4030001e+00 ; 2.3700000e+02 
3.500e+01 ; 4.800e+00 ; 2.100e+00 ; 5.4050001e+00 ; 2.3700000e+02 
3.500e+01 ; 4.800e+00 ; 2.100e+00 ; 5.4090001e+00 ; 2.3700000e+02 
3.500e+01 ; 4.800e+00 ; 2.100e+00 ; 5.4170001e+00 ; 2.3700000e+02 
3.500e+01 ; 4.800e+00 ; 2.100e+00 ; 5.4330001e+00 ; 2.3700000e+02 
3.500e+01 ; 4.800e+00 ; 2.100e+00 ; 5.4650001e+00 ; 2.3700000e+02 
3.500e+01 ; 4.800e+00 ; 2.100e+00 ; 5.5290001e+00 ; 2.3700000e+02 
3.500e+01 ; 4.800e+00 ; 2.100e+00 ; 5.6570001e+00 ; 2.3700000e+02 
3.500e+01 ; 4.800e+00 ; 2.100e+00 ; 5.9130001e+00 ; 2.3700000e+02 
3.500e+01 ; 4.800e+00 ; 2.100e+00 ; 6.4250001e+00 ; 2.3700000e+02 
3.500e+01 ; 4.800e+00 ; 2.100e+00 ; 6.7500001e+00 ; 2.3700000e+02 
3.500e+01 ; 4.800e+00 ; 2.100e+00 ; 6.7500001e+00 ; 2.3700000e+02 
3.500e+01 ; 4.800e+00 ; 2.100e+00 ; 6.7510001e+00 ; 2.3700000e+02 
3.500e+01 ; 4.800e+00 ; 2.100e+00 ; 6.7520001e+00 ; 2.3700000e+02 
3.500e+01 ; 4.800e+00 ; 2.100e+00 ; 6.7530001e+00 ; 2.3700000e+02 
3.500e+01 ; 4.800e+00 ; 2.100e+00 ; 6.7550001e+00 ; 2.3700000e+02 
3.500e+01 ; 4.800e+00 ; 2.100e+00 ; 6.7590001e+00 ; 2.3700000e+02 
3.500e+01 ; 4.800e+00 ; 2.100e+00 ; 6.7670001e+00 ; 2.3700000e+02 
3.500e+01 ; 4.800e+00 ; 2.100e+00 ; 6.7830001e+00 ; 2.3700000e+02 
3.500e+01 ; 4.800e+00 ; 2.100e+00 ; 6.8150001e+00 ; 2.3700000e+02 
3.500e+01 ; 4.800e+00 ; 2.100e+00 ; 6.8790001e+00 ; 2.3700000e+02 
3.500e+01 ; 4.800e+00 ; 2.100e+00 ; 7.0070001e+00 ; 2.3700000e+02 
3.500e+01 ; 4.800e+00 ; 2.100e+00 ; 7.2630001e+00 ; 2.3700000e+02 
3.500e+01 ; 4.800e+00 ; 2.100e+00 ; 7.7750001e+00 ; 2.3700000e+02 
3.500e+01 ; 4.800e+00 ; 2.100e+00 ; 8.1000001e+00 ; 2.3700000e+02 
3.500e+01 ; 4.800e+00 ; 2.100e+00 ; 8.1000001e+00 ; 2.3700000e+02 
3.500e+01 ; 4.800e+00 ; 2.100e+00 ; 8.1010001e+00 ; 2.3700000e+02 
3.500e+01 ; 4.800e+00 ; 2.100e+00 ; 8.1020001e+00 ; 2.3700000e+02 
3.500e+01 ; 4.800e+00 ; 2.100e+00 ; 8.1030001e+00 ; 2.3700000e+02 
3.500e+01 ; 4.800e+00 ; 2.100e+00 ; 8.1050001e+00 ; 2.3700000e+02 
3.500e+01 ; 4.800e+00 ; 2.100e+00 ; 8.1090001e+00 ; 2.3700000e+02 
3.500e+01 ; 4.800e+00 ; 2.100e+00 ; 8.1170001e+00 ; 2.3700000e+02 
3.500e+01 ; 4.800e+00 ; 2.100e+00 ; 8.1330001e+00 ; 2.3700000e+02 
3.500e+01 ; 4.800e+00 ; 2.100e+00 ; 8.1650001e+00 ; 2.3700000e+02 
3.500e+01 ; 4.800e+00 ; 2.100e+00 ; 8.2290001e+00 ; 2.3700000e+02 
3.500e+01 ; 4.800e+00 ; 2.100e+00 ; 8.3570001e+00 ; 2.3700000e+02 
3.500e+01 ; 4.800e+00 ; 2.100e+00 ; 8.6130002e+00 ; 2.3700000e+02 
3.500e+01 ; 4.800e+00 ; 2.100e+00 ; 9.1250001e+00 ; 2.3700000e+02 
3.500e+01 ; 4.800e+00 ; 2.100e+00 ; 9.4500002e+00 ; 2.3700000e+02 
3.500e+01 ; 4.800e+00 ; 2.100e+00 ; 9.4500002e+00 ; 2.3700000e+02 
3.500e+01 ; 4.800e+00 ; 2.100e+00 ; 9.4510002e+00 ; 2.3700000e+02 
3.500e+01 ; 4.800e+00 ; 2.100e+00 ; 9.4520002e+00 ; 2.3700000e+02 
3.500e+01 ; 4.800e+00 ; 2.100e+00 ; 9.4530002e+00 ; 2.3700000e+02 
3.500e+01 ; 4.800e+00 ; 2.100e+00 ; 9.4550002e+00 ; 2.3700000e+02 
3.500e+01 ; 4.800e+00 ; 2.100e+00 ; 9.4590002e+00 ; 2.3700000e+02 
3.500e+01 ; 4.800e+00 ; 2.100e+00 ; 9.4670002e+00 ; 2.3700000e+02 
3.500e+01 ; 4.800e+00 ; 2.100e+00 ; 9.4830002e+00 ; 2.3700000e+02 
3.500e+01 ; 4.800e+00 ; 2.100e+00 ; 9.5150002e+00 ; 2.3700000e+02 
3.500e+01 ; 4.800e+00 ; 2.100e+00 ; 9.5790002e+00 ; 2.3700000e+02 
3.500e+01 ; 4.800e+00 ; 2.100e+00 ; 9.7070002e+00 ; 2.3700000e+02 
3.500e+01 ; 4.800e+00 ; 2.100e+00 ; 9.9630002e+00 ; 2.3700000e+02 
3.500e+01 ; 4.800e+00 ; 2.100e+00 ; 1.0475000e+01 ; 2.3700000e+02 
3.500e+01 ; 4.800e+00 ; 2.100e+00 ; 1.0800000e+01 ; 2.3700000e+02 
3.500e+01 ; 4.800e+00 ; 2.100e+00 ; 1.0800000e+01 ; 2.3700000e+02 
3.500e+01 ; 4.800e+00 ; 2.100e+00 ; 1.0801000e+01 ; 2.3700000e+02 
3.500e+01 ; 4.800e+00 ; 2.100e+00 ; 1.0802000e+01 ; 2.3700000e+02 
3.500e+01 ; 4.800e+00 ; 2.100e+00 ; 1.0803000e+01 ; 2.3700000e+02 
3.500e+01 ; 4.800e+00 ; 2.100e+00 ; 1.0805000e+01 ; 2.3700000e+02 
3.500e+01 ; 4.800e+00 ; 2.100e+00 ; 1.0809000e+01 ; 2.3700000e+02 
3.500e+01 ; 4.800e+00 ; 2.100e+00 ; 1.0817000e+01 ; 2.3700000e+02 
3.500e+01 ; 4.800e+00 ; 2.100e+00 ; 1.0833000e+01 ; 2.3700000e+02 
3.500e+01 ; 4.800e+00 ; 2.100e+00 ; 1.0865000e+01 ; 2.3700000e+02 
3.500e+01 ; 4.800e+00 ; 2.100e+00 ; 1.0929000e+01 ; 2.3700000e+02 
3.500e+01 ; 4.800e+00 ; 2.100e+00 ; 1.1057000e+01 ; 2.3700000e+02 
3.500e+01 ; 4.800e+00 ; 2.100e+00 ; 1.1313000e+01 ; 2.3700000e+02 
3.500e+01 ; 4.800e+00 ; 2.100e+00 ; 1.1825000e+01 ; 2.3700000e+02 
3.500e+01 ; 4.800e+00 ; 2.100e+00 ; 1.2150000e+01 ; 2.3700000e+02 
3.500e+01 ; 4.800e+00 ; 2.100e+00 ; 1.2150000e+01 ; 2.3700000e+02 
3.500e+01 ; 4.800e+00 ; 2.100e+00 ; 1.2151000e+01 ; 2.3700000e+02 
3.500e+01 ; 4.800e+00 ; 2.100e+00 ; 1.2152000e+01 ; 2.3700000e+02 
3.500e+01 ; 4.800e+00 ; 2.100e+00 ; 1.2153000e+01 ; 2.3700000e+02 
3.500e+01 ; 4.800e+00 ; 2.100e+00 ; 1.2155000e+01 ; 2.3700000e+02 
3.500e+01 ; 4.800e+00 ; 2.100e+00 ; 1.2159000e+01 ; 2.3700000e+02 
3.500e+01 ; 4.800e+00 ; 2.100e+00 ; 1.2167000e+01 ; 2.3700000e+02 
3.500e+01 ; 4.800e+00 ; 2.100e+00 ; 1.2183000e+01 ; 2.3700000e+02 
3.500e+01 ; 4.800e+00 ; 2.100e+00 ; 1.2215000e+01 ; 2.3700000e+02 
3.500e+01 ; 4.800e+00 ; 2.100e+00 ; 1.2279000e+01 ; 2.3700000e+02 
3.500e+01 ; 4.800e+00 ; 2.100e+00 ; 1.2407000e+01 ; 2.3700000e+02 
3.500e+01 ; 4.800e+00 ; 2.100e+00 ; 1.2663000e+01 ; 2.3700000e+02 
3.500e+01 ; 4.800e+00 ; 2.100e+00 ; 1.3175000e+01 ; 2.3700000e+02 
3.500e+01 ; 4.800e+00 ; 2.100e+00 ; 1.3500000e+01 ; 2.3700000e+02 
3.500e+01 ; 4.800e+00 ; 2.100e+00 ; 1.3500000e+01 ; 2.3700000e+02 
3.500e+01 ; 4.800e+00 ; 2.100e+00 ; 1.3501000e+01 ; 2.3700000e+02 
3.500e+01 ; 4.800e+00 ; 2.100e+00 ; 1.3502000e+01 ; 2.3700000e+02 
3.500e+01 ; 4.800e+00 ; 2.100e+00 ; 1.3503000e+01 ; 2.3700000e+02 
3.500e+01 ; 4.800e+00 ; 2.100e+00 ; 1.3505000e+01 ; 2.3700000e+02 
3.500e+01 ; 4.800e+00 ; 2.100e+00 ; 1.3509000e+01 ; 2.3700000e+02 
3.500e+01 ; 4.800e+00 ; 2.100e+00 ; 1.3517000e+01 ; 2.3700000e+02 
3.500e+01 ; 4.800e+00 ; 2.100e+00 ; 1.3533000e+01 ; 2.3700000e+02 
3.500e+01 ; 4.800e+00 ; 2.100e+00 ; 1.3565000e+01 ; 2.3700000e+02 
3.500e+01 ; 4.800e+00 ; 2.100e+00 ; 1.3629000e+01 ; 2.3700000e+02 
3.500e+01 ; 4.800e+00 ; 2.100e+00 ; 1.3757000e+01 ; 2.3700000e+02 
3.500e+01 ; 4.800e+00 ; 2.100e+00 ; 1.4013000e+01 ; 2.3700000e+02 
3.500e+01 ; 4.800e+00 ; 2.100e+00 ; 1.4525000e+01 ; 2.3700000e+02 
3.500e+01 ; 4.800e+00 ; 2.100e+00 ; 1.4850000e+01 ; 2.3700000e+02 
3.500e+01 ; 4.800e+00 ; 2.100e+00 ; 1.4850000e+01 ; 2.3700000e+02 
3.500e+01 ; 4.800e+00 ; 2.100e+00 ; 1.4851000e+01 ; 2.3700000e+02 
3.500e+01 ; 4.800e+00 ; 2.100e+00 ; 1.4852000e+01 ; 2.3700000e+02 
3.500e+01 ; 4.800e+00 ; 2.100e+00 ; 1.4853000e+01 ; 2.3700000e+02 
3.500e+01 ; 4.800e+00 ; 2.100e+00 ; 1.4855000e+01 ; 2.3700000e+02 
3.500e+01 ; 4.800e+00 ; 2.100e+00 ; 1.4859000e+01 ; 2.3700000e+02 
3.500e+01 ; 4.800e+00 ; 2.100e+00 ; 1.4867000e+01 ; 2.3700000e+02 
3.500e+01 ; 4.800e+00 ; 2.100e+00 ; 1.4883000e+01 ; 2.3700000e+02 
3.500e+01 ; 4.800e+00 ; 2.100e+00 ; 1.4915000e+01 ; 2.3700000e+02 
3.500e+01 ; 4.800e+00 ; 2.100e+00 ; 1.4979000e+01 ; 2.3700000e+02 
3.500e+01 ; 4.800e+00 ; 2.100e+00 ; 1.5107000e+01 ; 2.3700000e+02 
3.500e+01 ; 4.800e+00 ; 2.100e+00 ; 1.5363000e+01 ; 2.3700000e+02 
3.500e+01 ; 4.800e+00 ; 2.100e+00 ; 1.5875000e+01 ; 2.3700000e+02 
3.500e+01 ; 4.800e+00 ; 2.100e+00 ; 1.6200000e+01 ; 2.3700000e+02 
3.500e+01 ; 4.800e+00 ; 2.100e+00 ; 1.6200000e+01 ; 2.3700000e+02 
3.500e+01 ; 4.800e+00 ; 2.100e+00 ; 1.6201000e+01 ; 2.3700000e+02 
3.500e+01 ; 4.800e+00 ; 2.100e+00 ; 1.6202000e+01 ; 2.3700000e+02 
3.500e+01 ; 4.800e+00 ; 2.100e+00 ; 1.6203000e+01 ; 2.3700000e+02 
3.500e+01 ; 4.800e+00 ; 2.100e+00 ; 1.6205000e+01 ; 2.3700000e+02 
3.500e+01 ; 4.800e+00 ; 2.100e+00 ; 1.6209000e+01 ; 2.3700000e+02 
3.500e+01 ; 4.800e+00 ; 2.100e+00 ; 1.6217000e+01 ; 2.3700000e+02 
3.500e+01 ; 4.800e+00 ; 2.100e+00 ; 1.6233000e+01 ; 2.3700000e+02 
3.500e+01 ; 4.800e+00 ; 2.100e+00 ; 1.6265000e+01 ; 2.3700000e+02 
3.500e+01 ; 4.800e+00 ; 2.100e+00 ; 1.6329000e+01 ; 2.3700000e+02 
3.500e+01 ; 4.800e+00 ; 2.100e+00 ; 1.6457000e+01 ; 2.3700000e+02 
3.500e+01 ; 4.800e+00 ; 2.100e+00 ; 1.6713000e+01 ; 2.3700000e+02 
3.500e+01 ; 4.800e+00 ; 2.100e+00 ; 1.7225000e+01 ; 2.3700000e+02 
3.500e+01 ; 4.800e+00 ; 2.100e+00 ; 1.7550000e+01 ; 2.3700000e+02 
3.500e+01 ; 4.800e+00 ; 2.100e+00 ; 1.7550000e+01 ; 2.3700000e+02 
3.500e+01 ; 4.800e+00 ; 2.100e+00 ; 1.7551000e+01 ; 2.3700000e+02 
3.500e+01 ; 4.800e+00 ; 2.100e+00 ; 1.7552000e+01 ; 2.3700000e+02 
3.500e+01 ; 4.800e+00 ; 2.100e+00 ; 1.7553000e+01 ; 2.3700000e+02 
3.500e+01 ; 4.800e+00 ; 2.100e+00 ; 1.7555000e+01 ; 2.3700000e+02 
3.500e+01 ; 4.800e+00 ; 2.100e+00 ; 1.7559000e+01 ; 2.3700000e+02 
3.500e+01 ; 4.800e+00 ; 2.100e+00 ; 1.7567000e+01 ; 2.3700000e+02 
3.500e+01 ; 4.800e+00 ; 2.100e+00 ; 1.7583000e+01 ; 2.3700000e+02 
3.500e+01 ; 4.800e+00 ; 2.100e+00 ; 1.7615000e+01 ; 2.3700000e+02 
3.500e+01 ; 4.800e+00 ; 2.100e+00 ; 1.7679000e+01 ; 2.3700000e+02 
3.500e+01 ; 4.800e+00 ; 2.100e+00 ; 1.7807000e+01 ; 2.3700000e+02 
3.500e+01 ; 4.800e+00 ; 2.100e+00 ; 1.8063000e+01 ; 2.3700000e+02 
3.500e+01 ; 4.800e+00 ; 2.100e+00 ; 1.8575000e+01 ; 2.3700000e+02 
3.500e+01 ; 4.800e+00 ; 2.100e+00 ; 1.8900000e+01 ; 2.3700000e+02 
3.500e+01 ; 4.800e+00 ; 2.100e+00 ; 1.8900000e+01 ; 2.3700000e+02 
3.500e+01 ; 4.800e+00 ; 2.100e+00 ; 1.8901000e+01 ; 2.3700000e+02 
3.500e+01 ; 4.800e+00 ; 2.100e+00 ; 1.8902000e+01 ; 2.3700000e+02 
3.500e+01 ; 4.800e+00 ; 2.100e+00 ; 1.8903000e+01 ; 2.3700000e+02 
3.500e+01 ; 4.800e+00 ; 2.100e+00 ; 1.8905000e+01 ; 2.3700000e+02 
3.500e+01 ; 4.800e+00 ; 2.100e+00 ; 1.8909000e+01 ; 2.3700000e+02 
3.500e+01 ; 4.800e+00 ; 2.100e+00 ; 1.8917000e+01 ; 2.3700000e+02 
3.500e+01 ; 4.800e+00 ; 2.100e+00 ; 1.8933000e+01 ; 2.3700000e+02 
3.500e+01 ; 4.800e+00 ; 2.100e+00 ; 1.8965000e+01 ; 2.3700000e+02 
3.500e+01 ; 4.800e+00 ; 2.100e+00 ; 1.9029000e+01 ; 2.3700000e+02 
3.500e+01 ; 4.800e+00 ; 2.100e+00 ; 1.9157000e+01 ; 2.3700000e+02 
3.500e+01 ; 4.800e+00 ; 2.100e+00 ; 1.9413000e+01 ; 2.3700000e+02 
3.500e+01 ; 4.800e+00 ; 2.100e+00 ; 1.9925000e+01 ; 2.3700000e+02 
3.500e+01 ; 4.800e+00 ; 2.100e+00 ; 2.0250000e+01 ; 2.3700000e+02 
3.500e+01 ; 4.800e+00 ; 2.100e+00 ; 2.0250000e+01 ; 2.3700000e+02 
3.500e+01 ; 4.800e+00 ; 2.100e+00 ; 2.0251000e+01 ; 2.3700000e+02 
3.500e+01 ; 4.800e+00 ; 2.100e+00 ; 2.0252000e+01 ; 2.3700000e+02 
3.500e+01 ; 4.800e+00 ; 2.100e+00 ; 2.0253000e+01 ; 2.3700000e+02 
3.500e+01 ; 4.800e+00 ; 2.100e+00 ; 2.0255000e+01 ; 2.3700000e+02 
3.500e+01 ; 4.800e+00 ; 2.100e+00 ; 2.0259000e+01 ; 2.3700000e+02 
3.500e+01 ; 4.800e+00 ; 2.100e+00 ; 2.0267000e+01 ; 2.3700000e+02 
3.500e+01 ; 4.800e+00 ; 2.100e+00 ; 2.0283000e+01 ; 2.3700000e+02 
3.500e+01 ; 4.800e+00 ; 2.100e+00 ; 2.0315000e+01 ; 2.3700000e+02 
3.500e+01 ; 4.800e+00 ; 2.100e+00 ; 2.0379000e+01 ; 2.3700000e+02 
3.500e+01 ; 4.800e+00 ; 2.100e+00 ; 2.0507000e+01 ; 2.3700000e+02 
3.500e+01 ; 4.800e+00 ; 2.100e+00 ; 2.0763000e+01 ; 2.3700000e+02 
3.500e+01 ; 4.800e+00 ; 2.100e+00 ; 2.1275000e+01 ; 2.3700000e+02 
3.500e+01 ; 4.800e+00 ; 2.100e+00 ; 2.1600000e+01 ; 2.3700000e+02 
3.500e+01 ; 4.800e+00 ; 2.100e+00 ; 2.1600000e+01 ; 2.3700000e+02 
3.500e+01 ; 4.800e+00 ; 2.100e+00 ; 2.1601000e+01 ; 2.3700000e+02 
3.500e+01 ; 4.800e+00 ; 2.100e+00 ; 2.1602000e+01 ; 2.3700000e+02 
3.500e+01 ; 4.800e+00 ; 2.100e+00 ; 2.1603000e+01 ; 2.3700000e+02 
3.500e+01 ; 4.800e+00 ; 2.100e+00 ; 2.1605000e+01 ; 2.3700000e+02 
3.500e+01 ; 4.800e+00 ; 2.100e+00 ; 2.1609000e+01 ; 2.3700000e+02 
3.500e+01 ; 4.800e+00 ; 2.100e+00 ; 2.1617000e+01 ; 2.3700000e+02 
3.500e+01 ; 4.800e+00 ; 2.100e+00 ; 2.1633000e+01 ; 2.3700000e+02 
3.500e+01 ; 4.800e+00 ; 2.100e+00 ; 2.1665000e+01 ; 2.3700000e+02 
3.500e+01 ; 4.800e+00 ; 2.100e+00 ; 2.1729000e+01 ; 2.3700000e+02 
3.500e+01 ; 4.800e+00 ; 2.100e+00 ; 2.1857000e+01 ; 2.3700000e+02 
3.500e+01 ; 4.800e+00 ; 2.100e+00 ; 2.2113000e+01 ; 2.3700000e+02 
3.500e+01 ; 4.800e+00 ; 2.100e+00 ; 2.2625000e+01 ; 2.3700000e+02 
3.500e+01 ; 4.800e+00 ; 2.100e+00 ; 2.2950000e+01 ; 2.3700000e+02 
3.500e+01 ; 4.800e+00 ; 2.100e+00 ; 2.2950000e+01 ; 2.3700000e+02 
3.500e+01 ; 4.800e+00 ; 2.100e+00 ; 2.2951000e+01 ; 2.3700000e+02 
3.500e+01 ; 4.800e+00 ; 2.100e+00 ; 2.2952000e+01 ; 2.3700000e+02 
3.500e+01 ; 4.800e+00 ; 2.100e+00 ; 2.2953000e+01 ; 2.3700000e+02 
3.500e+01 ; 4.800e+00 ; 2.100e+00 ; 2.2955000e+01 ; 2.3700000e+02 
3.500e+01 ; 4.800e+00 ; 2.100e+00 ; 2.2959000e+01 ; 2.3700000e+02 
3.500e+01 ; 4.800e+00 ; 2.100e+00 ; 2.2967000e+01 ; 2.3700000e+02 
3.500e+01 ; 4.800e+00 ; 2.100e+00 ; 2.2983000e+01 ; 2.3700000e+02 
3.500e+01 ; 4.800e+00 ; 2.100e+00 ; 2.3015000e+01 ; 2.3700000e+02 
3.500e+01 ; 4.800e+00 ; 2.100e+00 ; 2.3079000e+01 ; 2.3700000e+02 
3.500e+01 ; 4.800e+00 ; 2.100e+00 ; 2.3207000e+01 ; 2.3700000e+02 
3.500e+01 ; 4.800e+00 ; 2.100e+00 ; 2.3463000e+01 ; 2.3700000e+02 
3.500e+01 ; 4.800e+00 ; 2.100e+00 ; 2.3975000e+01 ; 2.3700000e+02 
3.500e+01 ; 4.800e+00 ; 2.100e+00 ; 2.4300000e+01 ; 2.3700000e+02 
3.500e+01 ; 4.800e+00 ; 2.100e+00 ; 2.4300000e+01 ; 2.3700000e+02 
3.500e+01 ; 4.800e+00 ; 2.100e+00 ; 2.4301000e+01 ; 2.3700000e+02 
3.500e+01 ; 4.800e+00 ; 2.100e+00 ; 2.4302000e+01 ; 2.3700000e+02 
3.500e+01 ; 4.800e+00 ; 2.100e+00 ; 2.4303000e+01 ; 2.3700000e+02 
3.500e+01 ; 4.800e+00 ; 2.100e+00 ; 2.4305000e+01 ; 2.3700000e+02 
3.500e+01 ; 4.800e+00 ; 2.100e+00 ; 2.4309000e+01 ; 2.3700000e+02 
3.500e+01 ; 4.800e+00 ; 2.100e+00 ; 2.4317000e+01 ; 2.3700000e+02 
3.500e+01 ; 4.800e+00 ; 2.100e+00 ; 2.4333000e+01 ; 2.3700000e+02 
3.500e+01 ; 4.800e+00 ; 2.100e+00 ; 2.4365000e+01 ; 2.3700000e+02 
3.500e+01 ; 4.800e+00 ; 2.100e+00 ; 2.4429000e+01 ; 2.3700000e+02 
3.500e+01 ; 4.800e+00 ; 2.100e+00 ; 2.4557000e+01 ; 2.3700000e+02 
3.500e+01 ; 4.800e+00 ; 2.100e+00 ; 2.4813000e+01 ; 2.3700000e+02 
3.500e+01 ; 4.800e+00 ; 2.100e+00 ; 2.5325000e+01 ; 2.3700000e+02 
3.500e+01 ; 4.800e+00 ; 2.100e+00 ; 2.5650000e+01 ; 2.3700000e+02 
3.500e+01 ; 4.800e+00 ; 2.100e+00 ; 2.5650000e+01 ; 2.3700000e+02 
3.500e+01 ; 4.800e+00 ; 2.100e+00 ; 2.5651000e+01 ; 2.3700000e+02 
3.500e+01 ; 4.800e+00 ; 2.100e+00 ; 2.5652000e+01 ; 2.3700000e+02 
3.500e+01 ; 4.800e+00 ; 2.100e+00 ; 2.5653000e+01 ; 2.3700000e+02 
3.500e+01 ; 4.800e+00 ; 2.100e+00 ; 2.5655000e+01 ; 2.3700000e+02 
3.500e+01 ; 4.800e+00 ; 2.100e+00 ; 2.5659000e+01 ; 2.3700000e+02 
3.500e+01 ; 4.800e+00 ; 2.100e+00 ; 2.5667000e+01 ; 2.3700000e+02 
3.500e+01 ; 4.800e+00 ; 2.100e+00 ; 2.5683000e+01 ; 2.3700000e+02 
3.500e+01 ; 4.800e+00 ; 2.100e+00 ; 2.5715000e+01 ; 2.3700000e+02 
3.500e+01 ; 4.800e+00 ; 2.100e+00 ; 2.5779000e+01 ; 2.3700000e+02 
3.500e+01 ; 4.800e+00 ; 2.100e+00 ; 2.5907000e+01 ; 2.3700000e+02 
3.500e+01 ; 4.800e+00 ; 2.100e+00 ; 2.6163000e+01 ; 2.3700000e+02 
3.500e+01 ; 4.800e+00 ; 2.100e+00 ; 2.6675000e+01 ; 2.3700000e+02 
3.500e+01 ; 4.800e+00 ; 2.100e+00 ; 2.7000000e+01 ; 2.3700000e+02 
3.500e+01 ; 4.800e+00 ; 2.100e+00 ; 2.7000000e+01 ; 2.3700000e+02 
3.500e+01 ; 4.800e+00 ; 2.100e+00 ; 2.7001000e+01 ; 2.3700000e+02 
3.500e+01 ; 4.800e+00 ; 2.100e+00 ; 2.7002000e+01 ; 2.3700000e+02 
3.500e+01 ; 4.800e+00 ; 2.100e+00 ; 2.7003000e+01 ; 2.3700000e+02 
3.500e+01 ; 4.800e+00 ; 2.100e+00 ; 2.7005000e+01 ; 2.3700000e+02 
3.500e+01 ; 4.800e+00 ; 2.100e+00 ; 2.7009000e+01 ; 2.3700000e+02 
3.500e+01 ; 4.800e+00 ; 2.100e+00 ; 2.7017000e+01 ; 2.3700000e+02 
3.500e+01 ; 4.800e+00 ; 2.100e+00 ; 2.7033000e+01 ; 2.3700000e+02 
3.500e+01 ; 4.800e+00 ; 2.100e+00 ; 2.7065000e+01 ; 2.3700000e+02 
3.500e+01 ; 4.800e+00 ; 2.100e+00 ; 2.7129000e+01 ; 2.3700000e+02 
3.500e+01 ; 4.800e+00 ; 2.100e+00 ; 2.7257000e+01 ; 2.3700000e+02 
3.500e+01 ; 4.800e+00 ; 2.100e+00 ; 2.7513000e+01 ; 2.3700000e+02 
3.500e+01 ; 4.800e+00 ; 2.100e+00 ; 2.8025000e+01 ; 2.3700000e+02 
3.500e+01 ; 4.800e+00 ; 2.100e+00 ; 2.8350001e+01 ; 2.3700000e+02 
3.500e+01 ; 4.800e+00 ; 2.100e+00 ; 2.8350001e+01 ; 2.3700000e+02 
3.500e+01 ; 4.800e+00 ; 2.100e+00 ; 2.8351001e+01 ; 2.3700000e+02 
3.500e+01 ; 4.800e+00 ; 2.100e+00 ; 2.8352001e+01 ; 2.3700000e+02 
3.500e+01 ; 4.800e+00 ; 2.100e+00 ; 2.8353001e+01 ; 2.3700000e+02 
3.500e+01 ; 4.800e+00 ; 2.100e+00 ; 2.8355001e+01 ; 2.3700000e+02 
3.500e+01 ; 4.800e+00 ; 2.100e+00 ; 2.8359001e+01 ; 2.3700000e+02 
3.500e+01 ; 4.800e+00 ; 2.100e+00 ; 2.8367001e+01 ; 2.3700000e+02 
3.500e+01 ; 4.800e+00 ; 2.100e+00 ; 2.8383001e+01 ; 2.3700000e+02 
3.500e+01 ; 4.800e+00 ; 2.100e+00 ; 2.8415000e+01 ; 2.3700000e+02 
3.500e+01 ; 4.800e+00 ; 2.100e+00 ; 2.8479000e+01 ; 2.3700000e+02 
3.500e+01 ; 4.800e+00 ; 2.100e+00 ; 2.8607000e+01 ; 2.3700000e+02 
3.500e+01 ; 4.800e+00 ; 2.100e+00 ; 2.8863001e+01 ; 2.3700000e+02 
3.500e+01 ; 4.800e+00 ; 2.100e+00 ; 2.9375000e+01 ; 2.3700000e+02 
3.500e+01 ; 4.800e+00 ; 2.100e+00 ; 2.9700001e+01 ; 2.3700000e+02 
3.500e+01 ; 4.800e+00 ; 2.100e+00 ; 2.9700001e+01 ; 2.3700000e+02 
3.500e+01 ; 4.800e+00 ; 2.100e+00 ; 2.9701001e+01 ; 2.3700000e+02 
3.500e+01 ; 4.800e+00 ; 2.100e+00 ; 2.9702001e+01 ; 2.3700000e+02 
3.500e+01 ; 4.800e+00 ; 2.100e+00 ; 2.9703001e+01 ; 2.3700000e+02 
3.500e+01 ; 4.800e+00 ; 2.100e+00 ; 2.9705001e+01 ; 2.3700000e+02 
3.500e+01 ; 4.800e+00 ; 2.100e+00 ; 2.9709001e+01 ; 2.3700000e+02 
3.500e+01 ; 4.800e+00 ; 2.100e+00 ; 2.9717001e+01 ; 2.3700000e+02 
3.500e+01 ; 4.800e+00 ; 2.100e+00 ; 2.9733001e+01 ; 2.3700000e+02 
3.500e+01 ; 4.800e+00 ; 2.100e+00 ; 2.9765001e+01 ; 2.3700000e+02 
3.500e+01 ; 4.800e+00 ; 2.100e+00 ; 2.9829001e+01 ; 2.3700000e+02 
3.500e+01 ; 4.800e+00 ; 2.100e+00 ; 2.9957001e+01 ; 2.3700000e+02 
3.500e+01 ; 4.800e+00 ; 2.100e+00 ; 3.0213001e+01 ; 2.3700000e+02 
3.500e+01 ; 4.800e+00 ; 2.100e+00 ; 3.0725001e+01 ; 2.3700000e+02 
3.500e+01 ; 4.800e+00 ; 2.100e+00 ; 3.1050001e+01 ; 2.3700000e+02 
3.500e+01 ; 4.800e+00 ; 2.100e+00 ; 3.1050001e+01 ; 2.3700000e+02 
3.500e+01 ; 4.800e+00 ; 2.100e+00 ; 3.1051001e+01 ; 2.3700000e+02 
3.500e+01 ; 4.800e+00 ; 2.100e+00 ; 3.1052001e+01 ; 2.3700000e+02 
3.500e+01 ; 4.800e+00 ; 2.100e+00 ; 3.1053001e+01 ; 2.3700000e+02 
3.500e+01 ; 4.800e+00 ; 2.100e+00 ; 3.1055001e+01 ; 2.3700000e+02 
3.500e+01 ; 4.800e+00 ; 2.100e+00 ; 3.1059001e+01 ; 2.3700000e+02 
3.500e+01 ; 4.800e+00 ; 2.100e+00 ; 3.1067001e+01 ; 2.3700000e+02 
3.500e+01 ; 4.800e+00 ; 2.100e+00 ; 3.1083001e+01 ; 2.3700000e+02 
3.500e+01 ; 4.800e+00 ; 2.100e+00 ; 3.1115001e+01 ; 2.3700000e+02 
3.500e+01 ; 4.800e+00 ; 2.100e+00 ; 3.1179001e+01 ; 2.3700000e+02 
3.500e+01 ; 4.800e+00 ; 2.100e+00 ; 3.1307001e+01 ; 2.3700000e+02 
3.500e+01 ; 4.800e+00 ; 2.100e+00 ; 3.1563001e+01 ; 2.3700000e+02 
3.500e+01 ; 4.800e+00 ; 2.100e+00 ; 3.2075001e+01 ; 2.3700000e+02 
3.500e+01 ; 4.800e+00 ; 2.100e+00 ; 3.2400001e+01 ; 2.3700000e+02 
3.500e+01 ; 4.800e+00 ; 2.100e+00 ; 3.2400001e+01 ; 2.3700000e+02 
3.500e+01 ; 4.800e+00 ; 2.100e+00 ; 3.2401001e+01 ; 2.3700000e+02 
3.500e+01 ; 4.800e+00 ; 2.100e+00 ; 3.2402001e+01 ; 2.3700000e+02 
3.500e+01 ; 4.800e+00 ; 2.100e+00 ; 3.2403001e+01 ; 2.3700000e+02 
3.500e+01 ; 4.800e+00 ; 2.100e+00 ; 3.2405001e+01 ; 2.3700000e+02 
3.500e+01 ; 4.800e+00 ; 2.100e+00 ; 3.2409001e+01 ; 2.3700000e+02 
3.500e+01 ; 4.800e+00 ; 2.100e+00 ; 3.2417001e+01 ; 2.3700000e+02 
3.500e+01 ; 4.800e+00 ; 2.100e+00 ; 3.2433001e+01 ; 2.3700000e+02 
3.500e+01 ; 4.800e+00 ; 2.100e+00 ; 3.2465001e+01 ; 2.3700000e+02 
3.500e+01 ; 4.800e+00 ; 2.100e+00 ; 3.2529001e+01 ; 2.3700000e+02 
3.500e+01 ; 4.800e+00 ; 2.100e+00 ; 3.2657001e+01 ; 2.3700000e+02 
3.500e+01 ; 4.800e+00 ; 2.100e+00 ; 3.2913001e+01 ; 2.3700000e+02 
3.500e+01 ; 4.800e+00 ; 2.100e+00 ; 3.3425001e+01 ; 2.3700000e+02 
3.500e+01 ; 4.800e+00 ; 2.100e+00 ; 3.3750001e+01 ; 2.3700000e+02 
3.500e+01 ; 4.800e+00 ; 2.100e+00 ; 3.3750001e+01 ; 2.3700000e+02 
3.500e+01 ; 4.800e+00 ; 2.100e+00 ; 3.3751001e+01 ; 2.3700000e+02 
3.500e+01 ; 4.800e+00 ; 2.100e+00 ; 3.3752001e+01 ; 2.3700000e+02 
3.500e+01 ; 4.800e+00 ; 2.100e+00 ; 3.3753001e+01 ; 2.3700000e+02 
3.500e+01 ; 4.800e+00 ; 2.100e+00 ; 3.3755001e+01 ; 2.3700000e+02 
3.500e+01 ; 4.800e+00 ; 2.100e+00 ; 3.3759001e+01 ; 2.3700000e+02 
3.500e+01 ; 4.800e+00 ; 2.100e+00 ; 3.3767001e+01 ; 2.3700000e+02 
3.500e+01 ; 4.800e+00 ; 2.100e+00 ; 3.3783001e+01 ; 2.3700000e+02 
3.500e+01 ; 4.800e+00 ; 2.100e+00 ; 3.3815001e+01 ; 2.3700000e+02 
3.500e+01 ; 4.800e+00 ; 2.100e+00 ; 3.3879001e+01 ; 2.3700000e+02 
3.500e+01 ; 4.800e+00 ; 2.100e+00 ; 3.4007001e+01 ; 2.3700000e+02 
3.500e+01 ; 4.800e+00 ; 2.100e+00 ; 3.4263001e+01 ; 2.3700000e+02 
3.500e+01 ; 4.800e+00 ; 2.100e+00 ; 3.4775001e+01 ; 2.3700000e+02 
3.500e+01 ; 4.800e+00 ; 2.100e+00 ; 3.5100001e+01 ; 2.3700000e+02 
3.500e+01 ; 4.800e+00 ; 2.100e+00 ; 3.5100001e+01 ; 2.3700000e+02 
3.500e+01 ; 4.800e+00 ; 2.100e+00 ; 3.5101001e+01 ; 2.3700000e+02 
3.500e+01 ; 4.800e+00 ; 2.100e+00 ; 3.5102001e+01 ; 2.3700000e+02 
3.500e+01 ; 4.800e+00 ; 2.100e+00 ; 3.5103001e+01 ; 2.3700000e+02 
3.500e+01 ; 4.800e+00 ; 2.100e+00 ; 3.5105001e+01 ; 2.3700000e+02 
3.500e+01 ; 4.800e+00 ; 2.100e+00 ; 3.5109001e+01 ; 2.3700000e+02 
3.500e+01 ; 4.800e+00 ; 2.100e+00 ; 3.5117001e+01 ; 2.3700000e+02 
3.500e+01 ; 4.800e+00 ; 2.100e+00 ; 3.5133001e+01 ; 2.3700000e+02 
3.500e+01 ; 4.800e+00 ; 2.100e+00 ; 3.5165001e+01 ; 2.3700000e+02 
3.500e+01 ; 4.800e+00 ; 2.100e+00 ; 3.5229001e+01 ; 2.3700000e+02 
3.500e+01 ; 4.800e+00 ; 2.100e+00 ; 3.5357001e+01 ; 2.3700000e+02 
3.500e+01 ; 4.800e+00 ; 2.100e+00 ; 3.5613001e+01 ; 2.3700000e+02 
3.500e+01 ; 4.800e+00 ; 2.100e+00 ; 3.6125001e+01 ; 2.3700000e+02 
3.500e+01 ; 4.800e+00 ; 2.100e+00 ; 3.6450001e+01 ; 2.3700000e+02 
3.500e+01 ; 4.800e+00 ; 2.100e+00 ; 3.6450001e+01 ; 2.3700000e+02 
3.500e+01 ; 4.800e+00 ; 2.100e+00 ; 3.6451001e+01 ; 2.3700000e+02 
3.500e+01 ; 4.800e+00 ; 2.100e+00 ; 3.6452001e+01 ; 2.3700000e+02 
3.500e+01 ; 4.800e+00 ; 2.100e+00 ; 3.6453001e+01 ; 2.3700000e+02 
3.500e+01 ; 4.800e+00 ; 2.100e+00 ; 3.6455001e+01 ; 2.3700000e+02 
3.500e+01 ; 4.800e+00 ; 2.100e+00 ; 3.6459001e+01 ; 2.3700000e+02 
3.500e+01 ; 4.800e+00 ; 2.100e+00 ; 3.6467001e+01 ; 2.3700000e+02 
3.500e+01 ; 4.800e+00 ; 2.100e+00 ; 3.6483001e+01 ; 2.3700000e+02 
3.500e+01 ; 4.800e+00 ; 2.100e+00 ; 3.6515001e+01 ; 2.3700000e+02 
3.500e+01 ; 4.800e+00 ; 2.100e+00 ; 3.6579001e+01 ; 2.3700000e+02 
3.500e+01 ; 4.800e+00 ; 2.100e+00 ; 3.6707001e+01 ; 2.3700000e+02 
3.500e+01 ; 4.800e+00 ; 2.100e+00 ; 3.6963001e+01 ; 2.3700000e+02 
3.500e+01 ; 4.800e+00 ; 2.100e+00 ; 3.7475001e+01 ; 2.3700000e+02 
3.500e+01 ; 4.800e+00 ; 2.100e+00 ; 3.7800001e+01 ; 2.3700000e+02 
3.500e+01 ; 4.800e+00 ; 2.100e+00 ; 3.7800001e+01 ; 2.3700000e+02 
3.500e+01 ; 4.800e+00 ; 2.100e+00 ; 3.7801001e+01 ; 2.3700000e+02 
3.500e+01 ; 4.800e+00 ; 2.100e+00 ; 3.7802001e+01 ; 2.3700000e+02 
3.500e+01 ; 4.800e+00 ; 2.100e+00 ; 3.7803001e+01 ; 2.3700000e+02 
3.500e+01 ; 4.800e+00 ; 2.100e+00 ; 3.7805001e+01 ; 2.3700000e+02 
3.500e+01 ; 4.800e+00 ; 2.100e+00 ; 3.7809001e+01 ; 2.3700000e+02 
3.500e+01 ; 4.800e+00 ; 2.100e+00 ; 3.7817001e+01 ; 2.3700000e+02 
3.500e+01 ; 4.800e+00 ; 2.100e+00 ; 3.7833001e+01 ; 2.3700000e+02 
3.500e+01 ; 4.800e+00 ; 2.100e+00 ; 3.7865001e+01 ; 2.3700000e+02 
3.500e+01 ; 4.800e+00 ; 2.100e+00 ; 3.7929001e+01 ; 2.3700000e+02 
3.500e+01 ; 4.800e+00 ; 2.100e+00 ; 3.8057001e+01 ; 2.3700000e+02 
3.500e+01 ; 4.800e+00 ; 2.100e+00 ; 3.8313001e+01 ; 2.3700000e+02 
3.500e+01 ; 4.800e+00 ; 2.100e+00 ; 3.8825001e+01 ; 2.3700000e+02 
3.500e+01 ; 4.800e+00 ; 2.100e+00 ; 3.9150001e+01 ; 2.3700000e+02 
3.500e+01 ; 4.800e+00 ; 2.100e+00 ; 3.9150001e+01 ; 2.3700000e+02 
3.500e+01 ; 4.800e+00 ; 2.100e+00 ; 3.9151001e+01 ; 2.3700000e+02 
3.500e+01 ; 4.800e+00 ; 2.100e+00 ; 3.9152001e+01 ; 2.3700000e+02 
3.500e+01 ; 4.800e+00 ; 2.100e+00 ; 3.9153001e+01 ; 2.3700000e+02 
3.500e+01 ; 4.800e+00 ; 2.100e+00 ; 3.9155001e+01 ; 2.3700000e+02 
3.500e+01 ; 4.800e+00 ; 2.100e+00 ; 3.9159001e+01 ; 2.3700000e+02 
3.500e+01 ; 4.800e+00 ; 2.100e+00 ; 3.9167001e+01 ; 2.3700000e+02 
3.500e+01 ; 4.800e+00 ; 2.100e+00 ; 3.9183001e+01 ; 2.3700000e+02 
3.500e+01 ; 4.800e+00 ; 2.100e+00 ; 3.9215001e+01 ; 2.3700000e+02 
3.500e+01 ; 4.800e+00 ; 2.100e+00 ; 3.9279001e+01 ; 2.3700000e+02 
3.500e+01 ; 4.800e+00 ; 2.100e+00 ; 3.9407001e+01 ; 2.3700000e+02 
3.500e+01 ; 4.800e+00 ; 2.100e+00 ; 3.9663001e+01 ; 2.3700000e+02 
3.500e+01 ; 4.800e+00 ; 2.100e+00 ; 4.0175001e+01 ; 2.3700000e+02 
3.500e+01 ; 4.800e+00 ; 2.100e+00 ; 4.0500001e+01 ; 2.3700000e+02 
3.500e+01 ; 4.800e+00 ; 2.100e+00 ; 4.0500001e+01 ; 2.3700000e+02 
3.500e+01 ; 4.800e+00 ; 2.100e+00 ; 4.0501001e+01 ; 2.3700000e+02 
3.500e+01 ; 4.800e+00 ; 2.100e+00 ; 4.0502001e+01 ; 2.3700000e+02 
3.500e+01 ; 4.800e+00 ; 2.100e+00 ; 4.0503001e+01 ; 2.3700000e+02 
3.500e+01 ; 4.800e+00 ; 2.100e+00 ; 4.0505001e+01 ; 2.3700000e+02 
3.500e+01 ; 4.800e+00 ; 2.100e+00 ; 4.0509001e+01 ; 2.3700000e+02 
3.500e+01 ; 4.800e+00 ; 2.100e+00 ; 4.0517001e+01 ; 2.3700000e+02 
3.500e+01 ; 4.800e+00 ; 2.100e+00 ; 4.0533001e+01 ; 2.3700000e+02 
3.500e+01 ; 4.800e+00 ; 2.100e+00 ; 4.0565001e+01 ; 2.3700000e+02 
3.500e+01 ; 4.800e+00 ; 2.100e+00 ; 4.0629001e+01 ; 2.3700000e+02 
3.500e+01 ; 4.800e+00 ; 2.100e+00 ; 4.0757001e+01 ; 2.3700000e+02 
3.500e+01 ; 4.800e+00 ; 2.100e+00 ; 4.1013001e+01 ; 2.3700000e+02 
3.500e+01 ; 4.800e+00 ; 2.100e+00 ; 4.1525001e+01 ; 2.3700000e+02 
3.500e+01 ; 4.800e+00 ; 2.100e+00 ; 4.1850001e+01 ; 2.3700000e+02 
3.500e+01 ; 4.800e+00 ; 2.100e+00 ; 4.1850001e+01 ; 2.3700000e+02 
3.500e+01 ; 4.800e+00 ; 2.100e+00 ; 4.1851001e+01 ; 2.3700000e+02 
3.500e+01 ; 4.800e+00 ; 2.100e+00 ; 4.1852001e+01 ; 2.3700000e+02 
3.500e+01 ; 4.800e+00 ; 2.100e+00 ; 4.1853001e+01 ; 2.3700000e+02 
3.500e+01 ; 4.800e+00 ; 2.100e+00 ; 4.1855001e+01 ; 2.3700000e+02 
3.500e+01 ; 4.800e+00 ; 2.100e+00 ; 4.1859001e+01 ; 2.3700000e+02 
3.500e+01 ; 4.800e+00 ; 2.100e+00 ; 4.1867001e+01 ; 2.3700000e+02 
3.500e+01 ; 4.800e+00 ; 2.100e+00 ; 4.1883001e+01 ; 2.3700000e+02 
3.500e+01 ; 4.800e+00 ; 2.100e+00 ; 4.1915001e+01 ; 2.3700000e+02 
3.500e+01 ; 4.800e+00 ; 2.100e+00 ; 4.1979001e+01 ; 2.3700000e+02 
3.500e+01 ; 4.800e+00 ; 2.100e+00 ; 4.2107001e+01 ; 2.3700000e+02 
3.500e+01 ; 4.800e+00 ; 2.100e+00 ; 4.2363001e+01 ; 2.3700000e+02 
3.500e+01 ; 4.800e+00 ; 2.100e+00 ; 4.2875001e+01 ; 2.3700000e+02 
3.500e+01 ; 4.800e+00 ; 2.100e+00 ; 4.3200001e+01 ; 2.3700000e+02 
3.500e+01 ; 4.800e+00 ; 2.100e+00 ; 4.3200001e+01 ; 2.3700000e+02 
3.500e+01 ; 4.800e+00 ; 2.100e+00 ; 4.3201001e+01 ; 2.3700000e+02 
3.500e+01 ; 4.800e+00 ; 2.100e+00 ; 4.3202001e+01 ; 2.3700000e+02 
3.500e+01 ; 4.800e+00 ; 2.100e+00 ; 4.3203001e+01 ; 2.3700000e+02 
3.500e+01 ; 4.800e+00 ; 2.100e+00 ; 4.3205001e+01 ; 2.3700000e+02 
3.500e+01 ; 4.800e+00 ; 2.100e+00 ; 4.3209001e+01 ; 2.3700000e+02 
3.500e+01 ; 4.800e+00 ; 2.100e+00 ; 4.3217001e+01 ; 2.3700000e+02 
3.500e+01 ; 4.800e+00 ; 2.100e+00 ; 4.3233001e+01 ; 2.3700000e+02 
3.500e+01 ; 4.800e+00 ; 2.100e+00 ; 4.3265001e+01 ; 2.3700000e+02 
3.500e+01 ; 4.800e+00 ; 2.100e+00 ; 4.3329001e+01 ; 2.3700000e+02 
3.500e+01 ; 4.800e+00 ; 2.100e+00 ; 4.3457001e+01 ; 2.3700000e+02 
3.500e+01 ; 4.800e+00 ; 2.100e+00 ; 4.3713001e+01 ; 2.3700000e+02 
3.500e+01 ; 4.800e+00 ; 2.100e+00 ; 4.4225001e+01 ; 2.3700000e+02 
3.500e+01 ; 4.800e+00 ; 2.100e+00 ; 4.4550001e+01 ; 2.3700000e+02 
3.500e+01 ; 4.800e+00 ; 2.100e+00 ; 4.4550001e+01 ; 2.3700000e+02 
3.500e+01 ; 4.800e+00 ; 2.100e+00 ; 4.4551001e+01 ; 2.3700000e+02 
3.500e+01 ; 4.800e+00 ; 2.100e+00 ; 4.4552001e+01 ; 2.3700000e+02 
3.500e+01 ; 4.800e+00 ; 2.100e+00 ; 4.4553001e+01 ; 2.3700000e+02 
3.500e+01 ; 4.800e+00 ; 2.100e+00 ; 4.4555001e+01 ; 2.3700000e+02 
3.500e+01 ; 4.800e+00 ; 2.100e+00 ; 4.4559001e+01 ; 2.3700000e+02 
3.500e+01 ; 4.800e+00 ; 2.100e+00 ; 4.4567001e+01 ; 2.3700000e+02 
3.500e+01 ; 4.800e+00 ; 2.100e+00 ; 4.4583001e+01 ; 2.3700000e+02 
3.500e+01 ; 4.800e+00 ; 2.100e+00 ; 4.4615001e+01 ; 2.3700000e+02 
3.500e+01 ; 4.800e+00 ; 2.100e+00 ; 4.4679001e+01 ; 2.3700000e+02 
3.500e+01 ; 4.800e+00 ; 2.100e+00 ; 4.4807001e+01 ; 2.3700000e+02 
3.500e+01 ; 4.800e+00 ; 2.100e+00 ; 4.5063001e+01 ; 2.3700000e+02 
3.500e+01 ; 4.800e+00 ; 2.100e+00 ; 4.5575001e+01 ; 2.3700000e+02 
3.500e+01 ; 4.800e+00 ; 2.100e+00 ; 4.5900001e+01 ; 2.3700000e+02 
3.500e+01 ; 4.800e+00 ; 2.100e+00 ; 4.5900001e+01 ; 2.3700000e+02 
3.500e+01 ; 4.800e+00 ; 2.100e+00 ; 4.5901001e+01 ; 2.3700000e+02 
3.500e+01 ; 4.800e+00 ; 2.100e+00 ; 4.5902001e+01 ; 2.3700000e+02 
3.500e+01 ; 4.800e+00 ; 2.100e+00 ; 4.5903001e+01 ; 2.3700000e+02 
3.500e+01 ; 4.800e+00 ; 2.100e+00 ; 4.5905001e+01 ; 2.3700000e+02 
3.500e+01 ; 4.800e+00 ; 2.100e+00 ; 4.5909001e+01 ; 2.3700000e+02 
3.500e+01 ; 4.800e+00 ; 2.100e+00 ; 4.5917001e+01 ; 2.3700000e+02 
3.500e+01 ; 4.800e+00 ; 2.100e+00 ; 4.5933001e+01 ; 2.3700000e+02 
3.500e+01 ; 4.800e+00 ; 2.100e+00 ; 4.5965001e+01 ; 2.3700000e+02 
3.500e+01 ; 4.800e+00 ; 2.100e+00 ; 4.6029001e+01 ; 2.3700000e+02 
3.500e+01 ; 4.800e+00 ; 2.100e+00 ; 4.6157001e+01 ; 2.3700000e+02 
3.500e+01 ; 4.800e+00 ; 2.100e+00 ; 4.6413001e+01 ; 2.3700000e+02 
3.500e+01 ; 4.800e+00 ; 2.100e+00 ; 4.6925001e+01 ; 2.3700000e+02 
3.500e+01 ; 4.800e+00 ; 2.100e+00 ; 4.7250001e+01 ; 2.3700000e+02 
3.500e+01 ; 4.800e+00 ; 2.100e+00 ; 4.7250001e+01 ; 2.3700000e+02 
3.500e+01 ; 4.800e+00 ; 2.100e+00 ; 4.7251001e+01 ; 2.3700000e+02 
3.500e+01 ; 4.800e+00 ; 2.100e+00 ; 4.7252001e+01 ; 2.3700000e+02 
3.500e+01 ; 4.800e+00 ; 2.100e+00 ; 4.7253001e+01 ; 2.3700000e+02 
3.500e+01 ; 4.800e+00 ; 2.100e+00 ; 4.7255001e+01 ; 2.3700000e+02 
3.500e+01 ; 4.800e+00 ; 2.100e+00 ; 4.7259001e+01 ; 2.3700000e+02 
3.500e+01 ; 4.800e+00 ; 2.100e+00 ; 4.7267001e+01 ; 2.3700000e+02 
3.500e+01 ; 4.800e+00 ; 2.100e+00 ; 4.7283001e+01 ; 2.3700000e+02 
3.500e+01 ; 4.800e+00 ; 2.100e+00 ; 4.7315001e+01 ; 2.3700000e+02 
3.500e+01 ; 4.800e+00 ; 2.100e+00 ; 4.7379001e+01 ; 2.3700000e+02 
3.500e+01 ; 4.800e+00 ; 2.100e+00 ; 4.7507001e+01 ; 2.3700000e+02 
3.500e+01 ; 4.800e+00 ; 2.100e+00 ; 4.7763001e+01 ; 2.3700000e+02 
3.500e+01 ; 4.800e+00 ; 2.100e+00 ; 4.8275001e+01 ; 2.3700000e+02 
3.500e+01 ; 4.800e+00 ; 2.100e+00 ; 4.8600001e+01 ; 2.3700000e+02 
3.500e+01 ; 4.800e+00 ; 2.100e+00 ; 4.8600001e+01 ; 2.3700000e+02 
3.500e+01 ; 4.800e+00 ; 2.100e+00 ; 4.8601001e+01 ; 2.3687946e+02 
3.500e+01 ; 4.800e+00 ; 2.100e+00 ; 4.8602001e+01 ; 2.3675902e+02 
3.500e+01 ; 4.800e+00 ; 2.100e+00 ; 4.8603001e+01 ; 2.3663867e+02 
3.500e+01 ; 4.800e+00 ; 2.100e+00 ; 4.8605001e+01 ; 2.3639833e+02 
3.500e+01 ; 4.800e+00 ; 2.100e+00 ; 4.8609001e+01 ; 2.3591916e+02 
3.500e+01 ; 4.800e+00 ; 2.100e+00 ; 4.8617001e+01 ; 2.3496672e+02 
3.500e+01 ; 4.800e+00 ; 2.100e+00 ; 4.8633001e+01 ; 2.3308521e+02 
3.500e+01 ; 4.800e+00 ; 2.100e+00 ; 4.8665001e+01 ; 2.2941336e+02 
3.500e+01 ; 4.800e+00 ; 2.100e+00 ; 4.8729001e+01 ; 2.2241756e+02 
3.500e+01 ; 4.800e+00 ; 2.100e+00 ; 4.8857001e+01 ; 2.0969337e+02 
3.500e+01 ; 4.800e+00 ; 2.100e+00 ; 4.9113001e+01 ; 1.8847765e+02 
3.500e+01 ; 4.800e+00 ; 2.100e+00 ; 4.9625001e+01 ; 1.5812997e+02 
3.500e+01 ; 4.800e+00 ; 2.100e+00 ; 4.9950001e+01 ; 1.4271593e+02 
3.500e+01 ; 4.800e+00 ; 2.100e+00 ; 4.9950001e+01 ; 1.4271593e+02 
3.500e+01 ; 4.800e+00 ; 2.100e+00 ; 4.9951001e+01 ; 1.4266855e+02 
3.500e+01 ; 4.800e+00 ; 2.100e+00 ; 4.9952001e+01 ; 1.4262120e+02 
3.500e+01 ; 4.800e+00 ; 2.100e+00 ; 4.9953001e+01 ; 1.4257390e+02 
3.500e+01 ; 4.800e+00 ; 2.100e+00 ; 4.9955001e+01 ; 1.4247945e+02 
3.500e+01 ; 4.800e+00 ; 2.100e+00 ; 4.9959001e+01 ; 1.4229121e+02 
3.500e+01 ; 4.800e+00 ; 2.100e+00 ; 4.9967001e+01 ; 1.4191734e+02 
3.500e+01 ; 4.800e+00 ; 2.100e+00 ; 4.9983001e+01 ; 1.4117984e+02 
3.500e+01 ; 4.800e+00 ; 2.100e+00 ; 5.0015001e+01 ; 1.3974442e+02 
3.500e+01 ; 4.800e+00 ; 2.100e+00 ; 5.0079001e+01 ; 1.3702165e+02 
3.500e+01 ; 4.800e+00 ; 2.100e+00 ; 5.0207001e+01 ; 1.3209961e+02 
3.500e+01 ; 4.800e+00 ; 2.100e+00 ; 5.0463001e+01 ; 1.2393365e+02 
3.500e+01 ; 4.800e+00 ; 2.100e+00 ; 5.0975001e+01 ; 1.1220194e+02 
3.500e+01 ; 4.800e+00 ; 2.100e+00 ; 5.1300001e+01 ; 1.0618307e+02 
3.500e+01 ; 4.800e+00 ; 2.100e+00 ; 5.1300001e+01 ; 1.0618307e+02 
3.500e+01 ; 4.800e+00 ; 2.100e+00 ; 5.1301001e+01 ; 1.0616457e+02 
3.500e+01 ; 4.800e+00 ; 2.100e+00 ; 5.1302001e+01 ; 1.0614607e+02 
3.500e+01 ; 4.800e+00 ; 2.100e+00 ; 5.1303001e+01 ; 1.0612759e+02 
3.500e+01 ; 4.800e+00 ; 2.100e+00 ; 5.1305001e+01 ; 1.0609068e+02 
3.500e+01 ; 4.800e+00 ; 2.100e+00 ; 5.1309001e+01 ; 1.0601709e+02 
3.500e+01 ; 4.800e+00 ; 2.100e+00 ; 5.1317001e+01 ; 1.0587076e+02 
3.500e+01 ; 4.800e+00 ; 2.100e+00 ; 5.1333001e+01 ; 1.0558146e+02 
3.500e+01 ; 4.800e+00 ; 2.100e+00 ; 5.1365001e+01 ; 1.0501608e+02 
3.500e+01 ; 4.800e+00 ; 2.100e+00 ; 5.1429001e+01 ; 1.0393583e+02 
3.500e+01 ; 4.800e+00 ; 2.100e+00 ; 5.1557001e+01 ; 1.0195996e+02 
3.500e+01 ; 4.800e+00 ; 2.100e+00 ; 5.1813001e+01 ; 9.8627251e+01 
3.500e+01 ; 4.800e+00 ; 2.100e+00 ; 5.2325001e+01 ; 9.3731140e+01 
3.500e+01 ; 4.800e+00 ; 2.100e+00 ; 5.2650001e+01 ; 9.1186615e+01 
3.500e+01 ; 4.800e+00 ; 2.100e+00 ; 5.2650001e+01 ; 9.1186615e+01 
3.500e+01 ; 4.800e+00 ; 2.100e+00 ; 5.2651001e+01 ; 9.1178795e+01 
3.500e+01 ; 4.800e+00 ; 2.100e+00 ; 5.2652001e+01 ; 9.1170975e+01 
3.500e+01 ; 4.800e+00 ; 2.100e+00 ; 5.2653001e+01 ; 9.1163162e+01 
3.500e+01 ; 4.800e+00 ; 2.100e+00 ; 5.2655001e+01 ; 9.1147552e+01 
3.500e+01 ; 4.800e+00 ; 2.100e+00 ; 5.2659001e+01 ; 9.1116425e+01 
3.500e+01 ; 4.800e+00 ; 2.100e+00 ; 5.2667001e+01 ; 9.1054512e+01 
3.500e+01 ; 4.800e+00 ; 2.100e+00 ; 5.2683001e+01 ; 9.0932007e+01 
3.500e+01 ; 4.800e+00 ; 2.100e+00 ; 5.2715001e+01 ; 9.0692154e+01 
3.500e+01 ; 4.800e+00 ; 2.100e+00 ; 5.2779001e+01 ; 9.0232018e+01 
3.500e+01 ; 4.800e+00 ; 2.100e+00 ; 5.2907001e+01 ; 8.9382309e+01 
3.500e+01 ; 4.800e+00 ; 2.100e+00 ; 5.3163001e+01 ; 8.7915688e+01 
3.500e+01 ; 4.800e+00 ; 2.100e+00 ; 5.3675001e+01 ; 8.5645164e+01 
3.500e+01 ; 4.800e+00 ; 2.100e+00 ; 5.4000001e+01 ; 8.4417740e+01 
3.500e+01 ; 4.800e+00 ; 2.100e+00 ; 5.4000001e+01 ; 8.4417740e+01 
3.500e+01 ; 4.800e+00 ; 2.100e+00 ; 5.4001001e+01 ; 8.4413963e+01 
3.500e+01 ; 4.800e+00 ; 2.100e+00 ; 5.4002001e+01 ; 8.4410194e+01 
3.500e+01 ; 4.800e+00 ; 2.100e+00 ; 5.4003001e+01 ; 8.4406425e+01 
3.500e+01 ; 4.800e+00 ; 2.100e+00 ; 5.4005001e+01 ; 8.4398888e+01 
3.500e+01 ; 4.800e+00 ; 2.100e+00 ; 5.4009001e+01 ; 8.4383858e+01 
3.500e+01 ; 4.800e+00 ; 2.100e+00 ; 5.4017001e+01 ; 8.4353912e+01 
3.500e+01 ; 4.800e+00 ; 2.100e+00 ; 5.4033001e+01 ; 8.4294540e+01 
3.500e+01 ; 4.800e+00 ; 2.100e+00 ; 5.4065001e+01 ; 8.4177765e+01 
3.500e+01 ; 4.800e+00 ; 2.100e+00 ; 5.4129001e+01 ; 8.3951736e+01 
3.500e+01 ; 4.800e+00 ; 2.100e+00 ; 5.4257001e+01 ; 8.3527191e+01 
3.500e+01 ; 4.800e+00 ; 2.100e+00 ; 5.4513001e+01 ; 8.2771027e+01 
3.500e+01 ; 4.800e+00 ; 2.100e+00 ; 5.5025001e+01 ; 8.1534309e+01 
3.500e+01 ; 4.800e+00 ; 2.100e+00 ; 5.5350001e+01 ; 8.0840904e+01 
3.500e+01 ; 4.800e+00 ; 2.100e+00 ; 5.5350001e+01 ; 8.0840904e+01 
3.500e+01 ; 4.800e+00 ; 2.100e+00 ; 5.5351001e+01 ; 8.0838776e+01 
3.500e+01 ; 4.800e+00 ; 2.100e+00 ; 5.5352001e+01 ; 8.0836639e+01 
3.500e+01 ; 4.800e+00 ; 2.100e+00 ; 5.5353001e+01 ; 8.0834511e+01 
3.500e+01 ; 4.800e+00 ; 2.100e+00 ; 5.5355001e+01 ; 8.0830254e+01 
3.500e+01 ; 4.800e+00 ; 2.100e+00 ; 5.5359001e+01 ; 8.0821747e+01 
3.500e+01 ; 4.800e+00 ; 2.100e+00 ; 5.5367001e+01 ; 8.0804802e+01 
3.500e+01 ; 4.800e+00 ; 2.100e+00 ; 5.5383001e+01 ; 8.0771111e+01 
3.500e+01 ; 4.800e+00 ; 2.100e+00 ; 5.5415001e+01 ; 8.0704597e+01 
3.500e+01 ; 4.800e+00 ; 2.100e+00 ; 5.5479001e+01 ; 8.0574829e+01 
3.500e+01 ; 4.800e+00 ; 2.100e+00 ; 5.5607001e+01 ; 8.0327423e+01 
3.500e+01 ; 4.800e+00 ; 2.100e+00 ; 5.5863001e+01 ; 7.9874611e+01 
3.500e+01 ; 4.800e+00 ; 2.100e+00 ; 5.6375001e+01 ; 7.9099319e+01 
3.500e+01 ; 4.800e+00 ; 2.100e+00 ; 5.6700001e+01 ; 7.8651894e+01 
3.500e+01 ; 4.800e+00 ; 2.100e+00 ; 5.6700001e+01 ; 7.8651894e+01 
3.500e+01 ; 4.800e+00 ; 2.100e+00 ; 5.6701001e+01 ; 7.8650520e+01 
3.500e+01 ; 4.800e+00 ; 2.100e+00 ; 5.6702001e+01 ; 7.8649147e+01 
3.500e+01 ; 4.800e+00 ; 2.100e+00 ; 5.6703001e+01 ; 7.8647766e+01 
3.500e+01 ; 4.800e+00 ; 2.100e+00 ; 5.6705001e+01 ; 7.8645020e+01 
3.500e+01 ; 4.800e+00 ; 2.100e+00 ; 5.6709001e+01 ; 7.8639526e+01 
3.500e+01 ; 4.800e+00 ; 2.100e+00 ; 5.6717001e+01 ; 7.8628571e+01 
3.500e+01 ; 4.800e+00 ; 2.100e+00 ; 5.6733001e+01 ; 7.8606766e+01 
3.500e+01 ; 4.800e+00 ; 2.100e+00 ; 5.6765001e+01 ; 7.8563568e+01 
3.500e+01 ; 4.800e+00 ; 2.100e+00 ; 5.6829001e+01 ; 7.8478806e+01 
3.500e+01 ; 4.800e+00 ; 2.100e+00 ; 5.6957001e+01 ; 7.8315346e+01 
3.500e+01 ; 4.800e+00 ; 2.100e+00 ; 5.7213001e+01 ; 7.8010025e+01 
3.500e+01 ; 4.800e+00 ; 2.100e+00 ; 5.7725001e+01 ; 7.7469292e+01 
3.500e+01 ; 4.800e+00 ; 2.100e+00 ; 5.8050001e+01 ; 7.7150726e+01 
3.500e+01 ; 4.800e+00 ; 2.100e+00 ; 5.8050001e+01 ; 7.7150726e+01 
3.500e+01 ; 4.800e+00 ; 2.100e+00 ; 5.8051001e+01 ; 7.7149750e+01 
3.500e+01 ; 4.800e+00 ; 2.100e+00 ; 5.8052001e+01 ; 7.7148766e+01 
3.500e+01 ; 4.800e+00 ; 2.100e+00 ; 5.8053001e+01 ; 7.7147789e+01 
3.500e+01 ; 4.800e+00 ; 2.100e+00 ; 5.8055001e+01 ; 7.7145828e+01 
3.500e+01 ; 4.800e+00 ; 2.100e+00 ; 5.8059001e+01 ; 7.7141922e+01 
3.500e+01 ; 4.800e+00 ; 2.100e+00 ; 5.8067001e+01 ; 7.7134109e+01 
3.500e+01 ; 4.800e+00 ; 2.100e+00 ; 5.8083001e+01 ; 7.7118546e+01 
3.500e+01 ; 4.800e+00 ; 2.100e+00 ; 5.8115001e+01 ; 7.7087662e+01 
3.500e+01 ; 4.800e+00 ; 2.100e+00 ; 5.8179001e+01 ; 7.7026787e+01 
3.500e+01 ; 4.800e+00 ; 2.100e+00 ; 5.8307001e+01 ; 7.6908478e+01 
3.500e+01 ; 4.800e+00 ; 2.100e+00 ; 5.8563001e+01 ; 7.6684334e+01 
3.500e+01 ; 4.800e+00 ; 2.100e+00 ; 5.9075001e+01 ; 7.6278000e+01 
3.500e+01 ; 4.800e+00 ; 2.100e+00 ; 5.9400001e+01 ; 7.6035233e+01 
3.500e+01 ; 4.800e+00 ; 2.100e+00 ; 5.9400001e+01 ; 7.6035233e+01 
3.500e+01 ; 4.800e+00 ; 2.100e+00 ; 5.9401001e+01 ; 7.6034492e+01 
3.500e+01 ; 4.800e+00 ; 2.100e+00 ; 5.9402001e+01 ; 7.6033745e+01 
3.500e+01 ; 4.800e+00 ; 2.100e+00 ; 5.9403001e+01 ; 7.6032997e+01 
3.500e+01 ; 4.800e+00 ; 2.100e+00 ; 5.9405001e+01 ; 7.6031502e+01 
3.500e+01 ; 4.800e+00 ; 2.100e+00 ; 5.9409001e+01 ; 7.6028519e+01 
3.500e+01 ; 4.800e+00 ; 2.100e+00 ; 5.9417001e+01 ; 7.6022568e+01 
3.500e+01 ; 4.800e+00 ; 2.100e+00 ; 5.9433001e+01 ; 7.6010689e+01 
3.500e+01 ; 4.800e+00 ; 2.100e+00 ; 5.9465001e+01 ; 7.5987083e+01 
3.500e+01 ; 4.800e+00 ; 2.100e+00 ; 5.9529001e+01 ; 7.5940422e+01 
3.500e+01 ; 4.800e+00 ; 2.100e+00 ; 5.9657001e+01 ; 7.5849274e+01 
3.500e+01 ; 4.800e+00 ; 2.100e+00 ; 5.9913001e+01 ; 7.5674942e+01 
3.500e+01 ; 4.800e+00 ; 2.100e+00 ; 6.0425001e+01 ; 7.5353935e+01 
3.500e+01 ; 4.800e+00 ; 2.100e+00 ; 6.0750001e+01 ; 7.5160370e+01 
3.500e+01 ; 4.800e+00 ; 2.100e+00 ; 6.0750001e+01 ; 7.5160370e+01 
3.500e+01 ; 4.800e+00 ; 2.100e+00 ; 6.0751001e+01 ; 7.5159775e+01 
3.500e+01 ; 4.800e+00 ; 2.100e+00 ; 6.0752001e+01 ; 7.5159180e+01 
3.500e+01 ; 4.800e+00 ; 2.100e+00 ; 6.0753001e+01 ; 7.5158585e+01 
3.500e+01 ; 4.800e+00 ; 2.100e+00 ; 6.0755001e+01 ; 7.5157394e+01 
3.500e+01 ; 4.800e+00 ; 2.100e+00 ; 6.0759001e+01 ; 7.5155014e+01 
3.500e+01 ; 4.800e+00 ; 2.100e+00 ; 6.0767001e+01 ; 7.5150261e+01 
3.500e+01 ; 4.800e+00 ; 2.100e+00 ; 6.0783001e+01 ; 7.5140785e+01 
3.500e+01 ; 4.800e+00 ; 2.100e+00 ; 6.0815001e+01 ; 7.5121925e+01 
3.500e+01 ; 4.800e+00 ; 2.100e+00 ; 6.0879001e+01 ; 7.5084587e+01 
3.500e+01 ; 4.800e+00 ; 2.100e+00 ; 6.1007001e+01 ; 7.5011383e+01 
3.500e+01 ; 4.800e+00 ; 2.100e+00 ; 6.1263001e+01 ; 7.4870514e+01 
3.500e+01 ; 4.800e+00 ; 2.100e+00 ; 6.1775001e+01 ; 7.4608452e+01 
3.500e+01 ; 4.800e+00 ; 2.100e+00 ; 6.2100001e+01 ; 7.4449478e+01 
3.500e+01 ; 4.800e+00 ; 2.100e+00 ; 6.2100001e+01 ; 7.4449478e+01 
3.500e+01 ; 4.800e+00 ; 2.100e+00 ; 6.2101001e+01 ; 7.4448990e+01 
3.500e+01 ; 4.800e+00 ; 2.100e+00 ; 6.2102001e+01 ; 7.4448502e+01 
3.500e+01 ; 4.800e+00 ; 2.100e+00 ; 6.2103001e+01 ; 7.4448013e+01 
3.500e+01 ; 4.800e+00 ; 2.100e+00 ; 6.2105001e+01 ; 7.4447029e+01 
3.500e+01 ; 4.800e+00 ; 2.100e+00 ; 6.2109001e+01 ; 7.4445076e+01 
3.500e+01 ; 4.800e+00 ; 2.100e+00 ; 6.2117001e+01 ; 7.4441177e+01 
3.500e+01 ; 4.800e+00 ; 2.100e+00 ; 6.2133001e+01 ; 7.4433388e+01 
3.500e+01 ; 4.800e+00 ; 2.100e+00 ; 6.2165001e+01 ; 7.4417877e+01 
3.500e+01 ; 4.800e+00 ; 2.100e+00 ; 6.2229001e+01 ; 7.4387138e+01 
3.500e+01 ; 4.800e+00 ; 2.100e+00 ; 6.2357001e+01 ; 7.4326736e+01 
3.500e+01 ; 4.800e+00 ; 2.100e+00 ; 6.2613001e+01 ; 7.4210037e+01 
3.500e+01 ; 4.800e+00 ; 2.100e+00 ; 6.3125001e+01 ; 7.3991516e+01 
3.500e+01 ; 4.800e+00 ; 2.100e+00 ; 6.3450001e+01 ; 7.3858452e+01 
3.500e+01 ; 4.800e+00 ; 2.100e+00 ; 6.3450001e+01 ; 7.3858452e+01 
3.500e+01 ; 4.800e+00 ; 2.100e+00 ; 6.3451001e+01 ; 7.3858047e+01 
3.500e+01 ; 4.800e+00 ; 2.100e+00 ; 6.3452001e+01 ; 7.3857635e+01 
3.500e+01 ; 4.800e+00 ; 2.100e+00 ; 6.3453001e+01 ; 7.3857224e+01 
3.500e+01 ; 4.800e+00 ; 2.100e+00 ; 6.3455001e+01 ; 7.3856407e+01 
3.500e+01 ; 4.800e+00 ; 2.100e+00 ; 6.3459001e+01 ; 7.3854774e+01 
3.500e+01 ; 4.800e+00 ; 2.100e+00 ; 6.3467001e+01 ; 7.3851501e+01 
3.500e+01 ; 4.800e+00 ; 2.100e+00 ; 6.3483001e+01 ; 7.3844978e+01 
3.500e+01 ; 4.800e+00 ; 2.100e+00 ; 6.3515001e+01 ; 7.3831993e+01 
3.500e+01 ; 4.800e+00 ; 2.100e+00 ; 6.3579001e+01 ; 7.3806221e+01 
3.500e+01 ; 4.800e+00 ; 2.100e+00 ; 6.3707001e+01 ; 7.3755516e+01 
3.500e+01 ; 4.800e+00 ; 2.100e+00 ; 6.3963001e+01 ; 7.3657310e+01 
3.500e+01 ; 4.800e+00 ; 2.100e+00 ; 6.4475001e+01 ; 7.3472748e+01 
3.500e+01 ; 4.800e+00 ; 2.100e+00 ; 6.4800001e+01 ; 7.3360153e+01 
3.500e+01 ; 4.800e+00 ; 2.100e+00 ; 6.4800001e+01 ; 7.3360153e+01 
3.500e+01 ; 4.800e+00 ; 2.100e+00 ; 6.4801001e+01 ; 7.3359802e+01 
3.500e+01 ; 4.800e+00 ; 2.100e+00 ; 6.4802001e+01 ; 7.3359459e+01 
3.500e+01 ; 4.800e+00 ; 2.100e+00 ; 6.4803001e+01 ; 7.3359116e+01 
3.500e+01 ; 4.800e+00 ; 2.100e+00 ; 6.4805001e+01 ; 7.3358421e+01 
3.500e+01 ; 4.800e+00 ; 2.100e+00 ; 6.4809001e+01 ; 7.3357033e+01 
3.500e+01 ; 4.800e+00 ; 2.100e+00 ; 6.4817001e+01 ; 7.3354271e+01 
3.500e+01 ; 4.800e+00 ; 2.100e+00 ; 6.4833001e+01 ; 7.3348747e+01 
3.500e+01 ; 4.800e+00 ; 2.100e+00 ; 6.4865001e+01 ; 7.3337753e+01 
3.500e+01 ; 4.800e+00 ; 2.100e+00 ; 6.4929001e+01 ; 7.3315933e+01 
3.500e+01 ; 4.800e+00 ; 2.100e+00 ; 6.5057001e+01 ; 7.3272980e+01 
3.500e+01 ; 4.800e+00 ; 2.100e+00 ; 6.5313001e+01 ; 7.3189766e+01 
3.500e+01 ; 4.800e+00 ; 2.100e+00 ; 6.5825001e+01 ; 7.3034012e+01 
3.500e+01 ; 4.800e+00 ; 2.100e+00 ; 6.6150001e+01 ; 7.2939430e+01 
3.500e+01 ; 4.800e+00 ; 2.100e+00 ; 6.6150001e+01 ; 7.2939430e+01 
3.500e+01 ; 4.800e+00 ; 2.100e+00 ; 6.6151001e+01 ; 7.2939140e+01 
3.500e+01 ; 4.800e+00 ; 2.100e+00 ; 6.6152001e+01 ; 7.2938850e+01 
3.500e+01 ; 4.800e+00 ; 2.100e+00 ; 6.6153001e+01 ; 7.2938560e+01 
3.500e+01 ; 4.800e+00 ; 2.100e+00 ; 6.6155001e+01 ; 7.2937973e+01 
3.500e+01 ; 4.800e+00 ; 2.100e+00 ; 6.6159001e+01 ; 7.2936813e+01 
3.500e+01 ; 4.800e+00 ; 2.100e+00 ; 6.6167001e+01 ; 7.2934486e+01 
3.500e+01 ; 4.800e+00 ; 2.100e+00 ; 6.6183001e+01 ; 7.2929855e+01 
3.500e+01 ; 4.800e+00 ; 2.100e+00 ; 6.6215001e+01 ; 7.2920631e+01 
3.500e+01 ; 4.800e+00 ; 2.100e+00 ; 6.6279001e+01 ; 7.2902367e+01 
3.500e+01 ; 4.800e+00 ; 2.100e+00 ; 6.6407001e+01 ; 7.2866707e+01 
3.500e+01 ; 4.800e+00 ; 2.100e+00 ; 6.6663001e+01 ; 7.2799576e+01 
3.500e+01 ; 4.800e+00 ; 2.100e+00 ; 6.7175001e+01 ; 7.2685440e+01 
3.500e+01 ; 4.800e+00 ; 2.100e+00 ; 6.7500001e+01 ; 7.2621368e+01 
3.500e+01 ; 4.800e+00 ; 2.100e+00 ; 6.7500001e+01 ; 7.2621368e+01 
3.500e+01 ; 4.800e+00 ; 2.100e+00 ; 6.7501001e+01 ; 7.2621178e+01 
3.500e+01 ; 4.800e+00 ; 2.100e+00 ; 6.7502001e+01 ; 7.2620979e+01 
3.500e+01 ; 4.800e+00 ; 2.100e+00 ; 6.7503001e+01 ; 7.2620781e+01 
3.500e+01 ; 4.800e+00 ; 2.100e+00 ; 6.7505001e+01 ; 7.2620392e+01 
3.500e+01 ; 4.800e+00 ; 2.100e+00 ; 6.7509001e+01 ; 7.2619606e+01 
3.500e+01 ; 4.800e+00 ; 2.100e+00 ; 6.7517001e+01 ; 7.2618065e+01 
3.500e+01 ; 4.800e+00 ; 2.100e+00 ; 6.7533001e+01 ; 7.2615028e+01 
3.500e+01 ; 4.800e+00 ; 2.100e+00 ; 6.7565001e+01 ; 7.2609207e+01 
3.500e+01 ; 4.800e+00 ; 2.100e+00 ; 6.7629001e+01 ; 7.2598701e+01 
3.500e+01 ; 4.800e+00 ; 2.100e+00 ; 6.7757001e+01 ; 7.2582832e+01 
3.500e+01 ; 4.800e+00 ; 2.100e+00 ; 6.8013001e+01 ; 7.2573212e+01 
3.500e+01 ; 4.800e+00 ; 2.100e+00 ; 6.8525001e+01 ; 7.2629875e+01 
3.500e+01 ; 4.800e+00 ; 2.100e+00 ; 6.8850001e+01 ; 7.2689865e+01 
3.500e+01 ; 4.800e+00 ; 2.100e+00 ; 6.8850001e+01 ; 7.2689865e+01 
3.500e+01 ; 4.800e+00 ; 2.100e+00 ; 6.8851001e+01 ; 7.2693329e+01 
3.500e+01 ; 4.800e+00 ; 2.100e+00 ; 6.8852001e+01 ; 7.2696815e+01 
3.500e+01 ; 4.800e+00 ; 2.100e+00 ; 6.8853001e+01 ; 7.2700310e+01 
3.500e+01 ; 4.800e+00 ; 2.100e+00 ; 6.8855001e+01 ; 7.2707359e+01 
3.500e+01 ; 4.800e+00 ; 2.100e+00 ; 6.8859001e+01 ; 7.2721710e+01 
3.500e+01 ; 4.800e+00 ; 2.100e+00 ; 6.8867001e+01 ; 7.2751343e+01 
3.500e+01 ; 4.800e+00 ; 2.100e+00 ; 6.8883001e+01 ; 7.2814240e+01 
3.500e+01 ; 4.800e+00 ; 2.100e+00 ; 6.8915001e+01 ; 7.2953400e+01 
3.500e+01 ; 4.800e+00 ; 2.100e+00 ; 6.8979001e+01 ; 7.3276886e+01 
3.500e+01 ; 4.800e+00 ; 2.100e+00 ; 6.9107001e+01 ; 7.4050591e+01 
3.500e+01 ; 4.800e+00 ; 2.100e+00 ; 6.9363001e+01 ; 7.5812218e+01 
3.500e+01 ; 4.800e+00 ; 2.100e+00 ; 6.9875001e+01 ; 7.9090614e+01 
3.500e+01 ; 4.800e+00 ; 2.100e+00 ; 7.0200001e+01 ; 8.0826683e+01 
3.500e+01 ; 4.800e+00 ; 2.100e+00 ; 7.0200001e+01 ; 8.0826683e+01 
3.500e+01 ; 4.800e+00 ; 2.100e+00 ; 7.0201001e+01 ; 8.0834755e+01 
3.500e+01 ; 4.800e+00 ; 2.100e+00 ; 7.0202001e+01 ; 8.0842827e+01 
3.500e+01 ; 4.800e+00 ; 2.100e+00 ; 7.0203001e+01 ; 8.0850906e+01 
3.500e+01 ; 4.800e+00 ; 2.100e+00 ; 7.0205001e+01 ; 8.0867073e+01 
3.500e+01 ; 4.800e+00 ; 2.100e+00 ; 7.0209001e+01 ; 8.0899437e+01 
3.500e+01 ; 4.800e+00 ; 2.100e+00 ; 7.0217001e+01 ; 8.0964310e+01 
3.500e+01 ; 4.800e+00 ; 2.100e+00 ; 7.0233001e+01 ; 8.1094574e+01 
3.500e+01 ; 4.800e+00 ; 2.100e+00 ; 7.0265001e+01 ; 8.1356728e+01 
3.500e+01 ; 4.800e+00 ; 2.100e+00 ; 7.0329001e+01 ; 8.1884270e+01 
3.500e+01 ; 4.800e+00 ; 2.100e+00 ; 7.0457001e+01 ; 8.2931168e+01 
3.500e+01 ; 4.800e+00 ; 2.100e+00 ; 7.0713001e+01 ; 8.4882248e+01 
3.500e+01 ; 4.800e+00 ; 2.100e+00 ; 7.1225001e+01 ; 8.7871735e+01 
3.500e+01 ; 4.800e+00 ; 2.100e+00 ; 7.1550001e+01 ; 8.9295570e+01 
3.500e+01 ; 4.800e+00 ; 2.100e+00 ; 7.1550001e+01 ; 8.9295570e+01 
3.500e+01 ; 4.800e+00 ; 2.100e+00 ; 7.1551001e+01 ; 8.9299942e+01 
3.500e+01 ; 4.800e+00 ; 2.100e+00 ; 7.1552001e+01 ; 8.9304306e+01 
3.500e+01 ; 4.800e+00 ; 2.100e+00 ; 7.1553001e+01 ; 8.9308670e+01 
3.500e+01 ; 4.800e+00 ; 2.100e+00 ; 7.1555001e+01 ; 8.9317360e+01 
3.500e+01 ; 4.800e+00 ; 2.100e+00 ; 7.1559001e+01 ; 8.9334618e+01 
3.500e+01 ; 4.800e+00 ; 2.100e+00 ; 7.1567001e+01 ; 8.9368690e+01 
3.500e+01 ; 4.800e+00 ; 2.100e+00 ; 7.1583001e+01 ; 8.9435028e+01 
3.500e+01 ; 4.800e+00 ; 2.100e+00 ; 7.1615001e+01 ; 8.9560760e+01 
3.500e+01 ; 4.800e+00 ; 2.100e+00 ; 7.1679001e+01 ; 8.9786430e+01 
3.500e+01 ; 4.800e+00 ; 2.100e+00 ; 7.1807001e+01 ; 9.0148125e+01 
3.500e+01 ; 4.800e+00 ; 2.100e+00 ; 7.2063001e+01 ; 9.0597412e+01 
3.500e+01 ; 4.800e+00 ; 2.100e+00 ; 7.2575001e+01 ; 9.0829315e+01 
3.500e+01 ; 4.800e+00 ; 2.100e+00 ; 7.2900001e+01 ; 9.0786789e+01 
3.500e+01 ; 4.800e+00 ; 2.100e+00 ; 7.2900001e+01 ; 9.0786789e+01 
3.500e+01 ; 4.800e+00 ; 2.100e+00 ; 7.2901001e+01 ; 9.0786652e+01 
3.500e+01 ; 4.800e+00 ; 2.100e+00 ; 7.2902001e+01 ; 9.0786522e+01 
3.500e+01 ; 4.800e+00 ; 2.100e+00 ; 7.2903001e+01 ; 9.0786385e+01 
3.500e+01 ; 4.800e+00 ; 2.100e+00 ; 7.2905001e+01 ; 9.0786102e+01 
3.500e+01 ; 4.800e+00 ; 2.100e+00 ; 7.2909001e+01 ; 9.0785515e+01 
3.500e+01 ; 4.800e+00 ; 2.100e+00 ; 7.2917001e+01 ; 9.0784225e+01 
3.500e+01 ; 4.800e+00 ; 2.100e+00 ; 7.2933001e+01 ; 9.0781212e+01 
3.500e+01 ; 4.800e+00 ; 2.100e+00 ; 7.2965001e+01 ; 9.0773476e+01 
3.500e+01 ; 4.800e+00 ; 2.100e+00 ; 7.3029001e+01 ; 9.0751717e+01 
3.500e+01 ; 4.800e+00 ; 2.100e+00 ; 7.3157001e+01 ; 9.0686638e+01 
3.500e+01 ; 4.800e+00 ; 2.100e+00 ; 7.3413001e+01 ; 9.0493080e+01 
3.500e+01 ; 4.800e+00 ; 2.100e+00 ; 7.3925001e+01 ; 8.9969910e+01 
3.500e+01 ; 4.800e+00 ; 2.100e+00 ; 7.4250001e+01 ; 8.9604851e+01 
3.500e+01 ; 4.800e+00 ; 2.100e+00 ; 7.4250001e+01 ; 8.9604851e+01 
3.500e+01 ; 4.800e+00 ; 2.100e+00 ; 7.4251001e+01 ; 8.9603729e+01 
3.500e+01 ; 4.800e+00 ; 2.100e+00 ; 7.4252001e+01 ; 8.9602608e+01 
3.500e+01 ; 4.800e+00 ; 2.100e+00 ; 7.4253001e+01 ; 8.9601479e+01 
3.500e+01 ; 4.800e+00 ; 2.100e+00 ; 7.4255001e+01 ; 8.9599228e+01 
3.500e+01 ; 4.800e+00 ; 2.100e+00 ; 7.4259001e+01 ; 8.9594727e+01 
3.500e+01 ; 4.800e+00 ; 2.100e+00 ; 7.4267001e+01 ; 8.9585701e+01 
3.500e+01 ; 4.800e+00 ; 2.100e+00 ; 7.4283001e+01 ; 8.9567566e+01 
3.500e+01 ; 4.800e+00 ; 2.100e+00 ; 7.4315001e+01 ; 8.9531029e+01 
3.500e+01 ; 4.800e+00 ; 2.100e+00 ; 7.4379001e+01 ; 8.9456978e+01 
3.500e+01 ; 4.800e+00 ; 2.100e+00 ; 7.4507001e+01 ; 8.9305962e+01 
3.500e+01 ; 4.800e+00 ; 2.100e+00 ; 7.4763001e+01 ; 8.8998238e+01 
3.500e+01 ; 4.800e+00 ; 2.100e+00 ; 7.5275001e+01 ; 8.8388054e+01 
3.500e+01 ; 4.800e+00 ; 2.100e+00 ; 7.5600001e+01 ; 8.8007729e+01 
3.500e+01 ; 4.800e+00 ; 2.100e+00 ; 7.5600001e+01 ; 8.8007729e+01 
3.500e+01 ; 4.800e+00 ; 2.100e+00 ; 7.5601001e+01 ; 8.8006554e+01 
3.500e+01 ; 4.800e+00 ; 2.100e+00 ; 7.5602001e+01 ; 8.8005386e+01 
3.500e+01 ; 4.800e+00 ; 2.100e+00 ; 7.5603001e+01 ; 8.8004211e+01 
3.500e+01 ; 4.800e+00 ; 2.100e+00 ; 7.5605001e+01 ; 8.8001877e+01 
3.500e+01 ; 4.800e+00 ; 2.100e+00 ; 7.5609001e+01 ; 8.7997200e+01 
3.500e+01 ; 4.800e+00 ; 2.100e+00 ; 7.5617001e+01 ; 8.7987846e+01 
3.500e+01 ; 4.800e+00 ; 2.100e+00 ; 7.5633001e+01 ; 8.7969154e+01 
3.500e+01 ; 4.800e+00 ; 2.100e+00 ; 7.5665001e+01 ; 8.7931862e+01 
3.500e+01 ; 4.800e+00 ; 2.100e+00 ; 7.5729001e+01 ; 8.7857605e+01 
3.500e+01 ; 4.800e+00 ; 2.100e+00 ; 7.5857001e+01 ; 8.7710648e+01 
3.500e+01 ; 4.800e+00 ; 2.100e+00 ; 7.6113001e+01 ; 8.7424080e+01 
3.500e+01 ; 4.800e+00 ; 2.100e+00 ; 7.6625001e+01 ; 8.6884384e+01 
3.500e+01 ; 4.800e+00 ; 2.100e+00 ; 7.6950001e+01 ; 8.6555717e+01 
3.500e+01 ; 4.800e+00 ; 2.100e+00 ; 7.6950001e+01 ; 8.6555717e+01 
3.500e+01 ; 4.800e+00 ; 2.100e+00 ; 7.6951001e+01 ; 8.6554703e+01 
3.500e+01 ; 4.800e+00 ; 2.100e+00 ; 7.6952001e+01 ; 8.6553696e+01 
3.500e+01 ; 4.800e+00 ; 2.100e+00 ; 7.6953001e+01 ; 8.6552681e+01 
3.500e+01 ; 4.800e+00 ; 2.100e+00 ; 7.6955001e+01 ; 8.6550659e+01 
3.500e+01 ; 4.800e+00 ; 2.100e+00 ; 7.6959001e+01 ; 8.6546623e+01 
3.500e+01 ; 4.800e+00 ; 2.100e+00 ; 7.6967001e+01 ; 8.6538551e+01 
3.500e+01 ; 4.800e+00 ; 2.100e+00 ; 7.6983001e+01 ; 8.6522438e+01 
3.500e+01 ; 4.800e+00 ; 2.100e+00 ; 7.7015001e+01 ; 8.6490349e+01 
3.500e+01 ; 4.800e+00 ; 2.100e+00 ; 7.7079001e+01 ; 8.6426727e+01 
3.500e+01 ; 4.800e+00 ; 2.100e+00 ; 7.7207001e+01 ; 8.6301651e+01 
3.500e+01 ; 4.800e+00 ; 2.100e+00 ; 7.7463001e+01 ; 8.6060158e+01 
3.500e+01 ; 4.800e+00 ; 2.100e+00 ; 7.7975001e+01 ; 8.5610092e+01 
3.500e+01 ; 4.800e+00 ; 2.100e+00 ; 7.8300001e+01 ; 8.5337143e+01 
3.500e+01 ; 4.800e+00 ; 2.100e+00 ; 7.8300001e+01 ; 8.5337143e+01 
3.500e+01 ; 4.800e+00 ; 2.100e+00 ; 7.8301001e+01 ; 8.5336304e+01 
3.500e+01 ; 4.800e+00 ; 2.100e+00 ; 7.8302001e+01 ; 8.5335464e+01 
3.500e+01 ; 4.800e+00 ; 2.100e+00 ; 7.8303001e+01 ; 8.5334625e+01 
3.500e+01 ; 4.800e+00 ; 2.100e+00 ; 7.8305001e+01 ; 8.5332947e+01 
3.500e+01 ; 4.800e+00 ; 2.100e+00 ; 7.8309001e+01 ; 8.5329590e+01 
3.500e+01 ; 4.800e+00 ; 2.100e+00 ; 7.8317001e+01 ; 8.5322891e+01 
3.500e+01 ; 4.800e+00 ; 2.100e+00 ; 7.8333001e+01 ; 8.5309517e+01 
3.500e+01 ; 4.800e+00 ; 2.100e+00 ; 7.8365001e+01 ; 8.5282890e+01 
3.500e+01 ; 4.800e+00 ; 2.100e+00 ; 7.8429001e+01 ; 8.5230125e+01 
3.500e+01 ; 4.800e+00 ; 2.100e+00 ; 7.8557001e+01 ; 8.5126495e+01 
3.500e+01 ; 4.800e+00 ; 2.100e+00 ; 7.8813001e+01 ; 8.4926552e+01 
3.500e+01 ; 4.800e+00 ; 2.100e+00 ; 7.9325001e+01 ; 8.4553459e+01 
3.500e+01 ; 4.800e+00 ; 2.100e+00 ; 7.9650001e+01 ; 8.4326805e+01 
3.500e+01 ; 4.800e+00 ; 2.100e+00 ; 7.9650001e+01 ; 8.4326805e+01 
3.500e+01 ; 4.800e+00 ; 2.100e+00 ; 7.9651001e+01 ; 8.4326111e+01 
3.500e+01 ; 4.800e+00 ; 2.100e+00 ; 7.9652001e+01 ; 8.4325409e+01 
3.500e+01 ; 4.800e+00 ; 2.100e+00 ; 7.9653001e+01 ; 8.4324715e+01 
3.500e+01 ; 4.800e+00 ; 2.100e+00 ; 7.9655001e+01 ; 8.4323318e+01 
3.500e+01 ; 4.800e+00 ; 2.100e+00 ; 7.9659001e+01 ; 8.4320534e+01 
3.500e+01 ; 4.800e+00 ; 2.100e+00 ; 7.9667001e+01 ; 8.4314972e+01 
3.500e+01 ; 4.800e+00 ; 2.100e+00 ; 7.9683001e+01 ; 8.4303864e+01 
3.500e+01 ; 4.800e+00 ; 2.100e+00 ; 7.9715001e+01 ; 8.4281746e+01 
3.500e+01 ; 4.800e+00 ; 2.100e+00 ; 7.9779001e+01 ; 8.4237892e+01 
3.500e+01 ; 4.800e+00 ; 2.100e+00 ; 7.9907001e+01 ; 8.4151703e+01 
3.500e+01 ; 4.800e+00 ; 2.100e+00 ; 8.0163001e+01 ; 8.3985039e+01 
3.500e+01 ; 4.800e+00 ; 2.100e+00 ; 8.0675001e+01 ; 8.3672546e+01 
3.500e+01 ; 4.800e+00 ; 2.100e+00 ; 8.1000001e+01 ; 8.3482071e+01 
3.500e+01 ; 4.800e+00 ; 2.100e+00 ; 8.1000001e+01 ; 8.3482071e+01 
3.500e+01 ; 4.800e+00 ; 2.100e+00 ; 8.1001001e+01 ; 8.3481491e+01 
3.500e+01 ; 4.800e+00 ; 2.100e+00 ; 8.1002001e+01 ; 8.3480904e+01 
3.500e+01 ; 4.800e+00 ; 2.100e+00 ; 8.1003001e+01 ; 8.3480316e+01 
3.500e+01 ; 4.800e+00 ; 2.100e+00 ; 8.1005001e+01 ; 8.3479141e+01 
3.500e+01 ; 4.800e+00 ; 2.100e+00 ; 8.1009001e+01 ; 8.3476807e+01 
3.500e+01 ; 4.800e+00 ; 2.100e+00 ; 8.1017001e+01 ; 8.3472122e+01 
3.500e+01 ; 4.800e+00 ; 2.100e+00 ; 8.1033001e+01 ; 8.3462784e+01 
3.500e+01 ; 4.800e+00 ; 2.100e+00 ; 8.1065001e+01 ; 8.3444183e+01 
3.500e+01 ; 4.800e+00 ; 2.100e+00 ; 8.1129001e+01 ; 8.3407288e+01 
3.500e+01 ; 4.800e+00 ; 2.100e+00 ; 8.1257001e+01 ; 8.3334641e+01 
3.500e+01 ; 4.800e+00 ; 2.100e+00 ; 8.1513001e+01 ; 8.3193794e+01 
3.500e+01 ; 4.800e+00 ; 2.100e+00 ; 8.2025001e+01 ; 8.2928230e+01 
3.500e+01 ; 4.800e+00 ; 2.100e+00 ; 8.2350001e+01 ; 8.2765793e+01 
3.500e+01 ; 4.800e+00 ; 2.100e+00 ; 8.2350001e+01 ; 8.2765793e+01 
3.500e+01 ; 4.800e+00 ; 2.100e+00 ; 8.2351001e+01 ; 8.2765289e+01 
3.500e+01 ; 4.800e+00 ; 2.100e+00 ; 8.2352001e+01 ; 8.2764793e+01 
3.500e+01 ; 4.800e+00 ; 2.100e+00 ; 8.2353001e+01 ; 8.2764290e+01 
3.500e+01 ; 4.800e+00 ; 2.100e+00 ; 8.2355001e+01 ; 8.2763290e+01 
3.500e+01 ; 4.800e+00 ; 2.100e+00 ; 8.2359001e+01 ; 8.2761299e+01 
3.500e+01 ; 4.800e+00 ; 2.100e+00 ; 8.2367001e+01 ; 8.2757301e+01 
3.500e+01 ; 4.800e+00 ; 2.100e+00 ; 8.2383001e+01 ; 8.2749336e+01 
3.500e+01 ; 4.800e+00 ; 2.100e+00 ; 8.2415001e+01 ; 8.2733467e+01 
3.500e+01 ; 4.800e+00 ; 2.100e+00 ; 8.2479001e+01 ; 8.2701942e+01 
3.500e+01 ; 4.800e+00 ; 2.100e+00 ; 8.2607001e+01 ; 8.2639816e+01 
3.500e+01 ; 4.800e+00 ; 2.100e+00 ; 8.2863001e+01 ; 8.2519020e+01 
3.500e+01 ; 4.800e+00 ; 2.100e+00 ; 8.3375001e+01 ; 8.2290100e+01 
3.500e+01 ; 4.800e+00 ; 2.100e+00 ; 8.3700001e+01 ; 8.2149628e+01 
3.500e+01 ; 4.800e+00 ; 2.100e+00 ; 8.3700001e+01 ; 8.2149628e+01 
3.500e+01 ; 4.800e+00 ; 2.100e+00 ; 8.3701001e+01 ; 8.2149200e+01 
3.500e+01 ; 4.800e+00 ; 2.100e+00 ; 8.3702001e+01 ; 8.2148766e+01 
3.500e+01 ; 4.800e+00 ; 2.100e+00 ; 8.3703001e+01 ; 8.2148331e+01 
3.500e+01 ; 4.800e+00 ; 2.100e+00 ; 8.3705001e+01 ; 8.2147469e+01 
3.500e+01 ; 4.800e+00 ; 2.100e+00 ; 8.3709001e+01 ; 8.2145744e+01 
3.500e+01 ; 4.800e+00 ; 2.100e+00 ; 8.3717001e+01 ; 8.2142288e+01 
3.500e+01 ; 4.800e+00 ; 2.100e+00 ; 8.3733001e+01 ; 8.2135399e+01 
3.500e+01 ; 4.800e+00 ; 2.100e+00 ; 8.3765001e+01 ; 8.2121666e+01 
3.500e+01 ; 4.800e+00 ; 2.100e+00 ; 8.3829001e+01 ; 8.2094376e+01 
3.500e+01 ; 4.800e+00 ; 2.100e+00 ; 8.3957001e+01 ; 8.2040512e+01 
3.500e+01 ; 4.800e+00 ; 2.100e+00 ; 8.4213001e+01 ; 8.1935547e+01 
3.500e+01 ; 4.800e+00 ; 2.100e+00 ; 8.4725001e+01 ; 8.1735870e+01 
3.500e+01 ; 4.800e+00 ; 2.100e+00 ; 8.5050002e+01 ; 8.1613075e+01 
3.500e+01 ; 4.800e+00 ; 2.100e+00 ; 8.5050002e+01 ; 8.1613075e+01 
3.500e+01 ; 4.800e+00 ; 2.100e+00 ; 8.5051002e+01 ; 8.1612694e+01 
3.500e+01 ; 4.800e+00 ; 2.100e+00 ; 8.5052002e+01 ; 8.1612320e+01 
3.500e+01 ; 4.800e+00 ; 2.100e+00 ; 8.5053002e+01 ; 8.1611938e+01 
3.500e+01 ; 4.800e+00 ; 2.100e+00 ; 8.5055002e+01 ; 8.1611183e+01 
3.500e+01 ; 4.800e+00 ; 2.100e+00 ; 8.5059002e+01 ; 8.1609673e+01 
3.500e+01 ; 4.800e+00 ; 2.100e+00 ; 8.5067002e+01 ; 8.1606659e+01 
3.500e+01 ; 4.800e+00 ; 2.100e+00 ; 8.5083002e+01 ; 8.1600632e+01 
3.500e+01 ; 4.800e+00 ; 2.100e+00 ; 8.5115001e+01 ; 8.1588615e+01 
3.500e+01 ; 4.800e+00 ; 2.100e+00 ; 8.5179001e+01 ; 8.1564743e+01 
3.500e+01 ; 4.800e+00 ; 2.100e+00 ; 8.5307002e+01 ; 8.1517586e+01 
3.500e+01 ; 4.800e+00 ; 2.100e+00 ; 8.5563002e+01 ; 8.1425629e+01 
3.500e+01 ; 4.800e+00 ; 2.100e+00 ; 8.6075001e+01 ; 8.1251152e+01 
3.500e+01 ; 4.800e+00 ; 2.100e+00 ; 8.6400002e+01 ; 8.1144226e+01 
3.500e+01 ; 4.800e+00 ; 2.100e+00 ; 8.6400002e+01 ; 8.1144226e+01 
3.500e+01 ; 4.800e+00 ; 2.100e+00 ; 8.6401002e+01 ; 8.1143898e+01 
3.500e+01 ; 4.800e+00 ; 2.100e+00 ; 8.6402002e+01 ; 8.1143570e+01 
3.500e+01 ; 4.800e+00 ; 2.100e+00 ; 8.6403002e+01 ; 8.1143242e+01 
3.500e+01 ; 4.800e+00 ; 2.100e+00 ; 8.6405002e+01 ; 8.1142578e+01 
3.500e+01 ; 4.800e+00 ; 2.100e+00 ; 8.6409002e+01 ; 8.1141266e+01 
3.500e+01 ; 4.800e+00 ; 2.100e+00 ; 8.6417002e+01 ; 8.1138641e+01 
3.500e+01 ; 4.800e+00 ; 2.100e+00 ; 8.6433002e+01 ; 8.1133392e+01 
3.500e+01 ; 4.800e+00 ; 2.100e+00 ; 8.6465002e+01 ; 8.1122940e+01 
3.500e+01 ; 4.800e+00 ; 2.100e+00 ; 8.6529002e+01 ; 8.1102196e+01 
3.500e+01 ; 4.800e+00 ; 2.100e+00 ; 8.6657002e+01 ; 8.1061417e+01 
3.500e+01 ; 4.800e+00 ; 2.100e+00 ; 8.6913002e+01 ; 8.0983162e+01 
3.500e+01 ; 4.800e+00 ; 2.100e+00 ; 8.7425002e+01 ; 8.0842926e+01 
3.500e+01 ; 4.800e+00 ; 2.100e+00 ; 8.7750002e+01 ; 8.0760902e+01 
3.500e+01 ; 4.800e+00 ; 2.100e+00 ; 8.7750002e+01 ; 8.0760902e+01 
3.500e+01 ; 4.800e+00 ; 2.100e+00 ; 8.7751002e+01 ; 8.0760651e+01 
3.500e+01 ; 4.800e+00 ; 2.100e+00 ; 8.7752002e+01 ; 8.0760399e+01 
3.500e+01 ; 4.800e+00 ; 2.100e+00 ; 8.7753002e+01 ; 8.0760147e+01 
3.500e+01 ; 4.800e+00 ; 2.100e+00 ; 8.7755002e+01 ; 8.0759651e+01 
3.500e+01 ; 4.800e+00 ; 2.100e+00 ; 8.7759002e+01 ; 8.0758644e+01 
3.500e+01 ; 4.800e+00 ; 2.100e+00 ; 8.7767002e+01 ; 8.0756668e+01 
3.500e+01 ; 4.800e+00 ; 2.100e+00 ; 8.7783002e+01 ; 8.0752777e+01 
3.500e+01 ; 4.800e+00 ; 2.100e+00 ; 8.7815002e+01 ; 8.0745323e+01 
3.500e+01 ; 4.800e+00 ; 2.100e+00 ; 8.7879002e+01 ; 8.0731888e+01 
3.500e+01 ; 4.800e+00 ; 2.100e+00 ; 8.8007002e+01 ; 8.0711823e+01 
3.500e+01 ; 4.800e+00 ; 2.100e+00 ; 8.8263002e+01 ; 8.0700592e+01 
3.500e+01 ; 4.800e+00 ; 2.100e+00 ; 8.8775002e+01 ; 8.0772392e+01 
3.500e+01 ; 4.800e+00 ; 2.100e+00 ; 8.9100002e+01 ; 8.0846077e+01 
3.500e+01 ; 4.800e+00 ; 2.100e+00 ; 8.9100002e+01 ; 8.0846077e+01 
3.500e+01 ; 4.800e+00 ; 2.100e+00 ; 8.9101002e+01 ; 8.0846306e+01 
3.500e+01 ; 4.800e+00 ; 2.100e+00 ; 8.9102002e+01 ; 8.0846535e+01 
3.500e+01 ; 4.800e+00 ; 2.100e+00 ; 8.9103002e+01 ; 8.0846764e+01 
3.500e+01 ; 4.800e+00 ; 2.100e+00 ; 8.9105002e+01 ; 8.0847221e+01 
3.500e+01 ; 4.800e+00 ; 2.100e+00 ; 8.9109002e+01 ; 8.0848152e+01 
3.500e+01 ; 4.800e+00 ; 2.100e+00 ; 8.9117002e+01 ; 8.0850067e+01 
3.500e+01 ; 4.800e+00 ; 2.100e+00 ; 8.9133002e+01 ; 8.0854080e+01 
3.500e+01 ; 4.800e+00 ; 2.100e+00 ; 8.9165002e+01 ; 8.0862907e+01 
3.500e+01 ; 4.800e+00 ; 2.100e+00 ; 8.9229002e+01 ; 8.0883965e+01 
3.500e+01 ; 4.800e+00 ; 2.100e+00 ; 8.9357002e+01 ; 8.0940567e+01 
3.500e+01 ; 4.800e+00 ; 2.100e+00 ; 8.9613002e+01 ; 8.1109314e+01 
3.500e+01 ; 4.800e+00 ; 2.100e+00 ; 9.0125002e+01 ; 8.1599052e+01 
3.500e+01 ; 4.800e+00 ; 2.100e+00 ; 9.0450002e+01 ; 8.1946655e+01 
3.500e+01 ; 4.800e+00 ; 2.100e+00 ; 9.0450002e+01 ; 8.1946655e+01 
3.500e+01 ; 4.800e+00 ; 2.100e+00 ; 9.0451002e+01 ; 8.1947723e+01 
3.500e+01 ; 4.800e+00 ; 2.100e+00 ; 9.0452002e+01 ; 8.1948792e+01 
3.500e+01 ; 4.800e+00 ; 2.100e+00 ; 9.0453002e+01 ; 8.1949867e+01 
3.500e+01 ; 4.800e+00 ; 2.100e+00 ; 9.0455002e+01 ; 8.1952011e+01 
3.500e+01 ; 4.800e+00 ; 2.100e+00 ; 9.0459002e+01 ; 8.1956322e+01 
3.500e+01 ; 4.800e+00 ; 2.100e+00 ; 9.0467002e+01 ; 8.1964981e+01 
3.500e+01 ; 4.800e+00 ; 2.100e+00 ; 9.0483002e+01 ; 8.1982506e+01 
3.500e+01 ; 4.800e+00 ; 2.100e+00 ; 9.0515002e+01 ; 8.2018372e+01 
3.500e+01 ; 4.800e+00 ; 2.100e+00 ; 9.0579002e+01 ; 8.2093399e+01 
3.500e+01 ; 4.800e+00 ; 2.100e+00 ; 9.0707002e+01 ; 8.2256241e+01 
3.500e+01 ; 4.800e+00 ; 2.100e+00 ; 9.0963002e+01 ; 8.2624710e+01 
3.500e+01 ; 4.800e+00 ; 2.100e+00 ; 9.1475002e+01 ; 8.3444687e+01 
3.500e+01 ; 4.800e+00 ; 2.100e+00 ; 9.1800002e+01 ; 8.3972733e+01 
3.500e+01 ; 4.800e+00 ; 2.100e+00 ; 9.1800002e+01 ; 8.3972733e+01 
3.500e+01 ; 4.800e+00 ; 2.100e+00 ; 9.1801002e+01 ; 8.3974358e+01 
3.500e+01 ; 4.800e+00 ; 2.100e+00 ; 9.1802002e+01 ; 8.3975983e+01 
3.500e+01 ; 4.800e+00 ; 2.100e+00 ; 9.1803002e+01 ; 8.3977608e+01 
3.500e+01 ; 4.800e+00 ; 2.100e+00 ; 9.1805002e+01 ; 8.3980858e+01 
3.500e+01 ; 4.800e+00 ; 2.100e+00 ; 9.1809002e+01 ; 8.3987366e+01 
3.500e+01 ; 4.800e+00 ; 2.100e+00 ; 9.1817002e+01 ; 8.4000397e+01 
3.500e+01 ; 4.800e+00 ; 2.100e+00 ; 9.1833002e+01 ; 8.4026505e+01 
3.500e+01 ; 4.800e+00 ; 2.100e+00 ; 9.1865002e+01 ; 8.4078934e+01 
3.500e+01 ; 4.800e+00 ; 2.100e+00 ; 9.1929002e+01 ; 8.4184387e+01 
3.500e+01 ; 4.800e+00 ; 2.100e+00 ; 9.2057002e+01 ; 8.4396454e+01 
3.500e+01 ; 4.800e+00 ; 2.100e+00 ; 9.2313002e+01 ; 8.4816399e+01 
3.500e+01 ; 4.800e+00 ; 2.100e+00 ; 9.2825002e+01 ; 8.5591858e+01 
3.500e+01 ; 4.800e+00 ; 2.100e+00 ; 9.3150002e+01 ; 8.6047760e+01 
3.500e+01 ; 4.800e+00 ; 2.100e+00 ; 9.3150002e+01 ; 8.6047760e+01 
3.500e+01 ; 4.800e+00 ; 2.100e+00 ; 9.3151002e+01 ; 8.6049164e+01 
3.500e+01 ; 4.800e+00 ; 2.100e+00 ; 9.3152002e+01 ; 8.6050568e+01 
3.500e+01 ; 4.800e+00 ; 2.100e+00 ; 9.3153002e+01 ; 8.6051964e+01 
3.500e+01 ; 4.800e+00 ; 2.100e+00 ; 9.3155002e+01 ; 8.6054771e+01 
3.500e+01 ; 4.800e+00 ; 2.100e+00 ; 9.3159002e+01 ; 8.6060371e+01 
3.500e+01 ; 4.800e+00 ; 2.100e+00 ; 9.3167002e+01 ; 8.6071541e+01 
3.500e+01 ; 4.800e+00 ; 2.100e+00 ; 9.3183002e+01 ; 8.6093803e+01 
3.500e+01 ; 4.800e+00 ; 2.100e+00 ; 9.3215002e+01 ; 8.6137932e+01 
3.500e+01 ; 4.800e+00 ; 2.100e+00 ; 9.3279002e+01 ; 8.6224564e+01 
3.500e+01 ; 4.800e+00 ; 2.100e+00 ; 9.3407002e+01 ; 8.6390732e+01 
3.500e+01 ; 4.800e+00 ; 2.100e+00 ; 9.3663002e+01 ; 8.6692307e+01 
3.500e+01 ; 4.800e+00 ; 2.100e+00 ; 9.4175002e+01 ; 8.7173378e+01 
3.500e+01 ; 4.800e+00 ; 2.100e+00 ; 9.4500002e+01 ; 8.7431755e+01 
3.500e+01 ; 4.800e+00 ; 2.100e+00 ; 9.4500002e+01 ; 8.7431755e+01 
3.500e+01 ; 4.800e+00 ; 2.100e+00 ; 9.4501002e+01 ; 8.7432549e+01 
3.500e+01 ; 4.800e+00 ; 2.100e+00 ; 9.4502002e+01 ; 8.7433342e+01 
3.500e+01 ; 4.800e+00 ; 2.100e+00 ; 9.4503002e+01 ; 8.7434135e+01 
3.500e+01 ; 4.800e+00 ; 2.100e+00 ; 9.4505002e+01 ; 8.7435722e+01 
3.500e+01 ; 4.800e+00 ; 2.100e+00 ; 9.4509002e+01 ; 8.7438881e+01 
3.500e+01 ; 4.800e+00 ; 2.100e+00 ; 9.4517002e+01 ; 8.7445183e+01 
3.500e+01 ; 4.800e+00 ; 2.100e+00 ; 9.4533002e+01 ; 8.7457672e+01 
3.500e+01 ; 4.800e+00 ; 2.100e+00 ; 9.4565002e+01 ; 8.7482185e+01 
3.500e+01 ; 4.800e+00 ; 2.100e+00 ; 9.4629002e+01 ; 8.7529449e+01 
3.500e+01 ; 4.800e+00 ; 2.100e+00 ; 9.4757002e+01 ; 8.7617027e+01 
3.500e+01 ; 4.800e+00 ; 2.100e+00 ; 9.5013002e+01 ; 8.7766289e+01 
3.500e+01 ; 4.800e+00 ; 2.100e+00 ; 9.5525002e+01 ; 8.7976845e+01 
3.500e+01 ; 4.800e+00 ; 2.100e+00 ; 9.5850002e+01 ; 8.8079010e+01 
3.500e+01 ; 4.800e+00 ; 2.100e+00 ; 9.5850002e+01 ; 8.8079010e+01 
3.500e+01 ; 4.800e+00 ; 2.100e+00 ; 9.5851002e+01 ; 8.8079323e+01 
3.500e+01 ; 4.800e+00 ; 2.100e+00 ; 9.5852002e+01 ; 8.8079636e+01 
3.500e+01 ; 4.800e+00 ; 2.100e+00 ; 9.5853002e+01 ; 8.8079948e+01 
3.500e+01 ; 4.800e+00 ; 2.100e+00 ; 9.5855002e+01 ; 8.8080574e+01 
3.500e+01 ; 4.800e+00 ; 2.100e+00 ; 9.5859002e+01 ; 8.8081818e+01 
3.500e+01 ; 4.800e+00 ; 2.100e+00 ; 9.5867002e+01 ; 8.8084297e+01 
3.500e+01 ; 4.800e+00 ; 2.100e+00 ; 9.5883002e+01 ; 8.8089165e+01 
3.500e+01 ; 4.800e+00 ; 2.100e+00 ; 9.5915002e+01 ; 8.8098618e+01 
3.500e+01 ; 4.800e+00 ; 2.100e+00 ; 9.5979002e+01 ; 8.8116356e+01 
3.500e+01 ; 4.800e+00 ; 2.100e+00 ; 9.6107002e+01 ; 8.8147415e+01 
3.500e+01 ; 4.800e+00 ; 2.100e+00 ; 9.6363002e+01 ; 8.8193672e+01 
3.500e+01 ; 4.800e+00 ; 2.100e+00 ; 9.6875002e+01 ; 8.8234917e+01 
3.500e+01 ; 4.800e+00 ; 2.100e+00 ; 9.7200002e+01 ; 8.8243256e+01 
3.500e+01 ; 4.800e+00 ; 2.100e+00 ; 9.7200002e+01 ; 8.8243256e+01 
3.500e+01 ; 4.800e+00 ; 2.100e+00 ; 9.7201002e+01 ; 8.8243279e+01 
3.500e+01 ; 4.800e+00 ; 2.100e+00 ; 9.7202002e+01 ; 8.8243309e+01 
3.500e+01 ; 4.800e+00 ; 2.100e+00 ; 9.7203002e+01 ; 8.8243332e+01 
3.500e+01 ; 4.800e+00 ; 2.100e+00 ; 9.7205002e+01 ; 8.8243378e+01 
3.500e+01 ; 4.800e+00 ; 2.100e+00 ; 9.7209002e+01 ; 8.8243477e+01 
3.500e+01 ; 4.800e+00 ; 2.100e+00 ; 9.7217002e+01 ; 8.8243660e+01 
3.500e+01 ; 4.800e+00 ; 2.100e+00 ; 9.7233002e+01 ; 8.8243980e+01 
3.500e+01 ; 4.800e+00 ; 2.100e+00 ; 9.7265002e+01 ; 8.8244461e+01 
3.500e+01 ; 4.800e+00 ; 2.100e+00 ; 9.7329002e+01 ; 8.8244759e+01 
3.500e+01 ; 4.800e+00 ; 2.100e+00 ; 9.7457002e+01 ; 8.8242928e+01 
3.500e+01 ; 4.800e+00 ; 2.100e+00 ; 9.7713002e+01 ; 8.8230606e+01 
3.500e+01 ; 4.800e+00 ; 2.100e+00 ; 9.8225002e+01 ; 8.8178825e+01 
3.500e+01 ; 4.800e+00 ; 2.100e+00 ; 9.8550002e+01 ; 8.8136673e+01 
3.500e+01 ; 4.800e+00 ; 2.100e+00 ; 9.8550002e+01 ; 8.8136673e+01 
3.500e+01 ; 4.800e+00 ; 2.100e+00 ; 9.8551002e+01 ; 8.8136543e+01 
3.500e+01 ; 4.800e+00 ; 2.100e+00 ; 9.8552002e+01 ; 8.8136414e+01 
3.500e+01 ; 4.800e+00 ; 2.100e+00 ; 9.8553002e+01 ; 8.8136284e+01 
3.500e+01 ; 4.800e+00 ; 2.100e+00 ; 9.8555002e+01 ; 8.8136024e+01 
3.500e+01 ; 4.800e+00 ; 2.100e+00 ; 9.8559002e+01 ; 8.8135506e+01 
3.500e+01 ; 4.800e+00 ; 2.100e+00 ; 9.8567002e+01 ; 8.8134453e+01 
3.500e+01 ; 4.800e+00 ; 2.100e+00 ; 9.8583002e+01 ; 8.8132332e+01 
3.500e+01 ; 4.800e+00 ; 2.100e+00 ; 9.8615002e+01 ; 8.8128006e+01 
3.500e+01 ; 4.800e+00 ; 2.100e+00 ; 9.8679002e+01 ; 8.8119011e+01 
3.500e+01 ; 4.800e+00 ; 2.100e+00 ; 9.8807002e+01 ; 8.8099777e+01 
3.500e+01 ; 4.800e+00 ; 2.100e+00 ; 9.9063002e+01 ; 8.8056946e+01 
3.500e+01 ; 4.800e+00 ; 2.100e+00 ; 9.9575002e+01 ; 8.7958023e+01 
3.500e+01 ; 4.800e+00 ; 2.100e+00 ; 9.9900002e+01 ; 8.7890793e+01 
3.500e+01 ; 4.800e+00 ; 2.100e+00 ; 9.9900002e+01 ; 8.7890793e+01 
3.500e+01 ; 4.800e+00 ; 2.100e+00 ; 9.9901002e+01 ; 8.7890587e+01 
3.500e+01 ; 4.800e+00 ; 2.100e+00 ; 9.9902002e+01 ; 8.7890381e+01 
3.500e+01 ; 4.800e+00 ; 2.100e+00 ; 9.9903002e+01 ; 8.7890175e+01 
3.500e+01 ; 4.800e+00 ; 2.100e+00 ; 9.9905002e+01 ; 8.7889763e+01 
3.500e+01 ; 4.800e+00 ; 2.100e+00 ; 9.9909002e+01 ; 8.7888931e+01 
3.500e+01 ; 4.800e+00 ; 2.100e+00 ; 9.9917002e+01 ; 8.7887268e+01 
3.500e+01 ; 4.800e+00 ; 2.100e+00 ; 9.9933002e+01 ; 8.7883942e+01 
3.500e+01 ; 4.800e+00 ; 2.100e+00 ; 9.9965002e+01 ; 8.7877235e+01 
3.500e+01 ; 4.800e+00 ; 2.100e+00 ; 1.0002900e+02 ; 8.7863670e+01 
3.500e+01 ; 4.800e+00 ; 2.100e+00 ; 1.0015700e+02 ; 8.7835953e+01 
3.500e+01 ; 4.800e+00 ; 2.100e+00 ; 1.0041300e+02 ; 8.7778542e+01 
3.500e+01 ; 4.800e+00 ; 2.100e+00 ; 1.0092500e+02 ; 8.7658028e+01 
3.500e+01 ; 4.800e+00 ; 2.100e+00 ; 1.0125000e+02 ; 8.7579735e+01 
3.500e+01 ; 4.800e+00 ; 2.100e+00 ; 1.0125000e+02 ; 8.7579735e+01 
3.500e+01 ; 4.800e+00 ; 2.100e+00 ; 1.0125100e+02 ; 8.7579491e+01 
3.500e+01 ; 4.800e+00 ; 2.100e+00 ; 1.0125200e+02 ; 8.7579247e+01 
3.500e+01 ; 4.800e+00 ; 2.100e+00 ; 1.0125300e+02 ; 8.7579010e+01 
3.500e+01 ; 4.800e+00 ; 2.100e+00 ; 1.0125500e+02 ; 8.7578529e+01 
3.500e+01 ; 4.800e+00 ; 2.100e+00 ; 1.0125900e+02 ; 8.7577560e+01 
3.500e+01 ; 4.800e+00 ; 2.100e+00 ; 1.0126700e+02 ; 8.7575630e+01 
3.500e+01 ; 4.800e+00 ; 2.100e+00 ; 1.0128300e+02 ; 8.7571770e+01 
3.500e+01 ; 4.800e+00 ; 2.100e+00 ; 1.0131500e+02 ; 8.7564026e+01 
3.500e+01 ; 4.800e+00 ; 2.100e+00 ; 1.0137900e+02 ; 8.7548477e+01 
3.500e+01 ; 4.800e+00 ; 2.100e+00 ; 1.0150700e+02 ; 8.7517159e+01 
3.500e+01 ; 4.800e+00 ; 2.100e+00 ; 1.0176300e+02 ; 8.7453804e+01 
3.500e+01 ; 4.800e+00 ; 2.100e+00 ; 1.0227500e+02 ; 8.7325478e+01 
3.500e+01 ; 4.800e+00 ; 2.100e+00 ; 1.0260000e+02 ; 8.7243614e+01 
3.500e+01 ; 4.800e+00 ; 2.100e+00 ; 1.0260000e+02 ; 8.7243614e+01 
3.500e+01 ; 4.800e+00 ; 2.100e+00 ; 1.0260100e+02 ; 8.7243362e+01 
3.500e+01 ; 4.800e+00 ; 2.100e+00 ; 1.0260200e+02 ; 8.7243111e+01 
3.500e+01 ; 4.800e+00 ; 2.100e+00 ; 1.0260300e+02 ; 8.7242859e+01 
3.500e+01 ; 4.800e+00 ; 2.100e+00 ; 1.0260500e+02 ; 8.7242355e+01 
3.500e+01 ; 4.800e+00 ; 2.100e+00 ; 1.0260900e+02 ; 8.7241348e+01 
3.500e+01 ; 4.800e+00 ; 2.100e+00 ; 1.0261700e+02 ; 8.7239326e+01 
3.500e+01 ; 4.800e+00 ; 2.100e+00 ; 1.0263300e+02 ; 8.7235298e+01 
3.500e+01 ; 4.800e+00 ; 2.100e+00 ; 1.0266500e+02 ; 8.7227234e+01 
3.500e+01 ; 4.800e+00 ; 2.100e+00 ; 1.0272900e+02 ; 8.7211082e+01 
3.500e+01 ; 4.800e+00 ; 2.100e+00 ; 1.0285700e+02 ; 8.7178757e+01 
3.500e+01 ; 4.800e+00 ; 2.100e+00 ; 1.0311300e+02 ; 8.7114075e+01 
3.500e+01 ; 4.800e+00 ; 2.100e+00 ; 1.0362500e+02 ; 8.6985184e+01 
3.500e+01 ; 4.800e+00 ; 2.100e+00 ; 1.0395000e+02 ; 8.6903702e+01 
3.500e+01 ; 4.800e+00 ; 2.100e+00 ; 1.0395000e+02 ; 8.6903702e+01 
3.500e+01 ; 4.800e+00 ; 2.100e+00 ; 1.0395100e+02 ; 8.6903458e+01 
3.500e+01 ; 4.800e+00 ; 2.100e+00 ; 1.0395200e+02 ; 8.6903206e+01 
3.500e+01 ; 4.800e+00 ; 2.100e+00 ; 1.0395300e+02 ; 8.6902954e+01 
3.500e+01 ; 4.800e+00 ; 2.100e+00 ; 1.0395500e+02 ; 8.6902451e+01 
3.500e+01 ; 4.800e+00 ; 2.100e+00 ; 1.0395900e+02 ; 8.6901451e+01 
3.500e+01 ; 4.800e+00 ; 2.100e+00 ; 1.0396700e+02 ; 8.6899445e+01 
3.500e+01 ; 4.800e+00 ; 2.100e+00 ; 1.0398300e+02 ; 8.6895432e+01 
3.500e+01 ; 4.800e+00 ; 2.100e+00 ; 1.0401500e+02 ; 8.6887421e+01 
3.500e+01 ; 4.800e+00 ; 2.100e+00 ; 1.0407900e+02 ; 8.6871399e+01 
3.500e+01 ; 4.800e+00 ; 2.100e+00 ; 1.0420700e+02 ; 8.6839432e+01 
3.500e+01 ; 4.800e+00 ; 2.100e+00 ; 1.0446300e+02 ; 8.6775818e+01 
3.500e+01 ; 4.800e+00 ; 2.100e+00 ; 1.0497500e+02 ; 8.6650192e+01 
3.500e+01 ; 4.800e+00 ; 2.100e+00 ; 1.0530000e+02 ; 8.6571182e+01 
3.500e+01 ; 4.800e+00 ; 2.100e+00 ; 1.0530000e+02 ; 8.6571182e+01 
3.500e+01 ; 4.800e+00 ; 2.100e+00 ; 1.0530100e+02 ; 8.6570938e+01 
3.500e+01 ; 4.800e+00 ; 2.100e+00 ; 1.0530200e+02 ; 8.6570702e+01 
3.500e+01 ; 4.800e+00 ; 2.100e+00 ; 1.0530300e+02 ; 8.6570457e+01 
3.500e+01 ; 4.800e+00 ; 2.100e+00 ; 1.0530500e+02 ; 8.6569969e+01 
3.500e+01 ; 4.800e+00 ; 2.100e+00 ; 1.0530900e+02 ; 8.6569000e+01 
3.500e+01 ; 4.800e+00 ; 2.100e+00 ; 1.0531700e+02 ; 8.6567055e+01 
3.500e+01 ; 4.800e+00 ; 2.100e+00 ; 1.0533300e+02 ; 8.6563164e+01 
3.500e+01 ; 4.800e+00 ; 2.100e+00 ; 1.0536500e+02 ; 8.6555405e+01 
3.500e+01 ; 4.800e+00 ; 2.100e+00 ; 1.0542900e+02 ; 8.6539902e+01 
3.500e+01 ; 4.800e+00 ; 2.100e+00 ; 1.0555700e+02 ; 8.6509026e+01 
3.500e+01 ; 4.800e+00 ; 2.100e+00 ; 1.0581300e+02 ; 8.6447815e+01 
3.500e+01 ; 4.800e+00 ; 2.100e+00 ; 1.0632500e+02 ; 8.6327972e+01 
3.500e+01 ; 4.800e+00 ; 2.100e+00 ; 1.0665000e+02 ; 8.6253052e+01 
3.500e+01 ; 4.800e+00 ; 2.100e+00 ; 1.0665000e+02 ; 8.6253052e+01 
3.500e+01 ; 4.800e+00 ; 2.100e+00 ; 1.0665100e+02 ; 8.6252823e+01 
3.500e+01 ; 4.800e+00 ; 2.100e+00 ; 1.0665200e+02 ; 8.6252594e+01 
3.500e+01 ; 4.800e+00 ; 2.100e+00 ; 1.0665300e+02 ; 8.6252365e+01 
3.500e+01 ; 4.800e+00 ; 2.100e+00 ; 1.0665500e+02 ; 8.6251900e+01 
3.500e+01 ; 4.800e+00 ; 2.100e+00 ; 1.0665900e+02 ; 8.6250984e+01 
3.500e+01 ; 4.800e+00 ; 2.100e+00 ; 1.0666700e+02 ; 8.6249138e+01 
3.500e+01 ; 4.800e+00 ; 2.100e+00 ; 1.0668300e+02 ; 8.6245453e+01 
3.500e+01 ; 4.800e+00 ; 2.100e+00 ; 1.0671500e+02 ; 8.6238106e+01 
3.500e+01 ; 4.800e+00 ; 2.100e+00 ; 1.0677900e+02 ; 8.6223450e+01 
3.500e+01 ; 4.800e+00 ; 2.100e+00 ; 1.0690700e+02 ; 8.6194366e+01 
3.500e+01 ; 4.800e+00 ; 2.100e+00 ; 1.0716300e+02 ; 8.6137459e+01 
3.500e+01 ; 4.800e+00 ; 2.100e+00 ; 1.0767500e+02 ; 8.6030655e+01 
3.500e+01 ; 4.800e+00 ; 2.100e+00 ; 1.0800000e+02 ; 8.5965988e+01 
3.500e+01 ; 4.800e+00 ; 2.100e+00 ; 1.0800000e+02 ; 8.5965988e+01 
3.500e+01 ; 4.800e+00 ; 2.100e+00 ; 1.0800100e+02 ; 8.5965790e+01 
3.500e+01 ; 4.800e+00 ; 2.100e+00 ; 1.0800200e+02 ; 8.5965591e+01 
3.500e+01 ; 4.800e+00 ; 2.100e+00 ; 1.0800300e+02 ; 8.5965393e+01 
3.500e+01 ; 4.800e+00 ; 2.100e+00 ; 1.0800500e+02 ; 8.5964996e+01 
3.500e+01 ; 4.800e+00 ; 2.100e+00 ; 1.0800900e+02 ; 8.5964203e+01 
3.500e+01 ; 4.800e+00 ; 2.100e+00 ; 1.0801700e+02 ; 8.5962608e+01 
3.500e+01 ; 4.800e+00 ; 2.100e+00 ; 1.0803300e+02 ; 8.5959442e+01 
3.500e+01 ; 4.800e+00 ; 2.100e+00 ; 1.0806500e+02 ; 8.5953140e+01 
3.500e+01 ; 4.800e+00 ; 2.100e+00 ; 1.0812900e+02 ; 8.5940666e+01 
3.500e+01 ; 4.800e+00 ; 2.100e+00 ; 1.0825700e+02 ; 8.5916367e+01 
3.500e+01 ; 4.800e+00 ; 2.100e+00 ; 1.0851300e+02 ; 8.5871162e+01 
3.500e+01 ; 4.800e+00 ; 2.100e+00 ; 1.0902500e+02 ; 8.5798462e+01 
3.500e+01 ; 4.800e+00 ; 2.100e+00 ; 1.0935000e+02 ; 8.5759819e+01 
3.500e+01 ; 4.800e+00 ; 2.100e+00 ; 1.0935000e+02 ; 8.5759819e+01 
3.500e+01 ; 4.800e+00 ; 2.100e+00 ; 1.0935100e+02 ; 8.5759697e+01 
3.500e+01 ; 4.800e+00 ; 2.100e+00 ; 1.0935200e+02 ; 8.5759583e+01 
3.500e+01 ; 4.800e+00 ; 2.100e+00 ; 1.0935300e+02 ; 8.5759460e+01 
3.500e+01 ; 4.800e+00 ; 2.100e+00 ; 1.0935500e+02 ; 8.5759224e+01 
3.500e+01 ; 4.800e+00 ; 2.100e+00 ; 1.0935900e+02 ; 8.5758751e+01 
3.500e+01 ; 4.800e+00 ; 2.100e+00 ; 1.0936700e+02 ; 8.5757812e+01 
3.500e+01 ; 4.800e+00 ; 2.100e+00 ; 1.0938300e+02 ; 8.5755943e+01 
3.500e+01 ; 4.800e+00 ; 2.100e+00 ; 1.0941500e+02 ; 8.5752289e+01 
3.500e+01 ; 4.800e+00 ; 2.100e+00 ; 1.0947900e+02 ; 8.5745285e+01 
3.500e+01 ; 4.800e+00 ; 2.100e+00 ; 1.0960700e+02 ; 8.5732643e+01 
3.500e+01 ; 4.800e+00 ; 2.100e+00 ; 1.0986300e+02 ; 8.5713791e+01 
3.500e+01 ; 4.800e+00 ; 2.100e+00 ; 1.1037500e+02 ; 8.5705009e+01 
3.500e+01 ; 4.800e+00 ; 2.100e+00 ; 1.1070000e+02 ; 8.5710808e+01 
3.500e+01 ; 4.800e+00 ; 2.100e+00 ; 1.1070000e+02 ; 8.5710808e+01 
3.500e+01 ; 4.800e+00 ; 2.100e+00 ; 1.1070100e+02 ; 8.5710823e+01 
3.500e+01 ; 4.800e+00 ; 2.100e+00 ; 1.1070200e+02 ; 8.5710846e+01 
3.500e+01 ; 4.800e+00 ; 2.100e+00 ; 1.1070300e+02 ; 8.5710861e+01 
3.500e+01 ; 4.800e+00 ; 2.100e+00 ; 1.1070500e+02 ; 8.5710899e+01 
3.500e+01 ; 4.800e+00 ; 2.100e+00 ; 1.1070900e+02 ; 8.5710976e+01 
3.500e+01 ; 4.800e+00 ; 2.100e+00 ; 1.1071700e+02 ; 8.5711128e+01 
3.500e+01 ; 4.800e+00 ; 2.100e+00 ; 1.1073300e+02 ; 8.5711472e+01 
3.500e+01 ; 4.800e+00 ; 2.100e+00 ; 1.1076500e+02 ; 8.5712265e+01 
3.500e+01 ; 4.800e+00 ; 2.100e+00 ; 1.1082900e+02 ; 8.5714302e+01 
3.500e+01 ; 4.800e+00 ; 2.100e+00 ; 1.1095700e+02 ; 8.5720177e+01 
3.500e+01 ; 4.800e+00 ; 2.100e+00 ; 1.1121300e+02 ; 8.5739426e+01 
3.500e+01 ; 4.800e+00 ; 2.100e+00 ; 1.1172500e+02 ; 8.5805412e+01 
3.500e+01 ; 4.800e+00 ; 2.100e+00 ; 1.1205000e+02 ; 8.5856865e+01 
3.500e+01 ; 4.800e+00 ; 2.100e+00 ; 1.1205000e+02 ; 8.5856865e+01 
3.500e+01 ; 4.800e+00 ; 2.100e+00 ; 1.1205100e+02 ; 8.5857018e+01 
3.500e+01 ; 4.800e+00 ; 2.100e+00 ; 1.1205200e+02 ; 8.5857178e+01 
3.500e+01 ; 4.800e+00 ; 2.100e+00 ; 1.1205300e+02 ; 8.5857338e+01 
3.500e+01 ; 4.800e+00 ; 2.100e+00 ; 1.1205500e+02 ; 8.5857658e+01 
3.500e+01 ; 4.800e+00 ; 2.100e+00 ; 1.1205900e+02 ; 8.5858292e+01 
3.500e+01 ; 4.800e+00 ; 2.100e+00 ; 1.1206700e+02 ; 8.5859573e+01 
3.500e+01 ; 4.800e+00 ; 2.100e+00 ; 1.1208300e+02 ; 8.5862152e+01 
3.500e+01 ; 4.800e+00 ; 2.100e+00 ; 1.1211500e+02 ; 8.5867401e+01 
3.500e+01 ; 4.800e+00 ; 2.100e+00 ; 1.1217900e+02 ; 8.5878250e+01 
3.500e+01 ; 4.800e+00 ; 2.100e+00 ; 1.1230700e+02 ; 8.5901245e+01 
3.500e+01 ; 4.800e+00 ; 2.100e+00 ; 1.1256300e+02 ; 8.5951645e+01 
3.500e+01 ; 4.800e+00 ; 2.100e+00 ; 1.1307500e+02 ; 8.6062424e+01 
3.500e+01 ; 4.800e+00 ; 2.100e+00 ; 1.1340000e+02 ; 8.6134598e+01 
3.500e+01 ; 4.800e+00 ; 2.100e+00 ; 1.1340000e+02 ; 8.6134598e+01 
3.500e+01 ; 4.800e+00 ; 2.100e+00 ; 1.1340100e+02 ; 8.6134819e+01 
3.500e+01 ; 4.800e+00 ; 2.100e+00 ; 1.1340200e+02 ; 8.6135040e+01 
3.500e+01 ; 4.800e+00 ; 2.100e+00 ; 1.1340300e+02 ; 8.6135262e+01 
3.500e+01 ; 4.800e+00 ; 2.100e+00 ; 1.1340500e+02 ; 8.6135712e+01 
3.500e+01 ; 4.800e+00 ; 2.100e+00 ; 1.1340900e+02 ; 8.6136597e+01 
3.500e+01 ; 4.800e+00 ; 2.100e+00 ; 1.1341700e+02 ; 8.6138374e+01 
3.500e+01 ; 4.800e+00 ; 2.100e+00 ; 1.1343300e+02 ; 8.6141937e+01 
3.500e+01 ; 4.800e+00 ; 2.100e+00 ; 1.1346500e+02 ; 8.6149078e+01 
3.500e+01 ; 4.800e+00 ; 2.100e+00 ; 1.1352900e+02 ; 8.6163391e+01 
3.500e+01 ; 4.800e+00 ; 2.100e+00 ; 1.1365700e+02 ; 8.6192024e+01 
3.500e+01 ; 4.800e+00 ; 2.100e+00 ; 1.1391300e+02 ; 8.6248245e+01 
3.500e+01 ; 4.800e+00 ; 2.100e+00 ; 1.1442500e+02 ; 8.6349258e+01 
3.500e+01 ; 4.800e+00 ; 2.100e+00 ; 1.1475000e+02 ; 8.6407204e+01 
3.500e+01 ; 4.800e+00 ; 2.100e+00 ; 1.1475000e+02 ; 8.6407204e+01 
3.500e+01 ; 4.800e+00 ; 2.100e+00 ; 1.1475100e+02 ; 8.6407379e+01 
3.500e+01 ; 4.800e+00 ; 2.100e+00 ; 1.1475200e+02 ; 8.6407562e+01 
3.500e+01 ; 4.800e+00 ; 2.100e+00 ; 1.1475300e+02 ; 8.6407738e+01 
3.500e+01 ; 4.800e+00 ; 2.100e+00 ; 1.1475500e+02 ; 8.6408096e+01 
3.500e+01 ; 4.800e+00 ; 2.100e+00 ; 1.1475900e+02 ; 8.6408806e+01 
3.500e+01 ; 4.800e+00 ; 2.100e+00 ; 1.1476700e+02 ; 8.6410225e+01 
3.500e+01 ; 4.800e+00 ; 2.100e+00 ; 1.1478300e+02 ; 8.6413040e+01 
3.500e+01 ; 4.800e+00 ; 2.100e+00 ; 1.1481500e+02 ; 8.6418625e+01 
3.500e+01 ; 4.800e+00 ; 2.100e+00 ; 1.1487900e+02 ; 8.6429520e+01 
3.500e+01 ; 4.800e+00 ; 2.100e+00 ; 1.1500700e+02 ; 8.6450165e+01 
3.500e+01 ; 4.800e+00 ; 2.100e+00 ; 1.1526300e+02 ; 8.6486305e+01 
3.500e+01 ; 4.800e+00 ; 2.100e+00 ; 1.1577500e+02 ; 8.6535156e+01 
3.500e+01 ; 4.800e+00 ; 2.100e+00 ; 1.1610000e+02 ; 8.6556282e+01 
3.500e+01 ; 4.800e+00 ; 2.100e+00 ; 1.1610000e+02 ; 8.6556282e+01 
3.500e+01 ; 4.800e+00 ; 2.100e+00 ; 1.1610100e+02 ; 8.6556343e+01 
3.500e+01 ; 4.800e+00 ; 2.100e+00 ; 1.1610200e+02 ; 8.6556412e+01 
3.500e+01 ; 4.800e+00 ; 2.100e+00 ; 1.1610300e+02 ; 8.6556473e+01 
3.500e+01 ; 4.800e+00 ; 2.100e+00 ; 1.1610500e+02 ; 8.6556602e+01 
3.500e+01 ; 4.800e+00 ; 2.100e+00 ; 1.1610900e+02 ; 8.6556862e+01 
3.500e+01 ; 4.800e+00 ; 2.100e+00 ; 1.1611700e+02 ; 8.6557365e+01 
3.500e+01 ; 4.800e+00 ; 2.100e+00 ; 1.1613300e+02 ; 8.6558357e+01 
3.500e+01 ; 4.800e+00 ; 2.100e+00 ; 1.1616500e+02 ; 8.6560242e+01 
3.500e+01 ; 4.800e+00 ; 2.100e+00 ; 1.1622900e+02 ; 8.6563622e+01 
3.500e+01 ; 4.800e+00 ; 2.100e+00 ; 1.1635700e+02 ; 8.6568817e+01 
3.500e+01 ; 4.800e+00 ; 2.100e+00 ; 1.1661300e+02 ; 8.6572914e+01 
3.500e+01 ; 4.800e+00 ; 2.100e+00 ; 1.1712500e+02 ; 8.6556801e+01 
3.500e+01 ; 4.800e+00 ; 2.100e+00 ; 1.1745000e+02 ; 8.6537117e+01 
3.500e+01 ; 4.800e+00 ; 2.100e+00 ; 1.1745000e+02 ; 8.6537117e+01 
3.500e+01 ; 4.800e+00 ; 2.100e+00 ; 1.1745100e+02 ; 8.6537056e+01 
3.500e+01 ; 4.800e+00 ; 2.100e+00 ; 1.1745200e+02 ; 8.6536995e+01 
3.500e+01 ; 4.800e+00 ; 2.100e+00 ; 1.1745300e+02 ; 8.6536934e+01 
3.500e+01 ; 4.800e+00 ; 2.100e+00 ; 1.1745500e+02 ; 8.6536812e+01 
3.500e+01 ; 4.800e+00 ; 2.100e+00 ; 1.1745900e+02 ; 8.6536568e+01 
3.500e+01 ; 4.800e+00 ; 2.100e+00 ; 1.1746700e+02 ; 8.6536072e+01 
3.500e+01 ; 4.800e+00 ; 2.100e+00 ; 1.1748300e+02 ; 8.6535057e+01 
3.500e+01 ; 4.800e+00 ; 2.100e+00 ; 1.1751500e+02 ; 8.6532936e+01 
3.500e+01 ; 4.800e+00 ; 2.100e+00 ; 1.1757900e+02 ; 8.6528328e+01 
3.500e+01 ; 4.800e+00 ; 2.100e+00 ; 1.1770700e+02 ; 8.6517693e+01 
3.500e+01 ; 4.800e+00 ; 2.100e+00 ; 1.1796300e+02 ; 8.6491005e+01 
3.500e+01 ; 4.800e+00 ; 2.100e+00 ; 1.1847500e+02 ; 8.6418068e+01 
3.500e+01 ; 4.800e+00 ; 2.100e+00 ; 1.1880000e+02 ; 8.6364471e+01 
3.500e+01 ; 4.800e+00 ; 2.100e+00 ; 1.1880000e+02 ; 8.6364471e+01 
3.500e+01 ; 4.800e+00 ; 2.100e+00 ; 1.1880100e+02 ; 8.6364304e+01 
3.500e+01 ; 4.800e+00 ; 2.100e+00 ; 1.1880200e+02 ; 8.6364136e+01 
3.500e+01 ; 4.800e+00 ; 2.100e+00 ; 1.1880300e+02 ; 8.6363976e+01 
3.500e+01 ; 4.800e+00 ; 2.100e+00 ; 1.1880500e+02 ; 8.6363640e+01 
3.500e+01 ; 4.800e+00 ; 2.100e+00 ; 1.1880900e+02 ; 8.6362984e+01 
3.500e+01 ; 4.800e+00 ; 2.100e+00 ; 1.1881700e+02 ; 8.6361656e+01 
3.500e+01 ; 4.800e+00 ; 2.100e+00 ; 1.1883300e+02 ; 8.6358978e+01 
3.500e+01 ; 4.800e+00 ; 2.100e+00 ; 1.1886500e+02 ; 8.6353554e+01 
3.500e+01 ; 4.800e+00 ; 2.100e+00 ; 1.1892900e+02 ; 8.6342445e+01 
3.500e+01 ; 4.800e+00 ; 2.100e+00 ; 1.1905700e+02 ; 8.6319153e+01 
3.500e+01 ; 4.800e+00 ; 2.100e+00 ; 1.1931300e+02 ; 8.6268608e+01 
3.500e+01 ; 4.800e+00 ; 2.100e+00 ; 1.1982500e+02 ; 8.6153870e+01 
3.500e+01 ; 4.800e+00 ; 2.100e+00 ; 1.2015000e+02 ; 8.6076080e+01 
3.500e+01 ; 4.800e+00 ; 2.100e+00 ; 1.2015000e+02 ; 8.6076080e+01 
3.500e+01 ; 4.800e+00 ; 2.100e+00 ; 1.2015100e+02 ; 8.6075836e+01 
3.500e+01 ; 4.800e+00 ; 2.100e+00 ; 1.2015200e+02 ; 8.6075600e+01 
3.500e+01 ; 4.800e+00 ; 2.100e+00 ; 1.2015300e+02 ; 8.6075356e+01 
3.500e+01 ; 4.800e+00 ; 2.100e+00 ; 1.2015500e+02 ; 8.6074883e+01 
3.500e+01 ; 4.800e+00 ; 2.100e+00 ; 1.2015900e+02 ; 8.6073921e+01 
3.500e+01 ; 4.800e+00 ; 2.100e+00 ; 1.2016700e+02 ; 8.6071999e+01 
3.500e+01 ; 4.800e+00 ; 2.100e+00 ; 1.2018300e+02 ; 8.6068146e+01 
3.500e+01 ; 4.800e+00 ; 2.100e+00 ; 1.2021500e+02 ; 8.6060387e+01 
3.500e+01 ; 4.800e+00 ; 2.100e+00 ; 1.2027900e+02 ; 8.6044693e+01 
3.500e+01 ; 4.800e+00 ; 2.100e+00 ; 1.2040700e+02 ; 8.6012596e+01 
3.500e+01 ; 4.800e+00 ; 2.100e+00 ; 1.2066300e+02 ; 8.5945824e+01 
3.500e+01 ; 4.800e+00 ; 2.100e+00 ; 1.2117500e+02 ; 8.5803772e+01 
3.500e+01 ; 4.800e+00 ; 2.100e+00 ; 1.2150000e+02 ; 8.5710594e+01 
3.500e+01 ; 4.800e+00 ; 2.100e+00 ; 1.2150000e+02 ; 8.5710594e+01 
3.500e+01 ; 4.800e+00 ; 2.100e+00 ; 1.2150100e+02 ; 8.5710304e+01 
3.500e+01 ; 4.800e+00 ; 2.100e+00 ; 1.2150200e+02 ; 8.5710014e+01 
3.500e+01 ; 4.800e+00 ; 2.100e+00 ; 1.2150300e+02 ; 8.5709732e+01 
3.500e+01 ; 4.800e+00 ; 2.100e+00 ; 1.2150500e+02 ; 8.5709160e+01 
3.500e+01 ; 4.800e+00 ; 2.100e+00 ; 1.2150900e+02 ; 8.5708008e+01 
3.500e+01 ; 4.800e+00 ; 2.100e+00 ; 1.2151700e+02 ; 8.5705711e+01 
3.500e+01 ; 4.800e+00 ; 2.100e+00 ; 1.2153300e+02 ; 8.5701111e+01 
3.500e+01 ; 4.800e+00 ; 2.100e+00 ; 1.2156500e+02 ; 8.5691879e+01 
3.500e+01 ; 4.800e+00 ; 2.100e+00 ; 1.2162900e+02 ; 8.5673302e+01 
3.500e+01 ; 4.800e+00 ; 2.100e+00 ; 1.2175700e+02 ; 8.5635735e+01 
3.500e+01 ; 4.800e+00 ; 2.100e+00 ; 1.2201300e+02 ; 8.5559120e+01 
3.500e+01 ; 4.800e+00 ; 2.100e+00 ; 1.2252500e+02 ; 8.5401268e+01 
3.500e+01 ; 4.800e+00 ; 2.100e+00 ; 1.2285000e+02 ; 8.5299522e+01 
3.500e+01 ; 4.800e+00 ; 2.100e+00 ; 1.2285000e+02 ; 8.5299522e+01 
3.500e+01 ; 4.800e+00 ; 2.100e+00 ; 1.2286000e+02 ; 8.5296387e+01 
3.500e+01 ; 4.800e+00 ; 2.100e+00 ; 1.2287000e+02 ; 8.5293251e+01 
3.500e+01 ; 4.800e+00 ; 2.100e+00 ; 1.2288000e+02 ; 8.5290123e+01 
3.500e+01 ; 4.800e+00 ; 2.100e+00 ; 1.2290000e+02 ; 8.5283844e+01 
3.500e+01 ; 4.800e+00 ; 2.100e+00 ; 1.2294000e+02 ; 8.5271271e+01 
3.500e+01 ; 4.800e+00 ; 2.100e+00 ; 1.2302000e+02 ; 8.5246033e+01 
3.500e+01 ; 4.800e+00 ; 2.100e+00 ; 1.2318000e+02 ; 8.5195267e+01 
3.500e+01 ; 4.800e+00 ; 2.100e+00 ; 1.2350000e+02 ; 8.5092751e+01 
3.500e+01 ; 4.800e+00 ; 2.100e+00 ; 1.2414000e+02 ; 8.4885452e+01 
3.500e+01 ; 4.800e+00 ; 2.100e+00 ; 1.2542000e+02 ; 8.4471130e+01 
3.500e+01 ; 4.800e+00 ; 2.100e+00 ; 1.2734000e+02 ; 8.3868904e+01 
3.500e+01 ; 4.800e+00 ; 2.100e+00 ; 1.2785000e+02 ; 8.3710594e+01