X ; Y ; Z ; time ; Temperature 
3.500e+01 ; 1.600e+00 ; 2.800e+00 ; 0.0000000e+00 ; 2.3700000e+02 
3.500e+01 ; 1.600e+00 ; 2.800e+00 ; 1.0000000e-03 ; 2.3700000e+02 
3.500e+01 ; 1.600e+00 ; 2.800e+00 ; 2.0000001e-03 ; 2.3700000e+02 
3.500e+01 ; 1.600e+00 ; 2.800e+00 ; 3.0000000e-03 ; 2.3700000e+02 
3.500e+01 ; 1.600e+00 ; 2.800e+00 ; 4.9999999e-03 ; 2.3700000e+02 
3.500e+01 ; 1.600e+00 ; 2.800e+00 ; 8.9999996e-03 ; 2.3700000e+02 
3.500e+01 ; 1.600e+00 ; 2.800e+00 ; 1.7000001e-02 ; 2.3700000e+02 
3.500e+01 ; 1.600e+00 ; 2.800e+00 ; 3.3000000e-02 ; 2.3700000e+02 
3.500e+01 ; 1.600e+00 ; 2.800e+00 ; 6.4999998e-02 ; 2.3700000e+02 
3.500e+01 ; 1.600e+00 ; 2.800e+00 ; 1.2899999e-01 ; 2.3700000e+02 
3.500e+01 ; 1.600e+00 ; 2.800e+00 ; 2.5700000e-01 ; 2.3700000e+02 
3.500e+01 ; 1.600e+00 ; 2.800e+00 ; 5.1300001e-01 ; 2.3700000e+02 
3.500e+01 ; 1.600e+00 ; 2.800e+00 ; 1.0250000e+00 ; 2.3700000e+02 
3.500e+01 ; 1.600e+00 ; 2.800e+00 ; 1.3500000e+00 ; 2.3700000e+02 
3.500e+01 ; 1.600e+00 ; 2.800e+00 ; 1.3500000e+00 ; 2.3700000e+02 
3.500e+01 ; 1.600e+00 ; 2.800e+00 ; 1.3510000e+00 ; 2.3700000e+02 
3.500e+01 ; 1.600e+00 ; 2.800e+00 ; 1.3520000e+00 ; 2.3700000e+02 
3.500e+01 ; 1.600e+00 ; 2.800e+00 ; 1.3530000e+00 ; 2.3700000e+02 
3.500e+01 ; 1.600e+00 ; 2.800e+00 ; 1.3550000e+00 ; 2.3700000e+02 
3.500e+01 ; 1.600e+00 ; 2.800e+00 ; 1.3590000e+00 ; 2.3700000e+02 
3.500e+01 ; 1.600e+00 ; 2.800e+00 ; 1.3670000e+00 ; 2.3700000e+02 
3.500e+01 ; 1.600e+00 ; 2.800e+00 ; 1.3830000e+00 ; 2.3700000e+02 
3.500e+01 ; 1.600e+00 ; 2.800e+00 ; 1.4150000e+00 ; 2.3700000e+02 
3.500e+01 ; 1.600e+00 ; 2.800e+00 ; 1.4790000e+00 ; 2.3700000e+02 
3.500e+01 ; 1.600e+00 ; 2.800e+00 ; 1.6070000e+00 ; 2.3700000e+02 
3.500e+01 ; 1.600e+00 ; 2.800e+00 ; 1.8630000e+00 ; 2.3700000e+02 
3.500e+01 ; 1.600e+00 ; 2.800e+00 ; 2.3750000e+00 ; 2.3700000e+02 
3.500e+01 ; 1.600e+00 ; 2.800e+00 ; 2.7000000e+00 ; 2.3700000e+02 
3.500e+01 ; 1.600e+00 ; 2.800e+00 ; 2.7000000e+00 ; 2.3700000e+02 
3.500e+01 ; 1.600e+00 ; 2.800e+00 ; 2.7010000e+00 ; 2.3700000e+02 
3.500e+01 ; 1.600e+00 ; 2.800e+00 ; 2.7020000e+00 ; 2.3700000e+02 
3.500e+01 ; 1.600e+00 ; 2.800e+00 ; 2.7030000e+00 ; 2.3700000e+02 
3.500e+01 ; 1.600e+00 ; 2.800e+00 ; 2.7050000e+00 ; 2.3700000e+02 
3.500e+01 ; 1.600e+00 ; 2.800e+00 ; 2.7090000e+00 ; 2.3700000e+02 
3.500e+01 ; 1.600e+00 ; 2.800e+00 ; 2.7170000e+00 ; 2.3700000e+02 
3.500e+01 ; 1.600e+00 ; 2.800e+00 ; 2.7330000e+00 ; 2.3700000e+02 
3.500e+01 ; 1.600e+00 ; 2.800e+00 ; 2.7650000e+00 ; 2.3700000e+02 
3.500e+01 ; 1.600e+00 ; 2.800e+00 ; 2.8290000e+00 ; 2.3700000e+02 
3.500e+01 ; 1.600e+00 ; 2.800e+00 ; 2.9570000e+00 ; 2.3700000e+02 
3.500e+01 ; 1.600e+00 ; 2.800e+00 ; 3.2130001e+00 ; 2.3700000e+02 
3.500e+01 ; 1.600e+00 ; 2.800e+00 ; 3.7250000e+00 ; 2.3700000e+02 
3.500e+01 ; 1.600e+00 ; 2.800e+00 ; 4.0500001e+00 ; 2.3700000e+02 
3.500e+01 ; 1.600e+00 ; 2.800e+00 ; 4.0500001e+00 ; 2.3700000e+02 
3.500e+01 ; 1.600e+00 ; 2.800e+00 ; 4.0510001e+00 ; 2.3700000e+02 
3.500e+01 ; 1.600e+00 ; 2.800e+00 ; 4.0520001e+00 ; 2.3700000e+02 
3.500e+01 ; 1.600e+00 ; 2.800e+00 ; 4.0530001e+00 ; 2.3700000e+02 
3.500e+01 ; 1.600e+00 ; 2.800e+00 ; 4.0550001e+00 ; 2.3700000e+02 
3.500e+01 ; 1.600e+00 ; 2.800e+00 ; 4.0590001e+00 ; 2.3700000e+02 
3.500e+01 ; 1.600e+00 ; 2.800e+00 ; 4.0670001e+00 ; 2.3700000e+02 
3.500e+01 ; 1.600e+00 ; 2.800e+00 ; 4.0830001e+00 ; 2.3700000e+02 
3.500e+01 ; 1.600e+00 ; 2.800e+00 ; 4.1150001e+00 ; 2.3700000e+02 
3.500e+01 ; 1.600e+00 ; 2.800e+00 ; 4.1790001e+00 ; 2.3700000e+02 
3.500e+01 ; 1.600e+00 ; 2.800e+00 ; 4.3070001e+00 ; 2.3700000e+02 
3.500e+01 ; 1.600e+00 ; 2.800e+00 ; 4.5630001e+00 ; 2.3700000e+02 
3.500e+01 ; 1.600e+00 ; 2.800e+00 ; 5.0750000e+00 ; 2.3700000e+02 
3.500e+01 ; 1.600e+00 ; 2.800e+00 ; 5.4000001e+00 ; 2.3700000e+02 
3.500e+01 ; 1.600e+00 ; 2.800e+00 ; 5.4000001e+00 ; 2.3700000e+02 
3.500e+01 ; 1.600e+00 ; 2.800e+00 ; 5.4010001e+00 ; 2.3700000e+02 
3.500e+01 ; 1.600e+00 ; 2.800e+00 ; 5.4020001e+00 ; 2.3700000e+02 
3.500e+01 ; 1.600e+00 ; 2.800e+00 ; 5.4030001e+00 ; 2.3700000e+02 
3.500e+01 ; 1.600e+00 ; 2.800e+00 ; 5.4050001e+00 ; 2.3700000e+02 
3.500e+01 ; 1.600e+00 ; 2.800e+00 ; 5.4090001e+00 ; 2.3700000e+02 
3.500e+01 ; 1.600e+00 ; 2.800e+00 ; 5.4170001e+00 ; 2.3700000e+02 
3.500e+01 ; 1.600e+00 ; 2.800e+00 ; 5.4330001e+00 ; 2.3700000e+02 
3.500e+01 ; 1.600e+00 ; 2.800e+00 ; 5.4650001e+00 ; 2.3700000e+02 
3.500e+01 ; 1.600e+00 ; 2.800e+00 ; 5.5290001e+00 ; 2.3700000e+02 
3.500e+01 ; 1.600e+00 ; 2.800e+00 ; 5.6570001e+00 ; 2.3700000e+02 
3.500e+01 ; 1.600e+00 ; 2.800e+00 ; 5.9130001e+00 ; 2.3700000e+02 
3.500e+01 ; 1.600e+00 ; 2.800e+00 ; 6.4250001e+00 ; 2.3700000e+02 
3.500e+01 ; 1.600e+00 ; 2.800e+00 ; 6.7500001e+00 ; 2.3700000e+02 
3.500e+01 ; 1.600e+00 ; 2.800e+00 ; 6.7500001e+00 ; 2.3700000e+02 
3.500e+01 ; 1.600e+00 ; 2.800e+00 ; 6.7510001e+00 ; 2.3700000e+02 
3.500e+01 ; 1.600e+00 ; 2.800e+00 ; 6.7520001e+00 ; 2.3700000e+02 
3.500e+01 ; 1.600e+00 ; 2.800e+00 ; 6.7530001e+00 ; 2.3700000e+02 
3.500e+01 ; 1.600e+00 ; 2.800e+00 ; 6.7550001e+00 ; 2.3700000e+02 
3.500e+01 ; 1.600e+00 ; 2.800e+00 ; 6.7590001e+00 ; 2.3700000e+02 
3.500e+01 ; 1.600e+00 ; 2.800e+00 ; 6.7670001e+00 ; 2.3700000e+02 
3.500e+01 ; 1.600e+00 ; 2.800e+00 ; 6.7830001e+00 ; 2.3700000e+02 
3.500e+01 ; 1.600e+00 ; 2.800e+00 ; 6.8150001e+00 ; 2.3700000e+02 
3.500e+01 ; 1.600e+00 ; 2.800e+00 ; 6.8790001e+00 ; 2.3700000e+02 
3.500e+01 ; 1.600e+00 ; 2.800e+00 ; 7.0070001e+00 ; 2.3700000e+02 
3.500e+01 ; 1.600e+00 ; 2.800e+00 ; 7.2630001e+00 ; 2.3700000e+02 
3.500e+01 ; 1.600e+00 ; 2.800e+00 ; 7.7750001e+00 ; 2.3700000e+02 
3.500e+01 ; 1.600e+00 ; 2.800e+00 ; 8.1000001e+00 ; 2.3700000e+02 
3.500e+01 ; 1.600e+00 ; 2.800e+00 ; 8.1000001e+00 ; 2.3700000e+02 
3.500e+01 ; 1.600e+00 ; 2.800e+00 ; 8.1010001e+00 ; 2.3700000e+02 
3.500e+01 ; 1.600e+00 ; 2.800e+00 ; 8.1020001e+00 ; 2.3700000e+02 
3.500e+01 ; 1.600e+00 ; 2.800e+00 ; 8.1030001e+00 ; 2.3700000e+02 
3.500e+01 ; 1.600e+00 ; 2.800e+00 ; 8.1050001e+00 ; 2.3700000e+02 
3.500e+01 ; 1.600e+00 ; 2.800e+00 ; 8.1090001e+00 ; 2.3700000e+02 
3.500e+01 ; 1.600e+00 ; 2.800e+00 ; 8.1170001e+00 ; 2.3700000e+02 
3.500e+01 ; 1.600e+00 ; 2.800e+00 ; 8.1330001e+00 ; 2.3700000e+02 
3.500e+01 ; 1.600e+00 ; 2.800e+00 ; 8.1650001e+00 ; 2.3700000e+02 
3.500e+01 ; 1.600e+00 ; 2.800e+00 ; 8.2290001e+00 ; 2.3700000e+02 
3.500e+01 ; 1.600e+00 ; 2.800e+00 ; 8.3570001e+00 ; 2.3700000e+02 
3.500e+01 ; 1.600e+00 ; 2.800e+00 ; 8.6130002e+00 ; 2.3700000e+02 
3.500e+01 ; 1.600e+00 ; 2.800e+00 ; 9.1250001e+00 ; 2.3700000e+02 
3.500e+01 ; 1.600e+00 ; 2.800e+00 ; 9.4500002e+00 ; 2.3700000e+02 
3.500e+01 ; 1.600e+00 ; 2.800e+00 ; 9.4500002e+00 ; 2.3700000e+02 
3.500e+01 ; 1.600e+00 ; 2.800e+00 ; 9.4510002e+00 ; 2.3700000e+02 
3.500e+01 ; 1.600e+00 ; 2.800e+00 ; 9.4520002e+00 ; 2.3700000e+02 
3.500e+01 ; 1.600e+00 ; 2.800e+00 ; 9.4530002e+00 ; 2.3700000e+02 
3.500e+01 ; 1.600e+00 ; 2.800e+00 ; 9.4550002e+00 ; 2.3700000e+02 
3.500e+01 ; 1.600e+00 ; 2.800e+00 ; 9.4590002e+00 ; 2.3700000e+02 
3.500e+01 ; 1.600e+00 ; 2.800e+00 ; 9.4670002e+00 ; 2.3700000e+02 
3.500e+01 ; 1.600e+00 ; 2.800e+00 ; 9.4830002e+00 ; 2.3700000e+02 
3.500e+01 ; 1.600e+00 ; 2.800e+00 ; 9.5150002e+00 ; 2.3700000e+02 
3.500e+01 ; 1.600e+00 ; 2.800e+00 ; 9.5790002e+00 ; 2.3700000e+02 
3.500e+01 ; 1.600e+00 ; 2.800e+00 ; 9.7070002e+00 ; 2.3700000e+02 
3.500e+01 ; 1.600e+00 ; 2.800e+00 ; 9.9630002e+00 ; 2.3700000e+02 
3.500e+01 ; 1.600e+00 ; 2.800e+00 ; 1.0475000e+01 ; 2.3700000e+02 
3.500e+01 ; 1.600e+00 ; 2.800e+00 ; 1.0800000e+01 ; 2.3700000e+02 
3.500e+01 ; 1.600e+00 ; 2.800e+00 ; 1.0800000e+01 ; 2.3700000e+02 
3.500e+01 ; 1.600e+00 ; 2.800e+00 ; 1.0801000e+01 ; 2.3700000e+02 
3.500e+01 ; 1.600e+00 ; 2.800e+00 ; 1.0802000e+01 ; 2.3700000e+02 
3.500e+01 ; 1.600e+00 ; 2.800e+00 ; 1.0803000e+01 ; 2.3700000e+02 
3.500e+01 ; 1.600e+00 ; 2.800e+00 ; 1.0805000e+01 ; 2.3700000e+02 
3.500e+01 ; 1.600e+00 ; 2.800e+00 ; 1.0809000e+01 ; 2.3700000e+02 
3.500e+01 ; 1.600e+00 ; 2.800e+00 ; 1.0817000e+01 ; 2.3700000e+02 
3.500e+01 ; 1.600e+00 ; 2.800e+00 ; 1.0833000e+01 ; 2.3700000e+02 
3.500e+01 ; 1.600e+00 ; 2.800e+00 ; 1.0865000e+01 ; 2.3700000e+02 
3.500e+01 ; 1.600e+00 ; 2.800e+00 ; 1.0929000e+01 ; 2.3700000e+02 
3.500e+01 ; 1.600e+00 ; 2.800e+00 ; 1.1057000e+01 ; 2.3700000e+02 
3.500e+01 ; 1.600e+00 ; 2.800e+00 ; 1.1313000e+01 ; 2.3700000e+02 
3.500e+01 ; 1.600e+00 ; 2.800e+00 ; 1.1825000e+01 ; 2.3700000e+02 
3.500e+01 ; 1.600e+00 ; 2.800e+00 ; 1.2150000e+01 ; 2.3700000e+02 
3.500e+01 ; 1.600e+00 ; 2.800e+00 ; 1.2150000e+01 ; 2.3700000e+02 
3.500e+01 ; 1.600e+00 ; 2.800e+00 ; 1.2151000e+01 ; 2.3700000e+02 
3.500e+01 ; 1.600e+00 ; 2.800e+00 ; 1.2152000e+01 ; 2.3700000e+02 
3.500e+01 ; 1.600e+00 ; 2.800e+00 ; 1.2153000e+01 ; 2.3700000e+02 
3.500e+01 ; 1.600e+00 ; 2.800e+00 ; 1.2155000e+01 ; 2.3700000e+02 
3.500e+01 ; 1.600e+00 ; 2.800e+00 ; 1.2159000e+01 ; 2.3700000e+02 
3.500e+01 ; 1.600e+00 ; 2.800e+00 ; 1.2167000e+01 ; 2.3700000e+02 
3.500e+01 ; 1.600e+00 ; 2.800e+00 ; 1.2183000e+01 ; 2.3700000e+02 
3.500e+01 ; 1.600e+00 ; 2.800e+00 ; 1.2215000e+01 ; 2.3700000e+02 
3.500e+01 ; 1.600e+00 ; 2.800e+00 ; 1.2279000e+01 ; 2.3700000e+02 
3.500e+01 ; 1.600e+00 ; 2.800e+00 ; 1.2407000e+01 ; 2.3700000e+02 
3.500e+01 ; 1.600e+00 ; 2.800e+00 ; 1.2663000e+01 ; 2.3700000e+02 
3.500e+01 ; 1.600e+00 ; 2.800e+00 ; 1.3175000e+01 ; 2.3700000e+02 
3.500e+01 ; 1.600e+00 ; 2.800e+00 ; 1.3500000e+01 ; 2.3700000e+02 
3.500e+01 ; 1.600e+00 ; 2.800e+00 ; 1.3500000e+01 ; 2.3700000e+02 
3.500e+01 ; 1.600e+00 ; 2.800e+00 ; 1.3501000e+01 ; 2.3700000e+02 
3.500e+01 ; 1.600e+00 ; 2.800e+00 ; 1.3502000e+01 ; 2.3700000e+02 
3.500e+01 ; 1.600e+00 ; 2.800e+00 ; 1.3503000e+01 ; 2.3700000e+02 
3.500e+01 ; 1.600e+00 ; 2.800e+00 ; 1.3505000e+01 ; 2.3700000e+02 
3.500e+01 ; 1.600e+00 ; 2.800e+00 ; 1.3509000e+01 ; 2.3700000e+02 
3.500e+01 ; 1.600e+00 ; 2.800e+00 ; 1.3517000e+01 ; 2.3700000e+02 
3.500e+01 ; 1.600e+00 ; 2.800e+00 ; 1.3533000e+01 ; 2.3700000e+02 
3.500e+01 ; 1.600e+00 ; 2.800e+00 ; 1.3565000e+01 ; 2.3700000e+02 
3.500e+01 ; 1.600e+00 ; 2.800e+00 ; 1.3629000e+01 ; 2.3700000e+02 
3.500e+01 ; 1.600e+00 ; 2.800e+00 ; 1.3757000e+01 ; 2.3700000e+02 
3.500e+01 ; 1.600e+00 ; 2.800e+00 ; 1.4013000e+01 ; 2.3700000e+02 
3.500e+01 ; 1.600e+00 ; 2.800e+00 ; 1.4525000e+01 ; 2.3700000e+02 
3.500e+01 ; 1.600e+00 ; 2.800e+00 ; 1.4850000e+01 ; 2.3700000e+02 
3.500e+01 ; 1.600e+00 ; 2.800e+00 ; 1.4850000e+01 ; 2.3700000e+02 
3.500e+01 ; 1.600e+00 ; 2.800e+00 ; 1.4851000e+01 ; 2.3700000e+02 
3.500e+01 ; 1.600e+00 ; 2.800e+00 ; 1.4852000e+01 ; 2.3700000e+02 
3.500e+01 ; 1.600e+00 ; 2.800e+00 ; 1.4853000e+01 ; 2.3700000e+02 
3.500e+01 ; 1.600e+00 ; 2.800e+00 ; 1.4855000e+01 ; 2.3700000e+02 
3.500e+01 ; 1.600e+00 ; 2.800e+00 ; 1.4859000e+01 ; 2.3700000e+02 
3.500e+01 ; 1.600e+00 ; 2.800e+00 ; 1.4867000e+01 ; 2.3700000e+02 
3.500e+01 ; 1.600e+00 ; 2.800e+00 ; 1.4883000e+01 ; 2.3700000e+02 
3.500e+01 ; 1.600e+00 ; 2.800e+00 ; 1.4915000e+01 ; 2.3700000e+02 
3.500e+01 ; 1.600e+00 ; 2.800e+00 ; 1.4979000e+01 ; 2.3700000e+02 
3.500e+01 ; 1.600e+00 ; 2.800e+00 ; 1.5107000e+01 ; 2.3700000e+02 
3.500e+01 ; 1.600e+00 ; 2.800e+00 ; 1.5363000e+01 ; 2.3700000e+02 
3.500e+01 ; 1.600e+00 ; 2.800e+00 ; 1.5875000e+01 ; 2.3700000e+02 
3.500e+01 ; 1.600e+00 ; 2.800e+00 ; 1.6200000e+01 ; 2.3700000e+02 
3.500e+01 ; 1.600e+00 ; 2.800e+00 ; 1.6200000e+01 ; 2.3700000e+02 
3.500e+01 ; 1.600e+00 ; 2.800e+00 ; 1.6201000e+01 ; 2.3700000e+02 
3.500e+01 ; 1.600e+00 ; 2.800e+00 ; 1.6202000e+01 ; 2.3700000e+02 
3.500e+01 ; 1.600e+00 ; 2.800e+00 ; 1.6203000e+01 ; 2.3700000e+02 
3.500e+01 ; 1.600e+00 ; 2.800e+00 ; 1.6205000e+01 ; 2.3700000e+02 
3.500e+01 ; 1.600e+00 ; 2.800e+00 ; 1.6209000e+01 ; 2.3700000e+02 
3.500e+01 ; 1.600e+00 ; 2.800e+00 ; 1.6217000e+01 ; 2.3700000e+02 
3.500e+01 ; 1.600e+00 ; 2.800e+00 ; 1.6233000e+01 ; 2.3700000e+02 
3.500e+01 ; 1.600e+00 ; 2.800e+00 ; 1.6265000e+01 ; 2.3700000e+02 
3.500e+01 ; 1.600e+00 ; 2.800e+00 ; 1.6329000e+01 ; 2.3700000e+02 
3.500e+01 ; 1.600e+00 ; 2.800e+00 ; 1.6457000e+01 ; 2.3700000e+02 
3.500e+01 ; 1.600e+00 ; 2.800e+00 ; 1.6713000e+01 ; 2.3700000e+02 
3.500e+01 ; 1.600e+00 ; 2.800e+00 ; 1.7225000e+01 ; 2.3700000e+02 
3.500e+01 ; 1.600e+00 ; 2.800e+00 ; 1.7550000e+01 ; 2.3700000e+02 
3.500e+01 ; 1.600e+00 ; 2.800e+00 ; 1.7550000e+01 ; 2.3700000e+02 
3.500e+01 ; 1.600e+00 ; 2.800e+00 ; 1.7551000e+01 ; 2.3700000e+02 
3.500e+01 ; 1.600e+00 ; 2.800e+00 ; 1.7552000e+01 ; 2.3700000e+02 
3.500e+01 ; 1.600e+00 ; 2.800e+00 ; 1.7553000e+01 ; 2.3700000e+02 
3.500e+01 ; 1.600e+00 ; 2.800e+00 ; 1.7555000e+01 ; 2.3700000e+02 
3.500e+01 ; 1.600e+00 ; 2.800e+00 ; 1.7559000e+01 ; 2.3700000e+02 
3.500e+01 ; 1.600e+00 ; 2.800e+00 ; 1.7567000e+01 ; 2.3700000e+02 
3.500e+01 ; 1.600e+00 ; 2.800e+00 ; 1.7583000e+01 ; 2.3700000e+02 
3.500e+01 ; 1.600e+00 ; 2.800e+00 ; 1.7615000e+01 ; 2.3700000e+02 
3.500e+01 ; 1.600e+00 ; 2.800e+00 ; 1.7679000e+01 ; 2.3700000e+02 
3.500e+01 ; 1.600e+00 ; 2.800e+00 ; 1.7807000e+01 ; 2.3700000e+02 
3.500e+01 ; 1.600e+00 ; 2.800e+00 ; 1.8063000e+01 ; 2.3700000e+02 
3.500e+01 ; 1.600e+00 ; 2.800e+00 ; 1.8575000e+01 ; 2.3700000e+02 
3.500e+01 ; 1.600e+00 ; 2.800e+00 ; 1.8900000e+01 ; 2.3700000e+02 
3.500e+01 ; 1.600e+00 ; 2.800e+00 ; 1.8900000e+01 ; 2.3700000e+02 
3.500e+01 ; 1.600e+00 ; 2.800e+00 ; 1.8901000e+01 ; 2.3700000e+02 
3.500e+01 ; 1.600e+00 ; 2.800e+00 ; 1.8902000e+01 ; 2.3700000e+02 
3.500e+01 ; 1.600e+00 ; 2.800e+00 ; 1.8903000e+01 ; 2.3700000e+02 
3.500e+01 ; 1.600e+00 ; 2.800e+00 ; 1.8905000e+01 ; 2.3700000e+02 
3.500e+01 ; 1.600e+00 ; 2.800e+00 ; 1.8909000e+01 ; 2.3700000e+02 
3.500e+01 ; 1.600e+00 ; 2.800e+00 ; 1.8917000e+01 ; 2.3700000e+02 
3.500e+01 ; 1.600e+00 ; 2.800e+00 ; 1.8933000e+01 ; 2.3700000e+02 
3.500e+01 ; 1.600e+00 ; 2.800e+00 ; 1.8965000e+01 ; 2.3700000e+02 
3.500e+01 ; 1.600e+00 ; 2.800e+00 ; 1.9029000e+01 ; 2.3700000e+02 
3.500e+01 ; 1.600e+00 ; 2.800e+00 ; 1.9157000e+01 ; 2.3700000e+02 
3.500e+01 ; 1.600e+00 ; 2.800e+00 ; 1.9413000e+01 ; 2.3700000e+02 
3.500e+01 ; 1.600e+00 ; 2.800e+00 ; 1.9925000e+01 ; 2.3700000e+02 
3.500e+01 ; 1.600e+00 ; 2.800e+00 ; 2.0250000e+01 ; 2.3700000e+02 
3.500e+01 ; 1.600e+00 ; 2.800e+00 ; 2.0250000e+01 ; 2.3700000e+02 
3.500e+01 ; 1.600e+00 ; 2.800e+00 ; 2.0251000e+01 ; 2.3700000e+02 
3.500e+01 ; 1.600e+00 ; 2.800e+00 ; 2.0252000e+01 ; 2.3700000e+02 
3.500e+01 ; 1.600e+00 ; 2.800e+00 ; 2.0253000e+01 ; 2.3700000e+02 
3.500e+01 ; 1.600e+00 ; 2.800e+00 ; 2.0255000e+01 ; 2.3700000e+02 
3.500e+01 ; 1.600e+00 ; 2.800e+00 ; 2.0259000e+01 ; 2.3700000e+02 
3.500e+01 ; 1.600e+00 ; 2.800e+00 ; 2.0267000e+01 ; 2.3700000e+02 
3.500e+01 ; 1.600e+00 ; 2.800e+00 ; 2.0283000e+01 ; 2.3700000e+02 
3.500e+01 ; 1.600e+00 ; 2.800e+00 ; 2.0315000e+01 ; 2.3700000e+02 
3.500e+01 ; 1.600e+00 ; 2.800e+00 ; 2.0379000e+01 ; 2.3700000e+02 
3.500e+01 ; 1.600e+00 ; 2.800e+00 ; 2.0507000e+01 ; 2.3700000e+02 
3.500e+01 ; 1.600e+00 ; 2.800e+00 ; 2.0763000e+01 ; 2.3700000e+02 
3.500e+01 ; 1.600e+00 ; 2.800e+00 ; 2.1275000e+01 ; 2.3700000e+02 
3.500e+01 ; 1.600e+00 ; 2.800e+00 ; 2.1600000e+01 ; 2.3700000e+02 
3.500e+01 ; 1.600e+00 ; 2.800e+00 ; 2.1600000e+01 ; 2.3700000e+02 
3.500e+01 ; 1.600e+00 ; 2.800e+00 ; 2.1601000e+01 ; 2.3700000e+02 
3.500e+01 ; 1.600e+00 ; 2.800e+00 ; 2.1602000e+01 ; 2.3700000e+02 
3.500e+01 ; 1.600e+00 ; 2.800e+00 ; 2.1603000e+01 ; 2.3700000e+02 
3.500e+01 ; 1.600e+00 ; 2.800e+00 ; 2.1605000e+01 ; 2.3700000e+02 
3.500e+01 ; 1.600e+00 ; 2.800e+00 ; 2.1609000e+01 ; 2.3700000e+02 
3.500e+01 ; 1.600e+00 ; 2.800e+00 ; 2.1617000e+01 ; 2.3700000e+02 
3.500e+01 ; 1.600e+00 ; 2.800e+00 ; 2.1633000e+01 ; 2.3700000e+02 
3.500e+01 ; 1.600e+00 ; 2.800e+00 ; 2.1665000e+01 ; 2.3700000e+02 
3.500e+01 ; 1.600e+00 ; 2.800e+00 ; 2.1729000e+01 ; 2.3700000e+02 
3.500e+01 ; 1.600e+00 ; 2.800e+00 ; 2.1857000e+01 ; 2.3700000e+02 
3.500e+01 ; 1.600e+00 ; 2.800e+00 ; 2.2113000e+01 ; 2.3700000e+02 
3.500e+01 ; 1.600e+00 ; 2.800e+00 ; 2.2625000e+01 ; 2.3700000e+02 
3.500e+01 ; 1.600e+00 ; 2.800e+00 ; 2.2950000e+01 ; 2.3700000e+02 
3.500e+01 ; 1.600e+00 ; 2.800e+00 ; 2.2950000e+01 ; 2.3700000e+02 
3.500e+01 ; 1.600e+00 ; 2.800e+00 ; 2.2951000e+01 ; 2.3700000e+02 
3.500e+01 ; 1.600e+00 ; 2.800e+00 ; 2.2952000e+01 ; 2.3700000e+02 
3.500e+01 ; 1.600e+00 ; 2.800e+00 ; 2.2953000e+01 ; 2.3700000e+02 
3.500e+01 ; 1.600e+00 ; 2.800e+00 ; 2.2955000e+01 ; 2.3700000e+02 
3.500e+01 ; 1.600e+00 ; 2.800e+00 ; 2.2959000e+01 ; 2.3700000e+02 
3.500e+01 ; 1.600e+00 ; 2.800e+00 ; 2.2967000e+01 ; 2.3700000e+02 
3.500e+01 ; 1.600e+00 ; 2.800e+00 ; 2.2983000e+01 ; 2.3700000e+02 
3.500e+01 ; 1.600e+00 ; 2.800e+00 ; 2.3015000e+01 ; 2.3700000e+02 
3.500e+01 ; 1.600e+00 ; 2.800e+00 ; 2.3079000e+01 ; 2.3700000e+02 
3.500e+01 ; 1.600e+00 ; 2.800e+00 ; 2.3207000e+01 ; 2.3700000e+02 
3.500e+01 ; 1.600e+00 ; 2.800e+00 ; 2.3463000e+01 ; 2.3700000e+02 
3.500e+01 ; 1.600e+00 ; 2.800e+00 ; 2.3975000e+01 ; 2.3700000e+02 
3.500e+01 ; 1.600e+00 ; 2.800e+00 ; 2.4300000e+01 ; 2.3700000e+02 
3.500e+01 ; 1.600e+00 ; 2.800e+00 ; 2.4300000e+01 ; 2.3700000e+02 
3.500e+01 ; 1.600e+00 ; 2.800e+00 ; 2.4301000e+01 ; 2.3700000e+02 
3.500e+01 ; 1.600e+00 ; 2.800e+00 ; 2.4302000e+01 ; 2.3700000e+02 
3.500e+01 ; 1.600e+00 ; 2.800e+00 ; 2.4303000e+01 ; 2.3700000e+02 
3.500e+01 ; 1.600e+00 ; 2.800e+00 ; 2.4305000e+01 ; 2.3700000e+02 
3.500e+01 ; 1.600e+00 ; 2.800e+00 ; 2.4309000e+01 ; 2.3700000e+02 
3.500e+01 ; 1.600e+00 ; 2.800e+00 ; 2.4317000e+01 ; 2.3700000e+02 
3.500e+01 ; 1.600e+00 ; 2.800e+00 ; 2.4333000e+01 ; 2.3700000e+02 
3.500e+01 ; 1.600e+00 ; 2.800e+00 ; 2.4365000e+01 ; 2.3700000e+02 
3.500e+01 ; 1.600e+00 ; 2.800e+00 ; 2.4429000e+01 ; 2.3700000e+02 
3.500e+01 ; 1.600e+00 ; 2.800e+00 ; 2.4557000e+01 ; 2.3700000e+02 
3.500e+01 ; 1.600e+00 ; 2.800e+00 ; 2.4813000e+01 ; 2.3700000e+02 
3.500e+01 ; 1.600e+00 ; 2.800e+00 ; 2.5325000e+01 ; 2.3700000e+02 
3.500e+01 ; 1.600e+00 ; 2.800e+00 ; 2.5650000e+01 ; 2.3700000e+02 
3.500e+01 ; 1.600e+00 ; 2.800e+00 ; 2.5650000e+01 ; 2.3700000e+02 
3.500e+01 ; 1.600e+00 ; 2.800e+00 ; 2.5651000e+01 ; 2.3700000e+02 
3.500e+01 ; 1.600e+00 ; 2.800e+00 ; 2.5652000e+01 ; 2.3700000e+02 
3.500e+01 ; 1.600e+00 ; 2.800e+00 ; 2.5653000e+01 ; 2.3700000e+02 
3.500e+01 ; 1.600e+00 ; 2.800e+00 ; 2.5655000e+01 ; 2.3700000e+02 
3.500e+01 ; 1.600e+00 ; 2.800e+00 ; 2.5659000e+01 ; 2.3700000e+02 
3.500e+01 ; 1.600e+00 ; 2.800e+00 ; 2.5667000e+01 ; 2.3700000e+02 
3.500e+01 ; 1.600e+00 ; 2.800e+00 ; 2.5683000e+01 ; 2.3700000e+02 
3.500e+01 ; 1.600e+00 ; 2.800e+00 ; 2.5715000e+01 ; 2.3700000e+02 
3.500e+01 ; 1.600e+00 ; 2.800e+00 ; 2.5779000e+01 ; 2.3700000e+02 
3.500e+01 ; 1.600e+00 ; 2.800e+00 ; 2.5907000e+01 ; 2.3700000e+02 
3.500e+01 ; 1.600e+00 ; 2.800e+00 ; 2.6163000e+01 ; 2.3700000e+02 
3.500e+01 ; 1.600e+00 ; 2.800e+00 ; 2.6675000e+01 ; 2.3700000e+02 
3.500e+01 ; 1.600e+00 ; 2.800e+00 ; 2.7000000e+01 ; 2.3700000e+02 
3.500e+01 ; 1.600e+00 ; 2.800e+00 ; 2.7000000e+01 ; 2.3700000e+02 
3.500e+01 ; 1.600e+00 ; 2.800e+00 ; 2.7001000e+01 ; 2.3700000e+02 
3.500e+01 ; 1.600e+00 ; 2.800e+00 ; 2.7002000e+01 ; 2.3700000e+02 
3.500e+01 ; 1.600e+00 ; 2.800e+00 ; 2.7003000e+01 ; 2.3700000e+02 
3.500e+01 ; 1.600e+00 ; 2.800e+00 ; 2.7005000e+01 ; 2.3700000e+02 
3.500e+01 ; 1.600e+00 ; 2.800e+00 ; 2.7009000e+01 ; 2.3700000e+02 
3.500e+01 ; 1.600e+00 ; 2.800e+00 ; 2.7017000e+01 ; 2.3700000e+02 
3.500e+01 ; 1.600e+00 ; 2.800e+00 ; 2.7033000e+01 ; 2.3700000e+02 
3.500e+01 ; 1.600e+00 ; 2.800e+00 ; 2.7065000e+01 ; 2.3700000e+02 
3.500e+01 ; 1.600e+00 ; 2.800e+00 ; 2.7129000e+01 ; 2.3700000e+02 
3.500e+01 ; 1.600e+00 ; 2.800e+00 ; 2.7257000e+01 ; 2.3700000e+02 
3.500e+01 ; 1.600e+00 ; 2.800e+00 ; 2.7513000e+01 ; 2.3700000e+02 
3.500e+01 ; 1.600e+00 ; 2.800e+00 ; 2.8025000e+01 ; 2.3700000e+02 
3.500e+01 ; 1.600e+00 ; 2.800e+00 ; 2.8350001e+01 ; 2.3700000e+02 
3.500e+01 ; 1.600e+00 ; 2.800e+00 ; 2.8350001e+01 ; 2.3700000e+02 
3.500e+01 ; 1.600e+00 ; 2.800e+00 ; 2.8351001e+01 ; 2.3700000e+02 
3.500e+01 ; 1.600e+00 ; 2.800e+00 ; 2.8352001e+01 ; 2.3700000e+02 
3.500e+01 ; 1.600e+00 ; 2.800e+00 ; 2.8353001e+01 ; 2.3700000e+02 
3.500e+01 ; 1.600e+00 ; 2.800e+00 ; 2.8355001e+01 ; 2.3700000e+02 
3.500e+01 ; 1.600e+00 ; 2.800e+00 ; 2.8359001e+01 ; 2.3700000e+02 
3.500e+01 ; 1.600e+00 ; 2.800e+00 ; 2.8367001e+01 ; 2.3700000e+02 
3.500e+01 ; 1.600e+00 ; 2.800e+00 ; 2.8383001e+01 ; 2.3700000e+02 
3.500e+01 ; 1.600e+00 ; 2.800e+00 ; 2.8415000e+01 ; 2.3700000e+02 
3.500e+01 ; 1.600e+00 ; 2.800e+00 ; 2.8479000e+01 ; 2.3700000e+02 
3.500e+01 ; 1.600e+00 ; 2.800e+00 ; 2.8607000e+01 ; 2.3700000e+02 
3.500e+01 ; 1.600e+00 ; 2.800e+00 ; 2.8863001e+01 ; 2.3700000e+02 
3.500e+01 ; 1.600e+00 ; 2.800e+00 ; 2.9375000e+01 ; 2.3700000e+02 
3.500e+01 ; 1.600e+00 ; 2.800e+00 ; 2.9700001e+01 ; 2.3700000e+02 
3.500e+01 ; 1.600e+00 ; 2.800e+00 ; 2.9700001e+01 ; 2.3700000e+02 
3.500e+01 ; 1.600e+00 ; 2.800e+00 ; 2.9701001e+01 ; 2.3700000e+02 
3.500e+01 ; 1.600e+00 ; 2.800e+00 ; 2.9702001e+01 ; 2.3700000e+02 
3.500e+01 ; 1.600e+00 ; 2.800e+00 ; 2.9703001e+01 ; 2.3700000e+02 
3.500e+01 ; 1.600e+00 ; 2.800e+00 ; 2.9705001e+01 ; 2.3700000e+02 
3.500e+01 ; 1.600e+00 ; 2.800e+00 ; 2.9709001e+01 ; 2.3700000e+02 
3.500e+01 ; 1.600e+00 ; 2.800e+00 ; 2.9717001e+01 ; 2.3700000e+02 
3.500e+01 ; 1.600e+00 ; 2.800e+00 ; 2.9733001e+01 ; 2.3700000e+02 
3.500e+01 ; 1.600e+00 ; 2.800e+00 ; 2.9765001e+01 ; 2.3700000e+02 
3.500e+01 ; 1.600e+00 ; 2.800e+00 ; 2.9829001e+01 ; 2.3700000e+02 
3.500e+01 ; 1.600e+00 ; 2.800e+00 ; 2.9957001e+01 ; 2.3700000e+02 
3.500e+01 ; 1.600e+00 ; 2.800e+00 ; 3.0213001e+01 ; 2.3700000e+02 
3.500e+01 ; 1.600e+00 ; 2.800e+00 ; 3.0725001e+01 ; 2.3700000e+02 
3.500e+01 ; 1.600e+00 ; 2.800e+00 ; 3.1050001e+01 ; 2.3700000e+02 
3.500e+01 ; 1.600e+00 ; 2.800e+00 ; 3.1050001e+01 ; 2.3700000e+02 
3.500e+01 ; 1.600e+00 ; 2.800e+00 ; 3.1051001e+01 ; 2.3700000e+02 
3.500e+01 ; 1.600e+00 ; 2.800e+00 ; 3.1052001e+01 ; 2.3700000e+02 
3.500e+01 ; 1.600e+00 ; 2.800e+00 ; 3.1053001e+01 ; 2.3700000e+02 
3.500e+01 ; 1.600e+00 ; 2.800e+00 ; 3.1055001e+01 ; 2.3700000e+02 
3.500e+01 ; 1.600e+00 ; 2.800e+00 ; 3.1059001e+01 ; 2.3700000e+02 
3.500e+01 ; 1.600e+00 ; 2.800e+00 ; 3.1067001e+01 ; 2.3700000e+02 
3.500e+01 ; 1.600e+00 ; 2.800e+00 ; 3.1083001e+01 ; 2.3700000e+02 
3.500e+01 ; 1.600e+00 ; 2.800e+00 ; 3.1115001e+01 ; 2.3700000e+02 
3.500e+01 ; 1.600e+00 ; 2.800e+00 ; 3.1179001e+01 ; 2.3700000e+02 
3.500e+01 ; 1.600e+00 ; 2.800e+00 ; 3.1307001e+01 ; 2.3700000e+02 
3.500e+01 ; 1.600e+00 ; 2.800e+00 ; 3.1563001e+01 ; 2.3700000e+02 
3.500e+01 ; 1.600e+00 ; 2.800e+00 ; 3.2075001e+01 ; 2.3700000e+02 
3.500e+01 ; 1.600e+00 ; 2.800e+00 ; 3.2400001e+01 ; 2.3700000e+02 
3.500e+01 ; 1.600e+00 ; 2.800e+00 ; 3.2400001e+01 ; 2.3700000e+02 
3.500e+01 ; 1.600e+00 ; 2.800e+00 ; 3.2401001e+01 ; 2.3700000e+02 
3.500e+01 ; 1.600e+00 ; 2.800e+00 ; 3.2402001e+01 ; 2.3700000e+02 
3.500e+01 ; 1.600e+00 ; 2.800e+00 ; 3.2403001e+01 ; 2.3700000e+02 
3.500e+01 ; 1.600e+00 ; 2.800e+00 ; 3.2405001e+01 ; 2.3700000e+02 
3.500e+01 ; 1.600e+00 ; 2.800e+00 ; 3.2409001e+01 ; 2.3700000e+02 
3.500e+01 ; 1.600e+00 ; 2.800e+00 ; 3.2417001e+01 ; 2.3700000e+02 
3.500e+01 ; 1.600e+00 ; 2.800e+00 ; 3.2433001e+01 ; 2.3700000e+02 
3.500e+01 ; 1.600e+00 ; 2.800e+00 ; 3.2465001e+01 ; 2.3700000e+02 
3.500e+01 ; 1.600e+00 ; 2.800e+00 ; 3.2529001e+01 ; 2.3700000e+02 
3.500e+01 ; 1.600e+00 ; 2.800e+00 ; 3.2657001e+01 ; 2.3700000e+02 
3.500e+01 ; 1.600e+00 ; 2.800e+00 ; 3.2913001e+01 ; 2.3700000e+02 
3.500e+01 ; 1.600e+00 ; 2.800e+00 ; 3.3425001e+01 ; 2.3700000e+02 
3.500e+01 ; 1.600e+00 ; 2.800e+00 ; 3.3750001e+01 ; 2.3700000e+02 
3.500e+01 ; 1.600e+00 ; 2.800e+00 ; 3.3750001e+01 ; 2.3700000e+02 
3.500e+01 ; 1.600e+00 ; 2.800e+00 ; 3.3751001e+01 ; 2.3700000e+02 
3.500e+01 ; 1.600e+00 ; 2.800e+00 ; 3.3752001e+01 ; 2.3700000e+02 
3.500e+01 ; 1.600e+00 ; 2.800e+00 ; 3.3753001e+01 ; 2.3700000e+02 
3.500e+01 ; 1.600e+00 ; 2.800e+00 ; 3.3755001e+01 ; 2.3700000e+02 
3.500e+01 ; 1.600e+00 ; 2.800e+00 ; 3.3759001e+01 ; 2.3700000e+02 
3.500e+01 ; 1.600e+00 ; 2.800e+00 ; 3.3767001e+01 ; 2.3700000e+02 
3.500e+01 ; 1.600e+00 ; 2.800e+00 ; 3.3783001e+01 ; 2.3700000e+02 
3.500e+01 ; 1.600e+00 ; 2.800e+00 ; 3.3815001e+01 ; 2.3700000e+02 
3.500e+01 ; 1.600e+00 ; 2.800e+00 ; 3.3879001e+01 ; 2.3700000e+02 
3.500e+01 ; 1.600e+00 ; 2.800e+00 ; 3.4007001e+01 ; 2.3700000e+02 
3.500e+01 ; 1.600e+00 ; 2.800e+00 ; 3.4263001e+01 ; 2.3700000e+02 
3.500e+01 ; 1.600e+00 ; 2.800e+00 ; 3.4775001e+01 ; 2.3700000e+02 
3.500e+01 ; 1.600e+00 ; 2.800e+00 ; 3.5100001e+01 ; 2.3700000e+02 
3.500e+01 ; 1.600e+00 ; 2.800e+00 ; 3.5100001e+01 ; 2.3700000e+02 
3.500e+01 ; 1.600e+00 ; 2.800e+00 ; 3.5101001e+01 ; 2.3700000e+02 
3.500e+01 ; 1.600e+00 ; 2.800e+00 ; 3.5102001e+01 ; 2.3700000e+02 
3.500e+01 ; 1.600e+00 ; 2.800e+00 ; 3.5103001e+01 ; 2.3700000e+02 
3.500e+01 ; 1.600e+00 ; 2.800e+00 ; 3.5105001e+01 ; 2.3700000e+02 
3.500e+01 ; 1.600e+00 ; 2.800e+00 ; 3.5109001e+01 ; 2.3700000e+02 
3.500e+01 ; 1.600e+00 ; 2.800e+00 ; 3.5117001e+01 ; 2.3700000e+02 
3.500e+01 ; 1.600e+00 ; 2.800e+00 ; 3.5133001e+01 ; 2.3700000e+02 
3.500e+01 ; 1.600e+00 ; 2.800e+00 ; 3.5165001e+01 ; 2.3700000e+02 
3.500e+01 ; 1.600e+00 ; 2.800e+00 ; 3.5229001e+01 ; 2.3700000e+02 
3.500e+01 ; 1.600e+00 ; 2.800e+00 ; 3.5357001e+01 ; 2.3700000e+02 
3.500e+01 ; 1.600e+00 ; 2.800e+00 ; 3.5613001e+01 ; 2.3700000e+02 
3.500e+01 ; 1.600e+00 ; 2.800e+00 ; 3.6125001e+01 ; 2.3700000e+02 
3.500e+01 ; 1.600e+00 ; 2.800e+00 ; 3.6450001e+01 ; 2.3700000e+02 
3.500e+01 ; 1.600e+00 ; 2.800e+00 ; 3.6450001e+01 ; 2.3700000e+02 
3.500e+01 ; 1.600e+00 ; 2.800e+00 ; 3.6451001e+01 ; 2.3700000e+02 
3.500e+01 ; 1.600e+00 ; 2.800e+00 ; 3.6452001e+01 ; 2.3700000e+02 
3.500e+01 ; 1.600e+00 ; 2.800e+00 ; 3.6453001e+01 ; 2.3700000e+02 
3.500e+01 ; 1.600e+00 ; 2.800e+00 ; 3.6455001e+01 ; 2.3700000e+02 
3.500e+01 ; 1.600e+00 ; 2.800e+00 ; 3.6459001e+01 ; 2.3700000e+02 
3.500e+01 ; 1.600e+00 ; 2.800e+00 ; 3.6467001e+01 ; 2.3700000e+02 
3.500e+01 ; 1.600e+00 ; 2.800e+00 ; 3.6483001e+01 ; 2.3700000e+02 
3.500e+01 ; 1.600e+00 ; 2.800e+00 ; 3.6515001e+01 ; 2.3700000e+02 
3.500e+01 ; 1.600e+00 ; 2.800e+00 ; 3.6579001e+01 ; 2.3700000e+02 
3.500e+01 ; 1.600e+00 ; 2.800e+00 ; 3.6707001e+01 ; 2.3700000e+02 
3.500e+01 ; 1.600e+00 ; 2.800e+00 ; 3.6963001e+01 ; 2.3700000e+02 
3.500e+01 ; 1.600e+00 ; 2.800e+00 ; 3.7475001e+01 ; 2.3700000e+02 
3.500e+01 ; 1.600e+00 ; 2.800e+00 ; 3.7800001e+01 ; 2.3700000e+02 
3.500e+01 ; 1.600e+00 ; 2.800e+00 ; 3.7800001e+01 ; 2.3700000e+02 
3.500e+01 ; 1.600e+00 ; 2.800e+00 ; 3.7801001e+01 ; 2.3700000e+02 
3.500e+01 ; 1.600e+00 ; 2.800e+00 ; 3.7802001e+01 ; 2.3700000e+02 
3.500e+01 ; 1.600e+00 ; 2.800e+00 ; 3.7803001e+01 ; 2.3700000e+02 
3.500e+01 ; 1.600e+00 ; 2.800e+00 ; 3.7805001e+01 ; 2.3700000e+02 
3.500e+01 ; 1.600e+00 ; 2.800e+00 ; 3.7809001e+01 ; 2.3700000e+02 
3.500e+01 ; 1.600e+00 ; 2.800e+00 ; 3.7817001e+01 ; 2.3700000e+02 
3.500e+01 ; 1.600e+00 ; 2.800e+00 ; 3.7833001e+01 ; 2.3700000e+02 
3.500e+01 ; 1.600e+00 ; 2.800e+00 ; 3.7865001e+01 ; 2.3700000e+02 
3.500e+01 ; 1.600e+00 ; 2.800e+00 ; 3.7929001e+01 ; 2.3700000e+02 
3.500e+01 ; 1.600e+00 ; 2.800e+00 ; 3.8057001e+01 ; 2.3700000e+02 
3.500e+01 ; 1.600e+00 ; 2.800e+00 ; 3.8313001e+01 ; 2.3700000e+02 
3.500e+01 ; 1.600e+00 ; 2.800e+00 ; 3.8825001e+01 ; 2.3700000e+02 
3.500e+01 ; 1.600e+00 ; 2.800e+00 ; 3.9150001e+01 ; 2.3700000e+02 
3.500e+01 ; 1.600e+00 ; 2.800e+00 ; 3.9150001e+01 ; 2.3700000e+02 
3.500e+01 ; 1.600e+00 ; 2.800e+00 ; 3.9151001e+01 ; 2.3700000e+02 
3.500e+01 ; 1.600e+00 ; 2.800e+00 ; 3.9152001e+01 ; 2.3700000e+02 
3.500e+01 ; 1.600e+00 ; 2.800e+00 ; 3.9153001e+01 ; 2.3700000e+02 
3.500e+01 ; 1.600e+00 ; 2.800e+00 ; 3.9155001e+01 ; 2.3700000e+02 
3.500e+01 ; 1.600e+00 ; 2.800e+00 ; 3.9159001e+01 ; 2.3700000e+02 
3.500e+01 ; 1.600e+00 ; 2.800e+00 ; 3.9167001e+01 ; 2.3700000e+02 
3.500e+01 ; 1.600e+00 ; 2.800e+00 ; 3.9183001e+01 ; 2.3700000e+02 
3.500e+01 ; 1.600e+00 ; 2.800e+00 ; 3.9215001e+01 ; 2.3700000e+02 
3.500e+01 ; 1.600e+00 ; 2.800e+00 ; 3.9279001e+01 ; 2.3700000e+02 
3.500e+01 ; 1.600e+00 ; 2.800e+00 ; 3.9407001e+01 ; 2.3700000e+02 
3.500e+01 ; 1.600e+00 ; 2.800e+00 ; 3.9663001e+01 ; 2.3700000e+02 
3.500e+01 ; 1.600e+00 ; 2.800e+00 ; 4.0175001e+01 ; 2.3700000e+02 
3.500e+01 ; 1.600e+00 ; 2.800e+00 ; 4.0500001e+01 ; 2.3700000e+02 
3.500e+01 ; 1.600e+00 ; 2.800e+00 ; 4.0500001e+01 ; 2.3700000e+02 
3.500e+01 ; 1.600e+00 ; 2.800e+00 ; 4.0501001e+01 ; 2.3700000e+02 
3.500e+01 ; 1.600e+00 ; 2.800e+00 ; 4.0502001e+01 ; 2.3700000e+02 
3.500e+01 ; 1.600e+00 ; 2.800e+00 ; 4.0503001e+01 ; 2.3700000e+02 
3.500e+01 ; 1.600e+00 ; 2.800e+00 ; 4.0505001e+01 ; 2.3700000e+02 
3.500e+01 ; 1.600e+00 ; 2.800e+00 ; 4.0509001e+01 ; 2.3700000e+02 
3.500e+01 ; 1.600e+00 ; 2.800e+00 ; 4.0517001e+01 ; 2.3700000e+02 
3.500e+01 ; 1.600e+00 ; 2.800e+00 ; 4.0533001e+01 ; 2.3700000e+02 
3.500e+01 ; 1.600e+00 ; 2.800e+00 ; 4.0565001e+01 ; 2.3700000e+02 
3.500e+01 ; 1.600e+00 ; 2.800e+00 ; 4.0629001e+01 ; 2.3700000e+02 
3.500e+01 ; 1.600e+00 ; 2.800e+00 ; 4.0757001e+01 ; 2.3700000e+02 
3.500e+01 ; 1.600e+00 ; 2.800e+00 ; 4.1013001e+01 ; 2.3700000e+02 
3.500e+01 ; 1.600e+00 ; 2.800e+00 ; 4.1525001e+01 ; 2.3700000e+02 
3.500e+01 ; 1.600e+00 ; 2.800e+00 ; 4.1850001e+01 ; 2.3700000e+02 
3.500e+01 ; 1.600e+00 ; 2.800e+00 ; 4.1850001e+01 ; 2.3700000e+02 
3.500e+01 ; 1.600e+00 ; 2.800e+00 ; 4.1851001e+01 ; 2.3700000e+02 
3.500e+01 ; 1.600e+00 ; 2.800e+00 ; 4.1852001e+01 ; 2.3700000e+02 
3.500e+01 ; 1.600e+00 ; 2.800e+00 ; 4.1853001e+01 ; 2.3700000e+02 
3.500e+01 ; 1.600e+00 ; 2.800e+00 ; 4.1855001e+01 ; 2.3700000e+02 
3.500e+01 ; 1.600e+00 ; 2.800e+00 ; 4.1859001e+01 ; 2.3700000e+02 
3.500e+01 ; 1.600e+00 ; 2.800e+00 ; 4.1867001e+01 ; 2.3700000e+02 
3.500e+01 ; 1.600e+00 ; 2.800e+00 ; 4.1883001e+01 ; 2.3700000e+02 
3.500e+01 ; 1.600e+00 ; 2.800e+00 ; 4.1915001e+01 ; 2.3700000e+02 
3.500e+01 ; 1.600e+00 ; 2.800e+00 ; 4.1979001e+01 ; 2.3700000e+02 
3.500e+01 ; 1.600e+00 ; 2.800e+00 ; 4.2107001e+01 ; 2.3700000e+02 
3.500e+01 ; 1.600e+00 ; 2.800e+00 ; 4.2363001e+01 ; 2.3700000e+02 
3.500e+01 ; 1.600e+00 ; 2.800e+00 ; 4.2875001e+01 ; 2.3700000e+02 
3.500e+01 ; 1.600e+00 ; 2.800e+00 ; 4.3200001e+01 ; 2.3700000e+02 
3.500e+01 ; 1.600e+00 ; 2.800e+00 ; 4.3200001e+01 ; 2.3700000e+02 
3.500e+01 ; 1.600e+00 ; 2.800e+00 ; 4.3201001e+01 ; 2.3700000e+02 
3.500e+01 ; 1.600e+00 ; 2.800e+00 ; 4.3202001e+01 ; 2.3700000e+02 
3.500e+01 ; 1.600e+00 ; 2.800e+00 ; 4.3203001e+01 ; 2.3700000e+02 
3.500e+01 ; 1.600e+00 ; 2.800e+00 ; 4.3205001e+01 ; 2.3700000e+02 
3.500e+01 ; 1.600e+00 ; 2.800e+00 ; 4.3209001e+01 ; 2.3700000e+02 
3.500e+01 ; 1.600e+00 ; 2.800e+00 ; 4.3217001e+01 ; 2.3700000e+02 
3.500e+01 ; 1.600e+00 ; 2.800e+00 ; 4.3233001e+01 ; 2.3700000e+02 
3.500e+01 ; 1.600e+00 ; 2.800e+00 ; 4.3265001e+01 ; 2.3700000e+02 
3.500e+01 ; 1.600e+00 ; 2.800e+00 ; 4.3329001e+01 ; 2.3700000e+02 
3.500e+01 ; 1.600e+00 ; 2.800e+00 ; 4.3457001e+01 ; 2.3700000e+02 
3.500e+01 ; 1.600e+00 ; 2.800e+00 ; 4.3713001e+01 ; 2.3700000e+02 
3.500e+01 ; 1.600e+00 ; 2.800e+00 ; 4.4225001e+01 ; 2.3700000e+02 
3.500e+01 ; 1.600e+00 ; 2.800e+00 ; 4.4550001e+01 ; 2.3700000e+02 
3.500e+01 ; 1.600e+00 ; 2.800e+00 ; 4.4550001e+01 ; 2.3700000e+02 
3.500e+01 ; 1.600e+00 ; 2.800e+00 ; 4.4551001e+01 ; 2.3700000e+02 
3.500e+01 ; 1.600e+00 ; 2.800e+00 ; 4.4552001e+01 ; 2.3700000e+02 
3.500e+01 ; 1.600e+00 ; 2.800e+00 ; 4.4553001e+01 ; 2.3700000e+02 
3.500e+01 ; 1.600e+00 ; 2.800e+00 ; 4.4555001e+01 ; 2.3700000e+02 
3.500e+01 ; 1.600e+00 ; 2.800e+00 ; 4.4559001e+01 ; 2.3700000e+02 
3.500e+01 ; 1.600e+00 ; 2.800e+00 ; 4.4567001e+01 ; 2.3700000e+02 
3.500e+01 ; 1.600e+00 ; 2.800e+00 ; 4.4583001e+01 ; 2.3700000e+02 
3.500e+01 ; 1.600e+00 ; 2.800e+00 ; 4.4615001e+01 ; 2.3700000e+02 
3.500e+01 ; 1.600e+00 ; 2.800e+00 ; 4.4679001e+01 ; 2.3700000e+02 
3.500e+01 ; 1.600e+00 ; 2.800e+00 ; 4.4807001e+01 ; 2.3700000e+02 
3.500e+01 ; 1.600e+00 ; 2.800e+00 ; 4.5063001e+01 ; 2.3700000e+02 
3.500e+01 ; 1.600e+00 ; 2.800e+00 ; 4.5575001e+01 ; 2.3700000e+02 
3.500e+01 ; 1.600e+00 ; 2.800e+00 ; 4.5900001e+01 ; 2.3700000e+02 
3.500e+01 ; 1.600e+00 ; 2.800e+00 ; 4.5900001e+01 ; 2.3700000e+02 
3.500e+01 ; 1.600e+00 ; 2.800e+00 ; 4.5901001e+01 ; 2.3700000e+02 
3.500e+01 ; 1.600e+00 ; 2.800e+00 ; 4.5902001e+01 ; 2.3700000e+02 
3.500e+01 ; 1.600e+00 ; 2.800e+00 ; 4.5903001e+01 ; 2.3700000e+02 
3.500e+01 ; 1.600e+00 ; 2.800e+00 ; 4.5905001e+01 ; 2.3700000e+02 
3.500e+01 ; 1.600e+00 ; 2.800e+00 ; 4.5909001e+01 ; 2.3700000e+02 
3.500e+01 ; 1.600e+00 ; 2.800e+00 ; 4.5917001e+01 ; 2.3700000e+02 
3.500e+01 ; 1.600e+00 ; 2.800e+00 ; 4.5933001e+01 ; 2.3700000e+02 
3.500e+01 ; 1.600e+00 ; 2.800e+00 ; 4.5965001e+01 ; 2.3700000e+02 
3.500e+01 ; 1.600e+00 ; 2.800e+00 ; 4.6029001e+01 ; 2.3700000e+02 
3.500e+01 ; 1.600e+00 ; 2.800e+00 ; 4.6157001e+01 ; 2.3700000e+02 
3.500e+01 ; 1.600e+00 ; 2.800e+00 ; 4.6413001e+01 ; 2.3700000e+02 
3.500e+01 ; 1.600e+00 ; 2.800e+00 ; 4.6925001e+01 ; 2.3700000e+02 
3.500e+01 ; 1.600e+00 ; 2.800e+00 ; 4.7250001e+01 ; 2.3700000e+02 
3.500e+01 ; 1.600e+00 ; 2.800e+00 ; 4.7250001e+01 ; 2.3700000e+02 
3.500e+01 ; 1.600e+00 ; 2.800e+00 ; 4.7251001e+01 ; 2.3700000e+02 
3.500e+01 ; 1.600e+00 ; 2.800e+00 ; 4.7252001e+01 ; 2.3700000e+02 
3.500e+01 ; 1.600e+00 ; 2.800e+00 ; 4.7253001e+01 ; 2.3700000e+02 
3.500e+01 ; 1.600e+00 ; 2.800e+00 ; 4.7255001e+01 ; 2.3700000e+02 
3.500e+01 ; 1.600e+00 ; 2.800e+00 ; 4.7259001e+01 ; 2.3700000e+02 
3.500e+01 ; 1.600e+00 ; 2.800e+00 ; 4.7267001e+01 ; 2.3700000e+02 
3.500e+01 ; 1.600e+00 ; 2.800e+00 ; 4.7283001e+01 ; 2.3700000e+02 
3.500e+01 ; 1.600e+00 ; 2.800e+00 ; 4.7315001e+01 ; 2.3700000e+02 
3.500e+01 ; 1.600e+00 ; 2.800e+00 ; 4.7379001e+01 ; 2.3700000e+02 
3.500e+01 ; 1.600e+00 ; 2.800e+00 ; 4.7507001e+01 ; 2.3700000e+02 
3.500e+01 ; 1.600e+00 ; 2.800e+00 ; 4.7763001e+01 ; 2.3700000e+02 
3.500e+01 ; 1.600e+00 ; 2.800e+00 ; 4.8275001e+01 ; 2.3700000e+02 
3.500e+01 ; 1.600e+00 ; 2.800e+00 ; 4.8600001e+01 ; 2.3700000e+02 
3.500e+01 ; 1.600e+00 ; 2.800e+00 ; 4.8600001e+01 ; 2.3700000e+02 
3.500e+01 ; 1.600e+00 ; 2.800e+00 ; 4.8601001e+01 ; 2.3700000e+02 
3.500e+01 ; 1.600e+00 ; 2.800e+00 ; 4.8602001e+01 ; 2.3700000e+02 
3.500e+01 ; 1.600e+00 ; 2.800e+00 ; 4.8603001e+01 ; 2.3700000e+02 
3.500e+01 ; 1.600e+00 ; 2.800e+00 ; 4.8605001e+01 ; 2.3700000e+02 
3.500e+01 ; 1.600e+00 ; 2.800e+00 ; 4.8609001e+01 ; 2.3700000e+02 
3.500e+01 ; 1.600e+00 ; 2.800e+00 ; 4.8617001e+01 ; 2.3700000e+02 
3.500e+01 ; 1.600e+00 ; 2.800e+00 ; 4.8633001e+01 ; 2.3700000e+02 
3.500e+01 ; 1.600e+00 ; 2.800e+00 ; 4.8665001e+01 ; 2.3700000e+02 
3.500e+01 ; 1.600e+00 ; 2.800e+00 ; 4.8729001e+01 ; 2.3700000e+02 
3.500e+01 ; 1.600e+00 ; 2.800e+00 ; 4.8857001e+01 ; 2.3700000e+02 
3.500e+01 ; 1.600e+00 ; 2.800e+00 ; 4.9113001e+01 ; 2.3700000e+02 
3.500e+01 ; 1.600e+00 ; 2.800e+00 ; 4.9625001e+01 ; 2.3700000e+02 
3.500e+01 ; 1.600e+00 ; 2.800e+00 ; 4.9950001e+01 ; 2.3700000e+02 
3.500e+01 ; 1.600e+00 ; 2.800e+00 ; 4.9950001e+01 ; 2.3700000e+02 
3.500e+01 ; 1.600e+00 ; 2.800e+00 ; 4.9951001e+01 ; 2.3700000e+02 
3.500e+01 ; 1.600e+00 ; 2.800e+00 ; 4.9952001e+01 ; 2.3700000e+02 
3.500e+01 ; 1.600e+00 ; 2.800e+00 ; 4.9953001e+01 ; 2.3700000e+02 
3.500e+01 ; 1.600e+00 ; 2.800e+00 ; 4.9955001e+01 ; 2.3700000e+02 
3.500e+01 ; 1.600e+00 ; 2.800e+00 ; 4.9959001e+01 ; 2.3700000e+02 
3.500e+01 ; 1.600e+00 ; 2.800e+00 ; 4.9967001e+01 ; 2.3700000e+02 
3.500e+01 ; 1.600e+00 ; 2.800e+00 ; 4.9983001e+01 ; 2.3700000e+02 
3.500e+01 ; 1.600e+00 ; 2.800e+00 ; 5.0015001e+01 ; 2.3700000e+02 
3.500e+01 ; 1.600e+00 ; 2.800e+00 ; 5.0079001e+01 ; 2.3700000e+02 
3.500e+01 ; 1.600e+00 ; 2.800e+00 ; 5.0207001e+01 ; 2.3700000e+02 
3.500e+01 ; 1.600e+00 ; 2.800e+00 ; 5.0463001e+01 ; 2.3700000e+02 
3.500e+01 ; 1.600e+00 ; 2.800e+00 ; 5.0975001e+01 ; 2.3700000e+02 
3.500e+01 ; 1.600e+00 ; 2.800e+00 ; 5.1300001e+01 ; 2.3700000e+02 
3.500e+01 ; 1.600e+00 ; 2.800e+00 ; 5.1300001e+01 ; 2.3700000e+02 
3.500e+01 ; 1.600e+00 ; 2.800e+00 ; 5.1301001e+01 ; 2.3700000e+02 
3.500e+01 ; 1.600e+00 ; 2.800e+00 ; 5.1302001e+01 ; 2.3700000e+02 
3.500e+01 ; 1.600e+00 ; 2.800e+00 ; 5.1303001e+01 ; 2.3700000e+02 
3.500e+01 ; 1.600e+00 ; 2.800e+00 ; 5.1305001e+01 ; 2.3700000e+02 
3.500e+01 ; 1.600e+00 ; 2.800e+00 ; 5.1309001e+01 ; 2.3700000e+02 
3.500e+01 ; 1.600e+00 ; 2.800e+00 ; 5.1317001e+01 ; 2.3700000e+02 
3.500e+01 ; 1.600e+00 ; 2.800e+00 ; 5.1333001e+01 ; 2.3700000e+02 
3.500e+01 ; 1.600e+00 ; 2.800e+00 ; 5.1365001e+01 ; 2.3700000e+02 
3.500e+01 ; 1.600e+00 ; 2.800e+00 ; 5.1429001e+01 ; 2.3700000e+02 
3.500e+01 ; 1.600e+00 ; 2.800e+00 ; 5.1557001e+01 ; 2.3700000e+02 
3.500e+01 ; 1.600e+00 ; 2.800e+00 ; 5.1813001e+01 ; 2.3700000e+02 
3.500e+01 ; 1.600e+00 ; 2.800e+00 ; 5.2325001e+01 ; 2.3700000e+02 
3.500e+01 ; 1.600e+00 ; 2.800e+00 ; 5.2650001e+01 ; 2.3700000e+02 
3.500e+01 ; 1.600e+00 ; 2.800e+00 ; 5.2650001e+01 ; 2.3700000e+02 
3.500e+01 ; 1.600e+00 ; 2.800e+00 ; 5.2651001e+01 ; 2.3700000e+02 
3.500e+01 ; 1.600e+00 ; 2.800e+00 ; 5.2652001e+01 ; 2.3700000e+02 
3.500e+01 ; 1.600e+00 ; 2.800e+00 ; 5.2653001e+01 ; 2.3700000e+02 
3.500e+01 ; 1.600e+00 ; 2.800e+00 ; 5.2655001e+01 ; 2.3700000e+02 
3.500e+01 ; 1.600e+00 ; 2.800e+00 ; 5.2659001e+01 ; 2.3700000e+02 
3.500e+01 ; 1.600e+00 ; 2.800e+00 ; 5.2667001e+01 ; 2.3700000e+02 
3.500e+01 ; 1.600e+00 ; 2.800e+00 ; 5.2683001e+01 ; 2.3700000e+02 
3.500e+01 ; 1.600e+00 ; 2.800e+00 ; 5.2715001e+01 ; 2.3700000e+02 
3.500e+01 ; 1.600e+00 ; 2.800e+00 ; 5.2779001e+01 ; 2.3700000e+02 
3.500e+01 ; 1.600e+00 ; 2.800e+00 ; 5.2907001e+01 ; 2.3700000e+02 
3.500e+01 ; 1.600e+00 ; 2.800e+00 ; 5.3163001e+01 ; 2.3700000e+02 
3.500e+01 ; 1.600e+00 ; 2.800e+00 ; 5.3675001e+01 ; 2.3700000e+02 
3.500e+01 ; 1.600e+00 ; 2.800e+00 ; 5.4000001e+01 ; 2.3700000e+02 
3.500e+01 ; 1.600e+00 ; 2.800e+00 ; 5.4000001e+01 ; 2.3700000e+02 
3.500e+01 ; 1.600e+00 ; 2.800e+00 ; 5.4001001e+01 ; 2.3700000e+02 
3.500e+01 ; 1.600e+00 ; 2.800e+00 ; 5.4002001e+01 ; 2.3700000e+02 
3.500e+01 ; 1.600e+00 ; 2.800e+00 ; 5.4003001e+01 ; 2.3700000e+02 
3.500e+01 ; 1.600e+00 ; 2.800e+00 ; 5.4005001e+01 ; 2.3700000e+02 
3.500e+01 ; 1.600e+00 ; 2.800e+00 ; 5.4009001e+01 ; 2.3700000e+02 
3.500e+01 ; 1.600e+00 ; 2.800e+00 ; 5.4017001e+01 ; 2.3700000e+02 
3.500e+01 ; 1.600e+00 ; 2.800e+00 ; 5.4033001e+01 ; 2.3700000e+02 
3.500e+01 ; 1.600e+00 ; 2.800e+00 ; 5.4065001e+01 ; 2.3700000e+02 
3.500e+01 ; 1.600e+00 ; 2.800e+00 ; 5.4129001e+01 ; 2.3700000e+02 
3.500e+01 ; 1.600e+00 ; 2.800e+00 ; 5.4257001e+01 ; 2.3700000e+02 
3.500e+01 ; 1.600e+00 ; 2.800e+00 ; 5.4513001e+01 ; 2.3700000e+02 
3.500e+01 ; 1.600e+00 ; 2.800e+00 ; 5.5025001e+01 ; 2.3700000e+02 
3.500e+01 ; 1.600e+00 ; 2.800e+00 ; 5.5350001e+01 ; 2.3700000e+02 
3.500e+01 ; 1.600e+00 ; 2.800e+00 ; 5.5350001e+01 ; 2.3700000e+02 
3.500e+01 ; 1.600e+00 ; 2.800e+00 ; 5.5351001e+01 ; 2.3700000e+02 
3.500e+01 ; 1.600e+00 ; 2.800e+00 ; 5.5352001e+01 ; 2.3700000e+02 
3.500e+01 ; 1.600e+00 ; 2.800e+00 ; 5.5353001e+01 ; 2.3700000e+02 
3.500e+01 ; 1.600e+00 ; 2.800e+00 ; 5.5355001e+01 ; 2.3700000e+02 
3.500e+01 ; 1.600e+00 ; 2.800e+00 ; 5.5359001e+01 ; 2.3700000e+02 
3.500e+01 ; 1.600e+00 ; 2.800e+00 ; 5.5367001e+01 ; 2.3700000e+02 
3.500e+01 ; 1.600e+00 ; 2.800e+00 ; 5.5383001e+01 ; 2.3700000e+02 
3.500e+01 ; 1.600e+00 ; 2.800e+00 ; 5.5415001e+01 ; 2.3700000e+02 
3.500e+01 ; 1.600e+00 ; 2.800e+00 ; 5.5479001e+01 ; 2.3700000e+02 
3.500e+01 ; 1.600e+00 ; 2.800e+00 ; 5.5607001e+01 ; 2.3700000e+02 
3.500e+01 ; 1.600e+00 ; 2.800e+00 ; 5.5863001e+01 ; 2.3700000e+02 
3.500e+01 ; 1.600e+00 ; 2.800e+00 ; 5.6375001e+01 ; 2.3700000e+02 
3.500e+01 ; 1.600e+00 ; 2.800e+00 ; 5.6700001e+01 ; 2.3700000e+02 
3.500e+01 ; 1.600e+00 ; 2.800e+00 ; 5.6700001e+01 ; 2.3700000e+02 
3.500e+01 ; 1.600e+00 ; 2.800e+00 ; 5.6701001e+01 ; 2.3700000e+02 
3.500e+01 ; 1.600e+00 ; 2.800e+00 ; 5.6702001e+01 ; 2.3700000e+02 
3.500e+01 ; 1.600e+00 ; 2.800e+00 ; 5.6703001e+01 ; 2.3700000e+02 
3.500e+01 ; 1.600e+00 ; 2.800e+00 ; 5.6705001e+01 ; 2.3700000e+02 
3.500e+01 ; 1.600e+00 ; 2.800e+00 ; 5.6709001e+01 ; 2.3700000e+02 
3.500e+01 ; 1.600e+00 ; 2.800e+00 ; 5.6717001e+01 ; 2.3700000e+02 
3.500e+01 ; 1.600e+00 ; 2.800e+00 ; 5.6733001e+01 ; 2.3700000e+02 
3.500e+01 ; 1.600e+00 ; 2.800e+00 ; 5.6765001e+01 ; 2.3700000e+02 
3.500e+01 ; 1.600e+00 ; 2.800e+00 ; 5.6829001e+01 ; 2.3700000e+02 
3.500e+01 ; 1.600e+00 ; 2.800e+00 ; 5.6957001e+01 ; 2.3700000e+02 
3.500e+01 ; 1.600e+00 ; 2.800e+00 ; 5.7213001e+01 ; 2.3700000e+02 
3.500e+01 ; 1.600e+00 ; 2.800e+00 ; 5.7725001e+01 ; 2.3700000e+02 
3.500e+01 ; 1.600e+00 ; 2.800e+00 ; 5.8050001e+01 ; 2.3700000e+02 
3.500e+01 ; 1.600e+00 ; 2.800e+00 ; 5.8050001e+01 ; 2.3700000e+02 
3.500e+01 ; 1.600e+00 ; 2.800e+00 ; 5.8051001e+01 ; 2.3700000e+02 
3.500e+01 ; 1.600e+00 ; 2.800e+00 ; 5.8052001e+01 ; 2.3700000e+02 
3.500e+01 ; 1.600e+00 ; 2.800e+00 ; 5.8053001e+01 ; 2.3700000e+02 
3.500e+01 ; 1.600e+00 ; 2.800e+00 ; 5.8055001e+01 ; 2.3700000e+02 
3.500e+01 ; 1.600e+00 ; 2.800e+00 ; 5.8059001e+01 ; 2.3700000e+02 
3.500e+01 ; 1.600e+00 ; 2.800e+00 ; 5.8067001e+01 ; 2.3700000e+02 
3.500e+01 ; 1.600e+00 ; 2.800e+00 ; 5.8083001e+01 ; 2.3700000e+02 
3.500e+01 ; 1.600e+00 ; 2.800e+00 ; 5.8115001e+01 ; 2.3700000e+02 
3.500e+01 ; 1.600e+00 ; 2.800e+00 ; 5.8179001e+01 ; 2.3700000e+02 
3.500e+01 ; 1.600e+00 ; 2.800e+00 ; 5.8307001e+01 ; 2.3700000e+02 
3.500e+01 ; 1.600e+00 ; 2.800e+00 ; 5.8563001e+01 ; 2.3700000e+02 
3.500e+01 ; 1.600e+00 ; 2.800e+00 ; 5.9075001e+01 ; 2.3700000e+02 
3.500e+01 ; 1.600e+00 ; 2.800e+00 ; 5.9400001e+01 ; 2.3700000e+02 
3.500e+01 ; 1.600e+00 ; 2.800e+00 ; 5.9400001e+01 ; 2.3700000e+02 
3.500e+01 ; 1.600e+00 ; 2.800e+00 ; 5.9401001e+01 ; 2.3700000e+02 
3.500e+01 ; 1.600e+00 ; 2.800e+00 ; 5.9402001e+01 ; 2.3700000e+02 
3.500e+01 ; 1.600e+00 ; 2.800e+00 ; 5.9403001e+01 ; 2.3700000e+02 
3.500e+01 ; 1.600e+00 ; 2.800e+00 ; 5.9405001e+01 ; 2.3700000e+02 
3.500e+01 ; 1.600e+00 ; 2.800e+00 ; 5.9409001e+01 ; 2.3700000e+02 
3.500e+01 ; 1.600e+00 ; 2.800e+00 ; 5.9417001e+01 ; 2.3700000e+02 
3.500e+01 ; 1.600e+00 ; 2.800e+00 ; 5.9433001e+01 ; 2.3700000e+02 
3.500e+01 ; 1.600e+00 ; 2.800e+00 ; 5.9465001e+01 ; 2.3700000e+02 
3.500e+01 ; 1.600e+00 ; 2.800e+00 ; 5.9529001e+01 ; 2.3700000e+02 
3.500e+01 ; 1.600e+00 ; 2.800e+00 ; 5.9657001e+01 ; 2.3700000e+02 
3.500e+01 ; 1.600e+00 ; 2.800e+00 ; 5.9913001e+01 ; 2.3700000e+02 
3.500e+01 ; 1.600e+00 ; 2.800e+00 ; 6.0425001e+01 ; 2.3700000e+02 
3.500e+01 ; 1.600e+00 ; 2.800e+00 ; 6.0750001e+01 ; 2.3700000e+02 
3.500e+01 ; 1.600e+00 ; 2.800e+00 ; 6.0750001e+01 ; 2.3700000e+02 
3.500e+01 ; 1.600e+00 ; 2.800e+00 ; 6.0751001e+01 ; 2.3700000e+02 
3.500e+01 ; 1.600e+00 ; 2.800e+00 ; 6.0752001e+01 ; 2.3700000e+02 
3.500e+01 ; 1.600e+00 ; 2.800e+00 ; 6.0753001e+01 ; 2.3700000e+02 
3.500e+01 ; 1.600e+00 ; 2.800e+00 ; 6.0755001e+01 ; 2.3700000e+02 
3.500e+01 ; 1.600e+00 ; 2.800e+00 ; 6.0759001e+01 ; 2.3700000e+02 
3.500e+01 ; 1.600e+00 ; 2.800e+00 ; 6.0767001e+01 ; 2.3700000e+02 
3.500e+01 ; 1.600e+00 ; 2.800e+00 ; 6.0783001e+01 ; 2.3700000e+02 
3.500e+01 ; 1.600e+00 ; 2.800e+00 ; 6.0815001e+01 ; 2.3700000e+02 
3.500e+01 ; 1.600e+00 ; 2.800e+00 ; 6.0879001e+01 ; 2.3700000e+02 
3.500e+01 ; 1.600e+00 ; 2.800e+00 ; 6.1007001e+01 ; 2.3700000e+02 
3.500e+01 ; 1.600e+00 ; 2.800e+00 ; 6.1263001e+01 ; 2.3700000e+02 
3.500e+01 ; 1.600e+00 ; 2.800e+00 ; 6.1775001e+01 ; 2.3700000e+02 
3.500e+01 ; 1.600e+00 ; 2.800e+00 ; 6.2100001e+01 ; 2.3700000e+02 
3.500e+01 ; 1.600e+00 ; 2.800e+00 ; 6.2100001e+01 ; 2.3700000e+02 
3.500e+01 ; 1.600e+00 ; 2.800e+00 ; 6.2101001e+01 ; 2.3700000e+02 
3.500e+01 ; 1.600e+00 ; 2.800e+00 ; 6.2102001e+01 ; 2.3700000e+02 
3.500e+01 ; 1.600e+00 ; 2.800e+00 ; 6.2103001e+01 ; 2.3700000e+02 
3.500e+01 ; 1.600e+00 ; 2.800e+00 ; 6.2105001e+01 ; 2.3700000e+02 
3.500e+01 ; 1.600e+00 ; 2.800e+00 ; 6.2109001e+01 ; 2.3700000e+02 
3.500e+01 ; 1.600e+00 ; 2.800e+00 ; 6.2117001e+01 ; 2.3700000e+02 
3.500e+01 ; 1.600e+00 ; 2.800e+00 ; 6.2133001e+01 ; 2.3700000e+02 
3.500e+01 ; 1.600e+00 ; 2.800e+00 ; 6.2165001e+01 ; 2.3700000e+02 
3.500e+01 ; 1.600e+00 ; 2.800e+00 ; 6.2229001e+01 ; 2.3700000e+02 
3.500e+01 ; 1.600e+00 ; 2.800e+00 ; 6.2357001e+01 ; 2.3700000e+02 
3.500e+01 ; 1.600e+00 ; 2.800e+00 ; 6.2613001e+01 ; 2.3700000e+02 
3.500e+01 ; 1.600e+00 ; 2.800e+00 ; 6.3125001e+01 ; 2.3700000e+02 
3.500e+01 ; 1.600e+00 ; 2.800e+00 ; 6.3450001e+01 ; 2.3700000e+02 
3.500e+01 ; 1.600e+00 ; 2.800e+00 ; 6.3450001e+01 ; 2.3700000e+02 
3.500e+01 ; 1.600e+00 ; 2.800e+00 ; 6.3451001e+01 ; 2.3687770e+02 
3.500e+01 ; 1.600e+00 ; 2.800e+00 ; 6.3452001e+01 ; 2.3675551e+02 
3.500e+01 ; 1.600e+00 ; 2.800e+00 ; 6.3453001e+01 ; 2.3663341e+02 
3.500e+01 ; 1.600e+00 ; 2.800e+00 ; 6.3455001e+01 ; 2.3638959e+02 
3.500e+01 ; 1.600e+00 ; 2.800e+00 ; 6.3459001e+01 ; 2.3590346e+02 
3.500e+01 ; 1.600e+00 ; 2.800e+00 ; 6.3467001e+01 ; 2.3493721e+02 
3.500e+01 ; 1.600e+00 ; 2.800e+00 ; 6.3483001e+01 ; 2.3302852e+02 
3.500e+01 ; 1.600e+00 ; 2.800e+00 ; 6.3515001e+01 ; 2.2930408e+02 
3.500e+01 ; 1.600e+00 ; 2.800e+00 ; 6.3579001e+01 ; 2.2220941e+02 
3.500e+01 ; 1.600e+00 ; 2.800e+00 ; 6.3707001e+01 ; 2.0930946e+02 
3.500e+01 ; 1.600e+00 ; 2.800e+00 ; 6.3963001e+01 ; 1.8780910e+02 
3.500e+01 ; 1.600e+00 ; 2.800e+00 ; 6.4475001e+01 ; 1.5706100e+02 
3.500e+01 ; 1.600e+00 ; 2.800e+00 ; 6.4800001e+01 ; 1.4144296e+02 
3.500e+01 ; 1.600e+00 ; 2.800e+00 ; 6.4800001e+01 ; 1.4144296e+02 
3.500e+01 ; 1.600e+00 ; 2.800e+00 ; 6.4801001e+01 ; 1.4139494e+02 
3.500e+01 ; 1.600e+00 ; 2.800e+00 ; 6.4802001e+01 ; 1.4134697e+02 
3.500e+01 ; 1.600e+00 ; 2.800e+00 ; 6.4803001e+01 ; 1.4129903e+02 
3.500e+01 ; 1.600e+00 ; 2.800e+00 ; 6.4805001e+01 ; 1.4120332e+02 
3.500e+01 ; 1.600e+00 ; 2.800e+00 ; 6.4809001e+01 ; 1.4101257e+02 
3.500e+01 ; 1.600e+00 ; 2.800e+00 ; 6.4817001e+01 ; 1.4063365e+02 
3.500e+01 ; 1.600e+00 ; 2.800e+00 ; 6.4833001e+01 ; 1.3988600e+02 
3.500e+01 ; 1.600e+00 ; 2.800e+00 ; 6.4865001e+01 ; 1.3843005e+02 
3.500e+01 ; 1.600e+00 ; 2.800e+00 ; 6.4929001e+01 ; 1.3566557e+02 
3.500e+01 ; 1.600e+00 ; 2.800e+00 ; 6.5057001e+01 ; 1.3065823e+02 
3.500e+01 ; 1.600e+00 ; 2.800e+00 ; 6.5313001e+01 ; 1.2232023e+02 
3.500e+01 ; 1.600e+00 ; 2.800e+00 ; 6.5825001e+01 ; 1.1026835e+02 
3.500e+01 ; 1.600e+00 ; 2.800e+00 ; 6.6150001e+01 ; 1.0406452e+02 
3.500e+01 ; 1.600e+00 ; 2.800e+00 ; 6.6150001e+01 ; 1.0406452e+02 
3.500e+01 ; 1.600e+00 ; 2.800e+00 ; 6.6151001e+01 ; 1.0404544e+02 
3.500e+01 ; 1.600e+00 ; 2.800e+00 ; 6.6152001e+01 ; 1.0402638e+02 
3.500e+01 ; 1.600e+00 ; 2.800e+00 ; 6.6153001e+01 ; 1.0400733e+02 
3.500e+01 ; 1.600e+00 ; 2.800e+00 ; 6.6155001e+01 ; 1.0396929e+02 
3.500e+01 ; 1.600e+00 ; 2.800e+00 ; 6.6159001e+01 ; 1.0389343e+02 
3.500e+01 ; 1.600e+00 ; 2.800e+00 ; 6.6167001e+01 ; 1.0374258e+02 
3.500e+01 ; 1.600e+00 ; 2.800e+00 ; 6.6183001e+01 ; 1.0344434e+02 
3.500e+01 ; 1.600e+00 ; 2.800e+00 ; 6.6215001e+01 ; 1.0286137e+02 
3.500e+01 ; 1.600e+00 ; 2.800e+00 ; 6.6279001e+01 ; 1.0174710e+02 
3.500e+01 ; 1.600e+00 ; 2.800e+00 ; 6.6407001e+01 ; 9.9707497e+01 
3.500e+01 ; 1.600e+00 ; 2.800e+00 ; 6.6663001e+01 ; 9.6262291e+01 
3.500e+01 ; 1.600e+00 ; 2.800e+00 ; 6.7175001e+01 ; 9.1187164e+01 
3.500e+01 ; 1.600e+00 ; 2.800e+00 ; 6.7500001e+01 ; 8.8544640e+01 
3.500e+01 ; 1.600e+00 ; 2.800e+00 ; 6.7500001e+01 ; 8.8544640e+01 
3.500e+01 ; 1.600e+00 ; 2.800e+00 ; 6.7501001e+01 ; 8.8536514e+01 
3.500e+01 ; 1.600e+00 ; 2.800e+00 ; 6.7502001e+01 ; 8.8528397e+01 
3.500e+01 ; 1.600e+00 ; 2.800e+00 ; 6.7503001e+01 ; 8.8520279e+01 
3.500e+01 ; 1.600e+00 ; 2.800e+00 ; 6.7505001e+01 ; 8.8504074e+01 
3.500e+01 ; 1.600e+00 ; 2.800e+00 ; 6.7509001e+01 ; 8.8471748e+01 
3.500e+01 ; 1.600e+00 ; 2.800e+00 ; 6.7517001e+01 ; 8.8407440e+01 
3.500e+01 ; 1.600e+00 ; 2.800e+00 ; 6.7533001e+01 ; 8.8280182e+01 
3.500e+01 ; 1.600e+00 ; 2.800e+00 ; 6.7565001e+01 ; 8.8030983e+01 
3.500e+01 ; 1.600e+00 ; 2.800e+00 ; 6.7629001e+01 ; 8.7552673e+01 
3.500e+01 ; 1.600e+00 ; 2.800e+00 ; 6.7757001e+01 ; 8.6668602e+01 
3.500e+01 ; 1.600e+00 ; 2.800e+00 ; 6.8013001e+01 ; 8.5139839e+01 
3.500e+01 ; 1.600e+00 ; 2.800e+00 ; 6.8525001e+01 ; 8.2764999e+01 
3.500e+01 ; 1.600e+00 ; 2.800e+00 ; 6.8850001e+01 ; 8.1478180e+01 
3.500e+01 ; 1.600e+00 ; 2.800e+00 ; 6.8850001e+01 ; 8.1478180e+01 
3.500e+01 ; 1.600e+00 ; 2.800e+00 ; 6.8851001e+01 ; 8.1474220e+01 
3.500e+01 ; 1.600e+00 ; 2.800e+00 ; 6.8852001e+01 ; 8.1470268e+01 
3.500e+01 ; 1.600e+00 ; 2.800e+00 ; 6.8853001e+01 ; 8.1466316e+01 
3.500e+01 ; 1.600e+00 ; 2.800e+00 ; 6.8855001e+01 ; 8.1458420e+01 
3.500e+01 ; 1.600e+00 ; 2.800e+00 ; 6.8859001e+01 ; 8.1442657e+01 
3.500e+01 ; 1.600e+00 ; 2.800e+00 ; 6.8867001e+01 ; 8.1411263e+01 
3.500e+01 ; 1.600e+00 ; 2.800e+00 ; 6.8883001e+01 ; 8.1348991e+01 
3.500e+01 ; 1.600e+00 ; 2.800e+00 ; 6.8915001e+01 ; 8.1226501e+01 
3.500e+01 ; 1.600e+00 ; 2.800e+00 ; 6.8979001e+01 ; 8.0989288e+01 
3.500e+01 ; 1.600e+00 ; 2.800e+00 ; 6.9107001e+01 ; 8.0543304e+01 
3.500e+01 ; 1.600e+00 ; 2.800e+00 ; 6.9363001e+01 ; 7.9747574e+01 
3.500e+01 ; 1.600e+00 ; 2.800e+00 ; 6.9875001e+01 ; 7.8442940e+01 
3.500e+01 ; 1.600e+00 ; 2.800e+00 ; 7.0200001e+01 ; 7.7710495e+01 
3.500e+01 ; 1.600e+00 ; 2.800e+00 ; 7.0200001e+01 ; 7.7710495e+01 
3.500e+01 ; 1.600e+00 ; 2.800e+00 ; 7.0201001e+01 ; 7.7708244e+01 
3.500e+01 ; 1.600e+00 ; 2.800e+00 ; 7.0202001e+01 ; 7.7705994e+01 
3.500e+01 ; 1.600e+00 ; 2.800e+00 ; 7.0203001e+01 ; 7.7703743e+01 
3.500e+01 ; 1.600e+00 ; 2.800e+00 ; 7.0205001e+01 ; 7.7699242e+01 
3.500e+01 ; 1.600e+00 ; 2.800e+00 ; 7.0209001e+01 ; 7.7690262e+01 
3.500e+01 ; 1.600e+00 ; 2.800e+00 ; 7.0217001e+01 ; 7.7672356e+01 
3.500e+01 ; 1.600e+00 ; 2.800e+00 ; 7.0233001e+01 ; 7.7636765e+01 
3.500e+01 ; 1.600e+00 ; 2.800e+00 ; 7.0265001e+01 ; 7.7566483e+01 
3.500e+01 ; 1.600e+00 ; 2.800e+00 ; 7.0329001e+01 ; 7.7429344e+01 
3.500e+01 ; 1.600e+00 ; 2.800e+00 ; 7.0457001e+01 ; 7.7167763e+01 
3.500e+01 ; 1.600e+00 ; 2.800e+00 ; 7.0713001e+01 ; 7.6688789e+01 
3.500e+01 ; 1.600e+00 ; 2.800e+00 ; 7.1225001e+01 ; 7.5868919e+01 
3.500e+01 ; 1.600e+00 ; 2.800e+00 ; 7.1550001e+01 ; 7.5396080e+01 
3.500e+01 ; 1.600e+00 ; 2.800e+00 ; 7.1550001e+01 ; 7.5396080e+01 
3.500e+01 ; 1.600e+00 ; 2.800e+00 ; 7.1551001e+01 ; 7.5394623e+01 
3.500e+01 ; 1.600e+00 ; 2.800e+00 ; 7.1552001e+01 ; 7.5393166e+01 
3.500e+01 ; 1.600e+00 ; 2.800e+00 ; 7.1553001e+01 ; 7.5391716e+01 
3.500e+01 ; 1.600e+00 ; 2.800e+00 ; 7.1555001e+01 ; 7.5388809e+01 
3.500e+01 ; 1.600e+00 ; 2.800e+00 ; 7.1559001e+01 ; 7.5383011e+01 
3.500e+01 ; 1.600e+00 ; 2.800e+00 ; 7.1567001e+01 ; 7.5371429e+01 
3.500e+01 ; 1.600e+00 ; 2.800e+00 ; 7.1583001e+01 ; 7.5348389e+01 
3.500e+01 ; 1.600e+00 ; 2.800e+00 ; 7.1615001e+01 ; 7.5302742e+01 
3.500e+01 ; 1.600e+00 ; 2.800e+00 ; 7.1679001e+01 ; 7.5213196e+01 
3.500e+01 ; 1.600e+00 ; 2.800e+00 ; 7.1807001e+01 ; 7.5040588e+01 
3.500e+01 ; 1.600e+00 ; 2.800e+00 ; 7.2063001e+01 ; 7.4718559e+01 
3.500e+01 ; 1.600e+00 ; 2.800e+00 ; 7.2575001e+01 ; 7.4150040e+01 
3.500e+01 ; 1.600e+00 ; 2.800e+00 ; 7.2900001e+01 ; 7.3815910e+01 
3.500e+01 ; 1.600e+00 ; 2.800e+00 ; 7.2900001e+01 ; 7.3815910e+01 
3.500e+01 ; 1.600e+00 ; 2.800e+00 ; 7.2901001e+01 ; 7.3814888e+01 
3.500e+01 ; 1.600e+00 ; 2.800e+00 ; 7.2902001e+01 ; 7.3813858e+01 
3.500e+01 ; 1.600e+00 ; 2.800e+00 ; 7.2903001e+01 ; 7.3812828e+01 
3.500e+01 ; 1.600e+00 ; 2.800e+00 ; 7.2905001e+01 ; 7.3810776e+01 
3.500e+01 ; 1.600e+00 ; 2.800e+00 ; 7.2909001e+01 ; 7.3806671e+01 
3.500e+01 ; 1.600e+00 ; 2.800e+00 ; 7.2917001e+01 ; 7.3798485e+01 
3.500e+01 ; 1.600e+00 ; 2.800e+00 ; 7.2933001e+01 ; 7.3782166e+01 
3.500e+01 ; 1.600e+00 ; 2.800e+00 ; 7.2965001e+01 ; 7.3749786e+01 
3.500e+01 ; 1.600e+00 ; 2.800e+00 ; 7.3029001e+01 ; 7.3686005e+01 
3.500e+01 ; 1.600e+00 ; 2.800e+00 ; 7.3157001e+01 ; 7.3562195e+01 
3.500e+01 ; 1.600e+00 ; 2.800e+00 ; 7.3413001e+01 ; 7.3328163e+01 
3.500e+01 ; 1.600e+00 ; 2.800e+00 ; 7.3925001e+01 ; 7.2905914e+01 
3.500e+01 ; 1.600e+00 ; 2.800e+00 ; 7.4250001e+01 ; 7.2654457e+01 
3.500e+01 ; 1.600e+00 ; 2.800e+00 ; 7.4250001e+01 ; 7.2654457e+01 
3.500e+01 ; 1.600e+00 ; 2.800e+00 ; 7.4251001e+01 ; 7.2653687e+01 
3.500e+01 ; 1.600e+00 ; 2.800e+00 ; 7.4252001e+01 ; 7.2652908e+01 
3.500e+01 ; 1.600e+00 ; 2.800e+00 ; 7.4253001e+01 ; 7.2652138e+01 
3.500e+01 ; 1.600e+00 ; 2.800e+00 ; 7.4255001e+01 ; 7.2650589e+01 
3.500e+01 ; 1.600e+00 ; 2.800e+00 ; 7.4259001e+01 ; 7.2647507e+01 
3.500e+01 ; 1.600e+00 ; 2.800e+00 ; 7.4267001e+01 ; 7.2641335e+01 
3.500e+01 ; 1.600e+00 ; 2.800e+00 ; 7.4283001e+01 ; 7.2629036e+01 
3.500e+01 ; 1.600e+00 ; 2.800e+00 ; 7.4315001e+01 ; 7.2604599e+01 
3.500e+01 ; 1.600e+00 ; 2.800e+00 ; 7.4379001e+01 ; 7.2556343e+01 
3.500e+01 ; 1.600e+00 ; 2.800e+00 ; 7.4507001e+01 ; 7.2462173e+01 
3.500e+01 ; 1.600e+00 ; 2.800e+00 ; 7.4763001e+01 ; 7.2282539e+01 
3.500e+01 ; 1.600e+00 ; 2.800e+00 ; 7.5275001e+01 ; 7.1953285e+01 
3.500e+01 ; 1.600e+00 ; 2.800e+00 ; 7.5600001e+01 ; 7.1755310e+01 
3.500e+01 ; 1.600e+00 ; 2.800e+00 ; 7.5600001e+01 ; 7.1755310e+01 
3.500e+01 ; 1.600e+00 ; 2.800e+00 ; 7.5601001e+01 ; 7.1754700e+01 
3.500e+01 ; 1.600e+00 ; 2.800e+00 ; 7.5602001e+01 ; 7.1754097e+01 
3.500e+01 ; 1.600e+00 ; 2.800e+00 ; 7.5603001e+01 ; 7.1753487e+01 
3.500e+01 ; 1.600e+00 ; 2.800e+00 ; 7.5605001e+01 ; 7.1752266e+01 
3.500e+01 ; 1.600e+00 ; 2.800e+00 ; 7.5609001e+01 ; 7.1749832e+01 
3.500e+01 ; 1.600e+00 ; 2.800e+00 ; 7.5617001e+01 ; 7.1744972e+01 
3.500e+01 ; 1.600e+00 ; 2.800e+00 ; 7.5633001e+01 ; 7.1735283e+01 
3.500e+01 ; 1.600e+00 ; 2.800e+00 ; 7.5665001e+01 ; 7.1716003e+01 
3.500e+01 ; 1.600e+00 ; 2.800e+00 ; 7.5729001e+01 ; 7.1677856e+01 
3.500e+01 ; 1.600e+00 ; 2.800e+00 ; 7.5857001e+01 ; 7.1603149e+01 
3.500e+01 ; 1.600e+00 ; 2.800e+00 ; 7.6113001e+01 ; 7.1459663e+01 
3.500e+01 ; 1.600e+00 ; 2.800e+00 ; 7.6625001e+01 ; 7.1193497e+01 
3.500e+01 ; 1.600e+00 ; 2.800e+00 ; 7.6950001e+01 ; 7.1032280e+01 
3.500e+01 ; 1.600e+00 ; 2.800e+00 ; 7.6950001e+01 ; 7.1032280e+01 
3.500e+01 ; 1.600e+00 ; 2.800e+00 ; 7.6951001e+01 ; 7.1031784e+01 
3.500e+01 ; 1.600e+00 ; 2.800e+00 ; 7.6952001e+01 ; 7.1031288e+01 
3.500e+01 ; 1.600e+00 ; 2.800e+00 ; 7.6953001e+01 ; 7.1030792e+01 
3.500e+01 ; 1.600e+00 ; 2.800e+00 ; 7.6955001e+01 ; 7.1029800e+01 
3.500e+01 ; 1.600e+00 ; 2.800e+00 ; 7.6959001e+01 ; 7.1027817e+01 
3.500e+01 ; 1.600e+00 ; 2.800e+00 ; 7.6967001e+01 ; 7.1023865e+01 
3.500e+01 ; 1.600e+00 ; 2.800e+00 ; 7.6983001e+01 ; 7.1015961e+01 
3.500e+01 ; 1.600e+00 ; 2.800e+00 ; 7.7015001e+01 ; 7.1000237e+01 
3.500e+01 ; 1.600e+00 ; 2.800e+00 ; 7.7079001e+01 ; 7.0969086e+01 
3.500e+01 ; 1.600e+00 ; 2.800e+00 ; 7.7207001e+01 ; 7.0907898e+01 
3.500e+01 ; 1.600e+00 ; 2.800e+00 ; 7.7463001e+01 ; 7.0789749e+01 
3.500e+01 ; 1.600e+00 ; 2.800e+00 ; 7.7975001e+01 ; 7.0568550e+01 
3.500e+01 ; 1.600e+00 ; 2.800e+00 ; 7.8300001e+01 ; 7.0433800e+01 
3.500e+01 ; 1.600e+00 ; 2.800e+00 ; 7.8300001e+01 ; 7.0433800e+01 
3.500e+01 ; 1.600e+00 ; 2.800e+00 ; 7.8301001e+01 ; 7.0433380e+01 
3.500e+01 ; 1.600e+00 ; 2.800e+00 ; 7.8302001e+01 ; 7.0432968e+01 
3.500e+01 ; 1.600e+00 ; 2.800e+00 ; 7.8303001e+01 ; 7.0432556e+01 
3.500e+01 ; 1.600e+00 ; 2.800e+00 ; 7.8305001e+01 ; 7.0431725e+01 
3.500e+01 ; 1.600e+00 ; 2.800e+00 ; 7.8309001e+01 ; 7.0430069e+01 
3.500e+01 ; 1.600e+00 ; 2.800e+00 ; 7.8317001e+01 ; 7.0426758e+01 
3.500e+01 ; 1.600e+00 ; 2.800e+00 ; 7.8333001e+01 ; 7.0420151e+01 
3.500e+01 ; 1.600e+00 ; 2.800e+00 ; 7.8365001e+01 ; 7.0406998e+01 
3.500e+01 ; 1.600e+00 ; 2.800e+00 ; 7.8429001e+01 ; 7.0380898e+01 
3.500e+01 ; 1.600e+00 ; 2.800e+00 ; 7.8557001e+01 ; 7.0329521e+01 
3.500e+01 ; 1.600e+00 ; 2.800e+00 ; 7.8813001e+01 ; 7.0229912e+01 
3.500e+01 ; 1.600e+00 ; 2.800e+00 ; 7.9325001e+01 ; 7.0042053e+01 
3.500e+01 ; 1.600e+00 ; 2.800e+00 ; 7.9650001e+01 ; 6.9927094e+01 
3.500e+01 ; 1.600e+00 ; 2.800e+00 ; 7.9650001e+01 ; 6.9927094e+01 
3.500e+01 ; 1.600e+00 ; 2.800e+00 ; 7.9651001e+01 ; 6.9926743e+01 
3.500e+01 ; 1.600e+00 ; 2.800e+00 ; 7.9652001e+01 ; 6.9926392e+01 
3.500e+01 ; 1.600e+00 ; 2.800e+00 ; 7.9653001e+01 ; 6.9926033e+01 
3.500e+01 ; 1.600e+00 ; 2.800e+00 ; 7.9655001e+01 ; 6.9925331e+01 
3.500e+01 ; 1.600e+00 ; 2.800e+00 ; 7.9659001e+01 ; 6.9923912e+01 
3.500e+01 ; 1.600e+00 ; 2.800e+00 ; 7.9667001e+01 ; 6.9921089e+01 
3.500e+01 ; 1.600e+00 ; 2.800e+00 ; 7.9683001e+01 ; 6.9915451e+01 
3.500e+01 ; 1.600e+00 ; 2.800e+00 ; 7.9715001e+01 ; 6.9904221e+01 
3.500e+01 ; 1.600e+00 ; 2.800e+00 ; 7.9779001e+01 ; 6.9881912e+01 
3.500e+01 ; 1.600e+00 ; 2.800e+00 ; 7.9907001e+01 ; 6.9837929e+01 
3.500e+01 ; 1.600e+00 ; 2.800e+00 ; 8.0163001e+01 ; 6.9752373e+01 
3.500e+01 ; 1.600e+00 ; 2.800e+00 ; 8.0675001e+01 ; 6.9590088e+01 
3.500e+01 ; 1.600e+00 ; 2.800e+00 ; 8.1000001e+01 ; 6.9490425e+01 
3.500e+01 ; 1.600e+00 ; 2.800e+00 ; 8.1000001e+01 ; 6.9490425e+01 
3.500e+01 ; 1.600e+00 ; 2.800e+00 ; 8.1001001e+01 ; 6.9490120e+01 
3.500e+01 ; 1.600e+00 ; 2.800e+00 ; 8.1002001e+01 ; 6.9489815e+01 
3.500e+01 ; 1.600e+00 ; 2.800e+00 ; 8.1003001e+01 ; 6.9489510e+01 
3.500e+01 ; 1.600e+00 ; 2.800e+00 ; 8.1005001e+01 ; 6.9488892e+01 
3.500e+01 ; 1.600e+00 ; 2.800e+00 ; 8.1009001e+01 ; 6.9487671e+01 
3.500e+01 ; 1.600e+00 ; 2.800e+00 ; 8.1017001e+01 ; 6.9485222e+01 
3.500e+01 ; 1.600e+00 ; 2.800e+00 ; 8.1033001e+01 ; 6.9480331e+01 
3.500e+01 ; 1.600e+00 ; 2.800e+00 ; 8.1065001e+01 ; 6.9470581e+01 
3.500e+01 ; 1.600e+00 ; 2.800e+00 ; 8.1129001e+01 ; 6.9451218e+01 
3.500e+01 ; 1.600e+00 ; 2.800e+00 ; 8.1257001e+01 ; 6.9412979e+01 
3.500e+01 ; 1.600e+00 ; 2.800e+00 ; 8.1513001e+01 ; 6.9338417e+01 
3.500e+01 ; 1.600e+00 ; 2.800e+00 ; 8.2025001e+01 ; 6.9196335e+01 
3.500e+01 ; 1.600e+00 ; 2.800e+00 ; 8.2350001e+01 ; 6.9108841e+01 
3.500e+01 ; 1.600e+00 ; 2.800e+00 ; 8.2350001e+01 ; 6.9108841e+01 
3.500e+01 ; 1.600e+00 ; 2.800e+00 ; 8.2351001e+01 ; 6.9108574e+01 
3.500e+01 ; 1.600e+00 ; 2.800e+00 ; 8.2352001e+01 ; 6.9108299e+01 
3.500e+01 ; 1.600e+00 ; 2.800e+00 ; 8.2353001e+01 ; 6.9108032e+01 
3.500e+01 ; 1.600e+00 ; 2.800e+00 ; 8.2355001e+01 ; 6.9107498e+01 
3.500e+01 ; 1.600e+00 ; 2.800e+00 ; 8.2359001e+01 ; 6.9106422e+01 
3.500e+01 ; 1.600e+00 ; 2.800e+00 ; 8.2367001e+01 ; 6.9104294e+01 
3.500e+01 ; 1.600e+00 ; 2.800e+00 ; 8.2383001e+01 ; 6.9100075e+01 
3.500e+01 ; 1.600e+00 ; 2.800e+00 ; 8.2415001e+01 ; 6.9091843e+01 
3.500e+01 ; 1.600e+00 ; 2.800e+00 ; 8.2479001e+01 ; 6.9076447e+01 
3.500e+01 ; 1.600e+00 ; 2.800e+00 ; 8.2607001e+01 ; 6.9051186e+01 
3.500e+01 ; 1.600e+00 ; 2.800e+00 ; 8.2863001e+01 ; 6.9027885e+01 
3.500e+01 ; 1.600e+00 ; 2.800e+00 ; 8.3375001e+01 ; 6.9086601e+01 
3.500e+01 ; 1.600e+00 ; 2.800e+00 ; 8.3700001e+01 ; 6.9159134e+01 
3.500e+01 ; 1.600e+00 ; 2.800e+00 ; 8.3700001e+01 ; 6.9159134e+01 
3.500e+01 ; 1.600e+00 ; 2.800e+00 ; 8.3701001e+01 ; 6.9162285e+01 
3.500e+01 ; 1.600e+00 ; 2.800e+00 ; 8.3702001e+01 ; 6.9165451e+01 
3.500e+01 ; 1.600e+00 ; 2.800e+00 ; 8.3703001e+01 ; 6.9168633e+01 
3.500e+01 ; 1.600e+00 ; 2.800e+00 ; 8.3705001e+01 ; 6.9175064e+01 
3.500e+01 ; 1.600e+00 ; 2.800e+00 ; 8.3709001e+01 ; 6.9188179e+01 
3.500e+01 ; 1.600e+00 ; 2.800e+00 ; 8.3717001e+01 ; 6.9215454e+01 
3.500e+01 ; 1.600e+00 ; 2.800e+00 ; 8.3733001e+01 ; 6.9273933e+01 
3.500e+01 ; 1.600e+00 ; 2.800e+00 ; 8.3765001e+01 ; 6.9405518e+01 
3.500e+01 ; 1.600e+00 ; 2.800e+00 ; 8.3829001e+01 ; 6.9718521e+01 
3.500e+01 ; 1.600e+00 ; 2.800e+00 ; 8.3957001e+01 ; 7.0487404e+01 
3.500e+01 ; 1.600e+00 ; 2.800e+00 ; 8.4213001e+01 ; 7.2287102e+01 
3.500e+01 ; 1.600e+00 ; 2.800e+00 ; 8.4725001e+01 ; 7.5741127e+01 
3.500e+01 ; 1.600e+00 ; 2.800e+00 ; 8.5050002e+01 ; 7.7606773e+01 
3.500e+01 ; 1.600e+00 ; 2.800e+00 ; 8.5050002e+01 ; 7.7606773e+01 
3.500e+01 ; 1.600e+00 ; 2.800e+00 ; 8.5051002e+01 ; 7.7615021e+01 
3.500e+01 ; 1.600e+00 ; 2.800e+00 ; 8.5052002e+01 ; 7.7623276e+01 
3.500e+01 ; 1.600e+00 ; 2.800e+00 ; 8.5053002e+01 ; 7.7631538e+01 
3.500e+01 ; 1.600e+00 ; 2.800e+00 ; 8.5055002e+01 ; 7.7648064e+01 
3.500e+01 ; 1.600e+00 ; 2.800e+00 ; 8.5059002e+01 ; 7.7681152e+01 
3.500e+01 ; 1.600e+00 ; 2.800e+00 ; 8.5067002e+01 ; 7.7747490e+01 
3.500e+01 ; 1.600e+00 ; 2.800e+00 ; 8.5083002e+01 ; 7.7880714e+01 
3.500e+01 ; 1.600e+00 ; 2.800e+00 ; 8.5115001e+01 ; 7.8148918e+01 
3.500e+01 ; 1.600e+00 ; 2.800e+00 ; 8.5179001e+01 ; 7.8688995e+01 
3.500e+01 ; 1.600e+00 ; 2.800e+00 ; 8.5307002e+01 ; 7.9762115e+01 
3.500e+01 ; 1.600e+00 ; 2.800e+00 ; 8.5563002e+01 ; 8.1766830e+01 
3.500e+01 ; 1.600e+00 ; 2.800e+00 ; 8.6075001e+01 ; 8.4854744e+01 
3.500e+01 ; 1.600e+00 ; 2.800e+00 ; 8.6400002e+01 ; 8.6334236e+01 
3.500e+01 ; 1.600e+00 ; 2.800e+00 ; 8.6400002e+01 ; 8.6334236e+01 
3.500e+01 ; 1.600e+00 ; 2.800e+00 ; 8.6401002e+01 ; 8.6338783e+01 
3.500e+01 ; 1.600e+00 ; 2.800e+00 ; 8.6402002e+01 ; 8.6343323e+01 
3.500e+01 ; 1.600e+00 ; 2.800e+00 ; 8.6403002e+01 ; 8.6347847e+01 
3.500e+01 ; 1.600e+00 ; 2.800e+00 ; 8.6405002e+01 ; 8.6356880e+01 
3.500e+01 ; 1.600e+00 ; 2.800e+00 ; 8.6409002e+01 ; 8.6374825e+01 
3.500e+01 ; 1.600e+00 ; 2.800e+00 ; 8.6417002e+01 ; 8.6410233e+01 
3.500e+01 ; 1.600e+00 ; 2.800e+00 ; 8.6433002e+01 ; 8.6479202e+01 
3.500e+01 ; 1.600e+00 ; 2.800e+00 ; 8.6465002e+01 ; 8.6610016e+01 
3.500e+01 ; 1.600e+00 ; 2.800e+00 ; 8.6529002e+01 ; 8.6845070e+01 
3.500e+01 ; 1.600e+00 ; 2.800e+00 ; 8.6657002e+01 ; 8.7222778e+01 
3.500e+01 ; 1.600e+00 ; 2.800e+00 ; 8.6913002e+01 ; 8.7694878e+01 
3.500e+01 ; 1.600e+00 ; 2.800e+00 ; 8.7425002e+01 ; 8.7945999e+01 
3.500e+01 ; 1.600e+00 ; 2.800e+00 ; 8.7750002e+01 ; 8.7907204e+01 
3.500e+01 ; 1.600e+00 ; 2.800e+00 ; 8.7750002e+01 ; 8.7907204e+01 
3.500e+01 ; 1.600e+00 ; 2.800e+00 ; 8.7751002e+01 ; 8.7907082e+01 
3.500e+01 ; 1.600e+00 ; 2.800e+00 ; 8.7752002e+01 ; 8.7906960e+01 
3.500e+01 ; 1.600e+00 ; 2.800e+00 ; 8.7753002e+01 ; 8.7906837e+01 
3.500e+01 ; 1.600e+00 ; 2.800e+00 ; 8.7755002e+01 ; 8.7906578e+01 
3.500e+01 ; 1.600e+00 ; 2.800e+00 ; 8.7759002e+01 ; 8.7906029e+01 
3.500e+01 ; 1.600e+00 ; 2.800e+00 ; 8.7767002e+01 ; 8.7904823e+01 
3.500e+01 ; 1.600e+00 ; 2.800e+00 ; 8.7783002e+01 ; 8.7901947e+01 
3.500e+01 ; 1.600e+00 ; 2.800e+00 ; 8.7815002e+01 ; 8.7894424e+01 
3.500e+01 ; 1.600e+00 ; 2.800e+00 ; 8.7879002e+01 ; 8.7872772e+01 
3.500e+01 ; 1.600e+00 ; 2.800e+00 ; 8.8007002e+01 ; 8.7806816e+01 
3.500e+01 ; 1.600e+00 ; 2.800e+00 ; 8.8263002e+01 ; 8.7607819e+01 
3.500e+01 ; 1.600e+00 ; 2.800e+00 ; 8.8775002e+01 ; 8.7063210e+01 
3.500e+01 ; 1.600e+00 ; 2.800e+00 ; 8.9100002e+01 ; 8.6681198e+01 
3.500e+01 ; 1.600e+00 ; 2.800e+00 ; 8.9100002e+01 ; 8.6681198e+01 
3.500e+01 ; 1.600e+00 ; 2.800e+00 ; 8.9101002e+01 ; 8.6680023e+01 
3.500e+01 ; 1.600e+00 ; 2.800e+00 ; 8.9102002e+01 ; 8.6678848e+01 
3.500e+01 ; 1.600e+00 ; 2.800e+00 ; 8.9103002e+01 ; 8.6677673e+01 
3.500e+01 ; 1.600e+00 ; 2.800e+00 ; 8.9105002e+01 ; 8.6675316e+01 
3.500e+01 ; 1.600e+00 ; 2.800e+00 ; 8.9109002e+01 ; 8.6670601e+01 
3.500e+01 ; 1.600e+00 ; 2.800e+00 ; 8.9117002e+01 ; 8.6661156e+01 
3.500e+01 ; 1.600e+00 ; 2.800e+00 ; 8.9133002e+01 ; 8.6642174e+01 
3.500e+01 ; 1.600e+00 ; 2.800e+00 ; 8.9165002e+01 ; 8.6603905e+01 
3.500e+01 ; 1.600e+00 ; 2.800e+00 ; 8.9229002e+01 ; 8.6526268e+01 
3.500e+01 ; 1.600e+00 ; 2.800e+00 ; 8.9357002e+01 ; 8.6367668e+01 
3.500e+01 ; 1.600e+00 ; 2.800e+00 ; 8.9613002e+01 ; 8.6043411e+01 
3.500e+01 ; 1.600e+00 ; 2.800e+00 ; 9.0125002e+01 ; 8.5396599e+01 
3.500e+01 ; 1.600e+00 ; 2.800e+00 ; 9.0450002e+01 ; 8.4992004e+01 
3.500e+01 ; 1.600e+00 ; 2.800e+00 ; 9.0450002e+01 ; 8.4992004e+01 
3.500e+01 ; 1.600e+00 ; 2.800e+00 ; 9.0451002e+01 ; 8.4990753e+01 
3.500e+01 ; 1.600e+00 ; 2.800e+00 ; 9.0452002e+01 ; 8.4989510e+01 
3.500e+01 ; 1.600e+00 ; 2.800e+00 ; 9.0453002e+01 ; 8.4988266e+01 
3.500e+01 ; 1.600e+00 ; 2.800e+00 ; 9.0455002e+01 ; 8.4985779e+01 
3.500e+01 ; 1.600e+00 ; 2.800e+00 ; 9.0459002e+01 ; 8.4980797e+01 
3.500e+01 ; 1.600e+00 ; 2.800e+00 ; 9.0467002e+01 ; 8.4970848e+01 
3.500e+01 ; 1.600e+00 ; 2.800e+00 ; 9.0483002e+01 ; 8.4950958e+01 
3.500e+01 ; 1.600e+00 ; 2.800e+00 ; 9.0515002e+01 ; 8.4911255e+01 
3.500e+01 ; 1.600e+00 ; 2.800e+00 ; 9.0579002e+01 ; 8.4832146e+01 
3.500e+01 ; 1.600e+00 ; 2.800e+00 ; 9.0707002e+01 ; 8.4675369e+01 
3.500e+01 ; 1.600e+00 ; 2.800e+00 ; 9.0963002e+01 ; 8.4368858e+01 
3.500e+01 ; 1.600e+00 ; 2.800e+00 ; 9.1475002e+01 ; 8.3788918e+01 
3.500e+01 ; 1.600e+00 ; 2.800e+00 ; 9.1800002e+01 ; 8.3434776e+01 
3.500e+01 ; 1.600e+00 ; 2.800e+00 ; 9.1800002e+01 ; 8.3434776e+01 
3.500e+01 ; 1.600e+00 ; 2.800e+00 ; 9.1801002e+01 ; 8.3433685e+01 
3.500e+01 ; 1.600e+00 ; 2.800e+00 ; 9.1802002e+01 ; 8.3432594e+01 
3.500e+01 ; 1.600e+00 ; 2.800e+00 ; 9.1803002e+01 ; 8.3431503e+01 
3.500e+01 ; 1.600e+00 ; 2.800e+00 ; 9.1805002e+01 ; 8.3429329e+01 
3.500e+01 ; 1.600e+00 ; 2.800e+00 ; 9.1809002e+01 ; 8.3424973e+01 
3.500e+01 ; 1.600e+00 ; 2.800e+00 ; 9.1817002e+01 ; 8.3416275e+01 
3.500e+01 ; 1.600e+00 ; 2.800e+00 ; 9.1833002e+01 ; 8.3398911e+01 
3.500e+01 ; 1.600e+00 ; 2.800e+00 ; 9.1865002e+01 ; 8.3364311e+01 
3.500e+01 ; 1.600e+00 ; 2.800e+00 ; 9.1929002e+01 ; 8.3295677e+01 
3.500e+01 ; 1.600e+00 ; 2.800e+00 ; 9.2057002e+01 ; 8.3160614e+01 
3.500e+01 ; 1.600e+00 ; 2.800e+00 ; 9.2313002e+01 ; 8.2899338e+01 
3.500e+01 ; 1.600e+00 ; 2.800e+00 ; 9.2825002e+01 ; 8.2410889e+01 
3.500e+01 ; 1.600e+00 ; 2.800e+00 ; 9.3150002e+01 ; 8.2114128e+01 
3.500e+01 ; 1.600e+00 ; 2.800e+00 ; 9.3150002e+01 ; 8.2114128e+01 
3.500e+01 ; 1.600e+00 ; 2.800e+00 ; 9.3151002e+01 ; 8.2113220e+01 
3.500e+01 ; 1.600e+00 ; 2.800e+00 ; 9.3152002e+01 ; 8.2112305e+01 
3.500e+01 ; 1.600e+00 ; 2.800e+00 ; 9.3153002e+01 ; 8.2111397e+01 
3.500e+01 ; 1.600e+00 ; 2.800e+00 ; 9.3155002e+01 ; 8.2109566e+01 
3.500e+01 ; 1.600e+00 ; 2.800e+00 ; 9.3159002e+01 ; 8.2105919e+01 
3.500e+01 ; 1.600e+00 ; 2.800e+00 ; 9.3167002e+01 ; 8.2098633e+01 
3.500e+01 ; 1.600e+00 ; 2.800e+00 ; 9.3183002e+01 ; 8.2084091e+01 
3.500e+01 ; 1.600e+00 ; 2.800e+00 ; 9.3215002e+01 ; 8.2055130e+01 
3.500e+01 ; 1.600e+00 ; 2.800e+00 ; 9.3279002e+01 ; 8.1997726e+01 
3.500e+01 ; 1.600e+00 ; 2.800e+00 ; 9.3407002e+01 ; 8.1884911e+01 
3.500e+01 ; 1.600e+00 ; 2.800e+00 ; 9.3663002e+01 ; 8.1667007e+01 
3.500e+01 ; 1.600e+00 ; 2.800e+00 ; 9.4175002e+01 ; 8.1259819e+01 
3.500e+01 ; 1.600e+00 ; 2.800e+00 ; 9.4500002e+01 ; 8.1012291e+01 
3.500e+01 ; 1.600e+00 ; 2.800e+00 ; 9.4500002e+01 ; 8.1012291e+01 
3.500e+01 ; 1.600e+00 ; 2.800e+00 ; 9.4501002e+01 ; 8.1011528e+01 
3.500e+01 ; 1.600e+00 ; 2.800e+00 ; 9.4502002e+01 ; 8.1010765e+01 
3.500e+01 ; 1.600e+00 ; 2.800e+00 ; 9.4503002e+01 ; 8.1010002e+01 
3.500e+01 ; 1.600e+00 ; 2.800e+00 ; 9.4505002e+01 ; 8.1008484e+01 
3.500e+01 ; 1.600e+00 ; 2.800e+00 ; 9.4509002e+01 ; 8.1005440e+01 
3.500e+01 ; 1.600e+00 ; 2.800e+00 ; 9.4517002e+01 ; 8.0999359e+01 
3.500e+01 ; 1.600e+00 ; 2.800e+00 ; 9.4533002e+01 ; 8.0987228e+01 
3.500e+01 ; 1.600e+00 ; 2.800e+00 ; 9.4565002e+01 ; 8.0963066e+01 
3.500e+01 ; 1.600e+00 ; 2.800e+00 ; 9.4629002e+01 ; 8.0915169e+01 
3.500e+01 ; 1.600e+00 ; 2.800e+00 ; 9.4757002e+01 ; 8.0820992e+01 
3.500e+01 ; 1.600e+00 ; 2.800e+00 ; 9.5013002e+01 ; 8.0638855e+01 
3.500e+01 ; 1.600e+00 ; 2.800e+00 ; 9.5525002e+01 ; 8.0297363e+01 
3.500e+01 ; 1.600e+00 ; 2.800e+00 ; 9.5850002e+01 ; 8.0089272e+01 
3.500e+01 ; 1.600e+00 ; 2.800e+00 ; 9.5850002e+01 ; 8.0089272e+01 
3.500e+01 ; 1.600e+00 ; 2.800e+00 ; 9.5851002e+01 ; 8.0088631e+01 
3.500e+01 ; 1.600e+00 ; 2.800e+00 ; 9.5852002e+01 ; 8.0087990e+01 
3.500e+01 ; 1.600e+00 ; 2.800e+00 ; 9.5853002e+01 ; 8.0087349e+01 
3.500e+01 ; 1.600e+00 ; 2.800e+00 ; 9.5855002e+01 ; 8.0086075e+01 
3.500e+01 ; 1.600e+00 ; 2.800e+00 ; 9.5859002e+01 ; 8.0083511e+01 
3.500e+01 ; 1.600e+00 ; 2.800e+00 ; 9.5867002e+01 ; 8.0078400e+01 
3.500e+01 ; 1.600e+00 ; 2.800e+00 ; 9.5883002e+01 ; 8.0068199e+01 
3.500e+01 ; 1.600e+00 ; 2.800e+00 ; 9.5915002e+01 ; 8.0047882e+01 
3.500e+01 ; 1.600e+00 ; 2.800e+00 ; 9.5979002e+01 ; 8.0007568e+01 
3.500e+01 ; 1.600e+00 ; 2.800e+00 ; 9.6107002e+01 ; 7.9928238e+01 
3.500e+01 ; 1.600e+00 ; 2.800e+00 ; 9.6363002e+01 ; 7.9774467e+01 
3.500e+01 ; 1.600e+00 ; 2.800e+00 ; 9.6875002e+01 ; 7.9484909e+01 
3.500e+01 ; 1.600e+00 ; 2.800e+00 ; 9.7200002e+01 ; 7.9307953e+01 
3.500e+01 ; 1.600e+00 ; 2.800e+00 ; 9.7200002e+01 ; 7.9307953e+01 
3.500e+01 ; 1.600e+00 ; 2.800e+00 ; 9.7201002e+01 ; 7.9307404e+01 
3.500e+01 ; 1.600e+00 ; 2.800e+00 ; 9.7202002e+01 ; 7.9306862e+01 
3.500e+01 ; 1.600e+00 ; 2.800e+00 ; 9.7203002e+01 ; 7.9306313e+01 
3.500e+01 ; 1.600e+00 ; 2.800e+00 ; 9.7205002e+01 ; 7.9305229e+01 
3.500e+01 ; 1.600e+00 ; 2.800e+00 ; 9.7209002e+01 ; 7.9303055e+01 
3.500e+01 ; 1.600e+00 ; 2.800e+00 ; 9.7217002e+01 ; 7.9298706e+01 
3.500e+01 ; 1.600e+00 ; 2.800e+00 ; 9.7233002e+01 ; 7.9290024e+01 
3.500e+01 ; 1.600e+00 ; 2.800e+00 ; 9.7265002e+01 ; 7.9272736e+01 
3.500e+01 ; 1.600e+00 ; 2.800e+00 ; 9.7329002e+01 ; 7.9238419e+01 
3.500e+01 ; 1.600e+00 ; 2.800e+00 ; 9.7457002e+01 ; 7.9170792e+01 
3.500e+01 ; 1.600e+00 ; 2.800e+00 ; 9.7713002e+01 ; 7.9039413e+01 
3.500e+01 ; 1.600e+00 ; 2.800e+00 ; 9.8225002e+01 ; 7.8790894e+01 
3.500e+01 ; 1.600e+00 ; 2.800e+00 ; 9.8550002e+01 ; 7.8638580e+01 
3.500e+01 ; 1.600e+00 ; 2.800e+00 ; 9.8550002e+01 ; 7.8638580e+01 
3.500e+01 ; 1.600e+00 ; 2.800e+00 ; 9.8551002e+01 ; 7.8638107e+01 
3.500e+01 ; 1.600e+00 ; 2.800e+00 ; 9.8552002e+01 ; 7.8637642e+01 
3.500e+01 ; 1.600e+00 ; 2.800e+00 ; 9.8553002e+01 ; 7.8637177e+01 
3.500e+01 ; 1.600e+00 ; 2.800e+00 ; 9.8555002e+01 ; 7.8636238e+01 
3.500e+01 ; 1.600e+00 ; 2.800e+00 ; 9.8559002e+01 ; 7.8634361e+01 
3.500e+01 ; 1.600e+00 ; 2.800e+00 ; 9.8567002e+01 ; 7.8630623e+01 
3.500e+01 ; 1.600e+00 ; 2.800e+00 ; 9.8583002e+01 ; 7.8623154e+01 
3.500e+01 ; 1.600e+00 ; 2.800e+00 ; 9.8615002e+01 ; 7.8608261e+01 
3.500e+01 ; 1.600e+00 ; 2.800e+00 ; 9.8679002e+01 ; 7.8578682e+01 
3.500e+01 ; 1.600e+00 ; 2.800e+00 ; 9.8807002e+01 ; 7.8520340e+01 
3.500e+01 ; 1.600e+00 ; 2.800e+00 ; 9.9063002e+01 ; 7.8406738e+01 
3.500e+01 ; 1.600e+00 ; 2.800e+00 ; 9.9575002e+01 ; 7.8190933e+01 
3.500e+01 ; 1.600e+00 ; 2.800e+00 ; 9.9900002e+01 ; 7.8058304e+01 
3.500e+01 ; 1.600e+00 ; 2.800e+00 ; 9.9900002e+01 ; 7.8058304e+01 
3.500e+01 ; 1.600e+00 ; 2.800e+00 ; 9.9901002e+01 ; 7.8057892e+01 
3.500e+01 ; 1.600e+00 ; 2.800e+00 ; 9.9902002e+01 ; 7.8057487e+01 
3.500e+01 ; 1.600e+00 ; 2.800e+00 ; 9.9903002e+01 ; 7.8057076e+01 
3.500e+01 ; 1.600e+00 ; 2.800e+00 ; 9.9905002e+01 ; 7.8056259e+01 
3.500e+01 ; 1.600e+00 ; 2.800e+00 ; 9.9909002e+01 ; 7.8054634e+01 
3.500e+01 ; 1.600e+00 ; 2.800e+00 ; 9.9917002e+01 ; 7.8051376e+01 
3.500e+01 ; 1.600e+00 ; 2.800e+00 ; 9.9933002e+01 ; 7.8044868e+01 
3.500e+01 ; 1.600e+00 ; 2.800e+00 ; 9.9965002e+01 ; 7.8031891e+01 
3.500e+01 ; 1.600e+00 ; 2.800e+00 ; 1.0002900e+02 ; 7.8006111e+01 
3.500e+01 ; 1.600e+00 ; 2.800e+00 ; 1.0015700e+02 ; 7.7955193e+01 
3.500e+01 ; 1.600e+00 ; 2.800e+00 ; 1.0041300e+02 ; 7.7855858e+01 
3.500e+01 ; 1.600e+00 ; 2.800e+00 ; 1.0092500e+02 ; 7.7666412e+01 
3.500e+01 ; 1.600e+00 ; 2.800e+00 ; 1.0125000e+02 ; 7.7549698e+01 
3.500e+01 ; 1.600e+00 ; 2.800e+00 ; 1.0125000e+02 ; 7.7549698e+01 
3.500e+01 ; 1.600e+00 ; 2.800e+00 ; 1.0125100e+02 ; 7.7549339e+01 
3.500e+01 ; 1.600e+00 ; 2.800e+00 ; 1.0125200e+02 ; 7.7548981e+01 
3.500e+01 ; 1.600e+00 ; 2.800e+00 ; 1.0125300e+02 ; 7.7548622e+01 
3.500e+01 ; 1.600e+00 ; 2.800e+00 ; 1.0125500e+02 ; 7.7547905e+01 
3.500e+01 ; 1.600e+00 ; 2.800e+00 ; 1.0125900e+02 ; 7.7546471e+01 
3.500e+01 ; 1.600e+00 ; 2.800e+00 ; 1.0126700e+02 ; 7.7543602e+01 
3.500e+01 ; 1.600e+00 ; 2.800e+00 ; 1.0128300e+02 ; 7.7537872e+01 
3.500e+01 ; 1.600e+00 ; 2.800e+00 ; 1.0131500e+02 ; 7.7526451e+01 
3.500e+01 ; 1.600e+00 ; 2.800e+00 ; 1.0137900e+02 ; 7.7503738e+01 
3.500e+01 ; 1.600e+00 ; 2.800e+00 ; 1.0150700e+02 ; 7.7458839e+01 
3.500e+01 ; 1.600e+00 ; 2.800e+00 ; 1.0176300e+02 ; 7.7371086e+01 
3.500e+01 ; 1.600e+00 ; 2.800e+00 ; 1.0227500e+02 ; 7.7203148e+01 
3.500e+01 ; 1.600e+00 ; 2.800e+00 ; 1.0260000e+02 ; 7.7099449e+01 
3.500e+01 ; 1.600e+00 ; 2.800e+00 ; 1.0260000e+02 ; 7.7099449e+01 
3.500e+01 ; 1.600e+00 ; 2.800e+00 ; 1.0260100e+02 ; 7.7099129e+01 
3.500e+01 ; 1.600e+00 ; 2.800e+00 ; 1.0260200e+02 ; 7.7098816e+01 
3.500e+01 ; 1.600e+00 ; 2.800e+00 ; 1.0260300e+02 ; 7.7098495e+01 
3.500e+01 ; 1.600e+00 ; 2.800e+00 ; 1.0260500e+02 ; 7.7097855e+01 
3.500e+01 ; 1.600e+00 ; 2.800e+00 ; 1.0260900e+02 ; 7.7096581e+01 
3.500e+01 ; 1.600e+00 ; 2.800e+00 ; 1.0261700e+02 ; 7.7094032e+01 
3.500e+01 ; 1.600e+00 ; 2.800e+00 ; 1.0263300e+02 ; 7.7088966e+01 
3.500e+01 ; 1.600e+00 ; 2.800e+00 ; 1.0266500e+02 ; 7.7078972e+01 
3.500e+01 ; 1.600e+00 ; 2.800e+00 ; 1.0272900e+02 ; 7.7059914e+01 
3.500e+01 ; 1.600e+00 ; 2.800e+00 ; 1.0285700e+02 ; 7.7027557e+01 
3.500e+01 ; 1.600e+00 ; 2.800e+00 ; 1.0311300e+02 ; 7.6992699e+01 
3.500e+01 ; 1.600e+00 ; 2.800e+00 ; 1.0362500e+02 ; 7.7033340e+01 
3.500e+01 ; 1.600e+00 ; 2.800e+00 ; 1.0395000e+02 ; 7.7093109e+01 
3.500e+01 ; 1.600e+00 ; 2.800e+00 ; 1.0395000e+02 ; 7.7093109e+01 
3.500e+01 ; 1.600e+00 ; 2.800e+00 ; 1.0395100e+02 ; 7.7093292e+01 
3.500e+01 ; 1.600e+00 ; 2.800e+00 ; 1.0395200e+02 ; 7.7093475e+01 
3.500e+01 ; 1.600e+00 ; 2.800e+00 ; 1.0395300e+02 ; 7.7093658e+01 
3.500e+01 ; 1.600e+00 ; 2.800e+00 ; 1.0395500e+02 ; 7.7094032e+01 
3.500e+01 ; 1.600e+00 ; 2.800e+00 ; 1.0395900e+02 ; 7.7094780e+01 
3.500e+01 ; 1.600e+00 ; 2.800e+00 ; 1.0396700e+02 ; 7.7096298e+01 
3.500e+01 ; 1.600e+00 ; 2.800e+00 ; 1.0398300e+02 ; 7.7099426e+01 
3.500e+01 ; 1.600e+00 ; 2.800e+00 ; 1.0401500e+02 ; 7.7106125e+01 
3.500e+01 ; 1.600e+00 ; 2.800e+00 ; 1.0407900e+02 ; 7.7121559e+01 
3.500e+01 ; 1.600e+00 ; 2.800e+00 ; 1.0420700e+02 ; 7.7162018e+01 
3.500e+01 ; 1.600e+00 ; 2.800e+00 ; 1.0446300e+02 ; 7.7282867e+01 
3.500e+01 ; 1.600e+00 ; 2.800e+00 ; 1.0497500e+02 ; 7.7636642e+01 
3.500e+01 ; 1.600e+00 ; 2.800e+00 ; 1.0530000e+02 ; 7.7886337e+01 
3.500e+01 ; 1.600e+00 ; 2.800e+00 ; 1.0530000e+02 ; 7.7886337e+01 
3.500e+01 ; 1.600e+00 ; 2.800e+00 ; 1.0530100e+02 ; 7.7887108e+01 
3.500e+01 ; 1.600e+00 ; 2.800e+00 ; 1.0530200e+02 ; 7.7887871e+01 
3.500e+01 ; 1.600e+00 ; 2.800e+00 ; 1.0530300e+02 ; 7.7888641e+01 
3.500e+01 ; 1.600e+00 ; 2.800e+00 ; 1.0530500e+02 ; 7.7890182e+01 
3.500e+01 ; 1.600e+00 ; 2.800e+00 ; 1.0530900e+02 ; 7.7893265e+01 
3.500e+01 ; 1.600e+00 ; 2.800e+00 ; 1.0531700e+02 ; 7.7899445e+01 
3.500e+01 ; 1.600e+00 ; 2.800e+00 ; 1.0533300e+02 ; 7.7911873e+01 
3.500e+01 ; 1.600e+00 ; 2.800e+00 ; 1.0536500e+02 ; 7.7937042e+01 
3.500e+01 ; 1.600e+00 ; 2.800e+00 ; 1.0542900e+02 ; 7.7988777e+01 
3.500e+01 ; 1.600e+00 ; 2.800e+00 ; 1.0555700e+02 ; 7.8098480e+01 
3.500e+01 ; 1.600e+00 ; 2.800e+00 ; 1.0581300e+02 ; 7.8340561e+01 
3.500e+01 ; 1.600e+00 ; 2.800e+00 ; 1.0632500e+02 ; 7.8861427e+01 
3.500e+01 ; 1.600e+00 ; 2.800e+00 ; 1.0665000e+02 ; 7.9187637e+01 
3.500e+01 ; 1.600e+00 ; 2.800e+00 ; 1.0665000e+02 ; 7.9187637e+01 
3.500e+01 ; 1.600e+00 ; 2.800e+00 ; 1.0665100e+02 ; 7.9188637e+01 
3.500e+01 ; 1.600e+00 ; 2.800e+00 ; 1.0665200e+02 ; 7.9189644e+01 
3.500e+01 ; 1.600e+00 ; 2.800e+00 ; 1.0665300e+02 ; 7.9190643e+01 
3.500e+01 ; 1.600e+00 ; 2.800e+00 ; 1.0665500e+02 ; 7.9192650e+01 
3.500e+01 ; 1.600e+00 ; 2.800e+00 ; 1.0665900e+02 ; 7.9196663e+01 
3.500e+01 ; 1.600e+00 ; 2.800e+00 ; 1.0666700e+02 ; 7.9204689e+01 
3.500e+01 ; 1.600e+00 ; 2.800e+00 ; 1.0668300e+02 ; 7.9220726e+01 
3.500e+01 ; 1.600e+00 ; 2.800e+00 ; 1.0671500e+02 ; 7.9252716e+01 
3.500e+01 ; 1.600e+00 ; 2.800e+00 ; 1.0677900e+02 ; 7.9316330e+01 
3.500e+01 ; 1.600e+00 ; 2.800e+00 ; 1.0690700e+02 ; 7.9441238e+01 
3.500e+01 ; 1.600e+00 ; 2.800e+00 ; 1.0716300e+02 ; 7.9676483e+01 
3.500e+01 ; 1.600e+00 ; 2.800e+00 ; 1.0767500e+02 ; 8.0061897e+01 
3.500e+01 ; 1.600e+00 ; 2.800e+00 ; 1.0800000e+02 ; 8.0266182e+01 
3.500e+01 ; 1.600e+00 ; 2.800e+00 ; 1.0800000e+02 ; 8.0266182e+01 
3.500e+01 ; 1.600e+00 ; 2.800e+00 ; 1.0800100e+02 ; 8.0266808e+01 
3.500e+01 ; 1.600e+00 ; 2.800e+00 ; 1.0800200e+02 ; 8.0267433e+01 
3.500e+01 ; 1.600e+00 ; 2.800e+00 ; 1.0800300e+02 ; 8.0268066e+01 
3.500e+01 ; 1.600e+00 ; 2.800e+00 ; 1.0800500e+02 ; 8.0269318e+01 
3.500e+01 ; 1.600e+00 ; 2.800e+00 ; 1.0800900e+02 ; 8.0271820e+01 
3.500e+01 ; 1.600e+00 ; 2.800e+00 ; 1.0801700e+02 ; 8.0276794e+01 
3.500e+01 ; 1.600e+00 ; 2.800e+00 ; 1.0803300e+02 ; 8.0286644e+01 
3.500e+01 ; 1.600e+00 ; 2.800e+00 ; 1.0806500e+02 ; 8.0305923e+01 
3.500e+01 ; 1.600e+00 ; 2.800e+00 ; 1.0812900e+02 ; 8.0342735e+01 
3.500e+01 ; 1.600e+00 ; 2.800e+00 ; 1.0825700e+02 ; 8.0408859e+01 
3.500e+01 ; 1.600e+00 ; 2.800e+00 ; 1.0851300e+02 ; 8.0509689e+01 
3.500e+01 ; 1.600e+00 ; 2.800e+00 ; 1.0902500e+02 ; 8.0592842e+01 
3.500e+01 ; 1.600e+00 ; 2.800e+00 ; 1.0935000e+02 ; 8.0601410e+01 
3.500e+01 ; 1.600e+00 ; 2.800e+00 ; 1.0935000e+02 ; 8.0601410e+01 
3.500e+01 ; 1.600e+00 ; 2.800e+00 ; 1.0935100e+02 ; 8.0601440e+01 
3.500e+01 ; 1.600e+00 ; 2.800e+00 ; 1.0935200e+02 ; 8.0601463e+01 
3.500e+01 ; 1.600e+00 ; 2.800e+00 ; 1.0935300e+02 ; 8.0601486e+01 
3.500e+01 ; 1.600e+00 ; 2.800e+00 ; 1.0935500e+02 ; 8.0601540e+01 
3.500e+01 ; 1.600e+00 ; 2.800e+00 ; 1.0935900e+02 ; 8.0601631e+01 
3.500e+01 ; 1.600e+00 ; 2.800e+00 ; 1.0936700e+02 ; 8.0601784e+01 
3.500e+01 ; 1.600e+00 ; 2.800e+00 ; 1.0938300e+02 ; 8.0601982e+01 
3.500e+01 ; 1.600e+00 ; 2.800e+00 ; 1.0941500e+02 ; 8.0601967e+01 
3.500e+01 ; 1.600e+00 ; 2.800e+00 ; 1.0947900e+02 ; 8.0600281e+01 
3.500e+01 ; 1.600e+00 ; 2.800e+00 ; 1.0960700e+02 ; 8.0590546e+01 
3.500e+01 ; 1.600e+00 ; 2.800e+00 ; 1.0986300e+02 ; 8.0547928e+01 
3.500e+01 ; 1.600e+00 ; 2.800e+00 ; 1.1037500e+02 ; 8.0388084e+01 
3.500e+01 ; 1.600e+00 ; 2.800e+00 ; 1.1070000e+02 ; 8.0260933e+01 
3.500e+01 ; 1.600e+00 ; 2.800e+00 ; 1.1070000e+02 ; 8.0260933e+01 
3.500e+01 ; 1.600e+00 ; 2.800e+00 ; 1.1070100e+02 ; 8.0260544e+01 
3.500e+01 ; 1.600e+00 ; 2.800e+00 ; 1.1070200e+02 ; 8.0260155e+01 
3.500e+01 ; 1.600e+00 ; 2.800e+00 ; 1.1070300e+02 ; 8.0259758e+01 
3.500e+01 ; 1.600e+00 ; 2.800e+00 ; 1.1070500e+02 ; 8.0258980e+01 
3.500e+01 ; 1.600e+00 ; 2.800e+00 ; 1.1070900e+02 ; 8.0257401e+01 
3.500e+01 ; 1.600e+00 ; 2.800e+00 ; 1.1071700e+02 ; 8.0254242e+01 
3.500e+01 ; 1.600e+00 ; 2.800e+00 ; 1.1073300e+02 ; 8.0247856e+01 
3.500e+01 ; 1.600e+00 ; 2.800e+00 ; 1.1076500e+02 ; 8.0234840e+01 
3.500e+01 ; 1.600e+00 ; 2.800e+00 ; 1.1082900e+02 ; 8.0207886e+01 
3.500e+01 ; 1.600e+00 ; 2.800e+00 ; 1.1095700e+02 ; 8.0150513e+01 
3.500e+01 ; 1.600e+00 ; 2.800e+00 ; 1.1121300e+02 ; 8.0023781e+01 
3.500e+01 ; 1.600e+00 ; 2.800e+00 ; 1.1172500e+02 ; 7.9734985e+01 
3.500e+01 ; 1.600e+00 ; 2.800e+00 ; 1.1205000e+02 ; 7.9540268e+01 
3.500e+01 ; 1.600e+00 ; 2.800e+00 ; 1.1205000e+02 ; 7.9540268e+01 
3.500e+01 ; 1.600e+00 ; 2.800e+00 ; 1.1205100e+02 ; 7.9539673e+01 
3.500e+01 ; 1.600e+00 ; 2.800e+00 ; 1.1205200e+02 ; 7.9539070e+01 
3.500e+01 ; 1.600e+00 ; 2.800e+00 ; 1.1205300e+02 ; 7.9538467e+01 
3.500e+01 ; 1.600e+00 ; 2.800e+00 ; 1.1205500e+02 ; 7.9537270e+01 
3.500e+01 ; 1.600e+00 ; 2.800e+00 ; 1.1205900e+02 ; 7.9534874e+01 
3.500e+01 ; 1.600e+00 ; 2.800e+00 ; 1.1206700e+02 ; 7.9530060e+01 
3.500e+01 ; 1.600e+00 ; 2.800e+00 ; 1.1208300e+02 ; 7.9520424e+01 
3.500e+01 ; 1.600e+00 ; 2.800e+00 ; 1.1211500e+02 ; 7.9501030e+01 
3.500e+01 ; 1.600e+00 ; 2.800e+00 ; 1.1217900e+02 ; 7.9461853e+01 
3.500e+01 ; 1.600e+00 ; 2.800e+00 ; 1.1230700e+02 ; 7.9382042e+01 
3.500e+01 ; 1.600e+00 ; 2.800e+00 ; 1.1256300e+02 ; 7.9217751e+01 
3.500e+01 ; 1.600e+00 ; 2.800e+00 ; 1.1307500e+02 ; 7.8877449e+01 
3.500e+01 ; 1.600e+00 ; 2.800e+00 ; 1.1340000e+02 ; 7.8658241e+01 
3.500e+01 ; 1.600e+00 ; 2.800e+00 ; 1.1340000e+02 ; 7.8658241e+01 
3.500e+01 ; 1.600e+00 ; 2.800e+00 ; 1.1340100e+02 ; 7.8657570e+01 
3.500e+01 ; 1.600e+00 ; 2.800e+00 ; 1.1340200e+02 ; 7.8656891e+01 
3.500e+01 ; 1.600e+00 ; 2.800e+00 ; 1.1340300e+02 ; 7.8656219e+01 
3.500e+01 ; 1.600e+00 ; 2.800e+00 ; 1.1340500e+02 ; 7.8654869e+01 
3.500e+01 ; 1.600e+00 ; 2.800e+00 ; 1.1340900e+02 ; 7.8652168e+01 
3.500e+01 ; 1.600e+00 ; 2.800e+00 ; 1.1341700e+02 ; 7.8646774e+01 
3.500e+01 ; 1.600e+00 ; 2.800e+00 ; 1.1343300e+02 ; 7.8635963e+01 
3.500e+01 ; 1.600e+00 ; 2.800e+00 ; 1.1346500e+02 ; 7.8614326e+01 
3.500e+01 ; 1.600e+00 ; 2.800e+00 ; 1.1352900e+02 ; 7.8570938e+01 
3.500e+01 ; 1.600e+00 ; 2.800e+00 ; 1.1365700e+02 ; 7.8483841e+01 
3.500e+01 ; 1.600e+00 ; 2.800e+00 ; 1.1391300e+02 ; 7.8308929e+01 
3.500e+01 ; 1.600e+00 ; 2.800e+00 ; 1.1442500e+02 ; 7.7959717e+01 
3.500e+01 ; 1.600e+00 ; 2.800e+00 ; 1.1475000e+02 ; 7.7739044e+01 
3.500e+01 ; 1.600e+00 ; 2.800e+00 ; 1.1475000e+02 ; 7.7739044e+01 
3.500e+01 ; 1.600e+00 ; 2.800e+00 ; 1.1475100e+02 ; 7.7738365e+01 
3.500e+01 ; 1.600e+00 ; 2.800e+00 ; 1.1475200e+02 ; 7.7737686e+01 
3.500e+01 ; 1.600e+00 ; 2.800e+00 ; 1.1475300e+02 ; 7.7737007e+01 
3.500e+01 ; 1.600e+00 ; 2.800e+00 ; 1.1475500e+02 ; 7.7735649e+01 
3.500e+01 ; 1.600e+00 ; 2.800e+00 ; 1.1475900e+02 ; 7.7732933e+01 
3.500e+01 ; 1.600e+00 ; 2.800e+00 ; 1.1476700e+02 ; 7.7727509e+01 
3.500e+01 ; 1.600e+00 ; 2.800e+00 ; 1.1478300e+02 ; 7.7716644e+01 
3.500e+01 ; 1.600e+00 ; 2.800e+00 ; 1.1481500e+02 ; 7.7694939e+01 
3.500e+01 ; 1.600e+00 ; 2.800e+00 ; 1.1487900e+02 ; 7.7651573e+01 
3.500e+01 ; 1.600e+00 ; 2.800e+00 ; 1.1500700e+02 ; 7.7565086e+01 
3.500e+01 ; 1.600e+00 ; 2.800e+00 ; 1.1526300e+02 ; 7.7393326e+01 
3.500e+01 ; 1.600e+00 ; 2.800e+00 ; 1.1577500e+02 ; 7.7056236e+01 
3.500e+01 ; 1.600e+00 ; 2.800e+00 ; 1.1610000e+02 ; 7.6845177e+01 
3.500e+01 ; 1.600e+00 ; 2.800e+00 ; 1.1610000e+02 ; 7.6845177e+01 
3.500e+01 ; 1.600e+00 ; 2.800e+00 ; 1.1610100e+02 ; 7.6844528e+01 
3.500e+01 ; 1.600e+00 ; 2.800e+00 ; 1.1610200e+02 ; 7.6843880e+01 
3.500e+01 ; 1.600e+00 ; 2.800e+00 ; 1.1610300e+02 ; 7.6843231e+01 
3.500e+01 ; 1.600e+00 ; 2.800e+00 ; 1.1610500e+02 ; 7.6841934e+01 
3.500e+01 ; 1.600e+00 ; 2.800e+00 ; 1.1610900e+02 ; 7.6839333e+01 
3.500e+01 ; 1.600e+00 ; 2.800e+00 ; 1.1611700e+02 ; 7.6834145e+01 
3.500e+01 ; 1.600e+00 ; 2.800e+00 ; 1.1613300e+02 ; 7.6823769e+01 
3.500e+01 ; 1.600e+00 ; 2.800e+00 ; 1.1616500e+02 ; 7.6803047e+01 
3.500e+01 ; 1.600e+00 ; 2.800e+00 ; 1.1622900e+02 ; 7.6761719e+01 
3.500e+01 ; 1.600e+00 ; 2.800e+00 ; 1.1635700e+02 ; 7.6679550e+01 
3.500e+01 ; 1.600e+00 ; 2.800e+00 ; 1.1661300e+02 ; 7.6517273e+01 
3.500e+01 ; 1.600e+00 ; 2.800e+00 ; 1.1712500e+02 ; 7.6201515e+01 
3.500e+01 ; 1.600e+00 ; 2.800e+00 ; 1.1745000e+02 ; 7.6004730e+01 
3.500e+01 ; 1.600e+00 ; 2.800e+00 ; 1.1745000e+02 ; 7.6004730e+01 
3.500e+01 ; 1.600e+00 ; 2.800e+00 ; 1.1745100e+02 ; 7.6004128e+01 
3.500e+01 ; 1.600e+00 ; 2.800e+00 ; 1.1745200e+02 ; 7.6003517e+01 
3.500e+01 ; 1.600e+00 ; 2.800e+00 ; 1.1745300e+02 ; 7.6002914e+01 
3.500e+01 ; 1.600e+00 ; 2.800e+00 ; 1.1745500e+02 ; 7.6001701e+01 
3.500e+01 ; 1.600e+00 ; 2.800e+00 ; 1.1745900e+02 ; 7.5999283e+01 
3.500e+01 ; 1.600e+00 ; 2.800e+00 ; 1.1746700e+02 ; 7.5994446e+01 
3.500e+01 ; 1.600e+00 ; 2.800e+00 ; 1.1748300e+02 ; 7.5984772e+01 
3.500e+01 ; 1.600e+00 ; 2.800e+00 ; 1.1751500e+02 ; 7.5965469e+01 
3.500e+01 ; 1.600e+00 ; 2.800e+00 ; 1.1757900e+02 ; 7.5927010e+01 
3.500e+01 ; 1.600e+00 ; 2.800e+00 ; 1.1770700e+02 ; 7.5850655e+01 
3.500e+01 ; 1.600e+00 ; 2.800e+00 ; 1.1796300e+02 ; 7.5700287e+01 
3.500e+01 ; 1.600e+00 ; 2.800e+00 ; 1.1847500e+02 ; 7.5408958e+01 
3.500e+01 ; 1.600e+00 ; 2.800e+00 ; 1.1880000e+02 ; 7.5227821e+01 
3.500e+01 ; 1.600e+00 ; 2.800e+00 ; 1.1880000e+02 ; 7.5227821e+01 
3.500e+01 ; 1.600e+00 ; 2.800e+00 ; 1.1880100e+02 ; 7.5227264e+01 
3.500e+01 ; 1.600e+00 ; 2.800e+00 ; 1.1880200e+02 ; 7.5226707e+01 
3.500e+01 ; 1.600e+00 ; 2.800e+00 ; 1.1880300e+02 ; 7.5226151e+01 
3.500e+01 ; 1.600e+00 ; 2.800e+00 ; 1.1880500e+02 ; 7.5225037e+01 
3.500e+01 ; 1.600e+00 ; 2.800e+00 ; 1.1880900e+02 ; 7.5222809e+01 
3.500e+01 ; 1.600e+00 ; 2.800e+00 ; 1.1881700e+02 ; 7.5218353e+01 
3.500e+01 ; 1.600e+00 ; 2.800e+00 ; 1.1883300e+02 ; 7.5209457e+01 
3.500e+01 ; 1.600e+00 ; 2.800e+00 ; 1.1886500e+02 ; 7.5191696e+01 
3.500e+01 ; 1.600e+00 ; 2.800e+00 ; 1.1892900e+02 ; 7.5156326e+01 
3.500e+01 ; 1.600e+00 ; 2.800e+00 ; 1.1905700e+02 ; 7.5086159e+01 
3.500e+01 ; 1.600e+00 ; 2.800e+00 ; 1.1931300e+02 ; 7.4948166e+01 
3.500e+01 ; 1.600e+00 ; 2.800e+00 ; 1.1982500e+02 ; 7.4681351e+01 
3.500e+01 ; 1.600e+00 ; 2.800e+00 ; 1.2015000e+02 ; 7.4515625e+01 
3.500e+01 ; 1.600e+00 ; 2.800e+00 ; 1.2015000e+02 ; 7.4515625e+01 
3.500e+01 ; 1.600e+00 ; 2.800e+00 ; 1.2015100e+02 ; 7.4515114e+01 
3.500e+01 ; 1.600e+00 ; 2.800e+00 ; 1.2015200e+02 ; 7.4514603e+01 
3.500e+01 ; 1.600e+00 ; 2.800e+00 ; 1.2015300e+02 ; 7.4514091e+01 
3.500e+01 ; 1.600e+00 ; 2.800e+00 ; 1.2015500e+02 ; 7.4513069e+01 
3.500e+01 ; 1.600e+00 ; 2.800e+00 ; 1.2015900e+02 ; 7.4511032e+01 
3.500e+01 ; 1.600e+00 ; 2.800e+00 ; 1.2016700e+02 ; 7.4506958e+01 
3.500e+01 ; 1.600e+00 ; 2.800e+00 ; 1.2018300e+02 ; 7.4498817e+01 
3.500e+01 ; 1.600e+00 ; 2.800e+00 ; 1.2021500e+02 ; 7.4482574e+01 
3.500e+01 ; 1.600e+00 ; 2.800e+00 ; 1.2027900e+02 ; 7.4450218e+01 
3.500e+01 ; 1.600e+00 ; 2.800e+00 ; 1.2040700e+02 ; 7.4386078e+01 
3.500e+01 ; 1.600e+00 ; 2.800e+00 ; 1.2066300e+02 ; 7.4259987e+01 
3.500e+01 ; 1.600e+00 ; 2.800e+00 ; 1.2117500e+02 ; 7.4016357e+01 
3.500e+01 ; 1.600e+00 ; 2.800e+00 ; 1.2150000e+02 ; 7.3865082e+01 
3.500e+01 ; 1.600e+00 ; 2.800e+00 ; 1.2150000e+02 ; 7.3865082e+01 
3.500e+01 ; 1.600e+00 ; 2.800e+00 ; 1.2150100e+02 ; 7.3864616e+01 
3.500e+01 ; 1.600e+00 ; 2.800e+00 ; 1.2150200e+02 ; 7.3864151e+01 
3.500e+01 ; 1.600e+00 ; 2.800e+00 ; 1.2150300e+02 ; 7.3863686e+01 
3.500e+01 ; 1.600e+00 ; 2.800e+00 ; 1.2150500e+02 ; 7.3862755e+01 
3.500e+01 ; 1.600e+00 ; 2.800e+00 ; 1.2150900e+02 ; 7.3860893e+01 
3.500e+01 ; 1.600e+00 ; 2.800e+00 ; 1.2151700e+02 ; 7.3857170e+01 
3.500e+01 ; 1.600e+00 ; 2.800e+00 ; 1.2153300e+02 ; 7.3849739e+01 
3.500e+01 ; 1.600e+00 ; 2.800e+00 ; 1.2156500e+02 ; 7.3834915e+01 
3.500e+01 ; 1.600e+00 ; 2.800e+00 ; 1.2162900e+02 ; 7.3805389e+01 
3.500e+01 ; 1.600e+00 ; 2.800e+00 ; 1.2175700e+02 ; 7.3746849e+01 
3.500e+01 ; 1.600e+00 ; 2.800e+00 ; 1.2201300e+02 ; 7.3631790e+01 
3.500e+01 ; 1.600e+00 ; 2.800e+00 ; 1.2252500e+02 ; 7.3409470e+01 
3.500e+01 ; 1.600e+00 ; 2.800e+00 ; 1.2285000e+02 ; 7.3271416e+01 
3.500e+01 ; 1.600e+00 ; 2.800e+00 ; 1.2285000e+02 ; 7.3271416e+01 
3.500e+01 ; 1.600e+00 ; 2.800e+00 ; 1.2286000e+02 ; 7.3267166e+01 
3.500e+01 ; 1.600e+00 ; 2.800e+00 ; 1.2287000e+02 ; 7.3262924e+01 
3.500e+01 ; 1.600e+00 ; 2.800e+00 ; 1.2288000e+02 ; 7.3258690e+01 
3.500e+01 ; 1.600e+00 ; 2.800e+00 ; 1.2290000e+02 ; 7.3250221e+01 
3.500e+01 ; 1.600e+00 ; 2.800e+00 ; 1.2294000e+02 ; 7.3233330e+01 
3.500e+01 ; 1.600e+00 ; 2.800e+00 ; 1.2302000e+02 ; 7.3199745e+01 
3.500e+01 ; 1.600e+00 ; 2.800e+00 ; 1.2318000e+02 ; 7.3133286e+01 
3.500e+01 ; 1.600e+00 ; 2.800e+00 ; 1.2350000e+02 ; 7.3003197e+01 
3.500e+01 ; 1.600e+00 ; 2.800e+00 ; 1.2414000e+02 ; 7.2753792e+01 
3.500e+01 ; 1.600e+00 ; 2.800e+00 ; 1.2542000e+02 ; 7.2293976e+01 
3.500e+01 ; 1.600e+00 ; 2.800e+00 ; 1.2734000e+02 ; 7.1680161e+01 
3.500e+01 ; 1.600e+00 ; 2.800e+00 ; 1.2785000e+02 ; 7.1522255e+01