X ; Y ; Z ; time ; Temperature 
3.500e+01 ; 4.000e+00 ; 7.000e-01 ; 0.0000000e+00 ; 2.3700000e+02 
3.500e+01 ; 4.000e+00 ; 7.000e-01 ; 1.0000000e-03 ; 2.3700000e+02 
3.500e+01 ; 4.000e+00 ; 7.000e-01 ; 2.0000001e-03 ; 2.3700000e+02 
3.500e+01 ; 4.000e+00 ; 7.000e-01 ; 3.0000000e-03 ; 2.3700000e+02 
3.500e+01 ; 4.000e+00 ; 7.000e-01 ; 4.9999999e-03 ; 2.3700000e+02 
3.500e+01 ; 4.000e+00 ; 7.000e-01 ; 8.9999996e-03 ; 2.3700000e+02 
3.500e+01 ; 4.000e+00 ; 7.000e-01 ; 1.7000001e-02 ; 2.3700000e+02 
3.500e+01 ; 4.000e+00 ; 7.000e-01 ; 3.3000000e-02 ; 2.3700000e+02 
3.500e+01 ; 4.000e+00 ; 7.000e-01 ; 6.4999998e-02 ; 2.3700000e+02 
3.500e+01 ; 4.000e+00 ; 7.000e-01 ; 1.2899999e-01 ; 2.3700000e+02 
3.500e+01 ; 4.000e+00 ; 7.000e-01 ; 2.5700000e-01 ; 2.3700000e+02 
3.500e+01 ; 4.000e+00 ; 7.000e-01 ; 5.1300001e-01 ; 2.3700000e+02 
3.500e+01 ; 4.000e+00 ; 7.000e-01 ; 1.0250000e+00 ; 2.3700000e+02 
3.500e+01 ; 4.000e+00 ; 7.000e-01 ; 1.3500000e+00 ; 2.3700000e+02 
3.500e+01 ; 4.000e+00 ; 7.000e-01 ; 1.3500000e+00 ; 2.3700000e+02 
3.500e+01 ; 4.000e+00 ; 7.000e-01 ; 1.3510000e+00 ; 2.3700000e+02 
3.500e+01 ; 4.000e+00 ; 7.000e-01 ; 1.3520000e+00 ; 2.3700000e+02 
3.500e+01 ; 4.000e+00 ; 7.000e-01 ; 1.3530000e+00 ; 2.3700000e+02 
3.500e+01 ; 4.000e+00 ; 7.000e-01 ; 1.3550000e+00 ; 2.3700000e+02 
3.500e+01 ; 4.000e+00 ; 7.000e-01 ; 1.3590000e+00 ; 2.3700000e+02 
3.500e+01 ; 4.000e+00 ; 7.000e-01 ; 1.3670000e+00 ; 2.3700000e+02 
3.500e+01 ; 4.000e+00 ; 7.000e-01 ; 1.3830000e+00 ; 2.3700000e+02 
3.500e+01 ; 4.000e+00 ; 7.000e-01 ; 1.4150000e+00 ; 2.3700000e+02 
3.500e+01 ; 4.000e+00 ; 7.000e-01 ; 1.4790000e+00 ; 2.3700000e+02 
3.500e+01 ; 4.000e+00 ; 7.000e-01 ; 1.6070000e+00 ; 2.3700000e+02 
3.500e+01 ; 4.000e+00 ; 7.000e-01 ; 1.8630000e+00 ; 2.3700000e+02 
3.500e+01 ; 4.000e+00 ; 7.000e-01 ; 2.3750000e+00 ; 2.3700000e+02 
3.500e+01 ; 4.000e+00 ; 7.000e-01 ; 2.7000000e+00 ; 2.3700000e+02 
3.500e+01 ; 4.000e+00 ; 7.000e-01 ; 2.7000000e+00 ; 2.3700000e+02 
3.500e+01 ; 4.000e+00 ; 7.000e-01 ; 2.7010000e+00 ; 2.3700000e+02 
3.500e+01 ; 4.000e+00 ; 7.000e-01 ; 2.7020000e+00 ; 2.3700000e+02 
3.500e+01 ; 4.000e+00 ; 7.000e-01 ; 2.7030000e+00 ; 2.3700000e+02 
3.500e+01 ; 4.000e+00 ; 7.000e-01 ; 2.7050000e+00 ; 2.3700000e+02 
3.500e+01 ; 4.000e+00 ; 7.000e-01 ; 2.7090000e+00 ; 2.3700000e+02 
3.500e+01 ; 4.000e+00 ; 7.000e-01 ; 2.7170000e+00 ; 2.3700000e+02 
3.500e+01 ; 4.000e+00 ; 7.000e-01 ; 2.7330000e+00 ; 2.3700000e+02 
3.500e+01 ; 4.000e+00 ; 7.000e-01 ; 2.7650000e+00 ; 2.3700000e+02 
3.500e+01 ; 4.000e+00 ; 7.000e-01 ; 2.8290000e+00 ; 2.3700000e+02 
3.500e+01 ; 4.000e+00 ; 7.000e-01 ; 2.9570000e+00 ; 2.3700000e+02 
3.500e+01 ; 4.000e+00 ; 7.000e-01 ; 3.2130001e+00 ; 2.3700000e+02 
3.500e+01 ; 4.000e+00 ; 7.000e-01 ; 3.7250000e+00 ; 2.3700000e+02 
3.500e+01 ; 4.000e+00 ; 7.000e-01 ; 4.0500001e+00 ; 2.3700000e+02 
3.500e+01 ; 4.000e+00 ; 7.000e-01 ; 4.0500001e+00 ; 2.3700000e+02 
3.500e+01 ; 4.000e+00 ; 7.000e-01 ; 4.0510001e+00 ; 2.3700000e+02 
3.500e+01 ; 4.000e+00 ; 7.000e-01 ; 4.0520001e+00 ; 2.3700000e+02 
3.500e+01 ; 4.000e+00 ; 7.000e-01 ; 4.0530001e+00 ; 2.3700000e+02 
3.500e+01 ; 4.000e+00 ; 7.000e-01 ; 4.0550001e+00 ; 2.3700000e+02 
3.500e+01 ; 4.000e+00 ; 7.000e-01 ; 4.0590001e+00 ; 2.3700000e+02 
3.500e+01 ; 4.000e+00 ; 7.000e-01 ; 4.0670001e+00 ; 2.3700000e+02 
3.500e+01 ; 4.000e+00 ; 7.000e-01 ; 4.0830001e+00 ; 2.3700000e+02 
3.500e+01 ; 4.000e+00 ; 7.000e-01 ; 4.1150001e+00 ; 2.3700000e+02 
3.500e+01 ; 4.000e+00 ; 7.000e-01 ; 4.1790001e+00 ; 2.3700000e+02 
3.500e+01 ; 4.000e+00 ; 7.000e-01 ; 4.3070001e+00 ; 2.3700000e+02 
3.500e+01 ; 4.000e+00 ; 7.000e-01 ; 4.5630001e+00 ; 2.3700000e+02 
3.500e+01 ; 4.000e+00 ; 7.000e-01 ; 5.0750000e+00 ; 2.3700000e+02 
3.500e+01 ; 4.000e+00 ; 7.000e-01 ; 5.4000001e+00 ; 2.3700000e+02 
3.500e+01 ; 4.000e+00 ; 7.000e-01 ; 5.4000001e+00 ; 2.3700000e+02 
3.500e+01 ; 4.000e+00 ; 7.000e-01 ; 5.4010001e+00 ; 2.3700000e+02 
3.500e+01 ; 4.000e+00 ; 7.000e-01 ; 5.4020001e+00 ; 2.3700000e+02 
3.500e+01 ; 4.000e+00 ; 7.000e-01 ; 5.4030001e+00 ; 2.3700000e+02 
3.500e+01 ; 4.000e+00 ; 7.000e-01 ; 5.4050001e+00 ; 2.3700000e+02 
3.500e+01 ; 4.000e+00 ; 7.000e-01 ; 5.4090001e+00 ; 2.3700000e+02 
3.500e+01 ; 4.000e+00 ; 7.000e-01 ; 5.4170001e+00 ; 2.3700000e+02 
3.500e+01 ; 4.000e+00 ; 7.000e-01 ; 5.4330001e+00 ; 2.3700000e+02 
3.500e+01 ; 4.000e+00 ; 7.000e-01 ; 5.4650001e+00 ; 2.3700000e+02 
3.500e+01 ; 4.000e+00 ; 7.000e-01 ; 5.5290001e+00 ; 2.3700000e+02 
3.500e+01 ; 4.000e+00 ; 7.000e-01 ; 5.6570001e+00 ; 2.3700000e+02 
3.500e+01 ; 4.000e+00 ; 7.000e-01 ; 5.9130001e+00 ; 2.3700000e+02 
3.500e+01 ; 4.000e+00 ; 7.000e-01 ; 6.4250001e+00 ; 2.3700000e+02 
3.500e+01 ; 4.000e+00 ; 7.000e-01 ; 6.7500001e+00 ; 2.3700000e+02 
3.500e+01 ; 4.000e+00 ; 7.000e-01 ; 6.7500001e+00 ; 2.3700000e+02 
3.500e+01 ; 4.000e+00 ; 7.000e-01 ; 6.7510001e+00 ; 2.3689233e+02 
3.500e+01 ; 4.000e+00 ; 7.000e-01 ; 6.7520001e+00 ; 2.3678476e+02 
3.500e+01 ; 4.000e+00 ; 7.000e-01 ; 6.7530001e+00 ; 2.3667726e+02 
3.500e+01 ; 4.000e+00 ; 7.000e-01 ; 6.7550001e+00 ; 2.3646259e+02 
3.500e+01 ; 4.000e+00 ; 7.000e-01 ; 6.7590001e+00 ; 2.3603452e+02 
3.500e+01 ; 4.000e+00 ; 7.000e-01 ; 6.7670001e+00 ; 2.3518346e+02 
3.500e+01 ; 4.000e+00 ; 7.000e-01 ; 6.7830001e+00 ; 2.3350148e+02 
3.500e+01 ; 4.000e+00 ; 7.000e-01 ; 6.8150001e+00 ; 2.3021606e+02 
3.500e+01 ; 4.000e+00 ; 7.000e-01 ; 6.8790001e+00 ; 2.2394450e+02 
3.500e+01 ; 4.000e+00 ; 7.000e-01 ; 7.0070001e+00 ; 2.1249063e+02 
3.500e+01 ; 4.000e+00 ; 7.000e-01 ; 7.2630001e+00 ; 1.9322479e+02 
3.500e+01 ; 4.000e+00 ; 7.000e-01 ; 7.7750001e+00 ; 1.6519484e+02 
3.500e+01 ; 4.000e+00 ; 7.000e-01 ; 8.1000001e+00 ; 1.5079272e+02 
3.500e+01 ; 4.000e+00 ; 7.000e-01 ; 8.1000001e+00 ; 1.5079272e+02 
3.500e+01 ; 4.000e+00 ; 7.000e-01 ; 8.1010001e+00 ; 1.5074844e+02 
3.500e+01 ; 4.000e+00 ; 7.000e-01 ; 8.1020001e+00 ; 1.5070421e+02 
3.500e+01 ; 4.000e+00 ; 7.000e-01 ; 8.1030001e+00 ; 1.5066002e+02 
3.500e+01 ; 4.000e+00 ; 7.000e-01 ; 8.1050001e+00 ; 1.5057178e+02 
3.500e+01 ; 4.000e+00 ; 7.000e-01 ; 8.1090001e+00 ; 1.5039592e+02 
3.500e+01 ; 4.000e+00 ; 7.000e-01 ; 8.1170001e+00 ; 1.5004666e+02 
3.500e+01 ; 4.000e+00 ; 7.000e-01 ; 8.1330001e+00 ; 1.4935785e+02 
3.500e+01 ; 4.000e+00 ; 7.000e-01 ; 8.1650001e+00 ; 1.4801758e+02 
3.500e+01 ; 4.000e+00 ; 7.000e-01 ; 8.2290001e+00 ; 1.4547653e+02 
3.500e+01 ; 4.000e+00 ; 7.000e-01 ; 8.3570001e+00 ; 1.4088428e+02 
3.500e+01 ; 4.000e+00 ; 7.000e-01 ; 8.6130002e+00 ; 1.3324982e+02 
3.500e+01 ; 4.000e+00 ; 7.000e-01 ; 9.1250001e+00 ; 1.2216522e+02 
3.500e+01 ; 4.000e+00 ; 7.000e-01 ; 9.4500002e+00 ; 1.1641367e+02 
3.500e+01 ; 4.000e+00 ; 7.000e-01 ; 9.4500002e+00 ; 1.1641367e+02 
3.500e+01 ; 4.000e+00 ; 7.000e-01 ; 9.4510002e+00 ; 1.1639598e+02 
3.500e+01 ; 4.000e+00 ; 7.000e-01 ; 9.4520002e+00 ; 1.1637830e+02 
3.500e+01 ; 4.000e+00 ; 7.000e-01 ; 9.4530002e+00 ; 1.1636064e+02 
3.500e+01 ; 4.000e+00 ; 7.000e-01 ; 9.4550002e+00 ; 1.1632536e+02 
3.500e+01 ; 4.000e+00 ; 7.000e-01 ; 9.4590002e+00 ; 1.1625497e+02 
3.500e+01 ; 4.000e+00 ; 7.000e-01 ; 9.4670002e+00 ; 1.1611489e+02 
3.500e+01 ; 4.000e+00 ; 7.000e-01 ; 9.4830002e+00 ; 1.1583752e+02 
3.500e+01 ; 4.000e+00 ; 7.000e-01 ; 9.5150002e+00 ; 1.1529375e+02 
3.500e+01 ; 4.000e+00 ; 7.000e-01 ; 9.5790002e+00 ; 1.1424841e+02 
3.500e+01 ; 4.000e+00 ; 7.000e-01 ; 9.7070002e+00 ; 1.1231432e+02 
3.500e+01 ; 4.000e+00 ; 7.000e-01 ; 9.9630002e+00 ; 1.0898727e+02 
3.500e+01 ; 4.000e+00 ; 7.000e-01 ; 1.0475000e+01 ; 1.0397147e+02 
3.500e+01 ; 4.000e+00 ; 7.000e-01 ; 1.0800000e+01 ; 1.0133456e+02 
3.500e+01 ; 4.000e+00 ; 7.000e-01 ; 1.0800000e+01 ; 1.0133456e+02 
3.500e+01 ; 4.000e+00 ; 7.000e-01 ; 1.0801000e+01 ; 1.0132645e+02 
3.500e+01 ; 4.000e+00 ; 7.000e-01 ; 1.0802000e+01 ; 1.0131835e+02 
3.500e+01 ; 4.000e+00 ; 7.000e-01 ; 1.0803000e+01 ; 1.0131025e+02 
3.500e+01 ; 4.000e+00 ; 7.000e-01 ; 1.0805000e+01 ; 1.0129408e+02 
3.500e+01 ; 4.000e+00 ; 7.000e-01 ; 1.0809000e+01 ; 1.0126181e+02 
3.500e+01 ; 4.000e+00 ; 7.000e-01 ; 1.0817000e+01 ; 1.0119760e+02 
3.500e+01 ; 4.000e+00 ; 7.000e-01 ; 1.0833000e+01 ; 1.0107048e+02 
3.500e+01 ; 4.000e+00 ; 7.000e-01 ; 1.0865000e+01 ; 1.0082132e+02 
3.500e+01 ; 4.000e+00 ; 7.000e-01 ; 1.0929000e+01 ; 1.0034254e+02 
3.500e+01 ; 4.000e+00 ; 7.000e-01 ; 1.1057000e+01 ; 9.9457253e+01 
3.500e+01 ; 4.000e+00 ; 7.000e-01 ; 1.1313000e+01 ; 9.7935028e+01 
3.500e+01 ; 4.000e+00 ; 7.000e-01 ; 1.1825000e+01 ; 9.5639320e+01 
3.500e+01 ; 4.000e+00 ; 7.000e-01 ; 1.2150000e+01 ; 9.4431915e+01 
3.500e+01 ; 4.000e+00 ; 7.000e-01 ; 1.2150000e+01 ; 9.4431915e+01 
3.500e+01 ; 4.000e+00 ; 7.000e-01 ; 1.2151000e+01 ; 9.4428207e+01 
3.500e+01 ; 4.000e+00 ; 7.000e-01 ; 1.2152000e+01 ; 9.4424492e+01 
3.500e+01 ; 4.000e+00 ; 7.000e-01 ; 1.2153000e+01 ; 9.4420784e+01 
3.500e+01 ; 4.000e+00 ; 7.000e-01 ; 1.2155000e+01 ; 9.4413376e+01 
3.500e+01 ; 4.000e+00 ; 7.000e-01 ; 1.2159000e+01 ; 9.4398605e+01 
3.500e+01 ; 4.000e+00 ; 7.000e-01 ; 1.2167000e+01 ; 9.4369202e+01 
3.500e+01 ; 4.000e+00 ; 7.000e-01 ; 1.2183000e+01 ; 9.4310989e+01 
3.500e+01 ; 4.000e+00 ; 7.000e-01 ; 1.2215000e+01 ; 9.4196899e+01 
3.500e+01 ; 4.000e+00 ; 7.000e-01 ; 1.2279000e+01 ; 9.3977638e+01 
3.500e+01 ; 4.000e+00 ; 7.000e-01 ; 1.2407000e+01 ; 9.3572151e+01 
3.500e+01 ; 4.000e+00 ; 7.000e-01 ; 1.2663000e+01 ; 9.2874794e+01 
3.500e+01 ; 4.000e+00 ; 7.000e-01 ; 1.3175000e+01 ; 9.1822792e+01 
3.500e+01 ; 4.000e+00 ; 7.000e-01 ; 1.3500000e+01 ; 9.1269417e+01 
3.500e+01 ; 4.000e+00 ; 7.000e-01 ; 1.3500000e+01 ; 9.1269417e+01 
3.500e+01 ; 4.000e+00 ; 7.000e-01 ; 1.3501000e+01 ; 9.1267715e+01 
3.500e+01 ; 4.000e+00 ; 7.000e-01 ; 1.3502000e+01 ; 9.1266014e+01 
3.500e+01 ; 4.000e+00 ; 7.000e-01 ; 1.3503000e+01 ; 9.1264313e+01 
3.500e+01 ; 4.000e+00 ; 7.000e-01 ; 1.3505000e+01 ; 9.1260925e+01 
3.500e+01 ; 4.000e+00 ; 7.000e-01 ; 1.3509000e+01 ; 9.1254150e+01 
3.500e+01 ; 4.000e+00 ; 7.000e-01 ; 1.3517000e+01 ; 9.1240677e+01 
3.500e+01 ; 4.000e+00 ; 7.000e-01 ; 1.3533000e+01 ; 9.1213997e+01 
3.500e+01 ; 4.000e+00 ; 7.000e-01 ; 1.3565000e+01 ; 9.1161705e+01 
3.500e+01 ; 4.000e+00 ; 7.000e-01 ; 1.3629000e+01 ; 9.1061203e+01 
3.500e+01 ; 4.000e+00 ; 7.000e-01 ; 1.3757000e+01 ; 9.0875343e+01 
3.500e+01 ; 4.000e+00 ; 7.000e-01 ; 1.4013000e+01 ; 9.0555664e+01 
3.500e+01 ; 4.000e+00 ; 7.000e-01 ; 1.4525000e+01 ; 9.0073349e+01 
3.500e+01 ; 4.000e+00 ; 7.000e-01 ; 1.4850000e+01 ; 8.9819626e+01 
3.500e+01 ; 4.000e+00 ; 7.000e-01 ; 1.4850000e+01 ; 8.9819626e+01 
3.500e+01 ; 4.000e+00 ; 7.000e-01 ; 1.4851000e+01 ; 8.9818848e+01 
3.500e+01 ; 4.000e+00 ; 7.000e-01 ; 1.4852000e+01 ; 8.9818069e+01 
3.500e+01 ; 4.000e+00 ; 7.000e-01 ; 1.4853000e+01 ; 8.9817284e+01 
3.500e+01 ; 4.000e+00 ; 7.000e-01 ; 1.4855000e+01 ; 8.9815727e+01 
3.500e+01 ; 4.000e+00 ; 7.000e-01 ; 1.4859000e+01 ; 8.9812622e+01 
3.500e+01 ; 4.000e+00 ; 7.000e-01 ; 1.4867000e+01 ; 8.9806450e+01 
3.500e+01 ; 4.000e+00 ; 7.000e-01 ; 1.4883000e+01 ; 8.9794212e+01 
3.500e+01 ; 4.000e+00 ; 7.000e-01 ; 1.4915000e+01 ; 8.9770241e+01 
3.500e+01 ; 4.000e+00 ; 7.000e-01 ; 1.4979000e+01 ; 8.9724159e+01 
3.500e+01 ; 4.000e+00 ; 7.000e-01 ; 1.5107000e+01 ; 8.9638931e+01 
3.500e+01 ; 4.000e+00 ; 7.000e-01 ; 1.5363000e+01 ; 8.9492348e+01 
3.500e+01 ; 4.000e+00 ; 7.000e-01 ; 1.5875000e+01 ; 8.9271172e+01 
3.500e+01 ; 4.000e+00 ; 7.000e-01 ; 1.6200000e+01 ; 8.9154816e+01 
3.500e+01 ; 4.000e+00 ; 7.000e-01 ; 1.6200000e+01 ; 8.9154816e+01 
3.500e+01 ; 4.000e+00 ; 7.000e-01 ; 1.6201000e+01 ; 8.9154457e+01 
3.500e+01 ; 4.000e+00 ; 7.000e-01 ; 1.6202000e+01 ; 8.9154099e+01 
3.500e+01 ; 4.000e+00 ; 7.000e-01 ; 1.6203000e+01 ; 8.9153740e+01 
3.500e+01 ; 4.000e+00 ; 7.000e-01 ; 1.6205000e+01 ; 8.9153030e+01 
3.500e+01 ; 4.000e+00 ; 7.000e-01 ; 1.6209000e+01 ; 8.9151604e+01 
3.500e+01 ; 4.000e+00 ; 7.000e-01 ; 1.6217000e+01 ; 8.9148773e+01 
3.500e+01 ; 4.000e+00 ; 7.000e-01 ; 1.6233000e+01 ; 8.9143158e+01 
3.500e+01 ; 4.000e+00 ; 7.000e-01 ; 1.6265000e+01 ; 8.9132164e+01 
3.500e+01 ; 4.000e+00 ; 7.000e-01 ; 1.6329000e+01 ; 8.9111031e+01 
3.500e+01 ; 4.000e+00 ; 7.000e-01 ; 1.6457000e+01 ; 8.9071953e+01 
3.500e+01 ; 4.000e+00 ; 7.000e-01 ; 1.6713000e+01 ; 8.9004723e+01 
3.500e+01 ; 4.000e+00 ; 7.000e-01 ; 1.7225000e+01 ; 8.8903290e+01 
3.500e+01 ; 4.000e+00 ; 7.000e-01 ; 1.7550000e+01 ; 8.8849922e+01 
3.500e+01 ; 4.000e+00 ; 7.000e-01 ; 1.7550000e+01 ; 8.8849922e+01 
3.500e+01 ; 4.000e+00 ; 7.000e-01 ; 1.7551000e+01 ; 8.8849762e+01 
3.500e+01 ; 4.000e+00 ; 7.000e-01 ; 1.7552000e+01 ; 8.8849594e+01 
3.500e+01 ; 4.000e+00 ; 7.000e-01 ; 1.7553000e+01 ; 8.8849434e+01 
3.500e+01 ; 4.000e+00 ; 7.000e-01 ; 1.7555000e+01 ; 8.8849106e+01 
3.500e+01 ; 4.000e+00 ; 7.000e-01 ; 1.7559000e+01 ; 8.8848450e+01 
3.500e+01 ; 4.000e+00 ; 7.000e-01 ; 1.7567000e+01 ; 8.8847153e+01 
3.500e+01 ; 4.000e+00 ; 7.000e-01 ; 1.7583000e+01 ; 8.8844582e+01 
3.500e+01 ; 4.000e+00 ; 7.000e-01 ; 1.7615000e+01 ; 8.8839539e+01 
3.500e+01 ; 4.000e+00 ; 7.000e-01 ; 1.7679000e+01 ; 8.8829842e+01 
3.500e+01 ; 4.000e+00 ; 7.000e-01 ; 1.7807000e+01 ; 8.8811920e+01 
3.500e+01 ; 4.000e+00 ; 7.000e-01 ; 1.8063000e+01 ; 8.8781090e+01 
3.500e+01 ; 4.000e+00 ; 7.000e-01 ; 1.8575000e+01 ; 8.8734566e+01 
3.500e+01 ; 4.000e+00 ; 7.000e-01 ; 1.8900000e+01 ; 8.8710091e+01 
3.500e+01 ; 4.000e+00 ; 7.000e-01 ; 1.8900000e+01 ; 8.8710091e+01 
3.500e+01 ; 4.000e+00 ; 7.000e-01 ; 1.8901000e+01 ; 8.8710014e+01 
3.500e+01 ; 4.000e+00 ; 7.000e-01 ; 1.8902000e+01 ; 8.8709938e+01 
3.500e+01 ; 4.000e+00 ; 7.000e-01 ; 1.8903000e+01 ; 8.8709862e+01 
3.500e+01 ; 4.000e+00 ; 7.000e-01 ; 1.8905000e+01 ; 8.8709709e+01 
3.500e+01 ; 4.000e+00 ; 7.000e-01 ; 1.8909000e+01 ; 8.8709412e+01 
3.500e+01 ; 4.000e+00 ; 7.000e-01 ; 1.8917000e+01 ; 8.8708817e+01 
3.500e+01 ; 4.000e+00 ; 7.000e-01 ; 1.8933000e+01 ; 8.8707634e+01 
3.500e+01 ; 4.000e+00 ; 7.000e-01 ; 1.8965000e+01 ; 8.8705322e+01 
3.500e+01 ; 4.000e+00 ; 7.000e-01 ; 1.9029000e+01 ; 8.8700882e+01 
3.500e+01 ; 4.000e+00 ; 7.000e-01 ; 1.9157000e+01 ; 8.8692657e+01 
3.500e+01 ; 4.000e+00 ; 7.000e-01 ; 1.9413000e+01 ; 8.8678513e+01 
3.500e+01 ; 4.000e+00 ; 7.000e-01 ; 1.9925000e+01 ; 8.8657181e+01 
3.500e+01 ; 4.000e+00 ; 7.000e-01 ; 2.0250000e+01 ; 8.8645950e+01 
3.500e+01 ; 4.000e+00 ; 7.000e-01 ; 2.0250000e+01 ; 8.8645950e+01 
3.500e+01 ; 4.000e+00 ; 7.000e-01 ; 2.0251000e+01 ; 8.8645920e+01 
3.500e+01 ; 4.000e+00 ; 7.000e-01 ; 2.0252000e+01 ; 8.8645882e+01 
3.500e+01 ; 4.000e+00 ; 7.000e-01 ; 2.0253000e+01 ; 8.8645851e+01 
3.500e+01 ; 4.000e+00 ; 7.000e-01 ; 2.0255000e+01 ; 8.8645782e+01 
3.500e+01 ; 4.000e+00 ; 7.000e-01 ; 2.0259000e+01 ; 8.8645645e+01 
3.500e+01 ; 4.000e+00 ; 7.000e-01 ; 2.0267000e+01 ; 8.8645370e+01 
3.500e+01 ; 4.000e+00 ; 7.000e-01 ; 2.0283000e+01 ; 8.8644829e+01 
3.500e+01 ; 4.000e+00 ; 7.000e-01 ; 2.0315000e+01 ; 8.8643768e+01 
3.500e+01 ; 4.000e+00 ; 7.000e-01 ; 2.0379000e+01 ; 8.8641731e+01 
3.500e+01 ; 4.000e+00 ; 7.000e-01 ; 2.0507000e+01 ; 8.8637955e+01 
3.500e+01 ; 4.000e+00 ; 7.000e-01 ; 2.0763000e+01 ; 8.8631470e+01 
3.500e+01 ; 4.000e+00 ; 7.000e-01 ; 2.1275000e+01 ; 8.8621689e+01 
3.500e+01 ; 4.000e+00 ; 7.000e-01 ; 2.1600000e+01 ; 8.8616539e+01 
3.500e+01 ; 4.000e+00 ; 7.000e-01 ; 2.1600000e+01 ; 8.8616539e+01 
3.500e+01 ; 4.000e+00 ; 7.000e-01 ; 2.1601000e+01 ; 8.8616524e+01 
3.500e+01 ; 4.000e+00 ; 7.000e-01 ; 2.1602000e+01 ; 8.8616508e+01 
3.500e+01 ; 4.000e+00 ; 7.000e-01 ; 2.1603000e+01 ; 8.8616486e+01 
3.500e+01 ; 4.000e+00 ; 7.000e-01 ; 2.1605000e+01 ; 8.8616455e+01 
3.500e+01 ; 4.000e+00 ; 7.000e-01 ; 2.1609000e+01 ; 8.8616394e+01 
3.500e+01 ; 4.000e+00 ; 7.000e-01 ; 2.1617000e+01 ; 8.8616272e+01 
3.500e+01 ; 4.000e+00 ; 7.000e-01 ; 2.1633000e+01 ; 8.8616020e+01 
3.500e+01 ; 4.000e+00 ; 7.000e-01 ; 2.1665000e+01 ; 8.8615532e+01 
3.500e+01 ; 4.000e+00 ; 7.000e-01 ; 2.1729000e+01 ; 8.8614601e+01 
3.500e+01 ; 4.000e+00 ; 7.000e-01 ; 2.1857000e+01 ; 8.8612869e+01 
3.500e+01 ; 4.000e+00 ; 7.000e-01 ; 2.2113000e+01 ; 8.8609894e+01 
3.500e+01 ; 4.000e+00 ; 7.000e-01 ; 2.2625000e+01 ; 8.8605408e+01 
3.500e+01 ; 4.000e+00 ; 7.000e-01 ; 2.2950000e+01 ; 8.8603043e+01 
3.500e+01 ; 4.000e+00 ; 7.000e-01 ; 2.2950000e+01 ; 8.8603043e+01 
3.500e+01 ; 4.000e+00 ; 7.000e-01 ; 2.2951000e+01 ; 8.8603035e+01 
3.500e+01 ; 4.000e+00 ; 7.000e-01 ; 2.2952000e+01 ; 8.8603035e+01 
3.500e+01 ; 4.000e+00 ; 7.000e-01 ; 2.2953000e+01 ; 8.8603027e+01 
3.500e+01 ; 4.000e+00 ; 7.000e-01 ; 2.2955000e+01 ; 8.8603012e+01 
3.500e+01 ; 4.000e+00 ; 7.000e-01 ; 2.2959000e+01 ; 8.8602982e+01 
3.500e+01 ; 4.000e+00 ; 7.000e-01 ; 2.2967000e+01 ; 8.8602921e+01 
3.500e+01 ; 4.000e+00 ; 7.000e-01 ; 2.2983000e+01 ; 8.8602806e+01 
3.500e+01 ; 4.000e+00 ; 7.000e-01 ; 2.3015000e+01 ; 8.8602585e+01 
3.500e+01 ; 4.000e+00 ; 7.000e-01 ; 2.3079000e+01 ; 8.8602158e+01 
3.500e+01 ; 4.000e+00 ; 7.000e-01 ; 2.3207000e+01 ; 8.8601364e+01 
3.500e+01 ; 4.000e+00 ; 7.000e-01 ; 2.3463000e+01 ; 8.8600006e+01 
3.500e+01 ; 4.000e+00 ; 7.000e-01 ; 2.3975000e+01 ; 8.8597984e+01 
3.500e+01 ; 4.000e+00 ; 7.000e-01 ; 2.4300000e+01 ; 8.8596931e+01 
3.500e+01 ; 4.000e+00 ; 7.000e-01 ; 2.4300000e+01 ; 8.8596931e+01 
3.500e+01 ; 4.000e+00 ; 7.000e-01 ; 2.4301000e+01 ; 8.8596931e+01 
3.500e+01 ; 4.000e+00 ; 7.000e-01 ; 2.4302000e+01 ; 8.8596931e+01 
3.500e+01 ; 4.000e+00 ; 7.000e-01 ; 2.4303000e+01 ; 8.8596924e+01 
3.500e+01 ; 4.000e+00 ; 7.000e-01 ; 2.4305000e+01 ; 8.8596916e+01 
3.500e+01 ; 4.000e+00 ; 7.000e-01 ; 2.4309000e+01 ; 8.8596909e+01 
3.500e+01 ; 4.000e+00 ; 7.000e-01 ; 2.4317000e+01 ; 8.8596878e+01 
3.500e+01 ; 4.000e+00 ; 7.000e-01 ; 2.4333000e+01 ; 8.8596832e+01 
3.500e+01 ; 4.000e+00 ; 7.000e-01 ; 2.4365000e+01 ; 8.8596733e+01 
3.500e+01 ; 4.000e+00 ; 7.000e-01 ; 2.4429000e+01 ; 8.8596550e+01 
3.500e+01 ; 4.000e+00 ; 7.000e-01 ; 2.4557000e+01 ; 8.8596252e+01 
3.500e+01 ; 4.000e+00 ; 7.000e-01 ; 2.4813000e+01 ; 8.8595993e+01 
3.500e+01 ; 4.000e+00 ; 7.000e-01 ; 2.5325000e+01 ; 8.8596931e+01 
3.500e+01 ; 4.000e+00 ; 7.000e-01 ; 2.5650000e+01 ; 8.8598068e+01 
3.500e+01 ; 4.000e+00 ; 7.000e-01 ; 2.5650000e+01 ; 8.8598068e+01 
3.500e+01 ; 4.000e+00 ; 7.000e-01 ; 2.5651000e+01 ; 8.8598068e+01 
3.500e+01 ; 4.000e+00 ; 7.000e-01 ; 2.5652000e+01 ; 8.8598076e+01 
3.500e+01 ; 4.000e+00 ; 7.000e-01 ; 2.5653000e+01 ; 8.8598076e+01 
3.500e+01 ; 4.000e+00 ; 7.000e-01 ; 2.5655000e+01 ; 8.8598083e+01 
3.500e+01 ; 4.000e+00 ; 7.000e-01 ; 2.5659000e+01 ; 8.8598106e+01 
3.500e+01 ; 4.000e+00 ; 7.000e-01 ; 2.5667000e+01 ; 8.8598167e+01 
3.500e+01 ; 4.000e+00 ; 7.000e-01 ; 2.5683000e+01 ; 8.8598328e+01 
3.500e+01 ; 4.000e+00 ; 7.000e-01 ; 2.5715000e+01 ; 8.8598885e+01 
3.500e+01 ; 4.000e+00 ; 7.000e-01 ; 2.5779000e+01 ; 8.8600945e+01 
3.500e+01 ; 4.000e+00 ; 7.000e-01 ; 2.5907000e+01 ; 8.8608856e+01 
3.500e+01 ; 4.000e+00 ; 7.000e-01 ; 2.6163000e+01 ; 8.8638145e+01 
3.500e+01 ; 4.000e+00 ; 7.000e-01 ; 2.6675000e+01 ; 8.8727386e+01 
3.500e+01 ; 4.000e+00 ; 7.000e-01 ; 2.7000000e+01 ; 8.8789604e+01 
3.500e+01 ; 4.000e+00 ; 7.000e-01 ; 2.7000000e+01 ; 8.8789604e+01 
3.500e+01 ; 4.000e+00 ; 7.000e-01 ; 2.7001000e+01 ; 8.8794716e+01 
3.500e+01 ; 4.000e+00 ; 7.000e-01 ; 2.7002000e+01 ; 8.8799835e+01 
3.500e+01 ; 4.000e+00 ; 7.000e-01 ; 2.7003000e+01 ; 8.8804962e+01 
3.500e+01 ; 4.000e+00 ; 7.000e-01 ; 2.7005000e+01 ; 8.8815269e+01 
3.500e+01 ; 4.000e+00 ; 7.000e-01 ; 2.7009000e+01 ; 8.8836067e+01 
3.500e+01 ; 4.000e+00 ; 7.000e-01 ; 2.7017000e+01 ; 8.8878357e+01 
3.500e+01 ; 4.000e+00 ; 7.000e-01 ; 2.7033000e+01 ; 8.8965607e+01 
3.500e+01 ; 4.000e+00 ; 7.000e-01 ; 2.7065000e+01 ; 8.9149811e+01 
3.500e+01 ; 4.000e+00 ; 7.000e-01 ; 2.7129000e+01 ; 8.9549911e+01 
3.500e+01 ; 4.000e+00 ; 7.000e-01 ; 2.7257000e+01 ; 9.0430611e+01 
3.500e+01 ; 4.000e+00 ; 7.000e-01 ; 2.7513000e+01 ; 9.2268555e+01 
3.500e+01 ; 4.000e+00 ; 7.000e-01 ; 2.8025000e+01 ; 9.5382759e+01 
3.500e+01 ; 4.000e+00 ; 7.000e-01 ; 2.8350001e+01 ; 9.6943924e+01 
3.500e+01 ; 4.000e+00 ; 7.000e-01 ; 2.8350001e+01 ; 9.6943924e+01 
3.500e+01 ; 4.000e+00 ; 7.000e-01 ; 2.8351001e+01 ; 9.6952553e+01 
3.500e+01 ; 4.000e+00 ; 7.000e-01 ; 2.8352001e+01 ; 9.6961189e+01 
3.500e+01 ; 4.000e+00 ; 7.000e-01 ; 2.8353001e+01 ; 9.6969826e+01 
3.500e+01 ; 4.000e+00 ; 7.000e-01 ; 2.8355001e+01 ; 9.6987099e+01 
3.500e+01 ; 4.000e+00 ; 7.000e-01 ; 2.8359001e+01 ; 9.7021645e+01 
3.500e+01 ; 4.000e+00 ; 7.000e-01 ; 2.8367001e+01 ; 9.7090775e+01 
3.500e+01 ; 4.000e+00 ; 7.000e-01 ; 2.8383001e+01 ; 9.7229057e+01 
3.500e+01 ; 4.000e+00 ; 7.000e-01 ; 2.8415000e+01 ; 9.7505394e+01 
3.500e+01 ; 4.000e+00 ; 7.000e-01 ; 2.8479000e+01 ; 9.8054382e+01 
3.500e+01 ; 4.000e+00 ; 7.000e-01 ; 2.8607000e+01 ; 9.9119995e+01 
3.500e+01 ; 4.000e+00 ; 7.000e-01 ; 2.8863001e+01 ; 1.0103414e+02 
3.500e+01 ; 4.000e+00 ; 7.000e-01 ; 2.9375000e+01 ; 1.0377120e+02 
3.500e+01 ; 4.000e+00 ; 7.000e-01 ; 2.9700001e+01 ; 1.0499589e+02 
3.500e+01 ; 4.000e+00 ; 7.000e-01 ; 2.9700001e+01 ; 1.0499589e+02 
3.500e+01 ; 4.000e+00 ; 7.000e-01 ; 2.9701001e+01 ; 1.0499965e+02 
3.500e+01 ; 4.000e+00 ; 7.000e-01 ; 2.9702001e+01 ; 1.0500340e+02 
3.500e+01 ; 4.000e+00 ; 7.000e-01 ; 2.9703001e+01 ; 1.0500716e+02 
3.500e+01 ; 4.000e+00 ; 7.000e-01 ; 2.9705001e+01 ; 1.0501462e+02 
3.500e+01 ; 4.000e+00 ; 7.000e-01 ; 2.9709001e+01 ; 1.0502944e+02 
3.500e+01 ; 4.000e+00 ; 7.000e-01 ; 2.9717001e+01 ; 1.0505866e+02 
3.500e+01 ; 4.000e+00 ; 7.000e-01 ; 2.9733001e+01 ; 1.0511538e+02 
3.500e+01 ; 4.000e+00 ; 7.000e-01 ; 2.9765001e+01 ; 1.0522222e+02 
3.500e+01 ; 4.000e+00 ; 7.000e-01 ; 2.9829001e+01 ; 1.0541131e+02 
3.500e+01 ; 4.000e+00 ; 7.000e-01 ; 2.9957001e+01 ; 1.0570372e+02 
3.500e+01 ; 4.000e+00 ; 7.000e-01 ; 3.0213001e+01 ; 1.0602442e+02 
3.500e+01 ; 4.000e+00 ; 7.000e-01 ; 3.0725001e+01 ; 1.0601543e+02 
3.500e+01 ; 4.000e+00 ; 7.000e-01 ; 3.1050001e+01 ; 1.0582323e+02 
3.500e+01 ; 4.000e+00 ; 7.000e-01 ; 3.1050001e+01 ; 1.0582323e+02 
3.500e+01 ; 4.000e+00 ; 7.000e-01 ; 3.1051001e+01 ; 1.0582264e+02 
3.500e+01 ; 4.000e+00 ; 7.000e-01 ; 3.1052001e+01 ; 1.0582204e+02 
3.500e+01 ; 4.000e+00 ; 7.000e-01 ; 3.1053001e+01 ; 1.0582145e+02 
3.500e+01 ; 4.000e+00 ; 7.000e-01 ; 3.1055001e+01 ; 1.0582025e+02 
3.500e+01 ; 4.000e+00 ; 7.000e-01 ; 3.1059001e+01 ; 1.0581782e+02 
3.500e+01 ; 4.000e+00 ; 7.000e-01 ; 3.1067001e+01 ; 1.0581285e+02 
3.500e+01 ; 4.000e+00 ; 7.000e-01 ; 3.1083001e+01 ; 1.0580248e+02 
3.500e+01 ; 4.000e+00 ; 7.000e-01 ; 3.1115001e+01 ; 1.0578007e+02 
3.500e+01 ; 4.000e+00 ; 7.000e-01 ; 3.1179001e+01 ; 1.0572905e+02 
3.500e+01 ; 4.000e+00 ; 7.000e-01 ; 3.1307001e+01 ; 1.0560577e+02 
3.500e+01 ; 4.000e+00 ; 7.000e-01 ; 3.1563001e+01 ; 1.0529688e+02 
3.500e+01 ; 4.000e+00 ; 7.000e-01 ; 3.2075001e+01 ; 1.0454868e+02 
3.500e+01 ; 4.000e+00 ; 7.000e-01 ; 3.2400001e+01 ; 1.0404372e+02 
3.500e+01 ; 4.000e+00 ; 7.000e-01 ; 3.2400001e+01 ; 1.0404372e+02 
3.500e+01 ; 4.000e+00 ; 7.000e-01 ; 3.2401001e+01 ; 1.0404218e+02 
3.500e+01 ; 4.000e+00 ; 7.000e-01 ; 3.2402001e+01 ; 1.0404062e+02 
3.500e+01 ; 4.000e+00 ; 7.000e-01 ; 3.2403001e+01 ; 1.0403906e+02 
3.500e+01 ; 4.000e+00 ; 7.000e-01 ; 3.2405001e+01 ; 1.0403596e+02 
3.500e+01 ; 4.000e+00 ; 7.000e-01 ; 3.2409001e+01 ; 1.0402973e+02 
3.500e+01 ; 4.000e+00 ; 7.000e-01 ; 3.2417001e+01 ; 1.0401727e+02 
3.500e+01 ; 4.000e+00 ; 7.000e-01 ; 3.2433001e+01 ; 1.0399226e+02 
3.500e+01 ; 4.000e+00 ; 7.000e-01 ; 3.2465001e+01 ; 1.0394201e+02 
3.500e+01 ; 4.000e+00 ; 7.000e-01 ; 3.2529001e+01 ; 1.0384065e+02 
3.500e+01 ; 4.000e+00 ; 7.000e-01 ; 3.2657001e+01 ; 1.0363559e+02 
3.500e+01 ; 4.000e+00 ; 7.000e-01 ; 3.2913001e+01 ; 1.0322250e+02 
3.500e+01 ; 4.000e+00 ; 7.000e-01 ; 3.3425001e+01 ; 1.0241584e+02 
3.500e+01 ; 4.000e+00 ; 7.000e-01 ; 3.3750001e+01 ; 1.0191724e+02 
3.500e+01 ; 4.000e+00 ; 7.000e-01 ; 3.3750001e+01 ; 1.0191724e+02 
3.500e+01 ; 4.000e+00 ; 7.000e-01 ; 3.3751001e+01 ; 1.0191571e+02 
3.500e+01 ; 4.000e+00 ; 7.000e-01 ; 3.3752001e+01 ; 1.0191418e+02 
3.500e+01 ; 4.000e+00 ; 7.000e-01 ; 3.3753001e+01 ; 1.0191264e+02 
3.500e+01 ; 4.000e+00 ; 7.000e-01 ; 3.3755001e+01 ; 1.0190958e+02 
3.500e+01 ; 4.000e+00 ; 7.000e-01 ; 3.3759001e+01 ; 1.0190345e+02 
3.500e+01 ; 4.000e+00 ; 7.000e-01 ; 3.3767001e+01 ; 1.0189119e+02 
3.500e+01 ; 4.000e+00 ; 7.000e-01 ; 3.3783001e+01 ; 1.0186671e+02 
3.500e+01 ; 4.000e+00 ; 7.000e-01 ; 3.3815001e+01 ; 1.0181790e+02 
3.500e+01 ; 4.000e+00 ; 7.000e-01 ; 3.3879001e+01 ; 1.0172087e+02 
3.500e+01 ; 4.000e+00 ; 7.000e-01 ; 3.4007001e+01 ; 1.0152945e+02 
3.500e+01 ; 4.000e+00 ; 7.000e-01 ; 3.4263001e+01 ; 1.0115850e+02 
3.500e+01 ; 4.000e+00 ; 7.000e-01 ; 3.4775001e+01 ; 1.0046923e+02 
3.500e+01 ; 4.000e+00 ; 7.000e-01 ; 3.5100001e+01 ; 1.0005350e+02 
3.500e+01 ; 4.000e+00 ; 7.000e-01 ; 3.5100001e+01 ; 1.0005350e+02 
3.500e+01 ; 4.000e+00 ; 7.000e-01 ; 3.5101001e+01 ; 1.0005222e+02 
3.500e+01 ; 4.000e+00 ; 7.000e-01 ; 3.5102001e+01 ; 1.0005094e+02 
3.500e+01 ; 4.000e+00 ; 7.000e-01 ; 3.5103001e+01 ; 1.0004967e+02 
3.500e+01 ; 4.000e+00 ; 7.000e-01 ; 3.5105001e+01 ; 1.0004711e+02 
3.500e+01 ; 4.000e+00 ; 7.000e-01 ; 3.5109001e+01 ; 1.0004200e+02 
3.500e+01 ; 4.000e+00 ; 7.000e-01 ; 3.5117001e+01 ; 1.0003179e+02 
3.500e+01 ; 4.000e+00 ; 7.000e-01 ; 3.5133001e+01 ; 1.0001144e+02 
3.500e+01 ; 4.000e+00 ; 7.000e-01 ; 3.5165001e+01 ; 9.9970932e+01 
3.500e+01 ; 4.000e+00 ; 7.000e-01 ; 3.5229001e+01 ; 9.9890778e+01 
3.500e+01 ; 4.000e+00 ; 7.000e-01 ; 3.5357001e+01 ; 9.9733879e+01 
3.500e+01 ; 4.000e+00 ; 7.000e-01 ; 3.5613001e+01 ; 9.9433655e+01 
3.500e+01 ; 4.000e+00 ; 7.000e-01 ; 3.6125001e+01 ; 9.8885254e+01 
3.500e+01 ; 4.000e+00 ; 7.000e-01 ; 3.6450001e+01 ; 9.8557404e+01 
3.500e+01 ; 4.000e+00 ; 7.000e-01 ; 3.6450001e+01 ; 9.8557404e+01 
3.500e+01 ; 4.000e+00 ; 7.000e-01 ; 3.6451001e+01 ; 9.8556396e+01 
3.500e+01 ; 4.000e+00 ; 7.000e-01 ; 3.6452001e+01 ; 9.8555389e+01 
3.500e+01 ; 4.000e+00 ; 7.000e-01 ; 3.6453001e+01 ; 9.8554382e+01 
3.500e+01 ; 4.000e+00 ; 7.000e-01 ; 3.6455001e+01 ; 9.8552368e+01 
3.500e+01 ; 4.000e+00 ; 7.000e-01 ; 3.6459001e+01 ; 9.8548340e+01 
3.500e+01 ; 4.000e+00 ; 7.000e-01 ; 3.6467001e+01 ; 9.8540291e+01 
3.500e+01 ; 4.000e+00 ; 7.000e-01 ; 3.6483001e+01 ; 9.8524254e+01 
3.500e+01 ; 4.000e+00 ; 7.000e-01 ; 3.6515001e+01 ; 9.8492371e+01 
3.500e+01 ; 4.000e+00 ; 7.000e-01 ; 3.6579001e+01 ; 9.8429375e+01 
3.500e+01 ; 4.000e+00 ; 7.000e-01 ; 3.6707001e+01 ; 9.8306435e+01 
3.500e+01 ; 4.000e+00 ; 7.000e-01 ; 3.6963001e+01 ; 9.8072311e+01 
3.500e+01 ; 4.000e+00 ; 7.000e-01 ; 3.7475001e+01 ; 9.7647476e+01 
3.500e+01 ; 4.000e+00 ; 7.000e-01 ; 3.7800001e+01 ; 9.7394394e+01 
3.500e+01 ; 4.000e+00 ; 7.000e-01 ; 3.7800001e+01 ; 9.7394394e+01 
3.500e+01 ; 4.000e+00 ; 7.000e-01 ; 3.7801001e+01 ; 9.7393616e+01 
3.500e+01 ; 4.000e+00 ; 7.000e-01 ; 3.7802001e+01 ; 9.7392838e+01 
3.500e+01 ; 4.000e+00 ; 7.000e-01 ; 3.7803001e+01 ; 9.7392059e+01 
3.500e+01 ; 4.000e+00 ; 7.000e-01 ; 3.7805001e+01 ; 9.7390503e+01 
3.500e+01 ; 4.000e+00 ; 7.000e-01 ; 3.7809001e+01 ; 9.7387390e+01 
3.500e+01 ; 4.000e+00 ; 7.000e-01 ; 3.7817001e+01 ; 9.7381180e+01 
3.500e+01 ; 4.000e+00 ; 7.000e-01 ; 3.7833001e+01 ; 9.7368805e+01 
3.500e+01 ; 4.000e+00 ; 7.000e-01 ; 3.7865001e+01 ; 9.7344208e+01 
3.500e+01 ; 4.000e+00 ; 7.000e-01 ; 3.7929001e+01 ; 9.7295647e+01 
3.500e+01 ; 4.000e+00 ; 7.000e-01 ; 3.8057001e+01 ; 9.7200981e+01 
3.500e+01 ; 4.000e+00 ; 7.000e-01 ; 3.8313001e+01 ; 9.7021049e+01 
3.500e+01 ; 4.000e+00 ; 7.000e-01 ; 3.8825001e+01 ; 9.6695427e+01 
3.500e+01 ; 4.000e+00 ; 7.000e-01 ; 3.9150001e+01 ; 9.6501717e+01 
3.500e+01 ; 4.000e+00 ; 7.000e-01 ; 3.9150001e+01 ; 9.6501717e+01 
3.500e+01 ; 4.000e+00 ; 7.000e-01 ; 3.9151001e+01 ; 9.6501122e+01 
3.500e+01 ; 4.000e+00 ; 7.000e-01 ; 3.9152001e+01 ; 9.6500526e+01 
3.500e+01 ; 4.000e+00 ; 7.000e-01 ; 3.9153001e+01 ; 9.6499931e+01 
3.500e+01 ; 4.000e+00 ; 7.000e-01 ; 3.9155001e+01 ; 9.6498741e+01 
3.500e+01 ; 4.000e+00 ; 7.000e-01 ; 3.9159001e+01 ; 9.6496361e+01 
3.500e+01 ; 4.000e+00 ; 7.000e-01 ; 3.9167001e+01 ; 9.6491608e+01 
3.500e+01 ; 4.000e+00 ; 7.000e-01 ; 3.9183001e+01 ; 9.6482132e+01 
3.500e+01 ; 4.000e+00 ; 7.000e-01 ; 3.9215001e+01 ; 9.6463318e+01 
3.500e+01 ; 4.000e+00 ; 7.000e-01 ; 3.9279001e+01 ; 9.6426170e+01 
3.500e+01 ; 4.000e+00 ; 7.000e-01 ; 3.9407001e+01 ; 9.6353783e+01 
3.500e+01 ; 4.000e+00 ; 7.000e-01 ; 3.9663001e+01 ; 9.6216316e+01 
3.500e+01 ; 4.000e+00 ; 7.000e-01 ; 4.0175001e+01 ; 9.5967812e+01 
3.500e+01 ; 4.000e+00 ; 7.000e-01 ; 4.0500001e+01 ; 9.5820068e+01 
3.500e+01 ; 4.000e+00 ; 7.000e-01 ; 4.0500001e+01 ; 9.5820068e+01 
3.500e+01 ; 4.000e+00 ; 7.000e-01 ; 4.0501001e+01 ; 9.5819611e+01 
3.500e+01 ; 4.000e+00 ; 7.000e-01 ; 4.0502001e+01 ; 9.5819160e+01 
3.500e+01 ; 4.000e+00 ; 7.000e-01 ; 4.0503001e+01 ; 9.5818703e+01 
3.500e+01 ; 4.000e+00 ; 7.000e-01 ; 4.0505001e+01 ; 9.5817795e+01 
3.500e+01 ; 4.000e+00 ; 7.000e-01 ; 4.0509001e+01 ; 9.5815979e+01 
3.500e+01 ; 4.000e+00 ; 7.000e-01 ; 4.0517001e+01 ; 9.5812355e+01 
3.500e+01 ; 4.000e+00 ; 7.000e-01 ; 4.0533001e+01 ; 9.5805130e+01 
3.500e+01 ; 4.000e+00 ; 7.000e-01 ; 4.0565001e+01 ; 9.5790779e+01 
3.500e+01 ; 4.000e+00 ; 7.000e-01 ; 4.0629001e+01 ; 9.5762451e+01 
3.500e+01 ; 4.000e+00 ; 7.000e-01 ; 4.0757001e+01 ; 9.5707268e+01 
3.500e+01 ; 4.000e+00 ; 7.000e-01 ; 4.1013001e+01 ; 9.5602493e+01 
3.500e+01 ; 4.000e+00 ; 7.000e-01 ; 4.1525001e+01 ; 9.5413177e+01 
3.500e+01 ; 4.000e+00 ; 7.000e-01 ; 4.1850001e+01 ; 9.5300644e+01 
3.500e+01 ; 4.000e+00 ; 7.000e-01 ; 4.1850001e+01 ; 9.5300644e+01 
3.500e+01 ; 4.000e+00 ; 7.000e-01 ; 4.1851001e+01 ; 9.5300301e+01 
3.500e+01 ; 4.000e+00 ; 7.000e-01 ; 4.1852001e+01 ; 9.5299950e+01 
3.500e+01 ; 4.000e+00 ; 7.000e-01 ; 4.1853001e+01 ; 9.5299606e+01 
3.500e+01 ; 4.000e+00 ; 7.000e-01 ; 4.1855001e+01 ; 9.5298912e+01 
3.500e+01 ; 4.000e+00 ; 7.000e-01 ; 4.1859001e+01 ; 9.5297531e+01 
3.500e+01 ; 4.000e+00 ; 7.000e-01 ; 4.1867001e+01 ; 9.5294769e+01 
3.500e+01 ; 4.000e+00 ; 7.000e-01 ; 4.1883001e+01 ; 9.5289268e+01 
3.500e+01 ; 4.000e+00 ; 7.000e-01 ; 4.1915001e+01 ; 9.5278343e+01 
3.500e+01 ; 4.000e+00 ; 7.000e-01 ; 4.1979001e+01 ; 9.5256767e+01 
3.500e+01 ; 4.000e+00 ; 7.000e-01 ; 4.2107001e+01 ; 9.5214745e+01 
3.500e+01 ; 4.000e+00 ; 7.000e-01 ; 4.2363001e+01 ; 9.5134964e+01 
3.500e+01 ; 4.000e+00 ; 7.000e-01 ; 4.2875001e+01 ; 9.4990891e+01 
3.500e+01 ; 4.000e+00 ; 7.000e-01 ; 4.3200001e+01 ; 9.4905289e+01 
3.500e+01 ; 4.000e+00 ; 7.000e-01 ; 4.3200001e+01 ; 9.4905289e+01 
3.500e+01 ; 4.000e+00 ; 7.000e-01 ; 4.3201001e+01 ; 9.4905029e+01 
3.500e+01 ; 4.000e+00 ; 7.000e-01 ; 4.3202001e+01 ; 9.4904762e+01 
3.500e+01 ; 4.000e+00 ; 7.000e-01 ; 4.3203001e+01 ; 9.4904503e+01 
3.500e+01 ; 4.000e+00 ; 7.000e-01 ; 4.3205001e+01 ; 9.4903976e+01 
3.500e+01 ; 4.000e+00 ; 7.000e-01 ; 4.3209001e+01 ; 9.4902924e+01 
3.500e+01 ; 4.000e+00 ; 7.000e-01 ; 4.3217001e+01 ; 9.4900826e+01 
3.500e+01 ; 4.000e+00 ; 7.000e-01 ; 4.3233001e+01 ; 9.4896637e+01 
3.500e+01 ; 4.000e+00 ; 7.000e-01 ; 4.3265001e+01 ; 9.4888321e+01 
3.500e+01 ; 4.000e+00 ; 7.000e-01 ; 4.3329001e+01 ; 9.4871918e+01 
3.500e+01 ; 4.000e+00 ; 7.000e-01 ; 4.3457001e+01 ; 9.4839973e+01 
3.500e+01 ; 4.000e+00 ; 7.000e-01 ; 4.3713001e+01 ; 9.4779411e+01 
3.500e+01 ; 4.000e+00 ; 7.000e-01 ; 4.4225001e+01 ; 9.4670784e+01 
3.500e+01 ; 4.000e+00 ; 7.000e-01 ; 4.4550001e+01 ; 9.4606674e+01 
3.500e+01 ; 4.000e+00 ; 7.000e-01 ; 4.4550001e+01 ; 9.4606674e+01 
3.500e+01 ; 4.000e+00 ; 7.000e-01 ; 4.4551001e+01 ; 9.4606476e+01 
3.500e+01 ; 4.000e+00 ; 7.000e-01 ; 4.4552001e+01 ; 9.4606277e+01 
3.500e+01 ; 4.000e+00 ; 7.000e-01 ; 4.4553001e+01 ; 9.4606087e+01 
3.500e+01 ; 4.000e+00 ; 7.000e-01 ; 4.4555001e+01 ; 9.4605690e+01 
3.500e+01 ; 4.000e+00 ; 7.000e-01 ; 4.4559001e+01 ; 9.4604904e+01 
3.500e+01 ; 4.000e+00 ; 7.000e-01 ; 4.4567001e+01 ; 9.4603333e+01 
3.500e+01 ; 4.000e+00 ; 7.000e-01 ; 4.4583001e+01 ; 9.4600197e+01 
3.500e+01 ; 4.000e+00 ; 7.000e-01 ; 4.4615001e+01 ; 9.4593979e+01 
3.500e+01 ; 4.000e+00 ; 7.000e-01 ; 4.4679001e+01 ; 9.4581749e+01 
3.500e+01 ; 4.000e+00 ; 7.000e-01 ; 4.4807001e+01 ; 9.4558128e+01 
3.500e+01 ; 4.000e+00 ; 7.000e-01 ; 4.5063001e+01 ; 9.4514626e+01 
3.500e+01 ; 4.000e+00 ; 7.000e-01 ; 4.5575001e+01 ; 9.4444168e+01 
3.500e+01 ; 4.000e+00 ; 7.000e-01 ; 4.5900001e+01 ; 9.4406197e+01 
3.500e+01 ; 4.000e+00 ; 7.000e-01 ; 4.5900001e+01 ; 9.4406197e+01 
3.500e+01 ; 4.000e+00 ; 7.000e-01 ; 4.5901001e+01 ; 9.4406075e+01 
3.500e+01 ; 4.000e+00 ; 7.000e-01 ; 4.5902001e+01 ; 9.4405960e+01 
3.500e+01 ; 4.000e+00 ; 7.000e-01 ; 4.5903001e+01 ; 9.4405846e+01 
3.500e+01 ; 4.000e+00 ; 7.000e-01 ; 4.5905001e+01 ; 9.4405617e+01 
3.500e+01 ; 4.000e+00 ; 7.000e-01 ; 4.5909001e+01 ; 9.4405159e+01 
3.500e+01 ; 4.000e+00 ; 7.000e-01 ; 4.5917001e+01 ; 9.4404266e+01 
3.500e+01 ; 4.000e+00 ; 7.000e-01 ; 4.5933001e+01 ; 9.4402580e+01 
3.500e+01 ; 4.000e+00 ; 7.000e-01 ; 4.5965001e+01 ; 9.4399574e+01 
3.500e+01 ; 4.000e+00 ; 7.000e-01 ; 4.6029001e+01 ; 9.4395210e+01 
3.500e+01 ; 4.000e+00 ; 7.000e-01 ; 4.6157001e+01 ; 9.4393684e+01 
3.500e+01 ; 4.000e+00 ; 7.000e-01 ; 4.6413001e+01 ; 9.4419601e+01 
3.500e+01 ; 4.000e+00 ; 7.000e-01 ; 4.6925001e+01 ; 9.4558998e+01 
3.500e+01 ; 4.000e+00 ; 7.000e-01 ; 4.7250001e+01 ; 9.4671860e+01 
3.500e+01 ; 4.000e+00 ; 7.000e-01 ; 4.7250001e+01 ; 9.4671860e+01 
3.500e+01 ; 4.000e+00 ; 7.000e-01 ; 4.7251001e+01 ; 9.4672203e+01 
3.500e+01 ; 4.000e+00 ; 7.000e-01 ; 4.7252001e+01 ; 9.4672554e+01 
3.500e+01 ; 4.000e+00 ; 7.000e-01 ; 4.7253001e+01 ; 9.4672905e+01 
3.500e+01 ; 4.000e+00 ; 7.000e-01 ; 4.7255001e+01 ; 9.4673607e+01 
3.500e+01 ; 4.000e+00 ; 7.000e-01 ; 4.7259001e+01 ; 9.4675026e+01 
3.500e+01 ; 4.000e+00 ; 7.000e-01 ; 4.7267001e+01 ; 9.4677910e+01 
3.500e+01 ; 4.000e+00 ; 7.000e-01 ; 4.7283001e+01 ; 9.4683899e+01 
3.500e+01 ; 4.000e+00 ; 7.000e-01 ; 4.7315001e+01 ; 9.4696762e+01 
3.500e+01 ; 4.000e+00 ; 7.000e-01 ; 4.7379001e+01 ; 9.4726128e+01 
3.500e+01 ; 4.000e+00 ; 7.000e-01 ; 4.7507001e+01 ; 9.4799805e+01 
3.500e+01 ; 4.000e+00 ; 7.000e-01 ; 4.7763001e+01 ; 9.5001678e+01 
3.500e+01 ; 4.000e+00 ; 7.000e-01 ; 4.8275001e+01 ; 9.5541756e+01 
3.500e+01 ; 4.000e+00 ; 7.000e-01 ; 4.8600001e+01 ; 9.5913414e+01 
3.500e+01 ; 4.000e+00 ; 7.000e-01 ; 4.8600001e+01 ; 9.5913414e+01 
3.500e+01 ; 4.000e+00 ; 7.000e-01 ; 4.8601001e+01 ; 9.5914558e+01 
3.500e+01 ; 4.000e+00 ; 7.000e-01 ; 4.8602001e+01 ; 9.5915703e+01 
3.500e+01 ; 4.000e+00 ; 7.000e-01 ; 4.8603001e+01 ; 9.5916855e+01 
3.500e+01 ; 4.000e+00 ; 7.000e-01 ; 4.8605001e+01 ; 9.5919151e+01 
3.500e+01 ; 4.000e+00 ; 7.000e-01 ; 4.8609001e+01 ; 9.5923752e+01 
3.500e+01 ; 4.000e+00 ; 7.000e-01 ; 4.8617001e+01 ; 9.5933014e+01 
3.500e+01 ; 4.000e+00 ; 7.000e-01 ; 4.8633001e+01 ; 9.5951744e+01 
3.500e+01 ; 4.000e+00 ; 7.000e-01 ; 4.8665001e+01 ; 9.5990067e+01 
3.500e+01 ; 4.000e+00 ; 7.000e-01 ; 4.8729001e+01 ; 9.6070068e+01 
3.500e+01 ; 4.000e+00 ; 7.000e-01 ; 4.8857001e+01 ; 9.6242752e+01 
3.500e+01 ; 4.000e+00 ; 7.000e-01 ; 4.9113001e+01 ; 9.6628128e+01 
3.500e+01 ; 4.000e+00 ; 7.000e-01 ; 4.9625001e+01 ; 9.7461639e+01 
3.500e+01 ; 4.000e+00 ; 7.000e-01 ; 4.9950001e+01 ; 9.7989120e+01 
3.500e+01 ; 4.000e+00 ; 7.000e-01 ; 4.9950001e+01 ; 9.7989120e+01 
3.500e+01 ; 4.000e+00 ; 7.000e-01 ; 4.9951001e+01 ; 9.7990746e+01 
3.500e+01 ; 4.000e+00 ; 7.000e-01 ; 4.9952001e+01 ; 9.7992371e+01 
3.500e+01 ; 4.000e+00 ; 7.000e-01 ; 4.9953001e+01 ; 9.7993996e+01 
3.500e+01 ; 4.000e+00 ; 7.000e-01 ; 4.9955001e+01 ; 9.7997238e+01 
3.500e+01 ; 4.000e+00 ; 7.000e-01 ; 4.9959001e+01 ; 9.8003738e+01 
3.500e+01 ; 4.000e+00 ; 7.000e-01 ; 4.9967001e+01 ; 9.8016747e+01 
3.500e+01 ; 4.000e+00 ; 7.000e-01 ; 4.9983001e+01 ; 9.8042809e+01 
3.500e+01 ; 4.000e+00 ; 7.000e-01 ; 5.0015001e+01 ; 9.8095085e+01 
3.500e+01 ; 4.000e+00 ; 7.000e-01 ; 5.0079001e+01 ; 9.8200050e+01 
3.500e+01 ; 4.000e+00 ; 7.000e-01 ; 5.0207001e+01 ; 9.8410271e+01 
3.500e+01 ; 4.000e+00 ; 7.000e-01 ; 5.0463001e+01 ; 9.8822632e+01 
3.500e+01 ; 4.000e+00 ; 7.000e-01 ; 5.0975001e+01 ; 9.9566170e+01 
3.500e+01 ; 4.000e+00 ; 7.000e-01 ; 5.1300001e+01 ; 9.9995132e+01 
3.500e+01 ; 4.000e+00 ; 7.000e-01 ; 5.1300001e+01 ; 9.9995132e+01 
3.500e+01 ; 4.000e+00 ; 7.000e-01 ; 5.1301001e+01 ; 9.9996452e+01 
3.500e+01 ; 4.000e+00 ; 7.000e-01 ; 5.1302001e+01 ; 9.9997765e+01 
3.500e+01 ; 4.000e+00 ; 7.000e-01 ; 5.1303001e+01 ; 9.9999084e+01 
3.500e+01 ; 4.000e+00 ; 7.000e-01 ; 5.1305001e+01 ; 1.0000172e+02 
3.500e+01 ; 4.000e+00 ; 7.000e-01 ; 5.1309001e+01 ; 1.0000699e+02 
3.500e+01 ; 4.000e+00 ; 7.000e-01 ; 5.1317001e+01 ; 1.0001749e+02 
3.500e+01 ; 4.000e+00 ; 7.000e-01 ; 5.1333001e+01 ; 1.0003839e+02 
3.500e+01 ; 4.000e+00 ; 7.000e-01 ; 5.1365001e+01 ; 1.0007974e+02 
3.500e+01 ; 4.000e+00 ; 7.000e-01 ; 5.1429001e+01 ; 1.0016058e+02 
3.500e+01 ; 4.000e+00 ; 7.000e-01 ; 5.1557001e+01 ; 1.0031424e+02 
3.500e+01 ; 4.000e+00 ; 7.000e-01 ; 5.1813001e+01 ; 1.0058761e+02 
3.500e+01 ; 4.000e+00 ; 7.000e-01 ; 5.2325001e+01 ; 1.0100204e+02 
3.500e+01 ; 4.000e+00 ; 7.000e-01 ; 5.2650001e+01 ; 1.0121456e+02 
3.500e+01 ; 4.000e+00 ; 7.000e-01 ; 5.2650001e+01 ; 1.0121456e+02 
3.500e+01 ; 4.000e+00 ; 7.000e-01 ; 5.2651001e+01 ; 1.0121522e+02 
3.500e+01 ; 4.000e+00 ; 7.000e-01 ; 5.2652001e+01 ; 1.0121587e+02 
3.500e+01 ; 4.000e+00 ; 7.000e-01 ; 5.2653001e+01 ; 1.0121652e+02 
3.500e+01 ; 4.000e+00 ; 7.000e-01 ; 5.2655001e+01 ; 1.0121783e+02 
3.500e+01 ; 4.000e+00 ; 7.000e-01 ; 5.2659001e+01 ; 1.0122042e+02 
3.500e+01 ; 4.000e+00 ; 7.000e-01 ; 5.2667001e+01 ; 1.0122559e+02 
3.500e+01 ; 4.000e+00 ; 7.000e-01 ; 5.2683001e+01 ; 1.0123580e+02 
3.500e+01 ; 4.000e+00 ; 7.000e-01 ; 5.2715001e+01 ; 1.0125574e+02 
3.500e+01 ; 4.000e+00 ; 7.000e-01 ; 5.2779001e+01 ; 1.0129370e+02 
3.500e+01 ; 4.000e+00 ; 7.000e-01 ; 5.2907001e+01 ; 1.0136221e+02 
3.500e+01 ; 4.000e+00 ; 7.000e-01 ; 5.3163001e+01 ; 1.0147169e+02 
3.500e+01 ; 4.000e+00 ; 7.000e-01 ; 5.3675001e+01 ; 1.0159822e+02 
3.500e+01 ; 4.000e+00 ; 7.000e-01 ; 5.4000001e+01 ; 1.0164576e+02 
3.500e+01 ; 4.000e+00 ; 7.000e-01 ; 5.4000001e+01 ; 1.0164576e+02 
3.500e+01 ; 4.000e+00 ; 7.000e-01 ; 5.4001001e+01 ; 1.0164590e+02 
3.500e+01 ; 4.000e+00 ; 7.000e-01 ; 5.4002001e+01 ; 1.0164605e+02 
3.500e+01 ; 4.000e+00 ; 7.000e-01 ; 5.4003001e+01 ; 1.0164619e+02 
3.500e+01 ; 4.000e+00 ; 7.000e-01 ; 5.4005001e+01 ; 1.0164648e+02 
3.500e+01 ; 4.000e+00 ; 7.000e-01 ; 5.4009001e+01 ; 1.0164706e+02 
3.500e+01 ; 4.000e+00 ; 7.000e-01 ; 5.4017001e+01 ; 1.0164819e+02 
3.500e+01 ; 4.000e+00 ; 7.000e-01 ; 5.4033001e+01 ; 1.0165037e+02 
3.500e+01 ; 4.000e+00 ; 7.000e-01 ; 5.4065001e+01 ; 1.0165441e+02 
3.500e+01 ; 4.000e+00 ; 7.000e-01 ; 5.4129001e+01 ; 1.0166130e+02 
3.500e+01 ; 4.000e+00 ; 7.000e-01 ; 5.4257001e+01 ; 1.0167053e+02 
3.500e+01 ; 4.000e+00 ; 7.000e-01 ; 5.4513001e+01 ; 1.0167282e+02 
3.500e+01 ; 4.000e+00 ; 7.000e-01 ; 5.5025001e+01 ; 1.0162656e+02 
3.500e+01 ; 4.000e+00 ; 7.000e-01 ; 5.5350001e+01 ; 1.0157993e+02 
3.500e+01 ; 4.000e+00 ; 7.000e-01 ; 5.5350001e+01 ; 1.0157993e+02 
3.500e+01 ; 4.000e+00 ; 7.000e-01 ; 5.5351001e+01 ; 1.0157978e+02 
3.500e+01 ; 4.000e+00 ; 7.000e-01 ; 5.5352001e+01 ; 1.0157964e+02 
3.500e+01 ; 4.000e+00 ; 7.000e-01 ; 5.5353001e+01 ; 1.0157950e+02 
3.500e+01 ; 4.000e+00 ; 7.000e-01 ; 5.5355001e+01 ; 1.0157921e+02 
3.500e+01 ; 4.000e+00 ; 7.000e-01 ; 5.5359001e+01 ; 1.0157863e+02 
3.500e+01 ; 4.000e+00 ; 7.000e-01 ; 5.5367001e+01 ; 1.0157745e+02 
3.500e+01 ; 4.000e+00 ; 7.000e-01 ; 5.5383001e+01 ; 1.0157507e+02 
3.500e+01 ; 4.000e+00 ; 7.000e-01 ; 5.5415001e+01 ; 1.0157015e+02 
3.500e+01 ; 4.000e+00 ; 7.000e-01 ; 5.5479001e+01 ; 1.0155968e+02 
3.500e+01 ; 4.000e+00 ; 7.000e-01 ; 5.5607001e+01 ; 1.0153642e+02 
3.500e+01 ; 4.000e+00 ; 7.000e-01 ; 5.5863001e+01 ; 1.0148196e+02 
3.500e+01 ; 4.000e+00 ; 7.000e-01 ; 5.6375001e+01 ; 1.0134970e+02 
3.500e+01 ; 4.000e+00 ; 7.000e-01 ; 5.6700001e+01 ; 1.0125822e+02 
3.500e+01 ; 4.000e+00 ; 7.000e-01 ; 5.6700001e+01 ; 1.0125822e+02 
3.500e+01 ; 4.000e+00 ; 7.000e-01 ; 5.6701001e+01 ; 1.0125794e+02 
3.500e+01 ; 4.000e+00 ; 7.000e-01 ; 5.6702001e+01 ; 1.0125766e+02 
3.500e+01 ; 4.000e+00 ; 7.000e-01 ; 5.6703001e+01 ; 1.0125738e+02 
3.500e+01 ; 4.000e+00 ; 7.000e-01 ; 5.6705001e+01 ; 1.0125681e+02 
3.500e+01 ; 4.000e+00 ; 7.000e-01 ; 5.6709001e+01 ; 1.0125569e+02 
3.500e+01 ; 4.000e+00 ; 7.000e-01 ; 5.6717001e+01 ; 1.0125343e+02 
3.500e+01 ; 4.000e+00 ; 7.000e-01 ; 5.6733001e+01 ; 1.0124889e+02 
3.500e+01 ; 4.000e+00 ; 7.000e-01 ; 5.6765001e+01 ; 1.0123974e+02 
3.500e+01 ; 4.000e+00 ; 7.000e-01 ; 5.6829001e+01 ; 1.0122117e+02 
3.500e+01 ; 4.000e+00 ; 7.000e-01 ; 5.6957001e+01 ; 1.0118309e+02 
3.500e+01 ; 4.000e+00 ; 7.000e-01 ; 5.7213001e+01 ; 1.0110384e+02 
3.500e+01 ; 4.000e+00 ; 7.000e-01 ; 5.7725001e+01 ; 1.0093759e+02 
3.500e+01 ; 4.000e+00 ; 7.000e-01 ; 5.8050001e+01 ; 1.0082996e+02 
3.500e+01 ; 4.000e+00 ; 7.000e-01 ; 5.8050001e+01 ; 1.0082996e+02 
3.500e+01 ; 4.000e+00 ; 7.000e-01 ; 5.8051001e+01 ; 1.0082963e+02 
3.500e+01 ; 4.000e+00 ; 7.000e-01 ; 5.8052001e+01 ; 1.0082930e+02 
3.500e+01 ; 4.000e+00 ; 7.000e-01 ; 5.8053001e+01 ; 1.0082896e+02 
3.500e+01 ; 4.000e+00 ; 7.000e-01 ; 5.8055001e+01 ; 1.0082830e+02 
3.500e+01 ; 4.000e+00 ; 7.000e-01 ; 5.8059001e+01 ; 1.0082698e+02 
3.500e+01 ; 4.000e+00 ; 7.000e-01 ; 5.8067001e+01 ; 1.0082433e+02 
3.500e+01 ; 4.000e+00 ; 7.000e-01 ; 5.8083001e+01 ; 1.0081902e+02 
3.500e+01 ; 4.000e+00 ; 7.000e-01 ; 5.8115001e+01 ; 1.0080838e+02 
3.500e+01 ; 4.000e+00 ; 7.000e-01 ; 5.8179001e+01 ; 1.0078704e+02 
3.500e+01 ; 4.000e+00 ; 7.000e-01 ; 5.8307001e+01 ; 1.0074414e+02 
3.500e+01 ; 4.000e+00 ; 7.000e-01 ; 5.8563001e+01 ; 1.0065786e+02 
3.500e+01 ; 4.000e+00 ; 7.000e-01 ; 5.9075001e+01 ; 1.0048568e+02 
3.500e+01 ; 4.000e+00 ; 7.000e-01 ; 5.9400001e+01 ; 1.0037702e+02 
3.500e+01 ; 4.000e+00 ; 7.000e-01 ; 5.9400001e+01 ; 1.0037702e+02 
3.500e+01 ; 4.000e+00 ; 7.000e-01 ; 5.9401001e+01 ; 1.0037669e+02 
3.500e+01 ; 4.000e+00 ; 7.000e-01 ; 5.9402001e+01 ; 1.0037636e+02 
3.500e+01 ; 4.000e+00 ; 7.000e-01 ; 5.9403001e+01 ; 1.0037602e+02 
3.500e+01 ; 4.000e+00 ; 7.000e-01 ; 5.9405001e+01 ; 1.0037535e+02 
3.500e+01 ; 4.000e+00 ; 7.000e-01 ; 5.9409001e+01 ; 1.0037402e+02 
3.500e+01 ; 4.000e+00 ; 7.000e-01 ; 5.9417001e+01 ; 1.0037134e+02 
3.500e+01 ; 4.000e+00 ; 7.000e-01 ; 5.9433001e+01 ; 1.0036600e+02 
3.500e+01 ; 4.000e+00 ; 7.000e-01 ; 5.9465001e+01 ; 1.0035531e+02 
3.500e+01 ; 4.000e+00 ; 7.000e-01 ; 5.9529001e+01 ; 1.0033398e+02 
3.500e+01 ; 4.000e+00 ; 7.000e-01 ; 5.9657001e+01 ; 1.0029146e+02 
3.500e+01 ; 4.000e+00 ; 7.000e-01 ; 5.9913001e+01 ; 1.0020721e+02 
3.500e+01 ; 4.000e+00 ; 7.000e-01 ; 6.0425001e+01 ; 1.0004292e+02 
3.500e+01 ; 4.000e+00 ; 7.000e-01 ; 6.0750001e+01 ; 9.9940552e+01 
3.500e+01 ; 4.000e+00 ; 7.000e-01 ; 6.0750001e+01 ; 9.9940552e+01 
3.500e+01 ; 4.000e+00 ; 7.000e-01 ; 6.0751001e+01 ; 9.9940231e+01 
3.500e+01 ; 4.000e+00 ; 7.000e-01 ; 6.0752001e+01 ; 9.9939919e+01 
3.500e+01 ; 4.000e+00 ; 7.000e-01 ; 6.0753001e+01 ; 9.9939606e+01 
3.500e+01 ; 4.000e+00 ; 7.000e-01 ; 6.0755001e+01 ; 9.9938972e+01 
3.500e+01 ; 4.000e+00 ; 7.000e-01 ; 6.0759001e+01 ; 9.9937714e+01 
3.500e+01 ; 4.000e+00 ; 7.000e-01 ; 6.0767001e+01 ; 9.9935196e+01 
3.500e+01 ; 4.000e+00 ; 7.000e-01 ; 6.0783001e+01 ; 9.9930168e+01 
3.500e+01 ; 4.000e+00 ; 7.000e-01 ; 6.0815001e+01 ; 9.9920128e+01 
3.500e+01 ; 4.000e+00 ; 7.000e-01 ; 6.0879001e+01 ; 9.9900116e+01 
3.500e+01 ; 4.000e+00 ; 7.000e-01 ; 6.1007001e+01 ; 9.9860420e+01 
3.500e+01 ; 4.000e+00 ; 7.000e-01 ; 6.1263001e+01 ; 9.9782379e+01 
3.500e+01 ; 4.000e+00 ; 7.000e-01 ; 6.1775001e+01 ; 9.9632027e+01 
3.500e+01 ; 4.000e+00 ; 7.000e-01 ; 6.2100001e+01 ; 9.9538971e+01 
3.500e+01 ; 4.000e+00 ; 7.000e-01 ; 6.2100001e+01 ; 9.9538971e+01 
3.500e+01 ; 4.000e+00 ; 7.000e-01 ; 6.2101001e+01 ; 9.9538681e+01 
3.500e+01 ; 4.000e+00 ; 7.000e-01 ; 6.2102001e+01 ; 9.9538399e+01 
3.500e+01 ; 4.000e+00 ; 7.000e-01 ; 6.2103001e+01 ; 9.9538109e+01 
3.500e+01 ; 4.000e+00 ; 7.000e-01 ; 6.2105001e+01 ; 9.9537537e+01 
3.500e+01 ; 4.000e+00 ; 7.000e-01 ; 6.2109001e+01 ; 9.9536392e+01 
3.500e+01 ; 4.000e+00 ; 7.000e-01 ; 6.2117001e+01 ; 9.9534103e+01 
3.500e+01 ; 4.000e+00 ; 7.000e-01 ; 6.2133001e+01 ; 9.9529533e+01 
3.500e+01 ; 4.000e+00 ; 7.000e-01 ; 6.2165001e+01 ; 9.9520424e+01 
3.500e+01 ; 4.000e+00 ; 7.000e-01 ; 6.2229001e+01 ; 9.9502281e+01 
3.500e+01 ; 4.000e+00 ; 7.000e-01 ; 6.2357001e+01 ; 9.9466385e+01 
3.500e+01 ; 4.000e+00 ; 7.000e-01 ; 6.2613001e+01 ; 9.9396103e+01 
3.500e+01 ; 4.000e+00 ; 7.000e-01 ; 6.3125001e+01 ; 9.9261688e+01 
3.500e+01 ; 4.000e+00 ; 7.000e-01 ; 6.3450001e+01 ; 9.9178848e+01 
3.500e+01 ; 4.000e+00 ; 7.000e-01 ; 6.3450001e+01 ; 9.9178848e+01 
3.500e+01 ; 4.000e+00 ; 7.000e-01 ; 6.3451001e+01 ; 9.9178589e+01 
3.500e+01 ; 4.000e+00 ; 7.000e-01 ; 6.3452001e+01 ; 9.9178337e+01 
3.500e+01 ; 4.000e+00 ; 7.000e-01 ; 6.3453001e+01 ; 9.9178078e+01 
3.500e+01 ; 4.000e+00 ; 7.000e-01 ; 6.3455001e+01 ; 9.9177574e+01 
3.500e+01 ; 4.000e+00 ; 7.000e-01 ; 6.3459001e+01 ; 9.9176552e+01 
3.500e+01 ; 4.000e+00 ; 7.000e-01 ; 6.3467001e+01 ; 9.9174515e+01 
3.500e+01 ; 4.000e+00 ; 7.000e-01 ; 6.3483001e+01 ; 9.9170448e+01 
3.500e+01 ; 4.000e+00 ; 7.000e-01 ; 6.3515001e+01 ; 9.9162346e+01 
3.500e+01 ; 4.000e+00 ; 7.000e-01 ; 6.3579001e+01 ; 9.9146225e+01 
3.500e+01 ; 4.000e+00 ; 7.000e-01 ; 6.3707001e+01 ; 9.9114372e+01 
3.500e+01 ; 4.000e+00 ; 7.000e-01 ; 6.3963001e+01 ; 9.9052246e+01 
3.500e+01 ; 4.000e+00 ; 7.000e-01 ; 6.4475001e+01 ; 9.8934494e+01 
3.500e+01 ; 4.000e+00 ; 7.000e-01 ; 6.4800001e+01 ; 9.8862434e+01 
3.500e+01 ; 4.000e+00 ; 7.000e-01 ; 6.4800001e+01 ; 9.8862434e+01 
3.500e+01 ; 4.000e+00 ; 7.000e-01 ; 6.4801001e+01 ; 9.8862213e+01 
3.500e+01 ; 4.000e+00 ; 7.000e-01 ; 6.4802001e+01 ; 9.8861984e+01 
3.500e+01 ; 4.000e+00 ; 7.000e-01 ; 6.4803001e+01 ; 9.8861763e+01 
3.500e+01 ; 4.000e+00 ; 7.000e-01 ; 6.4805001e+01 ; 9.8861320e+01 
3.500e+01 ; 4.000e+00 ; 7.000e-01 ; 6.4809001e+01 ; 9.8860435e+01 
3.500e+01 ; 4.000e+00 ; 7.000e-01 ; 6.4817001e+01 ; 9.8858665e+01 
3.500e+01 ; 4.000e+00 ; 7.000e-01 ; 6.4833001e+01 ; 9.8855133e+01 
3.500e+01 ; 4.000e+00 ; 7.000e-01 ; 6.4865001e+01 ; 9.8848091e+01 
3.500e+01 ; 4.000e+00 ; 7.000e-01 ; 6.4929001e+01 ; 9.8834122e+01 
3.500e+01 ; 4.000e+00 ; 7.000e-01 ; 6.5057001e+01 ; 9.8806702e+01 
3.500e+01 ; 4.000e+00 ; 7.000e-01 ; 6.5313001e+01 ; 9.8754288e+01 
3.500e+01 ; 4.000e+00 ; 7.000e-01 ; 6.5825001e+01 ; 9.8661270e+01 
3.500e+01 ; 4.000e+00 ; 7.000e-01 ; 6.6150001e+01 ; 9.8607246e+01 
3.500e+01 ; 4.000e+00 ; 7.000e-01 ; 6.6150001e+01 ; 9.8607246e+01 
3.500e+01 ; 4.000e+00 ; 7.000e-01 ; 6.6151001e+01 ; 9.8607079e+01 
3.500e+01 ; 4.000e+00 ; 7.000e-01 ; 6.6152001e+01 ; 9.8606911e+01 
3.500e+01 ; 4.000e+00 ; 7.000e-01 ; 6.6153001e+01 ; 9.8606750e+01 
3.500e+01 ; 4.000e+00 ; 7.000e-01 ; 6.6155001e+01 ; 9.8606415e+01 
3.500e+01 ; 4.000e+00 ; 7.000e-01 ; 6.6159001e+01 ; 9.8605751e+01 
3.500e+01 ; 4.000e+00 ; 7.000e-01 ; 6.6167001e+01 ; 9.8604431e+01 
3.500e+01 ; 4.000e+00 ; 7.000e-01 ; 6.6183001e+01 ; 9.8601799e+01 
3.500e+01 ; 4.000e+00 ; 7.000e-01 ; 6.6215001e+01 ; 9.8596581e+01 
3.500e+01 ; 4.000e+00 ; 7.000e-01 ; 6.6279001e+01 ; 9.8586388e+01 
3.500e+01 ; 4.000e+00 ; 7.000e-01 ; 6.6407001e+01 ; 9.8567085e+01 
3.500e+01 ; 4.000e+00 ; 7.000e-01 ; 6.6663001e+01 ; 9.8533958e+01 
3.500e+01 ; 4.000e+00 ; 7.000e-01 ; 6.7175001e+01 ; 9.8494003e+01 
3.500e+01 ; 4.000e+00 ; 7.000e-01 ; 6.7500001e+01 ; 9.8479439e+01 
3.500e+01 ; 4.000e+00 ; 7.000e-01 ; 6.7500001e+01 ; 9.8479439e+01 
3.500e+01 ; 4.000e+00 ; 7.000e-01 ; 6.7501001e+01 ; 9.8479401e+01 
3.500e+01 ; 4.000e+00 ; 7.000e-01 ; 6.7502001e+01 ; 9.8479355e+01 
3.500e+01 ; 4.000e+00 ; 7.000e-01 ; 6.7503001e+01 ; 9.8479309e+01 
3.500e+01 ; 4.000e+00 ; 7.000e-01 ; 6.7505001e+01 ; 9.8479218e+01 
3.500e+01 ; 4.000e+00 ; 7.000e-01 ; 6.7509001e+01 ; 9.8479042e+01 
3.500e+01 ; 4.000e+00 ; 7.000e-01 ; 6.7517001e+01 ; 9.8478699e+01 
3.500e+01 ; 4.000e+00 ; 7.000e-01 ; 6.7533001e+01 ; 9.8478035e+01 
3.500e+01 ; 4.000e+00 ; 7.000e-01 ; 6.7565001e+01 ; 9.8476830e+01 
3.500e+01 ; 4.000e+00 ; 7.000e-01 ; 6.7629001e+01 ; 9.8474876e+01 
3.500e+01 ; 4.000e+00 ; 7.000e-01 ; 6.7757001e+01 ; 9.8473122e+01 
3.500e+01 ; 4.000e+00 ; 7.000e-01 ; 6.8013001e+01 ; 9.8479538e+01 
3.500e+01 ; 4.000e+00 ; 7.000e-01 ; 6.8525001e+01 ; 9.8535187e+01 
3.500e+01 ; 4.000e+00 ; 7.000e-01 ; 6.8850001e+01 ; 9.8587059e+01 
3.500e+01 ; 4.000e+00 ; 7.000e-01 ; 6.8850001e+01 ; 9.8587059e+01 
3.500e+01 ; 4.000e+00 ; 7.000e-01 ; 6.8851001e+01 ; 9.8587219e+01 
3.500e+01 ; 4.000e+00 ; 7.000e-01 ; 6.8852001e+01 ; 9.8587379e+01 
3.500e+01 ; 4.000e+00 ; 7.000e-01 ; 6.8853001e+01 ; 9.8587540e+01 
3.500e+01 ; 4.000e+00 ; 7.000e-01 ; 6.8855001e+01 ; 9.8587860e+01 
3.500e+01 ; 4.000e+00 ; 7.000e-01 ; 6.8859001e+01 ; 9.8588501e+01 
3.500e+01 ; 4.000e+00 ; 7.000e-01 ; 6.8867001e+01 ; 9.8589806e+01 
3.500e+01 ; 4.000e+00 ; 7.000e-01 ; 6.8883001e+01 ; 9.8592438e+01 
3.500e+01 ; 4.000e+00 ; 7.000e-01 ; 6.8915001e+01 ; 9.8597878e+01 
3.500e+01 ; 4.000e+00 ; 7.000e-01 ; 6.8979001e+01 ; 9.8609436e+01 
3.500e+01 ; 4.000e+00 ; 7.000e-01 ; 6.9107001e+01 ; 9.8635391e+01 
3.500e+01 ; 4.000e+00 ; 7.000e-01 ; 6.9363001e+01 ; 9.8699142e+01 
3.500e+01 ; 4.000e+00 ; 7.000e-01 ; 6.9875001e+01 ; 9.8870262e+01 
3.500e+01 ; 4.000e+00 ; 7.000e-01 ; 7.0200001e+01 ; 9.8994232e+01 
3.500e+01 ; 4.000e+00 ; 7.000e-01 ; 7.0200001e+01 ; 9.8994232e+01 
3.500e+01 ; 4.000e+00 ; 7.000e-01 ; 7.0201001e+01 ; 9.8994614e+01 
3.500e+01 ; 4.000e+00 ; 7.000e-01 ; 7.0202001e+01 ; 9.8995003e+01 
3.500e+01 ; 4.000e+00 ; 7.000e-01 ; 7.0203001e+01 ; 9.8995384e+01 
3.500e+01 ; 4.000e+00 ; 7.000e-01 ; 7.0205001e+01 ; 9.8996147e+01 
3.500e+01 ; 4.000e+00 ; 7.000e-01 ; 7.0209001e+01 ; 9.8997673e+01 
3.500e+01 ; 4.000e+00 ; 7.000e-01 ; 7.0217001e+01 ; 9.9000748e+01 
3.500e+01 ; 4.000e+00 ; 7.000e-01 ; 7.0233001e+01 ; 9.9006927e+01 
3.500e+01 ; 4.000e+00 ; 7.000e-01 ; 7.0265001e+01 ; 9.9019432e+01 
3.500e+01 ; 4.000e+00 ; 7.000e-01 ; 7.0329001e+01 ; 9.9045036e+01 
3.500e+01 ; 4.000e+00 ; 7.000e-01 ; 7.0457001e+01 ; 9.9098503e+01 
3.500e+01 ; 4.000e+00 ; 7.000e-01 ; 7.0713001e+01 ; 9.9213608e+01 
3.500e+01 ; 4.000e+00 ; 7.000e-01 ; 7.1225001e+01 ; 9.9466522e+01 
3.500e+01 ; 4.000e+00 ; 7.000e-01 ; 7.1550001e+01 ; 9.9633255e+01 
3.500e+01 ; 4.000e+00 ; 7.000e-01 ; 7.1550001e+01 ; 9.9633255e+01 
3.500e+01 ; 4.000e+00 ; 7.000e-01 ; 7.1551001e+01 ; 9.9633766e+01 
3.500e+01 ; 4.000e+00 ; 7.000e-01 ; 7.1552001e+01 ; 9.9634277e+01 
3.500e+01 ; 4.000e+00 ; 7.000e-01 ; 7.1553001e+01 ; 9.9634796e+01 
3.500e+01 ; 4.000e+00 ; 7.000e-01 ; 7.1555001e+01 ; 9.9635818e+01 
3.500e+01 ; 4.000e+00 ; 7.000e-01 ; 7.1559001e+01 ; 9.9637871e+01 
3.500e+01 ; 4.000e+00 ; 7.000e-01 ; 7.1567001e+01 ; 9.9641983e+01 
3.500e+01 ; 4.000e+00 ; 7.000e-01 ; 7.1583001e+01 ; 9.9650223e+01 
3.500e+01 ; 4.000e+00 ; 7.000e-01 ; 7.1615001e+01 ; 9.9666756e+01 
3.500e+01 ; 4.000e+00 ; 7.000e-01 ; 7.1679001e+01 ; 9.9700020e+01 
3.500e+01 ; 4.000e+00 ; 7.000e-01 ; 7.1807001e+01 ; 9.9767166e+01 
3.500e+01 ; 4.000e+00 ; 7.000e-01 ; 7.2063001e+01 ; 9.9902580e+01 
3.500e+01 ; 4.000e+00 ; 7.000e-01 ; 7.2575001e+01 ; 1.0016809e+02 
3.500e+01 ; 4.000e+00 ; 7.000e-01 ; 7.2900001e+01 ; 1.0033224e+02 
3.500e+01 ; 4.000e+00 ; 7.000e-01 ; 7.2900001e+01 ; 1.0033224e+02 
3.500e+01 ; 4.000e+00 ; 7.000e-01 ; 7.2901001e+01 ; 1.0033275e+02 
3.500e+01 ; 4.000e+00 ; 7.000e-01 ; 7.2902001e+01 ; 1.0033326e+02 
3.500e+01 ; 4.000e+00 ; 7.000e-01 ; 7.2903001e+01 ; 1.0033376e+02 
3.500e+01 ; 4.000e+00 ; 7.000e-01 ; 7.2905001e+01 ; 1.0033477e+02 
3.500e+01 ; 4.000e+00 ; 7.000e-01 ; 7.2909001e+01 ; 1.0033679e+02 
3.500e+01 ; 4.000e+00 ; 7.000e-01 ; 7.2917001e+01 ; 1.0034083e+02 
3.500e+01 ; 4.000e+00 ; 7.000e-01 ; 7.2933001e+01 ; 1.0034888e+02 
3.500e+01 ; 4.000e+00 ; 7.000e-01 ; 7.2965001e+01 ; 1.0036495e+02 
3.500e+01 ; 4.000e+00 ; 7.000e-01 ; 7.3029001e+01 ; 1.0039690e+02 
3.500e+01 ; 4.000e+00 ; 7.000e-01 ; 7.3157001e+01 ; 1.0045983e+02 
3.500e+01 ; 4.000e+00 ; 7.000e-01 ; 7.3413001e+01 ; 1.0058109e+02 
3.500e+01 ; 4.000e+00 ; 7.000e-01 ; 7.3925001e+01 ; 1.0080045e+02 
3.500e+01 ; 4.000e+00 ; 7.000e-01 ; 7.4250001e+01 ; 1.0092952e+02 
3.500e+01 ; 4.000e+00 ; 7.000e-01 ; 7.4250001e+01 ; 1.0092952e+02 
3.500e+01 ; 4.000e+00 ; 7.000e-01 ; 7.4251001e+01 ; 1.0092992e+02 
3.500e+01 ; 4.000e+00 ; 7.000e-01 ; 7.4252001e+01 ; 1.0093031e+02 
3.500e+01 ; 4.000e+00 ; 7.000e-01 ; 7.4253001e+01 ; 1.0093071e+02 
3.500e+01 ; 4.000e+00 ; 7.000e-01 ; 7.4255001e+01 ; 1.0093150e+02 
3.500e+01 ; 4.000e+00 ; 7.000e-01 ; 7.4259001e+01 ; 1.0093309e+02 
3.500e+01 ; 4.000e+00 ; 7.000e-01 ; 7.4267001e+01 ; 1.0093625e+02 
3.500e+01 ; 4.000e+00 ; 7.000e-01 ; 7.4283001e+01 ; 1.0094255e+02 
3.500e+01 ; 4.000e+00 ; 7.000e-01 ; 7.4315001e+01 ; 1.0095506e+02 
3.500e+01 ; 4.000e+00 ; 7.000e-01 ; 7.4379001e+01 ; 1.0097967e+02 
3.500e+01 ; 4.000e+00 ; 7.000e-01 ; 7.4507001e+01 ; 1.0102722e+02 
3.500e+01 ; 4.000e+00 ; 7.000e-01 ; 7.4763001e+01 ; 1.0111551e+02 
3.500e+01 ; 4.000e+00 ; 7.000e-01 ; 7.5275001e+01 ; 1.0126476e+02 
3.500e+01 ; 4.000e+00 ; 7.000e-01 ; 7.5600001e+01 ; 1.0134864e+02 
3.500e+01 ; 4.000e+00 ; 7.000e-01 ; 7.5600001e+01 ; 1.0134864e+02 
3.500e+01 ; 4.000e+00 ; 7.000e-01 ; 7.5601001e+01 ; 1.0134889e+02 
3.500e+01 ; 4.000e+00 ; 7.000e-01 ; 7.5602001e+01 ; 1.0134915e+02 
3.500e+01 ; 4.000e+00 ; 7.000e-01 ; 7.5603001e+01 ; 1.0134941e+02 
3.500e+01 ; 4.000e+00 ; 7.000e-01 ; 7.5605001e+01 ; 1.0134993e+02 
3.500e+01 ; 4.000e+00 ; 7.000e-01 ; 7.5609001e+01 ; 1.0135095e+02 
3.500e+01 ; 4.000e+00 ; 7.000e-01 ; 7.5617001e+01 ; 1.0135300e+02 
3.500e+01 ; 4.000e+00 ; 7.000e-01 ; 7.5633001e+01 ; 1.0135708e+02 
3.500e+01 ; 4.000e+00 ; 7.000e-01 ; 7.5665001e+01 ; 1.0136513e+02 
3.500e+01 ; 4.000e+00 ; 7.000e-01 ; 7.5729001e+01 ; 1.0138080e+02 
3.500e+01 ; 4.000e+00 ; 7.000e-01 ; 7.5857001e+01 ; 1.0141049e+02 
3.500e+01 ; 4.000e+00 ; 7.000e-01 ; 7.6113001e+01 ; 1.0146343e+02 
3.500e+01 ; 4.000e+00 ; 7.000e-01 ; 7.6625001e+01 ; 1.0154545e+02 
3.500e+01 ; 4.000e+00 ; 7.000e-01 ; 7.6950001e+01 ; 1.0158844e+02 
3.500e+01 ; 4.000e+00 ; 7.000e-01 ; 7.6950001e+01 ; 1.0158844e+02 
3.500e+01 ; 4.000e+00 ; 7.000e-01 ; 7.6951001e+01 ; 1.0158857e+02 
3.500e+01 ; 4.000e+00 ; 7.000e-01 ; 7.6952001e+01 ; 1.0158870e+02 
3.500e+01 ; 4.000e+00 ; 7.000e-01 ; 7.6953001e+01 ; 1.0158883e+02 
3.500e+01 ; 4.000e+00 ; 7.000e-01 ; 7.6955001e+01 ; 1.0158910e+02 
3.500e+01 ; 4.000e+00 ; 7.000e-01 ; 7.6959001e+01 ; 1.0158962e+02 
3.500e+01 ; 4.000e+00 ; 7.000e-01 ; 7.6967001e+01 ; 1.0159067e+02 
3.500e+01 ; 4.000e+00 ; 7.000e-01 ; 7.6983001e+01 ; 1.0159274e+02 
3.500e+01 ; 4.000e+00 ; 7.000e-01 ; 7.7015001e+01 ; 1.0159679e+02 
3.500e+01 ; 4.000e+00 ; 7.000e-01 ; 7.7079001e+01 ; 1.0160456e+02 
3.500e+01 ; 4.000e+00 ; 7.000e-01 ; 7.7207001e+01 ; 1.0161875e+02 
3.500e+01 ; 4.000e+00 ; 7.000e-01 ; 7.7463001e+01 ; 1.0164206e+02 
3.500e+01 ; 4.000e+00 ; 7.000e-01 ; 7.7975001e+01 ; 1.0167064e+02 
3.500e+01 ; 4.000e+00 ; 7.000e-01 ; 7.8300001e+01 ; 1.0168209e+02 
3.500e+01 ; 4.000e+00 ; 7.000e-01 ; 7.8300001e+01 ; 1.0168209e+02 
3.500e+01 ; 4.000e+00 ; 7.000e-01 ; 7.8301001e+01 ; 1.0168212e+02 
3.500e+01 ; 4.000e+00 ; 7.000e-01 ; 7.8302001e+01 ; 1.0168216e+02 
3.500e+01 ; 4.000e+00 ; 7.000e-01 ; 7.8303001e+01 ; 1.0168220e+02 
3.500e+01 ; 4.000e+00 ; 7.000e-01 ; 7.8305001e+01 ; 1.0168227e+02 
3.500e+01 ; 4.000e+00 ; 7.000e-01 ; 7.8309001e+01 ; 1.0168240e+02 
3.500e+01 ; 4.000e+00 ; 7.000e-01 ; 7.8317001e+01 ; 1.0168268e+02 
3.500e+01 ; 4.000e+00 ; 7.000e-01 ; 7.8333001e+01 ; 1.0168320e+02 
3.500e+01 ; 4.000e+00 ; 7.000e-01 ; 7.8365001e+01 ; 1.0168420e+02 
3.500e+01 ; 4.000e+00 ; 7.000e-01 ; 7.8429001e+01 ; 1.0168594e+02 
3.500e+01 ; 4.000e+00 ; 7.000e-01 ; 7.8557001e+01 ; 1.0168846e+02 
3.500e+01 ; 4.000e+00 ; 7.000e-01 ; 7.8813001e+01 ; 1.0168989e+02 
3.500e+01 ; 4.000e+00 ; 7.000e-01 ; 7.9325001e+01 ; 1.0168031e+02 
3.500e+01 ; 4.000e+00 ; 7.000e-01 ; 7.9650001e+01 ; 1.0166969e+02 
3.500e+01 ; 4.000e+00 ; 7.000e-01 ; 7.9650001e+01 ; 1.0166969e+02 
3.500e+01 ; 4.000e+00 ; 7.000e-01 ; 7.9651001e+01 ; 1.0166965e+02 
3.500e+01 ; 4.000e+00 ; 7.000e-01 ; 7.9652001e+01 ; 1.0166962e+02 
3.500e+01 ; 4.000e+00 ; 7.000e-01 ; 7.9653001e+01 ; 1.0166959e+02 
3.500e+01 ; 4.000e+00 ; 7.000e-01 ; 7.9655001e+01 ; 1.0166953e+02 
3.500e+01 ; 4.000e+00 ; 7.000e-01 ; 7.9659001e+01 ; 1.0166940e+02 
3.500e+01 ; 4.000e+00 ; 7.000e-01 ; 7.9667001e+01 ; 1.0166913e+02 
3.500e+01 ; 4.000e+00 ; 7.000e-01 ; 7.9683001e+01 ; 1.0166858e+02 
3.500e+01 ; 4.000e+00 ; 7.000e-01 ; 7.9715001e+01 ; 1.0166745e+02 
3.500e+01 ; 4.000e+00 ; 7.000e-01 ; 7.9779001e+01 ; 1.0166502e+02 
3.500e+01 ; 4.000e+00 ; 7.000e-01 ; 7.9907001e+01 ; 1.0165950e+02 
3.500e+01 ; 4.000e+00 ; 7.000e-01 ; 8.0163001e+01 ; 1.0164610e+02 
3.500e+01 ; 4.000e+00 ; 7.000e-01 ; 8.0675001e+01 ; 1.0161134e+02 
3.500e+01 ; 4.000e+00 ; 7.000e-01 ; 8.1000001e+01 ; 1.0158644e+02 
3.500e+01 ; 4.000e+00 ; 7.000e-01 ; 8.1000001e+01 ; 1.0158644e+02 
3.500e+01 ; 4.000e+00 ; 7.000e-01 ; 8.1001001e+01 ; 1.0158636e+02 
3.500e+01 ; 4.000e+00 ; 7.000e-01 ; 8.1002001e+01 ; 1.0158629e+02 
3.500e+01 ; 4.000e+00 ; 7.000e-01 ; 8.1003001e+01 ; 1.0158621e+02 
3.500e+01 ; 4.000e+00 ; 7.000e-01 ; 8.1005001e+01 ; 1.0158606e+02 
3.500e+01 ; 4.000e+00 ; 7.000e-01 ; 8.1009001e+01 ; 1.0158575e+02 
3.500e+01 ; 4.000e+00 ; 7.000e-01 ; 8.1017001e+01 ; 1.0158514e+02 
3.500e+01 ; 4.000e+00 ; 7.000e-01 ; 8.1033001e+01 ; 1.0158389e+02 
3.500e+01 ; 4.000e+00 ; 7.000e-01 ; 8.1065001e+01 ; 1.0158138e+02 
3.500e+01 ; 4.000e+00 ; 7.000e-01 ; 8.1129001e+01 ; 1.0157627e+02 
3.500e+01 ; 4.000e+00 ; 7.000e-01 ; 8.1257001e+01 ; 1.0156564e+02 
3.500e+01 ; 4.000e+00 ; 7.000e-01 ; 8.1513001e+01 ; 1.0154292e+02 
3.500e+01 ; 4.000e+00 ; 7.000e-01 ; 8.2025001e+01 ; 1.0149285e+02 
3.500e+01 ; 4.000e+00 ; 7.000e-01 ; 8.2350001e+01 ; 1.0145944e+02 
3.500e+01 ; 4.000e+00 ; 7.000e-01 ; 8.2350001e+01 ; 1.0145944e+02 
3.500e+01 ; 4.000e+00 ; 7.000e-01 ; 8.2351001e+01 ; 1.0145934e+02 
3.500e+01 ; 4.000e+00 ; 7.000e-01 ; 8.2352001e+01 ; 1.0145924e+02 
3.500e+01 ; 4.000e+00 ; 7.000e-01 ; 8.2353001e+01 ; 1.0145913e+02 
3.500e+01 ; 4.000e+00 ; 7.000e-01 ; 8.2355001e+01 ; 1.0145892e+02 
3.500e+01 ; 4.000e+00 ; 7.000e-01 ; 8.2359001e+01 ; 1.0145852e+02 
3.500e+01 ; 4.000e+00 ; 7.000e-01 ; 8.2367001e+01 ; 1.0145769e+02 
3.500e+01 ; 4.000e+00 ; 7.000e-01 ; 8.2383001e+01 ; 1.0145604e+02 
3.500e+01 ; 4.000e+00 ; 7.000e-01 ; 8.2415001e+01 ; 1.0145272e+02 
3.500e+01 ; 4.000e+00 ; 7.000e-01 ; 8.2479001e+01 ; 1.0144601e+02 
3.500e+01 ; 4.000e+00 ; 7.000e-01 ; 8.2607001e+01 ; 1.0143240e+02 
3.500e+01 ; 4.000e+00 ; 7.000e-01 ; 8.2863001e+01 ; 1.0140437e+02 
3.500e+01 ; 4.000e+00 ; 7.000e-01 ; 8.3375001e+01 ; 1.0134600e+02 
3.500e+01 ; 4.000e+00 ; 7.000e-01 ; 8.3700001e+01 ; 1.0130818e+02 
3.500e+01 ; 4.000e+00 ; 7.000e-01 ; 8.3700001e+01 ; 1.0130818e+02 
3.500e+01 ; 4.000e+00 ; 7.000e-01 ; 8.3701001e+01 ; 1.0130807e+02 
3.500e+01 ; 4.000e+00 ; 7.000e-01 ; 8.3702001e+01 ; 1.0130795e+02 
3.500e+01 ; 4.000e+00 ; 7.000e-01 ; 8.3703001e+01 ; 1.0130783e+02 
3.500e+01 ; 4.000e+00 ; 7.000e-01 ; 8.3705001e+01 ; 1.0130760e+02 
3.500e+01 ; 4.000e+00 ; 7.000e-01 ; 8.3709001e+01 ; 1.0130714e+02 
3.500e+01 ; 4.000e+00 ; 7.000e-01 ; 8.3717001e+01 ; 1.0130621e+02 
3.500e+01 ; 4.000e+00 ; 7.000e-01 ; 8.3733001e+01 ; 1.0130434e+02 
3.500e+01 ; 4.000e+00 ; 7.000e-01 ; 8.3765001e+01 ; 1.0130060e+02 
3.500e+01 ; 4.000e+00 ; 7.000e-01 ; 8.3829001e+01 ; 1.0129310e+02 
3.500e+01 ; 4.000e+00 ; 7.000e-01 ; 8.3957001e+01 ; 1.0127799e+02 
3.500e+01 ; 4.000e+00 ; 7.000e-01 ; 8.4213001e+01 ; 1.0124751e+02 
3.500e+01 ; 4.000e+00 ; 7.000e-01 ; 8.4725001e+01 ; 1.0118606e+02 
3.500e+01 ; 4.000e+00 ; 7.000e-01 ; 8.5050002e+01 ; 1.0114704e+02 
3.500e+01 ; 4.000e+00 ; 7.000e-01 ; 8.5050002e+01 ; 1.0114704e+02 
3.500e+01 ; 4.000e+00 ; 7.000e-01 ; 8.5051002e+01 ; 1.0114692e+02 
3.500e+01 ; 4.000e+00 ; 7.000e-01 ; 8.5052002e+01 ; 1.0114680e+02 
3.500e+01 ; 4.000e+00 ; 7.000e-01 ; 8.5053002e+01 ; 1.0114668e+02 
3.500e+01 ; 4.000e+00 ; 7.000e-01 ; 8.5055002e+01 ; 1.0114644e+02 
3.500e+01 ; 4.000e+00 ; 7.000e-01 ; 8.5059002e+01 ; 1.0114596e+02 
3.500e+01 ; 4.000e+00 ; 7.000e-01 ; 8.5067002e+01 ; 1.0114500e+02 
3.500e+01 ; 4.000e+00 ; 7.000e-01 ; 8.5083002e+01 ; 1.0114308e+02 
3.500e+01 ; 4.000e+00 ; 7.000e-01 ; 8.5115001e+01 ; 1.0113924e+02 
3.500e+01 ; 4.000e+00 ; 7.000e-01 ; 8.5179001e+01 ; 1.0113156e+02 
3.500e+01 ; 4.000e+00 ; 7.000e-01 ; 8.5307002e+01 ; 1.0111622e+02 
3.500e+01 ; 4.000e+00 ; 7.000e-01 ; 8.5563002e+01 ; 1.0108576e+02 
3.500e+01 ; 4.000e+00 ; 7.000e-01 ; 8.6075001e+01 ; 1.0102680e+02 
3.500e+01 ; 4.000e+00 ; 7.000e-01 ; 8.6400002e+01 ; 1.0099043e+02 
3.500e+01 ; 4.000e+00 ; 7.000e-01 ; 8.6400002e+01 ; 1.0099043e+02 
3.500e+01 ; 4.000e+00 ; 7.000e-01 ; 8.6401002e+01 ; 1.0099032e+02 
3.500e+01 ; 4.000e+00 ; 7.000e-01 ; 8.6402002e+01 ; 1.0099020e+02 
3.500e+01 ; 4.000e+00 ; 7.000e-01 ; 8.6403002e+01 ; 1.0099010e+02 
3.500e+01 ; 4.000e+00 ; 7.000e-01 ; 8.6405002e+01 ; 1.0098987e+02 
3.500e+01 ; 4.000e+00 ; 7.000e-01 ; 8.6409002e+01 ; 1.0098943e+02 
3.500e+01 ; 4.000e+00 ; 7.000e-01 ; 8.6417002e+01 ; 1.0098853e+02 
3.500e+01 ; 4.000e+00 ; 7.000e-01 ; 8.6433002e+01 ; 1.0098675e+02 
3.500e+01 ; 4.000e+00 ; 7.000e-01 ; 8.6465002e+01 ; 1.0098318e+02 
3.500e+01 ; 4.000e+00 ; 7.000e-01 ; 8.6529002e+01 ; 1.0097611e+02 
3.500e+01 ; 4.000e+00 ; 7.000e-01 ; 8.6657002e+01 ; 1.0096217e+02 
3.500e+01 ; 4.000e+00 ; 7.000e-01 ; 8.6913002e+01 ; 1.0093530e+02 
3.500e+01 ; 4.000e+00 ; 7.000e-01 ; 8.7425002e+01 ; 1.0088745e+02 
3.500e+01 ; 4.000e+00 ; 7.000e-01 ; 8.7750002e+01 ; 1.0085986e+02 
3.500e+01 ; 4.000e+00 ; 7.000e-01 ; 8.7750002e+01 ; 1.0085986e+02 
3.500e+01 ; 4.000e+00 ; 7.000e-01 ; 8.7751002e+01 ; 1.0085977e+02 
3.500e+01 ; 4.000e+00 ; 7.000e-01 ; 8.7752002e+01 ; 1.0085969e+02 
3.500e+01 ; 4.000e+00 ; 7.000e-01 ; 8.7753002e+01 ; 1.0085960e+02 
3.500e+01 ; 4.000e+00 ; 7.000e-01 ; 8.7755002e+01 ; 1.0085944e+02 
3.500e+01 ; 4.000e+00 ; 7.000e-01 ; 8.7759002e+01 ; 1.0085910e+02 
3.500e+01 ; 4.000e+00 ; 7.000e-01 ; 8.7767002e+01 ; 1.0085842e+02 
3.500e+01 ; 4.000e+00 ; 7.000e-01 ; 8.7783002e+01 ; 1.0085708e+02 
3.500e+01 ; 4.000e+00 ; 7.000e-01 ; 8.7815002e+01 ; 1.0085442e+02 
3.500e+01 ; 4.000e+00 ; 7.000e-01 ; 8.7879002e+01 ; 1.0084921e+02 
3.500e+01 ; 4.000e+00 ; 7.000e-01 ; 8.8007002e+01 ; 1.0083928e+02 
3.500e+01 ; 4.000e+00 ; 7.000e-01 ; 8.8263002e+01 ; 1.0082166e+02 
3.500e+01 ; 4.000e+00 ; 7.000e-01 ; 8.8775002e+01 ; 1.0079745e+02 
3.500e+01 ; 4.000e+00 ; 7.000e-01 ; 8.9100002e+01 ; 1.0078692e+02 
3.500e+01 ; 4.000e+00 ; 7.000e-01 ; 8.9100002e+01 ; 1.0078692e+02 
3.500e+01 ; 4.000e+00 ; 7.000e-01 ; 8.9101002e+01 ; 1.0078689e+02 
3.500e+01 ; 4.000e+00 ; 7.000e-01 ; 8.9102002e+01 ; 1.0078686e+02 
3.500e+01 ; 4.000e+00 ; 7.000e-01 ; 8.9103002e+01 ; 1.0078682e+02 
3.500e+01 ; 4.000e+00 ; 7.000e-01 ; 8.9105002e+01 ; 1.0078676e+02 
3.500e+01 ; 4.000e+00 ; 7.000e-01 ; 8.9109002e+01 ; 1.0078663e+02 
3.500e+01 ; 4.000e+00 ; 7.000e-01 ; 8.9117002e+01 ; 1.0078638e+02 
3.500e+01 ; 4.000e+00 ; 7.000e-01 ; 8.9133002e+01 ; 1.0078588e+02 
3.500e+01 ; 4.000e+00 ; 7.000e-01 ; 8.9165002e+01 ; 1.0078494e+02 
3.500e+01 ; 4.000e+00 ; 7.000e-01 ; 8.9229002e+01 ; 1.0078326e+02 
3.500e+01 ; 4.000e+00 ; 7.000e-01 ; 8.9357002e+01 ; 1.0078069e+02 
3.500e+01 ; 4.000e+00 ; 7.000e-01 ; 8.9613002e+01 ; 1.0077901e+02 
3.500e+01 ; 4.000e+00 ; 7.000e-01 ; 9.0125002e+01 ; 1.0079060e+02 
3.500e+01 ; 4.000e+00 ; 7.000e-01 ; 9.0450002e+01 ; 1.0080412e+02 
3.500e+01 ; 4.000e+00 ; 7.000e-01 ; 9.0450002e+01 ; 1.0080412e+02 
3.500e+01 ; 4.000e+00 ; 7.000e-01 ; 9.0451002e+01 ; 1.0080415e+02 
3.500e+01 ; 4.000e+00 ; 7.000e-01 ; 9.0452002e+01 ; 1.0080420e+02 
3.500e+01 ; 4.000e+00 ; 7.000e-01 ; 9.0453002e+01 ; 1.0080424e+02 
3.500e+01 ; 4.000e+00 ; 7.000e-01 ; 9.0455002e+01 ; 1.0080432e+02 
3.500e+01 ; 4.000e+00 ; 7.000e-01 ; 9.0459002e+01 ; 1.0080449e+02 
3.500e+01 ; 4.000e+00 ; 7.000e-01 ; 9.0467002e+01 ; 1.0080483e+02 
3.500e+01 ; 4.000e+00 ; 7.000e-01 ; 9.0483002e+01 ; 1.0080553e+02 
3.500e+01 ; 4.000e+00 ; 7.000e-01 ; 9.0515002e+01 ; 1.0080698e+02 
3.500e+01 ; 4.000e+00 ; 7.000e-01 ; 9.0579002e+01 ; 1.0081013e+02 
3.500e+01 ; 4.000e+00 ; 7.000e-01 ; 9.0707002e+01 ; 1.0081739e+02 
3.500e+01 ; 4.000e+00 ; 7.000e-01 ; 9.0963002e+01 ; 1.0083582e+02 
3.500e+01 ; 4.000e+00 ; 7.000e-01 ; 9.1475002e+01 ; 1.0088760e+02 
3.500e+01 ; 4.000e+00 ; 7.000e-01 ; 9.1800002e+01 ; 1.0092621e+02 
3.500e+01 ; 4.000e+00 ; 7.000e-01 ; 9.1800002e+01 ; 1.0092621e+02 
3.500e+01 ; 4.000e+00 ; 7.000e-01 ; 9.1801002e+01 ; 1.0092632e+02 
3.500e+01 ; 4.000e+00 ; 7.000e-01 ; 9.1802002e+01 ; 1.0092645e+02 
3.500e+01 ; 4.000e+00 ; 7.000e-01 ; 9.1803002e+01 ; 1.0092657e+02 
3.500e+01 ; 4.000e+00 ; 7.000e-01 ; 9.1805002e+01 ; 1.0092680e+02 
3.500e+01 ; 4.000e+00 ; 7.000e-01 ; 9.1809002e+01 ; 1.0092728e+02 
3.500e+01 ; 4.000e+00 ; 7.000e-01 ; 9.1817002e+01 ; 1.0092824e+02 
3.500e+01 ; 4.000e+00 ; 7.000e-01 ; 9.1833002e+01 ; 1.0093017e+02 
3.500e+01 ; 4.000e+00 ; 7.000e-01 ; 9.1865002e+01 ; 1.0093408e+02 
3.500e+01 ; 4.000e+00 ; 7.000e-01 ; 9.1929002e+01 ; 1.0094212e+02 
3.500e+01 ; 4.000e+00 ; 7.000e-01 ; 9.2057002e+01 ; 1.0095905e+02 
3.500e+01 ; 4.000e+00 ; 7.000e-01 ; 9.2313002e+01 ; 1.0099608e+02 
3.500e+01 ; 4.000e+00 ; 7.000e-01 ; 9.2825002e+01 ; 1.0108061e+02 
3.500e+01 ; 4.000e+00 ; 7.000e-01 ; 9.3150002e+01 ; 1.0113788e+02 
3.500e+01 ; 4.000e+00 ; 7.000e-01 ; 9.3150002e+01 ; 1.0113788e+02 
3.500e+01 ; 4.000e+00 ; 7.000e-01 ; 9.3151002e+01 ; 1.0113805e+02 
3.500e+01 ; 4.000e+00 ; 7.000e-01 ; 9.3152002e+01 ; 1.0113823e+02 
3.500e+01 ; 4.000e+00 ; 7.000e-01 ; 9.3153002e+01 ; 1.0113840e+02 
3.500e+01 ; 4.000e+00 ; 7.000e-01 ; 9.3155002e+01 ; 1.0113876e+02 
3.500e+01 ; 4.000e+00 ; 7.000e-01 ; 9.3159002e+01 ; 1.0113947e+02 
3.500e+01 ; 4.000e+00 ; 7.000e-01 ; 9.3167002e+01 ; 1.0114088e+02 
3.500e+01 ; 4.000e+00 ; 7.000e-01 ; 9.3183002e+01 ; 1.0114371e+02 
3.500e+01 ; 4.000e+00 ; 7.000e-01 ; 9.3215002e+01 ; 1.0114943e+02 
3.500e+01 ; 4.000e+00 ; 7.000e-01 ; 9.3279002e+01 ; 1.0116097e+02 
3.500e+01 ; 4.000e+00 ; 7.000e-01 ; 9.3407002e+01 ; 1.0118455e+02 
3.500e+01 ; 4.000e+00 ; 7.000e-01 ; 9.3663002e+01 ; 1.0123329e+02 
3.500e+01 ; 4.000e+00 ; 7.000e-01 ; 9.4175002e+01 ; 1.0133455e+02 
3.500e+01 ; 4.000e+00 ; 7.000e-01 ; 9.4500002e+01 ; 1.0139970e+02 
3.500e+01 ; 4.000e+00 ; 7.000e-01 ; 9.4500002e+01 ; 1.0139970e+02 
3.500e+01 ; 4.000e+00 ; 7.000e-01 ; 9.4501002e+01 ; 1.0139990e+02 
3.500e+01 ; 4.000e+00 ; 7.000e-01 ; 9.4502002e+01 ; 1.0140011e+02 
3.500e+01 ; 4.000e+00 ; 7.000e-01 ; 9.4503002e+01 ; 1.0140031e+02 
3.500e+01 ; 4.000e+00 ; 7.000e-01 ; 9.4505002e+01 ; 1.0140070e+02 
3.500e+01 ; 4.000e+00 ; 7.000e-01 ; 9.4509002e+01 ; 1.0140151e+02 
3.500e+01 ; 4.000e+00 ; 7.000e-01 ; 9.4517002e+01 ; 1.0140311e+02 
3.500e+01 ; 4.000e+00 ; 7.000e-01 ; 9.4533002e+01 ; 1.0140633e+02 
3.500e+01 ; 4.000e+00 ; 7.000e-01 ; 9.4565002e+01 ; 1.0141276e+02 
3.500e+01 ; 4.000e+00 ; 7.000e-01 ; 9.4629002e+01 ; 1.0142564e+02 
3.500e+01 ; 4.000e+00 ; 7.000e-01 ; 9.4757002e+01 ; 1.0145147e+02 
3.500e+01 ; 4.000e+00 ; 7.000e-01 ; 9.5013002e+01 ; 1.0150307e+02 
3.500e+01 ; 4.000e+00 ; 7.000e-01 ; 9.5525002e+01 ; 1.0160399e+02 
3.500e+01 ; 4.000e+00 ; 7.000e-01 ; 9.5850002e+01 ; 1.0166667e+02 
3.500e+01 ; 4.000e+00 ; 7.000e-01 ; 9.5850002e+01 ; 1.0166667e+02 
3.500e+01 ; 4.000e+00 ; 7.000e-01 ; 9.5851002e+01 ; 1.0166686e+02 
3.500e+01 ; 4.000e+00 ; 7.000e-01 ; 9.5852002e+01 ; 1.0166705e+02 
3.500e+01 ; 4.000e+00 ; 7.000e-01 ; 9.5853002e+01 ; 1.0166725e+02 
3.500e+01 ; 4.000e+00 ; 7.000e-01 ; 9.5855002e+01 ; 1.0166763e+02 
3.500e+01 ; 4.000e+00 ; 7.000e-01 ; 9.5859002e+01 ; 1.0166840e+02 
3.500e+01 ; 4.000e+00 ; 7.000e-01 ; 9.5867002e+01 ; 1.0166994e+02 
3.500e+01 ; 4.000e+00 ; 7.000e-01 ; 9.5883002e+01 ; 1.0167303e+02 
3.500e+01 ; 4.000e+00 ; 7.000e-01 ; 9.5915002e+01 ; 1.0167917e+02 
3.500e+01 ; 4.000e+00 ; 7.000e-01 ; 9.5979002e+01 ; 1.0169140e+02 
3.500e+01 ; 4.000e+00 ; 7.000e-01 ; 9.6107002e+01 ; 1.0171558e+02 
3.500e+01 ; 4.000e+00 ; 7.000e-01 ; 9.6363002e+01 ; 1.0176270e+02 
3.500e+01 ; 4.000e+00 ; 7.000e-01 ; 9.6875002e+01 ; 1.0185085e+02 
3.500e+01 ; 4.000e+00 ; 7.000e-01 ; 9.7200002e+01 ; 1.0190411e+02 
3.500e+01 ; 4.000e+00 ; 7.000e-01 ; 9.7200002e+01 ; 1.0190411e+02 
3.500e+01 ; 4.000e+00 ; 7.000e-01 ; 9.7201002e+01 ; 1.0190427e+02 
3.500e+01 ; 4.000e+00 ; 7.000e-01 ; 9.7202002e+01 ; 1.0190443e+02 
3.500e+01 ; 4.000e+00 ; 7.000e-01 ; 9.7203002e+01 ; 1.0190460e+02 
3.500e+01 ; 4.000e+00 ; 7.000e-01 ; 9.7205002e+01 ; 1.0190493e+02 
3.500e+01 ; 4.000e+00 ; 7.000e-01 ; 9.7209002e+01 ; 1.0190558e+02 
3.500e+01 ; 4.000e+00 ; 7.000e-01 ; 9.7217002e+01 ; 1.0190689e+02 
3.500e+01 ; 4.000e+00 ; 7.000e-01 ; 9.7233002e+01 ; 1.0190950e+02 
3.500e+01 ; 4.000e+00 ; 7.000e-01 ; 9.7265002e+01 ; 1.0191469e+02 
3.500e+01 ; 4.000e+00 ; 7.000e-01 ; 9.7329002e+01 ; 1.0192496e+02 
3.500e+01 ; 4.000e+00 ; 7.000e-01 ; 9.7457002e+01 ; 1.0194507e+02 
3.500e+01 ; 4.000e+00 ; 7.000e-01 ; 9.7713002e+01 ; 1.0198344e+02 
3.500e+01 ; 4.000e+00 ; 7.000e-01 ; 9.8225002e+01 ; 1.0205247e+02 
3.500e+01 ; 4.000e+00 ; 7.000e-01 ; 9.8550002e+01 ; 1.0209313e+02 
3.500e+01 ; 4.000e+00 ; 7.000e-01 ; 9.8550002e+01 ; 1.0209313e+02 
3.500e+01 ; 4.000e+00 ; 7.000e-01 ; 9.8551002e+01 ; 1.0209325e+02 
3.500e+01 ; 4.000e+00 ; 7.000e-01 ; 9.8552002e+01 ; 1.0209338e+02 
3.500e+01 ; 4.000e+00 ; 7.000e-01 ; 9.8553002e+01 ; 1.0209351e+02 
3.500e+01 ; 4.000e+00 ; 7.000e-01 ; 9.8555002e+01 ; 1.0209376e+02 
3.500e+01 ; 4.000e+00 ; 7.000e-01 ; 9.8559002e+01 ; 1.0209425e+02 
3.500e+01 ; 4.000e+00 ; 7.000e-01 ; 9.8567002e+01 ; 1.0209525e+02 
3.500e+01 ; 4.000e+00 ; 7.000e-01 ; 9.8583002e+01 ; 1.0209724e+02 
3.500e+01 ; 4.000e+00 ; 7.000e-01 ; 9.8615002e+01 ; 1.0210118e+02 
3.500e+01 ; 4.000e+00 ; 7.000e-01 ; 9.8679002e+01 ; 1.0210894e+02 
3.500e+01 ; 4.000e+00 ; 7.000e-01 ; 9.8807002e+01 ; 1.0212397e+02 
3.500e+01 ; 4.000e+00 ; 7.000e-01 ; 9.9063002e+01 ; 1.0215205e+02 
3.500e+01 ; 4.000e+00 ; 7.000e-01 ; 9.9575002e+01 ; 1.0220049e+02 
3.500e+01 ; 4.000e+00 ; 7.000e-01 ; 9.9900002e+01 ; 1.0222818e+02 
3.500e+01 ; 4.000e+00 ; 7.000e-01 ; 9.9900002e+01 ; 1.0222818e+02 
3.500e+01 ; 4.000e+00 ; 7.000e-01 ; 9.9901002e+01 ; 1.0222826e+02 
3.500e+01 ; 4.000e+00 ; 7.000e-01 ; 9.9902002e+01 ; 1.0222835e+02 
3.500e+01 ; 4.000e+00 ; 7.000e-01 ; 9.9903002e+01 ; 1.0222843e+02 
3.500e+01 ; 4.000e+00 ; 7.000e-01 ; 9.9905002e+01 ; 1.0222861e+02 
3.500e+01 ; 4.000e+00 ; 7.000e-01 ; 9.9909002e+01 ; 1.0222894e+02 
3.500e+01 ; 4.000e+00 ; 7.000e-01 ; 9.9917002e+01 ; 1.0222962e+02 
3.500e+01 ; 4.000e+00 ; 7.000e-01 ; 9.9933002e+01 ; 1.0223097e+02 
3.500e+01 ; 4.000e+00 ; 7.000e-01 ; 9.9965002e+01 ; 1.0223363e+02 
3.500e+01 ; 4.000e+00 ; 7.000e-01 ; 1.0002900e+02 ; 1.0223885e+02 
3.500e+01 ; 4.000e+00 ; 7.000e-01 ; 1.0015700e+02 ; 1.0224881e+02 
3.500e+01 ; 4.000e+00 ; 7.000e-01 ; 1.0041300e+02 ; 1.0226691e+02 
3.500e+01 ; 4.000e+00 ; 7.000e-01 ; 1.0092500e+02 ; 1.0229620e+02 
3.500e+01 ; 4.000e+00 ; 7.000e-01 ; 1.0125000e+02 ; 1.0231210e+02 
3.500e+01 ; 4.000e+00 ; 7.000e-01 ; 1.0125000e+02 ; 1.0231210e+02 
3.500e+01 ; 4.000e+00 ; 7.000e-01 ; 1.0125100e+02 ; 1.0231215e+02 
3.500e+01 ; 4.000e+00 ; 7.000e-01 ; 1.0125200e+02 ; 1.0231220e+02 
3.500e+01 ; 4.000e+00 ; 7.000e-01 ; 1.0125300e+02 ; 1.0231225e+02 
3.500e+01 ; 4.000e+00 ; 7.000e-01 ; 1.0125500e+02 ; 1.0231235e+02 
3.500e+01 ; 4.000e+00 ; 7.000e-01 ; 1.0125900e+02 ; 1.0231254e+02 
3.500e+01 ; 4.000e+00 ; 7.000e-01 ; 1.0126700e+02 ; 1.0231293e+02 
3.500e+01 ; 4.000e+00 ; 7.000e-01 ; 1.0128300e+02 ; 1.0231370e+02 
3.500e+01 ; 4.000e+00 ; 7.000e-01 ; 1.0131500e+02 ; 1.0231522e+02 
3.500e+01 ; 4.000e+00 ; 7.000e-01 ; 1.0137900e+02 ; 1.0231814e+02 
3.500e+01 ; 4.000e+00 ; 7.000e-01 ; 1.0150700e+02 ; 1.0232359e+02 
3.500e+01 ; 4.000e+00 ; 7.000e-01 ; 1.0176300e+02 ; 1.0233293e+02 
3.500e+01 ; 4.000e+00 ; 7.000e-01 ; 1.0227500e+02 ; 1.0234588e+02 
3.500e+01 ; 4.000e+00 ; 7.000e-01 ; 1.0260000e+02 ; 1.0235191e+02 
3.500e+01 ; 4.000e+00 ; 7.000e-01 ; 1.0260000e+02 ; 1.0235191e+02 
3.500e+01 ; 4.000e+00 ; 7.000e-01 ; 1.0260100e+02 ; 1.0235192e+02 
3.500e+01 ; 4.000e+00 ; 7.000e-01 ; 1.0260200e+02 ; 1.0235194e+02 
3.500e+01 ; 4.000e+00 ; 7.000e-01 ; 1.0260300e+02 ; 1.0235196e+02 
3.500e+01 ; 4.000e+00 ; 7.000e-01 ; 1.0260500e+02 ; 1.0235200e+02 
3.500e+01 ; 4.000e+00 ; 7.000e-01 ; 1.0260900e+02 ; 1.0235207e+02 
3.500e+01 ; 4.000e+00 ; 7.000e-01 ; 1.0261700e+02 ; 1.0235222e+02 
3.500e+01 ; 4.000e+00 ; 7.000e-01 ; 1.0263300e+02 ; 1.0235250e+02 
3.500e+01 ; 4.000e+00 ; 7.000e-01 ; 1.0266500e+02 ; 1.0235305e+02 
3.500e+01 ; 4.000e+00 ; 7.000e-01 ; 1.0272900e+02 ; 1.0235406e+02 
3.500e+01 ; 4.000e+00 ; 7.000e-01 ; 1.0285700e+02 ; 1.0235577e+02 
3.500e+01 ; 4.000e+00 ; 7.000e-01 ; 1.0311300e+02 ; 1.0235795e+02 
3.500e+01 ; 4.000e+00 ; 7.000e-01 ; 1.0362500e+02 ; 1.0235777e+02 
3.500e+01 ; 4.000e+00 ; 7.000e-01 ; 1.0395000e+02 ; 1.0235595e+02 
3.500e+01 ; 4.000e+00 ; 7.000e-01 ; 1.0395000e+02 ; 1.0235595e+02 
3.500e+01 ; 4.000e+00 ; 7.000e-01 ; 1.0395100e+02 ; 1.0235594e+02 
3.500e+01 ; 4.000e+00 ; 7.000e-01 ; 1.0395200e+02 ; 1.0235593e+02 
3.500e+01 ; 4.000e+00 ; 7.000e-01 ; 1.0395300e+02 ; 1.0235593e+02 
3.500e+01 ; 4.000e+00 ; 7.000e-01 ; 1.0395500e+02 ; 1.0235592e+02 
3.500e+01 ; 4.000e+00 ; 7.000e-01 ; 1.0395900e+02 ; 1.0235590e+02 
3.500e+01 ; 4.000e+00 ; 7.000e-01 ; 1.0396700e+02 ; 1.0235585e+02 
3.500e+01 ; 4.000e+00 ; 7.000e-01 ; 1.0398300e+02 ; 1.0235575e+02 
3.500e+01 ; 4.000e+00 ; 7.000e-01 ; 1.0401500e+02 ; 1.0235554e+02 
3.500e+01 ; 4.000e+00 ; 7.000e-01 ; 1.0407900e+02 ; 1.0235505e+02 
3.500e+01 ; 4.000e+00 ; 7.000e-01 ; 1.0420700e+02 ; 1.0235382e+02 
3.500e+01 ; 4.000e+00 ; 7.000e-01 ; 1.0446300e+02 ; 1.0235042e+02 
3.500e+01 ; 4.000e+00 ; 7.000e-01 ; 1.0497500e+02 ; 1.0234027e+02 
3.500e+01 ; 4.000e+00 ; 7.000e-01 ; 1.0530000e+02 ; 1.0233260e+02 
3.500e+01 ; 4.000e+00 ; 7.000e-01 ; 1.0530000e+02 ; 1.0233260e+02 
3.500e+01 ; 4.000e+00 ; 7.000e-01 ; 1.0530100e+02 ; 1.0233257e+02 
3.500e+01 ; 4.000e+00 ; 7.000e-01 ; 1.0530200e+02 ; 1.0233255e+02 
3.500e+01 ; 4.000e+00 ; 7.000e-01 ; 1.0530300e+02 ; 1.0233252e+02 
3.500e+01 ; 4.000e+00 ; 7.000e-01 ; 1.0530500e+02 ; 1.0233247e+02 
3.500e+01 ; 4.000e+00 ; 7.000e-01 ; 1.0530900e+02 ; 1.0233238e+02 
3.500e+01 ; 4.000e+00 ; 7.000e-01 ; 1.0531700e+02 ; 1.0233219e+02 
3.500e+01 ; 4.000e+00 ; 7.000e-01 ; 1.0533300e+02 ; 1.0233181e+02 
3.500e+01 ; 4.000e+00 ; 7.000e-01 ; 1.0536500e+02 ; 1.0233102e+02 
3.500e+01 ; 4.000e+00 ; 7.000e-01 ; 1.0542900e+02 ; 1.0232942e+02 
3.500e+01 ; 4.000e+00 ; 7.000e-01 ; 1.0555700e+02 ; 1.0232603e+02 
3.500e+01 ; 4.000e+00 ; 7.000e-01 ; 1.0581300e+02 ; 1.0231860e+02 
3.500e+01 ; 4.000e+00 ; 7.000e-01 ; 1.0632500e+02 ; 1.0230159e+02 
3.500e+01 ; 4.000e+00 ; 7.000e-01 ; 1.0665000e+02 ; 1.0229005e+02 
3.500e+01 ; 4.000e+00 ; 7.000e-01 ; 1.0665000e+02 ; 1.0229005e+02 
3.500e+01 ; 4.000e+00 ; 7.000e-01 ; 1.0665100e+02 ; 1.0229002e+02 
3.500e+01 ; 4.000e+00 ; 7.000e-01 ; 1.0665200e+02 ; 1.0228998e+02 
3.500e+01 ; 4.000e+00 ; 7.000e-01 ; 1.0665300e+02 ; 1.0228994e+02 
3.500e+01 ; 4.000e+00 ; 7.000e-01 ; 1.0665500e+02 ; 1.0228987e+02 
3.500e+01 ; 4.000e+00 ; 7.000e-01 ; 1.0665900e+02 ; 1.0228973e+02 
3.500e+01 ; 4.000e+00 ; 7.000e-01 ; 1.0666700e+02 ; 1.0228944e+02 
3.500e+01 ; 4.000e+00 ; 7.000e-01 ; 1.0668300e+02 ; 1.0228887e+02 
3.500e+01 ; 4.000e+00 ; 7.000e-01 ; 1.0671500e+02 ; 1.0228772e+02 
3.500e+01 ; 4.000e+00 ; 7.000e-01 ; 1.0677900e+02 ; 1.0228539e+02 
3.500e+01 ; 4.000e+00 ; 7.000e-01 ; 1.0690700e+02 ; 1.0228063e+02 
3.500e+01 ; 4.000e+00 ; 7.000e-01 ; 1.0716300e+02 ; 1.0227077e+02 
3.500e+01 ; 4.000e+00 ; 7.000e-01 ; 1.0767500e+02 ; 1.0225021e+02 
3.500e+01 ; 4.000e+00 ; 7.000e-01 ; 1.0800000e+02 ; 1.0223697e+02 
3.500e+01 ; 4.000e+00 ; 7.000e-01 ; 1.0800000e+02 ; 1.0223697e+02 
3.500e+01 ; 4.000e+00 ; 7.000e-01 ; 1.0800100e+02 ; 1.0223692e+02 
3.500e+01 ; 4.000e+00 ; 7.000e-01 ; 1.0800200e+02 ; 1.0223689e+02 
3.500e+01 ; 4.000e+00 ; 7.000e-01 ; 1.0800300e+02 ; 1.0223685e+02 
3.500e+01 ; 4.000e+00 ; 7.000e-01 ; 1.0800500e+02 ; 1.0223676e+02 
3.500e+01 ; 4.000e+00 ; 7.000e-01 ; 1.0800900e+02 ; 1.0223660e+02 
3.500e+01 ; 4.000e+00 ; 7.000e-01 ; 1.0801700e+02 ; 1.0223627e+02 
3.500e+01 ; 4.000e+00 ; 7.000e-01 ; 1.0803300e+02 ; 1.0223562e+02 
3.500e+01 ; 4.000e+00 ; 7.000e-01 ; 1.0806500e+02 ; 1.0223431e+02 
3.500e+01 ; 4.000e+00 ; 7.000e-01 ; 1.0812900e+02 ; 1.0223169e+02 
3.500e+01 ; 4.000e+00 ; 7.000e-01 ; 1.0825700e+02 ; 1.0222643e+02 
3.500e+01 ; 4.000e+00 ; 7.000e-01 ; 1.0851300e+02 ; 1.0221593e+02 
3.500e+01 ; 4.000e+00 ; 7.000e-01 ; 1.0902500e+02 ; 1.0219553e+02 
3.500e+01 ; 4.000e+00 ; 7.000e-01 ; 1.0935000e+02 ; 1.0218298e+02 
3.500e+01 ; 4.000e+00 ; 7.000e-01 ; 1.0935000e+02 ; 1.0218298e+02 
3.500e+01 ; 4.000e+00 ; 7.000e-01 ; 1.0935100e+02 ; 1.0218294e+02 
3.500e+01 ; 4.000e+00 ; 7.000e-01 ; 1.0935200e+02 ; 1.0218290e+02 
3.500e+01 ; 4.000e+00 ; 7.000e-01 ; 1.0935300e+02 ; 1.0218286e+02 
3.500e+01 ; 4.000e+00 ; 7.000e-01 ; 1.0935500e+02 ; 1.0218279e+02 
3.500e+01 ; 4.000e+00 ; 7.000e-01 ; 1.0935900e+02 ; 1.0218262e+02 
3.500e+01 ; 4.000e+00 ; 7.000e-01 ; 1.0936700e+02 ; 1.0218232e+02 
3.500e+01 ; 4.000e+00 ; 7.000e-01 ; 1.0938300e+02 ; 1.0218170e+02 
3.500e+01 ; 4.000e+00 ; 7.000e-01 ; 1.0941500e+02 ; 1.0218047e+02 
3.500e+01 ; 4.000e+00 ; 7.000e-01 ; 1.0947900e+02 ; 1.0217804e+02 
3.500e+01 ; 4.000e+00 ; 7.000e-01 ; 1.0960700e+02 ; 1.0217323e+02 
3.500e+01 ; 4.000e+00 ; 7.000e-01 ; 1.0986300e+02 ; 1.0216401e+02 
3.500e+01 ; 4.000e+00 ; 7.000e-01 ; 1.1037500e+02 ; 1.0214754e+02 
3.500e+01 ; 4.000e+00 ; 7.000e-01 ; 1.1070000e+02 ; 1.0213799e+02 
3.500e+01 ; 4.000e+00 ; 7.000e-01 ; 1.1070000e+02 ; 1.0213799e+02 
3.500e+01 ; 4.000e+00 ; 7.000e-01 ; 1.1070100e+02 ; 1.0213796e+02 
3.500e+01 ; 4.000e+00 ; 7.000e-01 ; 1.1070200e+02 ; 1.0213793e+02 
3.500e+01 ; 4.000e+00 ; 7.000e-01 ; 1.1070300e+02 ; 1.0213790e+02 
3.500e+01 ; 4.000e+00 ; 7.000e-01 ; 1.1070500e+02 ; 1.0213785e+02 
3.500e+01 ; 4.000e+00 ; 7.000e-01 ; 1.1070900e+02 ; 1.0213773e+02 
3.500e+01 ; 4.000e+00 ; 7.000e-01 ; 1.1071700e+02 ; 1.0213750e+02 
3.500e+01 ; 4.000e+00 ; 7.000e-01 ; 1.1073300e+02 ; 1.0213703e+02 
3.500e+01 ; 4.000e+00 ; 7.000e-01 ; 1.1076500e+02 ; 1.0213611e+02 
3.500e+01 ; 4.000e+00 ; 7.000e-01 ; 1.1082900e+02 ; 1.0213430e+02 
3.500e+01 ; 4.000e+00 ; 7.000e-01 ; 1.1095700e+02 ; 1.0213084e+02 
3.500e+01 ; 4.000e+00 ; 7.000e-01 ; 1.1121300e+02 ; 1.0212456e+02 
3.500e+01 ; 4.000e+00 ; 7.000e-01 ; 1.1172500e+02 ; 1.0211481e+02 
3.500e+01 ; 4.000e+00 ; 7.000e-01 ; 1.1205000e+02 ; 1.0210979e+02 
3.500e+01 ; 4.000e+00 ; 7.000e-01 ; 1.1205000e+02 ; 1.0210979e+02 
3.500e+01 ; 4.000e+00 ; 7.000e-01 ; 1.1205100e+02 ; 1.0210976e+02 
3.500e+01 ; 4.000e+00 ; 7.000e-01 ; 1.1205200e+02 ; 1.0210975e+02 
3.500e+01 ; 4.000e+00 ; 7.000e-01 ; 1.1205300e+02 ; 1.0210973e+02 
3.500e+01 ; 4.000e+00 ; 7.000e-01 ; 1.1205500e+02 ; 1.0210970e+02 
3.500e+01 ; 4.000e+00 ; 7.000e-01 ; 1.1205900e+02 ; 1.0210964e+02 
3.500e+01 ; 4.000e+00 ; 7.000e-01 ; 1.1206700e+02 ; 1.0210952e+02 
3.500e+01 ; 4.000e+00 ; 7.000e-01 ; 1.1208300e+02 ; 1.0210928e+02 
3.500e+01 ; 4.000e+00 ; 7.000e-01 ; 1.1211500e+02 ; 1.0210881e+02 
3.500e+01 ; 4.000e+00 ; 7.000e-01 ; 1.1217900e+02 ; 1.0210791e+02 
3.500e+01 ; 4.000e+00 ; 7.000e-01 ; 1.1230700e+02 ; 1.0210629e+02 
3.500e+01 ; 4.000e+00 ; 7.000e-01 ; 1.1256300e+02 ; 1.0210378e+02 
3.500e+01 ; 4.000e+00 ; 7.000e-01 ; 1.1307500e+02 ; 1.0210147e+02 
3.500e+01 ; 4.000e+00 ; 7.000e-01 ; 1.1340000e+02 ; 1.0210104e+02 
3.500e+01 ; 4.000e+00 ; 7.000e-01 ; 1.1340000e+02 ; 1.0210104e+02 
3.500e+01 ; 4.000e+00 ; 7.000e-01 ; 1.1340100e+02 ; 1.0210104e+02 
3.500e+01 ; 4.000e+00 ; 7.000e-01 ; 1.1340200e+02 ; 1.0210104e+02 
3.500e+01 ; 4.000e+00 ; 7.000e-01 ; 1.1340300e+02 ; 1.0210104e+02 
3.500e+01 ; 4.000e+00 ; 7.000e-01 ; 1.1340500e+02 ; 1.0210104e+02 
3.500e+01 ; 4.000e+00 ; 7.000e-01 ; 1.1340900e+02 ; 1.0210103e+02 
3.500e+01 ; 4.000e+00 ; 7.000e-01 ; 1.1341700e+02 ; 1.0210102e+02 
3.500e+01 ; 4.000e+00 ; 7.000e-01 ; 1.1343300e+02 ; 1.0210101e+02 
3.500e+01 ; 4.000e+00 ; 7.000e-01 ; 1.1346500e+02 ; 1.0210098e+02 
3.500e+01 ; 4.000e+00 ; 7.000e-01 ; 1.1352900e+02 ; 1.0210098e+02 
3.500e+01 ; 4.000e+00 ; 7.000e-01 ; 1.1365700e+02 ; 1.0210111e+02 
3.500e+01 ; 4.000e+00 ; 7.000e-01 ; 1.1391300e+02 ; 1.0210194e+02 
3.500e+01 ; 4.000e+00 ; 7.000e-01 ; 1.1442500e+02 ; 1.0210535e+02 
3.500e+01 ; 4.000e+00 ; 7.000e-01 ; 1.1475000e+02 ; 1.0210807e+02 
3.500e+01 ; 4.000e+00 ; 7.000e-01 ; 1.1475000e+02 ; 1.0210807e+02 
3.500e+01 ; 4.000e+00 ; 7.000e-01 ; 1.1475100e+02 ; 1.0210808e+02 
3.500e+01 ; 4.000e+00 ; 7.000e-01 ; 1.1475200e+02 ; 1.0210809e+02 
3.500e+01 ; 4.000e+00 ; 7.000e-01 ; 1.1475300e+02 ; 1.0210810e+02 
3.500e+01 ; 4.000e+00 ; 7.000e-01 ; 1.1475500e+02 ; 1.0210812e+02 
3.500e+01 ; 4.000e+00 ; 7.000e-01 ; 1.1475900e+02 ; 1.0210815e+02 
3.500e+01 ; 4.000e+00 ; 7.000e-01 ; 1.1476700e+02 ; 1.0210822e+02 
3.500e+01 ; 4.000e+00 ; 7.000e-01 ; 1.1478300e+02 ; 1.0210835e+02 
3.500e+01 ; 4.000e+00 ; 7.000e-01 ; 1.1481500e+02 ; 1.0210863e+02 
3.500e+01 ; 4.000e+00 ; 7.000e-01 ; 1.1487900e+02 ; 1.0210921e+02 
3.500e+01 ; 4.000e+00 ; 7.000e-01 ; 1.1500700e+02 ; 1.0211044e+02 
3.500e+01 ; 4.000e+00 ; 7.000e-01 ; 1.1526300e+02 ; 1.0211311e+02 
3.500e+01 ; 4.000e+00 ; 7.000e-01 ; 1.1577500e+02 ; 1.0211872e+02 
3.500e+01 ; 4.000e+00 ; 7.000e-01 ; 1.1610000e+02 ; 1.0212224e+02 
3.500e+01 ; 4.000e+00 ; 7.000e-01 ; 1.1610000e+02 ; 1.0212224e+02 
3.500e+01 ; 4.000e+00 ; 7.000e-01 ; 1.1610100e+02 ; 1.0212225e+02 
3.500e+01 ; 4.000e+00 ; 7.000e-01 ; 1.1610200e+02 ; 1.0212225e+02 
3.500e+01 ; 4.000e+00 ; 7.000e-01 ; 1.1610300e+02 ; 1.0212227e+02 
3.500e+01 ; 4.000e+00 ; 7.000e-01 ; 1.1610500e+02 ; 1.0212229e+02 
3.500e+01 ; 4.000e+00 ; 7.000e-01 ; 1.1610900e+02 ; 1.0212233e+02 
3.500e+01 ; 4.000e+00 ; 7.000e-01 ; 1.1611700e+02 ; 1.0212242e+02 
3.500e+01 ; 4.000e+00 ; 7.000e-01 ; 1.1613300e+02 ; 1.0212259e+02 
3.500e+01 ; 4.000e+00 ; 7.000e-01 ; 1.1616500e+02 ; 1.0212293e+02 
3.500e+01 ; 4.000e+00 ; 7.000e-01 ; 1.1622900e+02 ; 1.0212362e+02 
3.500e+01 ; 4.000e+00 ; 7.000e-01 ; 1.1635700e+02 ; 1.0212497e+02 
3.500e+01 ; 4.000e+00 ; 7.000e-01 ; 1.1661300e+02 ; 1.0212749e+02 
3.500e+01 ; 4.000e+00 ; 7.000e-01 ; 1.1712500e+02 ; 1.0213132e+02 
3.500e+01 ; 4.000e+00 ; 7.000e-01 ; 1.1745000e+02 ; 1.0213314e+02 
3.500e+01 ; 4.000e+00 ; 7.000e-01 ; 1.1745000e+02 ; 1.0213314e+02 
3.500e+01 ; 4.000e+00 ; 7.000e-01 ; 1.1745100e+02 ; 1.0213315e+02 
3.500e+01 ; 4.000e+00 ; 7.000e-01 ; 1.1745200e+02 ; 1.0213316e+02 
3.500e+01 ; 4.000e+00 ; 7.000e-01 ; 1.1745300e+02 ; 1.0213316e+02 
3.500e+01 ; 4.000e+00 ; 7.000e-01 ; 1.1745500e+02 ; 1.0213317e+02 
3.500e+01 ; 4.000e+00 ; 7.000e-01 ; 1.1745900e+02 ; 1.0213319e+02 
3.500e+01 ; 4.000e+00 ; 7.000e-01 ; 1.1746700e+02 ; 1.0213324e+02 
3.500e+01 ; 4.000e+00 ; 7.000e-01 ; 1.1748300e+02 ; 1.0213332e+02 
3.500e+01 ; 4.000e+00 ; 7.000e-01 ; 1.1751500e+02 ; 1.0213349e+02 
3.500e+01 ; 4.000e+00 ; 7.000e-01 ; 1.1757900e+02 ; 1.0213380e+02 
3.500e+01 ; 4.000e+00 ; 7.000e-01 ; 1.1770700e+02 ; 1.0213431e+02 
3.500e+01 ; 4.000e+00 ; 7.000e-01 ; 1.1796300e+02 ; 1.0213483e+02 
3.500e+01 ; 4.000e+00 ; 7.000e-01 ; 1.1847500e+02 ; 1.0213358e+02 
3.500e+01 ; 4.000e+00 ; 7.000e-01 ; 1.1880000e+02 ; 1.0213179e+02 
3.500e+01 ; 4.000e+00 ; 7.000e-01 ; 1.1880000e+02 ; 1.0213179e+02 
3.500e+01 ; 4.000e+00 ; 7.000e-01 ; 1.1880100e+02 ; 1.0213178e+02 
3.500e+01 ; 4.000e+00 ; 7.000e-01 ; 1.1880200e+02 ; 1.0213177e+02 
3.500e+01 ; 4.000e+00 ; 7.000e-01 ; 1.1880300e+02 ; 1.0213177e+02 
3.500e+01 ; 4.000e+00 ; 7.000e-01 ; 1.1880500e+02 ; 1.0213176e+02 
3.500e+01 ; 4.000e+00 ; 7.000e-01 ; 1.1880900e+02 ; 1.0213174e+02 
3.500e+01 ; 4.000e+00 ; 7.000e-01 ; 1.1881700e+02 ; 1.0213169e+02 
3.500e+01 ; 4.000e+00 ; 7.000e-01 ; 1.1883300e+02 ; 1.0213160e+02 
3.500e+01 ; 4.000e+00 ; 7.000e-01 ; 1.1886500e+02 ; 1.0213140e+02 
3.500e+01 ; 4.000e+00 ; 7.000e-01 ; 1.1892900e+02 ; 1.0213097e+02 
3.500e+01 ; 4.000e+00 ; 7.000e-01 ; 1.1905700e+02 ; 1.0212994e+02 
3.500e+01 ; 4.000e+00 ; 7.000e-01 ; 1.1931300e+02 ; 1.0212718e+02 
3.500e+01 ; 4.000e+00 ; 7.000e-01 ; 1.1982500e+02 ; 1.0211878e+02 
3.500e+01 ; 4.000e+00 ; 7.000e-01 ; 1.2015000e+02 ; 1.0211226e+02 
3.500e+01 ; 4.000e+00 ; 7.000e-01 ; 1.2015000e+02 ; 1.0211226e+02 
3.500e+01 ; 4.000e+00 ; 7.000e-01 ; 1.2015100e+02 ; 1.0211224e+02 
3.500e+01 ; 4.000e+00 ; 7.000e-01 ; 1.2015200e+02 ; 1.0211221e+02 
3.500e+01 ; 4.000e+00 ; 7.000e-01 ; 1.2015300e+02 ; 1.0211220e+02 
3.500e+01 ; 4.000e+00 ; 7.000e-01 ; 1.2015500e+02 ; 1.0211215e+02 
3.500e+01 ; 4.000e+00 ; 7.000e-01 ; 1.2015900e+02 ; 1.0211208e+02 
3.500e+01 ; 4.000e+00 ; 7.000e-01 ; 1.2016700e+02 ; 1.0211191e+02 
3.500e+01 ; 4.000e+00 ; 7.000e-01 ; 1.2018300e+02 ; 1.0211159e+02 
3.500e+01 ; 4.000e+00 ; 7.000e-01 ; 1.2021500e+02 ; 1.0211092e+02 
3.500e+01 ; 4.000e+00 ; 7.000e-01 ; 1.2027900e+02 ; 1.0210954e+02 
3.500e+01 ; 4.000e+00 ; 7.000e-01 ; 1.2040700e+02 ; 1.0210659e+02 
3.500e+01 ; 4.000e+00 ; 7.000e-01 ; 1.2066300e+02 ; 1.0209994e+02 
3.500e+01 ; 4.000e+00 ; 7.000e-01 ; 1.2117500e+02 ; 1.0208360e+02 
3.500e+01 ; 4.000e+00 ; 7.000e-01 ; 1.2150000e+02 ; 1.0207201e+02 
3.500e+01 ; 4.000e+00 ; 7.000e-01 ; 1.2150000e+02 ; 1.0207201e+02 
3.500e+01 ; 4.000e+00 ; 7.000e-01 ; 1.2150100e+02 ; 1.0207198e+02 
3.500e+01 ; 4.000e+00 ; 7.000e-01 ; 1.2150200e+02 ; 1.0207194e+02 
3.500e+01 ; 4.000e+00 ; 7.000e-01 ; 1.2150300e+02 ; 1.0207191e+02 
3.500e+01 ; 4.000e+00 ; 7.000e-01 ; 1.2150500e+02 ; 1.0207183e+02 
3.500e+01 ; 4.000e+00 ; 7.000e-01 ; 1.2150900e+02 ; 1.0207169e+02 
3.500e+01 ; 4.000e+00 ; 7.000e-01 ; 1.2151700e+02 ; 1.0207140e+02 
3.500e+01 ; 4.000e+00 ; 7.000e-01 ; 1.2153300e+02 ; 1.0207082e+02 
3.500e+01 ; 4.000e+00 ; 7.000e-01 ; 1.2156500e+02 ; 1.0206966e+02 
3.500e+01 ; 4.000e+00 ; 7.000e-01 ; 1.2162900e+02 ; 1.0206728e+02 
3.500e+01 ; 4.000e+00 ; 7.000e-01 ; 1.2175700e+02 ; 1.0206235e+02 
3.500e+01 ; 4.000e+00 ; 7.000e-01 ; 1.2201300e+02 ; 1.0205173e+02 
3.500e+01 ; 4.000e+00 ; 7.000e-01 ; 1.2252500e+02 ; 1.0202767e+02 
3.500e+01 ; 4.000e+00 ; 7.000e-01 ; 1.2285000e+02 ; 1.0201128e+02 
3.500e+01 ; 4.000e+00 ; 7.000e-01 ; 1.2285000e+02 ; 1.0201128e+02 
3.500e+01 ; 4.000e+00 ; 7.000e-01 ; 1.2286000e+02 ; 1.0201078e+02 
3.500e+01 ; 4.000e+00 ; 7.000e-01 ; 1.2287000e+02 ; 1.0201027e+02 
3.500e+01 ; 4.000e+00 ; 7.000e-01 ; 1.2288000e+02 ; 1.0200977e+02 
3.500e+01 ; 4.000e+00 ; 7.000e-01 ; 1.2290000e+02 ; 1.0200874e+02 
3.500e+01 ; 4.000e+00 ; 7.000e-01 ; 1.2294000e+02 ; 1.0200669e+02 
3.500e+01 ; 4.000e+00 ; 7.000e-01 ; 1.2302000e+02 ; 1.0200252e+02 
3.500e+01 ; 4.000e+00 ; 7.000e-01 ; 1.2318000e+02 ; 1.0199390e+02 
3.500e+01 ; 4.000e+00 ; 7.000e-01 ; 1.2350000e+02 ; 1.0197569e+02 
3.500e+01 ; 4.000e+00 ; 7.000e-01 ; 1.2414000e+02 ; 1.0193557e+02 
3.500e+01 ; 4.000e+00 ; 7.000e-01 ; 1.2542000e+02 ; 1.0184351e+02 
3.500e+01 ; 4.000e+00 ; 7.000e-01 ; 1.2734000e+02 ; 1.0168783e+02 
3.500e+01 ; 4.000e+00 ; 7.000e-01 ; 1.2785000e+02 ; 1.0164539e+02