X ; Y ; Z ; time ; Temperature 
3.500e+01 ; 8.000e-01 ; 1.400e+00 ; 0.0000000e+00 ; 2.3700000e+02 
3.500e+01 ; 8.000e-01 ; 1.400e+00 ; 1.0000000e-03 ; 2.3700000e+02 
3.500e+01 ; 8.000e-01 ; 1.400e+00 ; 2.0000001e-03 ; 2.3700000e+02 
3.500e+01 ; 8.000e-01 ; 1.400e+00 ; 3.0000000e-03 ; 2.3700000e+02 
3.500e+01 ; 8.000e-01 ; 1.400e+00 ; 4.9999999e-03 ; 2.3700000e+02 
3.500e+01 ; 8.000e-01 ; 1.400e+00 ; 8.9999996e-03 ; 2.3700000e+02 
3.500e+01 ; 8.000e-01 ; 1.400e+00 ; 1.7000001e-02 ; 2.3700000e+02 
3.500e+01 ; 8.000e-01 ; 1.400e+00 ; 3.3000000e-02 ; 2.3700000e+02 
3.500e+01 ; 8.000e-01 ; 1.400e+00 ; 6.4999998e-02 ; 2.3700000e+02 
3.500e+01 ; 8.000e-01 ; 1.400e+00 ; 1.2899999e-01 ; 2.3700000e+02 
3.500e+01 ; 8.000e-01 ; 1.400e+00 ; 2.5700000e-01 ; 2.3700000e+02 
3.500e+01 ; 8.000e-01 ; 1.400e+00 ; 5.1300001e-01 ; 2.3700000e+02 
3.500e+01 ; 8.000e-01 ; 1.400e+00 ; 1.0250000e+00 ; 2.3700000e+02 
3.500e+01 ; 8.000e-01 ; 1.400e+00 ; 1.3500000e+00 ; 2.3700000e+02 
3.500e+01 ; 8.000e-01 ; 1.400e+00 ; 1.3500000e+00 ; 2.3700000e+02 
3.500e+01 ; 8.000e-01 ; 1.400e+00 ; 1.3510000e+00 ; 2.3700000e+02 
3.500e+01 ; 8.000e-01 ; 1.400e+00 ; 1.3520000e+00 ; 2.3700000e+02 
3.500e+01 ; 8.000e-01 ; 1.400e+00 ; 1.3530000e+00 ; 2.3700000e+02 
3.500e+01 ; 8.000e-01 ; 1.400e+00 ; 1.3550000e+00 ; 2.3700000e+02 
3.500e+01 ; 8.000e-01 ; 1.400e+00 ; 1.3590000e+00 ; 2.3700000e+02 
3.500e+01 ; 8.000e-01 ; 1.400e+00 ; 1.3670000e+00 ; 2.3700000e+02 
3.500e+01 ; 8.000e-01 ; 1.400e+00 ; 1.3830000e+00 ; 2.3700000e+02 
3.500e+01 ; 8.000e-01 ; 1.400e+00 ; 1.4150000e+00 ; 2.3700000e+02 
3.500e+01 ; 8.000e-01 ; 1.400e+00 ; 1.4790000e+00 ; 2.3700000e+02 
3.500e+01 ; 8.000e-01 ; 1.400e+00 ; 1.6070000e+00 ; 2.3700000e+02 
3.500e+01 ; 8.000e-01 ; 1.400e+00 ; 1.8630000e+00 ; 2.3700000e+02 
3.500e+01 ; 8.000e-01 ; 1.400e+00 ; 2.3750000e+00 ; 2.3700000e+02 
3.500e+01 ; 8.000e-01 ; 1.400e+00 ; 2.7000000e+00 ; 2.3700000e+02 
3.500e+01 ; 8.000e-01 ; 1.400e+00 ; 2.7000000e+00 ; 2.3700000e+02 
3.500e+01 ; 8.000e-01 ; 1.400e+00 ; 2.7010000e+00 ; 2.3700000e+02 
3.500e+01 ; 8.000e-01 ; 1.400e+00 ; 2.7020000e+00 ; 2.3700000e+02 
3.500e+01 ; 8.000e-01 ; 1.400e+00 ; 2.7030000e+00 ; 2.3700000e+02 
3.500e+01 ; 8.000e-01 ; 1.400e+00 ; 2.7050000e+00 ; 2.3700000e+02 
3.500e+01 ; 8.000e-01 ; 1.400e+00 ; 2.7090000e+00 ; 2.3700000e+02 
3.500e+01 ; 8.000e-01 ; 1.400e+00 ; 2.7170000e+00 ; 2.3700000e+02 
3.500e+01 ; 8.000e-01 ; 1.400e+00 ; 2.7330000e+00 ; 2.3700000e+02 
3.500e+01 ; 8.000e-01 ; 1.400e+00 ; 2.7650000e+00 ; 2.3700000e+02 
3.500e+01 ; 8.000e-01 ; 1.400e+00 ; 2.8290000e+00 ; 2.3700000e+02 
3.500e+01 ; 8.000e-01 ; 1.400e+00 ; 2.9570000e+00 ; 2.3700000e+02 
3.500e+01 ; 8.000e-01 ; 1.400e+00 ; 3.2130001e+00 ; 2.3700000e+02 
3.500e+01 ; 8.000e-01 ; 1.400e+00 ; 3.7250000e+00 ; 2.3700000e+02 
3.500e+01 ; 8.000e-01 ; 1.400e+00 ; 4.0500001e+00 ; 2.3700000e+02 
3.500e+01 ; 8.000e-01 ; 1.400e+00 ; 4.0500001e+00 ; 2.3700000e+02 
3.500e+01 ; 8.000e-01 ; 1.400e+00 ; 4.0510001e+00 ; 2.3700000e+02 
3.500e+01 ; 8.000e-01 ; 1.400e+00 ; 4.0520001e+00 ; 2.3700000e+02 
3.500e+01 ; 8.000e-01 ; 1.400e+00 ; 4.0530001e+00 ; 2.3700000e+02 
3.500e+01 ; 8.000e-01 ; 1.400e+00 ; 4.0550001e+00 ; 2.3700000e+02 
3.500e+01 ; 8.000e-01 ; 1.400e+00 ; 4.0590001e+00 ; 2.3700000e+02 
3.500e+01 ; 8.000e-01 ; 1.400e+00 ; 4.0670001e+00 ; 2.3700000e+02 
3.500e+01 ; 8.000e-01 ; 1.400e+00 ; 4.0830001e+00 ; 2.3700000e+02 
3.500e+01 ; 8.000e-01 ; 1.400e+00 ; 4.1150001e+00 ; 2.3700000e+02 
3.500e+01 ; 8.000e-01 ; 1.400e+00 ; 4.1790001e+00 ; 2.3700000e+02 
3.500e+01 ; 8.000e-01 ; 1.400e+00 ; 4.3070001e+00 ; 2.3700000e+02 
3.500e+01 ; 8.000e-01 ; 1.400e+00 ; 4.5630001e+00 ; 2.3700000e+02 
3.500e+01 ; 8.000e-01 ; 1.400e+00 ; 5.0750000e+00 ; 2.3700000e+02 
3.500e+01 ; 8.000e-01 ; 1.400e+00 ; 5.4000001e+00 ; 2.3700000e+02 
3.500e+01 ; 8.000e-01 ; 1.400e+00 ; 5.4000001e+00 ; 2.3700000e+02 
3.500e+01 ; 8.000e-01 ; 1.400e+00 ; 5.4010001e+00 ; 2.3700000e+02 
3.500e+01 ; 8.000e-01 ; 1.400e+00 ; 5.4020001e+00 ; 2.3700000e+02 
3.500e+01 ; 8.000e-01 ; 1.400e+00 ; 5.4030001e+00 ; 2.3700000e+02 
3.500e+01 ; 8.000e-01 ; 1.400e+00 ; 5.4050001e+00 ; 2.3700000e+02 
3.500e+01 ; 8.000e-01 ; 1.400e+00 ; 5.4090001e+00 ; 2.3700000e+02 
3.500e+01 ; 8.000e-01 ; 1.400e+00 ; 5.4170001e+00 ; 2.3700000e+02 
3.500e+01 ; 8.000e-01 ; 1.400e+00 ; 5.4330001e+00 ; 2.3700000e+02 
3.500e+01 ; 8.000e-01 ; 1.400e+00 ; 5.4650001e+00 ; 2.3700000e+02 
3.500e+01 ; 8.000e-01 ; 1.400e+00 ; 5.5290001e+00 ; 2.3700000e+02 
3.500e+01 ; 8.000e-01 ; 1.400e+00 ; 5.6570001e+00 ; 2.3700000e+02 
3.500e+01 ; 8.000e-01 ; 1.400e+00 ; 5.9130001e+00 ; 2.3700000e+02 
3.500e+01 ; 8.000e-01 ; 1.400e+00 ; 6.4250001e+00 ; 2.3700000e+02 
3.500e+01 ; 8.000e-01 ; 1.400e+00 ; 6.7500001e+00 ; 2.3700000e+02 
3.500e+01 ; 8.000e-01 ; 1.400e+00 ; 6.7500001e+00 ; 2.3700000e+02 
3.500e+01 ; 8.000e-01 ; 1.400e+00 ; 6.7510001e+00 ; 2.3700000e+02 
3.500e+01 ; 8.000e-01 ; 1.400e+00 ; 6.7520001e+00 ; 2.3700000e+02 
3.500e+01 ; 8.000e-01 ; 1.400e+00 ; 6.7530001e+00 ; 2.3700000e+02 
3.500e+01 ; 8.000e-01 ; 1.400e+00 ; 6.7550001e+00 ; 2.3700000e+02 
3.500e+01 ; 8.000e-01 ; 1.400e+00 ; 6.7590001e+00 ; 2.3700000e+02 
3.500e+01 ; 8.000e-01 ; 1.400e+00 ; 6.7670001e+00 ; 2.3700000e+02 
3.500e+01 ; 8.000e-01 ; 1.400e+00 ; 6.7830001e+00 ; 2.3700000e+02 
3.500e+01 ; 8.000e-01 ; 1.400e+00 ; 6.8150001e+00 ; 2.3700000e+02 
3.500e+01 ; 8.000e-01 ; 1.400e+00 ; 6.8790001e+00 ; 2.3700000e+02 
3.500e+01 ; 8.000e-01 ; 1.400e+00 ; 7.0070001e+00 ; 2.3700000e+02 
3.500e+01 ; 8.000e-01 ; 1.400e+00 ; 7.2630001e+00 ; 2.3700000e+02 
3.500e+01 ; 8.000e-01 ; 1.400e+00 ; 7.7750001e+00 ; 2.3700000e+02 
3.500e+01 ; 8.000e-01 ; 1.400e+00 ; 8.1000001e+00 ; 2.3700000e+02 
3.500e+01 ; 8.000e-01 ; 1.400e+00 ; 8.1000001e+00 ; 2.3700000e+02 
3.500e+01 ; 8.000e-01 ; 1.400e+00 ; 8.1010001e+00 ; 2.3700000e+02 
3.500e+01 ; 8.000e-01 ; 1.400e+00 ; 8.1020001e+00 ; 2.3700000e+02 
3.500e+01 ; 8.000e-01 ; 1.400e+00 ; 8.1030001e+00 ; 2.3700000e+02 
3.500e+01 ; 8.000e-01 ; 1.400e+00 ; 8.1050001e+00 ; 2.3700000e+02 
3.500e+01 ; 8.000e-01 ; 1.400e+00 ; 8.1090001e+00 ; 2.3700000e+02 
3.500e+01 ; 8.000e-01 ; 1.400e+00 ; 8.1170001e+00 ; 2.3700000e+02 
3.500e+01 ; 8.000e-01 ; 1.400e+00 ; 8.1330001e+00 ; 2.3700000e+02 
3.500e+01 ; 8.000e-01 ; 1.400e+00 ; 8.1650001e+00 ; 2.3700000e+02 
3.500e+01 ; 8.000e-01 ; 1.400e+00 ; 8.2290001e+00 ; 2.3700000e+02 
3.500e+01 ; 8.000e-01 ; 1.400e+00 ; 8.3570001e+00 ; 2.3700000e+02 
3.500e+01 ; 8.000e-01 ; 1.400e+00 ; 8.6130002e+00 ; 2.3700000e+02 
3.500e+01 ; 8.000e-01 ; 1.400e+00 ; 9.1250001e+00 ; 2.3700000e+02 
3.500e+01 ; 8.000e-01 ; 1.400e+00 ; 9.4500002e+00 ; 2.3700000e+02 
3.500e+01 ; 8.000e-01 ; 1.400e+00 ; 9.4500002e+00 ; 2.3700000e+02 
3.500e+01 ; 8.000e-01 ; 1.400e+00 ; 9.4510002e+00 ; 2.3700000e+02 
3.500e+01 ; 8.000e-01 ; 1.400e+00 ; 9.4520002e+00 ; 2.3700000e+02 
3.500e+01 ; 8.000e-01 ; 1.400e+00 ; 9.4530002e+00 ; 2.3700000e+02 
3.500e+01 ; 8.000e-01 ; 1.400e+00 ; 9.4550002e+00 ; 2.3700000e+02 
3.500e+01 ; 8.000e-01 ; 1.400e+00 ; 9.4590002e+00 ; 2.3700000e+02 
3.500e+01 ; 8.000e-01 ; 1.400e+00 ; 9.4670002e+00 ; 2.3700000e+02 
3.500e+01 ; 8.000e-01 ; 1.400e+00 ; 9.4830002e+00 ; 2.3700000e+02 
3.500e+01 ; 8.000e-01 ; 1.400e+00 ; 9.5150002e+00 ; 2.3700000e+02 
3.500e+01 ; 8.000e-01 ; 1.400e+00 ; 9.5790002e+00 ; 2.3700000e+02 
3.500e+01 ; 8.000e-01 ; 1.400e+00 ; 9.7070002e+00 ; 2.3700000e+02 
3.500e+01 ; 8.000e-01 ; 1.400e+00 ; 9.9630002e+00 ; 2.3700000e+02 
3.500e+01 ; 8.000e-01 ; 1.400e+00 ; 1.0475000e+01 ; 2.3700000e+02 
3.500e+01 ; 8.000e-01 ; 1.400e+00 ; 1.0800000e+01 ; 2.3700000e+02 
3.500e+01 ; 8.000e-01 ; 1.400e+00 ; 1.0800000e+01 ; 2.3700000e+02 
3.500e+01 ; 8.000e-01 ; 1.400e+00 ; 1.0801000e+01 ; 2.3700000e+02 
3.500e+01 ; 8.000e-01 ; 1.400e+00 ; 1.0802000e+01 ; 2.3700000e+02 
3.500e+01 ; 8.000e-01 ; 1.400e+00 ; 1.0803000e+01 ; 2.3700000e+02 
3.500e+01 ; 8.000e-01 ; 1.400e+00 ; 1.0805000e+01 ; 2.3700000e+02 
3.500e+01 ; 8.000e-01 ; 1.400e+00 ; 1.0809000e+01 ; 2.3700000e+02 
3.500e+01 ; 8.000e-01 ; 1.400e+00 ; 1.0817000e+01 ; 2.3700000e+02 
3.500e+01 ; 8.000e-01 ; 1.400e+00 ; 1.0833000e+01 ; 2.3700000e+02 
3.500e+01 ; 8.000e-01 ; 1.400e+00 ; 1.0865000e+01 ; 2.3700000e+02 
3.500e+01 ; 8.000e-01 ; 1.400e+00 ; 1.0929000e+01 ; 2.3700000e+02 
3.500e+01 ; 8.000e-01 ; 1.400e+00 ; 1.1057000e+01 ; 2.3700000e+02 
3.500e+01 ; 8.000e-01 ; 1.400e+00 ; 1.1313000e+01 ; 2.3700000e+02 
3.500e+01 ; 8.000e-01 ; 1.400e+00 ; 1.1825000e+01 ; 2.3700000e+02 
3.500e+01 ; 8.000e-01 ; 1.400e+00 ; 1.2150000e+01 ; 2.3700000e+02 
3.500e+01 ; 8.000e-01 ; 1.400e+00 ; 1.2150000e+01 ; 2.3700000e+02 
3.500e+01 ; 8.000e-01 ; 1.400e+00 ; 1.2151000e+01 ; 2.3700000e+02 
3.500e+01 ; 8.000e-01 ; 1.400e+00 ; 1.2152000e+01 ; 2.3700000e+02 
3.500e+01 ; 8.000e-01 ; 1.400e+00 ; 1.2153000e+01 ; 2.3700000e+02 
3.500e+01 ; 8.000e-01 ; 1.400e+00 ; 1.2155000e+01 ; 2.3700000e+02 
3.500e+01 ; 8.000e-01 ; 1.400e+00 ; 1.2159000e+01 ; 2.3700000e+02 
3.500e+01 ; 8.000e-01 ; 1.400e+00 ; 1.2167000e+01 ; 2.3700000e+02 
3.500e+01 ; 8.000e-01 ; 1.400e+00 ; 1.2183000e+01 ; 2.3700000e+02 
3.500e+01 ; 8.000e-01 ; 1.400e+00 ; 1.2215000e+01 ; 2.3700000e+02 
3.500e+01 ; 8.000e-01 ; 1.400e+00 ; 1.2279000e+01 ; 2.3700000e+02 
3.500e+01 ; 8.000e-01 ; 1.400e+00 ; 1.2407000e+01 ; 2.3700000e+02 
3.500e+01 ; 8.000e-01 ; 1.400e+00 ; 1.2663000e+01 ; 2.3700000e+02 
3.500e+01 ; 8.000e-01 ; 1.400e+00 ; 1.3175000e+01 ; 2.3700000e+02 
3.500e+01 ; 8.000e-01 ; 1.400e+00 ; 1.3500000e+01 ; 2.3700000e+02 
3.500e+01 ; 8.000e-01 ; 1.400e+00 ; 1.3500000e+01 ; 2.3700000e+02 
3.500e+01 ; 8.000e-01 ; 1.400e+00 ; 1.3501000e+01 ; 2.3700000e+02 
3.500e+01 ; 8.000e-01 ; 1.400e+00 ; 1.3502000e+01 ; 2.3700000e+02 
3.500e+01 ; 8.000e-01 ; 1.400e+00 ; 1.3503000e+01 ; 2.3700000e+02 
3.500e+01 ; 8.000e-01 ; 1.400e+00 ; 1.3505000e+01 ; 2.3700000e+02 
3.500e+01 ; 8.000e-01 ; 1.400e+00 ; 1.3509000e+01 ; 2.3700000e+02 
3.500e+01 ; 8.000e-01 ; 1.400e+00 ; 1.3517000e+01 ; 2.3700000e+02 
3.500e+01 ; 8.000e-01 ; 1.400e+00 ; 1.3533000e+01 ; 2.3700000e+02 
3.500e+01 ; 8.000e-01 ; 1.400e+00 ; 1.3565000e+01 ; 2.3700000e+02 
3.500e+01 ; 8.000e-01 ; 1.400e+00 ; 1.3629000e+01 ; 2.3700000e+02 
3.500e+01 ; 8.000e-01 ; 1.400e+00 ; 1.3757000e+01 ; 2.3700000e+02 
3.500e+01 ; 8.000e-01 ; 1.400e+00 ; 1.4013000e+01 ; 2.3700000e+02 
3.500e+01 ; 8.000e-01 ; 1.400e+00 ; 1.4525000e+01 ; 2.3700000e+02 
3.500e+01 ; 8.000e-01 ; 1.400e+00 ; 1.4850000e+01 ; 2.3700000e+02 
3.500e+01 ; 8.000e-01 ; 1.400e+00 ; 1.4850000e+01 ; 2.3700000e+02 
3.500e+01 ; 8.000e-01 ; 1.400e+00 ; 1.4851000e+01 ; 2.3700000e+02 
3.500e+01 ; 8.000e-01 ; 1.400e+00 ; 1.4852000e+01 ; 2.3700000e+02 
3.500e+01 ; 8.000e-01 ; 1.400e+00 ; 1.4853000e+01 ; 2.3700000e+02 
3.500e+01 ; 8.000e-01 ; 1.400e+00 ; 1.4855000e+01 ; 2.3700000e+02 
3.500e+01 ; 8.000e-01 ; 1.400e+00 ; 1.4859000e+01 ; 2.3700000e+02 
3.500e+01 ; 8.000e-01 ; 1.400e+00 ; 1.4867000e+01 ; 2.3700000e+02 
3.500e+01 ; 8.000e-01 ; 1.400e+00 ; 1.4883000e+01 ; 2.3700000e+02 
3.500e+01 ; 8.000e-01 ; 1.400e+00 ; 1.4915000e+01 ; 2.3700000e+02 
3.500e+01 ; 8.000e-01 ; 1.400e+00 ; 1.4979000e+01 ; 2.3700000e+02 
3.500e+01 ; 8.000e-01 ; 1.400e+00 ; 1.5107000e+01 ; 2.3700000e+02 
3.500e+01 ; 8.000e-01 ; 1.400e+00 ; 1.5363000e+01 ; 2.3700000e+02 
3.500e+01 ; 8.000e-01 ; 1.400e+00 ; 1.5875000e+01 ; 2.3700000e+02 
3.500e+01 ; 8.000e-01 ; 1.400e+00 ; 1.6200000e+01 ; 2.3700000e+02 
3.500e+01 ; 8.000e-01 ; 1.400e+00 ; 1.6200000e+01 ; 2.3700000e+02 
3.500e+01 ; 8.000e-01 ; 1.400e+00 ; 1.6201000e+01 ; 2.3700000e+02 
3.500e+01 ; 8.000e-01 ; 1.400e+00 ; 1.6202000e+01 ; 2.3700000e+02 
3.500e+01 ; 8.000e-01 ; 1.400e+00 ; 1.6203000e+01 ; 2.3700000e+02 
3.500e+01 ; 8.000e-01 ; 1.400e+00 ; 1.6205000e+01 ; 2.3700000e+02 
3.500e+01 ; 8.000e-01 ; 1.400e+00 ; 1.6209000e+01 ; 2.3700000e+02 
3.500e+01 ; 8.000e-01 ; 1.400e+00 ; 1.6217000e+01 ; 2.3700000e+02 
3.500e+01 ; 8.000e-01 ; 1.400e+00 ; 1.6233000e+01 ; 2.3700000e+02 
3.500e+01 ; 8.000e-01 ; 1.400e+00 ; 1.6265000e+01 ; 2.3700000e+02 
3.500e+01 ; 8.000e-01 ; 1.400e+00 ; 1.6329000e+01 ; 2.3700000e+02 
3.500e+01 ; 8.000e-01 ; 1.400e+00 ; 1.6457000e+01 ; 2.3700000e+02 
3.500e+01 ; 8.000e-01 ; 1.400e+00 ; 1.6713000e+01 ; 2.3700000e+02 
3.500e+01 ; 8.000e-01 ; 1.400e+00 ; 1.7225000e+01 ; 2.3700000e+02 
3.500e+01 ; 8.000e-01 ; 1.400e+00 ; 1.7550000e+01 ; 2.3700000e+02 
3.500e+01 ; 8.000e-01 ; 1.400e+00 ; 1.7550000e+01 ; 2.3700000e+02 
3.500e+01 ; 8.000e-01 ; 1.400e+00 ; 1.7551000e+01 ; 2.3700000e+02 
3.500e+01 ; 8.000e-01 ; 1.400e+00 ; 1.7552000e+01 ; 2.3700000e+02 
3.500e+01 ; 8.000e-01 ; 1.400e+00 ; 1.7553000e+01 ; 2.3700000e+02 
3.500e+01 ; 8.000e-01 ; 1.400e+00 ; 1.7555000e+01 ; 2.3700000e+02 
3.500e+01 ; 8.000e-01 ; 1.400e+00 ; 1.7559000e+01 ; 2.3700000e+02 
3.500e+01 ; 8.000e-01 ; 1.400e+00 ; 1.7567000e+01 ; 2.3700000e+02 
3.500e+01 ; 8.000e-01 ; 1.400e+00 ; 1.7583000e+01 ; 2.3700000e+02 
3.500e+01 ; 8.000e-01 ; 1.400e+00 ; 1.7615000e+01 ; 2.3700000e+02 
3.500e+01 ; 8.000e-01 ; 1.400e+00 ; 1.7679000e+01 ; 2.3700000e+02 
3.500e+01 ; 8.000e-01 ; 1.400e+00 ; 1.7807000e+01 ; 2.3700000e+02 
3.500e+01 ; 8.000e-01 ; 1.400e+00 ; 1.8063000e+01 ; 2.3700000e+02 
3.500e+01 ; 8.000e-01 ; 1.400e+00 ; 1.8575000e+01 ; 2.3700000e+02 
3.500e+01 ; 8.000e-01 ; 1.400e+00 ; 1.8900000e+01 ; 2.3700000e+02 
3.500e+01 ; 8.000e-01 ; 1.400e+00 ; 1.8900000e+01 ; 2.3700000e+02 
3.500e+01 ; 8.000e-01 ; 1.400e+00 ; 1.8901000e+01 ; 2.3700000e+02 
3.500e+01 ; 8.000e-01 ; 1.400e+00 ; 1.8902000e+01 ; 2.3700000e+02 
3.500e+01 ; 8.000e-01 ; 1.400e+00 ; 1.8903000e+01 ; 2.3700000e+02 
3.500e+01 ; 8.000e-01 ; 1.400e+00 ; 1.8905000e+01 ; 2.3700000e+02 
3.500e+01 ; 8.000e-01 ; 1.400e+00 ; 1.8909000e+01 ; 2.3700000e+02 
3.500e+01 ; 8.000e-01 ; 1.400e+00 ; 1.8917000e+01 ; 2.3700000e+02 
3.500e+01 ; 8.000e-01 ; 1.400e+00 ; 1.8933000e+01 ; 2.3700000e+02 
3.500e+01 ; 8.000e-01 ; 1.400e+00 ; 1.8965000e+01 ; 2.3700000e+02 
3.500e+01 ; 8.000e-01 ; 1.400e+00 ; 1.9029000e+01 ; 2.3700000e+02 
3.500e+01 ; 8.000e-01 ; 1.400e+00 ; 1.9157000e+01 ; 2.3700000e+02 
3.500e+01 ; 8.000e-01 ; 1.400e+00 ; 1.9413000e+01 ; 2.3700000e+02 
3.500e+01 ; 8.000e-01 ; 1.400e+00 ; 1.9925000e+01 ; 2.3700000e+02 
3.500e+01 ; 8.000e-01 ; 1.400e+00 ; 2.0250000e+01 ; 2.3700000e+02 
3.500e+01 ; 8.000e-01 ; 1.400e+00 ; 2.0250000e+01 ; 2.3700000e+02 
3.500e+01 ; 8.000e-01 ; 1.400e+00 ; 2.0251000e+01 ; 2.3700000e+02 
3.500e+01 ; 8.000e-01 ; 1.400e+00 ; 2.0252000e+01 ; 2.3700000e+02 
3.500e+01 ; 8.000e-01 ; 1.400e+00 ; 2.0253000e+01 ; 2.3700000e+02 
3.500e+01 ; 8.000e-01 ; 1.400e+00 ; 2.0255000e+01 ; 2.3700000e+02 
3.500e+01 ; 8.000e-01 ; 1.400e+00 ; 2.0259000e+01 ; 2.3700000e+02 
3.500e+01 ; 8.000e-01 ; 1.400e+00 ; 2.0267000e+01 ; 2.3700000e+02 
3.500e+01 ; 8.000e-01 ; 1.400e+00 ; 2.0283000e+01 ; 2.3700000e+02 
3.500e+01 ; 8.000e-01 ; 1.400e+00 ; 2.0315000e+01 ; 2.3700000e+02 
3.500e+01 ; 8.000e-01 ; 1.400e+00 ; 2.0379000e+01 ; 2.3700000e+02 
3.500e+01 ; 8.000e-01 ; 1.400e+00 ; 2.0507000e+01 ; 2.3700000e+02 
3.500e+01 ; 8.000e-01 ; 1.400e+00 ; 2.0763000e+01 ; 2.3700000e+02 
3.500e+01 ; 8.000e-01 ; 1.400e+00 ; 2.1275000e+01 ; 2.3700000e+02 
3.500e+01 ; 8.000e-01 ; 1.400e+00 ; 2.1600000e+01 ; 2.3700000e+02 
3.500e+01 ; 8.000e-01 ; 1.400e+00 ; 2.1600000e+01 ; 2.3700000e+02 
3.500e+01 ; 8.000e-01 ; 1.400e+00 ; 2.1601000e+01 ; 2.3688954e+02 
3.500e+01 ; 8.000e-01 ; 1.400e+00 ; 2.1602000e+01 ; 2.3677916e+02 
3.500e+01 ; 8.000e-01 ; 1.400e+00 ; 2.1603000e+01 ; 2.3666885e+02 
3.500e+01 ; 8.000e-01 ; 1.400e+00 ; 2.1605000e+01 ; 2.3644858e+02 
3.500e+01 ; 8.000e-01 ; 1.400e+00 ; 2.1609000e+01 ; 2.3600931e+02 
3.500e+01 ; 8.000e-01 ; 1.400e+00 ; 2.1617000e+01 ; 2.3513591e+02 
3.500e+01 ; 8.000e-01 ; 1.400e+00 ; 2.1633000e+01 ; 2.3340947e+02 
3.500e+01 ; 8.000e-01 ; 1.400e+00 ; 2.1665000e+01 ; 2.3003651e+02 
3.500e+01 ; 8.000e-01 ; 1.400e+00 ; 2.1729000e+01 ; 2.2359819e+02 
3.500e+01 ; 8.000e-01 ; 1.400e+00 ; 2.1857000e+01 ; 2.1185837e+02 
3.500e+01 ; 8.000e-01 ; 1.400e+00 ; 2.2113000e+01 ; 1.9224139e+02 
3.500e+01 ; 8.000e-01 ; 1.400e+00 ; 2.2625000e+01 ; 1.6416818e+02 
3.500e+01 ; 8.000e-01 ; 1.400e+00 ; 2.2950000e+01 ; 1.4990231e+02 
3.500e+01 ; 8.000e-01 ; 1.400e+00 ; 2.2950000e+01 ; 1.4990231e+02 
3.500e+01 ; 8.000e-01 ; 1.400e+00 ; 2.2951000e+01 ; 1.4985846e+02 
3.500e+01 ; 8.000e-01 ; 1.400e+00 ; 2.2952000e+01 ; 1.4981462e+02 
3.500e+01 ; 8.000e-01 ; 1.400e+00 ; 2.2953000e+01 ; 1.4977084e+02 
3.500e+01 ; 8.000e-01 ; 1.400e+00 ; 2.2955000e+01 ; 1.4968341e+02 
3.500e+01 ; 8.000e-01 ; 1.400e+00 ; 2.2959000e+01 ; 1.4950911e+02 
3.500e+01 ; 8.000e-01 ; 1.400e+00 ; 2.2967000e+01 ; 1.4916280e+02 
3.500e+01 ; 8.000e-01 ; 1.400e+00 ; 2.2983000e+01 ; 1.4847906e+02 
3.500e+01 ; 8.000e-01 ; 1.400e+00 ; 2.3015000e+01 ; 1.4714613e+02 
3.500e+01 ; 8.000e-01 ; 1.400e+00 ; 2.3079000e+01 ; 1.4460979e+02 
3.500e+01 ; 8.000e-01 ; 1.400e+00 ; 2.3207000e+01 ; 1.3999692e+02 
3.500e+01 ; 8.000e-01 ; 1.400e+00 ; 2.3463000e+01 ; 1.3225792e+02 
3.500e+01 ; 8.000e-01 ; 1.400e+00 ; 2.3975000e+01 ; 1.2091447e+02 
3.500e+01 ; 8.000e-01 ; 1.400e+00 ; 2.4300000e+01 ; 1.1501926e+02 
3.500e+01 ; 8.000e-01 ; 1.400e+00 ; 2.4300000e+01 ; 1.1501926e+02 
3.500e+01 ; 8.000e-01 ; 1.400e+00 ; 2.4301000e+01 ; 1.1500113e+02 
3.500e+01 ; 8.000e-01 ; 1.400e+00 ; 2.4302000e+01 ; 1.1498302e+02 
3.500e+01 ; 8.000e-01 ; 1.400e+00 ; 2.4303000e+01 ; 1.1496492e+02 
3.500e+01 ; 8.000e-01 ; 1.400e+00 ; 2.4305000e+01 ; 1.1492877e+02 
3.500e+01 ; 8.000e-01 ; 1.400e+00 ; 2.4309000e+01 ; 1.1485668e+02 
3.500e+01 ; 8.000e-01 ; 1.400e+00 ; 2.4317000e+01 ; 1.1471332e+02 
3.500e+01 ; 8.000e-01 ; 1.400e+00 ; 2.4333000e+01 ; 1.1442985e+02 
3.500e+01 ; 8.000e-01 ; 1.400e+00 ; 2.4365000e+01 ; 1.1387560e+02 
3.500e+01 ; 8.000e-01 ; 1.400e+00 ; 2.4429000e+01 ; 1.1281556e+02 
3.500e+01 ; 8.000e-01 ; 1.400e+00 ; 2.4557000e+01 ; 1.1087196e+02 
3.500e+01 ; 8.000e-01 ; 1.400e+00 ; 2.4813000e+01 ; 1.0757291e+02 
3.500e+01 ; 8.000e-01 ; 1.400e+00 ; 2.5325000e+01 ; 1.0264058e+02 
3.500e+01 ; 8.000e-01 ; 1.400e+00 ; 2.5650000e+01 ; 1.0003728e+02 
3.500e+01 ; 8.000e-01 ; 1.400e+00 ; 2.5650000e+01 ; 1.0003728e+02 
3.500e+01 ; 8.000e-01 ; 1.400e+00 ; 2.5651000e+01 ; 1.0002927e+02 
3.500e+01 ; 8.000e-01 ; 1.400e+00 ; 2.5652000e+01 ; 1.0002128e+02 
3.500e+01 ; 8.000e-01 ; 1.400e+00 ; 2.5653000e+01 ; 1.0001328e+02 
3.500e+01 ; 8.000e-01 ; 1.400e+00 ; 2.5655000e+01 ; 9.9997314e+01 
3.500e+01 ; 8.000e-01 ; 1.400e+00 ; 2.5659000e+01 ; 9.9965446e+01 
3.500e+01 ; 8.000e-01 ; 1.400e+00 ; 2.5667000e+01 ; 9.9902039e+01 
3.500e+01 ; 8.000e-01 ; 1.400e+00 ; 2.5683000e+01 ; 9.9776466e+01 
3.500e+01 ; 8.000e-01 ; 1.400e+00 ; 2.5715000e+01 ; 9.9530144e+01 
3.500e+01 ; 8.000e-01 ; 1.400e+00 ; 2.5779000e+01 ; 9.9055801e+01 
3.500e+01 ; 8.000e-01 ; 1.400e+00 ; 2.5907000e+01 ; 9.8173073e+01 
3.500e+01 ; 8.000e-01 ; 1.400e+00 ; 2.6163000e+01 ; 9.6625031e+01 
3.500e+01 ; 8.000e-01 ; 1.400e+00 ; 2.6675000e+01 ; 9.4149498e+01 
3.500e+01 ; 8.000e-01 ; 1.400e+00 ; 2.7000000e+01 ; 9.2779175e+01 
3.500e+01 ; 8.000e-01 ; 1.400e+00 ; 2.7000000e+01 ; 9.2779175e+01 
3.500e+01 ; 8.000e-01 ; 1.400e+00 ; 2.7001000e+01 ; 9.2774963e+01 
3.500e+01 ; 8.000e-01 ; 1.400e+00 ; 2.7002000e+01 ; 9.2770752e+01 
3.500e+01 ; 8.000e-01 ; 1.400e+00 ; 2.7003000e+01 ; 9.2766541e+01 
3.500e+01 ; 8.000e-01 ; 1.400e+00 ; 2.7005000e+01 ; 9.2758125e+01 
3.500e+01 ; 8.000e-01 ; 1.400e+00 ; 2.7009000e+01 ; 9.2741325e+01 
3.500e+01 ; 8.000e-01 ; 1.400e+00 ; 2.7017000e+01 ; 9.2707855e+01 
3.500e+01 ; 8.000e-01 ; 1.400e+00 ; 2.7033000e+01 ; 9.2641380e+01 
3.500e+01 ; 8.000e-01 ; 1.400e+00 ; 2.7065000e+01 ; 9.2510292e+01 
3.500e+01 ; 8.000e-01 ; 1.400e+00 ; 2.7129000e+01 ; 9.2255211e+01 
3.500e+01 ; 8.000e-01 ; 1.400e+00 ; 2.7257000e+01 ; 9.1771065e+01 
3.500e+01 ; 8.000e-01 ; 1.400e+00 ; 2.7513000e+01 ; 9.0891319e+01 
3.500e+01 ; 8.000e-01 ; 1.400e+00 ; 2.8025000e+01 ; 8.9400406e+01 
3.500e+01 ; 8.000e-01 ; 1.400e+00 ; 2.8350001e+01 ; 8.8545059e+01 
3.500e+01 ; 8.000e-01 ; 1.400e+00 ; 2.8350001e+01 ; 8.8545059e+01 
3.500e+01 ; 8.000e-01 ; 1.400e+00 ; 2.8351001e+01 ; 8.8542427e+01 
3.500e+01 ; 8.000e-01 ; 1.400e+00 ; 2.8352001e+01 ; 8.8539795e+01 
3.500e+01 ; 8.000e-01 ; 1.400e+00 ; 2.8353001e+01 ; 8.8537170e+01 
3.500e+01 ; 8.000e-01 ; 1.400e+00 ; 2.8355001e+01 ; 8.8531914e+01 
3.500e+01 ; 8.000e-01 ; 1.400e+00 ; 2.8359001e+01 ; 8.8521416e+01 
3.500e+01 ; 8.000e-01 ; 1.400e+00 ; 2.8367001e+01 ; 8.8500481e+01 
3.500e+01 ; 8.000e-01 ; 1.400e+00 ; 2.8383001e+01 ; 8.8458817e+01 
3.500e+01 ; 8.000e-01 ; 1.400e+00 ; 2.8415000e+01 ; 8.8376350e+01 
3.500e+01 ; 8.000e-01 ; 1.400e+00 ; 2.8479000e+01 ; 8.8214691e+01 
3.500e+01 ; 8.000e-01 ; 1.400e+00 ; 2.8607000e+01 ; 8.7903664e+01 
3.500e+01 ; 8.000e-01 ; 1.400e+00 ; 2.8863001e+01 ; 8.7325096e+01 
3.500e+01 ; 8.000e-01 ; 1.400e+00 ; 2.9375000e+01 ; 8.6309273e+01 
3.500e+01 ; 8.000e-01 ; 1.400e+00 ; 2.9700001e+01 ; 8.5714615e+01 
3.500e+01 ; 8.000e-01 ; 1.400e+00 ; 2.9700001e+01 ; 8.5714615e+01 
3.500e+01 ; 8.000e-01 ; 1.400e+00 ; 2.9701001e+01 ; 8.5712791e+01 
3.500e+01 ; 8.000e-01 ; 1.400e+00 ; 2.9702001e+01 ; 8.5710960e+01 
3.500e+01 ; 8.000e-01 ; 1.400e+00 ; 2.9703001e+01 ; 8.5709129e+01 
3.500e+01 ; 8.000e-01 ; 1.400e+00 ; 2.9705001e+01 ; 8.5705475e+01 
3.500e+01 ; 8.000e-01 ; 1.400e+00 ; 2.9709001e+01 ; 8.5698174e+01 
3.500e+01 ; 8.000e-01 ; 1.400e+00 ; 2.9717001e+01 ; 8.5683601e+01 
3.500e+01 ; 8.000e-01 ; 1.400e+00 ; 2.9733001e+01 ; 8.5654572e+01 
3.500e+01 ; 8.000e-01 ; 1.400e+00 ; 2.9765001e+01 ; 8.5596992e+01 
3.500e+01 ; 8.000e-01 ; 1.400e+00 ; 2.9829001e+01 ; 8.5483681e+01 
3.500e+01 ; 8.000e-01 ; 1.400e+00 ; 2.9957001e+01 ; 8.5264084e+01 
3.500e+01 ; 8.000e-01 ; 1.400e+00 ; 3.0213001e+01 ; 8.4850647e+01 
3.500e+01 ; 8.000e-01 ; 1.400e+00 ; 3.0725001e+01 ; 8.4112038e+01 
3.500e+01 ; 8.000e-01 ; 1.400e+00 ; 3.1050001e+01 ; 8.3675537e+01 
3.500e+01 ; 8.000e-01 ; 1.400e+00 ; 3.1050001e+01 ; 8.3675537e+01 
3.500e+01 ; 8.000e-01 ; 1.400e+00 ; 3.1051001e+01 ; 8.3674194e+01 
3.500e+01 ; 8.000e-01 ; 1.400e+00 ; 3.1052001e+01 ; 8.3672852e+01 
3.500e+01 ; 8.000e-01 ; 1.400e+00 ; 3.1053001e+01 ; 8.3671509e+01 
3.500e+01 ; 8.000e-01 ; 1.400e+00 ; 3.1055001e+01 ; 8.3668823e+01 
3.500e+01 ; 8.000e-01 ; 1.400e+00 ; 3.1059001e+01 ; 8.3663467e+01 
3.500e+01 ; 8.000e-01 ; 1.400e+00 ; 3.1067001e+01 ; 8.3652763e+01 
3.500e+01 ; 8.000e-01 ; 1.400e+00 ; 3.1083001e+01 ; 8.3631432e+01 
3.500e+01 ; 8.000e-01 ; 1.400e+00 ; 3.1115001e+01 ; 8.3589081e+01 
3.500e+01 ; 8.000e-01 ; 1.400e+00 ; 3.1179001e+01 ; 8.3505592e+01 
3.500e+01 ; 8.000e-01 ; 1.400e+00 ; 3.1307001e+01 ; 8.3343262e+01 
3.500e+01 ; 8.000e-01 ; 1.400e+00 ; 3.1563001e+01 ; 8.3035980e+01 
3.500e+01 ; 8.000e-01 ; 1.400e+00 ; 3.2075001e+01 ; 8.2482841e+01 
3.500e+01 ; 8.000e-01 ; 1.400e+00 ; 3.2400001e+01 ; 8.2154617e+01 
3.500e+01 ; 8.000e-01 ; 1.400e+00 ; 3.2400001e+01 ; 8.2154617e+01 
3.500e+01 ; 8.000e-01 ; 1.400e+00 ; 3.2401001e+01 ; 8.2153610e+01 
3.500e+01 ; 8.000e-01 ; 1.400e+00 ; 3.2402001e+01 ; 8.2152603e+01 
3.500e+01 ; 8.000e-01 ; 1.400e+00 ; 3.2403001e+01 ; 8.2151588e+01 
3.500e+01 ; 8.000e-01 ; 1.400e+00 ; 3.2405001e+01 ; 8.2149574e+01 
3.500e+01 ; 8.000e-01 ; 1.400e+00 ; 3.2409001e+01 ; 8.2145546e+01 
3.500e+01 ; 8.000e-01 ; 1.400e+00 ; 3.2417001e+01 ; 8.2137489e+01 
3.500e+01 ; 8.000e-01 ; 1.400e+00 ; 3.2433001e+01 ; 8.2121445e+01 
3.500e+01 ; 8.000e-01 ; 1.400e+00 ; 3.2465001e+01 ; 8.2089577e+01 
3.500e+01 ; 8.000e-01 ; 1.400e+00 ; 3.2529001e+01 ; 8.2026695e+01 
3.500e+01 ; 8.000e-01 ; 1.400e+00 ; 3.2657001e+01 ; 8.1904266e+01 
3.500e+01 ; 8.000e-01 ; 1.400e+00 ; 3.2913001e+01 ; 8.1672005e+01 
3.500e+01 ; 8.000e-01 ; 1.400e+00 ; 3.3425001e+01 ; 8.1252594e+01 
3.500e+01 ; 8.000e-01 ; 1.400e+00 ; 3.3750001e+01 ; 8.1003319e+01 
3.500e+01 ; 8.000e-01 ; 1.400e+00 ; 3.3750001e+01 ; 8.1003319e+01 
3.500e+01 ; 8.000e-01 ; 1.400e+00 ; 3.3751001e+01 ; 8.1002548e+01 
3.500e+01 ; 8.000e-01 ; 1.400e+00 ; 3.3752001e+01 ; 8.1001785e+01 
3.500e+01 ; 8.000e-01 ; 1.400e+00 ; 3.3753001e+01 ; 8.1001015e+01 
3.500e+01 ; 8.000e-01 ; 1.400e+00 ; 3.3755001e+01 ; 8.0999481e+01 
3.500e+01 ; 8.000e-01 ; 1.400e+00 ; 3.3759001e+01 ; 8.0996422e+01 
3.500e+01 ; 8.000e-01 ; 1.400e+00 ; 3.3767001e+01 ; 8.0990311e+01 
3.500e+01 ; 8.000e-01 ; 1.400e+00 ; 3.3783001e+01 ; 8.0978119e+01 
3.500e+01 ; 8.000e-01 ; 1.400e+00 ; 3.3815001e+01 ; 8.0953903e+01 
3.500e+01 ; 8.000e-01 ; 1.400e+00 ; 3.3879001e+01 ; 8.0906120e+01 
3.500e+01 ; 8.000e-01 ; 1.400e+00 ; 3.4007001e+01 ; 8.0813026e+01 
3.500e+01 ; 8.000e-01 ; 1.400e+00 ; 3.4263001e+01 ; 8.0636253e+01 
3.500e+01 ; 8.000e-01 ; 1.400e+00 ; 3.4775001e+01 ; 8.0316658e+01 
3.500e+01 ; 8.000e-01 ; 1.400e+00 ; 3.5100001e+01 ; 8.0126579e+01 
3.500e+01 ; 8.000e-01 ; 1.400e+00 ; 3.5100001e+01 ; 8.0126579e+01 
3.500e+01 ; 8.000e-01 ; 1.400e+00 ; 3.5101001e+01 ; 8.0125999e+01 
3.500e+01 ; 8.000e-01 ; 1.400e+00 ; 3.5102001e+01 ; 8.0125412e+01 
3.500e+01 ; 8.000e-01 ; 1.400e+00 ; 3.5103001e+01 ; 8.0124825e+01 
3.500e+01 ; 8.000e-01 ; 1.400e+00 ; 3.5105001e+01 ; 8.0123657e+01 
3.500e+01 ; 8.000e-01 ; 1.400e+00 ; 3.5109001e+01 ; 8.0121323e+01 
3.500e+01 ; 8.000e-01 ; 1.400e+00 ; 3.5117001e+01 ; 8.0116661e+01 
3.500e+01 ; 8.000e-01 ; 1.400e+00 ; 3.5133001e+01 ; 8.0107368e+01 
3.500e+01 ; 8.000e-01 ; 1.400e+00 ; 3.5165001e+01 ; 8.0088905e+01 
3.500e+01 ; 8.000e-01 ; 1.400e+00 ; 3.5229001e+01 ; 8.0052452e+01 
3.500e+01 ; 8.000e-01 ; 1.400e+00 ; 3.5357001e+01 ; 7.9981438e+01 
3.500e+01 ; 8.000e-01 ; 1.400e+00 ; 3.5613001e+01 ; 7.9846542e+01 
3.500e+01 ; 8.000e-01 ; 1.400e+00 ; 3.6125001e+01 ; 7.9602531e+01 
3.500e+01 ; 8.000e-01 ; 1.400e+00 ; 3.6450001e+01 ; 7.9457382e+01 
3.500e+01 ; 8.000e-01 ; 1.400e+00 ; 3.6450001e+01 ; 7.9457382e+01 
3.500e+01 ; 8.000e-01 ; 1.400e+00 ; 3.6451001e+01 ; 7.9456932e+01 
3.500e+01 ; 8.000e-01 ; 1.400e+00 ; 3.6452001e+01 ; 7.9456490e+01 
3.500e+01 ; 8.000e-01 ; 1.400e+00 ; 3.6453001e+01 ; 7.9456039e+01 
3.500e+01 ; 8.000e-01 ; 1.400e+00 ; 3.6455001e+01 ; 7.9455147e+01 
3.500e+01 ; 8.000e-01 ; 1.400e+00 ; 3.6459001e+01 ; 7.9453369e+01 
3.500e+01 ; 8.000e-01 ; 1.400e+00 ; 3.6467001e+01 ; 7.9449806e+01 
3.500e+01 ; 8.000e-01 ; 1.400e+00 ; 3.6483001e+01 ; 7.9442711e+01 
3.500e+01 ; 8.000e-01 ; 1.400e+00 ; 3.6515001e+01 ; 7.9428604e+01 
3.500e+01 ; 8.000e-01 ; 1.400e+00 ; 3.6579001e+01 ; 7.9400772e+01 
3.500e+01 ; 8.000e-01 ; 1.400e+00 ; 3.6707001e+01 ; 7.9346527e+01 
3.500e+01 ; 8.000e-01 ; 1.400e+00 ; 3.6963001e+01 ; 7.9243484e+01 
3.500e+01 ; 8.000e-01 ; 1.400e+00 ; 3.7475001e+01 ; 7.9057060e+01 
3.500e+01 ; 8.000e-01 ; 1.400e+00 ; 3.7800001e+01 ; 7.8946159e+01 
3.500e+01 ; 8.000e-01 ; 1.400e+00 ; 3.7800001e+01 ; 7.8946159e+01 
3.500e+01 ; 8.000e-01 ; 1.400e+00 ; 3.7801001e+01 ; 7.8945816e+01 
3.500e+01 ; 8.000e-01 ; 1.400e+00 ; 3.7802001e+01 ; 7.8945473e+01 
3.500e+01 ; 8.000e-01 ; 1.400e+00 ; 3.7803001e+01 ; 7.8945129e+01 
3.500e+01 ; 8.000e-01 ; 1.400e+00 ; 3.7805001e+01 ; 7.8944450e+01 
3.500e+01 ; 8.000e-01 ; 1.400e+00 ; 3.7809001e+01 ; 7.8943085e+01 
3.500e+01 ; 8.000e-01 ; 1.400e+00 ; 3.7817001e+01 ; 7.8940369e+01 
3.500e+01 ; 8.000e-01 ; 1.400e+00 ; 3.7833001e+01 ; 7.8934944e+01 
3.500e+01 ; 8.000e-01 ; 1.400e+00 ; 3.7865001e+01 ; 7.8924171e+01 
3.500e+01 ; 8.000e-01 ; 1.400e+00 ; 3.7929001e+01 ; 7.8902901e+01 
3.500e+01 ; 8.000e-01 ; 1.400e+00 ; 3.8057001e+01 ; 7.8861450e+01 
3.500e+01 ; 8.000e-01 ; 1.400e+00 ; 3.8313001e+01 ; 7.8782715e+01 
3.500e+01 ; 8.000e-01 ; 1.400e+00 ; 3.8825001e+01 ; 7.8640259e+01 
3.500e+01 ; 8.000e-01 ; 1.400e+00 ; 3.9150001e+01 ; 7.8555511e+01 
3.500e+01 ; 8.000e-01 ; 1.400e+00 ; 3.9150001e+01 ; 7.8555511e+01 
3.500e+01 ; 8.000e-01 ; 1.400e+00 ; 3.9151001e+01 ; 7.8555244e+01 
3.500e+01 ; 8.000e-01 ; 1.400e+00 ; 3.9152001e+01 ; 7.8554985e+01 
3.500e+01 ; 8.000e-01 ; 1.400e+00 ; 3.9153001e+01 ; 7.8554726e+01 
3.500e+01 ; 8.000e-01 ; 1.400e+00 ; 3.9155001e+01 ; 7.8554207e+01 
3.500e+01 ; 8.000e-01 ; 1.400e+00 ; 3.9159001e+01 ; 7.8553162e+01 
3.500e+01 ; 8.000e-01 ; 1.400e+00 ; 3.9167001e+01 ; 7.8551086e+01 
3.500e+01 ; 8.000e-01 ; 1.400e+00 ; 3.9183001e+01 ; 7.8546944e+01 
3.500e+01 ; 8.000e-01 ; 1.400e+00 ; 3.9215001e+01 ; 7.8538704e+01 
3.500e+01 ; 8.000e-01 ; 1.400e+00 ; 3.9279001e+01 ; 7.8522453e+01 
3.500e+01 ; 8.000e-01 ; 1.400e+00 ; 3.9407001e+01 ; 7.8490784e+01 
3.500e+01 ; 8.000e-01 ; 1.400e+00 ; 3.9663001e+01 ; 7.8430611e+01 
3.500e+01 ; 8.000e-01 ; 1.400e+00 ; 4.0175001e+01 ; 7.8321747e+01 
3.500e+01 ; 8.000e-01 ; 1.400e+00 ; 4.0500001e+01 ; 7.8256989e+01 
3.500e+01 ; 8.000e-01 ; 1.400e+00 ; 4.0500001e+01 ; 7.8256989e+01 
3.500e+01 ; 8.000e-01 ; 1.400e+00 ; 4.0501001e+01 ; 7.8256783e+01 
3.500e+01 ; 8.000e-01 ; 1.400e+00 ; 4.0502001e+01 ; 7.8256584e+01 
3.500e+01 ; 8.000e-01 ; 1.400e+00 ; 4.0503001e+01 ; 7.8256386e+01 
3.500e+01 ; 8.000e-01 ; 1.400e+00 ; 4.0505001e+01 ; 7.8255989e+01 
3.500e+01 ; 8.000e-01 ; 1.400e+00 ; 4.0509001e+01 ; 7.8255196e+01 
3.500e+01 ; 8.000e-01 ; 1.400e+00 ; 4.0517001e+01 ; 7.8253609e+01 
3.500e+01 ; 8.000e-01 ; 1.400e+00 ; 4.0533001e+01 ; 7.8250443e+01 
3.500e+01 ; 8.000e-01 ; 1.400e+00 ; 4.0565001e+01 ; 7.8244148e+01 
3.500e+01 ; 8.000e-01 ; 1.400e+00 ; 4.0629001e+01 ; 7.8231728e+01 
3.500e+01 ; 8.000e-01 ; 1.400e+00 ; 4.0757001e+01 ; 7.8207527e+01 
3.500e+01 ; 8.000e-01 ; 1.400e+00 ; 4.1013001e+01 ; 7.8161545e+01 
3.500e+01 ; 8.000e-01 ; 1.400e+00 ; 4.1525001e+01 ; 7.8078362e+01 
3.500e+01 ; 8.000e-01 ; 1.400e+00 ; 4.1850001e+01 ; 7.8028870e+01 
3.500e+01 ; 8.000e-01 ; 1.400e+00 ; 4.1850001e+01 ; 7.8028870e+01 
3.500e+01 ; 8.000e-01 ; 1.400e+00 ; 4.1851001e+01 ; 7.8032555e+01 
3.500e+01 ; 8.000e-01 ; 1.400e+00 ; 4.1852001e+01 ; 7.8036255e+01 
3.500e+01 ; 8.000e-01 ; 1.400e+00 ; 4.1853001e+01 ; 7.8039978e+01 
3.500e+01 ; 8.000e-01 ; 1.400e+00 ; 4.1855001e+01 ; 7.8047516e+01 
3.500e+01 ; 8.000e-01 ; 1.400e+00 ; 4.1859001e+01 ; 7.8062965e+01 
3.500e+01 ; 8.000e-01 ; 1.400e+00 ; 4.1867001e+01 ; 7.8095299e+01 
3.500e+01 ; 8.000e-01 ; 1.400e+00 ; 4.1883001e+01 ; 7.8165504e+01 
3.500e+01 ; 8.000e-01 ; 1.400e+00 ; 4.1915001e+01 ; 7.8326385e+01 
3.500e+01 ; 8.000e-01 ; 1.400e+00 ; 4.1979001e+01 ; 7.8718109e+01 
3.500e+01 ; 8.000e-01 ; 1.400e+00 ; 4.2107001e+01 ; 7.9702530e+01 
3.500e+01 ; 8.000e-01 ; 1.400e+00 ; 4.2363001e+01 ; 8.2043053e+01 
3.500e+01 ; 8.000e-01 ; 1.400e+00 ; 4.2875001e+01 ; 8.6549957e+01 
3.500e+01 ; 8.000e-01 ; 1.400e+00 ; 4.3200001e+01 ; 8.8964935e+01 
3.500e+01 ; 8.000e-01 ; 1.400e+00 ; 4.3200001e+01 ; 8.8964935e+01 
3.500e+01 ; 8.000e-01 ; 1.400e+00 ; 4.3201001e+01 ; 8.8975647e+01 
3.500e+01 ; 8.000e-01 ; 1.400e+00 ; 4.3202001e+01 ; 8.8986351e+01 
3.500e+01 ; 8.000e-01 ; 1.400e+00 ; 4.3203001e+01 ; 8.8997063e+01 
3.500e+01 ; 8.000e-01 ; 1.400e+00 ; 4.3205001e+01 ; 8.9018463e+01 
3.500e+01 ; 8.000e-01 ; 1.400e+00 ; 4.3209001e+01 ; 8.9061241e+01 
3.500e+01 ; 8.000e-01 ; 1.400e+00 ; 4.3217001e+01 ; 8.9146645e+01 
3.500e+01 ; 8.000e-01 ; 1.400e+00 ; 4.3233001e+01 ; 8.9316849e+01 
3.500e+01 ; 8.000e-01 ; 1.400e+00 ; 4.3265001e+01 ; 8.9654541e+01 
3.500e+01 ; 8.000e-01 ; 1.400e+00 ; 4.3329001e+01 ; 9.0317093e+01 
3.500e+01 ; 8.000e-01 ; 1.400e+00 ; 4.3457001e+01 ; 9.1578850e+01 
3.500e+01 ; 8.000e-01 ; 1.400e+00 ; 4.3713001e+01 ; 9.3794884e+01 
3.500e+01 ; 8.000e-01 ; 1.400e+00 ; 4.4225001e+01 ; 9.6932732e+01 
3.500e+01 ; 8.000e-01 ; 1.400e+00 ; 4.4550001e+01 ; 9.8355118e+01 
3.500e+01 ; 8.000e-01 ; 1.400e+00 ; 4.4550001e+01 ; 9.8355118e+01 
3.500e+01 ; 8.000e-01 ; 1.400e+00 ; 4.4551001e+01 ; 9.8359489e+01 
3.500e+01 ; 8.000e-01 ; 1.400e+00 ; 4.4552001e+01 ; 9.8363846e+01 
3.500e+01 ; 8.000e-01 ; 1.400e+00 ; 4.4553001e+01 ; 9.8368202e+01 
3.500e+01 ; 8.000e-01 ; 1.400e+00 ; 4.4555001e+01 ; 9.8376877e+01 
3.500e+01 ; 8.000e-01 ; 1.400e+00 ; 4.4559001e+01 ; 9.8394112e+01 
3.500e+01 ; 8.000e-01 ; 1.400e+00 ; 4.4567001e+01 ; 9.8428093e+01 
3.500e+01 ; 8.000e-01 ; 1.400e+00 ; 4.4583001e+01 ; 9.8494164e+01 
3.500e+01 ; 8.000e-01 ; 1.400e+00 ; 4.4615001e+01 ; 9.8619011e+01 
3.500e+01 ; 8.000e-01 ; 1.400e+00 ; 4.4679001e+01 ; 9.8841568e+01 
3.500e+01 ; 8.000e-01 ; 1.400e+00 ; 4.4807001e+01 ; 9.9192406e+01 
3.500e+01 ; 8.000e-01 ; 1.400e+00 ; 4.5063001e+01 ; 9.9606026e+01 
3.500e+01 ; 8.000e-01 ; 1.400e+00 ; 4.5575001e+01 ; 9.9733025e+01 
3.500e+01 ; 8.000e-01 ; 1.400e+00 ; 4.5900001e+01 ; 9.9614586e+01 
3.500e+01 ; 8.000e-01 ; 1.400e+00 ; 4.5900001e+01 ; 9.9614586e+01 
3.500e+01 ; 8.000e-01 ; 1.400e+00 ; 4.5901001e+01 ; 9.9614220e+01 
3.500e+01 ; 8.000e-01 ; 1.400e+00 ; 4.5902001e+01 ; 9.9613846e+01 
3.500e+01 ; 8.000e-01 ; 1.400e+00 ; 4.5903001e+01 ; 9.9613480e+01 
3.500e+01 ; 8.000e-01 ; 1.400e+00 ; 4.5905001e+01 ; 9.9612732e+01 
3.500e+01 ; 8.000e-01 ; 1.400e+00 ; 4.5909001e+01 ; 9.9611206e+01 
3.500e+01 ; 8.000e-01 ; 1.400e+00 ; 4.5917001e+01 ; 9.9608040e+01 
3.500e+01 ; 8.000e-01 ; 1.400e+00 ; 4.5933001e+01 ; 9.9601234e+01 
3.500e+01 ; 8.000e-01 ; 1.400e+00 ; 4.5965001e+01 ; 9.9585854e+01 
3.500e+01 ; 8.000e-01 ; 1.400e+00 ; 4.6029001e+01 ; 9.9548523e+01 
3.500e+01 ; 8.000e-01 ; 1.400e+00 ; 4.6157001e+01 ; 9.9451378e+01 
3.500e+01 ; 8.000e-01 ; 1.400e+00 ; 4.6413001e+01 ; 9.9191429e+01 
3.500e+01 ; 8.000e-01 ; 1.400e+00 ; 4.6925001e+01 ; 9.8532349e+01 
3.500e+01 ; 8.000e-01 ; 1.400e+00 ; 4.7250001e+01 ; 9.8080734e+01 
3.500e+01 ; 8.000e-01 ; 1.400e+00 ; 4.7250001e+01 ; 9.8080734e+01 
3.500e+01 ; 8.000e-01 ; 1.400e+00 ; 4.7251001e+01 ; 9.8079338e+01 
3.500e+01 ; 8.000e-01 ; 1.400e+00 ; 4.7252001e+01 ; 9.8077950e+01 
3.500e+01 ; 8.000e-01 ; 1.400e+00 ; 4.7253001e+01 ; 9.8076561e+01 
3.500e+01 ; 8.000e-01 ; 1.400e+00 ; 4.7255001e+01 ; 9.8073776e+01 
3.500e+01 ; 8.000e-01 ; 1.400e+00 ; 4.7259001e+01 ; 9.8068207e+01 
3.500e+01 ; 8.000e-01 ; 1.400e+00 ; 4.7267001e+01 ; 9.8057053e+01 
3.500e+01 ; 8.000e-01 ; 1.400e+00 ; 4.7283001e+01 ; 9.8034660e+01 
3.500e+01 ; 8.000e-01 ; 1.400e+00 ; 4.7315001e+01 ; 9.7989594e+01 
3.500e+01 ; 8.000e-01 ; 1.400e+00 ; 4.7379001e+01 ; 9.7898491e+01 
3.500e+01 ; 8.000e-01 ; 1.400e+00 ; 4.7507001e+01 ; 9.7713417e+01 
3.500e+01 ; 8.000e-01 ; 1.400e+00 ; 4.7763001e+01 ; 9.7337990e+01 
3.500e+01 ; 8.000e-01 ; 1.400e+00 ; 4.8275001e+01 ; 9.6594925e+01 
3.500e+01 ; 8.000e-01 ; 1.400e+00 ; 4.8600001e+01 ; 9.6131386e+01 
3.500e+01 ; 8.000e-01 ; 1.400e+00 ; 4.8600001e+01 ; 9.6131386e+01 
3.500e+01 ; 8.000e-01 ; 1.400e+00 ; 4.8601001e+01 ; 9.6129959e+01 
3.500e+01 ; 8.000e-01 ; 1.400e+00 ; 4.8602001e+01 ; 9.6128532e+01 
3.500e+01 ; 8.000e-01 ; 1.400e+00 ; 4.8603001e+01 ; 9.6127106e+01 
3.500e+01 ; 8.000e-01 ; 1.400e+00 ; 4.8605001e+01 ; 9.6124260e+01 
3.500e+01 ; 8.000e-01 ; 1.400e+00 ; 4.8609001e+01 ; 9.6118553e+01 
3.500e+01 ; 8.000e-01 ; 1.400e+00 ; 4.8617001e+01 ; 9.6107155e+01 
3.500e+01 ; 8.000e-01 ; 1.400e+00 ; 4.8633001e+01 ; 9.6084381e+01 
3.500e+01 ; 8.000e-01 ; 1.400e+00 ; 4.8665001e+01 ; 9.6038910e+01 
3.500e+01 ; 8.000e-01 ; 1.400e+00 ; 4.8729001e+01 ; 9.5948357e+01 
3.500e+01 ; 8.000e-01 ; 1.400e+00 ; 4.8857001e+01 ; 9.5768997e+01 
3.500e+01 ; 8.000e-01 ; 1.400e+00 ; 4.9113001e+01 ; 9.5418404e+01 
3.500e+01 ; 8.000e-01 ; 1.400e+00 ; 4.9625001e+01 ; 9.4753822e+01 
3.500e+01 ; 8.000e-01 ; 1.400e+00 ; 4.9950001e+01 ; 9.4347191e+01 
3.500e+01 ; 8.000e-01 ; 1.400e+00 ; 4.9950001e+01 ; 9.4347191e+01 
3.500e+01 ; 8.000e-01 ; 1.400e+00 ; 4.9951001e+01 ; 9.4345940e+01 
3.500e+01 ; 8.000e-01 ; 1.400e+00 ; 4.9952001e+01 ; 9.4344688e+01 
3.500e+01 ; 8.000e-01 ; 1.400e+00 ; 4.9953001e+01 ; 9.4343437e+01 
3.500e+01 ; 8.000e-01 ; 1.400e+00 ; 4.9955001e+01 ; 9.4340935e+01 
3.500e+01 ; 8.000e-01 ; 1.400e+00 ; 4.9959001e+01 ; 9.4335938e+01 
3.500e+01 ; 8.000e-01 ; 1.400e+00 ; 4.9967001e+01 ; 9.4325951e+01 
3.500e+01 ; 8.000e-01 ; 1.400e+00 ; 4.9983001e+01 ; 9.4306007e+01 
3.500e+01 ; 8.000e-01 ; 1.400e+00 ; 5.0015001e+01 ; 9.4266266e+01 
3.500e+01 ; 8.000e-01 ; 1.400e+00 ; 5.0079001e+01 ; 9.4187393e+01 
3.500e+01 ; 8.000e-01 ; 1.400e+00 ; 5.0207001e+01 ; 9.4032021e+01 
3.500e+01 ; 8.000e-01 ; 1.400e+00 ; 5.0463001e+01 ; 9.3730766e+01 
3.500e+01 ; 8.000e-01 ; 1.400e+00 ; 5.0975001e+01 ; 9.3164665e+01 
3.500e+01 ; 8.000e-01 ; 1.400e+00 ; 5.1300001e+01 ; 9.2819496e+01 
3.500e+01 ; 8.000e-01 ; 1.400e+00 ; 5.1300001e+01 ; 9.2819496e+01 
3.500e+01 ; 8.000e-01 ; 1.400e+00 ; 5.1301001e+01 ; 9.2818436e+01 
3.500e+01 ; 8.000e-01 ; 1.400e+00 ; 5.1302001e+01 ; 9.2817368e+01 
3.500e+01 ; 8.000e-01 ; 1.400e+00 ; 5.1303001e+01 ; 9.2816307e+01 
3.500e+01 ; 8.000e-01 ; 1.400e+00 ; 5.1305001e+01 ; 9.2814186e+01 
3.500e+01 ; 8.000e-01 ; 1.400e+00 ; 5.1309001e+01 ; 9.2809944e+01 
3.500e+01 ; 8.000e-01 ; 1.400e+00 ; 5.1317001e+01 ; 9.2801468e+01 
3.500e+01 ; 8.000e-01 ; 1.400e+00 ; 5.1333001e+01 ; 9.2784546e+01 
3.500e+01 ; 8.000e-01 ; 1.400e+00 ; 5.1365001e+01 ; 9.2750832e+01 
3.500e+01 ; 8.000e-01 ; 1.400e+00 ; 5.1429001e+01 ; 9.2683960e+01 
3.500e+01 ; 8.000e-01 ; 1.400e+00 ; 5.1557001e+01 ; 9.2552345e+01 
3.500e+01 ; 8.000e-01 ; 1.400e+00 ; 5.1813001e+01 ; 9.2297363e+01 
3.500e+01 ; 8.000e-01 ; 1.400e+00 ; 5.2325001e+01 ; 9.1818161e+01 
3.500e+01 ; 8.000e-01 ; 1.400e+00 ; 5.2650001e+01 ; 9.1525795e+01 
3.500e+01 ; 8.000e-01 ; 1.400e+00 ; 5.2650001e+01 ; 9.1525795e+01 
3.500e+01 ; 8.000e-01 ; 1.400e+00 ; 5.2651001e+01 ; 9.1524902e+01 
3.500e+01 ; 8.000e-01 ; 1.400e+00 ; 5.2652001e+01 ; 9.1524002e+01 
3.500e+01 ; 8.000e-01 ; 1.400e+00 ; 5.2653001e+01 ; 9.1523102e+01 
3.500e+01 ; 8.000e-01 ; 1.400e+00 ; 5.2655001e+01 ; 9.1521301e+01 
3.500e+01 ; 8.000e-01 ; 1.400e+00 ; 5.2659001e+01 ; 9.1517708e+01 
3.500e+01 ; 8.000e-01 ; 1.400e+00 ; 5.2667001e+01 ; 9.1510529e+01 
3.500e+01 ; 8.000e-01 ; 1.400e+00 ; 5.2683001e+01 ; 9.1496193e+01 
3.500e+01 ; 8.000e-01 ; 1.400e+00 ; 5.2715001e+01 ; 9.1467636e+01 
3.500e+01 ; 8.000e-01 ; 1.400e+00 ; 5.2779001e+01 ; 9.1410980e+01 
3.500e+01 ; 8.000e-01 ; 1.400e+00 ; 5.2907001e+01 ; 9.1299423e+01 
3.500e+01 ; 8.000e-01 ; 1.400e+00 ; 5.3163001e+01 ; 9.1083107e+01 
3.500e+01 ; 8.000e-01 ; 1.400e+00 ; 5.3675001e+01 ; 9.0675735e+01 
3.500e+01 ; 8.000e-01 ; 1.400e+00 ; 5.4000001e+01 ; 9.0426857e+01 
3.500e+01 ; 8.000e-01 ; 1.400e+00 ; 5.4000001e+01 ; 9.0426857e+01 
3.500e+01 ; 8.000e-01 ; 1.400e+00 ; 5.4001001e+01 ; 9.0426094e+01 
3.500e+01 ; 8.000e-01 ; 1.400e+00 ; 5.4002001e+01 ; 9.0425323e+01 
3.500e+01 ; 8.000e-01 ; 1.400e+00 ; 5.4003001e+01 ; 9.0424561e+01 
3.500e+01 ; 8.000e-01 ; 1.400e+00 ; 5.4005001e+01 ; 9.0423027e+01 
3.500e+01 ; 8.000e-01 ; 1.400e+00 ; 5.4009001e+01 ; 9.0419968e+01 
3.500e+01 ; 8.000e-01 ; 1.400e+00 ; 5.4017001e+01 ; 9.0413857e+01 
3.500e+01 ; 8.000e-01 ; 1.400e+00 ; 5.4033001e+01 ; 9.0401649e+01 
3.500e+01 ; 8.000e-01 ; 1.400e+00 ; 5.4065001e+01 ; 9.0377335e+01 
3.500e+01 ; 8.000e-01 ; 1.400e+00 ; 5.4129001e+01 ; 9.0329079e+01 
3.500e+01 ; 8.000e-01 ; 1.400e+00 ; 5.4257001e+01 ; 9.0234009e+01 
3.500e+01 ; 8.000e-01 ; 1.400e+00 ; 5.4513001e+01 ; 9.0049454e+01 
3.500e+01 ; 8.000e-01 ; 1.400e+00 ; 5.5025001e+01 ; 8.9701210e+01 
3.500e+01 ; 8.000e-01 ; 1.400e+00 ; 5.5350001e+01 ; 8.9488190e+01 
3.500e+01 ; 8.000e-01 ; 1.400e+00 ; 5.5350001e+01 ; 8.9488190e+01 
3.500e+01 ; 8.000e-01 ; 1.400e+00 ; 5.5351001e+01 ; 8.9487534e+01 
3.500e+01 ; 8.000e-01 ; 1.400e+00 ; 5.5352001e+01 ; 8.9486877e+01 
3.500e+01 ; 8.000e-01 ; 1.400e+00 ; 5.5353001e+01 ; 8.9486221e+01 
3.500e+01 ; 8.000e-01 ; 1.400e+00 ; 5.5355001e+01 ; 8.9484917e+01 
3.500e+01 ; 8.000e-01 ; 1.400e+00 ; 5.5359001e+01 ; 8.9482292e+01 
3.500e+01 ; 8.000e-01 ; 1.400e+00 ; 5.5367001e+01 ; 8.9477066e+01 
3.500e+01 ; 8.000e-01 ; 1.400e+00 ; 5.5383001e+01 ; 8.9466614e+01 
3.500e+01 ; 8.000e-01 ; 1.400e+00 ; 5.5415001e+01 ; 8.9445801e+01 
3.500e+01 ; 8.000e-01 ; 1.400e+00 ; 5.5479001e+01 ; 8.9404472e+01 
3.500e+01 ; 8.000e-01 ; 1.400e+00 ; 5.5607001e+01 ; 8.9323021e+01 
3.500e+01 ; 8.000e-01 ; 1.400e+00 ; 5.5863001e+01 ; 8.9164772e+01 
3.500e+01 ; 8.000e-01 ; 1.400e+00 ; 5.6375001e+01 ; 8.8865715e+01 
3.500e+01 ; 8.000e-01 ; 1.400e+00 ; 5.6700001e+01 ; 8.8682617e+01 
3.500e+01 ; 8.000e-01 ; 1.400e+00 ; 5.6700001e+01 ; 8.8682617e+01 
3.500e+01 ; 8.000e-01 ; 1.400e+00 ; 5.6701001e+01 ; 8.8682053e+01 
3.500e+01 ; 8.000e-01 ; 1.400e+00 ; 5.6702001e+01 ; 8.8681488e+01 
3.500e+01 ; 8.000e-01 ; 1.400e+00 ; 5.6703001e+01 ; 8.8680923e+01 
3.500e+01 ; 8.000e-01 ; 1.400e+00 ; 5.6705001e+01 ; 8.8679802e+01 
3.500e+01 ; 8.000e-01 ; 1.400e+00 ; 5.6709001e+01 ; 8.8677551e+01 
3.500e+01 ; 8.000e-01 ; 1.400e+00 ; 5.6717001e+01 ; 8.8673050e+01 
3.500e+01 ; 8.000e-01 ; 1.400e+00 ; 5.6733001e+01 ; 8.8664070e+01 
3.500e+01 ; 8.000e-01 ; 1.400e+00 ; 5.6765001e+01 ; 8.8646172e+01 
3.500e+01 ; 8.000e-01 ; 1.400e+00 ; 5.6829001e+01 ; 8.8610641e+01 
3.500e+01 ; 8.000e-01 ; 1.400e+00 ; 5.6957001e+01 ; 8.8540581e+01 
3.500e+01 ; 8.000e-01 ; 1.400e+00 ; 5.7213001e+01 ; 8.8404388e+01 
3.500e+01 ; 8.000e-01 ; 1.400e+00 ; 5.7725001e+01 ; 8.8146729e+01 
3.500e+01 ; 8.000e-01 ; 1.400e+00 ; 5.8050001e+01 ; 8.7988884e+01 
3.500e+01 ; 8.000e-01 ; 1.400e+00 ; 5.8050001e+01 ; 8.7988884e+01 
3.500e+01 ; 8.000e-01 ; 1.400e+00 ; 5.8051001e+01 ; 8.7988403e+01 
3.500e+01 ; 8.000e-01 ; 1.400e+00 ; 5.8052001e+01 ; 8.7987915e+01 
3.500e+01 ; 8.000e-01 ; 1.400e+00 ; 5.8053001e+01 ; 8.7987434e+01 
3.500e+01 ; 8.000e-01 ; 1.400e+00 ; 5.8055001e+01 ; 8.7986458e+01 
3.500e+01 ; 8.000e-01 ; 1.400e+00 ; 5.8059001e+01 ; 8.7984520e+01 
3.500e+01 ; 8.000e-01 ; 1.400e+00 ; 5.8067001e+01 ; 8.7980644e+01 
3.500e+01 ; 8.000e-01 ; 1.400e+00 ; 5.8083001e+01 ; 8.7972900e+01 
3.500e+01 ; 8.000e-01 ; 1.400e+00 ; 5.8115001e+01 ; 8.7957466e+01 
3.500e+01 ; 8.000e-01 ; 1.400e+00 ; 5.8179001e+01 ; 8.7926826e+01 
3.500e+01 ; 8.000e-01 ; 1.400e+00 ; 5.8307001e+01 ; 8.7866409e+01 
3.500e+01 ; 8.000e-01 ; 1.400e+00 ; 5.8563001e+01 ; 8.7748894e+01 
3.500e+01 ; 8.000e-01 ; 1.400e+00 ; 5.9075001e+01 ; 8.7526428e+01 
3.500e+01 ; 8.000e-01 ; 1.400e+00 ; 5.9400001e+01 ; 8.7390091e+01 
3.500e+01 ; 8.000e-01 ; 1.400e+00 ; 5.9400001e+01 ; 8.7390091e+01 
3.500e+01 ; 8.000e-01 ; 1.400e+00 ; 5.9401001e+01 ; 8.7389671e+01 
3.500e+01 ; 8.000e-01 ; 1.400e+00 ; 5.9402001e+01 ; 8.7389252e+01 
3.500e+01 ; 8.000e-01 ; 1.400e+00 ; 5.9403001e+01 ; 8.7388832e+01 
3.500e+01 ; 8.000e-01 ; 1.400e+00 ; 5.9405001e+01 ; 8.7387993e+01 
3.500e+01 ; 8.000e-01 ; 1.400e+00 ; 5.9409001e+01 ; 8.7386314e+01 
3.500e+01 ; 8.000e-01 ; 1.400e+00 ; 5.9417001e+01 ; 8.7382965e+01 
3.500e+01 ; 8.000e-01 ; 1.400e+00 ; 5.9433001e+01 ; 8.7376282e+01 
3.500e+01 ; 8.000e-01 ; 1.400e+00 ; 5.9465001e+01 ; 8.7362953e+01 
3.500e+01 ; 8.000e-01 ; 1.400e+00 ; 5.9529001e+01 ; 8.7336479e+01 
3.500e+01 ; 8.000e-01 ; 1.400e+00 ; 5.9657001e+01 ; 8.7284271e+01 
3.500e+01 ; 8.000e-01 ; 1.400e+00 ; 5.9913001e+01 ; 8.7182709e+01 
3.500e+01 ; 8.000e-01 ; 1.400e+00 ; 6.0425001e+01 ; 8.6990356e+01 
3.500e+01 ; 8.000e-01 ; 1.400e+00 ; 6.0750001e+01 ; 8.6872444e+01 
3.500e+01 ; 8.000e-01 ; 1.400e+00 ; 6.0750001e+01 ; 8.6872444e+01 
3.500e+01 ; 8.000e-01 ; 1.400e+00 ; 6.0751001e+01 ; 8.6872078e+01 
3.500e+01 ; 8.000e-01 ; 1.400e+00 ; 6.0752001e+01 ; 8.6871719e+01 
3.500e+01 ; 8.000e-01 ; 1.400e+00 ; 6.0753001e+01 ; 8.6871353e+01 
3.500e+01 ; 8.000e-01 ; 1.400e+00 ; 6.0755001e+01 ; 8.6870628e+01 
3.500e+01 ; 8.000e-01 ; 1.400e+00 ; 6.0759001e+01 ; 8.6869179e+01 
3.500e+01 ; 8.000e-01 ; 1.400e+00 ; 6.0767001e+01 ; 8.6866280e+01 
3.500e+01 ; 8.000e-01 ; 1.400e+00 ; 6.0783001e+01 ; 8.6860497e+01 
3.500e+01 ; 8.000e-01 ; 1.400e+00 ; 6.0815001e+01 ; 8.6848969e+01 
3.500e+01 ; 8.000e-01 ; 1.400e+00 ; 6.0879001e+01 ; 8.6826073e+01 
3.500e+01 ; 8.000e-01 ; 1.400e+00 ; 6.1007001e+01 ; 8.6780914e+01 
3.500e+01 ; 8.000e-01 ; 1.400e+00 ; 6.1263001e+01 ; 8.6693039e+01 
3.500e+01 ; 8.000e-01 ; 1.400e+00 ; 6.1775001e+01 ; 8.6526573e+01 
3.500e+01 ; 8.000e-01 ; 1.400e+00 ; 6.2100001e+01 ; 8.6424507e+01 
3.500e+01 ; 8.000e-01 ; 1.400e+00 ; 6.2100001e+01 ; 8.6424507e+01 
3.500e+01 ; 8.000e-01 ; 1.400e+00 ; 6.2101001e+01 ; 8.6424194e+01 
3.500e+01 ; 8.000e-01 ; 1.400e+00 ; 6.2102001e+01 ; 8.6423882e+01 
3.500e+01 ; 8.000e-01 ; 1.400e+00 ; 6.2103001e+01 ; 8.6423569e+01 
3.500e+01 ; 8.000e-01 ; 1.400e+00 ; 6.2105001e+01 ; 8.6422951e+01 
3.500e+01 ; 8.000e-01 ; 1.400e+00 ; 6.2109001e+01 ; 8.6421722e+01 
3.500e+01 ; 8.000e-01 ; 1.400e+00 ; 6.2117001e+01 ; 8.6419327e+01 
3.500e+01 ; 8.000e-01 ; 1.400e+00 ; 6.2133001e+01 ; 8.6414772e+01 
3.500e+01 ; 8.000e-01 ; 1.400e+00 ; 6.2165001e+01 ; 8.6406754e+01 
3.500e+01 ; 8.000e-01 ; 1.400e+00 ; 6.2229001e+01 ; 8.6395973e+01 
3.500e+01 ; 8.000e-01 ; 1.400e+00 ; 6.2357001e+01 ; 8.6399651e+01 
3.500e+01 ; 8.000e-01 ; 1.400e+00 ; 6.2613001e+01 ; 8.6514694e+01 
3.500e+01 ; 8.000e-01 ; 1.400e+00 ; 6.3125001e+01 ; 8.7070946e+01 
3.500e+01 ; 8.000e-01 ; 1.400e+00 ; 6.3450001e+01 ; 8.7511536e+01 
3.500e+01 ; 8.000e-01 ; 1.400e+00 ; 6.3450001e+01 ; 8.7511536e+01 
3.500e+01 ; 8.000e-01 ; 1.400e+00 ; 6.3451001e+01 ; 8.7512894e+01 
3.500e+01 ; 8.000e-01 ; 1.400e+00 ; 6.3452001e+01 ; 8.7514252e+01 
3.500e+01 ; 8.000e-01 ; 1.400e+00 ; 6.3453001e+01 ; 8.7515610e+01 
3.500e+01 ; 8.000e-01 ; 1.400e+00 ; 6.3455001e+01 ; 8.7518333e+01 
3.500e+01 ; 8.000e-01 ; 1.400e+00 ; 6.3459001e+01 ; 8.7523804e+01 
3.500e+01 ; 8.000e-01 ; 1.400e+00 ; 6.3467001e+01 ; 8.7534828e+01 
3.500e+01 ; 8.000e-01 ; 1.400e+00 ; 6.3483001e+01 ; 8.7557213e+01 
3.500e+01 ; 8.000e-01 ; 1.400e+00 ; 6.3515001e+01 ; 8.7603279e+01 
3.500e+01 ; 8.000e-01 ; 1.400e+00 ; 6.3579001e+01 ; 8.7700386e+01 
3.500e+01 ; 8.000e-01 ; 1.400e+00 ; 6.3707001e+01 ; 8.7912407e+01 
3.500e+01 ; 8.000e-01 ; 1.400e+00 ; 6.3963001e+01 ; 8.8389252e+01 
3.500e+01 ; 8.000e-01 ; 1.400e+00 ; 6.4475001e+01 ; 8.9424347e+01 
3.500e+01 ; 8.000e-01 ; 1.400e+00 ; 6.4800001e+01 ; 9.0081963e+01 
3.500e+01 ; 8.000e-01 ; 1.400e+00 ; 6.4800001e+01 ; 9.0081963e+01 
3.500e+01 ; 8.000e-01 ; 1.400e+00 ; 6.4801001e+01 ; 9.0083992e+01 
3.500e+01 ; 8.000e-01 ; 1.400e+00 ; 6.4802001e+01 ; 9.0086014e+01 
3.500e+01 ; 8.000e-01 ; 1.400e+00 ; 6.4803001e+01 ; 9.0088036e+01 
3.500e+01 ; 8.000e-01 ; 1.400e+00 ; 6.4805001e+01 ; 9.0092087e+01 
3.500e+01 ; 8.000e-01 ; 1.400e+00 ; 6.4809001e+01 ; 9.0100189e+01 
3.500e+01 ; 8.000e-01 ; 1.400e+00 ; 6.4817001e+01 ; 9.0116402e+01 
3.500e+01 ; 8.000e-01 ; 1.400e+00 ; 6.4833001e+01 ; 9.0148865e+01 
3.500e+01 ; 8.000e-01 ; 1.400e+00 ; 6.4865001e+01 ; 9.0213936e+01 
3.500e+01 ; 8.000e-01 ; 1.400e+00 ; 6.4929001e+01 ; 9.0344414e+01 
3.500e+01 ; 8.000e-01 ; 1.400e+00 ; 6.5057001e+01 ; 9.0605156e+01 
3.500e+01 ; 8.000e-01 ; 1.400e+00 ; 6.5313001e+01 ; 9.1115662e+01 
3.500e+01 ; 8.000e-01 ; 1.400e+00 ; 6.5825001e+01 ; 9.2041664e+01 
3.500e+01 ; 8.000e-01 ; 1.400e+00 ; 6.6150001e+01 ; 9.2580734e+01 
3.500e+01 ; 8.000e-01 ; 1.400e+00 ; 6.6150001e+01 ; 9.2580734e+01 
3.500e+01 ; 8.000e-01 ; 1.400e+00 ; 6.6151001e+01 ; 9.2582390e+01 
3.500e+01 ; 8.000e-01 ; 1.400e+00 ; 6.6152001e+01 ; 9.2584045e+01 
3.500e+01 ; 8.000e-01 ; 1.400e+00 ; 6.6153001e+01 ; 9.2585701e+01 
3.500e+01 ; 8.000e-01 ; 1.400e+00 ; 6.6155001e+01 ; 9.2589020e+01 
3.500e+01 ; 8.000e-01 ; 1.400e+00 ; 6.6159001e+01 ; 9.2595634e+01 
3.500e+01 ; 8.000e-01 ; 1.400e+00 ; 6.6167001e+01 ; 9.2608841e+01 
3.500e+01 ; 8.000e-01 ; 1.400e+00 ; 6.6183001e+01 ; 9.2635132e+01 
3.500e+01 ; 8.000e-01 ; 1.400e+00 ; 6.6215001e+01 ; 9.2687210e+01 
3.500e+01 ; 8.000e-01 ; 1.400e+00 ; 6.6279001e+01 ; 9.2789268e+01 
3.500e+01 ; 8.000e-01 ; 1.400e+00 ; 6.6407001e+01 ; 9.2984444e+01 
3.500e+01 ; 8.000e-01 ; 1.400e+00 ; 6.6663001e+01 ; 9.3337143e+01 
3.500e+01 ; 8.000e-01 ; 1.400e+00 ; 6.7175001e+01 ; 9.3896515e+01 
3.500e+01 ; 8.000e-01 ; 1.400e+00 ; 6.7500001e+01 ; 9.4195839e+01 
3.500e+01 ; 8.000e-01 ; 1.400e+00 ; 6.7500001e+01 ; 9.4195839e+01 
3.500e+01 ; 8.000e-01 ; 1.400e+00 ; 6.7501001e+01 ; 9.4196762e+01 
3.500e+01 ; 8.000e-01 ; 1.400e+00 ; 6.7502001e+01 ; 9.4197678e+01 
3.500e+01 ; 8.000e-01 ; 1.400e+00 ; 6.7503001e+01 ; 9.4198601e+01 
3.500e+01 ; 8.000e-01 ; 1.400e+00 ; 6.7505001e+01 ; 9.4200439e+01 
3.500e+01 ; 8.000e-01 ; 1.400e+00 ; 6.7509001e+01 ; 9.4204102e+01 
3.500e+01 ; 8.000e-01 ; 1.400e+00 ; 6.7517001e+01 ; 9.4211395e+01 
3.500e+01 ; 8.000e-01 ; 1.400e+00 ; 6.7533001e+01 ; 9.4225853e+01 
3.500e+01 ; 8.000e-01 ; 1.400e+00 ; 6.7565001e+01 ; 9.4254242e+01 
3.500e+01 ; 8.000e-01 ; 1.400e+00 ; 6.7629001e+01 ; 9.4308899e+01 
3.500e+01 ; 8.000e-01 ; 1.400e+00 ; 6.7757001e+01 ; 9.4410027e+01 
3.500e+01 ; 8.000e-01 ; 1.400e+00 ; 6.8013001e+01 ; 9.4581802e+01 
3.500e+01 ; 8.000e-01 ; 1.400e+00 ; 6.8525001e+01 ; 9.4821877e+01 
3.500e+01 ; 8.000e-01 ; 1.400e+00 ; 6.8850001e+01 ; 9.4937195e+01 
3.500e+01 ; 8.000e-01 ; 1.400e+00 ; 6.8850001e+01 ; 9.4937195e+01 
3.500e+01 ; 8.000e-01 ; 1.400e+00 ; 6.8851001e+01 ; 9.4937553e+01 
3.500e+01 ; 8.000e-01 ; 1.400e+00 ; 6.8852001e+01 ; 9.4937904e+01 
3.500e+01 ; 8.000e-01 ; 1.400e+00 ; 6.8853001e+01 ; 9.4938255e+01 
3.500e+01 ; 8.000e-01 ; 1.400e+00 ; 6.8855001e+01 ; 9.4938965e+01 
3.500e+01 ; 8.000e-01 ; 1.400e+00 ; 6.8859001e+01 ; 9.4940369e+01 
3.500e+01 ; 8.000e-01 ; 1.400e+00 ; 6.8867001e+01 ; 9.4943161e+01 
3.500e+01 ; 8.000e-01 ; 1.400e+00 ; 6.8883001e+01 ; 9.4948654e+01 
3.500e+01 ; 8.000e-01 ; 1.400e+00 ; 6.8915001e+01 ; 9.4959290e+01 
3.500e+01 ; 8.000e-01 ; 1.400e+00 ; 6.8979001e+01 ; 9.4979195e+01 
3.500e+01 ; 8.000e-01 ; 1.400e+00 ; 6.9107001e+01 ; 9.5013802e+01 
3.500e+01 ; 8.000e-01 ; 1.400e+00 ; 6.9363001e+01 ; 9.5064270e+01 
3.500e+01 ; 8.000e-01 ; 1.400e+00 ; 6.9875001e+01 ; 9.5104248e+01 
3.500e+01 ; 8.000e-01 ; 1.400e+00 ; 7.0200001e+01 ; 9.5108299e+01 
3.500e+01 ; 8.000e-01 ; 1.400e+00 ; 7.0200001e+01 ; 9.5108299e+01 
3.500e+01 ; 8.000e-01 ; 1.400e+00 ; 7.0201001e+01 ; 9.5108315e+01 
3.500e+01 ; 8.000e-01 ; 1.400e+00 ; 7.0202001e+01 ; 9.5108330e+01 
3.500e+01 ; 8.000e-01 ; 1.400e+00 ; 7.0203001e+01 ; 9.5108337e+01 
3.500e+01 ; 8.000e-01 ; 1.400e+00 ; 7.0205001e+01 ; 9.5108360e+01 
3.500e+01 ; 8.000e-01 ; 1.400e+00 ; 7.0209001e+01 ; 9.5108406e+01 
3.500e+01 ; 8.000e-01 ; 1.400e+00 ; 7.0217001e+01 ; 9.5108475e+01 
3.500e+01 ; 8.000e-01 ; 1.400e+00 ; 7.0233001e+01 ; 9.5108574e+01 
3.500e+01 ; 8.000e-01 ; 1.400e+00 ; 7.0265001e+01 ; 9.5108559e+01 
3.500e+01 ; 8.000e-01 ; 1.400e+00 ; 7.0329001e+01 ; 9.5107758e+01 
3.500e+01 ; 8.000e-01 ; 1.400e+00 ; 7.0457001e+01 ; 9.5103210e+01 
3.500e+01 ; 8.000e-01 ; 1.400e+00 ; 7.0713001e+01 ; 9.5083702e+01 
3.500e+01 ; 8.000e-01 ; 1.400e+00 ; 7.1225001e+01 ; 9.5011581e+01 
3.500e+01 ; 8.000e-01 ; 1.400e+00 ; 7.1550001e+01 ; 9.4954407e+01 
3.500e+01 ; 8.000e-01 ; 1.400e+00 ; 7.1550001e+01 ; 9.4954407e+01 
3.500e+01 ; 8.000e-01 ; 1.400e+00 ; 7.1551001e+01 ; 9.4954231e+01 
3.500e+01 ; 8.000e-01 ; 1.400e+00 ; 7.1552001e+01 ; 9.4954056e+01 
3.500e+01 ; 8.000e-01 ; 1.400e+00 ; 7.1553001e+01 ; 9.4953880e+01 
3.500e+01 ; 8.000e-01 ; 1.400e+00 ; 7.1555001e+01 ; 9.4953529e+01 
3.500e+01 ; 8.000e-01 ; 1.400e+00 ; 7.1559001e+01 ; 9.4952820e+01 
3.500e+01 ; 8.000e-01 ; 1.400e+00 ; 7.1567001e+01 ; 9.4951401e+01 
3.500e+01 ; 8.000e-01 ; 1.400e+00 ; 7.1583001e+01 ; 9.4948524e+01 
3.500e+01 ; 8.000e-01 ; 1.400e+00 ; 7.1615001e+01 ; 9.4942680e+01 
3.500e+01 ; 8.000e-01 ; 1.400e+00 ; 7.1679001e+01 ; 9.4930565e+01 
3.500e+01 ; 8.000e-01 ; 1.400e+00 ; 7.1807001e+01 ; 9.4904793e+01 
3.500e+01 ; 8.000e-01 ; 1.400e+00 ; 7.2063001e+01 ; 9.4847832e+01 
3.500e+01 ; 8.000e-01 ; 1.400e+00 ; 7.2575001e+01 ; 9.4717178e+01 
3.500e+01 ; 8.000e-01 ; 1.400e+00 ; 7.2900001e+01 ; 9.4628609e+01 
3.500e+01 ; 8.000e-01 ; 1.400e+00 ; 7.2900001e+01 ; 9.4628609e+01 
3.500e+01 ; 8.000e-01 ; 1.400e+00 ; 7.2901001e+01 ; 9.4628334e+01 
3.500e+01 ; 8.000e-01 ; 1.400e+00 ; 7.2902001e+01 ; 9.4628067e+01 
3.500e+01 ; 8.000e-01 ; 1.400e+00 ; 7.2903001e+01 ; 9.4627792e+01 
3.500e+01 ; 8.000e-01 ; 1.400e+00 ; 7.2905001e+01 ; 9.4627243e+01 
3.500e+01 ; 8.000e-01 ; 1.400e+00 ; 7.2909001e+01 ; 9.4626152e+01 
3.500e+01 ; 8.000e-01 ; 1.400e+00 ; 7.2917001e+01 ; 9.4623970e+01 
3.500e+01 ; 8.000e-01 ; 1.400e+00 ; 7.2933001e+01 ; 9.4619576e+01 
3.500e+01 ; 8.000e-01 ; 1.400e+00 ; 7.2965001e+01 ; 9.4610748e+01 
3.500e+01 ; 8.000e-01 ; 1.400e+00 ; 7.3029001e+01 ; 9.4592888e+01 
3.500e+01 ; 8.000e-01 ; 1.400e+00 ; 7.3157001e+01 ; 9.4556427e+01 
3.500e+01 ; 8.000e-01 ; 1.400e+00 ; 7.3413001e+01 ; 9.4480934e+01 
3.500e+01 ; 8.000e-01 ; 1.400e+00 ; 7.3925001e+01 ; 9.4322540e+01 
3.500e+01 ; 8.000e-01 ; 1.400e+00 ; 7.4250001e+01 ; 9.4219627e+01 
3.500e+01 ; 8.000e-01 ; 1.400e+00 ; 7.4250001e+01 ; 9.4219627e+01 
3.500e+01 ; 8.000e-01 ; 1.400e+00 ; 7.4251001e+01 ; 9.4219315e+01 
3.500e+01 ; 8.000e-01 ; 1.400e+00 ; 7.4252001e+01 ; 9.4218994e+01 
3.500e+01 ; 8.000e-01 ; 1.400e+00 ; 7.4253001e+01 ; 9.4218681e+01 
3.500e+01 ; 8.000e-01 ; 1.400e+00 ; 7.4255001e+01 ; 9.4218048e+01 
3.500e+01 ; 8.000e-01 ; 1.400e+00 ; 7.4259001e+01 ; 9.4216782e+01 
3.500e+01 ; 8.000e-01 ; 1.400e+00 ; 7.4267001e+01 ; 9.4214241e+01 
3.500e+01 ; 8.000e-01 ; 1.400e+00 ; 7.4283001e+01 ; 9.4209167e+01 
3.500e+01 ; 8.000e-01 ; 1.400e+00 ; 7.4315001e+01 ; 9.4198990e+01 
3.500e+01 ; 8.000e-01 ; 1.400e+00 ; 7.4379001e+01 ; 9.4178551e+01 
3.500e+01 ; 8.000e-01 ; 1.400e+00 ; 7.4507001e+01 ; 9.4137383e+01 
3.500e+01 ; 8.000e-01 ; 1.400e+00 ; 7.4763001e+01 ; 9.4054115e+01 
3.500e+01 ; 8.000e-01 ; 1.400e+00 ; 7.5275001e+01 ; 9.3885429e+01 
3.500e+01 ; 8.000e-01 ; 1.400e+00 ; 7.5600001e+01 ; 9.3777840e+01 
3.500e+01 ; 8.000e-01 ; 1.400e+00 ; 7.5600001e+01 ; 9.3777840e+01 
3.500e+01 ; 8.000e-01 ; 1.400e+00 ; 7.5601001e+01 ; 9.3777504e+01 
3.500e+01 ; 8.000e-01 ; 1.400e+00 ; 7.5602001e+01 ; 9.3777176e+01 
3.500e+01 ; 8.000e-01 ; 1.400e+00 ; 7.5603001e+01 ; 9.3776848e+01 
3.500e+01 ; 8.000e-01 ; 1.400e+00 ; 7.5605001e+01 ; 9.3776184e+01 
3.500e+01 ; 8.000e-01 ; 1.400e+00 ; 7.5609001e+01 ; 9.3774857e+01 
3.500e+01 ; 8.000e-01 ; 1.400e+00 ; 7.5617001e+01 ; 9.3772209e+01 
3.500e+01 ; 8.000e-01 ; 1.400e+00 ; 7.5633001e+01 ; 9.3766907e+01 
3.500e+01 ; 8.000e-01 ; 1.400e+00 ; 7.5665001e+01 ; 9.3756310e+01 
3.500e+01 ; 8.000e-01 ; 1.400e+00 ; 7.5729001e+01 ; 9.3735085e+01 
3.500e+01 ; 8.000e-01 ; 1.400e+00 ; 7.5857001e+01 ; 9.3692612e+01 
3.500e+01 ; 8.000e-01 ; 1.400e+00 ; 7.6113001e+01 ; 9.3607635e+01 
3.500e+01 ; 8.000e-01 ; 1.400e+00 ; 7.6625001e+01 ; 9.3438507e+01 
3.500e+01 ; 8.000e-01 ; 1.400e+00 ; 7.6950001e+01 ; 9.3331673e+01 
3.500e+01 ; 8.000e-01 ; 1.400e+00 ; 7.6950001e+01 ; 9.3331673e+01 
3.500e+01 ; 8.000e-01 ; 1.400e+00 ; 7.6951001e+01 ; 9.3331345e+01 
3.500e+01 ; 8.000e-01 ; 1.400e+00 ; 7.6952001e+01 ; 9.3331017e+01 
3.500e+01 ; 8.000e-01 ; 1.400e+00 ; 7.6953001e+01 ; 9.3330688e+01 
3.500e+01 ; 8.000e-01 ; 1.400e+00 ; 7.6955001e+01 ; 9.3330032e+01 
3.500e+01 ; 8.000e-01 ; 1.400e+00 ; 7.6959001e+01 ; 9.3328712e+01 
3.500e+01 ; 8.000e-01 ; 1.400e+00 ; 7.6967001e+01 ; 9.3326088e+01 
3.500e+01 ; 8.000e-01 ; 1.400e+00 ; 7.6983001e+01 ; 9.3320831e+01 
3.500e+01 ; 8.000e-01 ; 1.400e+00 ; 7.7015001e+01 ; 9.3310326e+01 
3.500e+01 ; 8.000e-01 ; 1.400e+00 ; 7.7079001e+01 ; 9.3289330e+01 
3.500e+01 ; 8.000e-01 ; 1.400e+00 ; 7.7207001e+01 ; 9.3247452e+01 
3.500e+01 ; 8.000e-01 ; 1.400e+00 ; 7.7463001e+01 ; 9.3164185e+01 
3.500e+01 ; 8.000e-01 ; 1.400e+00 ; 7.7975001e+01 ; 9.3000107e+01 
3.500e+01 ; 8.000e-01 ; 1.400e+00 ; 7.8300001e+01 ; 9.2897064e+01 
3.500e+01 ; 8.000e-01 ; 1.400e+00 ; 7.8300001e+01 ; 9.2897064e+01 
3.500e+01 ; 8.000e-01 ; 1.400e+00 ; 7.8301001e+01 ; 9.2896744e+01 
3.500e+01 ; 8.000e-01 ; 1.400e+00 ; 7.8302001e+01 ; 9.2896423e+01 
3.500e+01 ; 8.000e-01 ; 1.400e+00 ; 7.8303001e+01 ; 9.2896111e+01 
3.500e+01 ; 8.000e-01 ; 1.400e+00 ; 7.8305001e+01 ; 9.2895477e+01 
3.500e+01 ; 8.000e-01 ; 1.400e+00 ; 7.8309001e+01 ; 9.2894211e+01 
3.500e+01 ; 8.000e-01 ; 1.400e+00 ; 7.8317001e+01 ; 9.2891670e+01 
3.500e+01 ; 8.000e-01 ; 1.400e+00 ; 7.8333001e+01 ; 9.2886604e+01 
3.500e+01 ; 8.000e-01 ; 1.400e+00 ; 7.8365001e+01 ; 9.2876480e+01 
3.500e+01 ; 8.000e-01 ; 1.400e+00 ; 7.8429001e+01 ; 9.2856277e+01 
3.500e+01 ; 8.000e-01 ; 1.400e+00 ; 7.8557001e+01 ; 9.2816048e+01 
3.500e+01 ; 8.000e-01 ; 1.400e+00 ; 7.8813001e+01 ; 9.2736359e+01 
3.500e+01 ; 8.000e-01 ; 1.400e+00 ; 7.9325001e+01 ; 9.2580315e+01 
3.500e+01 ; 8.000e-01 ; 1.400e+00 ; 7.9650001e+01 ; 9.2482651e+01 
3.500e+01 ; 8.000e-01 ; 1.400e+00 ; 7.9650001e+01 ; 9.2482651e+01 
3.500e+01 ; 8.000e-01 ; 1.400e+00 ; 7.9651001e+01 ; 9.2482353e+01 
3.500e+01 ; 8.000e-01 ; 1.400e+00 ; 7.9652001e+01 ; 9.2482056e+01 
3.500e+01 ; 8.000e-01 ; 1.400e+00 ; 7.9653001e+01 ; 9.2481750e+01 
3.500e+01 ; 8.000e-01 ; 1.400e+00 ; 7.9655001e+01 ; 9.2481155e+01 
3.500e+01 ; 8.000e-01 ; 1.400e+00 ; 7.9659001e+01 ; 9.2479950e+01 
3.500e+01 ; 8.000e-01 ; 1.400e+00 ; 7.9667001e+01 ; 9.2477547e+01 
3.500e+01 ; 8.000e-01 ; 1.400e+00 ; 7.9683001e+01 ; 9.2472748e+01 
3.500e+01 ; 8.000e-01 ; 1.400e+00 ; 7.9715001e+01 ; 9.2463158e+01 
3.500e+01 ; 8.000e-01 ; 1.400e+00 ; 7.9779001e+01 ; 9.2444038e+01 
3.500e+01 ; 8.000e-01 ; 1.400e+00 ; 7.9907001e+01 ; 9.2406013e+01 
3.500e+01 ; 8.000e-01 ; 1.400e+00 ; 8.0163001e+01 ; 9.2330879e+01 
3.500e+01 ; 8.000e-01 ; 1.400e+00 ; 8.0675001e+01 ; 9.2184326e+01 
3.500e+01 ; 8.000e-01 ; 1.400e+00 ; 8.1000001e+01 ; 9.2092827e+01 
3.500e+01 ; 8.000e-01 ; 1.400e+00 ; 8.1000001e+01 ; 9.2092827e+01 
3.500e+01 ; 8.000e-01 ; 1.400e+00 ; 8.1001001e+01 ; 9.2092545e+01 
3.500e+01 ; 8.000e-01 ; 1.400e+00 ; 8.1002001e+01 ; 9.2092262e+01 
3.500e+01 ; 8.000e-01 ; 1.400e+00 ; 8.1003001e+01 ; 9.2091980e+01 
3.500e+01 ; 8.000e-01 ; 1.400e+00 ; 8.1005001e+01 ; 9.2091415e+01 
3.500e+01 ; 8.000e-01 ; 1.400e+00 ; 8.1009001e+01 ; 9.2090294e+01 
3.500e+01 ; 8.000e-01 ; 1.400e+00 ; 8.1017001e+01 ; 9.2088043e+01 
3.500e+01 ; 8.000e-01 ; 1.400e+00 ; 8.1033001e+01 ; 9.2083542e+01 
3.500e+01 ; 8.000e-01 ; 1.400e+00 ; 8.1065001e+01 ; 9.2074562e+01 
3.500e+01 ; 8.000e-01 ; 1.400e+00 ; 8.1129001e+01 ; 9.2056664e+01 
3.500e+01 ; 8.000e-01 ; 1.400e+00 ; 8.1257001e+01 ; 9.2021103e+01 
3.500e+01 ; 8.000e-01 ; 1.400e+00 ; 8.1513001e+01 ; 9.1950943e+01 
3.500e+01 ; 8.000e-01 ; 1.400e+00 ; 8.2025001e+01 ; 9.1814461e+01 
3.500e+01 ; 8.000e-01 ; 1.400e+00 ; 8.2350001e+01 ; 9.1729378e+01 
3.500e+01 ; 8.000e-01 ; 1.400e+00 ; 8.2350001e+01 ; 9.1729378e+01 
3.500e+01 ; 8.000e-01 ; 1.400e+00 ; 8.2351001e+01 ; 9.1729118e+01 
3.500e+01 ; 8.000e-01 ; 1.400e+00 ; 8.2352001e+01 ; 9.1728859e+01 
3.500e+01 ; 8.000e-01 ; 1.400e+00 ; 8.2353001e+01 ; 9.1728592e+01 
3.500e+01 ; 8.000e-01 ; 1.400e+00 ; 8.2355001e+01 ; 9.1728073e+01 
3.500e+01 ; 8.000e-01 ; 1.400e+00 ; 8.2359001e+01 ; 9.1727028e+01 
3.500e+01 ; 8.000e-01 ; 1.400e+00 ; 8.2367001e+01 ; 9.1724930e+01 
3.500e+01 ; 8.000e-01 ; 1.400e+00 ; 8.2383001e+01 ; 9.1720757e+01 
3.500e+01 ; 8.000e-01 ; 1.400e+00 ; 8.2415001e+01 ; 9.1712425e+01 
3.500e+01 ; 8.000e-01 ; 1.400e+00 ; 8.2479001e+01 ; 9.1695930e+01 
3.500e+01 ; 8.000e-01 ; 1.400e+00 ; 8.2607001e+01 ; 9.1664207e+01 
3.500e+01 ; 8.000e-01 ; 1.400e+00 ; 8.2863001e+01 ; 9.1610474e+01 
3.500e+01 ; 8.000e-01 ; 1.400e+00 ; 8.3375001e+01 ; 9.1563820e+01 
3.500e+01 ; 8.000e-01 ; 1.400e+00 ; 8.3700001e+01 ; 9.1561111e+01 
3.500e+01 ; 8.000e-01 ; 1.400e+00 ; 8.3700001e+01 ; 9.1561111e+01 
3.500e+01 ; 8.000e-01 ; 1.400e+00 ; 8.3701001e+01 ; 9.1561104e+01 
3.500e+01 ; 8.000e-01 ; 1.400e+00 ; 8.3702001e+01 ; 9.1561096e+01 
3.500e+01 ; 8.000e-01 ; 1.400e+00 ; 8.3703001e+01 ; 9.1561089e+01 
3.500e+01 ; 8.000e-01 ; 1.400e+00 ; 8.3705001e+01 ; 9.1561073e+01 
3.500e+01 ; 8.000e-01 ; 1.400e+00 ; 8.3709001e+01 ; 9.1561050e+01 
3.500e+01 ; 8.000e-01 ; 1.400e+00 ; 8.3717001e+01 ; 9.1561020e+01 
3.500e+01 ; 8.000e-01 ; 1.400e+00 ; 8.3733001e+01 ; 9.1561020e+01 
3.500e+01 ; 8.000e-01 ; 1.400e+00 ; 8.3765001e+01 ; 9.1561302e+01 
3.500e+01 ; 8.000e-01 ; 1.400e+00 ; 8.3829001e+01 ; 9.1562973e+01 
3.500e+01 ; 8.000e-01 ; 1.400e+00 ; 8.3957001e+01 ; 9.1571037e+01 
3.500e+01 ; 8.000e-01 ; 1.400e+00 ; 8.4213001e+01 ; 9.1606735e+01 
3.500e+01 ; 8.000e-01 ; 1.400e+00 ; 8.4725001e+01 ; 9.1750648e+01 
3.500e+01 ; 8.000e-01 ; 1.400e+00 ; 8.5050002e+01 ; 9.1868034e+01 
3.500e+01 ; 8.000e-01 ; 1.400e+00 ; 8.5050002e+01 ; 9.1868034e+01 
3.500e+01 ; 8.000e-01 ; 1.400e+00 ; 8.5051002e+01 ; 9.1868401e+01 
3.500e+01 ; 8.000e-01 ; 1.400e+00 ; 8.5052002e+01 ; 9.1868759e+01 
3.500e+01 ; 8.000e-01 ; 1.400e+00 ; 8.5053002e+01 ; 9.1869125e+01 
3.500e+01 ; 8.000e-01 ; 1.400e+00 ; 8.5055002e+01 ; 9.1869850e+01 
3.500e+01 ; 8.000e-01 ; 1.400e+00 ; 8.5059002e+01 ; 9.1871300e+01 
3.500e+01 ; 8.000e-01 ; 1.400e+00 ; 8.5067002e+01 ; 9.1874222e+01 
3.500e+01 ; 8.000e-01 ; 1.400e+00 ; 8.5083002e+01 ; 9.1880135e+01 
3.500e+01 ; 8.000e-01 ; 1.400e+00 ; 8.5115001e+01 ; 9.1892197e+01 
3.500e+01 ; 8.000e-01 ; 1.400e+00 ; 8.5179001e+01 ; 9.1917313e+01 
3.500e+01 ; 8.000e-01 ; 1.400e+00 ; 8.5307002e+01 ; 9.1971306e+01 
3.500e+01 ; 8.000e-01 ; 1.400e+00 ; 8.5563002e+01 ; 9.2092804e+01 
3.500e+01 ; 8.000e-01 ; 1.400e+00 ; 8.6075001e+01 ; 9.2374939e+01 
3.500e+01 ; 8.000e-01 ; 1.400e+00 ; 8.6400002e+01 ; 9.2565720e+01 
3.500e+01 ; 8.000e-01 ; 1.400e+00 ; 8.6400002e+01 ; 9.2565720e+01 
3.500e+01 ; 8.000e-01 ; 1.400e+00 ; 8.6401002e+01 ; 9.2566307e+01 
3.500e+01 ; 8.000e-01 ; 1.400e+00 ; 8.6402002e+01 ; 9.2566895e+01 
3.500e+01 ; 8.000e-01 ; 1.400e+00 ; 8.6403002e+01 ; 9.2567482e+01 
3.500e+01 ; 8.000e-01 ; 1.400e+00 ; 8.6405002e+01 ; 9.2568657e+01 
3.500e+01 ; 8.000e-01 ; 1.400e+00 ; 8.6409002e+01 ; 9.2571007e+01 
3.500e+01 ; 8.000e-01 ; 1.400e+00 ; 8.6417002e+01 ; 9.2575722e+01 
3.500e+01 ; 8.000e-01 ; 1.400e+00 ; 8.6433002e+01 ; 9.2585167e+01 
3.500e+01 ; 8.000e-01 ; 1.400e+00 ; 8.6465002e+01 ; 9.2604172e+01 
3.500e+01 ; 8.000e-01 ; 1.400e+00 ; 8.6529002e+01 ; 9.2642578e+01 
3.500e+01 ; 8.000e-01 ; 1.400e+00 ; 8.6657002e+01 ; 9.2720734e+01 
3.500e+01 ; 8.000e-01 ; 1.400e+00 ; 8.6913002e+01 ; 9.2880569e+01 
3.500e+01 ; 8.000e-01 ; 1.400e+00 ; 8.7425002e+01 ; 9.3201691e+01 
3.500e+01 ; 8.000e-01 ; 1.400e+00 ; 8.7750002e+01 ; 9.3403259e+01 
3.500e+01 ; 8.000e-01 ; 1.400e+00 ; 8.7750002e+01 ; 9.3403259e+01 
3.500e+01 ; 8.000e-01 ; 1.400e+00 ; 8.7751002e+01 ; 9.3403885e+01 
3.500e+01 ; 8.000e-01 ; 1.400e+00 ; 8.7752002e+01 ; 9.3404503e+01 
3.500e+01 ; 8.000e-01 ; 1.400e+00 ; 8.7753002e+01 ; 9.3405121e+01 
3.500e+01 ; 8.000e-01 ; 1.400e+00 ; 8.7755002e+01 ; 9.3406364e+01 
3.500e+01 ; 8.000e-01 ; 1.400e+00 ; 8.7759002e+01 ; 9.3408844e+01 
3.500e+01 ; 8.000e-01 ; 1.400e+00 ; 8.7767002e+01 ; 9.3413803e+01 
3.500e+01 ; 8.000e-01 ; 1.400e+00 ; 8.7783002e+01 ; 9.3423714e+01 
3.500e+01 ; 8.000e-01 ; 1.400e+00 ; 8.7815002e+01 ; 9.3443504e+01 
3.500e+01 ; 8.000e-01 ; 1.400e+00 ; 8.7879002e+01 ; 9.3482964e+01 
3.500e+01 ; 8.000e-01 ; 1.400e+00 ; 8.8007002e+01 ; 9.3561203e+01 
3.500e+01 ; 8.000e-01 ; 1.400e+00 ; 8.8263002e+01 ; 9.3713844e+01 
3.500e+01 ; 8.000e-01 ; 1.400e+00 ; 8.8775002e+01 ; 9.3997711e+01 
3.500e+01 ; 8.000e-01 ; 1.400e+00 ; 8.9100002e+01 ; 9.4168114e+01 
3.500e+01 ; 8.000e-01 ; 1.400e+00 ; 8.9100002e+01 ; 9.4168114e+01 
3.500e+01 ; 8.000e-01 ; 1.400e+00 ; 8.9101002e+01 ; 9.4168640e+01 
3.500e+01 ; 8.000e-01 ; 1.400e+00 ; 8.9102002e+01 ; 9.4169159e+01 
3.500e+01 ; 8.000e-01 ; 1.400e+00 ; 8.9103002e+01 ; 9.4169685e+01 
3.500e+01 ; 8.000e-01 ; 1.400e+00 ; 8.9105002e+01 ; 9.4170731e+01 
3.500e+01 ; 8.000e-01 ; 1.400e+00 ; 8.9109002e+01 ; 9.4172829e+01 
3.500e+01 ; 8.000e-01 ; 1.400e+00 ; 8.9117002e+01 ; 9.4177010e+01 
3.500e+01 ; 8.000e-01 ; 1.400e+00 ; 8.9133002e+01 ; 9.4185349e+01 
3.500e+01 ; 8.000e-01 ; 1.400e+00 ; 8.9165002e+01 ; 9.4201927e+01 
3.500e+01 ; 8.000e-01 ; 1.400e+00 ; 8.9229002e+01 ; 9.4234703e+01 
3.500e+01 ; 8.000e-01 ; 1.400e+00 ; 8.9357002e+01 ; 9.4298599e+01 
3.500e+01 ; 8.000e-01 ; 1.400e+00 ; 8.9613002e+01 ; 9.4419556e+01 
3.500e+01 ; 8.000e-01 ; 1.400e+00 ; 9.0125002e+01 ; 9.4633224e+01 
3.500e+01 ; 8.000e-01 ; 1.400e+00 ; 9.0450002e+01 ; 9.4757446e+01 
3.500e+01 ; 8.000e-01 ; 1.400e+00 ; 9.0450002e+01 ; 9.4757446e+01 
3.500e+01 ; 8.000e-01 ; 1.400e+00 ; 9.0451002e+01 ; 9.4757828e+01 
3.500e+01 ; 8.000e-01 ; 1.400e+00 ; 9.0452002e+01 ; 9.4758209e+01 
3.500e+01 ; 8.000e-01 ; 1.400e+00 ; 9.0453002e+01 ; 9.4758591e+01 
3.500e+01 ; 8.000e-01 ; 1.400e+00 ; 9.0455002e+01 ; 9.4759354e+01 
3.500e+01 ; 8.000e-01 ; 1.400e+00 ; 9.0459002e+01 ; 9.4760880e+01 
3.500e+01 ; 8.000e-01 ; 1.400e+00 ; 9.0467002e+01 ; 9.4763924e+01 
3.500e+01 ; 8.000e-01 ; 1.400e+00 ; 9.0483002e+01 ; 9.4769981e+01 
3.500e+01 ; 8.000e-01 ; 1.400e+00 ; 9.0515002e+01 ; 9.4781990e+01 
3.500e+01 ; 8.000e-01 ; 1.400e+00 ; 9.0579002e+01 ; 9.4805557e+01 
3.500e+01 ; 8.000e-01 ; 1.400e+00 ; 9.0707002e+01 ; 9.4850937e+01 
3.500e+01 ; 8.000e-01 ; 1.400e+00 ; 9.0963002e+01 ; 9.4934761e+01 
3.500e+01 ; 8.000e-01 ; 1.400e+00 ; 9.1475002e+01 ; 9.5076080e+01 
3.500e+01 ; 8.000e-01 ; 1.400e+00 ; 9.1800002e+01 ; 9.5155602e+01 
3.500e+01 ; 8.000e-01 ; 1.400e+00 ; 9.1800002e+01 ; 9.5155602e+01 
3.500e+01 ; 8.000e-01 ; 1.400e+00 ; 9.1801002e+01 ; 9.5155846e+01 
3.500e+01 ; 8.000e-01 ; 1.400e+00 ; 9.1802002e+01 ; 9.5156090e+01 
3.500e+01 ; 8.000e-01 ; 1.400e+00 ; 9.1803002e+01 ; 9.5156334e+01 
3.500e+01 ; 8.000e-01 ; 1.400e+00 ; 9.1805002e+01 ; 9.5156822e+01 
3.500e+01 ; 8.000e-01 ; 1.400e+00 ; 9.1809002e+01 ; 9.5157799e+01 
3.500e+01 ; 8.000e-01 ; 1.400e+00 ; 9.1817002e+01 ; 9.5159744e+01 
3.500e+01 ; 8.000e-01 ; 1.400e+00 ; 9.1833002e+01 ; 9.5163605e+01 
3.500e+01 ; 8.000e-01 ; 1.400e+00 ; 9.1865002e+01 ; 9.5171234e+01 
3.500e+01 ; 8.000e-01 ; 1.400e+00 ; 9.1929002e+01 ; 9.5186104e+01 
3.500e+01 ; 8.000e-01 ; 1.400e+00 ; 9.2057002e+01 ; 9.5214325e+01 
3.500e+01 ; 8.000e-01 ; 1.400e+00 ; 9.2313002e+01 ; 9.5264900e+01 
3.500e+01 ; 8.000e-01 ; 1.400e+00 ; 9.2825002e+01 ; 9.5344597e+01 
3.500e+01 ; 8.000e-01 ; 1.400e+00 ; 9.3150002e+01 ; 9.5387062e+01 
3.500e+01 ; 8.000e-01 ; 1.400e+00 ; 9.3150002e+01 ; 9.5387062e+01 
3.500e+01 ; 8.000e-01 ; 1.400e+00 ; 9.3151002e+01 ; 9.5387192e+01 
3.500e+01 ; 8.000e-01 ; 1.400e+00 ; 9.3152002e+01 ; 9.5387321e+01 
3.500e+01 ; 8.000e-01 ; 1.400e+00 ; 9.3153002e+01 ; 9.5387451e+01 
3.500e+01 ; 8.000e-01 ; 1.400e+00 ; 9.3155002e+01 ; 9.5387711e+01 
3.500e+01 ; 8.000e-01 ; 1.400e+00 ; 9.3159002e+01 ; 9.5388229e+01 
3.500e+01 ; 8.000e-01 ; 1.400e+00 ; 9.3167002e+01 ; 9.5389267e+01 
3.500e+01 ; 8.000e-01 ; 1.400e+00 ; 9.3183002e+01 ; 9.5391319e+01 
3.500e+01 ; 8.000e-01 ; 1.400e+00 ; 9.3215002e+01 ; 9.5395340e+01 
3.500e+01 ; 8.000e-01 ; 1.400e+00 ; 9.3279002e+01 ; 9.5403076e+01 
3.500e+01 ; 8.000e-01 ; 1.400e+00 ; 9.3407002e+01 ; 9.5417343e+01 
3.500e+01 ; 8.000e-01 ; 1.400e+00 ; 9.3663002e+01 ; 9.5441345e+01 
3.500e+01 ; 8.000e-01 ; 1.400e+00 ; 9.4175002e+01 ; 9.5473007e+01 
3.500e+01 ; 8.000e-01 ; 1.400e+00 ; 9.4500002e+01 ; 9.5486984e+01 
3.500e+01 ; 8.000e-01 ; 1.400e+00 ; 9.4500002e+01 ; 9.5486984e+01 
3.500e+01 ; 8.000e-01 ; 1.400e+00 ; 9.4501002e+01 ; 9.5487022e+01 
3.500e+01 ; 8.000e-01 ; 1.400e+00 ; 9.4502002e+01 ; 9.5487068e+01 
3.500e+01 ; 8.000e-01 ; 1.400e+00 ; 9.4503002e+01 ; 9.5487114e+01 
3.500e+01 ; 8.000e-01 ; 1.400e+00 ; 9.4505002e+01 ; 9.5487198e+01 
3.500e+01 ; 8.000e-01 ; 1.400e+00 ; 9.4509002e+01 ; 9.5487366e+01 
3.500e+01 ; 8.000e-01 ; 1.400e+00 ; 9.4517002e+01 ; 9.5487701e+01 
3.500e+01 ; 8.000e-01 ; 1.400e+00 ; 9.4533002e+01 ; 9.5488358e+01 
3.500e+01 ; 8.000e-01 ; 1.400e+00 ; 9.4565002e+01 ; 9.5489616e+01 
3.500e+01 ; 8.000e-01 ; 1.400e+00 ; 9.4629002e+01 ; 9.5491898e+01 
3.500e+01 ; 8.000e-01 ; 1.400e+00 ; 9.4757002e+01 ; 9.5495575e+01 
3.500e+01 ; 8.000e-01 ; 1.400e+00 ; 9.5013002e+01 ; 9.5499550e+01 
3.500e+01 ; 8.000e-01 ; 1.400e+00 ; 9.5525002e+01 ; 9.5495567e+01 
3.500e+01 ; 8.000e-01 ; 1.400e+00 ; 9.5850002e+01 ; 9.5488609e+01 
3.500e+01 ; 8.000e-01 ; 1.400e+00 ; 9.5850002e+01 ; 9.5488609e+01 
3.500e+01 ; 8.000e-01 ; 1.400e+00 ; 9.5851002e+01 ; 9.5488586e+01 
3.500e+01 ; 8.000e-01 ; 1.400e+00 ; 9.5852002e+01 ; 9.5488564e+01 
3.500e+01 ; 8.000e-01 ; 1.400e+00 ; 9.5853002e+01 ; 9.5488541e+01 
3.500e+01 ; 8.000e-01 ; 1.400e+00 ; 9.5855002e+01 ; 9.5488495e+01 
3.500e+01 ; 8.000e-01 ; 1.400e+00 ; 9.5859002e+01 ; 9.5488411e+01 
3.500e+01 ; 8.000e-01 ; 1.400e+00 ; 9.5867002e+01 ; 9.5488235e+01 
3.500e+01 ; 8.000e-01 ; 1.400e+00 ; 9.5883002e+01 ; 9.5487869e+01 
3.500e+01 ; 8.000e-01 ; 1.400e+00 ; 9.5915002e+01 ; 9.5487099e+01 
3.500e+01 ; 8.000e-01 ; 1.400e+00 ; 9.5979002e+01 ; 9.5485390e+01 
3.500e+01 ; 8.000e-01 ; 1.400e+00 ; 9.6107002e+01 ; 9.5481323e+01 
3.500e+01 ; 8.000e-01 ; 1.400e+00 ; 9.6363002e+01 ; 9.5470779e+01 
3.500e+01 ; 8.000e-01 ; 1.400e+00 ; 9.6875002e+01 ; 9.5441238e+01 
3.500e+01 ; 8.000e-01 ; 1.400e+00 ; 9.7200002e+01 ; 9.5419373e+01 
3.500e+01 ; 8.000e-01 ; 1.400e+00 ; 9.7200002e+01 ; 9.5419373e+01 
3.500e+01 ; 8.000e-01 ; 1.400e+00 ; 9.7201002e+01 ; 9.5419304e+01 
3.500e+01 ; 8.000e-01 ; 1.400e+00 ; 9.7202002e+01 ; 9.5419235e+01 
3.500e+01 ; 8.000e-01 ; 1.400e+00 ; 9.7203002e+01 ; 9.5419167e+01 
3.500e+01 ; 8.000e-01 ; 1.400e+00 ; 9.7205002e+01 ; 9.5419037e+01 
3.500e+01 ; 8.000e-01 ; 1.400e+00 ; 9.7209002e+01 ; 9.5418762e+01 
3.500e+01 ; 8.000e-01 ; 1.400e+00 ; 9.7217002e+01 ; 9.5418221e+01 
3.500e+01 ; 8.000e-01 ; 1.400e+00 ; 9.7233002e+01 ; 9.5417130e+01 
3.500e+01 ; 8.000e-01 ; 1.400e+00 ; 9.7265002e+01 ; 9.5414917e+01 
3.500e+01 ; 8.000e-01 ; 1.400e+00 ; 9.7329002e+01 ; 9.5410370e+01 
3.500e+01 ; 8.000e-01 ; 1.400e+00 ; 9.7457002e+01 ; 9.5400833e+01 
3.500e+01 ; 8.000e-01 ; 1.400e+00 ; 9.7713002e+01 ; 9.5380081e+01 
3.500e+01 ; 8.000e-01 ; 1.400e+00 ; 9.8225002e+01 ; 9.5332779e+01 
3.500e+01 ; 8.000e-01 ; 1.400e+00 ; 9.8550002e+01 ; 9.5300636e+01 
3.500e+01 ; 8.000e-01 ; 1.400e+00 ; 9.8550002e+01 ; 9.5300636e+01 
3.500e+01 ; 8.000e-01 ; 1.400e+00 ; 9.8551002e+01 ; 9.5300537e+01 
3.500e+01 ; 8.000e-01 ; 1.400e+00 ; 9.8552002e+01 ; 9.5300438e+01 
3.500e+01 ; 8.000e-01 ; 1.400e+00 ; 9.8553002e+01 ; 9.5300339e+01 
3.500e+01 ; 8.000e-01 ; 1.400e+00 ; 9.8555002e+01 ; 9.5300140e+01 
3.500e+01 ; 8.000e-01 ; 1.400e+00 ; 9.8559002e+01 ; 9.5299744e+01 
3.500e+01 ; 8.000e-01 ; 1.400e+00 ; 9.8567002e+01 ; 9.5298950e+01 
3.500e+01 ; 8.000e-01 ; 1.400e+00 ; 9.8583002e+01 ; 9.5297356e+01 
3.500e+01 ; 8.000e-01 ; 1.400e+00 ; 9.8615002e+01 ; 9.5294151e+01 
3.500e+01 ; 8.000e-01 ; 1.400e+00 ; 9.8679002e+01 ; 9.5287659e+01 
3.500e+01 ; 8.000e-01 ; 1.400e+00 ; 9.8807002e+01 ; 9.5274376e+01 
3.500e+01 ; 8.000e-01 ; 1.400e+00 ; 9.9063002e+01 ; 9.5246681e+01 
3.500e+01 ; 8.000e-01 ; 1.400e+00 ; 9.9575002e+01 ; 9.5187492e+01 
3.500e+01 ; 8.000e-01 ; 1.400e+00 ; 9.9900002e+01 ; 9.5148544e+01 
3.500e+01 ; 8.000e-01 ; 1.400e+00 ; 9.9900002e+01 ; 9.5148544e+01 
3.500e+01 ; 8.000e-01 ; 1.400e+00 ; 9.9901002e+01 ; 9.5148422e+01 
3.500e+01 ; 8.000e-01 ; 1.400e+00 ; 9.9902002e+01 ; 9.5148300e+01 
3.500e+01 ; 8.000e-01 ; 1.400e+00 ; 9.9903002e+01 ; 9.5148178e+01 
3.500e+01 ; 8.000e-01 ; 1.400e+00 ; 9.9905002e+01 ; 9.5147942e+01 
3.500e+01 ; 8.000e-01 ; 1.400e+00 ; 9.9909002e+01 ; 9.5147461e+01 
3.500e+01 ; 8.000e-01 ; 1.400e+00 ; 9.9917002e+01 ; 9.5146500e+01 
3.500e+01 ; 8.000e-01 ; 1.400e+00 ; 9.9933002e+01 ; 9.5144577e+01 
3.500e+01 ; 8.000e-01 ; 1.400e+00 ; 9.9965002e+01 ; 9.5140717e+01 
3.500e+01 ; 8.000e-01 ; 1.400e+00 ; 1.0002900e+02 ; 9.5132942e+01 
3.500e+01 ; 8.000e-01 ; 1.400e+00 ; 1.0015700e+02 ; 9.5117203e+01 
3.500e+01 ; 8.000e-01 ; 1.400e+00 ; 1.0041300e+02 ; 9.5085007e+01 
3.500e+01 ; 8.000e-01 ; 1.400e+00 ; 1.0092500e+02 ; 9.5018280e+01 
3.500e+01 ; 8.000e-01 ; 1.400e+00 ; 1.0125000e+02 ; 9.4975105e+01 
3.500e+01 ; 8.000e-01 ; 1.400e+00 ; 1.0125000e+02 ; 9.4975105e+01 
3.500e+01 ; 8.000e-01 ; 1.400e+00 ; 1.0125100e+02 ; 9.4974968e+01 
3.500e+01 ; 8.000e-01 ; 1.400e+00 ; 1.0125200e+02 ; 9.4974838e+01 
3.500e+01 ; 8.000e-01 ; 1.400e+00 ; 1.0125300e+02 ; 9.4974709e+01 
3.500e+01 ; 8.000e-01 ; 1.400e+00 ; 1.0125500e+02 ; 9.4974442e+01 
3.500e+01 ; 8.000e-01 ; 1.400e+00 ; 1.0125900e+02 ; 9.4973907e+01 
3.500e+01 ; 8.000e-01 ; 1.400e+00 ; 1.0126700e+02 ; 9.4972847e+01 
3.500e+01 ; 8.000e-01 ; 1.400e+00 ; 1.0128300e+02 ; 9.4970711e+01 
3.500e+01 ; 8.000e-01 ; 1.400e+00 ; 1.0131500e+02 ; 9.4966446e+01 
3.500e+01 ; 8.000e-01 ; 1.400e+00 ; 1.0137900e+02 ; 9.4957878e+01 
3.500e+01 ; 8.000e-01 ; 1.400e+00 ; 1.0150700e+02 ; 9.4940636e+01 
3.500e+01 ; 8.000e-01 ; 1.400e+00 ; 1.0176300e+02 ; 9.4905739e+01 
3.500e+01 ; 8.000e-01 ; 1.400e+00 ; 1.0227500e+02 ; 9.4834686e+01 
3.500e+01 ; 8.000e-01 ; 1.400e+00 ; 1.0260000e+02 ; 9.4789162e+01 
3.500e+01 ; 8.000e-01 ; 1.400e+00 ; 1.0260000e+02 ; 9.4789162e+01 
3.500e+01 ; 8.000e-01 ; 1.400e+00 ; 1.0260100e+02 ; 9.4789024e+01 
3.500e+01 ; 8.000e-01 ; 1.400e+00 ; 1.0260200e+02 ; 9.4788887e+01 
3.500e+01 ; 8.000e-01 ; 1.400e+00 ; 1.0260300e+02 ; 9.4788742e+01 
3.500e+01 ; 8.000e-01 ; 1.400e+00 ; 1.0260500e+02 ; 9.4788467e+01 
3.500e+01 ; 8.000e-01 ; 1.400e+00 ; 1.0260900e+02 ; 9.4787903e+01 
3.500e+01 ; 8.000e-01 ; 1.400e+00 ; 1.0261700e+02 ; 9.4786781e+01 
3.500e+01 ; 8.000e-01 ; 1.400e+00 ; 1.0263300e+02 ; 9.4784538e+01 
3.500e+01 ; 8.000e-01 ; 1.400e+00 ; 1.0266500e+02 ; 9.4780052e+01 
3.500e+01 ; 8.000e-01 ; 1.400e+00 ; 1.0272900e+02 ; 9.4771057e+01 
3.500e+01 ; 8.000e-01 ; 1.400e+00 ; 1.0285700e+02 ; 9.4753029e+01 
3.500e+01 ; 8.000e-01 ; 1.400e+00 ; 1.0311300e+02 ; 9.4717148e+01 
3.500e+01 ; 8.000e-01 ; 1.400e+00 ; 1.0362500e+02 ; 9.4650024e+01 
3.500e+01 ; 8.000e-01 ; 1.400e+00 ; 1.0395000e+02 ; 9.4610291e+01 
3.500e+01 ; 8.000e-01 ; 1.400e+00 ; 1.0395000e+02 ; 9.4610291e+01 
3.500e+01 ; 8.000e-01 ; 1.400e+00 ; 1.0395100e+02 ; 9.4610168e+01 
3.500e+01 ; 8.000e-01 ; 1.400e+00 ; 1.0395200e+02 ; 9.4610046e+01 
3.500e+01 ; 8.000e-01 ; 1.400e+00 ; 1.0395300e+02 ; 9.4609924e+01 
3.500e+01 ; 8.000e-01 ; 1.400e+00 ; 1.0395500e+02 ; 9.4609680e+01 
3.500e+01 ; 8.000e-01 ; 1.400e+00 ; 1.0395900e+02 ; 9.4609192e+01 
3.500e+01 ; 8.000e-01 ; 1.400e+00 ; 1.0396700e+02 ; 9.4608215e+01 
3.500e+01 ; 8.000e-01 ; 1.400e+00 ; 1.0398300e+02 ; 9.4606277e+01 
3.500e+01 ; 8.000e-01 ; 1.400e+00 ; 1.0401500e+02 ; 9.4602425e+01 
3.500e+01 ; 8.000e-01 ; 1.400e+00 ; 1.0407900e+02 ; 9.4594849e+01 
3.500e+01 ; 8.000e-01 ; 1.400e+00 ; 1.0420700e+02 ; 9.4580261e+01 
3.500e+01 ; 8.000e-01 ; 1.400e+00 ; 1.0446300e+02 ; 9.4553841e+01 
3.500e+01 ; 8.000e-01 ; 1.400e+00 ; 1.0497500e+02 ; 9.4514534e+01 
3.500e+01 ; 8.000e-01 ; 1.400e+00 ; 1.0530000e+02 ; 9.4495453e+01 
3.500e+01 ; 8.000e-01 ; 1.400e+00 ; 1.0530000e+02 ; 9.4495453e+01 
3.500e+01 ; 8.000e-01 ; 1.400e+00 ; 1.0530100e+02 ; 9.4495392e+01 
3.500e+01 ; 8.000e-01 ; 1.400e+00 ; 1.0530200e+02 ; 9.4495338e+01 
3.500e+01 ; 8.000e-01 ; 1.400e+00 ; 1.0530300e+02 ; 9.4495277e+01 
3.500e+01 ; 8.000e-01 ; 1.400e+00 ; 1.0530500e+02 ; 9.4495163e+01 
3.500e+01 ; 8.000e-01 ; 1.400e+00 ; 1.0530900e+02 ; 9.4494926e+01 
3.500e+01 ; 8.000e-01 ; 1.400e+00 ; 1.0531700e+02 ; 9.4494469e+01 
3.500e+01 ; 8.000e-01 ; 1.400e+00 ; 1.0533300e+02 ; 9.4493553e+01 
3.500e+01 ; 8.000e-01 ; 1.400e+00 ; 1.0536500e+02 ; 9.4491791e+01 
3.500e+01 ; 8.000e-01 ; 1.400e+00 ; 1.0542900e+02 ; 9.4488503e+01 
3.500e+01 ; 8.000e-01 ; 1.400e+00 ; 1.0555700e+02 ; 9.4482872e+01 
3.500e+01 ; 8.000e-01 ; 1.400e+00 ; 1.0581300e+02 ; 9.4475433e+01 
3.500e+01 ; 8.000e-01 ; 1.400e+00 ; 1.0632500e+02 ; 9.4475113e+01 
3.500e+01 ; 8.000e-01 ; 1.400e+00 ; 1.0665000e+02 ; 9.4480423e+01 
3.500e+01 ; 8.000e-01 ; 1.400e+00 ; 1.0665000e+02 ; 9.4480423e+01 
3.500e+01 ; 8.000e-01 ; 1.400e+00 ; 1.0665100e+02 ; 9.4480438e+01 
3.500e+01 ; 8.000e-01 ; 1.400e+00 ; 1.0665200e+02 ; 9.4480453e+01 
3.500e+01 ; 8.000e-01 ; 1.400e+00 ; 1.0665300e+02 ; 9.4480469e+01 
3.500e+01 ; 8.000e-01 ; 1.400e+00 ; 1.0665500e+02 ; 9.4480499e+01 
3.500e+01 ; 8.000e-01 ; 1.400e+00 ; 1.0665900e+02 ; 9.4480568e+01 
3.500e+01 ; 8.000e-01 ; 1.400e+00 ; 1.0666700e+02 ; 9.4480705e+01 
3.500e+01 ; 8.000e-01 ; 1.400e+00 ; 1.0668300e+02 ; 9.4480995e+01 
3.500e+01 ; 8.000e-01 ; 1.400e+00 ; 1.0671500e+02 ; 9.4481628e+01 
3.500e+01 ; 8.000e-01 ; 1.400e+00 ; 1.0677900e+02 ; 9.4483093e+01 
3.500e+01 ; 8.000e-01 ; 1.400e+00 ; 1.0690700e+02 ; 9.4486824e+01 
3.500e+01 ; 8.000e-01 ; 1.400e+00 ; 1.0716300e+02 ; 9.4497208e+01 
3.500e+01 ; 8.000e-01 ; 1.400e+00 ; 1.0767500e+02 ; 9.4526955e+01 
3.500e+01 ; 8.000e-01 ; 1.400e+00 ; 1.0800000e+02 ; 9.4548737e+01 
3.500e+01 ; 8.000e-01 ; 1.400e+00 ; 1.0800000e+02 ; 9.4548737e+01 
3.500e+01 ; 8.000e-01 ; 1.400e+00 ; 1.0800100e+02 ; 9.4548798e+01 
3.500e+01 ; 8.000e-01 ; 1.400e+00 ; 1.0800200e+02 ; 9.4548866e+01 
3.500e+01 ; 8.000e-01 ; 1.400e+00 ; 1.0800300e+02 ; 9.4548935e+01 
3.500e+01 ; 8.000e-01 ; 1.400e+00 ; 1.0800500e+02 ; 9.4549065e+01 
3.500e+01 ; 8.000e-01 ; 1.400e+00 ; 1.0800900e+02 ; 9.4549339e+01 
3.500e+01 ; 8.000e-01 ; 1.400e+00 ; 1.0801700e+02 ; 9.4549873e+01 
3.500e+01 ; 8.000e-01 ; 1.400e+00 ; 1.0803300e+02 ; 9.4550964e+01 
3.500e+01 ; 8.000e-01 ; 1.400e+00 ; 1.0806500e+02 ; 9.4553162e+01 
3.500e+01 ; 8.000e-01 ; 1.400e+00 ; 1.0812900e+02 ; 9.4557663e+01 
3.500e+01 ; 8.000e-01 ; 1.400e+00 ; 1.0825700e+02 ; 9.4567017e+01 
3.500e+01 ; 8.000e-01 ; 1.400e+00 ; 1.0851300e+02 ; 9.4586777e+01 
3.500e+01 ; 8.000e-01 ; 1.400e+00 ; 1.0902500e+02 ; 9.4627693e+01 
3.500e+01 ; 8.000e-01 ; 1.400e+00 ; 1.0935000e+02 ; 9.4653526e+01 
3.500e+01 ; 8.000e-01 ; 1.400e+00 ; 1.0935000e+02 ; 9.4653526e+01 
3.500e+01 ; 8.000e-01 ; 1.400e+00 ; 1.0935100e+02 ; 9.4653610e+01 
3.500e+01 ; 8.000e-01 ; 1.400e+00 ; 1.0935200e+02 ; 9.4653687e+01 
3.500e+01 ; 8.000e-01 ; 1.400e+00 ; 1.0935300e+02 ; 9.4653770e+01 
3.500e+01 ; 8.000e-01 ; 1.400e+00 ; 1.0935500e+02 ; 9.4653923e+01 
3.500e+01 ; 8.000e-01 ; 1.400e+00 ; 1.0935900e+02 ; 9.4654243e+01 
3.500e+01 ; 8.000e-01 ; 1.400e+00 ; 1.0936700e+02 ; 9.4654877e+01 
3.500e+01 ; 8.000e-01 ; 1.400e+00 ; 1.0938300e+02 ; 9.4656151e+01 
3.500e+01 ; 8.000e-01 ; 1.400e+00 ; 1.0941500e+02 ; 9.4658691e+01 
3.500e+01 ; 8.000e-01 ; 1.400e+00 ; 1.0947900e+02 ; 9.4663757e+01 
3.500e+01 ; 8.000e-01 ; 1.400e+00 ; 1.0960700e+02 ; 9.4673782e+01 
3.500e+01 ; 8.000e-01 ; 1.400e+00 ; 1.0986300e+02 ; 9.4693138e+01 
3.500e+01 ; 8.000e-01 ; 1.400e+00 ; 1.1037500e+02 ; 9.4727074e+01 
3.500e+01 ; 8.000e-01 ; 1.400e+00 ; 1.1070000e+02 ; 9.4746262e+01 
3.500e+01 ; 8.000e-01 ; 1.400e+00 ; 1.1070000e+02 ; 9.4746262e+01 
3.500e+01 ; 8.000e-01 ; 1.400e+00 ; 1.1070100e+02 ; 9.4746323e+01 
3.500e+01 ; 8.000e-01 ; 1.400e+00 ; 1.1070200e+02 ; 9.4746376e+01 
3.500e+01 ; 8.000e-01 ; 1.400e+00 ; 1.1070300e+02 ; 9.4746437e+01 
3.500e+01 ; 8.000e-01 ; 1.400e+00 ; 1.1070500e+02 ; 9.4746552e+01 
3.500e+01 ; 8.000e-01 ; 1.400e+00 ; 1.1070900e+02 ; 9.4746788e+01 
3.500e+01 ; 8.000e-01 ; 1.400e+00 ; 1.1071700e+02 ; 9.4747261e+01 
3.500e+01 ; 8.000e-01 ; 1.400e+00 ; 1.1073300e+02 ; 9.4748192e+01 
3.500e+01 ; 8.000e-01 ; 1.400e+00 ; 1.1076500e+02 ; 9.4750031e+01 
3.500e+01 ; 8.000e-01 ; 1.400e+00 ; 1.1082900e+02 ; 9.4753616e+01 
3.500e+01 ; 8.000e-01 ; 1.400e+00 ; 1.1095700e+02 ; 9.4760376e+01 
3.500e+01 ; 8.000e-01 ; 1.400e+00 ; 1.1121300e+02 ; 9.4772064e+01 
3.500e+01 ; 8.000e-01 ; 1.400e+00 ; 1.1172500e+02 ; 9.4787247e+01 
3.500e+01 ; 8.000e-01 ; 1.400e+00 ; 1.1205000e+02 ; 9.4793404e+01 
3.500e+01 ; 8.000e-01 ; 1.400e+00 ; 1.1205000e+02 ; 9.4793404e+01 
3.500e+01 ; 8.000e-01 ; 1.400e+00 ; 1.1205100e+02 ; 9.4793419e+01 
3.500e+01 ; 8.000e-01 ; 1.400e+00 ; 1.1205200e+02 ; 9.4793442e+01 
3.500e+01 ; 8.000e-01 ; 1.400e+00 ; 1.1205300e+02 ; 9.4793457e+01 
3.500e+01 ; 8.000e-01 ; 1.400e+00 ; 1.1205500e+02 ; 9.4793495e+01 
3.500e+01 ; 8.000e-01 ; 1.400e+00 ; 1.1205900e+02 ; 9.4793571e+01 
3.500e+01 ; 8.000e-01 ; 1.400e+00 ; 1.1206700e+02 ; 9.4793716e+01 
3.500e+01 ; 8.000e-01 ; 1.400e+00 ; 1.1208300e+02 ; 9.4794006e+01 
3.500e+01 ; 8.000e-01 ; 1.400e+00 ; 1.1211500e+02 ; 9.4794540e+01 
3.500e+01 ; 8.000e-01 ; 1.400e+00 ; 1.1217900e+02 ; 9.4795479e+01 
3.500e+01 ; 8.000e-01 ; 1.400e+00 ; 1.1230700e+02 ; 9.4796799e+01 
3.500e+01 ; 8.000e-01 ; 1.400e+00 ; 1.1256300e+02 ; 9.4797150e+01 
3.500e+01 ; 8.000e-01 ; 1.400e+00 ; 1.1307500e+02 ; 9.4788643e+01 
3.500e+01 ; 8.000e-01 ; 1.400e+00 ; 1.1340000e+02 ; 9.4779526e+01 
3.500e+01 ; 8.000e-01 ; 1.400e+00 ; 1.1340000e+02 ; 9.4779526e+01 
3.500e+01 ; 8.000e-01 ; 1.400e+00 ; 1.1340100e+02 ; 9.4779495e+01 
3.500e+01 ; 8.000e-01 ; 1.400e+00 ; 1.1340200e+02 ; 9.4779465e+01 
3.500e+01 ; 8.000e-01 ; 1.400e+00 ; 1.1340300e+02 ; 9.4779442e+01 
3.500e+01 ; 8.000e-01 ; 1.400e+00 ; 1.1340500e+02 ; 9.4779381e+01 
3.500e+01 ; 8.000e-01 ; 1.400e+00 ; 1.1340900e+02 ; 9.4779266e+01 
3.500e+01 ; 8.000e-01 ; 1.400e+00 ; 1.1341700e+02 ; 9.4779037e+01 
3.500e+01 ; 8.000e-01 ; 1.400e+00 ; 1.1343300e+02 ; 9.4778572e+01 
3.500e+01 ; 8.000e-01 ; 1.400e+00 ; 1.1346500e+02 ; 9.4777603e+01 
3.500e+01 ; 8.000e-01 ; 1.400e+00 ; 1.1352900e+02 ; 9.4775520e+01 
3.500e+01 ; 8.000e-01 ; 1.400e+00 ; 1.1365700e+02 ; 9.4770775e+01 
3.500e+01 ; 8.000e-01 ; 1.400e+00 ; 1.1391300e+02 ; 9.4759026e+01 
3.500e+01 ; 8.000e-01 ; 1.400e+00 ; 1.1442500e+02 ; 9.4726791e+01 
3.500e+01 ; 8.000e-01 ; 1.400e+00 ; 1.1475000e+02 ; 9.4702927e+01 
3.500e+01 ; 8.000e-01 ; 1.400e+00 ; 1.1475000e+02 ; 9.4702927e+01 
3.500e+01 ; 8.000e-01 ; 1.400e+00 ; 1.1475100e+02 ; 9.4702850e+01 
3.500e+01 ; 8.000e-01 ; 1.400e+00 ; 1.1475200e+02 ; 9.4702782e+01 
3.500e+01 ; 8.000e-01 ; 1.400e+00 ; 1.1475300e+02 ; 9.4702705e+01 
3.500e+01 ; 8.000e-01 ; 1.400e+00 ; 1.1475500e+02 ; 9.4702560e+01 
3.500e+01 ; 8.000e-01 ; 1.400e+00 ; 1.1475900e+02 ; 9.4702263e+01 
3.500e+01 ; 8.000e-01 ; 1.400e+00 ; 1.1476700e+02 ; 9.4701675e+01 
3.500e+01 ; 8.000e-01 ; 1.400e+00 ; 1.1478300e+02 ; 9.4700478e+01 
3.500e+01 ; 8.000e-01 ; 1.400e+00 ; 1.1481500e+02 ; 9.4698067e+01 
3.500e+01 ; 8.000e-01 ; 1.400e+00 ; 1.1487900e+02 ; 9.4693100e+01 
3.500e+01 ; 8.000e-01 ; 1.400e+00 ; 1.1500700e+02 ; 9.4682655e+01 
3.500e+01 ; 8.000e-01 ; 1.400e+00 ; 1.1526300e+02 ; 9.4659767e+01 
3.500e+01 ; 8.000e-01 ; 1.400e+00 ; 1.1577500e+02 ; 9.4606544e+01 
3.500e+01 ; 8.000e-01 ; 1.400e+00 ; 1.1610000e+02 ; 9.4569901e+01 
3.500e+01 ; 8.000e-01 ; 1.400e+00 ; 1.1610000e+02 ; 9.4569901e+01 
3.500e+01 ; 8.000e-01 ; 1.400e+00 ; 1.1610100e+02 ; 9.4569786e+01 
3.500e+01 ; 8.000e-01 ; 1.400e+00 ; 1.1610200e+02 ; 9.4569672e+01 
3.500e+01 ; 8.000e-01 ; 1.400e+00 ; 1.1610300e+02 ; 9.4569565e+01 
3.500e+01 ; 8.000e-01 ; 1.400e+00 ; 1.1610500e+02 ; 9.4569336e+01 
3.500e+01 ; 8.000e-01 ; 1.400e+00 ; 1.1610900e+02 ; 9.4568886e+01 
3.500e+01 ; 8.000e-01 ; 1.400e+00 ; 1.1611700e+02 ; 9.4567978e+01 
3.500e+01 ; 8.000e-01 ; 1.400e+00 ; 1.1613300e+02 ; 9.4566162e+01 
3.500e+01 ; 8.000e-01 ; 1.400e+00 ; 1.1616500e+02 ; 9.4562500e+01 
3.500e+01 ; 8.000e-01 ; 1.400e+00 ; 1.1622900e+02 ; 9.4555061e+01 
3.500e+01 ; 8.000e-01 ; 1.400e+00 ; 1.1635700e+02 ; 9.4539764e+01 
3.500e+01 ; 8.000e-01 ; 1.400e+00 ; 1.1661300e+02 ; 9.4507538e+01 
3.500e+01 ; 8.000e-01 ; 1.400e+00 ; 1.1712500e+02 ; 9.4437180e+01 
3.500e+01 ; 8.000e-01 ; 1.400e+00 ; 1.1745000e+02 ; 9.4390282e+01 
3.500e+01 ; 8.000e-01 ; 1.400e+00 ; 1.1745000e+02 ; 9.4390282e+01 
3.500e+01 ; 8.000e-01 ; 1.400e+00 ; 1.1745100e+02 ; 9.4390137e+01 
3.500e+01 ; 8.000e-01 ; 1.400e+00 ; 1.1745200e+02 ; 9.4389992e+01 
3.500e+01 ; 8.000e-01 ; 1.400e+00 ; 1.1745300e+02 ; 9.4389847e+01 
3.500e+01 ; 8.000e-01 ; 1.400e+00 ; 1.1745500e+02 ; 9.4389557e+01 
3.500e+01 ; 8.000e-01 ; 1.400e+00 ; 1.1745900e+02 ; 9.4388977e+01 
3.500e+01 ; 8.000e-01 ; 1.400e+00 ; 1.1746700e+02 ; 9.4387825e+01 
3.500e+01 ; 8.000e-01 ; 1.400e+00 ; 1.1748300e+02 ; 9.4385498e+01 
3.500e+01 ; 8.000e-01 ; 1.400e+00 ; 1.1751500e+02 ; 9.4380844e+01 
3.500e+01 ; 8.000e-01 ; 1.400e+00 ; 1.1757900e+02 ; 9.4371437e+01 
3.500e+01 ; 8.000e-01 ; 1.400e+00 ; 1.1770700e+02 ; 9.4352295e+01 
3.500e+01 ; 8.000e-01 ; 1.400e+00 ; 1.1796300e+02 ; 9.4312767e+01 
3.500e+01 ; 8.000e-01 ; 1.400e+00 ; 1.1847500e+02 ; 9.4229309e+01 
3.500e+01 ; 8.000e-01 ; 1.400e+00 ; 1.1880000e+02 ; 9.4174698e+01 
3.500e+01 ; 8.000e-01 ; 1.400e+00 ; 1.1880000e+02 ; 9.4174698e+01 
3.500e+01 ; 8.000e-01 ; 1.400e+00 ; 1.1880100e+02 ; 9.4174530e+01 
3.500e+01 ; 8.000e-01 ; 1.400e+00 ; 1.1880200e+02 ; 9.4174362e+01 
3.500e+01 ; 8.000e-01 ; 1.400e+00 ; 1.1880300e+02 ; 9.4174194e+01 
3.500e+01 ; 8.000e-01 ; 1.400e+00 ; 1.1880500e+02 ; 9.4173859e+01 
3.500e+01 ; 8.000e-01 ; 1.400e+00 ; 1.1880900e+02 ; 9.4173187e+01 
3.500e+01 ; 8.000e-01 ; 1.400e+00 ; 1.1881700e+02 ; 9.4171837e+01 
3.500e+01 ; 8.000e-01 ; 1.400e+00 ; 1.1883300e+02 ; 9.4169144e+01 
3.500e+01 ; 8.000e-01 ; 1.400e+00 ; 1.1886500e+02 ; 9.4163734e+01 
3.500e+01 ; 8.000e-01 ; 1.400e+00 ; 1.1892900e+02 ; 9.4152855e+01 
3.500e+01 ; 8.000e-01 ; 1.400e+00 ; 1.1905700e+02 ; 9.4130859e+01 
3.500e+01 ; 8.000e-01 ; 1.400e+00 ; 1.1931300e+02 ; 9.4085983e+01 
3.500e+01 ; 8.000e-01 ; 1.400e+00 ; 1.1982500e+02 ; 9.3993172e+01 
3.500e+01 ; 8.000e-01 ; 1.400e+00 ; 1.2015000e+02 ; 9.3933151e+01 
3.500e+01 ; 8.000e-01 ; 1.400e+00 ; 1.2015000e+02 ; 9.3933151e+01 
3.500e+01 ; 8.000e-01 ; 1.400e+00 ; 1.2015100e+02 ; 9.3932968e+01 
3.500e+01 ; 8.000e-01 ; 1.400e+00 ; 1.2015200e+02 ; 9.3932777e+01 
3.500e+01 ; 8.000e-01 ; 1.400e+00 ; 1.2015300e+02 ; 9.3932594e+01 
3.500e+01 ; 8.000e-01 ; 1.400e+00 ; 1.2015500e+02 ; 9.3932228e+01 
3.500e+01 ; 8.000e-01 ; 1.400e+00 ; 1.2015900e+02 ; 9.3931488e+01 
3.500e+01 ; 8.000e-01 ; 1.400e+00 ; 1.2016700e+02 ; 9.3930008e+01 
3.500e+01 ; 8.000e-01 ; 1.400e+00 ; 1.2018300e+02 ; 9.3927048e+01 
3.500e+01 ; 8.000e-01 ; 1.400e+00 ; 1.2021500e+02 ; 9.3921120e+01 
3.500e+01 ; 8.000e-01 ; 1.400e+00 ; 1.2027900e+02 ; 9.3909210e+01 
3.500e+01 ; 8.000e-01 ; 1.400e+00 ; 1.2040700e+02 ; 9.3885246e+01 
3.500e+01 ; 8.000e-01 ; 1.400e+00 ; 1.2066300e+02 ; 9.3836731e+01 
3.500e+01 ; 8.000e-01 ; 1.400e+00 ; 1.2117500e+02 ; 9.3737808e+01 
3.500e+01 ; 8.000e-01 ; 1.400e+00 ; 1.2150000e+02 ; 9.3674339e+01 
3.500e+01 ; 8.000e-01 ; 1.400e+00 ; 1.2150000e+02 ; 9.3674339e+01 
3.500e+01 ; 8.000e-01 ; 1.400e+00 ; 1.2150100e+02 ; 9.3674141e+01 
3.500e+01 ; 8.000e-01 ; 1.400e+00 ; 1.2150200e+02 ; 9.3673943e+01 
3.500e+01 ; 8.000e-01 ; 1.400e+00 ; 1.2150300e+02 ; 9.3673752e+01 
3.500e+01 ; 8.000e-01 ; 1.400e+00 ; 1.2150500e+02 ; 9.3673363e+01 
3.500e+01 ; 8.000e-01 ; 1.400e+00 ; 1.2150900e+02 ; 9.3672577e+01 
3.500e+01 ; 8.000e-01 ; 1.400e+00 ; 1.2151700e+02 ; 9.3671013e+01 
3.500e+01 ; 8.000e-01 ; 1.400e+00 ; 1.2153300e+02 ; 9.3667885e+01 
3.500e+01 ; 8.000e-01 ; 1.400e+00 ; 1.2156500e+02 ; 9.3661629e+01 
3.500e+01 ; 8.000e-01 ; 1.400e+00 ; 1.2162900e+02 ; 9.3649078e+01 
3.500e+01 ; 8.000e-01 ; 1.400e+00 ; 1.2175700e+02 ; 9.3623886e+01 
3.500e+01 ; 8.000e-01 ; 1.400e+00 ; 1.2201300e+02 ; 9.3573181e+01 
3.500e+01 ; 8.000e-01 ; 1.400e+00 ; 1.2252500e+02 ; 9.3470802e+01 
3.500e+01 ; 8.000e-01 ; 1.400e+00 ; 1.2285000e+02 ; 9.3405502e+01 
3.500e+01 ; 8.000e-01 ; 1.400e+00 ; 1.2285000e+02 ; 9.3405502e+01 
3.500e+01 ; 8.000e-01 ; 1.400e+00 ; 1.2286000e+02 ; 9.3403488e+01 
3.500e+01 ; 8.000e-01 ; 1.400e+00 ; 1.2287000e+02 ; 9.3401482e+01 
3.500e+01 ; 8.000e-01 ; 1.400e+00 ; 1.2288000e+02 ; 9.3399467e+01 
3.500e+01 ; 8.000e-01 ; 1.400e+00 ; 1.2290000e+02 ; 9.3395447e+01 
3.500e+01 ; 8.000e-01 ; 1.400e+00 ; 1.2294000e+02 ; 9.3387398e+01 
3.500e+01 ; 8.000e-01 ; 1.400e+00 ; 1.2302000e+02 ; 9.3371292e+01 
3.500e+01 ; 8.000e-01 ; 1.400e+00 ; 1.2318000e+02 ; 9.3339005e+01 
3.500e+01 ; 8.000e-01 ; 1.400e+00 ; 1.2350000e+02 ; 9.3274284e+01 
3.500e+01 ; 8.000e-01 ; 1.400e+00 ; 1.2414000e+02 ; 9.3144653e+01 
3.500e+01 ; 8.000e-01 ; 1.400e+00 ; 1.2542000e+02 ; 9.2887672e+01 
3.500e+01 ; 8.000e-01 ; 1.400e+00 ; 1.2734000e+02 ; 9.2514191e+01 
3.500e+01 ; 8.000e-01 ; 1.400e+00 ; 1.2785000e+02 ; 9.2415947e+01