X ; Y ; Z ; time ; Temperature 
3.500e+01 ; 4.800e+00 ; 7.000e-01 ; 0.0000000e+00 ; 2.1700000e+02 
3.500e+01 ; 4.800e+00 ; 7.000e-01 ; 1.0000000e-03 ; 2.1700000e+02 
3.500e+01 ; 4.800e+00 ; 7.000e-01 ; 2.0000001e-03 ; 2.1700000e+02 
3.500e+01 ; 4.800e+00 ; 7.000e-01 ; 3.0000000e-03 ; 2.1700000e+02 
3.500e+01 ; 4.800e+00 ; 7.000e-01 ; 4.9999999e-03 ; 2.1700000e+02 
3.500e+01 ; 4.800e+00 ; 7.000e-01 ; 8.9999996e-03 ; 2.1700000e+02 
3.500e+01 ; 4.800e+00 ; 7.000e-01 ; 1.7000001e-02 ; 2.1700000e+02 
3.500e+01 ; 4.800e+00 ; 7.000e-01 ; 3.3000000e-02 ; 2.1700000e+02 
3.500e+01 ; 4.800e+00 ; 7.000e-01 ; 6.4999998e-02 ; 2.1700000e+02 
3.500e+01 ; 4.800e+00 ; 7.000e-01 ; 1.2899999e-01 ; 2.1700000e+02 
3.500e+01 ; 4.800e+00 ; 7.000e-01 ; 2.5700000e-01 ; 2.1700000e+02 
3.500e+01 ; 4.800e+00 ; 7.000e-01 ; 5.1300001e-01 ; 2.1700000e+02 
3.500e+01 ; 4.800e+00 ; 7.000e-01 ; 1.0250000e+00 ; 2.1700000e+02 
3.500e+01 ; 4.800e+00 ; 7.000e-01 ; 1.2100000e+00 ; 2.1700000e+02 
3.500e+01 ; 4.800e+00 ; 7.000e-01 ; 1.2100000e+00 ; 2.1700000e+02 
3.500e+01 ; 4.800e+00 ; 7.000e-01 ; 1.2110000e+00 ; 2.1700000e+02 
3.500e+01 ; 4.800e+00 ; 7.000e-01 ; 1.2120000e+00 ; 2.1700000e+02 
3.500e+01 ; 4.800e+00 ; 7.000e-01 ; 1.2130000e+00 ; 2.1700000e+02 
3.500e+01 ; 4.800e+00 ; 7.000e-01 ; 1.2150000e+00 ; 2.1700000e+02 
3.500e+01 ; 4.800e+00 ; 7.000e-01 ; 1.2190000e+00 ; 2.1700000e+02 
3.500e+01 ; 4.800e+00 ; 7.000e-01 ; 1.2270000e+00 ; 2.1700000e+02 
3.500e+01 ; 4.800e+00 ; 7.000e-01 ; 1.2430000e+00 ; 2.1700000e+02 
3.500e+01 ; 4.800e+00 ; 7.000e-01 ; 1.2750000e+00 ; 2.1700000e+02 
3.500e+01 ; 4.800e+00 ; 7.000e-01 ; 1.3390000e+00 ; 2.1700000e+02 
3.500e+01 ; 4.800e+00 ; 7.000e-01 ; 1.4670000e+00 ; 2.1700000e+02 
3.500e+01 ; 4.800e+00 ; 7.000e-01 ; 1.7230000e+00 ; 2.1700000e+02 
3.500e+01 ; 4.800e+00 ; 7.000e-01 ; 2.2350000e+00 ; 2.1700000e+02 
3.500e+01 ; 4.800e+00 ; 7.000e-01 ; 2.4200001e+00 ; 2.1700000e+02 
3.500e+01 ; 4.800e+00 ; 7.000e-01 ; 2.4200001e+00 ; 2.1700000e+02 
3.500e+01 ; 4.800e+00 ; 7.000e-01 ; 2.4210001e+00 ; 2.1700000e+02 
3.500e+01 ; 4.800e+00 ; 7.000e-01 ; 2.4220001e+00 ; 2.1700000e+02 
3.500e+01 ; 4.800e+00 ; 7.000e-01 ; 2.4230001e+00 ; 2.1700000e+02 
3.500e+01 ; 4.800e+00 ; 7.000e-01 ; 2.4250001e+00 ; 2.1700000e+02 
3.500e+01 ; 4.800e+00 ; 7.000e-01 ; 2.4290001e+00 ; 2.1700000e+02 
3.500e+01 ; 4.800e+00 ; 7.000e-01 ; 2.4370001e+00 ; 2.1700000e+02 
3.500e+01 ; 4.800e+00 ; 7.000e-01 ; 2.4530001e+00 ; 2.1700000e+02 
3.500e+01 ; 4.800e+00 ; 7.000e-01 ; 2.4850001e+00 ; 2.1700000e+02 
3.500e+01 ; 4.800e+00 ; 7.000e-01 ; 2.5490001e+00 ; 2.1700000e+02 
3.500e+01 ; 4.800e+00 ; 7.000e-01 ; 2.6770001e+00 ; 2.1700000e+02 
3.500e+01 ; 4.800e+00 ; 7.000e-01 ; 2.9330001e+00 ; 2.1700000e+02 
3.500e+01 ; 4.800e+00 ; 7.000e-01 ; 3.4450001e+00 ; 2.1700000e+02 
3.500e+01 ; 4.800e+00 ; 7.000e-01 ; 3.6300001e+00 ; 2.1700000e+02 
3.500e+01 ; 4.800e+00 ; 7.000e-01 ; 3.6300001e+00 ; 2.1700000e+02 
3.500e+01 ; 4.800e+00 ; 7.000e-01 ; 3.6310001e+00 ; 2.1700000e+02 
3.500e+01 ; 4.800e+00 ; 7.000e-01 ; 3.6320001e+00 ; 2.1700000e+02 
3.500e+01 ; 4.800e+00 ; 7.000e-01 ; 3.6330001e+00 ; 2.1700000e+02 
3.500e+01 ; 4.800e+00 ; 7.000e-01 ; 3.6350001e+00 ; 2.1700000e+02 
3.500e+01 ; 4.800e+00 ; 7.000e-01 ; 3.6390001e+00 ; 2.1700000e+02 
3.500e+01 ; 4.800e+00 ; 7.000e-01 ; 3.6470001e+00 ; 2.1700000e+02 
3.500e+01 ; 4.800e+00 ; 7.000e-01 ; 3.6630001e+00 ; 2.1700000e+02 
3.500e+01 ; 4.800e+00 ; 7.000e-01 ; 3.6950001e+00 ; 2.1700000e+02 
3.500e+01 ; 4.800e+00 ; 7.000e-01 ; 3.7590001e+00 ; 2.1700000e+02 
3.500e+01 ; 4.800e+00 ; 7.000e-01 ; 3.8870001e+00 ; 2.1700000e+02 
3.500e+01 ; 4.800e+00 ; 7.000e-01 ; 4.1430001e+00 ; 2.1700000e+02 
3.500e+01 ; 4.800e+00 ; 7.000e-01 ; 4.6550001e+00 ; 2.1700000e+02 
3.500e+01 ; 4.800e+00 ; 7.000e-01 ; 4.8400002e+00 ; 2.1700000e+02 
3.500e+01 ; 4.800e+00 ; 7.000e-01 ; 4.8400002e+00 ; 2.1700000e+02 
3.500e+01 ; 4.800e+00 ; 7.000e-01 ; 4.8410002e+00 ; 2.1700000e+02 
3.500e+01 ; 4.800e+00 ; 7.000e-01 ; 4.8420002e+00 ; 2.1700000e+02 
3.500e+01 ; 4.800e+00 ; 7.000e-01 ; 4.8430002e+00 ; 2.1700000e+02 
3.500e+01 ; 4.800e+00 ; 7.000e-01 ; 4.8450002e+00 ; 2.1700000e+02 
3.500e+01 ; 4.800e+00 ; 7.000e-01 ; 4.8490002e+00 ; 2.1700000e+02 
3.500e+01 ; 4.800e+00 ; 7.000e-01 ; 4.8570002e+00 ; 2.1700000e+02 
3.500e+01 ; 4.800e+00 ; 7.000e-01 ; 4.8730002e+00 ; 2.1700000e+02 
3.500e+01 ; 4.800e+00 ; 7.000e-01 ; 4.9050002e+00 ; 2.1700000e+02 
3.500e+01 ; 4.800e+00 ; 7.000e-01 ; 4.9690001e+00 ; 2.1700000e+02 
3.500e+01 ; 4.800e+00 ; 7.000e-01 ; 5.0970002e+00 ; 2.1700000e+02 
3.500e+01 ; 4.800e+00 ; 7.000e-01 ; 5.3530002e+00 ; 2.1700000e+02 
3.500e+01 ; 4.800e+00 ; 7.000e-01 ; 5.8650001e+00 ; 2.1700000e+02 
3.500e+01 ; 4.800e+00 ; 7.000e-01 ; 6.0500002e+00 ; 2.1700000e+02 
3.500e+01 ; 4.800e+00 ; 7.000e-01 ; 6.0500002e+00 ; 2.1700000e+02 
3.500e+01 ; 4.800e+00 ; 7.000e-01 ; 6.0510002e+00 ; 2.1700000e+02 
3.500e+01 ; 4.800e+00 ; 7.000e-01 ; 6.0520002e+00 ; 2.1700000e+02 
3.500e+01 ; 4.800e+00 ; 7.000e-01 ; 6.0530002e+00 ; 2.1700000e+02 
3.500e+01 ; 4.800e+00 ; 7.000e-01 ; 6.0550002e+00 ; 2.1700000e+02 
3.500e+01 ; 4.800e+00 ; 7.000e-01 ; 6.0590002e+00 ; 2.1700000e+02 
3.500e+01 ; 4.800e+00 ; 7.000e-01 ; 6.0670002e+00 ; 2.1700000e+02 
3.500e+01 ; 4.800e+00 ; 7.000e-01 ; 6.0830002e+00 ; 2.1700000e+02 
3.500e+01 ; 4.800e+00 ; 7.000e-01 ; 6.1150002e+00 ; 2.1700000e+02 
3.500e+01 ; 4.800e+00 ; 7.000e-01 ; 6.1790002e+00 ; 2.1700000e+02 
3.500e+01 ; 4.800e+00 ; 7.000e-01 ; 6.3070002e+00 ; 2.1700000e+02 
3.500e+01 ; 4.800e+00 ; 7.000e-01 ; 6.5630002e+00 ; 2.1700000e+02 
3.500e+01 ; 4.800e+00 ; 7.000e-01 ; 7.0750002e+00 ; 2.1700000e+02 
3.500e+01 ; 4.800e+00 ; 7.000e-01 ; 7.2600002e+00 ; 2.1700000e+02 
3.500e+01 ; 4.800e+00 ; 7.000e-01 ; 7.2600002e+00 ; 2.1700000e+02 
3.500e+01 ; 4.800e+00 ; 7.000e-01 ; 7.2610002e+00 ; 2.1690762e+02 
3.500e+01 ; 4.800e+00 ; 7.000e-01 ; 7.2620002e+00 ; 2.1681531e+02 
3.500e+01 ; 4.800e+00 ; 7.000e-01 ; 7.2630002e+00 ; 2.1672307e+02 
3.500e+01 ; 4.800e+00 ; 7.000e-01 ; 7.2650002e+00 ; 2.1653886e+02 
3.500e+01 ; 4.800e+00 ; 7.000e-01 ; 7.2690002e+00 ; 2.1617152e+02 
3.500e+01 ; 4.800e+00 ; 7.000e-01 ; 7.2770002e+00 ; 2.1544115e+02 
3.500e+01 ; 4.800e+00 ; 7.000e-01 ; 7.2930002e+00 ; 2.1399747e+02 
3.500e+01 ; 4.800e+00 ; 7.000e-01 ; 7.3250002e+00 ; 2.1117665e+02 
3.500e+01 ; 4.800e+00 ; 7.000e-01 ; 7.3890002e+00 ; 2.0578886e+02 
3.500e+01 ; 4.800e+00 ; 7.000e-01 ; 7.5170002e+00 ; 1.9593893e+02 
3.500e+01 ; 4.800e+00 ; 7.000e-01 ; 7.7730002e+00 ; 1.7934317e+02 
3.500e+01 ; 4.800e+00 ; 7.000e-01 ; 8.2850002e+00 ; 1.5513902e+02 
3.500e+01 ; 4.800e+00 ; 7.000e-01 ; 8.4700003e+00 ; 1.4742038e+02 
3.500e+01 ; 4.800e+00 ; 7.000e-01 ; 8.4700003e+00 ; 1.4742038e+02 
3.500e+01 ; 4.800e+00 ; 7.000e-01 ; 8.4710003e+00 ; 1.4737869e+02 
3.500e+01 ; 4.800e+00 ; 7.000e-01 ; 8.4720003e+00 ; 1.4733705e+02 
3.500e+01 ; 4.800e+00 ; 7.000e-01 ; 8.4730003e+00 ; 1.4729544e+02 
3.500e+01 ; 4.800e+00 ; 7.000e-01 ; 8.4750003e+00 ; 1.4721236e+02 
3.500e+01 ; 4.800e+00 ; 7.000e-01 ; 8.4790003e+00 ; 1.4704678e+02 
3.500e+01 ; 4.800e+00 ; 7.000e-01 ; 8.4870003e+00 ; 1.4671793e+02 
3.500e+01 ; 4.800e+00 ; 7.000e-01 ; 8.5030003e+00 ; 1.4606926e+02 
3.500e+01 ; 4.800e+00 ; 7.000e-01 ; 8.5350003e+00 ; 1.4480684e+02 
3.500e+01 ; 4.800e+00 ; 7.000e-01 ; 8.5990003e+00 ; 1.4241219e+02 
3.500e+01 ; 4.800e+00 ; 7.000e-01 ; 8.7270003e+00 ; 1.3807991e+02 
3.500e+01 ; 4.800e+00 ; 7.000e-01 ; 8.9830003e+00 ; 1.3086324e+02 
3.500e+01 ; 4.800e+00 ; 7.000e-01 ; 9.4950002e+00 ; 1.2035558e+02 
3.500e+01 ; 4.800e+00 ; 7.000e-01 ; 9.6800003e+00 ; 1.1698635e+02 
3.500e+01 ; 4.800e+00 ; 7.000e-01 ; 9.6800003e+00 ; 1.1698635e+02 
3.500e+01 ; 4.800e+00 ; 7.000e-01 ; 9.6810003e+00 ; 1.1696815e+02 
3.500e+01 ; 4.800e+00 ; 7.000e-01 ; 9.6820003e+00 ; 1.1694996e+02 
3.500e+01 ; 4.800e+00 ; 7.000e-01 ; 9.6830003e+00 ; 1.1693179e+02 
3.500e+01 ; 4.800e+00 ; 7.000e-01 ; 9.6850003e+00 ; 1.1689548e+02 
3.500e+01 ; 4.800e+00 ; 7.000e-01 ; 9.6890003e+00 ; 1.1682304e+02 
3.500e+01 ; 4.800e+00 ; 7.000e-01 ; 9.6970003e+00 ; 1.1667891e+02 
3.500e+01 ; 4.800e+00 ; 7.000e-01 ; 9.7130003e+00 ; 1.1639355e+02 
3.500e+01 ; 4.800e+00 ; 7.000e-01 ; 9.7450003e+00 ; 1.1583421e+02 
3.500e+01 ; 4.800e+00 ; 7.000e-01 ; 9.8090003e+00 ; 1.1475941e+02 
3.500e+01 ; 4.800e+00 ; 7.000e-01 ; 9.9370003e+00 ; 1.1277238e+02 
3.500e+01 ; 4.800e+00 ; 7.000e-01 ; 1.0193000e+01 ; 1.0935876e+02 
3.500e+01 ; 4.800e+00 ; 7.000e-01 ; 1.0705000e+01 ; 1.0422299e+02 
3.500e+01 ; 4.800e+00 ; 7.000e-01 ; 1.0890000e+01 ; 1.0256456e+02 
3.500e+01 ; 4.800e+00 ; 7.000e-01 ; 1.0890000e+01 ; 1.0256456e+02 
3.500e+01 ; 4.800e+00 ; 7.000e-01 ; 1.0891000e+01 ; 1.0255560e+02 
3.500e+01 ; 4.800e+00 ; 7.000e-01 ; 1.0892000e+01 ; 1.0254665e+02 
3.500e+01 ; 4.800e+00 ; 7.000e-01 ; 1.0893000e+01 ; 1.0253770e+02 
3.500e+01 ; 4.800e+00 ; 7.000e-01 ; 1.0895000e+01 ; 1.0251983e+02 
3.500e+01 ; 4.800e+00 ; 7.000e-01 ; 1.0899000e+01 ; 1.0248418e+02 
3.500e+01 ; 4.800e+00 ; 7.000e-01 ; 1.0907000e+01 ; 1.0241324e+02 
3.500e+01 ; 4.800e+00 ; 7.000e-01 ; 1.0923000e+01 ; 1.0227280e+02 
3.500e+01 ; 4.800e+00 ; 7.000e-01 ; 1.0955000e+01 ; 1.0199760e+02 
3.500e+01 ; 4.800e+00 ; 7.000e-01 ; 1.1019000e+01 ; 1.0146895e+02 
3.500e+01 ; 4.800e+00 ; 7.000e-01 ; 1.1147000e+01 ; 1.0049198e+02 
3.500e+01 ; 4.800e+00 ; 7.000e-01 ; 1.1403000e+01 ; 9.8813950e+01 
3.500e+01 ; 4.800e+00 ; 7.000e-01 ; 1.1915000e+01 ; 9.6288040e+01 
3.500e+01 ; 4.800e+00 ; 7.000e-01 ; 1.2100000e+01 ; 9.5472191e+01 
3.500e+01 ; 4.800e+00 ; 7.000e-01 ; 1.2100000e+01 ; 9.5472191e+01 
3.500e+01 ; 4.800e+00 ; 7.000e-01 ; 1.2101000e+01 ; 9.5467781e+01 
3.500e+01 ; 4.800e+00 ; 7.000e-01 ; 1.2102000e+01 ; 9.5463379e+01 
3.500e+01 ; 4.800e+00 ; 7.000e-01 ; 1.2103000e+01 ; 9.5458977e+01 
3.500e+01 ; 4.800e+00 ; 7.000e-01 ; 1.2105000e+01 ; 9.5450180e+01 
3.500e+01 ; 4.800e+00 ; 7.000e-01 ; 1.2109000e+01 ; 9.5432648e+01 
3.500e+01 ; 4.800e+00 ; 7.000e-01 ; 1.2117000e+01 ; 9.5397743e+01 
3.500e+01 ; 4.800e+00 ; 7.000e-01 ; 1.2133000e+01 ; 9.5328659e+01 
3.500e+01 ; 4.800e+00 ; 7.000e-01 ; 1.2165000e+01 ; 9.5193260e+01 
3.500e+01 ; 4.800e+00 ; 7.000e-01 ; 1.2229000e+01 ; 9.4933151e+01 
3.500e+01 ; 4.800e+00 ; 7.000e-01 ; 1.2357000e+01 ; 9.4452393e+01 
3.500e+01 ; 4.800e+00 ; 7.000e-01 ; 1.2613000e+01 ; 9.3626472e+01 
3.500e+01 ; 4.800e+00 ; 7.000e-01 ; 1.3125000e+01 ; 9.2382851e+01 
3.500e+01 ; 4.800e+00 ; 7.000e-01 ; 1.3310000e+01 ; 9.1981133e+01 
3.500e+01 ; 4.800e+00 ; 7.000e-01 ; 1.3310000e+01 ; 9.1981133e+01 
3.500e+01 ; 4.800e+00 ; 7.000e-01 ; 1.3311000e+01 ; 9.1978958e+01 
3.500e+01 ; 4.800e+00 ; 7.000e-01 ; 1.3312000e+01 ; 9.1976791e+01 
3.500e+01 ; 4.800e+00 ; 7.000e-01 ; 1.3313000e+01 ; 9.1974625e+01 
3.500e+01 ; 4.800e+00 ; 7.000e-01 ; 1.3315000e+01 ; 9.1970291e+01 
3.500e+01 ; 4.800e+00 ; 7.000e-01 ; 1.3319000e+01 ; 9.1961655e+01 
3.500e+01 ; 4.800e+00 ; 7.000e-01 ; 1.3327000e+01 ; 9.1944473e+01 
3.500e+01 ; 4.800e+00 ; 7.000e-01 ; 1.3343000e+01 ; 9.1910454e+01 
3.500e+01 ; 4.800e+00 ; 7.000e-01 ; 1.3375000e+01 ; 9.1843788e+01 
3.500e+01 ; 4.800e+00 ; 7.000e-01 ; 1.3439000e+01 ; 9.1715698e+01 
3.500e+01 ; 4.800e+00 ; 7.000e-01 ; 1.3567000e+01 ; 9.1478943e+01 
3.500e+01 ; 4.800e+00 ; 7.000e-01 ; 1.3823000e+01 ; 9.1072166e+01 
3.500e+01 ; 4.800e+00 ; 7.000e-01 ; 1.4335000e+01 ; 9.0459579e+01 
3.500e+01 ; 4.800e+00 ; 7.000e-01 ; 1.4520000e+01 ; 9.0261688e+01 
3.500e+01 ; 4.800e+00 ; 7.000e-01 ; 1.4520000e+01 ; 9.0261688e+01 
3.500e+01 ; 4.800e+00 ; 7.000e-01 ; 1.4521000e+01 ; 9.0260620e+01 
3.500e+01 ; 4.800e+00 ; 7.000e-01 ; 1.4522000e+01 ; 9.0259552e+01 
3.500e+01 ; 4.800e+00 ; 7.000e-01 ; 1.4523000e+01 ; 9.0258484e+01 
3.500e+01 ; 4.800e+00 ; 7.000e-01 ; 1.4525000e+01 ; 9.0256355e+01 
3.500e+01 ; 4.800e+00 ; 7.000e-01 ; 1.4529000e+01 ; 9.0252098e+01 
3.500e+01 ; 4.800e+00 ; 7.000e-01 ; 1.4537000e+01 ; 9.0243629e+01 
3.500e+01 ; 4.800e+00 ; 7.000e-01 ; 1.4553000e+01 ; 9.0226875e+01 
3.500e+01 ; 4.800e+00 ; 7.000e-01 ; 1.4585000e+01 ; 9.0194031e+01 
3.500e+01 ; 4.800e+00 ; 7.000e-01 ; 1.4649000e+01 ; 9.0130936e+01 
3.500e+01 ; 4.800e+00 ; 7.000e-01 ; 1.4777000e+01 ; 9.0014297e+01 
3.500e+01 ; 4.800e+00 ; 7.000e-01 ; 1.5033000e+01 ; 8.9813896e+01 
3.500e+01 ; 4.800e+00 ; 7.000e-01 ; 1.5545000e+01 ; 8.9512070e+01 
3.500e+01 ; 4.800e+00 ; 7.000e-01 ; 1.5730000e+01 ; 8.9414566e+01 
3.500e+01 ; 4.800e+00 ; 7.000e-01 ; 1.5730000e+01 ; 8.9414566e+01 
3.500e+01 ; 4.800e+00 ; 7.000e-01 ; 1.5731000e+01 ; 8.9414040e+01 
3.500e+01 ; 4.800e+00 ; 7.000e-01 ; 1.5732000e+01 ; 8.9413513e+01 
3.500e+01 ; 4.800e+00 ; 7.000e-01 ; 1.5733000e+01 ; 8.9412987e+01 
3.500e+01 ; 4.800e+00 ; 7.000e-01 ; 1.5735000e+01 ; 8.9411942e+01 
3.500e+01 ; 4.800e+00 ; 7.000e-01 ; 1.5739000e+01 ; 8.9409843e+01 
3.500e+01 ; 4.800e+00 ; 7.000e-01 ; 1.5747000e+01 ; 8.9405670e+01 
3.500e+01 ; 4.800e+00 ; 7.000e-01 ; 1.5763000e+01 ; 8.9397415e+01 
3.500e+01 ; 4.800e+00 ; 7.000e-01 ; 1.5795000e+01 ; 8.9381233e+01 
3.500e+01 ; 4.800e+00 ; 7.000e-01 ; 1.5859000e+01 ; 8.9350143e+01 
3.500e+01 ; 4.800e+00 ; 7.000e-01 ; 1.5987000e+01 ; 8.9292671e+01 
3.500e+01 ; 4.800e+00 ; 7.000e-01 ; 1.6243001e+01 ; 8.9193924e+01 
3.500e+01 ; 4.800e+00 ; 7.000e-01 ; 1.6755000e+01 ; 8.9045204e+01 
3.500e+01 ; 4.800e+00 ; 7.000e-01 ; 1.6940001e+01 ; 8.8997154e+01 
3.500e+01 ; 4.800e+00 ; 7.000e-01 ; 1.6940001e+01 ; 8.8997154e+01 
3.500e+01 ; 4.800e+00 ; 7.000e-01 ; 1.6941001e+01 ; 8.8996895e+01 
3.500e+01 ; 4.800e+00 ; 7.000e-01 ; 1.6942001e+01 ; 8.8996635e+01 
3.500e+01 ; 4.800e+00 ; 7.000e-01 ; 1.6943001e+01 ; 8.8996376e+01 
3.500e+01 ; 4.800e+00 ; 7.000e-01 ; 1.6945001e+01 ; 8.8995857e+01 
3.500e+01 ; 4.800e+00 ; 7.000e-01 ; 1.6949001e+01 ; 8.8994827e+01 
3.500e+01 ; 4.800e+00 ; 7.000e-01 ; 1.6957001e+01 ; 8.8992775e+01 
3.500e+01 ; 4.800e+00 ; 7.000e-01 ; 1.6973001e+01 ; 8.8988701e+01 
3.500e+01 ; 4.800e+00 ; 7.000e-01 ; 1.7005001e+01 ; 8.8980728e+01 
3.500e+01 ; 4.800e+00 ; 7.000e-01 ; 1.7069001e+01 ; 8.8965408e+01 
3.500e+01 ; 4.800e+00 ; 7.000e-01 ; 1.7197001e+01 ; 8.8937088e+01 
3.500e+01 ; 4.800e+00 ; 7.000e-01 ; 1.7453001e+01 ; 8.8888428e+01 
3.500e+01 ; 4.800e+00 ; 7.000e-01 ; 1.7965001e+01 ; 8.8815140e+01 
3.500e+01 ; 4.800e+00 ; 7.000e-01 ; 1.8150001e+01 ; 8.8791466e+01 
3.500e+01 ; 4.800e+00 ; 7.000e-01 ; 1.8150001e+01 ; 8.8791466e+01 
3.500e+01 ; 4.800e+00 ; 7.000e-01 ; 1.8151001e+01 ; 8.8791336e+01 
3.500e+01 ; 4.800e+00 ; 7.000e-01 ; 1.8152001e+01 ; 8.8791206e+01 
3.500e+01 ; 4.800e+00 ; 7.000e-01 ; 1.8153001e+01 ; 8.8791084e+01 
3.500e+01 ; 4.800e+00 ; 7.000e-01 ; 1.8155001e+01 ; 8.8790825e+01 
3.500e+01 ; 4.800e+00 ; 7.000e-01 ; 1.8159001e+01 ; 8.8790314e+01 
3.500e+01 ; 4.800e+00 ; 7.000e-01 ; 1.8167001e+01 ; 8.8789307e+01 
3.500e+01 ; 4.800e+00 ; 7.000e-01 ; 1.8183001e+01 ; 8.8787300e+01 
3.500e+01 ; 4.800e+00 ; 7.000e-01 ; 1.8215001e+01 ; 8.8783371e+01 
3.500e+01 ; 4.800e+00 ; 7.000e-01 ; 1.8279001e+01 ; 8.8775818e+01 
3.500e+01 ; 4.800e+00 ; 7.000e-01 ; 1.8407001e+01 ; 8.8761864e+01 
3.500e+01 ; 4.800e+00 ; 7.000e-01 ; 1.8663001e+01 ; 8.8737885e+01 
3.500e+01 ; 4.800e+00 ; 7.000e-01 ; 1.9175001e+01 ; 8.8701767e+01 
3.500e+01 ; 4.800e+00 ; 7.000e-01 ; 1.9360001e+01 ; 8.8690102e+01 
3.500e+01 ; 4.800e+00 ; 7.000e-01 ; 1.9360001e+01 ; 8.8690102e+01 
3.500e+01 ; 4.800e+00 ; 7.000e-01 ; 1.9361001e+01 ; 8.8690041e+01 
3.500e+01 ; 4.800e+00 ; 7.000e-01 ; 1.9362001e+01 ; 8.8689972e+01 
3.500e+01 ; 4.800e+00 ; 7.000e-01 ; 1.9363001e+01 ; 8.8689911e+01 
3.500e+01 ; 4.800e+00 ; 7.000e-01 ; 1.9365001e+01 ; 8.8689789e+01 
3.500e+01 ; 4.800e+00 ; 7.000e-01 ; 1.9369001e+01 ; 8.8689537e+01 
3.500e+01 ; 4.800e+00 ; 7.000e-01 ; 1.9377001e+01 ; 8.8689034e+01 
3.500e+01 ; 4.800e+00 ; 7.000e-01 ; 1.9393001e+01 ; 8.8688049e+01 
3.500e+01 ; 4.800e+00 ; 7.000e-01 ; 1.9425001e+01 ; 8.8686111e+01 
3.500e+01 ; 4.800e+00 ; 7.000e-01 ; 1.9489001e+01 ; 8.8682388e+01 
3.500e+01 ; 4.800e+00 ; 7.000e-01 ; 1.9617001e+01 ; 8.8675514e+01 
3.500e+01 ; 4.800e+00 ; 7.000e-01 ; 1.9873001e+01 ; 8.8663696e+01 
3.500e+01 ; 4.800e+00 ; 7.000e-01 ; 2.0385001e+01 ; 8.8645897e+01 
3.500e+01 ; 4.800e+00 ; 7.000e-01 ; 2.0570001e+01 ; 8.8640152e+01 
3.500e+01 ; 4.800e+00 ; 7.000e-01 ; 2.0570001e+01 ; 8.8640152e+01 
3.500e+01 ; 4.800e+00 ; 7.000e-01 ; 2.0571001e+01 ; 8.8640121e+01 
3.500e+01 ; 4.800e+00 ; 7.000e-01 ; 2.0572001e+01 ; 8.8640083e+01 
3.500e+01 ; 4.800e+00 ; 7.000e-01 ; 2.0573001e+01 ; 8.8640053e+01 
3.500e+01 ; 4.800e+00 ; 7.000e-01 ; 2.0575001e+01 ; 8.8639992e+01 
3.500e+01 ; 4.800e+00 ; 7.000e-01 ; 2.0579001e+01 ; 8.8639870e+01 
3.500e+01 ; 4.800e+00 ; 7.000e-01 ; 2.0587001e+01 ; 8.8639626e+01 
3.500e+01 ; 4.800e+00 ; 7.000e-01 ; 2.0603001e+01 ; 8.8639137e+01 
3.500e+01 ; 4.800e+00 ; 7.000e-01 ; 2.0635001e+01 ; 8.8638184e+01 
3.500e+01 ; 4.800e+00 ; 7.000e-01 ; 2.0699001e+01 ; 8.8636353e+01 
3.500e+01 ; 4.800e+00 ; 7.000e-01 ; 2.0827001e+01 ; 8.8632957e+01 
3.500e+01 ; 4.800e+00 ; 7.000e-01 ; 2.1083001e+01 ; 8.8627136e+01 
3.500e+01 ; 4.800e+00 ; 7.000e-01 ; 2.1595001e+01 ; 8.8618370e+01 
3.500e+01 ; 4.800e+00 ; 7.000e-01 ; 2.1780001e+01 ; 8.8615532e+01 
3.500e+01 ; 4.800e+00 ; 7.000e-01 ; 2.1780001e+01 ; 8.8615532e+01 
3.500e+01 ; 4.800e+00 ; 7.000e-01 ; 2.1781001e+01 ; 8.8615517e+01 
3.500e+01 ; 4.800e+00 ; 7.000e-01 ; 2.1782001e+01 ; 8.8615501e+01 
3.500e+01 ; 4.800e+00 ; 7.000e-01 ; 2.1783001e+01 ; 8.8615486e+01 
3.500e+01 ; 4.800e+00 ; 7.000e-01 ; 2.1785001e+01 ; 8.8615456e+01 
3.500e+01 ; 4.800e+00 ; 7.000e-01 ; 2.1789001e+01 ; 8.8615395e+01 
3.500e+01 ; 4.800e+00 ; 7.000e-01 ; 2.1797001e+01 ; 8.8615273e+01 
3.500e+01 ; 4.800e+00 ; 7.000e-01 ; 2.1813001e+01 ; 8.8615036e+01 
3.500e+01 ; 4.800e+00 ; 7.000e-01 ; 2.1845001e+01 ; 8.8614563e+01 
3.500e+01 ; 4.800e+00 ; 7.000e-01 ; 2.1909001e+01 ; 8.8613663e+01 
3.500e+01 ; 4.800e+00 ; 7.000e-01 ; 2.2037001e+01 ; 8.8611992e+01 
3.500e+01 ; 4.800e+00 ; 7.000e-01 ; 2.2293001e+01 ; 8.8609123e+01 
3.500e+01 ; 4.800e+00 ; 7.000e-01 ; 2.2805001e+01 ; 8.8604836e+01 
3.500e+01 ; 4.800e+00 ; 7.000e-01 ; 2.2990001e+01 ; 8.8603455e+01 
3.500e+01 ; 4.800e+00 ; 7.000e-01 ; 2.2990001e+01 ; 8.8603455e+01 
3.500e+01 ; 4.800e+00 ; 7.000e-01 ; 2.2991001e+01 ; 8.8603447e+01 
3.500e+01 ; 4.800e+00 ; 7.000e-01 ; 2.2992001e+01 ; 8.8603439e+01 
3.500e+01 ; 4.800e+00 ; 7.000e-01 ; 2.2993001e+01 ; 8.8603432e+01 
3.500e+01 ; 4.800e+00 ; 7.000e-01 ; 2.2995001e+01 ; 8.8603416e+01 
3.500e+01 ; 4.800e+00 ; 7.000e-01 ; 2.2999001e+01 ; 8.8603386e+01 
3.500e+01 ; 4.800e+00 ; 7.000e-01 ; 2.3007001e+01 ; 8.8603333e+01 
3.500e+01 ; 4.800e+00 ; 7.000e-01 ; 2.3023001e+01 ; 8.8603210e+01 
3.500e+01 ; 4.800e+00 ; 7.000e-01 ; 2.3055001e+01 ; 8.8602982e+01 
3.500e+01 ; 4.800e+00 ; 7.000e-01 ; 2.3119001e+01 ; 8.8602554e+01 
3.500e+01 ; 4.800e+00 ; 7.000e-01 ; 2.3247001e+01 ; 8.8601791e+01 
3.500e+01 ; 4.800e+00 ; 7.000e-01 ; 2.3503001e+01 ; 8.8600723e+01 
3.500e+01 ; 4.800e+00 ; 7.000e-01 ; 2.4015001e+01 ; 8.8600403e+01 
3.500e+01 ; 4.800e+00 ; 7.000e-01 ; 2.4200001e+01 ; 8.8600517e+01 
3.500e+01 ; 4.800e+00 ; 7.000e-01 ; 2.4200001e+01 ; 8.8600517e+01 
3.500e+01 ; 4.800e+00 ; 7.000e-01 ; 2.4201001e+01 ; 8.8600517e+01 
3.500e+01 ; 4.800e+00 ; 7.000e-01 ; 2.4202001e+01 ; 8.8600517e+01 
3.500e+01 ; 4.800e+00 ; 7.000e-01 ; 2.4203001e+01 ; 8.8600517e+01 
3.500e+01 ; 4.800e+00 ; 7.000e-01 ; 2.4205001e+01 ; 8.8600525e+01 
3.500e+01 ; 4.800e+00 ; 7.000e-01 ; 2.4209001e+01 ; 8.8600533e+01 
3.500e+01 ; 4.800e+00 ; 7.000e-01 ; 2.4217001e+01 ; 8.8600563e+01 
3.500e+01 ; 4.800e+00 ; 7.000e-01 ; 2.4233001e+01 ; 8.8600685e+01 
3.500e+01 ; 4.800e+00 ; 7.000e-01 ; 2.4265001e+01 ; 8.8601151e+01 
3.500e+01 ; 4.800e+00 ; 7.000e-01 ; 2.4329001e+01 ; 8.8603020e+01 
3.500e+01 ; 4.800e+00 ; 7.000e-01 ; 2.4457001e+01 ; 8.8610535e+01 
3.500e+01 ; 4.800e+00 ; 7.000e-01 ; 2.4713001e+01 ; 8.8638741e+01 
3.500e+01 ; 4.800e+00 ; 7.000e-01 ; 2.5225001e+01 ; 8.8724319e+01 
3.500e+01 ; 4.800e+00 ; 7.000e-01 ; 2.5410001e+01 ; 8.8757637e+01 
3.500e+01 ; 4.800e+00 ; 7.000e-01 ; 2.5410001e+01 ; 8.8757637e+01 
3.500e+01 ; 4.800e+00 ; 7.000e-01 ; 2.5411001e+01 ; 8.8762733e+01 
3.500e+01 ; 4.800e+00 ; 7.000e-01 ; 2.5412001e+01 ; 8.8767838e+01 
3.500e+01 ; 4.800e+00 ; 7.000e-01 ; 2.5413001e+01 ; 8.8772949e+01 
3.500e+01 ; 4.800e+00 ; 7.000e-01 ; 2.5415001e+01 ; 8.8783226e+01 
3.500e+01 ; 4.800e+00 ; 7.000e-01 ; 2.5419001e+01 ; 8.8803955e+01 
3.500e+01 ; 4.800e+00 ; 7.000e-01 ; 2.5427001e+01 ; 8.8846085e+01 
3.500e+01 ; 4.800e+00 ; 7.000e-01 ; 2.5443001e+01 ; 8.8932953e+01 
3.500e+01 ; 4.800e+00 ; 7.000e-01 ; 2.5475001e+01 ; 8.9116074e+01 
3.500e+01 ; 4.800e+00 ; 7.000e-01 ; 2.5539001e+01 ; 8.9512672e+01 
3.500e+01 ; 4.800e+00 ; 7.000e-01 ; 2.5667001e+01 ; 9.0380882e+01 
3.500e+01 ; 4.800e+00 ; 7.000e-01 ; 2.5923001e+01 ; 9.2174271e+01 
3.500e+01 ; 4.800e+00 ; 7.000e-01 ; 2.6435001e+01 ; 9.5155090e+01 
3.500e+01 ; 4.800e+00 ; 7.000e-01 ; 2.6620001e+01 ; 9.6087578e+01 
3.500e+01 ; 4.800e+00 ; 7.000e-01 ; 2.6620001e+01 ; 9.6087578e+01 
3.500e+01 ; 4.800e+00 ; 7.000e-01 ; 2.6621001e+01 ; 9.6096390e+01 
3.500e+01 ; 4.800e+00 ; 7.000e-01 ; 2.6622001e+01 ; 9.6105194e+01 
3.500e+01 ; 4.800e+00 ; 7.000e-01 ; 2.6623001e+01 ; 9.6114006e+01 
3.500e+01 ; 4.800e+00 ; 7.000e-01 ; 2.6625001e+01 ; 9.6131630e+01 
3.500e+01 ; 4.800e+00 ; 7.000e-01 ; 2.6629001e+01 ; 9.6166878e+01 
3.500e+01 ; 4.800e+00 ; 7.000e-01 ; 2.6637001e+01 ; 9.6237358e+01 
3.500e+01 ; 4.800e+00 ; 7.000e-01 ; 2.6653001e+01 ; 9.6378220e+01 
3.500e+01 ; 4.800e+00 ; 7.000e-01 ; 2.6685001e+01 ; 9.6659225e+01 
3.500e+01 ; 4.800e+00 ; 7.000e-01 ; 2.6749001e+01 ; 9.7215614e+01 
3.500e+01 ; 4.800e+00 ; 7.000e-01 ; 2.6877001e+01 ; 9.8289124e+01 
3.500e+01 ; 4.800e+00 ; 7.000e-01 ; 2.7133001e+01 ; 1.0019729e+02 
3.500e+01 ; 4.800e+00 ; 7.000e-01 ; 2.7645001e+01 ; 1.0287446e+02 
3.500e+01 ; 4.800e+00 ; 7.000e-01 ; 2.7830001e+01 ; 1.0365920e+02 
3.500e+01 ; 4.800e+00 ; 7.000e-01 ; 2.7830001e+01 ; 1.0365920e+02 
3.500e+01 ; 4.800e+00 ; 7.000e-01 ; 2.7831001e+01 ; 1.0366344e+02 
3.500e+01 ; 4.800e+00 ; 7.000e-01 ; 2.7832001e+01 ; 1.0366766e+02 
3.500e+01 ; 4.800e+00 ; 7.000e-01 ; 2.7833001e+01 ; 1.0367188e+02 
3.500e+01 ; 4.800e+00 ; 7.000e-01 ; 2.7835001e+01 ; 1.0368030e+02 
3.500e+01 ; 4.800e+00 ; 7.000e-01 ; 2.7839001e+01 ; 1.0369701e+02 
3.500e+01 ; 4.800e+00 ; 7.000e-01 ; 2.7847001e+01 ; 1.0372998e+02 
3.500e+01 ; 4.800e+00 ; 7.000e-01 ; 2.7863001e+01 ; 1.0379417e+02 
3.500e+01 ; 4.800e+00 ; 7.000e-01 ; 2.7895001e+01 ; 1.0391574e+02 
3.500e+01 ; 4.800e+00 ; 7.000e-01 ; 2.7959001e+01 ; 1.0413346e+02 
3.500e+01 ; 4.800e+00 ; 7.000e-01 ; 2.8087001e+01 ; 1.0448000e+02 
3.500e+01 ; 4.800e+00 ; 7.000e-01 ; 2.8343001e+01 ; 1.0489746e+02 
3.500e+01 ; 4.800e+00 ; 7.000e-01 ; 2.8855001e+01 ; 1.0504430e+02 
3.500e+01 ; 4.800e+00 ; 7.000e-01 ; 2.9040001e+01 ; 1.0502353e+02 
3.500e+01 ; 4.800e+00 ; 7.000e-01 ; 2.9040001e+01 ; 1.0502353e+02 
3.500e+01 ; 4.800e+00 ; 7.000e-01 ; 2.9041001e+01 ; 1.0502341e+02 
3.500e+01 ; 4.800e+00 ; 7.000e-01 ; 2.9042001e+01 ; 1.0502330e+02 
3.500e+01 ; 4.800e+00 ; 7.000e-01 ; 2.9043001e+01 ; 1.0502319e+02 
3.500e+01 ; 4.800e+00 ; 7.000e-01 ; 2.9045001e+01 ; 1.0502293e+02 
3.500e+01 ; 4.800e+00 ; 7.000e-01 ; 2.9049001e+01 ; 1.0502241e+02 
3.500e+01 ; 4.800e+00 ; 7.000e-01 ; 2.9057001e+01 ; 1.0502122e+02 
3.500e+01 ; 4.800e+00 ; 7.000e-01 ; 2.9073001e+01 ; 1.0501832e+02 
3.500e+01 ; 4.800e+00 ; 7.000e-01 ; 2.9105001e+01 ; 1.0501045e+02 
3.500e+01 ; 4.800e+00 ; 7.000e-01 ; 2.9169001e+01 ; 1.0498710e+02 
3.500e+01 ; 4.800e+00 ; 7.000e-01 ; 2.9297001e+01 ; 1.0491399e+02 
3.500e+01 ; 4.800e+00 ; 7.000e-01 ; 2.9553001e+01 ; 1.0468859e+02 
3.500e+01 ; 4.800e+00 ; 7.000e-01 ; 3.0065001e+01 ; 1.0406052e+02 
3.500e+01 ; 4.800e+00 ; 7.000e-01 ; 3.0250001e+01 ; 1.0381596e+02 
3.500e+01 ; 4.800e+00 ; 7.000e-01 ; 3.0250001e+01 ; 1.0381596e+02 
3.500e+01 ; 4.800e+00 ; 7.000e-01 ; 3.0251001e+01 ; 1.0381463e+02 
3.500e+01 ; 4.800e+00 ; 7.000e-01 ; 3.0252001e+01 ; 1.0381331e+02 
3.500e+01 ; 4.800e+00 ; 7.000e-01 ; 3.0253001e+01 ; 1.0381198e+02 
3.500e+01 ; 4.800e+00 ; 7.000e-01 ; 3.0255001e+01 ; 1.0380933e+02 
3.500e+01 ; 4.800e+00 ; 7.000e-01 ; 3.0259001e+01 ; 1.0380403e+02 
3.500e+01 ; 4.800e+00 ; 7.000e-01 ; 3.0267001e+01 ; 1.0379339e+02 
3.500e+01 ; 4.800e+00 ; 7.000e-01 ; 3.0283001e+01 ; 1.0377197e+02 
3.500e+01 ; 4.800e+00 ; 7.000e-01 ; 3.0315001e+01 ; 1.0372867e+02 
3.500e+01 ; 4.800e+00 ; 7.000e-01 ; 3.0379001e+01 ; 1.0364038e+02 
3.500e+01 ; 4.800e+00 ; 7.000e-01 ; 3.0507001e+01 ; 1.0345847e+02 
3.500e+01 ; 4.800e+00 ; 7.000e-01 ; 3.0763001e+01 ; 1.0308200e+02 
3.500e+01 ; 4.800e+00 ; 7.000e-01 ; 3.1275001e+01 ; 1.0232274e+02 
3.500e+01 ; 4.800e+00 ; 7.000e-01 ; 3.1460001e+01 ; 1.0204928e+02 
3.500e+01 ; 4.800e+00 ; 7.000e-01 ; 3.1460001e+01 ; 1.0204928e+02 
3.500e+01 ; 4.800e+00 ; 7.000e-01 ; 3.1461001e+01 ; 1.0204780e+02 
3.500e+01 ; 4.800e+00 ; 7.000e-01 ; 3.1462001e+01 ; 1.0204632e+02 
3.500e+01 ; 4.800e+00 ; 7.000e-01 ; 3.1463001e+01 ; 1.0204485e+02 
3.500e+01 ; 4.800e+00 ; 7.000e-01 ; 3.1465001e+01 ; 1.0204189e+02 
3.500e+01 ; 4.800e+00 ; 7.000e-01 ; 3.1469001e+01 ; 1.0203597e+02 
3.500e+01 ; 4.800e+00 ; 7.000e-01 ; 3.1477001e+01 ; 1.0202415e+02 
3.500e+01 ; 4.800e+00 ; 7.000e-01 ; 3.1493001e+01 ; 1.0200052e+02 
3.500e+01 ; 4.800e+00 ; 7.000e-01 ; 3.1525001e+01 ; 1.0195329e+02 
3.500e+01 ; 4.800e+00 ; 7.000e-01 ; 3.1589001e+01 ; 1.0185908e+02 
3.500e+01 ; 4.800e+00 ; 7.000e-01 ; 3.1717001e+01 ; 1.0167200e+02 
3.500e+01 ; 4.800e+00 ; 7.000e-01 ; 3.1973001e+01 ; 1.0130575e+02 
3.500e+01 ; 4.800e+00 ; 7.000e-01 ; 3.2485001e+01 ; 1.0061597e+02 
3.500e+01 ; 4.800e+00 ; 7.000e-01 ; 3.2670001e+01 ; 1.0037272e+02 
3.500e+01 ; 4.800e+00 ; 7.000e-01 ; 3.2670001e+01 ; 1.0037272e+02 
3.500e+01 ; 4.800e+00 ; 7.000e-01 ; 3.2671001e+01 ; 1.0037140e+02 
3.500e+01 ; 4.800e+00 ; 7.000e-01 ; 3.2672001e+01 ; 1.0037009e+02 
3.500e+01 ; 4.800e+00 ; 7.000e-01 ; 3.2673001e+01 ; 1.0036877e+02 
3.500e+01 ; 4.800e+00 ; 7.000e-01 ; 3.2675001e+01 ; 1.0036614e+02 
3.500e+01 ; 4.800e+00 ; 7.000e-01 ; 3.2679001e+01 ; 1.0036089e+02 
3.500e+01 ; 4.800e+00 ; 7.000e-01 ; 3.2687001e+01 ; 1.0035040e+02 
3.500e+01 ; 4.800e+00 ; 7.000e-01 ; 3.2703001e+01 ; 1.0032945e+02 
3.500e+01 ; 4.800e+00 ; 7.000e-01 ; 3.2735001e+01 ; 1.0028774e+02 
3.500e+01 ; 4.800e+00 ; 7.000e-01 ; 3.2799001e+01 ; 1.0020506e+02 
3.500e+01 ; 4.800e+00 ; 7.000e-01 ; 3.2927001e+01 ; 1.0004277e+02 
3.500e+01 ; 4.800e+00 ; 7.000e-01 ; 3.3183001e+01 ; 9.9730774e+01 
3.500e+01 ; 4.800e+00 ; 7.000e-01 ; 3.3695001e+01 ; 9.9157356e+01 
3.500e+01 ; 4.800e+00 ; 7.000e-01 ; 3.3880001e+01 ; 9.8956734e+01 
3.500e+01 ; 4.800e+00 ; 7.000e-01 ; 3.3880001e+01 ; 9.8956734e+01 
3.500e+01 ; 4.800e+00 ; 7.000e-01 ; 3.3881001e+01 ; 9.8955650e+01 
3.500e+01 ; 4.800e+00 ; 7.000e-01 ; 3.3882001e+01 ; 9.8954567e+01 
3.500e+01 ; 4.800e+00 ; 7.000e-01 ; 3.3883001e+01 ; 9.8953484e+01 
3.500e+01 ; 4.800e+00 ; 7.000e-01 ; 3.3885001e+01 ; 9.8951317e+01 
3.500e+01 ; 4.800e+00 ; 7.000e-01 ; 3.3889001e+01 ; 9.8946983e+01 
3.500e+01 ; 4.800e+00 ; 7.000e-01 ; 3.3897001e+01 ; 9.8938332e+01 
3.500e+01 ; 4.800e+00 ; 7.000e-01 ; 3.3913001e+01 ; 9.8921082e+01 
3.500e+01 ; 4.800e+00 ; 7.000e-01 ; 3.3945001e+01 ; 9.8886780e+01 
3.500e+01 ; 4.800e+00 ; 7.000e-01 ; 3.4009001e+01 ; 9.8818954e+01 
3.500e+01 ; 4.800e+00 ; 7.000e-01 ; 3.4137001e+01 ; 9.8686417e+01 
3.500e+01 ; 4.800e+00 ; 7.000e-01 ; 3.4393001e+01 ; 9.8433479e+01 
3.500e+01 ; 4.800e+00 ; 7.000e-01 ; 3.4905001e+01 ; 9.7973297e+01 
3.500e+01 ; 4.800e+00 ; 7.000e-01 ; 3.5090001e+01 ; 9.7812843e+01 
3.500e+01 ; 4.800e+00 ; 7.000e-01 ; 3.5090001e+01 ; 9.7812843e+01 
3.500e+01 ; 4.800e+00 ; 7.000e-01 ; 3.5091001e+01 ; 9.7811974e+01 
3.500e+01 ; 4.800e+00 ; 7.000e-01 ; 3.5092001e+01 ; 9.7811111e+01 
3.500e+01 ; 4.800e+00 ; 7.000e-01 ; 3.5093001e+01 ; 9.7810242e+01 
3.500e+01 ; 4.800e+00 ; 7.000e-01 ; 3.5095001e+01 ; 9.7808510e+01 
3.500e+01 ; 4.800e+00 ; 7.000e-01 ; 3.5099001e+01 ; 9.7805046e+01 
3.500e+01 ; 4.800e+00 ; 7.000e-01 ; 3.5107001e+01 ; 9.7798134e+01 
3.500e+01 ; 4.800e+00 ; 7.000e-01 ; 3.5123001e+01 ; 9.7784340e+01 
3.500e+01 ; 4.800e+00 ; 7.000e-01 ; 3.5155001e+01 ; 9.7756943e+01 
3.500e+01 ; 4.800e+00 ; 7.000e-01 ; 3.5219001e+01 ; 9.7702820e+01 
3.500e+01 ; 4.800e+00 ; 7.000e-01 ; 3.5347001e+01 ; 9.7597260e+01 
3.500e+01 ; 4.800e+00 ; 7.000e-01 ; 3.5603001e+01 ; 9.7396454e+01 
3.500e+01 ; 4.800e+00 ; 7.000e-01 ; 3.6115001e+01 ; 9.7032745e+01 
3.500e+01 ; 4.800e+00 ; 7.000e-01 ; 3.6300001e+01 ; 9.6906120e+01 
3.500e+01 ; 4.800e+00 ; 7.000e-01 ; 3.6300001e+01 ; 9.6906120e+01 
3.500e+01 ; 4.800e+00 ; 7.000e-01 ; 3.6301001e+01 ; 9.6905434e+01 
3.500e+01 ; 4.800e+00 ; 7.000e-01 ; 3.6302001e+01 ; 9.6904747e+01 
3.500e+01 ; 4.800e+00 ; 7.000e-01 ; 3.6303001e+01 ; 9.6904068e+01 
3.500e+01 ; 4.800e+00 ; 7.000e-01 ; 3.6305001e+01 ; 9.6902695e+01 
3.500e+01 ; 4.800e+00 ; 7.000e-01 ; 3.6309001e+01 ; 9.6899963e+01 
3.500e+01 ; 4.800e+00 ; 7.000e-01 ; 3.6317001e+01 ; 9.6894508e+01 
3.500e+01 ; 4.800e+00 ; 7.000e-01 ; 3.6333001e+01 ; 9.6883629e+01 
3.500e+01 ; 4.800e+00 ; 7.000e-01 ; 3.6365001e+01 ; 9.6862015e+01 
3.500e+01 ; 4.800e+00 ; 7.000e-01 ; 3.6429001e+01 ; 9.6819351e+01 
3.500e+01 ; 4.800e+00 ; 7.000e-01 ; 3.6557001e+01 ; 9.6736198e+01 
3.500e+01 ; 4.800e+00 ; 7.000e-01 ; 3.6813001e+01 ; 9.6578255e+01 
3.500e+01 ; 4.800e+00 ; 7.000e-01 ; 3.7325001e+01 ; 9.6292755e+01 
3.500e+01 ; 4.800e+00 ; 7.000e-01 ; 3.7510001e+01 ; 9.6193428e+01 
3.500e+01 ; 4.800e+00 ; 7.000e-01 ; 3.7510001e+01 ; 9.6193428e+01 
3.500e+01 ; 4.800e+00 ; 7.000e-01 ; 3.7511001e+01 ; 9.6192886e+01 
3.500e+01 ; 4.800e+00 ; 7.000e-01 ; 3.7512001e+01 ; 9.6192352e+01 
3.500e+01 ; 4.800e+00 ; 7.000e-01 ; 3.7513001e+01 ; 9.6191811e+01 
3.500e+01 ; 4.800e+00 ; 7.000e-01 ; 3.7515001e+01 ; 9.6190742e+01 
3.500e+01 ; 4.800e+00 ; 7.000e-01 ; 3.7519001e+01 ; 9.6188599e+01 
3.500e+01 ; 4.800e+00 ; 7.000e-01 ; 3.7527001e+01 ; 9.6184319e+01 
3.500e+01 ; 4.800e+00 ; 7.000e-01 ; 3.7543001e+01 ; 9.6175789e+01 
3.500e+01 ; 4.800e+00 ; 7.000e-01 ; 3.7575001e+01 ; 9.6158836e+01 
3.500e+01 ; 4.800e+00 ; 7.000e-01 ; 3.7639001e+01 ; 9.6125381e+01 
3.500e+01 ; 4.800e+00 ; 7.000e-01 ; 3.7767001e+01 ; 9.6060211e+01 
3.500e+01 ; 4.800e+00 ; 7.000e-01 ; 3.8023001e+01 ; 9.5936501e+01 
3.500e+01 ; 4.800e+00 ; 7.000e-01 ; 3.8535001e+01 ; 9.5713081e+01 
3.500e+01 ; 4.800e+00 ; 7.000e-01 ; 3.8720001e+01 ; 9.5635376e+01 
3.500e+01 ; 4.800e+00 ; 7.000e-01 ; 3.8720001e+01 ; 9.5635376e+01 
3.500e+01 ; 4.800e+00 ; 7.000e-01 ; 3.8721001e+01 ; 9.5634956e+01 
3.500e+01 ; 4.800e+00 ; 7.000e-01 ; 3.8722001e+01 ; 9.5634537e+01 
3.500e+01 ; 4.800e+00 ; 7.000e-01 ; 3.8723001e+01 ; 9.5634117e+01 
3.500e+01 ; 4.800e+00 ; 7.000e-01 ; 3.8725001e+01 ; 9.5633278e+01 
3.500e+01 ; 4.800e+00 ; 7.000e-01 ; 3.8729001e+01 ; 9.5631599e+01 
3.500e+01 ; 4.800e+00 ; 7.000e-01 ; 3.8737001e+01 ; 9.5628250e+01 
3.500e+01 ; 4.800e+00 ; 7.000e-01 ; 3.8753001e+01 ; 9.5621582e+01 
3.500e+01 ; 4.800e+00 ; 7.000e-01 ; 3.8785001e+01 ; 9.5608322e+01 
3.500e+01 ; 4.800e+00 ; 7.000e-01 ; 3.8849001e+01 ; 9.5582153e+01 
3.500e+01 ; 4.800e+00 ; 7.000e-01 ; 3.8977001e+01 ; 9.5531197e+01 
3.500e+01 ; 4.800e+00 ; 7.000e-01 ; 3.9233001e+01 ; 9.5434486e+01 
3.500e+01 ; 4.800e+00 ; 7.000e-01 ; 3.9745001e+01 ; 9.5259956e+01 
3.500e+01 ; 4.800e+00 ; 7.000e-01 ; 3.9930001e+01 ; 9.5199272e+01 
3.500e+01 ; 4.800e+00 ; 7.000e-01 ; 3.9930001e+01 ; 9.5199272e+01 
3.500e+01 ; 4.800e+00 ; 7.000e-01 ; 3.9931001e+01 ; 9.5198944e+01 
3.500e+01 ; 4.800e+00 ; 7.000e-01 ; 3.9932001e+01 ; 9.5198616e+01 
3.500e+01 ; 4.800e+00 ; 7.000e-01 ; 3.9933001e+01 ; 9.5198288e+01 
3.500e+01 ; 4.800e+00 ; 7.000e-01 ; 3.9935001e+01 ; 9.5197632e+01 
3.500e+01 ; 4.800e+00 ; 7.000e-01 ; 3.9939001e+01 ; 9.5196327e+01 
3.500e+01 ; 4.800e+00 ; 7.000e-01 ; 3.9947001e+01 ; 9.5193710e+01 
3.500e+01 ; 4.800e+00 ; 7.000e-01 ; 3.9963001e+01 ; 9.5188499e+01 
3.500e+01 ; 4.800e+00 ; 7.000e-01 ; 3.9995001e+01 ; 9.5178146e+01 
3.500e+01 ; 4.800e+00 ; 7.000e-01 ; 4.0059001e+01 ; 9.5157715e+01 
3.500e+01 ; 4.800e+00 ; 7.000e-01 ; 4.0187001e+01 ; 9.5117935e+01 
3.500e+01 ; 4.800e+00 ; 7.000e-01 ; 4.0443001e+01 ; 9.5042534e+01 
3.500e+01 ; 4.800e+00 ; 7.000e-01 ; 4.0955001e+01 ; 9.4907158e+01 
3.500e+01 ; 4.800e+00 ; 7.000e-01 ; 4.1140001e+01 ; 9.4860199e+01 
3.500e+01 ; 4.800e+00 ; 7.000e-01 ; 4.1140001e+01 ; 9.4860199e+01 
3.500e+01 ; 4.800e+00 ; 7.000e-01 ; 4.1141001e+01 ; 9.4859947e+01 
3.500e+01 ; 4.800e+00 ; 7.000e-01 ; 4.1142001e+01 ; 9.4859695e+01 
3.500e+01 ; 4.800e+00 ; 7.000e-01 ; 4.1143001e+01 ; 9.4859444e+01 
3.500e+01 ; 4.800e+00 ; 7.000e-01 ; 4.1145001e+01 ; 9.4858932e+01 
3.500e+01 ; 4.800e+00 ; 7.000e-01 ; 4.1149001e+01 ; 9.4857918e+01 
3.500e+01 ; 4.800e+00 ; 7.000e-01 ; 4.1157001e+01 ; 9.4855896e+01 
3.500e+01 ; 4.800e+00 ; 7.000e-01 ; 4.1173001e+01 ; 9.4851868e+01 
3.500e+01 ; 4.800e+00 ; 7.000e-01 ; 4.1205001e+01 ; 9.4843864e+01 
3.500e+01 ; 4.800e+00 ; 7.000e-01 ; 4.1269001e+01 ; 9.4828110e+01 
3.500e+01 ; 4.800e+00 ; 7.000e-01 ; 4.1397001e+01 ; 9.4797607e+01 
3.500e+01 ; 4.800e+00 ; 7.000e-01 ; 4.1653001e+01 ; 9.4741005e+01 
3.500e+01 ; 4.800e+00 ; 7.000e-01 ; 4.2165001e+01 ; 9.4646591e+01 
3.500e+01 ; 4.800e+00 ; 7.000e-01 ; 4.2350001e+01 ; 9.4614952e+01 
3.500e+01 ; 4.800e+00 ; 7.000e-01 ; 4.2350001e+01 ; 9.4614952e+01 
3.500e+01 ; 4.800e+00 ; 7.000e-01 ; 4.2351001e+01 ; 9.4614784e+01 
3.500e+01 ; 4.800e+00 ; 7.000e-01 ; 4.2352001e+01 ; 9.4614609e+01 
3.500e+01 ; 4.800e+00 ; 7.000e-01 ; 4.2353001e+01 ; 9.4614441e+01 
3.500e+01 ; 4.800e+00 ; 7.000e-01 ; 4.2355001e+01 ; 9.4614105e+01 
3.500e+01 ; 4.800e+00 ; 7.000e-01 ; 4.2359001e+01 ; 9.4613434e+01 
3.500e+01 ; 4.800e+00 ; 7.000e-01 ; 4.2367001e+01 ; 9.4612106e+01 
3.500e+01 ; 4.800e+00 ; 7.000e-01 ; 4.2383001e+01 ; 9.4609558e+01 
3.500e+01 ; 4.800e+00 ; 7.000e-01 ; 4.2415001e+01 ; 9.4604836e+01 
3.500e+01 ; 4.800e+00 ; 7.000e-01 ; 4.2479001e+01 ; 9.4597069e+01 
3.500e+01 ; 4.800e+00 ; 7.000e-01 ; 4.2607001e+01 ; 9.4588829e+01 
3.500e+01 ; 4.800e+00 ; 7.000e-01 ; 4.2863001e+01 ; 9.4601448e+01 
3.500e+01 ; 4.800e+00 ; 7.000e-01 ; 4.3375001e+01 ; 9.4713509e+01 
3.500e+01 ; 4.800e+00 ; 7.000e-01 ; 4.3560001e+01 ; 9.4763138e+01 
3.500e+01 ; 4.800e+00 ; 7.000e-01 ; 4.3560001e+01 ; 9.4763138e+01 
3.500e+01 ; 4.800e+00 ; 7.000e-01 ; 4.3561001e+01 ; 9.4763405e+01 
3.500e+01 ; 4.800e+00 ; 7.000e-01 ; 4.3562001e+01 ; 9.4763672e+01 
3.500e+01 ; 4.800e+00 ; 7.000e-01 ; 4.3563001e+01 ; 9.4763947e+01 
3.500e+01 ; 4.800e+00 ; 7.000e-01 ; 4.3565001e+01 ; 9.4764488e+01 
3.500e+01 ; 4.800e+00 ; 7.000e-01 ; 4.3569001e+01 ; 9.4765594e+01 
3.500e+01 ; 4.800e+00 ; 7.000e-01 ; 4.3577001e+01 ; 9.4767853e+01 
3.500e+01 ; 4.800e+00 ; 7.000e-01 ; 4.3593001e+01 ; 9.4772598e+01 
3.500e+01 ; 4.800e+00 ; 7.000e-01 ; 4.3625001e+01 ; 9.4782997e+01 
3.500e+01 ; 4.800e+00 ; 7.000e-01 ; 4.3689001e+01 ; 9.4807549e+01 
3.500e+01 ; 4.800e+00 ; 7.000e-01 ; 4.3817001e+01 ; 9.4871933e+01 
3.500e+01 ; 4.800e+00 ; 7.000e-01 ; 4.4073001e+01 ; 9.5055855e+01 
3.500e+01 ; 4.800e+00 ; 7.000e-01 ; 4.4585001e+01 ; 9.5559326e+01 
3.500e+01 ; 4.800e+00 ; 7.000e-01 ; 4.4770001e+01 ; 9.5753548e+01 
3.500e+01 ; 4.800e+00 ; 7.000e-01 ; 4.4770001e+01 ; 9.5753548e+01 
3.500e+01 ; 4.800e+00 ; 7.000e-01 ; 4.4771001e+01 ; 9.5754601e+01 
3.500e+01 ; 4.800e+00 ; 7.000e-01 ; 4.4772001e+01 ; 9.5755653e+01 
3.500e+01 ; 4.800e+00 ; 7.000e-01 ; 4.4773001e+01 ; 9.5756706e+01 
3.500e+01 ; 4.800e+00 ; 7.000e-01 ; 4.4775001e+01 ; 9.5758812e+01 
3.500e+01 ; 4.800e+00 ; 7.000e-01 ; 4.4779001e+01 ; 9.5763046e+01 
3.500e+01 ; 4.800e+00 ; 7.000e-01 ; 4.4787001e+01 ; 9.5771568e+01 
3.500e+01 ; 4.800e+00 ; 7.000e-01 ; 4.4803001e+01 ; 9.5788849e+01 
3.500e+01 ; 4.800e+00 ; 7.000e-01 ; 4.4835001e+01 ; 9.5824326e+01 
3.500e+01 ; 4.800e+00 ; 7.000e-01 ; 4.4899001e+01 ; 9.5898941e+01 
3.500e+01 ; 4.800e+00 ; 7.000e-01 ; 4.5027001e+01 ; 9.6061821e+01 
3.500e+01 ; 4.800e+00 ; 7.000e-01 ; 4.5283001e+01 ; 9.6430183e+01 
3.500e+01 ; 4.800e+00 ; 7.000e-01 ; 4.5795001e+01 ; 9.7234230e+01 
3.500e+01 ; 4.800e+00 ; 7.000e-01 ; 4.5980001e+01 ; 9.7527733e+01 
3.500e+01 ; 4.800e+00 ; 7.000e-01 ; 4.5980001e+01 ; 9.7527733e+01 
3.500e+01 ; 4.800e+00 ; 7.000e-01 ; 4.5981001e+01 ; 9.7529320e+01 
3.500e+01 ; 4.800e+00 ; 7.000e-01 ; 4.5982001e+01 ; 9.7530907e+01 
3.500e+01 ; 4.800e+00 ; 7.000e-01 ; 4.5983001e+01 ; 9.7532494e+01 
3.500e+01 ; 4.800e+00 ; 7.000e-01 ; 4.5985001e+01 ; 9.7535667e+01 
3.500e+01 ; 4.800e+00 ; 7.000e-01 ; 4.5989001e+01 ; 9.7542023e+01 
3.500e+01 ; 4.800e+00 ; 7.000e-01 ; 4.5997001e+01 ; 9.7554756e+01 
3.500e+01 ; 4.800e+00 ; 7.000e-01 ; 4.6013001e+01 ; 9.7580284e+01 
3.500e+01 ; 4.800e+00 ; 7.000e-01 ; 4.6045001e+01 ; 9.7631584e+01 
3.500e+01 ; 4.800e+00 ; 7.000e-01 ; 4.6109001e+01 ; 9.7734940e+01 
3.500e+01 ; 4.800e+00 ; 7.000e-01 ; 4.6237001e+01 ; 9.7943108e+01 
3.500e+01 ; 4.800e+00 ; 7.000e-01 ; 4.6493001e+01 ; 9.8354721e+01 
3.500e+01 ; 4.800e+00 ; 7.000e-01 ; 4.7005001e+01 ; 9.9103630e+01 
3.500e+01 ; 4.800e+00 ; 7.000e-01 ; 4.7190001e+01 ; 9.9361961e+01 
3.500e+01 ; 4.800e+00 ; 7.000e-01 ; 4.7190001e+01 ; 9.9361961e+01 
3.500e+01 ; 4.800e+00 ; 7.000e-01 ; 4.7191001e+01 ; 9.9363358e+01 
3.500e+01 ; 4.800e+00 ; 7.000e-01 ; 4.7192001e+01 ; 9.9364754e+01 
3.500e+01 ; 4.800e+00 ; 7.000e-01 ; 4.7193001e+01 ; 9.9366150e+01 
3.500e+01 ; 4.800e+00 ; 7.000e-01 ; 4.7195001e+01 ; 9.9368942e+01 
3.500e+01 ; 4.800e+00 ; 7.000e-01 ; 4.7199001e+01 ; 9.9374512e+01 
3.500e+01 ; 4.800e+00 ; 7.000e-01 ; 4.7207001e+01 ; 9.9385635e+01 
3.500e+01 ; 4.800e+00 ; 7.000e-01 ; 4.7223001e+01 ; 9.9407784e+01 
3.500e+01 ; 4.800e+00 ; 7.000e-01 ; 4.7255001e+01 ; 9.9451675e+01 
3.500e+01 ; 4.800e+00 ; 7.000e-01 ; 4.7319001e+01 ; 9.9537750e+01 
3.500e+01 ; 4.800e+00 ; 7.000e-01 ; 4.7447001e+01 ; 9.9702393e+01 
3.500e+01 ; 4.800e+00 ; 7.000e-01 ; 4.7703001e+01 ; 9.9998779e+01 
3.500e+01 ; 4.800e+00 ; 7.000e-01 ; 4.8215001e+01 ; 1.0045934e+02 
3.500e+01 ; 4.800e+00 ; 7.000e-01 ; 4.8400002e+01 ; 1.0060874e+02 
3.500e+01 ; 4.800e+00 ; 7.000e-01 ; 4.8400002e+01 ; 1.0060874e+02 
3.500e+01 ; 4.800e+00 ; 7.000e-01 ; 4.8401002e+01 ; 1.0060955e+02 
3.500e+01 ; 4.800e+00 ; 7.000e-01 ; 4.8402002e+01 ; 1.0061036e+02 
3.500e+01 ; 4.800e+00 ; 7.000e-01 ; 4.8403002e+01 ; 1.0061117e+02 
3.500e+01 ; 4.800e+00 ; 7.000e-01 ; 4.8405002e+01 ; 1.0061278e+02 
3.500e+01 ; 4.800e+00 ; 7.000e-01 ; 4.8409002e+01 ; 1.0061599e+02 
3.500e+01 ; 4.800e+00 ; 7.000e-01 ; 4.8417002e+01 ; 1.0062238e+02 
3.500e+01 ; 4.800e+00 ; 7.000e-01 ; 4.8433002e+01 ; 1.0063504e+02 
3.500e+01 ; 4.800e+00 ; 7.000e-01 ; 4.8465002e+01 ; 1.0065985e+02 
3.500e+01 ; 4.800e+00 ; 7.000e-01 ; 4.8529002e+01 ; 1.0070747e+02 
3.500e+01 ; 4.800e+00 ; 7.000e-01 ; 4.8657002e+01 ; 1.0079485e+02 
3.500e+01 ; 4.800e+00 ; 7.000e-01 ; 4.8913002e+01 ; 1.0094003e+02 
3.500e+01 ; 4.800e+00 ; 7.000e-01 ; 4.9425002e+01 ; 1.0112920e+02 
3.500e+01 ; 4.800e+00 ; 7.000e-01 ; 4.9610002e+01 ; 1.0118516e+02 
3.500e+01 ; 4.800e+00 ; 7.000e-01 ; 4.9610002e+01 ; 1.0118516e+02 
3.500e+01 ; 4.800e+00 ; 7.000e-01 ; 4.9611002e+01 ; 1.0118546e+02 
3.500e+01 ; 4.800e+00 ; 7.000e-01 ; 4.9612002e+01 ; 1.0118576e+02 
3.500e+01 ; 4.800e+00 ; 7.000e-01 ; 4.9613002e+01 ; 1.0118606e+02 
3.500e+01 ; 4.800e+00 ; 7.000e-01 ; 4.9615002e+01 ; 1.0118666e+02 
3.500e+01 ; 4.800e+00 ; 7.000e-01 ; 4.9619002e+01 ; 1.0118786e+02 
3.500e+01 ; 4.800e+00 ; 7.000e-01 ; 4.9627002e+01 ; 1.0119023e+02 
3.500e+01 ; 4.800e+00 ; 7.000e-01 ; 4.9643002e+01 ; 1.0119488e+02 
3.500e+01 ; 4.800e+00 ; 7.000e-01 ; 4.9675002e+01 ; 1.0120382e+02 
3.500e+01 ; 4.800e+00 ; 7.000e-01 ; 4.9739002e+01 ; 1.0122028e+02 
3.500e+01 ; 4.800e+00 ; 7.000e-01 ; 4.9867002e+01 ; 1.0124784e+02 
3.500e+01 ; 4.800e+00 ; 7.000e-01 ; 5.0123002e+01 ; 1.0128361e+02 
3.500e+01 ; 4.800e+00 ; 7.000e-01 ; 5.0635002e+01 ; 1.0129317e+02 
3.500e+01 ; 4.800e+00 ; 7.000e-01 ; 5.0820002e+01 ; 1.0128922e+02 
3.500e+01 ; 4.800e+00 ; 7.000e-01 ; 5.0820002e+01 ; 1.0128922e+02 
3.500e+01 ; 4.800e+00 ; 7.000e-01 ; 5.0821002e+01 ; 1.0128920e+02 
3.500e+01 ; 4.800e+00 ; 7.000e-01 ; 5.0822002e+01 ; 1.0128918e+02 
3.500e+01 ; 4.800e+00 ; 7.000e-01 ; 5.0823002e+01 ; 1.0128915e+02 
3.500e+01 ; 4.800e+00 ; 7.000e-01 ; 5.0825002e+01 ; 1.0128911e+02 
3.500e+01 ; 4.800e+00 ; 7.000e-01 ; 5.0829002e+01 ; 1.0128902e+02 
3.500e+01 ; 4.800e+00 ; 7.000e-01 ; 5.0837002e+01 ; 1.0128882e+02 
3.500e+01 ; 4.800e+00 ; 7.000e-01 ; 5.0853002e+01 ; 1.0128836e+02 
3.500e+01 ; 4.800e+00 ; 7.000e-01 ; 5.0885002e+01 ; 1.0128724e+02 
3.500e+01 ; 4.800e+00 ; 7.000e-01 ; 5.0949002e+01 ; 1.0128416e+02 
3.500e+01 ; 4.800e+00 ; 7.000e-01 ; 5.1077002e+01 ; 1.0127491e+02 
3.500e+01 ; 4.800e+00 ; 7.000e-01 ; 5.1333002e+01 ; 1.0124555e+02 
3.500e+01 ; 4.800e+00 ; 7.000e-01 ; 5.1845002e+01 ; 1.0115385e+02 
3.500e+01 ; 4.800e+00 ; 7.000e-01 ; 5.2030002e+01 ; 1.0111687e+02 
3.500e+01 ; 4.800e+00 ; 7.000e-01 ; 5.2030002e+01 ; 1.0111687e+02 
3.500e+01 ; 4.800e+00 ; 7.000e-01 ; 5.2031002e+01 ; 1.0111667e+02 
3.500e+01 ; 4.800e+00 ; 7.000e-01 ; 5.2032002e+01 ; 1.0111646e+02 
3.500e+01 ; 4.800e+00 ; 7.000e-01 ; 5.2033002e+01 ; 1.0111626e+02 
3.500e+01 ; 4.800e+00 ; 7.000e-01 ; 5.2035002e+01 ; 1.0111587e+02 
3.500e+01 ; 4.800e+00 ; 7.000e-01 ; 5.2039002e+01 ; 1.0111506e+02 
3.500e+01 ; 4.800e+00 ; 7.000e-01 ; 5.2047002e+01 ; 1.0111345e+02 
3.500e+01 ; 4.800e+00 ; 7.000e-01 ; 5.2063002e+01 ; 1.0111019e+02 
3.500e+01 ; 4.800e+00 ; 7.000e-01 ; 5.2095002e+01 ; 1.0110356e+02 
3.500e+01 ; 4.800e+00 ; 7.000e-01 ; 5.2159002e+01 ; 1.0108989e+02 
3.500e+01 ; 4.800e+00 ; 7.000e-01 ; 5.2287002e+01 ; 1.0106098e+02 
3.500e+01 ; 4.800e+00 ; 7.000e-01 ; 5.2543002e+01 ; 1.0099791e+02 
3.500e+01 ; 4.800e+00 ; 7.000e-01 ; 5.3055002e+01 ; 1.0085699e+02 
3.500e+01 ; 4.800e+00 ; 7.000e-01 ; 5.3240002e+01 ; 1.0080443e+02 
3.500e+01 ; 4.800e+00 ; 7.000e-01 ; 5.3240002e+01 ; 1.0080443e+02 
3.500e+01 ; 4.800e+00 ; 7.000e-01 ; 5.3241002e+01 ; 1.0080415e+02 
3.500e+01 ; 4.800e+00 ; 7.000e-01 ; 5.3242002e+01 ; 1.0080386e+02 
3.500e+01 ; 4.800e+00 ; 7.000e-01 ; 5.3243002e+01 ; 1.0080357e+02 
3.500e+01 ; 4.800e+00 ; 7.000e-01 ; 5.3245002e+01 ; 1.0080301e+02 
3.500e+01 ; 4.800e+00 ; 7.000e-01 ; 5.3249002e+01 ; 1.0080187e+02 
3.500e+01 ; 4.800e+00 ; 7.000e-01 ; 5.3257002e+01 ; 1.0079959e+02 
3.500e+01 ; 4.800e+00 ; 7.000e-01 ; 5.3273002e+01 ; 1.0079502e+02 
3.500e+01 ; 4.800e+00 ; 7.000e-01 ; 5.3305002e+01 ; 1.0078583e+02 
3.500e+01 ; 4.800e+00 ; 7.000e-01 ; 5.3369002e+01 ; 1.0076727e+02 
3.500e+01 ; 4.800e+00 ; 7.000e-01 ; 5.3497002e+01 ; 1.0072953e+02 
3.500e+01 ; 4.800e+00 ; 7.000e-01 ; 5.3753002e+01 ; 1.0065212e+02 
3.500e+01 ; 4.800e+00 ; 7.000e-01 ; 5.4265002e+01 ; 1.0049306e+02 
3.500e+01 ; 4.800e+00 ; 7.000e-01 ; 5.4450002e+01 ; 1.0043518e+02 
3.500e+01 ; 4.800e+00 ; 7.000e-01 ; 5.4450002e+01 ; 1.0043518e+02 
3.500e+01 ; 4.800e+00 ; 7.000e-01 ; 5.4451002e+01 ; 1.0043487e+02 
3.500e+01 ; 4.800e+00 ; 7.000e-01 ; 5.4452002e+01 ; 1.0043456e+02 
3.500e+01 ; 4.800e+00 ; 7.000e-01 ; 5.4453002e+01 ; 1.0043424e+02 
3.500e+01 ; 4.800e+00 ; 7.000e-01 ; 5.4455002e+01 ; 1.0043362e+02 
3.500e+01 ; 4.800e+00 ; 7.000e-01 ; 5.4459002e+01 ; 1.0043237e+02 
3.500e+01 ; 4.800e+00 ; 7.000e-01 ; 5.4467002e+01 ; 1.0042986e+02 
3.500e+01 ; 4.800e+00 ; 7.000e-01 ; 5.4483002e+01 ; 1.0042485e+02 
3.500e+01 ; 4.800e+00 ; 7.000e-01 ; 5.4515002e+01 ; 1.0041482e+02 
3.500e+01 ; 4.800e+00 ; 7.000e-01 ; 5.4579002e+01 ; 1.0039471e+02 
3.500e+01 ; 4.800e+00 ; 7.000e-01 ; 5.4707002e+01 ; 1.0035441e+02 
3.500e+01 ; 4.800e+00 ; 7.000e-01 ; 5.4963002e+01 ; 1.0027370e+02 
3.500e+01 ; 4.800e+00 ; 7.000e-01 ; 5.5475002e+01 ; 1.0011372e+02 
3.500e+01 ; 4.800e+00 ; 7.000e-01 ; 5.5660002e+01 ; 1.0005618e+02 
3.500e+01 ; 4.800e+00 ; 7.000e-01 ; 5.5660002e+01 ; 1.0005618e+02 
3.500e+01 ; 4.800e+00 ; 7.000e-01 ; 5.5661002e+01 ; 1.0005586e+02 
3.500e+01 ; 4.800e+00 ; 7.000e-01 ; 5.5662002e+01 ; 1.0005556e+02 
3.500e+01 ; 4.800e+00 ; 7.000e-01 ; 5.5663002e+01 ; 1.0005524e+02 
3.500e+01 ; 4.800e+00 ; 7.000e-01 ; 5.5665002e+01 ; 1.0005462e+02 
3.500e+01 ; 4.800e+00 ; 7.000e-01 ; 5.5669002e+01 ; 1.0005338e+02 
3.500e+01 ; 4.800e+00 ; 7.000e-01 ; 5.5677002e+01 ; 1.0005089e+02 
3.500e+01 ; 4.800e+00 ; 7.000e-01 ; 5.5693002e+01 ; 1.0004592e+02 
3.500e+01 ; 4.800e+00 ; 7.000e-01 ; 5.5725002e+01 ; 1.0003598e+02 
3.500e+01 ; 4.800e+00 ; 7.000e-01 ; 5.5789002e+01 ; 1.0001615e+02 
3.500e+01 ; 4.800e+00 ; 7.000e-01 ; 5.5917002e+01 ; 9.9976662e+01 
3.500e+01 ; 4.800e+00 ; 7.000e-01 ; 5.6173002e+01 ; 9.9898521e+01 
3.500e+01 ; 4.800e+00 ; 7.000e-01 ; 5.6685002e+01 ; 9.9746513e+01 
3.500e+01 ; 4.800e+00 ; 7.000e-01 ; 5.6870002e+01 ; 9.9692184e+01 
3.500e+01 ; 4.800e+00 ; 7.000e-01 ; 5.6870002e+01 ; 9.9692184e+01 
3.500e+01 ; 4.800e+00 ; 7.000e-01 ; 5.6871002e+01 ; 9.9691887e+01 
3.500e+01 ; 4.800e+00 ; 7.000e-01 ; 5.6872002e+01 ; 9.9691597e+01 
3.500e+01 ; 4.800e+00 ; 7.000e-01 ; 5.6873002e+01 ; 9.9691299e+01 
3.500e+01 ; 4.800e+00 ; 7.000e-01 ; 5.6875002e+01 ; 9.9690712e+01 
3.500e+01 ; 4.800e+00 ; 7.000e-01 ; 5.6879002e+01 ; 9.9689545e+01 
3.500e+01 ; 4.800e+00 ; 7.000e-01 ; 5.6887002e+01 ; 9.9687195e+01 
3.500e+01 ; 4.800e+00 ; 7.000e-01 ; 5.6903002e+01 ; 9.9682503e+01 
3.500e+01 ; 4.800e+00 ; 7.000e-01 ; 5.6935002e+01 ; 9.9673141e+01 
3.500e+01 ; 4.800e+00 ; 7.000e-01 ; 5.6999002e+01 ; 9.9654495e+01 
3.500e+01 ; 4.800e+00 ; 7.000e-01 ; 5.7127002e+01 ; 9.9617500e+01 
3.500e+01 ; 4.800e+00 ; 7.000e-01 ; 5.7383002e+01 ; 9.9544800e+01 
3.500e+01 ; 4.800e+00 ; 7.000e-01 ; 5.7895002e+01 ; 9.9404892e+01 
3.500e+01 ; 4.800e+00 ; 7.000e-01 ; 5.8080002e+01 ; 9.9355080e+01 
3.500e+01 ; 4.800e+00 ; 7.000e-01 ; 5.8080002e+01 ; 9.9355080e+01 
3.500e+01 ; 4.800e+00 ; 7.000e-01 ; 5.8081002e+01 ; 9.9354813e+01 
3.500e+01 ; 4.800e+00 ; 7.000e-01 ; 5.8082002e+01 ; 9.9354538e+01 
3.500e+01 ; 4.800e+00 ; 7.000e-01 ; 5.8083002e+01 ; 9.9354271e+01 
3.500e+01 ; 4.800e+00 ; 7.000e-01 ; 5.8085002e+01 ; 9.9353737e+01 
3.500e+01 ; 4.800e+00 ; 7.000e-01 ; 5.8089002e+01 ; 9.9352654e+01 
3.500e+01 ; 4.800e+00 ; 7.000e-01 ; 5.8097002e+01 ; 9.9350502e+01 
3.500e+01 ; 4.800e+00 ; 7.000e-01 ; 5.8113002e+01 ; 9.9346207e+01 
3.500e+01 ; 4.800e+00 ; 7.000e-01 ; 5.8145002e+01 ; 9.9337639e+01 
3.500e+01 ; 4.800e+00 ; 7.000e-01 ; 5.8209002e+01 ; 9.9320580e+01 
3.500e+01 ; 4.800e+00 ; 7.000e-01 ; 5.8337002e+01 ; 9.9286835e+01 
3.500e+01 ; 4.800e+00 ; 7.000e-01 ; 5.8593002e+01 ; 9.9220825e+01 
3.500e+01 ; 4.800e+00 ; 7.000e-01 ; 5.9105002e+01 ; 9.9095146e+01 
3.500e+01 ; 4.800e+00 ; 7.000e-01 ; 5.9290002e+01 ; 9.9050575e+01 
3.500e+01 ; 4.800e+00 ; 7.000e-01 ; 5.9290002e+01 ; 9.9050575e+01 
3.500e+01 ; 4.800e+00 ; 7.000e-01 ; 5.9291002e+01 ; 9.9050339e+01 
3.500e+01 ; 4.800e+00 ; 7.000e-01 ; 5.9292002e+01 ; 9.9050095e+01 
3.500e+01 ; 4.800e+00 ; 7.000e-01 ; 5.9293002e+01 ; 9.9049858e+01 
3.500e+01 ; 4.800e+00 ; 7.000e-01 ; 5.9295002e+01 ; 9.9049377e+01 
3.500e+01 ; 4.800e+00 ; 7.000e-01 ; 5.9299002e+01 ; 9.9048409e+01 
3.500e+01 ; 4.800e+00 ; 7.000e-01 ; 5.9307002e+01 ; 9.9046486e+01 
3.500e+01 ; 4.800e+00 ; 7.000e-01 ; 5.9323002e+01 ; 9.9042648e+01 
3.500e+01 ; 4.800e+00 ; 7.000e-01 ; 5.9355002e+01 ; 9.9034988e+01 
3.500e+01 ; 4.800e+00 ; 7.000e-01 ; 5.9419002e+01 ; 9.9019791e+01 
3.500e+01 ; 4.800e+00 ; 7.000e-01 ; 5.9547002e+01 ; 9.8989891e+01 
3.500e+01 ; 4.800e+00 ; 7.000e-01 ; 5.9803002e+01 ; 9.8932510e+01 
3.500e+01 ; 4.800e+00 ; 7.000e-01 ; 6.0315002e+01 ; 9.8829437e+01 
3.500e+01 ; 4.800e+00 ; 7.000e-01 ; 6.0500002e+01 ; 9.8793785e+01 
3.500e+01 ; 4.800e+00 ; 7.000e-01 ; 6.0500002e+01 ; 9.8793785e+01 
3.500e+01 ; 4.800e+00 ; 7.000e-01 ; 6.0501002e+01 ; 9.8793594e+01 
3.500e+01 ; 4.800e+00 ; 7.000e-01 ; 6.0502002e+01 ; 9.8793404e+01 
3.500e+01 ; 4.800e+00 ; 7.000e-01 ; 6.0503002e+01 ; 9.8793213e+01 
3.500e+01 ; 4.800e+00 ; 7.000e-01 ; 6.0505002e+01 ; 9.8792824e+01 
3.500e+01 ; 4.800e+00 ; 7.000e-01 ; 6.0509002e+01 ; 9.8792053e+01 
3.500e+01 ; 4.800e+00 ; 7.000e-01 ; 6.0517002e+01 ; 9.8790520e+01 
3.500e+01 ; 4.800e+00 ; 7.000e-01 ; 6.0533002e+01 ; 9.8787460e+01 
3.500e+01 ; 4.800e+00 ; 7.000e-01 ; 6.0565002e+01 ; 9.8781395e+01 
3.500e+01 ; 4.800e+00 ; 7.000e-01 ; 6.0629002e+01 ; 9.8769501e+01 
3.500e+01 ; 4.800e+00 ; 7.000e-01 ; 6.0757002e+01 ; 9.8746788e+01 
3.500e+01 ; 4.800e+00 ; 7.000e-01 ; 6.1013002e+01 ; 9.8706818e+01 
3.500e+01 ; 4.800e+00 ; 7.000e-01 ; 6.1525002e+01 ; 9.8653023e+01 
3.500e+01 ; 4.800e+00 ; 7.000e-01 ; 6.1710002e+01 ; 9.8637085e+01 
3.500e+01 ; 4.800e+00 ; 7.000e-01 ; 6.1710002e+01 ; 9.8637085e+01 
3.500e+01 ; 4.800e+00 ; 7.000e-01 ; 6.1711002e+01 ; 9.8637001e+01 
3.500e+01 ; 4.800e+00 ; 7.000e-01 ; 6.1712002e+01 ; 9.8636917e+01 
3.500e+01 ; 4.800e+00 ; 7.000e-01 ; 6.1713002e+01 ; 9.8636826e+01 
3.500e+01 ; 4.800e+00 ; 7.000e-01 ; 6.1715002e+01 ; 9.8636658e+01 
3.500e+01 ; 4.800e+00 ; 7.000e-01 ; 6.1719002e+01 ; 9.8636314e+01 
3.500e+01 ; 4.800e+00 ; 7.000e-01 ; 6.1727002e+01 ; 9.8635643e+01 
3.500e+01 ; 4.800e+00 ; 7.000e-01 ; 6.1743002e+01 ; 9.8634315e+01 
3.500e+01 ; 4.800e+00 ; 7.000e-01 ; 6.1775002e+01 ; 9.8631790e+01 
3.500e+01 ; 4.800e+00 ; 7.000e-01 ; 6.1839002e+01 ; 9.8627205e+01 
3.500e+01 ; 4.800e+00 ; 7.000e-01 ; 6.1967002e+01 ; 9.8620193e+01 
3.500e+01 ; 4.800e+00 ; 7.000e-01 ; 6.2223002e+01 ; 9.8616264e+01 
3.500e+01 ; 4.800e+00 ; 7.000e-01 ; 6.2735002e+01 ; 9.8651794e+01 
3.500e+01 ; 4.800e+00 ; 7.000e-01 ; 6.2920002e+01 ; 9.8670258e+01 
3.500e+01 ; 4.800e+00 ; 7.000e-01 ; 6.2920002e+01 ; 9.8670258e+01 
3.500e+01 ; 4.800e+00 ; 7.000e-01 ; 6.2921002e+01 ; 9.8670357e+01 
3.500e+01 ; 4.800e+00 ; 7.000e-01 ; 6.2922002e+01 ; 9.8670456e+01 
3.500e+01 ; 4.800e+00 ; 7.000e-01 ; 6.2923002e+01 ; 9.8670555e+01 
3.500e+01 ; 4.800e+00 ; 7.000e-01 ; 6.2925002e+01 ; 9.8670753e+01 
3.500e+01 ; 4.800e+00 ; 7.000e-01 ; 6.2929002e+01 ; 9.8671158e+01 
3.500e+01 ; 4.800e+00 ; 7.000e-01 ; 6.2937002e+01 ; 9.8671982e+01 
3.500e+01 ; 4.800e+00 ; 7.000e-01 ; 6.2953002e+01 ; 9.8673668e+01 
3.500e+01 ; 4.800e+00 ; 7.000e-01 ; 6.2985002e+01 ; 9.8677208e+01 
3.500e+01 ; 4.800e+00 ; 7.000e-01 ; 6.3049002e+01 ; 9.8685005e+01 
3.500e+01 ; 4.800e+00 ; 7.000e-01 ; 6.3177002e+01 ; 9.8703598e+01 
3.500e+01 ; 4.800e+00 ; 7.000e-01 ; 6.3433002e+01 ; 9.8753342e+01 
3.500e+01 ; 4.800e+00 ; 7.000e-01 ; 6.3945002e+01 ; 9.8899063e+01 
3.500e+01 ; 4.800e+00 ; 7.000e-01 ; 6.4130002e+01 ; 9.8957405e+01 
3.500e+01 ; 4.800e+00 ; 7.000e-01 ; 6.4130002e+01 ; 9.8957405e+01 
3.500e+01 ; 4.800e+00 ; 7.000e-01 ; 6.4131002e+01 ; 9.8957718e+01 
3.500e+01 ; 4.800e+00 ; 7.000e-01 ; 6.4132002e+01 ; 9.8958031e+01 
3.500e+01 ; 4.800e+00 ; 7.000e-01 ; 6.4133002e+01 ; 9.8958351e+01 
3.500e+01 ; 4.800e+00 ; 7.000e-01 ; 6.4135002e+01 ; 9.8958984e+01 
3.500e+01 ; 4.800e+00 ; 7.000e-01 ; 6.4139002e+01 ; 9.8960251e+01 
3.500e+01 ; 4.800e+00 ; 7.000e-01 ; 6.4147002e+01 ; 9.8962791e+01 
3.500e+01 ; 4.800e+00 ; 7.000e-01 ; 6.4163002e+01 ; 9.8967926e+01 
3.500e+01 ; 4.800e+00 ; 7.000e-01 ; 6.4195002e+01 ; 9.8978363e+01 
3.500e+01 ; 4.800e+00 ; 7.000e-01 ; 6.4259002e+01 ; 9.8999908e+01 
3.500e+01 ; 4.800e+00 ; 7.000e-01 ; 6.4387002e+01 ; 9.9045624e+01 
3.500e+01 ; 4.800e+00 ; 7.000e-01 ; 6.4643002e+01 ; 9.9146660e+01 
3.500e+01 ; 4.800e+00 ; 7.000e-01 ; 6.5155002e+01 ; 9.9376472e+01 
3.500e+01 ; 4.800e+00 ; 7.000e-01 ; 6.5340002e+01 ; 9.9462563e+01 
3.500e+01 ; 4.800e+00 ; 7.000e-01 ; 6.5340002e+01 ; 9.9462563e+01 
3.500e+01 ; 4.800e+00 ; 7.000e-01 ; 6.5341002e+01 ; 9.9463028e+01 
3.500e+01 ; 4.800e+00 ; 7.000e-01 ; 6.5342002e+01 ; 9.9463493e+01 
3.500e+01 ; 4.800e+00 ; 7.000e-01 ; 6.5343002e+01 ; 9.9463959e+01 
3.500e+01 ; 4.800e+00 ; 7.000e-01 ; 6.5345002e+01 ; 9.9464890e+01 
3.500e+01 ; 4.800e+00 ; 7.000e-01 ; 6.5349002e+01 ; 9.9466759e+01 
3.500e+01 ; 4.800e+00 ; 7.000e-01 ; 6.5357002e+01 ; 9.9470490e+01 
3.500e+01 ; 4.800e+00 ; 7.000e-01 ; 6.5373002e+01 ; 9.9477982e+01 
3.500e+01 ; 4.800e+00 ; 7.000e-01 ; 6.5405002e+01 ; 9.9493050e+01 
3.500e+01 ; 4.800e+00 ; 7.000e-01 ; 6.5469002e+01 ; 9.9523514e+01 
3.500e+01 ; 4.800e+00 ; 7.000e-01 ; 6.5597002e+01 ; 9.9585541e+01 
3.500e+01 ; 4.800e+00 ; 7.000e-01 ; 6.5853002e+01 ; 9.9712479e+01 
3.500e+01 ; 4.800e+00 ; 7.000e-01 ; 6.6365002e+01 ; 9.9966782e+01 
3.500e+01 ; 4.800e+00 ; 7.000e-01 ; 6.6550002e+01 ; 1.0005823e+02 
3.500e+01 ; 4.800e+00 ; 7.000e-01 ; 6.6550002e+01 ; 1.0005823e+02 
3.500e+01 ; 4.800e+00 ; 7.000e-01 ; 6.6551002e+01 ; 1.0005872e+02 
3.500e+01 ; 4.800e+00 ; 7.000e-01 ; 6.6552002e+01 ; 1.0005921e+02 
3.500e+01 ; 4.800e+00 ; 7.000e-01 ; 6.6553002e+01 ; 1.0005971e+02 
3.500e+01 ; 4.800e+00 ; 7.000e-01 ; 6.6555002e+01 ; 1.0006070e+02 
3.500e+01 ; 4.800e+00 ; 7.000e-01 ; 6.6559002e+01 ; 1.0006268e+02 
3.500e+01 ; 4.800e+00 ; 7.000e-01 ; 6.6567002e+01 ; 1.0006663e+02 
3.500e+01 ; 4.800e+00 ; 7.000e-01 ; 6.6583002e+01 ; 1.0007452e+02 
3.500e+01 ; 4.800e+00 ; 7.000e-01 ; 6.6615002e+01 ; 1.0009031e+02 
3.500e+01 ; 4.800e+00 ; 7.000e-01 ; 6.6679002e+01 ; 1.0012178e+02 
3.500e+01 ; 4.800e+00 ; 7.000e-01 ; 6.6807002e+01 ; 1.0018420e+02 
3.500e+01 ; 4.800e+00 ; 7.000e-01 ; 6.7063002e+01 ; 1.0030582e+02 
3.500e+01 ; 4.800e+00 ; 7.000e-01 ; 6.7575002e+01 ; 1.0052998e+02 
3.500e+01 ; 4.800e+00 ; 7.000e-01 ; 6.7760002e+01 ; 1.0060824e+02 
3.500e+01 ; 4.800e+00 ; 7.000e-01 ; 6.7760002e+01 ; 1.0060824e+02 
3.500e+01 ; 4.800e+00 ; 7.000e-01 ; 6.7761002e+01 ; 1.0060866e+02 
3.500e+01 ; 4.800e+00 ; 7.000e-01 ; 6.7762002e+01 ; 1.0060909e+02 
3.500e+01 ; 4.800e+00 ; 7.000e-01 ; 6.7763002e+01 ; 1.0060950e+02 
3.500e+01 ; 4.800e+00 ; 7.000e-01 ; 6.7765002e+01 ; 1.0061035e+02 
3.500e+01 ; 4.800e+00 ; 7.000e-01 ; 6.7769002e+01 ; 1.0061204e+02 
3.500e+01 ; 4.800e+00 ; 7.000e-01 ; 6.7777002e+01 ; 1.0061542e+02 
3.500e+01 ; 4.800e+00 ; 7.000e-01 ; 6.7793002e+01 ; 1.0062214e+02 
3.500e+01 ; 4.800e+00 ; 7.000e-01 ; 6.7825002e+01 ; 1.0063551e+02 
3.500e+01 ; 4.800e+00 ; 7.000e-01 ; 6.7889002e+01 ; 1.0066189e+02 
3.500e+01 ; 4.800e+00 ; 7.000e-01 ; 6.8017002e+01 ; 1.0071320e+02 
3.500e+01 ; 4.800e+00 ; 7.000e-01 ; 6.8273002e+01 ; 1.0080965e+02 
3.500e+01 ; 4.800e+00 ; 7.000e-01 ; 6.8785002e+01 ; 1.0097646e+02 
3.500e+01 ; 4.800e+00 ; 7.000e-01 ; 6.8970002e+01 ; 1.0103329e+02 
3.500e+01 ; 4.800e+00 ; 7.000e-01 ; 6.8970002e+01 ; 1.0103329e+02 
3.500e+01 ; 4.800e+00 ; 7.000e-01 ; 6.8971002e+01 ; 1.0103359e+02 
3.500e+01 ; 4.800e+00 ; 7.000e-01 ; 6.8972002e+01 ; 1.0103391e+02 
3.500e+01 ; 4.800e+00 ; 7.000e-01 ; 6.8973002e+01 ; 1.0103421e+02 
3.500e+01 ; 4.800e+00 ; 7.000e-01 ; 6.8975002e+01 ; 1.0103482e+02 
3.500e+01 ; 4.800e+00 ; 7.000e-01 ; 6.8979002e+01 ; 1.0103605e+02 
3.500e+01 ; 4.800e+00 ; 7.000e-01 ; 6.8987002e+01 ; 1.0103849e+02 
3.500e+01 ; 4.800e+00 ; 7.000e-01 ; 6.9003002e+01 ; 1.0104335e+02 
3.500e+01 ; 4.800e+00 ; 7.000e-01 ; 6.9035002e+01 ; 1.0105297e+02 
3.500e+01 ; 4.800e+00 ; 7.000e-01 ; 6.9099002e+01 ; 1.0107180e+02 
3.500e+01 ; 4.800e+00 ; 7.000e-01 ; 6.9227002e+01 ; 1.0110780e+02 
3.500e+01 ; 4.800e+00 ; 7.000e-01 ; 6.9483002e+01 ; 1.0117326e+02 
3.500e+01 ; 4.800e+00 ; 7.000e-01 ; 6.9995002e+01 ; 1.0127919e+02 
3.500e+01 ; 4.800e+00 ; 7.000e-01 ; 7.0180002e+01 ; 1.0131429e+02 
3.500e+01 ; 4.800e+00 ; 7.000e-01 ; 7.0180002e+01 ; 1.0131429e+02 
3.500e+01 ; 4.800e+00 ; 7.000e-01 ; 7.0181002e+01 ; 1.0131448e+02 
3.500e+01 ; 4.800e+00 ; 7.000e-01 ; 7.0182002e+01 ; 1.0131467e+02 
3.500e+01 ; 4.800e+00 ; 7.000e-01 ; 7.0183002e+01 ; 1.0131485e+02 
3.500e+01 ; 4.800e+00 ; 7.000e-01 ; 7.0185002e+01 ; 1.0131523e+02 
3.500e+01 ; 4.800e+00 ; 7.000e-01 ; 7.0189002e+01 ; 1.0131599e+02 
3.500e+01 ; 4.800e+00 ; 7.000e-01 ; 7.0197002e+01 ; 1.0131749e+02 
3.500e+01 ; 4.800e+00 ; 7.000e-01 ; 7.0213002e+01 ; 1.0132048e+02 
3.500e+01 ; 4.800e+00 ; 7.000e-01 ; 7.0245002e+01 ; 1.0132635e+02 
3.500e+01 ; 4.800e+00 ; 7.000e-01 ; 7.0309002e+01 ; 1.0133773e+02 
3.500e+01 ; 4.800e+00 ; 7.000e-01 ; 7.0437002e+01 ; 1.0135902e+02 
3.500e+01 ; 4.800e+00 ; 7.000e-01 ; 7.0693002e+01 ; 1.0139594e+02 
3.500e+01 ; 4.800e+00 ; 7.000e-01 ; 7.1205002e+01 ; 1.0144935e+02 
3.500e+01 ; 4.800e+00 ; 7.000e-01 ; 7.1390002e+01 ; 1.0146608e+02 
3.500e+01 ; 4.800e+00 ; 7.000e-01 ; 7.1390002e+01 ; 1.0146608e+02 
3.500e+01 ; 4.800e+00 ; 7.000e-01 ; 7.1391002e+01 ; 1.0146617e+02 
3.500e+01 ; 4.800e+00 ; 7.000e-01 ; 7.1392002e+01 ; 1.0146626e+02 
3.500e+01 ; 4.800e+00 ; 7.000e-01 ; 7.1393002e+01 ; 1.0146635e+02 
3.500e+01 ; 4.800e+00 ; 7.000e-01 ; 7.1395002e+01 ; 1.0146654e+02 
3.500e+01 ; 4.800e+00 ; 7.000e-01 ; 7.1399002e+01 ; 1.0146690e+02 
3.500e+01 ; 4.800e+00 ; 7.000e-01 ; 7.1407002e+01 ; 1.0146761e+02 
3.500e+01 ; 4.800e+00 ; 7.000e-01 ; 7.1423002e+01 ; 1.0146902e+02 
3.500e+01 ; 4.800e+00 ; 7.000e-01 ; 7.1455002e+01 ; 1.0147176e+02 
3.500e+01 ; 4.800e+00 ; 7.000e-01 ; 7.1519002e+01 ; 1.0147694e+02 
3.500e+01 ; 4.800e+00 ; 7.000e-01 ; 7.1647002e+01 ; 1.0148614e+02 
3.500e+01 ; 4.800e+00 ; 7.000e-01 ; 7.1903002e+01 ; 1.0150018e+02 
3.500e+01 ; 4.800e+00 ; 7.000e-01 ; 7.2415002e+01 ; 1.0151300e+02 
3.500e+01 ; 4.800e+00 ; 7.000e-01 ; 7.2600002e+01 ; 1.0151574e+02 
3.500e+01 ; 4.800e+00 ; 7.000e-01 ; 7.2600002e+01 ; 1.0151574e+02 
3.500e+01 ; 4.800e+00 ; 7.000e-01 ; 7.2601002e+01 ; 1.0151575e+02 
3.500e+01 ; 4.800e+00 ; 7.000e-01 ; 7.2602002e+01 ; 1.0151577e+02 
3.500e+01 ; 4.800e+00 ; 7.000e-01 ; 7.2603002e+01 ; 1.0151579e+02 
3.500e+01 ; 4.800e+00 ; 7.000e-01 ; 7.2605002e+01 ; 1.0151581e+02 
3.500e+01 ; 4.800e+00 ; 7.000e-01 ; 7.2609002e+01 ; 1.0151587e+02 
3.500e+01 ; 4.800e+00 ; 7.000e-01 ; 7.2617002e+01 ; 1.0151598e+02 
3.500e+01 ; 4.800e+00 ; 7.000e-01 ; 7.2633002e+01 ; 1.0151619e+02 
3.500e+01 ; 4.800e+00 ; 7.000e-01 ; 7.2665002e+01 ; 1.0151655e+02 
3.500e+01 ; 4.800e+00 ; 7.000e-01 ; 7.2729002e+01 ; 1.0151704e+02 
3.500e+01 ; 4.800e+00 ; 7.000e-01 ; 7.2857002e+01 ; 1.0151720e+02 
3.500e+01 ; 4.800e+00 ; 7.000e-01 ; 7.3113002e+01 ; 1.0151440e+02 
3.500e+01 ; 4.800e+00 ; 7.000e-01 ; 7.3625002e+01 ; 1.0149810e+02 
3.500e+01 ; 4.800e+00 ; 7.000e-01 ; 7.3810002e+01 ; 1.0149091e+02 
3.500e+01 ; 4.800e+00 ; 7.000e-01 ; 7.3810002e+01 ; 1.0149091e+02 
3.500e+01 ; 4.800e+00 ; 7.000e-01 ; 7.3811002e+01 ; 1.0149087e+02 
3.500e+01 ; 4.800e+00 ; 7.000e-01 ; 7.3812002e+01 ; 1.0149082e+02 
3.500e+01 ; 4.800e+00 ; 7.000e-01 ; 7.3813002e+01 ; 1.0149078e+02 
3.500e+01 ; 4.800e+00 ; 7.000e-01 ; 7.3815002e+01 ; 1.0149071e+02 
3.500e+01 ; 4.800e+00 ; 7.000e-01 ; 7.3819002e+01 ; 1.0149055e+02 
3.500e+01 ; 4.800e+00 ; 7.000e-01 ; 7.3827002e+01 ; 1.0149023e+02 
3.500e+01 ; 4.800e+00 ; 7.000e-01 ; 7.3843002e+01 ; 1.0148959e+02 
3.500e+01 ; 4.800e+00 ; 7.000e-01 ; 7.3875002e+01 ; 1.0148827e+02 
3.500e+01 ; 4.800e+00 ; 7.000e-01 ; 7.3939002e+01 ; 1.0148547e+02 
3.500e+01 ; 4.800e+00 ; 7.000e-01 ; 7.4067002e+01 ; 1.0147930e+02 
3.500e+01 ; 4.800e+00 ; 7.000e-01 ; 7.4323002e+01 ; 1.0146485e+02 
3.500e+01 ; 4.800e+00 ; 7.000e-01 ; 7.4835002e+01 ; 1.0142895e+02 
3.500e+01 ; 4.800e+00 ; 7.000e-01 ; 7.5020002e+01 ; 1.0141512e+02 
3.500e+01 ; 4.800e+00 ; 7.000e-01 ; 7.5020002e+01 ; 1.0141512e+02 
3.500e+01 ; 4.800e+00 ; 7.000e-01 ; 7.5021002e+01 ; 1.0141505e+02 
3.500e+01 ; 4.800e+00 ; 7.000e-01 ; 7.5022002e+01 ; 1.0141498e+02 
3.500e+01 ; 4.800e+00 ; 7.000e-01 ; 7.5023002e+01 ; 1.0141490e+02 
3.500e+01 ; 4.800e+00 ; 7.000e-01 ; 7.5025002e+01 ; 1.0141475e+02 
3.500e+01 ; 4.800e+00 ; 7.000e-01 ; 7.5029002e+01 ; 1.0141445e+02 
3.500e+01 ; 4.800e+00 ; 7.000e-01 ; 7.5037002e+01 ; 1.0141385e+02 
3.500e+01 ; 4.800e+00 ; 7.000e-01 ; 7.5053002e+01 ; 1.0141264e+02 
3.500e+01 ; 4.800e+00 ; 7.000e-01 ; 7.5085002e+01 ; 1.0141020e+02 
3.500e+01 ; 4.800e+00 ; 7.000e-01 ; 7.5149002e+01 ; 1.0140522e+02 
3.500e+01 ; 4.800e+00 ; 7.000e-01 ; 7.5277002e+01 ; 1.0139489e+02 
3.500e+01 ; 4.800e+00 ; 7.000e-01 ; 7.5533002e+01 ; 1.0137291e+02 
3.500e+01 ; 4.800e+00 ; 7.000e-01 ; 7.6045002e+01 ; 1.0132471e+02 
3.500e+01 ; 4.800e+00 ; 7.000e-01 ; 7.6230002e+01 ; 1.0130679e+02 
3.500e+01 ; 4.800e+00 ; 7.000e-01 ; 7.6230002e+01 ; 1.0130679e+02 
3.500e+01 ; 4.800e+00 ; 7.000e-01 ; 7.6231002e+01 ; 1.0130669e+02 
3.500e+01 ; 4.800e+00 ; 7.000e-01 ; 7.6232002e+01 ; 1.0130660e+02 
3.500e+01 ; 4.800e+00 ; 7.000e-01 ; 7.6233002e+01 ; 1.0130650e+02 
3.500e+01 ; 4.800e+00 ; 7.000e-01 ; 7.6235002e+01 ; 1.0130630e+02 
3.500e+01 ; 4.800e+00 ; 7.000e-01 ; 7.6239002e+01 ; 1.0130592e+02 
3.500e+01 ; 4.800e+00 ; 7.000e-01 ; 7.6247002e+01 ; 1.0130515e+02 
3.500e+01 ; 4.800e+00 ; 7.000e-01 ; 7.6263002e+01 ; 1.0130359e+02 
3.500e+01 ; 4.800e+00 ; 7.000e-01 ; 7.6295002e+01 ; 1.0130045e+02 
3.500e+01 ; 4.800e+00 ; 7.000e-01 ; 7.6359002e+01 ; 1.0129414e+02 
3.500e+01 ; 4.800e+00 ; 7.000e-01 ; 7.6487002e+01 ; 1.0128130e+02 
3.500e+01 ; 4.800e+00 ; 7.000e-01 ; 7.6743002e+01 ; 1.0125489e+02 
3.500e+01 ; 4.800e+00 ; 7.000e-01 ; 7.7255002e+01 ; 1.0120013e+02 
3.500e+01 ; 4.800e+00 ; 7.000e-01 ; 7.7440002e+01 ; 1.0118013e+02 
3.500e+01 ; 4.800e+00 ; 7.000e-01 ; 7.7440002e+01 ; 1.0118013e+02 
3.500e+01 ; 4.800e+00 ; 7.000e-01 ; 7.7441002e+01 ; 1.0118002e+02 
3.500e+01 ; 4.800e+00 ; 7.000e-01 ; 7.7442002e+01 ; 1.0117991e+02 
3.500e+01 ; 4.800e+00 ; 7.000e-01 ; 7.7443002e+01 ; 1.0117980e+02 
3.500e+01 ; 4.800e+00 ; 7.000e-01 ; 7.7445002e+01 ; 1.0117959e+02 
3.500e+01 ; 4.800e+00 ; 7.000e-01 ; 7.7449002e+01 ; 1.0117915e+02 
3.500e+01 ; 4.800e+00 ; 7.000e-01 ; 7.7457002e+01 ; 1.0117829e+02 
3.500e+01 ; 4.800e+00 ; 7.000e-01 ; 7.7473002e+01 ; 1.0117656e+02 
3.500e+01 ; 4.800e+00 ; 7.000e-01 ; 7.7505002e+01 ; 1.0117309e+02 
3.500e+01 ; 4.800e+00 ; 7.000e-01 ; 7.7569002e+01 ; 1.0116612e+02 
3.500e+01 ; 4.800e+00 ; 7.000e-01 ; 7.7697002e+01 ; 1.0115212e+02 
3.500e+01 ; 4.800e+00 ; 7.000e-01 ; 7.7953002e+01 ; 1.0112399e+02 
3.500e+01 ; 4.800e+00 ; 7.000e-01 ; 7.8465002e+01 ; 1.0106845e+02 
3.500e+01 ; 4.800e+00 ; 7.000e-01 ; 7.8650002e+01 ; 1.0104853e+02 
3.500e+01 ; 4.800e+00 ; 7.000e-01 ; 7.8650002e+01 ; 1.0104853e+02 
3.500e+01 ; 4.800e+00 ; 7.000e-01 ; 7.8651002e+01 ; 1.0104842e+02 
3.500e+01 ; 4.800e+00 ; 7.000e-01 ; 7.8652002e+01 ; 1.0104832e+02 
3.500e+01 ; 4.800e+00 ; 7.000e-01 ; 7.8653002e+01 ; 1.0104821e+02 
3.500e+01 ; 4.800e+00 ; 7.000e-01 ; 7.8655002e+01 ; 1.0104800e+02 
3.500e+01 ; 4.800e+00 ; 7.000e-01 ; 7.8659002e+01 ; 1.0104756e+02 
3.500e+01 ; 4.800e+00 ; 7.000e-01 ; 7.8667002e+01 ; 1.0104670e+02 
3.500e+01 ; 4.800e+00 ; 7.000e-01 ; 7.8683002e+01 ; 1.0104498e+02 
3.500e+01 ; 4.800e+00 ; 7.000e-01 ; 7.8715002e+01 ; 1.0104155e+02 
3.500e+01 ; 4.800e+00 ; 7.000e-01 ; 7.8779002e+01 ; 1.0103470e+02 
3.500e+01 ; 4.800e+00 ; 7.000e-01 ; 7.8907002e+01 ; 1.0102113e+02 
3.500e+01 ; 4.800e+00 ; 7.000e-01 ; 7.9163002e+01 ; 1.0099471e+02 
3.500e+01 ; 4.800e+00 ; 7.000e-01 ; 7.9675002e+01 ; 1.0094666e+02 
3.500e+01 ; 4.800e+00 ; 7.000e-01 ; 7.9860003e+01 ; 1.0093001e+02 
3.500e+01 ; 4.800e+00 ; 7.000e-01 ; 7.9860003e+01 ; 1.0093001e+02 
3.500e+01 ; 4.800e+00 ; 7.000e-01 ; 7.9861003e+01 ; 1.0092992e+02 
3.500e+01 ; 4.800e+00 ; 7.000e-01 ; 7.9862003e+01 ; 1.0092982e+02 
3.500e+01 ; 4.800e+00 ; 7.000e-01 ; 7.9863003e+01 ; 1.0092973e+02 
3.500e+01 ; 4.800e+00 ; 7.000e-01 ; 7.9865003e+01 ; 1.0092956e+02 
3.500e+01 ; 4.800e+00 ; 7.000e-01 ; 7.9869003e+01 ; 1.0092920e+02 
3.500e+01 ; 4.800e+00 ; 7.000e-01 ; 7.9877003e+01 ; 1.0092848e+02 
3.500e+01 ; 4.800e+00 ; 7.000e-01 ; 7.9893003e+01 ; 1.0092705e+02 
3.500e+01 ; 4.800e+00 ; 7.000e-01 ; 7.9925003e+01 ; 1.0092422e+02 
3.500e+01 ; 4.800e+00 ; 7.000e-01 ; 7.9989003e+01 ; 1.0091864e+02 
3.500e+01 ; 4.800e+00 ; 7.000e-01 ; 8.0117003e+01 ; 1.0090790e+02 
3.500e+01 ; 4.800e+00 ; 7.000e-01 ; 8.0373003e+01 ; 1.0088837e+02 
3.500e+01 ; 4.800e+00 ; 7.000e-01 ; 8.0885002e+01 ; 1.0085944e+02 
3.500e+01 ; 4.800e+00 ; 7.000e-01 ; 8.1070003e+01 ; 1.0085040e+02 
3.500e+01 ; 4.800e+00 ; 7.000e-01 ; 8.1070003e+01 ; 1.0085040e+02 
3.500e+01 ; 4.800e+00 ; 7.000e-01 ; 8.1071003e+01 ; 1.0085035e+02 
3.500e+01 ; 4.800e+00 ; 7.000e-01 ; 8.1072003e+01 ; 1.0085030e+02 
3.500e+01 ; 4.800e+00 ; 7.000e-01 ; 8.1073003e+01 ; 1.0085025e+02 
3.500e+01 ; 4.800e+00 ; 7.000e-01 ; 8.1075003e+01 ; 1.0085016e+02 
3.500e+01 ; 4.800e+00 ; 7.000e-01 ; 8.1079003e+01 ; 1.0084996e+02 
3.500e+01 ; 4.800e+00 ; 7.000e-01 ; 8.1087003e+01 ; 1.0084958e+02 
3.500e+01 ; 4.800e+00 ; 7.000e-01 ; 8.1103003e+01 ; 1.0084882e+02 
3.500e+01 ; 4.800e+00 ; 7.000e-01 ; 8.1135003e+01 ; 1.0084734e+02 
3.500e+01 ; 4.800e+00 ; 7.000e-01 ; 8.1199003e+01 ; 1.0084457e+02 
3.500e+01 ; 4.800e+00 ; 7.000e-01 ; 8.1327003e+01 ; 1.0083977e+02 
3.500e+01 ; 4.800e+00 ; 7.000e-01 ; 8.1583003e+01 ; 1.0083344e+02 
3.500e+01 ; 4.800e+00 ; 7.000e-01 ; 8.2095003e+01 ; 1.0083535e+02 
3.500e+01 ; 4.800e+00 ; 7.000e-01 ; 8.2280003e+01 ; 1.0083800e+02 
3.500e+01 ; 4.800e+00 ; 7.000e-01 ; 8.2280003e+01 ; 1.0083800e+02 
3.500e+01 ; 4.800e+00 ; 7.000e-01 ; 8.2281003e+01 ; 1.0083801e+02 
3.500e+01 ; 4.800e+00 ; 7.000e-01 ; 8.2282003e+01 ; 1.0083803e+02 
3.500e+01 ; 4.800e+00 ; 7.000e-01 ; 8.2283003e+01 ; 1.0083804e+02 
3.500e+01 ; 4.800e+00 ; 7.000e-01 ; 8.2285003e+01 ; 1.0083807e+02 
3.500e+01 ; 4.800e+00 ; 7.000e-01 ; 8.2289003e+01 ; 1.0083813e+02 
3.500e+01 ; 4.800e+00 ; 7.000e-01 ; 8.2297003e+01 ; 1.0083826e+02 
3.500e+01 ; 4.800e+00 ; 7.000e-01 ; 8.2313003e+01 ; 1.0083852e+02 
3.500e+01 ; 4.800e+00 ; 7.000e-01 ; 8.2345003e+01 ; 1.0083909e+02 
3.500e+01 ; 4.800e+00 ; 7.000e-01 ; 8.2409003e+01 ; 1.0084048e+02 
3.500e+01 ; 4.800e+00 ; 7.000e-01 ; 8.2537003e+01 ; 1.0084424e+02 
3.500e+01 ; 4.800e+00 ; 7.000e-01 ; 8.2793003e+01 ; 1.0085570e+02 
3.500e+01 ; 4.800e+00 ; 7.000e-01 ; 8.3305003e+01 ; 1.0089412e+02 
3.500e+01 ; 4.800e+00 ; 7.000e-01 ; 8.3490003e+01 ; 1.0091000e+02 
3.500e+01 ; 4.800e+00 ; 7.000e-01 ; 8.3490003e+01 ; 1.0091000e+02 
3.500e+01 ; 4.800e+00 ; 7.000e-01 ; 8.3491003e+01 ; 1.0091009e+02 
3.500e+01 ; 4.800e+00 ; 7.000e-01 ; 8.3492003e+01 ; 1.0091017e+02 
3.500e+01 ; 4.800e+00 ; 7.000e-01 ; 8.3493003e+01 ; 1.0091026e+02 
3.500e+01 ; 4.800e+00 ; 7.000e-01 ; 8.3495003e+01 ; 1.0091043e+02 
3.500e+01 ; 4.800e+00 ; 7.000e-01 ; 8.3499003e+01 ; 1.0091077e+02 
3.500e+01 ; 4.800e+00 ; 7.000e-01 ; 8.3507003e+01 ; 1.0091147e+02 
3.500e+01 ; 4.800e+00 ; 7.000e-01 ; 8.3523003e+01 ; 1.0091287e+02 
3.500e+01 ; 4.800e+00 ; 7.000e-01 ; 8.3555003e+01 ; 1.0091574e+02 
3.500e+01 ; 4.800e+00 ; 7.000e-01 ; 8.3619003e+01 ; 1.0092171e+02 
3.500e+01 ; 4.800e+00 ; 7.000e-01 ; 8.3747003e+01 ; 1.0093458e+02 
3.500e+01 ; 4.800e+00 ; 7.000e-01 ; 8.4003003e+01 ; 1.0096384e+02 
3.500e+01 ; 4.800e+00 ; 7.000e-01 ; 8.4515003e+01 ; 1.0103450e+02 
3.500e+01 ; 4.800e+00 ; 7.000e-01 ; 8.4700003e+01 ; 1.0106151e+02 
3.500e+01 ; 4.800e+00 ; 7.000e-01 ; 8.4700003e+01 ; 1.0106151e+02 
3.500e+01 ; 4.800e+00 ; 7.000e-01 ; 8.4701003e+01 ; 1.0106165e+02 
3.500e+01 ; 4.800e+00 ; 7.000e-01 ; 8.4702003e+01 ; 1.0106180e+02 
3.500e+01 ; 4.800e+00 ; 7.000e-01 ; 8.4703003e+01 ; 1.0106195e+02 
3.500e+01 ; 4.800e+00 ; 7.000e-01 ; 8.4705003e+01 ; 1.0106224e+02 
3.500e+01 ; 4.800e+00 ; 7.000e-01 ; 8.4709003e+01 ; 1.0106283e+02 
3.500e+01 ; 4.800e+00 ; 7.000e-01 ; 8.4717003e+01 ; 1.0106400e+02 
3.500e+01 ; 4.800e+00 ; 7.000e-01 ; 8.4733003e+01 ; 1.0106636e+02 
3.500e+01 ; 4.800e+00 ; 7.000e-01 ; 8.4765003e+01 ; 1.0107112e+02 
3.500e+01 ; 4.800e+00 ; 7.000e-01 ; 8.4829003e+01 ; 1.0108081e+02 
3.500e+01 ; 4.800e+00 ; 7.000e-01 ; 8.4957003e+01 ; 1.0110081e+02 
3.500e+01 ; 4.800e+00 ; 7.000e-01 ; 8.5213003e+01 ; 1.0114305e+02 
3.500e+01 ; 4.800e+00 ; 7.000e-01 ; 8.5725003e+01 ; 1.0123364e+02 
3.500e+01 ; 4.800e+00 ; 7.000e-01 ; 8.5910003e+01 ; 1.0126704e+02 
3.500e+01 ; 4.800e+00 ; 7.000e-01 ; 8.5910003e+01 ; 1.0126704e+02 
3.500e+01 ; 4.800e+00 ; 7.000e-01 ; 8.5911003e+01 ; 1.0126723e+02 
3.500e+01 ; 4.800e+00 ; 7.000e-01 ; 8.5912003e+01 ; 1.0126741e+02 
3.500e+01 ; 4.800e+00 ; 7.000e-01 ; 8.5913003e+01 ; 1.0126759e+02 
3.500e+01 ; 4.800e+00 ; 7.000e-01 ; 8.5915003e+01 ; 1.0126795e+02 
3.500e+01 ; 4.800e+00 ; 7.000e-01 ; 8.5919003e+01 ; 1.0126867e+02 
3.500e+01 ; 4.800e+00 ; 7.000e-01 ; 8.5927003e+01 ; 1.0127012e+02 
3.500e+01 ; 4.800e+00 ; 7.000e-01 ; 8.5943003e+01 ; 1.0127302e+02 
3.500e+01 ; 4.800e+00 ; 7.000e-01 ; 8.5975003e+01 ; 1.0127883e+02 
3.500e+01 ; 4.800e+00 ; 7.000e-01 ; 8.6039003e+01 ; 1.0129054e+02 
3.500e+01 ; 4.800e+00 ; 7.000e-01 ; 8.6167003e+01 ; 1.0131419e+02 
3.500e+01 ; 4.800e+00 ; 7.000e-01 ; 8.6423003e+01 ; 1.0136209e+02 
3.500e+01 ; 4.800e+00 ; 7.000e-01 ; 8.6935003e+01 ; 1.0145802e+02 
3.500e+01 ; 4.800e+00 ; 7.000e-01 ; 8.7120003e+01 ; 1.0149259e+02 
3.500e+01 ; 4.800e+00 ; 7.000e-01 ; 8.7120003e+01 ; 1.0149259e+02 
3.500e+01 ; 4.800e+00 ; 7.000e-01 ; 8.7121003e+01 ; 1.0149277e+02 
3.500e+01 ; 4.800e+00 ; 7.000e-01 ; 8.7122003e+01 ; 1.0149297e+02 
3.500e+01 ; 4.800e+00 ; 7.000e-01 ; 8.7123003e+01 ; 1.0149315e+02 
3.500e+01 ; 4.800e+00 ; 7.000e-01 ; 8.7125003e+01 ; 1.0149352e+02 
3.500e+01 ; 4.800e+00 ; 7.000e-01 ; 8.7129003e+01 ; 1.0149427e+02 
3.500e+01 ; 4.800e+00 ; 7.000e-01 ; 8.7137003e+01 ; 1.0149577e+02 
3.500e+01 ; 4.800e+00 ; 7.000e-01 ; 8.7153003e+01 ; 1.0149876e+02 
3.500e+01 ; 4.800e+00 ; 7.000e-01 ; 8.7185003e+01 ; 1.0150472e+02 
3.500e+01 ; 4.800e+00 ; 7.000e-01 ; 8.7249003e+01 ; 1.0151665e+02 
3.500e+01 ; 4.800e+00 ; 7.000e-01 ; 8.7377003e+01 ; 1.0154039e+02 
3.500e+01 ; 4.800e+00 ; 7.000e-01 ; 8.7633003e+01 ; 1.0158718e+02 
3.500e+01 ; 4.800e+00 ; 7.000e-01 ; 8.8145003e+01 ; 1.0167648e+02 
3.500e+01 ; 4.800e+00 ; 7.000e-01 ; 8.8330003e+01 ; 1.0170813e+02 
3.500e+01 ; 4.800e+00 ; 7.000e-01 ; 8.8330003e+01 ; 1.0170813e+02 
3.500e+01 ; 4.800e+00 ; 7.000e-01 ; 8.8331003e+01 ; 1.0170830e+02 
3.500e+01 ; 4.800e+00 ; 7.000e-01 ; 8.8332003e+01 ; 1.0170847e+02 
3.500e+01 ; 4.800e+00 ; 7.000e-01 ; 8.8333003e+01 ; 1.0170864e+02 
3.500e+01 ; 4.800e+00 ; 7.000e-01 ; 8.8335003e+01 ; 1.0170898e+02 
3.500e+01 ; 4.800e+00 ; 7.000e-01 ; 8.8339003e+01 ; 1.0170966e+02 
3.500e+01 ; 4.800e+00 ; 7.000e-01 ; 8.8347003e+01 ; 1.0171103e+02 
3.500e+01 ; 4.800e+00 ; 7.000e-01 ; 8.8363003e+01 ; 1.0171376e+02 
3.500e+01 ; 4.800e+00 ; 7.000e-01 ; 8.8395003e+01 ; 1.0171919e+02 
3.500e+01 ; 4.800e+00 ; 7.000e-01 ; 8.8459003e+01 ; 1.0172998e+02 
3.500e+01 ; 4.800e+00 ; 7.000e-01 ; 8.8587003e+01 ; 1.0175122e+02 
3.500e+01 ; 4.800e+00 ; 7.000e-01 ; 8.8843003e+01 ; 1.0179221e+02 
3.500e+01 ; 4.800e+00 ; 7.000e-01 ; 8.9355003e+01 ; 1.0186751e+02 
3.500e+01 ; 4.800e+00 ; 7.000e-01 ; 8.9540003e+01 ; 1.0189381e+02 
3.500e+01 ; 4.800e+00 ; 7.000e-01 ; 8.9540003e+01 ; 1.0189381e+02 
3.500e+01 ; 4.800e+00 ; 7.000e-01 ; 8.9541003e+01 ; 1.0189396e+02 
3.500e+01 ; 4.800e+00 ; 7.000e-01 ; 8.9542003e+01 ; 1.0189410e+02 
3.500e+01 ; 4.800e+00 ; 7.000e-01 ; 8.9543003e+01 ; 1.0189424e+02 
3.500e+01 ; 4.800e+00 ; 7.000e-01 ; 8.9545003e+01 ; 1.0189452e+02 
3.500e+01 ; 4.800e+00 ; 7.000e-01 ; 8.9549003e+01 ; 1.0189510e+02 
3.500e+01 ; 4.800e+00 ; 7.000e-01 ; 8.9557003e+01 ; 1.0189622e+02 
3.500e+01 ; 4.800e+00 ; 7.000e-01 ; 8.9573003e+01 ; 1.0189849e+02 
3.500e+01 ; 4.800e+00 ; 7.000e-01 ; 8.9605003e+01 ; 1.0190298e+02 
3.500e+01 ; 4.800e+00 ; 7.000e-01 ; 8.9669003e+01 ; 1.0191187e+02 
3.500e+01 ; 4.800e+00 ; 7.000e-01 ; 8.9797003e+01 ; 1.0192918e+02 
3.500e+01 ; 4.800e+00 ; 7.000e-01 ; 9.0053003e+01 ; 1.0196197e+02 
3.500e+01 ; 4.800e+00 ; 7.000e-01 ; 9.0565003e+01 ; 1.0202008e+02 
3.500e+01 ; 4.800e+00 ; 7.000e-01 ; 9.0750003e+01 ; 1.0204010e+02 
3.500e+01 ; 4.800e+00 ; 7.000e-01 ; 9.0750003e+01 ; 1.0204010e+02 
3.500e+01 ; 4.800e+00 ; 7.000e-01 ; 9.0751003e+01 ; 1.0204021e+02 
3.500e+01 ; 4.800e+00 ; 7.000e-01 ; 9.0752003e+01 ; 1.0204031e+02 
3.500e+01 ; 4.800e+00 ; 7.000e-01 ; 9.0753003e+01 ; 1.0204042e+02 
3.500e+01 ; 4.800e+00 ; 7.000e-01 ; 9.0755003e+01 ; 1.0204064e+02 
3.500e+01 ; 4.800e+00 ; 7.000e-01 ; 9.0759003e+01 ; 1.0204107e+02 
3.500e+01 ; 4.800e+00 ; 7.000e-01 ; 9.0767003e+01 ; 1.0204193e+02 
3.500e+01 ; 4.800e+00 ; 7.000e-01 ; 9.0783003e+01 ; 1.0204365e+02 
3.500e+01 ; 4.800e+00 ; 7.000e-01 ; 9.0815003e+01 ; 1.0204705e+02 
3.500e+01 ; 4.800e+00 ; 7.000e-01 ; 9.0879003e+01 ; 1.0205374e+02 
3.500e+01 ; 4.800e+00 ; 7.000e-01 ; 9.1007003e+01 ; 1.0206665e+02 
3.500e+01 ; 4.800e+00 ; 7.000e-01 ; 9.1263003e+01 ; 1.0209061e+02 
3.500e+01 ; 4.800e+00 ; 7.000e-01 ; 9.1775003e+01 ; 1.0213129e+02 
3.500e+01 ; 4.800e+00 ; 7.000e-01 ; 9.1960003e+01 ; 1.0214506e+02 
3.500e+01 ; 4.800e+00 ; 7.000e-01 ; 9.1960003e+01 ; 1.0214506e+02 
3.500e+01 ; 4.800e+00 ; 7.000e-01 ; 9.1961003e+01 ; 1.0214513e+02 
3.500e+01 ; 4.800e+00 ; 7.000e-01 ; 9.1962003e+01 ; 1.0214521e+02 
3.500e+01 ; 4.800e+00 ; 7.000e-01 ; 9.1963003e+01 ; 1.0214528e+02 
3.500e+01 ; 4.800e+00 ; 7.000e-01 ; 9.1965003e+01 ; 1.0214543e+02 
3.500e+01 ; 4.800e+00 ; 7.000e-01 ; 9.1969003e+01 ; 1.0214573e+02 
3.500e+01 ; 4.800e+00 ; 7.000e-01 ; 9.1977003e+01 ; 1.0214632e+02 
3.500e+01 ; 4.800e+00 ; 7.000e-01 ; 9.1993003e+01 ; 1.0214749e+02 
3.500e+01 ; 4.800e+00 ; 7.000e-01 ; 9.2025003e+01 ; 1.0214982e+02 
3.500e+01 ; 4.800e+00 ; 7.000e-01 ; 9.2089003e+01 ; 1.0215436e+02 
3.500e+01 ; 4.800e+00 ; 7.000e-01 ; 9.2217003e+01 ; 1.0216300e+02 
3.500e+01 ; 4.800e+00 ; 7.000e-01 ; 9.2473003e+01 ; 1.0217858e+02 
3.500e+01 ; 4.800e+00 ; 7.000e-01 ; 9.2985003e+01 ; 1.0220332e+02 
3.500e+01 ; 4.800e+00 ; 7.000e-01 ; 9.3170003e+01 ; 1.0221143e+02 
3.500e+01 ; 4.800e+00 ; 7.000e-01 ; 9.3170003e+01 ; 1.0221143e+02 
3.500e+01 ; 4.800e+00 ; 7.000e-01 ; 9.3171003e+01 ; 1.0221147e+02 
3.500e+01 ; 4.800e+00 ; 7.000e-01 ; 9.3172003e+01 ; 1.0221152e+02 
3.500e+01 ; 4.800e+00 ; 7.000e-01 ; 9.3173003e+01 ; 1.0221156e+02 
3.500e+01 ; 4.800e+00 ; 7.000e-01 ; 9.3175003e+01 ; 1.0221165e+02 
3.500e+01 ; 4.800e+00 ; 7.000e-01 ; 9.3179003e+01 ; 1.0221182e+02 
3.500e+01 ; 4.800e+00 ; 7.000e-01 ; 9.3187003e+01 ; 1.0221217e+02 
3.500e+01 ; 4.800e+00 ; 7.000e-01 ; 9.3203003e+01 ; 1.0221286e+02 
3.500e+01 ; 4.800e+00 ; 7.000e-01 ; 9.3235003e+01 ; 1.0221422e+02 
3.500e+01 ; 4.800e+00 ; 7.000e-01 ; 9.3299003e+01 ; 1.0221683e+02 
3.500e+01 ; 4.800e+00 ; 7.000e-01 ; 9.3427003e+01 ; 1.0222167e+02 
3.500e+01 ; 4.800e+00 ; 7.000e-01 ; 9.3683003e+01 ; 1.0222990e+02 
3.500e+01 ; 4.800e+00 ; 7.000e-01 ; 9.4195003e+01 ; 1.0224097e+02 
3.500e+01 ; 4.800e+00 ; 7.000e-01 ; 9.4380003e+01 ; 1.0224429e+02 
3.500e+01 ; 4.800e+00 ; 7.000e-01 ; 9.4380003e+01 ; 1.0224429e+02 
3.500e+01 ; 4.800e+00 ; 7.000e-01 ; 9.4381003e+01 ; 1.0224431e+02 
3.500e+01 ; 4.800e+00 ; 7.000e-01 ; 9.4382003e+01 ; 1.0224432e+02 
3.500e+01 ; 4.800e+00 ; 7.000e-01 ; 9.4383003e+01 ; 1.0224435e+02 
3.500e+01 ; 4.800e+00 ; 7.000e-01 ; 9.4385003e+01 ; 1.0224438e+02 
3.500e+01 ; 4.800e+00 ; 7.000e-01 ; 9.4389003e+01 ; 1.0224445e+02 
3.500e+01 ; 4.800e+00 ; 7.000e-01 ; 9.4397003e+01 ; 1.0224459e+02 
3.500e+01 ; 4.800e+00 ; 7.000e-01 ; 9.4413003e+01 ; 1.0224487e+02 
3.500e+01 ; 4.800e+00 ; 7.000e-01 ; 9.4445003e+01 ; 1.0224540e+02 
3.500e+01 ; 4.800e+00 ; 7.000e-01 ; 9.4509003e+01 ; 1.0224638e+02 
3.500e+01 ; 4.800e+00 ; 7.000e-01 ; 9.4637003e+01 ; 1.0224805e+02 
3.500e+01 ; 4.800e+00 ; 7.000e-01 ; 9.4893003e+01 ; 1.0225018e+02 
3.500e+01 ; 4.800e+00 ; 7.000e-01 ; 9.5405003e+01 ; 1.0225016e+02 
3.500e+01 ; 4.800e+00 ; 7.000e-01 ; 9.5590003e+01 ; 1.0224962e+02 
3.500e+01 ; 4.800e+00 ; 7.000e-01 ; 9.5590003e+01 ; 1.0224962e+02 
3.500e+01 ; 4.800e+00 ; 7.000e-01 ; 9.5591003e+01 ; 1.0224961e+02 
3.500e+01 ; 4.800e+00 ; 7.000e-01 ; 9.5592003e+01 ; 1.0224961e+02 
3.500e+01 ; 4.800e+00 ; 7.000e-01 ; 9.5593003e+01 ; 1.0224960e+02 
3.500e+01 ; 4.800e+00 ; 7.000e-01 ; 9.5595003e+01 ; 1.0224960e+02 
3.500e+01 ; 4.800e+00 ; 7.000e-01 ; 9.5599003e+01 ; 1.0224959e+02 
3.500e+01 ; 4.800e+00 ; 7.000e-01 ; 9.5607003e+01 ; 1.0224957e+02 
3.500e+01 ; 4.800e+00 ; 7.000e-01 ; 9.5623003e+01 ; 1.0224950e+02 
3.500e+01 ; 4.800e+00 ; 7.000e-01 ; 9.5655003e+01 ; 1.0224938e+02 
3.500e+01 ; 4.800e+00 ; 7.000e-01 ; 9.5719003e+01 ; 1.0224907e+02 
3.500e+01 ; 4.800e+00 ; 7.000e-01 ; 9.5847003e+01 ; 1.0224820e+02 
3.500e+01 ; 4.800e+00 ; 7.000e-01 ; 9.6103003e+01 ; 1.0224555e+02 
3.500e+01 ; 4.800e+00 ; 7.000e-01 ; 9.6615003e+01 ; 1.0223717e+02 
3.500e+01 ; 4.800e+00 ; 7.000e-01 ; 9.6800003e+01 ; 1.0223376e+02 
3.500e+01 ; 4.800e+00 ; 7.000e-01 ; 9.6800003e+01 ; 1.0223376e+02 
3.500e+01 ; 4.800e+00 ; 7.000e-01 ; 9.6801003e+01 ; 1.0223373e+02 
3.500e+01 ; 4.800e+00 ; 7.000e-01 ; 9.6802003e+01 ; 1.0223372e+02 
3.500e+01 ; 4.800e+00 ; 7.000e-01 ; 9.6803003e+01 ; 1.0223370e+02 
3.500e+01 ; 4.800e+00 ; 7.000e-01 ; 9.6805003e+01 ; 1.0223367e+02 
3.500e+01 ; 4.800e+00 ; 7.000e-01 ; 9.6809003e+01 ; 1.0223359e+02 
3.500e+01 ; 4.800e+00 ; 7.000e-01 ; 9.6817003e+01 ; 1.0223344e+02 
3.500e+01 ; 4.800e+00 ; 7.000e-01 ; 9.6833003e+01 ; 1.0223314e+02 
3.500e+01 ; 4.800e+00 ; 7.000e-01 ; 9.6865003e+01 ; 1.0223253e+02 
3.500e+01 ; 4.800e+00 ; 7.000e-01 ; 9.6929003e+01 ; 1.0223125e+02 
3.500e+01 ; 4.800e+00 ; 7.000e-01 ; 9.7057003e+01 ; 1.0222855e+02 
3.500e+01 ; 4.800e+00 ; 7.000e-01 ; 9.7313003e+01 ; 1.0222256e+02 
3.500e+01 ; 4.800e+00 ; 7.000e-01 ; 9.7825003e+01 ; 1.0220878e+02 
3.500e+01 ; 4.800e+00 ; 7.000e-01 ; 9.8010003e+01 ; 1.0220360e+02 
3.500e+01 ; 4.800e+00 ; 7.000e-01 ; 9.8010003e+01 ; 1.0220360e+02 
3.500e+01 ; 4.800e+00 ; 7.000e-01 ; 9.8011003e+01 ; 1.0220358e+02 
3.500e+01 ; 4.800e+00 ; 7.000e-01 ; 9.8012003e+01 ; 1.0220354e+02 
3.500e+01 ; 4.800e+00 ; 7.000e-01 ; 9.8013003e+01 ; 1.0220351e+02 
3.500e+01 ; 4.800e+00 ; 7.000e-01 ; 9.8015003e+01 ; 1.0220346e+02 
3.500e+01 ; 4.800e+00 ; 7.000e-01 ; 9.8019003e+01 ; 1.0220335e+02 
3.500e+01 ; 4.800e+00 ; 7.000e-01 ; 9.8027003e+01 ; 1.0220312e+02 
3.500e+01 ; 4.800e+00 ; 7.000e-01 ; 9.8043003e+01 ; 1.0220267e+02 
3.500e+01 ; 4.800e+00 ; 7.000e-01 ; 9.8075003e+01 ; 1.0220177e+02 
3.500e+01 ; 4.800e+00 ; 7.000e-01 ; 9.8139003e+01 ; 1.0219993e+02 
3.500e+01 ; 4.800e+00 ; 7.000e-01 ; 9.8267003e+01 ; 1.0219617e+02 
3.500e+01 ; 4.800e+00 ; 7.000e-01 ; 9.8523003e+01 ; 1.0218843e+02 
3.500e+01 ; 4.800e+00 ; 7.000e-01 ; 9.9035003e+01 ; 1.0217266e+02 
3.500e+01 ; 4.800e+00 ; 7.000e-01 ; 9.9220003e+01 ; 1.0216695e+02 
3.500e+01 ; 4.800e+00 ; 7.000e-01 ; 9.9220003e+01 ; 1.0216695e+02 
3.500e+01 ; 4.800e+00 ; 7.000e-01 ; 9.9221003e+01 ; 1.0216692e+02 
3.500e+01 ; 4.800e+00 ; 7.000e-01 ; 9.9222003e+01 ; 1.0216689e+02 
3.500e+01 ; 4.800e+00 ; 7.000e-01 ; 9.9223003e+01 ; 1.0216686e+02 
3.500e+01 ; 4.800e+00 ; 7.000e-01 ; 9.9225003e+01 ; 1.0216680e+02 
3.500e+01 ; 4.800e+00 ; 7.000e-01 ; 9.9229003e+01 ; 1.0216668e+02 
3.500e+01 ; 4.800e+00 ; 7.000e-01 ; 9.9237003e+01 ; 1.0216643e+02 
3.500e+01 ; 4.800e+00 ; 7.000e-01 ; 9.9253003e+01 ; 1.0216594e+02 
3.500e+01 ; 4.800e+00 ; 7.000e-01 ; 9.9285003e+01 ; 1.0216495e+02 
3.500e+01 ; 4.800e+00 ; 7.000e-01 ; 9.9349003e+01 ; 1.0216298e+02 
3.500e+01 ; 4.800e+00 ; 7.000e-01 ; 9.9477003e+01 ; 1.0215905e+02 
3.500e+01 ; 4.800e+00 ; 7.000e-01 ; 9.9733003e+01 ; 1.0215135e+02 
3.500e+01 ; 4.800e+00 ; 7.000e-01 ; 1.0024500e+02 ; 1.0213714e+02 
3.500e+01 ; 4.800e+00 ; 7.000e-01 ; 1.0043000e+02 ; 1.0213219e+02 
3.500e+01 ; 4.800e+00 ; 7.000e-01 ; 1.0043000e+02 ; 1.0213219e+02 
3.500e+01 ; 4.800e+00 ; 7.000e-01 ; 1.0043100e+02 ; 1.0213216e+02 
3.500e+01 ; 4.800e+00 ; 7.000e-01 ; 1.0043200e+02 ; 1.0213213e+02 
3.500e+01 ; 4.800e+00 ; 7.000e-01 ; 1.0043300e+02 ; 1.0213211e+02 
3.500e+01 ; 4.800e+00 ; 7.000e-01 ; 1.0043500e+02 ; 1.0213205e+02 
3.500e+01 ; 4.800e+00 ; 7.000e-01 ; 1.0043900e+02 ; 1.0213194e+02 
3.500e+01 ; 4.800e+00 ; 7.000e-01 ; 1.0044700e+02 ; 1.0213174e+02 
3.500e+01 ; 4.800e+00 ; 7.000e-01 ; 1.0046300e+02 ; 1.0213131e+02 
3.500e+01 ; 4.800e+00 ; 7.000e-01 ; 1.0049500e+02 ; 1.0213046e+02 
3.500e+01 ; 4.800e+00 ; 7.000e-01 ; 1.0055900e+02 ; 1.0212880e+02 
3.500e+01 ; 4.800e+00 ; 7.000e-01 ; 1.0068700e+02 ; 1.0212556e+02 
3.500e+01 ; 4.800e+00 ; 7.000e-01 ; 1.0094300e+02 ; 1.0211958e+02 
3.500e+01 ; 4.800e+00 ; 7.000e-01 ; 1.0145500e+02 ; 1.0210986e+02 
3.500e+01 ; 4.800e+00 ; 7.000e-01 ; 1.0164000e+02 ; 1.0210667e+02 
3.500e+01 ; 4.800e+00 ; 7.000e-01 ; 1.0164000e+02 ; 1.0210667e+02 
3.500e+01 ; 4.800e+00 ; 7.000e-01 ; 1.0164100e+02 ; 1.0210664e+02 
3.500e+01 ; 4.800e+00 ; 7.000e-01 ; 1.0164200e+02 ; 1.0210663e+02 
3.500e+01 ; 4.800e+00 ; 7.000e-01 ; 1.0164300e+02 ; 1.0210661e+02 
3.500e+01 ; 4.800e+00 ; 7.000e-01 ; 1.0164500e+02 ; 1.0210658e+02 
3.500e+01 ; 4.800e+00 ; 7.000e-01 ; 1.0164900e+02 ; 1.0210651e+02 
3.500e+01 ; 4.800e+00 ; 7.000e-01 ; 1.0165700e+02 ; 1.0210637e+02 
3.500e+01 ; 4.800e+00 ; 7.000e-01 ; 1.0167300e+02 ; 1.0210609e+02 
3.500e+01 ; 4.800e+00 ; 7.000e-01 ; 1.0170500e+02 ; 1.0210556e+02 
3.500e+01 ; 4.800e+00 ; 7.000e-01 ; 1.0176900e+02 ; 1.0210453e+02 
3.500e+01 ; 4.800e+00 ; 7.000e-01 ; 1.0189700e+02 ; 1.0210262e+02 
3.500e+01 ; 4.800e+00 ; 7.000e-01 ; 1.0215300e+02 ; 1.0209943e+02 
3.500e+01 ; 4.800e+00 ; 7.000e-01 ; 1.0266500e+02 ; 1.0209557e+02 
3.500e+01 ; 4.800e+00 ; 7.000e-01 ; 1.0285000e+02 ; 1.0209451e+02 
3.500e+01 ; 4.800e+00 ; 7.000e-01 ; 1.0285000e+02 ; 1.0209451e+02 
3.500e+01 ; 4.800e+00 ; 7.000e-01 ; 1.0285100e+02 ; 1.0209451e+02 
3.500e+01 ; 4.800e+00 ; 7.000e-01 ; 1.0285200e+02 ; 1.0209450e+02 
3.500e+01 ; 4.800e+00 ; 7.000e-01 ; 1.0285300e+02 ; 1.0209449e+02 
3.500e+01 ; 4.800e+00 ; 7.000e-01 ; 1.0285500e+02 ; 1.0209448e+02 
3.500e+01 ; 4.800e+00 ; 7.000e-01 ; 1.0285900e+02 ; 1.0209446e+02 
3.500e+01 ; 4.800e+00 ; 7.000e-01 ; 1.0286700e+02 ; 1.0209441e+02 
3.500e+01 ; 4.800e+00 ; 7.000e-01 ; 1.0288300e+02 ; 1.0209432e+02 
3.500e+01 ; 4.800e+00 ; 7.000e-01 ; 1.0291500e+02 ; 1.0209416e+02 
3.500e+01 ; 4.800e+00 ; 7.000e-01 ; 1.0297900e+02 ; 1.0209386e+02 
3.500e+01 ; 4.800e+00 ; 7.000e-01 ; 1.0310700e+02 ; 1.0209344e+02 
3.500e+01 ; 4.800e+00 ; 7.000e-01 ; 1.0336300e+02 ; 1.0209314e+02 
3.500e+01 ; 4.800e+00 ; 7.000e-01 ; 1.0387500e+02 ; 1.0209447e+02 
3.500e+01 ; 4.800e+00 ; 7.000e-01 ; 1.0406000e+02 ; 1.0209519e+02 
3.500e+01 ; 4.800e+00 ; 7.000e-01 ; 1.0406000e+02 ; 1.0209519e+02 
3.500e+01 ; 4.800e+00 ; 7.000e-01 ; 1.0406100e+02 ; 1.0209519e+02 
3.500e+01 ; 4.800e+00 ; 7.000e-01 ; 1.0406200e+02 ; 1.0209520e+02 
3.500e+01 ; 4.800e+00 ; 7.000e-01 ; 1.0406300e+02 ; 1.0209520e+02 
3.500e+01 ; 4.800e+00 ; 7.000e-01 ; 1.0406500e+02 ; 1.0209521e+02 
3.500e+01 ; 4.800e+00 ; 7.000e-01 ; 1.0406900e+02 ; 1.0209522e+02 
3.500e+01 ; 4.800e+00 ; 7.000e-01 ; 1.0407700e+02 ; 1.0209525e+02 
3.500e+01 ; 4.800e+00 ; 7.000e-01 ; 1.0409300e+02 ; 1.0209532e+02 
3.500e+01 ; 4.800e+00 ; 7.000e-01 ; 1.0412500e+02 ; 1.0209546e+02 
3.500e+01 ; 4.800e+00 ; 7.000e-01 ; 1.0418900e+02 ; 1.0209576e+02 
3.500e+01 ; 4.800e+00 ; 7.000e-01 ; 1.0431700e+02 ; 1.0209646e+02 
3.500e+01 ; 4.800e+00 ; 7.000e-01 ; 1.0457300e+02 ; 1.0209818e+02 
3.500e+01 ; 4.800e+00 ; 7.000e-01 ; 1.0508500e+02 ; 1.0210234e+02 
3.500e+01 ; 4.800e+00 ; 7.000e-01 ; 1.0527000e+02 ; 1.0210391e+02 
3.500e+01 ; 4.800e+00 ; 7.000e-01 ; 1.0527000e+02 ; 1.0210391e+02 
3.500e+01 ; 4.800e+00 ; 7.000e-01 ; 1.0527100e+02 ; 1.0210392e+02 
3.500e+01 ; 4.800e+00 ; 7.000e-01 ; 1.0527200e+02 ; 1.0210393e+02 
3.500e+01 ; 4.800e+00 ; 7.000e-01 ; 1.0527300e+02 ; 1.0210394e+02 
3.500e+01 ; 4.800e+00 ; 7.000e-01 ; 1.0527500e+02 ; 1.0210395e+02 
3.500e+01 ; 4.800e+00 ; 7.000e-01 ; 1.0527900e+02 ; 1.0210399e+02 
3.500e+01 ; 4.800e+00 ; 7.000e-01 ; 1.0528700e+02 ; 1.0210406e+02 
3.500e+01 ; 4.800e+00 ; 7.000e-01 ; 1.0530300e+02 ; 1.0210419e+02 
3.500e+01 ; 4.800e+00 ; 7.000e-01 ; 1.0533500e+02 ; 1.0210447e+02 
3.500e+01 ; 4.800e+00 ; 7.000e-01 ; 1.0539900e+02 ; 1.0210503e+02 
3.500e+01 ; 4.800e+00 ; 7.000e-01 ; 1.0552700e+02 ; 1.0210616e+02 
3.500e+01 ; 4.800e+00 ; 7.000e-01 ; 1.0578300e+02 ; 1.0210839e+02 
3.500e+01 ; 4.800e+00 ; 7.000e-01 ; 1.0629500e+02 ; 1.0211224e+02 
3.500e+01 ; 4.800e+00 ; 7.000e-01 ; 1.0648000e+02 ; 1.0211352e+02 
3.500e+01 ; 4.800e+00 ; 7.000e-01 ; 1.0648000e+02 ; 1.0211352e+02 
3.500e+01 ; 4.800e+00 ; 7.000e-01 ; 1.0648100e+02 ; 1.0211353e+02 
3.500e+01 ; 4.800e+00 ; 7.000e-01 ; 1.0648200e+02 ; 1.0211353e+02 
3.500e+01 ; 4.800e+00 ; 7.000e-01 ; 1.0648300e+02 ; 1.0211354e+02 
3.500e+01 ; 4.800e+00 ; 7.000e-01 ; 1.0648500e+02 ; 1.0211356e+02 
3.500e+01 ; 4.800e+00 ; 7.000e-01 ; 1.0648900e+02 ; 1.0211358e+02 
3.500e+01 ; 4.800e+00 ; 7.000e-01 ; 1.0649700e+02 ; 1.0211363e+02 
3.500e+01 ; 4.800e+00 ; 7.000e-01 ; 1.0651300e+02 ; 1.0211375e+02 
3.500e+01 ; 4.800e+00 ; 7.000e-01 ; 1.0654500e+02 ; 1.0211396e+02 
3.500e+01 ; 4.800e+00 ; 7.000e-01 ; 1.0660900e+02 ; 1.0211437e+02 
3.500e+01 ; 4.800e+00 ; 7.000e-01 ; 1.0673700e+02 ; 1.0211513e+02 
3.500e+01 ; 4.800e+00 ; 7.000e-01 ; 1.0699300e+02 ; 1.0211630e+02 
3.500e+01 ; 4.800e+00 ; 7.000e-01 ; 1.0750500e+02 ; 1.0211685e+02 
3.500e+01 ; 4.800e+00 ; 7.000e-01 ; 1.0769000e+02 ; 1.0211679e+02 
3.500e+01 ; 4.800e+00 ; 7.000e-01 ; 1.0769000e+02 ; 1.0211679e+02 
3.500e+01 ; 4.800e+00 ; 7.000e-01 ; 1.0769100e+02 ; 1.0211679e+02 
3.500e+01 ; 4.800e+00 ; 7.000e-01 ; 1.0769200e+02 ; 1.0211679e+02 
3.500e+01 ; 4.800e+00 ; 7.000e-01 ; 1.0769300e+02 ; 1.0211679e+02 
3.500e+01 ; 4.800e+00 ; 7.000e-01 ; 1.0769500e+02 ; 1.0211679e+02 
3.500e+01 ; 4.800e+00 ; 7.000e-01 ; 1.0769900e+02 ; 1.0211679e+02 
3.500e+01 ; 4.800e+00 ; 7.000e-01 ; 1.0770700e+02 ; 1.0211678e+02 
3.500e+01 ; 4.800e+00 ; 7.000e-01 ; 1.0772300e+02 ; 1.0211678e+02 
3.500e+01 ; 4.800e+00 ; 7.000e-01 ; 1.0775500e+02 ; 1.0211675e+02 
3.500e+01 ; 4.800e+00 ; 7.000e-01 ; 1.0781900e+02 ; 1.0211667e+02 
3.500e+01 ; 4.800e+00 ; 7.000e-01 ; 1.0794700e+02 ; 1.0211636e+02 
3.500e+01 ; 4.800e+00 ; 7.000e-01 ; 1.0820300e+02 ; 1.0211518e+02 
3.500e+01 ; 4.800e+00 ; 7.000e-01 ; 1.0871500e+02 ; 1.0211021e+02 
3.500e+01 ; 4.800e+00 ; 7.000e-01 ; 1.0890000e+02 ; 1.0210807e+02 
3.500e+01 ; 4.800e+00 ; 7.000e-01 ; 1.0890000e+02 ; 1.0210807e+02 
3.500e+01 ; 4.800e+00 ; 7.000e-01 ; 1.0890100e+02 ; 1.0210806e+02 
3.500e+01 ; 4.800e+00 ; 7.000e-01 ; 1.0890200e+02 ; 1.0210805e+02 
3.500e+01 ; 4.800e+00 ; 7.000e-01 ; 1.0890300e+02 ; 1.0210804e+02 
3.500e+01 ; 4.800e+00 ; 7.000e-01 ; 1.0890500e+02 ; 1.0210802e+02 
3.500e+01 ; 4.800e+00 ; 7.000e-01 ; 1.0890900e+02 ; 1.0210797e+02 
3.500e+01 ; 4.800e+00 ; 7.000e-01 ; 1.0891700e+02 ; 1.0210787e+02 
3.500e+01 ; 4.800e+00 ; 7.000e-01 ; 1.0893300e+02 ; 1.0210768e+02 
3.500e+01 ; 4.800e+00 ; 7.000e-01 ; 1.0896500e+02 ; 1.0210729e+02 
3.500e+01 ; 4.800e+00 ; 7.000e-01 ; 1.0902900e+02 ; 1.0210647e+02 
3.500e+01 ; 4.800e+00 ; 7.000e-01 ; 1.0915700e+02 ; 1.0210464e+02 
3.500e+01 ; 4.800e+00 ; 7.000e-01 ; 1.0941300e+02 ; 1.0210027e+02 
3.500e+01 ; 4.800e+00 ; 7.000e-01 ; 1.0992500e+02 ; 1.0208855e+02 
3.500e+01 ; 4.800e+00 ; 7.000e-01 ; 1.1011000e+02 ; 1.0208393e+02 
3.500e+01 ; 4.800e+00 ; 7.000e-01 ; 1.1011000e+02 ; 1.0208393e+02 
3.500e+01 ; 4.800e+00 ; 7.000e-01 ; 1.1012000e+02 ; 1.0208368e+02 
3.500e+01 ; 4.800e+00 ; 7.000e-01 ; 1.1013000e+02 ; 1.0208343e+02 
3.500e+01 ; 4.800e+00 ; 7.000e-01 ; 1.1014000e+02 ; 1.0208318e+02 
3.500e+01 ; 4.800e+00 ; 7.000e-01 ; 1.1016000e+02 ; 1.0208266e+02 
3.500e+01 ; 4.800e+00 ; 7.000e-01 ; 1.1020000e+02 ; 1.0208162e+02 
3.500e+01 ; 4.800e+00 ; 7.000e-01 ; 1.1028000e+02 ; 1.0207947e+02 
3.500e+01 ; 4.800e+00 ; 7.000e-01 ; 1.1044000e+02 ; 1.0207486e+02 
3.500e+01 ; 4.800e+00 ; 7.000e-01 ; 1.1076000e+02 ; 1.0206447e+02 
3.500e+01 ; 4.800e+00 ; 7.000e-01 ; 1.1140000e+02 ; 1.0203907e+02 
3.500e+01 ; 4.800e+00 ; 7.000e-01 ; 1.1268000e+02 ; 1.0197175e+02 
3.500e+01 ; 4.800e+00 ; 7.000e-01 ; 1.1460000e+02 ; 1.0184225e+02 
3.500e+01 ; 4.800e+00 ; 7.000e-01 ; 1.1511000e+02 ; 1.0180602e+02