X ; Y ; Z ; time ; Temperature 
3.500e+01 ; 1.040e+01 ; 1.400e+00 ; 0.0000000e+00 ; 2.7800000e+02 
3.500e+01 ; 1.040e+01 ; 1.400e+00 ; 1.0000000e-03 ; 2.7800000e+02 
3.500e+01 ; 1.040e+01 ; 1.400e+00 ; 2.0000001e-03 ; 2.7800000e+02 
3.500e+01 ; 1.040e+01 ; 1.400e+00 ; 3.0000000e-03 ; 2.7800000e+02 
3.500e+01 ; 1.040e+01 ; 1.400e+00 ; 4.9999999e-03 ; 2.7800000e+02 
3.500e+01 ; 1.040e+01 ; 1.400e+00 ; 8.9999996e-03 ; 2.7800000e+02 
3.500e+01 ; 1.040e+01 ; 1.400e+00 ; 1.7000001e-02 ; 2.7800000e+02 
3.500e+01 ; 1.040e+01 ; 1.400e+00 ; 3.3000000e-02 ; 2.7800000e+02 
3.500e+01 ; 1.040e+01 ; 1.400e+00 ; 6.4999998e-02 ; 2.7800000e+02 
3.500e+01 ; 1.040e+01 ; 1.400e+00 ; 1.2899999e-01 ; 2.7800000e+02 
3.500e+01 ; 1.040e+01 ; 1.400e+00 ; 2.5700000e-01 ; 2.7800000e+02 
3.500e+01 ; 1.040e+01 ; 1.400e+00 ; 5.1300001e-01 ; 2.7800000e+02 
3.500e+01 ; 1.040e+01 ; 1.400e+00 ; 1.0250000e+00 ; 2.7800000e+02 
3.500e+01 ; 1.040e+01 ; 1.400e+00 ; 1.1300000e+00 ; 2.7800000e+02 
3.500e+01 ; 1.040e+01 ; 1.400e+00 ; 1.1300000e+00 ; 2.7800000e+02 
3.500e+01 ; 1.040e+01 ; 1.400e+00 ; 1.1310000e+00 ; 2.7800000e+02 
3.500e+01 ; 1.040e+01 ; 1.400e+00 ; 1.1320000e+00 ; 2.7800000e+02 
3.500e+01 ; 1.040e+01 ; 1.400e+00 ; 1.1330000e+00 ; 2.7800000e+02 
3.500e+01 ; 1.040e+01 ; 1.400e+00 ; 1.1350000e+00 ; 2.7800000e+02 
3.500e+01 ; 1.040e+01 ; 1.400e+00 ; 1.1390000e+00 ; 2.7800000e+02 
3.500e+01 ; 1.040e+01 ; 1.400e+00 ; 1.1470000e+00 ; 2.7800000e+02 
3.500e+01 ; 1.040e+01 ; 1.400e+00 ; 1.1630000e+00 ; 2.7800000e+02 
3.500e+01 ; 1.040e+01 ; 1.400e+00 ; 1.1950000e+00 ; 2.7800000e+02 
3.500e+01 ; 1.040e+01 ; 1.400e+00 ; 1.2590000e+00 ; 2.7800000e+02 
3.500e+01 ; 1.040e+01 ; 1.400e+00 ; 1.3870000e+00 ; 2.7800000e+02 
3.500e+01 ; 1.040e+01 ; 1.400e+00 ; 1.6430000e+00 ; 2.7800000e+02 
3.500e+01 ; 1.040e+01 ; 1.400e+00 ; 2.1550000e+00 ; 2.7800000e+02 
3.500e+01 ; 1.040e+01 ; 1.400e+00 ; 2.2600000e+00 ; 2.7800000e+02 
3.500e+01 ; 1.040e+01 ; 1.400e+00 ; 2.2600000e+00 ; 2.7800000e+02 
3.500e+01 ; 1.040e+01 ; 1.400e+00 ; 2.2610000e+00 ; 2.7800000e+02 
3.500e+01 ; 1.040e+01 ; 1.400e+00 ; 2.2620000e+00 ; 2.7800000e+02 
3.500e+01 ; 1.040e+01 ; 1.400e+00 ; 2.2630000e+00 ; 2.7800000e+02 
3.500e+01 ; 1.040e+01 ; 1.400e+00 ; 2.2650000e+00 ; 2.7800000e+02 
3.500e+01 ; 1.040e+01 ; 1.400e+00 ; 2.2690000e+00 ; 2.7800000e+02 
3.500e+01 ; 1.040e+01 ; 1.400e+00 ; 2.2770000e+00 ; 2.7800000e+02 
3.500e+01 ; 1.040e+01 ; 1.400e+00 ; 2.2930000e+00 ; 2.7800000e+02 
3.500e+01 ; 1.040e+01 ; 1.400e+00 ; 2.3250000e+00 ; 2.7800000e+02 
3.500e+01 ; 1.040e+01 ; 1.400e+00 ; 2.3890000e+00 ; 2.7800000e+02 
3.500e+01 ; 1.040e+01 ; 1.400e+00 ; 2.5170000e+00 ; 2.7800000e+02 
3.500e+01 ; 1.040e+01 ; 1.400e+00 ; 2.7730000e+00 ; 2.7800000e+02 
3.500e+01 ; 1.040e+01 ; 1.400e+00 ; 3.2850000e+00 ; 2.7800000e+02 
3.500e+01 ; 1.040e+01 ; 1.400e+00 ; 3.3900000e+00 ; 2.7800000e+02 
3.500e+01 ; 1.040e+01 ; 1.400e+00 ; 3.3900000e+00 ; 2.7800000e+02 
3.500e+01 ; 1.040e+01 ; 1.400e+00 ; 3.3910000e+00 ; 2.7800000e+02 
3.500e+01 ; 1.040e+01 ; 1.400e+00 ; 3.3920000e+00 ; 2.7800000e+02 
3.500e+01 ; 1.040e+01 ; 1.400e+00 ; 3.3930000e+00 ; 2.7800000e+02 
3.500e+01 ; 1.040e+01 ; 1.400e+00 ; 3.3950000e+00 ; 2.7800000e+02 
3.500e+01 ; 1.040e+01 ; 1.400e+00 ; 3.3990000e+00 ; 2.7800000e+02 
3.500e+01 ; 1.040e+01 ; 1.400e+00 ; 3.4070000e+00 ; 2.7800000e+02 
3.500e+01 ; 1.040e+01 ; 1.400e+00 ; 3.4230000e+00 ; 2.7800000e+02 
3.500e+01 ; 1.040e+01 ; 1.400e+00 ; 3.4550000e+00 ; 2.7800000e+02 
3.500e+01 ; 1.040e+01 ; 1.400e+00 ; 3.5190000e+00 ; 2.7800000e+02 
3.500e+01 ; 1.040e+01 ; 1.400e+00 ; 3.6470000e+00 ; 2.7800000e+02 
3.500e+01 ; 1.040e+01 ; 1.400e+00 ; 3.9030000e+00 ; 2.7800000e+02 
3.500e+01 ; 1.040e+01 ; 1.400e+00 ; 4.4150000e+00 ; 2.7800000e+02 
3.500e+01 ; 1.040e+01 ; 1.400e+00 ; 4.5200000e+00 ; 2.7800000e+02 
3.500e+01 ; 1.040e+01 ; 1.400e+00 ; 4.5200000e+00 ; 2.7800000e+02 
3.500e+01 ; 1.040e+01 ; 1.400e+00 ; 4.5210000e+00 ; 2.7800000e+02 
3.500e+01 ; 1.040e+01 ; 1.400e+00 ; 4.5220000e+00 ; 2.7800000e+02 
3.500e+01 ; 1.040e+01 ; 1.400e+00 ; 4.5230000e+00 ; 2.7800000e+02 
3.500e+01 ; 1.040e+01 ; 1.400e+00 ; 4.5250000e+00 ; 2.7800000e+02 
3.500e+01 ; 1.040e+01 ; 1.400e+00 ; 4.5290000e+00 ; 2.7800000e+02 
3.500e+01 ; 1.040e+01 ; 1.400e+00 ; 4.5370000e+00 ; 2.7800000e+02 
3.500e+01 ; 1.040e+01 ; 1.400e+00 ; 4.5530000e+00 ; 2.7800000e+02 
3.500e+01 ; 1.040e+01 ; 1.400e+00 ; 4.5850000e+00 ; 2.7800000e+02 
3.500e+01 ; 1.040e+01 ; 1.400e+00 ; 4.6490000e+00 ; 2.7800000e+02 
3.500e+01 ; 1.040e+01 ; 1.400e+00 ; 4.7770000e+00 ; 2.7800000e+02 
3.500e+01 ; 1.040e+01 ; 1.400e+00 ; 5.0330000e+00 ; 2.7800000e+02 
3.500e+01 ; 1.040e+01 ; 1.400e+00 ; 5.5450000e+00 ; 2.7800000e+02 
3.500e+01 ; 1.040e+01 ; 1.400e+00 ; 5.6500000e+00 ; 2.7800000e+02 
3.500e+01 ; 1.040e+01 ; 1.400e+00 ; 5.6500000e+00 ; 2.7800000e+02 
3.500e+01 ; 1.040e+01 ; 1.400e+00 ; 5.6510000e+00 ; 2.7800000e+02 
3.500e+01 ; 1.040e+01 ; 1.400e+00 ; 5.6520000e+00 ; 2.7800000e+02 
3.500e+01 ; 1.040e+01 ; 1.400e+00 ; 5.6530000e+00 ; 2.7800000e+02 
3.500e+01 ; 1.040e+01 ; 1.400e+00 ; 5.6550000e+00 ; 2.7800000e+02 
3.500e+01 ; 1.040e+01 ; 1.400e+00 ; 5.6590000e+00 ; 2.7800000e+02 
3.500e+01 ; 1.040e+01 ; 1.400e+00 ; 5.6670000e+00 ; 2.7800000e+02 
3.500e+01 ; 1.040e+01 ; 1.400e+00 ; 5.6830000e+00 ; 2.7800000e+02 
3.500e+01 ; 1.040e+01 ; 1.400e+00 ; 5.7150000e+00 ; 2.7800000e+02 
3.500e+01 ; 1.040e+01 ; 1.400e+00 ; 5.7790000e+00 ; 2.7800000e+02 
3.500e+01 ; 1.040e+01 ; 1.400e+00 ; 5.9070000e+00 ; 2.7800000e+02 
3.500e+01 ; 1.040e+01 ; 1.400e+00 ; 6.1630000e+00 ; 2.7800000e+02 
3.500e+01 ; 1.040e+01 ; 1.400e+00 ; 6.6750000e+00 ; 2.7800000e+02 
3.500e+01 ; 1.040e+01 ; 1.400e+00 ; 6.7800000e+00 ; 2.7800000e+02 
3.500e+01 ; 1.040e+01 ; 1.400e+00 ; 6.7800000e+00 ; 2.7800000e+02 
3.500e+01 ; 1.040e+01 ; 1.400e+00 ; 6.7810000e+00 ; 2.7800000e+02 
3.500e+01 ; 1.040e+01 ; 1.400e+00 ; 6.7820000e+00 ; 2.7800000e+02 
3.500e+01 ; 1.040e+01 ; 1.400e+00 ; 6.7830000e+00 ; 2.7800000e+02 
3.500e+01 ; 1.040e+01 ; 1.400e+00 ; 6.7850000e+00 ; 2.7800000e+02 
3.500e+01 ; 1.040e+01 ; 1.400e+00 ; 6.7890000e+00 ; 2.7800000e+02 
3.500e+01 ; 1.040e+01 ; 1.400e+00 ; 6.7970000e+00 ; 2.7800000e+02 
3.500e+01 ; 1.040e+01 ; 1.400e+00 ; 6.8130000e+00 ; 2.7800000e+02 
3.500e+01 ; 1.040e+01 ; 1.400e+00 ; 6.8450000e+00 ; 2.7800000e+02 
3.500e+01 ; 1.040e+01 ; 1.400e+00 ; 6.9090000e+00 ; 2.7800000e+02 
3.500e+01 ; 1.040e+01 ; 1.400e+00 ; 7.0370000e+00 ; 2.7800000e+02 
3.500e+01 ; 1.040e+01 ; 1.400e+00 ; 7.2930000e+00 ; 2.7800000e+02 
3.500e+01 ; 1.040e+01 ; 1.400e+00 ; 7.8049999e+00 ; 2.7800000e+02 
3.500e+01 ; 1.040e+01 ; 1.400e+00 ; 7.9100000e+00 ; 2.7800000e+02 
3.500e+01 ; 1.040e+01 ; 1.400e+00 ; 7.9100000e+00 ; 2.7800000e+02 
3.500e+01 ; 1.040e+01 ; 1.400e+00 ; 7.9110000e+00 ; 2.7800000e+02 
3.500e+01 ; 1.040e+01 ; 1.400e+00 ; 7.9120000e+00 ; 2.7800000e+02 
3.500e+01 ; 1.040e+01 ; 1.400e+00 ; 7.9130000e+00 ; 2.7800000e+02 
3.500e+01 ; 1.040e+01 ; 1.400e+00 ; 7.9150000e+00 ; 2.7800000e+02 
3.500e+01 ; 1.040e+01 ; 1.400e+00 ; 7.9190000e+00 ; 2.7800000e+02 
3.500e+01 ; 1.040e+01 ; 1.400e+00 ; 7.9270000e+00 ; 2.7800000e+02 
3.500e+01 ; 1.040e+01 ; 1.400e+00 ; 7.9430000e+00 ; 2.7800000e+02 
3.500e+01 ; 1.040e+01 ; 1.400e+00 ; 7.9750000e+00 ; 2.7800000e+02 
3.500e+01 ; 1.040e+01 ; 1.400e+00 ; 8.0390000e+00 ; 2.7800000e+02 
3.500e+01 ; 1.040e+01 ; 1.400e+00 ; 8.1670000e+00 ; 2.7800000e+02 
3.500e+01 ; 1.040e+01 ; 1.400e+00 ; 8.4230000e+00 ; 2.7800000e+02 
3.500e+01 ; 1.040e+01 ; 1.400e+00 ; 8.9349999e+00 ; 2.7800000e+02 
3.500e+01 ; 1.040e+01 ; 1.400e+00 ; 9.0400000e+00 ; 2.7800000e+02 
3.500e+01 ; 1.040e+01 ; 1.400e+00 ; 9.0400000e+00 ; 2.7800000e+02 
3.500e+01 ; 1.040e+01 ; 1.400e+00 ; 9.0410000e+00 ; 2.7800000e+02 
3.500e+01 ; 1.040e+01 ; 1.400e+00 ; 9.0420000e+00 ; 2.7800000e+02 
3.500e+01 ; 1.040e+01 ; 1.400e+00 ; 9.0430000e+00 ; 2.7800000e+02 
3.500e+01 ; 1.040e+01 ; 1.400e+00 ; 9.0450000e+00 ; 2.7800000e+02 
3.500e+01 ; 1.040e+01 ; 1.400e+00 ; 9.0490000e+00 ; 2.7800000e+02 
3.500e+01 ; 1.040e+01 ; 1.400e+00 ; 9.0570000e+00 ; 2.7800000e+02 
3.500e+01 ; 1.040e+01 ; 1.400e+00 ; 9.0730000e+00 ; 2.7800000e+02 
3.500e+01 ; 1.040e+01 ; 1.400e+00 ; 9.1050000e+00 ; 2.7800000e+02 
3.500e+01 ; 1.040e+01 ; 1.400e+00 ; 9.1690000e+00 ; 2.7800000e+02 
3.500e+01 ; 1.040e+01 ; 1.400e+00 ; 9.2970000e+00 ; 2.7800000e+02 
3.500e+01 ; 1.040e+01 ; 1.400e+00 ; 9.5530000e+00 ; 2.7800000e+02 
3.500e+01 ; 1.040e+01 ; 1.400e+00 ; 1.0065000e+01 ; 2.7800000e+02 
3.500e+01 ; 1.040e+01 ; 1.400e+00 ; 1.0170000e+01 ; 2.7800000e+02 
3.500e+01 ; 1.040e+01 ; 1.400e+00 ; 1.0170000e+01 ; 2.7800000e+02 
3.500e+01 ; 1.040e+01 ; 1.400e+00 ; 1.0171000e+01 ; 2.7800000e+02 
3.500e+01 ; 1.040e+01 ; 1.400e+00 ; 1.0172000e+01 ; 2.7800000e+02 
3.500e+01 ; 1.040e+01 ; 1.400e+00 ; 1.0173000e+01 ; 2.7800000e+02 
3.500e+01 ; 1.040e+01 ; 1.400e+00 ; 1.0175000e+01 ; 2.7800000e+02 
3.500e+01 ; 1.040e+01 ; 1.400e+00 ; 1.0179000e+01 ; 2.7800000e+02 
3.500e+01 ; 1.040e+01 ; 1.400e+00 ; 1.0187000e+01 ; 2.7800000e+02 
3.500e+01 ; 1.040e+01 ; 1.400e+00 ; 1.0203000e+01 ; 2.7800000e+02 
3.500e+01 ; 1.040e+01 ; 1.400e+00 ; 1.0235000e+01 ; 2.7800000e+02 
3.500e+01 ; 1.040e+01 ; 1.400e+00 ; 1.0299000e+01 ; 2.7800000e+02 
3.500e+01 ; 1.040e+01 ; 1.400e+00 ; 1.0427000e+01 ; 2.7800000e+02 
3.500e+01 ; 1.040e+01 ; 1.400e+00 ; 1.0683000e+01 ; 2.7800000e+02 
3.500e+01 ; 1.040e+01 ; 1.400e+00 ; 1.1195000e+01 ; 2.7800000e+02 
3.500e+01 ; 1.040e+01 ; 1.400e+00 ; 1.1300000e+01 ; 2.7800000e+02 
3.500e+01 ; 1.040e+01 ; 1.400e+00 ; 1.1300000e+01 ; 2.7800000e+02 
3.500e+01 ; 1.040e+01 ; 1.400e+00 ; 1.1301000e+01 ; 2.7800000e+02 
3.500e+01 ; 1.040e+01 ; 1.400e+00 ; 1.1302000e+01 ; 2.7800000e+02 
3.500e+01 ; 1.040e+01 ; 1.400e+00 ; 1.1303000e+01 ; 2.7800000e+02 
3.500e+01 ; 1.040e+01 ; 1.400e+00 ; 1.1305000e+01 ; 2.7800000e+02 
3.500e+01 ; 1.040e+01 ; 1.400e+00 ; 1.1309000e+01 ; 2.7800000e+02 
3.500e+01 ; 1.040e+01 ; 1.400e+00 ; 1.1317000e+01 ; 2.7800000e+02 
3.500e+01 ; 1.040e+01 ; 1.400e+00 ; 1.1333000e+01 ; 2.7800000e+02 
3.500e+01 ; 1.040e+01 ; 1.400e+00 ; 1.1365000e+01 ; 2.7800000e+02 
3.500e+01 ; 1.040e+01 ; 1.400e+00 ; 1.1429000e+01 ; 2.7800000e+02 
3.500e+01 ; 1.040e+01 ; 1.400e+00 ; 1.1557000e+01 ; 2.7800000e+02 
3.500e+01 ; 1.040e+01 ; 1.400e+00 ; 1.1813000e+01 ; 2.7800000e+02 
3.500e+01 ; 1.040e+01 ; 1.400e+00 ; 1.2325000e+01 ; 2.7800000e+02 
3.500e+01 ; 1.040e+01 ; 1.400e+00 ; 1.2430000e+01 ; 2.7800000e+02 
3.500e+01 ; 1.040e+01 ; 1.400e+00 ; 1.2430000e+01 ; 2.7800000e+02 
3.500e+01 ; 1.040e+01 ; 1.400e+00 ; 1.2431000e+01 ; 2.7800000e+02 
3.500e+01 ; 1.040e+01 ; 1.400e+00 ; 1.2432000e+01 ; 2.7800000e+02 
3.500e+01 ; 1.040e+01 ; 1.400e+00 ; 1.2433000e+01 ; 2.7800000e+02 
3.500e+01 ; 1.040e+01 ; 1.400e+00 ; 1.2435000e+01 ; 2.7800000e+02 
3.500e+01 ; 1.040e+01 ; 1.400e+00 ; 1.2439000e+01 ; 2.7800000e+02 
3.500e+01 ; 1.040e+01 ; 1.400e+00 ; 1.2447000e+01 ; 2.7800000e+02 
3.500e+01 ; 1.040e+01 ; 1.400e+00 ; 1.2463000e+01 ; 2.7800000e+02 
3.500e+01 ; 1.040e+01 ; 1.400e+00 ; 1.2495000e+01 ; 2.7800000e+02 
3.500e+01 ; 1.040e+01 ; 1.400e+00 ; 1.2559000e+01 ; 2.7800000e+02 
3.500e+01 ; 1.040e+01 ; 1.400e+00 ; 1.2687000e+01 ; 2.7800000e+02 
3.500e+01 ; 1.040e+01 ; 1.400e+00 ; 1.2943000e+01 ; 2.7800000e+02 
3.500e+01 ; 1.040e+01 ; 1.400e+00 ; 1.3455000e+01 ; 2.7800000e+02 
3.500e+01 ; 1.040e+01 ; 1.400e+00 ; 1.3560000e+01 ; 2.7800000e+02 
3.500e+01 ; 1.040e+01 ; 1.400e+00 ; 1.3560000e+01 ; 2.7800000e+02 
3.500e+01 ; 1.040e+01 ; 1.400e+00 ; 1.3561000e+01 ; 2.7800000e+02 
3.500e+01 ; 1.040e+01 ; 1.400e+00 ; 1.3562000e+01 ; 2.7800000e+02 
3.500e+01 ; 1.040e+01 ; 1.400e+00 ; 1.3563000e+01 ; 2.7800000e+02 
3.500e+01 ; 1.040e+01 ; 1.400e+00 ; 1.3565000e+01 ; 2.7800000e+02 
3.500e+01 ; 1.040e+01 ; 1.400e+00 ; 1.3569000e+01 ; 2.7800000e+02 
3.500e+01 ; 1.040e+01 ; 1.400e+00 ; 1.3577000e+01 ; 2.7800000e+02 
3.500e+01 ; 1.040e+01 ; 1.400e+00 ; 1.3593000e+01 ; 2.7800000e+02 
3.500e+01 ; 1.040e+01 ; 1.400e+00 ; 1.3625000e+01 ; 2.7800000e+02 
3.500e+01 ; 1.040e+01 ; 1.400e+00 ; 1.3689000e+01 ; 2.7800000e+02 
3.500e+01 ; 1.040e+01 ; 1.400e+00 ; 1.3817000e+01 ; 2.7800000e+02 
3.500e+01 ; 1.040e+01 ; 1.400e+00 ; 1.4073000e+01 ; 2.7800000e+02 
3.500e+01 ; 1.040e+01 ; 1.400e+00 ; 1.4585000e+01 ; 2.7800000e+02 
3.500e+01 ; 1.040e+01 ; 1.400e+00 ; 1.4690000e+01 ; 2.7800000e+02 
3.500e+01 ; 1.040e+01 ; 1.400e+00 ; 1.4690000e+01 ; 2.7800000e+02 
3.500e+01 ; 1.040e+01 ; 1.400e+00 ; 1.4691000e+01 ; 2.7800000e+02 
3.500e+01 ; 1.040e+01 ; 1.400e+00 ; 1.4692000e+01 ; 2.7800000e+02 
3.500e+01 ; 1.040e+01 ; 1.400e+00 ; 1.4693000e+01 ; 2.7800000e+02 
3.500e+01 ; 1.040e+01 ; 1.400e+00 ; 1.4695000e+01 ; 2.7800000e+02 
3.500e+01 ; 1.040e+01 ; 1.400e+00 ; 1.4699000e+01 ; 2.7800000e+02 
3.500e+01 ; 1.040e+01 ; 1.400e+00 ; 1.4707000e+01 ; 2.7800000e+02 
3.500e+01 ; 1.040e+01 ; 1.400e+00 ; 1.4723000e+01 ; 2.7800000e+02 
3.500e+01 ; 1.040e+01 ; 1.400e+00 ; 1.4755000e+01 ; 2.7800000e+02 
3.500e+01 ; 1.040e+01 ; 1.400e+00 ; 1.4819000e+01 ; 2.7800000e+02 
3.500e+01 ; 1.040e+01 ; 1.400e+00 ; 1.4947000e+01 ; 2.7800000e+02 
3.500e+01 ; 1.040e+01 ; 1.400e+00 ; 1.5203000e+01 ; 2.7800000e+02 
3.500e+01 ; 1.040e+01 ; 1.400e+00 ; 1.5715000e+01 ; 2.7800000e+02 
3.500e+01 ; 1.040e+01 ; 1.400e+00 ; 1.5820000e+01 ; 2.7800000e+02 
3.500e+01 ; 1.040e+01 ; 1.400e+00 ; 1.5820000e+01 ; 2.7800000e+02 
3.500e+01 ; 1.040e+01 ; 1.400e+00 ; 1.5821000e+01 ; 2.7800000e+02 
3.500e+01 ; 1.040e+01 ; 1.400e+00 ; 1.5822000e+01 ; 2.7800000e+02 
3.500e+01 ; 1.040e+01 ; 1.400e+00 ; 1.5823000e+01 ; 2.7800000e+02 
3.500e+01 ; 1.040e+01 ; 1.400e+00 ; 1.5825000e+01 ; 2.7800000e+02 
3.500e+01 ; 1.040e+01 ; 1.400e+00 ; 1.5829000e+01 ; 2.7800000e+02 
3.500e+01 ; 1.040e+01 ; 1.400e+00 ; 1.5837000e+01 ; 2.7800000e+02 
3.500e+01 ; 1.040e+01 ; 1.400e+00 ; 1.5853000e+01 ; 2.7800000e+02 
3.500e+01 ; 1.040e+01 ; 1.400e+00 ; 1.5885000e+01 ; 2.7800000e+02 
3.500e+01 ; 1.040e+01 ; 1.400e+00 ; 1.5949000e+01 ; 2.7800000e+02 
3.500e+01 ; 1.040e+01 ; 1.400e+00 ; 1.6077000e+01 ; 2.7800000e+02 
3.500e+01 ; 1.040e+01 ; 1.400e+00 ; 1.6333000e+01 ; 2.7800000e+02 
3.500e+01 ; 1.040e+01 ; 1.400e+00 ; 1.6845000e+01 ; 2.7800000e+02 
3.500e+01 ; 1.040e+01 ; 1.400e+00 ; 1.6950000e+01 ; 2.7800000e+02 
3.500e+01 ; 1.040e+01 ; 1.400e+00 ; 1.6950000e+01 ; 2.7800000e+02 
3.500e+01 ; 1.040e+01 ; 1.400e+00 ; 1.6951000e+01 ; 2.7800000e+02 
3.500e+01 ; 1.040e+01 ; 1.400e+00 ; 1.6952000e+01 ; 2.7800000e+02 
3.500e+01 ; 1.040e+01 ; 1.400e+00 ; 1.6953000e+01 ; 2.7800000e+02 
3.500e+01 ; 1.040e+01 ; 1.400e+00 ; 1.6955000e+01 ; 2.7800000e+02 
3.500e+01 ; 1.040e+01 ; 1.400e+00 ; 1.6959000e+01 ; 2.7800000e+02 
3.500e+01 ; 1.040e+01 ; 1.400e+00 ; 1.6967000e+01 ; 2.7800000e+02 
3.500e+01 ; 1.040e+01 ; 1.400e+00 ; 1.6983000e+01 ; 2.7800000e+02 
3.500e+01 ; 1.040e+01 ; 1.400e+00 ; 1.7015000e+01 ; 2.7800000e+02 
3.500e+01 ; 1.040e+01 ; 1.400e+00 ; 1.7079000e+01 ; 2.7800000e+02 
3.500e+01 ; 1.040e+01 ; 1.400e+00 ; 1.7207000e+01 ; 2.7800000e+02 
3.500e+01 ; 1.040e+01 ; 1.400e+00 ; 1.7463000e+01 ; 2.7800000e+02 
3.500e+01 ; 1.040e+01 ; 1.400e+00 ; 1.7975000e+01 ; 2.7800000e+02 
3.500e+01 ; 1.040e+01 ; 1.400e+00 ; 1.8080000e+01 ; 2.7800000e+02 
3.500e+01 ; 1.040e+01 ; 1.400e+00 ; 1.8080000e+01 ; 2.7800000e+02 
3.500e+01 ; 1.040e+01 ; 1.400e+00 ; 1.8081000e+01 ; 2.7800000e+02 
3.500e+01 ; 1.040e+01 ; 1.400e+00 ; 1.8082000e+01 ; 2.7800000e+02 
3.500e+01 ; 1.040e+01 ; 1.400e+00 ; 1.8083000e+01 ; 2.7800000e+02 
3.500e+01 ; 1.040e+01 ; 1.400e+00 ; 1.8085000e+01 ; 2.7800000e+02 
3.500e+01 ; 1.040e+01 ; 1.400e+00 ; 1.8089000e+01 ; 2.7800000e+02 
3.500e+01 ; 1.040e+01 ; 1.400e+00 ; 1.8097000e+01 ; 2.7800000e+02 
3.500e+01 ; 1.040e+01 ; 1.400e+00 ; 1.8113000e+01 ; 2.7800000e+02 
3.500e+01 ; 1.040e+01 ; 1.400e+00 ; 1.8145000e+01 ; 2.7800000e+02 
3.500e+01 ; 1.040e+01 ; 1.400e+00 ; 1.8209000e+01 ; 2.7800000e+02 
3.500e+01 ; 1.040e+01 ; 1.400e+00 ; 1.8337000e+01 ; 2.7800000e+02 
3.500e+01 ; 1.040e+01 ; 1.400e+00 ; 1.8593000e+01 ; 2.7800000e+02 
3.500e+01 ; 1.040e+01 ; 1.400e+00 ; 1.9105000e+01 ; 2.7800000e+02 
3.500e+01 ; 1.040e+01 ; 1.400e+00 ; 1.9210000e+01 ; 2.7800000e+02 
3.500e+01 ; 1.040e+01 ; 1.400e+00 ; 1.9210000e+01 ; 2.7800000e+02 
3.500e+01 ; 1.040e+01 ; 1.400e+00 ; 1.9211000e+01 ; 2.7800000e+02 
3.500e+01 ; 1.040e+01 ; 1.400e+00 ; 1.9212000e+01 ; 2.7800000e+02 
3.500e+01 ; 1.040e+01 ; 1.400e+00 ; 1.9213000e+01 ; 2.7800000e+02 
3.500e+01 ; 1.040e+01 ; 1.400e+00 ; 1.9215000e+01 ; 2.7800000e+02 
3.500e+01 ; 1.040e+01 ; 1.400e+00 ; 1.9219000e+01 ; 2.7800000e+02 
3.500e+01 ; 1.040e+01 ; 1.400e+00 ; 1.9227000e+01 ; 2.7800000e+02 
3.500e+01 ; 1.040e+01 ; 1.400e+00 ; 1.9243000e+01 ; 2.7800000e+02 
3.500e+01 ; 1.040e+01 ; 1.400e+00 ; 1.9275000e+01 ; 2.7800000e+02 
3.500e+01 ; 1.040e+01 ; 1.400e+00 ; 1.9339000e+01 ; 2.7800000e+02 
3.500e+01 ; 1.040e+01 ; 1.400e+00 ; 1.9467000e+01 ; 2.7800000e+02 
3.500e+01 ; 1.040e+01 ; 1.400e+00 ; 1.9723000e+01 ; 2.7800000e+02 
3.500e+01 ; 1.040e+01 ; 1.400e+00 ; 2.0235000e+01 ; 2.7800000e+02 
3.500e+01 ; 1.040e+01 ; 1.400e+00 ; 2.0340000e+01 ; 2.7800000e+02 
3.500e+01 ; 1.040e+01 ; 1.400e+00 ; 2.0340000e+01 ; 2.7800000e+02 
3.500e+01 ; 1.040e+01 ; 1.400e+00 ; 2.0341000e+01 ; 2.7800000e+02 
3.500e+01 ; 1.040e+01 ; 1.400e+00 ; 2.0342000e+01 ; 2.7800000e+02 
3.500e+01 ; 1.040e+01 ; 1.400e+00 ; 2.0343000e+01 ; 2.7800000e+02 
3.500e+01 ; 1.040e+01 ; 1.400e+00 ; 2.0345000e+01 ; 2.7800000e+02 
3.500e+01 ; 1.040e+01 ; 1.400e+00 ; 2.0349000e+01 ; 2.7800000e+02 
3.500e+01 ; 1.040e+01 ; 1.400e+00 ; 2.0357000e+01 ; 2.7800000e+02 
3.500e+01 ; 1.040e+01 ; 1.400e+00 ; 2.0373000e+01 ; 2.7800000e+02 
3.500e+01 ; 1.040e+01 ; 1.400e+00 ; 2.0405000e+01 ; 2.7800000e+02 
3.500e+01 ; 1.040e+01 ; 1.400e+00 ; 2.0469000e+01 ; 2.7800000e+02 
3.500e+01 ; 1.040e+01 ; 1.400e+00 ; 2.0597000e+01 ; 2.7800000e+02 
3.500e+01 ; 1.040e+01 ; 1.400e+00 ; 2.0853000e+01 ; 2.7800000e+02 
3.500e+01 ; 1.040e+01 ; 1.400e+00 ; 2.1365000e+01 ; 2.7800000e+02 
3.500e+01 ; 1.040e+01 ; 1.400e+00 ; 2.1470000e+01 ; 2.7800000e+02 
3.500e+01 ; 1.040e+01 ; 1.400e+00 ; 2.1470000e+01 ; 2.7800000e+02 
3.500e+01 ; 1.040e+01 ; 1.400e+00 ; 2.1471000e+01 ; 2.7800000e+02 
3.500e+01 ; 1.040e+01 ; 1.400e+00 ; 2.1472000e+01 ; 2.7800000e+02 
3.500e+01 ; 1.040e+01 ; 1.400e+00 ; 2.1473000e+01 ; 2.7800000e+02 
3.500e+01 ; 1.040e+01 ; 1.400e+00 ; 2.1475000e+01 ; 2.7800000e+02 
3.500e+01 ; 1.040e+01 ; 1.400e+00 ; 2.1479000e+01 ; 2.7800000e+02 
3.500e+01 ; 1.040e+01 ; 1.400e+00 ; 2.1487000e+01 ; 2.7800000e+02 
3.500e+01 ; 1.040e+01 ; 1.400e+00 ; 2.1503000e+01 ; 2.7800000e+02 
3.500e+01 ; 1.040e+01 ; 1.400e+00 ; 2.1535000e+01 ; 2.7800000e+02 
3.500e+01 ; 1.040e+01 ; 1.400e+00 ; 2.1599000e+01 ; 2.7800000e+02 
3.500e+01 ; 1.040e+01 ; 1.400e+00 ; 2.1727000e+01 ; 2.7800000e+02 
3.500e+01 ; 1.040e+01 ; 1.400e+00 ; 2.1983000e+01 ; 2.7800000e+02 
3.500e+01 ; 1.040e+01 ; 1.400e+00 ; 2.2495000e+01 ; 2.7800000e+02 
3.500e+01 ; 1.040e+01 ; 1.400e+00 ; 2.2600000e+01 ; 2.7800000e+02 
3.500e+01 ; 1.040e+01 ; 1.400e+00 ; 2.2600000e+01 ; 2.7800000e+02 
3.500e+01 ; 1.040e+01 ; 1.400e+00 ; 2.2601000e+01 ; 2.7800000e+02 
3.500e+01 ; 1.040e+01 ; 1.400e+00 ; 2.2602000e+01 ; 2.7800000e+02 
3.500e+01 ; 1.040e+01 ; 1.400e+00 ; 2.2603000e+01 ; 2.7800000e+02 
3.500e+01 ; 1.040e+01 ; 1.400e+00 ; 2.2605000e+01 ; 2.7800000e+02 
3.500e+01 ; 1.040e+01 ; 1.400e+00 ; 2.2609000e+01 ; 2.7800000e+02 
3.500e+01 ; 1.040e+01 ; 1.400e+00 ; 2.2617000e+01 ; 2.7800000e+02 
3.500e+01 ; 1.040e+01 ; 1.400e+00 ; 2.2633000e+01 ; 2.7800000e+02 
3.500e+01 ; 1.040e+01 ; 1.400e+00 ; 2.2665000e+01 ; 2.7800000e+02 
3.500e+01 ; 1.040e+01 ; 1.400e+00 ; 2.2729000e+01 ; 2.7800000e+02 
3.500e+01 ; 1.040e+01 ; 1.400e+00 ; 2.2857000e+01 ; 2.7800000e+02 
3.500e+01 ; 1.040e+01 ; 1.400e+00 ; 2.3113000e+01 ; 2.7800000e+02 
3.500e+01 ; 1.040e+01 ; 1.400e+00 ; 2.3625000e+01 ; 2.7800000e+02 
3.500e+01 ; 1.040e+01 ; 1.400e+00 ; 2.3730000e+01 ; 2.7800000e+02 
3.500e+01 ; 1.040e+01 ; 1.400e+00 ; 2.3730000e+01 ; 2.7800000e+02 
3.500e+01 ; 1.040e+01 ; 1.400e+00 ; 2.3731000e+01 ; 2.7800000e+02 
3.500e+01 ; 1.040e+01 ; 1.400e+00 ; 2.3732000e+01 ; 2.7800000e+02 
3.500e+01 ; 1.040e+01 ; 1.400e+00 ; 2.3733000e+01 ; 2.7800000e+02 
3.500e+01 ; 1.040e+01 ; 1.400e+00 ; 2.3735000e+01 ; 2.7800000e+02 
3.500e+01 ; 1.040e+01 ; 1.400e+00 ; 2.3739000e+01 ; 2.7800000e+02 
3.500e+01 ; 1.040e+01 ; 1.400e+00 ; 2.3747000e+01 ; 2.7800000e+02 
3.500e+01 ; 1.040e+01 ; 1.400e+00 ; 2.3763000e+01 ; 2.7800000e+02 
3.500e+01 ; 1.040e+01 ; 1.400e+00 ; 2.3795000e+01 ; 2.7800000e+02 
3.500e+01 ; 1.040e+01 ; 1.400e+00 ; 2.3859000e+01 ; 2.7800000e+02 
3.500e+01 ; 1.040e+01 ; 1.400e+00 ; 2.3987000e+01 ; 2.7800000e+02 
3.500e+01 ; 1.040e+01 ; 1.400e+00 ; 2.4243000e+01 ; 2.7800000e+02 
3.500e+01 ; 1.040e+01 ; 1.400e+00 ; 2.4755000e+01 ; 2.7800000e+02 
3.500e+01 ; 1.040e+01 ; 1.400e+00 ; 2.4860000e+01 ; 2.7800000e+02 
3.500e+01 ; 1.040e+01 ; 1.400e+00 ; 2.4860000e+01 ; 2.7800000e+02 
3.500e+01 ; 1.040e+01 ; 1.400e+00 ; 2.4861000e+01 ; 2.7800000e+02 
3.500e+01 ; 1.040e+01 ; 1.400e+00 ; 2.4862000e+01 ; 2.7800000e+02 
3.500e+01 ; 1.040e+01 ; 1.400e+00 ; 2.4863000e+01 ; 2.7800000e+02 
3.500e+01 ; 1.040e+01 ; 1.400e+00 ; 2.4865000e+01 ; 2.7800000e+02 
3.500e+01 ; 1.040e+01 ; 1.400e+00 ; 2.4869000e+01 ; 2.7800000e+02 
3.500e+01 ; 1.040e+01 ; 1.400e+00 ; 2.4877000e+01 ; 2.7800000e+02 
3.500e+01 ; 1.040e+01 ; 1.400e+00 ; 2.4893000e+01 ; 2.7800000e+02 
3.500e+01 ; 1.040e+01 ; 1.400e+00 ; 2.4925000e+01 ; 2.7800000e+02 
3.500e+01 ; 1.040e+01 ; 1.400e+00 ; 2.4989000e+01 ; 2.7800000e+02 
3.500e+01 ; 1.040e+01 ; 1.400e+00 ; 2.5117000e+01 ; 2.7800000e+02 
3.500e+01 ; 1.040e+01 ; 1.400e+00 ; 2.5373000e+01 ; 2.7800000e+02 
3.500e+01 ; 1.040e+01 ; 1.400e+00 ; 2.5885000e+01 ; 2.7800000e+02 
3.500e+01 ; 1.040e+01 ; 1.400e+00 ; 2.5990000e+01 ; 2.7800000e+02 
3.500e+01 ; 1.040e+01 ; 1.400e+00 ; 2.5990000e+01 ; 2.7800000e+02 
3.500e+01 ; 1.040e+01 ; 1.400e+00 ; 2.5991000e+01 ; 2.7800000e+02 
3.500e+01 ; 1.040e+01 ; 1.400e+00 ; 2.5992000e+01 ; 2.7800000e+02 
3.500e+01 ; 1.040e+01 ; 1.400e+00 ; 2.5993000e+01 ; 2.7800000e+02 
3.500e+01 ; 1.040e+01 ; 1.400e+00 ; 2.5995000e+01 ; 2.7800000e+02 
3.500e+01 ; 1.040e+01 ; 1.400e+00 ; 2.5999000e+01 ; 2.7800000e+02 
3.500e+01 ; 1.040e+01 ; 1.400e+00 ; 2.6007000e+01 ; 2.7800000e+02 
3.500e+01 ; 1.040e+01 ; 1.400e+00 ; 2.6023000e+01 ; 2.7800000e+02 
3.500e+01 ; 1.040e+01 ; 1.400e+00 ; 2.6055000e+01 ; 2.7800000e+02 
3.500e+01 ; 1.040e+01 ; 1.400e+00 ; 2.6119000e+01 ; 2.7800000e+02 
3.500e+01 ; 1.040e+01 ; 1.400e+00 ; 2.6247000e+01 ; 2.7800000e+02 
3.500e+01 ; 1.040e+01 ; 1.400e+00 ; 2.6503000e+01 ; 2.7800000e+02 
3.500e+01 ; 1.040e+01 ; 1.400e+00 ; 2.7015000e+01 ; 2.7800000e+02 
3.500e+01 ; 1.040e+01 ; 1.400e+00 ; 2.7120000e+01 ; 2.7800000e+02 
3.500e+01 ; 1.040e+01 ; 1.400e+00 ; 2.7120000e+01 ; 2.7800000e+02 
3.500e+01 ; 1.040e+01 ; 1.400e+00 ; 2.7121000e+01 ; 2.7800000e+02 
3.500e+01 ; 1.040e+01 ; 1.400e+00 ; 2.7122000e+01 ; 2.7800000e+02 
3.500e+01 ; 1.040e+01 ; 1.400e+00 ; 2.7123000e+01 ; 2.7800000e+02 
3.500e+01 ; 1.040e+01 ; 1.400e+00 ; 2.7125000e+01 ; 2.7800000e+02 
3.500e+01 ; 1.040e+01 ; 1.400e+00 ; 2.7129000e+01 ; 2.7800000e+02 
3.500e+01 ; 1.040e+01 ; 1.400e+00 ; 2.7137000e+01 ; 2.7800000e+02 
3.500e+01 ; 1.040e+01 ; 1.400e+00 ; 2.7153000e+01 ; 2.7800000e+02 
3.500e+01 ; 1.040e+01 ; 1.400e+00 ; 2.7185000e+01 ; 2.7800000e+02 
3.500e+01 ; 1.040e+01 ; 1.400e+00 ; 2.7249000e+01 ; 2.7800000e+02 
3.500e+01 ; 1.040e+01 ; 1.400e+00 ; 2.7377000e+01 ; 2.7800000e+02 
3.500e+01 ; 1.040e+01 ; 1.400e+00 ; 2.7633000e+01 ; 2.7800000e+02 
3.500e+01 ; 1.040e+01 ; 1.400e+00 ; 2.8145000e+01 ; 2.7800000e+02 
3.500e+01 ; 1.040e+01 ; 1.400e+00 ; 2.8250000e+01 ; 2.7800000e+02 
3.500e+01 ; 1.040e+01 ; 1.400e+00 ; 2.8250000e+01 ; 2.7800000e+02 
3.500e+01 ; 1.040e+01 ; 1.400e+00 ; 2.8251000e+01 ; 2.7800000e+02 
3.500e+01 ; 1.040e+01 ; 1.400e+00 ; 2.8252000e+01 ; 2.7800000e+02 
3.500e+01 ; 1.040e+01 ; 1.400e+00 ; 2.8253000e+01 ; 2.7800000e+02 
3.500e+01 ; 1.040e+01 ; 1.400e+00 ; 2.8255000e+01 ; 2.7800000e+02 
3.500e+01 ; 1.040e+01 ; 1.400e+00 ; 2.8259000e+01 ; 2.7800000e+02 
3.500e+01 ; 1.040e+01 ; 1.400e+00 ; 2.8267000e+01 ; 2.7800000e+02 
3.500e+01 ; 1.040e+01 ; 1.400e+00 ; 2.8283000e+01 ; 2.7800000e+02 
3.500e+01 ; 1.040e+01 ; 1.400e+00 ; 2.8315000e+01 ; 2.7800000e+02 
3.500e+01 ; 1.040e+01 ; 1.400e+00 ; 2.8379000e+01 ; 2.7800000e+02 
3.500e+01 ; 1.040e+01 ; 1.400e+00 ; 2.8507000e+01 ; 2.7800000e+02 
3.500e+01 ; 1.040e+01 ; 1.400e+00 ; 2.8763000e+01 ; 2.7800000e+02 
3.500e+01 ; 1.040e+01 ; 1.400e+00 ; 2.9275000e+01 ; 2.7800000e+02 
3.500e+01 ; 1.040e+01 ; 1.400e+00 ; 2.9380000e+01 ; 2.7800000e+02 
3.500e+01 ; 1.040e+01 ; 1.400e+00 ; 2.9380000e+01 ; 2.7800000e+02 
3.500e+01 ; 1.040e+01 ; 1.400e+00 ; 2.9381000e+01 ; 2.7800000e+02 
3.500e+01 ; 1.040e+01 ; 1.400e+00 ; 2.9382000e+01 ; 2.7800000e+02 
3.500e+01 ; 1.040e+01 ; 1.400e+00 ; 2.9383000e+01 ; 2.7800000e+02 
3.500e+01 ; 1.040e+01 ; 1.400e+00 ; 2.9385000e+01 ; 2.7800000e+02 
3.500e+01 ; 1.040e+01 ; 1.400e+00 ; 2.9389000e+01 ; 2.7800000e+02 
3.500e+01 ; 1.040e+01 ; 1.400e+00 ; 2.9397000e+01 ; 2.7800000e+02 
3.500e+01 ; 1.040e+01 ; 1.400e+00 ; 2.9413000e+01 ; 2.7800000e+02 
3.500e+01 ; 1.040e+01 ; 1.400e+00 ; 2.9445000e+01 ; 2.7800000e+02 
3.500e+01 ; 1.040e+01 ; 1.400e+00 ; 2.9509000e+01 ; 2.7800000e+02 
3.500e+01 ; 1.040e+01 ; 1.400e+00 ; 2.9637000e+01 ; 2.7800000e+02 
3.500e+01 ; 1.040e+01 ; 1.400e+00 ; 2.9893000e+01 ; 2.7800000e+02 
3.500e+01 ; 1.040e+01 ; 1.400e+00 ; 3.0405000e+01 ; 2.7800000e+02 
3.500e+01 ; 1.040e+01 ; 1.400e+00 ; 3.0510000e+01 ; 2.7800000e+02 
3.500e+01 ; 1.040e+01 ; 1.400e+00 ; 3.0510000e+01 ; 2.7800000e+02 
3.500e+01 ; 1.040e+01 ; 1.400e+00 ; 3.0511000e+01 ; 2.7800000e+02 
3.500e+01 ; 1.040e+01 ; 1.400e+00 ; 3.0512000e+01 ; 2.7800000e+02 
3.500e+01 ; 1.040e+01 ; 1.400e+00 ; 3.0513000e+01 ; 2.7800000e+02 
3.500e+01 ; 1.040e+01 ; 1.400e+00 ; 3.0515000e+01 ; 2.7800000e+02 
3.500e+01 ; 1.040e+01 ; 1.400e+00 ; 3.0519000e+01 ; 2.7800000e+02 
3.500e+01 ; 1.040e+01 ; 1.400e+00 ; 3.0527000e+01 ; 2.7800000e+02 
3.500e+01 ; 1.040e+01 ; 1.400e+00 ; 3.0543000e+01 ; 2.7800000e+02 
3.500e+01 ; 1.040e+01 ; 1.400e+00 ; 3.0575000e+01 ; 2.7800000e+02 
3.500e+01 ; 1.040e+01 ; 1.400e+00 ; 3.0639000e+01 ; 2.7800000e+02 
3.500e+01 ; 1.040e+01 ; 1.400e+00 ; 3.0767000e+01 ; 2.7800000e+02 
3.500e+01 ; 1.040e+01 ; 1.400e+00 ; 3.1023000e+01 ; 2.7800000e+02 
3.500e+01 ; 1.040e+01 ; 1.400e+00 ; 3.1535000e+01 ; 2.7800000e+02 
3.500e+01 ; 1.040e+01 ; 1.400e+00 ; 3.1640000e+01 ; 2.7800000e+02 
3.500e+01 ; 1.040e+01 ; 1.400e+00 ; 3.1640000e+01 ; 2.7800000e+02 
3.500e+01 ; 1.040e+01 ; 1.400e+00 ; 3.1641000e+01 ; 2.7785498e+02 
3.500e+01 ; 1.040e+01 ; 1.400e+00 ; 3.1642000e+01 ; 2.7771008e+02 
3.500e+01 ; 1.040e+01 ; 1.400e+00 ; 3.1643000e+01 ; 2.7756528e+02 
3.500e+01 ; 1.040e+01 ; 1.400e+00 ; 3.1645000e+01 ; 2.7727615e+02 
3.500e+01 ; 1.040e+01 ; 1.400e+00 ; 3.1649000e+01 ; 2.7669971e+02 
3.500e+01 ; 1.040e+01 ; 1.400e+00 ; 3.1657000e+01 ; 2.7555408e+02 
3.500e+01 ; 1.040e+01 ; 1.400e+00 ; 3.1673000e+01 ; 2.7329141e+02 
3.500e+01 ; 1.040e+01 ; 1.400e+00 ; 3.1705000e+01 ; 2.6887775e+02 
3.500e+01 ; 1.040e+01 ; 1.400e+00 ; 3.1769000e+01 ; 2.6047577e+02 
3.500e+01 ; 1.040e+01 ; 1.400e+00 ; 3.1897000e+01 ; 2.4521782e+02 
3.500e+01 ; 1.040e+01 ; 1.400e+00 ; 3.2153000e+01 ; 2.1984152e+02 
3.500e+01 ; 1.040e+01 ; 1.400e+00 ; 3.2665000e+01 ; 1.8364099e+02 
3.500e+01 ; 1.040e+01 ; 1.400e+00 ; 3.2770000e+01 ; 1.7677756e+02 
3.500e+01 ; 1.040e+01 ; 1.400e+00 ; 3.2770000e+01 ; 1.7677756e+02 
3.500e+01 ; 1.040e+01 ; 1.400e+00 ; 3.2771000e+01 ; 1.7671225e+02 
3.500e+01 ; 1.040e+01 ; 1.400e+00 ; 3.2772000e+01 ; 1.7664700e+02 
3.500e+01 ; 1.040e+01 ; 1.400e+00 ; 3.2773000e+01 ; 1.7658180e+02 
3.500e+01 ; 1.040e+01 ; 1.400e+00 ; 3.2775000e+01 ; 1.7645164e+02 
3.500e+01 ; 1.040e+01 ; 1.400e+00 ; 3.2779000e+01 ; 1.7619223e+02 
3.500e+01 ; 1.040e+01 ; 1.400e+00 ; 3.2787000e+01 ; 1.7567699e+02 
3.500e+01 ; 1.040e+01 ; 1.400e+00 ; 3.2803000e+01 ; 1.7466063e+02 
3.500e+01 ; 1.040e+01 ; 1.400e+00 ; 3.2835000e+01 ; 1.7268243e+02 
3.500e+01 ; 1.040e+01 ; 1.400e+00 ; 3.2899000e+01 ; 1.6892992e+02 
3.500e+01 ; 1.040e+01 ; 1.400e+00 ; 3.3027000e+01 ; 1.6214456e+02 
3.500e+01 ; 1.040e+01 ; 1.400e+00 ; 3.3283000e+01 ; 1.5088097e+02 
3.500e+01 ; 1.040e+01 ; 1.400e+00 ; 3.3795000e+01 ; 1.3468597e+02 
3.500e+01 ; 1.040e+01 ; 1.400e+00 ; 3.3900000e+01 ; 1.3160406e+02 
3.500e+01 ; 1.040e+01 ; 1.400e+00 ; 3.3900000e+01 ; 1.3160406e+02 
3.500e+01 ; 1.040e+01 ; 1.400e+00 ; 3.3901000e+01 ; 1.3157474e+02 
3.500e+01 ; 1.040e+01 ; 1.400e+00 ; 3.3902000e+01 ; 1.3154543e+02 
3.500e+01 ; 1.040e+01 ; 1.400e+00 ; 3.3903000e+01 ; 1.3151614e+02 
3.500e+01 ; 1.040e+01 ; 1.400e+00 ; 3.3905000e+01 ; 1.3145766e+02 
3.500e+01 ; 1.040e+01 ; 1.400e+00 ; 3.3909000e+01 ; 1.3134103e+02 
3.500e+01 ; 1.040e+01 ; 1.400e+00 ; 3.3917000e+01 ; 1.3110915e+02 
3.500e+01 ; 1.040e+01 ; 1.400e+00 ; 3.3933000e+01 ; 1.3065082e+02 
3.500e+01 ; 1.040e+01 ; 1.400e+00 ; 3.3965000e+01 ; 1.2975534e+02 
3.500e+01 ; 1.040e+01 ; 1.400e+00 ; 3.4029000e+01 ; 1.2804529e+02 
3.500e+01 ; 1.040e+01 ; 1.400e+00 ; 3.4157000e+01 ; 1.2492011e+02 
3.500e+01 ; 1.040e+01 ; 1.400e+00 ; 3.4413000e+01 ; 1.1965356e+02 
3.500e+01 ; 1.040e+01 ; 1.400e+00 ; 3.4925000e+01 ; 1.1191431e+02 
3.500e+01 ; 1.040e+01 ; 1.400e+00 ; 3.5030000e+01 ; 1.1043517e+02 
3.500e+01 ; 1.040e+01 ; 1.400e+00 ; 3.5030000e+01 ; 1.1043517e+02 
3.500e+01 ; 1.040e+01 ; 1.400e+00 ; 3.5031000e+01 ; 1.1042109e+02 
3.500e+01 ; 1.040e+01 ; 1.400e+00 ; 3.5032000e+01 ; 1.1040702e+02 
3.500e+01 ; 1.040e+01 ; 1.400e+00 ; 3.5033000e+01 ; 1.1039296e+02 
3.500e+01 ; 1.040e+01 ; 1.400e+00 ; 3.5035000e+01 ; 1.1036488e+02 
3.500e+01 ; 1.040e+01 ; 1.400e+00 ; 3.5039000e+01 ; 1.1030888e+02 
3.500e+01 ; 1.040e+01 ; 1.400e+00 ; 3.5047000e+01 ; 1.1019751e+02 
3.500e+01 ; 1.040e+01 ; 1.400e+00 ; 3.5063000e+01 ; 1.0997719e+02 
3.500e+01 ; 1.040e+01 ; 1.400e+00 ; 3.5095000e+01 ; 1.0954602e+02 
3.500e+01 ; 1.040e+01 ; 1.400e+00 ; 3.5159000e+01 ; 1.0871957e+02 
3.500e+01 ; 1.040e+01 ; 1.400e+00 ; 3.5287000e+01 ; 1.0719585e+02 
3.500e+01 ; 1.040e+01 ; 1.400e+00 ; 3.5543000e+01 ; 1.0457227e+02 
3.500e+01 ; 1.040e+01 ; 1.400e+00 ; 3.6055000e+01 ; 1.0051716e+02 
3.500e+01 ; 1.040e+01 ; 1.400e+00 ; 3.6160000e+01 ; 9.9731697e+01 
3.500e+01 ; 1.040e+01 ; 1.400e+00 ; 3.6160000e+01 ; 9.9731697e+01 
3.500e+01 ; 1.040e+01 ; 1.400e+00 ; 3.6161000e+01 ; 9.9724220e+01 
3.500e+01 ; 1.040e+01 ; 1.400e+00 ; 3.6162000e+01 ; 9.9716751e+01 
3.500e+01 ; 1.040e+01 ; 1.400e+00 ; 3.6163000e+01 ; 9.9709282e+01 
3.500e+01 ; 1.040e+01 ; 1.400e+00 ; 3.6165000e+01 ; 9.9694359e+01 
3.500e+01 ; 1.040e+01 ; 1.400e+00 ; 3.6169000e+01 ; 9.9664589e+01 
3.500e+01 ; 1.040e+01 ; 1.400e+00 ; 3.6177000e+01 ; 9.9605309e+01 
3.500e+01 ; 1.040e+01 ; 1.400e+00 ; 3.6193000e+01 ; 9.9487793e+01 
3.500e+01 ; 1.040e+01 ; 1.400e+00 ; 3.6225000e+01 ; 9.9256821e+01 
3.500e+01 ; 1.040e+01 ; 1.400e+00 ; 3.6289000e+01 ; 9.8810364e+01 
3.500e+01 ; 1.040e+01 ; 1.400e+00 ; 3.6417000e+01 ; 9.7973640e+01 
3.500e+01 ; 1.040e+01 ; 1.400e+00 ; 3.6673000e+01 ; 9.6488091e+01 
3.500e+01 ; 1.040e+01 ; 1.400e+00 ; 3.7185000e+01 ; 9.4065971e+01 
3.500e+01 ; 1.040e+01 ; 1.400e+00 ; 3.7290000e+01 ; 9.3590729e+01 
3.500e+01 ; 1.040e+01 ; 1.400e+00 ; 3.7290000e+01 ; 9.3590729e+01 
3.500e+01 ; 1.040e+01 ; 1.400e+00 ; 3.7291000e+01 ; 9.3586205e+01 
3.500e+01 ; 1.040e+01 ; 1.400e+00 ; 3.7292000e+01 ; 9.3581680e+01 
3.500e+01 ; 1.040e+01 ; 1.400e+00 ; 3.7293000e+01 ; 9.3577164e+01 
3.500e+01 ; 1.040e+01 ; 1.400e+00 ; 3.7295000e+01 ; 9.3568130e+01 
3.500e+01 ; 1.040e+01 ; 1.400e+00 ; 3.7299000e+01 ; 9.3550095e+01 
3.500e+01 ; 1.040e+01 ; 1.400e+00 ; 3.7307000e+01 ; 9.3514145e+01 
3.500e+01 ; 1.040e+01 ; 1.400e+00 ; 3.7323000e+01 ; 9.3442741e+01 
3.500e+01 ; 1.040e+01 ; 1.400e+00 ; 3.7355000e+01 ; 9.3301842e+01 
3.500e+01 ; 1.040e+01 ; 1.400e+00 ; 3.7419000e+01 ; 9.3027344e+01 
3.500e+01 ; 1.040e+01 ; 1.400e+00 ; 3.7547000e+01 ; 9.2505234e+01 
3.500e+01 ; 1.040e+01 ; 1.400e+00 ; 3.7803000e+01 ; 9.1553413e+01 
3.500e+01 ; 1.040e+01 ; 1.400e+00 ; 3.8315000e+01 ; 8.9934204e+01 
3.500e+01 ; 1.040e+01 ; 1.400e+00 ; 3.8420000e+01 ; 8.9613419e+01 
3.500e+01 ; 1.040e+01 ; 1.400e+00 ; 3.8420000e+01 ; 8.9613419e+01 
3.500e+01 ; 1.040e+01 ; 1.400e+00 ; 3.8421000e+01 ; 8.9610367e+01 
3.500e+01 ; 1.040e+01 ; 1.400e+00 ; 3.8422000e+01 ; 8.9607315e+01 
3.500e+01 ; 1.040e+01 ; 1.400e+00 ; 3.8423000e+01 ; 8.9604263e+01 
3.500e+01 ; 1.040e+01 ; 1.400e+00 ; 3.8425000e+01 ; 8.9598160e+01 
3.500e+01 ; 1.040e+01 ; 1.400e+00 ; 3.8429000e+01 ; 8.9585976e+01 
3.500e+01 ; 1.040e+01 ; 1.400e+00 ; 3.8437000e+01 ; 8.9561676e+01 
3.500e+01 ; 1.040e+01 ; 1.400e+00 ; 3.8453000e+01 ; 8.9513329e+01 
3.500e+01 ; 1.040e+01 ; 1.400e+00 ; 3.8485000e+01 ; 8.9417648e+01 
3.500e+01 ; 1.040e+01 ; 1.400e+00 ; 3.8549000e+01 ; 8.9230179e+01 
3.500e+01 ; 1.040e+01 ; 1.400e+00 ; 3.8677000e+01 ; 8.8869865e+01 
3.500e+01 ; 1.040e+01 ; 1.400e+00 ; 3.8933000e+01 ; 8.8201057e+01 
3.500e+01 ; 1.040e+01 ; 1.400e+00 ; 3.9445000e+01 ; 8.7032005e+01 
3.500e+01 ; 1.040e+01 ; 1.400e+00 ; 3.9550000e+01 ; 8.6799034e+01 
3.500e+01 ; 1.040e+01 ; 1.400e+00 ; 3.9550000e+01 ; 8.6799034e+01 
3.500e+01 ; 1.040e+01 ; 1.400e+00 ; 3.9551000e+01 ; 8.6796822e+01 
3.500e+01 ; 1.040e+01 ; 1.400e+00 ; 3.9552000e+01 ; 8.6794601e+01 
3.500e+01 ; 1.040e+01 ; 1.400e+00 ; 3.9553000e+01 ; 8.6792381e+01 
3.500e+01 ; 1.040e+01 ; 1.400e+00 ; 3.9555000e+01 ; 8.6787956e+01 
3.500e+01 ; 1.040e+01 ; 1.400e+00 ; 3.9559000e+01 ; 8.6779099e+01 
3.500e+01 ; 1.040e+01 ; 1.400e+00 ; 3.9567000e+01 ; 8.6761436e+01 
3.500e+01 ; 1.040e+01 ; 1.400e+00 ; 3.9583000e+01 ; 8.6726257e+01 
3.500e+01 ; 1.040e+01 ; 1.400e+00 ; 3.9615000e+01 ; 8.6656509e+01 
3.500e+01 ; 1.040e+01 ; 1.400e+00 ; 3.9679000e+01 ; 8.6519402e+01 
3.500e+01 ; 1.040e+01 ; 1.400e+00 ; 3.9807000e+01 ; 8.6254257e+01 
3.500e+01 ; 1.040e+01 ; 1.400e+00 ; 4.0063000e+01 ; 8.5757004e+01 
3.500e+01 ; 1.040e+01 ; 1.400e+00 ; 4.0575000e+01 ; 8.4874855e+01 
3.500e+01 ; 1.040e+01 ; 1.400e+00 ; 4.0680000e+01 ; 8.4698509e+01 
3.500e+01 ; 1.040e+01 ; 1.400e+00 ; 4.0680000e+01 ; 8.4698509e+01 
3.500e+01 ; 1.040e+01 ; 1.400e+00 ; 4.0681000e+01 ; 8.4696831e+01 
3.500e+01 ; 1.040e+01 ; 1.400e+00 ; 4.0682000e+01 ; 8.4695152e+01 
3.500e+01 ; 1.040e+01 ; 1.400e+00 ; 4.0683000e+01 ; 8.4693474e+01 
3.500e+01 ; 1.040e+01 ; 1.400e+00 ; 4.0685000e+01 ; 8.4690117e+01 
3.500e+01 ; 1.040e+01 ; 1.400e+00 ; 4.0689000e+01 ; 8.4683411e+01 
3.500e+01 ; 1.040e+01 ; 1.400e+00 ; 4.0697000e+01 ; 8.4670036e+01 
3.500e+01 ; 1.040e+01 ; 1.400e+00 ; 4.0713000e+01 ; 8.4643379e+01 
3.500e+01 ; 1.040e+01 ; 1.400e+00 ; 4.0745000e+01 ; 8.4590485e+01 
3.500e+01 ; 1.040e+01 ; 1.400e+00 ; 4.0809000e+01 ; 8.4486320e+01 
3.500e+01 ; 1.040e+01 ; 1.400e+00 ; 4.0937000e+01 ; 8.4284233e+01 
3.500e+01 ; 1.040e+01 ; 1.400e+00 ; 4.1193000e+01 ; 8.3903275e+01 
3.500e+01 ; 1.040e+01 ; 1.400e+00 ; 4.1705000e+01 ; 8.3222504e+01 
3.500e+01 ; 1.040e+01 ; 1.400e+00 ; 4.1810000e+01 ; 8.3086212e+01 
3.500e+01 ; 1.040e+01 ; 1.400e+00 ; 4.1810000e+01 ; 8.3086212e+01 
3.500e+01 ; 1.040e+01 ; 1.400e+00 ; 4.1811000e+01 ; 8.3084915e+01 
3.500e+01 ; 1.040e+01 ; 1.400e+00 ; 4.1812000e+01 ; 8.3083618e+01 
3.500e+01 ; 1.040e+01 ; 1.400e+00 ; 4.1813000e+01 ; 8.3082321e+01 
3.500e+01 ; 1.040e+01 ; 1.400e+00 ; 4.1815000e+01 ; 8.3079727e+01 
3.500e+01 ; 1.040e+01 ; 1.400e+00 ; 4.1819000e+01 ; 8.3074547e+01 
3.500e+01 ; 1.040e+01 ; 1.400e+00 ; 4.1827000e+01 ; 8.3064201e+01 
3.500e+01 ; 1.040e+01 ; 1.400e+00 ; 4.1843000e+01 ; 8.3043587e+01 
3.500e+01 ; 1.040e+01 ; 1.400e+00 ; 4.1875000e+01 ; 8.3002670e+01 
3.500e+01 ; 1.040e+01 ; 1.400e+00 ; 4.1939000e+01 ; 8.2922020e+01 
3.500e+01 ; 1.040e+01 ; 1.400e+00 ; 4.2067000e+01 ; 8.2765335e+01 
3.500e+01 ; 1.040e+01 ; 1.400e+00 ; 4.2323000e+01 ; 8.2469223e+01 
3.500e+01 ; 1.040e+01 ; 1.400e+00 ; 4.2835000e+01 ; 8.1938385e+01 
3.500e+01 ; 1.040e+01 ; 1.400e+00 ; 4.2940000e+01 ; 8.1832031e+01 
3.500e+01 ; 1.040e+01 ; 1.400e+00 ; 4.2940000e+01 ; 8.1832031e+01 
3.500e+01 ; 1.040e+01 ; 1.400e+00 ; 4.2941000e+01 ; 8.1831024e+01 
3.500e+01 ; 1.040e+01 ; 1.400e+00 ; 4.2942000e+01 ; 8.1830009e+01 
3.500e+01 ; 1.040e+01 ; 1.400e+00 ; 4.2943000e+01 ; 8.1828995e+01 
3.500e+01 ; 1.040e+01 ; 1.400e+00 ; 4.2945000e+01 ; 8.1826973e+01 
3.500e+01 ; 1.040e+01 ; 1.400e+00 ; 4.2949000e+01 ; 8.1822929e+01 
3.500e+01 ; 1.040e+01 ; 1.400e+00 ; 4.2957000e+01 ; 8.1814857e+01 
3.500e+01 ; 1.040e+01 ; 1.400e+00 ; 4.2973000e+01 ; 8.1798775e+01 
3.500e+01 ; 1.040e+01 ; 1.400e+00 ; 4.3005000e+01 ; 8.1766830e+01 
3.500e+01 ; 1.040e+01 ; 1.400e+00 ; 4.3069000e+01 ; 8.1703857e+01 
3.500e+01 ; 1.040e+01 ; 1.400e+00 ; 4.3197000e+01 ; 8.1581421e+01 
3.500e+01 ; 1.040e+01 ; 1.400e+00 ; 4.3453000e+01 ; 8.1349815e+01 
3.500e+01 ; 1.040e+01 ; 1.400e+00 ; 4.3965000e+01 ; 8.0934090e+01 
3.500e+01 ; 1.040e+01 ; 1.400e+00 ; 4.4070000e+01 ; 8.0850777e+01 
3.500e+01 ; 1.040e+01 ; 1.400e+00 ; 4.4070000e+01 ; 8.0850777e+01 
3.500e+01 ; 1.040e+01 ; 1.400e+00 ; 4.4071000e+01 ; 8.0849983e+01 
3.500e+01 ; 1.040e+01 ; 1.400e+00 ; 4.4072000e+01 ; 8.0849190e+01 
3.500e+01 ; 1.040e+01 ; 1.400e+00 ; 4.4073000e+01 ; 8.0848404e+01 
3.500e+01 ; 1.040e+01 ; 1.400e+00 ; 4.4075000e+01 ; 8.0846817e+01 
3.500e+01 ; 1.040e+01 ; 1.400e+00 ; 4.4079000e+01 ; 8.0843651e+01 
3.500e+01 ; 1.040e+01 ; 1.400e+00 ; 4.4087000e+01 ; 8.0837326e+01 
3.500e+01 ; 1.040e+01 ; 1.400e+00 ; 4.4103000e+01 ; 8.0824722e+01 
3.500e+01 ; 1.040e+01 ; 1.400e+00 ; 4.4135000e+01 ; 8.0799698e+01 
3.500e+01 ; 1.040e+01 ; 1.400e+00 ; 4.4199000e+01 ; 8.0750351e+01 
3.500e+01 ; 1.040e+01 ; 1.400e+00 ; 4.4327000e+01 ; 8.0654396e+01 
3.500e+01 ; 1.040e+01 ; 1.400e+00 ; 4.4583000e+01 ; 8.0472816e+01 
3.500e+01 ; 1.040e+01 ; 1.400e+00 ; 4.5095000e+01 ; 8.0146851e+01 
3.500e+01 ; 1.040e+01 ; 1.400e+00 ; 4.5200000e+01 ; 8.0081528e+01 
3.500e+01 ; 1.040e+01 ; 1.400e+00 ; 4.5200000e+01 ; 8.0081528e+01 
3.500e+01 ; 1.040e+01 ; 1.400e+00 ; 4.5201000e+01 ; 8.0080910e+01 
3.500e+01 ; 1.040e+01 ; 1.400e+00 ; 4.5202000e+01 ; 8.0080284e+01 
3.500e+01 ; 1.040e+01 ; 1.400e+00 ; 4.5203000e+01 ; 8.0079666e+01 
3.500e+01 ; 1.040e+01 ; 1.400e+00 ; 4.5205000e+01 ; 8.0078423e+01 
3.500e+01 ; 1.040e+01 ; 1.400e+00 ; 4.5209000e+01 ; 8.0075935e+01 
3.500e+01 ; 1.040e+01 ; 1.400e+00 ; 4.5217000e+01 ; 8.0070984e+01 
3.500e+01 ; 1.040e+01 ; 1.400e+00 ; 4.5233000e+01 ; 8.0061096e+01 
3.500e+01 ; 1.040e+01 ; 1.400e+00 ; 4.5265000e+01 ; 8.0041481e+01 
3.500e+01 ; 1.040e+01 ; 1.400e+00 ; 4.5329000e+01 ; 8.0002785e+01 
3.500e+01 ; 1.040e+01 ; 1.400e+00 ; 4.5457000e+01 ; 7.9927559e+01 
3.500e+01 ; 1.040e+01 ; 1.400e+00 ; 4.5713000e+01 ; 7.9785316e+01 
3.500e+01 ; 1.040e+01 ; 1.400e+00 ; 4.6225000e+01 ; 7.9531075e+01 
3.500e+01 ; 1.040e+01 ; 1.400e+00 ; 4.6330000e+01 ; 7.9480186e+01 
3.500e+01 ; 1.040e+01 ; 1.400e+00 ; 4.6330000e+01 ; 7.9480186e+01 
3.500e+01 ; 1.040e+01 ; 1.400e+00 ; 4.6331000e+01 ; 7.9479698e+01 
3.500e+01 ; 1.040e+01 ; 1.400e+00 ; 4.6332000e+01 ; 7.9479218e+01 
3.500e+01 ; 1.040e+01 ; 1.400e+00 ; 4.6333000e+01 ; 7.9478729e+01 
3.500e+01 ; 1.040e+01 ; 1.400e+00 ; 4.6335000e+01 ; 7.9477760e+01 
3.500e+01 ; 1.040e+01 ; 1.400e+00 ; 4.6339000e+01 ; 7.9475830e+01 
3.500e+01 ; 1.040e+01 ; 1.400e+00 ; 4.6347000e+01 ; 7.9471962e+01 
3.500e+01 ; 1.040e+01 ; 1.400e+00 ; 4.6363000e+01 ; 7.9464272e+01 
3.500e+01 ; 1.040e+01 ; 1.400e+00 ; 4.6395000e+01 ; 7.9448997e+01 
3.500e+01 ; 1.040e+01 ; 1.400e+00 ; 4.6459000e+01 ; 7.9418938e+01 
3.500e+01 ; 1.040e+01 ; 1.400e+00 ; 4.6587000e+01 ; 7.9360863e+01 
3.500e+01 ; 1.040e+01 ; 1.400e+00 ; 4.6843000e+01 ; 7.9253662e+01 
3.500e+01 ; 1.040e+01 ; 1.400e+00 ; 4.7355000e+01 ; 7.9077469e+01 
3.500e+01 ; 1.040e+01 ; 1.400e+00 ; 4.7460000e+01 ; 7.9042953e+01 
3.500e+01 ; 1.040e+01 ; 1.400e+00 ; 4.7460000e+01 ; 7.9042953e+01 
3.500e+01 ; 1.040e+01 ; 1.400e+00 ; 4.7461000e+01 ; 7.9042625e+01 
3.500e+01 ; 1.040e+01 ; 1.400e+00 ; 4.7462000e+01 ; 7.9042297e+01 
3.500e+01 ; 1.040e+01 ; 1.400e+00 ; 4.7463000e+01 ; 7.9041969e+01 
3.500e+01 ; 1.040e+01 ; 1.400e+00 ; 4.7465000e+01 ; 7.9041313e+01 
3.500e+01 ; 1.040e+01 ; 1.400e+00 ; 4.7469000e+01 ; 7.9040009e+01 
3.500e+01 ; 1.040e+01 ; 1.400e+00 ; 4.7477000e+01 ; 7.9037422e+01 
3.500e+01 ; 1.040e+01 ; 1.400e+00 ; 4.7493000e+01 ; 7.9032333e+01 
3.500e+01 ; 1.040e+01 ; 1.400e+00 ; 4.7525000e+01 ; 7.9022530e+01 
3.500e+01 ; 1.040e+01 ; 1.400e+00 ; 4.7589000e+01 ; 7.9004578e+01 
3.500e+01 ; 1.040e+01 ; 1.400e+00 ; 4.7717000e+01 ; 7.8976265e+01 
3.500e+01 ; 1.040e+01 ; 1.400e+00 ; 4.7973000e+01 ; 7.8952354e+01 
3.500e+01 ; 1.040e+01 ; 1.400e+00 ; 4.8485000e+01 ; 7.9015968e+01 
3.500e+01 ; 1.040e+01 ; 1.400e+00 ; 4.8590000e+01 ; 7.9033348e+01 
3.500e+01 ; 1.040e+01 ; 1.400e+00 ; 4.8590000e+01 ; 7.9033348e+01 
3.500e+01 ; 1.040e+01 ; 1.400e+00 ; 4.8591000e+01 ; 7.9037453e+01 
3.500e+01 ; 1.040e+01 ; 1.400e+00 ; 4.8592000e+01 ; 7.9041573e+01 
3.500e+01 ; 1.040e+01 ; 1.400e+00 ; 4.8593000e+01 ; 7.9045723e+01 
3.500e+01 ; 1.040e+01 ; 1.400e+00 ; 4.8595000e+01 ; 7.9054108e+01 
3.500e+01 ; 1.040e+01 ; 1.400e+00 ; 4.8599000e+01 ; 7.9071274e+01 
3.500e+01 ; 1.040e+01 ; 1.400e+00 ; 4.8607000e+01 ; 7.9107079e+01 
3.500e+01 ; 1.040e+01 ; 1.400e+00 ; 4.8623000e+01 ; 7.9184418e+01 
3.500e+01 ; 1.040e+01 ; 1.400e+00 ; 4.8655000e+01 ; 7.9360138e+01 
3.500e+01 ; 1.040e+01 ; 1.400e+00 ; 4.8719000e+01 ; 7.9782501e+01 
3.500e+01 ; 1.040e+01 ; 1.400e+00 ; 4.8847000e+01 ; 8.0825401e+01 
3.500e+01 ; 1.040e+01 ; 1.400e+00 ; 4.9103000e+01 ; 8.3247398e+01 
3.500e+01 ; 1.040e+01 ; 1.400e+00 ; 4.9615000e+01 ; 8.7762344e+01 
3.500e+01 ; 1.040e+01 ; 1.400e+00 ; 4.9720000e+01 ; 8.8633026e+01 
3.500e+01 ; 1.040e+01 ; 1.400e+00 ; 4.9720000e+01 ; 8.8633026e+01 
3.500e+01 ; 1.040e+01 ; 1.400e+00 ; 4.9721000e+01 ; 8.8644585e+01 
3.500e+01 ; 1.040e+01 ; 1.400e+00 ; 4.9722000e+01 ; 8.8656143e+01 
3.500e+01 ; 1.040e+01 ; 1.400e+00 ; 4.9723000e+01 ; 8.8667702e+01 
3.500e+01 ; 1.040e+01 ; 1.400e+00 ; 4.9725000e+01 ; 8.8690842e+01 
3.500e+01 ; 1.040e+01 ; 1.400e+00 ; 4.9729000e+01 ; 8.8737183e+01 
3.500e+01 ; 1.040e+01 ; 1.400e+00 ; 4.9737000e+01 ; 8.8830078e+01 
3.500e+01 ; 1.040e+01 ; 1.400e+00 ; 4.9753000e+01 ; 8.9016663e+01 
3.500e+01 ; 1.040e+01 ; 1.400e+00 ; 4.9785000e+01 ; 8.9392258e+01 
3.500e+01 ; 1.040e+01 ; 1.400e+00 ; 4.9849000e+01 ; 9.0148232e+01 
3.500e+01 ; 1.040e+01 ; 1.400e+00 ; 4.9977000e+01 ; 9.1647278e+01 
3.500e+01 ; 1.040e+01 ; 1.400e+00 ; 5.0233000e+01 ; 9.4430031e+01 
3.500e+01 ; 1.040e+01 ; 1.400e+00 ; 5.0745000e+01 ; 9.8650230e+01 
3.500e+01 ; 1.040e+01 ; 1.400e+00 ; 5.0850000e+01 ; 9.9434090e+01 
3.500e+01 ; 1.040e+01 ; 1.400e+00 ; 5.0850000e+01 ; 9.9434090e+01 
3.500e+01 ; 1.040e+01 ; 1.400e+00 ; 5.0851000e+01 ; 9.9441544e+01 
3.500e+01 ; 1.040e+01 ; 1.400e+00 ; 5.0852000e+01 ; 9.9448990e+01 
3.500e+01 ; 1.040e+01 ; 1.400e+00 ; 5.0853000e+01 ; 9.9456421e+01 
3.500e+01 ; 1.040e+01 ; 1.400e+00 ; 5.0855000e+01 ; 9.9471237e+01 
3.500e+01 ; 1.040e+01 ; 1.400e+00 ; 5.0859000e+01 ; 9.9500687e+01 
3.500e+01 ; 1.040e+01 ; 1.400e+00 ; 5.0867000e+01 ; 9.9558876e+01 
3.500e+01 ; 1.040e+01 ; 1.400e+00 ; 5.0883000e+01 ; 9.9672440e+01 
3.500e+01 ; 1.040e+01 ; 1.400e+00 ; 5.0915000e+01 ; 9.9888702e+01 
3.500e+01 ; 1.040e+01 ; 1.400e+00 ; 5.0979000e+01 ; 1.0028075e+02 
3.500e+01 ; 1.040e+01 ; 1.400e+00 ; 5.1107000e+01 ; 1.0092383e+02 
3.500e+01 ; 1.040e+01 ; 1.400e+00 ; 5.1363000e+01 ; 1.0177673e+02 
3.500e+01 ; 1.040e+01 ; 1.400e+00 ; 5.1875000e+01 ; 1.0241947e+02 
3.500e+01 ; 1.040e+01 ; 1.400e+00 ; 5.1980000e+01 ; 1.0251163e+02 
3.500e+01 ; 1.040e+01 ; 1.400e+00 ; 5.1980000e+01 ; 1.0251163e+02 
3.500e+01 ; 1.040e+01 ; 1.400e+00 ; 5.1981000e+01 ; 1.0251250e+02 
3.500e+01 ; 1.040e+01 ; 1.400e+00 ; 5.1982000e+01 ; 1.0251337e+02 
3.500e+01 ; 1.040e+01 ; 1.400e+00 ; 5.1983000e+01 ; 1.0251424e+02 
3.500e+01 ; 1.040e+01 ; 1.400e+00 ; 5.1985000e+01 ; 1.0251595e+02 
3.500e+01 ; 1.040e+01 ; 1.400e+00 ; 5.1989000e+01 ; 1.0251933e+02 
3.500e+01 ; 1.040e+01 ; 1.400e+00 ; 5.1997000e+01 ; 1.0252587e+02 
3.500e+01 ; 1.040e+01 ; 1.400e+00 ; 5.2013000e+01 ; 1.0253806e+02 
3.500e+01 ; 1.040e+01 ; 1.400e+00 ; 5.2045000e+01 ; 1.0255902e+02 
3.500e+01 ; 1.040e+01 ; 1.400e+00 ; 5.2109000e+01 ; 1.0258821e+02 
3.500e+01 ; 1.040e+01 ; 1.400e+00 ; 5.2237000e+01 ; 1.0260236e+02 
3.500e+01 ; 1.040e+01 ; 1.400e+00 ; 5.2493000e+01 ; 1.0249598e+02 
3.500e+01 ; 1.040e+01 ; 1.400e+00 ; 5.3005000e+01 ; 1.0196228e+02 
3.500e+01 ; 1.040e+01 ; 1.400e+00 ; 5.3110000e+01 ; 1.0184103e+02 
3.500e+01 ; 1.040e+01 ; 1.400e+00 ; 5.3110000e+01 ; 1.0184103e+02 
3.500e+01 ; 1.040e+01 ; 1.400e+00 ; 5.3111000e+01 ; 1.0183987e+02 
3.500e+01 ; 1.040e+01 ; 1.400e+00 ; 5.3112000e+01 ; 1.0183871e+02 
3.500e+01 ; 1.040e+01 ; 1.400e+00 ; 5.3113000e+01 ; 1.0183755e+02 
3.500e+01 ; 1.040e+01 ; 1.400e+00 ; 5.3115000e+01 ; 1.0183523e+02 
3.500e+01 ; 1.040e+01 ; 1.400e+00 ; 5.3119000e+01 ; 1.0183057e+02 
3.500e+01 ; 1.040e+01 ; 1.400e+00 ; 5.3127000e+01 ; 1.0182119e+02 
3.500e+01 ; 1.040e+01 ; 1.400e+00 ; 5.3143000e+01 ; 1.0180216e+02 
3.500e+01 ; 1.040e+01 ; 1.400e+00 ; 5.3175000e+01 ; 1.0176311e+02 
3.500e+01 ; 1.040e+01 ; 1.400e+00 ; 5.3239000e+01 ; 1.0168130e+02 
3.500e+01 ; 1.040e+01 ; 1.400e+00 ; 5.3367000e+01 ; 1.0150531e+02 
3.500e+01 ; 1.040e+01 ; 1.400e+00 ; 5.3623000e+01 ; 1.0111831e+02 
3.500e+01 ; 1.040e+01 ; 1.400e+00 ; 5.4135000e+01 ; 1.0027801e+02 
3.500e+01 ; 1.040e+01 ; 1.400e+00 ; 5.4240000e+01 ; 1.0010345e+02 
3.500e+01 ; 1.040e+01 ; 1.400e+00 ; 5.4240000e+01 ; 1.0010345e+02 
3.500e+01 ; 1.040e+01 ; 1.400e+00 ; 5.4241000e+01 ; 1.0010179e+02 
3.500e+01 ; 1.040e+01 ; 1.400e+00 ; 5.4242000e+01 ; 1.0010014e+02 
3.500e+01 ; 1.040e+01 ; 1.400e+00 ; 5.4243000e+01 ; 1.0009847e+02 
3.500e+01 ; 1.040e+01 ; 1.400e+00 ; 5.4245000e+01 ; 1.0009515e+02 
3.500e+01 ; 1.040e+01 ; 1.400e+00 ; 5.4249000e+01 ; 1.0008849e+02 
3.500e+01 ; 1.040e+01 ; 1.400e+00 ; 5.4257000e+01 ; 1.0007516e+02 
3.500e+01 ; 1.040e+01 ; 1.400e+00 ; 5.4273000e+01 ; 1.0004846e+02 
3.500e+01 ; 1.040e+01 ; 1.400e+00 ; 5.4305000e+01 ; 9.9994888e+01 
3.500e+01 ; 1.040e+01 ; 1.400e+00 ; 5.4369000e+01 ; 9.9887154e+01 
3.500e+01 ; 1.040e+01 ; 1.400e+00 ; 5.4497000e+01 ; 9.9670082e+01 
3.500e+01 ; 1.040e+01 ; 1.400e+00 ; 5.4753000e+01 ; 9.9234291e+01 
3.500e+01 ; 1.040e+01 ; 1.400e+00 ; 5.5265000e+01 ; 9.8378632e+01 
3.500e+01 ; 1.040e+01 ; 1.400e+00 ; 5.5370000e+01 ; 9.8203995e+01 
3.500e+01 ; 1.040e+01 ; 1.400e+00 ; 5.5370000e+01 ; 9.8203995e+01 
3.500e+01 ; 1.040e+01 ; 1.400e+00 ; 5.5371000e+01 ; 9.8202339e+01 
3.500e+01 ; 1.040e+01 ; 1.400e+00 ; 5.5372000e+01 ; 9.8200676e+01 
3.500e+01 ; 1.040e+01 ; 1.400e+00 ; 5.5373000e+01 ; 9.8199013e+01 
3.500e+01 ; 1.040e+01 ; 1.400e+00 ; 5.5375000e+01 ; 9.8195686e+01 
3.500e+01 ; 1.040e+01 ; 1.400e+00 ; 5.5379000e+01 ; 9.8189034e+01 
3.500e+01 ; 1.040e+01 ; 1.400e+00 ; 5.5387000e+01 ; 9.8175735e+01 
3.500e+01 ; 1.040e+01 ; 1.400e+00 ; 5.5403000e+01 ; 9.8149170e+01 
3.500e+01 ; 1.040e+01 ; 1.400e+00 ; 5.5435000e+01 ; 9.8096115e+01 
3.500e+01 ; 1.040e+01 ; 1.400e+00 ; 5.5499000e+01 ; 9.7990402e+01 
3.500e+01 ; 1.040e+01 ; 1.400e+00 ; 5.5627000e+01 ; 9.7780708e+01 
3.500e+01 ; 1.040e+01 ; 1.400e+00 ; 5.5883000e+01 ; 9.7369591e+01 
3.500e+01 ; 1.040e+01 ; 1.400e+00 ; 5.6395000e+01 ; 9.6585556e+01 
3.500e+01 ; 1.040e+01 ; 1.400e+00 ; 5.6500000e+01 ; 9.6426407e+01 
3.500e+01 ; 1.040e+01 ; 1.400e+00 ; 5.6500000e+01 ; 9.6426407e+01 
3.500e+01 ; 1.040e+01 ; 1.400e+00 ; 5.6501000e+01 ; 9.6424889e+01 
3.500e+01 ; 1.040e+01 ; 1.400e+00 ; 5.6502000e+01 ; 9.6423378e+01 
3.500e+01 ; 1.040e+01 ; 1.400e+00 ; 5.6503000e+01 ; 9.6421860e+01 
3.500e+01 ; 1.040e+01 ; 1.400e+00 ; 5.6505000e+01 ; 9.6418831e+01 
3.500e+01 ; 1.040e+01 ; 1.400e+00 ; 5.6509000e+01 ; 9.6412773e+01 
3.500e+01 ; 1.040e+01 ; 1.400e+00 ; 5.6517000e+01 ; 9.6400665e+01 
3.500e+01 ; 1.040e+01 ; 1.400e+00 ; 5.6533000e+01 ; 9.6376495e+01 
3.500e+01 ; 1.040e+01 ; 1.400e+00 ; 5.6565000e+01 ; 9.6328308e+01 
3.500e+01 ; 1.040e+01 ; 1.400e+00 ; 5.6629000e+01 ; 9.6232552e+01 
3.500e+01 ; 1.040e+01 ; 1.400e+00 ; 5.6757000e+01 ; 9.6043571e+01 
3.500e+01 ; 1.040e+01 ; 1.400e+00 ; 5.7013000e+01 ; 9.5675888e+01 
3.500e+01 ; 1.040e+01 ; 1.400e+00 ; 5.7525000e+01 ; 9.4981201e+01 
3.500e+01 ; 1.040e+01 ; 1.400e+00 ; 5.7630000e+01 ; 9.4840439e+01 
3.500e+01 ; 1.040e+01 ; 1.400e+00 ; 5.7630000e+01 ; 9.4840439e+01 
3.500e+01 ; 1.040e+01 ; 1.400e+00 ; 5.7631000e+01 ; 9.4839104e+01 
3.500e+01 ; 1.040e+01 ; 1.400e+00 ; 5.7632000e+01 ; 9.4837761e+01 
3.500e+01 ; 1.040e+01 ; 1.400e+00 ; 5.7633000e+01 ; 9.4836418e+01 
3.500e+01 ; 1.040e+01 ; 1.400e+00 ; 5.7635000e+01 ; 9.4833740e+01 
3.500e+01 ; 1.040e+01 ; 1.400e+00 ; 5.7639000e+01 ; 9.4828384e+01 
3.500e+01 ; 1.040e+01 ; 1.400e+00 ; 5.7647000e+01 ; 9.4817680e+01 
3.500e+01 ; 1.040e+01 ; 1.400e+00 ; 5.7663000e+01 ; 9.4796310e+01 
3.500e+01 ; 1.040e+01 ; 1.400e+00 ; 5.7695000e+01 ; 9.4753738e+01 
3.500e+01 ; 1.040e+01 ; 1.400e+00 ; 5.7759000e+01 ; 9.4669212e+01 
3.500e+01 ; 1.040e+01 ; 1.400e+00 ; 5.7887000e+01 ; 9.4502663e+01 
3.500e+01 ; 1.040e+01 ; 1.400e+00 ; 5.8143000e+01 ; 9.4179375e+01 
3.500e+01 ; 1.040e+01 ; 1.400e+00 ; 5.8655000e+01 ; 9.3570175e+01 
3.500e+01 ; 1.040e+01 ; 1.400e+00 ; 5.8760000e+01 ; 9.3446793e+01 
3.500e+01 ; 1.040e+01 ; 1.400e+00 ; 5.8760000e+01 ; 9.3446793e+01 
3.500e+01 ; 1.040e+01 ; 1.400e+00 ; 5.8761000e+01 ; 9.3445618e+01 
3.500e+01 ; 1.040e+01 ; 1.400e+00 ; 5.8762000e+01 ; 9.3444443e+01 
3.500e+01 ; 1.040e+01 ; 1.400e+00 ; 5.8763000e+01 ; 9.3443268e+01 
3.500e+01 ; 1.040e+01 ; 1.400e+00 ; 5.8765000e+01 ; 9.3440918e+01 
3.500e+01 ; 1.040e+01 ; 1.400e+00 ; 5.8769000e+01 ; 9.3436226e+01 
3.500e+01 ; 1.040e+01 ; 1.400e+00 ; 5.8777000e+01 ; 9.3426842e+01 
3.500e+01 ; 1.040e+01 ; 1.400e+00 ; 5.8793000e+01 ; 9.3408119e+01 
3.500e+01 ; 1.040e+01 ; 1.400e+00 ; 5.8825000e+01 ; 9.3370811e+01 
3.500e+01 ; 1.040e+01 ; 1.400e+00 ; 5.8889000e+01 ; 9.3296761e+01 
3.500e+01 ; 1.040e+01 ; 1.400e+00 ; 5.9017000e+01 ; 9.3150909e+01 
3.500e+01 ; 1.040e+01 ; 1.400e+00 ; 5.9273000e+01 ; 9.2867950e+01 
3.500e+01 ; 1.040e+01 ; 1.400e+00 ; 5.9785000e+01 ; 9.2334923e+01 
3.500e+01 ; 1.040e+01 ; 1.400e+00 ; 5.9890000e+01 ; 9.2226974e+01 
3.500e+01 ; 1.040e+01 ; 1.400e+00 ; 5.9890000e+01 ; 9.2226974e+01 
3.500e+01 ; 1.040e+01 ; 1.400e+00 ; 5.9891000e+01 ; 9.2225945e+01 
3.500e+01 ; 1.040e+01 ; 1.400e+00 ; 5.9892000e+01 ; 9.2224922e+01 
3.500e+01 ; 1.040e+01 ; 1.400e+00 ; 5.9893000e+01 ; 9.2223892e+01 
3.500e+01 ; 1.040e+01 ; 1.400e+00 ; 5.9895000e+01 ; 9.2221840e+01 
3.500e+01 ; 1.040e+01 ; 1.400e+00 ; 5.9899000e+01 ; 9.2217728e+01 
3.500e+01 ; 1.040e+01 ; 1.400e+00 ; 5.9907000e+01 ; 9.2209518e+01 
3.500e+01 ; 1.040e+01 ; 1.400e+00 ; 5.9923000e+01 ; 9.2193138e+01 
3.500e+01 ; 1.040e+01 ; 1.400e+00 ; 5.9955000e+01 ; 9.2160500e+01 
3.500e+01 ; 1.040e+01 ; 1.400e+00 ; 6.0019000e+01 ; 9.2095711e+01 
3.500e+01 ; 1.040e+01 ; 1.400e+00 ; 6.0147000e+01 ; 9.1968117e+01 
3.500e+01 ; 1.040e+01 ; 1.400e+00 ; 6.0403000e+01 ; 9.1720535e+01 
3.500e+01 ; 1.040e+01 ; 1.400e+00 ; 6.0915000e+01 ; 9.1254036e+01 
3.500e+01 ; 1.040e+01 ; 1.400e+00 ; 6.1020000e+01 ; 9.1159554e+01 
3.500e+01 ; 1.040e+01 ; 1.400e+00 ; 6.1020000e+01 ; 9.1159554e+01 
3.500e+01 ; 1.040e+01 ; 1.400e+00 ; 6.1021000e+01 ; 9.1158653e+01 
3.500e+01 ; 1.040e+01 ; 1.400e+00 ; 6.1022000e+01 ; 9.1157753e+01 
3.500e+01 ; 1.040e+01 ; 1.400e+00 ; 6.1023000e+01 ; 9.1156853e+01 
3.500e+01 ; 1.040e+01 ; 1.400e+00 ; 6.1025000e+01 ; 9.1155060e+01 
3.500e+01 ; 1.040e+01 ; 1.400e+00 ; 6.1029000e+01 ; 9.1151459e+01 
3.500e+01 ; 1.040e+01 ; 1.400e+00 ; 6.1037000e+01 ; 9.1144279e+01 
3.500e+01 ; 1.040e+01 ; 1.400e+00 ; 6.1053000e+01 ; 9.1129936e+01 
3.500e+01 ; 1.040e+01 ; 1.400e+00 ; 6.1085000e+01 ; 9.1101364e+01 
3.500e+01 ; 1.040e+01 ; 1.400e+00 ; 6.1149000e+01 ; 9.1044662e+01 
3.500e+01 ; 1.040e+01 ; 1.400e+00 ; 6.1277000e+01 ; 9.0932961e+01 
3.500e+01 ; 1.040e+01 ; 1.400e+00 ; 6.1533000e+01 ; 9.0716194e+01 
3.500e+01 ; 1.040e+01 ; 1.400e+00 ; 6.2045000e+01 ; 9.0307686e+01 
3.500e+01 ; 1.040e+01 ; 1.400e+00 ; 6.2150000e+01 ; 9.0224953e+01 
3.500e+01 ; 1.040e+01 ; 1.400e+00 ; 6.2150000e+01 ; 9.0224953e+01 
3.500e+01 ; 1.040e+01 ; 1.400e+00 ; 6.2151000e+01 ; 9.0224167e+01 
3.500e+01 ; 1.040e+01 ; 1.400e+00 ; 6.2152000e+01 ; 9.0223373e+01 
3.500e+01 ; 1.040e+01 ; 1.400e+00 ; 6.2153000e+01 ; 9.0222588e+01 
3.500e+01 ; 1.040e+01 ; 1.400e+00 ; 6.2155000e+01 ; 9.0221016e+01 
3.500e+01 ; 1.040e+01 ; 1.400e+00 ; 6.2159000e+01 ; 9.0217865e+01 
3.500e+01 ; 1.040e+01 ; 1.400e+00 ; 6.2167000e+01 ; 9.0211578e+01 
3.500e+01 ; 1.040e+01 ; 1.400e+00 ; 6.2183000e+01 ; 9.0199020e+01 
3.500e+01 ; 1.040e+01 ; 1.400e+00 ; 6.2215000e+01 ; 9.0173996e+01 
3.500e+01 ; 1.040e+01 ; 1.400e+00 ; 6.2279000e+01 ; 9.0124344e+01 
3.500e+01 ; 1.040e+01 ; 1.400e+00 ; 6.2407000e+01 ; 9.0026527e+01 
3.500e+01 ; 1.040e+01 ; 1.400e+00 ; 6.2663000e+01 ; 8.9836823e+01 
3.500e+01 ; 1.040e+01 ; 1.400e+00 ; 6.3175000e+01 ; 8.9480507e+01 
3.500e+01 ; 1.040e+01 ; 1.400e+00 ; 6.3280000e+01 ; 8.9408409e+01 
3.500e+01 ; 1.040e+01 ; 1.400e+00 ; 6.3280000e+01 ; 8.9408409e+01 
3.500e+01 ; 1.040e+01 ; 1.400e+00 ; 6.3281000e+01 ; 8.9407722e+01 
3.500e+01 ; 1.040e+01 ; 1.400e+00 ; 6.3282000e+01 ; 8.9407036e+01 
3.500e+01 ; 1.040e+01 ; 1.400e+00 ; 6.3283000e+01 ; 8.9406349e+01 
3.500e+01 ; 1.040e+01 ; 1.400e+00 ; 6.3285000e+01 ; 8.9404976e+01 
3.500e+01 ; 1.040e+01 ; 1.400e+00 ; 6.3289000e+01 ; 8.9402229e+01 
3.500e+01 ; 1.040e+01 ; 1.400e+00 ; 6.3297000e+01 ; 8.9396751e+01 
3.500e+01 ; 1.040e+01 ; 1.400e+00 ; 6.3313000e+01 ; 8.9385811e+01 
3.500e+01 ; 1.040e+01 ; 1.400e+00 ; 6.3345000e+01 ; 8.9364021e+01 
3.500e+01 ; 1.040e+01 ; 1.400e+00 ; 6.3409000e+01 ; 8.9320808e+01 
3.500e+01 ; 1.040e+01 ; 1.400e+00 ; 6.3537000e+01 ; 8.9235962e+01 
3.500e+01 ; 1.040e+01 ; 1.400e+00 ; 6.3793000e+01 ; 8.9073174e+01 
3.500e+01 ; 1.040e+01 ; 1.400e+00 ; 6.4305000e+01 ; 8.8778885e+01 
3.500e+01 ; 1.040e+01 ; 1.400e+00 ; 6.4410000e+01 ; 8.8719879e+01 
3.500e+01 ; 1.040e+01 ; 1.400e+00 ; 6.4410000e+01 ; 8.8719879e+01 
3.500e+01 ; 1.040e+01 ; 1.400e+00 ; 6.4411000e+01 ; 8.8719315e+01 
3.500e+01 ; 1.040e+01 ; 1.400e+00 ; 6.4412000e+01 ; 8.8718758e+01 
3.500e+01 ; 1.040e+01 ; 1.400e+00 ; 6.4413000e+01 ; 8.8718193e+01 
3.500e+01 ; 1.040e+01 ; 1.400e+00 ; 6.4415000e+01 ; 8.8717072e+01 
3.500e+01 ; 1.040e+01 ; 1.400e+00 ; 6.4419000e+01 ; 8.8714836e+01 
3.500e+01 ; 1.040e+01 ; 1.400e+00 ; 6.4427000e+01 ; 8.8710396e+01 
3.500e+01 ; 1.040e+01 ; 1.400e+00 ; 6.4443000e+01 ; 8.8701607e+01 
3.500e+01 ; 1.040e+01 ; 1.400e+00 ; 6.4475000e+01 ; 8.8684486e+01 
3.500e+01 ; 1.040e+01 ; 1.400e+00 ; 6.4539000e+01 ; 8.8652359e+01 
3.500e+01 ; 1.040e+01 ; 1.400e+00 ; 6.4667000e+01 ; 8.8597954e+01 
3.500e+01 ; 1.040e+01 ; 1.400e+00 ; 6.4923000e+01 ; 8.8531502e+01 
3.500e+01 ; 1.040e+01 ; 1.400e+00 ; 6.5435000e+01 ; 8.8537880e+01 
3.500e+01 ; 1.040e+01 ; 1.400e+00 ; 6.5540000e+01 ; 8.8544510e+01 
3.500e+01 ; 1.040e+01 ; 1.400e+00 ; 6.5540000e+01 ; 8.8544510e+01 
3.500e+01 ; 1.040e+01 ; 1.400e+00 ; 6.5541000e+01 ; 8.8544571e+01 
3.500e+01 ; 1.040e+01 ; 1.400e+00 ; 6.5542000e+01 ; 8.8544632e+01 
3.500e+01 ; 1.040e+01 ; 1.400e+00 ; 6.5543000e+01 ; 8.8544701e+01 
3.500e+01 ; 1.040e+01 ; 1.400e+00 ; 6.5545000e+01 ; 8.8544838e+01 
3.500e+01 ; 1.040e+01 ; 1.400e+00 ; 6.5549000e+01 ; 8.8545128e+01 
3.500e+01 ; 1.040e+01 ; 1.400e+00 ; 6.5557000e+01 ; 8.8545769e+01 
3.500e+01 ; 1.040e+01 ; 1.400e+00 ; 6.5573000e+01 ; 8.8547333e+01 
3.500e+01 ; 1.040e+01 ; 1.400e+00 ; 6.5605000e+01 ; 8.8551620e+01 
3.500e+01 ; 1.040e+01 ; 1.400e+00 ; 6.5669000e+01 ; 8.8565163e+01 
3.500e+01 ; 1.040e+01 ; 1.400e+00 ; 6.5797000e+01 ; 8.8613487e+01 
3.500e+01 ; 1.040e+01 ; 1.400e+00 ; 6.6053000e+01 ; 8.8792091e+01 
3.500e+01 ; 1.040e+01 ; 1.400e+00 ; 6.6565000e+01 ; 8.9375282e+01 
3.500e+01 ; 1.040e+01 ; 1.400e+00 ; 6.6670000e+01 ; 8.9502975e+01 
3.500e+01 ; 1.040e+01 ; 1.400e+00 ; 6.6670000e+01 ; 8.9502975e+01 
3.500e+01 ; 1.040e+01 ; 1.400e+00 ; 6.6671000e+01 ; 8.9504189e+01 
3.500e+01 ; 1.040e+01 ; 1.400e+00 ; 6.6672000e+01 ; 8.9505409e+01 
3.500e+01 ; 1.040e+01 ; 1.400e+00 ; 6.6673000e+01 ; 8.9506630e+01 
3.500e+01 ; 1.040e+01 ; 1.400e+00 ; 6.6675000e+01 ; 8.9509071e+01 
3.500e+01 ; 1.040e+01 ; 1.400e+00 ; 6.6679000e+01 ; 8.9513985e+01 
3.500e+01 ; 1.040e+01 ; 1.400e+00 ; 6.6687000e+01 ; 8.9523880e+01 
3.500e+01 ; 1.040e+01 ; 1.400e+00 ; 6.6703000e+01 ; 8.9544006e+01 
3.500e+01 ; 1.040e+01 ; 1.400e+00 ; 6.6735000e+01 ; 8.9585548e+01 
3.500e+01 ; 1.040e+01 ; 1.400e+00 ; 6.6799000e+01 ; 8.9673912e+01 
3.500e+01 ; 1.040e+01 ; 1.400e+00 ; 6.6927000e+01 ; 8.9871101e+01 
3.500e+01 ; 1.040e+01 ; 1.400e+00 ; 6.7183000e+01 ; 9.0334053e+01 
3.500e+01 ; 1.040e+01 ; 1.400e+00 ; 6.7695000e+01 ; 9.1399376e+01 
3.500e+01 ; 1.040e+01 ; 1.400e+00 ; 6.7800000e+01 ; 9.1622101e+01 
3.500e+01 ; 1.040e+01 ; 1.400e+00 ; 6.7800000e+01 ; 9.1622101e+01 
3.500e+01 ; 1.040e+01 ; 1.400e+00 ; 6.7801000e+01 ; 9.1624229e+01 
3.500e+01 ; 1.040e+01 ; 1.400e+00 ; 6.7802000e+01 ; 9.1626350e+01 
3.500e+01 ; 1.040e+01 ; 1.400e+00 ; 6.7803000e+01 ; 9.1628471e+01 
3.500e+01 ; 1.040e+01 ; 1.400e+00 ; 6.7805000e+01 ; 9.1632721e+01 
3.500e+01 ; 1.040e+01 ; 1.400e+00 ; 6.7809000e+01 ; 9.1641228e+01 
3.500e+01 ; 1.040e+01 ; 1.400e+00 ; 6.7817000e+01 ; 9.1658272e+01 
3.500e+01 ; 1.040e+01 ; 1.400e+00 ; 6.7833000e+01 ; 9.1692505e+01 
3.500e+01 ; 1.040e+01 ; 1.400e+00 ; 6.7865000e+01 ; 9.1761490e+01 
3.500e+01 ; 1.040e+01 ; 1.400e+00 ; 6.7929000e+01 ; 9.1901215e+01 
3.500e+01 ; 1.040e+01 ; 1.400e+00 ; 6.8057000e+01 ; 9.2185478e+01 
3.500e+01 ; 1.040e+01 ; 1.400e+00 ; 6.8313000e+01 ; 9.2758270e+01 
3.500e+01 ; 1.040e+01 ; 1.400e+00 ; 6.8825000e+01 ; 9.3840668e+01 
3.500e+01 ; 1.040e+01 ; 1.400e+00 ; 6.8930000e+01 ; 9.4059212e+01 
3.500e+01 ; 1.040e+01 ; 1.400e+00 ; 6.8930000e+01 ; 9.4059212e+01 
3.500e+01 ; 1.040e+01 ; 1.400e+00 ; 6.8931000e+01 ; 9.4061295e+01 
3.500e+01 ; 1.040e+01 ; 1.400e+00 ; 6.8932000e+01 ; 9.4063370e+01 
3.500e+01 ; 1.040e+01 ; 1.400e+00 ; 6.8933000e+01 ; 9.4065453e+01 
3.500e+01 ; 1.040e+01 ; 1.400e+00 ; 6.8935000e+01 ; 9.4069611e+01 
3.500e+01 ; 1.040e+01 ; 1.400e+00 ; 6.8939000e+01 ; 9.4077927e+01 
3.500e+01 ; 1.040e+01 ; 1.400e+00 ; 6.8947000e+01 ; 9.4094536e+01 
3.500e+01 ; 1.040e+01 ; 1.400e+00 ; 6.8963000e+01 ; 9.4127663e+01 
3.500e+01 ; 1.040e+01 ; 1.400e+00 ; 6.8995000e+01 ; 9.4193535e+01 
3.500e+01 ; 1.040e+01 ; 1.400e+00 ; 6.9059000e+01 ; 9.4323555e+01 
3.500e+01 ; 1.040e+01 ; 1.400e+00 ; 6.9187000e+01 ; 9.4575424e+01 
3.500e+01 ; 1.040e+01 ; 1.400e+00 ; 6.9443000e+01 ; 9.5040016e+01 
3.500e+01 ; 1.040e+01 ; 1.400e+00 ; 6.9955000e+01 ; 9.5797829e+01 
3.500e+01 ; 1.040e+01 ; 1.400e+00 ; 7.0060000e+01 ; 9.5945961e+01 
3.500e+01 ; 1.040e+01 ; 1.400e+00 ; 7.0060000e+01 ; 9.5945961e+01 
3.500e+01 ; 1.040e+01 ; 1.400e+00 ; 7.0061000e+01 ; 9.5947372e+01 
3.500e+01 ; 1.040e+01 ; 1.400e+00 ; 7.0062000e+01 ; 9.5948784e+01 
3.500e+01 ; 1.040e+01 ; 1.400e+00 ; 7.0063000e+01 ; 9.5950195e+01 
3.500e+01 ; 1.040e+01 ; 1.400e+00 ; 7.0065000e+01 ; 9.5953011e+01 
3.500e+01 ; 1.040e+01 ; 1.400e+00 ; 7.0069000e+01 ; 9.5958626e+01 
3.500e+01 ; 1.040e+01 ; 1.400e+00 ; 7.0077000e+01 ; 9.5969826e+01 
3.500e+01 ; 1.040e+01 ; 1.400e+00 ; 7.0093000e+01 ; 9.5992043e+01 
3.500e+01 ; 1.040e+01 ; 1.400e+00 ; 7.0125000e+01 ; 9.6035812e+01 
3.500e+01 ; 1.040e+01 ; 1.400e+00 ; 7.0189000e+01 ; 9.6120628e+01 
3.500e+01 ; 1.040e+01 ; 1.400e+00 ; 7.0317000e+01 ; 9.6279457e+01 
3.500e+01 ; 1.040e+01 ; 1.400e+00 ; 7.0573000e+01 ; 9.6555305e+01 
3.500e+01 ; 1.040e+01 ; 1.400e+00 ; 7.1085000e+01 ; 9.6958153e+01 
3.500e+01 ; 1.040e+01 ; 1.400e+00 ; 7.1190000e+01 ; 9.7034676e+01 
3.500e+01 ; 1.040e+01 ; 1.400e+00 ; 7.1190000e+01 ; 9.7034676e+01 
3.500e+01 ; 1.040e+01 ; 1.400e+00 ; 7.1191000e+01 ; 9.7035408e+01 
3.500e+01 ; 1.040e+01 ; 1.400e+00 ; 7.1192000e+01 ; 9.7036133e+01 
3.500e+01 ; 1.040e+01 ; 1.400e+00 ; 7.1193000e+01 ; 9.7036858e+01 
3.500e+01 ; 1.040e+01 ; 1.400e+00 ; 7.1195000e+01 ; 9.7038315e+01 
3.500e+01 ; 1.040e+01 ; 1.400e+00 ; 7.1199000e+01 ; 9.7041206e+01 
3.500e+01 ; 1.040e+01 ; 1.400e+00 ; 7.1207000e+01 ; 9.7046959e+01 
3.500e+01 ; 1.040e+01 ; 1.400e+00 ; 7.1223000e+01 ; 9.7058334e+01 
3.500e+01 ; 1.040e+01 ; 1.400e+00 ; 7.1255000e+01 ; 9.7080521e+01 
3.500e+01 ; 1.040e+01 ; 1.400e+00 ; 7.1319000e+01 ; 9.7122704e+01 
3.500e+01 ; 1.040e+01 ; 1.400e+00 ; 7.1447000e+01 ; 9.7198669e+01 
3.500e+01 ; 1.040e+01 ; 1.400e+00 ; 7.1703000e+01 ; 9.7319672e+01 
3.500e+01 ; 1.040e+01 ; 1.400e+00 ; 7.2215000e+01 ; 9.7458298e+01 
3.500e+01 ; 1.040e+01 ; 1.400e+00 ; 7.2320000e+01 ; 9.7482559e+01 
3.500e+01 ; 1.040e+01 ; 1.400e+00 ; 7.2320000e+01 ; 9.7482559e+01 
3.500e+01 ; 1.040e+01 ; 1.400e+00 ; 7.2321000e+01 ; 9.7482788e+01 
3.500e+01 ; 1.040e+01 ; 1.400e+00 ; 7.2322000e+01 ; 9.7483017e+01 
3.500e+01 ; 1.040e+01 ; 1.400e+00 ; 7.2323000e+01 ; 9.7483246e+01 
3.500e+01 ; 1.040e+01 ; 1.400e+00 ; 7.2325000e+01 ; 9.7483704e+01 
3.500e+01 ; 1.040e+01 ; 1.400e+00 ; 7.2329000e+01 ; 9.7484619e+01 
3.500e+01 ; 1.040e+01 ; 1.400e+00 ; 7.2337000e+01 ; 9.7486412e+01 
3.500e+01 ; 1.040e+01 ; 1.400e+00 ; 7.2353000e+01 ; 9.7489914e+01 
3.500e+01 ; 1.040e+01 ; 1.400e+00 ; 7.2385000e+01 ; 9.7496529e+01 
3.500e+01 ; 1.040e+01 ; 1.400e+00 ; 7.2449000e+01 ; 9.7508293e+01 
3.500e+01 ; 1.040e+01 ; 1.400e+00 ; 7.2577000e+01 ; 9.7526230e+01 
3.500e+01 ; 1.040e+01 ; 1.400e+00 ; 7.2833000e+01 ; 9.7541954e+01 
3.500e+01 ; 1.040e+01 ; 1.400e+00 ; 7.3345000e+01 ; 9.7508286e+01 
3.500e+01 ; 1.040e+01 ; 1.400e+00 ; 7.3450000e+01 ; 9.7498764e+01 
3.500e+01 ; 1.040e+01 ; 1.400e+00 ; 7.3450000e+01 ; 9.7498764e+01 
3.500e+01 ; 1.040e+01 ; 1.400e+00 ; 7.3451000e+01 ; 9.7498672e+01 
3.500e+01 ; 1.040e+01 ; 1.400e+00 ; 7.3452000e+01 ; 9.7498581e+01 
3.500e+01 ; 1.040e+01 ; 1.400e+00 ; 7.3453000e+01 ; 9.7498489e+01 
3.500e+01 ; 1.040e+01 ; 1.400e+00 ; 7.3455000e+01 ; 9.7498306e+01 
3.500e+01 ; 1.040e+01 ; 1.400e+00 ; 7.3459000e+01 ; 9.7497940e+01 
3.500e+01 ; 1.040e+01 ; 1.400e+00 ; 7.3467000e+01 ; 9.7497177e+01 
3.500e+01 ; 1.040e+01 ; 1.400e+00 ; 7.3483000e+01 ; 9.7495605e+01 
3.500e+01 ; 1.040e+01 ; 1.400e+00 ; 7.3515000e+01 ; 9.7492226e+01 
3.500e+01 ; 1.040e+01 ; 1.400e+00 ; 7.3579000e+01 ; 9.7484543e+01 
3.500e+01 ; 1.040e+01 ; 1.400e+00 ; 7.3707000e+01 ; 9.7465744e+01 
3.500e+01 ; 1.040e+01 ; 1.400e+00 ; 7.3963000e+01 ; 9.7415955e+01 
3.500e+01 ; 1.040e+01 ; 1.400e+00 ; 7.4475000e+01 ; 9.7277924e+01 
3.500e+01 ; 1.040e+01 ; 1.400e+00 ; 7.4580000e+01 ; 9.7248085e+01 
3.500e+01 ; 1.040e+01 ; 1.400e+00 ; 7.4580000e+01 ; 9.7248085e+01 
3.500e+01 ; 1.040e+01 ; 1.400e+00 ; 7.4581000e+01 ; 9.7247803e+01 
3.500e+01 ; 1.040e+01 ; 1.400e+00 ; 7.4582000e+01 ; 9.7247520e+01 
3.500e+01 ; 1.040e+01 ; 1.400e+00 ; 7.4583000e+01 ; 9.7247238e+01 
3.500e+01 ; 1.040e+01 ; 1.400e+00 ; 7.4585000e+01 ; 9.7246666e+01 
3.500e+01 ; 1.040e+01 ; 1.400e+00 ; 7.4589000e+01 ; 9.7245522e+01 
3.500e+01 ; 1.040e+01 ; 1.400e+00 ; 7.4597000e+01 ; 9.7243233e+01 
3.500e+01 ; 1.040e+01 ; 1.400e+00 ; 7.4613000e+01 ; 9.7238609e+01 
3.500e+01 ; 1.040e+01 ; 1.400e+00 ; 7.4645000e+01 ; 9.7229240e+01 
3.500e+01 ; 1.040e+01 ; 1.400e+00 ; 7.4709000e+01 ; 9.7209953e+01 
3.500e+01 ; 1.040e+01 ; 1.400e+00 ; 7.4837000e+01 ; 9.7169403e+01 
3.500e+01 ; 1.040e+01 ; 1.400e+00 ; 7.5093000e+01 ; 9.7081383e+01 
3.500e+01 ; 1.040e+01 ; 1.400e+00 ; 7.5605000e+01 ; 9.6884254e+01 
3.500e+01 ; 1.040e+01 ; 1.400e+00 ; 7.5710000e+01 ; 9.6842995e+01 
3.500e+01 ; 1.040e+01 ; 1.400e+00 ; 7.5710000e+01 ; 9.6842995e+01 
3.500e+01 ; 1.040e+01 ; 1.400e+00 ; 7.5711000e+01 ; 9.6842598e+01 
3.500e+01 ; 1.040e+01 ; 1.400e+00 ; 7.5712000e+01 ; 9.6842209e+01 
3.500e+01 ; 1.040e+01 ; 1.400e+00 ; 7.5713000e+01 ; 9.6841812e+01 
3.500e+01 ; 1.040e+01 ; 1.400e+00 ; 7.5715000e+01 ; 9.6841026e+01 
3.500e+01 ; 1.040e+01 ; 1.400e+00 ; 7.5719000e+01 ; 9.6839455e+01 
3.500e+01 ; 1.040e+01 ; 1.400e+00 ; 7.5727000e+01 ; 9.6836304e+01 
3.500e+01 ; 1.040e+01 ; 1.400e+00 ; 7.5743000e+01 ; 9.6829971e+01 
3.500e+01 ; 1.040e+01 ; 1.400e+00 ; 7.5775000e+01 ; 9.6817245e+01 
3.500e+01 ; 1.040e+01 ; 1.400e+00 ; 7.5839000e+01 ; 9.6791512e+01 
3.500e+01 ; 1.040e+01 ; 1.400e+00 ; 7.5967000e+01 ; 9.6738976e+01 
3.500e+01 ; 1.040e+01 ; 1.400e+00 ; 7.6223000e+01 ; 9.6630348e+01 
3.500e+01 ; 1.040e+01 ; 1.400e+00 ; 7.6735000e+01 ; 9.6402939e+01 
3.500e+01 ; 1.040e+01 ; 1.400e+00 ; 7.6840000e+01 ; 9.6355911e+01 
3.500e+01 ; 1.040e+01 ; 1.400e+00 ; 7.6840000e+01 ; 9.6355911e+01 
3.500e+01 ; 1.040e+01 ; 1.400e+00 ; 7.6841000e+01 ; 9.6355461e+01 
3.500e+01 ; 1.040e+01 ; 1.400e+00 ; 7.6842000e+01 ; 9.6355011e+01 
3.500e+01 ; 1.040e+01 ; 1.400e+00 ; 7.6843000e+01 ; 9.6354568e+01 
3.500e+01 ; 1.040e+01 ; 1.400e+00 ; 7.6845000e+01 ; 9.6353668e+01 
3.500e+01 ; 1.040e+01 ; 1.400e+00 ; 7.6849000e+01 ; 9.6351875e+01 
3.500e+01 ; 1.040e+01 ; 1.400e+00 ; 7.6857000e+01 ; 9.6348289e+01 
3.500e+01 ; 1.040e+01 ; 1.400e+00 ; 7.6873000e+01 ; 9.6341103e+01 
3.500e+01 ; 1.040e+01 ; 1.400e+00 ; 7.6905000e+01 ; 9.6326698e+01 
3.500e+01 ; 1.040e+01 ; 1.400e+00 ; 7.6969000e+01 ; 9.6297760e+01 
3.500e+01 ; 1.040e+01 ; 1.400e+00 ; 7.7097000e+01 ; 9.6239410e+01 
3.500e+01 ; 1.040e+01 ; 1.400e+00 ; 7.7353000e+01 ; 9.6121239e+01 
3.500e+01 ; 1.040e+01 ; 1.400e+00 ; 7.7865000e+01 ; 9.5881538e+01 
3.500e+01 ; 1.040e+01 ; 1.400e+00 ; 7.7970000e+01 ; 9.5832260e+01 
3.500e+01 ; 1.040e+01 ; 1.400e+00 ; 7.7970000e+01 ; 9.5832260e+01 
3.500e+01 ; 1.040e+01 ; 1.400e+00 ; 7.7971000e+01 ; 9.5831787e+01 
3.500e+01 ; 1.040e+01 ; 1.400e+00 ; 7.7972000e+01 ; 9.5831322e+01 
3.500e+01 ; 1.040e+01 ; 1.400e+00 ; 7.7973000e+01 ; 9.5830849e+01 
3.500e+01 ; 1.040e+01 ; 1.400e+00 ; 7.7975000e+01 ; 9.5829910e+01 
3.500e+01 ; 1.040e+01 ; 1.400e+00 ; 7.7979000e+01 ; 9.5828033e+01 
3.500e+01 ; 1.040e+01 ; 1.400e+00 ; 7.7987000e+01 ; 9.5824280e+01 
3.500e+01 ; 1.040e+01 ; 1.400e+00 ; 7.8003000e+01 ; 9.5816765e+01 
3.500e+01 ; 1.040e+01 ; 1.400e+00 ; 7.8035000e+01 ; 9.5801720e+01 
3.500e+01 ; 1.040e+01 ; 1.400e+00 ; 7.8099000e+01 ; 9.5771606e+01 
3.500e+01 ; 1.040e+01 ; 1.400e+00 ; 7.8227000e+01 ; 9.5711273e+01 
3.500e+01 ; 1.040e+01 ; 1.400e+00 ; 7.8483000e+01 ; 9.5590416e+01 
3.500e+01 ; 1.040e+01 ; 1.400e+00 ; 7.8995000e+01 ; 9.5349586e+01 
3.500e+01 ; 1.040e+01 ; 1.400e+00 ; 7.9100000e+01 ; 9.5300247e+01 
3.500e+01 ; 1.040e+01 ; 1.400e+00 ; 7.9100000e+01 ; 9.5300247e+01 
3.500e+01 ; 1.040e+01 ; 1.400e+00 ; 7.9101000e+01 ; 9.5299774e+01 
3.500e+01 ; 1.040e+01 ; 1.400e+00 ; 7.9102000e+01 ; 9.5299301e+01 
3.500e+01 ; 1.040e+01 ; 1.400e+00 ; 7.9103000e+01 ; 9.5298836e+01 
3.500e+01 ; 1.040e+01 ; 1.400e+00 ; 7.9105000e+01 ; 9.5297897e+01 
3.500e+01 ; 1.040e+01 ; 1.400e+00 ; 7.9109000e+01 ; 9.5296013e+01 
3.500e+01 ; 1.040e+01 ; 1.400e+00 ; 7.9117000e+01 ; 9.5292259e+01 
3.500e+01 ; 1.040e+01 ; 1.400e+00 ; 7.9133000e+01 ; 9.5284737e+01 
3.500e+01 ; 1.040e+01 ; 1.400e+00 ; 7.9165000e+01 ; 9.5269714e+01 
3.500e+01 ; 1.040e+01 ; 1.400e+00 ; 7.9229000e+01 ; 9.5239685e+01 
3.500e+01 ; 1.040e+01 ; 1.400e+00 ; 7.9357000e+01 ; 9.5179749e+01 
3.500e+01 ; 1.040e+01 ; 1.400e+00 ; 7.9613000e+01 ; 9.5060562e+01 
3.500e+01 ; 1.040e+01 ; 1.400e+00 ; 8.0125000e+01 ; 9.4826355e+01 
3.500e+01 ; 1.040e+01 ; 1.400e+00 ; 8.0230000e+01 ; 9.4778511e+01 
3.500e+01 ; 1.040e+01 ; 1.400e+00 ; 8.0230000e+01 ; 9.4778511e+01 
3.500e+01 ; 1.040e+01 ; 1.400e+00 ; 8.0231000e+01 ; 9.4778053e+01 
3.500e+01 ; 1.040e+01 ; 1.400e+00 ; 8.0232000e+01 ; 9.4777596e+01 
3.500e+01 ; 1.040e+01 ; 1.400e+00 ; 8.0233000e+01 ; 9.4777145e+01 
3.500e+01 ; 1.040e+01 ; 1.400e+00 ; 8.0235000e+01 ; 9.4776230e+01 
3.500e+01 ; 1.040e+01 ; 1.400e+00 ; 8.0239000e+01 ; 9.4774406e+01 
3.500e+01 ; 1.040e+01 ; 1.400e+00 ; 8.0247000e+01 ; 9.4770767e+01 
3.500e+01 ; 1.040e+01 ; 1.400e+00 ; 8.0263000e+01 ; 9.4763489e+01 
3.500e+01 ; 1.040e+01 ; 1.400e+00 ; 8.0295000e+01 ; 9.4748947e+01 
3.500e+01 ; 1.040e+01 ; 1.400e+00 ; 8.0359000e+01 ; 9.4719948e+01 
3.500e+01 ; 1.040e+01 ; 1.400e+00 ; 8.0487000e+01 ; 9.4662376e+01 
3.500e+01 ; 1.040e+01 ; 1.400e+00 ; 8.0743000e+01 ; 9.4549644e+01 
3.500e+01 ; 1.040e+01 ; 1.400e+00 ; 8.1255000e+01 ; 9.4337791e+01 
3.500e+01 ; 1.040e+01 ; 1.400e+00 ; 8.1360000e+01 ; 9.4294945e+01 
3.500e+01 ; 1.040e+01 ; 1.400e+00 ; 8.1360000e+01 ; 9.4294945e+01 
3.500e+01 ; 1.040e+01 ; 1.400e+00 ; 8.1361000e+01 ; 9.4294533e+01 
3.500e+01 ; 1.040e+01 ; 1.400e+00 ; 8.1362000e+01 ; 9.4294128e+01 
3.500e+01 ; 1.040e+01 ; 1.400e+00 ; 8.1363000e+01 ; 9.4293716e+01 
3.500e+01 ; 1.040e+01 ; 1.400e+00 ; 8.1365000e+01 ; 9.4292908e+01 
3.500e+01 ; 1.040e+01 ; 1.400e+00 ; 8.1369000e+01 ; 9.4291275e+01 
3.500e+01 ; 1.040e+01 ; 1.400e+00 ; 8.1377000e+01 ; 9.4288017e+01 
3.500e+01 ; 1.040e+01 ; 1.400e+00 ; 8.1393000e+01 ; 9.4281517e+01 
3.500e+01 ; 1.040e+01 ; 1.400e+00 ; 8.1425000e+01 ; 9.4268585e+01 
3.500e+01 ; 1.040e+01 ; 1.400e+00 ; 8.1489000e+01 ; 9.4242981e+01 
3.500e+01 ; 1.040e+01 ; 1.400e+00 ; 8.1617000e+01 ; 9.4193123e+01 
3.500e+01 ; 1.040e+01 ; 1.400e+00 ; 8.1873000e+01 ; 9.4100487e+01 
3.500e+01 ; 1.040e+01 ; 1.400e+00 ; 8.2385000e+01 ; 9.3951393e+01 
3.500e+01 ; 1.040e+01 ; 1.400e+00 ; 8.2490000e+01 ; 9.3922394e+01 
3.500e+01 ; 1.040e+01 ; 1.400e+00 ; 8.2490000e+01 ; 9.3922394e+01 
3.500e+01 ; 1.040e+01 ; 1.400e+00 ; 8.2491000e+01 ; 9.3922119e+01 
3.500e+01 ; 1.040e+01 ; 1.400e+00 ; 8.2492000e+01 ; 9.3921844e+01 
3.500e+01 ; 1.040e+01 ; 1.400e+00 ; 8.2493000e+01 ; 9.3921570e+01 
3.500e+01 ; 1.040e+01 ; 1.400e+00 ; 8.2495000e+01 ; 9.3921013e+01 
3.500e+01 ; 1.040e+01 ; 1.400e+00 ; 8.2499000e+01 ; 9.3919914e+01 
3.500e+01 ; 1.040e+01 ; 1.400e+00 ; 8.2507000e+01 ; 9.3917725e+01 
3.500e+01 ; 1.040e+01 ; 1.400e+00 ; 8.2523000e+01 ; 9.3913383e+01 
3.500e+01 ; 1.040e+01 ; 1.400e+00 ; 8.2555000e+01 ; 9.3904854e+01 
3.500e+01 ; 1.040e+01 ; 1.400e+00 ; 8.2619000e+01 ; 9.3888458e+01 
3.500e+01 ; 1.040e+01 ; 1.400e+00 ; 8.2747000e+01 ; 9.3858681e+01 
3.500e+01 ; 1.040e+01 ; 1.400e+00 ; 8.3003000e+01 ; 9.3813438e+01 
3.500e+01 ; 1.040e+01 ; 1.400e+00 ; 8.3515000e+01 ; 9.3786987e+01 
3.500e+01 ; 1.040e+01 ; 1.400e+00 ; 8.3620000e+01 ; 9.3784279e+01 
3.500e+01 ; 1.040e+01 ; 1.400e+00 ; 8.3620000e+01 ; 9.3784279e+01 
3.500e+01 ; 1.040e+01 ; 1.400e+00 ; 8.3621000e+01 ; 9.3784256e+01 
3.500e+01 ; 1.040e+01 ; 1.400e+00 ; 8.3622000e+01 ; 9.3784233e+01 
3.500e+01 ; 1.040e+01 ; 1.400e+00 ; 8.3623000e+01 ; 9.3784203e+01 
3.500e+01 ; 1.040e+01 ; 1.400e+00 ; 8.3625000e+01 ; 9.3784157e+01 
3.500e+01 ; 1.040e+01 ; 1.400e+00 ; 8.3629000e+01 ; 9.3784065e+01 
3.500e+01 ; 1.040e+01 ; 1.400e+00 ; 8.3637000e+01 ; 9.3783890e+01 
3.500e+01 ; 1.040e+01 ; 1.400e+00 ; 8.3653000e+01 ; 9.3783607e+01 
3.500e+01 ; 1.040e+01 ; 1.400e+00 ; 8.3685000e+01 ; 9.3783310e+01 
3.500e+01 ; 1.040e+01 ; 1.400e+00 ; 8.3749000e+01 ; 9.3783783e+01 
3.500e+01 ; 1.040e+01 ; 1.400e+00 ; 8.3877000e+01 ; 9.3789230e+01 
3.500e+01 ; 1.040e+01 ; 1.400e+00 ; 8.4133000e+01 ; 9.3819244e+01 
3.500e+01 ; 1.040e+01 ; 1.400e+00 ; 8.4645000e+01 ; 9.3952873e+01 
3.500e+01 ; 1.040e+01 ; 1.400e+00 ; 8.4750000e+01 ; 9.3983322e+01 
3.500e+01 ; 1.040e+01 ; 1.400e+00 ; 8.4750000e+01 ; 9.3983322e+01 
3.500e+01 ; 1.040e+01 ; 1.400e+00 ; 8.4751000e+01 ; 9.3983612e+01 
3.500e+01 ; 1.040e+01 ; 1.400e+00 ; 8.4752000e+01 ; 9.3983902e+01 
3.500e+01 ; 1.040e+01 ; 1.400e+00 ; 8.4753000e+01 ; 9.3984192e+01 
3.500e+01 ; 1.040e+01 ; 1.400e+00 ; 8.4755000e+01 ; 9.3984772e+01 
3.500e+01 ; 1.040e+01 ; 1.400e+00 ; 8.4759000e+01 ; 9.3985947e+01 
3.500e+01 ; 1.040e+01 ; 1.400e+00 ; 8.4767000e+01 ; 9.3988297e+01 
3.500e+01 ; 1.040e+01 ; 1.400e+00 ; 8.4783000e+01 ; 9.3993088e+01 
3.500e+01 ; 1.040e+01 ; 1.400e+00 ; 8.4815000e+01 ; 9.4002937e+01 
3.500e+01 ; 1.040e+01 ; 1.400e+00 ; 8.4879000e+01 ; 9.4023788e+01 
3.500e+01 ; 1.040e+01 ; 1.400e+00 ; 8.5007000e+01 ; 9.4070007e+01 
3.500e+01 ; 1.040e+01 ; 1.400e+00 ; 8.5263000e+01 ; 9.4179893e+01 
3.500e+01 ; 1.040e+01 ; 1.400e+00 ; 8.5775000e+01 ; 9.4456947e+01 
3.500e+01 ; 1.040e+01 ; 1.400e+00 ; 8.5880000e+01 ; 9.4516052e+01 
3.500e+01 ; 1.040e+01 ; 1.400e+00 ; 8.5880000e+01 ; 9.4516052e+01 
3.500e+01 ; 1.040e+01 ; 1.400e+00 ; 8.5881000e+01 ; 9.4516609e+01 
3.500e+01 ; 1.040e+01 ; 1.400e+00 ; 8.5882000e+01 ; 9.4517174e+01 
3.500e+01 ; 1.040e+01 ; 1.400e+00 ; 8.5883000e+01 ; 9.4517738e+01 
3.500e+01 ; 1.040e+01 ; 1.400e+00 ; 8.5885000e+01 ; 9.4518867e+01 
3.500e+01 ; 1.040e+01 ; 1.400e+00 ; 8.5889000e+01 ; 9.4521126e+01 
3.500e+01 ; 1.040e+01 ; 1.400e+00 ; 8.5897000e+01 ; 9.4525658e+01 
3.500e+01 ; 1.040e+01 ; 1.400e+00 ; 8.5913000e+01 ; 9.4534767e+01 
3.500e+01 ; 1.040e+01 ; 1.400e+00 ; 8.5945000e+01 ; 9.4553207e+01 
3.500e+01 ; 1.040e+01 ; 1.400e+00 ; 8.6009000e+01 ; 9.4590858e+01 
3.500e+01 ; 1.040e+01 ; 1.400e+00 ; 8.6137000e+01 ; 9.4668991e+01 
3.500e+01 ; 1.040e+01 ; 1.400e+00 ; 8.6393000e+01 ; 9.4834007e+01 
3.500e+01 ; 1.040e+01 ; 1.400e+00 ; 8.6905000e+01 ; 9.5179390e+01 
3.500e+01 ; 1.040e+01 ; 1.400e+00 ; 8.7010000e+01 ; 9.5250702e+01 
3.500e+01 ; 1.040e+01 ; 1.400e+00 ; 8.7010000e+01 ; 9.5250702e+01 
3.500e+01 ; 1.040e+01 ; 1.400e+00 ; 8.7011000e+01 ; 9.5251381e+01 
3.500e+01 ; 1.040e+01 ; 1.400e+00 ; 8.7012000e+01 ; 9.5252060e+01 
3.500e+01 ; 1.040e+01 ; 1.400e+00 ; 8.7013000e+01 ; 9.5252739e+01 
3.500e+01 ; 1.040e+01 ; 1.400e+00 ; 8.7015000e+01 ; 9.5254097e+01 
3.500e+01 ; 1.040e+01 ; 1.400e+00 ; 8.7019000e+01 ; 9.5256813e+01 
3.500e+01 ; 1.040e+01 ; 1.400e+00 ; 8.7027000e+01 ; 9.5262253e+01 
3.500e+01 ; 1.040e+01 ; 1.400e+00 ; 8.7043000e+01 ; 9.5273140e+01 
3.500e+01 ; 1.040e+01 ; 1.400e+00 ; 8.7075000e+01 ; 9.5294952e+01 
3.500e+01 ; 1.040e+01 ; 1.400e+00 ; 8.7139000e+01 ; 9.5338684e+01 
3.500e+01 ; 1.040e+01 ; 1.400e+00 ; 8.7267000e+01 ; 9.5426277e+01 
3.500e+01 ; 1.040e+01 ; 1.400e+00 ; 8.7523000e+01 ; 9.5600098e+01 
3.500e+01 ; 1.040e+01 ; 1.400e+00 ; 8.8035000e+01 ; 9.5930573e+01 
3.500e+01 ; 1.040e+01 ; 1.400e+00 ; 8.8140000e+01 ; 9.5997528e+01 
3.500e+01 ; 1.040e+01 ; 1.400e+00 ; 8.8140000e+01 ; 9.5997528e+01 
3.500e+01 ; 1.040e+01 ; 1.400e+00 ; 8.8141000e+01 ; 9.5998161e+01 
3.500e+01 ; 1.040e+01 ; 1.400e+00 ; 8.8142000e+01 ; 9.5998802e+01 
3.500e+01 ; 1.040e+01 ; 1.400e+00 ; 8.8143000e+01 ; 9.5999435e+01 
3.500e+01 ; 1.040e+01 ; 1.400e+00 ; 8.8145000e+01 ; 9.6000717e+01 
3.500e+01 ; 1.040e+01 ; 1.400e+00 ; 8.8149000e+01 ; 9.6003265e+01 
3.500e+01 ; 1.040e+01 ; 1.400e+00 ; 8.8157000e+01 ; 9.6008354e+01 
3.500e+01 ; 1.040e+01 ; 1.400e+00 ; 8.8173000e+01 ; 9.6018517e+01 
3.500e+01 ; 1.040e+01 ; 1.400e+00 ; 8.8205000e+01 ; 9.6038757e+01 
3.500e+01 ; 1.040e+01 ; 1.400e+00 ; 8.8269000e+01 ; 9.6078911e+01 
3.500e+01 ; 1.040e+01 ; 1.400e+00 ; 8.8397000e+01 ; 9.6157692e+01 
3.500e+01 ; 1.040e+01 ; 1.400e+00 ; 8.8653000e+01 ; 9.6308334e+01 
3.500e+01 ; 1.040e+01 ; 1.400e+00 ; 8.9165000e+01 ; 9.6577637e+01 
3.500e+01 ; 1.040e+01 ; 1.400e+00 ; 8.9270000e+01 ; 9.6631485e+01 
3.500e+01 ; 1.040e+01 ; 1.400e+00 ; 8.9270000e+01 ; 9.6631485e+01 
3.500e+01 ; 1.040e+01 ; 1.400e+00 ; 8.9271000e+01 ; 9.6631996e+01 
3.500e+01 ; 1.040e+01 ; 1.400e+00 ; 8.9272000e+01 ; 9.6632507e+01 
3.500e+01 ; 1.040e+01 ; 1.400e+00 ; 8.9273000e+01 ; 9.6633026e+01 
3.500e+01 ; 1.040e+01 ; 1.400e+00 ; 8.9275000e+01 ; 9.6634048e+01 
3.500e+01 ; 1.040e+01 ; 1.400e+00 ; 8.9279000e+01 ; 9.6636093e+01 
3.500e+01 ; 1.040e+01 ; 1.400e+00 ; 8.9287000e+01 ; 9.6640182e+01 
3.500e+01 ; 1.040e+01 ; 1.400e+00 ; 8.9303000e+01 ; 9.6648323e+01 
3.500e+01 ; 1.040e+01 ; 1.400e+00 ; 8.9335000e+01 ; 9.6664467e+01 
3.500e+01 ; 1.040e+01 ; 1.400e+00 ; 8.9399000e+01 ; 9.6696243e+01 
3.500e+01 ; 1.040e+01 ; 1.400e+00 ; 8.9527000e+01 ; 9.6757660e+01 
3.500e+01 ; 1.040e+01 ; 1.400e+00 ; 8.9783000e+01 ; 9.6871773e+01 
3.500e+01 ; 1.040e+01 ; 1.400e+00 ; 9.0295000e+01 ; 9.7065140e+01 
3.500e+01 ; 1.040e+01 ; 1.400e+00 ; 9.0400000e+01 ; 9.7103333e+01 
3.500e+01 ; 1.040e+01 ; 1.400e+00 ; 9.0400000e+01 ; 9.7103333e+01 
3.500e+01 ; 1.040e+01 ; 1.400e+00 ; 9.0401000e+01 ; 9.7103699e+01 
3.500e+01 ; 1.040e+01 ; 1.400e+00 ; 9.0402000e+01 ; 9.7104065e+01 
3.500e+01 ; 1.040e+01 ; 1.400e+00 ; 9.0403000e+01 ; 9.7104424e+01 
3.500e+01 ; 1.040e+01 ; 1.400e+00 ; 9.0405000e+01 ; 9.7105148e+01 
3.500e+01 ; 1.040e+01 ; 1.400e+00 ; 9.0409000e+01 ; 9.7106598e+01 
3.500e+01 ; 1.040e+01 ; 1.400e+00 ; 9.0417000e+01 ; 9.7109497e+01 
3.500e+01 ; 1.040e+01 ; 1.400e+00 ; 9.0433000e+01 ; 9.7115242e+01 
3.500e+01 ; 1.040e+01 ; 1.400e+00 ; 9.0465000e+01 ; 9.7126610e+01 
3.500e+01 ; 1.040e+01 ; 1.400e+00 ; 9.0529000e+01 ; 9.7148796e+01 
3.500e+01 ; 1.040e+01 ; 1.400e+00 ; 9.0657000e+01 ; 9.7191017e+01 
3.500e+01 ; 1.040e+01 ; 1.400e+00 ; 9.0913000e+01 ; 9.7267036e+01 
3.500e+01 ; 1.040e+01 ; 1.400e+00 ; 9.1425000e+01 ; 9.7387321e+01 
3.500e+01 ; 1.040e+01 ; 1.400e+00 ; 9.1530000e+01 ; 9.7410667e+01 
3.500e+01 ; 1.040e+01 ; 1.400e+00 ; 9.1530000e+01 ; 9.7410667e+01 
3.500e+01 ; 1.040e+01 ; 1.400e+00 ; 9.1531000e+01 ; 9.7410889e+01 
3.500e+01 ; 1.040e+01 ; 1.400e+00 ; 9.1532000e+01 ; 9.7411118e+01 
3.500e+01 ; 1.040e+01 ; 1.400e+00 ; 9.1533000e+01 ; 9.7411339e+01 
3.500e+01 ; 1.040e+01 ; 1.400e+00 ; 9.1535000e+01 ; 9.7411781e+01 
3.500e+01 ; 1.040e+01 ; 1.400e+00 ; 9.1539000e+01 ; 9.7412666e+01 
3.500e+01 ; 1.040e+01 ; 1.400e+00 ; 9.1547000e+01 ; 9.7414429e+01 
3.500e+01 ; 1.040e+01 ; 1.400e+00 ; 9.1563000e+01 ; 9.7417923e+01 
3.500e+01 ; 1.040e+01 ; 1.400e+00 ; 9.1595000e+01 ; 9.7424789e+01 
3.500e+01 ; 1.040e+01 ; 1.400e+00 ; 9.1659000e+01 ; 9.7438049e+01 
3.500e+01 ; 1.040e+01 ; 1.400e+00 ; 9.1787000e+01 ; 9.7462677e+01 
3.500e+01 ; 1.040e+01 ; 1.400e+00 ; 9.2043000e+01 ; 9.7504677e+01 
3.500e+01 ; 1.040e+01 ; 1.400e+00 ; 9.2555000e+01 ; 9.7562241e+01 
3.500e+01 ; 1.040e+01 ; 1.400e+00 ; 9.2660000e+01 ; 9.7572952e+01 
3.500e+01 ; 1.040e+01 ; 1.400e+00 ; 9.2660000e+01 ; 9.7572952e+01 
3.500e+01 ; 1.040e+01 ; 1.400e+00 ; 9.2661000e+01 ; 9.7573059e+01 
3.500e+01 ; 1.040e+01 ; 1.400e+00 ; 9.2662000e+01 ; 9.7573158e+01 
3.500e+01 ; 1.040e+01 ; 1.400e+00 ; 9.2663000e+01 ; 9.7573265e+01 
3.500e+01 ; 1.040e+01 ; 1.400e+00 ; 9.2665000e+01 ; 9.7573463e+01 
3.500e+01 ; 1.040e+01 ; 1.400e+00 ; 9.2669000e+01 ; 9.7573868e+01 
3.500e+01 ; 1.040e+01 ; 1.400e+00 ; 9.2677000e+01 ; 9.7574669e+01 
3.500e+01 ; 1.040e+01 ; 1.400e+00 ; 9.2693000e+01 ; 9.7576256e+01 
3.500e+01 ; 1.040e+01 ; 1.400e+00 ; 9.2725000e+01 ; 9.7579315e+01 
3.500e+01 ; 1.040e+01 ; 1.400e+00 ; 9.2789000e+01 ; 9.7585045e+01 
3.500e+01 ; 1.040e+01 ; 1.400e+00 ; 9.2917000e+01 ; 9.7594955e+01 
3.500e+01 ; 1.040e+01 ; 1.400e+00 ; 9.3173000e+01 ; 9.7608955e+01 
3.500e+01 ; 1.040e+01 ; 1.400e+00 ; 9.3685000e+01 ; 9.7616089e+01 
3.500e+01 ; 1.040e+01 ; 1.400e+00 ; 9.3790000e+01 ; 9.7616699e+01 
3.500e+01 ; 1.040e+01 ; 1.400e+00 ; 9.3790000e+01 ; 9.7616699e+01 
3.500e+01 ; 1.040e+01 ; 1.400e+00 ; 9.3791000e+01 ; 9.7616699e+01 
3.500e+01 ; 1.040e+01 ; 1.400e+00 ; 9.3792000e+01 ; 9.7616707e+01 
3.500e+01 ; 1.040e+01 ; 1.400e+00 ; 9.3793000e+01 ; 9.7616714e+01 
3.500e+01 ; 1.040e+01 ; 1.400e+00 ; 9.3795000e+01 ; 9.7616722e+01 
3.500e+01 ; 1.040e+01 ; 1.400e+00 ; 9.3799000e+01 ; 9.7616745e+01 
3.500e+01 ; 1.040e+01 ; 1.400e+00 ; 9.3807000e+01 ; 9.7616776e+01 
3.500e+01 ; 1.040e+01 ; 1.400e+00 ; 9.3823000e+01 ; 9.7616829e+01 
3.500e+01 ; 1.040e+01 ; 1.400e+00 ; 9.3855000e+01 ; 9.7616859e+01 
3.500e+01 ; 1.040e+01 ; 1.400e+00 ; 9.3919000e+01 ; 9.7616600e+01 
3.500e+01 ; 1.040e+01 ; 1.400e+00 ; 9.4047000e+01 ; 9.7614883e+01 
3.500e+01 ; 1.040e+01 ; 1.400e+00 ; 9.4303000e+01 ; 9.7606956e+01 
3.500e+01 ; 1.040e+01 ; 1.400e+00 ; 9.4815000e+01 ; 9.7575272e+01 
3.500e+01 ; 1.040e+01 ; 1.400e+00 ; 9.4920000e+01 ; 9.7568123e+01 
3.500e+01 ; 1.040e+01 ; 1.400e+00 ; 9.4920000e+01 ; 9.7568123e+01 
3.500e+01 ; 1.040e+01 ; 1.400e+00 ; 9.4921000e+01 ; 9.7568054e+01 
3.500e+01 ; 1.040e+01 ; 1.400e+00 ; 9.4922000e+01 ; 9.7567986e+01 
3.500e+01 ; 1.040e+01 ; 1.400e+00 ; 9.4923000e+01 ; 9.7567917e+01 
3.500e+01 ; 1.040e+01 ; 1.400e+00 ; 9.4925000e+01 ; 9.7567780e+01 
3.500e+01 ; 1.040e+01 ; 1.400e+00 ; 9.4929000e+01 ; 9.7567505e+01 
3.500e+01 ; 1.040e+01 ; 1.400e+00 ; 9.4937000e+01 ; 9.7566956e+01 
3.500e+01 ; 1.040e+01 ; 1.400e+00 ; 9.4953000e+01 ; 9.7565834e+01 
3.500e+01 ; 1.040e+01 ; 1.400e+00 ; 9.4985000e+01 ; 9.7563538e+01 
3.500e+01 ; 1.040e+01 ; 1.400e+00 ; 9.5049000e+01 ; 9.7558708e+01 
3.500e+01 ; 1.040e+01 ; 1.400e+00 ; 9.5177000e+01 ; 9.7548149e+01 
3.500e+01 ; 1.040e+01 ; 1.400e+00 ; 9.5433000e+01 ; 9.7523689e+01 
3.500e+01 ; 1.040e+01 ; 1.400e+00 ; 9.5945000e+01 ; 9.7463173e+01 
3.500e+01 ; 1.040e+01 ; 1.400e+00 ; 9.6050000e+01 ; 9.7450294e+01 
3.500e+01 ; 1.040e+01 ; 1.400e+00 ; 9.6050000e+01 ; 9.7450294e+01 
3.500e+01 ; 1.040e+01 ; 1.400e+00 ; 9.6051000e+01 ; 9.7450172e+01 
3.500e+01 ; 1.040e+01 ; 1.400e+00 ; 9.6052000e+01 ; 9.7450050e+01 
3.500e+01 ; 1.040e+01 ; 1.400e+00 ; 9.6053000e+01 ; 9.7449921e+01 
3.500e+01 ; 1.040e+01 ; 1.400e+00 ; 9.6055000e+01 ; 9.7449677e+01 
3.500e+01 ; 1.040e+01 ; 1.400e+00 ; 9.6059000e+01 ; 9.7449188e+01 
3.500e+01 ; 1.040e+01 ; 1.400e+00 ; 9.6067000e+01 ; 9.7448196e+01 
3.500e+01 ; 1.040e+01 ; 1.400e+00 ; 9.6083000e+01 ; 9.7446213e+01 
3.500e+01 ; 1.040e+01 ; 1.400e+00 ; 9.6115000e+01 ; 9.7442200e+01 
3.500e+01 ; 1.040e+01 ; 1.400e+00 ; 9.6179000e+01 ; 9.7433998e+01 
3.500e+01 ; 1.040e+01 ; 1.400e+00 ; 9.6307000e+01 ; 9.7416962e+01 
3.500e+01 ; 1.040e+01 ; 1.400e+00 ; 9.6563000e+01 ; 9.7380493e+01 
3.500e+01 ; 1.040e+01 ; 1.400e+00 ; 9.7075000e+01 ; 9.7299675e+01 
3.500e+01 ; 1.040e+01 ; 1.400e+00 ; 9.7180000e+01 ; 9.7282784e+01 
3.500e+01 ; 1.040e+01 ; 1.400e+00 ; 9.7180000e+01 ; 9.7282784e+01 
3.500e+01 ; 1.040e+01 ; 1.400e+00 ; 9.7181000e+01 ; 9.7282623e+01 
3.500e+01 ; 1.040e+01 ; 1.400e+00 ; 9.7182000e+01 ; 9.7282455e+01 
3.500e+01 ; 1.040e+01 ; 1.400e+00 ; 9.7183000e+01 ; 9.7282295e+01 
3.500e+01 ; 1.040e+01 ; 1.400e+00 ; 9.7185000e+01 ; 9.7281975e+01 
3.500e+01 ; 1.040e+01 ; 1.400e+00 ; 9.7189000e+01 ; 9.7281334e+01 
3.500e+01 ; 1.040e+01 ; 1.400e+00 ; 9.7197000e+01 ; 9.7280037e+01 
3.500e+01 ; 1.040e+01 ; 1.400e+00 ; 9.7213000e+01 ; 9.7277451e+01 
3.500e+01 ; 1.040e+01 ; 1.400e+00 ; 9.7245000e+01 ; 9.7272247e+01 
3.500e+01 ; 1.040e+01 ; 1.400e+00 ; 9.7309000e+01 ; 9.7261719e+01 
3.500e+01 ; 1.040e+01 ; 1.400e+00 ; 9.7437000e+01 ; 9.7240242e+01 
3.500e+01 ; 1.040e+01 ; 1.400e+00 ; 9.7693000e+01 ; 9.7195847e+01 
3.500e+01 ; 1.040e+01 ; 1.400e+00 ; 9.8205000e+01 ; 9.7103157e+01 
3.500e+01 ; 1.040e+01 ; 1.400e+00 ; 9.8310000e+01 ; 9.7084000e+01 
3.500e+01 ; 1.040e+01 ; 1.400e+00 ; 9.8310000e+01 ; 9.7084000e+01 
3.500e+01 ; 1.040e+01 ; 1.400e+00 ; 9.8311000e+01 ; 9.7083817e+01 
3.500e+01 ; 1.040e+01 ; 1.400e+00 ; 9.8312000e+01 ; 9.7083633e+01 
3.500e+01 ; 1.040e+01 ; 1.400e+00 ; 9.8313000e+01 ; 9.7083450e+01 
3.500e+01 ; 1.040e+01 ; 1.400e+00 ; 9.8315000e+01 ; 9.7083092e+01 
3.500e+01 ; 1.040e+01 ; 1.400e+00 ; 9.8319000e+01 ; 9.7082359e+01 
3.500e+01 ; 1.040e+01 ; 1.400e+00 ; 9.8327000e+01 ; 9.7080894e+01 
3.500e+01 ; 1.040e+01 ; 1.400e+00 ; 9.8343000e+01 ; 9.7077972e+01 
3.500e+01 ; 1.040e+01 ; 1.400e+00 ; 9.8375000e+01 ; 9.7072105e+01 
3.500e+01 ; 1.040e+01 ; 1.400e+00 ; 9.8439000e+01 ; 9.7060333e+01 
3.500e+01 ; 1.040e+01 ; 1.400e+00 ; 9.8567000e+01 ; 9.7036629e+01 
3.500e+01 ; 1.040e+01 ; 1.400e+00 ; 9.8823000e+01 ; 9.6988922e+01 
3.500e+01 ; 1.040e+01 ; 1.400e+00 ; 9.9335000e+01 ; 9.6894928e+01 
3.500e+01 ; 1.040e+01 ; 1.400e+00 ; 9.9440000e+01 ; 9.6875732e+01 
3.500e+01 ; 1.040e+01 ; 1.400e+00 ; 9.9440000e+01 ; 9.6875732e+01 
3.500e+01 ; 1.040e+01 ; 1.400e+00 ; 9.9441000e+01 ; 9.6875549e+01 
3.500e+01 ; 1.040e+01 ; 1.400e+00 ; 9.9442000e+01 ; 9.6875366e+01 
3.500e+01 ; 1.040e+01 ; 1.400e+00 ; 9.9443000e+01 ; 9.6875183e+01 
3.500e+01 ; 1.040e+01 ; 1.400e+00 ; 9.9445000e+01 ; 9.6874825e+01 
3.500e+01 ; 1.040e+01 ; 1.400e+00 ; 9.9449000e+01 ; 9.6874092e+01 
3.500e+01 ; 1.040e+01 ; 1.400e+00 ; 9.9457000e+01 ; 9.6872627e+01 
3.500e+01 ; 1.040e+01 ; 1.400e+00 ; 9.9473000e+01 ; 9.6869705e+01 
3.500e+01 ; 1.040e+01 ; 1.400e+00 ; 9.9505000e+01 ; 9.6863876e+01 
3.500e+01 ; 1.040e+01 ; 1.400e+00 ; 9.9569000e+01 ; 9.6852249e+01 
3.500e+01 ; 1.040e+01 ; 1.400e+00 ; 9.9697000e+01 ; 9.6829216e+01 
3.500e+01 ; 1.040e+01 ; 1.400e+00 ; 9.9953000e+01 ; 9.6784363e+01 
3.500e+01 ; 1.040e+01 ; 1.400e+00 ; 1.0046500e+02 ; 9.6702492e+01 
3.500e+01 ; 1.040e+01 ; 1.400e+00 ; 1.0057000e+02 ; 9.6686050e+01 
3.500e+01 ; 1.040e+01 ; 1.400e+00 ; 1.0057000e+02 ; 9.6686050e+01 
3.500e+01 ; 1.040e+01 ; 1.400e+00 ; 1.0057100e+02 ; 9.6685898e+01 
3.500e+01 ; 1.040e+01 ; 1.400e+00 ; 1.0057200e+02 ; 9.6685738e+01 
3.500e+01 ; 1.040e+01 ; 1.400e+00 ; 1.0057300e+02 ; 9.6685585e+01 
3.500e+01 ; 1.040e+01 ; 1.400e+00 ; 1.0057500e+02 ; 9.6685272e+01 
3.500e+01 ; 1.040e+01 ; 1.400e+00 ; 1.0057900e+02 ; 9.6684647e+01 
3.500e+01 ; 1.040e+01 ; 1.400e+00 ; 1.0058700e+02 ; 9.6683395e+01 
3.500e+01 ; 1.040e+01 ; 1.400e+00 ; 1.0060300e+02 ; 9.6680908e+01 
3.500e+01 ; 1.040e+01 ; 1.400e+00 ; 1.0063500e+02 ; 9.6675972e+01 
3.500e+01 ; 1.040e+01 ; 1.400e+00 ; 1.0069900e+02 ; 9.6666229e+01 
3.500e+01 ; 1.040e+01 ; 1.400e+00 ; 1.0082700e+02 ; 9.6647369e+01 
3.500e+01 ; 1.040e+01 ; 1.400e+00 ; 1.0108300e+02 ; 9.6612450e+01 
3.500e+01 ; 1.040e+01 ; 1.400e+00 ; 1.0159500e+02 ; 9.6555977e+01 
3.500e+01 ; 1.040e+01 ; 1.400e+00 ; 1.0170000e+02 ; 9.6544975e+01 
3.500e+01 ; 1.040e+01 ; 1.400e+00 ; 1.0170000e+02 ; 9.6544975e+01 
3.500e+01 ; 1.040e+01 ; 1.400e+00 ; 1.0170100e+02 ; 9.6544868e+01 
3.500e+01 ; 1.040e+01 ; 1.400e+00 ; 1.0170200e+02 ; 9.6544762e+01 
3.500e+01 ; 1.040e+01 ; 1.400e+00 ; 1.0170300e+02 ; 9.6544662e+01 
3.500e+01 ; 1.040e+01 ; 1.400e+00 ; 1.0170500e+02 ; 9.6544449e+01 
3.500e+01 ; 1.040e+01 ; 1.400e+00 ; 1.0170900e+02 ; 9.6544037e+01 
3.500e+01 ; 1.040e+01 ; 1.400e+00 ; 1.0171700e+02 ; 9.6543205e+01 
3.500e+01 ; 1.040e+01 ; 1.400e+00 ; 1.0173300e+02 ; 9.6541557e+01 
3.500e+01 ; 1.040e+01 ; 1.400e+00 ; 1.0176500e+02 ; 9.6538315e+01 
3.500e+01 ; 1.040e+01 ; 1.400e+00 ; 1.0182900e+02 ; 9.6532051e+01 
3.500e+01 ; 1.040e+01 ; 1.400e+00 ; 1.0195700e+02 ; 9.6520439e+01 
3.500e+01 ; 1.040e+01 ; 1.400e+00 ; 1.0221300e+02 ; 9.6501038e+01 
3.500e+01 ; 1.040e+01 ; 1.400e+00 ; 1.0272500e+02 ; 9.6477890e+01 
3.500e+01 ; 1.040e+01 ; 1.400e+00 ; 1.0283000e+02 ; 9.6473801e+01 
3.500e+01 ; 1.040e+01 ; 1.400e+00 ; 1.0283000e+02 ; 9.6473801e+01 
3.500e+01 ; 1.040e+01 ; 1.400e+00 ; 1.0284000e+02 ; 9.6473419e+01 
3.500e+01 ; 1.040e+01 ; 1.400e+00 ; 1.0285000e+02 ; 9.6473038e+01 
3.500e+01 ; 1.040e+01 ; 1.400e+00 ; 1.0286000e+02 ; 9.6472672e+01 
3.500e+01 ; 1.040e+01 ; 1.400e+00 ; 1.0288000e+02 ; 9.6471954e+01 
3.500e+01 ; 1.040e+01 ; 1.400e+00 ; 1.0292000e+02 ; 9.6470612e+01 
3.500e+01 ; 1.040e+01 ; 1.400e+00 ; 1.0300000e+02 ; 9.6468307e+01 
3.500e+01 ; 1.040e+01 ; 1.400e+00 ; 1.0316000e+02 ; 9.6465202e+01 
3.500e+01 ; 1.040e+01 ; 1.400e+00 ; 1.0348000e+02 ; 9.6464554e+01 
3.500e+01 ; 1.040e+01 ; 1.400e+00 ; 1.0412000e+02 ; 9.6479645e+01 
3.500e+01 ; 1.040e+01 ; 1.400e+00 ; 1.0540000e+02 ; 9.6524734e+01 
3.500e+01 ; 1.040e+01 ; 1.400e+00 ; 1.0732000e+02 ; 9.6518959e+01 
3.500e+01 ; 1.040e+01 ; 1.400e+00 ; 1.0783000e+02 ; 9.6510612e+01