X ; Y ; Z ; time ; Temperature 
3.500e+01 ; 9.600e+00 ; 2.800e+00 ; 0.0000000e+00 ; 2.7800000e+02 
3.500e+01 ; 9.600e+00 ; 2.800e+00 ; 1.0000000e-03 ; 2.7800000e+02 
3.500e+01 ; 9.600e+00 ; 2.800e+00 ; 2.0000001e-03 ; 2.7800000e+02 
3.500e+01 ; 9.600e+00 ; 2.800e+00 ; 3.0000000e-03 ; 2.7800000e+02 
3.500e+01 ; 9.600e+00 ; 2.800e+00 ; 4.9999999e-03 ; 2.7800000e+02 
3.500e+01 ; 9.600e+00 ; 2.800e+00 ; 8.9999996e-03 ; 2.7800000e+02 
3.500e+01 ; 9.600e+00 ; 2.800e+00 ; 1.7000001e-02 ; 2.7800000e+02 
3.500e+01 ; 9.600e+00 ; 2.800e+00 ; 3.3000000e-02 ; 2.7800000e+02 
3.500e+01 ; 9.600e+00 ; 2.800e+00 ; 6.4999998e-02 ; 2.7800000e+02 
3.500e+01 ; 9.600e+00 ; 2.800e+00 ; 1.2899999e-01 ; 2.7800000e+02 
3.500e+01 ; 9.600e+00 ; 2.800e+00 ; 2.5700000e-01 ; 2.7800000e+02 
3.500e+01 ; 9.600e+00 ; 2.800e+00 ; 5.1300001e-01 ; 2.7800000e+02 
3.500e+01 ; 9.600e+00 ; 2.800e+00 ; 1.0250000e+00 ; 2.7800000e+02 
3.500e+01 ; 9.600e+00 ; 2.800e+00 ; 1.1300000e+00 ; 2.7800000e+02 
3.500e+01 ; 9.600e+00 ; 2.800e+00 ; 1.1300000e+00 ; 2.7800000e+02 
3.500e+01 ; 9.600e+00 ; 2.800e+00 ; 1.1310000e+00 ; 2.7800000e+02 
3.500e+01 ; 9.600e+00 ; 2.800e+00 ; 1.1320000e+00 ; 2.7800000e+02 
3.500e+01 ; 9.600e+00 ; 2.800e+00 ; 1.1330000e+00 ; 2.7800000e+02 
3.500e+01 ; 9.600e+00 ; 2.800e+00 ; 1.1350000e+00 ; 2.7800000e+02 
3.500e+01 ; 9.600e+00 ; 2.800e+00 ; 1.1390000e+00 ; 2.7800000e+02 
3.500e+01 ; 9.600e+00 ; 2.800e+00 ; 1.1470000e+00 ; 2.7800000e+02 
3.500e+01 ; 9.600e+00 ; 2.800e+00 ; 1.1630000e+00 ; 2.7800000e+02 
3.500e+01 ; 9.600e+00 ; 2.800e+00 ; 1.1950000e+00 ; 2.7800000e+02 
3.500e+01 ; 9.600e+00 ; 2.800e+00 ; 1.2590000e+00 ; 2.7800000e+02 
3.500e+01 ; 9.600e+00 ; 2.800e+00 ; 1.3870000e+00 ; 2.7800000e+02 
3.500e+01 ; 9.600e+00 ; 2.800e+00 ; 1.6430000e+00 ; 2.7800000e+02 
3.500e+01 ; 9.600e+00 ; 2.800e+00 ; 2.1550000e+00 ; 2.7800000e+02 
3.500e+01 ; 9.600e+00 ; 2.800e+00 ; 2.2600000e+00 ; 2.7800000e+02 
3.500e+01 ; 9.600e+00 ; 2.800e+00 ; 2.2600000e+00 ; 2.7800000e+02 
3.500e+01 ; 9.600e+00 ; 2.800e+00 ; 2.2610000e+00 ; 2.7800000e+02 
3.500e+01 ; 9.600e+00 ; 2.800e+00 ; 2.2620000e+00 ; 2.7800000e+02 
3.500e+01 ; 9.600e+00 ; 2.800e+00 ; 2.2630000e+00 ; 2.7800000e+02 
3.500e+01 ; 9.600e+00 ; 2.800e+00 ; 2.2650000e+00 ; 2.7800000e+02 
3.500e+01 ; 9.600e+00 ; 2.800e+00 ; 2.2690000e+00 ; 2.7800000e+02 
3.500e+01 ; 9.600e+00 ; 2.800e+00 ; 2.2770000e+00 ; 2.7800000e+02 
3.500e+01 ; 9.600e+00 ; 2.800e+00 ; 2.2930000e+00 ; 2.7800000e+02 
3.500e+01 ; 9.600e+00 ; 2.800e+00 ; 2.3250000e+00 ; 2.7800000e+02 
3.500e+01 ; 9.600e+00 ; 2.800e+00 ; 2.3890000e+00 ; 2.7800000e+02 
3.500e+01 ; 9.600e+00 ; 2.800e+00 ; 2.5170000e+00 ; 2.7800000e+02 
3.500e+01 ; 9.600e+00 ; 2.800e+00 ; 2.7730000e+00 ; 2.7800000e+02 
3.500e+01 ; 9.600e+00 ; 2.800e+00 ; 3.2850000e+00 ; 2.7800000e+02 
3.500e+01 ; 9.600e+00 ; 2.800e+00 ; 3.3900000e+00 ; 2.7800000e+02 
3.500e+01 ; 9.600e+00 ; 2.800e+00 ; 3.3900000e+00 ; 2.7800000e+02 
3.500e+01 ; 9.600e+00 ; 2.800e+00 ; 3.3910000e+00 ; 2.7800000e+02 
3.500e+01 ; 9.600e+00 ; 2.800e+00 ; 3.3920000e+00 ; 2.7800000e+02 
3.500e+01 ; 9.600e+00 ; 2.800e+00 ; 3.3930000e+00 ; 2.7800000e+02 
3.500e+01 ; 9.600e+00 ; 2.800e+00 ; 3.3950000e+00 ; 2.7800000e+02 
3.500e+01 ; 9.600e+00 ; 2.800e+00 ; 3.3990000e+00 ; 2.7800000e+02 
3.500e+01 ; 9.600e+00 ; 2.800e+00 ; 3.4070000e+00 ; 2.7800000e+02 
3.500e+01 ; 9.600e+00 ; 2.800e+00 ; 3.4230000e+00 ; 2.7800000e+02 
3.500e+01 ; 9.600e+00 ; 2.800e+00 ; 3.4550000e+00 ; 2.7800000e+02 
3.500e+01 ; 9.600e+00 ; 2.800e+00 ; 3.5190000e+00 ; 2.7800000e+02 
3.500e+01 ; 9.600e+00 ; 2.800e+00 ; 3.6470000e+00 ; 2.7800000e+02 
3.500e+01 ; 9.600e+00 ; 2.800e+00 ; 3.9030000e+00 ; 2.7800000e+02 
3.500e+01 ; 9.600e+00 ; 2.800e+00 ; 4.4150000e+00 ; 2.7800000e+02 
3.500e+01 ; 9.600e+00 ; 2.800e+00 ; 4.5200000e+00 ; 2.7800000e+02 
3.500e+01 ; 9.600e+00 ; 2.800e+00 ; 4.5200000e+00 ; 2.7800000e+02 
3.500e+01 ; 9.600e+00 ; 2.800e+00 ; 4.5210000e+00 ; 2.7800000e+02 
3.500e+01 ; 9.600e+00 ; 2.800e+00 ; 4.5220000e+00 ; 2.7800000e+02 
3.500e+01 ; 9.600e+00 ; 2.800e+00 ; 4.5230000e+00 ; 2.7800000e+02 
3.500e+01 ; 9.600e+00 ; 2.800e+00 ; 4.5250000e+00 ; 2.7800000e+02 
3.500e+01 ; 9.600e+00 ; 2.800e+00 ; 4.5290000e+00 ; 2.7800000e+02 
3.500e+01 ; 9.600e+00 ; 2.800e+00 ; 4.5370000e+00 ; 2.7800000e+02 
3.500e+01 ; 9.600e+00 ; 2.800e+00 ; 4.5530000e+00 ; 2.7800000e+02 
3.500e+01 ; 9.600e+00 ; 2.800e+00 ; 4.5850000e+00 ; 2.7800000e+02 
3.500e+01 ; 9.600e+00 ; 2.800e+00 ; 4.6490000e+00 ; 2.7800000e+02 
3.500e+01 ; 9.600e+00 ; 2.800e+00 ; 4.7770000e+00 ; 2.7800000e+02 
3.500e+01 ; 9.600e+00 ; 2.800e+00 ; 5.0330000e+00 ; 2.7800000e+02 
3.500e+01 ; 9.600e+00 ; 2.800e+00 ; 5.5450000e+00 ; 2.7800000e+02 
3.500e+01 ; 9.600e+00 ; 2.800e+00 ; 5.6500000e+00 ; 2.7800000e+02 
3.500e+01 ; 9.600e+00 ; 2.800e+00 ; 5.6500000e+00 ; 2.7800000e+02 
3.500e+01 ; 9.600e+00 ; 2.800e+00 ; 5.6510000e+00 ; 2.7800000e+02 
3.500e+01 ; 9.600e+00 ; 2.800e+00 ; 5.6520000e+00 ; 2.7800000e+02 
3.500e+01 ; 9.600e+00 ; 2.800e+00 ; 5.6530000e+00 ; 2.7800000e+02 
3.500e+01 ; 9.600e+00 ; 2.800e+00 ; 5.6550000e+00 ; 2.7800000e+02 
3.500e+01 ; 9.600e+00 ; 2.800e+00 ; 5.6590000e+00 ; 2.7800000e+02 
3.500e+01 ; 9.600e+00 ; 2.800e+00 ; 5.6670000e+00 ; 2.7800000e+02 
3.500e+01 ; 9.600e+00 ; 2.800e+00 ; 5.6830000e+00 ; 2.7800000e+02 
3.500e+01 ; 9.600e+00 ; 2.800e+00 ; 5.7150000e+00 ; 2.7800000e+02 
3.500e+01 ; 9.600e+00 ; 2.800e+00 ; 5.7790000e+00 ; 2.7800000e+02 
3.500e+01 ; 9.600e+00 ; 2.800e+00 ; 5.9070000e+00 ; 2.7800000e+02 
3.500e+01 ; 9.600e+00 ; 2.800e+00 ; 6.1630000e+00 ; 2.7800000e+02 
3.500e+01 ; 9.600e+00 ; 2.800e+00 ; 6.6750000e+00 ; 2.7800000e+02 
3.500e+01 ; 9.600e+00 ; 2.800e+00 ; 6.7800000e+00 ; 2.7800000e+02 
3.500e+01 ; 9.600e+00 ; 2.800e+00 ; 6.7800000e+00 ; 2.7800000e+02 
3.500e+01 ; 9.600e+00 ; 2.800e+00 ; 6.7810000e+00 ; 2.7800000e+02 
3.500e+01 ; 9.600e+00 ; 2.800e+00 ; 6.7820000e+00 ; 2.7800000e+02 
3.500e+01 ; 9.600e+00 ; 2.800e+00 ; 6.7830000e+00 ; 2.7800000e+02 
3.500e+01 ; 9.600e+00 ; 2.800e+00 ; 6.7850000e+00 ; 2.7800000e+02 
3.500e+01 ; 9.600e+00 ; 2.800e+00 ; 6.7890000e+00 ; 2.7800000e+02 
3.500e+01 ; 9.600e+00 ; 2.800e+00 ; 6.7970000e+00 ; 2.7800000e+02 
3.500e+01 ; 9.600e+00 ; 2.800e+00 ; 6.8130000e+00 ; 2.7800000e+02 
3.500e+01 ; 9.600e+00 ; 2.800e+00 ; 6.8450000e+00 ; 2.7800000e+02 
3.500e+01 ; 9.600e+00 ; 2.800e+00 ; 6.9090000e+00 ; 2.7800000e+02 
3.500e+01 ; 9.600e+00 ; 2.800e+00 ; 7.0370000e+00 ; 2.7800000e+02 
3.500e+01 ; 9.600e+00 ; 2.800e+00 ; 7.2930000e+00 ; 2.7800000e+02 
3.500e+01 ; 9.600e+00 ; 2.800e+00 ; 7.8049999e+00 ; 2.7800000e+02 
3.500e+01 ; 9.600e+00 ; 2.800e+00 ; 7.9100000e+00 ; 2.7800000e+02 
3.500e+01 ; 9.600e+00 ; 2.800e+00 ; 7.9100000e+00 ; 2.7800000e+02 
3.500e+01 ; 9.600e+00 ; 2.800e+00 ; 7.9110000e+00 ; 2.7800000e+02 
3.500e+01 ; 9.600e+00 ; 2.800e+00 ; 7.9120000e+00 ; 2.7800000e+02 
3.500e+01 ; 9.600e+00 ; 2.800e+00 ; 7.9130000e+00 ; 2.7800000e+02 
3.500e+01 ; 9.600e+00 ; 2.800e+00 ; 7.9150000e+00 ; 2.7800000e+02 
3.500e+01 ; 9.600e+00 ; 2.800e+00 ; 7.9190000e+00 ; 2.7800000e+02 
3.500e+01 ; 9.600e+00 ; 2.800e+00 ; 7.9270000e+00 ; 2.7800000e+02 
3.500e+01 ; 9.600e+00 ; 2.800e+00 ; 7.9430000e+00 ; 2.7800000e+02 
3.500e+01 ; 9.600e+00 ; 2.800e+00 ; 7.9750000e+00 ; 2.7800000e+02 
3.500e+01 ; 9.600e+00 ; 2.800e+00 ; 8.0390000e+00 ; 2.7800000e+02 
3.500e+01 ; 9.600e+00 ; 2.800e+00 ; 8.1670000e+00 ; 2.7800000e+02 
3.500e+01 ; 9.600e+00 ; 2.800e+00 ; 8.4230000e+00 ; 2.7800000e+02 
3.500e+01 ; 9.600e+00 ; 2.800e+00 ; 8.9349999e+00 ; 2.7800000e+02 
3.500e+01 ; 9.600e+00 ; 2.800e+00 ; 9.0400000e+00 ; 2.7800000e+02 
3.500e+01 ; 9.600e+00 ; 2.800e+00 ; 9.0400000e+00 ; 2.7800000e+02 
3.500e+01 ; 9.600e+00 ; 2.800e+00 ; 9.0410000e+00 ; 2.7800000e+02 
3.500e+01 ; 9.600e+00 ; 2.800e+00 ; 9.0420000e+00 ; 2.7800000e+02 
3.500e+01 ; 9.600e+00 ; 2.800e+00 ; 9.0430000e+00 ; 2.7800000e+02 
3.500e+01 ; 9.600e+00 ; 2.800e+00 ; 9.0450000e+00 ; 2.7800000e+02 
3.500e+01 ; 9.600e+00 ; 2.800e+00 ; 9.0490000e+00 ; 2.7800000e+02 
3.500e+01 ; 9.600e+00 ; 2.800e+00 ; 9.0570000e+00 ; 2.7800000e+02 
3.500e+01 ; 9.600e+00 ; 2.800e+00 ; 9.0730000e+00 ; 2.7800000e+02 
3.500e+01 ; 9.600e+00 ; 2.800e+00 ; 9.1050000e+00 ; 2.7800000e+02 
3.500e+01 ; 9.600e+00 ; 2.800e+00 ; 9.1690000e+00 ; 2.7800000e+02 
3.500e+01 ; 9.600e+00 ; 2.800e+00 ; 9.2970000e+00 ; 2.7800000e+02 
3.500e+01 ; 9.600e+00 ; 2.800e+00 ; 9.5530000e+00 ; 2.7800000e+02 
3.500e+01 ; 9.600e+00 ; 2.800e+00 ; 1.0065000e+01 ; 2.7800000e+02 
3.500e+01 ; 9.600e+00 ; 2.800e+00 ; 1.0170000e+01 ; 2.7800000e+02 
3.500e+01 ; 9.600e+00 ; 2.800e+00 ; 1.0170000e+01 ; 2.7800000e+02 
3.500e+01 ; 9.600e+00 ; 2.800e+00 ; 1.0171000e+01 ; 2.7800000e+02 
3.500e+01 ; 9.600e+00 ; 2.800e+00 ; 1.0172000e+01 ; 2.7800000e+02 
3.500e+01 ; 9.600e+00 ; 2.800e+00 ; 1.0173000e+01 ; 2.7800000e+02 
3.500e+01 ; 9.600e+00 ; 2.800e+00 ; 1.0175000e+01 ; 2.7800000e+02 
3.500e+01 ; 9.600e+00 ; 2.800e+00 ; 1.0179000e+01 ; 2.7800000e+02 
3.500e+01 ; 9.600e+00 ; 2.800e+00 ; 1.0187000e+01 ; 2.7800000e+02 
3.500e+01 ; 9.600e+00 ; 2.800e+00 ; 1.0203000e+01 ; 2.7800000e+02 
3.500e+01 ; 9.600e+00 ; 2.800e+00 ; 1.0235000e+01 ; 2.7800000e+02 
3.500e+01 ; 9.600e+00 ; 2.800e+00 ; 1.0299000e+01 ; 2.7800000e+02 
3.500e+01 ; 9.600e+00 ; 2.800e+00 ; 1.0427000e+01 ; 2.7800000e+02 
3.500e+01 ; 9.600e+00 ; 2.800e+00 ; 1.0683000e+01 ; 2.7800000e+02 
3.500e+01 ; 9.600e+00 ; 2.800e+00 ; 1.1195000e+01 ; 2.7800000e+02 
3.500e+01 ; 9.600e+00 ; 2.800e+00 ; 1.1300000e+01 ; 2.7800000e+02 
3.500e+01 ; 9.600e+00 ; 2.800e+00 ; 1.1300000e+01 ; 2.7800000e+02 
3.500e+01 ; 9.600e+00 ; 2.800e+00 ; 1.1301000e+01 ; 2.7800000e+02 
3.500e+01 ; 9.600e+00 ; 2.800e+00 ; 1.1302000e+01 ; 2.7800000e+02 
3.500e+01 ; 9.600e+00 ; 2.800e+00 ; 1.1303000e+01 ; 2.7800000e+02 
3.500e+01 ; 9.600e+00 ; 2.800e+00 ; 1.1305000e+01 ; 2.7800000e+02 
3.500e+01 ; 9.600e+00 ; 2.800e+00 ; 1.1309000e+01 ; 2.7800000e+02 
3.500e+01 ; 9.600e+00 ; 2.800e+00 ; 1.1317000e+01 ; 2.7800000e+02 
3.500e+01 ; 9.600e+00 ; 2.800e+00 ; 1.1333000e+01 ; 2.7800000e+02 
3.500e+01 ; 9.600e+00 ; 2.800e+00 ; 1.1365000e+01 ; 2.7800000e+02 
3.500e+01 ; 9.600e+00 ; 2.800e+00 ; 1.1429000e+01 ; 2.7800000e+02 
3.500e+01 ; 9.600e+00 ; 2.800e+00 ; 1.1557000e+01 ; 2.7800000e+02 
3.500e+01 ; 9.600e+00 ; 2.800e+00 ; 1.1813000e+01 ; 2.7800000e+02 
3.500e+01 ; 9.600e+00 ; 2.800e+00 ; 1.2325000e+01 ; 2.7800000e+02 
3.500e+01 ; 9.600e+00 ; 2.800e+00 ; 1.2430000e+01 ; 2.7800000e+02 
3.500e+01 ; 9.600e+00 ; 2.800e+00 ; 1.2430000e+01 ; 2.7800000e+02 
3.500e+01 ; 9.600e+00 ; 2.800e+00 ; 1.2431000e+01 ; 2.7800000e+02 
3.500e+01 ; 9.600e+00 ; 2.800e+00 ; 1.2432000e+01 ; 2.7800000e+02 
3.500e+01 ; 9.600e+00 ; 2.800e+00 ; 1.2433000e+01 ; 2.7800000e+02 
3.500e+01 ; 9.600e+00 ; 2.800e+00 ; 1.2435000e+01 ; 2.7800000e+02 
3.500e+01 ; 9.600e+00 ; 2.800e+00 ; 1.2439000e+01 ; 2.7800000e+02 
3.500e+01 ; 9.600e+00 ; 2.800e+00 ; 1.2447000e+01 ; 2.7800000e+02 
3.500e+01 ; 9.600e+00 ; 2.800e+00 ; 1.2463000e+01 ; 2.7800000e+02 
3.500e+01 ; 9.600e+00 ; 2.800e+00 ; 1.2495000e+01 ; 2.7800000e+02 
3.500e+01 ; 9.600e+00 ; 2.800e+00 ; 1.2559000e+01 ; 2.7800000e+02 
3.500e+01 ; 9.600e+00 ; 2.800e+00 ; 1.2687000e+01 ; 2.7800000e+02 
3.500e+01 ; 9.600e+00 ; 2.800e+00 ; 1.2943000e+01 ; 2.7800000e+02 
3.500e+01 ; 9.600e+00 ; 2.800e+00 ; 1.3455000e+01 ; 2.7800000e+02 
3.500e+01 ; 9.600e+00 ; 2.800e+00 ; 1.3560000e+01 ; 2.7800000e+02 
3.500e+01 ; 9.600e+00 ; 2.800e+00 ; 1.3560000e+01 ; 2.7800000e+02 
3.500e+01 ; 9.600e+00 ; 2.800e+00 ; 1.3561000e+01 ; 2.7800000e+02 
3.500e+01 ; 9.600e+00 ; 2.800e+00 ; 1.3562000e+01 ; 2.7800000e+02 
3.500e+01 ; 9.600e+00 ; 2.800e+00 ; 1.3563000e+01 ; 2.7800000e+02 
3.500e+01 ; 9.600e+00 ; 2.800e+00 ; 1.3565000e+01 ; 2.7800000e+02 
3.500e+01 ; 9.600e+00 ; 2.800e+00 ; 1.3569000e+01 ; 2.7800000e+02 
3.500e+01 ; 9.600e+00 ; 2.800e+00 ; 1.3577000e+01 ; 2.7800000e+02 
3.500e+01 ; 9.600e+00 ; 2.800e+00 ; 1.3593000e+01 ; 2.7800000e+02 
3.500e+01 ; 9.600e+00 ; 2.800e+00 ; 1.3625000e+01 ; 2.7800000e+02 
3.500e+01 ; 9.600e+00 ; 2.800e+00 ; 1.3689000e+01 ; 2.7800000e+02 
3.500e+01 ; 9.600e+00 ; 2.800e+00 ; 1.3817000e+01 ; 2.7800000e+02 
3.500e+01 ; 9.600e+00 ; 2.800e+00 ; 1.4073000e+01 ; 2.7800000e+02 
3.500e+01 ; 9.600e+00 ; 2.800e+00 ; 1.4585000e+01 ; 2.7800000e+02 
3.500e+01 ; 9.600e+00 ; 2.800e+00 ; 1.4690000e+01 ; 2.7800000e+02 
3.500e+01 ; 9.600e+00 ; 2.800e+00 ; 1.4690000e+01 ; 2.7800000e+02 
3.500e+01 ; 9.600e+00 ; 2.800e+00 ; 1.4691000e+01 ; 2.7800000e+02 
3.500e+01 ; 9.600e+00 ; 2.800e+00 ; 1.4692000e+01 ; 2.7800000e+02 
3.500e+01 ; 9.600e+00 ; 2.800e+00 ; 1.4693000e+01 ; 2.7800000e+02 
3.500e+01 ; 9.600e+00 ; 2.800e+00 ; 1.4695000e+01 ; 2.7800000e+02 
3.500e+01 ; 9.600e+00 ; 2.800e+00 ; 1.4699000e+01 ; 2.7800000e+02 
3.500e+01 ; 9.600e+00 ; 2.800e+00 ; 1.4707000e+01 ; 2.7800000e+02 
3.500e+01 ; 9.600e+00 ; 2.800e+00 ; 1.4723000e+01 ; 2.7800000e+02 
3.500e+01 ; 9.600e+00 ; 2.800e+00 ; 1.4755000e+01 ; 2.7800000e+02 
3.500e+01 ; 9.600e+00 ; 2.800e+00 ; 1.4819000e+01 ; 2.7800000e+02 
3.500e+01 ; 9.600e+00 ; 2.800e+00 ; 1.4947000e+01 ; 2.7800000e+02 
3.500e+01 ; 9.600e+00 ; 2.800e+00 ; 1.5203000e+01 ; 2.7800000e+02 
3.500e+01 ; 9.600e+00 ; 2.800e+00 ; 1.5715000e+01 ; 2.7800000e+02 
3.500e+01 ; 9.600e+00 ; 2.800e+00 ; 1.5820000e+01 ; 2.7800000e+02 
3.500e+01 ; 9.600e+00 ; 2.800e+00 ; 1.5820000e+01 ; 2.7800000e+02 
3.500e+01 ; 9.600e+00 ; 2.800e+00 ; 1.5821000e+01 ; 2.7800000e+02 
3.500e+01 ; 9.600e+00 ; 2.800e+00 ; 1.5822000e+01 ; 2.7800000e+02 
3.500e+01 ; 9.600e+00 ; 2.800e+00 ; 1.5823000e+01 ; 2.7800000e+02 
3.500e+01 ; 9.600e+00 ; 2.800e+00 ; 1.5825000e+01 ; 2.7800000e+02 
3.500e+01 ; 9.600e+00 ; 2.800e+00 ; 1.5829000e+01 ; 2.7800000e+02 
3.500e+01 ; 9.600e+00 ; 2.800e+00 ; 1.5837000e+01 ; 2.7800000e+02 
3.500e+01 ; 9.600e+00 ; 2.800e+00 ; 1.5853000e+01 ; 2.7800000e+02 
3.500e+01 ; 9.600e+00 ; 2.800e+00 ; 1.5885000e+01 ; 2.7800000e+02 
3.500e+01 ; 9.600e+00 ; 2.800e+00 ; 1.5949000e+01 ; 2.7800000e+02 
3.500e+01 ; 9.600e+00 ; 2.800e+00 ; 1.6077000e+01 ; 2.7800000e+02 
3.500e+01 ; 9.600e+00 ; 2.800e+00 ; 1.6333000e+01 ; 2.7800000e+02 
3.500e+01 ; 9.600e+00 ; 2.800e+00 ; 1.6845000e+01 ; 2.7800000e+02 
3.500e+01 ; 9.600e+00 ; 2.800e+00 ; 1.6950000e+01 ; 2.7800000e+02 
3.500e+01 ; 9.600e+00 ; 2.800e+00 ; 1.6950000e+01 ; 2.7800000e+02 
3.500e+01 ; 9.600e+00 ; 2.800e+00 ; 1.6951000e+01 ; 2.7800000e+02 
3.500e+01 ; 9.600e+00 ; 2.800e+00 ; 1.6952000e+01 ; 2.7800000e+02 
3.500e+01 ; 9.600e+00 ; 2.800e+00 ; 1.6953000e+01 ; 2.7800000e+02 
3.500e+01 ; 9.600e+00 ; 2.800e+00 ; 1.6955000e+01 ; 2.7800000e+02 
3.500e+01 ; 9.600e+00 ; 2.800e+00 ; 1.6959000e+01 ; 2.7800000e+02 
3.500e+01 ; 9.600e+00 ; 2.800e+00 ; 1.6967000e+01 ; 2.7800000e+02 
3.500e+01 ; 9.600e+00 ; 2.800e+00 ; 1.6983000e+01 ; 2.7800000e+02 
3.500e+01 ; 9.600e+00 ; 2.800e+00 ; 1.7015000e+01 ; 2.7800000e+02 
3.500e+01 ; 9.600e+00 ; 2.800e+00 ; 1.7079000e+01 ; 2.7800000e+02 
3.500e+01 ; 9.600e+00 ; 2.800e+00 ; 1.7207000e+01 ; 2.7800000e+02 
3.500e+01 ; 9.600e+00 ; 2.800e+00 ; 1.7463000e+01 ; 2.7800000e+02 
3.500e+01 ; 9.600e+00 ; 2.800e+00 ; 1.7975000e+01 ; 2.7800000e+02 
3.500e+01 ; 9.600e+00 ; 2.800e+00 ; 1.8080000e+01 ; 2.7800000e+02 
3.500e+01 ; 9.600e+00 ; 2.800e+00 ; 1.8080000e+01 ; 2.7800000e+02 
3.500e+01 ; 9.600e+00 ; 2.800e+00 ; 1.8081000e+01 ; 2.7800000e+02 
3.500e+01 ; 9.600e+00 ; 2.800e+00 ; 1.8082000e+01 ; 2.7800000e+02 
3.500e+01 ; 9.600e+00 ; 2.800e+00 ; 1.8083000e+01 ; 2.7800000e+02 
3.500e+01 ; 9.600e+00 ; 2.800e+00 ; 1.8085000e+01 ; 2.7800000e+02 
3.500e+01 ; 9.600e+00 ; 2.800e+00 ; 1.8089000e+01 ; 2.7800000e+02 
3.500e+01 ; 9.600e+00 ; 2.800e+00 ; 1.8097000e+01 ; 2.7800000e+02 
3.500e+01 ; 9.600e+00 ; 2.800e+00 ; 1.8113000e+01 ; 2.7800000e+02 
3.500e+01 ; 9.600e+00 ; 2.800e+00 ; 1.8145000e+01 ; 2.7800000e+02 
3.500e+01 ; 9.600e+00 ; 2.800e+00 ; 1.8209000e+01 ; 2.7800000e+02 
3.500e+01 ; 9.600e+00 ; 2.800e+00 ; 1.8337000e+01 ; 2.7800000e+02 
3.500e+01 ; 9.600e+00 ; 2.800e+00 ; 1.8593000e+01 ; 2.7800000e+02 
3.500e+01 ; 9.600e+00 ; 2.800e+00 ; 1.9105000e+01 ; 2.7800000e+02 
3.500e+01 ; 9.600e+00 ; 2.800e+00 ; 1.9210000e+01 ; 2.7800000e+02 
3.500e+01 ; 9.600e+00 ; 2.800e+00 ; 1.9210000e+01 ; 2.7800000e+02 
3.500e+01 ; 9.600e+00 ; 2.800e+00 ; 1.9211000e+01 ; 2.7800000e+02 
3.500e+01 ; 9.600e+00 ; 2.800e+00 ; 1.9212000e+01 ; 2.7800000e+02 
3.500e+01 ; 9.600e+00 ; 2.800e+00 ; 1.9213000e+01 ; 2.7800000e+02 
3.500e+01 ; 9.600e+00 ; 2.800e+00 ; 1.9215000e+01 ; 2.7800000e+02 
3.500e+01 ; 9.600e+00 ; 2.800e+00 ; 1.9219000e+01 ; 2.7800000e+02 
3.500e+01 ; 9.600e+00 ; 2.800e+00 ; 1.9227000e+01 ; 2.7800000e+02 
3.500e+01 ; 9.600e+00 ; 2.800e+00 ; 1.9243000e+01 ; 2.7800000e+02 
3.500e+01 ; 9.600e+00 ; 2.800e+00 ; 1.9275000e+01 ; 2.7800000e+02 
3.500e+01 ; 9.600e+00 ; 2.800e+00 ; 1.9339000e+01 ; 2.7800000e+02 
3.500e+01 ; 9.600e+00 ; 2.800e+00 ; 1.9467000e+01 ; 2.7800000e+02 
3.500e+01 ; 9.600e+00 ; 2.800e+00 ; 1.9723000e+01 ; 2.7800000e+02 
3.500e+01 ; 9.600e+00 ; 2.800e+00 ; 2.0235000e+01 ; 2.7800000e+02 
3.500e+01 ; 9.600e+00 ; 2.800e+00 ; 2.0340000e+01 ; 2.7800000e+02 
3.500e+01 ; 9.600e+00 ; 2.800e+00 ; 2.0340000e+01 ; 2.7800000e+02 
3.500e+01 ; 9.600e+00 ; 2.800e+00 ; 2.0341000e+01 ; 2.7800000e+02 
3.500e+01 ; 9.600e+00 ; 2.800e+00 ; 2.0342000e+01 ; 2.7800000e+02 
3.500e+01 ; 9.600e+00 ; 2.800e+00 ; 2.0343000e+01 ; 2.7800000e+02 
3.500e+01 ; 9.600e+00 ; 2.800e+00 ; 2.0345000e+01 ; 2.7800000e+02 
3.500e+01 ; 9.600e+00 ; 2.800e+00 ; 2.0349000e+01 ; 2.7800000e+02 
3.500e+01 ; 9.600e+00 ; 2.800e+00 ; 2.0357000e+01 ; 2.7800000e+02 
3.500e+01 ; 9.600e+00 ; 2.800e+00 ; 2.0373000e+01 ; 2.7800000e+02 
3.500e+01 ; 9.600e+00 ; 2.800e+00 ; 2.0405000e+01 ; 2.7800000e+02 
3.500e+01 ; 9.600e+00 ; 2.800e+00 ; 2.0469000e+01 ; 2.7800000e+02 
3.500e+01 ; 9.600e+00 ; 2.800e+00 ; 2.0597000e+01 ; 2.7800000e+02 
3.500e+01 ; 9.600e+00 ; 2.800e+00 ; 2.0853000e+01 ; 2.7800000e+02 
3.500e+01 ; 9.600e+00 ; 2.800e+00 ; 2.1365000e+01 ; 2.7800000e+02 
3.500e+01 ; 9.600e+00 ; 2.800e+00 ; 2.1470000e+01 ; 2.7800000e+02 
3.500e+01 ; 9.600e+00 ; 2.800e+00 ; 2.1470000e+01 ; 2.7800000e+02 
3.500e+01 ; 9.600e+00 ; 2.800e+00 ; 2.1471000e+01 ; 2.7800000e+02 
3.500e+01 ; 9.600e+00 ; 2.800e+00 ; 2.1472000e+01 ; 2.7800000e+02 
3.500e+01 ; 9.600e+00 ; 2.800e+00 ; 2.1473000e+01 ; 2.7800000e+02 
3.500e+01 ; 9.600e+00 ; 2.800e+00 ; 2.1475000e+01 ; 2.7800000e+02 
3.500e+01 ; 9.600e+00 ; 2.800e+00 ; 2.1479000e+01 ; 2.7800000e+02 
3.500e+01 ; 9.600e+00 ; 2.800e+00 ; 2.1487000e+01 ; 2.7800000e+02 
3.500e+01 ; 9.600e+00 ; 2.800e+00 ; 2.1503000e+01 ; 2.7800000e+02 
3.500e+01 ; 9.600e+00 ; 2.800e+00 ; 2.1535000e+01 ; 2.7800000e+02 
3.500e+01 ; 9.600e+00 ; 2.800e+00 ; 2.1599000e+01 ; 2.7800000e+02 
3.500e+01 ; 9.600e+00 ; 2.800e+00 ; 2.1727000e+01 ; 2.7800000e+02 
3.500e+01 ; 9.600e+00 ; 2.800e+00 ; 2.1983000e+01 ; 2.7800000e+02 
3.500e+01 ; 9.600e+00 ; 2.800e+00 ; 2.2495000e+01 ; 2.7800000e+02 
3.500e+01 ; 9.600e+00 ; 2.800e+00 ; 2.2600000e+01 ; 2.7800000e+02 
3.500e+01 ; 9.600e+00 ; 2.800e+00 ; 2.2600000e+01 ; 2.7800000e+02 
3.500e+01 ; 9.600e+00 ; 2.800e+00 ; 2.2601000e+01 ; 2.7800000e+02 
3.500e+01 ; 9.600e+00 ; 2.800e+00 ; 2.2602000e+01 ; 2.7800000e+02 
3.500e+01 ; 9.600e+00 ; 2.800e+00 ; 2.2603000e+01 ; 2.7800000e+02 
3.500e+01 ; 9.600e+00 ; 2.800e+00 ; 2.2605000e+01 ; 2.7800000e+02 
3.500e+01 ; 9.600e+00 ; 2.800e+00 ; 2.2609000e+01 ; 2.7800000e+02 
3.500e+01 ; 9.600e+00 ; 2.800e+00 ; 2.2617000e+01 ; 2.7800000e+02 
3.500e+01 ; 9.600e+00 ; 2.800e+00 ; 2.2633000e+01 ; 2.7800000e+02 
3.500e+01 ; 9.600e+00 ; 2.800e+00 ; 2.2665000e+01 ; 2.7800000e+02 
3.500e+01 ; 9.600e+00 ; 2.800e+00 ; 2.2729000e+01 ; 2.7800000e+02 
3.500e+01 ; 9.600e+00 ; 2.800e+00 ; 2.2857000e+01 ; 2.7800000e+02 
3.500e+01 ; 9.600e+00 ; 2.800e+00 ; 2.3113000e+01 ; 2.7800000e+02 
3.500e+01 ; 9.600e+00 ; 2.800e+00 ; 2.3625000e+01 ; 2.7800000e+02 
3.500e+01 ; 9.600e+00 ; 2.800e+00 ; 2.3730000e+01 ; 2.7800000e+02 
3.500e+01 ; 9.600e+00 ; 2.800e+00 ; 2.3730000e+01 ; 2.7800000e+02 
3.500e+01 ; 9.600e+00 ; 2.800e+00 ; 2.3731000e+01 ; 2.7800000e+02 
3.500e+01 ; 9.600e+00 ; 2.800e+00 ; 2.3732000e+01 ; 2.7800000e+02 
3.500e+01 ; 9.600e+00 ; 2.800e+00 ; 2.3733000e+01 ; 2.7800000e+02 
3.500e+01 ; 9.600e+00 ; 2.800e+00 ; 2.3735000e+01 ; 2.7800000e+02 
3.500e+01 ; 9.600e+00 ; 2.800e+00 ; 2.3739000e+01 ; 2.7800000e+02 
3.500e+01 ; 9.600e+00 ; 2.800e+00 ; 2.3747000e+01 ; 2.7800000e+02 
3.500e+01 ; 9.600e+00 ; 2.800e+00 ; 2.3763000e+01 ; 2.7800000e+02 
3.500e+01 ; 9.600e+00 ; 2.800e+00 ; 2.3795000e+01 ; 2.7800000e+02 
3.500e+01 ; 9.600e+00 ; 2.800e+00 ; 2.3859000e+01 ; 2.7800000e+02 
3.500e+01 ; 9.600e+00 ; 2.800e+00 ; 2.3987000e+01 ; 2.7800000e+02 
3.500e+01 ; 9.600e+00 ; 2.800e+00 ; 2.4243000e+01 ; 2.7800000e+02 
3.500e+01 ; 9.600e+00 ; 2.800e+00 ; 2.4755000e+01 ; 2.7800000e+02 
3.500e+01 ; 9.600e+00 ; 2.800e+00 ; 2.4860000e+01 ; 2.7800000e+02 
3.500e+01 ; 9.600e+00 ; 2.800e+00 ; 2.4860000e+01 ; 2.7800000e+02 
3.500e+01 ; 9.600e+00 ; 2.800e+00 ; 2.4861000e+01 ; 2.7800000e+02 
3.500e+01 ; 9.600e+00 ; 2.800e+00 ; 2.4862000e+01 ; 2.7800000e+02 
3.500e+01 ; 9.600e+00 ; 2.800e+00 ; 2.4863000e+01 ; 2.7800000e+02 
3.500e+01 ; 9.600e+00 ; 2.800e+00 ; 2.4865000e+01 ; 2.7800000e+02 
3.500e+01 ; 9.600e+00 ; 2.800e+00 ; 2.4869000e+01 ; 2.7800000e+02 
3.500e+01 ; 9.600e+00 ; 2.800e+00 ; 2.4877000e+01 ; 2.7800000e+02 
3.500e+01 ; 9.600e+00 ; 2.800e+00 ; 2.4893000e+01 ; 2.7800000e+02 
3.500e+01 ; 9.600e+00 ; 2.800e+00 ; 2.4925000e+01 ; 2.7800000e+02 
3.500e+01 ; 9.600e+00 ; 2.800e+00 ; 2.4989000e+01 ; 2.7800000e+02 
3.500e+01 ; 9.600e+00 ; 2.800e+00 ; 2.5117000e+01 ; 2.7800000e+02 
3.500e+01 ; 9.600e+00 ; 2.800e+00 ; 2.5373000e+01 ; 2.7800000e+02 
3.500e+01 ; 9.600e+00 ; 2.800e+00 ; 2.5885000e+01 ; 2.7800000e+02 
3.500e+01 ; 9.600e+00 ; 2.800e+00 ; 2.5990000e+01 ; 2.7800000e+02 
3.500e+01 ; 9.600e+00 ; 2.800e+00 ; 2.5990000e+01 ; 2.7800000e+02 
3.500e+01 ; 9.600e+00 ; 2.800e+00 ; 2.5991000e+01 ; 2.7800000e+02 
3.500e+01 ; 9.600e+00 ; 2.800e+00 ; 2.5992000e+01 ; 2.7800000e+02 
3.500e+01 ; 9.600e+00 ; 2.800e+00 ; 2.5993000e+01 ; 2.7800000e+02 
3.500e+01 ; 9.600e+00 ; 2.800e+00 ; 2.5995000e+01 ; 2.7800000e+02 
3.500e+01 ; 9.600e+00 ; 2.800e+00 ; 2.5999000e+01 ; 2.7800000e+02 
3.500e+01 ; 9.600e+00 ; 2.800e+00 ; 2.6007000e+01 ; 2.7800000e+02 
3.500e+01 ; 9.600e+00 ; 2.800e+00 ; 2.6023000e+01 ; 2.7800000e+02 
3.500e+01 ; 9.600e+00 ; 2.800e+00 ; 2.6055000e+01 ; 2.7800000e+02 
3.500e+01 ; 9.600e+00 ; 2.800e+00 ; 2.6119000e+01 ; 2.7800000e+02 
3.500e+01 ; 9.600e+00 ; 2.800e+00 ; 2.6247000e+01 ; 2.7800000e+02 
3.500e+01 ; 9.600e+00 ; 2.800e+00 ; 2.6503000e+01 ; 2.7800000e+02 
3.500e+01 ; 9.600e+00 ; 2.800e+00 ; 2.7015000e+01 ; 2.7800000e+02 
3.500e+01 ; 9.600e+00 ; 2.800e+00 ; 2.7120000e+01 ; 2.7800000e+02 
3.500e+01 ; 9.600e+00 ; 2.800e+00 ; 2.7120000e+01 ; 2.7800000e+02 
3.500e+01 ; 9.600e+00 ; 2.800e+00 ; 2.7121000e+01 ; 2.7800000e+02 
3.500e+01 ; 9.600e+00 ; 2.800e+00 ; 2.7122000e+01 ; 2.7800000e+02 
3.500e+01 ; 9.600e+00 ; 2.800e+00 ; 2.7123000e+01 ; 2.7800000e+02 
3.500e+01 ; 9.600e+00 ; 2.800e+00 ; 2.7125000e+01 ; 2.7800000e+02 
3.500e+01 ; 9.600e+00 ; 2.800e+00 ; 2.7129000e+01 ; 2.7800000e+02 
3.500e+01 ; 9.600e+00 ; 2.800e+00 ; 2.7137000e+01 ; 2.7800000e+02 
3.500e+01 ; 9.600e+00 ; 2.800e+00 ; 2.7153000e+01 ; 2.7800000e+02 
3.500e+01 ; 9.600e+00 ; 2.800e+00 ; 2.7185000e+01 ; 2.7800000e+02 
3.500e+01 ; 9.600e+00 ; 2.800e+00 ; 2.7249000e+01 ; 2.7800000e+02 
3.500e+01 ; 9.600e+00 ; 2.800e+00 ; 2.7377000e+01 ; 2.7800000e+02 
3.500e+01 ; 9.600e+00 ; 2.800e+00 ; 2.7633000e+01 ; 2.7800000e+02 
3.500e+01 ; 9.600e+00 ; 2.800e+00 ; 2.8145000e+01 ; 2.7800000e+02 
3.500e+01 ; 9.600e+00 ; 2.800e+00 ; 2.8250000e+01 ; 2.7800000e+02 
3.500e+01 ; 9.600e+00 ; 2.800e+00 ; 2.8250000e+01 ; 2.7800000e+02 
3.500e+01 ; 9.600e+00 ; 2.800e+00 ; 2.8251000e+01 ; 2.7800000e+02 
3.500e+01 ; 9.600e+00 ; 2.800e+00 ; 2.8252000e+01 ; 2.7800000e+02 
3.500e+01 ; 9.600e+00 ; 2.800e+00 ; 2.8253000e+01 ; 2.7800000e+02 
3.500e+01 ; 9.600e+00 ; 2.800e+00 ; 2.8255000e+01 ; 2.7800000e+02 
3.500e+01 ; 9.600e+00 ; 2.800e+00 ; 2.8259000e+01 ; 2.7800000e+02 
3.500e+01 ; 9.600e+00 ; 2.800e+00 ; 2.8267000e+01 ; 2.7800000e+02 
3.500e+01 ; 9.600e+00 ; 2.800e+00 ; 2.8283000e+01 ; 2.7800000e+02 
3.500e+01 ; 9.600e+00 ; 2.800e+00 ; 2.8315000e+01 ; 2.7800000e+02 
3.500e+01 ; 9.600e+00 ; 2.800e+00 ; 2.8379000e+01 ; 2.7800000e+02 
3.500e+01 ; 9.600e+00 ; 2.800e+00 ; 2.8507000e+01 ; 2.7800000e+02 
3.500e+01 ; 9.600e+00 ; 2.800e+00 ; 2.8763000e+01 ; 2.7800000e+02 
3.500e+01 ; 9.600e+00 ; 2.800e+00 ; 2.9275000e+01 ; 2.7800000e+02 
3.500e+01 ; 9.600e+00 ; 2.800e+00 ; 2.9380000e+01 ; 2.7800000e+02 
3.500e+01 ; 9.600e+00 ; 2.800e+00 ; 2.9380000e+01 ; 2.7800000e+02 
3.500e+01 ; 9.600e+00 ; 2.800e+00 ; 2.9381000e+01 ; 2.7800000e+02 
3.500e+01 ; 9.600e+00 ; 2.800e+00 ; 2.9382000e+01 ; 2.7800000e+02 
3.500e+01 ; 9.600e+00 ; 2.800e+00 ; 2.9383000e+01 ; 2.7800000e+02 
3.500e+01 ; 9.600e+00 ; 2.800e+00 ; 2.9385000e+01 ; 2.7800000e+02 
3.500e+01 ; 9.600e+00 ; 2.800e+00 ; 2.9389000e+01 ; 2.7800000e+02 
3.500e+01 ; 9.600e+00 ; 2.800e+00 ; 2.9397000e+01 ; 2.7800000e+02 
3.500e+01 ; 9.600e+00 ; 2.800e+00 ; 2.9413000e+01 ; 2.7800000e+02 
3.500e+01 ; 9.600e+00 ; 2.800e+00 ; 2.9445000e+01 ; 2.7800000e+02 
3.500e+01 ; 9.600e+00 ; 2.800e+00 ; 2.9509000e+01 ; 2.7800000e+02 
3.500e+01 ; 9.600e+00 ; 2.800e+00 ; 2.9637000e+01 ; 2.7800000e+02 
3.500e+01 ; 9.600e+00 ; 2.800e+00 ; 2.9893000e+01 ; 2.7800000e+02 
3.500e+01 ; 9.600e+00 ; 2.800e+00 ; 3.0405000e+01 ; 2.7800000e+02 
3.500e+01 ; 9.600e+00 ; 2.800e+00 ; 3.0510000e+01 ; 2.7800000e+02 
3.500e+01 ; 9.600e+00 ; 2.800e+00 ; 3.0510000e+01 ; 2.7800000e+02 
3.500e+01 ; 9.600e+00 ; 2.800e+00 ; 3.0511000e+01 ; 2.7800000e+02 
3.500e+01 ; 9.600e+00 ; 2.800e+00 ; 3.0512000e+01 ; 2.7800000e+02 
3.500e+01 ; 9.600e+00 ; 2.800e+00 ; 3.0513000e+01 ; 2.7800000e+02 
3.500e+01 ; 9.600e+00 ; 2.800e+00 ; 3.0515000e+01 ; 2.7800000e+02 
3.500e+01 ; 9.600e+00 ; 2.800e+00 ; 3.0519000e+01 ; 2.7800000e+02 
3.500e+01 ; 9.600e+00 ; 2.800e+00 ; 3.0527000e+01 ; 2.7800000e+02 
3.500e+01 ; 9.600e+00 ; 2.800e+00 ; 3.0543000e+01 ; 2.7800000e+02 
3.500e+01 ; 9.600e+00 ; 2.800e+00 ; 3.0575000e+01 ; 2.7800000e+02 
3.500e+01 ; 9.600e+00 ; 2.800e+00 ; 3.0639000e+01 ; 2.7800000e+02 
3.500e+01 ; 9.600e+00 ; 2.800e+00 ; 3.0767000e+01 ; 2.7800000e+02 
3.500e+01 ; 9.600e+00 ; 2.800e+00 ; 3.1023000e+01 ; 2.7800000e+02 
3.500e+01 ; 9.600e+00 ; 2.800e+00 ; 3.1535000e+01 ; 2.7800000e+02 
3.500e+01 ; 9.600e+00 ; 2.800e+00 ; 3.1640000e+01 ; 2.7800000e+02 
3.500e+01 ; 9.600e+00 ; 2.800e+00 ; 3.1640000e+01 ; 2.7800000e+02 
3.500e+01 ; 9.600e+00 ; 2.800e+00 ; 3.1641000e+01 ; 2.7800000e+02 
3.500e+01 ; 9.600e+00 ; 2.800e+00 ; 3.1642000e+01 ; 2.7800000e+02 
3.500e+01 ; 9.600e+00 ; 2.800e+00 ; 3.1643000e+01 ; 2.7800000e+02 
3.500e+01 ; 9.600e+00 ; 2.800e+00 ; 3.1645000e+01 ; 2.7800000e+02 
3.500e+01 ; 9.600e+00 ; 2.800e+00 ; 3.1649000e+01 ; 2.7800000e+02 
3.500e+01 ; 9.600e+00 ; 2.800e+00 ; 3.1657000e+01 ; 2.7800000e+02 
3.500e+01 ; 9.600e+00 ; 2.800e+00 ; 3.1673000e+01 ; 2.7800000e+02 
3.500e+01 ; 9.600e+00 ; 2.800e+00 ; 3.1705000e+01 ; 2.7800000e+02 
3.500e+01 ; 9.600e+00 ; 2.800e+00 ; 3.1769000e+01 ; 2.7800000e+02 
3.500e+01 ; 9.600e+00 ; 2.800e+00 ; 3.1897000e+01 ; 2.7800000e+02 
3.500e+01 ; 9.600e+00 ; 2.800e+00 ; 3.2153000e+01 ; 2.7800000e+02 
3.500e+01 ; 9.600e+00 ; 2.800e+00 ; 3.2665000e+01 ; 2.7800000e+02 
3.500e+01 ; 9.600e+00 ; 2.800e+00 ; 3.2770000e+01 ; 2.7800000e+02 
3.500e+01 ; 9.600e+00 ; 2.800e+00 ; 3.2770000e+01 ; 2.7800000e+02 
3.500e+01 ; 9.600e+00 ; 2.800e+00 ; 3.2771000e+01 ; 2.7800000e+02 
3.500e+01 ; 9.600e+00 ; 2.800e+00 ; 3.2772000e+01 ; 2.7800000e+02 
3.500e+01 ; 9.600e+00 ; 2.800e+00 ; 3.2773000e+01 ; 2.7800000e+02 
3.500e+01 ; 9.600e+00 ; 2.800e+00 ; 3.2775000e+01 ; 2.7800000e+02 
3.500e+01 ; 9.600e+00 ; 2.800e+00 ; 3.2779000e+01 ; 2.7800000e+02 
3.500e+01 ; 9.600e+00 ; 2.800e+00 ; 3.2787000e+01 ; 2.7800000e+02 
3.500e+01 ; 9.600e+00 ; 2.800e+00 ; 3.2803000e+01 ; 2.7800000e+02 
3.500e+01 ; 9.600e+00 ; 2.800e+00 ; 3.2835000e+01 ; 2.7800000e+02 
3.500e+01 ; 9.600e+00 ; 2.800e+00 ; 3.2899000e+01 ; 2.7800000e+02 
3.500e+01 ; 9.600e+00 ; 2.800e+00 ; 3.3027000e+01 ; 2.7800000e+02 
3.500e+01 ; 9.600e+00 ; 2.800e+00 ; 3.3283000e+01 ; 2.7800000e+02 
3.500e+01 ; 9.600e+00 ; 2.800e+00 ; 3.3795000e+01 ; 2.7800000e+02 
3.500e+01 ; 9.600e+00 ; 2.800e+00 ; 3.3900000e+01 ; 2.7800000e+02 
3.500e+01 ; 9.600e+00 ; 2.800e+00 ; 3.3900000e+01 ; 2.7800000e+02 
3.500e+01 ; 9.600e+00 ; 2.800e+00 ; 3.3901000e+01 ; 2.7800000e+02 
3.500e+01 ; 9.600e+00 ; 2.800e+00 ; 3.3902000e+01 ; 2.7800000e+02 
3.500e+01 ; 9.600e+00 ; 2.800e+00 ; 3.3903000e+01 ; 2.7800000e+02 
3.500e+01 ; 9.600e+00 ; 2.800e+00 ; 3.3905000e+01 ; 2.7800000e+02 
3.500e+01 ; 9.600e+00 ; 2.800e+00 ; 3.3909000e+01 ; 2.7800000e+02 
3.500e+01 ; 9.600e+00 ; 2.800e+00 ; 3.3917000e+01 ; 2.7800000e+02 
3.500e+01 ; 9.600e+00 ; 2.800e+00 ; 3.3933000e+01 ; 2.7800000e+02 
3.500e+01 ; 9.600e+00 ; 2.800e+00 ; 3.3965000e+01 ; 2.7800000e+02 
3.500e+01 ; 9.600e+00 ; 2.800e+00 ; 3.4029000e+01 ; 2.7800000e+02 
3.500e+01 ; 9.600e+00 ; 2.800e+00 ; 3.4157000e+01 ; 2.7800000e+02 
3.500e+01 ; 9.600e+00 ; 2.800e+00 ; 3.4413000e+01 ; 2.7800000e+02 
3.500e+01 ; 9.600e+00 ; 2.800e+00 ; 3.4925000e+01 ; 2.7800000e+02 
3.500e+01 ; 9.600e+00 ; 2.800e+00 ; 3.5030000e+01 ; 2.7800000e+02 
3.500e+01 ; 9.600e+00 ; 2.800e+00 ; 3.5030000e+01 ; 2.7800000e+02 
3.500e+01 ; 9.600e+00 ; 2.800e+00 ; 3.5031000e+01 ; 2.7800000e+02 
3.500e+01 ; 9.600e+00 ; 2.800e+00 ; 3.5032000e+01 ; 2.7800000e+02 
3.500e+01 ; 9.600e+00 ; 2.800e+00 ; 3.5033000e+01 ; 2.7800000e+02 
3.500e+01 ; 9.600e+00 ; 2.800e+00 ; 3.5035000e+01 ; 2.7800000e+02 
3.500e+01 ; 9.600e+00 ; 2.800e+00 ; 3.5039000e+01 ; 2.7800000e+02 
3.500e+01 ; 9.600e+00 ; 2.800e+00 ; 3.5047000e+01 ; 2.7800000e+02 
3.500e+01 ; 9.600e+00 ; 2.800e+00 ; 3.5063000e+01 ; 2.7800000e+02 
3.500e+01 ; 9.600e+00 ; 2.800e+00 ; 3.5095000e+01 ; 2.7800000e+02 
3.500e+01 ; 9.600e+00 ; 2.800e+00 ; 3.5159000e+01 ; 2.7800000e+02 
3.500e+01 ; 9.600e+00 ; 2.800e+00 ; 3.5287000e+01 ; 2.7800000e+02 
3.500e+01 ; 9.600e+00 ; 2.800e+00 ; 3.5543000e+01 ; 2.7800000e+02 
3.500e+01 ; 9.600e+00 ; 2.800e+00 ; 3.6055000e+01 ; 2.7800000e+02 
3.500e+01 ; 9.600e+00 ; 2.800e+00 ; 3.6160000e+01 ; 2.7800000e+02 
3.500e+01 ; 9.600e+00 ; 2.800e+00 ; 3.6160000e+01 ; 2.7800000e+02 
3.500e+01 ; 9.600e+00 ; 2.800e+00 ; 3.6161000e+01 ; 2.7800000e+02 
3.500e+01 ; 9.600e+00 ; 2.800e+00 ; 3.6162000e+01 ; 2.7800000e+02 
3.500e+01 ; 9.600e+00 ; 2.800e+00 ; 3.6163000e+01 ; 2.7800000e+02 
3.500e+01 ; 9.600e+00 ; 2.800e+00 ; 3.6165000e+01 ; 2.7800000e+02 
3.500e+01 ; 9.600e+00 ; 2.800e+00 ; 3.6169000e+01 ; 2.7800000e+02 
3.500e+01 ; 9.600e+00 ; 2.800e+00 ; 3.6177000e+01 ; 2.7800000e+02 
3.500e+01 ; 9.600e+00 ; 2.800e+00 ; 3.6193000e+01 ; 2.7800000e+02 
3.500e+01 ; 9.600e+00 ; 2.800e+00 ; 3.6225000e+01 ; 2.7800000e+02 
3.500e+01 ; 9.600e+00 ; 2.800e+00 ; 3.6289000e+01 ; 2.7800000e+02 
3.500e+01 ; 9.600e+00 ; 2.800e+00 ; 3.6417000e+01 ; 2.7800000e+02 
3.500e+01 ; 9.600e+00 ; 2.800e+00 ; 3.6673000e+01 ; 2.7800000e+02 
3.500e+01 ; 9.600e+00 ; 2.800e+00 ; 3.7185000e+01 ; 2.7800000e+02 
3.500e+01 ; 9.600e+00 ; 2.800e+00 ; 3.7290000e+01 ; 2.7800000e+02 
3.500e+01 ; 9.600e+00 ; 2.800e+00 ; 3.7290000e+01 ; 2.7800000e+02 
3.500e+01 ; 9.600e+00 ; 2.800e+00 ; 3.7291000e+01 ; 2.7800000e+02 
3.500e+01 ; 9.600e+00 ; 2.800e+00 ; 3.7292000e+01 ; 2.7800000e+02 
3.500e+01 ; 9.600e+00 ; 2.800e+00 ; 3.7293000e+01 ; 2.7800000e+02 
3.500e+01 ; 9.600e+00 ; 2.800e+00 ; 3.7295000e+01 ; 2.7800000e+02 
3.500e+01 ; 9.600e+00 ; 2.800e+00 ; 3.7299000e+01 ; 2.7800000e+02 
3.500e+01 ; 9.600e+00 ; 2.800e+00 ; 3.7307000e+01 ; 2.7800000e+02 
3.500e+01 ; 9.600e+00 ; 2.800e+00 ; 3.7323000e+01 ; 2.7800000e+02 
3.500e+01 ; 9.600e+00 ; 2.800e+00 ; 3.7355000e+01 ; 2.7800000e+02 
3.500e+01 ; 9.600e+00 ; 2.800e+00 ; 3.7419000e+01 ; 2.7800000e+02 
3.500e+01 ; 9.600e+00 ; 2.800e+00 ; 3.7547000e+01 ; 2.7800000e+02 
3.500e+01 ; 9.600e+00 ; 2.800e+00 ; 3.7803000e+01 ; 2.7800000e+02 
3.500e+01 ; 9.600e+00 ; 2.800e+00 ; 3.8315000e+01 ; 2.7800000e+02 
3.500e+01 ; 9.600e+00 ; 2.800e+00 ; 3.8420000e+01 ; 2.7800000e+02 
3.500e+01 ; 9.600e+00 ; 2.800e+00 ; 3.8420000e+01 ; 2.7800000e+02 
3.500e+01 ; 9.600e+00 ; 2.800e+00 ; 3.8421000e+01 ; 2.7800000e+02 
3.500e+01 ; 9.600e+00 ; 2.800e+00 ; 3.8422000e+01 ; 2.7800000e+02 
3.500e+01 ; 9.600e+00 ; 2.800e+00 ; 3.8423000e+01 ; 2.7800000e+02 
3.500e+01 ; 9.600e+00 ; 2.800e+00 ; 3.8425000e+01 ; 2.7800000e+02 
3.500e+01 ; 9.600e+00 ; 2.800e+00 ; 3.8429000e+01 ; 2.7800000e+02 
3.500e+01 ; 9.600e+00 ; 2.800e+00 ; 3.8437000e+01 ; 2.7800000e+02 
3.500e+01 ; 9.600e+00 ; 2.800e+00 ; 3.8453000e+01 ; 2.7800000e+02 
3.500e+01 ; 9.600e+00 ; 2.800e+00 ; 3.8485000e+01 ; 2.7800000e+02 
3.500e+01 ; 9.600e+00 ; 2.800e+00 ; 3.8549000e+01 ; 2.7800000e+02 
3.500e+01 ; 9.600e+00 ; 2.800e+00 ; 3.8677000e+01 ; 2.7800000e+02 
3.500e+01 ; 9.600e+00 ; 2.800e+00 ; 3.8933000e+01 ; 2.7800000e+02 
3.500e+01 ; 9.600e+00 ; 2.800e+00 ; 3.9445000e+01 ; 2.7800000e+02 
3.500e+01 ; 9.600e+00 ; 2.800e+00 ; 3.9550000e+01 ; 2.7800000e+02 
3.500e+01 ; 9.600e+00 ; 2.800e+00 ; 3.9550000e+01 ; 2.7800000e+02 
3.500e+01 ; 9.600e+00 ; 2.800e+00 ; 3.9551000e+01 ; 2.7800000e+02 
3.500e+01 ; 9.600e+00 ; 2.800e+00 ; 3.9552000e+01 ; 2.7800000e+02 
3.500e+01 ; 9.600e+00 ; 2.800e+00 ; 3.9553000e+01 ; 2.7800000e+02 
3.500e+01 ; 9.600e+00 ; 2.800e+00 ; 3.9555000e+01 ; 2.7800000e+02 
3.500e+01 ; 9.600e+00 ; 2.800e+00 ; 3.9559000e+01 ; 2.7800000e+02 
3.500e+01 ; 9.600e+00 ; 2.800e+00 ; 3.9567000e+01 ; 2.7800000e+02 
3.500e+01 ; 9.600e+00 ; 2.800e+00 ; 3.9583000e+01 ; 2.7800000e+02 
3.500e+01 ; 9.600e+00 ; 2.800e+00 ; 3.9615000e+01 ; 2.7800000e+02 
3.500e+01 ; 9.600e+00 ; 2.800e+00 ; 3.9679000e+01 ; 2.7800000e+02 
3.500e+01 ; 9.600e+00 ; 2.800e+00 ; 3.9807000e+01 ; 2.7800000e+02 
3.500e+01 ; 9.600e+00 ; 2.800e+00 ; 4.0063000e+01 ; 2.7800000e+02 
3.500e+01 ; 9.600e+00 ; 2.800e+00 ; 4.0575000e+01 ; 2.7800000e+02 
3.500e+01 ; 9.600e+00 ; 2.800e+00 ; 4.0680000e+01 ; 2.7800000e+02 
3.500e+01 ; 9.600e+00 ; 2.800e+00 ; 4.0680000e+01 ; 2.7800000e+02 
3.500e+01 ; 9.600e+00 ; 2.800e+00 ; 4.0681000e+01 ; 2.7800000e+02 
3.500e+01 ; 9.600e+00 ; 2.800e+00 ; 4.0682000e+01 ; 2.7800000e+02 
3.500e+01 ; 9.600e+00 ; 2.800e+00 ; 4.0683000e+01 ; 2.7800000e+02 
3.500e+01 ; 9.600e+00 ; 2.800e+00 ; 4.0685000e+01 ; 2.7800000e+02 
3.500e+01 ; 9.600e+00 ; 2.800e+00 ; 4.0689000e+01 ; 2.7800000e+02 
3.500e+01 ; 9.600e+00 ; 2.800e+00 ; 4.0697000e+01 ; 2.7800000e+02 
3.500e+01 ; 9.600e+00 ; 2.800e+00 ; 4.0713000e+01 ; 2.7800000e+02 
3.500e+01 ; 9.600e+00 ; 2.800e+00 ; 4.0745000e+01 ; 2.7800000e+02 
3.500e+01 ; 9.600e+00 ; 2.800e+00 ; 4.0809000e+01 ; 2.7800000e+02 
3.500e+01 ; 9.600e+00 ; 2.800e+00 ; 4.0937000e+01 ; 2.7800000e+02 
3.500e+01 ; 9.600e+00 ; 2.800e+00 ; 4.1193000e+01 ; 2.7800000e+02 
3.500e+01 ; 9.600e+00 ; 2.800e+00 ; 4.1705000e+01 ; 2.7800000e+02 
3.500e+01 ; 9.600e+00 ; 2.800e+00 ; 4.1810000e+01 ; 2.7800000e+02 
3.500e+01 ; 9.600e+00 ; 2.800e+00 ; 4.1810000e+01 ; 2.7800000e+02 
3.500e+01 ; 9.600e+00 ; 2.800e+00 ; 4.1811000e+01 ; 2.7800000e+02 
3.500e+01 ; 9.600e+00 ; 2.800e+00 ; 4.1812000e+01 ; 2.7800000e+02 
3.500e+01 ; 9.600e+00 ; 2.800e+00 ; 4.1813000e+01 ; 2.7800000e+02 
3.500e+01 ; 9.600e+00 ; 2.800e+00 ; 4.1815000e+01 ; 2.7800000e+02 
3.500e+01 ; 9.600e+00 ; 2.800e+00 ; 4.1819000e+01 ; 2.7800000e+02 
3.500e+01 ; 9.600e+00 ; 2.800e+00 ; 4.1827000e+01 ; 2.7800000e+02 
3.500e+01 ; 9.600e+00 ; 2.800e+00 ; 4.1843000e+01 ; 2.7800000e+02 
3.500e+01 ; 9.600e+00 ; 2.800e+00 ; 4.1875000e+01 ; 2.7800000e+02 
3.500e+01 ; 9.600e+00 ; 2.800e+00 ; 4.1939000e+01 ; 2.7800000e+02 
3.500e+01 ; 9.600e+00 ; 2.800e+00 ; 4.2067000e+01 ; 2.7800000e+02 
3.500e+01 ; 9.600e+00 ; 2.800e+00 ; 4.2323000e+01 ; 2.7800000e+02 
3.500e+01 ; 9.600e+00 ; 2.800e+00 ; 4.2835000e+01 ; 2.7800000e+02 
3.500e+01 ; 9.600e+00 ; 2.800e+00 ; 4.2940000e+01 ; 2.7800000e+02 
3.500e+01 ; 9.600e+00 ; 2.800e+00 ; 4.2940000e+01 ; 2.7800000e+02 
3.500e+01 ; 9.600e+00 ; 2.800e+00 ; 4.2941000e+01 ; 2.7800000e+02 
3.500e+01 ; 9.600e+00 ; 2.800e+00 ; 4.2942000e+01 ; 2.7800000e+02 
3.500e+01 ; 9.600e+00 ; 2.800e+00 ; 4.2943000e+01 ; 2.7800000e+02 
3.500e+01 ; 9.600e+00 ; 2.800e+00 ; 4.2945000e+01 ; 2.7800000e+02 
3.500e+01 ; 9.600e+00 ; 2.800e+00 ; 4.2949000e+01 ; 2.7800000e+02 
3.500e+01 ; 9.600e+00 ; 2.800e+00 ; 4.2957000e+01 ; 2.7800000e+02 
3.500e+01 ; 9.600e+00 ; 2.800e+00 ; 4.2973000e+01 ; 2.7800000e+02 
3.500e+01 ; 9.600e+00 ; 2.800e+00 ; 4.3005000e+01 ; 2.7800000e+02 
3.500e+01 ; 9.600e+00 ; 2.800e+00 ; 4.3069000e+01 ; 2.7800000e+02 
3.500e+01 ; 9.600e+00 ; 2.800e+00 ; 4.3197000e+01 ; 2.7800000e+02 
3.500e+01 ; 9.600e+00 ; 2.800e+00 ; 4.3453000e+01 ; 2.7800000e+02 
3.500e+01 ; 9.600e+00 ; 2.800e+00 ; 4.3965000e+01 ; 2.7800000e+02 
3.500e+01 ; 9.600e+00 ; 2.800e+00 ; 4.4070000e+01 ; 2.7800000e+02 
3.500e+01 ; 9.600e+00 ; 2.800e+00 ; 4.4070000e+01 ; 2.7800000e+02 
3.500e+01 ; 9.600e+00 ; 2.800e+00 ; 4.4071000e+01 ; 2.7800000e+02 
3.500e+01 ; 9.600e+00 ; 2.800e+00 ; 4.4072000e+01 ; 2.7800000e+02 
3.500e+01 ; 9.600e+00 ; 2.800e+00 ; 4.4073000e+01 ; 2.7800000e+02 
3.500e+01 ; 9.600e+00 ; 2.800e+00 ; 4.4075000e+01 ; 2.7800000e+02 
3.500e+01 ; 9.600e+00 ; 2.800e+00 ; 4.4079000e+01 ; 2.7800000e+02 
3.500e+01 ; 9.600e+00 ; 2.800e+00 ; 4.4087000e+01 ; 2.7800000e+02 
3.500e+01 ; 9.600e+00 ; 2.800e+00 ; 4.4103000e+01 ; 2.7800000e+02 
3.500e+01 ; 9.600e+00 ; 2.800e+00 ; 4.4135000e+01 ; 2.7800000e+02 
3.500e+01 ; 9.600e+00 ; 2.800e+00 ; 4.4199000e+01 ; 2.7800000e+02 
3.500e+01 ; 9.600e+00 ; 2.800e+00 ; 4.4327000e+01 ; 2.7800000e+02 
3.500e+01 ; 9.600e+00 ; 2.800e+00 ; 4.4583000e+01 ; 2.7800000e+02 
3.500e+01 ; 9.600e+00 ; 2.800e+00 ; 4.5095000e+01 ; 2.7800000e+02 
3.500e+01 ; 9.600e+00 ; 2.800e+00 ; 4.5200000e+01 ; 2.7800000e+02 
3.500e+01 ; 9.600e+00 ; 2.800e+00 ; 4.5200000e+01 ; 2.7800000e+02 
3.500e+01 ; 9.600e+00 ; 2.800e+00 ; 4.5201000e+01 ; 2.7800000e+02 
3.500e+01 ; 9.600e+00 ; 2.800e+00 ; 4.5202000e+01 ; 2.7800000e+02 
3.500e+01 ; 9.600e+00 ; 2.800e+00 ; 4.5203000e+01 ; 2.7800000e+02 
3.500e+01 ; 9.600e+00 ; 2.800e+00 ; 4.5205000e+01 ; 2.7800000e+02 
3.500e+01 ; 9.600e+00 ; 2.800e+00 ; 4.5209000e+01 ; 2.7800000e+02 
3.500e+01 ; 9.600e+00 ; 2.800e+00 ; 4.5217000e+01 ; 2.7800000e+02 
3.500e+01 ; 9.600e+00 ; 2.800e+00 ; 4.5233000e+01 ; 2.7800000e+02 
3.500e+01 ; 9.600e+00 ; 2.800e+00 ; 4.5265000e+01 ; 2.7800000e+02 
3.500e+01 ; 9.600e+00 ; 2.800e+00 ; 4.5329000e+01 ; 2.7800000e+02 
3.500e+01 ; 9.600e+00 ; 2.800e+00 ; 4.5457000e+01 ; 2.7800000e+02 
3.500e+01 ; 9.600e+00 ; 2.800e+00 ; 4.5713000e+01 ; 2.7800000e+02 
3.500e+01 ; 9.600e+00 ; 2.800e+00 ; 4.6225000e+01 ; 2.7800000e+02 
3.500e+01 ; 9.600e+00 ; 2.800e+00 ; 4.6330000e+01 ; 2.7800000e+02 
3.500e+01 ; 9.600e+00 ; 2.800e+00 ; 4.6330000e+01 ; 2.7800000e+02 
3.500e+01 ; 9.600e+00 ; 2.800e+00 ; 4.6331000e+01 ; 2.7800000e+02 
3.500e+01 ; 9.600e+00 ; 2.800e+00 ; 4.6332000e+01 ; 2.7800000e+02 
3.500e+01 ; 9.600e+00 ; 2.800e+00 ; 4.6333000e+01 ; 2.7800000e+02 
3.500e+01 ; 9.600e+00 ; 2.800e+00 ; 4.6335000e+01 ; 2.7800000e+02 
3.500e+01 ; 9.600e+00 ; 2.800e+00 ; 4.6339000e+01 ; 2.7800000e+02 
3.500e+01 ; 9.600e+00 ; 2.800e+00 ; 4.6347000e+01 ; 2.7800000e+02 
3.500e+01 ; 9.600e+00 ; 2.800e+00 ; 4.6363000e+01 ; 2.7800000e+02 
3.500e+01 ; 9.600e+00 ; 2.800e+00 ; 4.6395000e+01 ; 2.7800000e+02 
3.500e+01 ; 9.600e+00 ; 2.800e+00 ; 4.6459000e+01 ; 2.7800000e+02 
3.500e+01 ; 9.600e+00 ; 2.800e+00 ; 4.6587000e+01 ; 2.7800000e+02 
3.500e+01 ; 9.600e+00 ; 2.800e+00 ; 4.6843000e+01 ; 2.7800000e+02 
3.500e+01 ; 9.600e+00 ; 2.800e+00 ; 4.7355000e+01 ; 2.7800000e+02 
3.500e+01 ; 9.600e+00 ; 2.800e+00 ; 4.7460000e+01 ; 2.7800000e+02 
3.500e+01 ; 9.600e+00 ; 2.800e+00 ; 4.7460000e+01 ; 2.7800000e+02 
3.500e+01 ; 9.600e+00 ; 2.800e+00 ; 4.7461000e+01 ; 2.7800000e+02 
3.500e+01 ; 9.600e+00 ; 2.800e+00 ; 4.7462000e+01 ; 2.7800000e+02 
3.500e+01 ; 9.600e+00 ; 2.800e+00 ; 4.7463000e+01 ; 2.7800000e+02 
3.500e+01 ; 9.600e+00 ; 2.800e+00 ; 4.7465000e+01 ; 2.7800000e+02 
3.500e+01 ; 9.600e+00 ; 2.800e+00 ; 4.7469000e+01 ; 2.7800000e+02 
3.500e+01 ; 9.600e+00 ; 2.800e+00 ; 4.7477000e+01 ; 2.7800000e+02 
3.500e+01 ; 9.600e+00 ; 2.800e+00 ; 4.7493000e+01 ; 2.7800000e+02 
3.500e+01 ; 9.600e+00 ; 2.800e+00 ; 4.7525000e+01 ; 2.7800000e+02 
3.500e+01 ; 9.600e+00 ; 2.800e+00 ; 4.7589000e+01 ; 2.7800000e+02 
3.500e+01 ; 9.600e+00 ; 2.800e+00 ; 4.7717000e+01 ; 2.7800000e+02 
3.500e+01 ; 9.600e+00 ; 2.800e+00 ; 4.7973000e+01 ; 2.7800000e+02 
3.500e+01 ; 9.600e+00 ; 2.800e+00 ; 4.8485000e+01 ; 2.7800000e+02 
3.500e+01 ; 9.600e+00 ; 2.800e+00 ; 4.8590000e+01 ; 2.7800000e+02 
3.500e+01 ; 9.600e+00 ; 2.800e+00 ; 4.8590000e+01 ; 2.7800000e+02 
3.500e+01 ; 9.600e+00 ; 2.800e+00 ; 4.8591000e+01 ; 2.7800000e+02 
3.500e+01 ; 9.600e+00 ; 2.800e+00 ; 4.8592000e+01 ; 2.7800000e+02 
3.500e+01 ; 9.600e+00 ; 2.800e+00 ; 4.8593000e+01 ; 2.7800000e+02 
3.500e+01 ; 9.600e+00 ; 2.800e+00 ; 4.8595000e+01 ; 2.7800000e+02 
3.500e+01 ; 9.600e+00 ; 2.800e+00 ; 4.8599000e+01 ; 2.7800000e+02 
3.500e+01 ; 9.600e+00 ; 2.800e+00 ; 4.8607000e+01 ; 2.7800000e+02 
3.500e+01 ; 9.600e+00 ; 2.800e+00 ; 4.8623000e+01 ; 2.7800000e+02 
3.500e+01 ; 9.600e+00 ; 2.800e+00 ; 4.8655000e+01 ; 2.7800000e+02 
3.500e+01 ; 9.600e+00 ; 2.800e+00 ; 4.8719000e+01 ; 2.7800000e+02 
3.500e+01 ; 9.600e+00 ; 2.800e+00 ; 4.8847000e+01 ; 2.7800000e+02 
3.500e+01 ; 9.600e+00 ; 2.800e+00 ; 4.9103000e+01 ; 2.7800000e+02 
3.500e+01 ; 9.600e+00 ; 2.800e+00 ; 4.9615000e+01 ; 2.7800000e+02 
3.500e+01 ; 9.600e+00 ; 2.800e+00 ; 4.9720000e+01 ; 2.7800000e+02 
3.500e+01 ; 9.600e+00 ; 2.800e+00 ; 4.9720000e+01 ; 2.7800000e+02 
3.500e+01 ; 9.600e+00 ; 2.800e+00 ; 4.9721000e+01 ; 2.7800000e+02 
3.500e+01 ; 9.600e+00 ; 2.800e+00 ; 4.9722000e+01 ; 2.7800000e+02 
3.500e+01 ; 9.600e+00 ; 2.800e+00 ; 4.9723000e+01 ; 2.7800000e+02 
3.500e+01 ; 9.600e+00 ; 2.800e+00 ; 4.9725000e+01 ; 2.7800000e+02 
3.500e+01 ; 9.600e+00 ; 2.800e+00 ; 4.9729000e+01 ; 2.7800000e+02 
3.500e+01 ; 9.600e+00 ; 2.800e+00 ; 4.9737000e+01 ; 2.7800000e+02 
3.500e+01 ; 9.600e+00 ; 2.800e+00 ; 4.9753000e+01 ; 2.7800000e+02 
3.500e+01 ; 9.600e+00 ; 2.800e+00 ; 4.9785000e+01 ; 2.7800000e+02 
3.500e+01 ; 9.600e+00 ; 2.800e+00 ; 4.9849000e+01 ; 2.7800000e+02 
3.500e+01 ; 9.600e+00 ; 2.800e+00 ; 4.9977000e+01 ; 2.7800000e+02 
3.500e+01 ; 9.600e+00 ; 2.800e+00 ; 5.0233000e+01 ; 2.7800000e+02 
3.500e+01 ; 9.600e+00 ; 2.800e+00 ; 5.0745000e+01 ; 2.7800000e+02 
3.500e+01 ; 9.600e+00 ; 2.800e+00 ; 5.0850000e+01 ; 2.7800000e+02 
3.500e+01 ; 9.600e+00 ; 2.800e+00 ; 5.0850000e+01 ; 2.7800000e+02 
3.500e+01 ; 9.600e+00 ; 2.800e+00 ; 5.0851000e+01 ; 2.7800000e+02 
3.500e+01 ; 9.600e+00 ; 2.800e+00 ; 5.0852000e+01 ; 2.7800000e+02 
3.500e+01 ; 9.600e+00 ; 2.800e+00 ; 5.0853000e+01 ; 2.7800000e+02 
3.500e+01 ; 9.600e+00 ; 2.800e+00 ; 5.0855000e+01 ; 2.7800000e+02 
3.500e+01 ; 9.600e+00 ; 2.800e+00 ; 5.0859000e+01 ; 2.7800000e+02 
3.500e+01 ; 9.600e+00 ; 2.800e+00 ; 5.0867000e+01 ; 2.7800000e+02 
3.500e+01 ; 9.600e+00 ; 2.800e+00 ; 5.0883000e+01 ; 2.7800000e+02 
3.500e+01 ; 9.600e+00 ; 2.800e+00 ; 5.0915000e+01 ; 2.7800000e+02 
3.500e+01 ; 9.600e+00 ; 2.800e+00 ; 5.0979000e+01 ; 2.7800000e+02 
3.500e+01 ; 9.600e+00 ; 2.800e+00 ; 5.1107000e+01 ; 2.7800000e+02 
3.500e+01 ; 9.600e+00 ; 2.800e+00 ; 5.1363000e+01 ; 2.7800000e+02 
3.500e+01 ; 9.600e+00 ; 2.800e+00 ; 5.1875000e+01 ; 2.7800000e+02 
3.500e+01 ; 9.600e+00 ; 2.800e+00 ; 5.1980000e+01 ; 2.7800000e+02 
3.500e+01 ; 9.600e+00 ; 2.800e+00 ; 5.1980000e+01 ; 2.7800000e+02 
3.500e+01 ; 9.600e+00 ; 2.800e+00 ; 5.1981000e+01 ; 2.7800000e+02 
3.500e+01 ; 9.600e+00 ; 2.800e+00 ; 5.1982000e+01 ; 2.7800000e+02 
3.500e+01 ; 9.600e+00 ; 2.800e+00 ; 5.1983000e+01 ; 2.7800000e+02 
3.500e+01 ; 9.600e+00 ; 2.800e+00 ; 5.1985000e+01 ; 2.7800000e+02 
3.500e+01 ; 9.600e+00 ; 2.800e+00 ; 5.1989000e+01 ; 2.7800000e+02 
3.500e+01 ; 9.600e+00 ; 2.800e+00 ; 5.1997000e+01 ; 2.7800000e+02 
3.500e+01 ; 9.600e+00 ; 2.800e+00 ; 5.2013000e+01 ; 2.7800000e+02 
3.500e+01 ; 9.600e+00 ; 2.800e+00 ; 5.2045000e+01 ; 2.7800000e+02 
3.500e+01 ; 9.600e+00 ; 2.800e+00 ; 5.2109000e+01 ; 2.7800000e+02 
3.500e+01 ; 9.600e+00 ; 2.800e+00 ; 5.2237000e+01 ; 2.7800000e+02 
3.500e+01 ; 9.600e+00 ; 2.800e+00 ; 5.2493000e+01 ; 2.7800000e+02 
3.500e+01 ; 9.600e+00 ; 2.800e+00 ; 5.3005000e+01 ; 2.7800000e+02 
3.500e+01 ; 9.600e+00 ; 2.800e+00 ; 5.3110000e+01 ; 2.7800000e+02 
3.500e+01 ; 9.600e+00 ; 2.800e+00 ; 5.3110000e+01 ; 2.7800000e+02 
3.500e+01 ; 9.600e+00 ; 2.800e+00 ; 5.3111000e+01 ; 2.7800000e+02 
3.500e+01 ; 9.600e+00 ; 2.800e+00 ; 5.3112000e+01 ; 2.7800000e+02 
3.500e+01 ; 9.600e+00 ; 2.800e+00 ; 5.3113000e+01 ; 2.7800000e+02 
3.500e+01 ; 9.600e+00 ; 2.800e+00 ; 5.3115000e+01 ; 2.7800000e+02 
3.500e+01 ; 9.600e+00 ; 2.800e+00 ; 5.3119000e+01 ; 2.7800000e+02 
3.500e+01 ; 9.600e+00 ; 2.800e+00 ; 5.3127000e+01 ; 2.7800000e+02 
3.500e+01 ; 9.600e+00 ; 2.800e+00 ; 5.3143000e+01 ; 2.7800000e+02 
3.500e+01 ; 9.600e+00 ; 2.800e+00 ; 5.3175000e+01 ; 2.7800000e+02 
3.500e+01 ; 9.600e+00 ; 2.800e+00 ; 5.3239000e+01 ; 2.7800000e+02 
3.500e+01 ; 9.600e+00 ; 2.800e+00 ; 5.3367000e+01 ; 2.7800000e+02 
3.500e+01 ; 9.600e+00 ; 2.800e+00 ; 5.3623000e+01 ; 2.7800000e+02 
3.500e+01 ; 9.600e+00 ; 2.800e+00 ; 5.4135000e+01 ; 2.7800000e+02 
3.500e+01 ; 9.600e+00 ; 2.800e+00 ; 5.4240000e+01 ; 2.7800000e+02 
3.500e+01 ; 9.600e+00 ; 2.800e+00 ; 5.4240000e+01 ; 2.7800000e+02 
3.500e+01 ; 9.600e+00 ; 2.800e+00 ; 5.4241000e+01 ; 2.7800000e+02 
3.500e+01 ; 9.600e+00 ; 2.800e+00 ; 5.4242000e+01 ; 2.7800000e+02 
3.500e+01 ; 9.600e+00 ; 2.800e+00 ; 5.4243000e+01 ; 2.7800000e+02 
3.500e+01 ; 9.600e+00 ; 2.800e+00 ; 5.4245000e+01 ; 2.7800000e+02 
3.500e+01 ; 9.600e+00 ; 2.800e+00 ; 5.4249000e+01 ; 2.7800000e+02 
3.500e+01 ; 9.600e+00 ; 2.800e+00 ; 5.4257000e+01 ; 2.7800000e+02 
3.500e+01 ; 9.600e+00 ; 2.800e+00 ; 5.4273000e+01 ; 2.7800000e+02 
3.500e+01 ; 9.600e+00 ; 2.800e+00 ; 5.4305000e+01 ; 2.7800000e+02 
3.500e+01 ; 9.600e+00 ; 2.800e+00 ; 5.4369000e+01 ; 2.7800000e+02 
3.500e+01 ; 9.600e+00 ; 2.800e+00 ; 5.4497000e+01 ; 2.7800000e+02 
3.500e+01 ; 9.600e+00 ; 2.800e+00 ; 5.4753000e+01 ; 2.7800000e+02 
3.500e+01 ; 9.600e+00 ; 2.800e+00 ; 5.5265000e+01 ; 2.7800000e+02 
3.500e+01 ; 9.600e+00 ; 2.800e+00 ; 5.5370000e+01 ; 2.7800000e+02 
3.500e+01 ; 9.600e+00 ; 2.800e+00 ; 5.5370000e+01 ; 2.7800000e+02 
3.500e+01 ; 9.600e+00 ; 2.800e+00 ; 5.5371000e+01 ; 2.7800000e+02 
3.500e+01 ; 9.600e+00 ; 2.800e+00 ; 5.5372000e+01 ; 2.7800000e+02 
3.500e+01 ; 9.600e+00 ; 2.800e+00 ; 5.5373000e+01 ; 2.7800000e+02 
3.500e+01 ; 9.600e+00 ; 2.800e+00 ; 5.5375000e+01 ; 2.7800000e+02 
3.500e+01 ; 9.600e+00 ; 2.800e+00 ; 5.5379000e+01 ; 2.7800000e+02 
3.500e+01 ; 9.600e+00 ; 2.800e+00 ; 5.5387000e+01 ; 2.7800000e+02 
3.500e+01 ; 9.600e+00 ; 2.800e+00 ; 5.5403000e+01 ; 2.7800000e+02 
3.500e+01 ; 9.600e+00 ; 2.800e+00 ; 5.5435000e+01 ; 2.7800000e+02 
3.500e+01 ; 9.600e+00 ; 2.800e+00 ; 5.5499000e+01 ; 2.7800000e+02 
3.500e+01 ; 9.600e+00 ; 2.800e+00 ; 5.5627000e+01 ; 2.7800000e+02 
3.500e+01 ; 9.600e+00 ; 2.800e+00 ; 5.5883000e+01 ; 2.7800000e+02 
3.500e+01 ; 9.600e+00 ; 2.800e+00 ; 5.6395000e+01 ; 2.7800000e+02 
3.500e+01 ; 9.600e+00 ; 2.800e+00 ; 5.6500000e+01 ; 2.7800000e+02 
3.500e+01 ; 9.600e+00 ; 2.800e+00 ; 5.6500000e+01 ; 2.7800000e+02 
3.500e+01 ; 9.600e+00 ; 2.800e+00 ; 5.6501000e+01 ; 2.7800000e+02 
3.500e+01 ; 9.600e+00 ; 2.800e+00 ; 5.6502000e+01 ; 2.7800000e+02 
3.500e+01 ; 9.600e+00 ; 2.800e+00 ; 5.6503000e+01 ; 2.7800000e+02 
3.500e+01 ; 9.600e+00 ; 2.800e+00 ; 5.6505000e+01 ; 2.7800000e+02 
3.500e+01 ; 9.600e+00 ; 2.800e+00 ; 5.6509000e+01 ; 2.7800000e+02 
3.500e+01 ; 9.600e+00 ; 2.800e+00 ; 5.6517000e+01 ; 2.7800000e+02 
3.500e+01 ; 9.600e+00 ; 2.800e+00 ; 5.6533000e+01 ; 2.7800000e+02 
3.500e+01 ; 9.600e+00 ; 2.800e+00 ; 5.6565000e+01 ; 2.7800000e+02 
3.500e+01 ; 9.600e+00 ; 2.800e+00 ; 5.6629000e+01 ; 2.7800000e+02 
3.500e+01 ; 9.600e+00 ; 2.800e+00 ; 5.6757000e+01 ; 2.7800000e+02 
3.500e+01 ; 9.600e+00 ; 2.800e+00 ; 5.7013000e+01 ; 2.7800000e+02 
3.500e+01 ; 9.600e+00 ; 2.800e+00 ; 5.7525000e+01 ; 2.7800000e+02 
3.500e+01 ; 9.600e+00 ; 2.800e+00 ; 5.7630000e+01 ; 2.7800000e+02 
3.500e+01 ; 9.600e+00 ; 2.800e+00 ; 5.7630000e+01 ; 2.7800000e+02 
3.500e+01 ; 9.600e+00 ; 2.800e+00 ; 5.7631000e+01 ; 2.7800000e+02 
3.500e+01 ; 9.600e+00 ; 2.800e+00 ; 5.7632000e+01 ; 2.7800000e+02 
3.500e+01 ; 9.600e+00 ; 2.800e+00 ; 5.7633000e+01 ; 2.7800000e+02 
3.500e+01 ; 9.600e+00 ; 2.800e+00 ; 5.7635000e+01 ; 2.7800000e+02 
3.500e+01 ; 9.600e+00 ; 2.800e+00 ; 5.7639000e+01 ; 2.7800000e+02 
3.500e+01 ; 9.600e+00 ; 2.800e+00 ; 5.7647000e+01 ; 2.7800000e+02 
3.500e+01 ; 9.600e+00 ; 2.800e+00 ; 5.7663000e+01 ; 2.7800000e+02 
3.500e+01 ; 9.600e+00 ; 2.800e+00 ; 5.7695000e+01 ; 2.7800000e+02 
3.500e+01 ; 9.600e+00 ; 2.800e+00 ; 5.7759000e+01 ; 2.7800000e+02 
3.500e+01 ; 9.600e+00 ; 2.800e+00 ; 5.7887000e+01 ; 2.7800000e+02 
3.500e+01 ; 9.600e+00 ; 2.800e+00 ; 5.8143000e+01 ; 2.7800000e+02 
3.500e+01 ; 9.600e+00 ; 2.800e+00 ; 5.8655000e+01 ; 2.7800000e+02 
3.500e+01 ; 9.600e+00 ; 2.800e+00 ; 5.8760000e+01 ; 2.7800000e+02 
3.500e+01 ; 9.600e+00 ; 2.800e+00 ; 5.8760000e+01 ; 2.7800000e+02 
3.500e+01 ; 9.600e+00 ; 2.800e+00 ; 5.8761000e+01 ; 2.7800000e+02 
3.500e+01 ; 9.600e+00 ; 2.800e+00 ; 5.8762000e+01 ; 2.7800000e+02 
3.500e+01 ; 9.600e+00 ; 2.800e+00 ; 5.8763000e+01 ; 2.7800000e+02 
3.500e+01 ; 9.600e+00 ; 2.800e+00 ; 5.8765000e+01 ; 2.7800000e+02 
3.500e+01 ; 9.600e+00 ; 2.800e+00 ; 5.8769000e+01 ; 2.7800000e+02 
3.500e+01 ; 9.600e+00 ; 2.800e+00 ; 5.8777000e+01 ; 2.7800000e+02 
3.500e+01 ; 9.600e+00 ; 2.800e+00 ; 5.8793000e+01 ; 2.7800000e+02 
3.500e+01 ; 9.600e+00 ; 2.800e+00 ; 5.8825000e+01 ; 2.7800000e+02 
3.500e+01 ; 9.600e+00 ; 2.800e+00 ; 5.8889000e+01 ; 2.7800000e+02 
3.500e+01 ; 9.600e+00 ; 2.800e+00 ; 5.9017000e+01 ; 2.7800000e+02 
3.500e+01 ; 9.600e+00 ; 2.800e+00 ; 5.9273000e+01 ; 2.7800000e+02 
3.500e+01 ; 9.600e+00 ; 2.800e+00 ; 5.9785000e+01 ; 2.7800000e+02 
3.500e+01 ; 9.600e+00 ; 2.800e+00 ; 5.9890000e+01 ; 2.7800000e+02 
3.500e+01 ; 9.600e+00 ; 2.800e+00 ; 5.9890000e+01 ; 2.7800000e+02 
3.500e+01 ; 9.600e+00 ; 2.800e+00 ; 5.9891000e+01 ; 2.7800000e+02 
3.500e+01 ; 9.600e+00 ; 2.800e+00 ; 5.9892000e+01 ; 2.7800000e+02 
3.500e+01 ; 9.600e+00 ; 2.800e+00 ; 5.9893000e+01 ; 2.7800000e+02 
3.500e+01 ; 9.600e+00 ; 2.800e+00 ; 5.9895000e+01 ; 2.7800000e+02 
3.500e+01 ; 9.600e+00 ; 2.800e+00 ; 5.9899000e+01 ; 2.7800000e+02 
3.500e+01 ; 9.600e+00 ; 2.800e+00 ; 5.9907000e+01 ; 2.7800000e+02 
3.500e+01 ; 9.600e+00 ; 2.800e+00 ; 5.9923000e+01 ; 2.7800000e+02 
3.500e+01 ; 9.600e+00 ; 2.800e+00 ; 5.9955000e+01 ; 2.7800000e+02 
3.500e+01 ; 9.600e+00 ; 2.800e+00 ; 6.0019000e+01 ; 2.7800000e+02 
3.500e+01 ; 9.600e+00 ; 2.800e+00 ; 6.0147000e+01 ; 2.7800000e+02 
3.500e+01 ; 9.600e+00 ; 2.800e+00 ; 6.0403000e+01 ; 2.7800000e+02 
3.500e+01 ; 9.600e+00 ; 2.800e+00 ; 6.0915000e+01 ; 2.7800000e+02 
3.500e+01 ; 9.600e+00 ; 2.800e+00 ; 6.1020000e+01 ; 2.7800000e+02 
3.500e+01 ; 9.600e+00 ; 2.800e+00 ; 6.1020000e+01 ; 2.7800000e+02 
3.500e+01 ; 9.600e+00 ; 2.800e+00 ; 6.1021000e+01 ; 2.7800000e+02 
3.500e+01 ; 9.600e+00 ; 2.800e+00 ; 6.1022000e+01 ; 2.7800000e+02 
3.500e+01 ; 9.600e+00 ; 2.800e+00 ; 6.1023000e+01 ; 2.7800000e+02 
3.500e+01 ; 9.600e+00 ; 2.800e+00 ; 6.1025000e+01 ; 2.7800000e+02 
3.500e+01 ; 9.600e+00 ; 2.800e+00 ; 6.1029000e+01 ; 2.7800000e+02 
3.500e+01 ; 9.600e+00 ; 2.800e+00 ; 6.1037000e+01 ; 2.7800000e+02 
3.500e+01 ; 9.600e+00 ; 2.800e+00 ; 6.1053000e+01 ; 2.7800000e+02 
3.500e+01 ; 9.600e+00 ; 2.800e+00 ; 6.1085000e+01 ; 2.7800000e+02 
3.500e+01 ; 9.600e+00 ; 2.800e+00 ; 6.1149000e+01 ; 2.7800000e+02 
3.500e+01 ; 9.600e+00 ; 2.800e+00 ; 6.1277000e+01 ; 2.7800000e+02 
3.500e+01 ; 9.600e+00 ; 2.800e+00 ; 6.1533000e+01 ; 2.7800000e+02 
3.500e+01 ; 9.600e+00 ; 2.800e+00 ; 6.2045000e+01 ; 2.7800000e+02 
3.500e+01 ; 9.600e+00 ; 2.800e+00 ; 6.2150000e+01 ; 2.7800000e+02 
3.500e+01 ; 9.600e+00 ; 2.800e+00 ; 6.2150000e+01 ; 2.7800000e+02 
3.500e+01 ; 9.600e+00 ; 2.800e+00 ; 6.2151000e+01 ; 2.7800000e+02 
3.500e+01 ; 9.600e+00 ; 2.800e+00 ; 6.2152000e+01 ; 2.7800000e+02 
3.500e+01 ; 9.600e+00 ; 2.800e+00 ; 6.2153000e+01 ; 2.7800000e+02 
3.500e+01 ; 9.600e+00 ; 2.800e+00 ; 6.2155000e+01 ; 2.7800000e+02 
3.500e+01 ; 9.600e+00 ; 2.800e+00 ; 6.2159000e+01 ; 2.7800000e+02 
3.500e+01 ; 9.600e+00 ; 2.800e+00 ; 6.2167000e+01 ; 2.7800000e+02 
3.500e+01 ; 9.600e+00 ; 2.800e+00 ; 6.2183000e+01 ; 2.7800000e+02 
3.500e+01 ; 9.600e+00 ; 2.800e+00 ; 6.2215000e+01 ; 2.7800000e+02 
3.500e+01 ; 9.600e+00 ; 2.800e+00 ; 6.2279000e+01 ; 2.7800000e+02 
3.500e+01 ; 9.600e+00 ; 2.800e+00 ; 6.2407000e+01 ; 2.7800000e+02 
3.500e+01 ; 9.600e+00 ; 2.800e+00 ; 6.2663000e+01 ; 2.7800000e+02 
3.500e+01 ; 9.600e+00 ; 2.800e+00 ; 6.3175000e+01 ; 2.7800000e+02 
3.500e+01 ; 9.600e+00 ; 2.800e+00 ; 6.3280000e+01 ; 2.7800000e+02 
3.500e+01 ; 9.600e+00 ; 2.800e+00 ; 6.3280000e+01 ; 2.7800000e+02 
3.500e+01 ; 9.600e+00 ; 2.800e+00 ; 6.3281000e+01 ; 2.7800000e+02 
3.500e+01 ; 9.600e+00 ; 2.800e+00 ; 6.3282000e+01 ; 2.7800000e+02 
3.500e+01 ; 9.600e+00 ; 2.800e+00 ; 6.3283000e+01 ; 2.7800000e+02 
3.500e+01 ; 9.600e+00 ; 2.800e+00 ; 6.3285000e+01 ; 2.7800000e+02 
3.500e+01 ; 9.600e+00 ; 2.800e+00 ; 6.3289000e+01 ; 2.7800000e+02 
3.500e+01 ; 9.600e+00 ; 2.800e+00 ; 6.3297000e+01 ; 2.7800000e+02 
3.500e+01 ; 9.600e+00 ; 2.800e+00 ; 6.3313000e+01 ; 2.7800000e+02 
3.500e+01 ; 9.600e+00 ; 2.800e+00 ; 6.3345000e+01 ; 2.7800000e+02 
3.500e+01 ; 9.600e+00 ; 2.800e+00 ; 6.3409000e+01 ; 2.7800000e+02 
3.500e+01 ; 9.600e+00 ; 2.800e+00 ; 6.3537000e+01 ; 2.7800000e+02 
3.500e+01 ; 9.600e+00 ; 2.800e+00 ; 6.3793000e+01 ; 2.7800000e+02 
3.500e+01 ; 9.600e+00 ; 2.800e+00 ; 6.4305000e+01 ; 2.7800000e+02 
3.500e+01 ; 9.600e+00 ; 2.800e+00 ; 6.4410000e+01 ; 2.7800000e+02 
3.500e+01 ; 9.600e+00 ; 2.800e+00 ; 6.4410000e+01 ; 2.7800000e+02 
3.500e+01 ; 9.600e+00 ; 2.800e+00 ; 6.4411000e+01 ; 2.7784808e+02 
3.500e+01 ; 9.600e+00 ; 2.800e+00 ; 6.4412000e+01 ; 2.7769629e+02 
3.500e+01 ; 9.600e+00 ; 2.800e+00 ; 6.4413000e+01 ; 2.7754462e+02 
3.500e+01 ; 9.600e+00 ; 2.800e+00 ; 6.4415000e+01 ; 2.7724173e+02 
3.500e+01 ; 9.600e+00 ; 2.800e+00 ; 6.4419000e+01 ; 2.7663788e+02 
3.500e+01 ; 9.600e+00 ; 2.800e+00 ; 6.4427000e+01 ; 2.7543771e+02 
3.500e+01 ; 9.600e+00 ; 2.800e+00 ; 6.4443000e+01 ; 2.7306720e+02 
3.500e+01 ; 9.600e+00 ; 2.800e+00 ; 6.4475000e+01 ; 2.6844250e+02 
3.500e+01 ; 9.600e+00 ; 2.800e+00 ; 6.4539000e+01 ; 2.5963675e+02 
3.500e+01 ; 9.600e+00 ; 2.800e+00 ; 6.4667000e+01 ; 2.4363858e+02 
3.500e+01 ; 9.600e+00 ; 2.800e+00 ; 6.4923000e+01 ; 2.1701534e+02 
3.500e+01 ; 9.600e+00 ; 2.800e+00 ; 6.5435000e+01 ; 1.7903023e+02 
3.500e+01 ; 9.600e+00 ; 2.800e+00 ; 6.5540000e+01 ; 1.7182854e+02 
3.500e+01 ; 9.600e+00 ; 2.800e+00 ; 6.5540000e+01 ; 1.7182854e+02 
3.500e+01 ; 9.600e+00 ; 2.800e+00 ; 6.5541000e+01 ; 1.7176001e+02 
3.500e+01 ; 9.600e+00 ; 2.800e+00 ; 6.5542000e+01 ; 1.7169154e+02 
3.500e+01 ; 9.600e+00 ; 2.800e+00 ; 6.5543000e+01 ; 1.7162312e+02 
3.500e+01 ; 9.600e+00 ; 2.800e+00 ; 6.5545000e+01 ; 1.7148656e+02 
3.500e+01 ; 9.600e+00 ; 2.800e+00 ; 6.5549000e+01 ; 1.7121434e+02 
3.500e+01 ; 9.600e+00 ; 2.800e+00 ; 6.5557000e+01 ; 1.7067371e+02 
3.500e+01 ; 9.600e+00 ; 2.800e+00 ; 6.5573000e+01 ; 1.6960719e+02 
3.500e+01 ; 9.600e+00 ; 2.800e+00 ; 6.5605000e+01 ; 1.6753130e+02 
3.500e+01 ; 9.600e+00 ; 2.800e+00 ; 6.5669000e+01 ; 1.6359294e+02 
3.500e+01 ; 9.600e+00 ; 2.800e+00 ; 6.5797000e+01 ; 1.5646965e+02 
3.500e+01 ; 9.600e+00 ; 2.800e+00 ; 6.6053000e+01 ; 1.4464012e+02 
3.500e+01 ; 9.600e+00 ; 2.800e+00 ; 6.6565000e+01 ; 1.2764046e+02 
3.500e+01 ; 9.600e+00 ; 2.800e+00 ; 6.6670000e+01 ; 1.2440611e+02 
3.500e+01 ; 9.600e+00 ; 2.800e+00 ; 6.6670000e+01 ; 1.2440611e+02 
3.500e+01 ; 9.600e+00 ; 2.800e+00 ; 6.6671000e+01 ; 1.2437534e+02 
3.500e+01 ; 9.600e+00 ; 2.800e+00 ; 6.6672000e+01 ; 1.2434457e+02 
3.500e+01 ; 9.600e+00 ; 2.800e+00 ; 6.6673000e+01 ; 1.2431384e+02 
3.500e+01 ; 9.600e+00 ; 2.800e+00 ; 6.6675000e+01 ; 1.2425246e+02 
3.500e+01 ; 9.600e+00 ; 2.800e+00 ; 6.6679000e+01 ; 1.2413006e+02 
3.500e+01 ; 9.600e+00 ; 2.800e+00 ; 6.6687000e+01 ; 1.2388670e+02 
3.500e+01 ; 9.600e+00 ; 2.800e+00 ; 6.6703000e+01 ; 1.2340566e+02 
3.500e+01 ; 9.600e+00 ; 2.800e+00 ; 6.6735000e+01 ; 1.2246581e+02 
3.500e+01 ; 9.600e+00 ; 2.800e+00 ; 6.6799000e+01 ; 1.2067093e+02 
3.500e+01 ; 9.600e+00 ; 2.800e+00 ; 6.6927000e+01 ; 1.1739095e+02 
3.500e+01 ; 9.600e+00 ; 2.800e+00 ; 6.7183000e+01 ; 1.1186736e+02 
3.500e+01 ; 9.600e+00 ; 2.800e+00 ; 6.7695000e+01 ; 1.0377728e+02 
3.500e+01 ; 9.600e+00 ; 2.800e+00 ; 6.7800000e+01 ; 1.0223262e+02 
3.500e+01 ; 9.600e+00 ; 2.800e+00 ; 6.7800000e+01 ; 1.0223262e+02 
3.500e+01 ; 9.600e+00 ; 2.800e+00 ; 6.7801000e+01 ; 1.0221792e+02 
3.500e+01 ; 9.600e+00 ; 2.800e+00 ; 6.7802000e+01 ; 1.0220322e+02 
3.500e+01 ; 9.600e+00 ; 2.800e+00 ; 6.7803000e+01 ; 1.0218855e+02 
3.500e+01 ; 9.600e+00 ; 2.800e+00 ; 6.7805000e+01 ; 1.0215923e+02 
3.500e+01 ; 9.600e+00 ; 2.800e+00 ; 6.7809000e+01 ; 1.0210075e+02 
3.500e+01 ; 9.600e+00 ; 2.800e+00 ; 6.7817000e+01 ; 1.0198447e+02 
3.500e+01 ; 9.600e+00 ; 2.800e+00 ; 6.7833000e+01 ; 1.0175446e+02 
3.500e+01 ; 9.600e+00 ; 2.800e+00 ; 6.7865000e+01 ; 1.0130451e+02 
3.500e+01 ; 9.600e+00 ; 2.800e+00 ; 6.7929000e+01 ; 1.0044270e+02 
3.500e+01 ; 9.600e+00 ; 2.800e+00 ; 6.8057000e+01 ; 9.8856491e+01 
3.500e+01 ; 9.600e+00 ; 2.800e+00 ; 6.8313000e+01 ; 9.6137169e+01 
3.500e+01 ; 9.600e+00 ; 2.800e+00 ; 6.8825000e+01 ; 9.1985786e+01 
3.500e+01 ; 9.600e+00 ; 2.800e+00 ; 6.8930000e+01 ; 9.1184402e+01 
3.500e+01 ; 9.600e+00 ; 2.800e+00 ; 6.8930000e+01 ; 9.1184402e+01 
3.500e+01 ; 9.600e+00 ; 2.800e+00 ; 6.8931000e+01 ; 9.1176781e+01 
3.500e+01 ; 9.600e+00 ; 2.800e+00 ; 6.8932000e+01 ; 9.1169151e+01 
3.500e+01 ; 9.600e+00 ; 2.800e+00 ; 6.8933000e+01 ; 9.1161537e+01 
3.500e+01 ; 9.600e+00 ; 2.800e+00 ; 6.8935000e+01 ; 9.1146317e+01 
3.500e+01 ; 9.600e+00 ; 2.800e+00 ; 6.8939000e+01 ; 9.1115952e+01 
3.500e+01 ; 9.600e+00 ; 2.800e+00 ; 6.8947000e+01 ; 9.1055504e+01 
3.500e+01 ; 9.600e+00 ; 2.800e+00 ; 6.8963000e+01 ; 9.0935745e+01 
3.500e+01 ; 9.600e+00 ; 2.800e+00 ; 6.8995000e+01 ; 9.0700630e+01 
3.500e+01 ; 9.600e+00 ; 2.800e+00 ; 6.9059000e+01 ; 9.0247223e+01 
3.500e+01 ; 9.600e+00 ; 2.800e+00 ; 6.9187000e+01 ; 8.9401642e+01 
3.500e+01 ; 9.600e+00 ; 2.800e+00 ; 6.9443000e+01 ; 8.7916031e+01 
3.500e+01 ; 9.600e+00 ; 2.800e+00 ; 6.9955000e+01 ; 8.5546471e+01 
3.500e+01 ; 9.600e+00 ; 2.800e+00 ; 7.0060000e+01 ; 8.5084076e+01 
3.500e+01 ; 9.600e+00 ; 2.800e+00 ; 7.0060000e+01 ; 8.5084076e+01 
3.500e+01 ; 9.600e+00 ; 2.800e+00 ; 7.0061000e+01 ; 8.5079674e+01 
3.500e+01 ; 9.600e+00 ; 2.800e+00 ; 7.0062000e+01 ; 8.5075279e+01 
3.500e+01 ; 9.600e+00 ; 2.800e+00 ; 7.0063000e+01 ; 8.5070877e+01 
3.500e+01 ; 9.600e+00 ; 2.800e+00 ; 7.0065000e+01 ; 8.5062096e+01 
3.500e+01 ; 9.600e+00 ; 2.800e+00 ; 7.0069000e+01 ; 8.5044556e+01 
3.500e+01 ; 9.600e+00 ; 2.800e+00 ; 7.0077000e+01 ; 8.5009613e+01 
3.500e+01 ; 9.600e+00 ; 2.800e+00 ; 7.0093000e+01 ; 8.4940262e+01 
3.500e+01 ; 9.600e+00 ; 2.800e+00 ; 7.0125000e+01 ; 8.4803650e+01 
3.500e+01 ; 9.600e+00 ; 2.800e+00 ; 7.0189000e+01 ; 8.4538437e+01 
3.500e+01 ; 9.600e+00 ; 2.800e+00 ; 7.0317000e+01 ; 8.4037453e+01 
3.500e+01 ; 9.600e+00 ; 2.800e+00 ; 7.0573000e+01 ; 8.3136154e+01 
3.500e+01 ; 9.600e+00 ; 2.800e+00 ; 7.1085000e+01 ; 8.1638451e+01 
3.500e+01 ; 9.600e+00 ; 2.800e+00 ; 7.1190000e+01 ; 8.1343346e+01 
3.500e+01 ; 9.600e+00 ; 2.800e+00 ; 7.1190000e+01 ; 8.1343346e+01 
3.500e+01 ; 9.600e+00 ; 2.800e+00 ; 7.1191000e+01 ; 8.1340530e+01 
3.500e+01 ; 9.600e+00 ; 2.800e+00 ; 7.1192000e+01 ; 8.1337723e+01 
3.500e+01 ; 9.600e+00 ; 2.800e+00 ; 7.1193000e+01 ; 8.1334915e+01 
3.500e+01 ; 9.600e+00 ; 2.800e+00 ; 7.1195000e+01 ; 8.1329308e+01 
3.500e+01 ; 9.600e+00 ; 2.800e+00 ; 7.1199000e+01 ; 8.1318108e+01 
3.500e+01 ; 9.600e+00 ; 2.800e+00 ; 7.1207000e+01 ; 8.1295769e+01 
3.500e+01 ; 9.600e+00 ; 2.800e+00 ; 7.1223000e+01 ; 8.1251366e+01 
3.500e+01 ; 9.600e+00 ; 2.800e+00 ; 7.1255000e+01 ; 8.1163643e+01 
3.500e+01 ; 9.600e+00 ; 2.800e+00 ; 7.1319000e+01 ; 8.0992332e+01 
3.500e+01 ; 9.600e+00 ; 2.800e+00 ; 7.1447000e+01 ; 8.0665108e+01 
3.500e+01 ; 9.600e+00 ; 2.800e+00 ; 7.1703000e+01 ; 8.0064331e+01 
3.500e+01 ; 9.600e+00 ; 2.800e+00 ; 7.2215000e+01 ; 7.9031273e+01 
3.500e+01 ; 9.600e+00 ; 2.800e+00 ; 7.2320000e+01 ; 7.8826134e+01 
3.500e+01 ; 9.600e+00 ; 2.800e+00 ; 7.2320000e+01 ; 7.8826134e+01 
3.500e+01 ; 9.600e+00 ; 2.800e+00 ; 7.2321000e+01 ; 7.8824181e+01 
3.500e+01 ; 9.600e+00 ; 2.800e+00 ; 7.2322000e+01 ; 7.8822227e+01 
3.500e+01 ; 9.600e+00 ; 2.800e+00 ; 7.2323000e+01 ; 7.8820274e+01 
3.500e+01 ; 9.600e+00 ; 2.800e+00 ; 7.2325000e+01 ; 7.8816368e+01 
3.500e+01 ; 9.600e+00 ; 2.800e+00 ; 7.2329000e+01 ; 7.8808578e+01 
3.500e+01 ; 9.600e+00 ; 2.800e+00 ; 7.2337000e+01 ; 7.8793030e+01 
3.500e+01 ; 9.600e+00 ; 2.800e+00 ; 7.2353000e+01 ; 7.8762085e+01 
3.500e+01 ; 9.600e+00 ; 2.800e+00 ; 7.2385000e+01 ; 7.8700806e+01 
3.500e+01 ; 9.600e+00 ; 2.800e+00 ; 7.2449000e+01 ; 7.8580582e+01 
3.500e+01 ; 9.600e+00 ; 2.800e+00 ; 7.2577000e+01 ; 7.8348892e+01 
3.500e+01 ; 9.600e+00 ; 2.800e+00 ; 7.2833000e+01 ; 7.7916702e+01 
3.500e+01 ; 9.600e+00 ; 2.800e+00 ; 7.3345000e+01 ; 7.7153580e+01 
3.500e+01 ; 9.600e+00 ; 2.800e+00 ; 7.3450000e+01 ; 7.7001144e+01 
3.500e+01 ; 9.600e+00 ; 2.800e+00 ; 7.3450000e+01 ; 7.7001144e+01 
3.500e+01 ; 9.600e+00 ; 2.800e+00 ; 7.3451000e+01 ; 7.6999695e+01 
3.500e+01 ; 9.600e+00 ; 2.800e+00 ; 7.3452000e+01 ; 7.6998245e+01 
3.500e+01 ; 9.600e+00 ; 2.800e+00 ; 7.3453000e+01 ; 7.6996796e+01 
3.500e+01 ; 9.600e+00 ; 2.800e+00 ; 7.3455000e+01 ; 7.6993896e+01 
3.500e+01 ; 9.600e+00 ; 2.800e+00 ; 7.3459000e+01 ; 7.6988098e+01 
3.500e+01 ; 9.600e+00 ; 2.800e+00 ; 7.3467000e+01 ; 7.6976532e+01 
3.500e+01 ; 9.600e+00 ; 2.800e+00 ; 7.3483000e+01 ; 7.6953499e+01 
3.500e+01 ; 9.600e+00 ; 2.800e+00 ; 7.3515000e+01 ; 7.6907799e+01 
3.500e+01 ; 9.600e+00 ; 2.800e+00 ; 7.3579000e+01 ; 7.6817818e+01 
3.500e+01 ; 9.600e+00 ; 2.800e+00 ; 7.3707000e+01 ; 7.6643280e+01 
3.500e+01 ; 9.600e+00 ; 2.800e+00 ; 7.3963000e+01 ; 7.6313805e+01 
3.500e+01 ; 9.600e+00 ; 2.800e+00 ; 7.4475000e+01 ; 7.5720337e+01 
3.500e+01 ; 9.600e+00 ; 2.800e+00 ; 7.4580000e+01 ; 7.5601280e+01 
3.500e+01 ; 9.600e+00 ; 2.800e+00 ; 7.4580000e+01 ; 7.5601280e+01 
3.500e+01 ; 9.600e+00 ; 2.800e+00 ; 7.4581000e+01 ; 7.5600143e+01 
3.500e+01 ; 9.600e+00 ; 2.800e+00 ; 7.4582000e+01 ; 7.5599014e+01 
3.500e+01 ; 9.600e+00 ; 2.800e+00 ; 7.4583000e+01 ; 7.5597878e+01 
3.500e+01 ; 9.600e+00 ; 2.800e+00 ; 7.4585000e+01 ; 7.5595612e+01 
3.500e+01 ; 9.600e+00 ; 2.800e+00 ; 7.4589000e+01 ; 7.5591087e+01 
3.500e+01 ; 9.600e+00 ; 2.800e+00 ; 7.4597000e+01 ; 7.5582047e+01 
3.500e+01 ; 9.600e+00 ; 2.800e+00 ; 7.4613000e+01 ; 7.5564034e+01 
3.500e+01 ; 9.600e+00 ; 2.800e+00 ; 7.4645000e+01 ; 7.5528236e+01 
3.500e+01 ; 9.600e+00 ; 2.800e+00 ; 7.4709000e+01 ; 7.5457588e+01 
3.500e+01 ; 9.600e+00 ; 2.800e+00 ; 7.4837000e+01 ; 7.5319885e+01 
3.500e+01 ; 9.600e+00 ; 2.800e+00 ; 7.5093000e+01 ; 7.5057617e+01 
3.500e+01 ; 9.600e+00 ; 2.800e+00 ; 7.5605000e+01 ; 7.4578117e+01 
3.500e+01 ; 9.600e+00 ; 2.800e+00 ; 7.5710000e+01 ; 7.4481606e+01 
3.500e+01 ; 9.600e+00 ; 2.800e+00 ; 7.5710000e+01 ; 7.4481606e+01 
3.500e+01 ; 9.600e+00 ; 2.800e+00 ; 7.5711000e+01 ; 7.4480690e+01 
3.500e+01 ; 9.600e+00 ; 2.800e+00 ; 7.5712000e+01 ; 7.4479767e+01 
3.500e+01 ; 9.600e+00 ; 2.800e+00 ; 7.5713000e+01 ; 7.4478851e+01 
3.500e+01 ; 9.600e+00 ; 2.800e+00 ; 7.5715000e+01 ; 7.4477013e+01 
3.500e+01 ; 9.600e+00 ; 2.800e+00 ; 7.5719000e+01 ; 7.4473343e+01 
3.500e+01 ; 9.600e+00 ; 2.800e+00 ; 7.5727000e+01 ; 7.4466011e+01 
3.500e+01 ; 9.600e+00 ; 2.800e+00 ; 7.5743000e+01 ; 7.4451393e+01 
3.500e+01 ; 9.600e+00 ; 2.800e+00 ; 7.5775000e+01 ; 7.4422325e+01 
3.500e+01 ; 9.600e+00 ; 2.800e+00 ; 7.5839000e+01 ; 7.4364838e+01 
3.500e+01 ; 9.600e+00 ; 2.800e+00 ; 7.5967000e+01 ; 7.4252373e+01 
3.500e+01 ; 9.600e+00 ; 2.800e+00 ; 7.6223000e+01 ; 7.4036751e+01 
3.500e+01 ; 9.600e+00 ; 2.800e+00 ; 7.6735000e+01 ; 7.3638016e+01 
3.500e+01 ; 9.600e+00 ; 2.800e+00 ; 7.6840000e+01 ; 7.3557571e+01 
3.500e+01 ; 9.600e+00 ; 2.800e+00 ; 7.6840000e+01 ; 7.3557571e+01 
3.500e+01 ; 9.600e+00 ; 2.800e+00 ; 7.6841000e+01 ; 7.3556801e+01 
3.500e+01 ; 9.600e+00 ; 2.800e+00 ; 7.6842000e+01 ; 7.3556038e+01 
3.500e+01 ; 9.600e+00 ; 2.800e+00 ; 7.6843000e+01 ; 7.3555267e+01 
3.500e+01 ; 9.600e+00 ; 2.800e+00 ; 7.6845000e+01 ; 7.3553741e+01 
3.500e+01 ; 9.600e+00 ; 2.800e+00 ; 7.6849000e+01 ; 7.3550682e+01 
3.500e+01 ; 9.600e+00 ; 2.800e+00 ; 7.6857000e+01 ; 7.3544563e+01 
3.500e+01 ; 9.600e+00 ; 2.800e+00 ; 7.6873000e+01 ; 7.3532372e+01 
3.500e+01 ; 9.600e+00 ; 2.800e+00 ; 7.6905000e+01 ; 7.3508102e+01 
3.500e+01 ; 9.600e+00 ; 2.800e+00 ; 7.6969000e+01 ; 7.3460037e+01 
3.500e+01 ; 9.600e+00 ; 2.800e+00 ; 7.7097000e+01 ; 7.3365753e+01 
3.500e+01 ; 9.600e+00 ; 2.800e+00 ; 7.7353000e+01 ; 7.3184074e+01 
3.500e+01 ; 9.600e+00 ; 2.800e+00 ; 7.7865000e+01 ; 7.2845222e+01 
3.500e+01 ; 9.600e+00 ; 2.800e+00 ; 7.7970000e+01 ; 7.2776733e+01 
3.500e+01 ; 9.600e+00 ; 2.800e+00 ; 7.7970000e+01 ; 7.2776733e+01 
3.500e+01 ; 9.600e+00 ; 2.800e+00 ; 7.7971000e+01 ; 7.2776085e+01 
3.500e+01 ; 9.600e+00 ; 2.800e+00 ; 7.7972000e+01 ; 7.2775429e+01 
3.500e+01 ; 9.600e+00 ; 2.800e+00 ; 7.7973000e+01 ; 7.2774780e+01 
3.500e+01 ; 9.600e+00 ; 2.800e+00 ; 7.7975000e+01 ; 7.2773476e+01 
3.500e+01 ; 9.600e+00 ; 2.800e+00 ; 7.7979000e+01 ; 7.2770874e+01 
3.500e+01 ; 9.600e+00 ; 2.800e+00 ; 7.7987000e+01 ; 7.2765663e+01 
3.500e+01 ; 9.600e+00 ; 2.800e+00 ; 7.8003000e+01 ; 7.2755280e+01 
3.500e+01 ; 9.600e+00 ; 2.800e+00 ; 7.8035000e+01 ; 7.2734596e+01 
3.500e+01 ; 9.600e+00 ; 2.800e+00 ; 7.8099000e+01 ; 7.2693588e+01 
3.500e+01 ; 9.600e+00 ; 2.800e+00 ; 7.8227000e+01 ; 7.2612991e+01 
3.500e+01 ; 9.600e+00 ; 2.800e+00 ; 7.8483000e+01 ; 7.2457199e+01 
3.500e+01 ; 9.600e+00 ; 2.800e+00 ; 7.8995000e+01 ; 7.2165894e+01 
3.500e+01 ; 9.600e+00 ; 2.800e+00 ; 7.9100000e+01 ; 7.2106995e+01 
3.500e+01 ; 9.600e+00 ; 2.800e+00 ; 7.9100000e+01 ; 7.2106995e+01 
3.500e+01 ; 9.600e+00 ; 2.800e+00 ; 7.9101000e+01 ; 7.2106438e+01 
3.500e+01 ; 9.600e+00 ; 2.800e+00 ; 7.9102000e+01 ; 7.2105873e+01 
3.500e+01 ; 9.600e+00 ; 2.800e+00 ; 7.9103000e+01 ; 7.2105316e+01 
3.500e+01 ; 9.600e+00 ; 2.800e+00 ; 7.9105000e+01 ; 7.2104195e+01 
3.500e+01 ; 9.600e+00 ; 2.800e+00 ; 7.9109000e+01 ; 7.2101952e+01 
3.500e+01 ; 9.600e+00 ; 2.800e+00 ; 7.9117000e+01 ; 7.2097473e+01 
3.500e+01 ; 9.600e+00 ; 2.800e+00 ; 7.9133000e+01 ; 7.2088539e+01 
3.500e+01 ; 9.600e+00 ; 2.800e+00 ; 7.9165000e+01 ; 7.2070755e+01 
3.500e+01 ; 9.600e+00 ; 2.800e+00 ; 7.9229000e+01 ; 7.2035515e+01 
3.500e+01 ; 9.600e+00 ; 2.800e+00 ; 7.9357000e+01 ; 7.1966484e+01 
3.500e+01 ; 9.600e+00 ; 2.800e+00 ; 7.9613000e+01 ; 7.1835228e+01 
3.500e+01 ; 9.600e+00 ; 2.800e+00 ; 8.0125000e+01 ; 7.1604080e+01 
3.500e+01 ; 9.600e+00 ; 2.800e+00 ; 8.0230000e+01 ; 7.1558022e+01 
3.500e+01 ; 9.600e+00 ; 2.800e+00 ; 8.0230000e+01 ; 7.1558022e+01 
3.500e+01 ; 9.600e+00 ; 2.800e+00 ; 8.0231000e+01 ; 7.1557579e+01 
3.500e+01 ; 9.600e+00 ; 2.800e+00 ; 8.0232000e+01 ; 7.1557144e+01 
3.500e+01 ; 9.600e+00 ; 2.800e+00 ; 8.0233000e+01 ; 7.1556709e+01 
3.500e+01 ; 9.600e+00 ; 2.800e+00 ; 8.0235000e+01 ; 7.1555832e+01 
3.500e+01 ; 9.600e+00 ; 2.800e+00 ; 8.0239000e+01 ; 7.1554085e+01 
3.500e+01 ; 9.600e+00 ; 2.800e+00 ; 8.0247000e+01 ; 7.1550613e+01 
3.500e+01 ; 9.600e+00 ; 2.800e+00 ; 8.0263000e+01 ; 7.1543739e+01 
3.500e+01 ; 9.600e+00 ; 2.800e+00 ; 8.0295000e+01 ; 7.1530304e+01 
3.500e+01 ; 9.600e+00 ; 2.800e+00 ; 8.0359000e+01 ; 7.1504921e+01 
3.500e+01 ; 9.600e+00 ; 2.800e+00 ; 8.0487000e+01 ; 7.1461151e+01 
3.500e+01 ; 9.600e+00 ; 2.800e+00 ; 8.0743000e+01 ; 7.1404892e+01 
3.500e+01 ; 9.600e+00 ; 2.800e+00 ; 8.1255000e+01 ; 7.1402863e+01 
3.500e+01 ; 9.600e+00 ; 2.800e+00 ; 8.1360000e+01 ; 7.1406776e+01 
3.500e+01 ; 9.600e+00 ; 2.800e+00 ; 8.1360000e+01 ; 7.1406776e+01 
3.500e+01 ; 9.600e+00 ; 2.800e+00 ; 8.1361000e+01 ; 7.1409981e+01 
3.500e+01 ; 9.600e+00 ; 2.800e+00 ; 8.1362000e+01 ; 7.1413200e+01 
3.500e+01 ; 9.600e+00 ; 2.800e+00 ; 8.1363000e+01 ; 7.1416458e+01 
3.500e+01 ; 9.600e+00 ; 2.800e+00 ; 8.1365000e+01 ; 7.1423065e+01 
3.500e+01 ; 9.600e+00 ; 2.800e+00 ; 8.1369000e+01 ; 7.1436691e+01 
3.500e+01 ; 9.600e+00 ; 2.800e+00 ; 8.1377000e+01 ; 7.1465569e+01 
3.500e+01 ; 9.600e+00 ; 2.800e+00 ; 8.1393000e+01 ; 7.1529533e+01 
3.500e+01 ; 9.600e+00 ; 2.800e+00 ; 8.1425000e+01 ; 7.1680428e+01 
3.500e+01 ; 9.600e+00 ; 2.800e+00 ; 8.1489000e+01 ; 7.2060097e+01 
3.500e+01 ; 9.600e+00 ; 2.800e+00 ; 8.1617000e+01 ; 7.3040764e+01 
3.500e+01 ; 9.600e+00 ; 2.800e+00 ; 8.1873000e+01 ; 7.5403381e+01 
3.500e+01 ; 9.600e+00 ; 2.800e+00 ; 8.2385000e+01 ; 7.9935532e+01 
3.500e+01 ; 9.600e+00 ; 2.800e+00 ; 8.2490000e+01 ; 8.0813126e+01 
3.500e+01 ; 9.600e+00 ; 2.800e+00 ; 8.2490000e+01 ; 8.0813126e+01 
3.500e+01 ; 9.600e+00 ; 2.800e+00 ; 8.2491000e+01 ; 8.0824219e+01 
3.500e+01 ; 9.600e+00 ; 2.800e+00 ; 8.2492000e+01 ; 8.0835312e+01 
3.500e+01 ; 9.600e+00 ; 2.800e+00 ; 8.2493000e+01 ; 8.0846413e+01 
3.500e+01 ; 9.600e+00 ; 2.800e+00 ; 8.2495000e+01 ; 8.0868629e+01 
3.500e+01 ; 9.600e+00 ; 2.800e+00 ; 8.2499000e+01 ; 8.0913132e+01 
3.500e+01 ; 9.600e+00 ; 2.800e+00 ; 8.2507000e+01 ; 8.1002434e+01 
3.500e+01 ; 9.600e+00 ; 2.800e+00 ; 8.2523000e+01 ; 8.1182068e+01 
3.500e+01 ; 9.600e+00 ; 2.800e+00 ; 8.2555000e+01 ; 8.1544754e+01 
3.500e+01 ; 9.600e+00 ; 2.800e+00 ; 8.2619000e+01 ; 8.2278488e+01 
3.500e+01 ; 9.600e+00 ; 2.800e+00 ; 8.2747000e+01 ; 8.3745209e+01 
3.500e+01 ; 9.600e+00 ; 2.800e+00 ; 8.3003000e+01 ; 8.6499153e+01 
3.500e+01 ; 9.600e+00 ; 2.800e+00 ; 8.3515000e+01 ; 9.0742844e+01 
3.500e+01 ; 9.600e+00 ; 2.800e+00 ; 8.3620000e+01 ; 9.1533478e+01 
3.500e+01 ; 9.600e+00 ; 2.800e+00 ; 8.3620000e+01 ; 9.1533478e+01 
3.500e+01 ; 9.600e+00 ; 2.800e+00 ; 8.3621000e+01 ; 9.1541000e+01 
3.500e+01 ; 9.600e+00 ; 2.800e+00 ; 8.3622000e+01 ; 9.1548508e+01 
3.500e+01 ; 9.600e+00 ; 2.800e+00 ; 8.3623000e+01 ; 9.1556000e+01 
3.500e+01 ; 9.600e+00 ; 2.800e+00 ; 8.3625000e+01 ; 9.1570946e+01 
3.500e+01 ; 9.600e+00 ; 2.800e+00 ; 8.3629000e+01 ; 9.1600639e+01 
3.500e+01 ; 9.600e+00 ; 2.800e+00 ; 8.3637000e+01 ; 9.1659302e+01 
3.500e+01 ; 9.600e+00 ; 2.800e+00 ; 8.3653000e+01 ; 9.1773735e+01 
3.500e+01 ; 9.600e+00 ; 2.800e+00 ; 8.3685000e+01 ; 9.1991432e+01 
3.500e+01 ; 9.600e+00 ; 2.800e+00 ; 8.3749000e+01 ; 9.2385208e+01 
3.500e+01 ; 9.600e+00 ; 2.800e+00 ; 8.3877000e+01 ; 9.3027672e+01 
3.500e+01 ; 9.600e+00 ; 2.800e+00 ; 8.4133000e+01 ; 9.3865860e+01 
3.500e+01 ; 9.600e+00 ; 2.800e+00 ; 8.4645000e+01 ; 9.4440697e+01 
3.500e+01 ; 9.600e+00 ; 2.800e+00 ; 8.4750000e+01 ; 9.4517426e+01 
3.500e+01 ; 9.600e+00 ; 2.800e+00 ; 8.4750000e+01 ; 9.4517426e+01 
3.500e+01 ; 9.600e+00 ; 2.800e+00 ; 8.4751000e+01 ; 9.4518158e+01 
3.500e+01 ; 9.600e+00 ; 2.800e+00 ; 8.4752000e+01 ; 9.4518875e+01 
3.500e+01 ; 9.600e+00 ; 2.800e+00 ; 8.4753000e+01 ; 9.4519600e+01 
3.500e+01 ; 9.600e+00 ; 2.800e+00 ; 8.4755000e+01 ; 9.4521019e+01 
3.500e+01 ; 9.600e+00 ; 2.800e+00 ; 8.4759000e+01 ; 9.4523811e+01 
3.500e+01 ; 9.600e+00 ; 2.800e+00 ; 8.4767000e+01 ; 9.4529152e+01 
3.500e+01 ; 9.600e+00 ; 2.800e+00 ; 8.4783000e+01 ; 9.4538925e+01 
3.500e+01 ; 9.600e+00 ; 2.800e+00 ; 8.4815000e+01 ; 9.4554916e+01 
3.500e+01 ; 9.600e+00 ; 2.800e+00 ; 8.4879000e+01 ; 9.4573685e+01 
3.500e+01 ; 9.600e+00 ; 2.800e+00 ; 8.5007000e+01 ; 9.4565498e+01 
3.500e+01 ; 9.600e+00 ; 2.800e+00 ; 8.5263000e+01 ; 9.4411179e+01 
3.500e+01 ; 9.600e+00 ; 2.800e+00 ; 8.5775000e+01 ; 9.3785713e+01 
3.500e+01 ; 9.600e+00 ; 2.800e+00 ; 8.5880000e+01 ; 9.3645943e+01 
3.500e+01 ; 9.600e+00 ; 2.800e+00 ; 8.5880000e+01 ; 9.3645943e+01 
3.500e+01 ; 9.600e+00 ; 2.800e+00 ; 8.5881000e+01 ; 9.3644608e+01 
3.500e+01 ; 9.600e+00 ; 2.800e+00 ; 8.5882000e+01 ; 9.3643272e+01 
3.500e+01 ; 9.600e+00 ; 2.800e+00 ; 8.5883000e+01 ; 9.3641945e+01 
3.500e+01 ; 9.600e+00 ; 2.800e+00 ; 8.5885000e+01 ; 9.3639267e+01 
3.500e+01 ; 9.600e+00 ; 2.800e+00 ; 8.5889000e+01 ; 9.3633904e+01 
3.500e+01 ; 9.600e+00 ; 2.800e+00 ; 8.5897000e+01 ; 9.3623116e+01 
3.500e+01 ; 9.600e+00 ; 2.800e+00 ; 8.5913000e+01 ; 9.3601288e+01 
3.500e+01 ; 9.600e+00 ; 2.800e+00 ; 8.5945000e+01 ; 9.3556648e+01 
3.500e+01 ; 9.600e+00 ; 2.800e+00 ; 8.6009000e+01 ; 9.3463867e+01 
3.500e+01 ; 9.600e+00 ; 2.800e+00 ; 8.6137000e+01 ; 9.3266716e+01 
3.500e+01 ; 9.600e+00 ; 2.800e+00 ; 8.6393000e+01 ; 9.2841476e+01 
3.500e+01 ; 9.600e+00 ; 2.800e+00 ; 8.6905000e+01 ; 9.1942963e+01 
3.500e+01 ; 9.600e+00 ; 2.800e+00 ; 8.7010000e+01 ; 9.1757256e+01 
3.500e+01 ; 9.600e+00 ; 2.800e+00 ; 8.7010000e+01 ; 9.1757256e+01 
3.500e+01 ; 9.600e+00 ; 2.800e+00 ; 8.7011000e+01 ; 9.1755486e+01 
3.500e+01 ; 9.600e+00 ; 2.800e+00 ; 8.7012000e+01 ; 9.1753716e+01 
3.500e+01 ; 9.600e+00 ; 2.800e+00 ; 8.7013000e+01 ; 9.1751945e+01 
3.500e+01 ; 9.600e+00 ; 2.800e+00 ; 8.7015000e+01 ; 9.1748405e+01 
3.500e+01 ; 9.600e+00 ; 2.800e+00 ; 8.7019000e+01 ; 9.1741325e+01 
3.500e+01 ; 9.600e+00 ; 2.800e+00 ; 8.7027000e+01 ; 9.1727165e+01 
3.500e+01 ; 9.600e+00 ; 2.800e+00 ; 8.7043000e+01 ; 9.1698799e+01 
3.500e+01 ; 9.600e+00 ; 2.800e+00 ; 8.7075000e+01 ; 9.1641975e+01 
3.500e+01 ; 9.600e+00 ; 2.800e+00 ; 8.7139000e+01 ; 9.1528023e+01 
3.500e+01 ; 9.600e+00 ; 2.800e+00 ; 8.7267000e+01 ; 9.1299706e+01 
3.500e+01 ; 9.600e+00 ; 2.800e+00 ; 8.7523000e+01 ; 9.0845955e+01 
3.500e+01 ; 9.600e+00 ; 2.800e+00 ; 8.8035000e+01 ; 8.9970695e+01 
3.500e+01 ; 9.600e+00 ; 2.800e+00 ; 8.8140000e+01 ; 8.9792709e+01 
3.500e+01 ; 9.600e+00 ; 2.800e+00 ; 8.8140000e+01 ; 8.9792709e+01 
3.500e+01 ; 9.600e+00 ; 2.800e+00 ; 8.8141000e+01 ; 8.9791016e+01 
3.500e+01 ; 9.600e+00 ; 2.800e+00 ; 8.8142000e+01 ; 8.9789322e+01 
3.500e+01 ; 9.600e+00 ; 2.800e+00 ; 8.8143000e+01 ; 8.9787628e+01 
3.500e+01 ; 9.600e+00 ; 2.800e+00 ; 8.8145000e+01 ; 8.9784241e+01 
3.500e+01 ; 9.600e+00 ; 2.800e+00 ; 8.8149000e+01 ; 8.9777466e+01 
3.500e+01 ; 9.600e+00 ; 2.800e+00 ; 8.8157000e+01 ; 8.9763924e+01 
3.500e+01 ; 9.600e+00 ; 2.800e+00 ; 8.8173000e+01 ; 8.9736870e+01 
3.500e+01 ; 9.600e+00 ; 2.800e+00 ; 8.8205000e+01 ; 8.9682922e+01 
3.500e+01 ; 9.600e+00 ; 2.800e+00 ; 8.8269000e+01 ; 8.9575653e+01 
3.500e+01 ; 9.600e+00 ; 2.800e+00 ; 8.8397000e+01 ; 8.9363777e+01 
3.500e+01 ; 9.600e+00 ; 2.800e+00 ; 8.8653000e+01 ; 8.8951691e+01 
3.500e+01 ; 9.600e+00 ; 2.800e+00 ; 8.9165000e+01 ; 8.8176872e+01 
3.500e+01 ; 9.600e+00 ; 2.800e+00 ; 8.9270000e+01 ; 8.8020065e+01 
3.500e+01 ; 9.600e+00 ; 2.800e+00 ; 8.9270000e+01 ; 8.8020065e+01 
3.500e+01 ; 9.600e+00 ; 2.800e+00 ; 8.9271000e+01 ; 8.8018570e+01 
3.500e+01 ; 9.600e+00 ; 2.800e+00 ; 8.9272000e+01 ; 8.8017082e+01 
3.500e+01 ; 9.600e+00 ; 2.800e+00 ; 8.9273000e+01 ; 8.8015587e+01 
3.500e+01 ; 9.600e+00 ; 2.800e+00 ; 8.9275000e+01 ; 8.8012604e+01 
3.500e+01 ; 9.600e+00 ; 2.800e+00 ; 8.9279000e+01 ; 8.8006638e+01 
3.500e+01 ; 9.600e+00 ; 2.800e+00 ; 8.9287000e+01 ; 8.7994713e+01 
3.500e+01 ; 9.600e+00 ; 2.800e+00 ; 8.9303000e+01 ; 8.7970917e+01 
3.500e+01 ; 9.600e+00 ; 2.800e+00 ; 8.9335000e+01 ; 8.7923531e+01 
3.500e+01 ; 9.600e+00 ; 2.800e+00 ; 8.9399000e+01 ; 8.7829521e+01 
3.500e+01 ; 9.600e+00 ; 2.800e+00 ; 8.9527000e+01 ; 8.7644646e+01 
3.500e+01 ; 9.600e+00 ; 2.800e+00 ; 8.9783000e+01 ; 8.7287247e+01 
3.500e+01 ; 9.600e+00 ; 2.800e+00 ; 9.0295000e+01 ; 8.6619514e+01 
3.500e+01 ; 9.600e+00 ; 2.800e+00 ; 9.0400000e+01 ; 8.6484535e+01 
3.500e+01 ; 9.600e+00 ; 2.800e+00 ; 9.0400000e+01 ; 8.6484535e+01 
3.500e+01 ; 9.600e+00 ; 2.800e+00 ; 9.0401000e+01 ; 8.6483246e+01 
3.500e+01 ; 9.600e+00 ; 2.800e+00 ; 9.0402000e+01 ; 8.6481964e+01 
3.500e+01 ; 9.600e+00 ; 2.800e+00 ; 9.0403000e+01 ; 8.6480682e+01 
3.500e+01 ; 9.600e+00 ; 2.800e+00 ; 9.0405000e+01 ; 8.6478111e+01 
3.500e+01 ; 9.600e+00 ; 2.800e+00 ; 9.0409000e+01 ; 8.6472977e+01 
3.500e+01 ; 9.600e+00 ; 2.800e+00 ; 9.0417000e+01 ; 8.6462715e+01 
3.500e+01 ; 9.600e+00 ; 2.800e+00 ; 9.0433000e+01 ; 8.6442238e+01 
3.500e+01 ; 9.600e+00 ; 2.800e+00 ; 9.0465000e+01 ; 8.6401466e+01 
3.500e+01 ; 9.600e+00 ; 2.800e+00 ; 9.0529000e+01 ; 8.6320641e+01 
3.500e+01 ; 9.600e+00 ; 2.800e+00 ; 9.0657000e+01 ; 8.6161812e+01 
3.500e+01 ; 9.600e+00 ; 2.800e+00 ; 9.0913000e+01 ; 8.5854996e+01 
3.500e+01 ; 9.600e+00 ; 2.800e+00 ; 9.1425000e+01 ; 8.5281387e+01 
3.500e+01 ; 9.600e+00 ; 2.800e+00 ; 9.1530000e+01 ; 8.5165413e+01 
3.500e+01 ; 9.600e+00 ; 2.800e+00 ; 9.1530000e+01 ; 8.5165413e+01 
3.500e+01 ; 9.600e+00 ; 2.800e+00 ; 9.1531000e+01 ; 8.5164307e+01 
3.500e+01 ; 9.600e+00 ; 2.800e+00 ; 9.1532000e+01 ; 8.5163200e+01 
3.500e+01 ; 9.600e+00 ; 2.800e+00 ; 9.1533000e+01 ; 8.5162102e+01 
3.500e+01 ; 9.600e+00 ; 2.800e+00 ; 9.1535000e+01 ; 8.5159889e+01 
3.500e+01 ; 9.600e+00 ; 2.800e+00 ; 9.1539000e+01 ; 8.5155479e+01 
3.500e+01 ; 9.600e+00 ; 2.800e+00 ; 9.1547000e+01 ; 8.5146660e+01 
3.500e+01 ; 9.600e+00 ; 2.800e+00 ; 9.1563000e+01 ; 8.5129066e+01 
3.500e+01 ; 9.600e+00 ; 2.800e+00 ; 9.1595000e+01 ; 8.5094032e+01 
3.500e+01 ; 9.600e+00 ; 2.800e+00 ; 9.1659000e+01 ; 8.5024559e+01 
3.500e+01 ; 9.600e+00 ; 2.800e+00 ; 9.1787000e+01 ; 8.4887970e+01 
3.500e+01 ; 9.600e+00 ; 2.800e+00 ; 9.2043000e+01 ; 8.4623787e+01 
3.500e+01 ; 9.600e+00 ; 2.800e+00 ; 9.2555000e+01 ; 8.4128326e+01 
3.500e+01 ; 9.600e+00 ; 2.800e+00 ; 9.2660000e+01 ; 8.4028076e+01 
3.500e+01 ; 9.600e+00 ; 2.800e+00 ; 9.2660000e+01 ; 8.4028076e+01 
3.500e+01 ; 9.600e+00 ; 2.800e+00 ; 9.2661000e+01 ; 8.4027122e+01 
3.500e+01 ; 9.600e+00 ; 2.800e+00 ; 9.2662000e+01 ; 8.4026169e+01 
3.500e+01 ; 9.600e+00 ; 2.800e+00 ; 9.2663000e+01 ; 8.4025215e+01 
3.500e+01 ; 9.600e+00 ; 2.800e+00 ; 9.2665000e+01 ; 8.4023308e+01 
3.500e+01 ; 9.600e+00 ; 2.800e+00 ; 9.2669000e+01 ; 8.4019493e+01 
3.500e+01 ; 9.600e+00 ; 2.800e+00 ; 9.2677000e+01 ; 8.4011871e+01 
3.500e+01 ; 9.600e+00 ; 2.800e+00 ; 9.2693000e+01 ; 8.3996658e+01 
3.500e+01 ; 9.600e+00 ; 2.800e+00 ; 9.2725000e+01 ; 8.3966362e+01 
3.500e+01 ; 9.600e+00 ; 2.800e+00 ; 9.2789000e+01 ; 8.3906258e+01 
3.500e+01 ; 9.600e+00 ; 2.800e+00 ; 9.2917000e+01 ; 8.3787971e+01 
3.500e+01 ; 9.600e+00 ; 2.800e+00 ; 9.3173000e+01 ; 8.3558754e+01 
3.500e+01 ; 9.600e+00 ; 2.800e+00 ; 9.3685000e+01 ; 8.3127167e+01 
3.500e+01 ; 9.600e+00 ; 2.800e+00 ; 9.3790000e+01 ; 8.3039772e+01 
3.500e+01 ; 9.600e+00 ; 2.800e+00 ; 9.3790000e+01 ; 8.3039772e+01 
3.500e+01 ; 9.600e+00 ; 2.800e+00 ; 9.3791000e+01 ; 8.3038940e+01 
3.500e+01 ; 9.600e+00 ; 2.800e+00 ; 9.3792000e+01 ; 8.3038109e+01 
3.500e+01 ; 9.600e+00 ; 2.800e+00 ; 9.3793000e+01 ; 8.3037277e+01 
3.500e+01 ; 9.600e+00 ; 2.800e+00 ; 9.3795000e+01 ; 8.3035606e+01 
3.500e+01 ; 9.600e+00 ; 2.800e+00 ; 9.3799000e+01 ; 8.3032288e+01 
3.500e+01 ; 9.600e+00 ; 2.800e+00 ; 9.3807000e+01 ; 8.3025635e+01 
3.500e+01 ; 9.600e+00 ; 2.800e+00 ; 9.3823000e+01 ; 8.3012375e+01 
3.500e+01 ; 9.600e+00 ; 2.800e+00 ; 9.3855000e+01 ; 8.2985947e+01 
3.500e+01 ; 9.600e+00 ; 2.800e+00 ; 9.3919000e+01 ; 8.2933487e+01 
3.500e+01 ; 9.600e+00 ; 2.800e+00 ; 9.4047000e+01 ; 8.2830154e+01 
3.500e+01 ; 9.600e+00 ; 2.800e+00 ; 9.4303000e+01 ; 8.2629486e+01 
3.500e+01 ; 9.600e+00 ; 2.800e+00 ; 9.4815000e+01 ; 8.2250237e+01 
3.500e+01 ; 9.600e+00 ; 2.800e+00 ; 9.4920000e+01 ; 8.2173370e+01 
3.500e+01 ; 9.600e+00 ; 2.800e+00 ; 9.4920000e+01 ; 8.2173370e+01 
3.500e+01 ; 9.600e+00 ; 2.800e+00 ; 9.4921000e+01 ; 8.2172638e+01 
3.500e+01 ; 9.600e+00 ; 2.800e+00 ; 9.4922000e+01 ; 8.2171906e+01 
3.500e+01 ; 9.600e+00 ; 2.800e+00 ; 9.4923000e+01 ; 8.2171173e+01 
3.500e+01 ; 9.600e+00 ; 2.800e+00 ; 9.4925000e+01 ; 8.2169716e+01 
3.500e+01 ; 9.600e+00 ; 2.800e+00 ; 9.4929000e+01 ; 8.2166786e+01 
3.500e+01 ; 9.600e+00 ; 2.800e+00 ; 9.4937000e+01 ; 8.2160942e+01 
3.500e+01 ; 9.600e+00 ; 2.800e+00 ; 9.4953000e+01 ; 8.2149277e+01 
3.500e+01 ; 9.600e+00 ; 2.800e+00 ; 9.4985000e+01 ; 8.2126022e+01 
3.500e+01 ; 9.600e+00 ; 2.800e+00 ; 9.5049000e+01 ; 8.2079842e+01 
3.500e+01 ; 9.600e+00 ; 2.800e+00 ; 9.5177000e+01 ; 8.1988792e+01 
3.500e+01 ; 9.600e+00 ; 2.800e+00 ; 9.5433000e+01 ; 8.1811729e+01 
3.500e+01 ; 9.600e+00 ; 2.800e+00 ; 9.5945000e+01 ; 8.1476807e+01 
3.500e+01 ; 9.600e+00 ; 2.800e+00 ; 9.6050000e+01 ; 8.1408920e+01 
3.500e+01 ; 9.600e+00 ; 2.800e+00 ; 9.6050000e+01 ; 8.1408920e+01 
3.500e+01 ; 9.600e+00 ; 2.800e+00 ; 9.6051000e+01 ; 8.1408279e+01 
3.500e+01 ; 9.600e+00 ; 2.800e+00 ; 9.6052000e+01 ; 8.1407631e+01 
3.500e+01 ; 9.600e+00 ; 2.800e+00 ; 9.6053000e+01 ; 8.1406982e+01 
3.500e+01 ; 9.600e+00 ; 2.800e+00 ; 9.6055000e+01 ; 8.1405693e+01 
3.500e+01 ; 9.600e+00 ; 2.800e+00 ; 9.6059000e+01 ; 8.1403107e+01 
3.500e+01 ; 9.600e+00 ; 2.800e+00 ; 9.6067000e+01 ; 8.1397949e+01 
3.500e+01 ; 9.600e+00 ; 2.800e+00 ; 9.6083000e+01 ; 8.1387642e+01 
3.500e+01 ; 9.600e+00 ; 2.800e+00 ; 9.6115000e+01 ; 8.1367104e+01 
3.500e+01 ; 9.600e+00 ; 2.800e+00 ; 9.6179000e+01 ; 8.1326324e+01 
3.500e+01 ; 9.600e+00 ; 2.800e+00 ; 9.6307000e+01 ; 8.1246017e+01 
3.500e+01 ; 9.600e+00 ; 2.800e+00 ; 9.6563000e+01 ; 8.1090836e+01 
3.500e+01 ; 9.600e+00 ; 2.800e+00 ; 9.7075000e+01 ; 8.0804962e+01 
3.500e+01 ; 9.600e+00 ; 2.800e+00 ; 9.7180000e+01 ; 8.0747383e+01 
3.500e+01 ; 9.600e+00 ; 2.800e+00 ; 9.7180000e+01 ; 8.0747383e+01 
3.500e+01 ; 9.600e+00 ; 2.800e+00 ; 9.7181000e+01 ; 8.0746834e+01 
3.500e+01 ; 9.600e+00 ; 2.800e+00 ; 9.7182000e+01 ; 8.0746284e+01 
3.500e+01 ; 9.600e+00 ; 2.800e+00 ; 9.7183000e+01 ; 8.0745743e+01 
3.500e+01 ; 9.600e+00 ; 2.800e+00 ; 9.7185000e+01 ; 8.0744644e+01 
3.500e+01 ; 9.600e+00 ; 2.800e+00 ; 9.7189000e+01 ; 8.0742455e+01 
3.500e+01 ; 9.600e+00 ; 2.800e+00 ; 9.7197000e+01 ; 8.0738083e+01 
3.500e+01 ; 9.600e+00 ; 2.800e+00 ; 9.7213000e+01 ; 8.0729378e+01 
3.500e+01 ; 9.600e+00 ; 2.800e+00 ; 9.7245000e+01 ; 8.0712196e+01 
3.500e+01 ; 9.600e+00 ; 2.800e+00 ; 9.7309000e+01 ; 8.0679039e+01 
3.500e+01 ; 9.600e+00 ; 2.800e+00 ; 9.7437000e+01 ; 8.0619514e+01 
3.500e+01 ; 9.600e+00 ; 2.800e+00 ; 9.7693000e+01 ; 8.0533409e+01 
3.500e+01 ; 9.600e+00 ; 2.800e+00 ; 9.8205000e+01 ; 8.0475853e+01 
3.500e+01 ; 9.600e+00 ; 2.800e+00 ; 9.8310000e+01 ; 8.0468422e+01 
3.500e+01 ; 9.600e+00 ; 2.800e+00 ; 9.8310000e+01 ; 8.0468422e+01 
3.500e+01 ; 9.600e+00 ; 2.800e+00 ; 9.8311000e+01 ; 8.0468353e+01 
3.500e+01 ; 9.600e+00 ; 2.800e+00 ; 9.8312000e+01 ; 8.0468285e+01 
3.500e+01 ; 9.600e+00 ; 2.800e+00 ; 9.8313000e+01 ; 8.0468216e+01 
3.500e+01 ; 9.600e+00 ; 2.800e+00 ; 9.8315000e+01 ; 8.0468079e+01 
3.500e+01 ; 9.600e+00 ; 2.800e+00 ; 9.8319000e+01 ; 8.0467804e+01 
3.500e+01 ; 9.600e+00 ; 2.800e+00 ; 9.8327000e+01 ; 8.0467300e+01 
3.500e+01 ; 9.600e+00 ; 2.800e+00 ; 9.8343000e+01 ; 8.0466408e+01 
3.500e+01 ; 9.600e+00 ; 2.800e+00 ; 9.8375000e+01 ; 8.0465225e+01 
3.500e+01 ; 9.600e+00 ; 2.800e+00 ; 9.8439000e+01 ; 8.0465736e+01 
3.500e+01 ; 9.600e+00 ; 2.800e+00 ; 9.8567000e+01 ; 8.0480934e+01 
3.500e+01 ; 9.600e+00 ; 2.800e+00 ; 9.8823000e+01 ; 8.0572372e+01 
3.500e+01 ; 9.600e+00 ; 2.800e+00 ; 9.9335000e+01 ; 8.0934402e+01 
3.500e+01 ; 9.600e+00 ; 2.800e+00 ; 9.9440000e+01 ; 8.1015030e+01 
3.500e+01 ; 9.600e+00 ; 2.800e+00 ; 9.9440000e+01 ; 8.1015030e+01 
3.500e+01 ; 9.600e+00 ; 2.800e+00 ; 9.9441000e+01 ; 8.1015800e+01 
3.500e+01 ; 9.600e+00 ; 2.800e+00 ; 9.9442000e+01 ; 8.1016571e+01 
3.500e+01 ; 9.600e+00 ; 2.800e+00 ; 9.9443000e+01 ; 8.1017342e+01 
3.500e+01 ; 9.600e+00 ; 2.800e+00 ; 9.9445000e+01 ; 8.1018883e+01 
3.500e+01 ; 9.600e+00 ; 2.800e+00 ; 9.9449000e+01 ; 8.1021973e+01 
3.500e+01 ; 9.600e+00 ; 2.800e+00 ; 9.9457000e+01 ; 8.1028198e+01 
3.500e+01 ; 9.600e+00 ; 2.800e+00 ; 9.9473000e+01 ; 8.1040810e+01 
3.500e+01 ; 9.600e+00 ; 2.800e+00 ; 9.9505000e+01 ; 8.1066711e+01 
3.500e+01 ; 9.600e+00 ; 2.800e+00 ; 9.9569000e+01 ; 8.1121498e+01 
3.500e+01 ; 9.600e+00 ; 2.800e+00 ; 9.9697000e+01 ; 8.1243660e+01 
3.500e+01 ; 9.600e+00 ; 2.800e+00 ; 9.9953000e+01 ; 8.1533272e+01 
3.500e+01 ; 9.600e+00 ; 2.800e+00 ; 1.0046500e+02 ; 8.2201767e+01 
3.500e+01 ; 9.600e+00 ; 2.800e+00 ; 1.0057000e+02 ; 8.2341324e+01 
3.500e+01 ; 9.600e+00 ; 2.800e+00 ; 1.0057000e+02 ; 8.2341324e+01 
3.500e+01 ; 9.600e+00 ; 2.800e+00 ; 1.0057100e+02 ; 8.2342651e+01 
3.500e+01 ; 9.600e+00 ; 2.800e+00 ; 1.0057200e+02 ; 8.2343987e+01 
3.500e+01 ; 9.600e+00 ; 2.800e+00 ; 1.0057300e+02 ; 8.2345314e+01 
3.500e+01 ; 9.600e+00 ; 2.800e+00 ; 1.0057500e+02 ; 8.2347977e+01 
3.500e+01 ; 9.600e+00 ; 2.800e+00 ; 1.0057900e+02 ; 8.2353294e+01 
3.500e+01 ; 9.600e+00 ; 2.800e+00 ; 1.0058700e+02 ; 8.2363960e+01 
3.500e+01 ; 9.600e+00 ; 2.800e+00 ; 1.0060300e+02 ; 8.2385338e+01 
3.500e+01 ; 9.600e+00 ; 2.800e+00 ; 1.0063500e+02 ; 8.2428253e+01 
3.500e+01 ; 9.600e+00 ; 2.800e+00 ; 1.0069900e+02 ; 8.2514557e+01 
3.500e+01 ; 9.600e+00 ; 2.800e+00 ; 1.0082700e+02 ; 8.2687393e+01 
3.500e+01 ; 9.600e+00 ; 2.800e+00 ; 1.0108300e+02 ; 8.3022942e+01 
3.500e+01 ; 9.600e+00 ; 2.800e+00 ; 1.0159500e+02 ; 8.3597549e+01 
3.500e+01 ; 9.600e+00 ; 2.800e+00 ; 1.0170000e+02 ; 8.3710739e+01 
3.500e+01 ; 9.600e+00 ; 2.800e+00 ; 1.0170000e+02 ; 8.3710739e+01 
3.500e+01 ; 9.600e+00 ; 2.800e+00 ; 1.0170100e+02 ; 8.3711815e+01 
3.500e+01 ; 9.600e+00 ; 2.800e+00 ; 1.0170200e+02 ; 8.3712891e+01 
3.500e+01 ; 9.600e+00 ; 2.800e+00 ; 1.0170300e+02 ; 8.3713966e+01 
3.500e+01 ; 9.600e+00 ; 2.800e+00 ; 1.0170500e+02 ; 8.3716118e+01 
3.500e+01 ; 9.600e+00 ; 2.800e+00 ; 1.0170900e+02 ; 8.3720413e+01 
3.500e+01 ; 9.600e+00 ; 2.800e+00 ; 1.0171700e+02 ; 8.3728981e+01 
3.500e+01 ; 9.600e+00 ; 2.800e+00 ; 1.0173300e+02 ; 8.3745995e+01 
3.500e+01 ; 9.600e+00 ; 2.800e+00 ; 1.0176500e+02 ; 8.3779541e+01 
3.500e+01 ; 9.600e+00 ; 2.800e+00 ; 1.0182900e+02 ; 8.3844505e+01 
3.500e+01 ; 9.600e+00 ; 2.800e+00 ; 1.0195700e+02 ; 8.3964882e+01 
3.500e+01 ; 9.600e+00 ; 2.800e+00 ; 1.0221300e+02 ; 8.4163071e+01 
3.500e+01 ; 9.600e+00 ; 2.800e+00 ; 1.0272500e+02 ; 8.4389931e+01 
3.500e+01 ; 9.600e+00 ; 2.800e+00 ; 1.0283000e+02 ; 8.4429382e+01 
3.500e+01 ; 9.600e+00 ; 2.800e+00 ; 1.0283000e+02 ; 8.4429382e+01 
3.500e+01 ; 9.600e+00 ; 2.800e+00 ; 1.0284000e+02 ; 8.4433075e+01 
3.500e+01 ; 9.600e+00 ; 2.800e+00 ; 1.0285000e+02 ; 8.4436699e+01 
3.500e+01 ; 9.600e+00 ; 2.800e+00 ; 1.0286000e+02 ; 8.4440269e+01 
3.500e+01 ; 9.600e+00 ; 2.800e+00 ; 1.0288000e+02 ; 8.4447144e+01 
3.500e+01 ; 9.600e+00 ; 2.800e+00 ; 1.0292000e+02 ; 8.4459869e+01 
3.500e+01 ; 9.600e+00 ; 2.800e+00 ; 1.0300000e+02 ; 8.4481323e+01 
3.500e+01 ; 9.600e+00 ; 2.800e+00 ; 1.0316000e+02 ; 8.4508728e+01 
3.500e+01 ; 9.600e+00 ; 2.800e+00 ; 1.0348000e+02 ; 8.4507187e+01 
3.500e+01 ; 9.600e+00 ; 2.800e+00 ; 1.0412000e+02 ; 8.4326759e+01 
3.500e+01 ; 9.600e+00 ; 2.800e+00 ; 1.0540000e+02 ; 8.3554626e+01 
3.500e+01 ; 9.600e+00 ; 2.800e+00 ; 1.0732000e+02 ; 8.2042419e+01 
3.500e+01 ; 9.600e+00 ; 2.800e+00 ; 1.0783000e+02 ; 8.1624481e+01