X ; Y ; Z ; time ; Temperature 
3.500e+01 ; 8.000e-01 ; 1.200e+00 ; 0.0000000e+00 ; 2.7600000e+02 
3.500e+01 ; 8.000e-01 ; 1.200e+00 ; 1.0000000e-03 ; 2.7600000e+02 
3.500e+01 ; 8.000e-01 ; 1.200e+00 ; 2.0000001e-03 ; 2.7600000e+02 
3.500e+01 ; 8.000e-01 ; 1.200e+00 ; 3.0000000e-03 ; 2.7600000e+02 
3.500e+01 ; 8.000e-01 ; 1.200e+00 ; 4.9999999e-03 ; 2.7600000e+02 
3.500e+01 ; 8.000e-01 ; 1.200e+00 ; 8.9999996e-03 ; 2.7600000e+02 
3.500e+01 ; 8.000e-01 ; 1.200e+00 ; 1.7000001e-02 ; 2.7600000e+02 
3.500e+01 ; 8.000e-01 ; 1.200e+00 ; 3.3000000e-02 ; 2.7600000e+02 
3.500e+01 ; 8.000e-01 ; 1.200e+00 ; 6.4999998e-02 ; 2.7600000e+02 
3.500e+01 ; 8.000e-01 ; 1.200e+00 ; 1.2899999e-01 ; 2.7600000e+02 
3.500e+01 ; 8.000e-01 ; 1.200e+00 ; 2.5700000e-01 ; 2.7600000e+02 
3.500e+01 ; 8.000e-01 ; 1.200e+00 ; 5.1300001e-01 ; 2.7600000e+02 
3.500e+01 ; 8.000e-01 ; 1.200e+00 ; 1.0000000e+00 ; 2.7600000e+02 
3.500e+01 ; 8.000e-01 ; 1.200e+00 ; 1.0000000e+00 ; 2.7600000e+02 
3.500e+01 ; 8.000e-01 ; 1.200e+00 ; 1.0010000e+00 ; 2.7600000e+02 
3.500e+01 ; 8.000e-01 ; 1.200e+00 ; 1.0020000e+00 ; 2.7600000e+02 
3.500e+01 ; 8.000e-01 ; 1.200e+00 ; 1.0030000e+00 ; 2.7600000e+02 
3.500e+01 ; 8.000e-01 ; 1.200e+00 ; 1.0050000e+00 ; 2.7600000e+02 
3.500e+01 ; 8.000e-01 ; 1.200e+00 ; 1.0090000e+00 ; 2.7600000e+02 
3.500e+01 ; 8.000e-01 ; 1.200e+00 ; 1.0170000e+00 ; 2.7600000e+02 
3.500e+01 ; 8.000e-01 ; 1.200e+00 ; 1.0330000e+00 ; 2.7600000e+02 
3.500e+01 ; 8.000e-01 ; 1.200e+00 ; 1.0650000e+00 ; 2.7600000e+02 
3.500e+01 ; 8.000e-01 ; 1.200e+00 ; 1.1290000e+00 ; 2.7600000e+02 
3.500e+01 ; 8.000e-01 ; 1.200e+00 ; 1.2570000e+00 ; 2.7600000e+02 
3.500e+01 ; 8.000e-01 ; 1.200e+00 ; 1.5130000e+00 ; 2.7600000e+02 
3.500e+01 ; 8.000e-01 ; 1.200e+00 ; 2.0000000e+00 ; 2.7600000e+02 
3.500e+01 ; 8.000e-01 ; 1.200e+00 ; 2.0000000e+00 ; 2.7600000e+02 
3.500e+01 ; 8.000e-01 ; 1.200e+00 ; 2.0010000e+00 ; 2.7600000e+02 
3.500e+01 ; 8.000e-01 ; 1.200e+00 ; 2.0020000e+00 ; 2.7600000e+02 
3.500e+01 ; 8.000e-01 ; 1.200e+00 ; 2.0030000e+00 ; 2.7600000e+02 
3.500e+01 ; 8.000e-01 ; 1.200e+00 ; 2.0050000e+00 ; 2.7600000e+02 
3.500e+01 ; 8.000e-01 ; 1.200e+00 ; 2.0090000e+00 ; 2.7600000e+02 
3.500e+01 ; 8.000e-01 ; 1.200e+00 ; 2.0170000e+00 ; 2.7600000e+02 
3.500e+01 ; 8.000e-01 ; 1.200e+00 ; 2.0330000e+00 ; 2.7600000e+02 
3.500e+01 ; 8.000e-01 ; 1.200e+00 ; 2.0650000e+00 ; 2.7600000e+02 
3.500e+01 ; 8.000e-01 ; 1.200e+00 ; 2.1290000e+00 ; 2.7600000e+02 
3.500e+01 ; 8.000e-01 ; 1.200e+00 ; 2.2570000e+00 ; 2.7600000e+02 
3.500e+01 ; 8.000e-01 ; 1.200e+00 ; 2.5130000e+00 ; 2.7600000e+02 
3.500e+01 ; 8.000e-01 ; 1.200e+00 ; 3.0000000e+00 ; 2.7600000e+02 
3.500e+01 ; 8.000e-01 ; 1.200e+00 ; 3.0000000e+00 ; 2.7600000e+02 
3.500e+01 ; 8.000e-01 ; 1.200e+00 ; 3.0010000e+00 ; 2.7600000e+02 
3.500e+01 ; 8.000e-01 ; 1.200e+00 ; 3.0020000e+00 ; 2.7600000e+02 
3.500e+01 ; 8.000e-01 ; 1.200e+00 ; 3.0030000e+00 ; 2.7600000e+02 
3.500e+01 ; 8.000e-01 ; 1.200e+00 ; 3.0050000e+00 ; 2.7600000e+02 
3.500e+01 ; 8.000e-01 ; 1.200e+00 ; 3.0090000e+00 ; 2.7600000e+02 
3.500e+01 ; 8.000e-01 ; 1.200e+00 ; 3.0170000e+00 ; 2.7600000e+02 
3.500e+01 ; 8.000e-01 ; 1.200e+00 ; 3.0330000e+00 ; 2.7600000e+02 
3.500e+01 ; 8.000e-01 ; 1.200e+00 ; 3.0650000e+00 ; 2.7600000e+02 
3.500e+01 ; 8.000e-01 ; 1.200e+00 ; 3.1290000e+00 ; 2.7600000e+02 
3.500e+01 ; 8.000e-01 ; 1.200e+00 ; 3.2570000e+00 ; 2.7600000e+02 
3.500e+01 ; 8.000e-01 ; 1.200e+00 ; 3.5130000e+00 ; 2.7600000e+02 
3.500e+01 ; 8.000e-01 ; 1.200e+00 ; 4.0000000e+00 ; 2.7600000e+02 
3.500e+01 ; 8.000e-01 ; 1.200e+00 ; 4.0000000e+00 ; 2.7600000e+02 
3.500e+01 ; 8.000e-01 ; 1.200e+00 ; 4.0010000e+00 ; 2.7600000e+02 
3.500e+01 ; 8.000e-01 ; 1.200e+00 ; 4.0020000e+00 ; 2.7600000e+02 
3.500e+01 ; 8.000e-01 ; 1.200e+00 ; 4.0030000e+00 ; 2.7600000e+02 
3.500e+01 ; 8.000e-01 ; 1.200e+00 ; 4.0050000e+00 ; 2.7600000e+02 
3.500e+01 ; 8.000e-01 ; 1.200e+00 ; 4.0090000e+00 ; 2.7600000e+02 
3.500e+01 ; 8.000e-01 ; 1.200e+00 ; 4.0170000e+00 ; 2.7600000e+02 
3.500e+01 ; 8.000e-01 ; 1.200e+00 ; 4.0330000e+00 ; 2.7600000e+02 
3.500e+01 ; 8.000e-01 ; 1.200e+00 ; 4.0650000e+00 ; 2.7600000e+02 
3.500e+01 ; 8.000e-01 ; 1.200e+00 ; 4.1290000e+00 ; 2.7600000e+02 
3.500e+01 ; 8.000e-01 ; 1.200e+00 ; 4.2570000e+00 ; 2.7600000e+02 
3.500e+01 ; 8.000e-01 ; 1.200e+00 ; 4.5130000e+00 ; 2.7600000e+02 
3.500e+01 ; 8.000e-01 ; 1.200e+00 ; 5.0000000e+00 ; 2.7600000e+02 
3.500e+01 ; 8.000e-01 ; 1.200e+00 ; 5.0000000e+00 ; 2.7600000e+02 
3.500e+01 ; 8.000e-01 ; 1.200e+00 ; 5.0010000e+00 ; 2.7600000e+02 
3.500e+01 ; 8.000e-01 ; 1.200e+00 ; 5.0020000e+00 ; 2.7600000e+02 
3.500e+01 ; 8.000e-01 ; 1.200e+00 ; 5.0030000e+00 ; 2.7600000e+02 
3.500e+01 ; 8.000e-01 ; 1.200e+00 ; 5.0050000e+00 ; 2.7600000e+02 
3.500e+01 ; 8.000e-01 ; 1.200e+00 ; 5.0090000e+00 ; 2.7600000e+02 
3.500e+01 ; 8.000e-01 ; 1.200e+00 ; 5.0170000e+00 ; 2.7600000e+02 
3.500e+01 ; 8.000e-01 ; 1.200e+00 ; 5.0330000e+00 ; 2.7600000e+02 
3.500e+01 ; 8.000e-01 ; 1.200e+00 ; 5.0650000e+00 ; 2.7600000e+02 
3.500e+01 ; 8.000e-01 ; 1.200e+00 ; 5.1290000e+00 ; 2.7600000e+02 
3.500e+01 ; 8.000e-01 ; 1.200e+00 ; 5.2570000e+00 ; 2.7600000e+02 
3.500e+01 ; 8.000e-01 ; 1.200e+00 ; 5.5130000e+00 ; 2.7600000e+02 
3.500e+01 ; 8.000e-01 ; 1.200e+00 ; 6.0000000e+00 ; 2.7600000e+02 
3.500e+01 ; 8.000e-01 ; 1.200e+00 ; 6.0000000e+00 ; 2.7600000e+02 
3.500e+01 ; 8.000e-01 ; 1.200e+00 ; 6.0010000e+00 ; 2.7600000e+02 
3.500e+01 ; 8.000e-01 ; 1.200e+00 ; 6.0020000e+00 ; 2.7600000e+02 
3.500e+01 ; 8.000e-01 ; 1.200e+00 ; 6.0030000e+00 ; 2.7600000e+02 
3.500e+01 ; 8.000e-01 ; 1.200e+00 ; 6.0050000e+00 ; 2.7600000e+02 
3.500e+01 ; 8.000e-01 ; 1.200e+00 ; 6.0090000e+00 ; 2.7600000e+02 
3.500e+01 ; 8.000e-01 ; 1.200e+00 ; 6.0170000e+00 ; 2.7600000e+02 
3.500e+01 ; 8.000e-01 ; 1.200e+00 ; 6.0330000e+00 ; 2.7600000e+02 
3.500e+01 ; 8.000e-01 ; 1.200e+00 ; 6.0650000e+00 ; 2.7600000e+02 
3.500e+01 ; 8.000e-01 ; 1.200e+00 ; 6.1290000e+00 ; 2.7600000e+02 
3.500e+01 ; 8.000e-01 ; 1.200e+00 ; 6.2570000e+00 ; 2.7600000e+02 
3.500e+01 ; 8.000e-01 ; 1.200e+00 ; 6.5130000e+00 ; 2.7600000e+02 
3.500e+01 ; 8.000e-01 ; 1.200e+00 ; 7.0000000e+00 ; 2.7600000e+02 
3.500e+01 ; 8.000e-01 ; 1.200e+00 ; 7.0000000e+00 ; 2.7600000e+02 
3.500e+01 ; 8.000e-01 ; 1.200e+00 ; 7.0010000e+00 ; 2.7600000e+02 
3.500e+01 ; 8.000e-01 ; 1.200e+00 ; 7.0020000e+00 ; 2.7600000e+02 
3.500e+01 ; 8.000e-01 ; 1.200e+00 ; 7.0030000e+00 ; 2.7600000e+02 
3.500e+01 ; 8.000e-01 ; 1.200e+00 ; 7.0050000e+00 ; 2.7600000e+02 
3.500e+01 ; 8.000e-01 ; 1.200e+00 ; 7.0090000e+00 ; 2.7600000e+02 
3.500e+01 ; 8.000e-01 ; 1.200e+00 ; 7.0170000e+00 ; 2.7600000e+02 
3.500e+01 ; 8.000e-01 ; 1.200e+00 ; 7.0330000e+00 ; 2.7600000e+02 
3.500e+01 ; 8.000e-01 ; 1.200e+00 ; 7.0650000e+00 ; 2.7600000e+02 
3.500e+01 ; 8.000e-01 ; 1.200e+00 ; 7.1290000e+00 ; 2.7600000e+02 
3.500e+01 ; 8.000e-01 ; 1.200e+00 ; 7.2570000e+00 ; 2.7600000e+02 
3.500e+01 ; 8.000e-01 ; 1.200e+00 ; 7.5130000e+00 ; 2.7600000e+02 
3.500e+01 ; 8.000e-01 ; 1.200e+00 ; 8.0000000e+00 ; 2.7600000e+02 
3.500e+01 ; 8.000e-01 ; 1.200e+00 ; 8.0000000e+00 ; 2.7600000e+02 
3.500e+01 ; 8.000e-01 ; 1.200e+00 ; 8.0010000e+00 ; 2.7600000e+02 
3.500e+01 ; 8.000e-01 ; 1.200e+00 ; 8.0020000e+00 ; 2.7600000e+02 
3.500e+01 ; 8.000e-01 ; 1.200e+00 ; 8.0030000e+00 ; 2.7600000e+02 
3.500e+01 ; 8.000e-01 ; 1.200e+00 ; 8.0050000e+00 ; 2.7600000e+02 
3.500e+01 ; 8.000e-01 ; 1.200e+00 ; 8.0090000e+00 ; 2.7600000e+02 
3.500e+01 ; 8.000e-01 ; 1.200e+00 ; 8.0170000e+00 ; 2.7600000e+02 
3.500e+01 ; 8.000e-01 ; 1.200e+00 ; 8.0330000e+00 ; 2.7600000e+02 
3.500e+01 ; 8.000e-01 ; 1.200e+00 ; 8.0650000e+00 ; 2.7600000e+02 
3.500e+01 ; 8.000e-01 ; 1.200e+00 ; 8.1290000e+00 ; 2.7600000e+02 
3.500e+01 ; 8.000e-01 ; 1.200e+00 ; 8.2570000e+00 ; 2.7600000e+02 
3.500e+01 ; 8.000e-01 ; 1.200e+00 ; 8.5130000e+00 ; 2.7600000e+02 
3.500e+01 ; 8.000e-01 ; 1.200e+00 ; 9.0000000e+00 ; 2.7600000e+02 
3.500e+01 ; 8.000e-01 ; 1.200e+00 ; 9.0000000e+00 ; 2.7600000e+02 
3.500e+01 ; 8.000e-01 ; 1.200e+00 ; 9.0010000e+00 ; 2.7600000e+02 
3.500e+01 ; 8.000e-01 ; 1.200e+00 ; 9.0020000e+00 ; 2.7600000e+02 
3.500e+01 ; 8.000e-01 ; 1.200e+00 ; 9.0030000e+00 ; 2.7600000e+02 
3.500e+01 ; 8.000e-01 ; 1.200e+00 ; 9.0050000e+00 ; 2.7600000e+02 
3.500e+01 ; 8.000e-01 ; 1.200e+00 ; 9.0090000e+00 ; 2.7600000e+02 
3.500e+01 ; 8.000e-01 ; 1.200e+00 ; 9.0170000e+00 ; 2.7600000e+02 
3.500e+01 ; 8.000e-01 ; 1.200e+00 ; 9.0330000e+00 ; 2.7600000e+02 
3.500e+01 ; 8.000e-01 ; 1.200e+00 ; 9.0650000e+00 ; 2.7600000e+02 
3.500e+01 ; 8.000e-01 ; 1.200e+00 ; 9.1290000e+00 ; 2.7600000e+02 
3.500e+01 ; 8.000e-01 ; 1.200e+00 ; 9.2570000e+00 ; 2.7600000e+02 
3.500e+01 ; 8.000e-01 ; 1.200e+00 ; 9.5130000e+00 ; 2.7600000e+02 
3.500e+01 ; 8.000e-01 ; 1.200e+00 ; 1.0000000e+01 ; 2.7600000e+02 
3.500e+01 ; 8.000e-01 ; 1.200e+00 ; 1.0000000e+01 ; 2.7600000e+02 
3.500e+01 ; 8.000e-01 ; 1.200e+00 ; 1.0001000e+01 ; 2.7600000e+02 
3.500e+01 ; 8.000e-01 ; 1.200e+00 ; 1.0002000e+01 ; 2.7600000e+02 
3.500e+01 ; 8.000e-01 ; 1.200e+00 ; 1.0003000e+01 ; 2.7600000e+02 
3.500e+01 ; 8.000e-01 ; 1.200e+00 ; 1.0005000e+01 ; 2.7600000e+02 
3.500e+01 ; 8.000e-01 ; 1.200e+00 ; 1.0009000e+01 ; 2.7600000e+02 
3.500e+01 ; 8.000e-01 ; 1.200e+00 ; 1.0017000e+01 ; 2.7600000e+02 
3.500e+01 ; 8.000e-01 ; 1.200e+00 ; 1.0033000e+01 ; 2.7600000e+02 
3.500e+01 ; 8.000e-01 ; 1.200e+00 ; 1.0065000e+01 ; 2.7600000e+02 
3.500e+01 ; 8.000e-01 ; 1.200e+00 ; 1.0129000e+01 ; 2.7600000e+02 
3.500e+01 ; 8.000e-01 ; 1.200e+00 ; 1.0257000e+01 ; 2.7600000e+02 
3.500e+01 ; 8.000e-01 ; 1.200e+00 ; 1.0513000e+01 ; 2.7600000e+02 
3.500e+01 ; 8.000e-01 ; 1.200e+00 ; 1.1000000e+01 ; 2.7600000e+02 
3.500e+01 ; 8.000e-01 ; 1.200e+00 ; 1.1000000e+01 ; 2.7600000e+02 
3.500e+01 ; 8.000e-01 ; 1.200e+00 ; 1.1001000e+01 ; 2.7600000e+02 
3.500e+01 ; 8.000e-01 ; 1.200e+00 ; 1.1002000e+01 ; 2.7600000e+02 
3.500e+01 ; 8.000e-01 ; 1.200e+00 ; 1.1003000e+01 ; 2.7600000e+02 
3.500e+01 ; 8.000e-01 ; 1.200e+00 ; 1.1005000e+01 ; 2.7600000e+02 
3.500e+01 ; 8.000e-01 ; 1.200e+00 ; 1.1009000e+01 ; 2.7600000e+02 
3.500e+01 ; 8.000e-01 ; 1.200e+00 ; 1.1017000e+01 ; 2.7600000e+02 
3.500e+01 ; 8.000e-01 ; 1.200e+00 ; 1.1033000e+01 ; 2.7600000e+02 
3.500e+01 ; 8.000e-01 ; 1.200e+00 ; 1.1065000e+01 ; 2.7600000e+02 
3.500e+01 ; 8.000e-01 ; 1.200e+00 ; 1.1129000e+01 ; 2.7600000e+02 
3.500e+01 ; 8.000e-01 ; 1.200e+00 ; 1.1257000e+01 ; 2.7600000e+02 
3.500e+01 ; 8.000e-01 ; 1.200e+00 ; 1.1513000e+01 ; 2.7600000e+02 
3.500e+01 ; 8.000e-01 ; 1.200e+00 ; 1.2000000e+01 ; 2.7600000e+02 
3.500e+01 ; 8.000e-01 ; 1.200e+00 ; 1.2000000e+01 ; 2.7600000e+02 
3.500e+01 ; 8.000e-01 ; 1.200e+00 ; 1.2001000e+01 ; 2.7600000e+02 
3.500e+01 ; 8.000e-01 ; 1.200e+00 ; 1.2002000e+01 ; 2.7600000e+02 
3.500e+01 ; 8.000e-01 ; 1.200e+00 ; 1.2003000e+01 ; 2.7600000e+02 
3.500e+01 ; 8.000e-01 ; 1.200e+00 ; 1.2005000e+01 ; 2.7600000e+02 
3.500e+01 ; 8.000e-01 ; 1.200e+00 ; 1.2009000e+01 ; 2.7600000e+02 
3.500e+01 ; 8.000e-01 ; 1.200e+00 ; 1.2017000e+01 ; 2.7600000e+02 
3.500e+01 ; 8.000e-01 ; 1.200e+00 ; 1.2033000e+01 ; 2.7600000e+02 
3.500e+01 ; 8.000e-01 ; 1.200e+00 ; 1.2065000e+01 ; 2.7600000e+02 
3.500e+01 ; 8.000e-01 ; 1.200e+00 ; 1.2129000e+01 ; 2.7600000e+02 
3.500e+01 ; 8.000e-01 ; 1.200e+00 ; 1.2257000e+01 ; 2.7600000e+02 
3.500e+01 ; 8.000e-01 ; 1.200e+00 ; 1.2513000e+01 ; 2.7600000e+02 
3.500e+01 ; 8.000e-01 ; 1.200e+00 ; 1.3000000e+01 ; 2.7600000e+02 
3.500e+01 ; 8.000e-01 ; 1.200e+00 ; 1.3000000e+01 ; 2.7600000e+02 
3.500e+01 ; 8.000e-01 ; 1.200e+00 ; 1.3001000e+01 ; 2.7600000e+02 
3.500e+01 ; 8.000e-01 ; 1.200e+00 ; 1.3002000e+01 ; 2.7600000e+02 
3.500e+01 ; 8.000e-01 ; 1.200e+00 ; 1.3003000e+01 ; 2.7600000e+02 
3.500e+01 ; 8.000e-01 ; 1.200e+00 ; 1.3005000e+01 ; 2.7600000e+02 
3.500e+01 ; 8.000e-01 ; 1.200e+00 ; 1.3009000e+01 ; 2.7600000e+02 
3.500e+01 ; 8.000e-01 ; 1.200e+00 ; 1.3017000e+01 ; 2.7600000e+02 
3.500e+01 ; 8.000e-01 ; 1.200e+00 ; 1.3033000e+01 ; 2.7600000e+02 
3.500e+01 ; 8.000e-01 ; 1.200e+00 ; 1.3065000e+01 ; 2.7600000e+02 
3.500e+01 ; 8.000e-01 ; 1.200e+00 ; 1.3129000e+01 ; 2.7600000e+02 
3.500e+01 ; 8.000e-01 ; 1.200e+00 ; 1.3257000e+01 ; 2.7600000e+02 
3.500e+01 ; 8.000e-01 ; 1.200e+00 ; 1.3513000e+01 ; 2.7600000e+02 
3.500e+01 ; 8.000e-01 ; 1.200e+00 ; 1.4000000e+01 ; 2.7600000e+02 
3.500e+01 ; 8.000e-01 ; 1.200e+00 ; 1.4000000e+01 ; 2.7600000e+02 
3.500e+01 ; 8.000e-01 ; 1.200e+00 ; 1.4001000e+01 ; 2.7600000e+02 
3.500e+01 ; 8.000e-01 ; 1.200e+00 ; 1.4002000e+01 ; 2.7600000e+02 
3.500e+01 ; 8.000e-01 ; 1.200e+00 ; 1.4003000e+01 ; 2.7600000e+02 
3.500e+01 ; 8.000e-01 ; 1.200e+00 ; 1.4005000e+01 ; 2.7600000e+02 
3.500e+01 ; 8.000e-01 ; 1.200e+00 ; 1.4009000e+01 ; 2.7600000e+02 
3.500e+01 ; 8.000e-01 ; 1.200e+00 ; 1.4017000e+01 ; 2.7600000e+02 
3.500e+01 ; 8.000e-01 ; 1.200e+00 ; 1.4033000e+01 ; 2.7600000e+02 
3.500e+01 ; 8.000e-01 ; 1.200e+00 ; 1.4065000e+01 ; 2.7600000e+02 
3.500e+01 ; 8.000e-01 ; 1.200e+00 ; 1.4129000e+01 ; 2.7600000e+02 
3.500e+01 ; 8.000e-01 ; 1.200e+00 ; 1.4257000e+01 ; 2.7600000e+02 
3.500e+01 ; 8.000e-01 ; 1.200e+00 ; 1.4513000e+01 ; 2.7600000e+02 
3.500e+01 ; 8.000e-01 ; 1.200e+00 ; 1.5000000e+01 ; 2.7600000e+02 
3.500e+01 ; 8.000e-01 ; 1.200e+00 ; 1.5000000e+01 ; 2.7600000e+02 
3.500e+01 ; 8.000e-01 ; 1.200e+00 ; 1.5001000e+01 ; 2.7600000e+02 
3.500e+01 ; 8.000e-01 ; 1.200e+00 ; 1.5002000e+01 ; 2.7600000e+02 
3.500e+01 ; 8.000e-01 ; 1.200e+00 ; 1.5003000e+01 ; 2.7600000e+02 
3.500e+01 ; 8.000e-01 ; 1.200e+00 ; 1.5005000e+01 ; 2.7600000e+02 
3.500e+01 ; 8.000e-01 ; 1.200e+00 ; 1.5009000e+01 ; 2.7600000e+02 
3.500e+01 ; 8.000e-01 ; 1.200e+00 ; 1.5017000e+01 ; 2.7600000e+02 
3.500e+01 ; 8.000e-01 ; 1.200e+00 ; 1.5033000e+01 ; 2.7600000e+02 
3.500e+01 ; 8.000e-01 ; 1.200e+00 ; 1.5065000e+01 ; 2.7600000e+02 
3.500e+01 ; 8.000e-01 ; 1.200e+00 ; 1.5129000e+01 ; 2.7600000e+02 
3.500e+01 ; 8.000e-01 ; 1.200e+00 ; 1.5257000e+01 ; 2.7600000e+02 
3.500e+01 ; 8.000e-01 ; 1.200e+00 ; 1.5513000e+01 ; 2.7600000e+02 
3.500e+01 ; 8.000e-01 ; 1.200e+00 ; 1.6000000e+01 ; 2.7600000e+02 
3.500e+01 ; 8.000e-01 ; 1.200e+00 ; 1.6000000e+01 ; 2.7600000e+02 
3.500e+01 ; 8.000e-01 ; 1.200e+00 ; 1.6001000e+01 ; 2.7582370e+02 
3.500e+01 ; 8.000e-01 ; 1.200e+00 ; 1.6002000e+01 ; 2.7564758e+02 
3.500e+01 ; 8.000e-01 ; 1.200e+00 ; 1.6003000e+01 ; 2.7547162e+02 
3.500e+01 ; 8.000e-01 ; 1.200e+00 ; 1.6005000e+01 ; 2.7512039e+02 
3.500e+01 ; 8.000e-01 ; 1.200e+00 ; 1.6009000e+01 ; 2.7442059e+02 
3.500e+01 ; 8.000e-01 ; 1.200e+00 ; 1.6017000e+01 ; 2.7303165e+02 
3.500e+01 ; 8.000e-01 ; 1.200e+00 ; 1.6033000e+01 ; 2.7029596e+02 
3.500e+01 ; 8.000e-01 ; 1.200e+00 ; 1.6065000e+01 ; 2.6498926e+02 
3.500e+01 ; 8.000e-01 ; 1.200e+00 ; 1.6129000e+01 ; 2.5500255e+02 
3.500e+01 ; 8.000e-01 ; 1.200e+00 ; 1.6257000e+01 ; 2.3729013e+02 
3.500e+01 ; 8.000e-01 ; 1.200e+00 ; 1.6513000e+01 ; 2.0917828e+02 
3.500e+01 ; 8.000e-01 ; 1.200e+00 ; 1.7000000e+01 ; 1.7344176e+02 
3.500e+01 ; 8.000e-01 ; 1.200e+00 ; 1.7000000e+01 ; 1.7344176e+02 
3.500e+01 ; 8.000e-01 ; 1.200e+00 ; 1.7001000e+01 ; 1.7336844e+02 
3.500e+01 ; 8.000e-01 ; 1.200e+00 ; 1.7002000e+01 ; 1.7329521e+02 
3.500e+01 ; 8.000e-01 ; 1.200e+00 ; 1.7003000e+01 ; 1.7322205e+02 
3.500e+01 ; 8.000e-01 ; 1.200e+00 ; 1.7005000e+01 ; 1.7307599e+02 
3.500e+01 ; 8.000e-01 ; 1.200e+00 ; 1.7009000e+01 ; 1.7278503e+02 
3.500e+01 ; 8.000e-01 ; 1.200e+00 ; 1.7017000e+01 ; 1.7220763e+02 
3.500e+01 ; 8.000e-01 ; 1.200e+00 ; 1.7033000e+01 ; 1.7107053e+02 
3.500e+01 ; 8.000e-01 ; 1.200e+00 ; 1.7065000e+01 ; 1.6886476e+02 
3.500e+01 ; 8.000e-01 ; 1.200e+00 ; 1.7129000e+01 ; 1.6470938e+02 
3.500e+01 ; 8.000e-01 ; 1.200e+00 ; 1.7257000e+01 ; 1.5730319e+02 
3.500e+01 ; 8.000e-01 ; 1.200e+00 ; 1.7513000e+01 ; 1.4537286e+02 
3.500e+01 ; 8.000e-01 ; 1.200e+00 ; 1.8000000e+01 ; 1.2972346e+02 
3.500e+01 ; 8.000e-01 ; 1.200e+00 ; 1.8000000e+01 ; 1.2972346e+02 
3.500e+01 ; 8.000e-01 ; 1.200e+00 ; 1.8001000e+01 ; 1.2969136e+02 
3.500e+01 ; 8.000e-01 ; 1.200e+00 ; 1.8002000e+01 ; 1.2965929e+02 
3.500e+01 ; 8.000e-01 ; 1.200e+00 ; 1.8003000e+01 ; 1.2962726e+02 
3.500e+01 ; 8.000e-01 ; 1.200e+00 ; 1.8005000e+01 ; 1.2956331e+02 
3.500e+01 ; 8.000e-01 ; 1.200e+00 ; 1.8009000e+01 ; 1.2943591e+02 
3.500e+01 ; 8.000e-01 ; 1.200e+00 ; 1.8017000e+01 ; 1.2918315e+02 
3.500e+01 ; 8.000e-01 ; 1.200e+00 ; 1.8033000e+01 ; 1.2868555e+02 
3.500e+01 ; 8.000e-01 ; 1.200e+00 ; 1.8065000e+01 ; 1.2772098e+02 
3.500e+01 ; 8.000e-01 ; 1.200e+00 ; 1.8129000e+01 ; 1.2590645e+02 
3.500e+01 ; 8.000e-01 ; 1.200e+00 ; 1.8257000e+01 ; 1.2267962e+02 
3.500e+01 ; 8.000e-01 ; 1.200e+00 ; 1.8513000e+01 ; 1.1747984e+02 
3.500e+01 ; 8.000e-01 ; 1.200e+00 ; 1.9000000e+01 ; 1.1052461e+02 
3.500e+01 ; 8.000e-01 ; 1.200e+00 ; 1.9000000e+01 ; 1.1052461e+02 
3.500e+01 ; 8.000e-01 ; 1.200e+00 ; 1.9001000e+01 ; 1.1051034e+02 
3.500e+01 ; 8.000e-01 ; 1.200e+00 ; 1.9002000e+01 ; 1.1049609e+02 
3.500e+01 ; 8.000e-01 ; 1.200e+00 ; 1.9003000e+01 ; 1.1048184e+02 
3.500e+01 ; 8.000e-01 ; 1.200e+00 ; 1.9005000e+01 ; 1.1045340e+02 
3.500e+01 ; 8.000e-01 ; 1.200e+00 ; 1.9009000e+01 ; 1.1039671e+02 
3.500e+01 ; 8.000e-01 ; 1.200e+00 ; 1.9017000e+01 ; 1.1028412e+02 
3.500e+01 ; 8.000e-01 ; 1.200e+00 ; 1.9033000e+01 ; 1.1006197e+02 
3.500e+01 ; 8.000e-01 ; 1.200e+00 ; 1.9065000e+01 ; 1.0962940e+02 
3.500e+01 ; 8.000e-01 ; 1.200e+00 ; 1.9129000e+01 ; 1.0880776e+02 
3.500e+01 ; 8.000e-01 ; 1.200e+00 ; 1.9257000e+01 ; 1.0731563e+02 
3.500e+01 ; 8.000e-01 ; 1.200e+00 ; 1.9513000e+01 ; 1.0479852e+02 
3.500e+01 ; 8.000e-01 ; 1.200e+00 ; 2.0000000e+01 ; 1.0112225e+02 
3.500e+01 ; 8.000e-01 ; 1.200e+00 ; 2.0000000e+01 ; 1.0112225e+02 
3.500e+01 ; 8.000e-01 ; 1.200e+00 ; 2.0001000e+01 ; 1.0111470e+02 
3.500e+01 ; 8.000e-01 ; 1.200e+00 ; 2.0002000e+01 ; 1.0110716e+02 
3.500e+01 ; 8.000e-01 ; 1.200e+00 ; 2.0003000e+01 ; 1.0109962e+02 
3.500e+01 ; 8.000e-01 ; 1.200e+00 ; 2.0005000e+01 ; 1.0108457e+02 
3.500e+01 ; 8.000e-01 ; 1.200e+00 ; 2.0009000e+01 ; 1.0105454e+02 
3.500e+01 ; 8.000e-01 ; 1.200e+00 ; 2.0017000e+01 ; 1.0099479e+02 
3.500e+01 ; 8.000e-01 ; 1.200e+00 ; 2.0033000e+01 ; 1.0087642e+02 
3.500e+01 ; 8.000e-01 ; 1.200e+00 ; 2.0065000e+01 ; 1.0064418e+02 
3.500e+01 ; 8.000e-01 ; 1.200e+00 ; 2.0129000e+01 ; 1.0019652e+02 
3.500e+01 ; 8.000e-01 ; 1.200e+00 ; 2.0257000e+01 ; 9.9360809e+01 
3.500e+01 ; 8.000e-01 ; 1.200e+00 ; 2.0513000e+01 ; 9.7881638e+01 
3.500e+01 ; 8.000e-01 ; 1.200e+00 ; 2.1000000e+01 ; 9.5563644e+01 
3.500e+01 ; 8.000e-01 ; 1.200e+00 ; 2.1000000e+01 ; 9.5563644e+01 
3.500e+01 ; 8.000e-01 ; 1.200e+00 ; 2.1001000e+01 ; 9.5558884e+01 
3.500e+01 ; 8.000e-01 ; 1.200e+00 ; 2.1002000e+01 ; 9.5554131e+01 
3.500e+01 ; 8.000e-01 ; 1.200e+00 ; 2.1003000e+01 ; 9.5549377e+01 
3.500e+01 ; 8.000e-01 ; 1.200e+00 ; 2.1005000e+01 ; 9.5539879e+01 
3.500e+01 ; 8.000e-01 ; 1.200e+00 ; 2.1009000e+01 ; 9.5520912e+01 
3.500e+01 ; 8.000e-01 ; 1.200e+00 ; 2.1017000e+01 ; 9.5483116e+01 
3.500e+01 ; 8.000e-01 ; 1.200e+00 ; 2.1033000e+01 ; 9.5408043e+01 
3.500e+01 ; 8.000e-01 ; 1.200e+00 ; 2.1065000e+01 ; 9.5259933e+01 
3.500e+01 ; 8.000e-01 ; 1.200e+00 ; 2.1129000e+01 ; 9.4971436e+01 
3.500e+01 ; 8.000e-01 ; 1.200e+00 ; 2.1257000e+01 ; 9.4422676e+01 
3.500e+01 ; 8.000e-01 ; 1.200e+00 ; 2.1513000e+01 ; 9.3421295e+01 
3.500e+01 ; 8.000e-01 ; 1.200e+00 ; 2.2000000e+01 ; 9.1787529e+01 
3.500e+01 ; 8.000e-01 ; 1.200e+00 ; 2.2000000e+01 ; 9.1787529e+01 
3.500e+01 ; 8.000e-01 ; 1.200e+00 ; 2.2001000e+01 ; 9.1784180e+01 
3.500e+01 ; 8.000e-01 ; 1.200e+00 ; 2.2002000e+01 ; 9.1780823e+01 
3.500e+01 ; 8.000e-01 ; 1.200e+00 ; 2.2003000e+01 ; 9.1777473e+01 
3.500e+01 ; 8.000e-01 ; 1.200e+00 ; 2.2005000e+01 ; 9.1770775e+01 
3.500e+01 ; 8.000e-01 ; 1.200e+00 ; 2.2009000e+01 ; 9.1757401e+01 
3.500e+01 ; 8.000e-01 ; 1.200e+00 ; 2.2017000e+01 ; 9.1730713e+01 
3.500e+01 ; 8.000e-01 ; 1.200e+00 ; 2.2033000e+01 ; 9.1677635e+01 
3.500e+01 ; 8.000e-01 ; 1.200e+00 ; 2.2065000e+01 ; 9.1572601e+01 
3.500e+01 ; 8.000e-01 ; 1.200e+00 ; 2.2129000e+01 ; 9.1366898e+01 
3.500e+01 ; 8.000e-01 ; 1.200e+00 ; 2.2257000e+01 ; 9.0971840e+01 
3.500e+01 ; 8.000e-01 ; 1.200e+00 ; 2.2513000e+01 ; 9.0240059e+01 
3.500e+01 ; 8.000e-01 ; 1.200e+00 ; 2.3000000e+01 ; 8.9023804e+01 
3.500e+01 ; 8.000e-01 ; 1.200e+00 ; 2.3000000e+01 ; 8.9023804e+01 
3.500e+01 ; 8.000e-01 ; 1.200e+00 ; 2.3001000e+01 ; 8.9021309e+01 
3.500e+01 ; 8.000e-01 ; 1.200e+00 ; 2.3002000e+01 ; 8.9018814e+01 
3.500e+01 ; 8.000e-01 ; 1.200e+00 ; 2.3003000e+01 ; 8.9016312e+01 
3.500e+01 ; 8.000e-01 ; 1.200e+00 ; 2.3005000e+01 ; 8.9011330e+01 
3.500e+01 ; 8.000e-01 ; 1.200e+00 ; 2.3009000e+01 ; 8.9001366e+01 
3.500e+01 ; 8.000e-01 ; 1.200e+00 ; 2.3017000e+01 ; 8.8981483e+01 
3.500e+01 ; 8.000e-01 ; 1.200e+00 ; 2.3033000e+01 ; 8.8941917e+01 
3.500e+01 ; 8.000e-01 ; 1.200e+00 ; 2.3065000e+01 ; 8.8863510e+01 
3.500e+01 ; 8.000e-01 ; 1.200e+00 ; 2.3129000e+01 ; 8.8709587e+01 
3.500e+01 ; 8.000e-01 ; 1.200e+00 ; 2.3257000e+01 ; 8.8412750e+01 
3.500e+01 ; 8.000e-01 ; 1.200e+00 ; 2.3513000e+01 ; 8.7859428e+01 
3.500e+01 ; 8.000e-01 ; 1.200e+00 ; 2.4000000e+01 ; 8.6932877e+01 
3.500e+01 ; 8.000e-01 ; 1.200e+00 ; 2.4000000e+01 ; 8.6932877e+01 
3.500e+01 ; 8.000e-01 ; 1.200e+00 ; 2.4001000e+01 ; 8.6930977e+01 
3.500e+01 ; 8.000e-01 ; 1.200e+00 ; 2.4002000e+01 ; 8.6929077e+01 
3.500e+01 ; 8.000e-01 ; 1.200e+00 ; 2.4003000e+01 ; 8.6927170e+01 
3.500e+01 ; 8.000e-01 ; 1.200e+00 ; 2.4005000e+01 ; 8.6923370e+01 
3.500e+01 ; 8.000e-01 ; 1.200e+00 ; 2.4009000e+01 ; 8.6915779e+01 
3.500e+01 ; 8.000e-01 ; 1.200e+00 ; 2.4017000e+01 ; 8.6900635e+01 
3.500e+01 ; 8.000e-01 ; 1.200e+00 ; 2.4033000e+01 ; 8.6870468e+01 
3.500e+01 ; 8.000e-01 ; 1.200e+00 ; 2.4065000e+01 ; 8.6810677e+01 
3.500e+01 ; 8.000e-01 ; 1.200e+00 ; 2.4129000e+01 ; 8.6693184e+01 
3.500e+01 ; 8.000e-01 ; 1.200e+00 ; 2.4257000e+01 ; 8.6466225e+01 
3.500e+01 ; 8.000e-01 ; 1.200e+00 ; 2.4513000e+01 ; 8.6042160e+01 
3.500e+01 ; 8.000e-01 ; 1.200e+00 ; 2.5000000e+01 ; 8.5330116e+01 
3.500e+01 ; 8.000e-01 ; 1.200e+00 ; 2.5000000e+01 ; 8.5330116e+01 
3.500e+01 ; 8.000e-01 ; 1.200e+00 ; 2.5001000e+01 ; 8.5328659e+01 
3.500e+01 ; 8.000e-01 ; 1.200e+00 ; 2.5002000e+01 ; 8.5327194e+01 
3.500e+01 ; 8.000e-01 ; 1.200e+00 ; 2.5003000e+01 ; 8.5325737e+01 
3.500e+01 ; 8.000e-01 ; 1.200e+00 ; 2.5005000e+01 ; 8.5322815e+01 
3.500e+01 ; 8.000e-01 ; 1.200e+00 ; 2.5009000e+01 ; 8.5316978e+01 
3.500e+01 ; 8.000e-01 ; 1.200e+00 ; 2.5017000e+01 ; 8.5305336e+01 
3.500e+01 ; 8.000e-01 ; 1.200e+00 ; 2.5033000e+01 ; 8.5282158e+01 
3.500e+01 ; 8.000e-01 ; 1.200e+00 ; 2.5065000e+01 ; 8.5236191e+01 
3.500e+01 ; 8.000e-01 ; 1.200e+00 ; 2.5129000e+01 ; 8.5145828e+01 
3.500e+01 ; 8.000e-01 ; 1.200e+00 ; 2.5257000e+01 ; 8.4971191e+01 
3.500e+01 ; 8.000e-01 ; 1.200e+00 ; 2.5513000e+01 ; 8.4644630e+01 
3.500e+01 ; 8.000e-01 ; 1.200e+00 ; 2.6000000e+01 ; 8.4095833e+01 
3.500e+01 ; 8.000e-01 ; 1.200e+00 ; 2.6000000e+01 ; 8.4095833e+01 
3.500e+01 ; 8.000e-01 ; 1.200e+00 ; 2.6001000e+01 ; 8.4094704e+01 
3.500e+01 ; 8.000e-01 ; 1.200e+00 ; 2.6002000e+01 ; 8.4093582e+01 
3.500e+01 ; 8.000e-01 ; 1.200e+00 ; 2.6003000e+01 ; 8.4092453e+01 
3.500e+01 ; 8.000e-01 ; 1.200e+00 ; 2.6005000e+01 ; 8.4090202e+01 
3.500e+01 ; 8.000e-01 ; 1.200e+00 ; 2.6009000e+01 ; 8.4085709e+01 
3.500e+01 ; 8.000e-01 ; 1.200e+00 ; 2.6017000e+01 ; 8.4076736e+01 
3.500e+01 ; 8.000e-01 ; 1.200e+00 ; 2.6033000e+01 ; 8.4058861e+01 
3.500e+01 ; 8.000e-01 ; 1.200e+00 ; 2.6065000e+01 ; 8.4023430e+01 
3.500e+01 ; 8.000e-01 ; 1.200e+00 ; 2.6129000e+01 ; 8.3953773e+01 
3.500e+01 ; 8.000e-01 ; 1.200e+00 ; 2.6257000e+01 ; 8.3819122e+01 
3.500e+01 ; 8.000e-01 ; 1.200e+00 ; 2.6513000e+01 ; 8.3567284e+01 
3.500e+01 ; 8.000e-01 ; 1.200e+00 ; 2.7000000e+01 ; 8.3143990e+01 
3.500e+01 ; 8.000e-01 ; 1.200e+00 ; 2.7000000e+01 ; 8.3143990e+01 
3.500e+01 ; 8.000e-01 ; 1.200e+00 ; 2.7001000e+01 ; 8.3143120e+01 
3.500e+01 ; 8.000e-01 ; 1.200e+00 ; 2.7002000e+01 ; 8.3142250e+01 
3.500e+01 ; 8.000e-01 ; 1.200e+00 ; 2.7003000e+01 ; 8.3141388e+01 
3.500e+01 ; 8.000e-01 ; 1.200e+00 ; 2.7005000e+01 ; 8.3139648e+01 
3.500e+01 ; 8.000e-01 ; 1.200e+00 ; 2.7009000e+01 ; 8.3136177e+01 
3.500e+01 ; 8.000e-01 ; 1.200e+00 ; 2.7017000e+01 ; 8.3129257e+01 
3.500e+01 ; 8.000e-01 ; 1.200e+00 ; 2.7033000e+01 ; 8.3115479e+01 
3.500e+01 ; 8.000e-01 ; 1.200e+00 ; 2.7065000e+01 ; 8.3088142e+01 
3.500e+01 ; 8.000e-01 ; 1.200e+00 ; 2.7129000e+01 ; 8.3034416e+01 
3.500e+01 ; 8.000e-01 ; 1.200e+00 ; 2.7257000e+01 ; 8.2930557e+01 
3.500e+01 ; 8.000e-01 ; 1.200e+00 ; 2.7513000e+01 ; 8.2736290e+01 
3.500e+01 ; 8.000e-01 ; 1.200e+00 ; 2.8000000e+01 ; 8.2409798e+01 
3.500e+01 ; 8.000e-01 ; 1.200e+00 ; 2.8000000e+01 ; 8.2409798e+01 
3.500e+01 ; 8.000e-01 ; 1.200e+00 ; 2.8001000e+01 ; 8.2409126e+01 
3.500e+01 ; 8.000e-01 ; 1.200e+00 ; 2.8002000e+01 ; 8.2408463e+01 
3.500e+01 ; 8.000e-01 ; 1.200e+00 ; 2.8003000e+01 ; 8.2407791e+01 
3.500e+01 ; 8.000e-01 ; 1.200e+00 ; 2.8005000e+01 ; 8.2406448e+01 
3.500e+01 ; 8.000e-01 ; 1.200e+00 ; 2.8009000e+01 ; 8.2403778e+01 
3.500e+01 ; 8.000e-01 ; 1.200e+00 ; 2.8017000e+01 ; 8.2398438e+01 
3.500e+01 ; 8.000e-01 ; 1.200e+00 ; 2.8033000e+01 ; 8.2387802e+01 
3.500e+01 ; 8.000e-01 ; 1.200e+00 ; 2.8065000e+01 ; 8.2366722e+01 
3.500e+01 ; 8.000e-01 ; 1.200e+00 ; 2.8129000e+01 ; 8.2325287e+01 
3.500e+01 ; 8.000e-01 ; 1.200e+00 ; 2.8257000e+01 ; 8.2245178e+01 
3.500e+01 ; 8.000e-01 ; 1.200e+00 ; 2.8513000e+01 ; 8.2095352e+01 
3.500e+01 ; 8.000e-01 ; 1.200e+00 ; 2.9000000e+01 ; 8.1843567e+01 
3.500e+01 ; 8.000e-01 ; 1.200e+00 ; 2.9000000e+01 ; 8.1843567e+01 
3.500e+01 ; 8.000e-01 ; 1.200e+00 ; 2.9001000e+01 ; 8.1843056e+01 
3.500e+01 ; 8.000e-01 ; 1.200e+00 ; 2.9002000e+01 ; 8.1842537e+01 
3.500e+01 ; 8.000e-01 ; 1.200e+00 ; 2.9003000e+01 ; 8.1842018e+01 
3.500e+01 ; 8.000e-01 ; 1.200e+00 ; 2.9005000e+01 ; 8.1840988e+01 
3.500e+01 ; 8.000e-01 ; 1.200e+00 ; 2.9009000e+01 ; 8.1838921e+01 
3.500e+01 ; 8.000e-01 ; 1.200e+00 ; 2.9017000e+01 ; 8.1834808e+01 
3.500e+01 ; 8.000e-01 ; 1.200e+00 ; 2.9033000e+01 ; 8.1826607e+01 
3.500e+01 ; 8.000e-01 ; 1.200e+00 ; 2.9065000e+01 ; 8.1810349e+01 
3.500e+01 ; 8.000e-01 ; 1.200e+00 ; 2.9129000e+01 ; 8.1778397e+01 
3.500e+01 ; 8.000e-01 ; 1.200e+00 ; 2.9257000e+01 ; 8.1716621e+01 
3.500e+01 ; 8.000e-01 ; 1.200e+00 ; 2.9513000e+01 ; 8.1601097e+01 
3.500e+01 ; 8.000e-01 ; 1.200e+00 ; 3.0000000e+01 ; 8.1406967e+01 
3.500e+01 ; 8.000e-01 ; 1.200e+00 ; 3.0000000e+01 ; 8.1406967e+01 
3.500e+01 ; 8.000e-01 ; 1.200e+00 ; 3.0001000e+01 ; 8.1406570e+01 
3.500e+01 ; 8.000e-01 ; 1.200e+00 ; 3.0002000e+01 ; 8.1406174e+01 
3.500e+01 ; 8.000e-01 ; 1.200e+00 ; 3.0003000e+01 ; 8.1405769e+01 
3.500e+01 ; 8.000e-01 ; 1.200e+00 ; 3.0005000e+01 ; 8.1404976e+01 
3.500e+01 ; 8.000e-01 ; 1.200e+00 ; 3.0009000e+01 ; 8.1403389e+01 
3.500e+01 ; 8.000e-01 ; 1.200e+00 ; 3.0017000e+01 ; 8.1400215e+01 
3.500e+01 ; 8.000e-01 ; 1.200e+00 ; 3.0033000e+01 ; 8.1393890e+01 
3.500e+01 ; 8.000e-01 ; 1.200e+00 ; 3.0065000e+01 ; 8.1381355e+01 
3.500e+01 ; 8.000e-01 ; 1.200e+00 ; 3.0129000e+01 ; 8.1356720e+01 
3.500e+01 ; 8.000e-01 ; 1.200e+00 ; 3.0257000e+01 ; 8.1309090e+01 
3.500e+01 ; 8.000e-01 ; 1.200e+00 ; 3.0513000e+01 ; 8.1220032e+01 
3.500e+01 ; 8.000e-01 ; 1.200e+00 ; 3.1000000e+01 ; 8.1070389e+01 
3.500e+01 ; 8.000e-01 ; 1.200e+00 ; 3.1000000e+01 ; 8.1070389e+01 
3.500e+01 ; 8.000e-01 ; 1.200e+00 ; 3.1001000e+01 ; 8.1074936e+01 
3.500e+01 ; 8.000e-01 ; 1.200e+00 ; 3.1002000e+01 ; 8.1079536e+01 
3.500e+01 ; 8.000e-01 ; 1.200e+00 ; 3.1003000e+01 ; 8.1084198e+01 
3.500e+01 ; 8.000e-01 ; 1.200e+00 ; 3.1005000e+01 ; 8.1093727e+01 
3.500e+01 ; 8.000e-01 ; 1.200e+00 ; 3.1009000e+01 ; 8.1113647e+01 
3.500e+01 ; 8.000e-01 ; 1.200e+00 ; 3.1017000e+01 ; 8.1156807e+01 
3.500e+01 ; 8.000e-01 ; 1.200e+00 ; 3.1033000e+01 ; 8.1255775e+01 
3.500e+01 ; 8.000e-01 ; 1.200e+00 ; 3.1065000e+01 ; 8.1499550e+01 
3.500e+01 ; 8.000e-01 ; 1.200e+00 ; 3.1129000e+01 ; 8.2136543e+01 
3.500e+01 ; 8.000e-01 ; 1.200e+00 ; 3.1257000e+01 ; 8.3797951e+01 
3.500e+01 ; 8.000e-01 ; 1.200e+00 ; 3.1513000e+01 ; 8.7638382e+01 
3.500e+01 ; 8.000e-01 ; 1.200e+00 ; 3.2000000e+01 ; 9.3942039e+01 
3.500e+01 ; 8.000e-01 ; 1.200e+00 ; 3.2000000e+01 ; 9.3942039e+01 
3.500e+01 ; 8.000e-01 ; 1.200e+00 ; 3.2001000e+01 ; 9.3959206e+01 
3.500e+01 ; 8.000e-01 ; 1.200e+00 ; 3.2002000e+01 ; 9.3976372e+01 
3.500e+01 ; 8.000e-01 ; 1.200e+00 ; 3.2003000e+01 ; 9.3993530e+01 
3.500e+01 ; 8.000e-01 ; 1.200e+00 ; 3.2005000e+01 ; 9.4027824e+01 
3.500e+01 ; 8.000e-01 ; 1.200e+00 ; 3.2009000e+01 ; 9.4096352e+01 
3.500e+01 ; 8.000e-01 ; 1.200e+00 ; 3.2017000e+01 ; 9.4233101e+01 
3.500e+01 ; 8.000e-01 ; 1.200e+00 ; 3.2033000e+01 ; 9.4505310e+01 
3.500e+01 ; 8.000e-01 ; 1.200e+00 ; 3.2065000e+01 ; 9.5043869e+01 
3.500e+01 ; 8.000e-01 ; 1.200e+00 ; 3.2129000e+01 ; 9.6092972e+01 
3.500e+01 ; 8.000e-01 ; 1.200e+00 ; 3.2257000e+01 ; 9.8052879e+01 
3.500e+01 ; 8.000e-01 ; 1.200e+00 ; 3.2513000e+01 ; 1.0132538e+02 
3.500e+01 ; 8.000e-01 ; 1.200e+00 ; 3.3000000e+01 ; 1.0526958e+02 
3.500e+01 ; 8.000e-01 ; 1.200e+00 ; 3.3000000e+01 ; 1.0526958e+02 
3.500e+01 ; 8.000e-01 ; 1.200e+00 ; 3.3001000e+01 ; 1.0527766e+02 
3.500e+01 ; 8.000e-01 ; 1.200e+00 ; 3.3002000e+01 ; 1.0528572e+02 
3.500e+01 ; 8.000e-01 ; 1.200e+00 ; 3.3003000e+01 ; 1.0529376e+02 
3.500e+01 ; 8.000e-01 ; 1.200e+00 ; 3.3005000e+01 ; 1.0530978e+02 
3.500e+01 ; 8.000e-01 ; 1.200e+00 ; 3.3009000e+01 ; 1.0534155e+02 
3.500e+01 ; 8.000e-01 ; 1.200e+00 ; 3.3017000e+01 ; 1.0540396e+02 
3.500e+01 ; 8.000e-01 ; 1.200e+00 ; 3.3033000e+01 ; 1.0552444e+02 
3.500e+01 ; 8.000e-01 ; 1.200e+00 ; 3.3065000e+01 ; 1.0574878e+02 
3.500e+01 ; 8.000e-01 ; 1.200e+00 ; 3.3129000e+01 ; 1.0613652e+02 
3.500e+01 ; 8.000e-01 ; 1.200e+00 ; 3.3257000e+01 ; 1.0670658e+02 
3.500e+01 ; 8.000e-01 ; 1.200e+00 ; 3.3513000e+01 ; 1.0725542e+02 
3.500e+01 ; 8.000e-01 ; 1.200e+00 ; 3.4000000e+01 ; 1.0711633e+02 
3.500e+01 ; 8.000e-01 ; 1.200e+00 ; 3.4000000e+01 ; 1.0711633e+02 
3.500e+01 ; 8.000e-01 ; 1.200e+00 ; 3.4001000e+01 ; 1.0711604e+02 
3.500e+01 ; 8.000e-01 ; 1.200e+00 ; 3.4002000e+01 ; 1.0711574e+02 
3.500e+01 ; 8.000e-01 ; 1.200e+00 ; 3.4003000e+01 ; 1.0711544e+02 
3.500e+01 ; 8.000e-01 ; 1.200e+00 ; 3.4005000e+01 ; 1.0711481e+02 
3.500e+01 ; 8.000e-01 ; 1.200e+00 ; 3.4009000e+01 ; 1.0711349e+02 
3.500e+01 ; 8.000e-01 ; 1.200e+00 ; 3.4017000e+01 ; 1.0711055e+02 
3.500e+01 ; 8.000e-01 ; 1.200e+00 ; 3.4033000e+01 ; 1.0710344e+02 
3.500e+01 ; 8.000e-01 ; 1.200e+00 ; 3.4065000e+01 ; 1.0708463e+02 
3.500e+01 ; 8.000e-01 ; 1.200e+00 ; 3.4129000e+01 ; 1.0703052e+02 
3.500e+01 ; 8.000e-01 ; 1.200e+00 ; 3.4257000e+01 ; 1.0686868e+02 
3.500e+01 ; 8.000e-01 ; 1.200e+00 ; 3.4513000e+01 ; 1.0640253e+02 
3.500e+01 ; 8.000e-01 ; 1.200e+00 ; 3.5000000e+01 ; 1.0528210e+02 
3.500e+01 ; 8.000e-01 ; 1.200e+00 ; 3.5000000e+01 ; 1.0528210e+02 
3.500e+01 ; 8.000e-01 ; 1.200e+00 ; 3.5001000e+01 ; 1.0527980e+02 
3.500e+01 ; 8.000e-01 ; 1.200e+00 ; 3.5002000e+01 ; 1.0527750e+02 
3.500e+01 ; 8.000e-01 ; 1.200e+00 ; 3.5003000e+01 ; 1.0527519e+02 
3.500e+01 ; 8.000e-01 ; 1.200e+00 ; 3.5005000e+01 ; 1.0527058e+02 
3.500e+01 ; 8.000e-01 ; 1.200e+00 ; 3.5009000e+01 ; 1.0526134e+02 
3.500e+01 ; 8.000e-01 ; 1.200e+00 ; 3.5017000e+01 ; 1.0524281e+02 
3.500e+01 ; 8.000e-01 ; 1.200e+00 ; 3.5033000e+01 ; 1.0520551e+02 
3.500e+01 ; 8.000e-01 ; 1.200e+00 ; 3.5065000e+01 ; 1.0513004e+02 
3.500e+01 ; 8.000e-01 ; 1.200e+00 ; 3.5129000e+01 ; 1.0497620e+02 
3.500e+01 ; 8.000e-01 ; 1.200e+00 ; 3.5257000e+01 ; 1.0466032e+02 
3.500e+01 ; 8.000e-01 ; 1.200e+00 ; 3.5513000e+01 ; 1.0401479e+02 
3.500e+01 ; 8.000e-01 ; 1.200e+00 ; 3.6000000e+01 ; 1.0280534e+02 
3.500e+01 ; 8.000e-01 ; 1.200e+00 ; 3.6000000e+01 ; 1.0280534e+02 
3.500e+01 ; 8.000e-01 ; 1.200e+00 ; 3.6001000e+01 ; 1.0280286e+02 
3.500e+01 ; 8.000e-01 ; 1.200e+00 ; 3.6002000e+01 ; 1.0280038e+02 
3.500e+01 ; 8.000e-01 ; 1.200e+00 ; 3.6003000e+01 ; 1.0279790e+02 
3.500e+01 ; 8.000e-01 ; 1.200e+00 ; 3.6005000e+01 ; 1.0279293e+02 
3.500e+01 ; 8.000e-01 ; 1.200e+00 ; 3.6009000e+01 ; 1.0278300e+02 
3.500e+01 ; 8.000e-01 ; 1.200e+00 ; 3.6017000e+01 ; 1.0276315e+02 
3.500e+01 ; 8.000e-01 ; 1.200e+00 ; 3.6033000e+01 ; 1.0272346e+02 
3.500e+01 ; 8.000e-01 ; 1.200e+00 ; 3.6065000e+01 ; 1.0264420e+02 
3.500e+01 ; 8.000e-01 ; 1.200e+00 ; 3.6129000e+01 ; 1.0248627e+02 
3.500e+01 ; 8.000e-01 ; 1.200e+00 ; 3.6257000e+01 ; 1.0217354e+02 
3.500e+01 ; 8.000e-01 ; 1.200e+00 ; 3.6513000e+01 ; 1.0156454e+02 
3.500e+01 ; 8.000e-01 ; 1.200e+00 ; 3.7000000e+01 ; 1.0047638e+02 
3.500e+01 ; 8.000e-01 ; 1.200e+00 ; 3.7000000e+01 ; 1.0047638e+02 
3.500e+01 ; 8.000e-01 ; 1.200e+00 ; 3.7001000e+01 ; 1.0047414e+02 
3.500e+01 ; 8.000e-01 ; 1.200e+00 ; 3.7002000e+01 ; 1.0047192e+02 
3.500e+01 ; 8.000e-01 ; 1.200e+00 ; 3.7003000e+01 ; 1.0046968e+02 
3.500e+01 ; 8.000e-01 ; 1.200e+00 ; 3.7005000e+01 ; 1.0046521e+02 
3.500e+01 ; 8.000e-01 ; 1.200e+00 ; 3.7009000e+01 ; 1.0045628e+02 
3.500e+01 ; 8.000e-01 ; 1.200e+00 ; 3.7017000e+01 ; 1.0043845e+02 
3.500e+01 ; 8.000e-01 ; 1.200e+00 ; 3.7033000e+01 ; 1.0040285e+02 
3.500e+01 ; 8.000e-01 ; 1.200e+00 ; 3.7065000e+01 ; 1.0033199e+02 
3.500e+01 ; 8.000e-01 ; 1.200e+00 ; 3.7129000e+01 ; 1.0019148e+02 
3.500e+01 ; 8.000e-01 ; 1.200e+00 ; 3.7257000e+01 ; 9.9915573e+01 
3.500e+01 ; 8.000e-01 ; 1.200e+00 ; 3.7513000e+01 ; 9.9384216e+01 
3.500e+01 ; 8.000e-01 ; 1.200e+00 ; 3.8000000e+01 ; 9.8444496e+01 
3.500e+01 ; 8.000e-01 ; 1.200e+00 ; 3.8000000e+01 ; 9.8444496e+01 
3.500e+01 ; 8.000e-01 ; 1.200e+00 ; 3.8001000e+01 ; 9.8442566e+01 
3.500e+01 ; 8.000e-01 ; 1.200e+00 ; 3.8002000e+01 ; 9.8440636e+01 
3.500e+01 ; 8.000e-01 ; 1.200e+00 ; 3.8003000e+01 ; 9.8438713e+01 
3.500e+01 ; 8.000e-01 ; 1.200e+00 ; 3.8005000e+01 ; 9.8434853e+01 
3.500e+01 ; 8.000e-01 ; 1.200e+00 ; 3.8009000e+01 ; 9.8427147e+01 
3.500e+01 ; 8.000e-01 ; 1.200e+00 ; 3.8017000e+01 ; 9.8411751e+01 
3.500e+01 ; 8.000e-01 ; 1.200e+00 ; 3.8033000e+01 ; 9.8381035e+01 
3.500e+01 ; 8.000e-01 ; 1.200e+00 ; 3.8065000e+01 ; 9.8319908e+01 
3.500e+01 ; 8.000e-01 ; 1.200e+00 ; 3.8129000e+01 ; 9.8198868e+01 
3.500e+01 ; 8.000e-01 ; 1.200e+00 ; 3.8257000e+01 ; 9.7961563e+01 
3.500e+01 ; 8.000e-01 ; 1.200e+00 ; 3.8513000e+01 ; 9.7505348e+01 
3.500e+01 ; 8.000e-01 ; 1.200e+00 ; 3.9000000e+01 ; 9.6699005e+01 
3.500e+01 ; 8.000e-01 ; 1.200e+00 ; 3.9000000e+01 ; 9.6699005e+01 
3.500e+01 ; 8.000e-01 ; 1.200e+00 ; 3.9001000e+01 ; 9.6697350e+01 
3.500e+01 ; 8.000e-01 ; 1.200e+00 ; 3.9002000e+01 ; 9.6695694e+01 
3.500e+01 ; 8.000e-01 ; 1.200e+00 ; 3.9003000e+01 ; 9.6694038e+01 
3.500e+01 ; 8.000e-01 ; 1.200e+00 ; 3.9005000e+01 ; 9.6690727e+01 
3.500e+01 ; 8.000e-01 ; 1.200e+00 ; 3.9009000e+01 ; 9.6684120e+01 
3.500e+01 ; 8.000e-01 ; 1.200e+00 ; 3.9017000e+01 ; 9.6670906e+01 
3.500e+01 ; 8.000e-01 ; 1.200e+00 ; 3.9033000e+01 ; 9.6644554e+01 
3.500e+01 ; 8.000e-01 ; 1.200e+00 ; 3.9065000e+01 ; 9.6592102e+01 
3.500e+01 ; 8.000e-01 ; 1.200e+00 ; 3.9129000e+01 ; 9.6488243e+01 
3.500e+01 ; 8.000e-01 ; 1.200e+00 ; 3.9257000e+01 ; 9.6284599e+01 
3.500e+01 ; 8.000e-01 ; 1.200e+00 ; 3.9513000e+01 ; 9.5892845e+01 
3.500e+01 ; 8.000e-01 ; 1.200e+00 ; 4.0000000e+01 ; 9.5199287e+01 
3.500e+01 ; 8.000e-01 ; 1.200e+00 ; 4.0000000e+01 ; 9.5199287e+01 
3.500e+01 ; 8.000e-01 ; 1.200e+00 ; 4.0001000e+01 ; 9.5197861e+01 
3.500e+01 ; 8.000e-01 ; 1.200e+00 ; 4.0002000e+01 ; 9.5196434e+01 
3.500e+01 ; 8.000e-01 ; 1.200e+00 ; 4.0003000e+01 ; 9.5195015e+01 
3.500e+01 ; 8.000e-01 ; 1.200e+00 ; 4.0005000e+01 ; 9.5192169e+01 
3.500e+01 ; 8.000e-01 ; 1.200e+00 ; 4.0009000e+01 ; 9.5186478e+01 
3.500e+01 ; 8.000e-01 ; 1.200e+00 ; 4.0017000e+01 ; 9.5175117e+01 
3.500e+01 ; 8.000e-01 ; 1.200e+00 ; 4.0033000e+01 ; 9.5152443e+01 
3.500e+01 ; 8.000e-01 ; 1.200e+00 ; 4.0065000e+01 ; 9.5107323e+01 
3.500e+01 ; 8.000e-01 ; 1.200e+00 ; 4.0129000e+01 ; 9.5017944e+01 
3.500e+01 ; 8.000e-01 ; 1.200e+00 ; 4.0257000e+01 ; 9.4842613e+01 
3.500e+01 ; 8.000e-01 ; 1.200e+00 ; 4.0513000e+01 ; 9.4504982e+01 
3.500e+01 ; 8.000e-01 ; 1.200e+00 ; 4.1000000e+01 ; 9.3906212e+01 
3.500e+01 ; 8.000e-01 ; 1.200e+00 ; 4.1000000e+01 ; 9.3906212e+01 
3.500e+01 ; 8.000e-01 ; 1.200e+00 ; 4.1001000e+01 ; 9.3904984e+01 
3.500e+01 ; 8.000e-01 ; 1.200e+00 ; 4.1002000e+01 ; 9.3903755e+01 
3.500e+01 ; 8.000e-01 ; 1.200e+00 ; 4.1003000e+01 ; 9.3902519e+01 
3.500e+01 ; 8.000e-01 ; 1.200e+00 ; 4.1005000e+01 ; 9.3900063e+01 
3.500e+01 ; 8.000e-01 ; 1.200e+00 ; 4.1009000e+01 ; 9.3895157e+01 
3.500e+01 ; 8.000e-01 ; 1.200e+00 ; 4.1017000e+01 ; 9.3885345e+01 
3.500e+01 ; 8.000e-01 ; 1.200e+00 ; 4.1033000e+01 ; 9.3865768e+01 
3.500e+01 ; 8.000e-01 ; 1.200e+00 ; 4.1065000e+01 ; 9.3826805e+01 
3.500e+01 ; 8.000e-01 ; 1.200e+00 ; 4.1129000e+01 ; 9.3749603e+01 
3.500e+01 ; 8.000e-01 ; 1.200e+00 ; 4.1257000e+01 ; 9.3598091e+01 
3.500e+01 ; 8.000e-01 ; 1.200e+00 ; 4.1513000e+01 ; 9.3306084e+01 
3.500e+01 ; 8.000e-01 ; 1.200e+00 ; 4.2000000e+01 ; 9.2787544e+01 
3.500e+01 ; 8.000e-01 ; 1.200e+00 ; 4.2000000e+01 ; 9.2787544e+01 
3.500e+01 ; 8.000e-01 ; 1.200e+00 ; 4.2001000e+01 ; 9.2786476e+01 
3.500e+01 ; 8.000e-01 ; 1.200e+00 ; 4.2002000e+01 ; 9.2785416e+01 
3.500e+01 ; 8.000e-01 ; 1.200e+00 ; 4.2003000e+01 ; 9.2784348e+01 
3.500e+01 ; 8.000e-01 ; 1.200e+00 ; 4.2005000e+01 ; 9.2782219e+01 
3.500e+01 ; 8.000e-01 ; 1.200e+00 ; 4.2009000e+01 ; 9.2777969e+01 
3.500e+01 ; 8.000e-01 ; 1.200e+00 ; 4.2017000e+01 ; 9.2769470e+01 
3.500e+01 ; 8.000e-01 ; 1.200e+00 ; 4.2033000e+01 ; 9.2752518e+01 
3.500e+01 ; 8.000e-01 ; 1.200e+00 ; 4.2065000e+01 ; 9.2718765e+01 
3.500e+01 ; 8.000e-01 ; 1.200e+00 ; 4.2129000e+01 ; 9.2651886e+01 
3.500e+01 ; 8.000e-01 ; 1.200e+00 ; 4.2257000e+01 ; 9.2520576e+01 
3.500e+01 ; 8.000e-01 ; 1.200e+00 ; 4.2513000e+01 ; 9.2267372e+01 
3.500e+01 ; 8.000e-01 ; 1.200e+00 ; 4.3000000e+01 ; 9.1817314e+01 
3.500e+01 ; 8.000e-01 ; 1.200e+00 ; 4.3000000e+01 ; 9.1817314e+01 
3.500e+01 ; 8.000e-01 ; 1.200e+00 ; 4.3001000e+01 ; 9.1816391e+01 
3.500e+01 ; 8.000e-01 ; 1.200e+00 ; 4.3002000e+01 ; 9.1815468e+01 
3.500e+01 ; 8.000e-01 ; 1.200e+00 ; 4.3003000e+01 ; 9.1814545e+01 
3.500e+01 ; 8.000e-01 ; 1.200e+00 ; 4.3005000e+01 ; 9.1812698e+01 
3.500e+01 ; 8.000e-01 ; 1.200e+00 ; 4.3009000e+01 ; 9.1809006e+01 
3.500e+01 ; 8.000e-01 ; 1.200e+00 ; 4.3017000e+01 ; 9.1801628e+01 
3.500e+01 ; 8.000e-01 ; 1.200e+00 ; 4.3033000e+01 ; 9.1786919e+01 
3.500e+01 ; 8.000e-01 ; 1.200e+00 ; 4.3065000e+01 ; 9.1757622e+01 
3.500e+01 ; 8.000e-01 ; 1.200e+00 ; 4.3129000e+01 ; 9.1699562e+01 
3.500e+01 ; 8.000e-01 ; 1.200e+00 ; 4.3257000e+01 ; 9.1585541e+01 
3.500e+01 ; 8.000e-01 ; 1.200e+00 ; 4.3513000e+01 ; 9.1365585e+01 
3.500e+01 ; 8.000e-01 ; 1.200e+00 ; 4.4000000e+01 ; 9.0974396e+01 
3.500e+01 ; 8.000e-01 ; 1.200e+00 ; 4.4000000e+01 ; 9.0974396e+01 
3.500e+01 ; 8.000e-01 ; 1.200e+00 ; 4.4001000e+01 ; 9.0973595e+01 
3.500e+01 ; 8.000e-01 ; 1.200e+00 ; 4.4002000e+01 ; 9.0972794e+01 
3.500e+01 ; 8.000e-01 ; 1.200e+00 ; 4.4003000e+01 ; 9.0971985e+01 
3.500e+01 ; 8.000e-01 ; 1.200e+00 ; 4.4005000e+01 ; 9.0970383e+01 
3.500e+01 ; 8.000e-01 ; 1.200e+00 ; 4.4009000e+01 ; 9.0967171e+01 
3.500e+01 ; 8.000e-01 ; 1.200e+00 ; 4.4017000e+01 ; 9.0960762e+01 
3.500e+01 ; 8.000e-01 ; 1.200e+00 ; 4.4033000e+01 ; 9.0947968e+01 
3.500e+01 ; 8.000e-01 ; 1.200e+00 ; 4.4065000e+01 ; 9.0922501e+01 
3.500e+01 ; 8.000e-01 ; 1.200e+00 ; 4.4129000e+01 ; 9.0872032e+01 
3.500e+01 ; 8.000e-01 ; 1.200e+00 ; 4.4257000e+01 ; 9.0772896e+01 
3.500e+01 ; 8.000e-01 ; 1.200e+00 ; 4.4513000e+01 ; 9.0581604e+01 
3.500e+01 ; 8.000e-01 ; 1.200e+00 ; 4.5000000e+01 ; 9.0241257e+01 
3.500e+01 ; 8.000e-01 ; 1.200e+00 ; 4.5000000e+01 ; 9.0241257e+01 
3.500e+01 ; 8.000e-01 ; 1.200e+00 ; 4.5001000e+01 ; 9.0240562e+01 
3.500e+01 ; 8.000e-01 ; 1.200e+00 ; 4.5002000e+01 ; 9.0239861e+01 
3.500e+01 ; 8.000e-01 ; 1.200e+00 ; 4.5003000e+01 ; 9.0239159e+01 
3.500e+01 ; 8.000e-01 ; 1.200e+00 ; 4.5005000e+01 ; 9.0237762e+01 
3.500e+01 ; 8.000e-01 ; 1.200e+00 ; 4.5009000e+01 ; 9.0234970e+01 
3.500e+01 ; 8.000e-01 ; 1.200e+00 ; 4.5017000e+01 ; 9.0229393e+01 
3.500e+01 ; 8.000e-01 ; 1.200e+00 ; 4.5033000e+01 ; 9.0218269e+01 
3.500e+01 ; 8.000e-01 ; 1.200e+00 ; 4.5065000e+01 ; 9.0196106e+01 
3.500e+01 ; 8.000e-01 ; 1.200e+00 ; 4.5129000e+01 ; 9.0152191e+01 
3.500e+01 ; 8.000e-01 ; 1.200e+00 ; 4.5257000e+01 ; 9.0065926e+01 
3.500e+01 ; 8.000e-01 ; 1.200e+00 ; 4.5513000e+01 ; 8.9899437e+01 
3.500e+01 ; 8.000e-01 ; 1.200e+00 ; 4.6000000e+01 ; 8.9603142e+01 
3.500e+01 ; 8.000e-01 ; 1.200e+00 ; 4.6000000e+01 ; 8.9603142e+01 
3.500e+01 ; 8.000e-01 ; 1.200e+00 ; 4.6001000e+01 ; 8.9602539e+01 
3.500e+01 ; 8.000e-01 ; 1.200e+00 ; 4.6002000e+01 ; 8.9601929e+01 
3.500e+01 ; 8.000e-01 ; 1.200e+00 ; 4.6003000e+01 ; 8.9601326e+01 
3.500e+01 ; 8.000e-01 ; 1.200e+00 ; 4.6005000e+01 ; 8.9600121e+01 
3.500e+01 ; 8.000e-01 ; 1.200e+00 ; 4.6009000e+01 ; 8.9597748e+01 
3.500e+01 ; 8.000e-01 ; 1.200e+00 ; 4.6017000e+01 ; 8.9593094e+01 
3.500e+01 ; 8.000e-01 ; 1.200e+00 ; 4.6033000e+01 ; 8.9584282e+01 
3.500e+01 ; 8.000e-01 ; 1.200e+00 ; 4.6065000e+01 ; 8.9569031e+01 
3.500e+01 ; 8.000e-01 ; 1.200e+00 ; 4.6129000e+01 ; 8.9550438e+01 
3.500e+01 ; 8.000e-01 ; 1.200e+00 ; 4.6257000e+01 ; 8.9570915e+01 
3.500e+01 ; 8.000e-01 ; 1.200e+00 ; 4.6513000e+01 ; 8.9840981e+01 
3.500e+01 ; 8.000e-01 ; 1.200e+00 ; 4.7000000e+01 ; 9.0873833e+01 
3.500e+01 ; 8.000e-01 ; 1.200e+00 ; 4.7000000e+01 ; 9.0873833e+01 
3.500e+01 ; 8.000e-01 ; 1.200e+00 ; 4.7001000e+01 ; 9.0875961e+01 
3.500e+01 ; 8.000e-01 ; 1.200e+00 ; 4.7002000e+01 ; 9.0878090e+01 
3.500e+01 ; 8.000e-01 ; 1.200e+00 ; 4.7003000e+01 ; 9.0880219e+01 
3.500e+01 ; 8.000e-01 ; 1.200e+00 ; 4.7005000e+01 ; 9.0884491e+01 
3.500e+01 ; 8.000e-01 ; 1.200e+00 ; 4.7009000e+01 ; 9.0893082e+01 
3.500e+01 ; 8.000e-01 ; 1.200e+00 ; 4.7017000e+01 ; 9.0910469e+01 
3.500e+01 ; 8.000e-01 ; 1.200e+00 ; 4.7033000e+01 ; 9.0946022e+01 
3.500e+01 ; 8.000e-01 ; 1.200e+00 ; 4.7065000e+01 ; 9.1020164e+01 
3.500e+01 ; 8.000e-01 ; 1.200e+00 ; 4.7129000e+01 ; 9.1179848e+01 
3.500e+01 ; 8.000e-01 ; 1.200e+00 ; 4.7257000e+01 ; 9.1538315e+01 
3.500e+01 ; 8.000e-01 ; 1.200e+00 ; 4.7513000e+01 ; 9.2357422e+01 
3.500e+01 ; 8.000e-01 ; 1.200e+00 ; 4.8000000e+01 ; 9.3990128e+01 
3.500e+01 ; 8.000e-01 ; 1.200e+00 ; 4.8000000e+01 ; 9.3990128e+01 
3.500e+01 ; 8.000e-01 ; 1.200e+00 ; 4.8001000e+01 ; 9.3993484e+01 
3.500e+01 ; 8.000e-01 ; 1.200e+00 ; 4.8002000e+01 ; 9.3996841e+01 
3.500e+01 ; 8.000e-01 ; 1.200e+00 ; 4.8003000e+01 ; 9.4000191e+01 
3.500e+01 ; 8.000e-01 ; 1.200e+00 ; 4.8005000e+01 ; 9.4006905e+01 
3.500e+01 ; 8.000e-01 ; 1.200e+00 ; 4.8009000e+01 ; 9.4020332e+01 
3.500e+01 ; 8.000e-01 ; 1.200e+00 ; 4.8017000e+01 ; 9.4047234e+01 
3.500e+01 ; 8.000e-01 ; 1.200e+00 ; 4.8033000e+01 ; 9.4101158e+01 
3.500e+01 ; 8.000e-01 ; 1.200e+00 ; 4.8065000e+01 ; 9.4209419e+01 
3.500e+01 ; 8.000e-01 ; 1.200e+00 ; 4.8129000e+01 ; 9.4426811e+01 
3.500e+01 ; 8.000e-01 ; 1.200e+00 ; 4.8257000e+01 ; 9.4859909e+01 
3.500e+01 ; 8.000e-01 ; 1.200e+00 ; 4.8513000e+01 ; 9.5689545e+01 
3.500e+01 ; 8.000e-01 ; 1.200e+00 ; 4.9000000e+01 ; 9.7033646e+01 
3.500e+01 ; 8.000e-01 ; 1.200e+00 ; 4.9000000e+01 ; 9.7033646e+01 
3.500e+01 ; 8.000e-01 ; 1.200e+00 ; 4.9001000e+01 ; 9.7036407e+01 
3.500e+01 ; 8.000e-01 ; 1.200e+00 ; 4.9002000e+01 ; 9.7039162e+01 
3.500e+01 ; 8.000e-01 ; 1.200e+00 ; 4.9003000e+01 ; 9.7041924e+01 
3.500e+01 ; 8.000e-01 ; 1.200e+00 ; 4.9005000e+01 ; 9.7047432e+01 
3.500e+01 ; 8.000e-01 ; 1.200e+00 ; 4.9009000e+01 ; 9.7058434e+01 
3.500e+01 ; 8.000e-01 ; 1.200e+00 ; 4.9017000e+01 ; 9.7080376e+01 
3.500e+01 ; 8.000e-01 ; 1.200e+00 ; 4.9033000e+01 ; 9.7124001e+01 
3.500e+01 ; 8.000e-01 ; 1.200e+00 ; 4.9065000e+01 ; 9.7210129e+01 
3.500e+01 ; 8.000e-01 ; 1.200e+00 ; 4.9129000e+01 ; 9.7377678e+01 
3.500e+01 ; 8.000e-01 ; 1.200e+00 ; 4.9257000e+01 ; 9.7692314e+01 
3.500e+01 ; 8.000e-01 ; 1.200e+00 ; 4.9513000e+01 ; 9.8235611e+01 
3.500e+01 ; 8.000e-01 ; 1.200e+00 ; 5.0000000e+01 ; 9.8980507e+01 
3.500e+01 ; 8.000e-01 ; 1.200e+00 ; 5.0000000e+01 ; 9.8980507e+01 
3.500e+01 ; 8.000e-01 ; 1.200e+00 ; 5.0001000e+01 ; 9.8982033e+01 
3.500e+01 ; 8.000e-01 ; 1.200e+00 ; 5.0002000e+01 ; 9.8983559e+01 
3.500e+01 ; 8.000e-01 ; 1.200e+00 ; 5.0003000e+01 ; 9.8985085e+01 
3.500e+01 ; 8.000e-01 ; 1.200e+00 ; 5.0005000e+01 ; 9.8988129e+01 
3.500e+01 ; 8.000e-01 ; 1.200e+00 ; 5.0009000e+01 ; 9.8994209e+01 
3.500e+01 ; 8.000e-01 ; 1.200e+00 ; 5.0017000e+01 ; 9.9006279e+01 
3.500e+01 ; 8.000e-01 ; 1.200e+00 ; 5.0033000e+01 ; 9.9030113e+01 
3.500e+01 ; 8.000e-01 ; 1.200e+00 ; 5.0065000e+01 ; 9.9076546e+01 
3.500e+01 ; 8.000e-01 ; 1.200e+00 ; 5.0129000e+01 ; 9.9164566e+01 
3.500e+01 ; 8.000e-01 ; 1.200e+00 ; 5.0257000e+01 ; 9.9321953e+01 
3.500e+01 ; 8.000e-01 ; 1.200e+00 ; 5.0513000e+01 ; 9.9568962e+01 
3.500e+01 ; 8.000e-01 ; 1.200e+00 ; 5.1000000e+01 ; 9.9841248e+01 
3.500e+01 ; 8.000e-01 ; 1.200e+00 ; 5.1000000e+01 ; 9.9841248e+01 
3.500e+01 ; 8.000e-01 ; 1.200e+00 ; 5.1001000e+01 ; 9.9841805e+01 
3.500e+01 ; 8.000e-01 ; 1.200e+00 ; 5.1002000e+01 ; 9.9842361e+01 
3.500e+01 ; 8.000e-01 ; 1.200e+00 ; 5.1003000e+01 ; 9.9842918e+01 
3.500e+01 ; 8.000e-01 ; 1.200e+00 ; 5.1005000e+01 ; 9.9844025e+01 
3.500e+01 ; 8.000e-01 ; 1.200e+00 ; 5.1009000e+01 ; 9.9846230e+01 
3.500e+01 ; 8.000e-01 ; 1.200e+00 ; 5.1017000e+01 ; 9.9850594e+01 
3.500e+01 ; 8.000e-01 ; 1.200e+00 ; 5.1033000e+01 ; 9.9859100e+01 
3.500e+01 ; 8.000e-01 ; 1.200e+00 ; 5.1065000e+01 ; 9.9875298e+01 
3.500e+01 ; 8.000e-01 ; 1.200e+00 ; 5.1129000e+01 ; 9.9904488e+01 
3.500e+01 ; 8.000e-01 ; 1.200e+00 ; 5.1257000e+01 ; 9.9950928e+01 
3.500e+01 ; 8.000e-01 ; 1.200e+00 ; 5.1513000e+01 ; 1.0000217e+02 
3.500e+01 ; 8.000e-01 ; 1.200e+00 ; 5.2000000e+01 ; 9.9984093e+01 
3.500e+01 ; 8.000e-01 ; 1.200e+00 ; 5.2000000e+01 ; 9.9984093e+01 
3.500e+01 ; 8.000e-01 ; 1.200e+00 ; 5.2001000e+01 ; 9.9984055e+01 
3.500e+01 ; 8.000e-01 ; 1.200e+00 ; 5.2002000e+01 ; 9.9984016e+01 
3.500e+01 ; 8.000e-01 ; 1.200e+00 ; 5.2003000e+01 ; 9.9983978e+01 
3.500e+01 ; 8.000e-01 ; 1.200e+00 ; 5.2005000e+01 ; 9.9983894e+01 
3.500e+01 ; 8.000e-01 ; 1.200e+00 ; 5.2009000e+01 ; 9.9983727e+01 
3.500e+01 ; 8.000e-01 ; 1.200e+00 ; 5.2017000e+01 ; 9.9983368e+01 
3.500e+01 ; 8.000e-01 ; 1.200e+00 ; 5.2033000e+01 ; 9.9982521e+01 
3.500e+01 ; 8.000e-01 ; 1.200e+00 ; 5.2065000e+01 ; 9.9980347e+01 
3.500e+01 ; 8.000e-01 ; 1.200e+00 ; 5.2129000e+01 ; 9.9974152e+01 
3.500e+01 ; 8.000e-01 ; 1.200e+00 ; 5.2257000e+01 ; 9.9954971e+01 
3.500e+01 ; 8.000e-01 ; 1.200e+00 ; 5.2513000e+01 ; 9.9893387e+01 
3.500e+01 ; 8.000e-01 ; 1.200e+00 ; 5.3000000e+01 ; 9.9713699e+01 
3.500e+01 ; 8.000e-01 ; 1.200e+00 ; 5.3000000e+01 ; 9.9713699e+01 
3.500e+01 ; 8.000e-01 ; 1.200e+00 ; 5.3001000e+01 ; 9.9713333e+01 
3.500e+01 ; 8.000e-01 ; 1.200e+00 ; 5.3002000e+01 ; 9.9712959e+01 
3.500e+01 ; 8.000e-01 ; 1.200e+00 ; 5.3003000e+01 ; 9.9712593e+01 
3.500e+01 ; 8.000e-01 ; 1.200e+00 ; 5.3005000e+01 ; 9.9711853e+01 
3.500e+01 ; 8.000e-01 ; 1.200e+00 ; 5.3009000e+01 ; 9.9710365e+01 
3.500e+01 ; 8.000e-01 ; 1.200e+00 ; 5.3017000e+01 ; 9.9707382e+01 
3.500e+01 ; 8.000e-01 ; 1.200e+00 ; 5.3033000e+01 ; 9.9701340e+01 
3.500e+01 ; 8.000e-01 ; 1.200e+00 ; 5.3065000e+01 ; 9.9689003e+01 
3.500e+01 ; 8.000e-01 ; 1.200e+00 ; 5.3129000e+01 ; 9.9663338e+01 
3.500e+01 ; 8.000e-01 ; 1.200e+00 ; 5.3257000e+01 ; 9.9608398e+01 
3.500e+01 ; 8.000e-01 ; 1.200e+00 ; 5.3513000e+01 ; 9.9486458e+01 
3.500e+01 ; 8.000e-01 ; 1.200e+00 ; 5.4000000e+01 ; 9.9223244e+01 
3.500e+01 ; 8.000e-01 ; 1.200e+00 ; 5.4000000e+01 ; 9.9223244e+01 
3.500e+01 ; 8.000e-01 ; 1.200e+00 ; 5.4001000e+01 ; 9.9222702e+01 
3.500e+01 ; 8.000e-01 ; 1.200e+00 ; 5.4002000e+01 ; 9.9222168e+01 
3.500e+01 ; 8.000e-01 ; 1.200e+00 ; 5.4003000e+01 ; 9.9221626e+01 
3.500e+01 ; 8.000e-01 ; 1.200e+00 ; 5.4005000e+01 ; 9.9220543e+01 
3.500e+01 ; 8.000e-01 ; 1.200e+00 ; 5.4009000e+01 ; 9.9218376e+01 
3.500e+01 ; 8.000e-01 ; 1.200e+00 ; 5.4017000e+01 ; 9.9214035e+01 
3.500e+01 ; 8.000e-01 ; 1.200e+00 ; 5.4033000e+01 ; 9.9205315e+01 
3.500e+01 ; 8.000e-01 ; 1.200e+00 ; 5.4065000e+01 ; 9.9187759e+01 
3.500e+01 ; 8.000e-01 ; 1.200e+00 ; 5.4129000e+01 ; 9.9152153e+01 
3.500e+01 ; 8.000e-01 ; 1.200e+00 ; 5.4257000e+01 ; 9.9079201e+01 
3.500e+01 ; 8.000e-01 ; 1.200e+00 ; 5.4513000e+01 ; 9.8927658e+01 
3.500e+01 ; 8.000e-01 ; 1.200e+00 ; 5.5000000e+01 ; 9.8626152e+01 
3.500e+01 ; 8.000e-01 ; 1.200e+00 ; 5.5000000e+01 ; 9.8626152e+01 
3.500e+01 ; 8.000e-01 ; 1.200e+00 ; 5.5001000e+01 ; 9.8625534e+01 
3.500e+01 ; 8.000e-01 ; 1.200e+00 ; 5.5002000e+01 ; 9.8624916e+01 
3.500e+01 ; 8.000e-01 ; 1.200e+00 ; 5.5003000e+01 ; 9.8624298e+01 
3.500e+01 ; 8.000e-01 ; 1.200e+00 ; 5.5005000e+01 ; 9.8623055e+01 
3.500e+01 ; 8.000e-01 ; 1.200e+00 ; 5.5009000e+01 ; 9.8620575e+01 
3.500e+01 ; 8.000e-01 ; 1.200e+00 ; 5.5017000e+01 ; 9.8615616e+01 
3.500e+01 ; 8.000e-01 ; 1.200e+00 ; 5.5033000e+01 ; 9.8605682e+01 
3.500e+01 ; 8.000e-01 ; 1.200e+00 ; 5.5065000e+01 ; 9.8585762e+01 
3.500e+01 ; 8.000e-01 ; 1.200e+00 ; 5.5129000e+01 ; 9.8545715e+01 
3.500e+01 ; 8.000e-01 ; 1.200e+00 ; 5.5257000e+01 ; 9.8464958e+01 
3.500e+01 ; 8.000e-01 ; 1.200e+00 ; 5.5513000e+01 ; 9.8301491e+01 
3.500e+01 ; 8.000e-01 ; 1.200e+00 ; 5.6000000e+01 ; 9.7987572e+01 
3.500e+01 ; 8.000e-01 ; 1.200e+00 ; 5.6000000e+01 ; 9.7987572e+01 
3.500e+01 ; 8.000e-01 ; 1.200e+00 ; 5.6001000e+01 ; 9.7986931e+01 
3.500e+01 ; 8.000e-01 ; 1.200e+00 ; 5.6002000e+01 ; 9.7986282e+01 
3.500e+01 ; 8.000e-01 ; 1.200e+00 ; 5.6003000e+01 ; 9.7985641e+01 
3.500e+01 ; 8.000e-01 ; 1.200e+00 ; 5.6005000e+01 ; 9.7984352e+01 
3.500e+01 ; 8.000e-01 ; 1.200e+00 ; 5.6009000e+01 ; 9.7981773e+01 
3.500e+01 ; 8.000e-01 ; 1.200e+00 ; 5.6017000e+01 ; 9.7976608e+01 
3.500e+01 ; 8.000e-01 ; 1.200e+00 ; 5.6033000e+01 ; 9.7966293e+01 
3.500e+01 ; 8.000e-01 ; 1.200e+00 ; 5.6065000e+01 ; 9.7945641e+01 
3.500e+01 ; 8.000e-01 ; 1.200e+00 ; 5.6129000e+01 ; 9.7904312e+01 
3.500e+01 ; 8.000e-01 ; 1.200e+00 ; 5.6257000e+01 ; 9.7821579e+01 
3.500e+01 ; 8.000e-01 ; 1.200e+00 ; 5.6513000e+01 ; 9.7656273e+01 
3.500e+01 ; 8.000e-01 ; 1.200e+00 ; 5.7000000e+01 ; 9.7344704e+01 
3.500e+01 ; 8.000e-01 ; 1.200e+00 ; 5.7000000e+01 ; 9.7344704e+01 
3.500e+01 ; 8.000e-01 ; 1.200e+00 ; 5.7001000e+01 ; 9.7344063e+01 
3.500e+01 ; 8.000e-01 ; 1.200e+00 ; 5.7002000e+01 ; 9.7343422e+01 
3.500e+01 ; 8.000e-01 ; 1.200e+00 ; 5.7003000e+01 ; 9.7342789e+01 
3.500e+01 ; 8.000e-01 ; 1.200e+00 ; 5.7005000e+01 ; 9.7341507e+01 
3.500e+01 ; 8.000e-01 ; 1.200e+00 ; 5.7009000e+01 ; 9.7338951e+01 
3.500e+01 ; 8.000e-01 ; 1.200e+00 ; 5.7017000e+01 ; 9.7333832e+01 
3.500e+01 ; 8.000e-01 ; 1.200e+00 ; 5.7033000e+01 ; 9.7323601e+01 
3.500e+01 ; 8.000e-01 ; 1.200e+00 ; 5.7065000e+01 ; 9.7303154e+01 
3.500e+01 ; 8.000e-01 ; 1.200e+00 ; 5.7129000e+01 ; 9.7262329e+01 
3.500e+01 ; 8.000e-01 ; 1.200e+00 ; 5.7257000e+01 ; 9.7180939e+01 
3.500e+01 ; 8.000e-01 ; 1.200e+00 ; 5.7513000e+01 ; 9.7019524e+01 
3.500e+01 ; 8.000e-01 ; 1.200e+00 ; 5.8000000e+01 ; 9.6718590e+01 
3.500e+01 ; 8.000e-01 ; 1.200e+00 ; 5.8000000e+01 ; 9.6718590e+01 
3.500e+01 ; 8.000e-01 ; 1.200e+00 ; 5.8001000e+01 ; 9.6717972e+01 
3.500e+01 ; 8.000e-01 ; 1.200e+00 ; 5.8002000e+01 ; 9.6717354e+01 
3.500e+01 ; 8.000e-01 ; 1.200e+00 ; 5.8003000e+01 ; 9.6716736e+01 
3.500e+01 ; 8.000e-01 ; 1.200e+00 ; 5.8005000e+01 ; 9.6715508e+01 
3.500e+01 ; 8.000e-01 ; 1.200e+00 ; 5.8009000e+01 ; 9.6713036e+01 
3.500e+01 ; 8.000e-01 ; 1.200e+00 ; 5.8017000e+01 ; 9.6708092e+01 
3.500e+01 ; 8.000e-01 ; 1.200e+00 ; 5.8033000e+01 ; 9.6698219e+01 
3.500e+01 ; 8.000e-01 ; 1.200e+00 ; 5.8065000e+01 ; 9.6678505e+01 
3.500e+01 ; 8.000e-01 ; 1.200e+00 ; 5.8129000e+01 ; 9.6639175e+01 
3.500e+01 ; 8.000e-01 ; 1.200e+00 ; 5.8257000e+01 ; 9.6560989e+01 
3.500e+01 ; 8.000e-01 ; 1.200e+00 ; 5.8513000e+01 ; 9.6406616e+01 
3.500e+01 ; 8.000e-01 ; 1.200e+00 ; 5.9000000e+01 ; 9.6120804e+01 
3.500e+01 ; 8.000e-01 ; 1.200e+00 ; 5.9000000e+01 ; 9.6120804e+01 
3.500e+01 ; 8.000e-01 ; 1.200e+00 ; 5.9001000e+01 ; 9.6120216e+01 
3.500e+01 ; 8.000e-01 ; 1.200e+00 ; 5.9002000e+01 ; 9.6119629e+01 
3.500e+01 ; 8.000e-01 ; 1.200e+00 ; 5.9003000e+01 ; 9.6119041e+01 
3.500e+01 ; 8.000e-01 ; 1.200e+00 ; 5.9005000e+01 ; 9.6117867e+01 
3.500e+01 ; 8.000e-01 ; 1.200e+00 ; 5.9009000e+01 ; 9.6115524e+01 
3.500e+01 ; 8.000e-01 ; 1.200e+00 ; 5.9017000e+01 ; 9.6110832e+01 
3.500e+01 ; 8.000e-01 ; 1.200e+00 ; 5.9033000e+01 ; 9.6101456e+01 
3.500e+01 ; 8.000e-01 ; 1.200e+00 ; 5.9065000e+01 ; 9.6082748e+01 
3.500e+01 ; 8.000e-01 ; 1.200e+00 ; 5.9129000e+01 ; 9.6045464e+01 
3.500e+01 ; 8.000e-01 ; 1.200e+00 ; 5.9257000e+01 ; 9.5971458e+01 
3.500e+01 ; 8.000e-01 ; 1.200e+00 ; 5.9513000e+01 ; 9.5825768e+01 
3.500e+01 ; 8.000e-01 ; 1.200e+00 ; 6.0000000e+01 ; 9.5557243e+01 
3.500e+01 ; 8.000e-01 ; 1.200e+00 ; 6.0000000e+01 ; 9.5557243e+01 
3.500e+01 ; 8.000e-01 ; 1.200e+00 ; 6.0001000e+01 ; 9.5556694e+01 
3.500e+01 ; 8.000e-01 ; 1.200e+00 ; 6.0002000e+01 ; 9.5556145e+01 
3.500e+01 ; 8.000e-01 ; 1.200e+00 ; 6.0003000e+01 ; 9.5555595e+01 
3.500e+01 ; 8.000e-01 ; 1.200e+00 ; 6.0005000e+01 ; 9.5554489e+01 
3.500e+01 ; 8.000e-01 ; 1.200e+00 ; 6.0009000e+01 ; 9.5552284e+01 
3.500e+01 ; 8.000e-01 ; 1.200e+00 ; 6.0017000e+01 ; 9.5547882e+01 
3.500e+01 ; 8.000e-01 ; 1.200e+00 ; 6.0033000e+01 ; 9.5539078e+01 
3.500e+01 ; 8.000e-01 ; 1.200e+00 ; 6.0065000e+01 ; 9.5521507e+01 
3.500e+01 ; 8.000e-01 ; 1.200e+00 ; 6.0129000e+01 ; 9.5486519e+01 
3.500e+01 ; 8.000e-01 ; 1.200e+00 ; 6.0257000e+01 ; 9.5417152e+01 
3.500e+01 ; 8.000e-01 ; 1.200e+00 ; 6.0513000e+01 ; 9.5280861e+01 
3.500e+01 ; 8.000e-01 ; 1.200e+00 ; 6.1000000e+01 ; 9.5030426e+01 
3.500e+01 ; 8.000e-01 ; 1.200e+00 ; 6.1000000e+01 ; 9.5030426e+01 
3.500e+01 ; 8.000e-01 ; 1.200e+00 ; 6.1001000e+01 ; 9.5029915e+01 
3.500e+01 ; 8.000e-01 ; 1.200e+00 ; 6.1002000e+01 ; 9.5029396e+01 
3.500e+01 ; 8.000e-01 ; 1.200e+00 ; 6.1003000e+01 ; 9.5028885e+01 
3.500e+01 ; 8.000e-01 ; 1.200e+00 ; 6.1005000e+01 ; 9.5027855e+01 
3.500e+01 ; 8.000e-01 ; 1.200e+00 ; 6.1009000e+01 ; 9.5025803e+01 
3.500e+01 ; 8.000e-01 ; 1.200e+00 ; 6.1017000e+01 ; 9.5021690e+01 
3.500e+01 ; 8.000e-01 ; 1.200e+00 ; 6.1033000e+01 ; 9.5013489e+01 
3.500e+01 ; 8.000e-01 ; 1.200e+00 ; 6.1065000e+01 ; 9.4997154e+01 
3.500e+01 ; 8.000e-01 ; 1.200e+00 ; 6.1129000e+01 ; 9.4964981e+01 
3.500e+01 ; 8.000e-01 ; 1.200e+00 ; 6.1257000e+01 ; 9.4904404e+01 
3.500e+01 ; 8.000e-01 ; 1.200e+00 ; 6.1513000e+01 ; 9.4811058e+01 
3.500e+01 ; 8.000e-01 ; 1.200e+00 ; 6.2000000e+01 ; 9.4769646e+01 
3.500e+01 ; 8.000e-01 ; 1.200e+00 ; 6.2000000e+01 ; 9.4769646e+01 
3.500e+01 ; 8.000e-01 ; 1.200e+00 ; 6.2001000e+01 ; 9.4769562e+01 
3.500e+01 ; 8.000e-01 ; 1.200e+00 ; 6.2002000e+01 ; 9.4769478e+01 
3.500e+01 ; 8.000e-01 ; 1.200e+00 ; 6.2003000e+01 ; 9.4769394e+01 
3.500e+01 ; 8.000e-01 ; 1.200e+00 ; 6.2005000e+01 ; 9.4769234e+01 
3.500e+01 ; 8.000e-01 ; 1.200e+00 ; 6.2009000e+01 ; 9.4768913e+01 
3.500e+01 ; 8.000e-01 ; 1.200e+00 ; 6.2017000e+01 ; 9.4768311e+01 
3.500e+01 ; 8.000e-01 ; 1.200e+00 ; 6.2033000e+01 ; 9.4767258e+01 
3.500e+01 ; 8.000e-01 ; 1.200e+00 ; 6.2065000e+01 ; 9.4765778e+01 
3.500e+01 ; 8.000e-01 ; 1.200e+00 ; 6.2129000e+01 ; 9.4765419e+01 
3.500e+01 ; 8.000e-01 ; 1.200e+00 ; 6.2257000e+01 ; 9.4775734e+01 
3.500e+01 ; 8.000e-01 ; 1.200e+00 ; 6.2513000e+01 ; 9.4841621e+01 
3.500e+01 ; 8.000e-01 ; 1.200e+00 ; 6.3000000e+01 ; 9.5105942e+01 
3.500e+01 ; 8.000e-01 ; 1.200e+00 ; 6.3000000e+01 ; 9.5105942e+01 
3.500e+01 ; 8.000e-01 ; 1.200e+00 ; 6.3001000e+01 ; 9.5106483e+01 
3.500e+01 ; 8.000e-01 ; 1.200e+00 ; 6.3002000e+01 ; 9.5107025e+01 
3.500e+01 ; 8.000e-01 ; 1.200e+00 ; 6.3003000e+01 ; 9.5107574e+01 
3.500e+01 ; 8.000e-01 ; 1.200e+00 ; 6.3005000e+01 ; 9.5108665e+01 
3.500e+01 ; 8.000e-01 ; 1.200e+00 ; 6.3009000e+01 ; 9.5110855e+01 
3.500e+01 ; 8.000e-01 ; 1.200e+00 ; 6.3017000e+01 ; 9.5115280e+01 
3.500e+01 ; 8.000e-01 ; 1.200e+00 ; 6.3033000e+01 ; 9.5124268e+01 
3.500e+01 ; 8.000e-01 ; 1.200e+00 ; 6.3065000e+01 ; 9.5142845e+01 
3.500e+01 ; 8.000e-01 ; 1.200e+00 ; 6.3129000e+01 ; 9.5182312e+01 
3.500e+01 ; 8.000e-01 ; 1.200e+00 ; 6.3257000e+01 ; 9.5270012e+01 
3.500e+01 ; 8.000e-01 ; 1.200e+00 ; 6.3513000e+01 ; 9.5475151e+01 
3.500e+01 ; 8.000e-01 ; 1.200e+00 ; 6.4000000e+01 ; 9.5931755e+01 
3.500e+01 ; 8.000e-01 ; 1.200e+00 ; 6.4000000e+01 ; 9.5931755e+01 
3.500e+01 ; 8.000e-01 ; 1.200e+00 ; 6.4001000e+01 ; 9.5932693e+01 
3.500e+01 ; 8.000e-01 ; 1.200e+00 ; 6.4002000e+01 ; 9.5933632e+01 
3.500e+01 ; 8.000e-01 ; 1.200e+00 ; 6.4003000e+01 ; 9.5934570e+01 
3.500e+01 ; 8.000e-01 ; 1.200e+00 ; 6.4005000e+01 ; 9.5936447e+01 
3.500e+01 ; 8.000e-01 ; 1.200e+00 ; 6.4009000e+01 ; 9.5940208e+01 
3.500e+01 ; 8.000e-01 ; 1.200e+00 ; 6.4017000e+01 ; 9.5947746e+01 
3.500e+01 ; 8.000e-01 ; 1.200e+00 ; 6.4033000e+01 ; 9.5962891e+01 
3.500e+01 ; 8.000e-01 ; 1.200e+00 ; 6.4065000e+01 ; 9.5993439e+01 
3.500e+01 ; 8.000e-01 ; 1.200e+00 ; 6.4129000e+01 ; 9.6055511e+01 
3.500e+01 ; 8.000e-01 ; 1.200e+00 ; 6.4257000e+01 ; 9.6182716e+01 
3.500e+01 ; 8.000e-01 ; 1.200e+00 ; 6.4513000e+01 ; 9.6443550e+01 
3.500e+01 ; 8.000e-01 ; 1.200e+00 ; 6.5000000e+01 ; 9.6931213e+01 
3.500e+01 ; 8.000e-01 ; 1.200e+00 ; 6.5000000e+01 ; 9.6931213e+01 
3.500e+01 ; 8.000e-01 ; 1.200e+00 ; 6.5001000e+01 ; 9.6932220e+01 
3.500e+01 ; 8.000e-01 ; 1.200e+00 ; 6.5002000e+01 ; 9.6933220e+01 
3.500e+01 ; 8.000e-01 ; 1.200e+00 ; 6.5003000e+01 ; 9.6934219e+01 
3.500e+01 ; 8.000e-01 ; 1.200e+00 ; 6.5005000e+01 ; 9.6936226e+01 
3.500e+01 ; 8.000e-01 ; 1.200e+00 ; 6.5009000e+01 ; 9.6940224e+01 
3.500e+01 ; 8.000e-01 ; 1.200e+00 ; 6.5017000e+01 ; 9.6948235e+01 
3.500e+01 ; 8.000e-01 ; 1.200e+00 ; 6.5033000e+01 ; 9.6964233e+01 
3.500e+01 ; 8.000e-01 ; 1.200e+00 ; 6.5065000e+01 ; 9.6996178e+01 
3.500e+01 ; 8.000e-01 ; 1.200e+00 ; 6.5129000e+01 ; 9.7059776e+01 
3.500e+01 ; 8.000e-01 ; 1.200e+00 ; 6.5257000e+01 ; 9.7185333e+01 
3.500e+01 ; 8.000e-01 ; 1.200e+00 ; 6.5513000e+01 ; 9.7426567e+01 
3.500e+01 ; 8.000e-01 ; 1.200e+00 ; 6.6000000e+01 ; 9.7836082e+01 
3.500e+01 ; 8.000e-01 ; 1.200e+00 ; 6.6000000e+01 ; 9.7836082e+01 
3.500e+01 ; 8.000e-01 ; 1.200e+00 ; 6.6001000e+01 ; 9.7836922e+01 
3.500e+01 ; 8.000e-01 ; 1.200e+00 ; 6.6002000e+01 ; 9.7837761e+01 
3.500e+01 ; 8.000e-01 ; 1.200e+00 ; 6.6003000e+01 ; 9.7838600e+01 
3.500e+01 ; 8.000e-01 ; 1.200e+00 ; 6.6005000e+01 ; 9.7840279e+01 
3.500e+01 ; 8.000e-01 ; 1.200e+00 ; 6.6009000e+01 ; 9.7843636e+01 
3.500e+01 ; 8.000e-01 ; 1.200e+00 ; 6.6017000e+01 ; 9.7850334e+01 
3.500e+01 ; 8.000e-01 ; 1.200e+00 ; 6.6033000e+01 ; 9.7863678e+01 
3.500e+01 ; 8.000e-01 ; 1.200e+00 ; 6.6065000e+01 ; 9.7890144e+01 
3.500e+01 ; 8.000e-01 ; 1.200e+00 ; 6.6129000e+01 ; 9.7942169e+01 
3.500e+01 ; 8.000e-01 ; 1.200e+00 ; 6.6257000e+01 ; 9.8042404e+01 
3.500e+01 ; 8.000e-01 ; 1.200e+00 ; 6.6513000e+01 ; 9.8226845e+01 
3.500e+01 ; 8.000e-01 ; 1.200e+00 ; 6.7000000e+01 ; 9.8518578e+01 
3.500e+01 ; 8.000e-01 ; 1.200e+00 ; 6.7000000e+01 ; 9.8518578e+01 
3.500e+01 ; 8.000e-01 ; 1.200e+00 ; 6.7001000e+01 ; 9.8519180e+01 
3.500e+01 ; 8.000e-01 ; 1.200e+00 ; 6.7002000e+01 ; 9.8519775e+01 
3.500e+01 ; 8.000e-01 ; 1.200e+00 ; 6.7003000e+01 ; 9.8520378e+01 
3.500e+01 ; 8.000e-01 ; 1.200e+00 ; 6.7005000e+01 ; 9.8521568e+01 
3.500e+01 ; 8.000e-01 ; 1.200e+00 ; 6.7009000e+01 ; 9.8523956e+01 
3.500e+01 ; 8.000e-01 ; 1.200e+00 ; 6.7017000e+01 ; 9.8528717e+01 
3.500e+01 ; 8.000e-01 ; 1.200e+00 ; 6.7033000e+01 ; 9.8538170e+01 
3.500e+01 ; 8.000e-01 ; 1.200e+00 ; 6.7065000e+01 ; 9.8556824e+01 
3.500e+01 ; 8.000e-01 ; 1.200e+00 ; 6.7129000e+01 ; 9.8593102e+01 
3.500e+01 ; 8.000e-01 ; 1.200e+00 ; 6.7257000e+01 ; 9.8661583e+01 
3.500e+01 ; 8.000e-01 ; 1.200e+00 ; 6.7513000e+01 ; 9.8782646e+01 
3.500e+01 ; 8.000e-01 ; 1.200e+00 ; 6.8000000e+01 ; 9.8959526e+01 
3.500e+01 ; 8.000e-01 ; 1.200e+00 ; 6.8000000e+01 ; 9.8959526e+01 
3.500e+01 ; 8.000e-01 ; 1.200e+00 ; 6.8001000e+01 ; 9.8959892e+01 
3.500e+01 ; 8.000e-01 ; 1.200e+00 ; 6.8002000e+01 ; 9.8960251e+01 
3.500e+01 ; 8.000e-01 ; 1.200e+00 ; 6.8003000e+01 ; 9.8960617e+01 
3.500e+01 ; 8.000e-01 ; 1.200e+00 ; 6.8005000e+01 ; 9.8961342e+01 
3.500e+01 ; 8.000e-01 ; 1.200e+00 ; 6.8009000e+01 ; 9.8962784e+01 
3.500e+01 ; 8.000e-01 ; 1.200e+00 ; 6.8017000e+01 ; 9.8965660e+01 
3.500e+01 ; 8.000e-01 ; 1.200e+00 ; 6.8033000e+01 ; 9.8971352e+01 
3.500e+01 ; 8.000e-01 ; 1.200e+00 ; 6.8065000e+01 ; 9.8982506e+01 
3.500e+01 ; 8.000e-01 ; 1.200e+00 ; 6.8129000e+01 ; 9.9003922e+01 
3.500e+01 ; 8.000e-01 ; 1.200e+00 ; 6.8257000e+01 ; 9.9043221e+01 
3.500e+01 ; 8.000e-01 ; 1.200e+00 ; 6.8513000e+01 ; 9.9108498e+01 
3.500e+01 ; 8.000e-01 ; 1.200e+00 ; 6.9000000e+01 ; 9.9189758e+01 
3.500e+01 ; 8.000e-01 ; 1.200e+00 ; 6.9000000e+01 ; 9.9189758e+01 
3.500e+01 ; 8.000e-01 ; 1.200e+00 ; 6.9001000e+01 ; 9.9189926e+01 
3.500e+01 ; 8.000e-01 ; 1.200e+00 ; 6.9002000e+01 ; 9.9190094e+01 
3.500e+01 ; 8.000e-01 ; 1.200e+00 ; 6.9003000e+01 ; 9.9190262e+01 
3.500e+01 ; 8.000e-01 ; 1.200e+00 ; 6.9005000e+01 ; 9.9190590e+01 
3.500e+01 ; 8.000e-01 ; 1.200e+00 ; 6.9009000e+01 ; 9.9191254e+01 
3.500e+01 ; 8.000e-01 ; 1.200e+00 ; 6.9017000e+01 ; 9.9192566e+01 
3.500e+01 ; 8.000e-01 ; 1.200e+00 ; 6.9033000e+01 ; 9.9195137e+01 
3.500e+01 ; 8.000e-01 ; 1.200e+00 ; 6.9065000e+01 ; 9.9200104e+01 
3.500e+01 ; 8.000e-01 ; 1.200e+00 ; 6.9129000e+01 ; 9.9209328e+01 
3.500e+01 ; 8.000e-01 ; 1.200e+00 ; 6.9257000e+01 ; 9.9224991e+01 
3.500e+01 ; 8.000e-01 ; 1.200e+00 ; 6.9513000e+01 ; 9.9246025e+01 
3.500e+01 ; 8.000e-01 ; 1.200e+00 ; 7.0000000e+01 ; 9.9253670e+01 
3.500e+01 ; 8.000e-01 ; 1.200e+00 ; 7.0000000e+01 ; 9.9253670e+01 
3.500e+01 ; 8.000e-01 ; 1.200e+00 ; 7.0001000e+01 ; 9.9253685e+01 
3.500e+01 ; 8.000e-01 ; 1.200e+00 ; 7.0002000e+01 ; 9.9253700e+01 
3.500e+01 ; 8.000e-01 ; 1.200e+00 ; 7.0003000e+01 ; 9.9253716e+01 
3.500e+01 ; 8.000e-01 ; 1.200e+00 ; 7.0005000e+01 ; 9.9253746e+01 
3.500e+01 ; 8.000e-01 ; 1.200e+00 ; 7.0009000e+01 ; 9.9253807e+01 
3.500e+01 ; 8.000e-01 ; 1.200e+00 ; 7.0017000e+01 ; 9.9253914e+01 
3.500e+01 ; 8.000e-01 ; 1.200e+00 ; 7.0033000e+01 ; 9.9254089e+01 
3.500e+01 ; 8.000e-01 ; 1.200e+00 ; 7.0065000e+01 ; 9.9254311e+01 
3.500e+01 ; 8.000e-01 ; 1.200e+00 ; 7.0129000e+01 ; 9.9254219e+01 
3.500e+01 ; 8.000e-01 ; 1.200e+00 ; 7.0257000e+01 ; 9.9251968e+01 
3.500e+01 ; 8.000e-01 ; 1.200e+00 ; 7.0513000e+01 ; 9.9239883e+01 
3.500e+01 ; 8.000e-01 ; 1.200e+00 ; 7.1000000e+01 ; 9.9193420e+01 
3.500e+01 ; 8.000e-01 ; 1.200e+00 ; 7.1000000e+01 ; 9.9193420e+01 
3.500e+01 ; 8.000e-01 ; 1.200e+00 ; 7.1001000e+01 ; 9.9193321e+01 
3.500e+01 ; 8.000e-01 ; 1.200e+00 ; 7.1002000e+01 ; 9.9193230e+01 
3.500e+01 ; 8.000e-01 ; 1.200e+00 ; 7.1003000e+01 ; 9.9193130e+01 
3.500e+01 ; 8.000e-01 ; 1.200e+00 ; 7.1005000e+01 ; 9.9192940e+01 
3.500e+01 ; 8.000e-01 ; 1.200e+00 ; 7.1009000e+01 ; 9.9192558e+01 
3.500e+01 ; 8.000e-01 ; 1.200e+00 ; 7.1017000e+01 ; 9.9191780e+01 
3.500e+01 ; 8.000e-01 ; 1.200e+00 ; 7.1033000e+01 ; 9.9190201e+01 
3.500e+01 ; 8.000e-01 ; 1.200e+00 ; 7.1065000e+01 ; 9.9186943e+01 
3.500e+01 ; 8.000e-01 ; 1.200e+00 ; 7.1129000e+01 ; 9.9180046e+01 
3.500e+01 ; 8.000e-01 ; 1.200e+00 ; 7.1257000e+01 ; 9.9164772e+01 
3.500e+01 ; 8.000e-01 ; 1.200e+00 ; 7.1513000e+01 ; 9.9128815e+01 
3.500e+01 ; 8.000e-01 ; 1.200e+00 ; 7.2000000e+01 ; 9.9043983e+01 
3.500e+01 ; 8.000e-01 ; 1.200e+00 ; 7.2000000e+01 ; 9.9043983e+01 
3.500e+01 ; 8.000e-01 ; 1.200e+00 ; 7.2001000e+01 ; 9.9043808e+01 
3.500e+01 ; 8.000e-01 ; 1.200e+00 ; 7.2002000e+01 ; 9.9043640e+01 
3.500e+01 ; 8.000e-01 ; 1.200e+00 ; 7.2003000e+01 ; 9.9043465e+01 
3.500e+01 ; 8.000e-01 ; 1.200e+00 ; 7.2005000e+01 ; 9.9043114e+01 
3.500e+01 ; 8.000e-01 ; 1.200e+00 ; 7.2009000e+01 ; 9.9042412e+01 
3.500e+01 ; 8.000e-01 ; 1.200e+00 ; 7.2017000e+01 ; 9.9041008e+01 
3.500e+01 ; 8.000e-01 ; 1.200e+00 ; 7.2033000e+01 ; 9.9038185e+01 
3.500e+01 ; 8.000e-01 ; 1.200e+00 ; 7.2065000e+01 ; 9.9032471e+01 
3.500e+01 ; 8.000e-01 ; 1.200e+00 ; 7.2129000e+01 ; 9.9020767e+01 
3.500e+01 ; 8.000e-01 ; 1.200e+00 ; 7.2257000e+01 ; 9.8996338e+01 
3.500e+01 ; 8.000e-01 ; 1.200e+00 ; 7.2513000e+01 ; 9.8943771e+01 
3.500e+01 ; 8.000e-01 ; 1.200e+00 ; 7.3000000e+01 ; 9.8832695e+01 
3.500e+01 ; 8.000e-01 ; 1.200e+00 ; 7.3000000e+01 ; 9.8832695e+01 
3.500e+01 ; 8.000e-01 ; 1.200e+00 ; 7.3001000e+01 ; 9.8832466e+01 
3.500e+01 ; 8.000e-01 ; 1.200e+00 ; 7.3002000e+01 ; 9.8832237e+01 
3.500e+01 ; 8.000e-01 ; 1.200e+00 ; 7.3003000e+01 ; 9.8832008e+01 
3.500e+01 ; 8.000e-01 ; 1.200e+00 ; 7.3005000e+01 ; 9.8831551e+01 
3.500e+01 ; 8.000e-01 ; 1.200e+00 ; 7.3009000e+01 ; 9.8830635e+01 
3.500e+01 ; 8.000e-01 ; 1.200e+00 ; 7.3017000e+01 ; 9.8828804e+01 
3.500e+01 ; 8.000e-01 ; 1.200e+00 ; 7.3033000e+01 ; 9.8825134e+01 
3.500e+01 ; 8.000e-01 ; 1.200e+00 ; 7.3065000e+01 ; 9.8817741e+01 
3.500e+01 ; 8.000e-01 ; 1.200e+00 ; 7.3129000e+01 ; 9.8802773e+01 
3.500e+01 ; 8.000e-01 ; 1.200e+00 ; 7.3257000e+01 ; 9.8772148e+01 
3.500e+01 ; 8.000e-01 ; 1.200e+00 ; 7.3513000e+01 ; 9.8708473e+01 
3.500e+01 ; 8.000e-01 ; 1.200e+00 ; 7.4000000e+01 ; 9.8580269e+01 
3.500e+01 ; 8.000e-01 ; 1.200e+00 ; 7.4000000e+01 ; 9.8580269e+01 
3.500e+01 ; 8.000e-01 ; 1.200e+00 ; 7.4001000e+01 ; 9.8580009e+01 
3.500e+01 ; 8.000e-01 ; 1.200e+00 ; 7.4002000e+01 ; 9.8579742e+01 
3.500e+01 ; 8.000e-01 ; 1.200e+00 ; 7.4003000e+01 ; 9.8579483e+01 
3.500e+01 ; 8.000e-01 ; 1.200e+00 ; 7.4005000e+01 ; 9.8578957e+01 
3.500e+01 ; 8.000e-01 ; 1.200e+00 ; 7.4009000e+01 ; 9.8577896e+01 
3.500e+01 ; 8.000e-01 ; 1.200e+00 ; 7.4017000e+01 ; 9.8575790e+01 
3.500e+01 ; 8.000e-01 ; 1.200e+00 ; 7.4033000e+01 ; 9.8571564e+01 
3.500e+01 ; 8.000e-01 ; 1.200e+00 ; 7.4065000e+01 ; 9.8563080e+01 
3.500e+01 ; 8.000e-01 ; 1.200e+00 ; 7.4129000e+01 ; 9.8545998e+01 
3.500e+01 ; 8.000e-01 ; 1.200e+00 ; 7.4257000e+01 ; 9.8511398e+01 
3.500e+01 ; 8.000e-01 ; 1.200e+00 ; 7.4513000e+01 ; 9.8440727e+01 
3.500e+01 ; 8.000e-01 ; 1.200e+00 ; 7.5000000e+01 ; 9.8302170e+01 
3.500e+01 ; 8.000e-01 ; 1.200e+00 ; 7.5000000e+01 ; 9.8302170e+01 
3.500e+01 ; 8.000e-01 ; 1.200e+00 ; 7.5001000e+01 ; 9.8301888e+01 
3.500e+01 ; 8.000e-01 ; 1.200e+00 ; 7.5002000e+01 ; 9.8301605e+01 
3.500e+01 ; 8.000e-01 ; 1.200e+00 ; 7.5003000e+01 ; 9.8301323e+01 
3.500e+01 ; 8.000e-01 ; 1.200e+00 ; 7.5005000e+01 ; 9.8300751e+01 
3.500e+01 ; 8.000e-01 ; 1.200e+00 ; 7.5009000e+01 ; 9.8299614e+01 
3.500e+01 ; 8.000e-01 ; 1.200e+00 ; 7.5017000e+01 ; 9.8297333e+01 
3.500e+01 ; 8.000e-01 ; 1.200e+00 ; 7.5033000e+01 ; 9.8292770e+01 
3.500e+01 ; 8.000e-01 ; 1.200e+00 ; 7.5065000e+01 ; 9.8283630e+01 
3.500e+01 ; 8.000e-01 ; 1.200e+00 ; 7.5129000e+01 ; 9.8265289e+01 
3.500e+01 ; 8.000e-01 ; 1.200e+00 ; 7.5257000e+01 ; 9.8228363e+01 
3.500e+01 ; 8.000e-01 ; 1.200e+00 ; 7.5513000e+01 ; 9.8153725e+01 
3.500e+01 ; 8.000e-01 ; 1.200e+00 ; 7.6000000e+01 ; 9.8009804e+01 
3.500e+01 ; 8.000e-01 ; 1.200e+00 ; 7.6000000e+01 ; 9.8009804e+01 
3.500e+01 ; 8.000e-01 ; 1.200e+00 ; 7.6001000e+01 ; 9.8009506e+01 
3.500e+01 ; 8.000e-01 ; 1.200e+00 ; 7.6002000e+01 ; 9.8009209e+01 
3.500e+01 ; 8.000e-01 ; 1.200e+00 ; 7.6003000e+01 ; 9.8008919e+01 
3.500e+01 ; 8.000e-01 ; 1.200e+00 ; 7.6005000e+01 ; 9.8008324e+01 
3.500e+01 ; 8.000e-01 ; 1.200e+00 ; 7.6009000e+01 ; 9.8007141e+01 
3.500e+01 ; 8.000e-01 ; 1.200e+00 ; 7.6017000e+01 ; 9.8004776e+01 
3.500e+01 ; 8.000e-01 ; 1.200e+00 ; 7.6033000e+01 ; 9.8000046e+01 
3.500e+01 ; 8.000e-01 ; 1.200e+00 ; 7.6065000e+01 ; 9.7990570e+01 
3.500e+01 ; 8.000e-01 ; 1.200e+00 ; 7.6129000e+01 ; 9.7971603e+01 
3.500e+01 ; 8.000e-01 ; 1.200e+00 ; 7.6257000e+01 ; 9.7933701e+01 
3.500e+01 ; 8.000e-01 ; 1.200e+00 ; 7.6513000e+01 ; 9.7859703e+01 
3.500e+01 ; 8.000e-01 ; 1.200e+00 ; 7.7000000e+01 ; 9.7738441e+01 
3.500e+01 ; 8.000e-01 ; 1.200e+00 ; 7.7000000e+01 ; 9.7738441e+01 
3.500e+01 ; 8.000e-01 ; 1.200e+00 ; 7.7001000e+01 ; 9.7738197e+01 
3.500e+01 ; 8.000e-01 ; 1.200e+00 ; 7.7002000e+01 ; 9.7737946e+01 
3.500e+01 ; 8.000e-01 ; 1.200e+00 ; 7.7003000e+01 ; 9.7737701e+01 
3.500e+01 ; 8.000e-01 ; 1.200e+00 ; 7.7005000e+01 ; 9.7737198e+01 
3.500e+01 ; 8.000e-01 ; 1.200e+00 ; 7.7009000e+01 ; 9.7736206e+01 
3.500e+01 ; 8.000e-01 ; 1.200e+00 ; 7.7017000e+01 ; 9.7734230e+01 
3.500e+01 ; 8.000e-01 ; 1.200e+00 ; 7.7033000e+01 ; 9.7730286e+01 
3.500e+01 ; 8.000e-01 ; 1.200e+00 ; 7.7065000e+01 ; 9.7722504e+01 
3.500e+01 ; 8.000e-01 ; 1.200e+00 ; 7.7129000e+01 ; 9.7707329e+01 
3.500e+01 ; 8.000e-01 ; 1.200e+00 ; 7.7257000e+01 ; 9.7678848e+01 
3.500e+01 ; 8.000e-01 ; 1.200e+00 ; 7.7513000e+01 ; 9.7631271e+01 
3.500e+01 ; 8.000e-01 ; 1.200e+00 ; 7.8000000e+01 ; 9.7582756e+01 
3.500e+01 ; 8.000e-01 ; 1.200e+00 ; 7.8000000e+01 ; 9.7582756e+01 
3.500e+01 ; 8.000e-01 ; 1.200e+00 ; 7.8001000e+01 ; 9.7582657e+01 
3.500e+01 ; 8.000e-01 ; 1.200e+00 ; 7.8002000e+01 ; 9.7582558e+01 
3.500e+01 ; 8.000e-01 ; 1.200e+00 ; 7.8003000e+01 ; 9.7582458e+01 
3.500e+01 ; 8.000e-01 ; 1.200e+00 ; 7.8005000e+01 ; 9.7582260e+01 
3.500e+01 ; 8.000e-01 ; 1.200e+00 ; 7.8009000e+01 ; 9.7581871e+01 
3.500e+01 ; 8.000e-01 ; 1.200e+00 ; 7.8017000e+01 ; 9.7581100e+01 
3.500e+01 ; 8.000e-01 ; 1.200e+00 ; 7.8033000e+01 ; 9.7579597e+01 
3.500e+01 ; 8.000e-01 ; 1.200e+00 ; 7.8065000e+01 ; 9.7576790e+01 
3.500e+01 ; 8.000e-01 ; 1.200e+00 ; 7.8129000e+01 ; 9.7571922e+01 
3.500e+01 ; 8.000e-01 ; 1.200e+00 ; 7.8257000e+01 ; 9.7565331e+01 
3.500e+01 ; 8.000e-01 ; 1.200e+00 ; 7.8513000e+01 ; 9.7565201e+01 
3.500e+01 ; 8.000e-01 ; 1.200e+00 ; 7.9000000e+01 ; 9.7610611e+01 
3.500e+01 ; 8.000e-01 ; 1.200e+00 ; 7.9000000e+01 ; 9.7610611e+01 
3.500e+01 ; 8.000e-01 ; 1.200e+00 ; 7.9001000e+01 ; 9.7610703e+01 
3.500e+01 ; 8.000e-01 ; 1.200e+00 ; 7.9002000e+01 ; 9.7610794e+01 
3.500e+01 ; 8.000e-01 ; 1.200e+00 ; 7.9003000e+01 ; 9.7610893e+01 
3.500e+01 ; 8.000e-01 ; 1.200e+00 ; 7.9005000e+01 ; 9.7611076e+01 
3.500e+01 ; 8.000e-01 ; 1.200e+00 ; 7.9009000e+01 ; 9.7611458e+01 
3.500e+01 ; 8.000e-01 ; 1.200e+00 ; 7.9017000e+01 ; 9.7612228e+01 
3.500e+01 ; 8.000e-01 ; 1.200e+00 ; 7.9033000e+01 ; 9.7613823e+01 
3.500e+01 ; 8.000e-01 ; 1.200e+00 ; 7.9065000e+01 ; 9.7617203e+01 
3.500e+01 ; 8.000e-01 ; 1.200e+00 ; 7.9129000e+01 ; 9.7624748e+01 
3.500e+01 ; 8.000e-01 ; 1.200e+00 ; 7.9257000e+01 ; 9.7642883e+01 
3.500e+01 ; 8.000e-01 ; 1.200e+00 ; 7.9513000e+01 ; 9.7690498e+01 
3.500e+01 ; 8.000e-01 ; 1.200e+00 ; 8.0000000e+01 ; 9.7814453e+01 
3.500e+01 ; 8.000e-01 ; 1.200e+00 ; 8.0000000e+01 ; 9.7814453e+01 
3.500e+01 ; 8.000e-01 ; 1.200e+00 ; 8.0001000e+01 ; 9.7814705e+01 
3.500e+01 ; 8.000e-01 ; 1.200e+00 ; 8.0002000e+01 ; 9.7814957e+01 
3.500e+01 ; 8.000e-01 ; 1.200e+00 ; 8.0003000e+01 ; 9.7815216e+01 
3.500e+01 ; 8.000e-01 ; 1.200e+00 ; 8.0005000e+01 ; 9.7815727e+01 
3.500e+01 ; 8.000e-01 ; 1.200e+00 ; 8.0009000e+01 ; 9.7816750e+01 
3.500e+01 ; 8.000e-01 ; 1.200e+00 ; 8.0017000e+01 ; 9.7818802e+01 
3.500e+01 ; 8.000e-01 ; 1.200e+00 ; 8.0033000e+01 ; 9.7822952e+01 
3.500e+01 ; 8.000e-01 ; 1.200e+00 ; 8.0065000e+01 ; 9.7831383e+01 
3.500e+01 ; 8.000e-01 ; 1.200e+00 ; 8.0129000e+01 ; 9.7848778e+01 
3.500e+01 ; 8.000e-01 ; 1.200e+00 ; 8.0257000e+01 ; 9.7885582e+01 
3.500e+01 ; 8.000e-01 ; 1.200e+00 ; 8.0513000e+01 ; 9.7965858e+01 
3.500e+01 ; 8.000e-01 ; 1.200e+00 ; 8.1000000e+01 ; 9.8133865e+01 
3.500e+01 ; 8.000e-01 ; 1.200e+00 ; 8.1000000e+01 ; 9.8133865e+01 
3.500e+01 ; 8.000e-01 ; 1.200e+00 ; 8.1001000e+01 ; 9.8134209e+01 
3.500e+01 ; 8.000e-01 ; 1.200e+00 ; 8.1002000e+01 ; 9.8134552e+01 
3.500e+01 ; 8.000e-01 ; 1.200e+00 ; 8.1003000e+01 ; 9.8134903e+01 
3.500e+01 ; 8.000e-01 ; 1.200e+00 ; 8.1005000e+01 ; 9.8135590e+01 
3.500e+01 ; 8.000e-01 ; 1.200e+00 ; 8.1009000e+01 ; 9.8136971e+01 
3.500e+01 ; 8.000e-01 ; 1.200e+00 ; 8.1017000e+01 ; 9.8139740e+01 
3.500e+01 ; 8.000e-01 ; 1.200e+00 ; 8.1033000e+01 ; 9.8145294e+01 
3.500e+01 ; 8.000e-01 ; 1.200e+00 ; 8.1065000e+01 ; 9.8156464e+01 
3.500e+01 ; 8.000e-01 ; 1.200e+00 ; 8.1129000e+01 ; 9.8179016e+01 
3.500e+01 ; 8.000e-01 ; 1.200e+00 ; 8.1257000e+01 ; 9.8224876e+01 
3.500e+01 ; 8.000e-01 ; 1.200e+00 ; 8.1513000e+01 ; 9.8318359e+01 
3.500e+01 ; 8.000e-01 ; 1.200e+00 ; 8.2000000e+01 ; 9.8495865e+01 
3.500e+01 ; 8.000e-01 ; 1.200e+00 ; 8.2000000e+01 ; 9.8495865e+01 
3.500e+01 ; 8.000e-01 ; 1.200e+00 ; 8.2001000e+01 ; 9.8496231e+01 
3.500e+01 ; 8.000e-01 ; 1.200e+00 ; 8.2002000e+01 ; 9.8496597e+01 
3.500e+01 ; 8.000e-01 ; 1.200e+00 ; 8.2003000e+01 ; 9.8496964e+01 
3.500e+01 ; 8.000e-01 ; 1.200e+00 ; 8.2005000e+01 ; 9.8497688e+01 
3.500e+01 ; 8.000e-01 ; 1.200e+00 ; 8.2009000e+01 ; 9.8499146e+01 
3.500e+01 ; 8.000e-01 ; 1.200e+00 ; 8.2017000e+01 ; 9.8502068e+01 
3.500e+01 ; 8.000e-01 ; 1.200e+00 ; 8.2033000e+01 ; 9.8507896e+01 
3.500e+01 ; 8.000e-01 ; 1.200e+00 ; 8.2065000e+01 ; 9.8519554e+01 
3.500e+01 ; 8.000e-01 ; 1.200e+00 ; 8.2129000e+01 ; 9.8542824e+01 
3.500e+01 ; 8.000e-01 ; 1.200e+00 ; 8.2257000e+01 ; 9.8589119e+01 
3.500e+01 ; 8.000e-01 ; 1.200e+00 ; 8.2513000e+01 ; 9.8679924e+01 
3.500e+01 ; 8.000e-01 ; 1.200e+00 ; 8.3000000e+01 ; 9.8842232e+01 
3.500e+01 ; 8.000e-01 ; 1.200e+00 ; 8.3000000e+01 ; 9.8842232e+01 
3.500e+01 ; 8.000e-01 ; 1.200e+00 ; 8.3001000e+01 ; 9.8842567e+01 
3.500e+01 ; 8.000e-01 ; 1.200e+00 ; 8.3002000e+01 ; 9.8842896e+01 
3.500e+01 ; 8.000e-01 ; 1.200e+00 ; 8.3003000e+01 ; 9.8843231e+01 
3.500e+01 ; 8.000e-01 ; 1.200e+00 ; 8.3005000e+01 ; 9.8843895e+01 
3.500e+01 ; 8.000e-01 ; 1.200e+00 ; 8.3009000e+01 ; 9.8845230e+01 
3.500e+01 ; 8.000e-01 ; 1.200e+00 ; 8.3017000e+01 ; 9.8847885e+01 
3.500e+01 ; 8.000e-01 ; 1.200e+00 ; 8.3033000e+01 ; 9.8853195e+01 
3.500e+01 ; 8.000e-01 ; 1.200e+00 ; 8.3065000e+01 ; 9.8863770e+01 
3.500e+01 ; 8.000e-01 ; 1.200e+00 ; 8.3129000e+01 ; 9.8884712e+01 
3.500e+01 ; 8.000e-01 ; 1.200e+00 ; 8.3257000e+01 ; 9.8925751e+01 
3.500e+01 ; 8.000e-01 ; 1.200e+00 ; 8.3513000e+01 ; 9.9004036e+01 
3.500e+01 ; 8.000e-01 ; 1.200e+00 ; 8.4000000e+01 ; 9.9137566e+01 
3.500e+01 ; 8.000e-01 ; 1.200e+00 ; 8.4000000e+01 ; 9.9137566e+01 
3.500e+01 ; 8.000e-01 ; 1.200e+00 ; 8.4001000e+01 ; 9.9137840e+01 
3.500e+01 ; 8.000e-01 ; 1.200e+00 ; 8.4002000e+01 ; 9.9138115e+01 
3.500e+01 ; 8.000e-01 ; 1.200e+00 ; 8.4003000e+01 ; 9.9138390e+01 
3.500e+01 ; 8.000e-01 ; 1.200e+00 ; 8.4005000e+01 ; 9.9138939e+01 
3.500e+01 ; 8.000e-01 ; 1.200e+00 ; 8.4009000e+01 ; 9.9140030e+01 
3.500e+01 ; 8.000e-01 ; 1.200e+00 ; 8.4017000e+01 ; 9.9142212e+01 
3.500e+01 ; 8.000e-01 ; 1.200e+00 ; 8.4033000e+01 ; 9.9146568e+01 
3.500e+01 ; 8.000e-01 ; 1.200e+00 ; 8.4065000e+01 ; 9.9155205e+01 
3.500e+01 ; 8.000e-01 ; 1.200e+00 ; 8.4129000e+01 ; 9.9172211e+01 
3.500e+01 ; 8.000e-01 ; 1.200e+00 ; 8.4257000e+01 ; 9.9205101e+01 
3.500e+01 ; 8.000e-01 ; 1.200e+00 ; 8.4513000e+01 ; 9.9266304e+01 
3.500e+01 ; 8.000e-01 ; 1.200e+00 ; 8.5000000e+01 ; 9.9365929e+01 
3.500e+01 ; 8.000e-01 ; 1.200e+00 ; 8.5000000e+01 ; 9.9365929e+01 
3.500e+01 ; 8.000e-01 ; 1.200e+00 ; 8.5001000e+01 ; 9.9366135e+01 
3.500e+01 ; 8.000e-01 ; 1.200e+00 ; 8.5002000e+01 ; 9.9366341e+01 
3.500e+01 ; 8.000e-01 ; 1.200e+00 ; 8.5003000e+01 ; 9.9366547e+01 
3.500e+01 ; 8.000e-01 ; 1.200e+00 ; 8.5005000e+01 ; 9.9366951e+01 
3.500e+01 ; 8.000e-01 ; 1.200e+00 ; 8.5009000e+01 ; 9.9367767e+01 
3.500e+01 ; 8.000e-01 ; 1.200e+00 ; 8.5017000e+01 ; 9.9369392e+01 
3.500e+01 ; 8.000e-01 ; 1.200e+00 ; 8.5033000e+01 ; 9.9372635e+01 
3.500e+01 ; 8.000e-01 ; 1.200e+00 ; 8.5065000e+01 ; 9.9379028e+01 
3.500e+01 ; 8.000e-01 ; 1.200e+00 ; 8.5129000e+01 ; 9.9391541e+01 
3.500e+01 ; 8.000e-01 ; 1.200e+00 ; 8.5257000e+01 ; 9.9415390e+01 
3.500e+01 ; 8.000e-01 ; 1.200e+00 ; 8.5513000e+01 ; 9.9458481e+01 
3.500e+01 ; 8.000e-01 ; 1.200e+00 ; 8.6000000e+01 ; 9.9524315e+01 
3.500e+01 ; 8.000e-01 ; 1.200e+00 ; 8.6000000e+01 ; 9.9524315e+01 
3.500e+01 ; 8.000e-01 ; 1.200e+00 ; 8.6001000e+01 ; 9.9524445e+01 
3.500e+01 ; 8.000e-01 ; 1.200e+00 ; 8.6002000e+01 ; 9.9524582e+01 
3.500e+01 ; 8.000e-01 ; 1.200e+00 ; 8.6003000e+01 ; 9.9524719e+01 
3.500e+01 ; 8.000e-01 ; 1.200e+00 ; 8.6005000e+01 ; 9.9524986e+01 
3.500e+01 ; 8.000e-01 ; 1.200e+00 ; 8.6009000e+01 ; 9.9525528e+01 
3.500e+01 ; 8.000e-01 ; 1.200e+00 ; 8.6017000e+01 ; 9.9526596e+01 
3.500e+01 ; 8.000e-01 ; 1.200e+00 ; 8.6033000e+01 ; 9.9528725e+01 
3.500e+01 ; 8.000e-01 ; 1.200e+00 ; 8.6065000e+01 ; 9.9532906e+01 
3.500e+01 ; 8.000e-01 ; 1.200e+00 ; 8.6129000e+01 ; 9.9541000e+01 
3.500e+01 ; 8.000e-01 ; 1.200e+00 ; 8.6257000e+01 ; 9.9556099e+01 
3.500e+01 ; 8.000e-01 ; 1.200e+00 ; 8.6513000e+01 ; 9.9582047e+01 
3.500e+01 ; 8.000e-01 ; 1.200e+00 ; 8.7000000e+01 ; 9.9616974e+01 
3.500e+01 ; 8.000e-01 ; 1.200e+00 ; 8.7000000e+01 ; 9.9616974e+01 
3.500e+01 ; 8.000e-01 ; 1.200e+00 ; 8.7001000e+01 ; 9.9617043e+01 
3.500e+01 ; 8.000e-01 ; 1.200e+00 ; 8.7002000e+01 ; 9.9617111e+01 
3.500e+01 ; 8.000e-01 ; 1.200e+00 ; 8.7003000e+01 ; 9.9617188e+01 
3.500e+01 ; 8.000e-01 ; 1.200e+00 ; 8.7005000e+01 ; 9.9617332e+01 
3.500e+01 ; 8.000e-01 ; 1.200e+00 ; 8.7009000e+01 ; 9.9617615e+01 
3.500e+01 ; 8.000e-01 ; 1.200e+00 ; 8.7017000e+01 ; 9.9618179e+01 
3.500e+01 ; 8.000e-01 ; 1.200e+00 ; 8.7033000e+01 ; 9.9619293e+01 
3.500e+01 ; 8.000e-01 ; 1.200e+00 ; 8.7065000e+01 ; 9.9621460e+01 
3.500e+01 ; 8.000e-01 ; 1.200e+00 ; 8.7129000e+01 ; 9.9625557e+01 
3.500e+01 ; 8.000e-01 ; 1.200e+00 ; 8.7257000e+01 ; 9.9632782e+01 
3.500e+01 ; 8.000e-01 ; 1.200e+00 ; 8.7513000e+01 ; 9.9643524e+01 
3.500e+01 ; 8.000e-01 ; 1.200e+00 ; 8.8000000e+01 ; 9.9651611e+01 
3.500e+01 ; 8.000e-01 ; 1.200e+00 ; 8.8000000e+01 ; 9.9651611e+01 
3.500e+01 ; 8.000e-01 ; 1.200e+00 ; 8.8001000e+01 ; 9.9651634e+01 
3.500e+01 ; 8.000e-01 ; 1.200e+00 ; 8.8002000e+01 ; 9.9651649e+01 
3.500e+01 ; 8.000e-01 ; 1.200e+00 ; 8.8003000e+01 ; 9.9651665e+01 
3.500e+01 ; 8.000e-01 ; 1.200e+00 ; 8.8005000e+01 ; 9.9651695e+01 
3.500e+01 ; 8.000e-01 ; 1.200e+00 ; 8.8009000e+01 ; 9.9651764e+01 
3.500e+01 ; 8.000e-01 ; 1.200e+00 ; 8.8017000e+01 ; 9.9651886e+01 
3.500e+01 ; 8.000e-01 ; 1.200e+00 ; 8.8033000e+01 ; 9.9652122e+01 
3.500e+01 ; 8.000e-01 ; 1.200e+00 ; 8.8065000e+01 ; 9.9652550e+01 
3.500e+01 ; 8.000e-01 ; 1.200e+00 ; 8.8129000e+01 ; 9.9653191e+01 
3.500e+01 ; 8.000e-01 ; 1.200e+00 ; 8.8257000e+01 ; 9.9653656e+01 
3.500e+01 ; 8.000e-01 ; 1.200e+00 ; 8.8513000e+01 ; 9.9651466e+01 
3.500e+01 ; 8.000e-01 ; 1.200e+00 ; 8.9000000e+01 ; 9.9637077e+01 
3.500e+01 ; 8.000e-01 ; 1.200e+00 ; 8.9000000e+01 ; 9.9637077e+01 
3.500e+01 ; 8.000e-01 ; 1.200e+00 ; 8.9001000e+01 ; 9.9637047e+01 
3.500e+01 ; 8.000e-01 ; 1.200e+00 ; 8.9002000e+01 ; 9.9637024e+01 
3.500e+01 ; 8.000e-01 ; 1.200e+00 ; 8.9003000e+01 ; 9.9636993e+01 
3.500e+01 ; 8.000e-01 ; 1.200e+00 ; 8.9005000e+01 ; 9.9636932e+01 
3.500e+01 ; 8.000e-01 ; 1.200e+00 ; 8.9009000e+01 ; 9.9636810e+01 
3.500e+01 ; 8.000e-01 ; 1.200e+00 ; 8.9017000e+01 ; 9.9636566e+01 
3.500e+01 ; 8.000e-01 ; 1.200e+00 ; 8.9033000e+01 ; 9.9636070e+01 
3.500e+01 ; 8.000e-01 ; 1.200e+00 ; 8.9065000e+01 ; 9.9635040e+01 
3.500e+01 ; 8.000e-01 ; 1.200e+00 ; 8.9129000e+01 ; 9.9632797e+01 
3.500e+01 ; 8.000e-01 ; 1.200e+00 ; 8.9257000e+01 ; 9.9627647e+01 
3.500e+01 ; 8.000e-01 ; 1.200e+00 ; 8.9513000e+01 ; 9.9614799e+01 
3.500e+01 ; 8.000e-01 ; 1.200e+00 ; 9.0000000e+01 ; 9.9582085e+01 
3.500e+01 ; 8.000e-01 ; 1.200e+00 ; 9.0000000e+01 ; 9.9582085e+01 
3.500e+01 ; 8.000e-01 ; 1.200e+00 ; 9.0001000e+01 ; 9.9582016e+01 
3.500e+01 ; 8.000e-01 ; 1.200e+00 ; 9.0002000e+01 ; 9.9581955e+01 
3.500e+01 ; 8.000e-01 ; 1.200e+00 ; 9.0003000e+01 ; 9.9581886e+01 
3.500e+01 ; 8.000e-01 ; 1.200e+00 ; 9.0005000e+01 ; 9.9581749e+01 
3.500e+01 ; 8.000e-01 ; 1.200e+00 ; 9.0009000e+01 ; 9.9581482e+01 
3.500e+01 ; 8.000e-01 ; 1.200e+00 ; 9.0017000e+01 ; 9.9580940e+01 
3.500e+01 ; 8.000e-01 ; 1.200e+00 ; 9.0033000e+01 ; 9.9579842e+01 
3.500e+01 ; 8.000e-01 ; 1.200e+00 ; 9.0065000e+01 ; 9.9577621e+01 
3.500e+01 ; 8.000e-01 ; 1.200e+00 ; 9.0129000e+01 ; 9.9573044e+01 
3.500e+01 ; 8.000e-01 ; 1.200e+00 ; 9.0257000e+01 ; 9.9563339e+01 
3.500e+01 ; 8.000e-01 ; 1.200e+00 ; 9.0513000e+01 ; 9.9541916e+01 
3.500e+01 ; 8.000e-01 ; 1.200e+00 ; 9.1000000e+01 ; 9.9494629e+01 
3.500e+01 ; 8.000e-01 ; 1.200e+00 ; 9.1000000e+01 ; 9.9494629e+01 
3.500e+01 ; 8.000e-01 ; 1.200e+00 ; 9.1001000e+01 ; 9.9494530e+01 
3.500e+01 ; 8.000e-01 ; 1.200e+00 ; 9.1002000e+01 ; 9.9494431e+01 
3.500e+01 ; 8.000e-01 ; 1.200e+00 ; 9.1003000e+01 ; 9.9494331e+01 
3.500e+01 ; 8.000e-01 ; 1.200e+00 ; 9.1005000e+01 ; 9.9494141e+01 
3.500e+01 ; 8.000e-01 ; 1.200e+00 ; 9.1009000e+01 ; 9.9493752e+01 
3.500e+01 ; 8.000e-01 ; 1.200e+00 ; 9.1017000e+01 ; 9.9492973e+01 
3.500e+01 ; 8.000e-01 ; 1.200e+00 ; 9.1033000e+01 ; 9.9491402e+01 
3.500e+01 ; 8.000e-01 ; 1.200e+00 ; 9.1065000e+01 ; 9.9488235e+01 
3.500e+01 ; 8.000e-01 ; 1.200e+00 ; 9.1129000e+01 ; 9.9481804e+01 
3.500e+01 ; 8.000e-01 ; 1.200e+00 ; 9.1257000e+01 ; 9.9468506e+01 
3.500e+01 ; 8.000e-01 ; 1.200e+00 ; 9.1513000e+01 ; 9.9440460e+01 
3.500e+01 ; 8.000e-01 ; 1.200e+00 ; 9.2000000e+01 ; 9.9384178e+01 
3.500e+01 ; 8.000e-01 ; 1.200e+00 ; 9.2000000e+01 ; 9.9384178e+01 
3.500e+01 ; 8.000e-01 ; 1.200e+00 ; 9.2001000e+01 ; 9.9384064e+01 
3.500e+01 ; 8.000e-01 ; 1.200e+00 ; 9.2002000e+01 ; 9.9383949e+01 
3.500e+01 ; 8.000e-01 ; 1.200e+00 ; 9.2003000e+01 ; 9.9383835e+01 
3.500e+01 ; 8.000e-01 ; 1.200e+00 ; 9.2005000e+01 ; 9.9383598e+01 
3.500e+01 ; 8.000e-01 ; 1.200e+00 ; 9.2009000e+01 ; 9.9383141e+01 
3.500e+01 ; 8.000e-01 ; 1.200e+00 ; 9.2017000e+01 ; 9.9382210e+01 
3.500e+01 ; 8.000e-01 ; 1.200e+00 ; 9.2033000e+01 ; 9.9380356e+01 
3.500e+01 ; 8.000e-01 ; 1.200e+00 ; 9.2065000e+01 ; 9.9376633e+01 
3.500e+01 ; 8.000e-01 ; 1.200e+00 ; 9.2129000e+01 ; 9.9369148e+01 
3.500e+01 ; 8.000e-01 ; 1.200e+00 ; 9.2257000e+01 ; 9.9354080e+01 
3.500e+01 ; 8.000e-01 ; 1.200e+00 ; 9.2513000e+01 ; 9.9323990e+01 
3.500e+01 ; 8.000e-01 ; 1.200e+00 ; 9.3000000e+01 ; 9.9270081e+01 
3.500e+01 ; 8.000e-01 ; 1.200e+00 ; 9.3000000e+01 ; 9.9270081e+01 
3.500e+01 ; 8.000e-01 ; 1.200e+00 ; 9.3001000e+01 ; 9.9269974e+01 
3.500e+01 ; 8.000e-01 ; 1.200e+00 ; 9.3002000e+01 ; 9.9269859e+01 
3.500e+01 ; 8.000e-01 ; 1.200e+00 ; 9.3003000e+01 ; 9.9269753e+01 
3.500e+01 ; 8.000e-01 ; 1.200e+00 ; 9.3005000e+01 ; 9.9269531e+01 
3.500e+01 ; 8.000e-01 ; 1.200e+00 ; 9.3009000e+01 ; 9.9269089e+01 
3.500e+01 ; 8.000e-01 ; 1.200e+00 ; 9.3017000e+01 ; 9.9268204e+01 
3.500e+01 ; 8.000e-01 ; 1.200e+00 ; 9.3033000e+01 ; 9.9266441e+01 
3.500e+01 ; 8.000e-01 ; 1.200e+00 ; 9.3065000e+01 ; 9.9262932e+01 
3.500e+01 ; 8.000e-01 ; 1.200e+00 ; 9.3129000e+01 ; 9.9255981e+01 
3.500e+01 ; 8.000e-01 ; 1.200e+00 ; 9.3257000e+01 ; 9.9242432e+01 
3.500e+01 ; 8.000e-01 ; 1.200e+00 ; 9.3513000e+01 ; 9.9217110e+01 
3.500e+01 ; 8.000e-01 ; 1.200e+00 ; 9.4000000e+01 ; 9.9177414e+01 
3.500e+01 ; 8.000e-01 ; 1.200e+00 ; 9.4000000e+01 ; 9.9177414e+01 
3.500e+01 ; 8.000e-01 ; 1.200e+00 ; 9.4001000e+01 ; 9.9177338e+01 
3.500e+01 ; 8.000e-01 ; 1.200e+00 ; 9.4002000e+01 ; 9.9177254e+01 
3.500e+01 ; 8.000e-01 ; 1.200e+00 ; 9.4003000e+01 ; 9.9177170e+01 
3.500e+01 ; 8.000e-01 ; 1.200e+00 ; 9.4005000e+01 ; 9.9177010e+01 
3.500e+01 ; 8.000e-01 ; 1.200e+00 ; 9.4009000e+01 ; 9.9176682e+01 
3.500e+01 ; 8.000e-01 ; 1.200e+00 ; 9.4017000e+01 ; 9.9176041e+01 
3.500e+01 ; 8.000e-01 ; 1.200e+00 ; 9.4033000e+01 ; 9.9174751e+01 
3.500e+01 ; 8.000e-01 ; 1.200e+00 ; 9.4065000e+01 ; 9.9172218e+01 
3.500e+01 ; 8.000e-01 ; 1.200e+00 ; 9.4129000e+01 ; 9.9167313e+01 
3.500e+01 ; 8.000e-01 ; 1.200e+00 ; 9.4257000e+01 ; 9.9158134e+01 
3.500e+01 ; 8.000e-01 ; 1.200e+00 ; 9.4513000e+01 ; 9.9142525e+01 
3.500e+01 ; 8.000e-01 ; 1.200e+00 ; 9.5000000e+01 ; 9.9122795e+01 
3.500e+01 ; 8.000e-01 ; 1.200e+00 ; 9.5000000e+01 ; 9.9122795e+01 
3.500e+01 ; 8.000e-01 ; 1.200e+00 ; 9.5001000e+01 ; 9.9122757e+01 
3.500e+01 ; 8.000e-01 ; 1.200e+00 ; 9.5002000e+01 ; 9.9122719e+01 
3.500e+01 ; 8.000e-01 ; 1.200e+00 ; 9.5003000e+01 ; 9.9122681e+01 
3.500e+01 ; 8.000e-01 ; 1.200e+00 ; 9.5005000e+01 ; 9.9122597e+01 
3.500e+01 ; 8.000e-01 ; 1.200e+00 ; 9.5009000e+01 ; 9.9122437e+01 
3.500e+01 ; 8.000e-01 ; 1.200e+00 ; 9.5017000e+01 ; 9.9122116e+01 
3.500e+01 ; 8.000e-01 ; 1.200e+00 ; 9.5033000e+01 ; 9.9121490e+01 
3.500e+01 ; 8.000e-01 ; 1.200e+00 ; 9.5065000e+01 ; 9.9120285e+01 
3.500e+01 ; 8.000e-01 ; 1.200e+00 ; 9.5129000e+01 ; 9.9118034e+01 
3.500e+01 ; 8.000e-01 ; 1.200e+00 ; 9.5257000e+01 ; 9.9114227e+01 
3.500e+01 ; 8.000e-01 ; 1.200e+00 ; 9.5513000e+01 ; 9.9109200e+01 
3.500e+01 ; 8.000e-01 ; 1.200e+00 ; 9.6000000e+01 ; 9.9107582e+01 
3.500e+01 ; 8.000e-01 ; 1.200e+00 ; 9.6000000e+01 ; 9.9107582e+01 
3.500e+01 ; 8.000e-01 ; 1.200e+00 ; 9.6001000e+01 ; 9.9107582e+01 
3.500e+01 ; 8.000e-01 ; 1.200e+00 ; 9.6002000e+01 ; 9.9107582e+01 
3.500e+01 ; 8.000e-01 ; 1.200e+00 ; 9.6003000e+01 ; 9.9107574e+01 
3.500e+01 ; 8.000e-01 ; 1.200e+00 ; 9.6005000e+01 ; 9.9107567e+01 
3.500e+01 ; 8.000e-01 ; 1.200e+00 ; 9.6009000e+01 ; 9.9107559e+01 
3.500e+01 ; 8.000e-01 ; 1.200e+00 ; 9.6017000e+01 ; 9.9107536e+01 
3.500e+01 ; 8.000e-01 ; 1.200e+00 ; 9.6033000e+01 ; 9.9107498e+01 
3.500e+01 ; 8.000e-01 ; 1.200e+00 ; 9.6065000e+01 ; 9.9107460e+01 
3.500e+01 ; 8.000e-01 ; 1.200e+00 ; 9.6129000e+01 ; 9.9107513e+01 
3.500e+01 ; 8.000e-01 ; 1.200e+00 ; 9.6257000e+01 ; 9.9108116e+01 
3.500e+01 ; 8.000e-01 ; 1.200e+00 ; 9.6513000e+01 ; 9.9110985e+01 
3.500e+01 ; 8.000e-01 ; 1.200e+00 ; 9.7000000e+01 ; 9.9120377e+01 
3.500e+01 ; 8.000e-01 ; 1.200e+00 ; 9.7000000e+01 ; 9.9120377e+01 
3.500e+01 ; 8.000e-01 ; 1.200e+00 ; 9.7001000e+01 ; 9.9120392e+01 
3.500e+01 ; 8.000e-01 ; 1.200e+00 ; 9.7002000e+01 ; 9.9120415e+01 
3.500e+01 ; 8.000e-01 ; 1.200e+00 ; 9.7003000e+01 ; 9.9120430e+01 
3.500e+01 ; 8.000e-01 ; 1.200e+00 ; 9.7005000e+01 ; 9.9120468e+01 
3.500e+01 ; 8.000e-01 ; 1.200e+00 ; 9.7009000e+01 ; 9.9120552e+01 
3.500e+01 ; 8.000e-01 ; 1.200e+00 ; 9.7017000e+01 ; 9.9120705e+01 
3.500e+01 ; 8.000e-01 ; 1.200e+00 ; 9.7033000e+01 ; 9.9121025e+01 
3.500e+01 ; 8.000e-01 ; 1.200e+00 ; 9.7065000e+01 ; 9.9121674e+01 
3.500e+01 ; 8.000e-01 ; 1.200e+00 ; 9.7129000e+01 ; 9.9123032e+01 
3.500e+01 ; 8.000e-01 ; 1.200e+00 ; 9.7257000e+01 ; 9.9125938e+01 
3.500e+01 ; 8.000e-01 ; 1.200e+00 ; 9.7513000e+01 ; 9.9132225e+01 
3.500e+01 ; 8.000e-01 ; 1.200e+00 ; 9.8000000e+01 ; 9.9143822e+01 
3.500e+01 ; 8.000e-01 ; 1.200e+00 ; 9.8000000e+01 ; 9.9143822e+01 
3.500e+01 ; 8.000e-01 ; 1.200e+00 ; 9.8001000e+01 ; 9.9143845e+01 
3.500e+01 ; 8.000e-01 ; 1.200e+00 ; 9.8002000e+01 ; 9.9143867e+01 
3.500e+01 ; 8.000e-01 ; 1.200e+00 ; 9.8003000e+01 ; 9.9143890e+01 
3.500e+01 ; 8.000e-01 ; 1.200e+00 ; 9.8005000e+01 ; 9.9143944e+01 
3.500e+01 ; 8.000e-01 ; 1.200e+00 ; 9.8009000e+01 ; 9.9144035e+01 
3.500e+01 ; 8.000e-01 ; 1.200e+00 ; 9.8017000e+01 ; 9.9144226e+01 
3.500e+01 ; 8.000e-01 ; 1.200e+00 ; 9.8033000e+01 ; 9.9144608e+01 
3.500e+01 ; 8.000e-01 ; 1.200e+00 ; 9.8065000e+01 ; 9.9145363e+01 
3.500e+01 ; 8.000e-01 ; 1.200e+00 ; 9.8129000e+01 ; 9.9146866e+01 
3.500e+01 ; 8.000e-01 ; 1.200e+00 ; 9.8257000e+01 ; 9.9149773e+01 
3.500e+01 ; 8.000e-01 ; 1.200e+00 ; 9.8513000e+01 ; 9.9154938e+01 
3.500e+01 ; 8.000e-01 ; 1.200e+00 ; 9.9000000e+01 ; 9.9160934e+01 
3.500e+01 ; 8.000e-01 ; 1.200e+00 ; 9.9000000e+01 ; 9.9160934e+01 
3.500e+01 ; 8.000e-01 ; 1.200e+00 ; 9.9001000e+01 ; 9.9160950e+01 
3.500e+01 ; 8.000e-01 ; 1.200e+00 ; 9.9002000e+01 ; 9.9160965e+01 
3.500e+01 ; 8.000e-01 ; 1.200e+00 ; 9.9003000e+01 ; 9.9160973e+01 
3.500e+01 ; 8.000e-01 ; 1.200e+00 ; 9.9005000e+01 ; 9.9160995e+01 
3.500e+01 ; 8.000e-01 ; 1.200e+00 ; 9.9009000e+01 ; 9.9161049e+01 
3.500e+01 ; 8.000e-01 ; 1.200e+00 ; 9.9017000e+01 ; 9.9161140e+01 
3.500e+01 ; 8.000e-01 ; 1.200e+00 ; 9.9033000e+01 ; 9.9161331e+01 
3.500e+01 ; 8.000e-01 ; 1.200e+00 ; 9.9065000e+01 ; 9.9161690e+01 
3.500e+01 ; 8.000e-01 ; 1.200e+00 ; 9.9129000e+01 ; 9.9162338e+01 
3.500e+01 ; 8.000e-01 ; 1.200e+00 ; 9.9257000e+01 ; 9.9163315e+01 
3.500e+01 ; 8.000e-01 ; 1.200e+00 ; 9.9513000e+01 ; 9.9163818e+01 
3.500e+01 ; 8.000e-01 ; 1.200e+00 ; 1.0000000e+02 ; 9.9158653e+01 
3.500e+01 ; 8.000e-01 ; 1.200e+00 ; 1.0000000e+02 ; 9.9158653e+01 
3.500e+01 ; 8.000e-01 ; 1.200e+00 ; 1.0000100e+02 ; 9.9158646e+01 
3.500e+01 ; 8.000e-01 ; 1.200e+00 ; 1.0000200e+02 ; 9.9158638e+01 
3.500e+01 ; 8.000e-01 ; 1.200e+00 ; 1.0000300e+02 ; 9.9158623e+01 
3.500e+01 ; 8.000e-01 ; 1.200e+00 ; 1.0000500e+02 ; 9.9158600e+01 
3.500e+01 ; 8.000e-01 ; 1.200e+00 ; 1.0000900e+02 ; 9.9158562e+01 
3.500e+01 ; 8.000e-01 ; 1.200e+00 ; 1.0001700e+02 ; 9.9158470e+01 
3.500e+01 ; 8.000e-01 ; 1.200e+00 ; 1.0003300e+02 ; 9.9158287e+01 
3.500e+01 ; 8.000e-01 ; 1.200e+00 ; 1.0006500e+02 ; 9.9157898e+01 
3.500e+01 ; 8.000e-01 ; 1.200e+00 ; 1.0012900e+02 ; 9.9156998e+01 
3.500e+01 ; 8.000e-01 ; 1.200e+00 ; 1.0025700e+02 ; 9.9154747e+01 
3.500e+01 ; 8.000e-01 ; 1.200e+00 ; 1.0051300e+02 ; 9.9148346e+01 
3.500e+01 ; 8.000e-01 ; 1.200e+00 ; 1.0100000e+02 ; 9.9128883e+01 
3.500e+01 ; 8.000e-01 ; 1.200e+00 ; 1.0100000e+02 ; 9.9128883e+01 
3.500e+01 ; 8.000e-01 ; 1.200e+00 ; 1.0100100e+02 ; 9.9128845e+01 
3.500e+01 ; 8.000e-01 ; 1.200e+00 ; 1.0100200e+02 ; 9.9128807e+01 
3.500e+01 ; 8.000e-01 ; 1.200e+00 ; 1.0100300e+02 ; 9.9128769e+01 
3.500e+01 ; 8.000e-01 ; 1.200e+00 ; 1.0100500e+02 ; 9.9128685e+01 
3.500e+01 ; 8.000e-01 ; 1.200e+00 ; 1.0100900e+02 ; 9.9128525e+01 
3.500e+01 ; 8.000e-01 ; 1.200e+00 ; 1.0101700e+02 ; 9.9128197e+01 
3.500e+01 ; 8.000e-01 ; 1.200e+00 ; 1.0103300e+02 ; 9.9127548e+01 
3.500e+01 ; 8.000e-01 ; 1.200e+00 ; 1.0106500e+02 ; 9.9126198e+01 
3.500e+01 ; 8.000e-01 ; 1.200e+00 ; 1.0112900e+02 ; 9.9123390e+01 
3.500e+01 ; 8.000e-01 ; 1.200e+00 ; 1.0125700e+02 ; 9.9117249e+01 
3.500e+01 ; 8.000e-01 ; 1.200e+00 ; 1.0151300e+02 ; 9.9102875e+01 
3.500e+01 ; 8.000e-01 ; 1.200e+00 ; 1.0200000e+02 ; 9.9067993e+01 
3.500e+01 ; 8.000e-01 ; 1.200e+00 ; 1.0200000e+02 ; 9.9067993e+01 
3.500e+01 ; 8.000e-01 ; 1.200e+00 ; 1.0200100e+02 ; 9.9067924e+01 
3.500e+01 ; 8.000e-01 ; 1.200e+00 ; 1.0200200e+02 ; 9.9067848e+01 
3.500e+01 ; 8.000e-01 ; 1.200e+00 ; 1.0200300e+02 ; 9.9067780e+01 
3.500e+01 ; 8.000e-01 ; 1.200e+00 ; 1.0200500e+02 ; 9.9067635e+01 
3.500e+01 ; 8.000e-01 ; 1.200e+00 ; 1.0200900e+02 ; 9.9067352e+01 
3.500e+01 ; 8.000e-01 ; 1.200e+00 ; 1.0201700e+02 ; 9.9066772e+01 
3.500e+01 ; 8.000e-01 ; 1.200e+00 ; 1.0203300e+02 ; 9.9065605e+01 
3.500e+01 ; 8.000e-01 ; 1.200e+00 ; 1.0206500e+02 ; 9.9063248e+01 
3.500e+01 ; 8.000e-01 ; 1.200e+00 ; 1.0212900e+02 ; 9.9058403e+01 
3.500e+01 ; 8.000e-01 ; 1.200e+00 ; 1.0225700e+02 ; 9.9048187e+01 
3.500e+01 ; 8.000e-01 ; 1.200e+00 ; 1.0251300e+02 ; 9.9025703e+01 
3.500e+01 ; 8.000e-01 ; 1.200e+00 ; 1.0300000e+02 ; 9.8975739e+01 
3.500e+01 ; 8.000e-01 ; 1.200e+00 ; 1.0300000e+02 ; 9.8975739e+01 
3.500e+01 ; 8.000e-01 ; 1.200e+00 ; 1.0300100e+02 ; 9.8975632e+01 
3.500e+01 ; 8.000e-01 ; 1.200e+00 ; 1.0300200e+02 ; 9.8975533e+01 
3.500e+01 ; 8.000e-01 ; 1.200e+00 ; 1.0300300e+02 ; 9.8975426e+01 
3.500e+01 ; 8.000e-01 ; 1.200e+00 ; 1.0300500e+02 ; 9.8975220e+01 
3.500e+01 ; 8.000e-01 ; 1.200e+00 ; 1.0300900e+02 ; 9.8974808e+01 
3.500e+01 ; 8.000e-01 ; 1.200e+00 ; 1.0301700e+02 ; 9.8973984e+01 
3.500e+01 ; 8.000e-01 ; 1.200e+00 ; 1.0303300e+02 ; 9.8972328e+01 
3.500e+01 ; 8.000e-01 ; 1.200e+00 ; 1.0306500e+02 ; 9.8968979e+01 
3.500e+01 ; 8.000e-01 ; 1.200e+00 ; 1.0312900e+02 ; 9.8962166e+01 
3.500e+01 ; 8.000e-01 ; 1.200e+00 ; 1.0325700e+02 ; 9.8948044e+01 
3.500e+01 ; 8.000e-01 ; 1.200e+00 ; 1.0351300e+02 ; 9.8917915e+01 
3.500e+01 ; 8.000e-01 ; 1.200e+00 ; 1.0400000e+02 ; 9.8854111e+01 
3.500e+01 ; 8.000e-01 ; 1.200e+00 ; 1.0400000e+02 ; 9.8854111e+01 
3.500e+01 ; 8.000e-01 ; 1.200e+00 ; 1.0400100e+02 ; 9.8853973e+01 
3.500e+01 ; 8.000e-01 ; 1.200e+00 ; 1.0400200e+02 ; 9.8853844e+01 
3.500e+01 ; 8.000e-01 ; 1.200e+00 ; 1.0400300e+02 ; 9.8853714e+01 
3.500e+01 ; 8.000e-01 ; 1.200e+00 ; 1.0400500e+02 ; 9.8853455e+01 
3.500e+01 ; 8.000e-01 ; 1.200e+00 ; 1.0400900e+02 ; 9.8852928e+01 
3.500e+01 ; 8.000e-01 ; 1.200e+00 ; 1.0401700e+02 ; 9.8851875e+01 
3.500e+01 ; 8.000e-01 ; 1.200e+00 ; 1.0403300e+02 ; 9.8849762e+01 
3.500e+01 ; 8.000e-01 ; 1.200e+00 ; 1.0406500e+02 ; 9.8845512e+01 
3.500e+01 ; 8.000e-01 ; 1.200e+00 ; 1.0412900e+02 ; 9.8836906e+01 
3.500e+01 ; 8.000e-01 ; 1.200e+00 ; 1.0425700e+02 ; 9.8819260e+01 
3.500e+01 ; 8.000e-01 ; 1.200e+00 ; 1.0451300e+02 ; 9.8782295e+01 
3.500e+01 ; 8.000e-01 ; 1.200e+00 ; 1.0500000e+02 ; 9.8706421e+01 
3.500e+01 ; 8.000e-01 ; 1.200e+00 ; 1.0500000e+02 ; 9.8706421e+01 
3.500e+01 ; 8.000e-01 ; 1.200e+00 ; 1.0500100e+02 ; 9.8706268e+01 
3.500e+01 ; 8.000e-01 ; 1.200e+00 ; 1.0500200e+02 ; 9.8706108e+01 
3.500e+01 ; 8.000e-01 ; 1.200e+00 ; 1.0500300e+02 ; 9.8705956e+01 
3.500e+01 ; 8.000e-01 ; 1.200e+00 ; 1.0500500e+02 ; 9.8705643e+01 
3.500e+01 ; 8.000e-01 ; 1.200e+00 ; 1.0500900e+02 ; 9.8705017e+01 
3.500e+01 ; 8.000e-01 ; 1.200e+00 ; 1.0501700e+02 ; 9.8703766e+01 
3.500e+01 ; 8.000e-01 ; 1.200e+00 ; 1.0503300e+02 ; 9.8701263e+01 
3.500e+01 ; 8.000e-01 ; 1.200e+00 ; 1.0506500e+02 ; 9.8696228e+01 
3.500e+01 ; 8.000e-01 ; 1.200e+00 ; 1.0512900e+02 ; 9.8686066e+01 
3.500e+01 ; 8.000e-01 ; 1.200e+00 ; 1.0525700e+02 ; 9.8665375e+01 
3.500e+01 ; 8.000e-01 ; 1.200e+00 ; 1.0551300e+02 ; 9.8622589e+01 
3.500e+01 ; 8.000e-01 ; 1.200e+00 ; 1.0600000e+02 ; 9.8536606e+01 
3.500e+01 ; 8.000e-01 ; 1.200e+00 ; 1.0600000e+02 ; 9.8536606e+01 
3.500e+01 ; 8.000e-01 ; 1.200e+00 ; 1.0601000e+02 ; 9.8534843e+01 
3.500e+01 ; 8.000e-01 ; 1.200e+00 ; 1.0602000e+02 ; 9.8533073e+01 
3.500e+01 ; 8.000e-01 ; 1.200e+00 ; 1.0603000e+02 ; 9.8531296e+01 
3.500e+01 ; 8.000e-01 ; 1.200e+00 ; 1.0605000e+02 ; 9.8527748e+01 
3.500e+01 ; 8.000e-01 ; 1.200e+00 ; 1.0609000e+02 ; 9.8520615e+01 
3.500e+01 ; 8.000e-01 ; 1.200e+00 ; 1.0617000e+02 ; 9.8506233e+01 
3.500e+01 ; 8.000e-01 ; 1.200e+00 ; 1.0633000e+02 ; 9.8477013e+01 
3.500e+01 ; 8.000e-01 ; 1.200e+00 ; 1.0665000e+02 ; 9.8416855e+01 
3.500e+01 ; 8.000e-01 ; 1.200e+00 ; 1.0729000e+02 ; 9.8290718e+01 
3.500e+01 ; 8.000e-01 ; 1.200e+00 ; 1.0825000e+02 ; 9.8091530e+01 
3.500e+01 ; 8.000e-01 ; 1.200e+00 ; 1.0969000e+02 ; 9.7779137e+01 
3.500e+01 ; 8.000e-01 ; 1.200e+00 ; 1.1100000e+02 ; 9.7489197e+01