X ; Y ; Z ; time ; Temperature 
3.500e+01 ; 8.000e-01 ; 2.400e+00 ; 0.0000000e+00 ; 2.7600000e+02 
3.500e+01 ; 8.000e-01 ; 2.400e+00 ; 1.0000000e-03 ; 2.7600000e+02 
3.500e+01 ; 8.000e-01 ; 2.400e+00 ; 2.0000001e-03 ; 2.7600000e+02 
3.500e+01 ; 8.000e-01 ; 2.400e+00 ; 3.0000000e-03 ; 2.7600000e+02 
3.500e+01 ; 8.000e-01 ; 2.400e+00 ; 4.9999999e-03 ; 2.7600000e+02 
3.500e+01 ; 8.000e-01 ; 2.400e+00 ; 8.9999996e-03 ; 2.7600000e+02 
3.500e+01 ; 8.000e-01 ; 2.400e+00 ; 1.7000001e-02 ; 2.7600000e+02 
3.500e+01 ; 8.000e-01 ; 2.400e+00 ; 3.3000000e-02 ; 2.7600000e+02 
3.500e+01 ; 8.000e-01 ; 2.400e+00 ; 6.4999998e-02 ; 2.7600000e+02 
3.500e+01 ; 8.000e-01 ; 2.400e+00 ; 1.2899999e-01 ; 2.7600000e+02 
3.500e+01 ; 8.000e-01 ; 2.400e+00 ; 2.5700000e-01 ; 2.7600000e+02 
3.500e+01 ; 8.000e-01 ; 2.400e+00 ; 5.1300001e-01 ; 2.7600000e+02 
3.500e+01 ; 8.000e-01 ; 2.400e+00 ; 1.0000000e+00 ; 2.7600000e+02 
3.500e+01 ; 8.000e-01 ; 2.400e+00 ; 1.0000000e+00 ; 2.7600000e+02 
3.500e+01 ; 8.000e-01 ; 2.400e+00 ; 1.0010000e+00 ; 2.7600000e+02 
3.500e+01 ; 8.000e-01 ; 2.400e+00 ; 1.0020000e+00 ; 2.7600000e+02 
3.500e+01 ; 8.000e-01 ; 2.400e+00 ; 1.0030000e+00 ; 2.7600000e+02 
3.500e+01 ; 8.000e-01 ; 2.400e+00 ; 1.0050000e+00 ; 2.7600000e+02 
3.500e+01 ; 8.000e-01 ; 2.400e+00 ; 1.0090000e+00 ; 2.7600000e+02 
3.500e+01 ; 8.000e-01 ; 2.400e+00 ; 1.0170000e+00 ; 2.7600000e+02 
3.500e+01 ; 8.000e-01 ; 2.400e+00 ; 1.0330000e+00 ; 2.7600000e+02 
3.500e+01 ; 8.000e-01 ; 2.400e+00 ; 1.0650000e+00 ; 2.7600000e+02 
3.500e+01 ; 8.000e-01 ; 2.400e+00 ; 1.1290000e+00 ; 2.7600000e+02 
3.500e+01 ; 8.000e-01 ; 2.400e+00 ; 1.2570000e+00 ; 2.7600000e+02 
3.500e+01 ; 8.000e-01 ; 2.400e+00 ; 1.5130000e+00 ; 2.7600000e+02 
3.500e+01 ; 8.000e-01 ; 2.400e+00 ; 2.0000000e+00 ; 2.7600000e+02 
3.500e+01 ; 8.000e-01 ; 2.400e+00 ; 2.0000000e+00 ; 2.7600000e+02 
3.500e+01 ; 8.000e-01 ; 2.400e+00 ; 2.0010000e+00 ; 2.7600000e+02 
3.500e+01 ; 8.000e-01 ; 2.400e+00 ; 2.0020000e+00 ; 2.7600000e+02 
3.500e+01 ; 8.000e-01 ; 2.400e+00 ; 2.0030000e+00 ; 2.7600000e+02 
3.500e+01 ; 8.000e-01 ; 2.400e+00 ; 2.0050000e+00 ; 2.7600000e+02 
3.500e+01 ; 8.000e-01 ; 2.400e+00 ; 2.0090000e+00 ; 2.7600000e+02 
3.500e+01 ; 8.000e-01 ; 2.400e+00 ; 2.0170000e+00 ; 2.7600000e+02 
3.500e+01 ; 8.000e-01 ; 2.400e+00 ; 2.0330000e+00 ; 2.7600000e+02 
3.500e+01 ; 8.000e-01 ; 2.400e+00 ; 2.0650000e+00 ; 2.7600000e+02 
3.500e+01 ; 8.000e-01 ; 2.400e+00 ; 2.1290000e+00 ; 2.7600000e+02 
3.500e+01 ; 8.000e-01 ; 2.400e+00 ; 2.2570000e+00 ; 2.7600000e+02 
3.500e+01 ; 8.000e-01 ; 2.400e+00 ; 2.5130000e+00 ; 2.7600000e+02 
3.500e+01 ; 8.000e-01 ; 2.400e+00 ; 3.0000000e+00 ; 2.7600000e+02 
3.500e+01 ; 8.000e-01 ; 2.400e+00 ; 3.0000000e+00 ; 2.7600000e+02 
3.500e+01 ; 8.000e-01 ; 2.400e+00 ; 3.0010000e+00 ; 2.7600000e+02 
3.500e+01 ; 8.000e-01 ; 2.400e+00 ; 3.0020000e+00 ; 2.7600000e+02 
3.500e+01 ; 8.000e-01 ; 2.400e+00 ; 3.0030000e+00 ; 2.7600000e+02 
3.500e+01 ; 8.000e-01 ; 2.400e+00 ; 3.0050000e+00 ; 2.7600000e+02 
3.500e+01 ; 8.000e-01 ; 2.400e+00 ; 3.0090000e+00 ; 2.7600000e+02 
3.500e+01 ; 8.000e-01 ; 2.400e+00 ; 3.0170000e+00 ; 2.7600000e+02 
3.500e+01 ; 8.000e-01 ; 2.400e+00 ; 3.0330000e+00 ; 2.7600000e+02 
3.500e+01 ; 8.000e-01 ; 2.400e+00 ; 3.0650000e+00 ; 2.7600000e+02 
3.500e+01 ; 8.000e-01 ; 2.400e+00 ; 3.1290000e+00 ; 2.7600000e+02 
3.500e+01 ; 8.000e-01 ; 2.400e+00 ; 3.2570000e+00 ; 2.7600000e+02 
3.500e+01 ; 8.000e-01 ; 2.400e+00 ; 3.5130000e+00 ; 2.7600000e+02 
3.500e+01 ; 8.000e-01 ; 2.400e+00 ; 4.0000000e+00 ; 2.7600000e+02 
3.500e+01 ; 8.000e-01 ; 2.400e+00 ; 4.0000000e+00 ; 2.7600000e+02 
3.500e+01 ; 8.000e-01 ; 2.400e+00 ; 4.0010000e+00 ; 2.7600000e+02 
3.500e+01 ; 8.000e-01 ; 2.400e+00 ; 4.0020000e+00 ; 2.7600000e+02 
3.500e+01 ; 8.000e-01 ; 2.400e+00 ; 4.0030000e+00 ; 2.7600000e+02 
3.500e+01 ; 8.000e-01 ; 2.400e+00 ; 4.0050000e+00 ; 2.7600000e+02 
3.500e+01 ; 8.000e-01 ; 2.400e+00 ; 4.0090000e+00 ; 2.7600000e+02 
3.500e+01 ; 8.000e-01 ; 2.400e+00 ; 4.0170000e+00 ; 2.7600000e+02 
3.500e+01 ; 8.000e-01 ; 2.400e+00 ; 4.0330000e+00 ; 2.7600000e+02 
3.500e+01 ; 8.000e-01 ; 2.400e+00 ; 4.0650000e+00 ; 2.7600000e+02 
3.500e+01 ; 8.000e-01 ; 2.400e+00 ; 4.1290000e+00 ; 2.7600000e+02 
3.500e+01 ; 8.000e-01 ; 2.400e+00 ; 4.2570000e+00 ; 2.7600000e+02 
3.500e+01 ; 8.000e-01 ; 2.400e+00 ; 4.5130000e+00 ; 2.7600000e+02 
3.500e+01 ; 8.000e-01 ; 2.400e+00 ; 5.0000000e+00 ; 2.7600000e+02 
3.500e+01 ; 8.000e-01 ; 2.400e+00 ; 5.0000000e+00 ; 2.7600000e+02 
3.500e+01 ; 8.000e-01 ; 2.400e+00 ; 5.0010000e+00 ; 2.7600000e+02 
3.500e+01 ; 8.000e-01 ; 2.400e+00 ; 5.0020000e+00 ; 2.7600000e+02 
3.500e+01 ; 8.000e-01 ; 2.400e+00 ; 5.0030000e+00 ; 2.7600000e+02 
3.500e+01 ; 8.000e-01 ; 2.400e+00 ; 5.0050000e+00 ; 2.7600000e+02 
3.500e+01 ; 8.000e-01 ; 2.400e+00 ; 5.0090000e+00 ; 2.7600000e+02 
3.500e+01 ; 8.000e-01 ; 2.400e+00 ; 5.0170000e+00 ; 2.7600000e+02 
3.500e+01 ; 8.000e-01 ; 2.400e+00 ; 5.0330000e+00 ; 2.7600000e+02 
3.500e+01 ; 8.000e-01 ; 2.400e+00 ; 5.0650000e+00 ; 2.7600000e+02 
3.500e+01 ; 8.000e-01 ; 2.400e+00 ; 5.1290000e+00 ; 2.7600000e+02 
3.500e+01 ; 8.000e-01 ; 2.400e+00 ; 5.2570000e+00 ; 2.7600000e+02 
3.500e+01 ; 8.000e-01 ; 2.400e+00 ; 5.5130000e+00 ; 2.7600000e+02 
3.500e+01 ; 8.000e-01 ; 2.400e+00 ; 6.0000000e+00 ; 2.7600000e+02 
3.500e+01 ; 8.000e-01 ; 2.400e+00 ; 6.0000000e+00 ; 2.7600000e+02 
3.500e+01 ; 8.000e-01 ; 2.400e+00 ; 6.0010000e+00 ; 2.7600000e+02 
3.500e+01 ; 8.000e-01 ; 2.400e+00 ; 6.0020000e+00 ; 2.7600000e+02 
3.500e+01 ; 8.000e-01 ; 2.400e+00 ; 6.0030000e+00 ; 2.7600000e+02 
3.500e+01 ; 8.000e-01 ; 2.400e+00 ; 6.0050000e+00 ; 2.7600000e+02 
3.500e+01 ; 8.000e-01 ; 2.400e+00 ; 6.0090000e+00 ; 2.7600000e+02 
3.500e+01 ; 8.000e-01 ; 2.400e+00 ; 6.0170000e+00 ; 2.7600000e+02 
3.500e+01 ; 8.000e-01 ; 2.400e+00 ; 6.0330000e+00 ; 2.7600000e+02 
3.500e+01 ; 8.000e-01 ; 2.400e+00 ; 6.0650000e+00 ; 2.7600000e+02 
3.500e+01 ; 8.000e-01 ; 2.400e+00 ; 6.1290000e+00 ; 2.7600000e+02 
3.500e+01 ; 8.000e-01 ; 2.400e+00 ; 6.2570000e+00 ; 2.7600000e+02 
3.500e+01 ; 8.000e-01 ; 2.400e+00 ; 6.5130000e+00 ; 2.7600000e+02 
3.500e+01 ; 8.000e-01 ; 2.400e+00 ; 7.0000000e+00 ; 2.7600000e+02 
3.500e+01 ; 8.000e-01 ; 2.400e+00 ; 7.0000000e+00 ; 2.7600000e+02 
3.500e+01 ; 8.000e-01 ; 2.400e+00 ; 7.0010000e+00 ; 2.7600000e+02 
3.500e+01 ; 8.000e-01 ; 2.400e+00 ; 7.0020000e+00 ; 2.7600000e+02 
3.500e+01 ; 8.000e-01 ; 2.400e+00 ; 7.0030000e+00 ; 2.7600000e+02 
3.500e+01 ; 8.000e-01 ; 2.400e+00 ; 7.0050000e+00 ; 2.7600000e+02 
3.500e+01 ; 8.000e-01 ; 2.400e+00 ; 7.0090000e+00 ; 2.7600000e+02 
3.500e+01 ; 8.000e-01 ; 2.400e+00 ; 7.0170000e+00 ; 2.7600000e+02 
3.500e+01 ; 8.000e-01 ; 2.400e+00 ; 7.0330000e+00 ; 2.7600000e+02 
3.500e+01 ; 8.000e-01 ; 2.400e+00 ; 7.0650000e+00 ; 2.7600000e+02 
3.500e+01 ; 8.000e-01 ; 2.400e+00 ; 7.1290000e+00 ; 2.7600000e+02 
3.500e+01 ; 8.000e-01 ; 2.400e+00 ; 7.2570000e+00 ; 2.7600000e+02 
3.500e+01 ; 8.000e-01 ; 2.400e+00 ; 7.5130000e+00 ; 2.7600000e+02 
3.500e+01 ; 8.000e-01 ; 2.400e+00 ; 8.0000000e+00 ; 2.7600000e+02 
3.500e+01 ; 8.000e-01 ; 2.400e+00 ; 8.0000000e+00 ; 2.7600000e+02 
3.500e+01 ; 8.000e-01 ; 2.400e+00 ; 8.0010000e+00 ; 2.7600000e+02 
3.500e+01 ; 8.000e-01 ; 2.400e+00 ; 8.0020000e+00 ; 2.7600000e+02 
3.500e+01 ; 8.000e-01 ; 2.400e+00 ; 8.0030000e+00 ; 2.7600000e+02 
3.500e+01 ; 8.000e-01 ; 2.400e+00 ; 8.0050000e+00 ; 2.7600000e+02 
3.500e+01 ; 8.000e-01 ; 2.400e+00 ; 8.0090000e+00 ; 2.7600000e+02 
3.500e+01 ; 8.000e-01 ; 2.400e+00 ; 8.0170000e+00 ; 2.7600000e+02 
3.500e+01 ; 8.000e-01 ; 2.400e+00 ; 8.0330000e+00 ; 2.7600000e+02 
3.500e+01 ; 8.000e-01 ; 2.400e+00 ; 8.0650000e+00 ; 2.7600000e+02 
3.500e+01 ; 8.000e-01 ; 2.400e+00 ; 8.1290000e+00 ; 2.7600000e+02 
3.500e+01 ; 8.000e-01 ; 2.400e+00 ; 8.2570000e+00 ; 2.7600000e+02 
3.500e+01 ; 8.000e-01 ; 2.400e+00 ; 8.5130000e+00 ; 2.7600000e+02 
3.500e+01 ; 8.000e-01 ; 2.400e+00 ; 9.0000000e+00 ; 2.7600000e+02 
3.500e+01 ; 8.000e-01 ; 2.400e+00 ; 9.0000000e+00 ; 2.7600000e+02 
3.500e+01 ; 8.000e-01 ; 2.400e+00 ; 9.0010000e+00 ; 2.7600000e+02 
3.500e+01 ; 8.000e-01 ; 2.400e+00 ; 9.0020000e+00 ; 2.7600000e+02 
3.500e+01 ; 8.000e-01 ; 2.400e+00 ; 9.0030000e+00 ; 2.7600000e+02 
3.500e+01 ; 8.000e-01 ; 2.400e+00 ; 9.0050000e+00 ; 2.7600000e+02 
3.500e+01 ; 8.000e-01 ; 2.400e+00 ; 9.0090000e+00 ; 2.7600000e+02 
3.500e+01 ; 8.000e-01 ; 2.400e+00 ; 9.0170000e+00 ; 2.7600000e+02 
3.500e+01 ; 8.000e-01 ; 2.400e+00 ; 9.0330000e+00 ; 2.7600000e+02 
3.500e+01 ; 8.000e-01 ; 2.400e+00 ; 9.0650000e+00 ; 2.7600000e+02 
3.500e+01 ; 8.000e-01 ; 2.400e+00 ; 9.1290000e+00 ; 2.7600000e+02 
3.500e+01 ; 8.000e-01 ; 2.400e+00 ; 9.2570000e+00 ; 2.7600000e+02 
3.500e+01 ; 8.000e-01 ; 2.400e+00 ; 9.5130000e+00 ; 2.7600000e+02 
3.500e+01 ; 8.000e-01 ; 2.400e+00 ; 1.0000000e+01 ; 2.7600000e+02 
3.500e+01 ; 8.000e-01 ; 2.400e+00 ; 1.0000000e+01 ; 2.7600000e+02 
3.500e+01 ; 8.000e-01 ; 2.400e+00 ; 1.0001000e+01 ; 2.7600000e+02 
3.500e+01 ; 8.000e-01 ; 2.400e+00 ; 1.0002000e+01 ; 2.7600000e+02 
3.500e+01 ; 8.000e-01 ; 2.400e+00 ; 1.0003000e+01 ; 2.7600000e+02 
3.500e+01 ; 8.000e-01 ; 2.400e+00 ; 1.0005000e+01 ; 2.7600000e+02 
3.500e+01 ; 8.000e-01 ; 2.400e+00 ; 1.0009000e+01 ; 2.7600000e+02 
3.500e+01 ; 8.000e-01 ; 2.400e+00 ; 1.0017000e+01 ; 2.7600000e+02 
3.500e+01 ; 8.000e-01 ; 2.400e+00 ; 1.0033000e+01 ; 2.7600000e+02 
3.500e+01 ; 8.000e-01 ; 2.400e+00 ; 1.0065000e+01 ; 2.7600000e+02 
3.500e+01 ; 8.000e-01 ; 2.400e+00 ; 1.0129000e+01 ; 2.7600000e+02 
3.500e+01 ; 8.000e-01 ; 2.400e+00 ; 1.0257000e+01 ; 2.7600000e+02 
3.500e+01 ; 8.000e-01 ; 2.400e+00 ; 1.0513000e+01 ; 2.7600000e+02 
3.500e+01 ; 8.000e-01 ; 2.400e+00 ; 1.1000000e+01 ; 2.7600000e+02 
3.500e+01 ; 8.000e-01 ; 2.400e+00 ; 1.1000000e+01 ; 2.7600000e+02 
3.500e+01 ; 8.000e-01 ; 2.400e+00 ; 1.1001000e+01 ; 2.7600000e+02 
3.500e+01 ; 8.000e-01 ; 2.400e+00 ; 1.1002000e+01 ; 2.7600000e+02 
3.500e+01 ; 8.000e-01 ; 2.400e+00 ; 1.1003000e+01 ; 2.7600000e+02 
3.500e+01 ; 8.000e-01 ; 2.400e+00 ; 1.1005000e+01 ; 2.7600000e+02 
3.500e+01 ; 8.000e-01 ; 2.400e+00 ; 1.1009000e+01 ; 2.7600000e+02 
3.500e+01 ; 8.000e-01 ; 2.400e+00 ; 1.1017000e+01 ; 2.7600000e+02 
3.500e+01 ; 8.000e-01 ; 2.400e+00 ; 1.1033000e+01 ; 2.7600000e+02 
3.500e+01 ; 8.000e-01 ; 2.400e+00 ; 1.1065000e+01 ; 2.7600000e+02 
3.500e+01 ; 8.000e-01 ; 2.400e+00 ; 1.1129000e+01 ; 2.7600000e+02 
3.500e+01 ; 8.000e-01 ; 2.400e+00 ; 1.1257000e+01 ; 2.7600000e+02 
3.500e+01 ; 8.000e-01 ; 2.400e+00 ; 1.1513000e+01 ; 2.7600000e+02 
3.500e+01 ; 8.000e-01 ; 2.400e+00 ; 1.2000000e+01 ; 2.7600000e+02 
3.500e+01 ; 8.000e-01 ; 2.400e+00 ; 1.2000000e+01 ; 2.7600000e+02 
3.500e+01 ; 8.000e-01 ; 2.400e+00 ; 1.2001000e+01 ; 2.7600000e+02 
3.500e+01 ; 8.000e-01 ; 2.400e+00 ; 1.2002000e+01 ; 2.7600000e+02 
3.500e+01 ; 8.000e-01 ; 2.400e+00 ; 1.2003000e+01 ; 2.7600000e+02 
3.500e+01 ; 8.000e-01 ; 2.400e+00 ; 1.2005000e+01 ; 2.7600000e+02 
3.500e+01 ; 8.000e-01 ; 2.400e+00 ; 1.2009000e+01 ; 2.7600000e+02 
3.500e+01 ; 8.000e-01 ; 2.400e+00 ; 1.2017000e+01 ; 2.7600000e+02 
3.500e+01 ; 8.000e-01 ; 2.400e+00 ; 1.2033000e+01 ; 2.7600000e+02 
3.500e+01 ; 8.000e-01 ; 2.400e+00 ; 1.2065000e+01 ; 2.7600000e+02 
3.500e+01 ; 8.000e-01 ; 2.400e+00 ; 1.2129000e+01 ; 2.7600000e+02 
3.500e+01 ; 8.000e-01 ; 2.400e+00 ; 1.2257000e+01 ; 2.7600000e+02 
3.500e+01 ; 8.000e-01 ; 2.400e+00 ; 1.2513000e+01 ; 2.7600000e+02 
3.500e+01 ; 8.000e-01 ; 2.400e+00 ; 1.3000000e+01 ; 2.7600000e+02 
3.500e+01 ; 8.000e-01 ; 2.400e+00 ; 1.3000000e+01 ; 2.7600000e+02 
3.500e+01 ; 8.000e-01 ; 2.400e+00 ; 1.3001000e+01 ; 2.7600000e+02 
3.500e+01 ; 8.000e-01 ; 2.400e+00 ; 1.3002000e+01 ; 2.7600000e+02 
3.500e+01 ; 8.000e-01 ; 2.400e+00 ; 1.3003000e+01 ; 2.7600000e+02 
3.500e+01 ; 8.000e-01 ; 2.400e+00 ; 1.3005000e+01 ; 2.7600000e+02 
3.500e+01 ; 8.000e-01 ; 2.400e+00 ; 1.3009000e+01 ; 2.7600000e+02 
3.500e+01 ; 8.000e-01 ; 2.400e+00 ; 1.3017000e+01 ; 2.7600000e+02 
3.500e+01 ; 8.000e-01 ; 2.400e+00 ; 1.3033000e+01 ; 2.7600000e+02 
3.500e+01 ; 8.000e-01 ; 2.400e+00 ; 1.3065000e+01 ; 2.7600000e+02 
3.500e+01 ; 8.000e-01 ; 2.400e+00 ; 1.3129000e+01 ; 2.7600000e+02 
3.500e+01 ; 8.000e-01 ; 2.400e+00 ; 1.3257000e+01 ; 2.7600000e+02 
3.500e+01 ; 8.000e-01 ; 2.400e+00 ; 1.3513000e+01 ; 2.7600000e+02 
3.500e+01 ; 8.000e-01 ; 2.400e+00 ; 1.4000000e+01 ; 2.7600000e+02 
3.500e+01 ; 8.000e-01 ; 2.400e+00 ; 1.4000000e+01 ; 2.7600000e+02 
3.500e+01 ; 8.000e-01 ; 2.400e+00 ; 1.4001000e+01 ; 2.7600000e+02 
3.500e+01 ; 8.000e-01 ; 2.400e+00 ; 1.4002000e+01 ; 2.7600000e+02 
3.500e+01 ; 8.000e-01 ; 2.400e+00 ; 1.4003000e+01 ; 2.7600000e+02 
3.500e+01 ; 8.000e-01 ; 2.400e+00 ; 1.4005000e+01 ; 2.7600000e+02 
3.500e+01 ; 8.000e-01 ; 2.400e+00 ; 1.4009000e+01 ; 2.7600000e+02 
3.500e+01 ; 8.000e-01 ; 2.400e+00 ; 1.4017000e+01 ; 2.7600000e+02 
3.500e+01 ; 8.000e-01 ; 2.400e+00 ; 1.4033000e+01 ; 2.7600000e+02 
3.500e+01 ; 8.000e-01 ; 2.400e+00 ; 1.4065000e+01 ; 2.7600000e+02 
3.500e+01 ; 8.000e-01 ; 2.400e+00 ; 1.4129000e+01 ; 2.7600000e+02 
3.500e+01 ; 8.000e-01 ; 2.400e+00 ; 1.4257000e+01 ; 2.7600000e+02 
3.500e+01 ; 8.000e-01 ; 2.400e+00 ; 1.4513000e+01 ; 2.7600000e+02 
3.500e+01 ; 8.000e-01 ; 2.400e+00 ; 1.5000000e+01 ; 2.7600000e+02 
3.500e+01 ; 8.000e-01 ; 2.400e+00 ; 1.5000000e+01 ; 2.7600000e+02 
3.500e+01 ; 8.000e-01 ; 2.400e+00 ; 1.5001000e+01 ; 2.7600000e+02 
3.500e+01 ; 8.000e-01 ; 2.400e+00 ; 1.5002000e+01 ; 2.7600000e+02 
3.500e+01 ; 8.000e-01 ; 2.400e+00 ; 1.5003000e+01 ; 2.7600000e+02 
3.500e+01 ; 8.000e-01 ; 2.400e+00 ; 1.5005000e+01 ; 2.7600000e+02 
3.500e+01 ; 8.000e-01 ; 2.400e+00 ; 1.5009000e+01 ; 2.7600000e+02 
3.500e+01 ; 8.000e-01 ; 2.400e+00 ; 1.5017000e+01 ; 2.7600000e+02 
3.500e+01 ; 8.000e-01 ; 2.400e+00 ; 1.5033000e+01 ; 2.7600000e+02 
3.500e+01 ; 8.000e-01 ; 2.400e+00 ; 1.5065000e+01 ; 2.7600000e+02 
3.500e+01 ; 8.000e-01 ; 2.400e+00 ; 1.5129000e+01 ; 2.7600000e+02 
3.500e+01 ; 8.000e-01 ; 2.400e+00 ; 1.5257000e+01 ; 2.7600000e+02 
3.500e+01 ; 8.000e-01 ; 2.400e+00 ; 1.5513000e+01 ; 2.7600000e+02 
3.500e+01 ; 8.000e-01 ; 2.400e+00 ; 1.6000000e+01 ; 2.7600000e+02 
3.500e+01 ; 8.000e-01 ; 2.400e+00 ; 1.6000000e+01 ; 2.7600000e+02 
3.500e+01 ; 8.000e-01 ; 2.400e+00 ; 1.6001000e+01 ; 2.7600000e+02 
3.500e+01 ; 8.000e-01 ; 2.400e+00 ; 1.6002000e+01 ; 2.7600000e+02 
3.500e+01 ; 8.000e-01 ; 2.400e+00 ; 1.6003000e+01 ; 2.7600000e+02 
3.500e+01 ; 8.000e-01 ; 2.400e+00 ; 1.6005000e+01 ; 2.7600000e+02 
3.500e+01 ; 8.000e-01 ; 2.400e+00 ; 1.6009000e+01 ; 2.7600000e+02 
3.500e+01 ; 8.000e-01 ; 2.400e+00 ; 1.6017000e+01 ; 2.7600000e+02 
3.500e+01 ; 8.000e-01 ; 2.400e+00 ; 1.6033000e+01 ; 2.7600000e+02 
3.500e+01 ; 8.000e-01 ; 2.400e+00 ; 1.6065000e+01 ; 2.7600000e+02 
3.500e+01 ; 8.000e-01 ; 2.400e+00 ; 1.6129000e+01 ; 2.7600000e+02 
3.500e+01 ; 8.000e-01 ; 2.400e+00 ; 1.6257000e+01 ; 2.7600000e+02 
3.500e+01 ; 8.000e-01 ; 2.400e+00 ; 1.6513000e+01 ; 2.7600000e+02 
3.500e+01 ; 8.000e-01 ; 2.400e+00 ; 1.7000000e+01 ; 2.7600000e+02 
3.500e+01 ; 8.000e-01 ; 2.400e+00 ; 1.7000000e+01 ; 2.7600000e+02 
3.500e+01 ; 8.000e-01 ; 2.400e+00 ; 1.7001000e+01 ; 2.7600000e+02 
3.500e+01 ; 8.000e-01 ; 2.400e+00 ; 1.7002000e+01 ; 2.7600000e+02 
3.500e+01 ; 8.000e-01 ; 2.400e+00 ; 1.7003000e+01 ; 2.7600000e+02 
3.500e+01 ; 8.000e-01 ; 2.400e+00 ; 1.7005000e+01 ; 2.7600000e+02 
3.500e+01 ; 8.000e-01 ; 2.400e+00 ; 1.7009000e+01 ; 2.7600000e+02 
3.500e+01 ; 8.000e-01 ; 2.400e+00 ; 1.7017000e+01 ; 2.7600000e+02 
3.500e+01 ; 8.000e-01 ; 2.400e+00 ; 1.7033000e+01 ; 2.7600000e+02 
3.500e+01 ; 8.000e-01 ; 2.400e+00 ; 1.7065000e+01 ; 2.7600000e+02 
3.500e+01 ; 8.000e-01 ; 2.400e+00 ; 1.7129000e+01 ; 2.7600000e+02 
3.500e+01 ; 8.000e-01 ; 2.400e+00 ; 1.7257000e+01 ; 2.7600000e+02 
3.500e+01 ; 8.000e-01 ; 2.400e+00 ; 1.7513000e+01 ; 2.7600000e+02 
3.500e+01 ; 8.000e-01 ; 2.400e+00 ; 1.8000000e+01 ; 2.7600000e+02 
3.500e+01 ; 8.000e-01 ; 2.400e+00 ; 1.8000000e+01 ; 2.7600000e+02 
3.500e+01 ; 8.000e-01 ; 2.400e+00 ; 1.8001000e+01 ; 2.7600000e+02 
3.500e+01 ; 8.000e-01 ; 2.400e+00 ; 1.8002000e+01 ; 2.7600000e+02 
3.500e+01 ; 8.000e-01 ; 2.400e+00 ; 1.8003000e+01 ; 2.7600000e+02 
3.500e+01 ; 8.000e-01 ; 2.400e+00 ; 1.8005000e+01 ; 2.7600000e+02 
3.500e+01 ; 8.000e-01 ; 2.400e+00 ; 1.8009000e+01 ; 2.7600000e+02 
3.500e+01 ; 8.000e-01 ; 2.400e+00 ; 1.8017000e+01 ; 2.7600000e+02 
3.500e+01 ; 8.000e-01 ; 2.400e+00 ; 1.8033000e+01 ; 2.7600000e+02 
3.500e+01 ; 8.000e-01 ; 2.400e+00 ; 1.8065000e+01 ; 2.7600000e+02 
3.500e+01 ; 8.000e-01 ; 2.400e+00 ; 1.8129000e+01 ; 2.7600000e+02 
3.500e+01 ; 8.000e-01 ; 2.400e+00 ; 1.8257000e+01 ; 2.7600000e+02 
3.500e+01 ; 8.000e-01 ; 2.400e+00 ; 1.8513000e+01 ; 2.7600000e+02 
3.500e+01 ; 8.000e-01 ; 2.400e+00 ; 1.9000000e+01 ; 2.7600000e+02 
3.500e+01 ; 8.000e-01 ; 2.400e+00 ; 1.9000000e+01 ; 2.7600000e+02 
3.500e+01 ; 8.000e-01 ; 2.400e+00 ; 1.9001000e+01 ; 2.7600000e+02 
3.500e+01 ; 8.000e-01 ; 2.400e+00 ; 1.9002000e+01 ; 2.7600000e+02 
3.500e+01 ; 8.000e-01 ; 2.400e+00 ; 1.9003000e+01 ; 2.7600000e+02 
3.500e+01 ; 8.000e-01 ; 2.400e+00 ; 1.9005000e+01 ; 2.7600000e+02 
3.500e+01 ; 8.000e-01 ; 2.400e+00 ; 1.9009000e+01 ; 2.7600000e+02 
3.500e+01 ; 8.000e-01 ; 2.400e+00 ; 1.9017000e+01 ; 2.7600000e+02 
3.500e+01 ; 8.000e-01 ; 2.400e+00 ; 1.9033000e+01 ; 2.7600000e+02 
3.500e+01 ; 8.000e-01 ; 2.400e+00 ; 1.9065000e+01 ; 2.7600000e+02 
3.500e+01 ; 8.000e-01 ; 2.400e+00 ; 1.9129000e+01 ; 2.7600000e+02 
3.500e+01 ; 8.000e-01 ; 2.400e+00 ; 1.9257000e+01 ; 2.7600000e+02 
3.500e+01 ; 8.000e-01 ; 2.400e+00 ; 1.9513000e+01 ; 2.7600000e+02 
3.500e+01 ; 8.000e-01 ; 2.400e+00 ; 2.0000000e+01 ; 2.7600000e+02 
3.500e+01 ; 8.000e-01 ; 2.400e+00 ; 2.0000000e+01 ; 2.7600000e+02 
3.500e+01 ; 8.000e-01 ; 2.400e+00 ; 2.0001000e+01 ; 2.7600000e+02 
3.500e+01 ; 8.000e-01 ; 2.400e+00 ; 2.0002000e+01 ; 2.7600000e+02 
3.500e+01 ; 8.000e-01 ; 2.400e+00 ; 2.0003000e+01 ; 2.7600000e+02 
3.500e+01 ; 8.000e-01 ; 2.400e+00 ; 2.0005000e+01 ; 2.7600000e+02 
3.500e+01 ; 8.000e-01 ; 2.400e+00 ; 2.0009000e+01 ; 2.7600000e+02 
3.500e+01 ; 8.000e-01 ; 2.400e+00 ; 2.0017000e+01 ; 2.7600000e+02 
3.500e+01 ; 8.000e-01 ; 2.400e+00 ; 2.0033000e+01 ; 2.7600000e+02 
3.500e+01 ; 8.000e-01 ; 2.400e+00 ; 2.0065000e+01 ; 2.7600000e+02 
3.500e+01 ; 8.000e-01 ; 2.400e+00 ; 2.0129000e+01 ; 2.7600000e+02 
3.500e+01 ; 8.000e-01 ; 2.400e+00 ; 2.0257000e+01 ; 2.7600000e+02 
3.500e+01 ; 8.000e-01 ; 2.400e+00 ; 2.0513000e+01 ; 2.7600000e+02 
3.500e+01 ; 8.000e-01 ; 2.400e+00 ; 2.1000000e+01 ; 2.7600000e+02 
3.500e+01 ; 8.000e-01 ; 2.400e+00 ; 2.1000000e+01 ; 2.7600000e+02 
3.500e+01 ; 8.000e-01 ; 2.400e+00 ; 2.1001000e+01 ; 2.7600000e+02 
3.500e+01 ; 8.000e-01 ; 2.400e+00 ; 2.1002000e+01 ; 2.7600000e+02 
3.500e+01 ; 8.000e-01 ; 2.400e+00 ; 2.1003000e+01 ; 2.7600000e+02 
3.500e+01 ; 8.000e-01 ; 2.400e+00 ; 2.1005000e+01 ; 2.7600000e+02 
3.500e+01 ; 8.000e-01 ; 2.400e+00 ; 2.1009000e+01 ; 2.7600000e+02 
3.500e+01 ; 8.000e-01 ; 2.400e+00 ; 2.1017000e+01 ; 2.7600000e+02 
3.500e+01 ; 8.000e-01 ; 2.400e+00 ; 2.1033000e+01 ; 2.7600000e+02 
3.500e+01 ; 8.000e-01 ; 2.400e+00 ; 2.1065000e+01 ; 2.7600000e+02 
3.500e+01 ; 8.000e-01 ; 2.400e+00 ; 2.1129000e+01 ; 2.7600000e+02 
3.500e+01 ; 8.000e-01 ; 2.400e+00 ; 2.1257000e+01 ; 2.7600000e+02 
3.500e+01 ; 8.000e-01 ; 2.400e+00 ; 2.1513000e+01 ; 2.7600000e+02 
3.500e+01 ; 8.000e-01 ; 2.400e+00 ; 2.2000000e+01 ; 2.7600000e+02 
3.500e+01 ; 8.000e-01 ; 2.400e+00 ; 2.2000000e+01 ; 2.7600000e+02 
3.500e+01 ; 8.000e-01 ; 2.400e+00 ; 2.2001000e+01 ; 2.7600000e+02 
3.500e+01 ; 8.000e-01 ; 2.400e+00 ; 2.2002000e+01 ; 2.7600000e+02 
3.500e+01 ; 8.000e-01 ; 2.400e+00 ; 2.2003000e+01 ; 2.7600000e+02 
3.500e+01 ; 8.000e-01 ; 2.400e+00 ; 2.2005000e+01 ; 2.7600000e+02 
3.500e+01 ; 8.000e-01 ; 2.400e+00 ; 2.2009000e+01 ; 2.7600000e+02 
3.500e+01 ; 8.000e-01 ; 2.400e+00 ; 2.2017000e+01 ; 2.7600000e+02 
3.500e+01 ; 8.000e-01 ; 2.400e+00 ; 2.2033000e+01 ; 2.7600000e+02 
3.500e+01 ; 8.000e-01 ; 2.400e+00 ; 2.2065000e+01 ; 2.7600000e+02 
3.500e+01 ; 8.000e-01 ; 2.400e+00 ; 2.2129000e+01 ; 2.7600000e+02 
3.500e+01 ; 8.000e-01 ; 2.400e+00 ; 2.2257000e+01 ; 2.7600000e+02 
3.500e+01 ; 8.000e-01 ; 2.400e+00 ; 2.2513000e+01 ; 2.7600000e+02 
3.500e+01 ; 8.000e-01 ; 2.400e+00 ; 2.3000000e+01 ; 2.7600000e+02 
3.500e+01 ; 8.000e-01 ; 2.400e+00 ; 2.3000000e+01 ; 2.7600000e+02 
3.500e+01 ; 8.000e-01 ; 2.400e+00 ; 2.3001000e+01 ; 2.7600000e+02 
3.500e+01 ; 8.000e-01 ; 2.400e+00 ; 2.3002000e+01 ; 2.7600000e+02 
3.500e+01 ; 8.000e-01 ; 2.400e+00 ; 2.3003000e+01 ; 2.7600000e+02 
3.500e+01 ; 8.000e-01 ; 2.400e+00 ; 2.3005000e+01 ; 2.7600000e+02 
3.500e+01 ; 8.000e-01 ; 2.400e+00 ; 2.3009000e+01 ; 2.7600000e+02 
3.500e+01 ; 8.000e-01 ; 2.400e+00 ; 2.3017000e+01 ; 2.7600000e+02 
3.500e+01 ; 8.000e-01 ; 2.400e+00 ; 2.3033000e+01 ; 2.7600000e+02 
3.500e+01 ; 8.000e-01 ; 2.400e+00 ; 2.3065000e+01 ; 2.7600000e+02 
3.500e+01 ; 8.000e-01 ; 2.400e+00 ; 2.3129000e+01 ; 2.7600000e+02 
3.500e+01 ; 8.000e-01 ; 2.400e+00 ; 2.3257000e+01 ; 2.7600000e+02 
3.500e+01 ; 8.000e-01 ; 2.400e+00 ; 2.3513000e+01 ; 2.7600000e+02 
3.500e+01 ; 8.000e-01 ; 2.400e+00 ; 2.4000000e+01 ; 2.7600000e+02 
3.500e+01 ; 8.000e-01 ; 2.400e+00 ; 2.4000000e+01 ; 2.7600000e+02 
3.500e+01 ; 8.000e-01 ; 2.400e+00 ; 2.4001000e+01 ; 2.7600000e+02 
3.500e+01 ; 8.000e-01 ; 2.400e+00 ; 2.4002000e+01 ; 2.7600000e+02 
3.500e+01 ; 8.000e-01 ; 2.400e+00 ; 2.4003000e+01 ; 2.7600000e+02 
3.500e+01 ; 8.000e-01 ; 2.400e+00 ; 2.4005000e+01 ; 2.7600000e+02 
3.500e+01 ; 8.000e-01 ; 2.400e+00 ; 2.4009000e+01 ; 2.7600000e+02 
3.500e+01 ; 8.000e-01 ; 2.400e+00 ; 2.4017000e+01 ; 2.7600000e+02 
3.500e+01 ; 8.000e-01 ; 2.400e+00 ; 2.4033000e+01 ; 2.7600000e+02 
3.500e+01 ; 8.000e-01 ; 2.400e+00 ; 2.4065000e+01 ; 2.7600000e+02 
3.500e+01 ; 8.000e-01 ; 2.400e+00 ; 2.4129000e+01 ; 2.7600000e+02 
3.500e+01 ; 8.000e-01 ; 2.400e+00 ; 2.4257000e+01 ; 2.7600000e+02 
3.500e+01 ; 8.000e-01 ; 2.400e+00 ; 2.4513000e+01 ; 2.7600000e+02 
3.500e+01 ; 8.000e-01 ; 2.400e+00 ; 2.5000000e+01 ; 2.7600000e+02 
3.500e+01 ; 8.000e-01 ; 2.400e+00 ; 2.5000000e+01 ; 2.7600000e+02 
3.500e+01 ; 8.000e-01 ; 2.400e+00 ; 2.5001000e+01 ; 2.7600000e+02 
3.500e+01 ; 8.000e-01 ; 2.400e+00 ; 2.5002000e+01 ; 2.7600000e+02 
3.500e+01 ; 8.000e-01 ; 2.400e+00 ; 2.5003000e+01 ; 2.7600000e+02 
3.500e+01 ; 8.000e-01 ; 2.400e+00 ; 2.5005000e+01 ; 2.7600000e+02 
3.500e+01 ; 8.000e-01 ; 2.400e+00 ; 2.5009000e+01 ; 2.7600000e+02 
3.500e+01 ; 8.000e-01 ; 2.400e+00 ; 2.5017000e+01 ; 2.7600000e+02 
3.500e+01 ; 8.000e-01 ; 2.400e+00 ; 2.5033000e+01 ; 2.7600000e+02 
3.500e+01 ; 8.000e-01 ; 2.400e+00 ; 2.5065000e+01 ; 2.7600000e+02 
3.500e+01 ; 8.000e-01 ; 2.400e+00 ; 2.5129000e+01 ; 2.7600000e+02 
3.500e+01 ; 8.000e-01 ; 2.400e+00 ; 2.5257000e+01 ; 2.7600000e+02 
3.500e+01 ; 8.000e-01 ; 2.400e+00 ; 2.5513000e+01 ; 2.7600000e+02 
3.500e+01 ; 8.000e-01 ; 2.400e+00 ; 2.6000000e+01 ; 2.7600000e+02 
3.500e+01 ; 8.000e-01 ; 2.400e+00 ; 2.6000000e+01 ; 2.7600000e+02 
3.500e+01 ; 8.000e-01 ; 2.400e+00 ; 2.6001000e+01 ; 2.7600000e+02 
3.500e+01 ; 8.000e-01 ; 2.400e+00 ; 2.6002000e+01 ; 2.7600000e+02 
3.500e+01 ; 8.000e-01 ; 2.400e+00 ; 2.6003000e+01 ; 2.7600000e+02 
3.500e+01 ; 8.000e-01 ; 2.400e+00 ; 2.6005000e+01 ; 2.7600000e+02 
3.500e+01 ; 8.000e-01 ; 2.400e+00 ; 2.6009000e+01 ; 2.7600000e+02 
3.500e+01 ; 8.000e-01 ; 2.400e+00 ; 2.6017000e+01 ; 2.7600000e+02 
3.500e+01 ; 8.000e-01 ; 2.400e+00 ; 2.6033000e+01 ; 2.7600000e+02 
3.500e+01 ; 8.000e-01 ; 2.400e+00 ; 2.6065000e+01 ; 2.7600000e+02 
3.500e+01 ; 8.000e-01 ; 2.400e+00 ; 2.6129000e+01 ; 2.7600000e+02 
3.500e+01 ; 8.000e-01 ; 2.400e+00 ; 2.6257000e+01 ; 2.7600000e+02 
3.500e+01 ; 8.000e-01 ; 2.400e+00 ; 2.6513000e+01 ; 2.7600000e+02 
3.500e+01 ; 8.000e-01 ; 2.400e+00 ; 2.7000000e+01 ; 2.7600000e+02 
3.500e+01 ; 8.000e-01 ; 2.400e+00 ; 2.7000000e+01 ; 2.7600000e+02 
3.500e+01 ; 8.000e-01 ; 2.400e+00 ; 2.7001000e+01 ; 2.7600000e+02 
3.500e+01 ; 8.000e-01 ; 2.400e+00 ; 2.7002000e+01 ; 2.7600000e+02 
3.500e+01 ; 8.000e-01 ; 2.400e+00 ; 2.7003000e+01 ; 2.7600000e+02 
3.500e+01 ; 8.000e-01 ; 2.400e+00 ; 2.7005000e+01 ; 2.7600000e+02 
3.500e+01 ; 8.000e-01 ; 2.400e+00 ; 2.7009000e+01 ; 2.7600000e+02 
3.500e+01 ; 8.000e-01 ; 2.400e+00 ; 2.7017000e+01 ; 2.7600000e+02 
3.500e+01 ; 8.000e-01 ; 2.400e+00 ; 2.7033000e+01 ; 2.7600000e+02 
3.500e+01 ; 8.000e-01 ; 2.400e+00 ; 2.7065000e+01 ; 2.7600000e+02 
3.500e+01 ; 8.000e-01 ; 2.400e+00 ; 2.7129000e+01 ; 2.7600000e+02 
3.500e+01 ; 8.000e-01 ; 2.400e+00 ; 2.7257000e+01 ; 2.7600000e+02 
3.500e+01 ; 8.000e-01 ; 2.400e+00 ; 2.7513000e+01 ; 2.7600000e+02 
3.500e+01 ; 8.000e-01 ; 2.400e+00 ; 2.8000000e+01 ; 2.7600000e+02 
3.500e+01 ; 8.000e-01 ; 2.400e+00 ; 2.8000000e+01 ; 2.7600000e+02 
3.500e+01 ; 8.000e-01 ; 2.400e+00 ; 2.8001000e+01 ; 2.7600000e+02 
3.500e+01 ; 8.000e-01 ; 2.400e+00 ; 2.8002000e+01 ; 2.7600000e+02 
3.500e+01 ; 8.000e-01 ; 2.400e+00 ; 2.8003000e+01 ; 2.7600000e+02 
3.500e+01 ; 8.000e-01 ; 2.400e+00 ; 2.8005000e+01 ; 2.7600000e+02 
3.500e+01 ; 8.000e-01 ; 2.400e+00 ; 2.8009000e+01 ; 2.7600000e+02 
3.500e+01 ; 8.000e-01 ; 2.400e+00 ; 2.8017000e+01 ; 2.7600000e+02 
3.500e+01 ; 8.000e-01 ; 2.400e+00 ; 2.8033000e+01 ; 2.7600000e+02 
3.500e+01 ; 8.000e-01 ; 2.400e+00 ; 2.8065000e+01 ; 2.7600000e+02 
3.500e+01 ; 8.000e-01 ; 2.400e+00 ; 2.8129000e+01 ; 2.7600000e+02 
3.500e+01 ; 8.000e-01 ; 2.400e+00 ; 2.8257000e+01 ; 2.7600000e+02 
3.500e+01 ; 8.000e-01 ; 2.400e+00 ; 2.8513000e+01 ; 2.7600000e+02 
3.500e+01 ; 8.000e-01 ; 2.400e+00 ; 2.9000000e+01 ; 2.7600000e+02 
3.500e+01 ; 8.000e-01 ; 2.400e+00 ; 2.9000000e+01 ; 2.7600000e+02 
3.500e+01 ; 8.000e-01 ; 2.400e+00 ; 2.9001000e+01 ; 2.7600000e+02 
3.500e+01 ; 8.000e-01 ; 2.400e+00 ; 2.9002000e+01 ; 2.7600000e+02 
3.500e+01 ; 8.000e-01 ; 2.400e+00 ; 2.9003000e+01 ; 2.7600000e+02 
3.500e+01 ; 8.000e-01 ; 2.400e+00 ; 2.9005000e+01 ; 2.7600000e+02 
3.500e+01 ; 8.000e-01 ; 2.400e+00 ; 2.9009000e+01 ; 2.7600000e+02 
3.500e+01 ; 8.000e-01 ; 2.400e+00 ; 2.9017000e+01 ; 2.7600000e+02 
3.500e+01 ; 8.000e-01 ; 2.400e+00 ; 2.9033000e+01 ; 2.7600000e+02 
3.500e+01 ; 8.000e-01 ; 2.400e+00 ; 2.9065000e+01 ; 2.7600000e+02 
3.500e+01 ; 8.000e-01 ; 2.400e+00 ; 2.9129000e+01 ; 2.7600000e+02 
3.500e+01 ; 8.000e-01 ; 2.400e+00 ; 2.9257000e+01 ; 2.7600000e+02 
3.500e+01 ; 8.000e-01 ; 2.400e+00 ; 2.9513000e+01 ; 2.7600000e+02 
3.500e+01 ; 8.000e-01 ; 2.400e+00 ; 3.0000000e+01 ; 2.7600000e+02 
3.500e+01 ; 8.000e-01 ; 2.400e+00 ; 3.0000000e+01 ; 2.7600000e+02 
3.500e+01 ; 8.000e-01 ; 2.400e+00 ; 3.0001000e+01 ; 2.7600000e+02 
3.500e+01 ; 8.000e-01 ; 2.400e+00 ; 3.0002000e+01 ; 2.7600000e+02 
3.500e+01 ; 8.000e-01 ; 2.400e+00 ; 3.0003000e+01 ; 2.7600000e+02 
3.500e+01 ; 8.000e-01 ; 2.400e+00 ; 3.0005000e+01 ; 2.7600000e+02 
3.500e+01 ; 8.000e-01 ; 2.400e+00 ; 3.0009000e+01 ; 2.7600000e+02 
3.500e+01 ; 8.000e-01 ; 2.400e+00 ; 3.0017000e+01 ; 2.7600000e+02 
3.500e+01 ; 8.000e-01 ; 2.400e+00 ; 3.0033000e+01 ; 2.7600000e+02 
3.500e+01 ; 8.000e-01 ; 2.400e+00 ; 3.0065000e+01 ; 2.7600000e+02 
3.500e+01 ; 8.000e-01 ; 2.400e+00 ; 3.0129000e+01 ; 2.7600000e+02 
3.500e+01 ; 8.000e-01 ; 2.400e+00 ; 3.0257000e+01 ; 2.7600000e+02 
3.500e+01 ; 8.000e-01 ; 2.400e+00 ; 3.0513000e+01 ; 2.7600000e+02 
3.500e+01 ; 8.000e-01 ; 2.400e+00 ; 3.1000000e+01 ; 2.7600000e+02 
3.500e+01 ; 8.000e-01 ; 2.400e+00 ; 3.1000000e+01 ; 2.7600000e+02 
3.500e+01 ; 8.000e-01 ; 2.400e+00 ; 3.1001000e+01 ; 2.7600000e+02 
3.500e+01 ; 8.000e-01 ; 2.400e+00 ; 3.1002000e+01 ; 2.7600000e+02 
3.500e+01 ; 8.000e-01 ; 2.400e+00 ; 3.1003000e+01 ; 2.7600000e+02 
3.500e+01 ; 8.000e-01 ; 2.400e+00 ; 3.1005000e+01 ; 2.7600000e+02 
3.500e+01 ; 8.000e-01 ; 2.400e+00 ; 3.1009000e+01 ; 2.7600000e+02 
3.500e+01 ; 8.000e-01 ; 2.400e+00 ; 3.1017000e+01 ; 2.7600000e+02 
3.500e+01 ; 8.000e-01 ; 2.400e+00 ; 3.1033000e+01 ; 2.7600000e+02 
3.500e+01 ; 8.000e-01 ; 2.400e+00 ; 3.1065000e+01 ; 2.7600000e+02 
3.500e+01 ; 8.000e-01 ; 2.400e+00 ; 3.1129000e+01 ; 2.7600000e+02 
3.500e+01 ; 8.000e-01 ; 2.400e+00 ; 3.1257000e+01 ; 2.7600000e+02 
3.500e+01 ; 8.000e-01 ; 2.400e+00 ; 3.1513000e+01 ; 2.7600000e+02 
3.500e+01 ; 8.000e-01 ; 2.400e+00 ; 3.2000000e+01 ; 2.7600000e+02 
3.500e+01 ; 8.000e-01 ; 2.400e+00 ; 3.2000000e+01 ; 2.7600000e+02 
3.500e+01 ; 8.000e-01 ; 2.400e+00 ; 3.2001000e+01 ; 2.7600000e+02 
3.500e+01 ; 8.000e-01 ; 2.400e+00 ; 3.2002000e+01 ; 2.7600000e+02 
3.500e+01 ; 8.000e-01 ; 2.400e+00 ; 3.2003000e+01 ; 2.7600000e+02 
3.500e+01 ; 8.000e-01 ; 2.400e+00 ; 3.2005000e+01 ; 2.7600000e+02 
3.500e+01 ; 8.000e-01 ; 2.400e+00 ; 3.2009000e+01 ; 2.7600000e+02 
3.500e+01 ; 8.000e-01 ; 2.400e+00 ; 3.2017000e+01 ; 2.7600000e+02 
3.500e+01 ; 8.000e-01 ; 2.400e+00 ; 3.2033000e+01 ; 2.7600000e+02 
3.500e+01 ; 8.000e-01 ; 2.400e+00 ; 3.2065000e+01 ; 2.7600000e+02 
3.500e+01 ; 8.000e-01 ; 2.400e+00 ; 3.2129000e+01 ; 2.7600000e+02 
3.500e+01 ; 8.000e-01 ; 2.400e+00 ; 3.2257000e+01 ; 2.7600000e+02 
3.500e+01 ; 8.000e-01 ; 2.400e+00 ; 3.2513000e+01 ; 2.7600000e+02 
3.500e+01 ; 8.000e-01 ; 2.400e+00 ; 3.3000000e+01 ; 2.7600000e+02 
3.500e+01 ; 8.000e-01 ; 2.400e+00 ; 3.3000000e+01 ; 2.7600000e+02 
3.500e+01 ; 8.000e-01 ; 2.400e+00 ; 3.3001000e+01 ; 2.7600000e+02 
3.500e+01 ; 8.000e-01 ; 2.400e+00 ; 3.3002000e+01 ; 2.7600000e+02 
3.500e+01 ; 8.000e-01 ; 2.400e+00 ; 3.3003000e+01 ; 2.7600000e+02 
3.500e+01 ; 8.000e-01 ; 2.400e+00 ; 3.3005000e+01 ; 2.7600000e+02 
3.500e+01 ; 8.000e-01 ; 2.400e+00 ; 3.3009000e+01 ; 2.7600000e+02 
3.500e+01 ; 8.000e-01 ; 2.400e+00 ; 3.3017000e+01 ; 2.7600000e+02 
3.500e+01 ; 8.000e-01 ; 2.400e+00 ; 3.3033000e+01 ; 2.7600000e+02 
3.500e+01 ; 8.000e-01 ; 2.400e+00 ; 3.3065000e+01 ; 2.7600000e+02 
3.500e+01 ; 8.000e-01 ; 2.400e+00 ; 3.3129000e+01 ; 2.7600000e+02 
3.500e+01 ; 8.000e-01 ; 2.400e+00 ; 3.3257000e+01 ; 2.7600000e+02 
3.500e+01 ; 8.000e-01 ; 2.400e+00 ; 3.3513000e+01 ; 2.7600000e+02 
3.500e+01 ; 8.000e-01 ; 2.400e+00 ; 3.4000000e+01 ; 2.7600000e+02 
3.500e+01 ; 8.000e-01 ; 2.400e+00 ; 3.4000000e+01 ; 2.7600000e+02 
3.500e+01 ; 8.000e-01 ; 2.400e+00 ; 3.4001000e+01 ; 2.7600000e+02 
3.500e+01 ; 8.000e-01 ; 2.400e+00 ; 3.4002000e+01 ; 2.7600000e+02 
3.500e+01 ; 8.000e-01 ; 2.400e+00 ; 3.4003000e+01 ; 2.7600000e+02 
3.500e+01 ; 8.000e-01 ; 2.400e+00 ; 3.4005000e+01 ; 2.7600000e+02 
3.500e+01 ; 8.000e-01 ; 2.400e+00 ; 3.4009000e+01 ; 2.7600000e+02 
3.500e+01 ; 8.000e-01 ; 2.400e+00 ; 3.4017000e+01 ; 2.7600000e+02 
3.500e+01 ; 8.000e-01 ; 2.400e+00 ; 3.4033000e+01 ; 2.7600000e+02 
3.500e+01 ; 8.000e-01 ; 2.400e+00 ; 3.4065000e+01 ; 2.7600000e+02 
3.500e+01 ; 8.000e-01 ; 2.400e+00 ; 3.4129000e+01 ; 2.7600000e+02 
3.500e+01 ; 8.000e-01 ; 2.400e+00 ; 3.4257000e+01 ; 2.7600000e+02 
3.500e+01 ; 8.000e-01 ; 2.400e+00 ; 3.4513000e+01 ; 2.7600000e+02 
3.500e+01 ; 8.000e-01 ; 2.400e+00 ; 3.5000000e+01 ; 2.7600000e+02 
3.500e+01 ; 8.000e-01 ; 2.400e+00 ; 3.5000000e+01 ; 2.7600000e+02 
3.500e+01 ; 8.000e-01 ; 2.400e+00 ; 3.5001000e+01 ; 2.7600000e+02 
3.500e+01 ; 8.000e-01 ; 2.400e+00 ; 3.5002000e+01 ; 2.7600000e+02 
3.500e+01 ; 8.000e-01 ; 2.400e+00 ; 3.5003000e+01 ; 2.7600000e+02 
3.500e+01 ; 8.000e-01 ; 2.400e+00 ; 3.5005000e+01 ; 2.7600000e+02 
3.500e+01 ; 8.000e-01 ; 2.400e+00 ; 3.5009000e+01 ; 2.7600000e+02 
3.500e+01 ; 8.000e-01 ; 2.400e+00 ; 3.5017000e+01 ; 2.7600000e+02 
3.500e+01 ; 8.000e-01 ; 2.400e+00 ; 3.5033000e+01 ; 2.7600000e+02 
3.500e+01 ; 8.000e-01 ; 2.400e+00 ; 3.5065000e+01 ; 2.7600000e+02 
3.500e+01 ; 8.000e-01 ; 2.400e+00 ; 3.5129000e+01 ; 2.7600000e+02 
3.500e+01 ; 8.000e-01 ; 2.400e+00 ; 3.5257000e+01 ; 2.7600000e+02 
3.500e+01 ; 8.000e-01 ; 2.400e+00 ; 3.5513000e+01 ; 2.7600000e+02 
3.500e+01 ; 8.000e-01 ; 2.400e+00 ; 3.6000000e+01 ; 2.7600000e+02 
3.500e+01 ; 8.000e-01 ; 2.400e+00 ; 3.6000000e+01 ; 2.7600000e+02 
3.500e+01 ; 8.000e-01 ; 2.400e+00 ; 3.6001000e+01 ; 2.7600000e+02 
3.500e+01 ; 8.000e-01 ; 2.400e+00 ; 3.6002000e+01 ; 2.7600000e+02 
3.500e+01 ; 8.000e-01 ; 2.400e+00 ; 3.6003000e+01 ; 2.7600000e+02 
3.500e+01 ; 8.000e-01 ; 2.400e+00 ; 3.6005000e+01 ; 2.7600000e+02 
3.500e+01 ; 8.000e-01 ; 2.400e+00 ; 3.6009000e+01 ; 2.7600000e+02 
3.500e+01 ; 8.000e-01 ; 2.400e+00 ; 3.6017000e+01 ; 2.7600000e+02 
3.500e+01 ; 8.000e-01 ; 2.400e+00 ; 3.6033000e+01 ; 2.7600000e+02 
3.500e+01 ; 8.000e-01 ; 2.400e+00 ; 3.6065000e+01 ; 2.7600000e+02 
3.500e+01 ; 8.000e-01 ; 2.400e+00 ; 3.6129000e+01 ; 2.7600000e+02 
3.500e+01 ; 8.000e-01 ; 2.400e+00 ; 3.6257000e+01 ; 2.7600000e+02 
3.500e+01 ; 8.000e-01 ; 2.400e+00 ; 3.6513000e+01 ; 2.7600000e+02 
3.500e+01 ; 8.000e-01 ; 2.400e+00 ; 3.7000000e+01 ; 2.7600000e+02 
3.500e+01 ; 8.000e-01 ; 2.400e+00 ; 3.7000000e+01 ; 2.7600000e+02 
3.500e+01 ; 8.000e-01 ; 2.400e+00 ; 3.7001000e+01 ; 2.7600000e+02 
3.500e+01 ; 8.000e-01 ; 2.400e+00 ; 3.7002000e+01 ; 2.7600000e+02 
3.500e+01 ; 8.000e-01 ; 2.400e+00 ; 3.7003000e+01 ; 2.7600000e+02 
3.500e+01 ; 8.000e-01 ; 2.400e+00 ; 3.7005000e+01 ; 2.7600000e+02 
3.500e+01 ; 8.000e-01 ; 2.400e+00 ; 3.7009000e+01 ; 2.7600000e+02 
3.500e+01 ; 8.000e-01 ; 2.400e+00 ; 3.7017000e+01 ; 2.7600000e+02 
3.500e+01 ; 8.000e-01 ; 2.400e+00 ; 3.7033000e+01 ; 2.7600000e+02 
3.500e+01 ; 8.000e-01 ; 2.400e+00 ; 3.7065000e+01 ; 2.7600000e+02 
3.500e+01 ; 8.000e-01 ; 2.400e+00 ; 3.7129000e+01 ; 2.7600000e+02 
3.500e+01 ; 8.000e-01 ; 2.400e+00 ; 3.7257000e+01 ; 2.7600000e+02 
3.500e+01 ; 8.000e-01 ; 2.400e+00 ; 3.7513000e+01 ; 2.7600000e+02 
3.500e+01 ; 8.000e-01 ; 2.400e+00 ; 3.8000000e+01 ; 2.7600000e+02 
3.500e+01 ; 8.000e-01 ; 2.400e+00 ; 3.8000000e+01 ; 2.7600000e+02 
3.500e+01 ; 8.000e-01 ; 2.400e+00 ; 3.8001000e+01 ; 2.7600000e+02 
3.500e+01 ; 8.000e-01 ; 2.400e+00 ; 3.8002000e+01 ; 2.7600000e+02 
3.500e+01 ; 8.000e-01 ; 2.400e+00 ; 3.8003000e+01 ; 2.7600000e+02 
3.500e+01 ; 8.000e-01 ; 2.400e+00 ; 3.8005000e+01 ; 2.7600000e+02 
3.500e+01 ; 8.000e-01 ; 2.400e+00 ; 3.8009000e+01 ; 2.7600000e+02 
3.500e+01 ; 8.000e-01 ; 2.400e+00 ; 3.8017000e+01 ; 2.7600000e+02 
3.500e+01 ; 8.000e-01 ; 2.400e+00 ; 3.8033000e+01 ; 2.7600000e+02 
3.500e+01 ; 8.000e-01 ; 2.400e+00 ; 3.8065000e+01 ; 2.7600000e+02 
3.500e+01 ; 8.000e-01 ; 2.400e+00 ; 3.8129000e+01 ; 2.7600000e+02 
3.500e+01 ; 8.000e-01 ; 2.400e+00 ; 3.8257000e+01 ; 2.7600000e+02 
3.500e+01 ; 8.000e-01 ; 2.400e+00 ; 3.8513000e+01 ; 2.7600000e+02 
3.500e+01 ; 8.000e-01 ; 2.400e+00 ; 3.9000000e+01 ; 2.7600000e+02 
3.500e+01 ; 8.000e-01 ; 2.400e+00 ; 3.9000000e+01 ; 2.7600000e+02 
3.500e+01 ; 8.000e-01 ; 2.400e+00 ; 3.9001000e+01 ; 2.7600000e+02 
3.500e+01 ; 8.000e-01 ; 2.400e+00 ; 3.9002000e+01 ; 2.7600000e+02 
3.500e+01 ; 8.000e-01 ; 2.400e+00 ; 3.9003000e+01 ; 2.7600000e+02 
3.500e+01 ; 8.000e-01 ; 2.400e+00 ; 3.9005000e+01 ; 2.7600000e+02 
3.500e+01 ; 8.000e-01 ; 2.400e+00 ; 3.9009000e+01 ; 2.7600000e+02 
3.500e+01 ; 8.000e-01 ; 2.400e+00 ; 3.9017000e+01 ; 2.7600000e+02 
3.500e+01 ; 8.000e-01 ; 2.400e+00 ; 3.9033000e+01 ; 2.7600000e+02 
3.500e+01 ; 8.000e-01 ; 2.400e+00 ; 3.9065000e+01 ; 2.7600000e+02 
3.500e+01 ; 8.000e-01 ; 2.400e+00 ; 3.9129000e+01 ; 2.7600000e+02 
3.500e+01 ; 8.000e-01 ; 2.400e+00 ; 3.9257000e+01 ; 2.7600000e+02 
3.500e+01 ; 8.000e-01 ; 2.400e+00 ; 3.9513000e+01 ; 2.7600000e+02 
3.500e+01 ; 8.000e-01 ; 2.400e+00 ; 4.0000000e+01 ; 2.7600000e+02 
3.500e+01 ; 8.000e-01 ; 2.400e+00 ; 4.0000000e+01 ; 2.7600000e+02 
3.500e+01 ; 8.000e-01 ; 2.400e+00 ; 4.0001000e+01 ; 2.7600000e+02 
3.500e+01 ; 8.000e-01 ; 2.400e+00 ; 4.0002000e+01 ; 2.7600000e+02 
3.500e+01 ; 8.000e-01 ; 2.400e+00 ; 4.0003000e+01 ; 2.7600000e+02 
3.500e+01 ; 8.000e-01 ; 2.400e+00 ; 4.0005000e+01 ; 2.7600000e+02 
3.500e+01 ; 8.000e-01 ; 2.400e+00 ; 4.0009000e+01 ; 2.7600000e+02 
3.500e+01 ; 8.000e-01 ; 2.400e+00 ; 4.0017000e+01 ; 2.7600000e+02 
3.500e+01 ; 8.000e-01 ; 2.400e+00 ; 4.0033000e+01 ; 2.7600000e+02 
3.500e+01 ; 8.000e-01 ; 2.400e+00 ; 4.0065000e+01 ; 2.7600000e+02 
3.500e+01 ; 8.000e-01 ; 2.400e+00 ; 4.0129000e+01 ; 2.7600000e+02 
3.500e+01 ; 8.000e-01 ; 2.400e+00 ; 4.0257000e+01 ; 2.7600000e+02 
3.500e+01 ; 8.000e-01 ; 2.400e+00 ; 4.0513000e+01 ; 2.7600000e+02 
3.500e+01 ; 8.000e-01 ; 2.400e+00 ; 4.1000000e+01 ; 2.7600000e+02 
3.500e+01 ; 8.000e-01 ; 2.400e+00 ; 4.1000000e+01 ; 2.7600000e+02 
3.500e+01 ; 8.000e-01 ; 2.400e+00 ; 4.1001000e+01 ; 2.7600000e+02 
3.500e+01 ; 8.000e-01 ; 2.400e+00 ; 4.1002000e+01 ; 2.7600000e+02 
3.500e+01 ; 8.000e-01 ; 2.400e+00 ; 4.1003000e+01 ; 2.7600000e+02 
3.500e+01 ; 8.000e-01 ; 2.400e+00 ; 4.1005000e+01 ; 2.7600000e+02 
3.500e+01 ; 8.000e-01 ; 2.400e+00 ; 4.1009000e+01 ; 2.7600000e+02 
3.500e+01 ; 8.000e-01 ; 2.400e+00 ; 4.1017000e+01 ; 2.7600000e+02 
3.500e+01 ; 8.000e-01 ; 2.400e+00 ; 4.1033000e+01 ; 2.7600000e+02 
3.500e+01 ; 8.000e-01 ; 2.400e+00 ; 4.1065000e+01 ; 2.7600000e+02 
3.500e+01 ; 8.000e-01 ; 2.400e+00 ; 4.1129000e+01 ; 2.7600000e+02 
3.500e+01 ; 8.000e-01 ; 2.400e+00 ; 4.1257000e+01 ; 2.7600000e+02 
3.500e+01 ; 8.000e-01 ; 2.400e+00 ; 4.1513000e+01 ; 2.7600000e+02 
3.500e+01 ; 8.000e-01 ; 2.400e+00 ; 4.2000000e+01 ; 2.7600000e+02 
3.500e+01 ; 8.000e-01 ; 2.400e+00 ; 4.2000000e+01 ; 2.7600000e+02 
3.500e+01 ; 8.000e-01 ; 2.400e+00 ; 4.2001000e+01 ; 2.7600000e+02 
3.500e+01 ; 8.000e-01 ; 2.400e+00 ; 4.2002000e+01 ; 2.7600000e+02 
3.500e+01 ; 8.000e-01 ; 2.400e+00 ; 4.2003000e+01 ; 2.7600000e+02 
3.500e+01 ; 8.000e-01 ; 2.400e+00 ; 4.2005000e+01 ; 2.7600000e+02 
3.500e+01 ; 8.000e-01 ; 2.400e+00 ; 4.2009000e+01 ; 2.7600000e+02 
3.500e+01 ; 8.000e-01 ; 2.400e+00 ; 4.2017000e+01 ; 2.7600000e+02 
3.500e+01 ; 8.000e-01 ; 2.400e+00 ; 4.2033000e+01 ; 2.7600000e+02 
3.500e+01 ; 8.000e-01 ; 2.400e+00 ; 4.2065000e+01 ; 2.7600000e+02 
3.500e+01 ; 8.000e-01 ; 2.400e+00 ; 4.2129000e+01 ; 2.7600000e+02 
3.500e+01 ; 8.000e-01 ; 2.400e+00 ; 4.2257000e+01 ; 2.7600000e+02 
3.500e+01 ; 8.000e-01 ; 2.400e+00 ; 4.2513000e+01 ; 2.7600000e+02 
3.500e+01 ; 8.000e-01 ; 2.400e+00 ; 4.3000000e+01 ; 2.7600000e+02 
3.500e+01 ; 8.000e-01 ; 2.400e+00 ; 4.3000000e+01 ; 2.7600000e+02 
3.500e+01 ; 8.000e-01 ; 2.400e+00 ; 4.3001000e+01 ; 2.7600000e+02 
3.500e+01 ; 8.000e-01 ; 2.400e+00 ; 4.3002000e+01 ; 2.7600000e+02 
3.500e+01 ; 8.000e-01 ; 2.400e+00 ; 4.3003000e+01 ; 2.7600000e+02 
3.500e+01 ; 8.000e-01 ; 2.400e+00 ; 4.3005000e+01 ; 2.7600000e+02 
3.500e+01 ; 8.000e-01 ; 2.400e+00 ; 4.3009000e+01 ; 2.7600000e+02 
3.500e+01 ; 8.000e-01 ; 2.400e+00 ; 4.3017000e+01 ; 2.7600000e+02 
3.500e+01 ; 8.000e-01 ; 2.400e+00 ; 4.3033000e+01 ; 2.7600000e+02 
3.500e+01 ; 8.000e-01 ; 2.400e+00 ; 4.3065000e+01 ; 2.7600000e+02 
3.500e+01 ; 8.000e-01 ; 2.400e+00 ; 4.3129000e+01 ; 2.7600000e+02 
3.500e+01 ; 8.000e-01 ; 2.400e+00 ; 4.3257000e+01 ; 2.7600000e+02 
3.500e+01 ; 8.000e-01 ; 2.400e+00 ; 4.3513000e+01 ; 2.7600000e+02 
3.500e+01 ; 8.000e-01 ; 2.400e+00 ; 4.4000000e+01 ; 2.7600000e+02 
3.500e+01 ; 8.000e-01 ; 2.400e+00 ; 4.4000000e+01 ; 2.7600000e+02 
3.500e+01 ; 8.000e-01 ; 2.400e+00 ; 4.4001000e+01 ; 2.7600000e+02 
3.500e+01 ; 8.000e-01 ; 2.400e+00 ; 4.4002000e+01 ; 2.7600000e+02 
3.500e+01 ; 8.000e-01 ; 2.400e+00 ; 4.4003000e+01 ; 2.7600000e+02 
3.500e+01 ; 8.000e-01 ; 2.400e+00 ; 4.4005000e+01 ; 2.7600000e+02 
3.500e+01 ; 8.000e-01 ; 2.400e+00 ; 4.4009000e+01 ; 2.7600000e+02 
3.500e+01 ; 8.000e-01 ; 2.400e+00 ; 4.4017000e+01 ; 2.7600000e+02 
3.500e+01 ; 8.000e-01 ; 2.400e+00 ; 4.4033000e+01 ; 2.7600000e+02 
3.500e+01 ; 8.000e-01 ; 2.400e+00 ; 4.4065000e+01 ; 2.7600000e+02 
3.500e+01 ; 8.000e-01 ; 2.400e+00 ; 4.4129000e+01 ; 2.7600000e+02 
3.500e+01 ; 8.000e-01 ; 2.400e+00 ; 4.4257000e+01 ; 2.7600000e+02 
3.500e+01 ; 8.000e-01 ; 2.400e+00 ; 4.4513000e+01 ; 2.7600000e+02 
3.500e+01 ; 8.000e-01 ; 2.400e+00 ; 4.5000000e+01 ; 2.7600000e+02 
3.500e+01 ; 8.000e-01 ; 2.400e+00 ; 4.5000000e+01 ; 2.7600000e+02 
3.500e+01 ; 8.000e-01 ; 2.400e+00 ; 4.5001000e+01 ; 2.7600000e+02 
3.500e+01 ; 8.000e-01 ; 2.400e+00 ; 4.5002000e+01 ; 2.7600000e+02 
3.500e+01 ; 8.000e-01 ; 2.400e+00 ; 4.5003000e+01 ; 2.7600000e+02 
3.500e+01 ; 8.000e-01 ; 2.400e+00 ; 4.5005000e+01 ; 2.7600000e+02 
3.500e+01 ; 8.000e-01 ; 2.400e+00 ; 4.5009000e+01 ; 2.7600000e+02 
3.500e+01 ; 8.000e-01 ; 2.400e+00 ; 4.5017000e+01 ; 2.7600000e+02 
3.500e+01 ; 8.000e-01 ; 2.400e+00 ; 4.5033000e+01 ; 2.7600000e+02 
3.500e+01 ; 8.000e-01 ; 2.400e+00 ; 4.5065000e+01 ; 2.7600000e+02 
3.500e+01 ; 8.000e-01 ; 2.400e+00 ; 4.5129000e+01 ; 2.7600000e+02 
3.500e+01 ; 8.000e-01 ; 2.400e+00 ; 4.5257000e+01 ; 2.7600000e+02 
3.500e+01 ; 8.000e-01 ; 2.400e+00 ; 4.5513000e+01 ; 2.7600000e+02 
3.500e+01 ; 8.000e-01 ; 2.400e+00 ; 4.6000000e+01 ; 2.7600000e+02 
3.500e+01 ; 8.000e-01 ; 2.400e+00 ; 4.6000000e+01 ; 2.7600000e+02 
3.500e+01 ; 8.000e-01 ; 2.400e+00 ; 4.6001000e+01 ; 2.7581494e+02 
3.500e+01 ; 8.000e-01 ; 2.400e+00 ; 4.6002000e+01 ; 2.7563007e+02 
3.500e+01 ; 8.000e-01 ; 2.400e+00 ; 4.6003000e+01 ; 2.7544534e+02 
3.500e+01 ; 8.000e-01 ; 2.400e+00 ; 4.6005000e+01 ; 2.7507663e+02 
3.500e+01 ; 8.000e-01 ; 2.400e+00 ; 4.6009000e+01 ; 2.7434195e+02 
3.500e+01 ; 8.000e-01 ; 2.400e+00 ; 4.6017000e+01 ; 2.7288370e+02 
3.500e+01 ; 8.000e-01 ; 2.400e+00 ; 4.6033000e+01 ; 2.7001089e+02 
3.500e+01 ; 8.000e-01 ; 2.400e+00 ; 4.6065000e+01 ; 2.6443631e+02 
3.500e+01 ; 8.000e-01 ; 2.400e+00 ; 4.6129000e+01 ; 2.5393872e+02 
3.500e+01 ; 8.000e-01 ; 2.400e+00 ; 4.6257000e+01 ; 2.3530009e+02 
3.500e+01 ; 8.000e-01 ; 2.400e+00 ; 4.6513000e+01 ; 2.0567757e+02 
3.500e+01 ; 8.000e-01 ; 2.400e+00 ; 4.7000000e+01 ; 1.6801895e+02 
3.500e+01 ; 8.000e-01 ; 2.400e+00 ; 4.7000000e+01 ; 1.6801895e+02 
3.500e+01 ; 8.000e-01 ; 2.400e+00 ; 4.7001000e+01 ; 1.6794170e+02 
3.500e+01 ; 8.000e-01 ; 2.400e+00 ; 4.7002000e+01 ; 1.6786452e+02 
3.500e+01 ; 8.000e-01 ; 2.400e+00 ; 4.7003000e+01 ; 1.6778741e+02 
3.500e+01 ; 8.000e-01 ; 2.400e+00 ; 4.7005000e+01 ; 1.6763351e+02 
3.500e+01 ; 8.000e-01 ; 2.400e+00 ; 4.7009000e+01 ; 1.6732690e+02 
3.500e+01 ; 8.000e-01 ; 2.400e+00 ; 4.7017000e+01 ; 1.6671841e+02 
3.500e+01 ; 8.000e-01 ; 2.400e+00 ; 4.7033000e+01 ; 1.6552010e+02 
3.500e+01 ; 8.000e-01 ; 2.400e+00 ; 4.7065000e+01 ; 1.6319540e+02 
3.500e+01 ; 8.000e-01 ; 2.400e+00 ; 4.7129000e+01 ; 1.5881543e+02 
3.500e+01 ; 8.000e-01 ; 2.400e+00 ; 4.7257000e+01 ; 1.5100743e+02 
3.500e+01 ; 8.000e-01 ; 2.400e+00 ; 4.7513000e+01 ; 1.3843251e+02 
3.500e+01 ; 8.000e-01 ; 2.400e+00 ; 4.8000000e+01 ; 1.2199474e+02 
3.500e+01 ; 8.000e-01 ; 2.400e+00 ; 4.8000000e+01 ; 1.2199474e+02 
3.500e+01 ; 8.000e-01 ; 2.400e+00 ; 4.8001000e+01 ; 1.2196102e+02 
3.500e+01 ; 8.000e-01 ; 2.400e+00 ; 4.8002000e+01 ; 1.2192734e+02 
3.500e+01 ; 8.000e-01 ; 2.400e+00 ; 4.8003000e+01 ; 1.2189368e+02 
3.500e+01 ; 8.000e-01 ; 2.400e+00 ; 4.8005000e+01 ; 1.2182652e+02 
3.500e+01 ; 8.000e-01 ; 2.400e+00 ; 4.8009000e+01 ; 1.2169271e+02 
3.500e+01 ; 8.000e-01 ; 2.400e+00 ; 4.8017000e+01 ; 1.2142723e+02 
3.500e+01 ; 8.000e-01 ; 2.400e+00 ; 4.8033000e+01 ; 1.2090462e+02 
3.500e+01 ; 8.000e-01 ; 2.400e+00 ; 4.8065000e+01 ; 1.1989175e+02 
3.500e+01 ; 8.000e-01 ; 2.400e+00 ; 4.8129000e+01 ; 1.1798715e+02 
3.500e+01 ; 8.000e-01 ; 2.400e+00 ; 4.8257000e+01 ; 1.1460439e+02 
3.500e+01 ; 8.000e-01 ; 2.400e+00 ; 4.8513000e+01 ; 1.0917596e+02 
3.500e+01 ; 8.000e-01 ; 2.400e+00 ; 4.9000000e+01 ; 1.0201128e+02 
3.500e+01 ; 8.000e-01 ; 2.400e+00 ; 4.9000000e+01 ; 1.0201128e+02 
3.500e+01 ; 8.000e-01 ; 2.400e+00 ; 4.9001000e+01 ; 1.0199658e+02 
3.500e+01 ; 8.000e-01 ; 2.400e+00 ; 4.9002000e+01 ; 1.0198190e+02 
3.500e+01 ; 8.000e-01 ; 2.400e+00 ; 4.9003000e+01 ; 1.0196722e+02 
3.500e+01 ; 8.000e-01 ; 2.400e+00 ; 4.9005000e+01 ; 1.0193793e+02 
3.500e+01 ; 8.000e-01 ; 2.400e+00 ; 4.9009000e+01 ; 1.0187956e+02 
3.500e+01 ; 8.000e-01 ; 2.400e+00 ; 4.9017000e+01 ; 1.0176366e+02 
3.500e+01 ; 8.000e-01 ; 2.400e+00 ; 4.9033000e+01 ; 1.0153512e+02 
3.500e+01 ; 8.000e-01 ; 2.400e+00 ; 4.9065000e+01 ; 1.0109069e+02 
3.500e+01 ; 8.000e-01 ; 2.400e+00 ; 4.9129000e+01 ; 1.0024882e+02 
3.500e+01 ; 8.000e-01 ; 2.400e+00 ; 4.9257000e+01 ; 9.8728745e+01 
3.500e+01 ; 8.000e-01 ; 2.400e+00 ; 4.9513000e+01 ; 9.6196785e+01 
3.500e+01 ; 8.000e-01 ; 2.400e+00 ; 5.0000000e+01 ; 9.2594368e+01 
3.500e+01 ; 8.000e-01 ; 2.400e+00 ; 5.0000000e+01 ; 9.2594368e+01 
3.500e+01 ; 8.000e-01 ; 2.400e+00 ; 5.0001000e+01 ; 9.2586975e+01 
3.500e+01 ; 8.000e-01 ; 2.400e+00 ; 5.0002000e+01 ; 9.2579582e+01 
3.500e+01 ; 8.000e-01 ; 2.400e+00 ; 5.0003000e+01 ; 9.2572205e+01 
3.500e+01 ; 8.000e-01 ; 2.400e+00 ; 5.0005000e+01 ; 9.2557457e+01 
3.500e+01 ; 8.000e-01 ; 2.400e+00 ; 5.0009000e+01 ; 9.2528053e+01 
3.500e+01 ; 8.000e-01 ; 2.400e+00 ; 5.0017000e+01 ; 9.2469566e+01 
3.500e+01 ; 8.000e-01 ; 2.400e+00 ; 5.0033000e+01 ; 9.2353851e+01 
3.500e+01 ; 8.000e-01 ; 2.400e+00 ; 5.0065000e+01 ; 9.2127327e+01 
3.500e+01 ; 8.000e-01 ; 2.400e+00 ; 5.0129000e+01 ; 9.1692650e+01 
3.500e+01 ; 8.000e-01 ; 2.400e+00 ; 5.0257000e+01 ; 9.0888481e+01 
3.500e+01 ; 8.000e-01 ; 2.400e+00 ; 5.0513000e+01 ; 8.9489677e+01 
3.500e+01 ; 8.000e-01 ; 2.400e+00 ; 5.1000000e+01 ; 8.7361031e+01 
3.500e+01 ; 8.000e-01 ; 2.400e+00 ; 5.1000000e+01 ; 8.7361031e+01 
3.500e+01 ; 8.000e-01 ; 2.400e+00 ; 5.1001000e+01 ; 8.7356659e+01 
3.500e+01 ; 8.000e-01 ; 2.400e+00 ; 5.1002000e+01 ; 8.7352295e+01 
3.500e+01 ; 8.000e-01 ; 2.400e+00 ; 5.1003000e+01 ; 8.7347931e+01 
3.500e+01 ; 8.000e-01 ; 2.400e+00 ; 5.1005000e+01 ; 8.7339211e+01 
3.500e+01 ; 8.000e-01 ; 2.400e+00 ; 5.1009000e+01 ; 8.7321808e+01 
3.500e+01 ; 8.000e-01 ; 2.400e+00 ; 5.1017000e+01 ; 8.7287140e+01 
3.500e+01 ; 8.000e-01 ; 2.400e+00 ; 5.1033000e+01 ; 8.7218369e+01 
3.500e+01 ; 8.000e-01 ; 2.400e+00 ; 5.1065000e+01 ; 8.7083000e+01 
3.500e+01 ; 8.000e-01 ; 2.400e+00 ; 5.1129000e+01 ; 8.6820503e+01 
3.500e+01 ; 8.000e-01 ; 2.400e+00 ; 5.1257000e+01 ; 8.6325409e+01 
3.500e+01 ; 8.000e-01 ; 2.400e+00 ; 5.1513000e+01 ; 8.5435196e+01 
3.500e+01 ; 8.000e-01 ; 2.400e+00 ; 5.2000000e+01 ; 8.4012352e+01 
3.500e+01 ; 8.000e-01 ; 2.400e+00 ; 5.2000000e+01 ; 8.4012352e+01 
3.500e+01 ; 8.000e-01 ; 2.400e+00 ; 5.2001000e+01 ; 8.4009430e+01 
3.500e+01 ; 8.000e-01 ; 2.400e+00 ; 5.2002000e+01 ; 8.4006516e+01 
3.500e+01 ; 8.000e-01 ; 2.400e+00 ; 5.2003000e+01 ; 8.4003593e+01 
3.500e+01 ; 8.000e-01 ; 2.400e+00 ; 5.2005000e+01 ; 8.3997765e+01 
3.500e+01 ; 8.000e-01 ; 2.400e+00 ; 5.2009000e+01 ; 8.3986122e+01 
3.500e+01 ; 8.000e-01 ; 2.400e+00 ; 5.2017000e+01 ; 8.3962898e+01 
3.500e+01 ; 8.000e-01 ; 2.400e+00 ; 5.2033000e+01 ; 8.3916748e+01 
3.500e+01 ; 8.000e-01 ; 2.400e+00 ; 5.2065000e+01 ; 8.3825562e+01 
3.500e+01 ; 8.000e-01 ; 2.400e+00 ; 5.2129000e+01 ; 8.3647469e+01 
3.500e+01 ; 8.000e-01 ; 2.400e+00 ; 5.2257000e+01 ; 8.3307152e+01 
3.500e+01 ; 8.000e-01 ; 2.400e+00 ; 5.2513000e+01 ; 8.2681381e+01 
3.500e+01 ; 8.000e-01 ; 2.400e+00 ; 5.3000000e+01 ; 8.1647591e+01 
3.500e+01 ; 8.000e-01 ; 2.400e+00 ; 5.3000000e+01 ; 8.1647591e+01 
3.500e+01 ; 8.000e-01 ; 2.400e+00 ; 5.3001000e+01 ; 8.1645470e+01 
3.500e+01 ; 8.000e-01 ; 2.400e+00 ; 5.3002000e+01 ; 8.1643349e+01 
3.500e+01 ; 8.000e-01 ; 2.400e+00 ; 5.3003000e+01 ; 8.1641228e+01 
3.500e+01 ; 8.000e-01 ; 2.400e+00 ; 5.3005000e+01 ; 8.1636993e+01 
3.500e+01 ; 8.000e-01 ; 2.400e+00 ; 5.3009000e+01 ; 8.1628525e+01 
3.500e+01 ; 8.000e-01 ; 2.400e+00 ; 5.3017000e+01 ; 8.1611633e+01 
3.500e+01 ; 8.000e-01 ; 2.400e+00 ; 5.3033000e+01 ; 8.1578011e+01 
3.500e+01 ; 8.000e-01 ; 2.400e+00 ; 5.3065000e+01 ; 8.1511421e+01 
3.500e+01 ; 8.000e-01 ; 2.400e+00 ; 5.3129000e+01 ; 8.1380775e+01 
3.500e+01 ; 8.000e-01 ; 2.400e+00 ; 5.3257000e+01 ; 8.1128952e+01 
3.500e+01 ; 8.000e-01 ; 2.400e+00 ; 5.3513000e+01 ; 8.0658958e+01 
3.500e+01 ; 8.000e-01 ; 2.400e+00 ; 5.4000000e+01 ; 7.9864700e+01 
3.500e+01 ; 8.000e-01 ; 2.400e+00 ; 5.4000000e+01 ; 7.9864700e+01 
3.500e+01 ; 8.000e-01 ; 2.400e+00 ; 5.4001000e+01 ; 7.9863068e+01 
3.500e+01 ; 8.000e-01 ; 2.400e+00 ; 5.4002000e+01 ; 7.9861443e+01 
3.500e+01 ; 8.000e-01 ; 2.400e+00 ; 5.4003000e+01 ; 7.9859810e+01 
3.500e+01 ; 8.000e-01 ; 2.400e+00 ; 5.4005000e+01 ; 7.9856552e+01 
3.500e+01 ; 8.000e-01 ; 2.400e+00 ; 5.4009000e+01 ; 7.9850044e+01 
3.500e+01 ; 8.000e-01 ; 2.400e+00 ; 5.4017000e+01 ; 7.9837051e+01 
3.500e+01 ; 8.000e-01 ; 2.400e+00 ; 5.4033000e+01 ; 7.9811180e+01 
3.500e+01 ; 8.000e-01 ; 2.400e+00 ; 5.4065000e+01 ; 7.9759850e+01 
3.500e+01 ; 8.000e-01 ; 2.400e+00 ; 5.4129000e+01 ; 7.9658813e+01 
3.500e+01 ; 8.000e-01 ; 2.400e+00 ; 5.4257000e+01 ; 7.9462914e+01 
3.500e+01 ; 8.000e-01 ; 2.400e+00 ; 5.4513000e+01 ; 7.9093460e+01 
3.500e+01 ; 8.000e-01 ; 2.400e+00 ; 5.5000000e+01 ; 7.8458641e+01 
3.500e+01 ; 8.000e-01 ; 2.400e+00 ; 5.5000000e+01 ; 7.8458641e+01 
3.500e+01 ; 8.000e-01 ; 2.400e+00 ; 5.5001000e+01 ; 7.8457336e+01 
3.500e+01 ; 8.000e-01 ; 2.400e+00 ; 5.5002000e+01 ; 7.8456032e+01 
3.500e+01 ; 8.000e-01 ; 2.400e+00 ; 5.5003000e+01 ; 7.8454727e+01 
3.500e+01 ; 8.000e-01 ; 2.400e+00 ; 5.5005000e+01 ; 7.8452126e+01 
3.500e+01 ; 8.000e-01 ; 2.400e+00 ; 5.5009000e+01 ; 7.8446922e+01 
3.500e+01 ; 8.000e-01 ; 2.400e+00 ; 5.5017000e+01 ; 7.8436531e+01 
3.500e+01 ; 8.000e-01 ; 2.400e+00 ; 5.5033000e+01 ; 7.8415825e+01 
3.500e+01 ; 8.000e-01 ; 2.400e+00 ; 5.5065000e+01 ; 7.8374695e+01 
3.500e+01 ; 8.000e-01 ; 2.400e+00 ; 5.5129000e+01 ; 7.8293564e+01 
3.500e+01 ; 8.000e-01 ; 2.400e+00 ; 5.5257000e+01 ; 7.8135567e+01 
3.500e+01 ; 8.000e-01 ; 2.400e+00 ; 5.5513000e+01 ; 7.7835228e+01 
3.500e+01 ; 8.000e-01 ; 2.400e+00 ; 5.6000000e+01 ; 7.7312500e+01 
3.500e+01 ; 8.000e-01 ; 2.400e+00 ; 5.6000000e+01 ; 7.7312500e+01 
3.500e+01 ; 8.000e-01 ; 2.400e+00 ; 5.6001000e+01 ; 7.7311432e+01 
3.500e+01 ; 8.000e-01 ; 2.400e+00 ; 5.6002000e+01 ; 7.7310356e+01 
3.500e+01 ; 8.000e-01 ; 2.400e+00 ; 5.6003000e+01 ; 7.7309280e+01 
3.500e+01 ; 8.000e-01 ; 2.400e+00 ; 5.6005000e+01 ; 7.7307137e+01 
3.500e+01 ; 8.000e-01 ; 2.400e+00 ; 5.6009000e+01 ; 7.7302849e+01 
3.500e+01 ; 8.000e-01 ; 2.400e+00 ; 5.6017000e+01 ; 7.7294296e+01 
3.500e+01 ; 8.000e-01 ; 2.400e+00 ; 5.6033000e+01 ; 7.7277229e+01 
3.500e+01 ; 8.000e-01 ; 2.400e+00 ; 5.6065000e+01 ; 7.7243301e+01 
3.500e+01 ; 8.000e-01 ; 2.400e+00 ; 5.6129000e+01 ; 7.7176247e+01 
3.500e+01 ; 8.000e-01 ; 2.400e+00 ; 5.6257000e+01 ; 7.7045242e+01 
3.500e+01 ; 8.000e-01 ; 2.400e+00 ; 5.6513000e+01 ; 7.6794647e+01 
3.500e+01 ; 8.000e-01 ; 2.400e+00 ; 5.7000000e+01 ; 7.6354027e+01 
3.500e+01 ; 8.000e-01 ; 2.400e+00 ; 5.7000000e+01 ; 7.6354027e+01 
3.500e+01 ; 8.000e-01 ; 2.400e+00 ; 5.7001000e+01 ; 7.6353119e+01 
3.500e+01 ; 8.000e-01 ; 2.400e+00 ; 5.7002000e+01 ; 7.6352211e+01 
3.500e+01 ; 8.000e-01 ; 2.400e+00 ; 5.7003000e+01 ; 7.6351311e+01 
3.500e+01 ; 8.000e-01 ; 2.400e+00 ; 5.7005000e+01 ; 7.6349503e+01 
3.500e+01 ; 8.000e-01 ; 2.400e+00 ; 5.7009000e+01 ; 7.6345886e+01 
3.500e+01 ; 8.000e-01 ; 2.400e+00 ; 5.7017000e+01 ; 7.6338669e+01 
3.500e+01 ; 8.000e-01 ; 2.400e+00 ; 5.7033000e+01 ; 7.6324272e+01 
3.500e+01 ; 8.000e-01 ; 2.400e+00 ; 5.7065000e+01 ; 7.6295631e+01 
3.500e+01 ; 8.000e-01 ; 2.400e+00 ; 5.7129000e+01 ; 7.6238953e+01 
3.500e+01 ; 8.000e-01 ; 2.400e+00 ; 5.7257000e+01 ; 7.6127907e+01 
3.500e+01 ; 8.000e-01 ; 2.400e+00 ; 5.7513000e+01 ; 7.5914444e+01 
3.500e+01 ; 8.000e-01 ; 2.400e+00 ; 5.8000000e+01 ; 7.5536003e+01 
3.500e+01 ; 8.000e-01 ; 2.400e+00 ; 5.8000000e+01 ; 7.5536003e+01 
3.500e+01 ; 8.000e-01 ; 2.400e+00 ; 5.8001000e+01 ; 7.5535225e+01 
3.500e+01 ; 8.000e-01 ; 2.400e+00 ; 5.8002000e+01 ; 7.5534447e+01 
3.500e+01 ; 8.000e-01 ; 2.400e+00 ; 5.8003000e+01 ; 7.5533669e+01 
3.500e+01 ; 8.000e-01 ; 2.400e+00 ; 5.8005000e+01 ; 7.5532120e+01 
3.500e+01 ; 8.000e-01 ; 2.400e+00 ; 5.8009000e+01 ; 7.5529015e+01 
3.500e+01 ; 8.000e-01 ; 2.400e+00 ; 5.8017000e+01 ; 7.5522812e+01 
3.500e+01 ; 8.000e-01 ; 2.400e+00 ; 5.8033000e+01 ; 7.5510445e+01 
3.500e+01 ; 8.000e-01 ; 2.400e+00 ; 5.8065000e+01 ; 7.5485817e+01 
3.500e+01 ; 8.000e-01 ; 2.400e+00 ; 5.8129000e+01 ; 7.5437019e+01 
3.500e+01 ; 8.000e-01 ; 2.400e+00 ; 5.8257000e+01 ; 7.5341225e+01 
3.500e+01 ; 8.000e-01 ; 2.400e+00 ; 5.8513000e+01 ; 7.5156342e+01 
3.500e+01 ; 8.000e-01 ; 2.400e+00 ; 5.9000000e+01 ; 7.4826416e+01 
3.500e+01 ; 8.000e-01 ; 2.400e+00 ; 5.9000000e+01 ; 7.4826416e+01 
3.500e+01 ; 8.000e-01 ; 2.400e+00 ; 5.9001000e+01 ; 7.4825737e+01 
3.500e+01 ; 8.000e-01 ; 2.400e+00 ; 5.9002000e+01 ; 7.4825058e+01 
3.500e+01 ; 8.000e-01 ; 2.400e+00 ; 5.9003000e+01 ; 7.4824387e+01 
3.500e+01 ; 8.000e-01 ; 2.400e+00 ; 5.9005000e+01 ; 7.4823029e+01 
3.500e+01 ; 8.000e-01 ; 2.400e+00 ; 5.9009000e+01 ; 7.4820320e+01 
3.500e+01 ; 8.000e-01 ; 2.400e+00 ; 5.9017000e+01 ; 7.4814919e+01 
3.500e+01 ; 8.000e-01 ; 2.400e+00 ; 5.9033000e+01 ; 7.4804123e+01 
3.500e+01 ; 8.000e-01 ; 2.400e+00 ; 5.9065000e+01 ; 7.4782631e+01 
3.500e+01 ; 8.000e-01 ; 2.400e+00 ; 5.9129000e+01 ; 7.4740021e+01 
3.500e+01 ; 8.000e-01 ; 2.400e+00 ; 5.9257000e+01 ; 7.4656212e+01 
3.500e+01 ; 8.000e-01 ; 2.400e+00 ; 5.9513000e+01 ; 7.4493950e+01 
3.500e+01 ; 8.000e-01 ; 2.400e+00 ; 6.0000000e+01 ; 7.4202896e+01 
3.500e+01 ; 8.000e-01 ; 2.400e+00 ; 6.0000000e+01 ; 7.4202896e+01 
3.500e+01 ; 8.000e-01 ; 2.400e+00 ; 6.0001000e+01 ; 7.4202301e+01 
3.500e+01 ; 8.000e-01 ; 2.400e+00 ; 6.0002000e+01 ; 7.4201698e+01 
3.500e+01 ; 8.000e-01 ; 2.400e+00 ; 6.0003000e+01 ; 7.4201103e+01 
3.500e+01 ; 8.000e-01 ; 2.400e+00 ; 6.0005000e+01 ; 7.4199905e+01 
3.500e+01 ; 8.000e-01 ; 2.400e+00 ; 6.0009000e+01 ; 7.4197517e+01 
3.500e+01 ; 8.000e-01 ; 2.400e+00 ; 6.0017000e+01 ; 7.4192749e+01 
3.500e+01 ; 8.000e-01 ; 2.400e+00 ; 6.0033000e+01 ; 7.4183228e+01 
3.500e+01 ; 8.000e-01 ; 2.400e+00 ; 6.0065000e+01 ; 7.4164253e+01 
3.500e+01 ; 8.000e-01 ; 2.400e+00 ; 6.0129000e+01 ; 7.4126610e+01 
3.500e+01 ; 8.000e-01 ; 2.400e+00 ; 6.0257000e+01 ; 7.4052467e+01 
3.500e+01 ; 8.000e-01 ; 2.400e+00 ; 6.0513000e+01 ; 7.3908577e+01 
3.500e+01 ; 8.000e-01 ; 2.400e+00 ; 6.1000000e+01 ; 7.3649429e+01 
3.500e+01 ; 8.000e-01 ; 2.400e+00 ; 6.1000000e+01 ; 7.3649429e+01 
3.500e+01 ; 8.000e-01 ; 2.400e+00 ; 6.1001000e+01 ; 7.3652878e+01 
3.500e+01 ; 8.000e-01 ; 2.400e+00 ; 6.1002000e+01 ; 7.3656387e+01 
3.500e+01 ; 8.000e-01 ; 2.400e+00 ; 6.1003000e+01 ; 7.3659950e+01 
3.500e+01 ; 8.000e-01 ; 2.400e+00 ; 6.1005000e+01 ; 7.3667305e+01 
3.500e+01 ; 8.000e-01 ; 2.400e+00 ; 6.1009000e+01 ; 7.3682930e+01 
3.500e+01 ; 8.000e-01 ; 2.400e+00 ; 6.1017000e+01 ; 7.3717712e+01 
3.500e+01 ; 8.000e-01 ; 2.400e+00 ; 6.1033000e+01 ; 7.3800774e+01 
3.500e+01 ; 8.000e-01 ; 2.400e+00 ; 6.1065000e+01 ; 7.4015831e+01 
3.500e+01 ; 8.000e-01 ; 2.400e+00 ; 6.1129000e+01 ; 7.4606392e+01 
3.500e+01 ; 8.000e-01 ; 2.400e+00 ; 6.1257000e+01 ; 7.6209419e+01 
3.500e+01 ; 8.000e-01 ; 2.400e+00 ; 6.1513000e+01 ; 8.0019623e+01 
3.500e+01 ; 8.000e-01 ; 2.400e+00 ; 6.2000000e+01 ; 8.6401413e+01 
3.500e+01 ; 8.000e-01 ; 2.400e+00 ; 6.2000000e+01 ; 8.6401413e+01 
3.500e+01 ; 8.000e-01 ; 2.400e+00 ; 6.2001000e+01 ; 8.6418144e+01 
3.500e+01 ; 8.000e-01 ; 2.400e+00 ; 6.2002000e+01 ; 8.6434868e+01 
3.500e+01 ; 8.000e-01 ; 2.400e+00 ; 6.2003000e+01 ; 8.6451584e+01 
3.500e+01 ; 8.000e-01 ; 2.400e+00 ; 6.2005000e+01 ; 8.6485008e+01 
3.500e+01 ; 8.000e-01 ; 2.400e+00 ; 6.2009000e+01 ; 8.6551811e+01 
3.500e+01 ; 8.000e-01 ; 2.400e+00 ; 6.2017000e+01 ; 8.6685181e+01 
3.500e+01 ; 8.000e-01 ; 2.400e+00 ; 6.2033000e+01 ; 8.6950897e+01 
3.500e+01 ; 8.000e-01 ; 2.400e+00 ; 6.2065000e+01 ; 8.7477547e+01 
3.500e+01 ; 8.000e-01 ; 2.400e+00 ; 6.2129000e+01 ; 8.8506630e+01 
3.500e+01 ; 8.000e-01 ; 2.400e+00 ; 6.2257000e+01 ; 9.0438988e+01 
3.500e+01 ; 8.000e-01 ; 2.400e+00 ; 6.2513000e+01 ; 9.3690941e+01 
3.500e+01 ; 8.000e-01 ; 2.400e+00 ; 6.3000000e+01 ; 9.7663368e+01 
3.500e+01 ; 8.000e-01 ; 2.400e+00 ; 6.3000000e+01 ; 9.7663368e+01 
3.500e+01 ; 8.000e-01 ; 2.400e+00 ; 6.3001000e+01 ; 9.7671509e+01 
3.500e+01 ; 8.000e-01 ; 2.400e+00 ; 6.3002000e+01 ; 9.7679626e+01 
3.500e+01 ; 8.000e-01 ; 2.400e+00 ; 6.3003000e+01 ; 9.7687729e+01 
3.500e+01 ; 8.000e-01 ; 2.400e+00 ; 6.3005000e+01 ; 9.7703865e+01 
3.500e+01 ; 8.000e-01 ; 2.400e+00 ; 6.3009000e+01 ; 9.7735840e+01 
3.500e+01 ; 8.000e-01 ; 2.400e+00 ; 6.3017000e+01 ; 9.7798653e+01 
3.500e+01 ; 8.000e-01 ; 2.400e+00 ; 6.3033000e+01 ; 9.7919800e+01 
3.500e+01 ; 8.000e-01 ; 2.400e+00 ; 6.3065000e+01 ; 9.8145020e+01 
3.500e+01 ; 8.000e-01 ; 2.400e+00 ; 6.3129000e+01 ; 9.8532822e+01 
3.500e+01 ; 8.000e-01 ; 2.400e+00 ; 6.3257000e+01 ; 9.9097374e+01 
3.500e+01 ; 8.000e-01 ; 2.400e+00 ; 6.3513000e+01 ; 9.9619888e+01 
3.500e+01 ; 8.000e-01 ; 2.400e+00 ; 6.4000000e+01 ; 9.9408051e+01 
3.500e+01 ; 8.000e-01 ; 2.400e+00 ; 6.4000000e+01 ; 9.9408051e+01 
3.500e+01 ; 8.000e-01 ; 2.400e+00 ; 6.4001000e+01 ; 9.9407608e+01 
3.500e+01 ; 8.000e-01 ; 2.400e+00 ; 6.4002000e+01 ; 9.9407166e+01 
3.500e+01 ; 8.000e-01 ; 2.400e+00 ; 6.4003000e+01 ; 9.9406715e+01 
3.500e+01 ; 8.000e-01 ; 2.400e+00 ; 6.4005000e+01 ; 9.9405792e+01 
3.500e+01 ; 8.000e-01 ; 2.400e+00 ; 6.4009000e+01 ; 9.9403870e+01 
3.500e+01 ; 8.000e-01 ; 2.400e+00 ; 6.4017000e+01 ; 9.9399712e+01 
3.500e+01 ; 8.000e-01 ; 2.400e+00 ; 6.4033000e+01 ; 9.9390167e+01 
3.500e+01 ; 8.000e-01 ; 2.400e+00 ; 6.4065000e+01 ; 9.9366402e+01 
3.500e+01 ; 8.000e-01 ; 2.400e+00 ; 6.4129000e+01 ; 9.9302109e+01 
3.500e+01 ; 8.000e-01 ; 2.400e+00 ; 6.4257000e+01 ; 9.9119255e+01 
3.500e+01 ; 8.000e-01 ; 2.400e+00 ; 6.4513000e+01 ; 9.8610909e+01 
3.500e+01 ; 8.000e-01 ; 2.400e+00 ; 6.5000000e+01 ; 9.7419617e+01 
3.500e+01 ; 8.000e-01 ; 2.400e+00 ; 6.5000000e+01 ; 9.7419617e+01 
3.500e+01 ; 8.000e-01 ; 2.400e+00 ; 6.5001000e+01 ; 9.7417168e+01 
3.500e+01 ; 8.000e-01 ; 2.400e+00 ; 6.5002000e+01 ; 9.7414719e+01 
3.500e+01 ; 8.000e-01 ; 2.400e+00 ; 6.5003000e+01 ; 9.7412270e+01 
3.500e+01 ; 8.000e-01 ; 2.400e+00 ; 6.5005000e+01 ; 9.7407372e+01 
3.500e+01 ; 8.000e-01 ; 2.400e+00 ; 6.5009000e+01 ; 9.7397552e+01 
3.500e+01 ; 8.000e-01 ; 2.400e+00 ; 6.5017000e+01 ; 9.7377861e+01 
3.500e+01 ; 8.000e-01 ; 2.400e+00 ; 6.5033000e+01 ; 9.7338249e+01 
3.500e+01 ; 8.000e-01 ; 2.400e+00 ; 6.5065000e+01 ; 9.7258217e+01 
3.500e+01 ; 8.000e-01 ; 2.400e+00 ; 6.5129000e+01 ; 9.7095451e+01 
3.500e+01 ; 8.000e-01 ; 2.400e+00 ; 6.5257000e+01 ; 9.6762642e+01 
3.500e+01 ; 8.000e-01 ; 2.400e+00 ; 6.5513000e+01 ; 9.6087593e+01 
3.500e+01 ; 8.000e-01 ; 2.400e+00 ; 6.6000000e+01 ; 9.4839096e+01 
3.500e+01 ; 8.000e-01 ; 2.400e+00 ; 6.6000000e+01 ; 9.4839096e+01 
3.500e+01 ; 8.000e-01 ; 2.400e+00 ; 6.6001000e+01 ; 9.4836525e+01 
3.500e+01 ; 8.000e-01 ; 2.400e+00 ; 6.6002000e+01 ; 9.4833969e+01 
3.500e+01 ; 8.000e-01 ; 2.400e+00 ; 6.6003000e+01 ; 9.4831406e+01 
3.500e+01 ; 8.000e-01 ; 2.400e+00 ; 6.6005000e+01 ; 9.4826279e+01 
3.500e+01 ; 8.000e-01 ; 2.400e+00 ; 6.6009000e+01 ; 9.4816025e+01 
3.500e+01 ; 8.000e-01 ; 2.400e+00 ; 6.6017000e+01 ; 9.4795540e+01 
3.500e+01 ; 8.000e-01 ; 2.400e+00 ; 6.6033000e+01 ; 9.4754608e+01 
3.500e+01 ; 8.000e-01 ; 2.400e+00 ; 6.6065000e+01 ; 9.4672935e+01 
3.500e+01 ; 8.000e-01 ; 2.400e+00 ; 6.6129000e+01 ; 9.4510475e+01 
3.500e+01 ; 8.000e-01 ; 2.400e+00 ; 6.6257000e+01 ; 9.4189888e+01 
3.500e+01 ; 8.000e-01 ; 2.400e+00 ; 6.6513000e+01 ; 9.3569878e+01 
3.500e+01 ; 8.000e-01 ; 2.400e+00 ; 6.7000000e+01 ; 9.2476227e+01 
3.500e+01 ; 8.000e-01 ; 2.400e+00 ; 6.7000000e+01 ; 9.2476227e+01 
3.500e+01 ; 8.000e-01 ; 2.400e+00 ; 6.7001000e+01 ; 9.2473976e+01 
3.500e+01 ; 8.000e-01 ; 2.400e+00 ; 6.7002000e+01 ; 9.2471733e+01 
3.500e+01 ; 8.000e-01 ; 2.400e+00 ; 6.7003000e+01 ; 9.2469490e+01 
3.500e+01 ; 8.000e-01 ; 2.400e+00 ; 6.7005000e+01 ; 9.2465004e+01 
3.500e+01 ; 8.000e-01 ; 2.400e+00 ; 6.7009000e+01 ; 9.2456032e+01 
3.500e+01 ; 8.000e-01 ; 2.400e+00 ; 6.7017000e+01 ; 9.2438118e+01 
3.500e+01 ; 8.000e-01 ; 2.400e+00 ; 6.7033000e+01 ; 9.2402374e+01 
3.500e+01 ; 8.000e-01 ; 2.400e+00 ; 6.7065000e+01 ; 9.2331276e+01 
3.500e+01 ; 8.000e-01 ; 2.400e+00 ; 6.7129000e+01 ; 9.2190575e+01 
3.500e+01 ; 8.000e-01 ; 2.400e+00 ; 6.7257000e+01 ; 9.1915276e+01 
3.500e+01 ; 8.000e-01 ; 2.400e+00 ; 6.7513000e+01 ; 9.1388794e+01 
3.500e+01 ; 8.000e-01 ; 2.400e+00 ; 6.8000000e+01 ; 9.0469185e+01 
3.500e+01 ; 8.000e-01 ; 2.400e+00 ; 6.8000000e+01 ; 9.0469185e+01 
3.500e+01 ; 8.000e-01 ; 2.400e+00 ; 6.8001000e+01 ; 9.0467293e+01 
3.500e+01 ; 8.000e-01 ; 2.400e+00 ; 6.8002000e+01 ; 9.0465408e+01 
3.500e+01 ; 8.000e-01 ; 2.400e+00 ; 6.8003000e+01 ; 9.0463524e+01 
3.500e+01 ; 8.000e-01 ; 2.400e+00 ; 6.8005000e+01 ; 9.0459747e+01 
3.500e+01 ; 8.000e-01 ; 2.400e+00 ; 6.8009000e+01 ; 9.0452209e+01 
3.500e+01 ; 8.000e-01 ; 2.400e+00 ; 6.8017000e+01 ; 9.0437149e+01 
3.500e+01 ; 8.000e-01 ; 2.400e+00 ; 6.8033000e+01 ; 9.0407120e+01 
3.500e+01 ; 8.000e-01 ; 2.400e+00 ; 6.8065000e+01 ; 9.0347404e+01 
3.500e+01 ; 8.000e-01 ; 2.400e+00 ; 6.8129000e+01 ; 9.0229370e+01 
3.500e+01 ; 8.000e-01 ; 2.400e+00 ; 6.8257000e+01 ; 8.9998734e+01 
3.500e+01 ; 8.000e-01 ; 2.400e+00 ; 6.8513000e+01 ; 8.9558136e+01 
3.500e+01 ; 8.000e-01 ; 2.400e+00 ; 6.9000000e+01 ; 8.8787445e+01 
3.500e+01 ; 8.000e-01 ; 2.400e+00 ; 6.9000000e+01 ; 8.8787445e+01 
3.500e+01 ; 8.000e-01 ; 2.400e+00 ; 6.9001000e+01 ; 8.8785858e+01 
3.500e+01 ; 8.000e-01 ; 2.400e+00 ; 6.9002000e+01 ; 8.8784279e+01 
3.500e+01 ; 8.000e-01 ; 2.400e+00 ; 6.9003000e+01 ; 8.8782700e+01 
3.500e+01 ; 8.000e-01 ; 2.400e+00 ; 6.9005000e+01 ; 8.8779533e+01 
3.500e+01 ; 8.000e-01 ; 2.400e+00 ; 6.9009000e+01 ; 8.8773216e+01 
3.500e+01 ; 8.000e-01 ; 2.400e+00 ; 6.9017000e+01 ; 8.8760590e+01 
3.500e+01 ; 8.000e-01 ; 2.400e+00 ; 6.9033000e+01 ; 8.8735420e+01 
3.500e+01 ; 8.000e-01 ; 2.400e+00 ; 6.9065000e+01 ; 8.8685364e+01 
3.500e+01 ; 8.000e-01 ; 2.400e+00 ; 6.9129000e+01 ; 8.8586388e+01 
3.500e+01 ; 8.000e-01 ; 2.400e+00 ; 6.9257000e+01 ; 8.8392822e+01 
3.500e+01 ; 8.000e-01 ; 2.400e+00 ; 6.9513000e+01 ; 8.8022247e+01 
3.500e+01 ; 8.000e-01 ; 2.400e+00 ; 7.0000000e+01 ; 8.7370796e+01 
3.500e+01 ; 8.000e-01 ; 2.400e+00 ; 7.0000000e+01 ; 8.7370796e+01 
3.500e+01 ; 8.000e-01 ; 2.400e+00 ; 7.0001000e+01 ; 8.7369461e+01 
3.500e+01 ; 8.000e-01 ; 2.400e+00 ; 7.0002000e+01 ; 8.7368126e+01 
3.500e+01 ; 8.000e-01 ; 2.400e+00 ; 7.0003000e+01 ; 8.7366783e+01 
3.500e+01 ; 8.000e-01 ; 2.400e+00 ; 7.0005000e+01 ; 8.7364113e+01 
3.500e+01 ; 8.000e-01 ; 2.400e+00 ; 7.0009000e+01 ; 8.7358772e+01 
3.500e+01 ; 8.000e-01 ; 2.400e+00 ; 7.0017000e+01 ; 8.7348099e+01 
3.500e+01 ; 8.000e-01 ; 2.400e+00 ; 7.0033000e+01 ; 8.7326813e+01 
3.500e+01 ; 8.000e-01 ; 2.400e+00 ; 7.0065000e+01 ; 8.7284477e+01 
3.500e+01 ; 8.000e-01 ; 2.400e+00 ; 7.0129000e+01 ; 8.7200684e+01 
3.500e+01 ; 8.000e-01 ; 2.400e+00 ; 7.0257000e+01 ; 8.7036583e+01 
3.500e+01 ; 8.000e-01 ; 2.400e+00 ; 7.0513000e+01 ; 8.6721436e+01 
3.500e+01 ; 8.000e-01 ; 2.400e+00 ; 7.1000000e+01 ; 8.6164169e+01 
3.500e+01 ; 8.000e-01 ; 2.400e+00 ; 7.1000000e+01 ; 8.6164169e+01 
3.500e+01 ; 8.000e-01 ; 2.400e+00 ; 7.1001000e+01 ; 8.6163025e+01 
3.500e+01 ; 8.000e-01 ; 2.400e+00 ; 7.1002000e+01 ; 8.6161880e+01 
3.500e+01 ; 8.000e-01 ; 2.400e+00 ; 7.1003000e+01 ; 8.6160736e+01 
3.500e+01 ; 8.000e-01 ; 2.400e+00 ; 7.1005000e+01 ; 8.6158447e+01 
3.500e+01 ; 8.000e-01 ; 2.400e+00 ; 7.1009000e+01 ; 8.6153877e+01 
3.500e+01 ; 8.000e-01 ; 2.400e+00 ; 7.1017000e+01 ; 8.6144745e+01 
3.500e+01 ; 8.000e-01 ; 2.400e+00 ; 7.1033000e+01 ; 8.6126534e+01 
3.500e+01 ; 8.000e-01 ; 2.400e+00 ; 7.1065000e+01 ; 8.6090279e+01 
3.500e+01 ; 8.000e-01 ; 2.400e+00 ; 7.1129000e+01 ; 8.6018486e+01 
3.500e+01 ; 8.000e-01 ; 2.400e+00 ; 7.1257000e+01 ; 8.5877647e+01 
3.500e+01 ; 8.000e-01 ; 2.400e+00 ; 7.1513000e+01 ; 8.5606300e+01 
3.500e+01 ; 8.000e-01 ; 2.400e+00 ; 7.2000000e+01 ; 8.5123718e+01 
3.500e+01 ; 8.000e-01 ; 2.400e+00 ; 7.2000000e+01 ; 8.5123718e+01 
3.500e+01 ; 8.000e-01 ; 2.400e+00 ; 7.2001000e+01 ; 8.5122726e+01 
3.500e+01 ; 8.000e-01 ; 2.400e+00 ; 7.2002000e+01 ; 8.5121735e+01 
3.500e+01 ; 8.000e-01 ; 2.400e+00 ; 7.2003000e+01 ; 8.5120743e+01 
3.500e+01 ; 8.000e-01 ; 2.400e+00 ; 7.2005000e+01 ; 8.5118767e+01 
3.500e+01 ; 8.000e-01 ; 2.400e+00 ; 7.2009000e+01 ; 8.5114807e+01 
3.500e+01 ; 8.000e-01 ; 2.400e+00 ; 7.2017000e+01 ; 8.5106895e+01 
3.500e+01 ; 8.000e-01 ; 2.400e+00 ; 7.2033000e+01 ; 8.5091118e+01 
3.500e+01 ; 8.000e-01 ; 2.400e+00 ; 7.2065000e+01 ; 8.5059700e+01 
3.500e+01 ; 8.000e-01 ; 2.400e+00 ; 7.2129000e+01 ; 8.4997429e+01 
3.500e+01 ; 8.000e-01 ; 2.400e+00 ; 7.2257000e+01 ; 8.4875069e+01 
3.500e+01 ; 8.000e-01 ; 2.400e+00 ; 7.2513000e+01 ; 8.4638634e+01 
3.500e+01 ; 8.000e-01 ; 2.400e+00 ; 7.3000000e+01 ; 8.4215874e+01 
3.500e+01 ; 8.000e-01 ; 2.400e+00 ; 7.3000000e+01 ; 8.4215874e+01 
3.500e+01 ; 8.000e-01 ; 2.400e+00 ; 7.3001000e+01 ; 8.4215012e+01 
3.500e+01 ; 8.000e-01 ; 2.400e+00 ; 7.3002000e+01 ; 8.4214142e+01 
3.500e+01 ; 8.000e-01 ; 2.400e+00 ; 7.3003000e+01 ; 8.4213272e+01 
3.500e+01 ; 8.000e-01 ; 2.400e+00 ; 7.3005000e+01 ; 8.4211540e+01 
3.500e+01 ; 8.000e-01 ; 2.400e+00 ; 7.3009000e+01 ; 8.4208069e+01 
3.500e+01 ; 8.000e-01 ; 2.400e+00 ; 7.3017000e+01 ; 8.4201141e+01 
3.500e+01 ; 8.000e-01 ; 2.400e+00 ; 7.3033000e+01 ; 8.4187309e+01 
3.500e+01 ; 8.000e-01 ; 2.400e+00 ; 7.3065000e+01 ; 8.4159767e+01 
3.500e+01 ; 8.000e-01 ; 2.400e+00 ; 7.3129000e+01 ; 8.4105133e+01 
3.500e+01 ; 8.000e-01 ; 2.400e+00 ; 7.3257000e+01 ; 8.3997635e+01 
3.500e+01 ; 8.000e-01 ; 2.400e+00 ; 7.3513000e+01 ; 8.3789337e+01 
3.500e+01 ; 8.000e-01 ; 2.400e+00 ; 7.4000000e+01 ; 8.3415115e+01 
3.500e+01 ; 8.000e-01 ; 2.400e+00 ; 7.4000000e+01 ; 8.3415115e+01 
3.500e+01 ; 8.000e-01 ; 2.400e+00 ; 7.4001000e+01 ; 8.3414345e+01 
3.500e+01 ; 8.000e-01 ; 2.400e+00 ; 7.4002000e+01 ; 8.3413574e+01 
3.500e+01 ; 8.000e-01 ; 2.400e+00 ; 7.4003000e+01 ; 8.3412811e+01 
3.500e+01 ; 8.000e-01 ; 2.400e+00 ; 7.4005000e+01 ; 8.3411270e+01 
3.500e+01 ; 8.000e-01 ; 2.400e+00 ; 7.4009000e+01 ; 8.3408203e+01 
3.500e+01 ; 8.000e-01 ; 2.400e+00 ; 7.4017000e+01 ; 8.3402069e+01 
3.500e+01 ; 8.000e-01 ; 2.400e+00 ; 7.4033000e+01 ; 8.3389824e+01 
3.500e+01 ; 8.000e-01 ; 2.400e+00 ; 7.4065000e+01 ; 8.3365425e+01 
3.500e+01 ; 8.000e-01 ; 2.400e+00 ; 7.4129000e+01 ; 8.3316994e+01 
3.500e+01 ; 8.000e-01 ; 2.400e+00 ; 7.4257000e+01 ; 8.3221588e+01 
3.500e+01 ; 8.000e-01 ; 2.400e+00 ; 7.4513000e+01 ; 8.3036278e+01 
3.500e+01 ; 8.000e-01 ; 2.400e+00 ; 7.5000000e+01 ; 8.2701927e+01 
3.500e+01 ; 8.000e-01 ; 2.400e+00 ; 7.5000000e+01 ; 8.2701927e+01 
3.500e+01 ; 8.000e-01 ; 2.400e+00 ; 7.5001000e+01 ; 8.2701241e+01 
3.500e+01 ; 8.000e-01 ; 2.400e+00 ; 7.5002000e+01 ; 8.2700554e+01 
3.500e+01 ; 8.000e-01 ; 2.400e+00 ; 7.5003000e+01 ; 8.2699867e+01 
3.500e+01 ; 8.000e-01 ; 2.400e+00 ; 7.5005000e+01 ; 8.2698494e+01 
3.500e+01 ; 8.000e-01 ; 2.400e+00 ; 7.5009000e+01 ; 8.2695747e+01 
3.500e+01 ; 8.000e-01 ; 2.400e+00 ; 7.5017000e+01 ; 8.2690269e+01 
3.500e+01 ; 8.000e-01 ; 2.400e+00 ; 7.5033000e+01 ; 8.2679321e+01 
3.500e+01 ; 8.000e-01 ; 2.400e+00 ; 7.5065000e+01 ; 8.2657509e+01 
3.500e+01 ; 8.000e-01 ; 2.400e+00 ; 7.5129000e+01 ; 8.2614197e+01 
3.500e+01 ; 8.000e-01 ; 2.400e+00 ; 7.5257000e+01 ; 8.2528763e+01 
3.500e+01 ; 8.000e-01 ; 2.400e+00 ; 7.5513000e+01 ; 8.2362457e+01 
3.500e+01 ; 8.000e-01 ; 2.400e+00 ; 7.6000000e+01 ; 8.2061302e+01 
3.500e+01 ; 8.000e-01 ; 2.400e+00 ; 7.6000000e+01 ; 8.2061302e+01 
3.500e+01 ; 8.000e-01 ; 2.400e+00 ; 7.6001000e+01 ; 8.2060684e+01 
3.500e+01 ; 8.000e-01 ; 2.400e+00 ; 7.6002000e+01 ; 8.2060066e+01 
3.500e+01 ; 8.000e-01 ; 2.400e+00 ; 7.6003000e+01 ; 8.2059456e+01 
3.500e+01 ; 8.000e-01 ; 2.400e+00 ; 7.6005000e+01 ; 8.2058228e+01 
3.500e+01 ; 8.000e-01 ; 2.400e+00 ; 7.6009000e+01 ; 8.2055801e+01 
3.500e+01 ; 8.000e-01 ; 2.400e+00 ; 7.6017000e+01 ; 8.2051041e+01 
3.500e+01 ; 8.000e-01 ; 2.400e+00 ; 7.6033000e+01 ; 8.2041962e+01 
3.500e+01 ; 8.000e-01 ; 2.400e+00 ; 7.6065000e+01 ; 8.2026001e+01 
3.500e+01 ; 8.000e-01 ; 2.400e+00 ; 7.6129000e+01 ; 8.2005493e+01 
3.500e+01 ; 8.000e-01 ; 2.400e+00 ; 7.6257000e+01 ; 8.2021095e+01 
3.500e+01 ; 8.000e-01 ; 2.400e+00 ; 7.6513000e+01 ; 8.2281693e+01 
3.500e+01 ; 8.000e-01 ; 2.400e+00 ; 7.7000000e+01 ; 8.3305840e+01 
3.500e+01 ; 8.000e-01 ; 2.400e+00 ; 7.7000000e+01 ; 8.3305840e+01 
3.500e+01 ; 8.000e-01 ; 2.400e+00 ; 7.7001000e+01 ; 8.3307945e+01 
3.500e+01 ; 8.000e-01 ; 2.400e+00 ; 7.7002000e+01 ; 8.3310059e+01 
3.500e+01 ; 8.000e-01 ; 2.400e+00 ; 7.7003000e+01 ; 8.3312172e+01 
3.500e+01 ; 8.000e-01 ; 2.400e+00 ; 7.7005000e+01 ; 8.3316406e+01 
3.500e+01 ; 8.000e-01 ; 2.400e+00 ; 7.7009000e+01 ; 8.3324928e+01 
3.500e+01 ; 8.000e-01 ; 2.400e+00 ; 7.7017000e+01 ; 8.3342163e+01 
3.500e+01 ; 8.000e-01 ; 2.400e+00 ; 7.7033000e+01 ; 8.3377388e+01 
3.500e+01 ; 8.000e-01 ; 2.400e+00 ; 7.7065000e+01 ; 8.3450813e+01 
3.500e+01 ; 8.000e-01 ; 2.400e+00 ; 7.7129000e+01 ; 8.3608887e+01 
3.500e+01 ; 8.000e-01 ; 2.400e+00 ; 7.7257000e+01 ; 8.3963661e+01 
3.500e+01 ; 8.000e-01 ; 2.400e+00 ; 7.7513000e+01 ; 8.4775146e+01 
3.500e+01 ; 8.000e-01 ; 2.400e+00 ; 7.8000000e+01 ; 8.6396484e+01 
3.500e+01 ; 8.000e-01 ; 2.400e+00 ; 7.8000000e+01 ; 8.6396484e+01 
3.500e+01 ; 8.000e-01 ; 2.400e+00 ; 7.8001000e+01 ; 8.6399818e+01 
3.500e+01 ; 8.000e-01 ; 2.400e+00 ; 7.8002000e+01 ; 8.6403145e+01 
3.500e+01 ; 8.000e-01 ; 2.400e+00 ; 7.8003000e+01 ; 8.6406479e+01 
3.500e+01 ; 8.000e-01 ; 2.400e+00 ; 7.8005000e+01 ; 8.6413147e+01 
3.500e+01 ; 8.000e-01 ; 2.400e+00 ; 7.8009000e+01 ; 8.6426483e+01 
3.500e+01 ; 8.000e-01 ; 2.400e+00 ; 7.8017000e+01 ; 8.6453186e+01 
3.500e+01 ; 8.000e-01 ; 2.400e+00 ; 7.8033000e+01 ; 8.6506729e+01 
3.500e+01 ; 8.000e-01 ; 2.400e+00 ; 7.8065000e+01 ; 8.6614197e+01 
3.500e+01 ; 8.000e-01 ; 2.400e+00 ; 7.8129000e+01 ; 8.6829933e+01 
3.500e+01 ; 8.000e-01 ; 2.400e+00 ; 7.8257000e+01 ; 8.7259399e+01 
3.500e+01 ; 8.000e-01 ; 2.400e+00 ; 7.8513000e+01 ; 8.8080902e+01 
3.500e+01 ; 8.000e-01 ; 2.400e+00 ; 7.9000000e+01 ; 8.9407875e+01 
3.500e+01 ; 8.000e-01 ; 2.400e+00 ; 7.9000000e+01 ; 8.9407875e+01 
3.500e+01 ; 8.000e-01 ; 2.400e+00 ; 7.9001000e+01 ; 8.9410599e+01 
3.500e+01 ; 8.000e-01 ; 2.400e+00 ; 7.9002000e+01 ; 8.9413322e+01 
3.500e+01 ; 8.000e-01 ; 2.400e+00 ; 7.9003000e+01 ; 8.9416046e+01 
3.500e+01 ; 8.000e-01 ; 2.400e+00 ; 7.9005000e+01 ; 8.9421486e+01 
3.500e+01 ; 8.000e-01 ; 2.400e+00 ; 7.9009000e+01 ; 8.9432343e+01 
3.500e+01 ; 8.000e-01 ; 2.400e+00 ; 7.9017000e+01 ; 8.9454002e+01 
3.500e+01 ; 8.000e-01 ; 2.400e+00 ; 7.9033000e+01 ; 8.9497063e+01 
3.500e+01 ; 8.000e-01 ; 2.400e+00 ; 7.9065000e+01 ; 8.9582054e+01 
3.500e+01 ; 8.000e-01 ; 2.400e+00 ; 7.9129000e+01 ; 8.9747269e+01 
3.500e+01 ; 8.000e-01 ; 2.400e+00 ; 7.9257000e+01 ; 9.0057076e+01 
3.500e+01 ; 8.000e-01 ; 2.400e+00 ; 7.9513000e+01 ; 9.0589973e+01 
3.500e+01 ; 8.000e-01 ; 2.400e+00 ; 8.0000000e+01 ; 9.1313660e+01 
3.500e+01 ; 8.000e-01 ; 2.400e+00 ; 8.0000000e+01 ; 9.1313660e+01 
3.500e+01 ; 8.000e-01 ; 2.400e+00 ; 8.0001000e+01 ; 9.1315140e+01 
3.500e+01 ; 8.000e-01 ; 2.400e+00 ; 8.0002000e+01 ; 9.1316628e+01 
3.500e+01 ; 8.000e-01 ; 2.400e+00 ; 8.0003000e+01 ; 9.1318108e+01 
3.500e+01 ; 8.000e-01 ; 2.400e+00 ; 8.0005000e+01 ; 9.1321068e+01 
3.500e+01 ; 8.000e-01 ; 2.400e+00 ; 8.0009000e+01 ; 9.1326965e+01 
3.500e+01 ; 8.000e-01 ; 2.400e+00 ; 8.0017000e+01 ; 9.1338692e+01 
3.500e+01 ; 8.000e-01 ; 2.400e+00 ; 8.0033000e+01 ; 9.1361824e+01 
3.500e+01 ; 8.000e-01 ; 2.400e+00 ; 8.0065000e+01 ; 9.1406853e+01 
3.500e+01 ; 8.000e-01 ; 2.400e+00 ; 8.0129000e+01 ; 9.1492043e+01 
3.500e+01 ; 8.000e-01 ; 2.400e+00 ; 8.0257000e+01 ; 9.1643730e+01 
3.500e+01 ; 8.000e-01 ; 2.400e+00 ; 8.0513000e+01 ; 9.1879402e+01 
3.500e+01 ; 8.000e-01 ; 2.400e+00 ; 8.1000000e+01 ; 9.2131874e+01 
3.500e+01 ; 8.000e-01 ; 2.400e+00 ; 8.1000000e+01 ; 9.2131874e+01 
3.500e+01 ; 8.000e-01 ; 2.400e+00 ; 8.1001000e+01 ; 9.2132393e+01 
3.500e+01 ; 8.000e-01 ; 2.400e+00 ; 8.1002000e+01 ; 9.2132904e+01 
3.500e+01 ; 8.000e-01 ; 2.400e+00 ; 8.1003000e+01 ; 9.2133423e+01 
3.500e+01 ; 8.000e-01 ; 2.400e+00 ; 8.1005000e+01 ; 9.2134453e+01 
3.500e+01 ; 8.000e-01 ; 2.400e+00 ; 8.1009000e+01 ; 9.2136497e+01 
3.500e+01 ; 8.000e-01 ; 2.400e+00 ; 8.1017000e+01 ; 9.2140533e+01 
3.500e+01 ; 8.000e-01 ; 2.400e+00 ; 8.1033000e+01 ; 9.2148392e+01 
3.500e+01 ; 8.000e-01 ; 2.400e+00 ; 8.1065000e+01 ; 9.2163307e+01 
3.500e+01 ; 8.000e-01 ; 2.400e+00 ; 8.1129000e+01 ; 9.2189964e+01 
3.500e+01 ; 8.000e-01 ; 2.400e+00 ; 8.1257000e+01 ; 9.2231506e+01 
3.500e+01 ; 8.000e-01 ; 2.400e+00 ; 8.1513000e+01 ; 9.2273827e+01 
3.500e+01 ; 8.000e-01 ; 2.400e+00 ; 8.2000000e+01 ; 9.2242683e+01 
3.500e+01 ; 8.000e-01 ; 2.400e+00 ; 8.2000000e+01 ; 9.2242683e+01 
3.500e+01 ; 8.000e-01 ; 2.400e+00 ; 8.2001000e+01 ; 9.2242615e+01 
3.500e+01 ; 8.000e-01 ; 2.400e+00 ; 8.2002000e+01 ; 9.2242554e+01 
3.500e+01 ; 8.000e-01 ; 2.400e+00 ; 8.2003000e+01 ; 9.2242485e+01 
3.500e+01 ; 8.000e-01 ; 2.400e+00 ; 8.2005000e+01 ; 9.2242355e+01 
3.500e+01 ; 8.000e-01 ; 2.400e+00 ; 8.2009000e+01 ; 9.2242081e+01 
3.500e+01 ; 8.000e-01 ; 2.400e+00 ; 8.2017000e+01 ; 9.2241508e+01 
3.500e+01 ; 8.000e-01 ; 2.400e+00 ; 8.2033000e+01 ; 9.2240234e+01 
3.500e+01 ; 8.000e-01 ; 2.400e+00 ; 8.2065000e+01 ; 9.2237236e+01 
3.500e+01 ; 8.000e-01 ; 2.400e+00 ; 8.2129000e+01 ; 9.2229469e+01 
3.500e+01 ; 8.000e-01 ; 2.400e+00 ; 8.2257000e+01 ; 9.2207428e+01 
3.500e+01 ; 8.000e-01 ; 2.400e+00 ; 8.2513000e+01 ; 9.2141365e+01 
3.500e+01 ; 8.000e-01 ; 2.400e+00 ; 8.3000000e+01 ; 9.1957687e+01 
3.500e+01 ; 8.000e-01 ; 2.400e+00 ; 8.3000000e+01 ; 9.1957687e+01 
3.500e+01 ; 8.000e-01 ; 2.400e+00 ; 8.3001000e+01 ; 9.1957314e+01 
3.500e+01 ; 8.000e-01 ; 2.400e+00 ; 8.3002000e+01 ; 9.1956932e+01 
3.500e+01 ; 8.000e-01 ; 2.400e+00 ; 8.3003000e+01 ; 9.1956558e+01 
3.500e+01 ; 8.000e-01 ; 2.400e+00 ; 8.3005000e+01 ; 9.1955803e+01 
3.500e+01 ; 8.000e-01 ; 2.400e+00 ; 8.3009000e+01 ; 9.1954285e+01 
3.500e+01 ; 8.000e-01 ; 2.400e+00 ; 8.3017000e+01 ; 9.1951233e+01 
3.500e+01 ; 8.000e-01 ; 2.400e+00 ; 8.3033000e+01 ; 9.1945068e+01 
3.500e+01 ; 8.000e-01 ; 2.400e+00 ; 8.3065000e+01 ; 9.1932510e+01 
3.500e+01 ; 8.000e-01 ; 2.400e+00 ; 8.3129000e+01 ; 9.1906479e+01 
3.500e+01 ; 8.000e-01 ; 2.400e+00 ; 8.3257000e+01 ; 9.1851128e+01 
3.500e+01 ; 8.000e-01 ; 2.400e+00 ; 8.3513000e+01 ; 9.1729568e+01 
3.500e+01 ; 8.000e-01 ; 2.400e+00 ; 8.4000000e+01 ; 9.1471146e+01 
3.500e+01 ; 8.000e-01 ; 2.400e+00 ; 8.4000000e+01 ; 9.1471146e+01 
3.500e+01 ; 8.000e-01 ; 2.400e+00 ; 8.4001000e+01 ; 9.1470619e+01 
3.500e+01 ; 8.000e-01 ; 2.400e+00 ; 8.4002000e+01 ; 9.1470085e+01 
3.500e+01 ; 8.000e-01 ; 2.400e+00 ; 8.4003000e+01 ; 9.1469551e+01 
3.500e+01 ; 8.000e-01 ; 2.400e+00 ; 8.4005000e+01 ; 9.1468491e+01 
3.500e+01 ; 8.000e-01 ; 2.400e+00 ; 8.4009000e+01 ; 9.1466362e+01 
3.500e+01 ; 8.000e-01 ; 2.400e+00 ; 8.4017000e+01 ; 9.1462105e+01 
3.500e+01 ; 8.000e-01 ; 2.400e+00 ; 8.4033000e+01 ; 9.1453552e+01 
3.500e+01 ; 8.000e-01 ; 2.400e+00 ; 8.4065000e+01 ; 9.1436348e+01 
3.500e+01 ; 8.000e-01 ; 2.400e+00 ; 8.4129000e+01 ; 9.1401512e+01 
3.500e+01 ; 8.000e-01 ; 2.400e+00 ; 8.4257000e+01 ; 9.1330360e+01 
3.500e+01 ; 8.000e-01 ; 2.400e+00 ; 8.4513000e+01 ; 9.1183411e+01 
3.500e+01 ; 8.000e-01 ; 2.400e+00 ; 8.5000000e+01 ; 9.0893616e+01 
3.500e+01 ; 8.000e-01 ; 2.400e+00 ; 8.5000000e+01 ; 9.0893616e+01 
3.500e+01 ; 8.000e-01 ; 2.400e+00 ; 8.5001000e+01 ; 9.0893021e+01 
3.500e+01 ; 8.000e-01 ; 2.400e+00 ; 8.5002000e+01 ; 9.0892426e+01 
3.500e+01 ; 8.000e-01 ; 2.400e+00 ; 8.5003000e+01 ; 9.0891830e+01 
3.500e+01 ; 8.000e-01 ; 2.400e+00 ; 8.5005000e+01 ; 9.0890640e+01 
3.500e+01 ; 8.000e-01 ; 2.400e+00 ; 8.5009000e+01 ; 9.0888260e+01 
3.500e+01 ; 8.000e-01 ; 2.400e+00 ; 8.5017000e+01 ; 9.0883492e+01 
3.500e+01 ; 8.000e-01 ; 2.400e+00 ; 8.5033000e+01 ; 9.0873947e+01 
3.500e+01 ; 8.000e-01 ; 2.400e+00 ; 8.5065000e+01 ; 9.0854828e+01 
3.500e+01 ; 8.000e-01 ; 2.400e+00 ; 8.5129000e+01 ; 9.0816422e+01 
3.500e+01 ; 8.000e-01 ; 2.400e+00 ; 8.5257000e+01 ; 9.0739128e+01 
3.500e+01 ; 8.000e-01 ; 2.400e+00 ; 8.5513000e+01 ; 9.0583244e+01 
3.500e+01 ; 8.000e-01 ; 2.400e+00 ; 8.6000000e+01 ; 9.0285515e+01 
3.500e+01 ; 8.000e-01 ; 2.400e+00 ; 8.6000000e+01 ; 9.0285515e+01 
3.500e+01 ; 8.000e-01 ; 2.400e+00 ; 8.6001000e+01 ; 9.0284904e+01 
3.500e+01 ; 8.000e-01 ; 2.400e+00 ; 8.6002000e+01 ; 9.0284294e+01 
3.500e+01 ; 8.000e-01 ; 2.400e+00 ; 8.6003000e+01 ; 9.0283684e+01 
3.500e+01 ; 8.000e-01 ; 2.400e+00 ; 8.6005000e+01 ; 9.0282463e+01 
3.500e+01 ; 8.000e-01 ; 2.400e+00 ; 8.6009000e+01 ; 9.0280014e+01 
3.500e+01 ; 8.000e-01 ; 2.400e+00 ; 8.6017000e+01 ; 9.0275124e+01 
3.500e+01 ; 8.000e-01 ; 2.400e+00 ; 8.6033000e+01 ; 9.0265343e+01 
3.500e+01 ; 8.000e-01 ; 2.400e+00 ; 8.6065000e+01 ; 9.0245773e+01 
3.500e+01 ; 8.000e-01 ; 2.400e+00 ; 8.6129000e+01 ; 9.0206619e+01 
3.500e+01 ; 8.000e-01 ; 2.400e+00 ; 8.6257000e+01 ; 9.0128357e+01 
3.500e+01 ; 8.000e-01 ; 2.400e+00 ; 8.6513000e+01 ; 8.9972305e+01 
3.500e+01 ; 8.000e-01 ; 2.400e+00 ; 8.7000000e+01 ; 8.9678925e+01 
3.500e+01 ; 8.000e-01 ; 2.400e+00 ; 8.7000000e+01 ; 8.9678925e+01 
3.500e+01 ; 8.000e-01 ; 2.400e+00 ; 8.7001000e+01 ; 8.9678322e+01 
3.500e+01 ; 8.000e-01 ; 2.400e+00 ; 8.7002000e+01 ; 8.9677719e+01 
3.500e+01 ; 8.000e-01 ; 2.400e+00 ; 8.7003000e+01 ; 8.9677116e+01 
3.500e+01 ; 8.000e-01 ; 2.400e+00 ; 8.7005000e+01 ; 8.9675911e+01 
3.500e+01 ; 8.000e-01 ; 2.400e+00 ; 8.7009000e+01 ; 8.9673508e+01 
3.500e+01 ; 8.000e-01 ; 2.400e+00 ; 8.7017000e+01 ; 8.9668686e+01 
3.500e+01 ; 8.000e-01 ; 2.400e+00 ; 8.7033000e+01 ; 8.9659058e+01 
3.500e+01 ; 8.000e-01 ; 2.400e+00 ; 8.7065000e+01 ; 8.9639809e+01 
3.500e+01 ; 8.000e-01 ; 2.400e+00 ; 8.7129000e+01 ; 8.9601387e+01 
3.500e+01 ; 8.000e-01 ; 2.400e+00 ; 8.7257000e+01 ; 8.9524841e+01 
3.500e+01 ; 8.000e-01 ; 2.400e+00 ; 8.7513000e+01 ; 8.9373108e+01 
3.500e+01 ; 8.000e-01 ; 2.400e+00 ; 8.8000000e+01 ; 8.9090233e+01 
3.500e+01 ; 8.000e-01 ; 2.400e+00 ; 8.8000000e+01 ; 8.9090233e+01 
3.500e+01 ; 8.000e-01 ; 2.400e+00 ; 8.8001000e+01 ; 8.9089653e+01 
3.500e+01 ; 8.000e-01 ; 2.400e+00 ; 8.8002000e+01 ; 8.9089066e+01 
3.500e+01 ; 8.000e-01 ; 2.400e+00 ; 8.8003000e+01 ; 8.9088486e+01 
3.500e+01 ; 8.000e-01 ; 2.400e+00 ; 8.8005000e+01 ; 8.9087326e+01 
3.500e+01 ; 8.000e-01 ; 2.400e+00 ; 8.8009000e+01 ; 8.9085007e+01 
3.500e+01 ; 8.000e-01 ; 2.400e+00 ; 8.8017000e+01 ; 8.9080360e+01 
3.500e+01 ; 8.000e-01 ; 2.400e+00 ; 8.8033000e+01 ; 8.9071083e+01 
3.500e+01 ; 8.000e-01 ; 2.400e+00 ; 8.8065000e+01 ; 8.9052544e+01 
3.500e+01 ; 8.000e-01 ; 2.400e+00 ; 8.8129000e+01 ; 8.9015572e+01 
3.500e+01 ; 8.000e-01 ; 2.400e+00 ; 8.8257000e+01 ; 8.8942062e+01 
3.500e+01 ; 8.000e-01 ; 2.400e+00 ; 8.8513000e+01 ; 8.8796799e+01 
3.500e+01 ; 8.000e-01 ; 2.400e+00 ; 8.9000000e+01 ; 8.8527199e+01 
3.500e+01 ; 8.000e-01 ; 2.400e+00 ; 8.9000000e+01 ; 8.8527199e+01 
3.500e+01 ; 8.000e-01 ; 2.400e+00 ; 8.9001000e+01 ; 8.8526649e+01 
3.500e+01 ; 8.000e-01 ; 2.400e+00 ; 8.9002000e+01 ; 8.8526093e+01 
3.500e+01 ; 8.000e-01 ; 2.400e+00 ; 8.9003000e+01 ; 8.8525536e+01 
3.500e+01 ; 8.000e-01 ; 2.400e+00 ; 8.9005000e+01 ; 8.8524429e+01 
3.500e+01 ; 8.000e-01 ; 2.400e+00 ; 8.9009000e+01 ; 8.8522217e+01 
3.500e+01 ; 8.000e-01 ; 2.400e+00 ; 8.9017000e+01 ; 8.8517792e+01 
3.500e+01 ; 8.000e-01 ; 2.400e+00 ; 8.9033000e+01 ; 8.8508949e+01 
3.500e+01 ; 8.000e-01 ; 2.400e+00 ; 8.9065000e+01 ; 8.8491295e+01 
3.500e+01 ; 8.000e-01 ; 2.400e+00 ; 8.9129000e+01 ; 8.8456100e+01 
3.500e+01 ; 8.000e-01 ; 2.400e+00 ; 8.9257000e+01 ; 8.8386185e+01 
3.500e+01 ; 8.000e-01 ; 2.400e+00 ; 8.9513000e+01 ; 8.8248276e+01 
3.500e+01 ; 8.000e-01 ; 2.400e+00 ; 9.0000000e+01 ; 8.7992905e+01 
3.500e+01 ; 8.000e-01 ; 2.400e+00 ; 9.0000000e+01 ; 8.7992905e+01 
3.500e+01 ; 8.000e-01 ; 2.400e+00 ; 9.0001000e+01 ; 8.7992378e+01 
3.500e+01 ; 8.000e-01 ; 2.400e+00 ; 9.0002000e+01 ; 8.7991852e+01 
3.500e+01 ; 8.000e-01 ; 2.400e+00 ; 9.0003000e+01 ; 8.7991325e+01 
3.500e+01 ; 8.000e-01 ; 2.400e+00 ; 9.0005000e+01 ; 8.7990280e+01 
3.500e+01 ; 8.000e-01 ; 2.400e+00 ; 9.0009000e+01 ; 8.7988182e+01 
3.500e+01 ; 8.000e-01 ; 2.400e+00 ; 9.0017000e+01 ; 8.7983994e+01 
3.500e+01 ; 8.000e-01 ; 2.400e+00 ; 9.0033000e+01 ; 8.7975616e+01 
3.500e+01 ; 8.000e-01 ; 2.400e+00 ; 9.0065000e+01 ; 8.7958900e+01 
3.500e+01 ; 8.000e-01 ; 2.400e+00 ; 9.0129000e+01 ; 8.7925583e+01 
3.500e+01 ; 8.000e-01 ; 2.400e+00 ; 9.0257000e+01 ; 8.7859428e+01 
3.500e+01 ; 8.000e-01 ; 2.400e+00 ; 9.0513000e+01 ; 8.7729050e+01 
3.500e+01 ; 8.000e-01 ; 2.400e+00 ; 9.1000000e+01 ; 8.7487877e+01 
3.500e+01 ; 8.000e-01 ; 2.400e+00 ; 9.1000000e+01 ; 8.7487877e+01 
3.500e+01 ; 8.000e-01 ; 2.400e+00 ; 9.1001000e+01 ; 8.7487381e+01 
3.500e+01 ; 8.000e-01 ; 2.400e+00 ; 9.1002000e+01 ; 8.7486885e+01 
3.500e+01 ; 8.000e-01 ; 2.400e+00 ; 9.1003000e+01 ; 8.7486389e+01 
3.500e+01 ; 8.000e-01 ; 2.400e+00 ; 9.1005000e+01 ; 8.7485397e+01 
3.500e+01 ; 8.000e-01 ; 2.400e+00 ; 9.1009000e+01 ; 8.7483421e+01 
3.500e+01 ; 8.000e-01 ; 2.400e+00 ; 9.1017000e+01 ; 8.7479462e+01 
3.500e+01 ; 8.000e-01 ; 2.400e+00 ; 9.1033000e+01 ; 8.7471558e+01 
3.500e+01 ; 8.000e-01 ; 2.400e+00 ; 9.1065000e+01 ; 8.7455788e+01 
3.500e+01 ; 8.000e-01 ; 2.400e+00 ; 9.1129000e+01 ; 8.7424553e+01 
3.500e+01 ; 8.000e-01 ; 2.400e+00 ; 9.1257000e+01 ; 8.7364761e+01 
3.500e+01 ; 8.000e-01 ; 2.400e+00 ; 9.1513000e+01 ; 8.7267082e+01 
3.500e+01 ; 8.000e-01 ; 2.400e+00 ; 9.2000000e+01 ; 8.7194221e+01 
3.500e+01 ; 8.000e-01 ; 2.400e+00 ; 9.2000000e+01 ; 8.7194221e+01 
3.500e+01 ; 8.000e-01 ; 2.400e+00 ; 9.2001000e+01 ; 8.7194069e+01 
3.500e+01 ; 8.000e-01 ; 2.400e+00 ; 9.2002000e+01 ; 8.7193924e+01 
3.500e+01 ; 8.000e-01 ; 2.400e+00 ; 9.2003000e+01 ; 8.7193771e+01 
3.500e+01 ; 8.000e-01 ; 2.400e+00 ; 9.2005000e+01 ; 8.7193481e+01 
3.500e+01 ; 8.000e-01 ; 2.400e+00 ; 9.2009000e+01 ; 8.7192894e+01 
3.500e+01 ; 8.000e-01 ; 2.400e+00 ; 9.2017000e+01 ; 8.7191765e+01 
3.500e+01 ; 8.000e-01 ; 2.400e+00 ; 9.2033000e+01 ; 8.7189629e+01 
3.500e+01 ; 8.000e-01 ; 2.400e+00 ; 9.2065000e+01 ; 8.7185852e+01 
3.500e+01 ; 8.000e-01 ; 2.400e+00 ; 9.2129000e+01 ; 8.7180397e+01 
3.500e+01 ; 8.000e-01 ; 2.400e+00 ; 9.2257000e+01 ; 8.7178177e+01 
3.500e+01 ; 8.000e-01 ; 2.400e+00 ; 9.2513000e+01 ; 8.7208443e+01 
3.500e+01 ; 8.000e-01 ; 2.400e+00 ; 9.3000000e+01 ; 8.7367943e+01 
3.500e+01 ; 8.000e-01 ; 2.400e+00 ; 9.3000000e+01 ; 8.7367943e+01 
3.500e+01 ; 8.000e-01 ; 2.400e+00 ; 9.3001000e+01 ; 8.7368271e+01 
3.500e+01 ; 8.000e-01 ; 2.400e+00 ; 9.3002000e+01 ; 8.7368599e+01 
3.500e+01 ; 8.000e-01 ; 2.400e+00 ; 9.3003000e+01 ; 8.7368927e+01 
3.500e+01 ; 8.000e-01 ; 2.400e+00 ; 9.3005000e+01 ; 8.7369583e+01 
3.500e+01 ; 8.000e-01 ; 2.400e+00 ; 9.3009000e+01 ; 8.7370911e+01 
3.500e+01 ; 8.000e-01 ; 2.400e+00 ; 9.3017000e+01 ; 8.7373589e+01 
3.500e+01 ; 8.000e-01 ; 2.400e+00 ; 9.3033000e+01 ; 8.7379051e+01 
3.500e+01 ; 8.000e-01 ; 2.400e+00 ; 9.3065000e+01 ; 8.7390411e+01 
3.500e+01 ; 8.000e-01 ; 2.400e+00 ; 9.3129000e+01 ; 8.7414757e+01 
3.500e+01 ; 8.000e-01 ; 2.400e+00 ; 9.3257000e+01 ; 8.7469421e+01 
3.500e+01 ; 8.000e-01 ; 2.400e+00 ; 9.3513000e+01 ; 8.7597382e+01 
3.500e+01 ; 8.000e-01 ; 2.400e+00 ; 9.4000000e+01 ; 8.7871956e+01 
3.500e+01 ; 8.000e-01 ; 2.400e+00 ; 9.4000000e+01 ; 8.7871956e+01 
3.500e+01 ; 8.000e-01 ; 2.400e+00 ; 9.4001000e+01 ; 8.7872520e+01 
3.500e+01 ; 8.000e-01 ; 2.400e+00 ; 9.4002000e+01 ; 8.7873085e+01 
3.500e+01 ; 8.000e-01 ; 2.400e+00 ; 9.4003000e+01 ; 8.7873650e+01 
3.500e+01 ; 8.000e-01 ; 2.400e+00 ; 9.4005000e+01 ; 8.7874779e+01 
3.500e+01 ; 8.000e-01 ; 2.400e+00 ; 9.4009000e+01 ; 8.7877037e+01 
3.500e+01 ; 8.000e-01 ; 2.400e+00 ; 9.4017000e+01 ; 8.7881561e+01 
3.500e+01 ; 8.000e-01 ; 2.400e+00 ; 9.4033000e+01 ; 8.7890648e+01 
3.500e+01 ; 8.000e-01 ; 2.400e+00 ; 9.4065000e+01 ; 8.7908936e+01 
3.500e+01 ; 8.000e-01 ; 2.400e+00 ; 9.4129000e+01 ; 8.7945877e+01 
3.500e+01 ; 8.000e-01 ; 2.400e+00 ; 9.4257000e+01 ; 8.8020531e+01 
3.500e+01 ; 8.000e-01 ; 2.400e+00 ; 9.4513000e+01 ; 8.8167900e+01 
3.500e+01 ; 8.000e-01 ; 2.400e+00 ; 9.5000000e+01 ; 8.8415955e+01 
3.500e+01 ; 8.000e-01 ; 2.400e+00 ; 9.5000000e+01 ; 8.8415955e+01 
3.500e+01 ; 8.000e-01 ; 2.400e+00 ; 9.5001000e+01 ; 8.8416458e+01 
3.500e+01 ; 8.000e-01 ; 2.400e+00 ; 9.5002000e+01 ; 8.8416969e+01 
3.500e+01 ; 8.000e-01 ; 2.400e+00 ; 9.5003000e+01 ; 8.8417480e+01 
3.500e+01 ; 8.000e-01 ; 2.400e+00 ; 9.5005000e+01 ; 8.8418495e+01 
3.500e+01 ; 8.000e-01 ; 2.400e+00 ; 9.5009000e+01 ; 8.8420525e+01 
3.500e+01 ; 8.000e-01 ; 2.400e+00 ; 9.5017000e+01 ; 8.8424583e+01 
3.500e+01 ; 8.000e-01 ; 2.400e+00 ; 9.5033000e+01 ; 8.8432655e+01 
3.500e+01 ; 8.000e-01 ; 2.400e+00 ; 9.5065000e+01 ; 8.8448654e+01 
3.500e+01 ; 8.000e-01 ; 2.400e+00 ; 9.5129000e+01 ; 8.8479980e+01 
3.500e+01 ; 8.000e-01 ; 2.400e+00 ; 9.5257000e+01 ; 8.8539574e+01 
3.500e+01 ; 8.000e-01 ; 2.400e+00 ; 9.5513000e+01 ; 8.8644203e+01 
3.500e+01 ; 8.000e-01 ; 2.400e+00 ; 9.6000000e+01 ; 8.8782631e+01 
3.500e+01 ; 8.000e-01 ; 2.400e+00 ; 9.6000000e+01 ; 8.8782631e+01 
3.500e+01 ; 8.000e-01 ; 2.400e+00 ; 9.6001000e+01 ; 8.8782913e+01 
3.500e+01 ; 8.000e-01 ; 2.400e+00 ; 9.6002000e+01 ; 8.8783195e+01 
3.500e+01 ; 8.000e-01 ; 2.400e+00 ; 9.6003000e+01 ; 8.8783478e+01 
3.500e+01 ; 8.000e-01 ; 2.400e+00 ; 9.6005000e+01 ; 8.8784050e+01 
3.500e+01 ; 8.000e-01 ; 2.400e+00 ; 9.6009000e+01 ; 8.8785172e+01 
3.500e+01 ; 8.000e-01 ; 2.400e+00 ; 9.6017000e+01 ; 8.8787415e+01 
3.500e+01 ; 8.000e-01 ; 2.400e+00 ; 9.6033000e+01 ; 8.8791824e+01 
3.500e+01 ; 8.000e-01 ; 2.400e+00 ; 9.6065000e+01 ; 8.8800385e+01 
3.500e+01 ; 8.000e-01 ; 2.400e+00 ; 9.6129000e+01 ; 8.8816429e+01 
3.500e+01 ; 8.000e-01 ; 2.400e+00 ; 9.6257000e+01 ; 8.8844131e+01 
3.500e+01 ; 8.000e-01 ; 2.400e+00 ; 9.6513000e+01 ; 8.8881927e+01 
3.500e+01 ; 8.000e-01 ; 2.400e+00 ; 9.7000000e+01 ; 8.8893150e+01 
3.500e+01 ; 8.000e-01 ; 2.400e+00 ; 9.7000000e+01 ; 8.8893150e+01 
3.500e+01 ; 8.000e-01 ; 2.400e+00 ; 9.7001000e+01 ; 8.8893173e+01 
3.500e+01 ; 8.000e-01 ; 2.400e+00 ; 9.7002000e+01 ; 8.8893196e+01 
3.500e+01 ; 8.000e-01 ; 2.400e+00 ; 9.7003000e+01 ; 8.8893219e+01 
3.500e+01 ; 8.000e-01 ; 2.400e+00 ; 9.7005000e+01 ; 8.8893265e+01 
3.500e+01 ; 8.000e-01 ; 2.400e+00 ; 9.7009000e+01 ; 8.8893341e+01 
3.500e+01 ; 8.000e-01 ; 2.400e+00 ; 9.7017000e+01 ; 8.8893494e+01 
3.500e+01 ; 8.000e-01 ; 2.400e+00 ; 9.7033000e+01 ; 8.8893730e+01 
3.500e+01 ; 8.000e-01 ; 2.400e+00 ; 9.7065000e+01 ; 8.8893936e+01 
3.500e+01 ; 8.000e-01 ; 2.400e+00 ; 9.7129000e+01 ; 8.8893318e+01 
3.500e+01 ; 8.000e-01 ; 2.400e+00 ; 9.7257000e+01 ; 8.8888054e+01 
3.500e+01 ; 8.000e-01 ; 2.400e+00 ; 9.7513000e+01 ; 8.8862213e+01 
3.500e+01 ; 8.000e-01 ; 2.400e+00 ; 9.8000000e+01 ; 8.8764366e+01 
3.500e+01 ; 8.000e-01 ; 2.400e+00 ; 9.8000000e+01 ; 8.8764366e+01 
3.500e+01 ; 8.000e-01 ; 2.400e+00 ; 9.8001000e+01 ; 8.8764168e+01 
3.500e+01 ; 8.000e-01 ; 2.400e+00 ; 9.8002000e+01 ; 8.8763969e+01 
3.500e+01 ; 8.000e-01 ; 2.400e+00 ; 9.8003000e+01 ; 8.8763763e+01 
3.500e+01 ; 8.000e-01 ; 2.400e+00 ; 9.8005000e+01 ; 8.8763359e+01 
3.500e+01 ; 8.000e-01 ; 2.400e+00 ; 9.8009000e+01 ; 8.8762550e+01 
3.500e+01 ; 8.000e-01 ; 2.400e+00 ; 9.8017000e+01 ; 8.8760918e+01 
3.500e+01 ; 8.000e-01 ; 2.400e+00 ; 9.8033000e+01 ; 8.8757591e+01 
3.500e+01 ; 8.000e-01 ; 2.400e+00 ; 9.8065000e+01 ; 8.8750740e+01 
3.500e+01 ; 8.000e-01 ; 2.400e+00 ; 9.8129000e+01 ; 8.8736229e+01 
3.500e+01 ; 8.000e-01 ; 2.400e+00 ; 9.8257000e+01 ; 8.8704102e+01 
3.500e+01 ; 8.000e-01 ; 2.400e+00 ; 9.8513000e+01 ; 8.8628418e+01 
3.500e+01 ; 8.000e-01 ; 2.400e+00 ; 9.9000000e+01 ; 8.8449829e+01 
3.500e+01 ; 8.000e-01 ; 2.400e+00 ; 9.9000000e+01 ; 8.8449829e+01 
3.500e+01 ; 8.000e-01 ; 2.400e+00 ; 9.9001000e+01 ; 8.8449463e+01 
3.500e+01 ; 8.000e-01 ; 2.400e+00 ; 9.9002000e+01 ; 8.8449089e+01 
3.500e+01 ; 8.000e-01 ; 2.400e+00 ; 9.9003000e+01 ; 8.8448723e+01 
3.500e+01 ; 8.000e-01 ; 2.400e+00 ; 9.9005000e+01 ; 8.8447990e+01 
3.500e+01 ; 8.000e-01 ; 2.400e+00 ; 9.9009000e+01 ; 8.8446518e+01 
3.500e+01 ; 8.000e-01 ; 2.400e+00 ; 9.9017000e+01 ; 8.8443565e+01 
3.500e+01 ; 8.000e-01 ; 2.400e+00 ; 9.9033000e+01 ; 8.8437622e+01 
3.500e+01 ; 8.000e-01 ; 2.400e+00 ; 9.9065000e+01 ; 8.8425591e+01 
3.500e+01 ; 8.000e-01 ; 2.400e+00 ; 9.9129000e+01 ; 8.8400955e+01 
3.500e+01 ; 8.000e-01 ; 2.400e+00 ; 9.9257000e+01 ; 8.8349525e+01 
3.500e+01 ; 8.000e-01 ; 2.400e+00 ; 9.9513000e+01 ; 8.8238960e+01 
3.500e+01 ; 8.000e-01 ; 2.400e+00 ; 1.0000000e+02 ; 8.8006111e+01 
3.500e+01 ; 8.000e-01 ; 2.400e+00 ; 1.0000000e+02 ; 8.8006111e+01 
3.500e+01 ; 8.000e-01 ; 2.400e+00 ; 1.0000100e+02 ; 8.8005638e+01 
3.500e+01 ; 8.000e-01 ; 2.400e+00 ; 1.0000200e+02 ; 8.8005157e+01 
3.500e+01 ; 8.000e-01 ; 2.400e+00 ; 1.0000300e+02 ; 8.8004677e+01 
3.500e+01 ; 8.000e-01 ; 2.400e+00 ; 1.0000500e+02 ; 8.8003723e+01 
3.500e+01 ; 8.000e-01 ; 2.400e+00 ; 1.0000900e+02 ; 8.8001808e+01 
3.500e+01 ; 8.000e-01 ; 2.400e+00 ; 1.0001700e+02 ; 8.7997971e+01 
3.500e+01 ; 8.000e-01 ; 2.400e+00 ; 1.0003300e+02 ; 8.7990273e+01 
3.500e+01 ; 8.000e-01 ; 2.400e+00 ; 1.0006500e+02 ; 8.7974777e+01 
3.500e+01 ; 8.000e-01 ; 2.400e+00 ; 1.0012900e+02 ; 8.7943428e+01 
3.500e+01 ; 8.000e-01 ; 2.400e+00 ; 1.0025700e+02 ; 8.7879356e+01 
3.500e+01 ; 8.000e-01 ; 2.400e+00 ; 1.0051300e+02 ; 8.7746452e+01 
3.500e+01 ; 8.000e-01 ; 2.400e+00 ; 1.0100000e+02 ; 8.7480370e+01 
3.500e+01 ; 8.000e-01 ; 2.400e+00 ; 1.0100000e+02 ; 8.7480370e+01 
3.500e+01 ; 8.000e-01 ; 2.400e+00 ; 1.0100100e+02 ; 8.7479820e+01 
3.500e+01 ; 8.000e-01 ; 2.400e+00 ; 1.0100200e+02 ; 8.7479271e+01 
3.500e+01 ; 8.000e-01 ; 2.400e+00 ; 1.0100300e+02 ; 8.7478729e+01 
3.500e+01 ; 8.000e-01 ; 2.400e+00 ; 1.0100500e+02 ; 8.7477631e+01 
3.500e+01 ; 8.000e-01 ; 2.400e+00 ; 1.0100900e+02 ; 8.7475449e+01 
3.500e+01 ; 8.000e-01 ; 2.400e+00 ; 1.0101700e+02 ; 8.7471069e+01 
3.500e+01 ; 8.000e-01 ; 2.400e+00 ; 1.0103300e+02 ; 8.7462296e+01 
3.500e+01 ; 8.000e-01 ; 2.400e+00 ; 1.0106500e+02 ; 8.7444702e+01 
3.500e+01 ; 8.000e-01 ; 2.400e+00 ; 1.0112900e+02 ; 8.7409294e+01 
3.500e+01 ; 8.000e-01 ; 2.400e+00 ; 1.0125700e+02 ; 8.7337708e+01 
3.500e+01 ; 8.000e-01 ; 2.400e+00 ; 1.0151300e+02 ; 8.7191917e+01 
3.500e+01 ; 8.000e-01 ; 2.400e+00 ; 1.0200000e+02 ; 8.6907959e+01 
3.500e+01 ; 8.000e-01 ; 2.400e+00 ; 1.0200000e+02 ; 8.6907959e+01 
3.500e+01 ; 8.000e-01 ; 2.400e+00 ; 1.0200100e+02 ; 8.6907379e+01 
3.500e+01 ; 8.000e-01 ; 2.400e+00 ; 1.0200200e+02 ; 8.6906799e+01 
3.500e+01 ; 8.000e-01 ; 2.400e+00 ; 1.0200300e+02 ; 8.6906212e+01 
3.500e+01 ; 8.000e-01 ; 2.400e+00 ; 1.0200500e+02 ; 8.6905045e+01 
3.500e+01 ; 8.000e-01 ; 2.400e+00 ; 1.0200900e+02 ; 8.6902710e+01 
3.500e+01 ; 8.000e-01 ; 2.400e+00 ; 1.0201700e+02 ; 8.6898041e+01 
3.500e+01 ; 8.000e-01 ; 2.400e+00 ; 1.0203300e+02 ; 8.6888702e+01 
3.500e+01 ; 8.000e-01 ; 2.400e+00 ; 1.0206500e+02 ; 8.6869987e+01 
3.500e+01 ; 8.000e-01 ; 2.400e+00 ; 1.0212900e+02 ; 8.6832458e+01 
3.500e+01 ; 8.000e-01 ; 2.400e+00 ; 1.0225700e+02 ; 8.6757034e+01 
3.500e+01 ; 8.000e-01 ; 2.400e+00 ; 1.0251300e+02 ; 8.6605095e+01 
3.500e+01 ; 8.000e-01 ; 2.400e+00 ; 1.0300000e+02 ; 8.6313988e+01 
3.500e+01 ; 8.000e-01 ; 2.400e+00 ; 1.0300000e+02 ; 8.6313988e+01 
3.500e+01 ; 8.000e-01 ; 2.400e+00 ; 1.0300100e+02 ; 8.6313393e+01 
3.500e+01 ; 8.000e-01 ; 2.400e+00 ; 1.0300200e+02 ; 8.6312790e+01 
3.500e+01 ; 8.000e-01 ; 2.400e+00 ; 1.0300300e+02 ; 8.6312195e+01 
3.500e+01 ; 8.000e-01 ; 2.400e+00 ; 1.0300500e+02 ; 8.6310997e+01 
3.500e+01 ; 8.000e-01 ; 2.400e+00 ; 1.0300900e+02 ; 8.6308609e+01 
3.500e+01 ; 8.000e-01 ; 2.400e+00 ; 1.0301700e+02 ; 8.6303825e+01 
3.500e+01 ; 8.000e-01 ; 2.400e+00 ; 1.0303300e+02 ; 8.6294258e+01 
3.500e+01 ; 8.000e-01 ; 2.400e+00 ; 1.0306500e+02 ; 8.6275116e+01 
3.500e+01 ; 8.000e-01 ; 2.400e+00 ; 1.0312900e+02 ; 8.6236794e+01 
3.500e+01 ; 8.000e-01 ; 2.400e+00 ; 1.0325700e+02 ; 8.6160088e+01 
3.500e+01 ; 8.000e-01 ; 2.400e+00 ; 1.0351300e+02 ; 8.6006592e+01 
3.500e+01 ; 8.000e-01 ; 2.400e+00 ; 1.0400000e+02 ; 8.5715591e+01 
3.500e+01 ; 8.000e-01 ; 2.400e+00 ; 1.0400000e+02 ; 8.5715591e+01 
3.500e+01 ; 8.000e-01 ; 2.400e+00 ; 1.0400100e+02 ; 8.5714989e+01 
3.500e+01 ; 8.000e-01 ; 2.400e+00 ; 1.0400200e+02 ; 8.5714394e+01 
3.500e+01 ; 8.000e-01 ; 2.400e+00 ; 1.0400300e+02 ; 8.5713799e+01 
3.500e+01 ; 8.000e-01 ; 2.400e+00 ; 1.0400500e+02 ; 8.5712601e+01 
3.500e+01 ; 8.000e-01 ; 2.400e+00 ; 1.0400900e+02 ; 8.5710213e+01 
3.500e+01 ; 8.000e-01 ; 2.400e+00 ; 1.0401700e+02 ; 8.5705429e+01 
3.500e+01 ; 8.000e-01 ; 2.400e+00 ; 1.0403300e+02 ; 8.5695869e+01 
3.500e+01 ; 8.000e-01 ; 2.400e+00 ; 1.0406500e+02 ; 8.5676758e+01 
3.500e+01 ; 8.000e-01 ; 2.400e+00 ; 1.0412900e+02 ; 8.5638557e+01 
3.500e+01 ; 8.000e-01 ; 2.400e+00 ; 1.0425700e+02 ; 8.5562271e+01 
3.500e+01 ; 8.000e-01 ; 2.400e+00 ; 1.0451300e+02 ; 8.5410286e+01 
3.500e+01 ; 8.000e-01 ; 2.400e+00 ; 1.0500000e+02 ; 8.5124123e+01 
3.500e+01 ; 8.000e-01 ; 2.400e+00 ; 1.0500000e+02 ; 8.5124123e+01 
3.500e+01 ; 8.000e-01 ; 2.400e+00 ; 1.0500100e+02 ; 8.5123535e+01 
3.500e+01 ; 8.000e-01 ; 2.400e+00 ; 1.0500200e+02 ; 8.5122948e+01 
3.500e+01 ; 8.000e-01 ; 2.400e+00 ; 1.0500300e+02 ; 8.5122360e+01 
3.500e+01 ; 8.000e-01 ; 2.400e+00 ; 1.0500500e+02 ; 8.5121185e+01 
3.500e+01 ; 8.000e-01 ; 2.400e+00 ; 1.0500900e+02 ; 8.5118835e+01 
3.500e+01 ; 8.000e-01 ; 2.400e+00 ; 1.0501700e+02 ; 8.5114136e+01 
3.500e+01 ; 8.000e-01 ; 2.400e+00 ; 1.0503300e+02 ; 8.5104736e+01 
3.500e+01 ; 8.000e-01 ; 2.400e+00 ; 1.0506500e+02 ; 8.5085960e+01 
3.500e+01 ; 8.000e-01 ; 2.400e+00 ; 1.0512900e+02 ; 8.5048462e+01 
3.500e+01 ; 8.000e-01 ; 2.400e+00 ; 1.0525700e+02 ; 8.4973701e+01 
3.500e+01 ; 8.000e-01 ; 2.400e+00 ; 1.0551300e+02 ; 8.4825188e+01 
3.500e+01 ; 8.000e-01 ; 2.400e+00 ; 1.0600000e+02 ; 8.4546867e+01 
3.500e+01 ; 8.000e-01 ; 2.400e+00 ; 1.0600000e+02 ; 8.4546867e+01 
3.500e+01 ; 8.000e-01 ; 2.400e+00 ; 1.0601000e+02 ; 8.4541161e+01 
3.500e+01 ; 8.000e-01 ; 2.400e+00 ; 1.0602000e+02 ; 8.4535446e+01 
3.500e+01 ; 8.000e-01 ; 2.400e+00 ; 1.0603000e+02 ; 8.4529739e+01 
3.500e+01 ; 8.000e-01 ; 2.400e+00 ; 1.0605000e+02 ; 8.4518326e+01 
3.500e+01 ; 8.000e-01 ; 2.400e+00 ; 1.0609000e+02 ; 8.4495529e+01 
3.500e+01 ; 8.000e-01 ; 2.400e+00 ; 1.0617000e+02 ; 8.4450058e+01 
3.500e+01 ; 8.000e-01 ; 2.400e+00 ; 1.0633000e+02 ; 8.4359596e+01 
3.500e+01 ; 8.000e-01 ; 2.400e+00 ; 1.0665000e+02 ; 8.4180710e+01 
3.500e+01 ; 8.000e-01 ; 2.400e+00 ; 1.0729000e+02 ; 8.3831650e+01 
3.500e+01 ; 8.000e-01 ; 2.400e+00 ; 1.0825000e+02 ; 8.3328598e+01 
3.500e+01 ; 8.000e-01 ; 2.400e+00 ; 1.0969000e+02 ; 8.2620834e+01 
3.500e+01 ; 8.000e-01 ; 2.400e+00 ; 1.1100000e+02 ; 8.2015060e+01