X ; Y ; Z ; time ; Temperature 
3.500e+01 ; 1.600e+00 ; 3.000e+00 ; 0.0000000e+00 ; 2.7600000e+02 
3.500e+01 ; 1.600e+00 ; 3.000e+00 ; 1.0000000e-03 ; 2.7600000e+02 
3.500e+01 ; 1.600e+00 ; 3.000e+00 ; 2.0000001e-03 ; 2.7600000e+02 
3.500e+01 ; 1.600e+00 ; 3.000e+00 ; 3.0000000e-03 ; 2.7600000e+02 
3.500e+01 ; 1.600e+00 ; 3.000e+00 ; 4.9999999e-03 ; 2.7600000e+02 
3.500e+01 ; 1.600e+00 ; 3.000e+00 ; 8.9999996e-03 ; 2.7600000e+02 
3.500e+01 ; 1.600e+00 ; 3.000e+00 ; 1.7000001e-02 ; 2.7600000e+02 
3.500e+01 ; 1.600e+00 ; 3.000e+00 ; 3.3000000e-02 ; 2.7600000e+02 
3.500e+01 ; 1.600e+00 ; 3.000e+00 ; 6.4999998e-02 ; 2.7600000e+02 
3.500e+01 ; 1.600e+00 ; 3.000e+00 ; 1.2899999e-01 ; 2.7600000e+02 
3.500e+01 ; 1.600e+00 ; 3.000e+00 ; 2.5700000e-01 ; 2.7600000e+02 
3.500e+01 ; 1.600e+00 ; 3.000e+00 ; 5.1300001e-01 ; 2.7600000e+02 
3.500e+01 ; 1.600e+00 ; 3.000e+00 ; 1.0000000e+00 ; 2.7600000e+02 
3.500e+01 ; 1.600e+00 ; 3.000e+00 ; 1.0000000e+00 ; 2.7600000e+02 
3.500e+01 ; 1.600e+00 ; 3.000e+00 ; 1.0010000e+00 ; 2.7600000e+02 
3.500e+01 ; 1.600e+00 ; 3.000e+00 ; 1.0020000e+00 ; 2.7600000e+02 
3.500e+01 ; 1.600e+00 ; 3.000e+00 ; 1.0030000e+00 ; 2.7600000e+02 
3.500e+01 ; 1.600e+00 ; 3.000e+00 ; 1.0050000e+00 ; 2.7600000e+02 
3.500e+01 ; 1.600e+00 ; 3.000e+00 ; 1.0090000e+00 ; 2.7600000e+02 
3.500e+01 ; 1.600e+00 ; 3.000e+00 ; 1.0170000e+00 ; 2.7600000e+02 
3.500e+01 ; 1.600e+00 ; 3.000e+00 ; 1.0330000e+00 ; 2.7600000e+02 
3.500e+01 ; 1.600e+00 ; 3.000e+00 ; 1.0650000e+00 ; 2.7600000e+02 
3.500e+01 ; 1.600e+00 ; 3.000e+00 ; 1.1290000e+00 ; 2.7600000e+02 
3.500e+01 ; 1.600e+00 ; 3.000e+00 ; 1.2570000e+00 ; 2.7600000e+02 
3.500e+01 ; 1.600e+00 ; 3.000e+00 ; 1.5130000e+00 ; 2.7600000e+02 
3.500e+01 ; 1.600e+00 ; 3.000e+00 ; 2.0000000e+00 ; 2.7600000e+02 
3.500e+01 ; 1.600e+00 ; 3.000e+00 ; 2.0000000e+00 ; 2.7600000e+02 
3.500e+01 ; 1.600e+00 ; 3.000e+00 ; 2.0010000e+00 ; 2.7600000e+02 
3.500e+01 ; 1.600e+00 ; 3.000e+00 ; 2.0020000e+00 ; 2.7600000e+02 
3.500e+01 ; 1.600e+00 ; 3.000e+00 ; 2.0030000e+00 ; 2.7600000e+02 
3.500e+01 ; 1.600e+00 ; 3.000e+00 ; 2.0050000e+00 ; 2.7600000e+02 
3.500e+01 ; 1.600e+00 ; 3.000e+00 ; 2.0090000e+00 ; 2.7600000e+02 
3.500e+01 ; 1.600e+00 ; 3.000e+00 ; 2.0170000e+00 ; 2.7600000e+02 
3.500e+01 ; 1.600e+00 ; 3.000e+00 ; 2.0330000e+00 ; 2.7600000e+02 
3.500e+01 ; 1.600e+00 ; 3.000e+00 ; 2.0650000e+00 ; 2.7600000e+02 
3.500e+01 ; 1.600e+00 ; 3.000e+00 ; 2.1290000e+00 ; 2.7600000e+02 
3.500e+01 ; 1.600e+00 ; 3.000e+00 ; 2.2570000e+00 ; 2.7600000e+02 
3.500e+01 ; 1.600e+00 ; 3.000e+00 ; 2.5130000e+00 ; 2.7600000e+02 
3.500e+01 ; 1.600e+00 ; 3.000e+00 ; 3.0000000e+00 ; 2.7600000e+02 
3.500e+01 ; 1.600e+00 ; 3.000e+00 ; 3.0000000e+00 ; 2.7600000e+02 
3.500e+01 ; 1.600e+00 ; 3.000e+00 ; 3.0010000e+00 ; 2.7600000e+02 
3.500e+01 ; 1.600e+00 ; 3.000e+00 ; 3.0020000e+00 ; 2.7600000e+02 
3.500e+01 ; 1.600e+00 ; 3.000e+00 ; 3.0030000e+00 ; 2.7600000e+02 
3.500e+01 ; 1.600e+00 ; 3.000e+00 ; 3.0050000e+00 ; 2.7600000e+02 
3.500e+01 ; 1.600e+00 ; 3.000e+00 ; 3.0090000e+00 ; 2.7600000e+02 
3.500e+01 ; 1.600e+00 ; 3.000e+00 ; 3.0170000e+00 ; 2.7600000e+02 
3.500e+01 ; 1.600e+00 ; 3.000e+00 ; 3.0330000e+00 ; 2.7600000e+02 
3.500e+01 ; 1.600e+00 ; 3.000e+00 ; 3.0650000e+00 ; 2.7600000e+02 
3.500e+01 ; 1.600e+00 ; 3.000e+00 ; 3.1290000e+00 ; 2.7600000e+02 
3.500e+01 ; 1.600e+00 ; 3.000e+00 ; 3.2570000e+00 ; 2.7600000e+02 
3.500e+01 ; 1.600e+00 ; 3.000e+00 ; 3.5130000e+00 ; 2.7600000e+02 
3.500e+01 ; 1.600e+00 ; 3.000e+00 ; 4.0000000e+00 ; 2.7600000e+02 
3.500e+01 ; 1.600e+00 ; 3.000e+00 ; 4.0000000e+00 ; 2.7600000e+02 
3.500e+01 ; 1.600e+00 ; 3.000e+00 ; 4.0010000e+00 ; 2.7600000e+02 
3.500e+01 ; 1.600e+00 ; 3.000e+00 ; 4.0020000e+00 ; 2.7600000e+02 
3.500e+01 ; 1.600e+00 ; 3.000e+00 ; 4.0030000e+00 ; 2.7600000e+02 
3.500e+01 ; 1.600e+00 ; 3.000e+00 ; 4.0050000e+00 ; 2.7600000e+02 
3.500e+01 ; 1.600e+00 ; 3.000e+00 ; 4.0090000e+00 ; 2.7600000e+02 
3.500e+01 ; 1.600e+00 ; 3.000e+00 ; 4.0170000e+00 ; 2.7600000e+02 
3.500e+01 ; 1.600e+00 ; 3.000e+00 ; 4.0330000e+00 ; 2.7600000e+02 
3.500e+01 ; 1.600e+00 ; 3.000e+00 ; 4.0650000e+00 ; 2.7600000e+02 
3.500e+01 ; 1.600e+00 ; 3.000e+00 ; 4.1290000e+00 ; 2.7600000e+02 
3.500e+01 ; 1.600e+00 ; 3.000e+00 ; 4.2570000e+00 ; 2.7600000e+02 
3.500e+01 ; 1.600e+00 ; 3.000e+00 ; 4.5130000e+00 ; 2.7600000e+02 
3.500e+01 ; 1.600e+00 ; 3.000e+00 ; 5.0000000e+00 ; 2.7600000e+02 
3.500e+01 ; 1.600e+00 ; 3.000e+00 ; 5.0000000e+00 ; 2.7600000e+02 
3.500e+01 ; 1.600e+00 ; 3.000e+00 ; 5.0010000e+00 ; 2.7600000e+02 
3.500e+01 ; 1.600e+00 ; 3.000e+00 ; 5.0020000e+00 ; 2.7600000e+02 
3.500e+01 ; 1.600e+00 ; 3.000e+00 ; 5.0030000e+00 ; 2.7600000e+02 
3.500e+01 ; 1.600e+00 ; 3.000e+00 ; 5.0050000e+00 ; 2.7600000e+02 
3.500e+01 ; 1.600e+00 ; 3.000e+00 ; 5.0090000e+00 ; 2.7600000e+02 
3.500e+01 ; 1.600e+00 ; 3.000e+00 ; 5.0170000e+00 ; 2.7600000e+02 
3.500e+01 ; 1.600e+00 ; 3.000e+00 ; 5.0330000e+00 ; 2.7600000e+02 
3.500e+01 ; 1.600e+00 ; 3.000e+00 ; 5.0650000e+00 ; 2.7600000e+02 
3.500e+01 ; 1.600e+00 ; 3.000e+00 ; 5.1290000e+00 ; 2.7600000e+02 
3.500e+01 ; 1.600e+00 ; 3.000e+00 ; 5.2570000e+00 ; 2.7600000e+02 
3.500e+01 ; 1.600e+00 ; 3.000e+00 ; 5.5130000e+00 ; 2.7600000e+02 
3.500e+01 ; 1.600e+00 ; 3.000e+00 ; 6.0000000e+00 ; 2.7600000e+02 
3.500e+01 ; 1.600e+00 ; 3.000e+00 ; 6.0000000e+00 ; 2.7600000e+02 
3.500e+01 ; 1.600e+00 ; 3.000e+00 ; 6.0010000e+00 ; 2.7600000e+02 
3.500e+01 ; 1.600e+00 ; 3.000e+00 ; 6.0020000e+00 ; 2.7600000e+02 
3.500e+01 ; 1.600e+00 ; 3.000e+00 ; 6.0030000e+00 ; 2.7600000e+02 
3.500e+01 ; 1.600e+00 ; 3.000e+00 ; 6.0050000e+00 ; 2.7600000e+02 
3.500e+01 ; 1.600e+00 ; 3.000e+00 ; 6.0090000e+00 ; 2.7600000e+02 
3.500e+01 ; 1.600e+00 ; 3.000e+00 ; 6.0170000e+00 ; 2.7600000e+02 
3.500e+01 ; 1.600e+00 ; 3.000e+00 ; 6.0330000e+00 ; 2.7600000e+02 
3.500e+01 ; 1.600e+00 ; 3.000e+00 ; 6.0650000e+00 ; 2.7600000e+02 
3.500e+01 ; 1.600e+00 ; 3.000e+00 ; 6.1290000e+00 ; 2.7600000e+02 
3.500e+01 ; 1.600e+00 ; 3.000e+00 ; 6.2570000e+00 ; 2.7600000e+02 
3.500e+01 ; 1.600e+00 ; 3.000e+00 ; 6.5130000e+00 ; 2.7600000e+02 
3.500e+01 ; 1.600e+00 ; 3.000e+00 ; 7.0000000e+00 ; 2.7600000e+02 
3.500e+01 ; 1.600e+00 ; 3.000e+00 ; 7.0000000e+00 ; 2.7600000e+02 
3.500e+01 ; 1.600e+00 ; 3.000e+00 ; 7.0010000e+00 ; 2.7600000e+02 
3.500e+01 ; 1.600e+00 ; 3.000e+00 ; 7.0020000e+00 ; 2.7600000e+02 
3.500e+01 ; 1.600e+00 ; 3.000e+00 ; 7.0030000e+00 ; 2.7600000e+02 
3.500e+01 ; 1.600e+00 ; 3.000e+00 ; 7.0050000e+00 ; 2.7600000e+02 
3.500e+01 ; 1.600e+00 ; 3.000e+00 ; 7.0090000e+00 ; 2.7600000e+02 
3.500e+01 ; 1.600e+00 ; 3.000e+00 ; 7.0170000e+00 ; 2.7600000e+02 
3.500e+01 ; 1.600e+00 ; 3.000e+00 ; 7.0330000e+00 ; 2.7600000e+02 
3.500e+01 ; 1.600e+00 ; 3.000e+00 ; 7.0650000e+00 ; 2.7600000e+02 
3.500e+01 ; 1.600e+00 ; 3.000e+00 ; 7.1290000e+00 ; 2.7600000e+02 
3.500e+01 ; 1.600e+00 ; 3.000e+00 ; 7.2570000e+00 ; 2.7600000e+02 
3.500e+01 ; 1.600e+00 ; 3.000e+00 ; 7.5130000e+00 ; 2.7600000e+02 
3.500e+01 ; 1.600e+00 ; 3.000e+00 ; 8.0000000e+00 ; 2.7600000e+02 
3.500e+01 ; 1.600e+00 ; 3.000e+00 ; 8.0000000e+00 ; 2.7600000e+02 
3.500e+01 ; 1.600e+00 ; 3.000e+00 ; 8.0010000e+00 ; 2.7600000e+02 
3.500e+01 ; 1.600e+00 ; 3.000e+00 ; 8.0020000e+00 ; 2.7600000e+02 
3.500e+01 ; 1.600e+00 ; 3.000e+00 ; 8.0030000e+00 ; 2.7600000e+02 
3.500e+01 ; 1.600e+00 ; 3.000e+00 ; 8.0050000e+00 ; 2.7600000e+02 
3.500e+01 ; 1.600e+00 ; 3.000e+00 ; 8.0090000e+00 ; 2.7600000e+02 
3.500e+01 ; 1.600e+00 ; 3.000e+00 ; 8.0170000e+00 ; 2.7600000e+02 
3.500e+01 ; 1.600e+00 ; 3.000e+00 ; 8.0330000e+00 ; 2.7600000e+02 
3.500e+01 ; 1.600e+00 ; 3.000e+00 ; 8.0650000e+00 ; 2.7600000e+02 
3.500e+01 ; 1.600e+00 ; 3.000e+00 ; 8.1290000e+00 ; 2.7600000e+02 
3.500e+01 ; 1.600e+00 ; 3.000e+00 ; 8.2570000e+00 ; 2.7600000e+02 
3.500e+01 ; 1.600e+00 ; 3.000e+00 ; 8.5130000e+00 ; 2.7600000e+02 
3.500e+01 ; 1.600e+00 ; 3.000e+00 ; 9.0000000e+00 ; 2.7600000e+02 
3.500e+01 ; 1.600e+00 ; 3.000e+00 ; 9.0000000e+00 ; 2.7600000e+02 
3.500e+01 ; 1.600e+00 ; 3.000e+00 ; 9.0010000e+00 ; 2.7600000e+02 
3.500e+01 ; 1.600e+00 ; 3.000e+00 ; 9.0020000e+00 ; 2.7600000e+02 
3.500e+01 ; 1.600e+00 ; 3.000e+00 ; 9.0030000e+00 ; 2.7600000e+02 
3.500e+01 ; 1.600e+00 ; 3.000e+00 ; 9.0050000e+00 ; 2.7600000e+02 
3.500e+01 ; 1.600e+00 ; 3.000e+00 ; 9.0090000e+00 ; 2.7600000e+02 
3.500e+01 ; 1.600e+00 ; 3.000e+00 ; 9.0170000e+00 ; 2.7600000e+02 
3.500e+01 ; 1.600e+00 ; 3.000e+00 ; 9.0330000e+00 ; 2.7600000e+02 
3.500e+01 ; 1.600e+00 ; 3.000e+00 ; 9.0650000e+00 ; 2.7600000e+02 
3.500e+01 ; 1.600e+00 ; 3.000e+00 ; 9.1290000e+00 ; 2.7600000e+02 
3.500e+01 ; 1.600e+00 ; 3.000e+00 ; 9.2570000e+00 ; 2.7600000e+02 
3.500e+01 ; 1.600e+00 ; 3.000e+00 ; 9.5130000e+00 ; 2.7600000e+02 
3.500e+01 ; 1.600e+00 ; 3.000e+00 ; 1.0000000e+01 ; 2.7600000e+02 
3.500e+01 ; 1.600e+00 ; 3.000e+00 ; 1.0000000e+01 ; 2.7600000e+02 
3.500e+01 ; 1.600e+00 ; 3.000e+00 ; 1.0001000e+01 ; 2.7600000e+02 
3.500e+01 ; 1.600e+00 ; 3.000e+00 ; 1.0002000e+01 ; 2.7600000e+02 
3.500e+01 ; 1.600e+00 ; 3.000e+00 ; 1.0003000e+01 ; 2.7600000e+02 
3.500e+01 ; 1.600e+00 ; 3.000e+00 ; 1.0005000e+01 ; 2.7600000e+02 
3.500e+01 ; 1.600e+00 ; 3.000e+00 ; 1.0009000e+01 ; 2.7600000e+02 
3.500e+01 ; 1.600e+00 ; 3.000e+00 ; 1.0017000e+01 ; 2.7600000e+02 
3.500e+01 ; 1.600e+00 ; 3.000e+00 ; 1.0033000e+01 ; 2.7600000e+02 
3.500e+01 ; 1.600e+00 ; 3.000e+00 ; 1.0065000e+01 ; 2.7600000e+02 
3.500e+01 ; 1.600e+00 ; 3.000e+00 ; 1.0129000e+01 ; 2.7600000e+02 
3.500e+01 ; 1.600e+00 ; 3.000e+00 ; 1.0257000e+01 ; 2.7600000e+02 
3.500e+01 ; 1.600e+00 ; 3.000e+00 ; 1.0513000e+01 ; 2.7600000e+02 
3.500e+01 ; 1.600e+00 ; 3.000e+00 ; 1.1000000e+01 ; 2.7600000e+02 
3.500e+01 ; 1.600e+00 ; 3.000e+00 ; 1.1000000e+01 ; 2.7600000e+02 
3.500e+01 ; 1.600e+00 ; 3.000e+00 ; 1.1001000e+01 ; 2.7600000e+02 
3.500e+01 ; 1.600e+00 ; 3.000e+00 ; 1.1002000e+01 ; 2.7600000e+02 
3.500e+01 ; 1.600e+00 ; 3.000e+00 ; 1.1003000e+01 ; 2.7600000e+02 
3.500e+01 ; 1.600e+00 ; 3.000e+00 ; 1.1005000e+01 ; 2.7600000e+02 
3.500e+01 ; 1.600e+00 ; 3.000e+00 ; 1.1009000e+01 ; 2.7600000e+02 
3.500e+01 ; 1.600e+00 ; 3.000e+00 ; 1.1017000e+01 ; 2.7600000e+02 
3.500e+01 ; 1.600e+00 ; 3.000e+00 ; 1.1033000e+01 ; 2.7600000e+02 
3.500e+01 ; 1.600e+00 ; 3.000e+00 ; 1.1065000e+01 ; 2.7600000e+02 
3.500e+01 ; 1.600e+00 ; 3.000e+00 ; 1.1129000e+01 ; 2.7600000e+02 
3.500e+01 ; 1.600e+00 ; 3.000e+00 ; 1.1257000e+01 ; 2.7600000e+02 
3.500e+01 ; 1.600e+00 ; 3.000e+00 ; 1.1513000e+01 ; 2.7600000e+02 
3.500e+01 ; 1.600e+00 ; 3.000e+00 ; 1.2000000e+01 ; 2.7600000e+02 
3.500e+01 ; 1.600e+00 ; 3.000e+00 ; 1.2000000e+01 ; 2.7600000e+02 
3.500e+01 ; 1.600e+00 ; 3.000e+00 ; 1.2001000e+01 ; 2.7600000e+02 
3.500e+01 ; 1.600e+00 ; 3.000e+00 ; 1.2002000e+01 ; 2.7600000e+02 
3.500e+01 ; 1.600e+00 ; 3.000e+00 ; 1.2003000e+01 ; 2.7600000e+02 
3.500e+01 ; 1.600e+00 ; 3.000e+00 ; 1.2005000e+01 ; 2.7600000e+02 
3.500e+01 ; 1.600e+00 ; 3.000e+00 ; 1.2009000e+01 ; 2.7600000e+02 
3.500e+01 ; 1.600e+00 ; 3.000e+00 ; 1.2017000e+01 ; 2.7600000e+02 
3.500e+01 ; 1.600e+00 ; 3.000e+00 ; 1.2033000e+01 ; 2.7600000e+02 
3.500e+01 ; 1.600e+00 ; 3.000e+00 ; 1.2065000e+01 ; 2.7600000e+02 
3.500e+01 ; 1.600e+00 ; 3.000e+00 ; 1.2129000e+01 ; 2.7600000e+02 
3.500e+01 ; 1.600e+00 ; 3.000e+00 ; 1.2257000e+01 ; 2.7600000e+02 
3.500e+01 ; 1.600e+00 ; 3.000e+00 ; 1.2513000e+01 ; 2.7600000e+02 
3.500e+01 ; 1.600e+00 ; 3.000e+00 ; 1.3000000e+01 ; 2.7600000e+02 
3.500e+01 ; 1.600e+00 ; 3.000e+00 ; 1.3000000e+01 ; 2.7600000e+02 
3.500e+01 ; 1.600e+00 ; 3.000e+00 ; 1.3001000e+01 ; 2.7600000e+02 
3.500e+01 ; 1.600e+00 ; 3.000e+00 ; 1.3002000e+01 ; 2.7600000e+02 
3.500e+01 ; 1.600e+00 ; 3.000e+00 ; 1.3003000e+01 ; 2.7600000e+02 
3.500e+01 ; 1.600e+00 ; 3.000e+00 ; 1.3005000e+01 ; 2.7600000e+02 
3.500e+01 ; 1.600e+00 ; 3.000e+00 ; 1.3009000e+01 ; 2.7600000e+02 
3.500e+01 ; 1.600e+00 ; 3.000e+00 ; 1.3017000e+01 ; 2.7600000e+02 
3.500e+01 ; 1.600e+00 ; 3.000e+00 ; 1.3033000e+01 ; 2.7600000e+02 
3.500e+01 ; 1.600e+00 ; 3.000e+00 ; 1.3065000e+01 ; 2.7600000e+02 
3.500e+01 ; 1.600e+00 ; 3.000e+00 ; 1.3129000e+01 ; 2.7600000e+02 
3.500e+01 ; 1.600e+00 ; 3.000e+00 ; 1.3257000e+01 ; 2.7600000e+02 
3.500e+01 ; 1.600e+00 ; 3.000e+00 ; 1.3513000e+01 ; 2.7600000e+02 
3.500e+01 ; 1.600e+00 ; 3.000e+00 ; 1.4000000e+01 ; 2.7600000e+02 
3.500e+01 ; 1.600e+00 ; 3.000e+00 ; 1.4000000e+01 ; 2.7600000e+02 
3.500e+01 ; 1.600e+00 ; 3.000e+00 ; 1.4001000e+01 ; 2.7600000e+02 
3.500e+01 ; 1.600e+00 ; 3.000e+00 ; 1.4002000e+01 ; 2.7600000e+02 
3.500e+01 ; 1.600e+00 ; 3.000e+00 ; 1.4003000e+01 ; 2.7600000e+02 
3.500e+01 ; 1.600e+00 ; 3.000e+00 ; 1.4005000e+01 ; 2.7600000e+02 
3.500e+01 ; 1.600e+00 ; 3.000e+00 ; 1.4009000e+01 ; 2.7600000e+02 
3.500e+01 ; 1.600e+00 ; 3.000e+00 ; 1.4017000e+01 ; 2.7600000e+02 
3.500e+01 ; 1.600e+00 ; 3.000e+00 ; 1.4033000e+01 ; 2.7600000e+02 
3.500e+01 ; 1.600e+00 ; 3.000e+00 ; 1.4065000e+01 ; 2.7600000e+02 
3.500e+01 ; 1.600e+00 ; 3.000e+00 ; 1.4129000e+01 ; 2.7600000e+02 
3.500e+01 ; 1.600e+00 ; 3.000e+00 ; 1.4257000e+01 ; 2.7600000e+02 
3.500e+01 ; 1.600e+00 ; 3.000e+00 ; 1.4513000e+01 ; 2.7600000e+02 
3.500e+01 ; 1.600e+00 ; 3.000e+00 ; 1.5000000e+01 ; 2.7600000e+02 
3.500e+01 ; 1.600e+00 ; 3.000e+00 ; 1.5000000e+01 ; 2.7600000e+02 
3.500e+01 ; 1.600e+00 ; 3.000e+00 ; 1.5001000e+01 ; 2.7600000e+02 
3.500e+01 ; 1.600e+00 ; 3.000e+00 ; 1.5002000e+01 ; 2.7600000e+02 
3.500e+01 ; 1.600e+00 ; 3.000e+00 ; 1.5003000e+01 ; 2.7600000e+02 
3.500e+01 ; 1.600e+00 ; 3.000e+00 ; 1.5005000e+01 ; 2.7600000e+02 
3.500e+01 ; 1.600e+00 ; 3.000e+00 ; 1.5009000e+01 ; 2.7600000e+02 
3.500e+01 ; 1.600e+00 ; 3.000e+00 ; 1.5017000e+01 ; 2.7600000e+02 
3.500e+01 ; 1.600e+00 ; 3.000e+00 ; 1.5033000e+01 ; 2.7600000e+02 
3.500e+01 ; 1.600e+00 ; 3.000e+00 ; 1.5065000e+01 ; 2.7600000e+02 
3.500e+01 ; 1.600e+00 ; 3.000e+00 ; 1.5129000e+01 ; 2.7600000e+02 
3.500e+01 ; 1.600e+00 ; 3.000e+00 ; 1.5257000e+01 ; 2.7600000e+02 
3.500e+01 ; 1.600e+00 ; 3.000e+00 ; 1.5513000e+01 ; 2.7600000e+02 
3.500e+01 ; 1.600e+00 ; 3.000e+00 ; 1.6000000e+01 ; 2.7600000e+02 
3.500e+01 ; 1.600e+00 ; 3.000e+00 ; 1.6000000e+01 ; 2.7600000e+02 
3.500e+01 ; 1.600e+00 ; 3.000e+00 ; 1.6001000e+01 ; 2.7600000e+02 
3.500e+01 ; 1.600e+00 ; 3.000e+00 ; 1.6002000e+01 ; 2.7600000e+02 
3.500e+01 ; 1.600e+00 ; 3.000e+00 ; 1.6003000e+01 ; 2.7600000e+02 
3.500e+01 ; 1.600e+00 ; 3.000e+00 ; 1.6005000e+01 ; 2.7600000e+02 
3.500e+01 ; 1.600e+00 ; 3.000e+00 ; 1.6009000e+01 ; 2.7600000e+02 
3.500e+01 ; 1.600e+00 ; 3.000e+00 ; 1.6017000e+01 ; 2.7600000e+02 
3.500e+01 ; 1.600e+00 ; 3.000e+00 ; 1.6033000e+01 ; 2.7600000e+02 
3.500e+01 ; 1.600e+00 ; 3.000e+00 ; 1.6065000e+01 ; 2.7600000e+02 
3.500e+01 ; 1.600e+00 ; 3.000e+00 ; 1.6129000e+01 ; 2.7600000e+02 
3.500e+01 ; 1.600e+00 ; 3.000e+00 ; 1.6257000e+01 ; 2.7600000e+02 
3.500e+01 ; 1.600e+00 ; 3.000e+00 ; 1.6513000e+01 ; 2.7600000e+02 
3.500e+01 ; 1.600e+00 ; 3.000e+00 ; 1.7000000e+01 ; 2.7600000e+02 
3.500e+01 ; 1.600e+00 ; 3.000e+00 ; 1.7000000e+01 ; 2.7600000e+02 
3.500e+01 ; 1.600e+00 ; 3.000e+00 ; 1.7001000e+01 ; 2.7600000e+02 
3.500e+01 ; 1.600e+00 ; 3.000e+00 ; 1.7002000e+01 ; 2.7600000e+02 
3.500e+01 ; 1.600e+00 ; 3.000e+00 ; 1.7003000e+01 ; 2.7600000e+02 
3.500e+01 ; 1.600e+00 ; 3.000e+00 ; 1.7005000e+01 ; 2.7600000e+02 
3.500e+01 ; 1.600e+00 ; 3.000e+00 ; 1.7009000e+01 ; 2.7600000e+02 
3.500e+01 ; 1.600e+00 ; 3.000e+00 ; 1.7017000e+01 ; 2.7600000e+02 
3.500e+01 ; 1.600e+00 ; 3.000e+00 ; 1.7033000e+01 ; 2.7600000e+02 
3.500e+01 ; 1.600e+00 ; 3.000e+00 ; 1.7065000e+01 ; 2.7600000e+02 
3.500e+01 ; 1.600e+00 ; 3.000e+00 ; 1.7129000e+01 ; 2.7600000e+02 
3.500e+01 ; 1.600e+00 ; 3.000e+00 ; 1.7257000e+01 ; 2.7600000e+02 
3.500e+01 ; 1.600e+00 ; 3.000e+00 ; 1.7513000e+01 ; 2.7600000e+02 
3.500e+01 ; 1.600e+00 ; 3.000e+00 ; 1.8000000e+01 ; 2.7600000e+02 
3.500e+01 ; 1.600e+00 ; 3.000e+00 ; 1.8000000e+01 ; 2.7600000e+02 
3.500e+01 ; 1.600e+00 ; 3.000e+00 ; 1.8001000e+01 ; 2.7600000e+02 
3.500e+01 ; 1.600e+00 ; 3.000e+00 ; 1.8002000e+01 ; 2.7600000e+02 
3.500e+01 ; 1.600e+00 ; 3.000e+00 ; 1.8003000e+01 ; 2.7600000e+02 
3.500e+01 ; 1.600e+00 ; 3.000e+00 ; 1.8005000e+01 ; 2.7600000e+02 
3.500e+01 ; 1.600e+00 ; 3.000e+00 ; 1.8009000e+01 ; 2.7600000e+02 
3.500e+01 ; 1.600e+00 ; 3.000e+00 ; 1.8017000e+01 ; 2.7600000e+02 
3.500e+01 ; 1.600e+00 ; 3.000e+00 ; 1.8033000e+01 ; 2.7600000e+02 
3.500e+01 ; 1.600e+00 ; 3.000e+00 ; 1.8065000e+01 ; 2.7600000e+02 
3.500e+01 ; 1.600e+00 ; 3.000e+00 ; 1.8129000e+01 ; 2.7600000e+02 
3.500e+01 ; 1.600e+00 ; 3.000e+00 ; 1.8257000e+01 ; 2.7600000e+02 
3.500e+01 ; 1.600e+00 ; 3.000e+00 ; 1.8513000e+01 ; 2.7600000e+02 
3.500e+01 ; 1.600e+00 ; 3.000e+00 ; 1.9000000e+01 ; 2.7600000e+02 
3.500e+01 ; 1.600e+00 ; 3.000e+00 ; 1.9000000e+01 ; 2.7600000e+02 
3.500e+01 ; 1.600e+00 ; 3.000e+00 ; 1.9001000e+01 ; 2.7600000e+02 
3.500e+01 ; 1.600e+00 ; 3.000e+00 ; 1.9002000e+01 ; 2.7600000e+02 
3.500e+01 ; 1.600e+00 ; 3.000e+00 ; 1.9003000e+01 ; 2.7600000e+02 
3.500e+01 ; 1.600e+00 ; 3.000e+00 ; 1.9005000e+01 ; 2.7600000e+02 
3.500e+01 ; 1.600e+00 ; 3.000e+00 ; 1.9009000e+01 ; 2.7600000e+02 
3.500e+01 ; 1.600e+00 ; 3.000e+00 ; 1.9017000e+01 ; 2.7600000e+02 
3.500e+01 ; 1.600e+00 ; 3.000e+00 ; 1.9033000e+01 ; 2.7600000e+02 
3.500e+01 ; 1.600e+00 ; 3.000e+00 ; 1.9065000e+01 ; 2.7600000e+02 
3.500e+01 ; 1.600e+00 ; 3.000e+00 ; 1.9129000e+01 ; 2.7600000e+02 
3.500e+01 ; 1.600e+00 ; 3.000e+00 ; 1.9257000e+01 ; 2.7600000e+02 
3.500e+01 ; 1.600e+00 ; 3.000e+00 ; 1.9513000e+01 ; 2.7600000e+02 
3.500e+01 ; 1.600e+00 ; 3.000e+00 ; 2.0000000e+01 ; 2.7600000e+02 
3.500e+01 ; 1.600e+00 ; 3.000e+00 ; 2.0000000e+01 ; 2.7600000e+02 
3.500e+01 ; 1.600e+00 ; 3.000e+00 ; 2.0001000e+01 ; 2.7600000e+02 
3.500e+01 ; 1.600e+00 ; 3.000e+00 ; 2.0002000e+01 ; 2.7600000e+02 
3.500e+01 ; 1.600e+00 ; 3.000e+00 ; 2.0003000e+01 ; 2.7600000e+02 
3.500e+01 ; 1.600e+00 ; 3.000e+00 ; 2.0005000e+01 ; 2.7600000e+02 
3.500e+01 ; 1.600e+00 ; 3.000e+00 ; 2.0009000e+01 ; 2.7600000e+02 
3.500e+01 ; 1.600e+00 ; 3.000e+00 ; 2.0017000e+01 ; 2.7600000e+02 
3.500e+01 ; 1.600e+00 ; 3.000e+00 ; 2.0033000e+01 ; 2.7600000e+02 
3.500e+01 ; 1.600e+00 ; 3.000e+00 ; 2.0065000e+01 ; 2.7600000e+02 
3.500e+01 ; 1.600e+00 ; 3.000e+00 ; 2.0129000e+01 ; 2.7600000e+02 
3.500e+01 ; 1.600e+00 ; 3.000e+00 ; 2.0257000e+01 ; 2.7600000e+02 
3.500e+01 ; 1.600e+00 ; 3.000e+00 ; 2.0513000e+01 ; 2.7600000e+02 
3.500e+01 ; 1.600e+00 ; 3.000e+00 ; 2.1000000e+01 ; 2.7600000e+02 
3.500e+01 ; 1.600e+00 ; 3.000e+00 ; 2.1000000e+01 ; 2.7600000e+02 
3.500e+01 ; 1.600e+00 ; 3.000e+00 ; 2.1001000e+01 ; 2.7600000e+02 
3.500e+01 ; 1.600e+00 ; 3.000e+00 ; 2.1002000e+01 ; 2.7600000e+02 
3.500e+01 ; 1.600e+00 ; 3.000e+00 ; 2.1003000e+01 ; 2.7600000e+02 
3.500e+01 ; 1.600e+00 ; 3.000e+00 ; 2.1005000e+01 ; 2.7600000e+02 
3.500e+01 ; 1.600e+00 ; 3.000e+00 ; 2.1009000e+01 ; 2.7600000e+02 
3.500e+01 ; 1.600e+00 ; 3.000e+00 ; 2.1017000e+01 ; 2.7600000e+02 
3.500e+01 ; 1.600e+00 ; 3.000e+00 ; 2.1033000e+01 ; 2.7600000e+02 
3.500e+01 ; 1.600e+00 ; 3.000e+00 ; 2.1065000e+01 ; 2.7600000e+02 
3.500e+01 ; 1.600e+00 ; 3.000e+00 ; 2.1129000e+01 ; 2.7600000e+02 
3.500e+01 ; 1.600e+00 ; 3.000e+00 ; 2.1257000e+01 ; 2.7600000e+02 
3.500e+01 ; 1.600e+00 ; 3.000e+00 ; 2.1513000e+01 ; 2.7600000e+02 
3.500e+01 ; 1.600e+00 ; 3.000e+00 ; 2.2000000e+01 ; 2.7600000e+02 
3.500e+01 ; 1.600e+00 ; 3.000e+00 ; 2.2000000e+01 ; 2.7600000e+02 
3.500e+01 ; 1.600e+00 ; 3.000e+00 ; 2.2001000e+01 ; 2.7600000e+02 
3.500e+01 ; 1.600e+00 ; 3.000e+00 ; 2.2002000e+01 ; 2.7600000e+02 
3.500e+01 ; 1.600e+00 ; 3.000e+00 ; 2.2003000e+01 ; 2.7600000e+02 
3.500e+01 ; 1.600e+00 ; 3.000e+00 ; 2.2005000e+01 ; 2.7600000e+02 
3.500e+01 ; 1.600e+00 ; 3.000e+00 ; 2.2009000e+01 ; 2.7600000e+02 
3.500e+01 ; 1.600e+00 ; 3.000e+00 ; 2.2017000e+01 ; 2.7600000e+02 
3.500e+01 ; 1.600e+00 ; 3.000e+00 ; 2.2033000e+01 ; 2.7600000e+02 
3.500e+01 ; 1.600e+00 ; 3.000e+00 ; 2.2065000e+01 ; 2.7600000e+02 
3.500e+01 ; 1.600e+00 ; 3.000e+00 ; 2.2129000e+01 ; 2.7600000e+02 
3.500e+01 ; 1.600e+00 ; 3.000e+00 ; 2.2257000e+01 ; 2.7600000e+02 
3.500e+01 ; 1.600e+00 ; 3.000e+00 ; 2.2513000e+01 ; 2.7600000e+02 
3.500e+01 ; 1.600e+00 ; 3.000e+00 ; 2.3000000e+01 ; 2.7600000e+02 
3.500e+01 ; 1.600e+00 ; 3.000e+00 ; 2.3000000e+01 ; 2.7600000e+02 
3.500e+01 ; 1.600e+00 ; 3.000e+00 ; 2.3001000e+01 ; 2.7600000e+02 
3.500e+01 ; 1.600e+00 ; 3.000e+00 ; 2.3002000e+01 ; 2.7600000e+02 
3.500e+01 ; 1.600e+00 ; 3.000e+00 ; 2.3003000e+01 ; 2.7600000e+02 
3.500e+01 ; 1.600e+00 ; 3.000e+00 ; 2.3005000e+01 ; 2.7600000e+02 
3.500e+01 ; 1.600e+00 ; 3.000e+00 ; 2.3009000e+01 ; 2.7600000e+02 
3.500e+01 ; 1.600e+00 ; 3.000e+00 ; 2.3017000e+01 ; 2.7600000e+02 
3.500e+01 ; 1.600e+00 ; 3.000e+00 ; 2.3033000e+01 ; 2.7600000e+02 
3.500e+01 ; 1.600e+00 ; 3.000e+00 ; 2.3065000e+01 ; 2.7600000e+02 
3.500e+01 ; 1.600e+00 ; 3.000e+00 ; 2.3129000e+01 ; 2.7600000e+02 
3.500e+01 ; 1.600e+00 ; 3.000e+00 ; 2.3257000e+01 ; 2.7600000e+02 
3.500e+01 ; 1.600e+00 ; 3.000e+00 ; 2.3513000e+01 ; 2.7600000e+02 
3.500e+01 ; 1.600e+00 ; 3.000e+00 ; 2.4000000e+01 ; 2.7600000e+02 
3.500e+01 ; 1.600e+00 ; 3.000e+00 ; 2.4000000e+01 ; 2.7600000e+02 
3.500e+01 ; 1.600e+00 ; 3.000e+00 ; 2.4001000e+01 ; 2.7600000e+02 
3.500e+01 ; 1.600e+00 ; 3.000e+00 ; 2.4002000e+01 ; 2.7600000e+02 
3.500e+01 ; 1.600e+00 ; 3.000e+00 ; 2.4003000e+01 ; 2.7600000e+02 
3.500e+01 ; 1.600e+00 ; 3.000e+00 ; 2.4005000e+01 ; 2.7600000e+02 
3.500e+01 ; 1.600e+00 ; 3.000e+00 ; 2.4009000e+01 ; 2.7600000e+02 
3.500e+01 ; 1.600e+00 ; 3.000e+00 ; 2.4017000e+01 ; 2.7600000e+02 
3.500e+01 ; 1.600e+00 ; 3.000e+00 ; 2.4033000e+01 ; 2.7600000e+02 
3.500e+01 ; 1.600e+00 ; 3.000e+00 ; 2.4065000e+01 ; 2.7600000e+02 
3.500e+01 ; 1.600e+00 ; 3.000e+00 ; 2.4129000e+01 ; 2.7600000e+02 
3.500e+01 ; 1.600e+00 ; 3.000e+00 ; 2.4257000e+01 ; 2.7600000e+02 
3.500e+01 ; 1.600e+00 ; 3.000e+00 ; 2.4513000e+01 ; 2.7600000e+02 
3.500e+01 ; 1.600e+00 ; 3.000e+00 ; 2.5000000e+01 ; 2.7600000e+02 
3.500e+01 ; 1.600e+00 ; 3.000e+00 ; 2.5000000e+01 ; 2.7600000e+02 
3.500e+01 ; 1.600e+00 ; 3.000e+00 ; 2.5001000e+01 ; 2.7600000e+02 
3.500e+01 ; 1.600e+00 ; 3.000e+00 ; 2.5002000e+01 ; 2.7600000e+02 
3.500e+01 ; 1.600e+00 ; 3.000e+00 ; 2.5003000e+01 ; 2.7600000e+02 
3.500e+01 ; 1.600e+00 ; 3.000e+00 ; 2.5005000e+01 ; 2.7600000e+02 
3.500e+01 ; 1.600e+00 ; 3.000e+00 ; 2.5009000e+01 ; 2.7600000e+02 
3.500e+01 ; 1.600e+00 ; 3.000e+00 ; 2.5017000e+01 ; 2.7600000e+02 
3.500e+01 ; 1.600e+00 ; 3.000e+00 ; 2.5033000e+01 ; 2.7600000e+02 
3.500e+01 ; 1.600e+00 ; 3.000e+00 ; 2.5065000e+01 ; 2.7600000e+02 
3.500e+01 ; 1.600e+00 ; 3.000e+00 ; 2.5129000e+01 ; 2.7600000e+02 
3.500e+01 ; 1.600e+00 ; 3.000e+00 ; 2.5257000e+01 ; 2.7600000e+02 
3.500e+01 ; 1.600e+00 ; 3.000e+00 ; 2.5513000e+01 ; 2.7600000e+02 
3.500e+01 ; 1.600e+00 ; 3.000e+00 ; 2.6000000e+01 ; 2.7600000e+02 
3.500e+01 ; 1.600e+00 ; 3.000e+00 ; 2.6000000e+01 ; 2.7600000e+02 
3.500e+01 ; 1.600e+00 ; 3.000e+00 ; 2.6001000e+01 ; 2.7600000e+02 
3.500e+01 ; 1.600e+00 ; 3.000e+00 ; 2.6002000e+01 ; 2.7600000e+02 
3.500e+01 ; 1.600e+00 ; 3.000e+00 ; 2.6003000e+01 ; 2.7600000e+02 
3.500e+01 ; 1.600e+00 ; 3.000e+00 ; 2.6005000e+01 ; 2.7600000e+02 
3.500e+01 ; 1.600e+00 ; 3.000e+00 ; 2.6009000e+01 ; 2.7600000e+02 
3.500e+01 ; 1.600e+00 ; 3.000e+00 ; 2.6017000e+01 ; 2.7600000e+02 
3.500e+01 ; 1.600e+00 ; 3.000e+00 ; 2.6033000e+01 ; 2.7600000e+02 
3.500e+01 ; 1.600e+00 ; 3.000e+00 ; 2.6065000e+01 ; 2.7600000e+02 
3.500e+01 ; 1.600e+00 ; 3.000e+00 ; 2.6129000e+01 ; 2.7600000e+02 
3.500e+01 ; 1.600e+00 ; 3.000e+00 ; 2.6257000e+01 ; 2.7600000e+02 
3.500e+01 ; 1.600e+00 ; 3.000e+00 ; 2.6513000e+01 ; 2.7600000e+02 
3.500e+01 ; 1.600e+00 ; 3.000e+00 ; 2.7000000e+01 ; 2.7600000e+02 
3.500e+01 ; 1.600e+00 ; 3.000e+00 ; 2.7000000e+01 ; 2.7600000e+02 
3.500e+01 ; 1.600e+00 ; 3.000e+00 ; 2.7001000e+01 ; 2.7600000e+02 
3.500e+01 ; 1.600e+00 ; 3.000e+00 ; 2.7002000e+01 ; 2.7600000e+02 
3.500e+01 ; 1.600e+00 ; 3.000e+00 ; 2.7003000e+01 ; 2.7600000e+02 
3.500e+01 ; 1.600e+00 ; 3.000e+00 ; 2.7005000e+01 ; 2.7600000e+02 
3.500e+01 ; 1.600e+00 ; 3.000e+00 ; 2.7009000e+01 ; 2.7600000e+02 
3.500e+01 ; 1.600e+00 ; 3.000e+00 ; 2.7017000e+01 ; 2.7600000e+02 
3.500e+01 ; 1.600e+00 ; 3.000e+00 ; 2.7033000e+01 ; 2.7600000e+02 
3.500e+01 ; 1.600e+00 ; 3.000e+00 ; 2.7065000e+01 ; 2.7600000e+02 
3.500e+01 ; 1.600e+00 ; 3.000e+00 ; 2.7129000e+01 ; 2.7600000e+02 
3.500e+01 ; 1.600e+00 ; 3.000e+00 ; 2.7257000e+01 ; 2.7600000e+02 
3.500e+01 ; 1.600e+00 ; 3.000e+00 ; 2.7513000e+01 ; 2.7600000e+02 
3.500e+01 ; 1.600e+00 ; 3.000e+00 ; 2.8000000e+01 ; 2.7600000e+02 
3.500e+01 ; 1.600e+00 ; 3.000e+00 ; 2.8000000e+01 ; 2.7600000e+02 
3.500e+01 ; 1.600e+00 ; 3.000e+00 ; 2.8001000e+01 ; 2.7600000e+02 
3.500e+01 ; 1.600e+00 ; 3.000e+00 ; 2.8002000e+01 ; 2.7600000e+02 
3.500e+01 ; 1.600e+00 ; 3.000e+00 ; 2.8003000e+01 ; 2.7600000e+02 
3.500e+01 ; 1.600e+00 ; 3.000e+00 ; 2.8005000e+01 ; 2.7600000e+02 
3.500e+01 ; 1.600e+00 ; 3.000e+00 ; 2.8009000e+01 ; 2.7600000e+02 
3.500e+01 ; 1.600e+00 ; 3.000e+00 ; 2.8017000e+01 ; 2.7600000e+02 
3.500e+01 ; 1.600e+00 ; 3.000e+00 ; 2.8033000e+01 ; 2.7600000e+02 
3.500e+01 ; 1.600e+00 ; 3.000e+00 ; 2.8065000e+01 ; 2.7600000e+02 
3.500e+01 ; 1.600e+00 ; 3.000e+00 ; 2.8129000e+01 ; 2.7600000e+02 
3.500e+01 ; 1.600e+00 ; 3.000e+00 ; 2.8257000e+01 ; 2.7600000e+02 
3.500e+01 ; 1.600e+00 ; 3.000e+00 ; 2.8513000e+01 ; 2.7600000e+02 
3.500e+01 ; 1.600e+00 ; 3.000e+00 ; 2.9000000e+01 ; 2.7600000e+02 
3.500e+01 ; 1.600e+00 ; 3.000e+00 ; 2.9000000e+01 ; 2.7600000e+02 
3.500e+01 ; 1.600e+00 ; 3.000e+00 ; 2.9001000e+01 ; 2.7600000e+02 
3.500e+01 ; 1.600e+00 ; 3.000e+00 ; 2.9002000e+01 ; 2.7600000e+02 
3.500e+01 ; 1.600e+00 ; 3.000e+00 ; 2.9003000e+01 ; 2.7600000e+02 
3.500e+01 ; 1.600e+00 ; 3.000e+00 ; 2.9005000e+01 ; 2.7600000e+02 
3.500e+01 ; 1.600e+00 ; 3.000e+00 ; 2.9009000e+01 ; 2.7600000e+02 
3.500e+01 ; 1.600e+00 ; 3.000e+00 ; 2.9017000e+01 ; 2.7600000e+02 
3.500e+01 ; 1.600e+00 ; 3.000e+00 ; 2.9033000e+01 ; 2.7600000e+02 
3.500e+01 ; 1.600e+00 ; 3.000e+00 ; 2.9065000e+01 ; 2.7600000e+02 
3.500e+01 ; 1.600e+00 ; 3.000e+00 ; 2.9129000e+01 ; 2.7600000e+02 
3.500e+01 ; 1.600e+00 ; 3.000e+00 ; 2.9257000e+01 ; 2.7600000e+02 
3.500e+01 ; 1.600e+00 ; 3.000e+00 ; 2.9513000e+01 ; 2.7600000e+02 
3.500e+01 ; 1.600e+00 ; 3.000e+00 ; 3.0000000e+01 ; 2.7600000e+02 
3.500e+01 ; 1.600e+00 ; 3.000e+00 ; 3.0000000e+01 ; 2.7600000e+02 
3.500e+01 ; 1.600e+00 ; 3.000e+00 ; 3.0001000e+01 ; 2.7600000e+02 
3.500e+01 ; 1.600e+00 ; 3.000e+00 ; 3.0002000e+01 ; 2.7600000e+02 
3.500e+01 ; 1.600e+00 ; 3.000e+00 ; 3.0003000e+01 ; 2.7600000e+02 
3.500e+01 ; 1.600e+00 ; 3.000e+00 ; 3.0005000e+01 ; 2.7600000e+02 
3.500e+01 ; 1.600e+00 ; 3.000e+00 ; 3.0009000e+01 ; 2.7600000e+02 
3.500e+01 ; 1.600e+00 ; 3.000e+00 ; 3.0017000e+01 ; 2.7600000e+02 
3.500e+01 ; 1.600e+00 ; 3.000e+00 ; 3.0033000e+01 ; 2.7600000e+02 
3.500e+01 ; 1.600e+00 ; 3.000e+00 ; 3.0065000e+01 ; 2.7600000e+02 
3.500e+01 ; 1.600e+00 ; 3.000e+00 ; 3.0129000e+01 ; 2.7600000e+02 
3.500e+01 ; 1.600e+00 ; 3.000e+00 ; 3.0257000e+01 ; 2.7600000e+02 
3.500e+01 ; 1.600e+00 ; 3.000e+00 ; 3.0513000e+01 ; 2.7600000e+02 
3.500e+01 ; 1.600e+00 ; 3.000e+00 ; 3.1000000e+01 ; 2.7600000e+02 
3.500e+01 ; 1.600e+00 ; 3.000e+00 ; 3.1000000e+01 ; 2.7600000e+02 
3.500e+01 ; 1.600e+00 ; 3.000e+00 ; 3.1001000e+01 ; 2.7600000e+02 
3.500e+01 ; 1.600e+00 ; 3.000e+00 ; 3.1002000e+01 ; 2.7600000e+02 
3.500e+01 ; 1.600e+00 ; 3.000e+00 ; 3.1003000e+01 ; 2.7600000e+02 
3.500e+01 ; 1.600e+00 ; 3.000e+00 ; 3.1005000e+01 ; 2.7600000e+02 
3.500e+01 ; 1.600e+00 ; 3.000e+00 ; 3.1009000e+01 ; 2.7600000e+02 
3.500e+01 ; 1.600e+00 ; 3.000e+00 ; 3.1017000e+01 ; 2.7600000e+02 
3.500e+01 ; 1.600e+00 ; 3.000e+00 ; 3.1033000e+01 ; 2.7600000e+02 
3.500e+01 ; 1.600e+00 ; 3.000e+00 ; 3.1065000e+01 ; 2.7600000e+02 
3.500e+01 ; 1.600e+00 ; 3.000e+00 ; 3.1129000e+01 ; 2.7600000e+02 
3.500e+01 ; 1.600e+00 ; 3.000e+00 ; 3.1257000e+01 ; 2.7600000e+02 
3.500e+01 ; 1.600e+00 ; 3.000e+00 ; 3.1513000e+01 ; 2.7600000e+02 
3.500e+01 ; 1.600e+00 ; 3.000e+00 ; 3.2000000e+01 ; 2.7600000e+02 
3.500e+01 ; 1.600e+00 ; 3.000e+00 ; 3.2000000e+01 ; 2.7600000e+02 
3.500e+01 ; 1.600e+00 ; 3.000e+00 ; 3.2001000e+01 ; 2.7600000e+02 
3.500e+01 ; 1.600e+00 ; 3.000e+00 ; 3.2002000e+01 ; 2.7600000e+02 
3.500e+01 ; 1.600e+00 ; 3.000e+00 ; 3.2003000e+01 ; 2.7600000e+02 
3.500e+01 ; 1.600e+00 ; 3.000e+00 ; 3.2005000e+01 ; 2.7600000e+02 
3.500e+01 ; 1.600e+00 ; 3.000e+00 ; 3.2009000e+01 ; 2.7600000e+02 
3.500e+01 ; 1.600e+00 ; 3.000e+00 ; 3.2017000e+01 ; 2.7600000e+02 
3.500e+01 ; 1.600e+00 ; 3.000e+00 ; 3.2033000e+01 ; 2.7600000e+02 
3.500e+01 ; 1.600e+00 ; 3.000e+00 ; 3.2065000e+01 ; 2.7600000e+02 
3.500e+01 ; 1.600e+00 ; 3.000e+00 ; 3.2129000e+01 ; 2.7600000e+02 
3.500e+01 ; 1.600e+00 ; 3.000e+00 ; 3.2257000e+01 ; 2.7600000e+02 
3.500e+01 ; 1.600e+00 ; 3.000e+00 ; 3.2513000e+01 ; 2.7600000e+02 
3.500e+01 ; 1.600e+00 ; 3.000e+00 ; 3.3000000e+01 ; 2.7600000e+02 
3.500e+01 ; 1.600e+00 ; 3.000e+00 ; 3.3000000e+01 ; 2.7600000e+02 
3.500e+01 ; 1.600e+00 ; 3.000e+00 ; 3.3001000e+01 ; 2.7600000e+02 
3.500e+01 ; 1.600e+00 ; 3.000e+00 ; 3.3002000e+01 ; 2.7600000e+02 
3.500e+01 ; 1.600e+00 ; 3.000e+00 ; 3.3003000e+01 ; 2.7600000e+02 
3.500e+01 ; 1.600e+00 ; 3.000e+00 ; 3.3005000e+01 ; 2.7600000e+02 
3.500e+01 ; 1.600e+00 ; 3.000e+00 ; 3.3009000e+01 ; 2.7600000e+02 
3.500e+01 ; 1.600e+00 ; 3.000e+00 ; 3.3017000e+01 ; 2.7600000e+02 
3.500e+01 ; 1.600e+00 ; 3.000e+00 ; 3.3033000e+01 ; 2.7600000e+02 
3.500e+01 ; 1.600e+00 ; 3.000e+00 ; 3.3065000e+01 ; 2.7600000e+02 
3.500e+01 ; 1.600e+00 ; 3.000e+00 ; 3.3129000e+01 ; 2.7600000e+02 
3.500e+01 ; 1.600e+00 ; 3.000e+00 ; 3.3257000e+01 ; 2.7600000e+02 
3.500e+01 ; 1.600e+00 ; 3.000e+00 ; 3.3513000e+01 ; 2.7600000e+02 
3.500e+01 ; 1.600e+00 ; 3.000e+00 ; 3.4000000e+01 ; 2.7600000e+02 
3.500e+01 ; 1.600e+00 ; 3.000e+00 ; 3.4000000e+01 ; 2.7600000e+02 
3.500e+01 ; 1.600e+00 ; 3.000e+00 ; 3.4001000e+01 ; 2.7600000e+02 
3.500e+01 ; 1.600e+00 ; 3.000e+00 ; 3.4002000e+01 ; 2.7600000e+02 
3.500e+01 ; 1.600e+00 ; 3.000e+00 ; 3.4003000e+01 ; 2.7600000e+02 
3.500e+01 ; 1.600e+00 ; 3.000e+00 ; 3.4005000e+01 ; 2.7600000e+02 
3.500e+01 ; 1.600e+00 ; 3.000e+00 ; 3.4009000e+01 ; 2.7600000e+02 
3.500e+01 ; 1.600e+00 ; 3.000e+00 ; 3.4017000e+01 ; 2.7600000e+02 
3.500e+01 ; 1.600e+00 ; 3.000e+00 ; 3.4033000e+01 ; 2.7600000e+02 
3.500e+01 ; 1.600e+00 ; 3.000e+00 ; 3.4065000e+01 ; 2.7600000e+02 
3.500e+01 ; 1.600e+00 ; 3.000e+00 ; 3.4129000e+01 ; 2.7600000e+02 
3.500e+01 ; 1.600e+00 ; 3.000e+00 ; 3.4257000e+01 ; 2.7600000e+02 
3.500e+01 ; 1.600e+00 ; 3.000e+00 ; 3.4513000e+01 ; 2.7600000e+02 
3.500e+01 ; 1.600e+00 ; 3.000e+00 ; 3.5000000e+01 ; 2.7600000e+02 
3.500e+01 ; 1.600e+00 ; 3.000e+00 ; 3.5000000e+01 ; 2.7600000e+02 
3.500e+01 ; 1.600e+00 ; 3.000e+00 ; 3.5001000e+01 ; 2.7600000e+02 
3.500e+01 ; 1.600e+00 ; 3.000e+00 ; 3.5002000e+01 ; 2.7600000e+02 
3.500e+01 ; 1.600e+00 ; 3.000e+00 ; 3.5003000e+01 ; 2.7600000e+02 
3.500e+01 ; 1.600e+00 ; 3.000e+00 ; 3.5005000e+01 ; 2.7600000e+02 
3.500e+01 ; 1.600e+00 ; 3.000e+00 ; 3.5009000e+01 ; 2.7600000e+02 
3.500e+01 ; 1.600e+00 ; 3.000e+00 ; 3.5017000e+01 ; 2.7600000e+02 
3.500e+01 ; 1.600e+00 ; 3.000e+00 ; 3.5033000e+01 ; 2.7600000e+02 
3.500e+01 ; 1.600e+00 ; 3.000e+00 ; 3.5065000e+01 ; 2.7600000e+02 
3.500e+01 ; 1.600e+00 ; 3.000e+00 ; 3.5129000e+01 ; 2.7600000e+02 
3.500e+01 ; 1.600e+00 ; 3.000e+00 ; 3.5257000e+01 ; 2.7600000e+02 
3.500e+01 ; 1.600e+00 ; 3.000e+00 ; 3.5513000e+01 ; 2.7600000e+02 
3.500e+01 ; 1.600e+00 ; 3.000e+00 ; 3.6000000e+01 ; 2.7600000e+02 
3.500e+01 ; 1.600e+00 ; 3.000e+00 ; 3.6000000e+01 ; 2.7600000e+02 
3.500e+01 ; 1.600e+00 ; 3.000e+00 ; 3.6001000e+01 ; 2.7600000e+02 
3.500e+01 ; 1.600e+00 ; 3.000e+00 ; 3.6002000e+01 ; 2.7600000e+02 
3.500e+01 ; 1.600e+00 ; 3.000e+00 ; 3.6003000e+01 ; 2.7600000e+02 
3.500e+01 ; 1.600e+00 ; 3.000e+00 ; 3.6005000e+01 ; 2.7600000e+02 
3.500e+01 ; 1.600e+00 ; 3.000e+00 ; 3.6009000e+01 ; 2.7600000e+02 
3.500e+01 ; 1.600e+00 ; 3.000e+00 ; 3.6017000e+01 ; 2.7600000e+02 
3.500e+01 ; 1.600e+00 ; 3.000e+00 ; 3.6033000e+01 ; 2.7600000e+02 
3.500e+01 ; 1.600e+00 ; 3.000e+00 ; 3.6065000e+01 ; 2.7600000e+02 
3.500e+01 ; 1.600e+00 ; 3.000e+00 ; 3.6129000e+01 ; 2.7600000e+02 
3.500e+01 ; 1.600e+00 ; 3.000e+00 ; 3.6257000e+01 ; 2.7600000e+02 
3.500e+01 ; 1.600e+00 ; 3.000e+00 ; 3.6513000e+01 ; 2.7600000e+02 
3.500e+01 ; 1.600e+00 ; 3.000e+00 ; 3.7000000e+01 ; 2.7600000e+02 
3.500e+01 ; 1.600e+00 ; 3.000e+00 ; 3.7000000e+01 ; 2.7600000e+02 
3.500e+01 ; 1.600e+00 ; 3.000e+00 ; 3.7001000e+01 ; 2.7600000e+02 
3.500e+01 ; 1.600e+00 ; 3.000e+00 ; 3.7002000e+01 ; 2.7600000e+02 
3.500e+01 ; 1.600e+00 ; 3.000e+00 ; 3.7003000e+01 ; 2.7600000e+02 
3.500e+01 ; 1.600e+00 ; 3.000e+00 ; 3.7005000e+01 ; 2.7600000e+02 
3.500e+01 ; 1.600e+00 ; 3.000e+00 ; 3.7009000e+01 ; 2.7600000e+02 
3.500e+01 ; 1.600e+00 ; 3.000e+00 ; 3.7017000e+01 ; 2.7600000e+02 
3.500e+01 ; 1.600e+00 ; 3.000e+00 ; 3.7033000e+01 ; 2.7600000e+02 
3.500e+01 ; 1.600e+00 ; 3.000e+00 ; 3.7065000e+01 ; 2.7600000e+02 
3.500e+01 ; 1.600e+00 ; 3.000e+00 ; 3.7129000e+01 ; 2.7600000e+02 
3.500e+01 ; 1.600e+00 ; 3.000e+00 ; 3.7257000e+01 ; 2.7600000e+02 
3.500e+01 ; 1.600e+00 ; 3.000e+00 ; 3.7513000e+01 ; 2.7600000e+02 
3.500e+01 ; 1.600e+00 ; 3.000e+00 ; 3.8000000e+01 ; 2.7600000e+02 
3.500e+01 ; 1.600e+00 ; 3.000e+00 ; 3.8000000e+01 ; 2.7600000e+02 
3.500e+01 ; 1.600e+00 ; 3.000e+00 ; 3.8001000e+01 ; 2.7600000e+02 
3.500e+01 ; 1.600e+00 ; 3.000e+00 ; 3.8002000e+01 ; 2.7600000e+02 
3.500e+01 ; 1.600e+00 ; 3.000e+00 ; 3.8003000e+01 ; 2.7600000e+02 
3.500e+01 ; 1.600e+00 ; 3.000e+00 ; 3.8005000e+01 ; 2.7600000e+02 
3.500e+01 ; 1.600e+00 ; 3.000e+00 ; 3.8009000e+01 ; 2.7600000e+02 
3.500e+01 ; 1.600e+00 ; 3.000e+00 ; 3.8017000e+01 ; 2.7600000e+02 
3.500e+01 ; 1.600e+00 ; 3.000e+00 ; 3.8033000e+01 ; 2.7600000e+02 
3.500e+01 ; 1.600e+00 ; 3.000e+00 ; 3.8065000e+01 ; 2.7600000e+02 
3.500e+01 ; 1.600e+00 ; 3.000e+00 ; 3.8129000e+01 ; 2.7600000e+02 
3.500e+01 ; 1.600e+00 ; 3.000e+00 ; 3.8257000e+01 ; 2.7600000e+02 
3.500e+01 ; 1.600e+00 ; 3.000e+00 ; 3.8513000e+01 ; 2.7600000e+02 
3.500e+01 ; 1.600e+00 ; 3.000e+00 ; 3.9000000e+01 ; 2.7600000e+02 
3.500e+01 ; 1.600e+00 ; 3.000e+00 ; 3.9000000e+01 ; 2.7600000e+02 
3.500e+01 ; 1.600e+00 ; 3.000e+00 ; 3.9001000e+01 ; 2.7600000e+02 
3.500e+01 ; 1.600e+00 ; 3.000e+00 ; 3.9002000e+01 ; 2.7600000e+02 
3.500e+01 ; 1.600e+00 ; 3.000e+00 ; 3.9003000e+01 ; 2.7600000e+02 
3.500e+01 ; 1.600e+00 ; 3.000e+00 ; 3.9005000e+01 ; 2.7600000e+02 
3.500e+01 ; 1.600e+00 ; 3.000e+00 ; 3.9009000e+01 ; 2.7600000e+02 
3.500e+01 ; 1.600e+00 ; 3.000e+00 ; 3.9017000e+01 ; 2.7600000e+02 
3.500e+01 ; 1.600e+00 ; 3.000e+00 ; 3.9033000e+01 ; 2.7600000e+02 
3.500e+01 ; 1.600e+00 ; 3.000e+00 ; 3.9065000e+01 ; 2.7600000e+02 
3.500e+01 ; 1.600e+00 ; 3.000e+00 ; 3.9129000e+01 ; 2.7600000e+02 
3.500e+01 ; 1.600e+00 ; 3.000e+00 ; 3.9257000e+01 ; 2.7600000e+02 
3.500e+01 ; 1.600e+00 ; 3.000e+00 ; 3.9513000e+01 ; 2.7600000e+02 
3.500e+01 ; 1.600e+00 ; 3.000e+00 ; 4.0000000e+01 ; 2.7600000e+02 
3.500e+01 ; 1.600e+00 ; 3.000e+00 ; 4.0000000e+01 ; 2.7600000e+02 
3.500e+01 ; 1.600e+00 ; 3.000e+00 ; 4.0001000e+01 ; 2.7600000e+02 
3.500e+01 ; 1.600e+00 ; 3.000e+00 ; 4.0002000e+01 ; 2.7600000e+02 
3.500e+01 ; 1.600e+00 ; 3.000e+00 ; 4.0003000e+01 ; 2.7600000e+02 
3.500e+01 ; 1.600e+00 ; 3.000e+00 ; 4.0005000e+01 ; 2.7600000e+02 
3.500e+01 ; 1.600e+00 ; 3.000e+00 ; 4.0009000e+01 ; 2.7600000e+02 
3.500e+01 ; 1.600e+00 ; 3.000e+00 ; 4.0017000e+01 ; 2.7600000e+02 
3.500e+01 ; 1.600e+00 ; 3.000e+00 ; 4.0033000e+01 ; 2.7600000e+02 
3.500e+01 ; 1.600e+00 ; 3.000e+00 ; 4.0065000e+01 ; 2.7600000e+02 
3.500e+01 ; 1.600e+00 ; 3.000e+00 ; 4.0129000e+01 ; 2.7600000e+02 
3.500e+01 ; 1.600e+00 ; 3.000e+00 ; 4.0257000e+01 ; 2.7600000e+02 
3.500e+01 ; 1.600e+00 ; 3.000e+00 ; 4.0513000e+01 ; 2.7600000e+02 
3.500e+01 ; 1.600e+00 ; 3.000e+00 ; 4.1000000e+01 ; 2.7600000e+02 
3.500e+01 ; 1.600e+00 ; 3.000e+00 ; 4.1000000e+01 ; 2.7600000e+02 
3.500e+01 ; 1.600e+00 ; 3.000e+00 ; 4.1001000e+01 ; 2.7600000e+02 
3.500e+01 ; 1.600e+00 ; 3.000e+00 ; 4.1002000e+01 ; 2.7600000e+02 
3.500e+01 ; 1.600e+00 ; 3.000e+00 ; 4.1003000e+01 ; 2.7600000e+02 
3.500e+01 ; 1.600e+00 ; 3.000e+00 ; 4.1005000e+01 ; 2.7600000e+02 
3.500e+01 ; 1.600e+00 ; 3.000e+00 ; 4.1009000e+01 ; 2.7600000e+02 
3.500e+01 ; 1.600e+00 ; 3.000e+00 ; 4.1017000e+01 ; 2.7600000e+02 
3.500e+01 ; 1.600e+00 ; 3.000e+00 ; 4.1033000e+01 ; 2.7600000e+02 
3.500e+01 ; 1.600e+00 ; 3.000e+00 ; 4.1065000e+01 ; 2.7600000e+02 
3.500e+01 ; 1.600e+00 ; 3.000e+00 ; 4.1129000e+01 ; 2.7600000e+02 
3.500e+01 ; 1.600e+00 ; 3.000e+00 ; 4.1257000e+01 ; 2.7600000e+02 
3.500e+01 ; 1.600e+00 ; 3.000e+00 ; 4.1513000e+01 ; 2.7600000e+02 
3.500e+01 ; 1.600e+00 ; 3.000e+00 ; 4.2000000e+01 ; 2.7600000e+02 
3.500e+01 ; 1.600e+00 ; 3.000e+00 ; 4.2000000e+01 ; 2.7600000e+02 
3.500e+01 ; 1.600e+00 ; 3.000e+00 ; 4.2001000e+01 ; 2.7600000e+02 
3.500e+01 ; 1.600e+00 ; 3.000e+00 ; 4.2002000e+01 ; 2.7600000e+02 
3.500e+01 ; 1.600e+00 ; 3.000e+00 ; 4.2003000e+01 ; 2.7600000e+02 
3.500e+01 ; 1.600e+00 ; 3.000e+00 ; 4.2005000e+01 ; 2.7600000e+02 
3.500e+01 ; 1.600e+00 ; 3.000e+00 ; 4.2009000e+01 ; 2.7600000e+02 
3.500e+01 ; 1.600e+00 ; 3.000e+00 ; 4.2017000e+01 ; 2.7600000e+02 
3.500e+01 ; 1.600e+00 ; 3.000e+00 ; 4.2033000e+01 ; 2.7600000e+02 
3.500e+01 ; 1.600e+00 ; 3.000e+00 ; 4.2065000e+01 ; 2.7600000e+02 
3.500e+01 ; 1.600e+00 ; 3.000e+00 ; 4.2129000e+01 ; 2.7600000e+02 
3.500e+01 ; 1.600e+00 ; 3.000e+00 ; 4.2257000e+01 ; 2.7600000e+02 
3.500e+01 ; 1.600e+00 ; 3.000e+00 ; 4.2513000e+01 ; 2.7600000e+02 
3.500e+01 ; 1.600e+00 ; 3.000e+00 ; 4.3000000e+01 ; 2.7600000e+02 
3.500e+01 ; 1.600e+00 ; 3.000e+00 ; 4.3000000e+01 ; 2.7600000e+02 
3.500e+01 ; 1.600e+00 ; 3.000e+00 ; 4.3001000e+01 ; 2.7600000e+02 
3.500e+01 ; 1.600e+00 ; 3.000e+00 ; 4.3002000e+01 ; 2.7600000e+02 
3.500e+01 ; 1.600e+00 ; 3.000e+00 ; 4.3003000e+01 ; 2.7600000e+02 
3.500e+01 ; 1.600e+00 ; 3.000e+00 ; 4.3005000e+01 ; 2.7600000e+02 
3.500e+01 ; 1.600e+00 ; 3.000e+00 ; 4.3009000e+01 ; 2.7600000e+02 
3.500e+01 ; 1.600e+00 ; 3.000e+00 ; 4.3017000e+01 ; 2.7600000e+02 
3.500e+01 ; 1.600e+00 ; 3.000e+00 ; 4.3033000e+01 ; 2.7600000e+02 
3.500e+01 ; 1.600e+00 ; 3.000e+00 ; 4.3065000e+01 ; 2.7600000e+02 
3.500e+01 ; 1.600e+00 ; 3.000e+00 ; 4.3129000e+01 ; 2.7600000e+02 
3.500e+01 ; 1.600e+00 ; 3.000e+00 ; 4.3257000e+01 ; 2.7600000e+02 
3.500e+01 ; 1.600e+00 ; 3.000e+00 ; 4.3513000e+01 ; 2.7600000e+02 
3.500e+01 ; 1.600e+00 ; 3.000e+00 ; 4.4000000e+01 ; 2.7600000e+02 
3.500e+01 ; 1.600e+00 ; 3.000e+00 ; 4.4000000e+01 ; 2.7600000e+02 
3.500e+01 ; 1.600e+00 ; 3.000e+00 ; 4.4001000e+01 ; 2.7600000e+02 
3.500e+01 ; 1.600e+00 ; 3.000e+00 ; 4.4002000e+01 ; 2.7600000e+02 
3.500e+01 ; 1.600e+00 ; 3.000e+00 ; 4.4003000e+01 ; 2.7600000e+02 
3.500e+01 ; 1.600e+00 ; 3.000e+00 ; 4.4005000e+01 ; 2.7600000e+02 
3.500e+01 ; 1.600e+00 ; 3.000e+00 ; 4.4009000e+01 ; 2.7600000e+02 
3.500e+01 ; 1.600e+00 ; 3.000e+00 ; 4.4017000e+01 ; 2.7600000e+02 
3.500e+01 ; 1.600e+00 ; 3.000e+00 ; 4.4033000e+01 ; 2.7600000e+02 
3.500e+01 ; 1.600e+00 ; 3.000e+00 ; 4.4065000e+01 ; 2.7600000e+02 
3.500e+01 ; 1.600e+00 ; 3.000e+00 ; 4.4129000e+01 ; 2.7600000e+02 
3.500e+01 ; 1.600e+00 ; 3.000e+00 ; 4.4257000e+01 ; 2.7600000e+02 
3.500e+01 ; 1.600e+00 ; 3.000e+00 ; 4.4513000e+01 ; 2.7600000e+02 
3.500e+01 ; 1.600e+00 ; 3.000e+00 ; 4.5000000e+01 ; 2.7600000e+02 
3.500e+01 ; 1.600e+00 ; 3.000e+00 ; 4.5000000e+01 ; 2.7600000e+02 
3.500e+01 ; 1.600e+00 ; 3.000e+00 ; 4.5001000e+01 ; 2.7600000e+02 
3.500e+01 ; 1.600e+00 ; 3.000e+00 ; 4.5002000e+01 ; 2.7600000e+02 
3.500e+01 ; 1.600e+00 ; 3.000e+00 ; 4.5003000e+01 ; 2.7600000e+02 
3.500e+01 ; 1.600e+00 ; 3.000e+00 ; 4.5005000e+01 ; 2.7600000e+02 
3.500e+01 ; 1.600e+00 ; 3.000e+00 ; 4.5009000e+01 ; 2.7600000e+02 
3.500e+01 ; 1.600e+00 ; 3.000e+00 ; 4.5017000e+01 ; 2.7600000e+02 
3.500e+01 ; 1.600e+00 ; 3.000e+00 ; 4.5033000e+01 ; 2.7600000e+02 
3.500e+01 ; 1.600e+00 ; 3.000e+00 ; 4.5065000e+01 ; 2.7600000e+02 
3.500e+01 ; 1.600e+00 ; 3.000e+00 ; 4.5129000e+01 ; 2.7600000e+02 
3.500e+01 ; 1.600e+00 ; 3.000e+00 ; 4.5257000e+01 ; 2.7600000e+02 
3.500e+01 ; 1.600e+00 ; 3.000e+00 ; 4.5513000e+01 ; 2.7600000e+02 
3.500e+01 ; 1.600e+00 ; 3.000e+00 ; 4.6000000e+01 ; 2.7600000e+02 
3.500e+01 ; 1.600e+00 ; 3.000e+00 ; 4.6000000e+01 ; 2.7600000e+02 
3.500e+01 ; 1.600e+00 ; 3.000e+00 ; 4.6001000e+01 ; 2.7600000e+02 
3.500e+01 ; 1.600e+00 ; 3.000e+00 ; 4.6002000e+01 ; 2.7600000e+02 
3.500e+01 ; 1.600e+00 ; 3.000e+00 ; 4.6003000e+01 ; 2.7600000e+02 
3.500e+01 ; 1.600e+00 ; 3.000e+00 ; 4.6005000e+01 ; 2.7600000e+02 
3.500e+01 ; 1.600e+00 ; 3.000e+00 ; 4.6009000e+01 ; 2.7600000e+02 
3.500e+01 ; 1.600e+00 ; 3.000e+00 ; 4.6017000e+01 ; 2.7600000e+02 
3.500e+01 ; 1.600e+00 ; 3.000e+00 ; 4.6033000e+01 ; 2.7600000e+02 
3.500e+01 ; 1.600e+00 ; 3.000e+00 ; 4.6065000e+01 ; 2.7600000e+02 
3.500e+01 ; 1.600e+00 ; 3.000e+00 ; 4.6129000e+01 ; 2.7600000e+02 
3.500e+01 ; 1.600e+00 ; 3.000e+00 ; 4.6257000e+01 ; 2.7600000e+02 
3.500e+01 ; 1.600e+00 ; 3.000e+00 ; 4.6513000e+01 ; 2.7600000e+02 
3.500e+01 ; 1.600e+00 ; 3.000e+00 ; 4.7000000e+01 ; 2.7600000e+02 
3.500e+01 ; 1.600e+00 ; 3.000e+00 ; 4.7000000e+01 ; 2.7600000e+02 
3.500e+01 ; 1.600e+00 ; 3.000e+00 ; 4.7001000e+01 ; 2.7600000e+02 
3.500e+01 ; 1.600e+00 ; 3.000e+00 ; 4.7002000e+01 ; 2.7600000e+02 
3.500e+01 ; 1.600e+00 ; 3.000e+00 ; 4.7003000e+01 ; 2.7600000e+02 
3.500e+01 ; 1.600e+00 ; 3.000e+00 ; 4.7005000e+01 ; 2.7600000e+02 
3.500e+01 ; 1.600e+00 ; 3.000e+00 ; 4.7009000e+01 ; 2.7600000e+02 
3.500e+01 ; 1.600e+00 ; 3.000e+00 ; 4.7017000e+01 ; 2.7600000e+02 
3.500e+01 ; 1.600e+00 ; 3.000e+00 ; 4.7033000e+01 ; 2.7600000e+02 
3.500e+01 ; 1.600e+00 ; 3.000e+00 ; 4.7065000e+01 ; 2.7600000e+02 
3.500e+01 ; 1.600e+00 ; 3.000e+00 ; 4.7129000e+01 ; 2.7600000e+02 
3.500e+01 ; 1.600e+00 ; 3.000e+00 ; 4.7257000e+01 ; 2.7600000e+02 
3.500e+01 ; 1.600e+00 ; 3.000e+00 ; 4.7513000e+01 ; 2.7600000e+02 
3.500e+01 ; 1.600e+00 ; 3.000e+00 ; 4.8000000e+01 ; 2.7600000e+02 
3.500e+01 ; 1.600e+00 ; 3.000e+00 ; 4.8000000e+01 ; 2.7600000e+02 
3.500e+01 ; 1.600e+00 ; 3.000e+00 ; 4.8001000e+01 ; 2.7600000e+02 
3.500e+01 ; 1.600e+00 ; 3.000e+00 ; 4.8002000e+01 ; 2.7600000e+02 
3.500e+01 ; 1.600e+00 ; 3.000e+00 ; 4.8003000e+01 ; 2.7600000e+02 
3.500e+01 ; 1.600e+00 ; 3.000e+00 ; 4.8005000e+01 ; 2.7600000e+02 
3.500e+01 ; 1.600e+00 ; 3.000e+00 ; 4.8009000e+01 ; 2.7600000e+02 
3.500e+01 ; 1.600e+00 ; 3.000e+00 ; 4.8017000e+01 ; 2.7600000e+02 
3.500e+01 ; 1.600e+00 ; 3.000e+00 ; 4.8033000e+01 ; 2.7600000e+02 
3.500e+01 ; 1.600e+00 ; 3.000e+00 ; 4.8065000e+01 ; 2.7600000e+02 
3.500e+01 ; 1.600e+00 ; 3.000e+00 ; 4.8129000e+01 ; 2.7600000e+02 
3.500e+01 ; 1.600e+00 ; 3.000e+00 ; 4.8257000e+01 ; 2.7600000e+02 
3.500e+01 ; 1.600e+00 ; 3.000e+00 ; 4.8513000e+01 ; 2.7600000e+02 
3.500e+01 ; 1.600e+00 ; 3.000e+00 ; 4.9000000e+01 ; 2.7600000e+02 
3.500e+01 ; 1.600e+00 ; 3.000e+00 ; 4.9000000e+01 ; 2.7600000e+02 
3.500e+01 ; 1.600e+00 ; 3.000e+00 ; 4.9001000e+01 ; 2.7600000e+02 
3.500e+01 ; 1.600e+00 ; 3.000e+00 ; 4.9002000e+01 ; 2.7600000e+02 
3.500e+01 ; 1.600e+00 ; 3.000e+00 ; 4.9003000e+01 ; 2.7600000e+02 
3.500e+01 ; 1.600e+00 ; 3.000e+00 ; 4.9005000e+01 ; 2.7600000e+02 
3.500e+01 ; 1.600e+00 ; 3.000e+00 ; 4.9009000e+01 ; 2.7600000e+02 
3.500e+01 ; 1.600e+00 ; 3.000e+00 ; 4.9017000e+01 ; 2.7600000e+02 
3.500e+01 ; 1.600e+00 ; 3.000e+00 ; 4.9033000e+01 ; 2.7600000e+02 
3.500e+01 ; 1.600e+00 ; 3.000e+00 ; 4.9065000e+01 ; 2.7600000e+02 
3.500e+01 ; 1.600e+00 ; 3.000e+00 ; 4.9129000e+01 ; 2.7600000e+02 
3.500e+01 ; 1.600e+00 ; 3.000e+00 ; 4.9257000e+01 ; 2.7600000e+02 
3.500e+01 ; 1.600e+00 ; 3.000e+00 ; 4.9513000e+01 ; 2.7600000e+02 
3.500e+01 ; 1.600e+00 ; 3.000e+00 ; 5.0000000e+01 ; 2.7600000e+02 
3.500e+01 ; 1.600e+00 ; 3.000e+00 ; 5.0000000e+01 ; 2.7600000e+02 
3.500e+01 ; 1.600e+00 ; 3.000e+00 ; 5.0001000e+01 ; 2.7600000e+02 
3.500e+01 ; 1.600e+00 ; 3.000e+00 ; 5.0002000e+01 ; 2.7600000e+02 
3.500e+01 ; 1.600e+00 ; 3.000e+00 ; 5.0003000e+01 ; 2.7600000e+02 
3.500e+01 ; 1.600e+00 ; 3.000e+00 ; 5.0005000e+01 ; 2.7600000e+02 
3.500e+01 ; 1.600e+00 ; 3.000e+00 ; 5.0009000e+01 ; 2.7600000e+02 
3.500e+01 ; 1.600e+00 ; 3.000e+00 ; 5.0017000e+01 ; 2.7600000e+02 
3.500e+01 ; 1.600e+00 ; 3.000e+00 ; 5.0033000e+01 ; 2.7600000e+02 
3.500e+01 ; 1.600e+00 ; 3.000e+00 ; 5.0065000e+01 ; 2.7600000e+02 
3.500e+01 ; 1.600e+00 ; 3.000e+00 ; 5.0129000e+01 ; 2.7600000e+02 
3.500e+01 ; 1.600e+00 ; 3.000e+00 ; 5.0257000e+01 ; 2.7600000e+02 
3.500e+01 ; 1.600e+00 ; 3.000e+00 ; 5.0513000e+01 ; 2.7600000e+02 
3.500e+01 ; 1.600e+00 ; 3.000e+00 ; 5.1000000e+01 ; 2.7600000e+02 
3.500e+01 ; 1.600e+00 ; 3.000e+00 ; 5.1000000e+01 ; 2.7600000e+02 
3.500e+01 ; 1.600e+00 ; 3.000e+00 ; 5.1001000e+01 ; 2.7600000e+02 
3.500e+01 ; 1.600e+00 ; 3.000e+00 ; 5.1002000e+01 ; 2.7600000e+02 
3.500e+01 ; 1.600e+00 ; 3.000e+00 ; 5.1003000e+01 ; 2.7600000e+02 
3.500e+01 ; 1.600e+00 ; 3.000e+00 ; 5.1005000e+01 ; 2.7600000e+02 
3.500e+01 ; 1.600e+00 ; 3.000e+00 ; 5.1009000e+01 ; 2.7600000e+02 
3.500e+01 ; 1.600e+00 ; 3.000e+00 ; 5.1017000e+01 ; 2.7600000e+02 
3.500e+01 ; 1.600e+00 ; 3.000e+00 ; 5.1033000e+01 ; 2.7600000e+02 
3.500e+01 ; 1.600e+00 ; 3.000e+00 ; 5.1065000e+01 ; 2.7600000e+02 
3.500e+01 ; 1.600e+00 ; 3.000e+00 ; 5.1129000e+01 ; 2.7600000e+02 
3.500e+01 ; 1.600e+00 ; 3.000e+00 ; 5.1257000e+01 ; 2.7600000e+02 
3.500e+01 ; 1.600e+00 ; 3.000e+00 ; 5.1513000e+01 ; 2.7600000e+02 
3.500e+01 ; 1.600e+00 ; 3.000e+00 ; 5.2000000e+01 ; 2.7600000e+02 
3.500e+01 ; 1.600e+00 ; 3.000e+00 ; 5.2000000e+01 ; 2.7600000e+02 
3.500e+01 ; 1.600e+00 ; 3.000e+00 ; 5.2001000e+01 ; 2.7600000e+02 
3.500e+01 ; 1.600e+00 ; 3.000e+00 ; 5.2002000e+01 ; 2.7600000e+02 
3.500e+01 ; 1.600e+00 ; 3.000e+00 ; 5.2003000e+01 ; 2.7600000e+02 
3.500e+01 ; 1.600e+00 ; 3.000e+00 ; 5.2005000e+01 ; 2.7600000e+02 
3.500e+01 ; 1.600e+00 ; 3.000e+00 ; 5.2009000e+01 ; 2.7600000e+02 
3.500e+01 ; 1.600e+00 ; 3.000e+00 ; 5.2017000e+01 ; 2.7600000e+02 
3.500e+01 ; 1.600e+00 ; 3.000e+00 ; 5.2033000e+01 ; 2.7600000e+02 
3.500e+01 ; 1.600e+00 ; 3.000e+00 ; 5.2065000e+01 ; 2.7600000e+02 
3.500e+01 ; 1.600e+00 ; 3.000e+00 ; 5.2129000e+01 ; 2.7600000e+02 
3.500e+01 ; 1.600e+00 ; 3.000e+00 ; 5.2257000e+01 ; 2.7600000e+02 
3.500e+01 ; 1.600e+00 ; 3.000e+00 ; 5.2513000e+01 ; 2.7600000e+02 
3.500e+01 ; 1.600e+00 ; 3.000e+00 ; 5.3000000e+01 ; 2.7600000e+02 
3.500e+01 ; 1.600e+00 ; 3.000e+00 ; 5.3000000e+01 ; 2.7600000e+02 
3.500e+01 ; 1.600e+00 ; 3.000e+00 ; 5.3001000e+01 ; 2.7600000e+02 
3.500e+01 ; 1.600e+00 ; 3.000e+00 ; 5.3002000e+01 ; 2.7600000e+02 
3.500e+01 ; 1.600e+00 ; 3.000e+00 ; 5.3003000e+01 ; 2.7600000e+02 
3.500e+01 ; 1.600e+00 ; 3.000e+00 ; 5.3005000e+01 ; 2.7600000e+02 
3.500e+01 ; 1.600e+00 ; 3.000e+00 ; 5.3009000e+01 ; 2.7600000e+02 
3.500e+01 ; 1.600e+00 ; 3.000e+00 ; 5.3017000e+01 ; 2.7600000e+02 
3.500e+01 ; 1.600e+00 ; 3.000e+00 ; 5.3033000e+01 ; 2.7600000e+02 
3.500e+01 ; 1.600e+00 ; 3.000e+00 ; 5.3065000e+01 ; 2.7600000e+02 
3.500e+01 ; 1.600e+00 ; 3.000e+00 ; 5.3129000e+01 ; 2.7600000e+02 
3.500e+01 ; 1.600e+00 ; 3.000e+00 ; 5.3257000e+01 ; 2.7600000e+02 
3.500e+01 ; 1.600e+00 ; 3.000e+00 ; 5.3513000e+01 ; 2.7600000e+02 
3.500e+01 ; 1.600e+00 ; 3.000e+00 ; 5.4000000e+01 ; 2.7600000e+02 
3.500e+01 ; 1.600e+00 ; 3.000e+00 ; 5.4000000e+01 ; 2.7600000e+02 
3.500e+01 ; 1.600e+00 ; 3.000e+00 ; 5.4001000e+01 ; 2.7600000e+02 
3.500e+01 ; 1.600e+00 ; 3.000e+00 ; 5.4002000e+01 ; 2.7600000e+02 
3.500e+01 ; 1.600e+00 ; 3.000e+00 ; 5.4003000e+01 ; 2.7600000e+02 
3.500e+01 ; 1.600e+00 ; 3.000e+00 ; 5.4005000e+01 ; 2.7600000e+02 
3.500e+01 ; 1.600e+00 ; 3.000e+00 ; 5.4009000e+01 ; 2.7600000e+02 
3.500e+01 ; 1.600e+00 ; 3.000e+00 ; 5.4017000e+01 ; 2.7600000e+02 
3.500e+01 ; 1.600e+00 ; 3.000e+00 ; 5.4033000e+01 ; 2.7600000e+02 
3.500e+01 ; 1.600e+00 ; 3.000e+00 ; 5.4065000e+01 ; 2.7600000e+02 
3.500e+01 ; 1.600e+00 ; 3.000e+00 ; 5.4129000e+01 ; 2.7600000e+02 
3.500e+01 ; 1.600e+00 ; 3.000e+00 ; 5.4257000e+01 ; 2.7600000e+02 
3.500e+01 ; 1.600e+00 ; 3.000e+00 ; 5.4513000e+01 ; 2.7600000e+02 
3.500e+01 ; 1.600e+00 ; 3.000e+00 ; 5.5000000e+01 ; 2.7600000e+02 
3.500e+01 ; 1.600e+00 ; 3.000e+00 ; 5.5000000e+01 ; 2.7600000e+02 
3.500e+01 ; 1.600e+00 ; 3.000e+00 ; 5.5001000e+01 ; 2.7600000e+02 
3.500e+01 ; 1.600e+00 ; 3.000e+00 ; 5.5002000e+01 ; 2.7600000e+02 
3.500e+01 ; 1.600e+00 ; 3.000e+00 ; 5.5003000e+01 ; 2.7600000e+02 
3.500e+01 ; 1.600e+00 ; 3.000e+00 ; 5.5005000e+01 ; 2.7600000e+02 
3.500e+01 ; 1.600e+00 ; 3.000e+00 ; 5.5009000e+01 ; 2.7600000e+02 
3.500e+01 ; 1.600e+00 ; 3.000e+00 ; 5.5017000e+01 ; 2.7600000e+02 
3.500e+01 ; 1.600e+00 ; 3.000e+00 ; 5.5033000e+01 ; 2.7600000e+02 
3.500e+01 ; 1.600e+00 ; 3.000e+00 ; 5.5065000e+01 ; 2.7600000e+02 
3.500e+01 ; 1.600e+00 ; 3.000e+00 ; 5.5129000e+01 ; 2.7600000e+02 
3.500e+01 ; 1.600e+00 ; 3.000e+00 ; 5.5257000e+01 ; 2.7600000e+02 
3.500e+01 ; 1.600e+00 ; 3.000e+00 ; 5.5513000e+01 ; 2.7600000e+02 
3.500e+01 ; 1.600e+00 ; 3.000e+00 ; 5.6000000e+01 ; 2.7600000e+02 
3.500e+01 ; 1.600e+00 ; 3.000e+00 ; 5.6000000e+01 ; 2.7600000e+02 
3.500e+01 ; 1.600e+00 ; 3.000e+00 ; 5.6001000e+01 ; 2.7600000e+02 
3.500e+01 ; 1.600e+00 ; 3.000e+00 ; 5.6002000e+01 ; 2.7600000e+02 
3.500e+01 ; 1.600e+00 ; 3.000e+00 ; 5.6003000e+01 ; 2.7600000e+02 
3.500e+01 ; 1.600e+00 ; 3.000e+00 ; 5.6005000e+01 ; 2.7600000e+02 
3.500e+01 ; 1.600e+00 ; 3.000e+00 ; 5.6009000e+01 ; 2.7600000e+02 
3.500e+01 ; 1.600e+00 ; 3.000e+00 ; 5.6017000e+01 ; 2.7600000e+02 
3.500e+01 ; 1.600e+00 ; 3.000e+00 ; 5.6033000e+01 ; 2.7600000e+02 
3.500e+01 ; 1.600e+00 ; 3.000e+00 ; 5.6065000e+01 ; 2.7600000e+02 
3.500e+01 ; 1.600e+00 ; 3.000e+00 ; 5.6129000e+01 ; 2.7600000e+02 
3.500e+01 ; 1.600e+00 ; 3.000e+00 ; 5.6257000e+01 ; 2.7600000e+02 
3.500e+01 ; 1.600e+00 ; 3.000e+00 ; 5.6513000e+01 ; 2.7600000e+02 
3.500e+01 ; 1.600e+00 ; 3.000e+00 ; 5.7000000e+01 ; 2.7600000e+02 
3.500e+01 ; 1.600e+00 ; 3.000e+00 ; 5.7000000e+01 ; 2.7600000e+02 
3.500e+01 ; 1.600e+00 ; 3.000e+00 ; 5.7001000e+01 ; 2.7600000e+02 
3.500e+01 ; 1.600e+00 ; 3.000e+00 ; 5.7002000e+01 ; 2.7600000e+02 
3.500e+01 ; 1.600e+00 ; 3.000e+00 ; 5.7003000e+01 ; 2.7600000e+02 
3.500e+01 ; 1.600e+00 ; 3.000e+00 ; 5.7005000e+01 ; 2.7600000e+02 
3.500e+01 ; 1.600e+00 ; 3.000e+00 ; 5.7009000e+01 ; 2.7600000e+02 
3.500e+01 ; 1.600e+00 ; 3.000e+00 ; 5.7017000e+01 ; 2.7600000e+02 
3.500e+01 ; 1.600e+00 ; 3.000e+00 ; 5.7033000e+01 ; 2.7600000e+02 
3.500e+01 ; 1.600e+00 ; 3.000e+00 ; 5.7065000e+01 ; 2.7600000e+02 
3.500e+01 ; 1.600e+00 ; 3.000e+00 ; 5.7129000e+01 ; 2.7600000e+02 
3.500e+01 ; 1.600e+00 ; 3.000e+00 ; 5.7257000e+01 ; 2.7600000e+02 
3.500e+01 ; 1.600e+00 ; 3.000e+00 ; 5.7513000e+01 ; 2.7600000e+02 
3.500e+01 ; 1.600e+00 ; 3.000e+00 ; 5.8000000e+01 ; 2.7600000e+02 
3.500e+01 ; 1.600e+00 ; 3.000e+00 ; 5.8000000e+01 ; 2.7600000e+02 
3.500e+01 ; 1.600e+00 ; 3.000e+00 ; 5.8001000e+01 ; 2.7600000e+02 
3.500e+01 ; 1.600e+00 ; 3.000e+00 ; 5.8002000e+01 ; 2.7600000e+02 
3.500e+01 ; 1.600e+00 ; 3.000e+00 ; 5.8003000e+01 ; 2.7600000e+02 
3.500e+01 ; 1.600e+00 ; 3.000e+00 ; 5.8005000e+01 ; 2.7600000e+02 
3.500e+01 ; 1.600e+00 ; 3.000e+00 ; 5.8009000e+01 ; 2.7600000e+02 
3.500e+01 ; 1.600e+00 ; 3.000e+00 ; 5.8017000e+01 ; 2.7600000e+02 
3.500e+01 ; 1.600e+00 ; 3.000e+00 ; 5.8033000e+01 ; 2.7600000e+02 
3.500e+01 ; 1.600e+00 ; 3.000e+00 ; 5.8065000e+01 ; 2.7600000e+02 
3.500e+01 ; 1.600e+00 ; 3.000e+00 ; 5.8129000e+01 ; 2.7600000e+02 
3.500e+01 ; 1.600e+00 ; 3.000e+00 ; 5.8257000e+01 ; 2.7600000e+02 
3.500e+01 ; 1.600e+00 ; 3.000e+00 ; 5.8513000e+01 ; 2.7600000e+02 
3.500e+01 ; 1.600e+00 ; 3.000e+00 ; 5.9000000e+01 ; 2.7600000e+02 
3.500e+01 ; 1.600e+00 ; 3.000e+00 ; 5.9000000e+01 ; 2.7600000e+02 
3.500e+01 ; 1.600e+00 ; 3.000e+00 ; 5.9001000e+01 ; 2.7600000e+02 
3.500e+01 ; 1.600e+00 ; 3.000e+00 ; 5.9002000e+01 ; 2.7600000e+02 
3.500e+01 ; 1.600e+00 ; 3.000e+00 ; 5.9003000e+01 ; 2.7600000e+02 
3.500e+01 ; 1.600e+00 ; 3.000e+00 ; 5.9005000e+01 ; 2.7600000e+02 
3.500e+01 ; 1.600e+00 ; 3.000e+00 ; 5.9009000e+01 ; 2.7600000e+02 
3.500e+01 ; 1.600e+00 ; 3.000e+00 ; 5.9017000e+01 ; 2.7600000e+02 
3.500e+01 ; 1.600e+00 ; 3.000e+00 ; 5.9033000e+01 ; 2.7600000e+02 
3.500e+01 ; 1.600e+00 ; 3.000e+00 ; 5.9065000e+01 ; 2.7600000e+02 
3.500e+01 ; 1.600e+00 ; 3.000e+00 ; 5.9129000e+01 ; 2.7600000e+02 
3.500e+01 ; 1.600e+00 ; 3.000e+00 ; 5.9257000e+01 ; 2.7600000e+02 
3.500e+01 ; 1.600e+00 ; 3.000e+00 ; 5.9513000e+01 ; 2.7600000e+02 
3.500e+01 ; 1.600e+00 ; 3.000e+00 ; 6.0000000e+01 ; 2.7600000e+02 
3.500e+01 ; 1.600e+00 ; 3.000e+00 ; 6.0000000e+01 ; 2.7600000e+02 
3.500e+01 ; 1.600e+00 ; 3.000e+00 ; 6.0001000e+01 ; 2.7600000e+02 
3.500e+01 ; 1.600e+00 ; 3.000e+00 ; 6.0002000e+01 ; 2.7600000e+02 
3.500e+01 ; 1.600e+00 ; 3.000e+00 ; 6.0003000e+01 ; 2.7600000e+02 
3.500e+01 ; 1.600e+00 ; 3.000e+00 ; 6.0005000e+01 ; 2.7600000e+02 
3.500e+01 ; 1.600e+00 ; 3.000e+00 ; 6.0009000e+01 ; 2.7600000e+02 
3.500e+01 ; 1.600e+00 ; 3.000e+00 ; 6.0017000e+01 ; 2.7600000e+02 
3.500e+01 ; 1.600e+00 ; 3.000e+00 ; 6.0033000e+01 ; 2.7600000e+02 
3.500e+01 ; 1.600e+00 ; 3.000e+00 ; 6.0065000e+01 ; 2.7600000e+02 
3.500e+01 ; 1.600e+00 ; 3.000e+00 ; 6.0129000e+01 ; 2.7600000e+02 
3.500e+01 ; 1.600e+00 ; 3.000e+00 ; 6.0257000e+01 ; 2.7600000e+02 
3.500e+01 ; 1.600e+00 ; 3.000e+00 ; 6.0513000e+01 ; 2.7600000e+02 
3.500e+01 ; 1.600e+00 ; 3.000e+00 ; 6.1000000e+01 ; 2.7600000e+02 
3.500e+01 ; 1.600e+00 ; 3.000e+00 ; 6.1000000e+01 ; 2.7600000e+02 
3.500e+01 ; 1.600e+00 ; 3.000e+00 ; 6.1001000e+01 ; 2.7600000e+02 
3.500e+01 ; 1.600e+00 ; 3.000e+00 ; 6.1002000e+01 ; 2.7600000e+02 
3.500e+01 ; 1.600e+00 ; 3.000e+00 ; 6.1003000e+01 ; 2.7600000e+02 
3.500e+01 ; 1.600e+00 ; 3.000e+00 ; 6.1005000e+01 ; 2.7600000e+02 
3.500e+01 ; 1.600e+00 ; 3.000e+00 ; 6.1009000e+01 ; 2.7600000e+02 
3.500e+01 ; 1.600e+00 ; 3.000e+00 ; 6.1017000e+01 ; 2.7600000e+02 
3.500e+01 ; 1.600e+00 ; 3.000e+00 ; 6.1033000e+01 ; 2.7600000e+02 
3.500e+01 ; 1.600e+00 ; 3.000e+00 ; 6.1065000e+01 ; 2.7600000e+02 
3.500e+01 ; 1.600e+00 ; 3.000e+00 ; 6.1129000e+01 ; 2.7600000e+02 
3.500e+01 ; 1.600e+00 ; 3.000e+00 ; 6.1257000e+01 ; 2.7600000e+02 
3.500e+01 ; 1.600e+00 ; 3.000e+00 ; 6.1513000e+01 ; 2.7600000e+02 
3.500e+01 ; 1.600e+00 ; 3.000e+00 ; 6.2000000e+01 ; 2.7600000e+02 
3.500e+01 ; 1.600e+00 ; 3.000e+00 ; 6.2000000e+01 ; 2.7600000e+02 
3.500e+01 ; 1.600e+00 ; 3.000e+00 ; 6.2001000e+01 ; 2.7581433e+02 
3.500e+01 ; 1.600e+00 ; 3.000e+00 ; 6.2002000e+01 ; 2.7562885e+02 
3.500e+01 ; 1.600e+00 ; 3.000e+00 ; 6.2003000e+01 ; 2.7544354e+02 
3.500e+01 ; 1.600e+00 ; 3.000e+00 ; 6.2005000e+01 ; 2.7507367e+02 
3.500e+01 ; 1.600e+00 ; 3.000e+00 ; 6.2009000e+01 ; 2.7433679e+02 
3.500e+01 ; 1.600e+00 ; 3.000e+00 ; 6.2017000e+01 ; 2.7287442e+02 
3.500e+01 ; 1.600e+00 ; 3.000e+00 ; 6.2033000e+01 ; 2.6999463e+02 
3.500e+01 ; 1.600e+00 ; 3.000e+00 ; 6.2065000e+01 ; 2.6440955e+02 
3.500e+01 ; 1.600e+00 ; 3.000e+00 ; 6.2129000e+01 ; 2.5389697e+02 
3.500e+01 ; 1.600e+00 ; 3.000e+00 ; 6.2257000e+01 ; 2.3521373e+02 
3.500e+01 ; 1.600e+00 ; 3.000e+00 ; 6.2513000e+01 ; 2.0534439e+02 
3.500e+01 ; 1.600e+00 ; 3.000e+00 ; 6.3000000e+01 ; 1.6680228e+02 
3.500e+01 ; 1.600e+00 ; 3.000e+00 ; 6.3000000e+01 ; 1.6680228e+02 
3.500e+01 ; 1.600e+00 ; 3.000e+00 ; 6.3001000e+01 ; 1.6672321e+02 
3.500e+01 ; 1.600e+00 ; 3.000e+00 ; 6.3002000e+01 ; 1.6664421e+02 
3.500e+01 ; 1.600e+00 ; 3.000e+00 ; 6.3003000e+01 ; 1.6656529e+02 
3.500e+01 ; 1.600e+00 ; 3.000e+00 ; 6.3005000e+01 ; 1.6640775e+02 
3.500e+01 ; 1.600e+00 ; 3.000e+00 ; 6.3009000e+01 ; 1.6609381e+02 
3.500e+01 ; 1.600e+00 ; 3.000e+00 ; 6.3017000e+01 ; 1.6547060e+02 
3.500e+01 ; 1.600e+00 ; 3.000e+00 ; 6.3033000e+01 ; 1.6424246e+02 
3.500e+01 ; 1.600e+00 ; 3.000e+00 ; 6.3065000e+01 ; 1.6185709e+02 
3.500e+01 ; 1.600e+00 ; 3.000e+00 ; 6.3129000e+01 ; 1.5735356e+02 
3.500e+01 ; 1.600e+00 ; 3.000e+00 ; 6.3257000e+01 ; 1.4930173e+02 
3.500e+01 ; 1.600e+00 ; 3.000e+00 ; 6.3513000e+01 ; 1.3629756e+02 
3.500e+01 ; 1.600e+00 ; 3.000e+00 ; 6.4000000e+01 ; 1.1930482e+02 
3.500e+01 ; 1.600e+00 ; 3.000e+00 ; 6.4000000e+01 ; 1.1930482e+02 
3.500e+01 ; 1.600e+00 ; 3.000e+00 ; 6.4001000e+01 ; 1.1926996e+02 
3.500e+01 ; 1.600e+00 ; 3.000e+00 ; 6.4002000e+01 ; 1.1923514e+02 
3.500e+01 ; 1.600e+00 ; 3.000e+00 ; 6.4003000e+01 ; 1.1920035e+02 
3.500e+01 ; 1.600e+00 ; 3.000e+00 ; 6.4005000e+01 ; 1.1913091e+02 
3.500e+01 ; 1.600e+00 ; 3.000e+00 ; 6.4009000e+01 ; 1.1899257e+02 
3.500e+01 ; 1.600e+00 ; 3.000e+00 ; 6.4017000e+01 ; 1.1871807e+02 
3.500e+01 ; 1.600e+00 ; 3.000e+00 ; 6.4033000e+01 ; 1.1817764e+02 
3.500e+01 ; 1.600e+00 ; 3.000e+00 ; 6.4065000e+01 ; 1.1712989e+02 
3.500e+01 ; 1.600e+00 ; 3.000e+00 ; 6.4129000e+01 ; 1.1515874e+02 
3.500e+01 ; 1.600e+00 ; 3.000e+00 ; 6.4257000e+01 ; 1.1165558e+02 
3.500e+01 ; 1.600e+00 ; 3.000e+00 ; 6.4513000e+01 ; 1.0603381e+02 
3.500e+01 ; 1.600e+00 ; 3.000e+00 ; 6.5000000e+01 ; 9.8638420e+01 
3.500e+01 ; 1.600e+00 ; 3.000e+00 ; 6.5000000e+01 ; 9.8638420e+01 
3.500e+01 ; 1.600e+00 ; 3.000e+00 ; 6.5001000e+01 ; 9.8623253e+01 
3.500e+01 ; 1.600e+00 ; 3.000e+00 ; 6.5002000e+01 ; 9.8608093e+01 
3.500e+01 ; 1.600e+00 ; 3.000e+00 ; 6.5003000e+01 ; 9.8592949e+01 
3.500e+01 ; 1.600e+00 ; 3.000e+00 ; 6.5005000e+01 ; 9.8562714e+01 
3.500e+01 ; 1.600e+00 ; 3.000e+00 ; 6.5009000e+01 ; 9.8502472e+01 
3.500e+01 ; 1.600e+00 ; 3.000e+00 ; 6.5017000e+01 ; 9.8382851e+01 
3.500e+01 ; 1.600e+00 ; 3.000e+00 ; 6.5033000e+01 ; 9.8147041e+01 
3.500e+01 ; 1.600e+00 ; 3.000e+00 ; 6.5065000e+01 ; 9.7688614e+01 
3.500e+01 ; 1.600e+00 ; 3.000e+00 ; 6.5129000e+01 ; 9.6820946e+01 
3.500e+01 ; 1.600e+00 ; 3.000e+00 ; 6.5257000e+01 ; 9.5257225e+01 
3.500e+01 ; 1.600e+00 ; 3.000e+00 ; 6.5513000e+01 ; 9.2664375e+01 
3.500e+01 ; 1.600e+00 ; 3.000e+00 ; 6.6000000e+01 ; 8.9012184e+01 
3.500e+01 ; 1.600e+00 ; 3.000e+00 ; 6.6000000e+01 ; 8.9012184e+01 
3.500e+01 ; 1.600e+00 ; 3.000e+00 ; 6.6001000e+01 ; 8.9004692e+01 
3.500e+01 ; 1.600e+00 ; 3.000e+00 ; 6.6002000e+01 ; 8.8997200e+01 
3.500e+01 ; 1.600e+00 ; 3.000e+00 ; 6.6003000e+01 ; 8.8989723e+01 
3.500e+01 ; 1.600e+00 ; 3.000e+00 ; 6.6005000e+01 ; 8.8974777e+01 
3.500e+01 ; 1.600e+00 ; 3.000e+00 ; 6.6009000e+01 ; 8.8944969e+01 
3.500e+01 ; 1.600e+00 ; 3.000e+00 ; 6.6017000e+01 ; 8.8885704e+01 
3.500e+01 ; 1.600e+00 ; 3.000e+00 ; 6.6033000e+01 ; 8.8768494e+01 
3.500e+01 ; 1.600e+00 ; 3.000e+00 ; 6.6065000e+01 ; 8.8539253e+01 
3.500e+01 ; 1.600e+00 ; 3.000e+00 ; 6.6129000e+01 ; 8.8100166e+01 
3.500e+01 ; 1.600e+00 ; 3.000e+00 ; 6.6257000e+01 ; 8.7290764e+01 
3.500e+01 ; 1.600e+00 ; 3.000e+00 ; 6.6513000e+01 ; 8.5892738e+01 
3.500e+01 ; 1.600e+00 ; 3.000e+00 ; 6.7000000e+01 ; 8.3791100e+01 
3.500e+01 ; 1.600e+00 ; 3.000e+00 ; 6.7000000e+01 ; 8.3791100e+01 
3.500e+01 ; 1.600e+00 ; 3.000e+00 ; 6.7001000e+01 ; 8.3786789e+01 
3.500e+01 ; 1.600e+00 ; 3.000e+00 ; 6.7002000e+01 ; 8.3782478e+01 
3.500e+01 ; 1.600e+00 ; 3.000e+00 ; 6.7003000e+01 ; 8.3778168e+01 
3.500e+01 ; 1.600e+00 ; 3.000e+00 ; 6.7005000e+01 ; 8.3769562e+01 
3.500e+01 ; 1.600e+00 ; 3.000e+00 ; 6.7009000e+01 ; 8.3752380e+01 
3.500e+01 ; 1.600e+00 ; 3.000e+00 ; 6.7017000e+01 ; 8.3718178e+01 
3.500e+01 ; 1.600e+00 ; 3.000e+00 ; 6.7033000e+01 ; 8.3650345e+01 
3.500e+01 ; 1.600e+00 ; 3.000e+00 ; 6.7065000e+01 ; 8.3516960e+01 
3.500e+01 ; 1.600e+00 ; 3.000e+00 ; 6.7129000e+01 ; 8.3258820e+01 
3.500e+01 ; 1.600e+00 ; 3.000e+00 ; 6.7257000e+01 ; 8.2773712e+01 
3.500e+01 ; 1.600e+00 ; 3.000e+00 ; 6.7513000e+01 ; 8.1907135e+01 
3.500e+01 ; 1.600e+00 ; 3.000e+00 ; 6.8000000e+01 ; 8.0535980e+01 
3.500e+01 ; 1.600e+00 ; 3.000e+00 ; 6.8000000e+01 ; 8.0535980e+01 
3.500e+01 ; 1.600e+00 ; 3.000e+00 ; 6.8001000e+01 ; 8.0533165e+01 
3.500e+01 ; 1.600e+00 ; 3.000e+00 ; 6.8002000e+01 ; 8.0530350e+01 
3.500e+01 ; 1.600e+00 ; 3.000e+00 ; 6.8003000e+01 ; 8.0527534e+01 
3.500e+01 ; 1.600e+00 ; 3.000e+00 ; 6.8005000e+01 ; 8.0521919e+01 
3.500e+01 ; 1.600e+00 ; 3.000e+00 ; 6.8009000e+01 ; 8.0510696e+01 
3.500e+01 ; 1.600e+00 ; 3.000e+00 ; 6.8017000e+01 ; 8.0488335e+01 
3.500e+01 ; 1.600e+00 ; 3.000e+00 ; 6.8033000e+01 ; 8.0443893e+01 
3.500e+01 ; 1.600e+00 ; 3.000e+00 ; 6.8065000e+01 ; 8.0356155e+01 
3.500e+01 ; 1.600e+00 ; 3.000e+00 ; 6.8129000e+01 ; 8.0185059e+01 
3.500e+01 ; 1.600e+00 ; 3.000e+00 ; 6.8257000e+01 ; 7.9858971e+01 
3.500e+01 ; 1.600e+00 ; 3.000e+00 ; 6.8513000e+01 ; 7.9262154e+01 
3.500e+01 ; 1.600e+00 ; 3.000e+00 ; 6.9000000e+01 ; 7.8282814e+01 
3.500e+01 ; 1.600e+00 ; 3.000e+00 ; 6.9000000e+01 ; 7.8282814e+01 
3.500e+01 ; 1.600e+00 ; 3.000e+00 ; 6.9001000e+01 ; 7.8280800e+01 
3.500e+01 ; 1.600e+00 ; 3.000e+00 ; 6.9002000e+01 ; 7.8278793e+01 
3.500e+01 ; 1.600e+00 ; 3.000e+00 ; 6.9003000e+01 ; 7.8276779e+01 
3.500e+01 ; 1.600e+00 ; 3.000e+00 ; 6.9005000e+01 ; 7.8272766e+01 
3.500e+01 ; 1.600e+00 ; 3.000e+00 ; 6.9009000e+01 ; 7.8264748e+01 
3.500e+01 ; 1.600e+00 ; 3.000e+00 ; 6.9017000e+01 ; 7.8248749e+01 
3.500e+01 ; 1.600e+00 ; 3.000e+00 ; 6.9033000e+01 ; 7.8216919e+01 
3.500e+01 ; 1.600e+00 ; 3.000e+00 ; 6.9065000e+01 ; 7.8153900e+01 
3.500e+01 ; 1.600e+00 ; 3.000e+00 ; 6.9129000e+01 ; 7.8030373e+01 
3.500e+01 ; 1.600e+00 ; 3.000e+00 ; 6.9257000e+01 ; 7.7792671e+01 
3.500e+01 ; 1.600e+00 ; 3.000e+00 ; 6.9513000e+01 ; 7.7350319e+01 
3.500e+01 ; 1.600e+00 ; 3.000e+00 ; 7.0000000e+01 ; 7.6605858e+01 
3.500e+01 ; 1.600e+00 ; 3.000e+00 ; 7.0000000e+01 ; 7.6605858e+01 
3.500e+01 ; 1.600e+00 ; 3.000e+00 ; 7.0001000e+01 ; 7.6604324e+01 
3.500e+01 ; 1.600e+00 ; 3.000e+00 ; 7.0002000e+01 ; 7.6602798e+01 
3.500e+01 ; 1.600e+00 ; 3.000e+00 ; 7.0003000e+01 ; 7.6601273e+01 
3.500e+01 ; 1.600e+00 ; 3.000e+00 ; 7.0005000e+01 ; 7.6598221e+01 
3.500e+01 ; 1.600e+00 ; 3.000e+00 ; 7.0009000e+01 ; 7.6592117e+01 
3.500e+01 ; 1.600e+00 ; 3.000e+00 ; 7.0017000e+01 ; 7.6579941e+01 
3.500e+01 ; 1.600e+00 ; 3.000e+00 ; 7.0033000e+01 ; 7.6555702e+01 
3.500e+01 ; 1.600e+00 ; 3.000e+00 ; 7.0065000e+01 ; 7.6507614e+01 
3.500e+01 ; 1.600e+00 ; 3.000e+00 ; 7.0129000e+01 ; 7.6413025e+01 
3.500e+01 ; 1.600e+00 ; 3.000e+00 ; 7.0257000e+01 ; 7.6229813e+01 
3.500e+01 ; 1.600e+00 ; 3.000e+00 ; 7.0513000e+01 ; 7.5884888e+01 
3.500e+01 ; 1.600e+00 ; 3.000e+00 ; 7.1000000e+01 ; 7.5293846e+01 
3.500e+01 ; 1.600e+00 ; 3.000e+00 ; 7.1000000e+01 ; 7.5293846e+01 
3.500e+01 ; 1.600e+00 ; 3.000e+00 ; 7.1001000e+01 ; 7.5292633e+01 
3.500e+01 ; 1.600e+00 ; 3.000e+00 ; 7.1002000e+01 ; 7.5291420e+01 
3.500e+01 ; 1.600e+00 ; 3.000e+00 ; 7.1003000e+01 ; 7.5290207e+01 
3.500e+01 ; 1.600e+00 ; 3.000e+00 ; 7.1005000e+01 ; 7.5287781e+01 
3.500e+01 ; 1.600e+00 ; 3.000e+00 ; 7.1009000e+01 ; 7.5282936e+01 
3.500e+01 ; 1.600e+00 ; 3.000e+00 ; 7.1017000e+01 ; 7.5273262e+01 
3.500e+01 ; 1.600e+00 ; 3.000e+00 ; 7.1033000e+01 ; 7.5253990e+01 
3.500e+01 ; 1.600e+00 ; 3.000e+00 ; 7.1065000e+01 ; 7.5215714e+01 
3.500e+01 ; 1.600e+00 ; 3.000e+00 ; 7.1129000e+01 ; 7.5140236e+01 
3.500e+01 ; 1.600e+00 ; 3.000e+00 ; 7.1257000e+01 ; 7.4993347e+01 
3.500e+01 ; 1.600e+00 ; 3.000e+00 ; 7.1513000e+01 ; 7.4714485e+01 
3.500e+01 ; 1.600e+00 ; 3.000e+00 ; 7.2000000e+01 ; 7.4230186e+01 
3.500e+01 ; 1.600e+00 ; 3.000e+00 ; 7.2000000e+01 ; 7.4230186e+01 
3.500e+01 ; 1.600e+00 ; 3.000e+00 ; 7.2001000e+01 ; 7.4229187e+01 
3.500e+01 ; 1.600e+00 ; 3.000e+00 ; 7.2002000e+01 ; 7.4228195e+01 
3.500e+01 ; 1.600e+00 ; 3.000e+00 ; 7.2003000e+01 ; 7.4227203e+01 
3.500e+01 ; 1.600e+00 ; 3.000e+00 ; 7.2005000e+01 ; 7.4225212e+01 
3.500e+01 ; 1.600e+00 ; 3.000e+00 ; 7.2009000e+01 ; 7.4221245e+01 
3.500e+01 ; 1.600e+00 ; 3.000e+00 ; 7.2017000e+01 ; 7.4213318e+01 
3.500e+01 ; 1.600e+00 ; 3.000e+00 ; 7.2033000e+01 ; 7.4197502e+01 
3.500e+01 ; 1.600e+00 ; 3.000e+00 ; 7.2065000e+01 ; 7.4166084e+01 
3.500e+01 ; 1.600e+00 ; 3.000e+00 ; 7.2129000e+01 ; 7.4103996e+01 
3.500e+01 ; 1.600e+00 ; 3.000e+00 ; 7.2257000e+01 ; 7.3982765e+01 
3.500e+01 ; 1.600e+00 ; 3.000e+00 ; 7.2513000e+01 ; 7.3751122e+01 
3.500e+01 ; 1.600e+00 ; 3.000e+00 ; 7.3000000e+01 ; 7.3344612e+01 
3.500e+01 ; 1.600e+00 ; 3.000e+00 ; 7.3000000e+01 ; 7.3344612e+01 
3.500e+01 ; 1.600e+00 ; 3.000e+00 ; 7.3001000e+01 ; 7.3343781e+01 
3.500e+01 ; 1.600e+00 ; 3.000e+00 ; 7.3002000e+01 ; 7.3342941e+01 
3.500e+01 ; 1.600e+00 ; 3.000e+00 ; 7.3003000e+01 ; 7.3342110e+01 
3.500e+01 ; 1.600e+00 ; 3.000e+00 ; 7.3005000e+01 ; 7.3340439e+01 
3.500e+01 ; 1.600e+00 ; 3.000e+00 ; 7.3009000e+01 ; 7.3337105e+01 
3.500e+01 ; 1.600e+00 ; 3.000e+00 ; 7.3017000e+01 ; 7.3330452e+01 
3.500e+01 ; 1.600e+00 ; 3.000e+00 ; 7.3033000e+01 ; 7.3317169e+01 
3.500e+01 ; 1.600e+00 ; 3.000e+00 ; 7.3065000e+01 ; 7.3290756e+01 
3.500e+01 ; 1.600e+00 ; 3.000e+00 ; 7.3129000e+01 ; 7.3238487e+01 
3.500e+01 ; 1.600e+00 ; 3.000e+00 ; 7.3257000e+01 ; 7.3136147e+01 
3.500e+01 ; 1.600e+00 ; 3.000e+00 ; 7.3513000e+01 ; 7.2939621e+01 
3.500e+01 ; 1.600e+00 ; 3.000e+00 ; 7.4000000e+01 ; 7.2591820e+01 
3.500e+01 ; 1.600e+00 ; 3.000e+00 ; 7.4000000e+01 ; 7.2591820e+01 
3.500e+01 ; 1.600e+00 ; 3.000e+00 ; 7.4001000e+01 ; 7.2591103e+01 
3.500e+01 ; 1.600e+00 ; 3.000e+00 ; 7.4002000e+01 ; 7.2590393e+01 
3.500e+01 ; 1.600e+00 ; 3.000e+00 ; 7.4003000e+01 ; 7.2589676e+01 
3.500e+01 ; 1.600e+00 ; 3.000e+00 ; 7.4005000e+01 ; 7.2588249e+01 
3.500e+01 ; 1.600e+00 ; 3.000e+00 ; 7.4009000e+01 ; 7.2585396e+01 
3.500e+01 ; 1.600e+00 ; 3.000e+00 ; 7.4017000e+01 ; 7.2579697e+01 
3.500e+01 ; 1.600e+00 ; 3.000e+00 ; 7.4033000e+01 ; 7.2568329e+01 
3.500e+01 ; 1.600e+00 ; 3.000e+00 ; 7.4065000e+01 ; 7.2545700e+01 
3.500e+01 ; 1.600e+00 ; 3.000e+00 ; 7.4129000e+01 ; 7.2500877e+01 
3.500e+01 ; 1.600e+00 ; 3.000e+00 ; 7.4257000e+01 ; 7.2412918e+01 
3.500e+01 ; 1.600e+00 ; 3.000e+00 ; 7.4513000e+01 ; 7.2243309e+01 
3.500e+01 ; 1.600e+00 ; 3.000e+00 ; 7.5000000e+01 ; 7.1941048e+01 
3.500e+01 ; 1.600e+00 ; 3.000e+00 ; 7.5000000e+01 ; 7.1941048e+01 
3.500e+01 ; 1.600e+00 ; 3.000e+00 ; 7.5001000e+01 ; 7.1940422e+01 
3.500e+01 ; 1.600e+00 ; 3.000e+00 ; 7.5002000e+01 ; 7.1939804e+01 
3.500e+01 ; 1.600e+00 ; 3.000e+00 ; 7.5003000e+01 ; 7.1939186e+01 
3.500e+01 ; 1.600e+00 ; 3.000e+00 ; 7.5005000e+01 ; 7.1937943e+01 
3.500e+01 ; 1.600e+00 ; 3.000e+00 ; 7.5009000e+01 ; 7.1935463e+01 
3.500e+01 ; 1.600e+00 ; 3.000e+00 ; 7.5017000e+01 ; 7.1930511e+01 
3.500e+01 ; 1.600e+00 ; 3.000e+00 ; 7.5033000e+01 ; 7.1920624e+01 
3.500e+01 ; 1.600e+00 ; 3.000e+00 ; 7.5065000e+01 ; 7.1900940e+01 
3.500e+01 ; 1.600e+00 ; 3.000e+00 ; 7.5129000e+01 ; 7.1861916e+01 
3.500e+01 ; 1.600e+00 ; 3.000e+00 ; 7.5257000e+01 ; 7.1785179e+01 
3.500e+01 ; 1.600e+00 ; 3.000e+00 ; 7.5513000e+01 ; 7.1636719e+01 
3.500e+01 ; 1.600e+00 ; 3.000e+00 ; 7.6000000e+01 ; 7.1370590e+01 
3.500e+01 ; 1.600e+00 ; 3.000e+00 ; 7.6000000e+01 ; 7.1370590e+01 
3.500e+01 ; 1.600e+00 ; 3.000e+00 ; 7.6001000e+01 ; 7.1370041e+01 
3.500e+01 ; 1.600e+00 ; 3.000e+00 ; 7.6002000e+01 ; 7.1369492e+01 
3.500e+01 ; 1.600e+00 ; 3.000e+00 ; 7.6003000e+01 ; 7.1368950e+01 
3.500e+01 ; 1.600e+00 ; 3.000e+00 ; 7.6005000e+01 ; 7.1367859e+01 
3.500e+01 ; 1.600e+00 ; 3.000e+00 ; 7.6009000e+01 ; 7.1365677e+01 
3.500e+01 ; 1.600e+00 ; 3.000e+00 ; 7.6017000e+01 ; 7.1361320e+01 
3.500e+01 ; 1.600e+00 ; 3.000e+00 ; 7.6033000e+01 ; 7.1352646e+01 
3.500e+01 ; 1.600e+00 ; 3.000e+00 ; 7.6065000e+01 ; 7.1335495e+01 
3.500e+01 ; 1.600e+00 ; 3.000e+00 ; 7.6129000e+01 ; 7.1302185e+01 
3.500e+01 ; 1.600e+00 ; 3.000e+00 ; 7.6257000e+01 ; 7.1241478e+01 
3.500e+01 ; 1.600e+00 ; 3.000e+00 ; 7.6513000e+01 ; 7.1153397e+01 
3.500e+01 ; 1.600e+00 ; 3.000e+00 ; 7.7000000e+01 ; 7.1116539e+01 
3.500e+01 ; 1.600e+00 ; 3.000e+00 ; 7.7000000e+01 ; 7.1116539e+01 
3.500e+01 ; 1.600e+00 ; 3.000e+00 ; 7.7001000e+01 ; 7.1120132e+01 
3.500e+01 ; 1.600e+00 ; 3.000e+00 ; 7.7002000e+01 ; 7.1123764e+01 
3.500e+01 ; 1.600e+00 ; 3.000e+00 ; 7.7003000e+01 ; 7.1127434e+01 
3.500e+01 ; 1.600e+00 ; 3.000e+00 ; 7.7005000e+01 ; 7.1134949e+01 
3.500e+01 ; 1.600e+00 ; 3.000e+00 ; 7.7009000e+01 ; 7.1150627e+01 
3.500e+01 ; 1.600e+00 ; 3.000e+00 ; 7.7017000e+01 ; 7.1184547e+01 
3.500e+01 ; 1.600e+00 ; 3.000e+00 ; 7.7033000e+01 ; 7.1262115e+01 
3.500e+01 ; 1.600e+00 ; 3.000e+00 ; 7.7065000e+01 ; 7.1452637e+01 
3.500e+01 ; 1.600e+00 ; 3.000e+00 ; 7.7129000e+01 ; 7.1949791e+01 
3.500e+01 ; 1.600e+00 ; 3.000e+00 ; 7.7257000e+01 ; 7.3249817e+01 
3.500e+01 ; 1.600e+00 ; 3.000e+00 ; 7.7513000e+01 ; 7.6282089e+01 
3.500e+01 ; 1.600e+00 ; 3.000e+00 ; 7.8000000e+01 ; 8.1345955e+01 
3.500e+01 ; 1.600e+00 ; 3.000e+00 ; 7.8000000e+01 ; 8.1345955e+01 
3.500e+01 ; 1.600e+00 ; 3.000e+00 ; 7.8001000e+01 ; 8.1359581e+01 
3.500e+01 ; 1.600e+00 ; 3.000e+00 ; 7.8002000e+01 ; 8.1373207e+01 
3.500e+01 ; 1.600e+00 ; 3.000e+00 ; 7.8003000e+01 ; 8.1386848e+01 
3.500e+01 ; 1.600e+00 ; 3.000e+00 ; 7.8005000e+01 ; 8.1414139e+01 
3.500e+01 ; 1.600e+00 ; 3.000e+00 ; 7.8009000e+01 ; 8.1468803e+01 
3.500e+01 ; 1.600e+00 ; 3.000e+00 ; 7.8017000e+01 ; 8.1578423e+01 
3.500e+01 ; 1.600e+00 ; 3.000e+00 ; 7.8033000e+01 ; 8.1798653e+01 
3.500e+01 ; 1.600e+00 ; 3.000e+00 ; 7.8065000e+01 ; 8.2241936e+01 
3.500e+01 ; 1.600e+00 ; 3.000e+00 ; 7.8129000e+01 ; 8.3131599e+01 
3.500e+01 ; 1.600e+00 ; 3.000e+00 ; 7.8257000e+01 ; 8.4873222e+01 
3.500e+01 ; 1.600e+00 ; 3.000e+00 ; 7.8513000e+01 ; 8.7976768e+01 
3.500e+01 ; 1.600e+00 ; 3.000e+00 ; 7.9000000e+01 ; 9.2062622e+01 
3.500e+01 ; 1.600e+00 ; 3.000e+00 ; 7.9000000e+01 ; 9.2062622e+01 
3.500e+01 ; 1.600e+00 ; 3.000e+00 ; 7.9001000e+01 ; 9.2070992e+01 
3.500e+01 ; 1.600e+00 ; 3.000e+00 ; 7.9002000e+01 ; 9.2079346e+01 
3.500e+01 ; 1.600e+00 ; 3.000e+00 ; 7.9003000e+01 ; 9.2087685e+01 
3.500e+01 ; 1.600e+00 ; 3.000e+00 ; 7.9005000e+01 ; 9.2104294e+01 
3.500e+01 ; 1.600e+00 ; 3.000e+00 ; 7.9009000e+01 ; 9.2137230e+01 
3.500e+01 ; 1.600e+00 ; 3.000e+00 ; 7.9017000e+01 ; 9.2202011e+01 
3.500e+01 ; 1.600e+00 ; 3.000e+00 ; 7.9033000e+01 ; 9.2327309e+01 
3.500e+01 ; 1.600e+00 ; 3.000e+00 ; 7.9065000e+01 ; 9.2561569e+01 
3.500e+01 ; 1.600e+00 ; 3.000e+00 ; 7.9129000e+01 ; 9.2970078e+01 
3.500e+01 ; 1.600e+00 ; 3.000e+00 ; 7.9257000e+01 ; 9.3584129e+01 
3.500e+01 ; 1.600e+00 ; 3.000e+00 ; 7.9513000e+01 ; 9.4224655e+01 
3.500e+01 ; 1.600e+00 ; 3.000e+00 ; 8.0000000e+01 ; 9.4257362e+01 
3.500e+01 ; 1.600e+00 ; 3.000e+00 ; 8.0000000e+01 ; 9.4257362e+01 
3.500e+01 ; 1.600e+00 ; 3.000e+00 ; 8.0001000e+01 ; 9.4257423e+01 
3.500e+01 ; 1.600e+00 ; 3.000e+00 ; 8.0002000e+01 ; 9.4257484e+01 
3.500e+01 ; 1.600e+00 ; 3.000e+00 ; 8.0003000e+01 ; 9.4257538e+01 
3.500e+01 ; 1.600e+00 ; 3.000e+00 ; 8.0005000e+01 ; 9.4257622e+01 
3.500e+01 ; 1.600e+00 ; 3.000e+00 ; 8.0009000e+01 ; 9.4257713e+01 
3.500e+01 ; 1.600e+00 ; 3.000e+00 ; 8.0017000e+01 ; 9.4257584e+01 
3.500e+01 ; 1.600e+00 ; 3.000e+00 ; 8.0033000e+01 ; 9.4256104e+01 
3.500e+01 ; 1.600e+00 ; 3.000e+00 ; 8.0065000e+01 ; 9.4248550e+01 
3.500e+01 ; 1.600e+00 ; 3.000e+00 ; 8.0129000e+01 ; 9.4216812e+01 
3.500e+01 ; 1.600e+00 ; 3.000e+00 ; 8.0257000e+01 ; 9.4099022e+01 
3.500e+01 ; 1.600e+00 ; 3.000e+00 ; 8.0513000e+01 ; 9.3717575e+01 
3.500e+01 ; 1.600e+00 ; 3.000e+00 ; 8.1000000e+01 ; 9.2746780e+01 
3.500e+01 ; 1.600e+00 ; 3.000e+00 ; 8.1000000e+01 ; 9.2746780e+01 
3.500e+01 ; 1.600e+00 ; 3.000e+00 ; 8.1001000e+01 ; 9.2744789e+01 
3.500e+01 ; 1.600e+00 ; 3.000e+00 ; 8.1002000e+01 ; 9.2742790e+01 
3.500e+01 ; 1.600e+00 ; 3.000e+00 ; 8.1003000e+01 ; 9.2740791e+01 
3.500e+01 ; 1.600e+00 ; 3.000e+00 ; 8.1005000e+01 ; 9.2736801e+01 
3.500e+01 ; 1.600e+00 ; 3.000e+00 ; 8.1009000e+01 ; 9.2728790e+01 
3.500e+01 ; 1.600e+00 ; 3.000e+00 ; 8.1017000e+01 ; 9.2712700e+01 
3.500e+01 ; 1.600e+00 ; 3.000e+00 ; 8.1033000e+01 ; 9.2680290e+01 
3.500e+01 ; 1.600e+00 ; 3.000e+00 ; 8.1065000e+01 ; 9.2614555e+01 
3.500e+01 ; 1.600e+00 ; 3.000e+00 ; 8.1129000e+01 ; 9.2479996e+01 
3.500e+01 ; 1.600e+00 ; 3.000e+00 ; 8.1257000e+01 ; 9.2201942e+01 
3.500e+01 ; 1.600e+00 ; 3.000e+00 ; 8.1513000e+01 ; 9.1629524e+01 
3.500e+01 ; 1.600e+00 ; 3.000e+00 ; 8.2000000e+01 ; 9.0552330e+01 
3.500e+01 ; 1.600e+00 ; 3.000e+00 ; 8.2000000e+01 ; 9.0552330e+01 
3.500e+01 ; 1.600e+00 ; 3.000e+00 ; 8.2001000e+01 ; 9.0550117e+01 
3.500e+01 ; 1.600e+00 ; 3.000e+00 ; 8.2002000e+01 ; 9.0547913e+01 
3.500e+01 ; 1.600e+00 ; 3.000e+00 ; 8.2003000e+01 ; 9.0545700e+01 
3.500e+01 ; 1.600e+00 ; 3.000e+00 ; 8.2005000e+01 ; 9.0541275e+01 
3.500e+01 ; 1.600e+00 ; 3.000e+00 ; 8.2009000e+01 ; 9.0532425e+01 
3.500e+01 ; 1.600e+00 ; 3.000e+00 ; 8.2017000e+01 ; 9.0514740e+01 
3.500e+01 ; 1.600e+00 ; 3.000e+00 ; 8.2033000e+01 ; 9.0479385e+01 
3.500e+01 ; 1.600e+00 ; 3.000e+00 ; 8.2065000e+01 ; 9.0408760e+01 
3.500e+01 ; 1.600e+00 ; 3.000e+00 ; 8.2129000e+01 ; 9.0267990e+01 
3.500e+01 ; 1.600e+00 ; 3.000e+00 ; 8.2257000e+01 ; 8.9989182e+01 
3.500e+01 ; 1.600e+00 ; 3.000e+00 ; 8.2513000e+01 ; 8.9446716e+01 
3.500e+01 ; 1.600e+00 ; 3.000e+00 ; 8.3000000e+01 ; 8.8481377e+01 
3.500e+01 ; 1.600e+00 ; 3.000e+00 ; 8.3000000e+01 ; 8.8481377e+01 
3.500e+01 ; 1.600e+00 ; 3.000e+00 ; 8.3001000e+01 ; 8.8479393e+01 
3.500e+01 ; 1.600e+00 ; 3.000e+00 ; 8.3002000e+01 ; 8.8477409e+01 
3.500e+01 ; 1.600e+00 ; 3.000e+00 ; 8.3003000e+01 ; 8.8475426e+01 
3.500e+01 ; 1.600e+00 ; 3.000e+00 ; 8.3005000e+01 ; 8.8471466e+01 
3.500e+01 ; 1.600e+00 ; 3.000e+00 ; 8.3009000e+01 ; 8.8463547e+01 
3.500e+01 ; 1.600e+00 ; 3.000e+00 ; 8.3017000e+01 ; 8.8447731e+01 
3.500e+01 ; 1.600e+00 ; 3.000e+00 ; 8.3033000e+01 ; 8.8416161e+01 
3.500e+01 ; 1.600e+00 ; 3.000e+00 ; 8.3065000e+01 ; 8.8353325e+01 
3.500e+01 ; 1.600e+00 ; 3.000e+00 ; 8.3129000e+01 ; 8.8228844e+01 
3.500e+01 ; 1.600e+00 ; 3.000e+00 ; 8.3257000e+01 ; 8.7984734e+01 
3.500e+01 ; 1.600e+00 ; 3.000e+00 ; 8.3513000e+01 ; 8.7516098e+01 
3.500e+01 ; 1.600e+00 ; 3.000e+00 ; 8.4000000e+01 ; 8.6692482e+01 
3.500e+01 ; 1.600e+00 ; 3.000e+00 ; 8.4000000e+01 ; 8.6692482e+01 
3.500e+01 ; 1.600e+00 ; 3.000e+00 ; 8.4001000e+01 ; 8.6690788e+01 
3.500e+01 ; 1.600e+00 ; 3.000e+00 ; 8.4002000e+01 ; 8.6689102e+01 
3.500e+01 ; 1.600e+00 ; 3.000e+00 ; 8.4003000e+01 ; 8.6687408e+01 
3.500e+01 ; 1.600e+00 ; 3.000e+00 ; 8.4005000e+01 ; 8.6684029e+01 
3.500e+01 ; 1.600e+00 ; 3.000e+00 ; 8.4009000e+01 ; 8.6677277e+01 
3.500e+01 ; 1.600e+00 ; 3.000e+00 ; 8.4017000e+01 ; 8.6663788e+01 
3.500e+01 ; 1.600e+00 ; 3.000e+00 ; 8.4033000e+01 ; 8.6636879e+01 
3.500e+01 ; 1.600e+00 ; 3.000e+00 ; 8.4065000e+01 ; 8.6583351e+01 
3.500e+01 ; 1.600e+00 ; 3.000e+00 ; 8.4129000e+01 ; 8.6477455e+01 
3.500e+01 ; 1.600e+00 ; 3.000e+00 ; 8.4257000e+01 ; 8.6270203e+01 
3.500e+01 ; 1.600e+00 ; 3.000e+00 ; 8.4513000e+01 ; 8.5873123e+01 
3.500e+01 ; 1.600e+00 ; 3.000e+00 ; 8.5000000e+01 ; 8.5175156e+01 
3.500e+01 ; 1.600e+00 ; 3.000e+00 ; 8.5000000e+01 ; 8.5175156e+01 
3.500e+01 ; 1.600e+00 ; 3.000e+00 ; 8.5001000e+01 ; 8.5173721e+01 
3.500e+01 ; 1.600e+00 ; 3.000e+00 ; 8.5002000e+01 ; 8.5172287e+01 
3.500e+01 ; 1.600e+00 ; 3.000e+00 ; 8.5003000e+01 ; 8.5170860e+01 
3.500e+01 ; 1.600e+00 ; 3.000e+00 ; 8.5005000e+01 ; 8.5167992e+01 
3.500e+01 ; 1.600e+00 ; 3.000e+00 ; 8.5009000e+01 ; 8.5162270e+01 
3.500e+01 ; 1.600e+00 ; 3.000e+00 ; 8.5017000e+01 ; 8.5150833e+01 
3.500e+01 ; 1.600e+00 ; 3.000e+00 ; 8.5033000e+01 ; 8.5128036e+01 
3.500e+01 ; 1.600e+00 ; 3.000e+00 ; 8.5065000e+01 ; 8.5082672e+01 
3.500e+01 ; 1.600e+00 ; 3.000e+00 ; 8.5129000e+01 ; 8.4992912e+01 
3.500e+01 ; 1.600e+00 ; 3.000e+00 ; 8.5257000e+01 ; 8.4817154e+01 
3.500e+01 ; 1.600e+00 ; 3.000e+00 ; 8.5513000e+01 ; 8.4479866e+01 
3.500e+01 ; 1.600e+00 ; 3.000e+00 ; 8.6000000e+01 ; 8.3884621e+01 
3.500e+01 ; 1.600e+00 ; 3.000e+00 ; 8.6000000e+01 ; 8.3884621e+01 
3.500e+01 ; 1.600e+00 ; 3.000e+00 ; 8.6001000e+01 ; 8.3883392e+01 
3.500e+01 ; 1.600e+00 ; 3.000e+00 ; 8.6002000e+01 ; 8.3882172e+01 
3.500e+01 ; 1.600e+00 ; 3.000e+00 ; 8.6003000e+01 ; 8.3880951e+01 
3.500e+01 ; 1.600e+00 ; 3.000e+00 ; 8.6005000e+01 ; 8.3878510e+01 
3.500e+01 ; 1.600e+00 ; 3.000e+00 ; 8.6009000e+01 ; 8.3873627e+01 
3.500e+01 ; 1.600e+00 ; 3.000e+00 ; 8.6017000e+01 ; 8.3863876e+01 
3.500e+01 ; 1.600e+00 ; 3.000e+00 ; 8.6033000e+01 ; 8.3844421e+01 
3.500e+01 ; 1.600e+00 ; 3.000e+00 ; 8.6065000e+01 ; 8.3805710e+01 
3.500e+01 ; 1.600e+00 ; 3.000e+00 ; 8.6129000e+01 ; 8.3729073e+01 
3.500e+01 ; 1.600e+00 ; 3.000e+00 ; 8.6257000e+01 ; 8.3578804e+01 
3.500e+01 ; 1.600e+00 ; 3.000e+00 ; 8.6513000e+01 ; 8.3289696e+01 
3.500e+01 ; 1.600e+00 ; 3.000e+00 ; 8.7000000e+01 ; 8.2776894e+01 
3.500e+01 ; 1.600e+00 ; 3.000e+00 ; 8.7000000e+01 ; 8.2776894e+01 
3.500e+01 ; 1.600e+00 ; 3.000e+00 ; 8.7001000e+01 ; 8.2775841e+01 
3.500e+01 ; 1.600e+00 ; 3.000e+00 ; 8.7002000e+01 ; 8.2774788e+01 
3.500e+01 ; 1.600e+00 ; 3.000e+00 ; 8.7003000e+01 ; 8.2773735e+01 
3.500e+01 ; 1.600e+00 ; 3.000e+00 ; 8.7005000e+01 ; 8.2771629e+01 
3.500e+01 ; 1.600e+00 ; 3.000e+00 ; 8.7009000e+01 ; 8.2767426e+01 
3.500e+01 ; 1.600e+00 ; 3.000e+00 ; 8.7017000e+01 ; 8.2759026e+01 
3.500e+01 ; 1.600e+00 ; 3.000e+00 ; 8.7033000e+01 ; 8.2742256e+01 
3.500e+01 ; 1.600e+00 ; 3.000e+00 ; 8.7065000e+01 ; 8.2708885e+01 
3.500e+01 ; 1.600e+00 ; 3.000e+00 ; 8.7129000e+01 ; 8.2642761e+01 
3.500e+01 ; 1.600e+00 ; 3.000e+00 ; 8.7257000e+01 ; 8.2512947e+01 
3.500e+01 ; 1.600e+00 ; 3.000e+00 ; 8.7513000e+01 ; 8.2262482e+01 
3.500e+01 ; 1.600e+00 ; 3.000e+00 ; 8.8000000e+01 ; 8.1815994e+01 
3.500e+01 ; 1.600e+00 ; 3.000e+00 ; 8.8000000e+01 ; 8.1815994e+01 
3.500e+01 ; 1.600e+00 ; 3.000e+00 ; 8.8001000e+01 ; 8.1815079e+01 
3.500e+01 ; 1.600e+00 ; 3.000e+00 ; 8.8002000e+01 ; 8.1814163e+01 
3.500e+01 ; 1.600e+00 ; 3.000e+00 ; 8.8003000e+01 ; 8.1813248e+01 
3.500e+01 ; 1.600e+00 ; 3.000e+00 ; 8.8005000e+01 ; 8.1811417e+01 
3.500e+01 ; 1.600e+00 ; 3.000e+00 ; 8.8009000e+01 ; 8.1807755e+01 
3.500e+01 ; 1.600e+00 ; 3.000e+00 ; 8.8017000e+01 ; 8.1800438e+01 
3.500e+01 ; 1.600e+00 ; 3.000e+00 ; 8.8033000e+01 ; 8.1785835e+01 
3.500e+01 ; 1.600e+00 ; 3.000e+00 ; 8.8065000e+01 ; 8.1756752e+01 
3.500e+01 ; 1.600e+00 ; 3.000e+00 ; 8.8129000e+01 ; 8.1699104e+01 
3.500e+01 ; 1.600e+00 ; 3.000e+00 ; 8.8257000e+01 ; 8.1585762e+01 
3.500e+01 ; 1.600e+00 ; 3.000e+00 ; 8.8513000e+01 ; 8.1366508e+01 
3.500e+01 ; 1.600e+00 ; 3.000e+00 ; 8.9000000e+01 ; 8.0973846e+01 
3.500e+01 ; 1.600e+00 ; 3.000e+00 ; 8.9000000e+01 ; 8.0973846e+01 
3.500e+01 ; 1.600e+00 ; 3.000e+00 ; 8.9001000e+01 ; 8.0973045e+01 
3.500e+01 ; 1.600e+00 ; 3.000e+00 ; 8.9002000e+01 ; 8.0972237e+01 
3.500e+01 ; 1.600e+00 ; 3.000e+00 ; 8.9003000e+01 ; 8.0971428e+01 
3.500e+01 ; 1.600e+00 ; 3.000e+00 ; 8.9005000e+01 ; 8.0969818e+01 
3.500e+01 ; 1.600e+00 ; 3.000e+00 ; 8.9009000e+01 ; 8.0966599e+01 
3.500e+01 ; 1.600e+00 ; 3.000e+00 ; 8.9017000e+01 ; 8.0960159e+01 
3.500e+01 ; 1.600e+00 ; 3.000e+00 ; 8.9033000e+01 ; 8.0947311e+01 
3.500e+01 ; 1.600e+00 ; 3.000e+00 ; 8.9065000e+01 ; 8.0921722e+01 
3.500e+01 ; 1.600e+00 ; 3.000e+00 ; 8.9129000e+01 ; 8.0870956e+01 
3.500e+01 ; 1.600e+00 ; 3.000e+00 ; 8.9257000e+01 ; 8.0771027e+01 
3.500e+01 ; 1.600e+00 ; 3.000e+00 ; 8.9513000e+01 ; 8.0577248e+01 
3.500e+01 ; 1.600e+00 ; 3.000e+00 ; 9.0000000e+01 ; 8.0228745e+01 
3.500e+01 ; 1.600e+00 ; 3.000e+00 ; 9.0000000e+01 ; 8.0228745e+01 
3.500e+01 ; 1.600e+00 ; 3.000e+00 ; 9.0001000e+01 ; 8.0228027e+01 
3.500e+01 ; 1.600e+00 ; 3.000e+00 ; 9.0002000e+01 ; 8.0227310e+01 
3.500e+01 ; 1.600e+00 ; 3.000e+00 ; 9.0003000e+01 ; 8.0226593e+01 
3.500e+01 ; 1.600e+00 ; 3.000e+00 ; 9.0005000e+01 ; 8.0225166e+01 
3.500e+01 ; 1.600e+00 ; 3.000e+00 ; 9.0009000e+01 ; 8.0222305e+01 
3.500e+01 ; 1.600e+00 ; 3.000e+00 ; 9.0017000e+01 ; 8.0216591e+01 
3.500e+01 ; 1.600e+00 ; 3.000e+00 ; 9.0033000e+01 ; 8.0205185e+01 
3.500e+01 ; 1.600e+00 ; 3.000e+00 ; 9.0065000e+01 ; 8.0182465e+01 
3.500e+01 ; 1.600e+00 ; 3.000e+00 ; 9.0129000e+01 ; 8.0137352e+01 
3.500e+01 ; 1.600e+00 ; 3.000e+00 ; 9.0257000e+01 ; 8.0048447e+01 
3.500e+01 ; 1.600e+00 ; 3.000e+00 ; 9.0513000e+01 ; 7.9875694e+01 
3.500e+01 ; 1.600e+00 ; 3.000e+00 ; 9.1000000e+01 ; 7.9563805e+01 
3.500e+01 ; 1.600e+00 ; 3.000e+00 ; 9.1000000e+01 ; 7.9563805e+01 
3.500e+01 ; 1.600e+00 ; 3.000e+00 ; 9.1001000e+01 ; 7.9563164e+01 
3.500e+01 ; 1.600e+00 ; 3.000e+00 ; 9.1002000e+01 ; 7.9562523e+01 
3.500e+01 ; 1.600e+00 ; 3.000e+00 ; 9.1003000e+01 ; 7.9561882e+01 
3.500e+01 ; 1.600e+00 ; 3.000e+00 ; 9.1005000e+01 ; 7.9560600e+01 
3.500e+01 ; 1.600e+00 ; 3.000e+00 ; 9.1009000e+01 ; 7.9558044e+01 
3.500e+01 ; 1.600e+00 ; 3.000e+00 ; 9.1017000e+01 ; 7.9552940e+01 
3.500e+01 ; 1.600e+00 ; 3.000e+00 ; 9.1033000e+01 ; 7.9542786e+01 
3.500e+01 ; 1.600e+00 ; 3.000e+00 ; 9.1065000e+01 ; 7.9522850e+01 
3.500e+01 ; 1.600e+00 ; 3.000e+00 ; 9.1129000e+01 ; 7.9485298e+01 
3.500e+01 ; 1.600e+00 ; 3.000e+00 ; 9.1257000e+01 ; 7.9423592e+01 
3.500e+01 ; 1.600e+00 ; 3.000e+00 ; 9.1513000e+01 ; 7.9361816e+01 
3.500e+01 ; 1.600e+00 ; 3.000e+00 ; 9.2000000e+01 ; 7.9413292e+01 
3.500e+01 ; 1.600e+00 ; 3.000e+00 ; 9.2000000e+01 ; 7.9413292e+01 
3.500e+01 ; 1.600e+00 ; 3.000e+00 ; 9.2001000e+01 ; 7.9413399e+01 
3.500e+01 ; 1.600e+00 ; 3.000e+00 ; 9.2002000e+01 ; 7.9413506e+01 
3.500e+01 ; 1.600e+00 ; 3.000e+00 ; 9.2003000e+01 ; 7.9413612e+01 
3.500e+01 ; 1.600e+00 ; 3.000e+00 ; 9.2005000e+01 ; 7.9413834e+01 
3.500e+01 ; 1.600e+00 ; 3.000e+00 ; 9.2009000e+01 ; 7.9414284e+01 
3.500e+01 ; 1.600e+00 ; 3.000e+00 ; 9.2017000e+01 ; 7.9415237e+01 
3.500e+01 ; 1.600e+00 ; 3.000e+00 ; 9.2033000e+01 ; 7.9417374e+01 
3.500e+01 ; 1.600e+00 ; 3.000e+00 ; 9.2065000e+01 ; 7.9422752e+01 
3.500e+01 ; 1.600e+00 ; 3.000e+00 ; 9.2129000e+01 ; 7.9438927e+01 
3.500e+01 ; 1.600e+00 ; 3.000e+00 ; 9.2257000e+01 ; 7.9496979e+01 
3.500e+01 ; 1.600e+00 ; 3.000e+00 ; 9.2513000e+01 ; 7.9713676e+01 
3.500e+01 ; 1.600e+00 ; 3.000e+00 ; 9.3000000e+01 ; 8.0338753e+01 
3.500e+01 ; 1.600e+00 ; 3.000e+00 ; 9.3000000e+01 ; 8.0338753e+01 
3.500e+01 ; 1.600e+00 ; 3.000e+00 ; 9.3001000e+01 ; 8.0340034e+01 
3.500e+01 ; 1.600e+00 ; 3.000e+00 ; 9.3002000e+01 ; 8.0341324e+01 
3.500e+01 ; 1.600e+00 ; 3.000e+00 ; 9.3003000e+01 ; 8.0342606e+01 
3.500e+01 ; 1.600e+00 ; 3.000e+00 ; 9.3005000e+01 ; 8.0345184e+01 
3.500e+01 ; 1.600e+00 ; 3.000e+00 ; 9.3009000e+01 ; 8.0350349e+01 
3.500e+01 ; 1.600e+00 ; 3.000e+00 ; 9.3017000e+01 ; 8.0360748e+01 
3.500e+01 ; 1.600e+00 ; 3.000e+00 ; 9.3033000e+01 ; 8.0381790e+01 
3.500e+01 ; 1.600e+00 ; 3.000e+00 ; 9.3065000e+01 ; 8.0424957e+01 
3.500e+01 ; 1.600e+00 ; 3.000e+00 ; 9.3129000e+01 ; 8.0515961e+01 
3.500e+01 ; 1.600e+00 ; 3.000e+00 ; 9.3257000e+01 ; 8.0716957e+01 
3.500e+01 ; 1.600e+00 ; 3.000e+00 ; 9.3513000e+01 ; 8.1177780e+01 
3.500e+01 ; 1.600e+00 ; 3.000e+00 ; 9.4000000e+01 ; 8.2102318e+01 
3.500e+01 ; 1.600e+00 ; 3.000e+00 ; 9.4000000e+01 ; 8.2102318e+01 
3.500e+01 ; 1.600e+00 ; 3.000e+00 ; 9.4001000e+01 ; 8.2104218e+01 
3.500e+01 ; 1.600e+00 ; 3.000e+00 ; 9.4002000e+01 ; 8.2106117e+01 
3.500e+01 ; 1.600e+00 ; 3.000e+00 ; 9.4003000e+01 ; 8.2108017e+01 
3.500e+01 ; 1.600e+00 ; 3.000e+00 ; 9.4005000e+01 ; 8.2111816e+01 
3.500e+01 ; 1.600e+00 ; 3.000e+00 ; 9.4009000e+01 ; 8.2119415e+01 
3.500e+01 ; 1.600e+00 ; 3.000e+00 ; 9.4017000e+01 ; 8.2134628e+01 
3.500e+01 ; 1.600e+00 ; 3.000e+00 ; 9.4033000e+01 ; 8.2165085e+01 
3.500e+01 ; 1.600e+00 ; 3.000e+00 ; 9.4065000e+01 ; 8.2226059e+01 
3.500e+01 ; 1.600e+00 ; 3.000e+00 ; 9.4129000e+01 ; 8.2347748e+01 
3.500e+01 ; 1.600e+00 ; 3.000e+00 ; 9.4257000e+01 ; 8.2586555e+01 
3.500e+01 ; 1.600e+00 ; 3.000e+00 ; 9.4513000e+01 ; 8.3025764e+01 
3.500e+01 ; 1.600e+00 ; 3.000e+00 ; 9.5000000e+01 ; 8.3657806e+01 
3.500e+01 ; 1.600e+00 ; 3.000e+00 ; 9.5000000e+01 ; 8.3657806e+01 
3.500e+01 ; 1.600e+00 ; 3.000e+00 ; 9.5001000e+01 ; 8.3659103e+01 
3.500e+01 ; 1.600e+00 ; 3.000e+00 ; 9.5002000e+01 ; 8.3660400e+01 
3.500e+01 ; 1.600e+00 ; 3.000e+00 ; 9.5003000e+01 ; 8.3661690e+01 
3.500e+01 ; 1.600e+00 ; 3.000e+00 ; 9.5005000e+01 ; 8.3664276e+01 
3.500e+01 ; 1.600e+00 ; 3.000e+00 ; 9.5009000e+01 ; 8.3669441e+01 
3.500e+01 ; 1.600e+00 ; 3.000e+00 ; 9.5017000e+01 ; 8.3679703e+01 
3.500e+01 ; 1.600e+00 ; 3.000e+00 ; 9.5033000e+01 ; 8.3699997e+01 
3.500e+01 ; 1.600e+00 ; 3.000e+00 ; 9.5065000e+01 ; 8.3739624e+01 
3.500e+01 ; 1.600e+00 ; 3.000e+00 ; 9.5129000e+01 ; 8.3814758e+01 
3.500e+01 ; 1.600e+00 ; 3.000e+00 ; 9.5257000e+01 ; 8.3947174e+01 
3.500e+01 ; 1.600e+00 ; 3.000e+00 ; 9.5513000e+01 ; 8.4137825e+01 
3.500e+01 ; 1.600e+00 ; 3.000e+00 ; 9.6000000e+01 ; 8.4259468e+01 
3.500e+01 ; 1.600e+00 ; 3.000e+00 ; 9.6000000e+01 ; 8.4259468e+01 
3.500e+01 ; 1.600e+00 ; 3.000e+00 ; 9.6001000e+01 ; 8.4259720e+01 
3.500e+01 ; 1.600e+00 ; 3.000e+00 ; 9.6002000e+01 ; 8.4259972e+01 
3.500e+01 ; 1.600e+00 ; 3.000e+00 ; 9.6003000e+01 ; 8.4260216e+01 
3.500e+01 ; 1.600e+00 ; 3.000e+00 ; 9.6005000e+01 ; 8.4260704e+01 
3.500e+01 ; 1.600e+00 ; 3.000e+00 ; 9.6009000e+01 ; 8.4261665e+01 
3.500e+01 ; 1.600e+00 ; 3.000e+00 ; 9.6017000e+01 ; 8.4263527e+01 
3.500e+01 ; 1.600e+00 ; 3.000e+00 ; 9.6033000e+01 ; 8.4266991e+01 
3.500e+01 ; 1.600e+00 ; 3.000e+00 ; 9.6065000e+01 ; 8.4272896e+01 
3.500e+01 ; 1.600e+00 ; 3.000e+00 ; 9.6129000e+01 ; 8.4280693e+01 
3.500e+01 ; 1.600e+00 ; 3.000e+00 ; 9.6257000e+01 ; 8.4281044e+01 
3.500e+01 ; 1.600e+00 ; 3.000e+00 ; 9.6513000e+01 ; 8.4227737e+01 
3.500e+01 ; 1.600e+00 ; 3.000e+00 ; 9.7000000e+01 ; 8.3977394e+01 
3.500e+01 ; 1.600e+00 ; 3.000e+00 ; 9.7000000e+01 ; 8.3977394e+01 
3.500e+01 ; 1.600e+00 ; 3.000e+00 ; 9.7001000e+01 ; 8.3976875e+01 
3.500e+01 ; 1.600e+00 ; 3.000e+00 ; 9.7002000e+01 ; 8.3976364e+01 
3.500e+01 ; 1.600e+00 ; 3.000e+00 ; 9.7003000e+01 ; 8.3975845e+01 
3.500e+01 ; 1.600e+00 ; 3.000e+00 ; 9.7005000e+01 ; 8.3974815e+01 
3.500e+01 ; 1.600e+00 ; 3.000e+00 ; 9.7009000e+01 ; 8.3972733e+01 
3.500e+01 ; 1.600e+00 ; 3.000e+00 ; 9.7017000e+01 ; 8.3968536e+01 
3.500e+01 ; 1.600e+00 ; 3.000e+00 ; 9.7033000e+01 ; 8.3959984e+01 
3.500e+01 ; 1.600e+00 ; 3.000e+00 ; 9.7065000e+01 ; 8.3942261e+01 
3.500e+01 ; 1.600e+00 ; 3.000e+00 ; 9.7129000e+01 ; 8.3904457e+01 
3.500e+01 ; 1.600e+00 ; 3.000e+00 ; 9.7257000e+01 ; 8.3820206e+01 
3.500e+01 ; 1.600e+00 ; 3.000e+00 ; 9.7513000e+01 ; 8.3622894e+01 
3.500e+01 ; 1.600e+00 ; 3.000e+00 ; 9.8000000e+01 ; 8.3175285e+01 
3.500e+01 ; 1.600e+00 ; 3.000e+00 ; 9.8000000e+01 ; 8.3175285e+01 
3.500e+01 ; 1.600e+00 ; 3.000e+00 ; 9.8001000e+01 ; 8.3174370e+01 
3.500e+01 ; 1.600e+00 ; 3.000e+00 ; 9.8002000e+01 ; 8.3173447e+01 
3.500e+01 ; 1.600e+00 ; 3.000e+00 ; 9.8003000e+01 ; 8.3172531e+01 
3.500e+01 ; 1.600e+00 ; 3.000e+00 ; 9.8005000e+01 ; 8.3170685e+01 
3.500e+01 ; 1.600e+00 ; 3.000e+00 ; 9.8009000e+01 ; 8.3167000e+01 
3.500e+01 ; 1.600e+00 ; 3.000e+00 ; 9.8017000e+01 ; 8.3159607e+01 
3.500e+01 ; 1.600e+00 ; 3.000e+00 ; 9.8033000e+01 ; 8.3144745e+01 
3.500e+01 ; 1.600e+00 ; 3.000e+00 ; 9.8065000e+01 ; 8.3114723e+01 
3.500e+01 ; 1.600e+00 ; 3.000e+00 ; 9.8129000e+01 ; 8.3053574e+01 
3.500e+01 ; 1.600e+00 ; 3.000e+00 ; 9.8257000e+01 ; 8.2927345e+01 
3.500e+01 ; 1.600e+00 ; 3.000e+00 ; 9.8513000e+01 ; 8.2662666e+01 
3.500e+01 ; 1.600e+00 ; 3.000e+00 ; 9.9000000e+01 ; 8.2132980e+01 
3.500e+01 ; 1.600e+00 ; 3.000e+00 ; 9.9000000e+01 ; 8.2132980e+01 
3.500e+01 ; 1.600e+00 ; 3.000e+00 ; 9.9001000e+01 ; 8.2131889e+01 
3.500e+01 ; 1.600e+00 ; 3.000e+00 ; 9.9002000e+01 ; 8.2130806e+01 
3.500e+01 ; 1.600e+00 ; 3.000e+00 ; 9.9003000e+01 ; 8.2129715e+01 
3.500e+01 ; 1.600e+00 ; 3.000e+00 ; 9.9005000e+01 ; 8.2127541e+01 
3.500e+01 ; 1.600e+00 ; 3.000e+00 ; 9.9009000e+01 ; 8.2123184e+01 
3.500e+01 ; 1.600e+00 ; 3.000e+00 ; 9.9017000e+01 ; 8.2114471e+01 
3.500e+01 ; 1.600e+00 ; 3.000e+00 ; 9.9033000e+01 ; 8.2097008e+01 
3.500e+01 ; 1.600e+00 ; 3.000e+00 ; 9.9065000e+01 ; 8.2061989e+01 
3.500e+01 ; 1.600e+00 ; 3.000e+00 ; 9.9129000e+01 ; 8.1991570e+01 
3.500e+01 ; 1.600e+00 ; 3.000e+00 ; 9.9257000e+01 ; 8.1849518e+01 
3.500e+01 ; 1.600e+00 ; 3.000e+00 ; 9.9513000e+01 ; 8.1562386e+01 
3.500e+01 ; 1.600e+00 ; 3.000e+00 ; 1.0000000e+02 ; 8.1014511e+01 
3.500e+01 ; 1.600e+00 ; 3.000e+00 ; 1.0000000e+02 ; 8.1014511e+01 
3.500e+01 ; 1.600e+00 ; 3.000e+00 ; 1.0000100e+02 ; 8.1013390e+01 
3.500e+01 ; 1.600e+00 ; 3.000e+00 ; 1.0000200e+02 ; 8.1012260e+01 
3.500e+01 ; 1.600e+00 ; 3.000e+00 ; 1.0000300e+02 ; 8.1011139e+01 
3.500e+01 ; 1.600e+00 ; 3.000e+00 ; 1.0000500e+02 ; 8.1008888e+01 
3.500e+01 ; 1.600e+00 ; 3.000e+00 ; 1.0000900e+02 ; 8.1004387e+01 
3.500e+01 ; 1.600e+00 ; 3.000e+00 ; 1.0001700e+02 ; 8.0995384e+01 
3.500e+01 ; 1.600e+00 ; 3.000e+00 ; 1.0003300e+02 ; 8.0977386e+01 
3.500e+01 ; 1.600e+00 ; 3.000e+00 ; 1.0006500e+02 ; 8.0941376e+01 
3.500e+01 ; 1.600e+00 ; 3.000e+00 ; 1.0012900e+02 ; 8.0869370e+01 
3.500e+01 ; 1.600e+00 ; 3.000e+00 ; 1.0025700e+02 ; 8.0725548e+01 
3.500e+01 ; 1.600e+00 ; 3.000e+00 ; 1.0051300e+02 ; 8.0439552e+01 
3.500e+01 ; 1.600e+00 ; 3.000e+00 ; 1.0100000e+02 ; 7.9905869e+01 
3.500e+01 ; 1.600e+00 ; 3.000e+00 ; 1.0100000e+02 ; 7.9905869e+01 
3.500e+01 ; 1.600e+00 ; 3.000e+00 ; 1.0100100e+02 ; 7.9904770e+01 
3.500e+01 ; 1.600e+00 ; 3.000e+00 ; 1.0100200e+02 ; 7.9903679e+01 
3.500e+01 ; 1.600e+00 ; 3.000e+00 ; 1.0100300e+02 ; 7.9902580e+01 
3.500e+01 ; 1.600e+00 ; 3.000e+00 ; 1.0100500e+02 ; 7.9900391e+01 
3.500e+01 ; 1.600e+00 ; 3.000e+00 ; 1.0100900e+02 ; 7.9896011e+01 
3.500e+01 ; 1.600e+00 ; 3.000e+00 ; 1.0101700e+02 ; 7.9887245e+01 
3.500e+01 ; 1.600e+00 ; 3.000e+00 ; 1.0103300e+02 ; 7.9869736e+01 
3.500e+01 ; 1.600e+00 ; 3.000e+00 ; 1.0106500e+02 ; 7.9834763e+01 
3.500e+01 ; 1.600e+00 ; 3.000e+00 ; 1.0112900e+02 ; 7.9765015e+01 
3.500e+01 ; 1.600e+00 ; 3.000e+00 ; 1.0125700e+02 ; 7.9626373e+01 
3.500e+01 ; 1.600e+00 ; 3.000e+00 ; 1.0151300e+02 ; 7.9352913e+01 
3.500e+01 ; 1.600e+00 ; 3.000e+00 ; 1.0200000e+02 ; 7.8848320e+01 
3.500e+01 ; 1.600e+00 ; 3.000e+00 ; 1.0200000e+02 ; 7.8848320e+01 
3.500e+01 ; 1.600e+00 ; 3.000e+00 ; 1.0200100e+02 ; 7.8847282e+01 
3.500e+01 ; 1.600e+00 ; 3.000e+00 ; 1.0200200e+02 ; 7.8846245e+01 
3.500e+01 ; 1.600e+00 ; 3.000e+00 ; 1.0200300e+02 ; 7.8845215e+01 
3.500e+01 ; 1.600e+00 ; 3.000e+00 ; 1.0200500e+02 ; 7.8843140e+01 
3.500e+01 ; 1.600e+00 ; 3.000e+00 ; 1.0200900e+02 ; 7.8838997e+01 
3.500e+01 ; 1.600e+00 ; 3.000e+00 ; 1.0201700e+02 ; 7.8830719e+01 
3.500e+01 ; 1.600e+00 ; 3.000e+00 ; 1.0203300e+02 ; 7.8814178e+01 
3.500e+01 ; 1.600e+00 ; 3.000e+00 ; 1.0206500e+02 ; 7.8781158e+01 
3.500e+01 ; 1.600e+00 ; 3.000e+00 ; 1.0212900e+02 ; 7.8715401e+01 
3.500e+01 ; 1.600e+00 ; 3.000e+00 ; 1.0225700e+02 ; 7.8585022e+01 
3.500e+01 ; 1.600e+00 ; 3.000e+00 ; 1.0251300e+02 ; 7.8328926e+01 
3.500e+01 ; 1.600e+00 ; 3.000e+00 ; 1.0300000e+02 ; 7.7859100e+01 
3.500e+01 ; 1.600e+00 ; 3.000e+00 ; 1.0300000e+02 ; 7.7859100e+01 
3.500e+01 ; 1.600e+00 ; 3.000e+00 ; 1.0300100e+02 ; 7.7858139e+01 
3.500e+01 ; 1.600e+00 ; 3.000e+00 ; 1.0300200e+02 ; 7.7857178e+01 
3.500e+01 ; 1.600e+00 ; 3.000e+00 ; 1.0300300e+02 ; 7.7856209e+01 
3.500e+01 ; 1.600e+00 ; 3.000e+00 ; 1.0300500e+02 ; 7.7854279e+01 
3.500e+01 ; 1.600e+00 ; 3.000e+00 ; 1.0300900e+02 ; 7.7850426e+01 
3.500e+01 ; 1.600e+00 ; 3.000e+00 ; 1.0301700e+02 ; 7.7842720e+01 
3.500e+01 ; 1.600e+00 ; 3.000e+00 ; 1.0303300e+02 ; 7.7827316e+01 
3.500e+01 ; 1.600e+00 ; 3.000e+00 ; 1.0306500e+02 ; 7.7796600e+01 
3.500e+01 ; 1.600e+00 ; 3.000e+00 ; 1.0312900e+02 ; 7.7735466e+01 
3.500e+01 ; 1.600e+00 ; 3.000e+00 ; 1.0325700e+02 ; 7.7614403e+01 
3.500e+01 ; 1.600e+00 ; 3.000e+00 ; 1.0351300e+02 ; 7.7377113e+01 
3.500e+01 ; 1.600e+00 ; 3.000e+00 ; 1.0400000e+02 ; 7.6943016e+01 
3.500e+01 ; 1.600e+00 ; 3.000e+00 ; 1.0400000e+02 ; 7.6943016e+01 
3.500e+01 ; 1.600e+00 ; 3.000e+00 ; 1.0400100e+02 ; 7.6942123e+01 
3.500e+01 ; 1.600e+00 ; 3.000e+00 ; 1.0400200e+02 ; 7.6941231e+01 
3.500e+01 ; 1.600e+00 ; 3.000e+00 ; 1.0400300e+02 ; 7.6940346e+01 
3.500e+01 ; 1.600e+00 ; 3.000e+00 ; 1.0400500e+02 ; 7.6938560e+01 
3.500e+01 ; 1.600e+00 ; 3.000e+00 ; 1.0400900e+02 ; 7.6934998e+01 
3.500e+01 ; 1.600e+00 ; 3.000e+00 ; 1.0401700e+02 ; 7.6927879e+01 
3.500e+01 ; 1.600e+00 ; 3.000e+00 ; 1.0403300e+02 ; 7.6913651e+01 
3.500e+01 ; 1.600e+00 ; 3.000e+00 ; 1.0406500e+02 ; 7.6885277e+01 
3.500e+01 ; 1.600e+00 ; 3.000e+00 ; 1.0412900e+02 ; 7.6828835e+01 
3.500e+01 ; 1.600e+00 ; 3.000e+00 ; 1.0425700e+02 ; 7.6717125e+01 
3.500e+01 ; 1.600e+00 ; 3.000e+00 ; 1.0451300e+02 ; 7.6498383e+01 
3.500e+01 ; 1.600e+00 ; 3.000e+00 ; 1.0500000e+02 ; 7.6098656e+01 
3.500e+01 ; 1.600e+00 ; 3.000e+00 ; 1.0500000e+02 ; 7.6098656e+01 
3.500e+01 ; 1.600e+00 ; 3.000e+00 ; 1.0500100e+02 ; 7.6097839e+01 
3.500e+01 ; 1.600e+00 ; 3.000e+00 ; 1.0500200e+02 ; 7.6097015e+01 
3.500e+01 ; 1.600e+00 ; 3.000e+00 ; 1.0500300e+02 ; 7.6096191e+01 
3.500e+01 ; 1.600e+00 ; 3.000e+00 ; 1.0500500e+02 ; 7.6094551e+01 
3.500e+01 ; 1.600e+00 ; 3.000e+00 ; 1.0500900e+02 ; 7.6091270e+01 
3.500e+01 ; 1.600e+00 ; 3.000e+00 ; 1.0501700e+02 ; 7.6084717e+01 
3.500e+01 ; 1.600e+00 ; 3.000e+00 ; 1.0503300e+02 ; 7.6071617e+01 
3.500e+01 ; 1.600e+00 ; 3.000e+00 ; 1.0506500e+02 ; 7.6045502e+01 
3.500e+01 ; 1.600e+00 ; 3.000e+00 ; 1.0512900e+02 ; 7.5993538e+01 
3.500e+01 ; 1.600e+00 ; 3.000e+00 ; 1.0525700e+02 ; 7.5890724e+01 
3.500e+01 ; 1.600e+00 ; 3.000e+00 ; 1.0551300e+02 ; 7.5689461e+01 
3.500e+01 ; 1.600e+00 ; 3.000e+00 ; 1.0600000e+02 ; 7.5321739e+01 
3.500e+01 ; 1.600e+00 ; 3.000e+00 ; 1.0600000e+02 ; 7.5321739e+01 
3.500e+01 ; 1.600e+00 ; 3.000e+00 ; 1.0601000e+02 ; 7.5314201e+01 
3.500e+01 ; 1.600e+00 ; 3.000e+00 ; 1.0602000e+02 ; 7.5306664e+01 
3.500e+01 ; 1.600e+00 ; 3.000e+00 ; 1.0603000e+02 ; 7.5299126e+01 
3.500e+01 ; 1.600e+00 ; 3.000e+00 ; 1.0605000e+02 ; 7.5284088e+01 
3.500e+01 ; 1.600e+00 ; 3.000e+00 ; 1.0609000e+02 ; 7.5254120e+01 
3.500e+01 ; 1.600e+00 ; 3.000e+00 ; 1.0617000e+02 ; 7.5194572e+01 
3.500e+01 ; 1.600e+00 ; 3.000e+00 ; 1.0633000e+02 ; 7.5077065e+01 
3.500e+01 ; 1.600e+00 ; 3.000e+00 ; 1.0665000e+02 ; 7.4848221e+01 
3.500e+01 ; 1.600e+00 ; 3.000e+00 ; 1.0729000e+02 ; 7.4413696e+01 
3.500e+01 ; 1.600e+00 ; 3.000e+00 ; 1.0825000e+02 ; 7.3809288e+01 
3.500e+01 ; 1.600e+00 ; 3.000e+00 ; 1.0969000e+02 ; 7.2995209e+01 
3.500e+01 ; 1.600e+00 ; 3.000e+00 ; 1.1100000e+02 ; 7.2321930e+01