X ; Y ; Z ; time ; Temperature 
3.500e+01 ; 8.000e-01 ; 4.200e+00 ; 0.0000000e+00 ; 2.7600000e+02 
3.500e+01 ; 8.000e-01 ; 4.200e+00 ; 1.0000000e-03 ; 2.7600000e+02 
3.500e+01 ; 8.000e-01 ; 4.200e+00 ; 2.0000001e-03 ; 2.7600000e+02 
3.500e+01 ; 8.000e-01 ; 4.200e+00 ; 3.0000000e-03 ; 2.7600000e+02 
3.500e+01 ; 8.000e-01 ; 4.200e+00 ; 4.9999999e-03 ; 2.7600000e+02 
3.500e+01 ; 8.000e-01 ; 4.200e+00 ; 8.9999996e-03 ; 2.7600000e+02 
3.500e+01 ; 8.000e-01 ; 4.200e+00 ; 1.7000001e-02 ; 2.7600000e+02 
3.500e+01 ; 8.000e-01 ; 4.200e+00 ; 3.3000000e-02 ; 2.7600000e+02 
3.500e+01 ; 8.000e-01 ; 4.200e+00 ; 6.4999998e-02 ; 2.7600000e+02 
3.500e+01 ; 8.000e-01 ; 4.200e+00 ; 1.2899999e-01 ; 2.7600000e+02 
3.500e+01 ; 8.000e-01 ; 4.200e+00 ; 2.5700000e-01 ; 2.7600000e+02 
3.500e+01 ; 8.000e-01 ; 4.200e+00 ; 5.1300001e-01 ; 2.7600000e+02 
3.500e+01 ; 8.000e-01 ; 4.200e+00 ; 1.0000000e+00 ; 2.7600000e+02 
3.500e+01 ; 8.000e-01 ; 4.200e+00 ; 1.0000000e+00 ; 2.7600000e+02 
3.500e+01 ; 8.000e-01 ; 4.200e+00 ; 1.0010000e+00 ; 2.7600000e+02 
3.500e+01 ; 8.000e-01 ; 4.200e+00 ; 1.0020000e+00 ; 2.7600000e+02 
3.500e+01 ; 8.000e-01 ; 4.200e+00 ; 1.0030000e+00 ; 2.7600000e+02 
3.500e+01 ; 8.000e-01 ; 4.200e+00 ; 1.0050000e+00 ; 2.7600000e+02 
3.500e+01 ; 8.000e-01 ; 4.200e+00 ; 1.0090000e+00 ; 2.7600000e+02 
3.500e+01 ; 8.000e-01 ; 4.200e+00 ; 1.0170000e+00 ; 2.7600000e+02 
3.500e+01 ; 8.000e-01 ; 4.200e+00 ; 1.0330000e+00 ; 2.7600000e+02 
3.500e+01 ; 8.000e-01 ; 4.200e+00 ; 1.0650000e+00 ; 2.7600000e+02 
3.500e+01 ; 8.000e-01 ; 4.200e+00 ; 1.1290000e+00 ; 2.7600000e+02 
3.500e+01 ; 8.000e-01 ; 4.200e+00 ; 1.2570000e+00 ; 2.7600000e+02 
3.500e+01 ; 8.000e-01 ; 4.200e+00 ; 1.5130000e+00 ; 2.7600000e+02 
3.500e+01 ; 8.000e-01 ; 4.200e+00 ; 2.0000000e+00 ; 2.7600000e+02 
3.500e+01 ; 8.000e-01 ; 4.200e+00 ; 2.0000000e+00 ; 2.7600000e+02 
3.500e+01 ; 8.000e-01 ; 4.200e+00 ; 2.0010000e+00 ; 2.7600000e+02 
3.500e+01 ; 8.000e-01 ; 4.200e+00 ; 2.0020000e+00 ; 2.7600000e+02 
3.500e+01 ; 8.000e-01 ; 4.200e+00 ; 2.0030000e+00 ; 2.7600000e+02 
3.500e+01 ; 8.000e-01 ; 4.200e+00 ; 2.0050000e+00 ; 2.7600000e+02 
3.500e+01 ; 8.000e-01 ; 4.200e+00 ; 2.0090000e+00 ; 2.7600000e+02 
3.500e+01 ; 8.000e-01 ; 4.200e+00 ; 2.0170000e+00 ; 2.7600000e+02 
3.500e+01 ; 8.000e-01 ; 4.200e+00 ; 2.0330000e+00 ; 2.7600000e+02 
3.500e+01 ; 8.000e-01 ; 4.200e+00 ; 2.0650000e+00 ; 2.7600000e+02 
3.500e+01 ; 8.000e-01 ; 4.200e+00 ; 2.1290000e+00 ; 2.7600000e+02 
3.500e+01 ; 8.000e-01 ; 4.200e+00 ; 2.2570000e+00 ; 2.7600000e+02 
3.500e+01 ; 8.000e-01 ; 4.200e+00 ; 2.5130000e+00 ; 2.7600000e+02 
3.500e+01 ; 8.000e-01 ; 4.200e+00 ; 3.0000000e+00 ; 2.7600000e+02 
3.500e+01 ; 8.000e-01 ; 4.200e+00 ; 3.0000000e+00 ; 2.7600000e+02 
3.500e+01 ; 8.000e-01 ; 4.200e+00 ; 3.0010000e+00 ; 2.7600000e+02 
3.500e+01 ; 8.000e-01 ; 4.200e+00 ; 3.0020000e+00 ; 2.7600000e+02 
3.500e+01 ; 8.000e-01 ; 4.200e+00 ; 3.0030000e+00 ; 2.7600000e+02 
3.500e+01 ; 8.000e-01 ; 4.200e+00 ; 3.0050000e+00 ; 2.7600000e+02 
3.500e+01 ; 8.000e-01 ; 4.200e+00 ; 3.0090000e+00 ; 2.7600000e+02 
3.500e+01 ; 8.000e-01 ; 4.200e+00 ; 3.0170000e+00 ; 2.7600000e+02 
3.500e+01 ; 8.000e-01 ; 4.200e+00 ; 3.0330000e+00 ; 2.7600000e+02 
3.500e+01 ; 8.000e-01 ; 4.200e+00 ; 3.0650000e+00 ; 2.7600000e+02 
3.500e+01 ; 8.000e-01 ; 4.200e+00 ; 3.1290000e+00 ; 2.7600000e+02 
3.500e+01 ; 8.000e-01 ; 4.200e+00 ; 3.2570000e+00 ; 2.7600000e+02 
3.500e+01 ; 8.000e-01 ; 4.200e+00 ; 3.5130000e+00 ; 2.7600000e+02 
3.500e+01 ; 8.000e-01 ; 4.200e+00 ; 4.0000000e+00 ; 2.7600000e+02 
3.500e+01 ; 8.000e-01 ; 4.200e+00 ; 4.0000000e+00 ; 2.7600000e+02 
3.500e+01 ; 8.000e-01 ; 4.200e+00 ; 4.0010000e+00 ; 2.7600000e+02 
3.500e+01 ; 8.000e-01 ; 4.200e+00 ; 4.0020000e+00 ; 2.7600000e+02 
3.500e+01 ; 8.000e-01 ; 4.200e+00 ; 4.0030000e+00 ; 2.7600000e+02 
3.500e+01 ; 8.000e-01 ; 4.200e+00 ; 4.0050000e+00 ; 2.7600000e+02 
3.500e+01 ; 8.000e-01 ; 4.200e+00 ; 4.0090000e+00 ; 2.7600000e+02 
3.500e+01 ; 8.000e-01 ; 4.200e+00 ; 4.0170000e+00 ; 2.7600000e+02 
3.500e+01 ; 8.000e-01 ; 4.200e+00 ; 4.0330000e+00 ; 2.7600000e+02 
3.500e+01 ; 8.000e-01 ; 4.200e+00 ; 4.0650000e+00 ; 2.7600000e+02 
3.500e+01 ; 8.000e-01 ; 4.200e+00 ; 4.1290000e+00 ; 2.7600000e+02 
3.500e+01 ; 8.000e-01 ; 4.200e+00 ; 4.2570000e+00 ; 2.7600000e+02 
3.500e+01 ; 8.000e-01 ; 4.200e+00 ; 4.5130000e+00 ; 2.7600000e+02 
3.500e+01 ; 8.000e-01 ; 4.200e+00 ; 5.0000000e+00 ; 2.7600000e+02 
3.500e+01 ; 8.000e-01 ; 4.200e+00 ; 5.0000000e+00 ; 2.7600000e+02 
3.500e+01 ; 8.000e-01 ; 4.200e+00 ; 5.0010000e+00 ; 2.7600000e+02 
3.500e+01 ; 8.000e-01 ; 4.200e+00 ; 5.0020000e+00 ; 2.7600000e+02 
3.500e+01 ; 8.000e-01 ; 4.200e+00 ; 5.0030000e+00 ; 2.7600000e+02 
3.500e+01 ; 8.000e-01 ; 4.200e+00 ; 5.0050000e+00 ; 2.7600000e+02 
3.500e+01 ; 8.000e-01 ; 4.200e+00 ; 5.0090000e+00 ; 2.7600000e+02 
3.500e+01 ; 8.000e-01 ; 4.200e+00 ; 5.0170000e+00 ; 2.7600000e+02 
3.500e+01 ; 8.000e-01 ; 4.200e+00 ; 5.0330000e+00 ; 2.7600000e+02 
3.500e+01 ; 8.000e-01 ; 4.200e+00 ; 5.0650000e+00 ; 2.7600000e+02 
3.500e+01 ; 8.000e-01 ; 4.200e+00 ; 5.1290000e+00 ; 2.7600000e+02 
3.500e+01 ; 8.000e-01 ; 4.200e+00 ; 5.2570000e+00 ; 2.7600000e+02 
3.500e+01 ; 8.000e-01 ; 4.200e+00 ; 5.5130000e+00 ; 2.7600000e+02 
3.500e+01 ; 8.000e-01 ; 4.200e+00 ; 6.0000000e+00 ; 2.7600000e+02 
3.500e+01 ; 8.000e-01 ; 4.200e+00 ; 6.0000000e+00 ; 2.7600000e+02 
3.500e+01 ; 8.000e-01 ; 4.200e+00 ; 6.0010000e+00 ; 2.7600000e+02 
3.500e+01 ; 8.000e-01 ; 4.200e+00 ; 6.0020000e+00 ; 2.7600000e+02 
3.500e+01 ; 8.000e-01 ; 4.200e+00 ; 6.0030000e+00 ; 2.7600000e+02 
3.500e+01 ; 8.000e-01 ; 4.200e+00 ; 6.0050000e+00 ; 2.7600000e+02 
3.500e+01 ; 8.000e-01 ; 4.200e+00 ; 6.0090000e+00 ; 2.7600000e+02 
3.500e+01 ; 8.000e-01 ; 4.200e+00 ; 6.0170000e+00 ; 2.7600000e+02 
3.500e+01 ; 8.000e-01 ; 4.200e+00 ; 6.0330000e+00 ; 2.7600000e+02 
3.500e+01 ; 8.000e-01 ; 4.200e+00 ; 6.0650000e+00 ; 2.7600000e+02 
3.500e+01 ; 8.000e-01 ; 4.200e+00 ; 6.1290000e+00 ; 2.7600000e+02 
3.500e+01 ; 8.000e-01 ; 4.200e+00 ; 6.2570000e+00 ; 2.7600000e+02 
3.500e+01 ; 8.000e-01 ; 4.200e+00 ; 6.5130000e+00 ; 2.7600000e+02 
3.500e+01 ; 8.000e-01 ; 4.200e+00 ; 7.0000000e+00 ; 2.7600000e+02 
3.500e+01 ; 8.000e-01 ; 4.200e+00 ; 7.0000000e+00 ; 2.7600000e+02 
3.500e+01 ; 8.000e-01 ; 4.200e+00 ; 7.0010000e+00 ; 2.7600000e+02 
3.500e+01 ; 8.000e-01 ; 4.200e+00 ; 7.0020000e+00 ; 2.7600000e+02 
3.500e+01 ; 8.000e-01 ; 4.200e+00 ; 7.0030000e+00 ; 2.7600000e+02 
3.500e+01 ; 8.000e-01 ; 4.200e+00 ; 7.0050000e+00 ; 2.7600000e+02 
3.500e+01 ; 8.000e-01 ; 4.200e+00 ; 7.0090000e+00 ; 2.7600000e+02 
3.500e+01 ; 8.000e-01 ; 4.200e+00 ; 7.0170000e+00 ; 2.7600000e+02 
3.500e+01 ; 8.000e-01 ; 4.200e+00 ; 7.0330000e+00 ; 2.7600000e+02 
3.500e+01 ; 8.000e-01 ; 4.200e+00 ; 7.0650000e+00 ; 2.7600000e+02 
3.500e+01 ; 8.000e-01 ; 4.200e+00 ; 7.1290000e+00 ; 2.7600000e+02 
3.500e+01 ; 8.000e-01 ; 4.200e+00 ; 7.2570000e+00 ; 2.7600000e+02 
3.500e+01 ; 8.000e-01 ; 4.200e+00 ; 7.5130000e+00 ; 2.7600000e+02 
3.500e+01 ; 8.000e-01 ; 4.200e+00 ; 8.0000000e+00 ; 2.7600000e+02 
3.500e+01 ; 8.000e-01 ; 4.200e+00 ; 8.0000000e+00 ; 2.7600000e+02 
3.500e+01 ; 8.000e-01 ; 4.200e+00 ; 8.0010000e+00 ; 2.7600000e+02 
3.500e+01 ; 8.000e-01 ; 4.200e+00 ; 8.0020000e+00 ; 2.7600000e+02 
3.500e+01 ; 8.000e-01 ; 4.200e+00 ; 8.0030000e+00 ; 2.7600000e+02 
3.500e+01 ; 8.000e-01 ; 4.200e+00 ; 8.0050000e+00 ; 2.7600000e+02 
3.500e+01 ; 8.000e-01 ; 4.200e+00 ; 8.0090000e+00 ; 2.7600000e+02 
3.500e+01 ; 8.000e-01 ; 4.200e+00 ; 8.0170000e+00 ; 2.7600000e+02 
3.500e+01 ; 8.000e-01 ; 4.200e+00 ; 8.0330000e+00 ; 2.7600000e+02 
3.500e+01 ; 8.000e-01 ; 4.200e+00 ; 8.0650000e+00 ; 2.7600000e+02 
3.500e+01 ; 8.000e-01 ; 4.200e+00 ; 8.1290000e+00 ; 2.7600000e+02 
3.500e+01 ; 8.000e-01 ; 4.200e+00 ; 8.2570000e+00 ; 2.7600000e+02 
3.500e+01 ; 8.000e-01 ; 4.200e+00 ; 8.5130000e+00 ; 2.7600000e+02 
3.500e+01 ; 8.000e-01 ; 4.200e+00 ; 9.0000000e+00 ; 2.7600000e+02 
3.500e+01 ; 8.000e-01 ; 4.200e+00 ; 9.0000000e+00 ; 2.7600000e+02 
3.500e+01 ; 8.000e-01 ; 4.200e+00 ; 9.0010000e+00 ; 2.7600000e+02 
3.500e+01 ; 8.000e-01 ; 4.200e+00 ; 9.0020000e+00 ; 2.7600000e+02 
3.500e+01 ; 8.000e-01 ; 4.200e+00 ; 9.0030000e+00 ; 2.7600000e+02 
3.500e+01 ; 8.000e-01 ; 4.200e+00 ; 9.0050000e+00 ; 2.7600000e+02 
3.500e+01 ; 8.000e-01 ; 4.200e+00 ; 9.0090000e+00 ; 2.7600000e+02 
3.500e+01 ; 8.000e-01 ; 4.200e+00 ; 9.0170000e+00 ; 2.7600000e+02 
3.500e+01 ; 8.000e-01 ; 4.200e+00 ; 9.0330000e+00 ; 2.7600000e+02 
3.500e+01 ; 8.000e-01 ; 4.200e+00 ; 9.0650000e+00 ; 2.7600000e+02 
3.500e+01 ; 8.000e-01 ; 4.200e+00 ; 9.1290000e+00 ; 2.7600000e+02 
3.500e+01 ; 8.000e-01 ; 4.200e+00 ; 9.2570000e+00 ; 2.7600000e+02 
3.500e+01 ; 8.000e-01 ; 4.200e+00 ; 9.5130000e+00 ; 2.7600000e+02 
3.500e+01 ; 8.000e-01 ; 4.200e+00 ; 1.0000000e+01 ; 2.7600000e+02 
3.500e+01 ; 8.000e-01 ; 4.200e+00 ; 1.0000000e+01 ; 2.7600000e+02 
3.500e+01 ; 8.000e-01 ; 4.200e+00 ; 1.0001000e+01 ; 2.7600000e+02 
3.500e+01 ; 8.000e-01 ; 4.200e+00 ; 1.0002000e+01 ; 2.7600000e+02 
3.500e+01 ; 8.000e-01 ; 4.200e+00 ; 1.0003000e+01 ; 2.7600000e+02 
3.500e+01 ; 8.000e-01 ; 4.200e+00 ; 1.0005000e+01 ; 2.7600000e+02 
3.500e+01 ; 8.000e-01 ; 4.200e+00 ; 1.0009000e+01 ; 2.7600000e+02 
3.500e+01 ; 8.000e-01 ; 4.200e+00 ; 1.0017000e+01 ; 2.7600000e+02 
3.500e+01 ; 8.000e-01 ; 4.200e+00 ; 1.0033000e+01 ; 2.7600000e+02 
3.500e+01 ; 8.000e-01 ; 4.200e+00 ; 1.0065000e+01 ; 2.7600000e+02 
3.500e+01 ; 8.000e-01 ; 4.200e+00 ; 1.0129000e+01 ; 2.7600000e+02 
3.500e+01 ; 8.000e-01 ; 4.200e+00 ; 1.0257000e+01 ; 2.7600000e+02 
3.500e+01 ; 8.000e-01 ; 4.200e+00 ; 1.0513000e+01 ; 2.7600000e+02 
3.500e+01 ; 8.000e-01 ; 4.200e+00 ; 1.1000000e+01 ; 2.7600000e+02 
3.500e+01 ; 8.000e-01 ; 4.200e+00 ; 1.1000000e+01 ; 2.7600000e+02 
3.500e+01 ; 8.000e-01 ; 4.200e+00 ; 1.1001000e+01 ; 2.7600000e+02 
3.500e+01 ; 8.000e-01 ; 4.200e+00 ; 1.1002000e+01 ; 2.7600000e+02 
3.500e+01 ; 8.000e-01 ; 4.200e+00 ; 1.1003000e+01 ; 2.7600000e+02 
3.500e+01 ; 8.000e-01 ; 4.200e+00 ; 1.1005000e+01 ; 2.7600000e+02 
3.500e+01 ; 8.000e-01 ; 4.200e+00 ; 1.1009000e+01 ; 2.7600000e+02 
3.500e+01 ; 8.000e-01 ; 4.200e+00 ; 1.1017000e+01 ; 2.7600000e+02 
3.500e+01 ; 8.000e-01 ; 4.200e+00 ; 1.1033000e+01 ; 2.7600000e+02 
3.500e+01 ; 8.000e-01 ; 4.200e+00 ; 1.1065000e+01 ; 2.7600000e+02 
3.500e+01 ; 8.000e-01 ; 4.200e+00 ; 1.1129000e+01 ; 2.7600000e+02 
3.500e+01 ; 8.000e-01 ; 4.200e+00 ; 1.1257000e+01 ; 2.7600000e+02 
3.500e+01 ; 8.000e-01 ; 4.200e+00 ; 1.1513000e+01 ; 2.7600000e+02 
3.500e+01 ; 8.000e-01 ; 4.200e+00 ; 1.2000000e+01 ; 2.7600000e+02 
3.500e+01 ; 8.000e-01 ; 4.200e+00 ; 1.2000000e+01 ; 2.7600000e+02 
3.500e+01 ; 8.000e-01 ; 4.200e+00 ; 1.2001000e+01 ; 2.7600000e+02 
3.500e+01 ; 8.000e-01 ; 4.200e+00 ; 1.2002000e+01 ; 2.7600000e+02 
3.500e+01 ; 8.000e-01 ; 4.200e+00 ; 1.2003000e+01 ; 2.7600000e+02 
3.500e+01 ; 8.000e-01 ; 4.200e+00 ; 1.2005000e+01 ; 2.7600000e+02 
3.500e+01 ; 8.000e-01 ; 4.200e+00 ; 1.2009000e+01 ; 2.7600000e+02 
3.500e+01 ; 8.000e-01 ; 4.200e+00 ; 1.2017000e+01 ; 2.7600000e+02 
3.500e+01 ; 8.000e-01 ; 4.200e+00 ; 1.2033000e+01 ; 2.7600000e+02 
3.500e+01 ; 8.000e-01 ; 4.200e+00 ; 1.2065000e+01 ; 2.7600000e+02 
3.500e+01 ; 8.000e-01 ; 4.200e+00 ; 1.2129000e+01 ; 2.7600000e+02 
3.500e+01 ; 8.000e-01 ; 4.200e+00 ; 1.2257000e+01 ; 2.7600000e+02 
3.500e+01 ; 8.000e-01 ; 4.200e+00 ; 1.2513000e+01 ; 2.7600000e+02 
3.500e+01 ; 8.000e-01 ; 4.200e+00 ; 1.3000000e+01 ; 2.7600000e+02 
3.500e+01 ; 8.000e-01 ; 4.200e+00 ; 1.3000000e+01 ; 2.7600000e+02 
3.500e+01 ; 8.000e-01 ; 4.200e+00 ; 1.3001000e+01 ; 2.7600000e+02 
3.500e+01 ; 8.000e-01 ; 4.200e+00 ; 1.3002000e+01 ; 2.7600000e+02 
3.500e+01 ; 8.000e-01 ; 4.200e+00 ; 1.3003000e+01 ; 2.7600000e+02 
3.500e+01 ; 8.000e-01 ; 4.200e+00 ; 1.3005000e+01 ; 2.7600000e+02 
3.500e+01 ; 8.000e-01 ; 4.200e+00 ; 1.3009000e+01 ; 2.7600000e+02 
3.500e+01 ; 8.000e-01 ; 4.200e+00 ; 1.3017000e+01 ; 2.7600000e+02 
3.500e+01 ; 8.000e-01 ; 4.200e+00 ; 1.3033000e+01 ; 2.7600000e+02 
3.500e+01 ; 8.000e-01 ; 4.200e+00 ; 1.3065000e+01 ; 2.7600000e+02 
3.500e+01 ; 8.000e-01 ; 4.200e+00 ; 1.3129000e+01 ; 2.7600000e+02 
3.500e+01 ; 8.000e-01 ; 4.200e+00 ; 1.3257000e+01 ; 2.7600000e+02 
3.500e+01 ; 8.000e-01 ; 4.200e+00 ; 1.3513000e+01 ; 2.7600000e+02 
3.500e+01 ; 8.000e-01 ; 4.200e+00 ; 1.4000000e+01 ; 2.7600000e+02 
3.500e+01 ; 8.000e-01 ; 4.200e+00 ; 1.4000000e+01 ; 2.7600000e+02 
3.500e+01 ; 8.000e-01 ; 4.200e+00 ; 1.4001000e+01 ; 2.7600000e+02 
3.500e+01 ; 8.000e-01 ; 4.200e+00 ; 1.4002000e+01 ; 2.7600000e+02 
3.500e+01 ; 8.000e-01 ; 4.200e+00 ; 1.4003000e+01 ; 2.7600000e+02 
3.500e+01 ; 8.000e-01 ; 4.200e+00 ; 1.4005000e+01 ; 2.7600000e+02 
3.500e+01 ; 8.000e-01 ; 4.200e+00 ; 1.4009000e+01 ; 2.7600000e+02 
3.500e+01 ; 8.000e-01 ; 4.200e+00 ; 1.4017000e+01 ; 2.7600000e+02 
3.500e+01 ; 8.000e-01 ; 4.200e+00 ; 1.4033000e+01 ; 2.7600000e+02 
3.500e+01 ; 8.000e-01 ; 4.200e+00 ; 1.4065000e+01 ; 2.7600000e+02 
3.500e+01 ; 8.000e-01 ; 4.200e+00 ; 1.4129000e+01 ; 2.7600000e+02 
3.500e+01 ; 8.000e-01 ; 4.200e+00 ; 1.4257000e+01 ; 2.7600000e+02 
3.500e+01 ; 8.000e-01 ; 4.200e+00 ; 1.4513000e+01 ; 2.7600000e+02 
3.500e+01 ; 8.000e-01 ; 4.200e+00 ; 1.5000000e+01 ; 2.7600000e+02 
3.500e+01 ; 8.000e-01 ; 4.200e+00 ; 1.5000000e+01 ; 2.7600000e+02 
3.500e+01 ; 8.000e-01 ; 4.200e+00 ; 1.5001000e+01 ; 2.7600000e+02 
3.500e+01 ; 8.000e-01 ; 4.200e+00 ; 1.5002000e+01 ; 2.7600000e+02 
3.500e+01 ; 8.000e-01 ; 4.200e+00 ; 1.5003000e+01 ; 2.7600000e+02 
3.500e+01 ; 8.000e-01 ; 4.200e+00 ; 1.5005000e+01 ; 2.7600000e+02 
3.500e+01 ; 8.000e-01 ; 4.200e+00 ; 1.5009000e+01 ; 2.7600000e+02 
3.500e+01 ; 8.000e-01 ; 4.200e+00 ; 1.5017000e+01 ; 2.7600000e+02 
3.500e+01 ; 8.000e-01 ; 4.200e+00 ; 1.5033000e+01 ; 2.7600000e+02 
3.500e+01 ; 8.000e-01 ; 4.200e+00 ; 1.5065000e+01 ; 2.7600000e+02 
3.500e+01 ; 8.000e-01 ; 4.200e+00 ; 1.5129000e+01 ; 2.7600000e+02 
3.500e+01 ; 8.000e-01 ; 4.200e+00 ; 1.5257000e+01 ; 2.7600000e+02 
3.500e+01 ; 8.000e-01 ; 4.200e+00 ; 1.5513000e+01 ; 2.7600000e+02 
3.500e+01 ; 8.000e-01 ; 4.200e+00 ; 1.6000000e+01 ; 2.7600000e+02 
3.500e+01 ; 8.000e-01 ; 4.200e+00 ; 1.6000000e+01 ; 2.7600000e+02 
3.500e+01 ; 8.000e-01 ; 4.200e+00 ; 1.6001000e+01 ; 2.7600000e+02 
3.500e+01 ; 8.000e-01 ; 4.200e+00 ; 1.6002000e+01 ; 2.7600000e+02 
3.500e+01 ; 8.000e-01 ; 4.200e+00 ; 1.6003000e+01 ; 2.7600000e+02 
3.500e+01 ; 8.000e-01 ; 4.200e+00 ; 1.6005000e+01 ; 2.7600000e+02 
3.500e+01 ; 8.000e-01 ; 4.200e+00 ; 1.6009000e+01 ; 2.7600000e+02 
3.500e+01 ; 8.000e-01 ; 4.200e+00 ; 1.6017000e+01 ; 2.7600000e+02 
3.500e+01 ; 8.000e-01 ; 4.200e+00 ; 1.6033000e+01 ; 2.7600000e+02 
3.500e+01 ; 8.000e-01 ; 4.200e+00 ; 1.6065000e+01 ; 2.7600000e+02 
3.500e+01 ; 8.000e-01 ; 4.200e+00 ; 1.6129000e+01 ; 2.7600000e+02 
3.500e+01 ; 8.000e-01 ; 4.200e+00 ; 1.6257000e+01 ; 2.7600000e+02 
3.500e+01 ; 8.000e-01 ; 4.200e+00 ; 1.6513000e+01 ; 2.7600000e+02 
3.500e+01 ; 8.000e-01 ; 4.200e+00 ; 1.7000000e+01 ; 2.7600000e+02 
3.500e+01 ; 8.000e-01 ; 4.200e+00 ; 1.7000000e+01 ; 2.7600000e+02 
3.500e+01 ; 8.000e-01 ; 4.200e+00 ; 1.7001000e+01 ; 2.7600000e+02 
3.500e+01 ; 8.000e-01 ; 4.200e+00 ; 1.7002000e+01 ; 2.7600000e+02 
3.500e+01 ; 8.000e-01 ; 4.200e+00 ; 1.7003000e+01 ; 2.7600000e+02 
3.500e+01 ; 8.000e-01 ; 4.200e+00 ; 1.7005000e+01 ; 2.7600000e+02 
3.500e+01 ; 8.000e-01 ; 4.200e+00 ; 1.7009000e+01 ; 2.7600000e+02 
3.500e+01 ; 8.000e-01 ; 4.200e+00 ; 1.7017000e+01 ; 2.7600000e+02 
3.500e+01 ; 8.000e-01 ; 4.200e+00 ; 1.7033000e+01 ; 2.7600000e+02 
3.500e+01 ; 8.000e-01 ; 4.200e+00 ; 1.7065000e+01 ; 2.7600000e+02 
3.500e+01 ; 8.000e-01 ; 4.200e+00 ; 1.7129000e+01 ; 2.7600000e+02 
3.500e+01 ; 8.000e-01 ; 4.200e+00 ; 1.7257000e+01 ; 2.7600000e+02 
3.500e+01 ; 8.000e-01 ; 4.200e+00 ; 1.7513000e+01 ; 2.7600000e+02 
3.500e+01 ; 8.000e-01 ; 4.200e+00 ; 1.8000000e+01 ; 2.7600000e+02 
3.500e+01 ; 8.000e-01 ; 4.200e+00 ; 1.8000000e+01 ; 2.7600000e+02 
3.500e+01 ; 8.000e-01 ; 4.200e+00 ; 1.8001000e+01 ; 2.7600000e+02 
3.500e+01 ; 8.000e-01 ; 4.200e+00 ; 1.8002000e+01 ; 2.7600000e+02 
3.500e+01 ; 8.000e-01 ; 4.200e+00 ; 1.8003000e+01 ; 2.7600000e+02 
3.500e+01 ; 8.000e-01 ; 4.200e+00 ; 1.8005000e+01 ; 2.7600000e+02 
3.500e+01 ; 8.000e-01 ; 4.200e+00 ; 1.8009000e+01 ; 2.7600000e+02 
3.500e+01 ; 8.000e-01 ; 4.200e+00 ; 1.8017000e+01 ; 2.7600000e+02 
3.500e+01 ; 8.000e-01 ; 4.200e+00 ; 1.8033000e+01 ; 2.7600000e+02 
3.500e+01 ; 8.000e-01 ; 4.200e+00 ; 1.8065000e+01 ; 2.7600000e+02 
3.500e+01 ; 8.000e-01 ; 4.200e+00 ; 1.8129000e+01 ; 2.7600000e+02 
3.500e+01 ; 8.000e-01 ; 4.200e+00 ; 1.8257000e+01 ; 2.7600000e+02 
3.500e+01 ; 8.000e-01 ; 4.200e+00 ; 1.8513000e+01 ; 2.7600000e+02 
3.500e+01 ; 8.000e-01 ; 4.200e+00 ; 1.9000000e+01 ; 2.7600000e+02 
3.500e+01 ; 8.000e-01 ; 4.200e+00 ; 1.9000000e+01 ; 2.7600000e+02 
3.500e+01 ; 8.000e-01 ; 4.200e+00 ; 1.9001000e+01 ; 2.7600000e+02 
3.500e+01 ; 8.000e-01 ; 4.200e+00 ; 1.9002000e+01 ; 2.7600000e+02 
3.500e+01 ; 8.000e-01 ; 4.200e+00 ; 1.9003000e+01 ; 2.7600000e+02 
3.500e+01 ; 8.000e-01 ; 4.200e+00 ; 1.9005000e+01 ; 2.7600000e+02 
3.500e+01 ; 8.000e-01 ; 4.200e+00 ; 1.9009000e+01 ; 2.7600000e+02 
3.500e+01 ; 8.000e-01 ; 4.200e+00 ; 1.9017000e+01 ; 2.7600000e+02 
3.500e+01 ; 8.000e-01 ; 4.200e+00 ; 1.9033000e+01 ; 2.7600000e+02 
3.500e+01 ; 8.000e-01 ; 4.200e+00 ; 1.9065000e+01 ; 2.7600000e+02 
3.500e+01 ; 8.000e-01 ; 4.200e+00 ; 1.9129000e+01 ; 2.7600000e+02 
3.500e+01 ; 8.000e-01 ; 4.200e+00 ; 1.9257000e+01 ; 2.7600000e+02 
3.500e+01 ; 8.000e-01 ; 4.200e+00 ; 1.9513000e+01 ; 2.7600000e+02 
3.500e+01 ; 8.000e-01 ; 4.200e+00 ; 2.0000000e+01 ; 2.7600000e+02 
3.500e+01 ; 8.000e-01 ; 4.200e+00 ; 2.0000000e+01 ; 2.7600000e+02 
3.500e+01 ; 8.000e-01 ; 4.200e+00 ; 2.0001000e+01 ; 2.7600000e+02 
3.500e+01 ; 8.000e-01 ; 4.200e+00 ; 2.0002000e+01 ; 2.7600000e+02 
3.500e+01 ; 8.000e-01 ; 4.200e+00 ; 2.0003000e+01 ; 2.7600000e+02 
3.500e+01 ; 8.000e-01 ; 4.200e+00 ; 2.0005000e+01 ; 2.7600000e+02 
3.500e+01 ; 8.000e-01 ; 4.200e+00 ; 2.0009000e+01 ; 2.7600000e+02 
3.500e+01 ; 8.000e-01 ; 4.200e+00 ; 2.0017000e+01 ; 2.7600000e+02 
3.500e+01 ; 8.000e-01 ; 4.200e+00 ; 2.0033000e+01 ; 2.7600000e+02 
3.500e+01 ; 8.000e-01 ; 4.200e+00 ; 2.0065000e+01 ; 2.7600000e+02 
3.500e+01 ; 8.000e-01 ; 4.200e+00 ; 2.0129000e+01 ; 2.7600000e+02 
3.500e+01 ; 8.000e-01 ; 4.200e+00 ; 2.0257000e+01 ; 2.7600000e+02 
3.500e+01 ; 8.000e-01 ; 4.200e+00 ; 2.0513000e+01 ; 2.7600000e+02 
3.500e+01 ; 8.000e-01 ; 4.200e+00 ; 2.1000000e+01 ; 2.7600000e+02 
3.500e+01 ; 8.000e-01 ; 4.200e+00 ; 2.1000000e+01 ; 2.7600000e+02 
3.500e+01 ; 8.000e-01 ; 4.200e+00 ; 2.1001000e+01 ; 2.7600000e+02 
3.500e+01 ; 8.000e-01 ; 4.200e+00 ; 2.1002000e+01 ; 2.7600000e+02 
3.500e+01 ; 8.000e-01 ; 4.200e+00 ; 2.1003000e+01 ; 2.7600000e+02 
3.500e+01 ; 8.000e-01 ; 4.200e+00 ; 2.1005000e+01 ; 2.7600000e+02 
3.500e+01 ; 8.000e-01 ; 4.200e+00 ; 2.1009000e+01 ; 2.7600000e+02 
3.500e+01 ; 8.000e-01 ; 4.200e+00 ; 2.1017000e+01 ; 2.7600000e+02 
3.500e+01 ; 8.000e-01 ; 4.200e+00 ; 2.1033000e+01 ; 2.7600000e+02 
3.500e+01 ; 8.000e-01 ; 4.200e+00 ; 2.1065000e+01 ; 2.7600000e+02 
3.500e+01 ; 8.000e-01 ; 4.200e+00 ; 2.1129000e+01 ; 2.7600000e+02 
3.500e+01 ; 8.000e-01 ; 4.200e+00 ; 2.1257000e+01 ; 2.7600000e+02 
3.500e+01 ; 8.000e-01 ; 4.200e+00 ; 2.1513000e+01 ; 2.7600000e+02 
3.500e+01 ; 8.000e-01 ; 4.200e+00 ; 2.2000000e+01 ; 2.7600000e+02 
3.500e+01 ; 8.000e-01 ; 4.200e+00 ; 2.2000000e+01 ; 2.7600000e+02 
3.500e+01 ; 8.000e-01 ; 4.200e+00 ; 2.2001000e+01 ; 2.7600000e+02 
3.500e+01 ; 8.000e-01 ; 4.200e+00 ; 2.2002000e+01 ; 2.7600000e+02 
3.500e+01 ; 8.000e-01 ; 4.200e+00 ; 2.2003000e+01 ; 2.7600000e+02 
3.500e+01 ; 8.000e-01 ; 4.200e+00 ; 2.2005000e+01 ; 2.7600000e+02 
3.500e+01 ; 8.000e-01 ; 4.200e+00 ; 2.2009000e+01 ; 2.7600000e+02 
3.500e+01 ; 8.000e-01 ; 4.200e+00 ; 2.2017000e+01 ; 2.7600000e+02 
3.500e+01 ; 8.000e-01 ; 4.200e+00 ; 2.2033000e+01 ; 2.7600000e+02 
3.500e+01 ; 8.000e-01 ; 4.200e+00 ; 2.2065000e+01 ; 2.7600000e+02 
3.500e+01 ; 8.000e-01 ; 4.200e+00 ; 2.2129000e+01 ; 2.7600000e+02 
3.500e+01 ; 8.000e-01 ; 4.200e+00 ; 2.2257000e+01 ; 2.7600000e+02 
3.500e+01 ; 8.000e-01 ; 4.200e+00 ; 2.2513000e+01 ; 2.7600000e+02 
3.500e+01 ; 8.000e-01 ; 4.200e+00 ; 2.3000000e+01 ; 2.7600000e+02 
3.500e+01 ; 8.000e-01 ; 4.200e+00 ; 2.3000000e+01 ; 2.7600000e+02 
3.500e+01 ; 8.000e-01 ; 4.200e+00 ; 2.3001000e+01 ; 2.7600000e+02 
3.500e+01 ; 8.000e-01 ; 4.200e+00 ; 2.3002000e+01 ; 2.7600000e+02 
3.500e+01 ; 8.000e-01 ; 4.200e+00 ; 2.3003000e+01 ; 2.7600000e+02 
3.500e+01 ; 8.000e-01 ; 4.200e+00 ; 2.3005000e+01 ; 2.7600000e+02 
3.500e+01 ; 8.000e-01 ; 4.200e+00 ; 2.3009000e+01 ; 2.7600000e+02 
3.500e+01 ; 8.000e-01 ; 4.200e+00 ; 2.3017000e+01 ; 2.7600000e+02 
3.500e+01 ; 8.000e-01 ; 4.200e+00 ; 2.3033000e+01 ; 2.7600000e+02 
3.500e+01 ; 8.000e-01 ; 4.200e+00 ; 2.3065000e+01 ; 2.7600000e+02 
3.500e+01 ; 8.000e-01 ; 4.200e+00 ; 2.3129000e+01 ; 2.7600000e+02 
3.500e+01 ; 8.000e-01 ; 4.200e+00 ; 2.3257000e+01 ; 2.7600000e+02 
3.500e+01 ; 8.000e-01 ; 4.200e+00 ; 2.3513000e+01 ; 2.7600000e+02 
3.500e+01 ; 8.000e-01 ; 4.200e+00 ; 2.4000000e+01 ; 2.7600000e+02 
3.500e+01 ; 8.000e-01 ; 4.200e+00 ; 2.4000000e+01 ; 2.7600000e+02 
3.500e+01 ; 8.000e-01 ; 4.200e+00 ; 2.4001000e+01 ; 2.7600000e+02 
3.500e+01 ; 8.000e-01 ; 4.200e+00 ; 2.4002000e+01 ; 2.7600000e+02 
3.500e+01 ; 8.000e-01 ; 4.200e+00 ; 2.4003000e+01 ; 2.7600000e+02 
3.500e+01 ; 8.000e-01 ; 4.200e+00 ; 2.4005000e+01 ; 2.7600000e+02 
3.500e+01 ; 8.000e-01 ; 4.200e+00 ; 2.4009000e+01 ; 2.7600000e+02 
3.500e+01 ; 8.000e-01 ; 4.200e+00 ; 2.4017000e+01 ; 2.7600000e+02 
3.500e+01 ; 8.000e-01 ; 4.200e+00 ; 2.4033000e+01 ; 2.7600000e+02 
3.500e+01 ; 8.000e-01 ; 4.200e+00 ; 2.4065000e+01 ; 2.7600000e+02 
3.500e+01 ; 8.000e-01 ; 4.200e+00 ; 2.4129000e+01 ; 2.7600000e+02 
3.500e+01 ; 8.000e-01 ; 4.200e+00 ; 2.4257000e+01 ; 2.7600000e+02 
3.500e+01 ; 8.000e-01 ; 4.200e+00 ; 2.4513000e+01 ; 2.7600000e+02 
3.500e+01 ; 8.000e-01 ; 4.200e+00 ; 2.5000000e+01 ; 2.7600000e+02 
3.500e+01 ; 8.000e-01 ; 4.200e+00 ; 2.5000000e+01 ; 2.7600000e+02 
3.500e+01 ; 8.000e-01 ; 4.200e+00 ; 2.5001000e+01 ; 2.7600000e+02 
3.500e+01 ; 8.000e-01 ; 4.200e+00 ; 2.5002000e+01 ; 2.7600000e+02 
3.500e+01 ; 8.000e-01 ; 4.200e+00 ; 2.5003000e+01 ; 2.7600000e+02 
3.500e+01 ; 8.000e-01 ; 4.200e+00 ; 2.5005000e+01 ; 2.7600000e+02 
3.500e+01 ; 8.000e-01 ; 4.200e+00 ; 2.5009000e+01 ; 2.7600000e+02 
3.500e+01 ; 8.000e-01 ; 4.200e+00 ; 2.5017000e+01 ; 2.7600000e+02 
3.500e+01 ; 8.000e-01 ; 4.200e+00 ; 2.5033000e+01 ; 2.7600000e+02 
3.500e+01 ; 8.000e-01 ; 4.200e+00 ; 2.5065000e+01 ; 2.7600000e+02 
3.500e+01 ; 8.000e-01 ; 4.200e+00 ; 2.5129000e+01 ; 2.7600000e+02 
3.500e+01 ; 8.000e-01 ; 4.200e+00 ; 2.5257000e+01 ; 2.7600000e+02 
3.500e+01 ; 8.000e-01 ; 4.200e+00 ; 2.5513000e+01 ; 2.7600000e+02 
3.500e+01 ; 8.000e-01 ; 4.200e+00 ; 2.6000000e+01 ; 2.7600000e+02 
3.500e+01 ; 8.000e-01 ; 4.200e+00 ; 2.6000000e+01 ; 2.7600000e+02 
3.500e+01 ; 8.000e-01 ; 4.200e+00 ; 2.6001000e+01 ; 2.7600000e+02 
3.500e+01 ; 8.000e-01 ; 4.200e+00 ; 2.6002000e+01 ; 2.7600000e+02 
3.500e+01 ; 8.000e-01 ; 4.200e+00 ; 2.6003000e+01 ; 2.7600000e+02 
3.500e+01 ; 8.000e-01 ; 4.200e+00 ; 2.6005000e+01 ; 2.7600000e+02 
3.500e+01 ; 8.000e-01 ; 4.200e+00 ; 2.6009000e+01 ; 2.7600000e+02 
3.500e+01 ; 8.000e-01 ; 4.200e+00 ; 2.6017000e+01 ; 2.7600000e+02 
3.500e+01 ; 8.000e-01 ; 4.200e+00 ; 2.6033000e+01 ; 2.7600000e+02 
3.500e+01 ; 8.000e-01 ; 4.200e+00 ; 2.6065000e+01 ; 2.7600000e+02 
3.500e+01 ; 8.000e-01 ; 4.200e+00 ; 2.6129000e+01 ; 2.7600000e+02 
3.500e+01 ; 8.000e-01 ; 4.200e+00 ; 2.6257000e+01 ; 2.7600000e+02 
3.500e+01 ; 8.000e-01 ; 4.200e+00 ; 2.6513000e+01 ; 2.7600000e+02 
3.500e+01 ; 8.000e-01 ; 4.200e+00 ; 2.7000000e+01 ; 2.7600000e+02 
3.500e+01 ; 8.000e-01 ; 4.200e+00 ; 2.7000000e+01 ; 2.7600000e+02 
3.500e+01 ; 8.000e-01 ; 4.200e+00 ; 2.7001000e+01 ; 2.7600000e+02 
3.500e+01 ; 8.000e-01 ; 4.200e+00 ; 2.7002000e+01 ; 2.7600000e+02 
3.500e+01 ; 8.000e-01 ; 4.200e+00 ; 2.7003000e+01 ; 2.7600000e+02 
3.500e+01 ; 8.000e-01 ; 4.200e+00 ; 2.7005000e+01 ; 2.7600000e+02 
3.500e+01 ; 8.000e-01 ; 4.200e+00 ; 2.7009000e+01 ; 2.7600000e+02 
3.500e+01 ; 8.000e-01 ; 4.200e+00 ; 2.7017000e+01 ; 2.7600000e+02 
3.500e+01 ; 8.000e-01 ; 4.200e+00 ; 2.7033000e+01 ; 2.7600000e+02 
3.500e+01 ; 8.000e-01 ; 4.200e+00 ; 2.7065000e+01 ; 2.7600000e+02 
3.500e+01 ; 8.000e-01 ; 4.200e+00 ; 2.7129000e+01 ; 2.7600000e+02 
3.500e+01 ; 8.000e-01 ; 4.200e+00 ; 2.7257000e+01 ; 2.7600000e+02 
3.500e+01 ; 8.000e-01 ; 4.200e+00 ; 2.7513000e+01 ; 2.7600000e+02 
3.500e+01 ; 8.000e-01 ; 4.200e+00 ; 2.8000000e+01 ; 2.7600000e+02 
3.500e+01 ; 8.000e-01 ; 4.200e+00 ; 2.8000000e+01 ; 2.7600000e+02 
3.500e+01 ; 8.000e-01 ; 4.200e+00 ; 2.8001000e+01 ; 2.7600000e+02 
3.500e+01 ; 8.000e-01 ; 4.200e+00 ; 2.8002000e+01 ; 2.7600000e+02 
3.500e+01 ; 8.000e-01 ; 4.200e+00 ; 2.8003000e+01 ; 2.7600000e+02 
3.500e+01 ; 8.000e-01 ; 4.200e+00 ; 2.8005000e+01 ; 2.7600000e+02 
3.500e+01 ; 8.000e-01 ; 4.200e+00 ; 2.8009000e+01 ; 2.7600000e+02 
3.500e+01 ; 8.000e-01 ; 4.200e+00 ; 2.8017000e+01 ; 2.7600000e+02 
3.500e+01 ; 8.000e-01 ; 4.200e+00 ; 2.8033000e+01 ; 2.7600000e+02 
3.500e+01 ; 8.000e-01 ; 4.200e+00 ; 2.8065000e+01 ; 2.7600000e+02 
3.500e+01 ; 8.000e-01 ; 4.200e+00 ; 2.8129000e+01 ; 2.7600000e+02 
3.500e+01 ; 8.000e-01 ; 4.200e+00 ; 2.8257000e+01 ; 2.7600000e+02 
3.500e+01 ; 8.000e-01 ; 4.200e+00 ; 2.8513000e+01 ; 2.7600000e+02 
3.500e+01 ; 8.000e-01 ; 4.200e+00 ; 2.9000000e+01 ; 2.7600000e+02 
3.500e+01 ; 8.000e-01 ; 4.200e+00 ; 2.9000000e+01 ; 2.7600000e+02 
3.500e+01 ; 8.000e-01 ; 4.200e+00 ; 2.9001000e+01 ; 2.7600000e+02 
3.500e+01 ; 8.000e-01 ; 4.200e+00 ; 2.9002000e+01 ; 2.7600000e+02 
3.500e+01 ; 8.000e-01 ; 4.200e+00 ; 2.9003000e+01 ; 2.7600000e+02 
3.500e+01 ; 8.000e-01 ; 4.200e+00 ; 2.9005000e+01 ; 2.7600000e+02 
3.500e+01 ; 8.000e-01 ; 4.200e+00 ; 2.9009000e+01 ; 2.7600000e+02 
3.500e+01 ; 8.000e-01 ; 4.200e+00 ; 2.9017000e+01 ; 2.7600000e+02 
3.500e+01 ; 8.000e-01 ; 4.200e+00 ; 2.9033000e+01 ; 2.7600000e+02 
3.500e+01 ; 8.000e-01 ; 4.200e+00 ; 2.9065000e+01 ; 2.7600000e+02 
3.500e+01 ; 8.000e-01 ; 4.200e+00 ; 2.9129000e+01 ; 2.7600000e+02 
3.500e+01 ; 8.000e-01 ; 4.200e+00 ; 2.9257000e+01 ; 2.7600000e+02 
3.500e+01 ; 8.000e-01 ; 4.200e+00 ; 2.9513000e+01 ; 2.7600000e+02 
3.500e+01 ; 8.000e-01 ; 4.200e+00 ; 3.0000000e+01 ; 2.7600000e+02 
3.500e+01 ; 8.000e-01 ; 4.200e+00 ; 3.0000000e+01 ; 2.7600000e+02 
3.500e+01 ; 8.000e-01 ; 4.200e+00 ; 3.0001000e+01 ; 2.7600000e+02 
3.500e+01 ; 8.000e-01 ; 4.200e+00 ; 3.0002000e+01 ; 2.7600000e+02 
3.500e+01 ; 8.000e-01 ; 4.200e+00 ; 3.0003000e+01 ; 2.7600000e+02 
3.500e+01 ; 8.000e-01 ; 4.200e+00 ; 3.0005000e+01 ; 2.7600000e+02 
3.500e+01 ; 8.000e-01 ; 4.200e+00 ; 3.0009000e+01 ; 2.7600000e+02 
3.500e+01 ; 8.000e-01 ; 4.200e+00 ; 3.0017000e+01 ; 2.7600000e+02 
3.500e+01 ; 8.000e-01 ; 4.200e+00 ; 3.0033000e+01 ; 2.7600000e+02 
3.500e+01 ; 8.000e-01 ; 4.200e+00 ; 3.0065000e+01 ; 2.7600000e+02 
3.500e+01 ; 8.000e-01 ; 4.200e+00 ; 3.0129000e+01 ; 2.7600000e+02 
3.500e+01 ; 8.000e-01 ; 4.200e+00 ; 3.0257000e+01 ; 2.7600000e+02 
3.500e+01 ; 8.000e-01 ; 4.200e+00 ; 3.0513000e+01 ; 2.7600000e+02 
3.500e+01 ; 8.000e-01 ; 4.200e+00 ; 3.1000000e+01 ; 2.7600000e+02 
3.500e+01 ; 8.000e-01 ; 4.200e+00 ; 3.1000000e+01 ; 2.7600000e+02 
3.500e+01 ; 8.000e-01 ; 4.200e+00 ; 3.1001000e+01 ; 2.7600000e+02 
3.500e+01 ; 8.000e-01 ; 4.200e+00 ; 3.1002000e+01 ; 2.7600000e+02 
3.500e+01 ; 8.000e-01 ; 4.200e+00 ; 3.1003000e+01 ; 2.7600000e+02 
3.500e+01 ; 8.000e-01 ; 4.200e+00 ; 3.1005000e+01 ; 2.7600000e+02 
3.500e+01 ; 8.000e-01 ; 4.200e+00 ; 3.1009000e+01 ; 2.7600000e+02 
3.500e+01 ; 8.000e-01 ; 4.200e+00 ; 3.1017000e+01 ; 2.7600000e+02 
3.500e+01 ; 8.000e-01 ; 4.200e+00 ; 3.1033000e+01 ; 2.7600000e+02 
3.500e+01 ; 8.000e-01 ; 4.200e+00 ; 3.1065000e+01 ; 2.7600000e+02 
3.500e+01 ; 8.000e-01 ; 4.200e+00 ; 3.1129000e+01 ; 2.7600000e+02 
3.500e+01 ; 8.000e-01 ; 4.200e+00 ; 3.1257000e+01 ; 2.7600000e+02 
3.500e+01 ; 8.000e-01 ; 4.200e+00 ; 3.1513000e+01 ; 2.7600000e+02 
3.500e+01 ; 8.000e-01 ; 4.200e+00 ; 3.2000000e+01 ; 2.7600000e+02 
3.500e+01 ; 8.000e-01 ; 4.200e+00 ; 3.2000000e+01 ; 2.7600000e+02 
3.500e+01 ; 8.000e-01 ; 4.200e+00 ; 3.2001000e+01 ; 2.7600000e+02 
3.500e+01 ; 8.000e-01 ; 4.200e+00 ; 3.2002000e+01 ; 2.7600000e+02 
3.500e+01 ; 8.000e-01 ; 4.200e+00 ; 3.2003000e+01 ; 2.7600000e+02 
3.500e+01 ; 8.000e-01 ; 4.200e+00 ; 3.2005000e+01 ; 2.7600000e+02 
3.500e+01 ; 8.000e-01 ; 4.200e+00 ; 3.2009000e+01 ; 2.7600000e+02 
3.500e+01 ; 8.000e-01 ; 4.200e+00 ; 3.2017000e+01 ; 2.7600000e+02 
3.500e+01 ; 8.000e-01 ; 4.200e+00 ; 3.2033000e+01 ; 2.7600000e+02 
3.500e+01 ; 8.000e-01 ; 4.200e+00 ; 3.2065000e+01 ; 2.7600000e+02 
3.500e+01 ; 8.000e-01 ; 4.200e+00 ; 3.2129000e+01 ; 2.7600000e+02 
3.500e+01 ; 8.000e-01 ; 4.200e+00 ; 3.2257000e+01 ; 2.7600000e+02 
3.500e+01 ; 8.000e-01 ; 4.200e+00 ; 3.2513000e+01 ; 2.7600000e+02 
3.500e+01 ; 8.000e-01 ; 4.200e+00 ; 3.3000000e+01 ; 2.7600000e+02 
3.500e+01 ; 8.000e-01 ; 4.200e+00 ; 3.3000000e+01 ; 2.7600000e+02 
3.500e+01 ; 8.000e-01 ; 4.200e+00 ; 3.3001000e+01 ; 2.7600000e+02 
3.500e+01 ; 8.000e-01 ; 4.200e+00 ; 3.3002000e+01 ; 2.7600000e+02 
3.500e+01 ; 8.000e-01 ; 4.200e+00 ; 3.3003000e+01 ; 2.7600000e+02 
3.500e+01 ; 8.000e-01 ; 4.200e+00 ; 3.3005000e+01 ; 2.7600000e+02 
3.500e+01 ; 8.000e-01 ; 4.200e+00 ; 3.3009000e+01 ; 2.7600000e+02 
3.500e+01 ; 8.000e-01 ; 4.200e+00 ; 3.3017000e+01 ; 2.7600000e+02 
3.500e+01 ; 8.000e-01 ; 4.200e+00 ; 3.3033000e+01 ; 2.7600000e+02 
3.500e+01 ; 8.000e-01 ; 4.200e+00 ; 3.3065000e+01 ; 2.7600000e+02 
3.500e+01 ; 8.000e-01 ; 4.200e+00 ; 3.3129000e+01 ; 2.7600000e+02 
3.500e+01 ; 8.000e-01 ; 4.200e+00 ; 3.3257000e+01 ; 2.7600000e+02 
3.500e+01 ; 8.000e-01 ; 4.200e+00 ; 3.3513000e+01 ; 2.7600000e+02 
3.500e+01 ; 8.000e-01 ; 4.200e+00 ; 3.4000000e+01 ; 2.7600000e+02 
3.500e+01 ; 8.000e-01 ; 4.200e+00 ; 3.4000000e+01 ; 2.7600000e+02 
3.500e+01 ; 8.000e-01 ; 4.200e+00 ; 3.4001000e+01 ; 2.7600000e+02 
3.500e+01 ; 8.000e-01 ; 4.200e+00 ; 3.4002000e+01 ; 2.7600000e+02 
3.500e+01 ; 8.000e-01 ; 4.200e+00 ; 3.4003000e+01 ; 2.7600000e+02 
3.500e+01 ; 8.000e-01 ; 4.200e+00 ; 3.4005000e+01 ; 2.7600000e+02 
3.500e+01 ; 8.000e-01 ; 4.200e+00 ; 3.4009000e+01 ; 2.7600000e+02 
3.500e+01 ; 8.000e-01 ; 4.200e+00 ; 3.4017000e+01 ; 2.7600000e+02 
3.500e+01 ; 8.000e-01 ; 4.200e+00 ; 3.4033000e+01 ; 2.7600000e+02 
3.500e+01 ; 8.000e-01 ; 4.200e+00 ; 3.4065000e+01 ; 2.7600000e+02 
3.500e+01 ; 8.000e-01 ; 4.200e+00 ; 3.4129000e+01 ; 2.7600000e+02 
3.500e+01 ; 8.000e-01 ; 4.200e+00 ; 3.4257000e+01 ; 2.7600000e+02 
3.500e+01 ; 8.000e-01 ; 4.200e+00 ; 3.4513000e+01 ; 2.7600000e+02 
3.500e+01 ; 8.000e-01 ; 4.200e+00 ; 3.5000000e+01 ; 2.7600000e+02 
3.500e+01 ; 8.000e-01 ; 4.200e+00 ; 3.5000000e+01 ; 2.7600000e+02 
3.500e+01 ; 8.000e-01 ; 4.200e+00 ; 3.5001000e+01 ; 2.7600000e+02 
3.500e+01 ; 8.000e-01 ; 4.200e+00 ; 3.5002000e+01 ; 2.7600000e+02 
3.500e+01 ; 8.000e-01 ; 4.200e+00 ; 3.5003000e+01 ; 2.7600000e+02 
3.500e+01 ; 8.000e-01 ; 4.200e+00 ; 3.5005000e+01 ; 2.7600000e+02 
3.500e+01 ; 8.000e-01 ; 4.200e+00 ; 3.5009000e+01 ; 2.7600000e+02 
3.500e+01 ; 8.000e-01 ; 4.200e+00 ; 3.5017000e+01 ; 2.7600000e+02 
3.500e+01 ; 8.000e-01 ; 4.200e+00 ; 3.5033000e+01 ; 2.7600000e+02 
3.500e+01 ; 8.000e-01 ; 4.200e+00 ; 3.5065000e+01 ; 2.7600000e+02 
3.500e+01 ; 8.000e-01 ; 4.200e+00 ; 3.5129000e+01 ; 2.7600000e+02 
3.500e+01 ; 8.000e-01 ; 4.200e+00 ; 3.5257000e+01 ; 2.7600000e+02 
3.500e+01 ; 8.000e-01 ; 4.200e+00 ; 3.5513000e+01 ; 2.7600000e+02 
3.500e+01 ; 8.000e-01 ; 4.200e+00 ; 3.6000000e+01 ; 2.7600000e+02 
3.500e+01 ; 8.000e-01 ; 4.200e+00 ; 3.6000000e+01 ; 2.7600000e+02 
3.500e+01 ; 8.000e-01 ; 4.200e+00 ; 3.6001000e+01 ; 2.7600000e+02 
3.500e+01 ; 8.000e-01 ; 4.200e+00 ; 3.6002000e+01 ; 2.7600000e+02 
3.500e+01 ; 8.000e-01 ; 4.200e+00 ; 3.6003000e+01 ; 2.7600000e+02 
3.500e+01 ; 8.000e-01 ; 4.200e+00 ; 3.6005000e+01 ; 2.7600000e+02 
3.500e+01 ; 8.000e-01 ; 4.200e+00 ; 3.6009000e+01 ; 2.7600000e+02 
3.500e+01 ; 8.000e-01 ; 4.200e+00 ; 3.6017000e+01 ; 2.7600000e+02 
3.500e+01 ; 8.000e-01 ; 4.200e+00 ; 3.6033000e+01 ; 2.7600000e+02 
3.500e+01 ; 8.000e-01 ; 4.200e+00 ; 3.6065000e+01 ; 2.7600000e+02 
3.500e+01 ; 8.000e-01 ; 4.200e+00 ; 3.6129000e+01 ; 2.7600000e+02 
3.500e+01 ; 8.000e-01 ; 4.200e+00 ; 3.6257000e+01 ; 2.7600000e+02 
3.500e+01 ; 8.000e-01 ; 4.200e+00 ; 3.6513000e+01 ; 2.7600000e+02 
3.500e+01 ; 8.000e-01 ; 4.200e+00 ; 3.7000000e+01 ; 2.7600000e+02 
3.500e+01 ; 8.000e-01 ; 4.200e+00 ; 3.7000000e+01 ; 2.7600000e+02 
3.500e+01 ; 8.000e-01 ; 4.200e+00 ; 3.7001000e+01 ; 2.7600000e+02 
3.500e+01 ; 8.000e-01 ; 4.200e+00 ; 3.7002000e+01 ; 2.7600000e+02 
3.500e+01 ; 8.000e-01 ; 4.200e+00 ; 3.7003000e+01 ; 2.7600000e+02 
3.500e+01 ; 8.000e-01 ; 4.200e+00 ; 3.7005000e+01 ; 2.7600000e+02 
3.500e+01 ; 8.000e-01 ; 4.200e+00 ; 3.7009000e+01 ; 2.7600000e+02 
3.500e+01 ; 8.000e-01 ; 4.200e+00 ; 3.7017000e+01 ; 2.7600000e+02 
3.500e+01 ; 8.000e-01 ; 4.200e+00 ; 3.7033000e+01 ; 2.7600000e+02 
3.500e+01 ; 8.000e-01 ; 4.200e+00 ; 3.7065000e+01 ; 2.7600000e+02 
3.500e+01 ; 8.000e-01 ; 4.200e+00 ; 3.7129000e+01 ; 2.7600000e+02 
3.500e+01 ; 8.000e-01 ; 4.200e+00 ; 3.7257000e+01 ; 2.7600000e+02 
3.500e+01 ; 8.000e-01 ; 4.200e+00 ; 3.7513000e+01 ; 2.7600000e+02 
3.500e+01 ; 8.000e-01 ; 4.200e+00 ; 3.8000000e+01 ; 2.7600000e+02 
3.500e+01 ; 8.000e-01 ; 4.200e+00 ; 3.8000000e+01 ; 2.7600000e+02 
3.500e+01 ; 8.000e-01 ; 4.200e+00 ; 3.8001000e+01 ; 2.7600000e+02 
3.500e+01 ; 8.000e-01 ; 4.200e+00 ; 3.8002000e+01 ; 2.7600000e+02 
3.500e+01 ; 8.000e-01 ; 4.200e+00 ; 3.8003000e+01 ; 2.7600000e+02 
3.500e+01 ; 8.000e-01 ; 4.200e+00 ; 3.8005000e+01 ; 2.7600000e+02 
3.500e+01 ; 8.000e-01 ; 4.200e+00 ; 3.8009000e+01 ; 2.7600000e+02 
3.500e+01 ; 8.000e-01 ; 4.200e+00 ; 3.8017000e+01 ; 2.7600000e+02 
3.500e+01 ; 8.000e-01 ; 4.200e+00 ; 3.8033000e+01 ; 2.7600000e+02 
3.500e+01 ; 8.000e-01 ; 4.200e+00 ; 3.8065000e+01 ; 2.7600000e+02 
3.500e+01 ; 8.000e-01 ; 4.200e+00 ; 3.8129000e+01 ; 2.7600000e+02 
3.500e+01 ; 8.000e-01 ; 4.200e+00 ; 3.8257000e+01 ; 2.7600000e+02 
3.500e+01 ; 8.000e-01 ; 4.200e+00 ; 3.8513000e+01 ; 2.7600000e+02 
3.500e+01 ; 8.000e-01 ; 4.200e+00 ; 3.9000000e+01 ; 2.7600000e+02 
3.500e+01 ; 8.000e-01 ; 4.200e+00 ; 3.9000000e+01 ; 2.7600000e+02 
3.500e+01 ; 8.000e-01 ; 4.200e+00 ; 3.9001000e+01 ; 2.7600000e+02 
3.500e+01 ; 8.000e-01 ; 4.200e+00 ; 3.9002000e+01 ; 2.7600000e+02 
3.500e+01 ; 8.000e-01 ; 4.200e+00 ; 3.9003000e+01 ; 2.7600000e+02 
3.500e+01 ; 8.000e-01 ; 4.200e+00 ; 3.9005000e+01 ; 2.7600000e+02 
3.500e+01 ; 8.000e-01 ; 4.200e+00 ; 3.9009000e+01 ; 2.7600000e+02 
3.500e+01 ; 8.000e-01 ; 4.200e+00 ; 3.9017000e+01 ; 2.7600000e+02 
3.500e+01 ; 8.000e-01 ; 4.200e+00 ; 3.9033000e+01 ; 2.7600000e+02 
3.500e+01 ; 8.000e-01 ; 4.200e+00 ; 3.9065000e+01 ; 2.7600000e+02 
3.500e+01 ; 8.000e-01 ; 4.200e+00 ; 3.9129000e+01 ; 2.7600000e+02 
3.500e+01 ; 8.000e-01 ; 4.200e+00 ; 3.9257000e+01 ; 2.7600000e+02 
3.500e+01 ; 8.000e-01 ; 4.200e+00 ; 3.9513000e+01 ; 2.7600000e+02 
3.500e+01 ; 8.000e-01 ; 4.200e+00 ; 4.0000000e+01 ; 2.7600000e+02 
3.500e+01 ; 8.000e-01 ; 4.200e+00 ; 4.0000000e+01 ; 2.7600000e+02 
3.500e+01 ; 8.000e-01 ; 4.200e+00 ; 4.0001000e+01 ; 2.7600000e+02 
3.500e+01 ; 8.000e-01 ; 4.200e+00 ; 4.0002000e+01 ; 2.7600000e+02 
3.500e+01 ; 8.000e-01 ; 4.200e+00 ; 4.0003000e+01 ; 2.7600000e+02 
3.500e+01 ; 8.000e-01 ; 4.200e+00 ; 4.0005000e+01 ; 2.7600000e+02 
3.500e+01 ; 8.000e-01 ; 4.200e+00 ; 4.0009000e+01 ; 2.7600000e+02 
3.500e+01 ; 8.000e-01 ; 4.200e+00 ; 4.0017000e+01 ; 2.7600000e+02 
3.500e+01 ; 8.000e-01 ; 4.200e+00 ; 4.0033000e+01 ; 2.7600000e+02 
3.500e+01 ; 8.000e-01 ; 4.200e+00 ; 4.0065000e+01 ; 2.7600000e+02 
3.500e+01 ; 8.000e-01 ; 4.200e+00 ; 4.0129000e+01 ; 2.7600000e+02 
3.500e+01 ; 8.000e-01 ; 4.200e+00 ; 4.0257000e+01 ; 2.7600000e+02 
3.500e+01 ; 8.000e-01 ; 4.200e+00 ; 4.0513000e+01 ; 2.7600000e+02 
3.500e+01 ; 8.000e-01 ; 4.200e+00 ; 4.1000000e+01 ; 2.7600000e+02 
3.500e+01 ; 8.000e-01 ; 4.200e+00 ; 4.1000000e+01 ; 2.7600000e+02 
3.500e+01 ; 8.000e-01 ; 4.200e+00 ; 4.1001000e+01 ; 2.7600000e+02 
3.500e+01 ; 8.000e-01 ; 4.200e+00 ; 4.1002000e+01 ; 2.7600000e+02 
3.500e+01 ; 8.000e-01 ; 4.200e+00 ; 4.1003000e+01 ; 2.7600000e+02 
3.500e+01 ; 8.000e-01 ; 4.200e+00 ; 4.1005000e+01 ; 2.7600000e+02 
3.500e+01 ; 8.000e-01 ; 4.200e+00 ; 4.1009000e+01 ; 2.7600000e+02 
3.500e+01 ; 8.000e-01 ; 4.200e+00 ; 4.1017000e+01 ; 2.7600000e+02 
3.500e+01 ; 8.000e-01 ; 4.200e+00 ; 4.1033000e+01 ; 2.7600000e+02 
3.500e+01 ; 8.000e-01 ; 4.200e+00 ; 4.1065000e+01 ; 2.7600000e+02 
3.500e+01 ; 8.000e-01 ; 4.200e+00 ; 4.1129000e+01 ; 2.7600000e+02 
3.500e+01 ; 8.000e-01 ; 4.200e+00 ; 4.1257000e+01 ; 2.7600000e+02 
3.500e+01 ; 8.000e-01 ; 4.200e+00 ; 4.1513000e+01 ; 2.7600000e+02 
3.500e+01 ; 8.000e-01 ; 4.200e+00 ; 4.2000000e+01 ; 2.7600000e+02 
3.500e+01 ; 8.000e-01 ; 4.200e+00 ; 4.2000000e+01 ; 2.7600000e+02 
3.500e+01 ; 8.000e-01 ; 4.200e+00 ; 4.2001000e+01 ; 2.7600000e+02 
3.500e+01 ; 8.000e-01 ; 4.200e+00 ; 4.2002000e+01 ; 2.7600000e+02 
3.500e+01 ; 8.000e-01 ; 4.200e+00 ; 4.2003000e+01 ; 2.7600000e+02 
3.500e+01 ; 8.000e-01 ; 4.200e+00 ; 4.2005000e+01 ; 2.7600000e+02 
3.500e+01 ; 8.000e-01 ; 4.200e+00 ; 4.2009000e+01 ; 2.7600000e+02 
3.500e+01 ; 8.000e-01 ; 4.200e+00 ; 4.2017000e+01 ; 2.7600000e+02 
3.500e+01 ; 8.000e-01 ; 4.200e+00 ; 4.2033000e+01 ; 2.7600000e+02 
3.500e+01 ; 8.000e-01 ; 4.200e+00 ; 4.2065000e+01 ; 2.7600000e+02 
3.500e+01 ; 8.000e-01 ; 4.200e+00 ; 4.2129000e+01 ; 2.7600000e+02 
3.500e+01 ; 8.000e-01 ; 4.200e+00 ; 4.2257000e+01 ; 2.7600000e+02 
3.500e+01 ; 8.000e-01 ; 4.200e+00 ; 4.2513000e+01 ; 2.7600000e+02 
3.500e+01 ; 8.000e-01 ; 4.200e+00 ; 4.3000000e+01 ; 2.7600000e+02 
3.500e+01 ; 8.000e-01 ; 4.200e+00 ; 4.3000000e+01 ; 2.7600000e+02 
3.500e+01 ; 8.000e-01 ; 4.200e+00 ; 4.3001000e+01 ; 2.7600000e+02 
3.500e+01 ; 8.000e-01 ; 4.200e+00 ; 4.3002000e+01 ; 2.7600000e+02 
3.500e+01 ; 8.000e-01 ; 4.200e+00 ; 4.3003000e+01 ; 2.7600000e+02 
3.500e+01 ; 8.000e-01 ; 4.200e+00 ; 4.3005000e+01 ; 2.7600000e+02 
3.500e+01 ; 8.000e-01 ; 4.200e+00 ; 4.3009000e+01 ; 2.7600000e+02 
3.500e+01 ; 8.000e-01 ; 4.200e+00 ; 4.3017000e+01 ; 2.7600000e+02 
3.500e+01 ; 8.000e-01 ; 4.200e+00 ; 4.3033000e+01 ; 2.7600000e+02 
3.500e+01 ; 8.000e-01 ; 4.200e+00 ; 4.3065000e+01 ; 2.7600000e+02 
3.500e+01 ; 8.000e-01 ; 4.200e+00 ; 4.3129000e+01 ; 2.7600000e+02 
3.500e+01 ; 8.000e-01 ; 4.200e+00 ; 4.3257000e+01 ; 2.7600000e+02 
3.500e+01 ; 8.000e-01 ; 4.200e+00 ; 4.3513000e+01 ; 2.7600000e+02 
3.500e+01 ; 8.000e-01 ; 4.200e+00 ; 4.4000000e+01 ; 2.7600000e+02 
3.500e+01 ; 8.000e-01 ; 4.200e+00 ; 4.4000000e+01 ; 2.7600000e+02 
3.500e+01 ; 8.000e-01 ; 4.200e+00 ; 4.4001000e+01 ; 2.7600000e+02 
3.500e+01 ; 8.000e-01 ; 4.200e+00 ; 4.4002000e+01 ; 2.7600000e+02 
3.500e+01 ; 8.000e-01 ; 4.200e+00 ; 4.4003000e+01 ; 2.7600000e+02 
3.500e+01 ; 8.000e-01 ; 4.200e+00 ; 4.4005000e+01 ; 2.7600000e+02 
3.500e+01 ; 8.000e-01 ; 4.200e+00 ; 4.4009000e+01 ; 2.7600000e+02 
3.500e+01 ; 8.000e-01 ; 4.200e+00 ; 4.4017000e+01 ; 2.7600000e+02 
3.500e+01 ; 8.000e-01 ; 4.200e+00 ; 4.4033000e+01 ; 2.7600000e+02 
3.500e+01 ; 8.000e-01 ; 4.200e+00 ; 4.4065000e+01 ; 2.7600000e+02 
3.500e+01 ; 8.000e-01 ; 4.200e+00 ; 4.4129000e+01 ; 2.7600000e+02 
3.500e+01 ; 8.000e-01 ; 4.200e+00 ; 4.4257000e+01 ; 2.7600000e+02 
3.500e+01 ; 8.000e-01 ; 4.200e+00 ; 4.4513000e+01 ; 2.7600000e+02 
3.500e+01 ; 8.000e-01 ; 4.200e+00 ; 4.5000000e+01 ; 2.7600000e+02 
3.500e+01 ; 8.000e-01 ; 4.200e+00 ; 4.5000000e+01 ; 2.7600000e+02 
3.500e+01 ; 8.000e-01 ; 4.200e+00 ; 4.5001000e+01 ; 2.7600000e+02 
3.500e+01 ; 8.000e-01 ; 4.200e+00 ; 4.5002000e+01 ; 2.7600000e+02 
3.500e+01 ; 8.000e-01 ; 4.200e+00 ; 4.5003000e+01 ; 2.7600000e+02 
3.500e+01 ; 8.000e-01 ; 4.200e+00 ; 4.5005000e+01 ; 2.7600000e+02 
3.500e+01 ; 8.000e-01 ; 4.200e+00 ; 4.5009000e+01 ; 2.7600000e+02 
3.500e+01 ; 8.000e-01 ; 4.200e+00 ; 4.5017000e+01 ; 2.7600000e+02 
3.500e+01 ; 8.000e-01 ; 4.200e+00 ; 4.5033000e+01 ; 2.7600000e+02 
3.500e+01 ; 8.000e-01 ; 4.200e+00 ; 4.5065000e+01 ; 2.7600000e+02 
3.500e+01 ; 8.000e-01 ; 4.200e+00 ; 4.5129000e+01 ; 2.7600000e+02 
3.500e+01 ; 8.000e-01 ; 4.200e+00 ; 4.5257000e+01 ; 2.7600000e+02 
3.500e+01 ; 8.000e-01 ; 4.200e+00 ; 4.5513000e+01 ; 2.7600000e+02 
3.500e+01 ; 8.000e-01 ; 4.200e+00 ; 4.6000000e+01 ; 2.7600000e+02 
3.500e+01 ; 8.000e-01 ; 4.200e+00 ; 4.6000000e+01 ; 2.7600000e+02 
3.500e+01 ; 8.000e-01 ; 4.200e+00 ; 4.6001000e+01 ; 2.7600000e+02 
3.500e+01 ; 8.000e-01 ; 4.200e+00 ; 4.6002000e+01 ; 2.7600000e+02 
3.500e+01 ; 8.000e-01 ; 4.200e+00 ; 4.6003000e+01 ; 2.7600000e+02 
3.500e+01 ; 8.000e-01 ; 4.200e+00 ; 4.6005000e+01 ; 2.7600000e+02 
3.500e+01 ; 8.000e-01 ; 4.200e+00 ; 4.6009000e+01 ; 2.7600000e+02 
3.500e+01 ; 8.000e-01 ; 4.200e+00 ; 4.6017000e+01 ; 2.7600000e+02 
3.500e+01 ; 8.000e-01 ; 4.200e+00 ; 4.6033000e+01 ; 2.7600000e+02 
3.500e+01 ; 8.000e-01 ; 4.200e+00 ; 4.6065000e+01 ; 2.7600000e+02 
3.500e+01 ; 8.000e-01 ; 4.200e+00 ; 4.6129000e+01 ; 2.7600000e+02 
3.500e+01 ; 8.000e-01 ; 4.200e+00 ; 4.6257000e+01 ; 2.7600000e+02 
3.500e+01 ; 8.000e-01 ; 4.200e+00 ; 4.6513000e+01 ; 2.7600000e+02 
3.500e+01 ; 8.000e-01 ; 4.200e+00 ; 4.7000000e+01 ; 2.7600000e+02 
3.500e+01 ; 8.000e-01 ; 4.200e+00 ; 4.7000000e+01 ; 2.7600000e+02 
3.500e+01 ; 8.000e-01 ; 4.200e+00 ; 4.7001000e+01 ; 2.7600000e+02 
3.500e+01 ; 8.000e-01 ; 4.200e+00 ; 4.7002000e+01 ; 2.7600000e+02 
3.500e+01 ; 8.000e-01 ; 4.200e+00 ; 4.7003000e+01 ; 2.7600000e+02 
3.500e+01 ; 8.000e-01 ; 4.200e+00 ; 4.7005000e+01 ; 2.7600000e+02 
3.500e+01 ; 8.000e-01 ; 4.200e+00 ; 4.7009000e+01 ; 2.7600000e+02 
3.500e+01 ; 8.000e-01 ; 4.200e+00 ; 4.7017000e+01 ; 2.7600000e+02 
3.500e+01 ; 8.000e-01 ; 4.200e+00 ; 4.7033000e+01 ; 2.7600000e+02 
3.500e+01 ; 8.000e-01 ; 4.200e+00 ; 4.7065000e+01 ; 2.7600000e+02 
3.500e+01 ; 8.000e-01 ; 4.200e+00 ; 4.7129000e+01 ; 2.7600000e+02 
3.500e+01 ; 8.000e-01 ; 4.200e+00 ; 4.7257000e+01 ; 2.7600000e+02 
3.500e+01 ; 8.000e-01 ; 4.200e+00 ; 4.7513000e+01 ; 2.7600000e+02 
3.500e+01 ; 8.000e-01 ; 4.200e+00 ; 4.8000000e+01 ; 2.7600000e+02 
3.500e+01 ; 8.000e-01 ; 4.200e+00 ; 4.8000000e+01 ; 2.7600000e+02 
3.500e+01 ; 8.000e-01 ; 4.200e+00 ; 4.8001000e+01 ; 2.7600000e+02 
3.500e+01 ; 8.000e-01 ; 4.200e+00 ; 4.8002000e+01 ; 2.7600000e+02 
3.500e+01 ; 8.000e-01 ; 4.200e+00 ; 4.8003000e+01 ; 2.7600000e+02 
3.500e+01 ; 8.000e-01 ; 4.200e+00 ; 4.8005000e+01 ; 2.7600000e+02 
3.500e+01 ; 8.000e-01 ; 4.200e+00 ; 4.8009000e+01 ; 2.7600000e+02 
3.500e+01 ; 8.000e-01 ; 4.200e+00 ; 4.8017000e+01 ; 2.7600000e+02 
3.500e+01 ; 8.000e-01 ; 4.200e+00 ; 4.8033000e+01 ; 2.7600000e+02 
3.500e+01 ; 8.000e-01 ; 4.200e+00 ; 4.8065000e+01 ; 2.7600000e+02 
3.500e+01 ; 8.000e-01 ; 4.200e+00 ; 4.8129000e+01 ; 2.7600000e+02 
3.500e+01 ; 8.000e-01 ; 4.200e+00 ; 4.8257000e+01 ; 2.7600000e+02 
3.500e+01 ; 8.000e-01 ; 4.200e+00 ; 4.8513000e+01 ; 2.7600000e+02 
3.500e+01 ; 8.000e-01 ; 4.200e+00 ; 4.9000000e+01 ; 2.7600000e+02 
3.500e+01 ; 8.000e-01 ; 4.200e+00 ; 4.9000000e+01 ; 2.7600000e+02 
3.500e+01 ; 8.000e-01 ; 4.200e+00 ; 4.9001000e+01 ; 2.7600000e+02 
3.500e+01 ; 8.000e-01 ; 4.200e+00 ; 4.9002000e+01 ; 2.7600000e+02 
3.500e+01 ; 8.000e-01 ; 4.200e+00 ; 4.9003000e+01 ; 2.7600000e+02 
3.500e+01 ; 8.000e-01 ; 4.200e+00 ; 4.9005000e+01 ; 2.7600000e+02 
3.500e+01 ; 8.000e-01 ; 4.200e+00 ; 4.9009000e+01 ; 2.7600000e+02 
3.500e+01 ; 8.000e-01 ; 4.200e+00 ; 4.9017000e+01 ; 2.7600000e+02 
3.500e+01 ; 8.000e-01 ; 4.200e+00 ; 4.9033000e+01 ; 2.7600000e+02 
3.500e+01 ; 8.000e-01 ; 4.200e+00 ; 4.9065000e+01 ; 2.7600000e+02 
3.500e+01 ; 8.000e-01 ; 4.200e+00 ; 4.9129000e+01 ; 2.7600000e+02 
3.500e+01 ; 8.000e-01 ; 4.200e+00 ; 4.9257000e+01 ; 2.7600000e+02 
3.500e+01 ; 8.000e-01 ; 4.200e+00 ; 4.9513000e+01 ; 2.7600000e+02 
3.500e+01 ; 8.000e-01 ; 4.200e+00 ; 5.0000000e+01 ; 2.7600000e+02 
3.500e+01 ; 8.000e-01 ; 4.200e+00 ; 5.0000000e+01 ; 2.7600000e+02 
3.500e+01 ; 8.000e-01 ; 4.200e+00 ; 5.0001000e+01 ; 2.7600000e+02 
3.500e+01 ; 8.000e-01 ; 4.200e+00 ; 5.0002000e+01 ; 2.7600000e+02 
3.500e+01 ; 8.000e-01 ; 4.200e+00 ; 5.0003000e+01 ; 2.7600000e+02 
3.500e+01 ; 8.000e-01 ; 4.200e+00 ; 5.0005000e+01 ; 2.7600000e+02 
3.500e+01 ; 8.000e-01 ; 4.200e+00 ; 5.0009000e+01 ; 2.7600000e+02 
3.500e+01 ; 8.000e-01 ; 4.200e+00 ; 5.0017000e+01 ; 2.7600000e+02 
3.500e+01 ; 8.000e-01 ; 4.200e+00 ; 5.0033000e+01 ; 2.7600000e+02 
3.500e+01 ; 8.000e-01 ; 4.200e+00 ; 5.0065000e+01 ; 2.7600000e+02 
3.500e+01 ; 8.000e-01 ; 4.200e+00 ; 5.0129000e+01 ; 2.7600000e+02 
3.500e+01 ; 8.000e-01 ; 4.200e+00 ; 5.0257000e+01 ; 2.7600000e+02 
3.500e+01 ; 8.000e-01 ; 4.200e+00 ; 5.0513000e+01 ; 2.7600000e+02 
3.500e+01 ; 8.000e-01 ; 4.200e+00 ; 5.1000000e+01 ; 2.7600000e+02 
3.500e+01 ; 8.000e-01 ; 4.200e+00 ; 5.1000000e+01 ; 2.7600000e+02 
3.500e+01 ; 8.000e-01 ; 4.200e+00 ; 5.1001000e+01 ; 2.7600000e+02 
3.500e+01 ; 8.000e-01 ; 4.200e+00 ; 5.1002000e+01 ; 2.7600000e+02 
3.500e+01 ; 8.000e-01 ; 4.200e+00 ; 5.1003000e+01 ; 2.7600000e+02 
3.500e+01 ; 8.000e-01 ; 4.200e+00 ; 5.1005000e+01 ; 2.7600000e+02 
3.500e+01 ; 8.000e-01 ; 4.200e+00 ; 5.1009000e+01 ; 2.7600000e+02 
3.500e+01 ; 8.000e-01 ; 4.200e+00 ; 5.1017000e+01 ; 2.7600000e+02 
3.500e+01 ; 8.000e-01 ; 4.200e+00 ; 5.1033000e+01 ; 2.7600000e+02 
3.500e+01 ; 8.000e-01 ; 4.200e+00 ; 5.1065000e+01 ; 2.7600000e+02 
3.500e+01 ; 8.000e-01 ; 4.200e+00 ; 5.1129000e+01 ; 2.7600000e+02 
3.500e+01 ; 8.000e-01 ; 4.200e+00 ; 5.1257000e+01 ; 2.7600000e+02 
3.500e+01 ; 8.000e-01 ; 4.200e+00 ; 5.1513000e+01 ; 2.7600000e+02 
3.500e+01 ; 8.000e-01 ; 4.200e+00 ; 5.2000000e+01 ; 2.7600000e+02 
3.500e+01 ; 8.000e-01 ; 4.200e+00 ; 5.2000000e+01 ; 2.7600000e+02 
3.500e+01 ; 8.000e-01 ; 4.200e+00 ; 5.2001000e+01 ; 2.7600000e+02 
3.500e+01 ; 8.000e-01 ; 4.200e+00 ; 5.2002000e+01 ; 2.7600000e+02 
3.500e+01 ; 8.000e-01 ; 4.200e+00 ; 5.2003000e+01 ; 2.7600000e+02 
3.500e+01 ; 8.000e-01 ; 4.200e+00 ; 5.2005000e+01 ; 2.7600000e+02 
3.500e+01 ; 8.000e-01 ; 4.200e+00 ; 5.2009000e+01 ; 2.7600000e+02 
3.500e+01 ; 8.000e-01 ; 4.200e+00 ; 5.2017000e+01 ; 2.7600000e+02 
3.500e+01 ; 8.000e-01 ; 4.200e+00 ; 5.2033000e+01 ; 2.7600000e+02 
3.500e+01 ; 8.000e-01 ; 4.200e+00 ; 5.2065000e+01 ; 2.7600000e+02 
3.500e+01 ; 8.000e-01 ; 4.200e+00 ; 5.2129000e+01 ; 2.7600000e+02 
3.500e+01 ; 8.000e-01 ; 4.200e+00 ; 5.2257000e+01 ; 2.7600000e+02 
3.500e+01 ; 8.000e-01 ; 4.200e+00 ; 5.2513000e+01 ; 2.7600000e+02 
3.500e+01 ; 8.000e-01 ; 4.200e+00 ; 5.3000000e+01 ; 2.7600000e+02 
3.500e+01 ; 8.000e-01 ; 4.200e+00 ; 5.3000000e+01 ; 2.7600000e+02 
3.500e+01 ; 8.000e-01 ; 4.200e+00 ; 5.3001000e+01 ; 2.7600000e+02 
3.500e+01 ; 8.000e-01 ; 4.200e+00 ; 5.3002000e+01 ; 2.7600000e+02 
3.500e+01 ; 8.000e-01 ; 4.200e+00 ; 5.3003000e+01 ; 2.7600000e+02 
3.500e+01 ; 8.000e-01 ; 4.200e+00 ; 5.3005000e+01 ; 2.7600000e+02 
3.500e+01 ; 8.000e-01 ; 4.200e+00 ; 5.3009000e+01 ; 2.7600000e+02 
3.500e+01 ; 8.000e-01 ; 4.200e+00 ; 5.3017000e+01 ; 2.7600000e+02 
3.500e+01 ; 8.000e-01 ; 4.200e+00 ; 5.3033000e+01 ; 2.7600000e+02 
3.500e+01 ; 8.000e-01 ; 4.200e+00 ; 5.3065000e+01 ; 2.7600000e+02 
3.500e+01 ; 8.000e-01 ; 4.200e+00 ; 5.3129000e+01 ; 2.7600000e+02 
3.500e+01 ; 8.000e-01 ; 4.200e+00 ; 5.3257000e+01 ; 2.7600000e+02 
3.500e+01 ; 8.000e-01 ; 4.200e+00 ; 5.3513000e+01 ; 2.7600000e+02 
3.500e+01 ; 8.000e-01 ; 4.200e+00 ; 5.4000000e+01 ; 2.7600000e+02 
3.500e+01 ; 8.000e-01 ; 4.200e+00 ; 5.4000000e+01 ; 2.7600000e+02 
3.500e+01 ; 8.000e-01 ; 4.200e+00 ; 5.4001000e+01 ; 2.7600000e+02 
3.500e+01 ; 8.000e-01 ; 4.200e+00 ; 5.4002000e+01 ; 2.7600000e+02 
3.500e+01 ; 8.000e-01 ; 4.200e+00 ; 5.4003000e+01 ; 2.7600000e+02 
3.500e+01 ; 8.000e-01 ; 4.200e+00 ; 5.4005000e+01 ; 2.7600000e+02 
3.500e+01 ; 8.000e-01 ; 4.200e+00 ; 5.4009000e+01 ; 2.7600000e+02 
3.500e+01 ; 8.000e-01 ; 4.200e+00 ; 5.4017000e+01 ; 2.7600000e+02 
3.500e+01 ; 8.000e-01 ; 4.200e+00 ; 5.4033000e+01 ; 2.7600000e+02 
3.500e+01 ; 8.000e-01 ; 4.200e+00 ; 5.4065000e+01 ; 2.7600000e+02 
3.500e+01 ; 8.000e-01 ; 4.200e+00 ; 5.4129000e+01 ; 2.7600000e+02 
3.500e+01 ; 8.000e-01 ; 4.200e+00 ; 5.4257000e+01 ; 2.7600000e+02 
3.500e+01 ; 8.000e-01 ; 4.200e+00 ; 5.4513000e+01 ; 2.7600000e+02 
3.500e+01 ; 8.000e-01 ; 4.200e+00 ; 5.5000000e+01 ; 2.7600000e+02 
3.500e+01 ; 8.000e-01 ; 4.200e+00 ; 5.5000000e+01 ; 2.7600000e+02 
3.500e+01 ; 8.000e-01 ; 4.200e+00 ; 5.5001000e+01 ; 2.7600000e+02 
3.500e+01 ; 8.000e-01 ; 4.200e+00 ; 5.5002000e+01 ; 2.7600000e+02 
3.500e+01 ; 8.000e-01 ; 4.200e+00 ; 5.5003000e+01 ; 2.7600000e+02 
3.500e+01 ; 8.000e-01 ; 4.200e+00 ; 5.5005000e+01 ; 2.7600000e+02 
3.500e+01 ; 8.000e-01 ; 4.200e+00 ; 5.5009000e+01 ; 2.7600000e+02 
3.500e+01 ; 8.000e-01 ; 4.200e+00 ; 5.5017000e+01 ; 2.7600000e+02 
3.500e+01 ; 8.000e-01 ; 4.200e+00 ; 5.5033000e+01 ; 2.7600000e+02 
3.500e+01 ; 8.000e-01 ; 4.200e+00 ; 5.5065000e+01 ; 2.7600000e+02 
3.500e+01 ; 8.000e-01 ; 4.200e+00 ; 5.5129000e+01 ; 2.7600000e+02 
3.500e+01 ; 8.000e-01 ; 4.200e+00 ; 5.5257000e+01 ; 2.7600000e+02 
3.500e+01 ; 8.000e-01 ; 4.200e+00 ; 5.5513000e+01 ; 2.7600000e+02 
3.500e+01 ; 8.000e-01 ; 4.200e+00 ; 5.6000000e+01 ; 2.7600000e+02 
3.500e+01 ; 8.000e-01 ; 4.200e+00 ; 5.6000000e+01 ; 2.7600000e+02 
3.500e+01 ; 8.000e-01 ; 4.200e+00 ; 5.6001000e+01 ; 2.7600000e+02 
3.500e+01 ; 8.000e-01 ; 4.200e+00 ; 5.6002000e+01 ; 2.7600000e+02 
3.500e+01 ; 8.000e-01 ; 4.200e+00 ; 5.6003000e+01 ; 2.7600000e+02 
3.500e+01 ; 8.000e-01 ; 4.200e+00 ; 5.6005000e+01 ; 2.7600000e+02 
3.500e+01 ; 8.000e-01 ; 4.200e+00 ; 5.6009000e+01 ; 2.7600000e+02 
3.500e+01 ; 8.000e-01 ; 4.200e+00 ; 5.6017000e+01 ; 2.7600000e+02 
3.500e+01 ; 8.000e-01 ; 4.200e+00 ; 5.6033000e+01 ; 2.7600000e+02 
3.500e+01 ; 8.000e-01 ; 4.200e+00 ; 5.6065000e+01 ; 2.7600000e+02 
3.500e+01 ; 8.000e-01 ; 4.200e+00 ; 5.6129000e+01 ; 2.7600000e+02 
3.500e+01 ; 8.000e-01 ; 4.200e+00 ; 5.6257000e+01 ; 2.7600000e+02 
3.500e+01 ; 8.000e-01 ; 4.200e+00 ; 5.6513000e+01 ; 2.7600000e+02 
3.500e+01 ; 8.000e-01 ; 4.200e+00 ; 5.7000000e+01 ; 2.7600000e+02 
3.500e+01 ; 8.000e-01 ; 4.200e+00 ; 5.7000000e+01 ; 2.7600000e+02 
3.500e+01 ; 8.000e-01 ; 4.200e+00 ; 5.7001000e+01 ; 2.7600000e+02 
3.500e+01 ; 8.000e-01 ; 4.200e+00 ; 5.7002000e+01 ; 2.7600000e+02 
3.500e+01 ; 8.000e-01 ; 4.200e+00 ; 5.7003000e+01 ; 2.7600000e+02 
3.500e+01 ; 8.000e-01 ; 4.200e+00 ; 5.7005000e+01 ; 2.7600000e+02 
3.500e+01 ; 8.000e-01 ; 4.200e+00 ; 5.7009000e+01 ; 2.7600000e+02 
3.500e+01 ; 8.000e-01 ; 4.200e+00 ; 5.7017000e+01 ; 2.7600000e+02 
3.500e+01 ; 8.000e-01 ; 4.200e+00 ; 5.7033000e+01 ; 2.7600000e+02 
3.500e+01 ; 8.000e-01 ; 4.200e+00 ; 5.7065000e+01 ; 2.7600000e+02 
3.500e+01 ; 8.000e-01 ; 4.200e+00 ; 5.7129000e+01 ; 2.7600000e+02 
3.500e+01 ; 8.000e-01 ; 4.200e+00 ; 5.7257000e+01 ; 2.7600000e+02 
3.500e+01 ; 8.000e-01 ; 4.200e+00 ; 5.7513000e+01 ; 2.7600000e+02 
3.500e+01 ; 8.000e-01 ; 4.200e+00 ; 5.8000000e+01 ; 2.7600000e+02 
3.500e+01 ; 8.000e-01 ; 4.200e+00 ; 5.8000000e+01 ; 2.7600000e+02 
3.500e+01 ; 8.000e-01 ; 4.200e+00 ; 5.8001000e+01 ; 2.7600000e+02 
3.500e+01 ; 8.000e-01 ; 4.200e+00 ; 5.8002000e+01 ; 2.7600000e+02 
3.500e+01 ; 8.000e-01 ; 4.200e+00 ; 5.8003000e+01 ; 2.7600000e+02 
3.500e+01 ; 8.000e-01 ; 4.200e+00 ; 5.8005000e+01 ; 2.7600000e+02 
3.500e+01 ; 8.000e-01 ; 4.200e+00 ; 5.8009000e+01 ; 2.7600000e+02 
3.500e+01 ; 8.000e-01 ; 4.200e+00 ; 5.8017000e+01 ; 2.7600000e+02 
3.500e+01 ; 8.000e-01 ; 4.200e+00 ; 5.8033000e+01 ; 2.7600000e+02 
3.500e+01 ; 8.000e-01 ; 4.200e+00 ; 5.8065000e+01 ; 2.7600000e+02 
3.500e+01 ; 8.000e-01 ; 4.200e+00 ; 5.8129000e+01 ; 2.7600000e+02 
3.500e+01 ; 8.000e-01 ; 4.200e+00 ; 5.8257000e+01 ; 2.7600000e+02 
3.500e+01 ; 8.000e-01 ; 4.200e+00 ; 5.8513000e+01 ; 2.7600000e+02 
3.500e+01 ; 8.000e-01 ; 4.200e+00 ; 5.9000000e+01 ; 2.7600000e+02 
3.500e+01 ; 8.000e-01 ; 4.200e+00 ; 5.9000000e+01 ; 2.7600000e+02 
3.500e+01 ; 8.000e-01 ; 4.200e+00 ; 5.9001000e+01 ; 2.7600000e+02 
3.500e+01 ; 8.000e-01 ; 4.200e+00 ; 5.9002000e+01 ; 2.7600000e+02 
3.500e+01 ; 8.000e-01 ; 4.200e+00 ; 5.9003000e+01 ; 2.7600000e+02 
3.500e+01 ; 8.000e-01 ; 4.200e+00 ; 5.9005000e+01 ; 2.7600000e+02 
3.500e+01 ; 8.000e-01 ; 4.200e+00 ; 5.9009000e+01 ; 2.7600000e+02 
3.500e+01 ; 8.000e-01 ; 4.200e+00 ; 5.9017000e+01 ; 2.7600000e+02 
3.500e+01 ; 8.000e-01 ; 4.200e+00 ; 5.9033000e+01 ; 2.7600000e+02 
3.500e+01 ; 8.000e-01 ; 4.200e+00 ; 5.9065000e+01 ; 2.7600000e+02 
3.500e+01 ; 8.000e-01 ; 4.200e+00 ; 5.9129000e+01 ; 2.7600000e+02 
3.500e+01 ; 8.000e-01 ; 4.200e+00 ; 5.9257000e+01 ; 2.7600000e+02 
3.500e+01 ; 8.000e-01 ; 4.200e+00 ; 5.9513000e+01 ; 2.7600000e+02 
3.500e+01 ; 8.000e-01 ; 4.200e+00 ; 6.0000000e+01 ; 2.7600000e+02 
3.500e+01 ; 8.000e-01 ; 4.200e+00 ; 6.0000000e+01 ; 2.7600000e+02 
3.500e+01 ; 8.000e-01 ; 4.200e+00 ; 6.0001000e+01 ; 2.7600000e+02 
3.500e+01 ; 8.000e-01 ; 4.200e+00 ; 6.0002000e+01 ; 2.7600000e+02 
3.500e+01 ; 8.000e-01 ; 4.200e+00 ; 6.0003000e+01 ; 2.7600000e+02 
3.500e+01 ; 8.000e-01 ; 4.200e+00 ; 6.0005000e+01 ; 2.7600000e+02 
3.500e+01 ; 8.000e-01 ; 4.200e+00 ; 6.0009000e+01 ; 2.7600000e+02 
3.500e+01 ; 8.000e-01 ; 4.200e+00 ; 6.0017000e+01 ; 2.7600000e+02 
3.500e+01 ; 8.000e-01 ; 4.200e+00 ; 6.0033000e+01 ; 2.7600000e+02 
3.500e+01 ; 8.000e-01 ; 4.200e+00 ; 6.0065000e+01 ; 2.7600000e+02 
3.500e+01 ; 8.000e-01 ; 4.200e+00 ; 6.0129000e+01 ; 2.7600000e+02 
3.500e+01 ; 8.000e-01 ; 4.200e+00 ; 6.0257000e+01 ; 2.7600000e+02 
3.500e+01 ; 8.000e-01 ; 4.200e+00 ; 6.0513000e+01 ; 2.7600000e+02 
3.500e+01 ; 8.000e-01 ; 4.200e+00 ; 6.1000000e+01 ; 2.7600000e+02 
3.500e+01 ; 8.000e-01 ; 4.200e+00 ; 6.1000000e+01 ; 2.7600000e+02 
3.500e+01 ; 8.000e-01 ; 4.200e+00 ; 6.1001000e+01 ; 2.7600000e+02 
3.500e+01 ; 8.000e-01 ; 4.200e+00 ; 6.1002000e+01 ; 2.7600000e+02 
3.500e+01 ; 8.000e-01 ; 4.200e+00 ; 6.1003000e+01 ; 2.7600000e+02 
3.500e+01 ; 8.000e-01 ; 4.200e+00 ; 6.1005000e+01 ; 2.7600000e+02 
3.500e+01 ; 8.000e-01 ; 4.200e+00 ; 6.1009000e+01 ; 2.7600000e+02 
3.500e+01 ; 8.000e-01 ; 4.200e+00 ; 6.1017000e+01 ; 2.7600000e+02 
3.500e+01 ; 8.000e-01 ; 4.200e+00 ; 6.1033000e+01 ; 2.7600000e+02 
3.500e+01 ; 8.000e-01 ; 4.200e+00 ; 6.1065000e+01 ; 2.7600000e+02 
3.500e+01 ; 8.000e-01 ; 4.200e+00 ; 6.1129000e+01 ; 2.7600000e+02 
3.500e+01 ; 8.000e-01 ; 4.200e+00 ; 6.1257000e+01 ; 2.7600000e+02 
3.500e+01 ; 8.000e-01 ; 4.200e+00 ; 6.1513000e+01 ; 2.7600000e+02 
3.500e+01 ; 8.000e-01 ; 4.200e+00 ; 6.2000000e+01 ; 2.7600000e+02 
3.500e+01 ; 8.000e-01 ; 4.200e+00 ; 6.2000000e+01 ; 2.7600000e+02 
3.500e+01 ; 8.000e-01 ; 4.200e+00 ; 6.2001000e+01 ; 2.7600000e+02 
3.500e+01 ; 8.000e-01 ; 4.200e+00 ; 6.2002000e+01 ; 2.7600000e+02 
3.500e+01 ; 8.000e-01 ; 4.200e+00 ; 6.2003000e+01 ; 2.7600000e+02 
3.500e+01 ; 8.000e-01 ; 4.200e+00 ; 6.2005000e+01 ; 2.7600000e+02 
3.500e+01 ; 8.000e-01 ; 4.200e+00 ; 6.2009000e+01 ; 2.7600000e+02 
3.500e+01 ; 8.000e-01 ; 4.200e+00 ; 6.2017000e+01 ; 2.7600000e+02 
3.500e+01 ; 8.000e-01 ; 4.200e+00 ; 6.2033000e+01 ; 2.7600000e+02 
3.500e+01 ; 8.000e-01 ; 4.200e+00 ; 6.2065000e+01 ; 2.7600000e+02 
3.500e+01 ; 8.000e-01 ; 4.200e+00 ; 6.2129000e+01 ; 2.7600000e+02 
3.500e+01 ; 8.000e-01 ; 4.200e+00 ; 6.2257000e+01 ; 2.7600000e+02 
3.500e+01 ; 8.000e-01 ; 4.200e+00 ; 6.2513000e+01 ; 2.7600000e+02 
3.500e+01 ; 8.000e-01 ; 4.200e+00 ; 6.3000000e+01 ; 2.7600000e+02 
3.500e+01 ; 8.000e-01 ; 4.200e+00 ; 6.3000000e+01 ; 2.7600000e+02 
3.500e+01 ; 8.000e-01 ; 4.200e+00 ; 6.3001000e+01 ; 2.7600000e+02 
3.500e+01 ; 8.000e-01 ; 4.200e+00 ; 6.3002000e+01 ; 2.7600000e+02 
3.500e+01 ; 8.000e-01 ; 4.200e+00 ; 6.3003000e+01 ; 2.7600000e+02 
3.500e+01 ; 8.000e-01 ; 4.200e+00 ; 6.3005000e+01 ; 2.7600000e+02 
3.500e+01 ; 8.000e-01 ; 4.200e+00 ; 6.3009000e+01 ; 2.7600000e+02 
3.500e+01 ; 8.000e-01 ; 4.200e+00 ; 6.3017000e+01 ; 2.7600000e+02 
3.500e+01 ; 8.000e-01 ; 4.200e+00 ; 6.3033000e+01 ; 2.7600000e+02 
3.500e+01 ; 8.000e-01 ; 4.200e+00 ; 6.3065000e+01 ; 2.7600000e+02 
3.500e+01 ; 8.000e-01 ; 4.200e+00 ; 6.3129000e+01 ; 2.7600000e+02 
3.500e+01 ; 8.000e-01 ; 4.200e+00 ; 6.3257000e+01 ; 2.7600000e+02 
3.500e+01 ; 8.000e-01 ; 4.200e+00 ; 6.3513000e+01 ; 2.7600000e+02 
3.500e+01 ; 8.000e-01 ; 4.200e+00 ; 6.4000000e+01 ; 2.7600000e+02 
3.500e+01 ; 8.000e-01 ; 4.200e+00 ; 6.4000000e+01 ; 2.7600000e+02 
3.500e+01 ; 8.000e-01 ; 4.200e+00 ; 6.4001000e+01 ; 2.7600000e+02 
3.500e+01 ; 8.000e-01 ; 4.200e+00 ; 6.4002000e+01 ; 2.7600000e+02 
3.500e+01 ; 8.000e-01 ; 4.200e+00 ; 6.4003000e+01 ; 2.7600000e+02 
3.500e+01 ; 8.000e-01 ; 4.200e+00 ; 6.4005000e+01 ; 2.7600000e+02 
3.500e+01 ; 8.000e-01 ; 4.200e+00 ; 6.4009000e+01 ; 2.7600000e+02 
3.500e+01 ; 8.000e-01 ; 4.200e+00 ; 6.4017000e+01 ; 2.7600000e+02 
3.500e+01 ; 8.000e-01 ; 4.200e+00 ; 6.4033000e+01 ; 2.7600000e+02 
3.500e+01 ; 8.000e-01 ; 4.200e+00 ; 6.4065000e+01 ; 2.7600000e+02 
3.500e+01 ; 8.000e-01 ; 4.200e+00 ; 6.4129000e+01 ; 2.7600000e+02 
3.500e+01 ; 8.000e-01 ; 4.200e+00 ; 6.4257000e+01 ; 2.7600000e+02 
3.500e+01 ; 8.000e-01 ; 4.200e+00 ; 6.4513000e+01 ; 2.7600000e+02 
3.500e+01 ; 8.000e-01 ; 4.200e+00 ; 6.5000000e+01 ; 2.7600000e+02 
3.500e+01 ; 8.000e-01 ; 4.200e+00 ; 6.5000000e+01 ; 2.7600000e+02 
3.500e+01 ; 8.000e-01 ; 4.200e+00 ; 6.5001000e+01 ; 2.7600000e+02 
3.500e+01 ; 8.000e-01 ; 4.200e+00 ; 6.5002000e+01 ; 2.7600000e+02 
3.500e+01 ; 8.000e-01 ; 4.200e+00 ; 6.5003000e+01 ; 2.7600000e+02 
3.500e+01 ; 8.000e-01 ; 4.200e+00 ; 6.5005000e+01 ; 2.7600000e+02 
3.500e+01 ; 8.000e-01 ; 4.200e+00 ; 6.5009000e+01 ; 2.7600000e+02 
3.500e+01 ; 8.000e-01 ; 4.200e+00 ; 6.5017000e+01 ; 2.7600000e+02 
3.500e+01 ; 8.000e-01 ; 4.200e+00 ; 6.5033000e+01 ; 2.7600000e+02 
3.500e+01 ; 8.000e-01 ; 4.200e+00 ; 6.5065000e+01 ; 2.7600000e+02 
3.500e+01 ; 8.000e-01 ; 4.200e+00 ; 6.5129000e+01 ; 2.7600000e+02 
3.500e+01 ; 8.000e-01 ; 4.200e+00 ; 6.5257000e+01 ; 2.7600000e+02 
3.500e+01 ; 8.000e-01 ; 4.200e+00 ; 6.5513000e+01 ; 2.7600000e+02 
3.500e+01 ; 8.000e-01 ; 4.200e+00 ; 6.6000000e+01 ; 2.7600000e+02 
3.500e+01 ; 8.000e-01 ; 4.200e+00 ; 6.6000000e+01 ; 2.7600000e+02 
3.500e+01 ; 8.000e-01 ; 4.200e+00 ; 6.6001000e+01 ; 2.7600000e+02 
3.500e+01 ; 8.000e-01 ; 4.200e+00 ; 6.6002000e+01 ; 2.7600000e+02 
3.500e+01 ; 8.000e-01 ; 4.200e+00 ; 6.6003000e+01 ; 2.7600000e+02 
3.500e+01 ; 8.000e-01 ; 4.200e+00 ; 6.6005000e+01 ; 2.7600000e+02 
3.500e+01 ; 8.000e-01 ; 4.200e+00 ; 6.6009000e+01 ; 2.7600000e+02 
3.500e+01 ; 8.000e-01 ; 4.200e+00 ; 6.6017000e+01 ; 2.7600000e+02 
3.500e+01 ; 8.000e-01 ; 4.200e+00 ; 6.6033000e+01 ; 2.7600000e+02 
3.500e+01 ; 8.000e-01 ; 4.200e+00 ; 6.6065000e+01 ; 2.7600000e+02 
3.500e+01 ; 8.000e-01 ; 4.200e+00 ; 6.6129000e+01 ; 2.7600000e+02 
3.500e+01 ; 8.000e-01 ; 4.200e+00 ; 6.6257000e+01 ; 2.7600000e+02 
3.500e+01 ; 8.000e-01 ; 4.200e+00 ; 6.6513000e+01 ; 2.7600000e+02 
3.500e+01 ; 8.000e-01 ; 4.200e+00 ; 6.7000000e+01 ; 2.7600000e+02 
3.500e+01 ; 8.000e-01 ; 4.200e+00 ; 6.7000000e+01 ; 2.7600000e+02 
3.500e+01 ; 8.000e-01 ; 4.200e+00 ; 6.7001000e+01 ; 2.7600000e+02 
3.500e+01 ; 8.000e-01 ; 4.200e+00 ; 6.7002000e+01 ; 2.7600000e+02 
3.500e+01 ; 8.000e-01 ; 4.200e+00 ; 6.7003000e+01 ; 2.7600000e+02 
3.500e+01 ; 8.000e-01 ; 4.200e+00 ; 6.7005000e+01 ; 2.7600000e+02 
3.500e+01 ; 8.000e-01 ; 4.200e+00 ; 6.7009000e+01 ; 2.7600000e+02 
3.500e+01 ; 8.000e-01 ; 4.200e+00 ; 6.7017000e+01 ; 2.7600000e+02 
3.500e+01 ; 8.000e-01 ; 4.200e+00 ; 6.7033000e+01 ; 2.7600000e+02 
3.500e+01 ; 8.000e-01 ; 4.200e+00 ; 6.7065000e+01 ; 2.7600000e+02 
3.500e+01 ; 8.000e-01 ; 4.200e+00 ; 6.7129000e+01 ; 2.7600000e+02 
3.500e+01 ; 8.000e-01 ; 4.200e+00 ; 6.7257000e+01 ; 2.7600000e+02 
3.500e+01 ; 8.000e-01 ; 4.200e+00 ; 6.7513000e+01 ; 2.7600000e+02 
3.500e+01 ; 8.000e-01 ; 4.200e+00 ; 6.8000000e+01 ; 2.7600000e+02 
3.500e+01 ; 8.000e-01 ; 4.200e+00 ; 6.8000000e+01 ; 2.7600000e+02 
3.500e+01 ; 8.000e-01 ; 4.200e+00 ; 6.8001000e+01 ; 2.7600000e+02 
3.500e+01 ; 8.000e-01 ; 4.200e+00 ; 6.8002000e+01 ; 2.7600000e+02 
3.500e+01 ; 8.000e-01 ; 4.200e+00 ; 6.8003000e+01 ; 2.7600000e+02 
3.500e+01 ; 8.000e-01 ; 4.200e+00 ; 6.8005000e+01 ; 2.7600000e+02 
3.500e+01 ; 8.000e-01 ; 4.200e+00 ; 6.8009000e+01 ; 2.7600000e+02 
3.500e+01 ; 8.000e-01 ; 4.200e+00 ; 6.8017000e+01 ; 2.7600000e+02 
3.500e+01 ; 8.000e-01 ; 4.200e+00 ; 6.8033000e+01 ; 2.7600000e+02 
3.500e+01 ; 8.000e-01 ; 4.200e+00 ; 6.8065000e+01 ; 2.7600000e+02 
3.500e+01 ; 8.000e-01 ; 4.200e+00 ; 6.8129000e+01 ; 2.7600000e+02 
3.500e+01 ; 8.000e-01 ; 4.200e+00 ; 6.8257000e+01 ; 2.7600000e+02 
3.500e+01 ; 8.000e-01 ; 4.200e+00 ; 6.8513000e+01 ; 2.7600000e+02 
3.500e+01 ; 8.000e-01 ; 4.200e+00 ; 6.9000000e+01 ; 2.7600000e+02 
3.500e+01 ; 8.000e-01 ; 4.200e+00 ; 6.9000000e+01 ; 2.7600000e+02 
3.500e+01 ; 8.000e-01 ; 4.200e+00 ; 6.9001000e+01 ; 2.7600000e+02 
3.500e+01 ; 8.000e-01 ; 4.200e+00 ; 6.9002000e+01 ; 2.7600000e+02 
3.500e+01 ; 8.000e-01 ; 4.200e+00 ; 6.9003000e+01 ; 2.7600000e+02 
3.500e+01 ; 8.000e-01 ; 4.200e+00 ; 6.9005000e+01 ; 2.7600000e+02 
3.500e+01 ; 8.000e-01 ; 4.200e+00 ; 6.9009000e+01 ; 2.7600000e+02 
3.500e+01 ; 8.000e-01 ; 4.200e+00 ; 6.9017000e+01 ; 2.7600000e+02 
3.500e+01 ; 8.000e-01 ; 4.200e+00 ; 6.9033000e+01 ; 2.7600000e+02 
3.500e+01 ; 8.000e-01 ; 4.200e+00 ; 6.9065000e+01 ; 2.7600000e+02 
3.500e+01 ; 8.000e-01 ; 4.200e+00 ; 6.9129000e+01 ; 2.7600000e+02 
3.500e+01 ; 8.000e-01 ; 4.200e+00 ; 6.9257000e+01 ; 2.7600000e+02 
3.500e+01 ; 8.000e-01 ; 4.200e+00 ; 6.9513000e+01 ; 2.7600000e+02 
3.500e+01 ; 8.000e-01 ; 4.200e+00 ; 7.0000000e+01 ; 2.7600000e+02 
3.500e+01 ; 8.000e-01 ; 4.200e+00 ; 7.0000000e+01 ; 2.7600000e+02 
3.500e+01 ; 8.000e-01 ; 4.200e+00 ; 7.0001000e+01 ; 2.7600000e+02 
3.500e+01 ; 8.000e-01 ; 4.200e+00 ; 7.0002000e+01 ; 2.7600000e+02 
3.500e+01 ; 8.000e-01 ; 4.200e+00 ; 7.0003000e+01 ; 2.7600000e+02 
3.500e+01 ; 8.000e-01 ; 4.200e+00 ; 7.0005000e+01 ; 2.7600000e+02 
3.500e+01 ; 8.000e-01 ; 4.200e+00 ; 7.0009000e+01 ; 2.7600000e+02 
3.500e+01 ; 8.000e-01 ; 4.200e+00 ; 7.0017000e+01 ; 2.7600000e+02 
3.500e+01 ; 8.000e-01 ; 4.200e+00 ; 7.0033000e+01 ; 2.7600000e+02 
3.500e+01 ; 8.000e-01 ; 4.200e+00 ; 7.0065000e+01 ; 2.7600000e+02 
3.500e+01 ; 8.000e-01 ; 4.200e+00 ; 7.0129000e+01 ; 2.7600000e+02 
3.500e+01 ; 8.000e-01 ; 4.200e+00 ; 7.0257000e+01 ; 2.7600000e+02 
3.500e+01 ; 8.000e-01 ; 4.200e+00 ; 7.0513000e+01 ; 2.7600000e+02 
3.500e+01 ; 8.000e-01 ; 4.200e+00 ; 7.1000000e+01 ; 2.7600000e+02 
3.500e+01 ; 8.000e-01 ; 4.200e+00 ; 7.1000000e+01 ; 2.7600000e+02 
3.500e+01 ; 8.000e-01 ; 4.200e+00 ; 7.1001000e+01 ; 2.7600000e+02 
3.500e+01 ; 8.000e-01 ; 4.200e+00 ; 7.1002000e+01 ; 2.7600000e+02 
3.500e+01 ; 8.000e-01 ; 4.200e+00 ; 7.1003000e+01 ; 2.7600000e+02 
3.500e+01 ; 8.000e-01 ; 4.200e+00 ; 7.1005000e+01 ; 2.7600000e+02 
3.500e+01 ; 8.000e-01 ; 4.200e+00 ; 7.1009000e+01 ; 2.7600000e+02 
3.500e+01 ; 8.000e-01 ; 4.200e+00 ; 7.1017000e+01 ; 2.7600000e+02 
3.500e+01 ; 8.000e-01 ; 4.200e+00 ; 7.1033000e+01 ; 2.7600000e+02 
3.500e+01 ; 8.000e-01 ; 4.200e+00 ; 7.1065000e+01 ; 2.7600000e+02 
3.500e+01 ; 8.000e-01 ; 4.200e+00 ; 7.1129000e+01 ; 2.7600000e+02 
3.500e+01 ; 8.000e-01 ; 4.200e+00 ; 7.1257000e+01 ; 2.7600000e+02 
3.500e+01 ; 8.000e-01 ; 4.200e+00 ; 7.1513000e+01 ; 2.7600000e+02 
3.500e+01 ; 8.000e-01 ; 4.200e+00 ; 7.2000000e+01 ; 2.7600000e+02 
3.500e+01 ; 8.000e-01 ; 4.200e+00 ; 7.2000000e+01 ; 2.7600000e+02 
3.500e+01 ; 8.000e-01 ; 4.200e+00 ; 7.2001000e+01 ; 2.7600000e+02 
3.500e+01 ; 8.000e-01 ; 4.200e+00 ; 7.2002000e+01 ; 2.7600000e+02 
3.500e+01 ; 8.000e-01 ; 4.200e+00 ; 7.2003000e+01 ; 2.7600000e+02 
3.500e+01 ; 8.000e-01 ; 4.200e+00 ; 7.2005000e+01 ; 2.7600000e+02 
3.500e+01 ; 8.000e-01 ; 4.200e+00 ; 7.2009000e+01 ; 2.7600000e+02 
3.500e+01 ; 8.000e-01 ; 4.200e+00 ; 7.2017000e+01 ; 2.7600000e+02 
3.500e+01 ; 8.000e-01 ; 4.200e+00 ; 7.2033000e+01 ; 2.7600000e+02 
3.500e+01 ; 8.000e-01 ; 4.200e+00 ; 7.2065000e+01 ; 2.7600000e+02 
3.500e+01 ; 8.000e-01 ; 4.200e+00 ; 7.2129000e+01 ; 2.7600000e+02 
3.500e+01 ; 8.000e-01 ; 4.200e+00 ; 7.2257000e+01 ; 2.7600000e+02 
3.500e+01 ; 8.000e-01 ; 4.200e+00 ; 7.2513000e+01 ; 2.7600000e+02 
3.500e+01 ; 8.000e-01 ; 4.200e+00 ; 7.3000000e+01 ; 2.7600000e+02 
3.500e+01 ; 8.000e-01 ; 4.200e+00 ; 7.3000000e+01 ; 2.7600000e+02 
3.500e+01 ; 8.000e-01 ; 4.200e+00 ; 7.3001000e+01 ; 2.7600000e+02 
3.500e+01 ; 8.000e-01 ; 4.200e+00 ; 7.3002000e+01 ; 2.7600000e+02 
3.500e+01 ; 8.000e-01 ; 4.200e+00 ; 7.3003000e+01 ; 2.7600000e+02 
3.500e+01 ; 8.000e-01 ; 4.200e+00 ; 7.3005000e+01 ; 2.7600000e+02 
3.500e+01 ; 8.000e-01 ; 4.200e+00 ; 7.3009000e+01 ; 2.7600000e+02 
3.500e+01 ; 8.000e-01 ; 4.200e+00 ; 7.3017000e+01 ; 2.7600000e+02 
3.500e+01 ; 8.000e-01 ; 4.200e+00 ; 7.3033000e+01 ; 2.7600000e+02 
3.500e+01 ; 8.000e-01 ; 4.200e+00 ; 7.3065000e+01 ; 2.7600000e+02 
3.500e+01 ; 8.000e-01 ; 4.200e+00 ; 7.3129000e+01 ; 2.7600000e+02 
3.500e+01 ; 8.000e-01 ; 4.200e+00 ; 7.3257000e+01 ; 2.7600000e+02 
3.500e+01 ; 8.000e-01 ; 4.200e+00 ; 7.3513000e+01 ; 2.7600000e+02 
3.500e+01 ; 8.000e-01 ; 4.200e+00 ; 7.4000000e+01 ; 2.7600000e+02 
3.500e+01 ; 8.000e-01 ; 4.200e+00 ; 7.4000000e+01 ; 2.7600000e+02 
3.500e+01 ; 8.000e-01 ; 4.200e+00 ; 7.4001000e+01 ; 2.7600000e+02 
3.500e+01 ; 8.000e-01 ; 4.200e+00 ; 7.4002000e+01 ; 2.7600000e+02 
3.500e+01 ; 8.000e-01 ; 4.200e+00 ; 7.4003000e+01 ; 2.7600000e+02 
3.500e+01 ; 8.000e-01 ; 4.200e+00 ; 7.4005000e+01 ; 2.7600000e+02 
3.500e+01 ; 8.000e-01 ; 4.200e+00 ; 7.4009000e+01 ; 2.7600000e+02 
3.500e+01 ; 8.000e-01 ; 4.200e+00 ; 7.4017000e+01 ; 2.7600000e+02 
3.500e+01 ; 8.000e-01 ; 4.200e+00 ; 7.4033000e+01 ; 2.7600000e+02 
3.500e+01 ; 8.000e-01 ; 4.200e+00 ; 7.4065000e+01 ; 2.7600000e+02 
3.500e+01 ; 8.000e-01 ; 4.200e+00 ; 7.4129000e+01 ; 2.7600000e+02 
3.500e+01 ; 8.000e-01 ; 4.200e+00 ; 7.4257000e+01 ; 2.7600000e+02 
3.500e+01 ; 8.000e-01 ; 4.200e+00 ; 7.4513000e+01 ; 2.7600000e+02 
3.500e+01 ; 8.000e-01 ; 4.200e+00 ; 7.5000000e+01 ; 2.7600000e+02 
3.500e+01 ; 8.000e-01 ; 4.200e+00 ; 7.5000000e+01 ; 2.7600000e+02 
3.500e+01 ; 8.000e-01 ; 4.200e+00 ; 7.5001000e+01 ; 2.7600000e+02 
3.500e+01 ; 8.000e-01 ; 4.200e+00 ; 7.5002000e+01 ; 2.7600000e+02 
3.500e+01 ; 8.000e-01 ; 4.200e+00 ; 7.5003000e+01 ; 2.7600000e+02 
3.500e+01 ; 8.000e-01 ; 4.200e+00 ; 7.5005000e+01 ; 2.7600000e+02 
3.500e+01 ; 8.000e-01 ; 4.200e+00 ; 7.5009000e+01 ; 2.7600000e+02 
3.500e+01 ; 8.000e-01 ; 4.200e+00 ; 7.5017000e+01 ; 2.7600000e+02 
3.500e+01 ; 8.000e-01 ; 4.200e+00 ; 7.5033000e+01 ; 2.7600000e+02 
3.500e+01 ; 8.000e-01 ; 4.200e+00 ; 7.5065000e+01 ; 2.7600000e+02 
3.500e+01 ; 8.000e-01 ; 4.200e+00 ; 7.5129000e+01 ; 2.7600000e+02 
3.500e+01 ; 8.000e-01 ; 4.200e+00 ; 7.5257000e+01 ; 2.7600000e+02 
3.500e+01 ; 8.000e-01 ; 4.200e+00 ; 7.5513000e+01 ; 2.7600000e+02 
3.500e+01 ; 8.000e-01 ; 4.200e+00 ; 7.6000000e+01 ; 2.7600000e+02 
3.500e+01 ; 8.000e-01 ; 4.200e+00 ; 7.6000000e+01 ; 2.7600000e+02 
3.500e+01 ; 8.000e-01 ; 4.200e+00 ; 7.6001000e+01 ; 2.7600000e+02 
3.500e+01 ; 8.000e-01 ; 4.200e+00 ; 7.6002000e+01 ; 2.7600000e+02 
3.500e+01 ; 8.000e-01 ; 4.200e+00 ; 7.6003000e+01 ; 2.7600000e+02 
3.500e+01 ; 8.000e-01 ; 4.200e+00 ; 7.6005000e+01 ; 2.7600000e+02 
3.500e+01 ; 8.000e-01 ; 4.200e+00 ; 7.6009000e+01 ; 2.7600000e+02 
3.500e+01 ; 8.000e-01 ; 4.200e+00 ; 7.6017000e+01 ; 2.7600000e+02 
3.500e+01 ; 8.000e-01 ; 4.200e+00 ; 7.6033000e+01 ; 2.7600000e+02 
3.500e+01 ; 8.000e-01 ; 4.200e+00 ; 7.6065000e+01 ; 2.7600000e+02 
3.500e+01 ; 8.000e-01 ; 4.200e+00 ; 7.6129000e+01 ; 2.7600000e+02 
3.500e+01 ; 8.000e-01 ; 4.200e+00 ; 7.6257000e+01 ; 2.7600000e+02 
3.500e+01 ; 8.000e-01 ; 4.200e+00 ; 7.6513000e+01 ; 2.7600000e+02 
3.500e+01 ; 8.000e-01 ; 4.200e+00 ; 7.7000000e+01 ; 2.7600000e+02 
3.500e+01 ; 8.000e-01 ; 4.200e+00 ; 7.7000000e+01 ; 2.7600000e+02 
3.500e+01 ; 8.000e-01 ; 4.200e+00 ; 7.7001000e+01 ; 2.7600000e+02 
3.500e+01 ; 8.000e-01 ; 4.200e+00 ; 7.7002000e+01 ; 2.7600000e+02 
3.500e+01 ; 8.000e-01 ; 4.200e+00 ; 7.7003000e+01 ; 2.7600000e+02 
3.500e+01 ; 8.000e-01 ; 4.200e+00 ; 7.7005000e+01 ; 2.7600000e+02 
3.500e+01 ; 8.000e-01 ; 4.200e+00 ; 7.7009000e+01 ; 2.7600000e+02 
3.500e+01 ; 8.000e-01 ; 4.200e+00 ; 7.7017000e+01 ; 2.7600000e+02 
3.500e+01 ; 8.000e-01 ; 4.200e+00 ; 7.7033000e+01 ; 2.7600000e+02 
3.500e+01 ; 8.000e-01 ; 4.200e+00 ; 7.7065000e+01 ; 2.7600000e+02 
3.500e+01 ; 8.000e-01 ; 4.200e+00 ; 7.7129000e+01 ; 2.7600000e+02 
3.500e+01 ; 8.000e-01 ; 4.200e+00 ; 7.7257000e+01 ; 2.7600000e+02 
3.500e+01 ; 8.000e-01 ; 4.200e+00 ; 7.7513000e+01 ; 2.7600000e+02 
3.500e+01 ; 8.000e-01 ; 4.200e+00 ; 7.8000000e+01 ; 2.7600000e+02 
3.500e+01 ; 8.000e-01 ; 4.200e+00 ; 7.8000000e+01 ; 2.7600000e+02 
3.500e+01 ; 8.000e-01 ; 4.200e+00 ; 7.8001000e+01 ; 2.7600000e+02 
3.500e+01 ; 8.000e-01 ; 4.200e+00 ; 7.8002000e+01 ; 2.7600000e+02 
3.500e+01 ; 8.000e-01 ; 4.200e+00 ; 7.8003000e+01 ; 2.7600000e+02 
3.500e+01 ; 8.000e-01 ; 4.200e+00 ; 7.8005000e+01 ; 2.7600000e+02 
3.500e+01 ; 8.000e-01 ; 4.200e+00 ; 7.8009000e+01 ; 2.7600000e+02 
3.500e+01 ; 8.000e-01 ; 4.200e+00 ; 7.8017000e+01 ; 2.7600000e+02 
3.500e+01 ; 8.000e-01 ; 4.200e+00 ; 7.8033000e+01 ; 2.7600000e+02 
3.500e+01 ; 8.000e-01 ; 4.200e+00 ; 7.8065000e+01 ; 2.7600000e+02 
3.500e+01 ; 8.000e-01 ; 4.200e+00 ; 7.8129000e+01 ; 2.7600000e+02 
3.500e+01 ; 8.000e-01 ; 4.200e+00 ; 7.8257000e+01 ; 2.7600000e+02 
3.500e+01 ; 8.000e-01 ; 4.200e+00 ; 7.8513000e+01 ; 2.7600000e+02 
3.500e+01 ; 8.000e-01 ; 4.200e+00 ; 7.9000000e+01 ; 2.7600000e+02 
3.500e+01 ; 8.000e-01 ; 4.200e+00 ; 7.9000000e+01 ; 2.7600000e+02 
3.500e+01 ; 8.000e-01 ; 4.200e+00 ; 7.9001000e+01 ; 2.7600000e+02 
3.500e+01 ; 8.000e-01 ; 4.200e+00 ; 7.9002000e+01 ; 2.7600000e+02 
3.500e+01 ; 8.000e-01 ; 4.200e+00 ; 7.9003000e+01 ; 2.7600000e+02 
3.500e+01 ; 8.000e-01 ; 4.200e+00 ; 7.9005000e+01 ; 2.7600000e+02 
3.500e+01 ; 8.000e-01 ; 4.200e+00 ; 7.9009000e+01 ; 2.7600000e+02 
3.500e+01 ; 8.000e-01 ; 4.200e+00 ; 7.9017000e+01 ; 2.7600000e+02 
3.500e+01 ; 8.000e-01 ; 4.200e+00 ; 7.9033000e+01 ; 2.7600000e+02 
3.500e+01 ; 8.000e-01 ; 4.200e+00 ; 7.9065000e+01 ; 2.7600000e+02 
3.500e+01 ; 8.000e-01 ; 4.200e+00 ; 7.9129000e+01 ; 2.7600000e+02 
3.500e+01 ; 8.000e-01 ; 4.200e+00 ; 7.9257000e+01 ; 2.7600000e+02 
3.500e+01 ; 8.000e-01 ; 4.200e+00 ; 7.9513000e+01 ; 2.7600000e+02 
3.500e+01 ; 8.000e-01 ; 4.200e+00 ; 8.0000000e+01 ; 2.7600000e+02 
3.500e+01 ; 8.000e-01 ; 4.200e+00 ; 8.0000000e+01 ; 2.7600000e+02 
3.500e+01 ; 8.000e-01 ; 4.200e+00 ; 8.0001000e+01 ; 2.7600000e+02 
3.500e+01 ; 8.000e-01 ; 4.200e+00 ; 8.0002000e+01 ; 2.7600000e+02 
3.500e+01 ; 8.000e-01 ; 4.200e+00 ; 8.0003000e+01 ; 2.7600000e+02 
3.500e+01 ; 8.000e-01 ; 4.200e+00 ; 8.0005000e+01 ; 2.7600000e+02 
3.500e+01 ; 8.000e-01 ; 4.200e+00 ; 8.0009000e+01 ; 2.7600000e+02 
3.500e+01 ; 8.000e-01 ; 4.200e+00 ; 8.0017000e+01 ; 2.7600000e+02 
3.500e+01 ; 8.000e-01 ; 4.200e+00 ; 8.0033000e+01 ; 2.7600000e+02 
3.500e+01 ; 8.000e-01 ; 4.200e+00 ; 8.0065000e+01 ; 2.7600000e+02 
3.500e+01 ; 8.000e-01 ; 4.200e+00 ; 8.0129000e+01 ; 2.7600000e+02 
3.500e+01 ; 8.000e-01 ; 4.200e+00 ; 8.0257000e+01 ; 2.7600000e+02 
3.500e+01 ; 8.000e-01 ; 4.200e+00 ; 8.0513000e+01 ; 2.7600000e+02 
3.500e+01 ; 8.000e-01 ; 4.200e+00 ; 8.1000000e+01 ; 2.7600000e+02 
3.500e+01 ; 8.000e-01 ; 4.200e+00 ; 8.1000000e+01 ; 2.7600000e+02 
3.500e+01 ; 8.000e-01 ; 4.200e+00 ; 8.1001000e+01 ; 2.7600000e+02 
3.500e+01 ; 8.000e-01 ; 4.200e+00 ; 8.1002000e+01 ; 2.7600000e+02 
3.500e+01 ; 8.000e-01 ; 4.200e+00 ; 8.1003000e+01 ; 2.7600000e+02 
3.500e+01 ; 8.000e-01 ; 4.200e+00 ; 8.1005000e+01 ; 2.7600000e+02 
3.500e+01 ; 8.000e-01 ; 4.200e+00 ; 8.1009000e+01 ; 2.7600000e+02 
3.500e+01 ; 8.000e-01 ; 4.200e+00 ; 8.1017000e+01 ; 2.7600000e+02 
3.500e+01 ; 8.000e-01 ; 4.200e+00 ; 8.1033000e+01 ; 2.7600000e+02 
3.500e+01 ; 8.000e-01 ; 4.200e+00 ; 8.1065000e+01 ; 2.7600000e+02 
3.500e+01 ; 8.000e-01 ; 4.200e+00 ; 8.1129000e+01 ; 2.7600000e+02 
3.500e+01 ; 8.000e-01 ; 4.200e+00 ; 8.1257000e+01 ; 2.7600000e+02 
3.500e+01 ; 8.000e-01 ; 4.200e+00 ; 8.1513000e+01 ; 2.7600000e+02 
3.500e+01 ; 8.000e-01 ; 4.200e+00 ; 8.2000000e+01 ; 2.7600000e+02 
3.500e+01 ; 8.000e-01 ; 4.200e+00 ; 8.2000000e+01 ; 2.7600000e+02 
3.500e+01 ; 8.000e-01 ; 4.200e+00 ; 8.2001000e+01 ; 2.7600000e+02 
3.500e+01 ; 8.000e-01 ; 4.200e+00 ; 8.2002000e+01 ; 2.7600000e+02 
3.500e+01 ; 8.000e-01 ; 4.200e+00 ; 8.2003000e+01 ; 2.7600000e+02 
3.500e+01 ; 8.000e-01 ; 4.200e+00 ; 8.2005000e+01 ; 2.7600000e+02 
3.500e+01 ; 8.000e-01 ; 4.200e+00 ; 8.2009000e+01 ; 2.7600000e+02 
3.500e+01 ; 8.000e-01 ; 4.200e+00 ; 8.2017000e+01 ; 2.7600000e+02 
3.500e+01 ; 8.000e-01 ; 4.200e+00 ; 8.2033000e+01 ; 2.7600000e+02 
3.500e+01 ; 8.000e-01 ; 4.200e+00 ; 8.2065000e+01 ; 2.7600000e+02 
3.500e+01 ; 8.000e-01 ; 4.200e+00 ; 8.2129000e+01 ; 2.7600000e+02 
3.500e+01 ; 8.000e-01 ; 4.200e+00 ; 8.2257000e+01 ; 2.7600000e+02 
3.500e+01 ; 8.000e-01 ; 4.200e+00 ; 8.2513000e+01 ; 2.7600000e+02 
3.500e+01 ; 8.000e-01 ; 4.200e+00 ; 8.3000000e+01 ; 2.7600000e+02 
3.500e+01 ; 8.000e-01 ; 4.200e+00 ; 8.3000000e+01 ; 2.7600000e+02 
3.500e+01 ; 8.000e-01 ; 4.200e+00 ; 8.3001000e+01 ; 2.7600000e+02 
3.500e+01 ; 8.000e-01 ; 4.200e+00 ; 8.3002000e+01 ; 2.7600000e+02 
3.500e+01 ; 8.000e-01 ; 4.200e+00 ; 8.3003000e+01 ; 2.7600000e+02 
3.500e+01 ; 8.000e-01 ; 4.200e+00 ; 8.3005000e+01 ; 2.7600000e+02 
3.500e+01 ; 8.000e-01 ; 4.200e+00 ; 8.3009000e+01 ; 2.7600000e+02 
3.500e+01 ; 8.000e-01 ; 4.200e+00 ; 8.3017000e+01 ; 2.7600000e+02 
3.500e+01 ; 8.000e-01 ; 4.200e+00 ; 8.3033000e+01 ; 2.7600000e+02 
3.500e+01 ; 8.000e-01 ; 4.200e+00 ; 8.3065000e+01 ; 2.7600000e+02 
3.500e+01 ; 8.000e-01 ; 4.200e+00 ; 8.3129000e+01 ; 2.7600000e+02 
3.500e+01 ; 8.000e-01 ; 4.200e+00 ; 8.3257000e+01 ; 2.7600000e+02 
3.500e+01 ; 8.000e-01 ; 4.200e+00 ; 8.3513000e+01 ; 2.7600000e+02 
3.500e+01 ; 8.000e-01 ; 4.200e+00 ; 8.4000000e+01 ; 2.7600000e+02 
3.500e+01 ; 8.000e-01 ; 4.200e+00 ; 8.4000000e+01 ; 2.7600000e+02 
3.500e+01 ; 8.000e-01 ; 4.200e+00 ; 8.4001000e+01 ; 2.7600000e+02 
3.500e+01 ; 8.000e-01 ; 4.200e+00 ; 8.4002000e+01 ; 2.7600000e+02 
3.500e+01 ; 8.000e-01 ; 4.200e+00 ; 8.4003000e+01 ; 2.7600000e+02 
3.500e+01 ; 8.000e-01 ; 4.200e+00 ; 8.4005000e+01 ; 2.7600000e+02 
3.500e+01 ; 8.000e-01 ; 4.200e+00 ; 8.4009000e+01 ; 2.7600000e+02 
3.500e+01 ; 8.000e-01 ; 4.200e+00 ; 8.4017000e+01 ; 2.7600000e+02 
3.500e+01 ; 8.000e-01 ; 4.200e+00 ; 8.4033000e+01 ; 2.7600000e+02 
3.500e+01 ; 8.000e-01 ; 4.200e+00 ; 8.4065000e+01 ; 2.7600000e+02 
3.500e+01 ; 8.000e-01 ; 4.200e+00 ; 8.4129000e+01 ; 2.7600000e+02 
3.500e+01 ; 8.000e-01 ; 4.200e+00 ; 8.4257000e+01 ; 2.7600000e+02 
3.500e+01 ; 8.000e-01 ; 4.200e+00 ; 8.4513000e+01 ; 2.7600000e+02 
3.500e+01 ; 8.000e-01 ; 4.200e+00 ; 8.5000000e+01 ; 2.7600000e+02 
3.500e+01 ; 8.000e-01 ; 4.200e+00 ; 8.5000000e+01 ; 2.7600000e+02 
3.500e+01 ; 8.000e-01 ; 4.200e+00 ; 8.5001000e+01 ; 2.7600000e+02 
3.500e+01 ; 8.000e-01 ; 4.200e+00 ; 8.5002000e+01 ; 2.7600000e+02 
3.500e+01 ; 8.000e-01 ; 4.200e+00 ; 8.5003000e+01 ; 2.7600000e+02 
3.500e+01 ; 8.000e-01 ; 4.200e+00 ; 8.5005000e+01 ; 2.7600000e+02 
3.500e+01 ; 8.000e-01 ; 4.200e+00 ; 8.5009000e+01 ; 2.7600000e+02 
3.500e+01 ; 8.000e-01 ; 4.200e+00 ; 8.5017000e+01 ; 2.7600000e+02 
3.500e+01 ; 8.000e-01 ; 4.200e+00 ; 8.5033000e+01 ; 2.7600000e+02 
3.500e+01 ; 8.000e-01 ; 4.200e+00 ; 8.5065000e+01 ; 2.7600000e+02 
3.500e+01 ; 8.000e-01 ; 4.200e+00 ; 8.5129000e+01 ; 2.7600000e+02 
3.500e+01 ; 8.000e-01 ; 4.200e+00 ; 8.5257000e+01 ; 2.7600000e+02 
3.500e+01 ; 8.000e-01 ; 4.200e+00 ; 8.5513000e+01 ; 2.7600000e+02 
3.500e+01 ; 8.000e-01 ; 4.200e+00 ; 8.6000000e+01 ; 2.7600000e+02 
3.500e+01 ; 8.000e-01 ; 4.200e+00 ; 8.6000000e+01 ; 2.7600000e+02 
3.500e+01 ; 8.000e-01 ; 4.200e+00 ; 8.6001000e+01 ; 2.7600000e+02 
3.500e+01 ; 8.000e-01 ; 4.200e+00 ; 8.6002000e+01 ; 2.7600000e+02 
3.500e+01 ; 8.000e-01 ; 4.200e+00 ; 8.6003000e+01 ; 2.7600000e+02 
3.500e+01 ; 8.000e-01 ; 4.200e+00 ; 8.6005000e+01 ; 2.7600000e+02 
3.500e+01 ; 8.000e-01 ; 4.200e+00 ; 8.6009000e+01 ; 2.7600000e+02 
3.500e+01 ; 8.000e-01 ; 4.200e+00 ; 8.6017000e+01 ; 2.7600000e+02 
3.500e+01 ; 8.000e-01 ; 4.200e+00 ; 8.6033000e+01 ; 2.7600000e+02 
3.500e+01 ; 8.000e-01 ; 4.200e+00 ; 8.6065000e+01 ; 2.7600000e+02 
3.500e+01 ; 8.000e-01 ; 4.200e+00 ; 8.6129000e+01 ; 2.7600000e+02 
3.500e+01 ; 8.000e-01 ; 4.200e+00 ; 8.6257000e+01 ; 2.7600000e+02 
3.500e+01 ; 8.000e-01 ; 4.200e+00 ; 8.6513000e+01 ; 2.7600000e+02 
3.500e+01 ; 8.000e-01 ; 4.200e+00 ; 8.7000000e+01 ; 2.7600000e+02 
3.500e+01 ; 8.000e-01 ; 4.200e+00 ; 8.7000000e+01 ; 2.7600000e+02 
3.500e+01 ; 8.000e-01 ; 4.200e+00 ; 8.7001000e+01 ; 2.7600000e+02 
3.500e+01 ; 8.000e-01 ; 4.200e+00 ; 8.7002000e+01 ; 2.7600000e+02 
3.500e+01 ; 8.000e-01 ; 4.200e+00 ; 8.7003000e+01 ; 2.7600000e+02 
3.500e+01 ; 8.000e-01 ; 4.200e+00 ; 8.7005000e+01 ; 2.7600000e+02 
3.500e+01 ; 8.000e-01 ; 4.200e+00 ; 8.7009000e+01 ; 2.7600000e+02 
3.500e+01 ; 8.000e-01 ; 4.200e+00 ; 8.7017000e+01 ; 2.7600000e+02 
3.500e+01 ; 8.000e-01 ; 4.200e+00 ; 8.7033000e+01 ; 2.7600000e+02 
3.500e+01 ; 8.000e-01 ; 4.200e+00 ; 8.7065000e+01 ; 2.7600000e+02 
3.500e+01 ; 8.000e-01 ; 4.200e+00 ; 8.7129000e+01 ; 2.7600000e+02 
3.500e+01 ; 8.000e-01 ; 4.200e+00 ; 8.7257000e+01 ; 2.7600000e+02 
3.500e+01 ; 8.000e-01 ; 4.200e+00 ; 8.7513000e+01 ; 2.7600000e+02 
3.500e+01 ; 8.000e-01 ; 4.200e+00 ; 8.8000000e+01 ; 2.7600000e+02 
3.500e+01 ; 8.000e-01 ; 4.200e+00 ; 8.8000000e+01 ; 2.7600000e+02 
3.500e+01 ; 8.000e-01 ; 4.200e+00 ; 8.8001000e+01 ; 2.7600000e+02 
3.500e+01 ; 8.000e-01 ; 4.200e+00 ; 8.8002000e+01 ; 2.7600000e+02 
3.500e+01 ; 8.000e-01 ; 4.200e+00 ; 8.8003000e+01 ; 2.7600000e+02 
3.500e+01 ; 8.000e-01 ; 4.200e+00 ; 8.8005000e+01 ; 2.7600000e+02 
3.500e+01 ; 8.000e-01 ; 4.200e+00 ; 8.8009000e+01 ; 2.7600000e+02 
3.500e+01 ; 8.000e-01 ; 4.200e+00 ; 8.8017000e+01 ; 2.7600000e+02 
3.500e+01 ; 8.000e-01 ; 4.200e+00 ; 8.8033000e+01 ; 2.7600000e+02 
3.500e+01 ; 8.000e-01 ; 4.200e+00 ; 8.8065000e+01 ; 2.7600000e+02 
3.500e+01 ; 8.000e-01 ; 4.200e+00 ; 8.8129000e+01 ; 2.7600000e+02 
3.500e+01 ; 8.000e-01 ; 4.200e+00 ; 8.8257000e+01 ; 2.7600000e+02 
3.500e+01 ; 8.000e-01 ; 4.200e+00 ; 8.8513000e+01 ; 2.7600000e+02 
3.500e+01 ; 8.000e-01 ; 4.200e+00 ; 8.9000000e+01 ; 2.7600000e+02 
3.500e+01 ; 8.000e-01 ; 4.200e+00 ; 8.9000000e+01 ; 2.7600000e+02 
3.500e+01 ; 8.000e-01 ; 4.200e+00 ; 8.9001000e+01 ; 2.7600000e+02 
3.500e+01 ; 8.000e-01 ; 4.200e+00 ; 8.9002000e+01 ; 2.7600000e+02 
3.500e+01 ; 8.000e-01 ; 4.200e+00 ; 8.9003000e+01 ; 2.7600000e+02 
3.500e+01 ; 8.000e-01 ; 4.200e+00 ; 8.9005000e+01 ; 2.7600000e+02 
3.500e+01 ; 8.000e-01 ; 4.200e+00 ; 8.9009000e+01 ; 2.7600000e+02 
3.500e+01 ; 8.000e-01 ; 4.200e+00 ; 8.9017000e+01 ; 2.7600000e+02 
3.500e+01 ; 8.000e-01 ; 4.200e+00 ; 8.9033000e+01 ; 2.7600000e+02 
3.500e+01 ; 8.000e-01 ; 4.200e+00 ; 8.9065000e+01 ; 2.7600000e+02 
3.500e+01 ; 8.000e-01 ; 4.200e+00 ; 8.9129000e+01 ; 2.7600000e+02 
3.500e+01 ; 8.000e-01 ; 4.200e+00 ; 8.9257000e+01 ; 2.7600000e+02 
3.500e+01 ; 8.000e-01 ; 4.200e+00 ; 8.9513000e+01 ; 2.7600000e+02 
3.500e+01 ; 8.000e-01 ; 4.200e+00 ; 9.0000000e+01 ; 2.7600000e+02 
3.500e+01 ; 8.000e-01 ; 4.200e+00 ; 9.0000000e+01 ; 2.7600000e+02 
3.500e+01 ; 8.000e-01 ; 4.200e+00 ; 9.0001000e+01 ; 2.7600000e+02 
3.500e+01 ; 8.000e-01 ; 4.200e+00 ; 9.0002000e+01 ; 2.7600000e+02 
3.500e+01 ; 8.000e-01 ; 4.200e+00 ; 9.0003000e+01 ; 2.7600000e+02 
3.500e+01 ; 8.000e-01 ; 4.200e+00 ; 9.0005000e+01 ; 2.7600000e+02 
3.500e+01 ; 8.000e-01 ; 4.200e+00 ; 9.0009000e+01 ; 2.7600000e+02 
3.500e+01 ; 8.000e-01 ; 4.200e+00 ; 9.0017000e+01 ; 2.7600000e+02 
3.500e+01 ; 8.000e-01 ; 4.200e+00 ; 9.0033000e+01 ; 2.7600000e+02 
3.500e+01 ; 8.000e-01 ; 4.200e+00 ; 9.0065000e+01 ; 2.7600000e+02 
3.500e+01 ; 8.000e-01 ; 4.200e+00 ; 9.0129000e+01 ; 2.7600000e+02 
3.500e+01 ; 8.000e-01 ; 4.200e+00 ; 9.0257000e+01 ; 2.7600000e+02 
3.500e+01 ; 8.000e-01 ; 4.200e+00 ; 9.0513000e+01 ; 2.7600000e+02 
3.500e+01 ; 8.000e-01 ; 4.200e+00 ; 9.1000000e+01 ; 2.7600000e+02 
3.500e+01 ; 8.000e-01 ; 4.200e+00 ; 9.1000000e+01 ; 2.7600000e+02 
3.500e+01 ; 8.000e-01 ; 4.200e+00 ; 9.1001000e+01 ; 2.7581036e+02 
3.500e+01 ; 8.000e-01 ; 4.200e+00 ; 9.1002000e+01 ; 2.7562088e+02 
3.500e+01 ; 8.000e-01 ; 4.200e+00 ; 9.1003000e+01 ; 2.7543161e+02 
3.500e+01 ; 8.000e-01 ; 4.200e+00 ; 9.1005000e+01 ; 2.7505371e+02 
3.500e+01 ; 8.000e-01 ; 4.200e+00 ; 9.1009000e+01 ; 2.7430072e+02 
3.500e+01 ; 8.000e-01 ; 4.200e+00 ; 9.1017000e+01 ; 2.7280585e+02 
3.500e+01 ; 8.000e-01 ; 4.200e+00 ; 9.1033000e+01 ; 2.6985992e+02 
3.500e+01 ; 8.000e-01 ; 4.200e+00 ; 9.1065000e+01 ; 2.6413965e+02 
3.500e+01 ; 8.000e-01 ; 4.200e+00 ; 9.1129000e+01 ; 2.5335434e+02 
3.500e+01 ; 8.000e-01 ; 4.200e+00 ; 9.1257000e+01 ; 2.3416000e+02 
3.500e+01 ; 8.000e-01 ; 4.200e+00 ; 9.1513000e+01 ; 2.0352126e+02 
3.500e+01 ; 8.000e-01 ; 4.200e+00 ; 9.2000000e+01 ; 1.6427750e+02 
3.500e+01 ; 8.000e-01 ; 4.200e+00 ; 9.2000000e+01 ; 1.6427750e+02 
3.500e+01 ; 8.000e-01 ; 4.200e+00 ; 9.2001000e+01 ; 1.6419699e+02 
3.500e+01 ; 8.000e-01 ; 4.200e+00 ; 9.2002000e+01 ; 1.6411656e+02 
3.500e+01 ; 8.000e-01 ; 4.200e+00 ; 9.2003000e+01 ; 1.6403621e+02 
3.500e+01 ; 8.000e-01 ; 4.200e+00 ; 9.2005000e+01 ; 1.6387582e+02 
3.500e+01 ; 8.000e-01 ; 4.200e+00 ; 9.2009000e+01 ; 1.6355624e+02 
3.500e+01 ; 8.000e-01 ; 4.200e+00 ; 9.2017000e+01 ; 1.6292195e+02 
3.500e+01 ; 8.000e-01 ; 4.200e+00 ; 9.2033000e+01 ; 1.6167236e+02 
3.500e+01 ; 8.000e-01 ; 4.200e+00 ; 9.2065000e+01 ; 1.5924666e+02 
3.500e+01 ; 8.000e-01 ; 4.200e+00 ; 9.2129000e+01 ; 1.5466994e+02 
3.500e+01 ; 8.000e-01 ; 4.200e+00 ; 9.2257000e+01 ; 1.4648654e+02 
3.500e+01 ; 8.000e-01 ; 4.200e+00 ; 9.2513000e+01 ; 1.3322203e+02 
3.500e+01 ; 8.000e-01 ; 4.200e+00 ; 9.3000000e+01 ; 1.1567223e+02 
3.500e+01 ; 8.000e-01 ; 4.200e+00 ; 9.3000000e+01 ; 1.1567223e+02 
3.500e+01 ; 8.000e-01 ; 4.200e+00 ; 9.3001000e+01 ; 1.1563623e+02 
3.500e+01 ; 8.000e-01 ; 4.200e+00 ; 9.3002000e+01 ; 1.1560026e+02 
3.500e+01 ; 8.000e-01 ; 4.200e+00 ; 9.3003000e+01 ; 1.1556432e+02 
3.500e+01 ; 8.000e-01 ; 4.200e+00 ; 9.3005000e+01 ; 1.1549258e+02 
3.500e+01 ; 8.000e-01 ; 4.200e+00 ; 9.3009000e+01 ; 1.1534964e+02 
3.500e+01 ; 8.000e-01 ; 4.200e+00 ; 9.3017000e+01 ; 1.1506586e+02 
3.500e+01 ; 8.000e-01 ; 4.200e+00 ; 9.3033000e+01 ; 1.1450663e+02 
3.500e+01 ; 8.000e-01 ; 4.200e+00 ; 9.3065000e+01 ; 1.1342036e+02 
3.500e+01 ; 8.000e-01 ; 4.200e+00 ; 9.3129000e+01 ; 1.1136865e+02 
3.500e+01 ; 8.000e-01 ; 4.200e+00 ; 9.3257000e+01 ; 1.0769205e+02 
3.500e+01 ; 8.000e-01 ; 4.200e+00 ; 9.3513000e+01 ; 1.0168773e+02 
3.500e+01 ; 8.000e-01 ; 4.200e+00 ; 9.4000000e+01 ; 9.3511681e+01 
3.500e+01 ; 8.000e-01 ; 4.200e+00 ; 9.4000000e+01 ; 9.3511681e+01 
3.500e+01 ; 8.000e-01 ; 4.200e+00 ; 9.4001000e+01 ; 9.3494904e+01 
3.500e+01 ; 8.000e-01 ; 4.200e+00 ; 9.4002000e+01 ; 9.3478142e+01 
3.500e+01 ; 8.000e-01 ; 4.200e+00 ; 9.4003000e+01 ; 9.3461395e+01 
3.500e+01 ; 8.000e-01 ; 4.200e+00 ; 9.4005000e+01 ; 9.3427956e+01 
3.500e+01 ; 8.000e-01 ; 4.200e+00 ; 9.4009000e+01 ; 9.3361290e+01 
3.500e+01 ; 8.000e-01 ; 4.200e+00 ; 9.4017000e+01 ; 9.3228813e+01 
3.500e+01 ; 8.000e-01 ; 4.200e+00 ; 9.4033000e+01 ; 9.2967239e+01 
3.500e+01 ; 8.000e-01 ; 4.200e+00 ; 9.4065000e+01 ; 9.2457085e+01 
3.500e+01 ; 8.000e-01 ; 4.200e+00 ; 9.4129000e+01 ; 9.1485229e+01 
3.500e+01 ; 8.000e-01 ; 4.200e+00 ; 9.4257000e+01 ; 8.9711082e+01 
3.500e+01 ; 8.000e-01 ; 4.200e+00 ; 9.4513000e+01 ; 8.6695480e+01 
3.500e+01 ; 8.000e-01 ; 4.200e+00 ; 9.5000000e+01 ; 8.2264397e+01 
3.500e+01 ; 8.000e-01 ; 4.200e+00 ; 9.5000000e+01 ; 8.2264397e+01 
3.500e+01 ; 8.000e-01 ; 4.200e+00 ; 9.5001000e+01 ; 8.2255302e+01 
3.500e+01 ; 8.000e-01 ; 4.200e+00 ; 9.5002000e+01 ; 8.2246216e+01 
3.500e+01 ; 8.000e-01 ; 4.200e+00 ; 9.5003000e+01 ; 8.2237137e+01 
3.500e+01 ; 8.000e-01 ; 4.200e+00 ; 9.5005000e+01 ; 8.2218994e+01 
3.500e+01 ; 8.000e-01 ; 4.200e+00 ; 9.5009000e+01 ; 8.2182793e+01 
3.500e+01 ; 8.000e-01 ; 4.200e+00 ; 9.5017000e+01 ; 8.2110741e+01 
3.500e+01 ; 8.000e-01 ; 4.200e+00 ; 9.5033000e+01 ; 8.1968010e+01 
3.500e+01 ; 8.000e-01 ; 4.200e+00 ; 9.5065000e+01 ; 8.1687828e+01 
3.500e+01 ; 8.000e-01 ; 4.200e+00 ; 9.5129000e+01 ; 8.1147438e+01 
3.500e+01 ; 8.000e-01 ; 4.200e+00 ; 9.5257000e+01 ; 8.0138176e+01 
3.500e+01 ; 8.000e-01 ; 4.200e+00 ; 9.5513000e+01 ; 7.8354156e+01 
3.500e+01 ; 8.000e-01 ; 4.200e+00 ; 9.6000000e+01 ; 7.5577774e+01 
3.500e+01 ; 8.000e-01 ; 4.200e+00 ; 9.6000000e+01 ; 7.5577774e+01 
3.500e+01 ; 8.000e-01 ; 4.200e+00 ; 9.6001000e+01 ; 7.5572075e+01 
3.500e+01 ; 8.000e-01 ; 4.200e+00 ; 9.6002000e+01 ; 7.5566383e+01 
3.500e+01 ; 8.000e-01 ; 4.200e+00 ; 9.6003000e+01 ; 7.5560692e+01 
3.500e+01 ; 8.000e-01 ; 4.200e+00 ; 9.6005000e+01 ; 7.5549316e+01 
3.500e+01 ; 8.000e-01 ; 4.200e+00 ; 9.6009000e+01 ; 7.5526604e+01 
3.500e+01 ; 8.000e-01 ; 4.200e+00 ; 9.6017000e+01 ; 7.5481346e+01 
3.500e+01 ; 8.000e-01 ; 4.200e+00 ; 9.6033000e+01 ; 7.5391479e+01 
3.500e+01 ; 8.000e-01 ; 4.200e+00 ; 9.6065000e+01 ; 7.5214287e+01 
3.500e+01 ; 8.000e-01 ; 4.200e+00 ; 9.6129000e+01 ; 7.4869598e+01 
3.500e+01 ; 8.000e-01 ; 4.200e+00 ; 9.6257000e+01 ; 7.4215736e+01 
3.500e+01 ; 8.000e-01 ; 4.200e+00 ; 9.6513000e+01 ; 7.3029465e+01 
3.500e+01 ; 8.000e-01 ; 4.200e+00 ; 9.7000000e+01 ; 7.1113129e+01 
3.500e+01 ; 8.000e-01 ; 4.200e+00 ; 9.7000000e+01 ; 7.1113129e+01 
3.500e+01 ; 8.000e-01 ; 4.200e+00 ; 9.7001000e+01 ; 7.1109200e+01 
3.500e+01 ; 8.000e-01 ; 4.200e+00 ; 9.7002000e+01 ; 7.1105270e+01 
3.500e+01 ; 8.000e-01 ; 4.200e+00 ; 9.7003000e+01 ; 7.1101334e+01 
3.500e+01 ; 8.000e-01 ; 4.200e+00 ; 9.7005000e+01 ; 7.1093483e+01 
3.500e+01 ; 8.000e-01 ; 4.200e+00 ; 9.7009000e+01 ; 7.1077789e+01 
3.500e+01 ; 8.000e-01 ; 4.200e+00 ; 9.7017000e+01 ; 7.1046509e+01 
3.500e+01 ; 8.000e-01 ; 4.200e+00 ; 9.7033000e+01 ; 7.0984291e+01 
3.500e+01 ; 8.000e-01 ; 4.200e+00 ; 9.7065000e+01 ; 7.0861282e+01 
3.500e+01 ; 8.000e-01 ; 4.200e+00 ; 9.7129000e+01 ; 7.0620720e+01 
3.500e+01 ; 8.000e-01 ; 4.200e+00 ; 9.7257000e+01 ; 7.0159958e+01 
3.500e+01 ; 8.000e-01 ; 4.200e+00 ; 9.7513000e+01 ; 6.9310219e+01 
3.500e+01 ; 8.000e-01 ; 4.200e+00 ; 9.8000000e+01 ; 6.7904160e+01 
3.500e+01 ; 8.000e-01 ; 4.200e+00 ; 9.8000000e+01 ; 6.7904160e+01 
3.500e+01 ; 8.000e-01 ; 4.200e+00 ; 9.8001000e+01 ; 6.7901276e+01 
3.500e+01 ; 8.000e-01 ; 4.200e+00 ; 9.8002000e+01 ; 6.7898392e+01 
3.500e+01 ; 8.000e-01 ; 4.200e+00 ; 9.8003000e+01 ; 6.7895508e+01 
3.500e+01 ; 8.000e-01 ; 4.200e+00 ; 9.8005000e+01 ; 6.7889740e+01 
3.500e+01 ; 8.000e-01 ; 4.200e+00 ; 9.8009000e+01 ; 6.7878227e+01 
3.500e+01 ; 8.000e-01 ; 4.200e+00 ; 9.8017000e+01 ; 6.7855247e+01 
3.500e+01 ; 8.000e-01 ; 4.200e+00 ; 9.8033000e+01 ; 6.7809517e+01 
3.500e+01 ; 8.000e-01 ; 4.200e+00 ; 9.8065000e+01 ; 6.7718933e+01 
3.500e+01 ; 8.000e-01 ; 4.200e+00 ; 9.8129000e+01 ; 6.7541191e+01 
3.500e+01 ; 8.000e-01 ; 4.200e+00 ; 9.8257000e+01 ; 6.7198624e+01 
3.500e+01 ; 8.000e-01 ; 4.200e+00 ; 9.8513000e+01 ; 6.6560005e+01 
3.500e+01 ; 8.000e-01 ; 4.200e+00 ; 9.9000000e+01 ; 6.5485558e+01 
3.500e+01 ; 8.000e-01 ; 4.200e+00 ; 9.9000000e+01 ; 6.5485558e+01 
3.500e+01 ; 8.000e-01 ; 4.200e+00 ; 9.9001000e+01 ; 6.5483353e+01 
3.500e+01 ; 8.000e-01 ; 4.200e+00 ; 9.9002000e+01 ; 6.5481148e+01 
3.500e+01 ; 8.000e-01 ; 4.200e+00 ; 9.9003000e+01 ; 6.5478943e+01 
3.500e+01 ; 8.000e-01 ; 4.200e+00 ; 9.9005000e+01 ; 6.5474533e+01 
3.500e+01 ; 8.000e-01 ; 4.200e+00 ; 9.9009000e+01 ; 6.5465729e+01 
3.500e+01 ; 8.000e-01 ; 4.200e+00 ; 9.9017000e+01 ; 6.5448158e+01 
3.500e+01 ; 8.000e-01 ; 4.200e+00 ; 9.9033000e+01 ; 6.5413170e+01 
3.500e+01 ; 8.000e-01 ; 4.200e+00 ; 9.9065000e+01 ; 6.5343781e+01 
3.500e+01 ; 8.000e-01 ; 4.200e+00 ; 9.9129000e+01 ; 6.5207298e+01 
3.500e+01 ; 8.000e-01 ; 4.200e+00 ; 9.9257000e+01 ; 6.4943123e+01 
3.500e+01 ; 8.000e-01 ; 4.200e+00 ; 9.9513000e+01 ; 6.4446747e+01 
3.500e+01 ; 8.000e-01 ; 4.200e+00 ; 1.0000000e+02 ; 6.3601055e+01 
3.500e+01 ; 8.000e-01 ; 4.200e+00 ; 1.0000000e+02 ; 6.3601055e+01 
3.500e+01 ; 8.000e-01 ; 4.200e+00 ; 1.0000100e+02 ; 6.3599319e+01 
3.500e+01 ; 8.000e-01 ; 4.200e+00 ; 1.0000200e+02 ; 6.3597584e+01 
3.500e+01 ; 8.000e-01 ; 4.200e+00 ; 1.0000300e+02 ; 6.3595848e+01 
3.500e+01 ; 8.000e-01 ; 4.200e+00 ; 1.0000500e+02 ; 6.3592377e+01 
3.500e+01 ; 8.000e-01 ; 4.200e+00 ; 1.0000900e+02 ; 6.3585445e+01 
3.500e+01 ; 8.000e-01 ; 4.200e+00 ; 1.0001700e+02 ; 6.3571609e+01 
3.500e+01 ; 8.000e-01 ; 4.200e+00 ; 1.0003300e+02 ; 6.3544044e+01 
3.500e+01 ; 8.000e-01 ; 4.200e+00 ; 1.0006500e+02 ; 6.3489326e+01 
3.500e+01 ; 8.000e-01 ; 4.200e+00 ; 1.0012900e+02 ; 6.3381516e+01 
3.500e+01 ; 8.000e-01 ; 4.200e+00 ; 1.0025700e+02 ; 6.3172127e+01 
3.500e+01 ; 8.000e-01 ; 4.200e+00 ; 1.0051300e+02 ; 6.2776279e+01 
3.500e+01 ; 8.000e-01 ; 4.200e+00 ; 1.0100000e+02 ; 6.2094952e+01 
3.500e+01 ; 8.000e-01 ; 4.200e+00 ; 1.0100000e+02 ; 6.2094952e+01 
3.500e+01 ; 8.000e-01 ; 4.200e+00 ; 1.0100100e+02 ; 6.2093552e+01 
3.500e+01 ; 8.000e-01 ; 4.200e+00 ; 1.0100200e+02 ; 6.2092152e+01 
3.500e+01 ; 8.000e-01 ; 4.200e+00 ; 1.0100300e+02 ; 6.2090755e+01 
3.500e+01 ; 8.000e-01 ; 4.200e+00 ; 1.0100500e+02 ; 6.2087959e+01 
3.500e+01 ; 8.000e-01 ; 4.200e+00 ; 1.0100900e+02 ; 6.2082375e+01 
3.500e+01 ; 8.000e-01 ; 4.200e+00 ; 1.0101700e+02 ; 6.2071224e+01 
3.500e+01 ; 8.000e-01 ; 4.200e+00 ; 1.0103300e+02 ; 6.2048996e+01 
3.500e+01 ; 8.000e-01 ; 4.200e+00 ; 1.0106500e+02 ; 6.2004848e+01 
3.500e+01 ; 8.000e-01 ; 4.200e+00 ; 1.0112900e+02 ; 6.1917740e+01 
3.500e+01 ; 8.000e-01 ; 4.200e+00 ; 1.0125700e+02 ; 6.1748089e+01 
3.500e+01 ; 8.000e-01 ; 4.200e+00 ; 1.0151300e+02 ; 6.1425739e+01 
3.500e+01 ; 8.000e-01 ; 4.200e+00 ; 1.0200000e+02 ; 6.0866131e+01 
3.500e+01 ; 8.000e-01 ; 4.200e+00 ; 1.0200000e+02 ; 6.0866131e+01 
3.500e+01 ; 8.000e-01 ; 4.200e+00 ; 1.0200100e+02 ; 6.0864983e+01 
3.500e+01 ; 8.000e-01 ; 4.200e+00 ; 1.0200200e+02 ; 6.0863834e+01 
3.500e+01 ; 8.000e-01 ; 4.200e+00 ; 1.0200300e+02 ; 6.0862686e+01 
3.500e+01 ; 8.000e-01 ; 4.200e+00 ; 1.0200500e+02 ; 6.0860390e+01 
3.500e+01 ; 8.000e-01 ; 4.200e+00 ; 1.0200900e+02 ; 6.0855801e+01 
3.500e+01 ; 8.000e-01 ; 4.200e+00 ; 1.0201700e+02 ; 6.0846638e+01 
3.500e+01 ; 8.000e-01 ; 4.200e+00 ; 1.0203300e+02 ; 6.0828373e+01 
3.500e+01 ; 8.000e-01 ; 4.200e+00 ; 1.0206500e+02 ; 6.0792065e+01 
3.500e+01 ; 8.000e-01 ; 4.200e+00 ; 1.0212900e+02 ; 6.0720345e+01 
3.500e+01 ; 8.000e-01 ; 4.200e+00 ; 1.0225700e+02 ; 6.0580338e+01 
3.500e+01 ; 8.000e-01 ; 4.200e+00 ; 1.0251300e+02 ; 6.0313160e+01 
3.500e+01 ; 8.000e-01 ; 4.200e+00 ; 1.0300000e+02 ; 5.9845894e+01 
3.500e+01 ; 8.000e-01 ; 4.200e+00 ; 1.0300000e+02 ; 5.9845894e+01 
3.500e+01 ; 8.000e-01 ; 4.200e+00 ; 1.0300100e+02 ; 5.9844936e+01 
3.500e+01 ; 8.000e-01 ; 4.200e+00 ; 1.0300200e+02 ; 5.9843979e+01 
3.500e+01 ; 8.000e-01 ; 4.200e+00 ; 1.0300300e+02 ; 5.9843018e+01 
3.500e+01 ; 8.000e-01 ; 4.200e+00 ; 1.0300500e+02 ; 5.9841103e+01 
3.500e+01 ; 8.000e-01 ; 4.200e+00 ; 1.0300900e+02 ; 5.9837269e+01 
3.500e+01 ; 8.000e-01 ; 4.200e+00 ; 1.0301700e+02 ; 5.9829617e+01 
3.500e+01 ; 8.000e-01 ; 4.200e+00 ; 1.0303300e+02 ; 5.9814358e+01 
3.500e+01 ; 8.000e-01 ; 4.200e+00 ; 1.0306500e+02 ; 5.9784008e+01 
3.500e+01 ; 8.000e-01 ; 4.200e+00 ; 1.0312900e+02 ; 5.9723995e+01 
3.500e+01 ; 8.000e-01 ; 4.200e+00 ; 1.0325700e+02 ; 5.9606617e+01 
3.500e+01 ; 8.000e-01 ; 4.200e+00 ; 1.0351300e+02 ; 5.9381775e+01 
3.500e+01 ; 8.000e-01 ; 4.200e+00 ; 1.0400000e+02 ; 5.8986004e+01 
3.500e+01 ; 8.000e-01 ; 4.200e+00 ; 1.0400000e+02 ; 5.8986004e+01 
3.500e+01 ; 8.000e-01 ; 4.200e+00 ; 1.0400100e+02 ; 5.8985191e+01 
3.500e+01 ; 8.000e-01 ; 4.200e+00 ; 1.0400200e+02 ; 5.8984379e+01 
3.500e+01 ; 8.000e-01 ; 4.200e+00 ; 1.0400300e+02 ; 5.8983566e+01 
3.500e+01 ; 8.000e-01 ; 4.200e+00 ; 1.0400500e+02 ; 5.8981941e+01 
3.500e+01 ; 8.000e-01 ; 4.200e+00 ; 1.0400900e+02 ; 5.8978695e+01 
3.500e+01 ; 8.000e-01 ; 4.200e+00 ; 1.0401700e+02 ; 5.8972214e+01 
3.500e+01 ; 8.000e-01 ; 4.200e+00 ; 1.0403300e+02 ; 5.8959282e+01 
3.500e+01 ; 8.000e-01 ; 4.200e+00 ; 1.0406500e+02 ; 5.8933552e+01 
3.500e+01 ; 8.000e-01 ; 4.200e+00 ; 1.0412900e+02 ; 5.8882629e+01 
3.500e+01 ; 8.000e-01 ; 4.200e+00 ; 1.0425700e+02 ; 5.8782860e+01 
3.500e+01 ; 8.000e-01 ; 4.200e+00 ; 1.0451300e+02 ; 5.8591118e+01 
3.500e+01 ; 8.000e-01 ; 4.200e+00 ; 1.0500000e+02 ; 5.8251694e+01 
3.500e+01 ; 8.000e-01 ; 4.200e+00 ; 1.0500000e+02 ; 5.8251694e+01 
3.500e+01 ; 8.000e-01 ; 4.200e+00 ; 1.0500100e+02 ; 5.8250996e+01 
3.500e+01 ; 8.000e-01 ; 4.200e+00 ; 1.0500200e+02 ; 5.8250298e+01 
3.500e+01 ; 8.000e-01 ; 4.200e+00 ; 1.0500300e+02 ; 5.8249603e+01 
3.500e+01 ; 8.000e-01 ; 4.200e+00 ; 1.0500500e+02 ; 5.8248211e+01 
3.500e+01 ; 8.000e-01 ; 4.200e+00 ; 1.0500900e+02 ; 5.8245426e+01 
3.500e+01 ; 8.000e-01 ; 4.200e+00 ; 1.0501700e+02 ; 5.8239864e+01 
3.500e+01 ; 8.000e-01 ; 4.200e+00 ; 1.0503300e+02 ; 5.8228767e+01 
3.500e+01 ; 8.000e-01 ; 4.200e+00 ; 1.0506500e+02 ; 5.8206684e+01 
3.500e+01 ; 8.000e-01 ; 4.200e+00 ; 1.0512900e+02 ; 5.8162945e+01 
3.500e+01 ; 8.000e-01 ; 4.200e+00 ; 1.0525700e+02 ; 5.8077110e+01 
3.500e+01 ; 8.000e-01 ; 4.200e+00 ; 1.0551300e+02 ; 5.7911678e+01 
3.500e+01 ; 8.000e-01 ; 4.200e+00 ; 1.0600000e+02 ; 5.7617363e+01 
3.500e+01 ; 8.000e-01 ; 4.200e+00 ; 1.0600000e+02 ; 5.7617363e+01 
3.500e+01 ; 8.000e-01 ; 4.200e+00 ; 1.0601000e+02 ; 5.7611328e+01 
3.500e+01 ; 8.000e-01 ; 4.200e+00 ; 1.0602000e+02 ; 5.7605301e+01 
3.500e+01 ; 8.000e-01 ; 4.200e+00 ; 1.0603000e+02 ; 5.7599285e+01 
3.500e+01 ; 8.000e-01 ; 4.200e+00 ; 1.0605000e+02 ; 5.7587284e+01 
3.500e+01 ; 8.000e-01 ; 4.200e+00 ; 1.0609000e+02 ; 5.7563416e+01 
3.500e+01 ; 8.000e-01 ; 4.200e+00 ; 1.0617000e+02 ; 5.7516209e+01 
3.500e+01 ; 8.000e-01 ; 4.200e+00 ; 1.0633000e+02 ; 5.7423847e+01 
3.500e+01 ; 8.000e-01 ; 4.200e+00 ; 1.0665000e+02 ; 5.7246807e+01 
3.500e+01 ; 8.000e-01 ; 4.200e+00 ; 1.0729000e+02 ; 5.6919949e+01 
3.500e+01 ; 8.000e-01 ; 4.200e+00 ; 1.0825000e+02 ; 5.6481358e+01 
3.500e+01 ; 8.000e-01 ; 4.200e+00 ; 1.0969000e+02 ; 5.5915947e+01 
3.500e+01 ; 8.000e-01 ; 4.200e+00 ; 1.1100000e+02 ; 5.5464302e+01