X ; Y ; Z ; time ; Temperature 
3.500e+01 ; 1.600e+00 ; 1.800e+00 ; 0.0000000e+00 ; 2.7600000e+02 
3.500e+01 ; 1.600e+00 ; 1.800e+00 ; 1.0000000e-03 ; 2.7600000e+02 
3.500e+01 ; 1.600e+00 ; 1.800e+00 ; 2.0000001e-03 ; 2.7600000e+02 
3.500e+01 ; 1.600e+00 ; 1.800e+00 ; 3.0000000e-03 ; 2.7600000e+02 
3.500e+01 ; 1.600e+00 ; 1.800e+00 ; 4.9999999e-03 ; 2.7600000e+02 
3.500e+01 ; 1.600e+00 ; 1.800e+00 ; 8.9999996e-03 ; 2.7600000e+02 
3.500e+01 ; 1.600e+00 ; 1.800e+00 ; 1.7000001e-02 ; 2.7600000e+02 
3.500e+01 ; 1.600e+00 ; 1.800e+00 ; 3.3000000e-02 ; 2.7600000e+02 
3.500e+01 ; 1.600e+00 ; 1.800e+00 ; 6.4999998e-02 ; 2.7600000e+02 
3.500e+01 ; 1.600e+00 ; 1.800e+00 ; 1.2899999e-01 ; 2.7600000e+02 
3.500e+01 ; 1.600e+00 ; 1.800e+00 ; 2.5700000e-01 ; 2.7600000e+02 
3.500e+01 ; 1.600e+00 ; 1.800e+00 ; 5.1300001e-01 ; 2.7600000e+02 
3.500e+01 ; 1.600e+00 ; 1.800e+00 ; 1.0000000e+00 ; 2.7600000e+02 
3.500e+01 ; 1.600e+00 ; 1.800e+00 ; 1.0000000e+00 ; 2.7600000e+02 
3.500e+01 ; 1.600e+00 ; 1.800e+00 ; 1.0010000e+00 ; 2.7600000e+02 
3.500e+01 ; 1.600e+00 ; 1.800e+00 ; 1.0020000e+00 ; 2.7600000e+02 
3.500e+01 ; 1.600e+00 ; 1.800e+00 ; 1.0030000e+00 ; 2.7600000e+02 
3.500e+01 ; 1.600e+00 ; 1.800e+00 ; 1.0050000e+00 ; 2.7600000e+02 
3.500e+01 ; 1.600e+00 ; 1.800e+00 ; 1.0090000e+00 ; 2.7600000e+02 
3.500e+01 ; 1.600e+00 ; 1.800e+00 ; 1.0170000e+00 ; 2.7600000e+02 
3.500e+01 ; 1.600e+00 ; 1.800e+00 ; 1.0330000e+00 ; 2.7600000e+02 
3.500e+01 ; 1.600e+00 ; 1.800e+00 ; 1.0650000e+00 ; 2.7600000e+02 
3.500e+01 ; 1.600e+00 ; 1.800e+00 ; 1.1290000e+00 ; 2.7600000e+02 
3.500e+01 ; 1.600e+00 ; 1.800e+00 ; 1.2570000e+00 ; 2.7600000e+02 
3.500e+01 ; 1.600e+00 ; 1.800e+00 ; 1.5130000e+00 ; 2.7600000e+02 
3.500e+01 ; 1.600e+00 ; 1.800e+00 ; 2.0000000e+00 ; 2.7600000e+02 
3.500e+01 ; 1.600e+00 ; 1.800e+00 ; 2.0000000e+00 ; 2.7600000e+02 
3.500e+01 ; 1.600e+00 ; 1.800e+00 ; 2.0010000e+00 ; 2.7600000e+02 
3.500e+01 ; 1.600e+00 ; 1.800e+00 ; 2.0020000e+00 ; 2.7600000e+02 
3.500e+01 ; 1.600e+00 ; 1.800e+00 ; 2.0030000e+00 ; 2.7600000e+02 
3.500e+01 ; 1.600e+00 ; 1.800e+00 ; 2.0050000e+00 ; 2.7600000e+02 
3.500e+01 ; 1.600e+00 ; 1.800e+00 ; 2.0090000e+00 ; 2.7600000e+02 
3.500e+01 ; 1.600e+00 ; 1.800e+00 ; 2.0170000e+00 ; 2.7600000e+02 
3.500e+01 ; 1.600e+00 ; 1.800e+00 ; 2.0330000e+00 ; 2.7600000e+02 
3.500e+01 ; 1.600e+00 ; 1.800e+00 ; 2.0650000e+00 ; 2.7600000e+02 
3.500e+01 ; 1.600e+00 ; 1.800e+00 ; 2.1290000e+00 ; 2.7600000e+02 
3.500e+01 ; 1.600e+00 ; 1.800e+00 ; 2.2570000e+00 ; 2.7600000e+02 
3.500e+01 ; 1.600e+00 ; 1.800e+00 ; 2.5130000e+00 ; 2.7600000e+02 
3.500e+01 ; 1.600e+00 ; 1.800e+00 ; 3.0000000e+00 ; 2.7600000e+02 
3.500e+01 ; 1.600e+00 ; 1.800e+00 ; 3.0000000e+00 ; 2.7600000e+02 
3.500e+01 ; 1.600e+00 ; 1.800e+00 ; 3.0010000e+00 ; 2.7600000e+02 
3.500e+01 ; 1.600e+00 ; 1.800e+00 ; 3.0020000e+00 ; 2.7600000e+02 
3.500e+01 ; 1.600e+00 ; 1.800e+00 ; 3.0030000e+00 ; 2.7600000e+02 
3.500e+01 ; 1.600e+00 ; 1.800e+00 ; 3.0050000e+00 ; 2.7600000e+02 
3.500e+01 ; 1.600e+00 ; 1.800e+00 ; 3.0090000e+00 ; 2.7600000e+02 
3.500e+01 ; 1.600e+00 ; 1.800e+00 ; 3.0170000e+00 ; 2.7600000e+02 
3.500e+01 ; 1.600e+00 ; 1.800e+00 ; 3.0330000e+00 ; 2.7600000e+02 
3.500e+01 ; 1.600e+00 ; 1.800e+00 ; 3.0650000e+00 ; 2.7600000e+02 
3.500e+01 ; 1.600e+00 ; 1.800e+00 ; 3.1290000e+00 ; 2.7600000e+02 
3.500e+01 ; 1.600e+00 ; 1.800e+00 ; 3.2570000e+00 ; 2.7600000e+02 
3.500e+01 ; 1.600e+00 ; 1.800e+00 ; 3.5130000e+00 ; 2.7600000e+02 
3.500e+01 ; 1.600e+00 ; 1.800e+00 ; 4.0000000e+00 ; 2.7600000e+02 
3.500e+01 ; 1.600e+00 ; 1.800e+00 ; 4.0000000e+00 ; 2.7600000e+02 
3.500e+01 ; 1.600e+00 ; 1.800e+00 ; 4.0010000e+00 ; 2.7600000e+02 
3.500e+01 ; 1.600e+00 ; 1.800e+00 ; 4.0020000e+00 ; 2.7600000e+02 
3.500e+01 ; 1.600e+00 ; 1.800e+00 ; 4.0030000e+00 ; 2.7600000e+02 
3.500e+01 ; 1.600e+00 ; 1.800e+00 ; 4.0050000e+00 ; 2.7600000e+02 
3.500e+01 ; 1.600e+00 ; 1.800e+00 ; 4.0090000e+00 ; 2.7600000e+02 
3.500e+01 ; 1.600e+00 ; 1.800e+00 ; 4.0170000e+00 ; 2.7600000e+02 
3.500e+01 ; 1.600e+00 ; 1.800e+00 ; 4.0330000e+00 ; 2.7600000e+02 
3.500e+01 ; 1.600e+00 ; 1.800e+00 ; 4.0650000e+00 ; 2.7600000e+02 
3.500e+01 ; 1.600e+00 ; 1.800e+00 ; 4.1290000e+00 ; 2.7600000e+02 
3.500e+01 ; 1.600e+00 ; 1.800e+00 ; 4.2570000e+00 ; 2.7600000e+02 
3.500e+01 ; 1.600e+00 ; 1.800e+00 ; 4.5130000e+00 ; 2.7600000e+02 
3.500e+01 ; 1.600e+00 ; 1.800e+00 ; 5.0000000e+00 ; 2.7600000e+02 
3.500e+01 ; 1.600e+00 ; 1.800e+00 ; 5.0000000e+00 ; 2.7600000e+02 
3.500e+01 ; 1.600e+00 ; 1.800e+00 ; 5.0010000e+00 ; 2.7600000e+02 
3.500e+01 ; 1.600e+00 ; 1.800e+00 ; 5.0020000e+00 ; 2.7600000e+02 
3.500e+01 ; 1.600e+00 ; 1.800e+00 ; 5.0030000e+00 ; 2.7600000e+02 
3.500e+01 ; 1.600e+00 ; 1.800e+00 ; 5.0050000e+00 ; 2.7600000e+02 
3.500e+01 ; 1.600e+00 ; 1.800e+00 ; 5.0090000e+00 ; 2.7600000e+02 
3.500e+01 ; 1.600e+00 ; 1.800e+00 ; 5.0170000e+00 ; 2.7600000e+02 
3.500e+01 ; 1.600e+00 ; 1.800e+00 ; 5.0330000e+00 ; 2.7600000e+02 
3.500e+01 ; 1.600e+00 ; 1.800e+00 ; 5.0650000e+00 ; 2.7600000e+02 
3.500e+01 ; 1.600e+00 ; 1.800e+00 ; 5.1290000e+00 ; 2.7600000e+02 
3.500e+01 ; 1.600e+00 ; 1.800e+00 ; 5.2570000e+00 ; 2.7600000e+02 
3.500e+01 ; 1.600e+00 ; 1.800e+00 ; 5.5130000e+00 ; 2.7600000e+02 
3.500e+01 ; 1.600e+00 ; 1.800e+00 ; 6.0000000e+00 ; 2.7600000e+02 
3.500e+01 ; 1.600e+00 ; 1.800e+00 ; 6.0000000e+00 ; 2.7600000e+02 
3.500e+01 ; 1.600e+00 ; 1.800e+00 ; 6.0010000e+00 ; 2.7600000e+02 
3.500e+01 ; 1.600e+00 ; 1.800e+00 ; 6.0020000e+00 ; 2.7600000e+02 
3.500e+01 ; 1.600e+00 ; 1.800e+00 ; 6.0030000e+00 ; 2.7600000e+02 
3.500e+01 ; 1.600e+00 ; 1.800e+00 ; 6.0050000e+00 ; 2.7600000e+02 
3.500e+01 ; 1.600e+00 ; 1.800e+00 ; 6.0090000e+00 ; 2.7600000e+02 
3.500e+01 ; 1.600e+00 ; 1.800e+00 ; 6.0170000e+00 ; 2.7600000e+02 
3.500e+01 ; 1.600e+00 ; 1.800e+00 ; 6.0330000e+00 ; 2.7600000e+02 
3.500e+01 ; 1.600e+00 ; 1.800e+00 ; 6.0650000e+00 ; 2.7600000e+02 
3.500e+01 ; 1.600e+00 ; 1.800e+00 ; 6.1290000e+00 ; 2.7600000e+02 
3.500e+01 ; 1.600e+00 ; 1.800e+00 ; 6.2570000e+00 ; 2.7600000e+02 
3.500e+01 ; 1.600e+00 ; 1.800e+00 ; 6.5130000e+00 ; 2.7600000e+02 
3.500e+01 ; 1.600e+00 ; 1.800e+00 ; 7.0000000e+00 ; 2.7600000e+02 
3.500e+01 ; 1.600e+00 ; 1.800e+00 ; 7.0000000e+00 ; 2.7600000e+02 
3.500e+01 ; 1.600e+00 ; 1.800e+00 ; 7.0010000e+00 ; 2.7600000e+02 
3.500e+01 ; 1.600e+00 ; 1.800e+00 ; 7.0020000e+00 ; 2.7600000e+02 
3.500e+01 ; 1.600e+00 ; 1.800e+00 ; 7.0030000e+00 ; 2.7600000e+02 
3.500e+01 ; 1.600e+00 ; 1.800e+00 ; 7.0050000e+00 ; 2.7600000e+02 
3.500e+01 ; 1.600e+00 ; 1.800e+00 ; 7.0090000e+00 ; 2.7600000e+02 
3.500e+01 ; 1.600e+00 ; 1.800e+00 ; 7.0170000e+00 ; 2.7600000e+02 
3.500e+01 ; 1.600e+00 ; 1.800e+00 ; 7.0330000e+00 ; 2.7600000e+02 
3.500e+01 ; 1.600e+00 ; 1.800e+00 ; 7.0650000e+00 ; 2.7600000e+02 
3.500e+01 ; 1.600e+00 ; 1.800e+00 ; 7.1290000e+00 ; 2.7600000e+02 
3.500e+01 ; 1.600e+00 ; 1.800e+00 ; 7.2570000e+00 ; 2.7600000e+02 
3.500e+01 ; 1.600e+00 ; 1.800e+00 ; 7.5130000e+00 ; 2.7600000e+02 
3.500e+01 ; 1.600e+00 ; 1.800e+00 ; 8.0000000e+00 ; 2.7600000e+02 
3.500e+01 ; 1.600e+00 ; 1.800e+00 ; 8.0000000e+00 ; 2.7600000e+02 
3.500e+01 ; 1.600e+00 ; 1.800e+00 ; 8.0010000e+00 ; 2.7600000e+02 
3.500e+01 ; 1.600e+00 ; 1.800e+00 ; 8.0020000e+00 ; 2.7600000e+02 
3.500e+01 ; 1.600e+00 ; 1.800e+00 ; 8.0030000e+00 ; 2.7600000e+02 
3.500e+01 ; 1.600e+00 ; 1.800e+00 ; 8.0050000e+00 ; 2.7600000e+02 
3.500e+01 ; 1.600e+00 ; 1.800e+00 ; 8.0090000e+00 ; 2.7600000e+02 
3.500e+01 ; 1.600e+00 ; 1.800e+00 ; 8.0170000e+00 ; 2.7600000e+02 
3.500e+01 ; 1.600e+00 ; 1.800e+00 ; 8.0330000e+00 ; 2.7600000e+02 
3.500e+01 ; 1.600e+00 ; 1.800e+00 ; 8.0650000e+00 ; 2.7600000e+02 
3.500e+01 ; 1.600e+00 ; 1.800e+00 ; 8.1290000e+00 ; 2.7600000e+02 
3.500e+01 ; 1.600e+00 ; 1.800e+00 ; 8.2570000e+00 ; 2.7600000e+02 
3.500e+01 ; 1.600e+00 ; 1.800e+00 ; 8.5130000e+00 ; 2.7600000e+02 
3.500e+01 ; 1.600e+00 ; 1.800e+00 ; 9.0000000e+00 ; 2.7600000e+02 
3.500e+01 ; 1.600e+00 ; 1.800e+00 ; 9.0000000e+00 ; 2.7600000e+02 
3.500e+01 ; 1.600e+00 ; 1.800e+00 ; 9.0010000e+00 ; 2.7600000e+02 
3.500e+01 ; 1.600e+00 ; 1.800e+00 ; 9.0020000e+00 ; 2.7600000e+02 
3.500e+01 ; 1.600e+00 ; 1.800e+00 ; 9.0030000e+00 ; 2.7600000e+02 
3.500e+01 ; 1.600e+00 ; 1.800e+00 ; 9.0050000e+00 ; 2.7600000e+02 
3.500e+01 ; 1.600e+00 ; 1.800e+00 ; 9.0090000e+00 ; 2.7600000e+02 
3.500e+01 ; 1.600e+00 ; 1.800e+00 ; 9.0170000e+00 ; 2.7600000e+02 
3.500e+01 ; 1.600e+00 ; 1.800e+00 ; 9.0330000e+00 ; 2.7600000e+02 
3.500e+01 ; 1.600e+00 ; 1.800e+00 ; 9.0650000e+00 ; 2.7600000e+02 
3.500e+01 ; 1.600e+00 ; 1.800e+00 ; 9.1290000e+00 ; 2.7600000e+02 
3.500e+01 ; 1.600e+00 ; 1.800e+00 ; 9.2570000e+00 ; 2.7600000e+02 
3.500e+01 ; 1.600e+00 ; 1.800e+00 ; 9.5130000e+00 ; 2.7600000e+02 
3.500e+01 ; 1.600e+00 ; 1.800e+00 ; 1.0000000e+01 ; 2.7600000e+02 
3.500e+01 ; 1.600e+00 ; 1.800e+00 ; 1.0000000e+01 ; 2.7600000e+02 
3.500e+01 ; 1.600e+00 ; 1.800e+00 ; 1.0001000e+01 ; 2.7600000e+02 
3.500e+01 ; 1.600e+00 ; 1.800e+00 ; 1.0002000e+01 ; 2.7600000e+02 
3.500e+01 ; 1.600e+00 ; 1.800e+00 ; 1.0003000e+01 ; 2.7600000e+02 
3.500e+01 ; 1.600e+00 ; 1.800e+00 ; 1.0005000e+01 ; 2.7600000e+02 
3.500e+01 ; 1.600e+00 ; 1.800e+00 ; 1.0009000e+01 ; 2.7600000e+02 
3.500e+01 ; 1.600e+00 ; 1.800e+00 ; 1.0017000e+01 ; 2.7600000e+02 
3.500e+01 ; 1.600e+00 ; 1.800e+00 ; 1.0033000e+01 ; 2.7600000e+02 
3.500e+01 ; 1.600e+00 ; 1.800e+00 ; 1.0065000e+01 ; 2.7600000e+02 
3.500e+01 ; 1.600e+00 ; 1.800e+00 ; 1.0129000e+01 ; 2.7600000e+02 
3.500e+01 ; 1.600e+00 ; 1.800e+00 ; 1.0257000e+01 ; 2.7600000e+02 
3.500e+01 ; 1.600e+00 ; 1.800e+00 ; 1.0513000e+01 ; 2.7600000e+02 
3.500e+01 ; 1.600e+00 ; 1.800e+00 ; 1.1000000e+01 ; 2.7600000e+02 
3.500e+01 ; 1.600e+00 ; 1.800e+00 ; 1.1000000e+01 ; 2.7600000e+02 
3.500e+01 ; 1.600e+00 ; 1.800e+00 ; 1.1001000e+01 ; 2.7600000e+02 
3.500e+01 ; 1.600e+00 ; 1.800e+00 ; 1.1002000e+01 ; 2.7600000e+02 
3.500e+01 ; 1.600e+00 ; 1.800e+00 ; 1.1003000e+01 ; 2.7600000e+02 
3.500e+01 ; 1.600e+00 ; 1.800e+00 ; 1.1005000e+01 ; 2.7600000e+02 
3.500e+01 ; 1.600e+00 ; 1.800e+00 ; 1.1009000e+01 ; 2.7600000e+02 
3.500e+01 ; 1.600e+00 ; 1.800e+00 ; 1.1017000e+01 ; 2.7600000e+02 
3.500e+01 ; 1.600e+00 ; 1.800e+00 ; 1.1033000e+01 ; 2.7600000e+02 
3.500e+01 ; 1.600e+00 ; 1.800e+00 ; 1.1065000e+01 ; 2.7600000e+02 
3.500e+01 ; 1.600e+00 ; 1.800e+00 ; 1.1129000e+01 ; 2.7600000e+02 
3.500e+01 ; 1.600e+00 ; 1.800e+00 ; 1.1257000e+01 ; 2.7600000e+02 
3.500e+01 ; 1.600e+00 ; 1.800e+00 ; 1.1513000e+01 ; 2.7600000e+02 
3.500e+01 ; 1.600e+00 ; 1.800e+00 ; 1.2000000e+01 ; 2.7600000e+02 
3.500e+01 ; 1.600e+00 ; 1.800e+00 ; 1.2000000e+01 ; 2.7600000e+02 
3.500e+01 ; 1.600e+00 ; 1.800e+00 ; 1.2001000e+01 ; 2.7600000e+02 
3.500e+01 ; 1.600e+00 ; 1.800e+00 ; 1.2002000e+01 ; 2.7600000e+02 
3.500e+01 ; 1.600e+00 ; 1.800e+00 ; 1.2003000e+01 ; 2.7600000e+02 
3.500e+01 ; 1.600e+00 ; 1.800e+00 ; 1.2005000e+01 ; 2.7600000e+02 
3.500e+01 ; 1.600e+00 ; 1.800e+00 ; 1.2009000e+01 ; 2.7600000e+02 
3.500e+01 ; 1.600e+00 ; 1.800e+00 ; 1.2017000e+01 ; 2.7600000e+02 
3.500e+01 ; 1.600e+00 ; 1.800e+00 ; 1.2033000e+01 ; 2.7600000e+02 
3.500e+01 ; 1.600e+00 ; 1.800e+00 ; 1.2065000e+01 ; 2.7600000e+02 
3.500e+01 ; 1.600e+00 ; 1.800e+00 ; 1.2129000e+01 ; 2.7600000e+02 
3.500e+01 ; 1.600e+00 ; 1.800e+00 ; 1.2257000e+01 ; 2.7600000e+02 
3.500e+01 ; 1.600e+00 ; 1.800e+00 ; 1.2513000e+01 ; 2.7600000e+02 
3.500e+01 ; 1.600e+00 ; 1.800e+00 ; 1.3000000e+01 ; 2.7600000e+02 
3.500e+01 ; 1.600e+00 ; 1.800e+00 ; 1.3000000e+01 ; 2.7600000e+02 
3.500e+01 ; 1.600e+00 ; 1.800e+00 ; 1.3001000e+01 ; 2.7600000e+02 
3.500e+01 ; 1.600e+00 ; 1.800e+00 ; 1.3002000e+01 ; 2.7600000e+02 
3.500e+01 ; 1.600e+00 ; 1.800e+00 ; 1.3003000e+01 ; 2.7600000e+02 
3.500e+01 ; 1.600e+00 ; 1.800e+00 ; 1.3005000e+01 ; 2.7600000e+02 
3.500e+01 ; 1.600e+00 ; 1.800e+00 ; 1.3009000e+01 ; 2.7600000e+02 
3.500e+01 ; 1.600e+00 ; 1.800e+00 ; 1.3017000e+01 ; 2.7600000e+02 
3.500e+01 ; 1.600e+00 ; 1.800e+00 ; 1.3033000e+01 ; 2.7600000e+02 
3.500e+01 ; 1.600e+00 ; 1.800e+00 ; 1.3065000e+01 ; 2.7600000e+02 
3.500e+01 ; 1.600e+00 ; 1.800e+00 ; 1.3129000e+01 ; 2.7600000e+02 
3.500e+01 ; 1.600e+00 ; 1.800e+00 ; 1.3257000e+01 ; 2.7600000e+02 
3.500e+01 ; 1.600e+00 ; 1.800e+00 ; 1.3513000e+01 ; 2.7600000e+02 
3.500e+01 ; 1.600e+00 ; 1.800e+00 ; 1.4000000e+01 ; 2.7600000e+02 
3.500e+01 ; 1.600e+00 ; 1.800e+00 ; 1.4000000e+01 ; 2.7600000e+02 
3.500e+01 ; 1.600e+00 ; 1.800e+00 ; 1.4001000e+01 ; 2.7600000e+02 
3.500e+01 ; 1.600e+00 ; 1.800e+00 ; 1.4002000e+01 ; 2.7600000e+02 
3.500e+01 ; 1.600e+00 ; 1.800e+00 ; 1.4003000e+01 ; 2.7600000e+02 
3.500e+01 ; 1.600e+00 ; 1.800e+00 ; 1.4005000e+01 ; 2.7600000e+02 
3.500e+01 ; 1.600e+00 ; 1.800e+00 ; 1.4009000e+01 ; 2.7600000e+02 
3.500e+01 ; 1.600e+00 ; 1.800e+00 ; 1.4017000e+01 ; 2.7600000e+02 
3.500e+01 ; 1.600e+00 ; 1.800e+00 ; 1.4033000e+01 ; 2.7600000e+02 
3.500e+01 ; 1.600e+00 ; 1.800e+00 ; 1.4065000e+01 ; 2.7600000e+02 
3.500e+01 ; 1.600e+00 ; 1.800e+00 ; 1.4129000e+01 ; 2.7600000e+02 
3.500e+01 ; 1.600e+00 ; 1.800e+00 ; 1.4257000e+01 ; 2.7600000e+02 
3.500e+01 ; 1.600e+00 ; 1.800e+00 ; 1.4513000e+01 ; 2.7600000e+02 
3.500e+01 ; 1.600e+00 ; 1.800e+00 ; 1.5000000e+01 ; 2.7600000e+02 
3.500e+01 ; 1.600e+00 ; 1.800e+00 ; 1.5000000e+01 ; 2.7600000e+02 
3.500e+01 ; 1.600e+00 ; 1.800e+00 ; 1.5001000e+01 ; 2.7600000e+02 
3.500e+01 ; 1.600e+00 ; 1.800e+00 ; 1.5002000e+01 ; 2.7600000e+02 
3.500e+01 ; 1.600e+00 ; 1.800e+00 ; 1.5003000e+01 ; 2.7600000e+02 
3.500e+01 ; 1.600e+00 ; 1.800e+00 ; 1.5005000e+01 ; 2.7600000e+02 
3.500e+01 ; 1.600e+00 ; 1.800e+00 ; 1.5009000e+01 ; 2.7600000e+02 
3.500e+01 ; 1.600e+00 ; 1.800e+00 ; 1.5017000e+01 ; 2.7600000e+02 
3.500e+01 ; 1.600e+00 ; 1.800e+00 ; 1.5033000e+01 ; 2.7600000e+02 
3.500e+01 ; 1.600e+00 ; 1.800e+00 ; 1.5065000e+01 ; 2.7600000e+02 
3.500e+01 ; 1.600e+00 ; 1.800e+00 ; 1.5129000e+01 ; 2.7600000e+02 
3.500e+01 ; 1.600e+00 ; 1.800e+00 ; 1.5257000e+01 ; 2.7600000e+02 
3.500e+01 ; 1.600e+00 ; 1.800e+00 ; 1.5513000e+01 ; 2.7600000e+02 
3.500e+01 ; 1.600e+00 ; 1.800e+00 ; 1.6000000e+01 ; 2.7600000e+02 
3.500e+01 ; 1.600e+00 ; 1.800e+00 ; 1.6000000e+01 ; 2.7600000e+02 
3.500e+01 ; 1.600e+00 ; 1.800e+00 ; 1.6001000e+01 ; 2.7600000e+02 
3.500e+01 ; 1.600e+00 ; 1.800e+00 ; 1.6002000e+01 ; 2.7600000e+02 
3.500e+01 ; 1.600e+00 ; 1.800e+00 ; 1.6003000e+01 ; 2.7600000e+02 
3.500e+01 ; 1.600e+00 ; 1.800e+00 ; 1.6005000e+01 ; 2.7600000e+02 
3.500e+01 ; 1.600e+00 ; 1.800e+00 ; 1.6009000e+01 ; 2.7600000e+02 
3.500e+01 ; 1.600e+00 ; 1.800e+00 ; 1.6017000e+01 ; 2.7600000e+02 
3.500e+01 ; 1.600e+00 ; 1.800e+00 ; 1.6033000e+01 ; 2.7600000e+02 
3.500e+01 ; 1.600e+00 ; 1.800e+00 ; 1.6065000e+01 ; 2.7600000e+02 
3.500e+01 ; 1.600e+00 ; 1.800e+00 ; 1.6129000e+01 ; 2.7600000e+02 
3.500e+01 ; 1.600e+00 ; 1.800e+00 ; 1.6257000e+01 ; 2.7600000e+02 
3.500e+01 ; 1.600e+00 ; 1.800e+00 ; 1.6513000e+01 ; 2.7600000e+02 
3.500e+01 ; 1.600e+00 ; 1.800e+00 ; 1.7000000e+01 ; 2.7600000e+02 
3.500e+01 ; 1.600e+00 ; 1.800e+00 ; 1.7000000e+01 ; 2.7600000e+02 
3.500e+01 ; 1.600e+00 ; 1.800e+00 ; 1.7001000e+01 ; 2.7600000e+02 
3.500e+01 ; 1.600e+00 ; 1.800e+00 ; 1.7002000e+01 ; 2.7600000e+02 
3.500e+01 ; 1.600e+00 ; 1.800e+00 ; 1.7003000e+01 ; 2.7600000e+02 
3.500e+01 ; 1.600e+00 ; 1.800e+00 ; 1.7005000e+01 ; 2.7600000e+02 
3.500e+01 ; 1.600e+00 ; 1.800e+00 ; 1.7009000e+01 ; 2.7600000e+02 
3.500e+01 ; 1.600e+00 ; 1.800e+00 ; 1.7017000e+01 ; 2.7600000e+02 
3.500e+01 ; 1.600e+00 ; 1.800e+00 ; 1.7033000e+01 ; 2.7600000e+02 
3.500e+01 ; 1.600e+00 ; 1.800e+00 ; 1.7065000e+01 ; 2.7600000e+02 
3.500e+01 ; 1.600e+00 ; 1.800e+00 ; 1.7129000e+01 ; 2.7600000e+02 
3.500e+01 ; 1.600e+00 ; 1.800e+00 ; 1.7257000e+01 ; 2.7600000e+02 
3.500e+01 ; 1.600e+00 ; 1.800e+00 ; 1.7513000e+01 ; 2.7600000e+02 
3.500e+01 ; 1.600e+00 ; 1.800e+00 ; 1.8000000e+01 ; 2.7600000e+02 
3.500e+01 ; 1.600e+00 ; 1.800e+00 ; 1.8000000e+01 ; 2.7600000e+02 
3.500e+01 ; 1.600e+00 ; 1.800e+00 ; 1.8001000e+01 ; 2.7600000e+02 
3.500e+01 ; 1.600e+00 ; 1.800e+00 ; 1.8002000e+01 ; 2.7600000e+02 
3.500e+01 ; 1.600e+00 ; 1.800e+00 ; 1.8003000e+01 ; 2.7600000e+02 
3.500e+01 ; 1.600e+00 ; 1.800e+00 ; 1.8005000e+01 ; 2.7600000e+02 
3.500e+01 ; 1.600e+00 ; 1.800e+00 ; 1.8009000e+01 ; 2.7600000e+02 
3.500e+01 ; 1.600e+00 ; 1.800e+00 ; 1.8017000e+01 ; 2.7600000e+02 
3.500e+01 ; 1.600e+00 ; 1.800e+00 ; 1.8033000e+01 ; 2.7600000e+02 
3.500e+01 ; 1.600e+00 ; 1.800e+00 ; 1.8065000e+01 ; 2.7600000e+02 
3.500e+01 ; 1.600e+00 ; 1.800e+00 ; 1.8129000e+01 ; 2.7600000e+02 
3.500e+01 ; 1.600e+00 ; 1.800e+00 ; 1.8257000e+01 ; 2.7600000e+02 
3.500e+01 ; 1.600e+00 ; 1.800e+00 ; 1.8513000e+01 ; 2.7600000e+02 
3.500e+01 ; 1.600e+00 ; 1.800e+00 ; 1.9000000e+01 ; 2.7600000e+02 
3.500e+01 ; 1.600e+00 ; 1.800e+00 ; 1.9000000e+01 ; 2.7600000e+02 
3.500e+01 ; 1.600e+00 ; 1.800e+00 ; 1.9001000e+01 ; 2.7600000e+02 
3.500e+01 ; 1.600e+00 ; 1.800e+00 ; 1.9002000e+01 ; 2.7600000e+02 
3.500e+01 ; 1.600e+00 ; 1.800e+00 ; 1.9003000e+01 ; 2.7600000e+02 
3.500e+01 ; 1.600e+00 ; 1.800e+00 ; 1.9005000e+01 ; 2.7600000e+02 
3.500e+01 ; 1.600e+00 ; 1.800e+00 ; 1.9009000e+01 ; 2.7600000e+02 
3.500e+01 ; 1.600e+00 ; 1.800e+00 ; 1.9017000e+01 ; 2.7600000e+02 
3.500e+01 ; 1.600e+00 ; 1.800e+00 ; 1.9033000e+01 ; 2.7600000e+02 
3.500e+01 ; 1.600e+00 ; 1.800e+00 ; 1.9065000e+01 ; 2.7600000e+02 
3.500e+01 ; 1.600e+00 ; 1.800e+00 ; 1.9129000e+01 ; 2.7600000e+02 
3.500e+01 ; 1.600e+00 ; 1.800e+00 ; 1.9257000e+01 ; 2.7600000e+02 
3.500e+01 ; 1.600e+00 ; 1.800e+00 ; 1.9513000e+01 ; 2.7600000e+02 
3.500e+01 ; 1.600e+00 ; 1.800e+00 ; 2.0000000e+01 ; 2.7600000e+02 
3.500e+01 ; 1.600e+00 ; 1.800e+00 ; 2.0000000e+01 ; 2.7600000e+02 
3.500e+01 ; 1.600e+00 ; 1.800e+00 ; 2.0001000e+01 ; 2.7600000e+02 
3.500e+01 ; 1.600e+00 ; 1.800e+00 ; 2.0002000e+01 ; 2.7600000e+02 
3.500e+01 ; 1.600e+00 ; 1.800e+00 ; 2.0003000e+01 ; 2.7600000e+02 
3.500e+01 ; 1.600e+00 ; 1.800e+00 ; 2.0005000e+01 ; 2.7600000e+02 
3.500e+01 ; 1.600e+00 ; 1.800e+00 ; 2.0009000e+01 ; 2.7600000e+02 
3.500e+01 ; 1.600e+00 ; 1.800e+00 ; 2.0017000e+01 ; 2.7600000e+02 
3.500e+01 ; 1.600e+00 ; 1.800e+00 ; 2.0033000e+01 ; 2.7600000e+02 
3.500e+01 ; 1.600e+00 ; 1.800e+00 ; 2.0065000e+01 ; 2.7600000e+02 
3.500e+01 ; 1.600e+00 ; 1.800e+00 ; 2.0129000e+01 ; 2.7600000e+02 
3.500e+01 ; 1.600e+00 ; 1.800e+00 ; 2.0257000e+01 ; 2.7600000e+02 
3.500e+01 ; 1.600e+00 ; 1.800e+00 ; 2.0513000e+01 ; 2.7600000e+02 
3.500e+01 ; 1.600e+00 ; 1.800e+00 ; 2.1000000e+01 ; 2.7600000e+02 
3.500e+01 ; 1.600e+00 ; 1.800e+00 ; 2.1000000e+01 ; 2.7600000e+02 
3.500e+01 ; 1.600e+00 ; 1.800e+00 ; 2.1001000e+01 ; 2.7600000e+02 
3.500e+01 ; 1.600e+00 ; 1.800e+00 ; 2.1002000e+01 ; 2.7600000e+02 
3.500e+01 ; 1.600e+00 ; 1.800e+00 ; 2.1003000e+01 ; 2.7600000e+02 
3.500e+01 ; 1.600e+00 ; 1.800e+00 ; 2.1005000e+01 ; 2.7600000e+02 
3.500e+01 ; 1.600e+00 ; 1.800e+00 ; 2.1009000e+01 ; 2.7600000e+02 
3.500e+01 ; 1.600e+00 ; 1.800e+00 ; 2.1017000e+01 ; 2.7600000e+02 
3.500e+01 ; 1.600e+00 ; 1.800e+00 ; 2.1033000e+01 ; 2.7600000e+02 
3.500e+01 ; 1.600e+00 ; 1.800e+00 ; 2.1065000e+01 ; 2.7600000e+02 
3.500e+01 ; 1.600e+00 ; 1.800e+00 ; 2.1129000e+01 ; 2.7600000e+02 
3.500e+01 ; 1.600e+00 ; 1.800e+00 ; 2.1257000e+01 ; 2.7600000e+02 
3.500e+01 ; 1.600e+00 ; 1.800e+00 ; 2.1513000e+01 ; 2.7600000e+02 
3.500e+01 ; 1.600e+00 ; 1.800e+00 ; 2.2000000e+01 ; 2.7600000e+02 
3.500e+01 ; 1.600e+00 ; 1.800e+00 ; 2.2000000e+01 ; 2.7600000e+02 
3.500e+01 ; 1.600e+00 ; 1.800e+00 ; 2.2001000e+01 ; 2.7600000e+02 
3.500e+01 ; 1.600e+00 ; 1.800e+00 ; 2.2002000e+01 ; 2.7600000e+02 
3.500e+01 ; 1.600e+00 ; 1.800e+00 ; 2.2003000e+01 ; 2.7600000e+02 
3.500e+01 ; 1.600e+00 ; 1.800e+00 ; 2.2005000e+01 ; 2.7600000e+02 
3.500e+01 ; 1.600e+00 ; 1.800e+00 ; 2.2009000e+01 ; 2.7600000e+02 
3.500e+01 ; 1.600e+00 ; 1.800e+00 ; 2.2017000e+01 ; 2.7600000e+02 
3.500e+01 ; 1.600e+00 ; 1.800e+00 ; 2.2033000e+01 ; 2.7600000e+02 
3.500e+01 ; 1.600e+00 ; 1.800e+00 ; 2.2065000e+01 ; 2.7600000e+02 
3.500e+01 ; 1.600e+00 ; 1.800e+00 ; 2.2129000e+01 ; 2.7600000e+02 
3.500e+01 ; 1.600e+00 ; 1.800e+00 ; 2.2257000e+01 ; 2.7600000e+02 
3.500e+01 ; 1.600e+00 ; 1.800e+00 ; 2.2513000e+01 ; 2.7600000e+02 
3.500e+01 ; 1.600e+00 ; 1.800e+00 ; 2.3000000e+01 ; 2.7600000e+02 
3.500e+01 ; 1.600e+00 ; 1.800e+00 ; 2.3000000e+01 ; 2.7600000e+02 
3.500e+01 ; 1.600e+00 ; 1.800e+00 ; 2.3001000e+01 ; 2.7600000e+02 
3.500e+01 ; 1.600e+00 ; 1.800e+00 ; 2.3002000e+01 ; 2.7600000e+02 
3.500e+01 ; 1.600e+00 ; 1.800e+00 ; 2.3003000e+01 ; 2.7600000e+02 
3.500e+01 ; 1.600e+00 ; 1.800e+00 ; 2.3005000e+01 ; 2.7600000e+02 
3.500e+01 ; 1.600e+00 ; 1.800e+00 ; 2.3009000e+01 ; 2.7600000e+02 
3.500e+01 ; 1.600e+00 ; 1.800e+00 ; 2.3017000e+01 ; 2.7600000e+02 
3.500e+01 ; 1.600e+00 ; 1.800e+00 ; 2.3033000e+01 ; 2.7600000e+02 
3.500e+01 ; 1.600e+00 ; 1.800e+00 ; 2.3065000e+01 ; 2.7600000e+02 
3.500e+01 ; 1.600e+00 ; 1.800e+00 ; 2.3129000e+01 ; 2.7600000e+02 
3.500e+01 ; 1.600e+00 ; 1.800e+00 ; 2.3257000e+01 ; 2.7600000e+02 
3.500e+01 ; 1.600e+00 ; 1.800e+00 ; 2.3513000e+01 ; 2.7600000e+02 
3.500e+01 ; 1.600e+00 ; 1.800e+00 ; 2.4000000e+01 ; 2.7600000e+02 
3.500e+01 ; 1.600e+00 ; 1.800e+00 ; 2.4000000e+01 ; 2.7600000e+02 
3.500e+01 ; 1.600e+00 ; 1.800e+00 ; 2.4001000e+01 ; 2.7600000e+02 
3.500e+01 ; 1.600e+00 ; 1.800e+00 ; 2.4002000e+01 ; 2.7600000e+02 
3.500e+01 ; 1.600e+00 ; 1.800e+00 ; 2.4003000e+01 ; 2.7600000e+02 
3.500e+01 ; 1.600e+00 ; 1.800e+00 ; 2.4005000e+01 ; 2.7600000e+02 
3.500e+01 ; 1.600e+00 ; 1.800e+00 ; 2.4009000e+01 ; 2.7600000e+02 
3.500e+01 ; 1.600e+00 ; 1.800e+00 ; 2.4017000e+01 ; 2.7600000e+02 
3.500e+01 ; 1.600e+00 ; 1.800e+00 ; 2.4033000e+01 ; 2.7600000e+02 
3.500e+01 ; 1.600e+00 ; 1.800e+00 ; 2.4065000e+01 ; 2.7600000e+02 
3.500e+01 ; 1.600e+00 ; 1.800e+00 ; 2.4129000e+01 ; 2.7600000e+02 
3.500e+01 ; 1.600e+00 ; 1.800e+00 ; 2.4257000e+01 ; 2.7600000e+02 
3.500e+01 ; 1.600e+00 ; 1.800e+00 ; 2.4513000e+01 ; 2.7600000e+02 
3.500e+01 ; 1.600e+00 ; 1.800e+00 ; 2.5000000e+01 ; 2.7600000e+02 
3.500e+01 ; 1.600e+00 ; 1.800e+00 ; 2.5000000e+01 ; 2.7600000e+02 
3.500e+01 ; 1.600e+00 ; 1.800e+00 ; 2.5001000e+01 ; 2.7600000e+02 
3.500e+01 ; 1.600e+00 ; 1.800e+00 ; 2.5002000e+01 ; 2.7600000e+02 
3.500e+01 ; 1.600e+00 ; 1.800e+00 ; 2.5003000e+01 ; 2.7600000e+02 
3.500e+01 ; 1.600e+00 ; 1.800e+00 ; 2.5005000e+01 ; 2.7600000e+02 
3.500e+01 ; 1.600e+00 ; 1.800e+00 ; 2.5009000e+01 ; 2.7600000e+02 
3.500e+01 ; 1.600e+00 ; 1.800e+00 ; 2.5017000e+01 ; 2.7600000e+02 
3.500e+01 ; 1.600e+00 ; 1.800e+00 ; 2.5033000e+01 ; 2.7600000e+02 
3.500e+01 ; 1.600e+00 ; 1.800e+00 ; 2.5065000e+01 ; 2.7600000e+02 
3.500e+01 ; 1.600e+00 ; 1.800e+00 ; 2.5129000e+01 ; 2.7600000e+02 
3.500e+01 ; 1.600e+00 ; 1.800e+00 ; 2.5257000e+01 ; 2.7600000e+02 
3.500e+01 ; 1.600e+00 ; 1.800e+00 ; 2.5513000e+01 ; 2.7600000e+02 
3.500e+01 ; 1.600e+00 ; 1.800e+00 ; 2.6000000e+01 ; 2.7600000e+02 
3.500e+01 ; 1.600e+00 ; 1.800e+00 ; 2.6000000e+01 ; 2.7600000e+02 
3.500e+01 ; 1.600e+00 ; 1.800e+00 ; 2.6001000e+01 ; 2.7600000e+02 
3.500e+01 ; 1.600e+00 ; 1.800e+00 ; 2.6002000e+01 ; 2.7600000e+02 
3.500e+01 ; 1.600e+00 ; 1.800e+00 ; 2.6003000e+01 ; 2.7600000e+02 
3.500e+01 ; 1.600e+00 ; 1.800e+00 ; 2.6005000e+01 ; 2.7600000e+02 
3.500e+01 ; 1.600e+00 ; 1.800e+00 ; 2.6009000e+01 ; 2.7600000e+02 
3.500e+01 ; 1.600e+00 ; 1.800e+00 ; 2.6017000e+01 ; 2.7600000e+02 
3.500e+01 ; 1.600e+00 ; 1.800e+00 ; 2.6033000e+01 ; 2.7600000e+02 
3.500e+01 ; 1.600e+00 ; 1.800e+00 ; 2.6065000e+01 ; 2.7600000e+02 
3.500e+01 ; 1.600e+00 ; 1.800e+00 ; 2.6129000e+01 ; 2.7600000e+02 
3.500e+01 ; 1.600e+00 ; 1.800e+00 ; 2.6257000e+01 ; 2.7600000e+02 
3.500e+01 ; 1.600e+00 ; 1.800e+00 ; 2.6513000e+01 ; 2.7600000e+02 
3.500e+01 ; 1.600e+00 ; 1.800e+00 ; 2.7000000e+01 ; 2.7600000e+02 
3.500e+01 ; 1.600e+00 ; 1.800e+00 ; 2.7000000e+01 ; 2.7600000e+02 
3.500e+01 ; 1.600e+00 ; 1.800e+00 ; 2.7001000e+01 ; 2.7600000e+02 
3.500e+01 ; 1.600e+00 ; 1.800e+00 ; 2.7002000e+01 ; 2.7600000e+02 
3.500e+01 ; 1.600e+00 ; 1.800e+00 ; 2.7003000e+01 ; 2.7600000e+02 
3.500e+01 ; 1.600e+00 ; 1.800e+00 ; 2.7005000e+01 ; 2.7600000e+02 
3.500e+01 ; 1.600e+00 ; 1.800e+00 ; 2.7009000e+01 ; 2.7600000e+02 
3.500e+01 ; 1.600e+00 ; 1.800e+00 ; 2.7017000e+01 ; 2.7600000e+02 
3.500e+01 ; 1.600e+00 ; 1.800e+00 ; 2.7033000e+01 ; 2.7600000e+02 
3.500e+01 ; 1.600e+00 ; 1.800e+00 ; 2.7065000e+01 ; 2.7600000e+02 
3.500e+01 ; 1.600e+00 ; 1.800e+00 ; 2.7129000e+01 ; 2.7600000e+02 
3.500e+01 ; 1.600e+00 ; 1.800e+00 ; 2.7257000e+01 ; 2.7600000e+02 
3.500e+01 ; 1.600e+00 ; 1.800e+00 ; 2.7513000e+01 ; 2.7600000e+02 
3.500e+01 ; 1.600e+00 ; 1.800e+00 ; 2.8000000e+01 ; 2.7600000e+02 
3.500e+01 ; 1.600e+00 ; 1.800e+00 ; 2.8000000e+01 ; 2.7600000e+02 
3.500e+01 ; 1.600e+00 ; 1.800e+00 ; 2.8001000e+01 ; 2.7600000e+02 
3.500e+01 ; 1.600e+00 ; 1.800e+00 ; 2.8002000e+01 ; 2.7600000e+02 
3.500e+01 ; 1.600e+00 ; 1.800e+00 ; 2.8003000e+01 ; 2.7600000e+02 
3.500e+01 ; 1.600e+00 ; 1.800e+00 ; 2.8005000e+01 ; 2.7600000e+02 
3.500e+01 ; 1.600e+00 ; 1.800e+00 ; 2.8009000e+01 ; 2.7600000e+02 
3.500e+01 ; 1.600e+00 ; 1.800e+00 ; 2.8017000e+01 ; 2.7600000e+02 
3.500e+01 ; 1.600e+00 ; 1.800e+00 ; 2.8033000e+01 ; 2.7600000e+02 
3.500e+01 ; 1.600e+00 ; 1.800e+00 ; 2.8065000e+01 ; 2.7600000e+02 
3.500e+01 ; 1.600e+00 ; 1.800e+00 ; 2.8129000e+01 ; 2.7600000e+02 
3.500e+01 ; 1.600e+00 ; 1.800e+00 ; 2.8257000e+01 ; 2.7600000e+02 
3.500e+01 ; 1.600e+00 ; 1.800e+00 ; 2.8513000e+01 ; 2.7600000e+02 
3.500e+01 ; 1.600e+00 ; 1.800e+00 ; 2.9000000e+01 ; 2.7600000e+02 
3.500e+01 ; 1.600e+00 ; 1.800e+00 ; 2.9000000e+01 ; 2.7600000e+02 
3.500e+01 ; 1.600e+00 ; 1.800e+00 ; 2.9001000e+01 ; 2.7600000e+02 
3.500e+01 ; 1.600e+00 ; 1.800e+00 ; 2.9002000e+01 ; 2.7600000e+02 
3.500e+01 ; 1.600e+00 ; 1.800e+00 ; 2.9003000e+01 ; 2.7600000e+02 
3.500e+01 ; 1.600e+00 ; 1.800e+00 ; 2.9005000e+01 ; 2.7600000e+02 
3.500e+01 ; 1.600e+00 ; 1.800e+00 ; 2.9009000e+01 ; 2.7600000e+02 
3.500e+01 ; 1.600e+00 ; 1.800e+00 ; 2.9017000e+01 ; 2.7600000e+02 
3.500e+01 ; 1.600e+00 ; 1.800e+00 ; 2.9033000e+01 ; 2.7600000e+02 
3.500e+01 ; 1.600e+00 ; 1.800e+00 ; 2.9065000e+01 ; 2.7600000e+02 
3.500e+01 ; 1.600e+00 ; 1.800e+00 ; 2.9129000e+01 ; 2.7600000e+02 
3.500e+01 ; 1.600e+00 ; 1.800e+00 ; 2.9257000e+01 ; 2.7600000e+02 
3.500e+01 ; 1.600e+00 ; 1.800e+00 ; 2.9513000e+01 ; 2.7600000e+02 
3.500e+01 ; 1.600e+00 ; 1.800e+00 ; 3.0000000e+01 ; 2.7600000e+02 
3.500e+01 ; 1.600e+00 ; 1.800e+00 ; 3.0000000e+01 ; 2.7600000e+02 
3.500e+01 ; 1.600e+00 ; 1.800e+00 ; 3.0001000e+01 ; 2.7600000e+02 
3.500e+01 ; 1.600e+00 ; 1.800e+00 ; 3.0002000e+01 ; 2.7600000e+02 
3.500e+01 ; 1.600e+00 ; 1.800e+00 ; 3.0003000e+01 ; 2.7600000e+02 
3.500e+01 ; 1.600e+00 ; 1.800e+00 ; 3.0005000e+01 ; 2.7600000e+02 
3.500e+01 ; 1.600e+00 ; 1.800e+00 ; 3.0009000e+01 ; 2.7600000e+02 
3.500e+01 ; 1.600e+00 ; 1.800e+00 ; 3.0017000e+01 ; 2.7600000e+02 
3.500e+01 ; 1.600e+00 ; 1.800e+00 ; 3.0033000e+01 ; 2.7600000e+02 
3.500e+01 ; 1.600e+00 ; 1.800e+00 ; 3.0065000e+01 ; 2.7600000e+02 
3.500e+01 ; 1.600e+00 ; 1.800e+00 ; 3.0129000e+01 ; 2.7600000e+02 
3.500e+01 ; 1.600e+00 ; 1.800e+00 ; 3.0257000e+01 ; 2.7600000e+02 
3.500e+01 ; 1.600e+00 ; 1.800e+00 ; 3.0513000e+01 ; 2.7600000e+02 
3.500e+01 ; 1.600e+00 ; 1.800e+00 ; 3.1000000e+01 ; 2.7600000e+02 
3.500e+01 ; 1.600e+00 ; 1.800e+00 ; 3.1000000e+01 ; 2.7600000e+02 
3.500e+01 ; 1.600e+00 ; 1.800e+00 ; 3.1001000e+01 ; 2.7600000e+02 
3.500e+01 ; 1.600e+00 ; 1.800e+00 ; 3.1002000e+01 ; 2.7600000e+02 
3.500e+01 ; 1.600e+00 ; 1.800e+00 ; 3.1003000e+01 ; 2.7600000e+02 
3.500e+01 ; 1.600e+00 ; 1.800e+00 ; 3.1005000e+01 ; 2.7600000e+02 
3.500e+01 ; 1.600e+00 ; 1.800e+00 ; 3.1009000e+01 ; 2.7600000e+02 
3.500e+01 ; 1.600e+00 ; 1.800e+00 ; 3.1017000e+01 ; 2.7600000e+02 
3.500e+01 ; 1.600e+00 ; 1.800e+00 ; 3.1033000e+01 ; 2.7600000e+02 
3.500e+01 ; 1.600e+00 ; 1.800e+00 ; 3.1065000e+01 ; 2.7600000e+02 
3.500e+01 ; 1.600e+00 ; 1.800e+00 ; 3.1129000e+01 ; 2.7600000e+02 
3.500e+01 ; 1.600e+00 ; 1.800e+00 ; 3.1257000e+01 ; 2.7600000e+02 
3.500e+01 ; 1.600e+00 ; 1.800e+00 ; 3.1513000e+01 ; 2.7600000e+02 
3.500e+01 ; 1.600e+00 ; 1.800e+00 ; 3.2000000e+01 ; 2.7600000e+02 
3.500e+01 ; 1.600e+00 ; 1.800e+00 ; 3.2000000e+01 ; 2.7600000e+02 
3.500e+01 ; 1.600e+00 ; 1.800e+00 ; 3.2001000e+01 ; 2.7581912e+02 
3.500e+01 ; 1.600e+00 ; 1.800e+00 ; 3.2002000e+01 ; 2.7563843e+02 
3.500e+01 ; 1.600e+00 ; 1.800e+00 ; 3.2003000e+01 ; 2.7545789e+02 
3.500e+01 ; 1.600e+00 ; 1.800e+00 ; 3.2005000e+01 ; 2.7509753e+02 
3.500e+01 ; 1.600e+00 ; 1.800e+00 ; 3.2009000e+01 ; 2.7437967e+02 
3.500e+01 ; 1.600e+00 ; 1.800e+00 ; 3.2017000e+01 ; 2.7295505e+02 
3.500e+01 ; 1.600e+00 ; 1.800e+00 ; 3.2033000e+01 ; 2.7014978e+02 
3.500e+01 ; 1.600e+00 ; 1.800e+00 ; 3.2065000e+01 ; 2.6470978e+02 
3.500e+01 ; 1.600e+00 ; 1.800e+00 ; 3.2129000e+01 ; 2.5447252e+02 
3.500e+01 ; 1.600e+00 ; 1.800e+00 ; 3.2257000e+01 ; 2.3628563e+02 
3.500e+01 ; 1.600e+00 ; 1.800e+00 ; 3.2513000e+01 ; 2.0722853e+02 
3.500e+01 ; 1.600e+00 ; 1.800e+00 ; 3.3000000e+01 ; 1.6976227e+02 
3.500e+01 ; 1.600e+00 ; 1.800e+00 ; 3.3000000e+01 ; 1.6976227e+02 
3.500e+01 ; 1.600e+00 ; 1.800e+00 ; 3.3001000e+01 ; 1.6968539e+02 
3.500e+01 ; 1.600e+00 ; 1.800e+00 ; 3.3002000e+01 ; 1.6960861e+02 
3.500e+01 ; 1.600e+00 ; 1.800e+00 ; 3.3003000e+01 ; 1.6953189e+02 
3.500e+01 ; 1.600e+00 ; 1.800e+00 ; 3.3005000e+01 ; 1.6937874e+02 
3.500e+01 ; 1.600e+00 ; 1.800e+00 ; 3.3009000e+01 ; 1.6907359e+02 
3.500e+01 ; 1.600e+00 ; 1.800e+00 ; 3.3017000e+01 ; 1.6846780e+02 
3.500e+01 ; 1.600e+00 ; 1.800e+00 ; 3.3033000e+01 ; 1.6727408e+02 
3.500e+01 ; 1.600e+00 ; 1.800e+00 ; 3.3065000e+01 ; 1.6495578e+02 
3.500e+01 ; 1.600e+00 ; 1.800e+00 ; 3.3129000e+01 ; 1.6057993e+02 
3.500e+01 ; 1.600e+00 ; 1.800e+00 ; 3.3257000e+01 ; 1.5276007e+02 
3.500e+01 ; 1.600e+00 ; 1.800e+00 ; 3.3513000e+01 ; 1.4014198e+02 
3.500e+01 ; 1.600e+00 ; 1.800e+00 ; 3.4000000e+01 ; 1.2367123e+02 
3.500e+01 ; 1.600e+00 ; 1.800e+00 ; 3.4000000e+01 ; 1.2367123e+02 
3.500e+01 ; 1.600e+00 ; 1.800e+00 ; 3.4001000e+01 ; 1.2363745e+02 
3.500e+01 ; 1.600e+00 ; 1.800e+00 ; 3.4002000e+01 ; 1.2360369e+02 
3.500e+01 ; 1.600e+00 ; 1.800e+00 ; 3.4003000e+01 ; 1.2356998e+02 
3.500e+01 ; 1.600e+00 ; 1.800e+00 ; 3.4005000e+01 ; 1.2350267e+02 
3.500e+01 ; 1.600e+00 ; 1.800e+00 ; 3.4009000e+01 ; 1.2336859e+02 
3.500e+01 ; 1.600e+00 ; 1.800e+00 ; 3.4017000e+01 ; 1.2310256e+02 
3.500e+01 ; 1.600e+00 ; 1.800e+00 ; 3.4033000e+01 ; 1.2257886e+02 
3.500e+01 ; 1.600e+00 ; 1.800e+00 ; 3.4065000e+01 ; 1.2156378e+02 
3.500e+01 ; 1.600e+00 ; 1.800e+00 ; 3.4129000e+01 ; 1.1965497e+02 
3.500e+01 ; 1.600e+00 ; 1.800e+00 ; 3.4257000e+01 ; 1.1626546e+02 
3.500e+01 ; 1.600e+00 ; 1.800e+00 ; 3.4513000e+01 ; 1.1083419e+02 
3.500e+01 ; 1.600e+00 ; 1.800e+00 ; 3.5000000e+01 ; 1.0370326e+02 
3.500e+01 ; 1.600e+00 ; 1.800e+00 ; 3.5000000e+01 ; 1.0370326e+02 
3.500e+01 ; 1.600e+00 ; 1.800e+00 ; 3.5001000e+01 ; 1.0368864e+02 
3.500e+01 ; 1.600e+00 ; 1.800e+00 ; 3.5002000e+01 ; 1.0367402e+02 
3.500e+01 ; 1.600e+00 ; 1.800e+00 ; 3.5003000e+01 ; 1.0365942e+02 
3.500e+01 ; 1.600e+00 ; 1.800e+00 ; 3.5005000e+01 ; 1.0363026e+02 
3.500e+01 ; 1.600e+00 ; 1.800e+00 ; 3.5009000e+01 ; 1.0357218e+02 
3.500e+01 ; 1.600e+00 ; 1.800e+00 ; 3.5017000e+01 ; 1.0345685e+02 
3.500e+01 ; 1.600e+00 ; 1.800e+00 ; 3.5033000e+01 ; 1.0322952e+02 
3.500e+01 ; 1.600e+00 ; 1.800e+00 ; 3.5065000e+01 ; 1.0278764e+02 
3.500e+01 ; 1.600e+00 ; 1.800e+00 ; 3.5129000e+01 ; 1.0195161e+02 
3.500e+01 ; 1.600e+00 ; 1.800e+00 ; 3.5257000e+01 ; 1.0044591e+02 
3.500e+01 ; 1.600e+00 ; 1.800e+00 ; 3.5513000e+01 ; 9.7952133e+01 
3.500e+01 ; 1.600e+00 ; 1.800e+00 ; 3.6000000e+01 ; 9.4444122e+01 
3.500e+01 ; 1.600e+00 ; 1.800e+00 ; 3.6000000e+01 ; 9.4444122e+01 
3.500e+01 ; 1.600e+00 ; 1.800e+00 ; 3.6001000e+01 ; 9.4436920e+01 
3.500e+01 ; 1.600e+00 ; 1.800e+00 ; 3.6002000e+01 ; 9.4429733e+01 
3.500e+01 ; 1.600e+00 ; 1.800e+00 ; 3.6003000e+01 ; 9.4422539e+01 
3.500e+01 ; 1.600e+00 ; 1.800e+00 ; 3.6005000e+01 ; 9.4408188e+01 
3.500e+01 ; 1.600e+00 ; 1.800e+00 ; 3.6009000e+01 ; 9.4379562e+01 
3.500e+01 ; 1.600e+00 ; 1.800e+00 ; 3.6017000e+01 ; 9.4322632e+01 
3.500e+01 ; 1.600e+00 ; 1.800e+00 ; 3.6033000e+01 ; 9.4210068e+01 
3.500e+01 ; 1.600e+00 ; 1.800e+00 ; 3.6065000e+01 ; 9.3989929e+01 
3.500e+01 ; 1.600e+00 ; 1.800e+00 ; 3.6129000e+01 ; 9.3568344e+01 
3.500e+01 ; 1.600e+00 ; 1.800e+00 ; 3.6257000e+01 ; 9.2791397e+01 
3.500e+01 ; 1.600e+00 ; 1.800e+00 ; 3.6513000e+01 ; 9.1449516e+01 
3.500e+01 ; 1.600e+00 ; 1.800e+00 ; 3.7000000e+01 ; 8.9429352e+01 
3.500e+01 ; 1.600e+00 ; 1.800e+00 ; 3.7000000e+01 ; 8.9429352e+01 
3.500e+01 ; 1.600e+00 ; 1.800e+00 ; 3.7001000e+01 ; 8.9425201e+01 
3.500e+01 ; 1.600e+00 ; 1.800e+00 ; 3.7002000e+01 ; 8.9421059e+01 
3.500e+01 ; 1.600e+00 ; 1.800e+00 ; 3.7003000e+01 ; 8.9416916e+01 
3.500e+01 ; 1.600e+00 ; 1.800e+00 ; 3.7005000e+01 ; 8.9408646e+01 
3.500e+01 ; 1.600e+00 ; 1.800e+00 ; 3.7009000e+01 ; 8.9392128e+01 
3.500e+01 ; 1.600e+00 ; 1.800e+00 ; 3.7017000e+01 ; 8.9359245e+01 
3.500e+01 ; 1.600e+00 ; 1.800e+00 ; 3.7033000e+01 ; 8.9294037e+01 
3.500e+01 ; 1.600e+00 ; 1.800e+00 ; 3.7065000e+01 ; 8.9165794e+01 
3.500e+01 ; 1.600e+00 ; 1.800e+00 ; 3.7129000e+01 ; 8.8917511e+01 
3.500e+01 ; 1.600e+00 ; 1.800e+00 ; 3.7257000e+01 ; 8.8450569e+01 
3.500e+01 ; 1.600e+00 ; 1.800e+00 ; 3.7513000e+01 ; 8.7614731e+01 
3.500e+01 ; 1.600e+00 ; 1.800e+00 ; 3.8000000e+01 ; 8.6284927e+01 
3.500e+01 ; 1.600e+00 ; 1.800e+00 ; 3.8000000e+01 ; 8.6284927e+01 
3.500e+01 ; 1.600e+00 ; 1.800e+00 ; 3.8001000e+01 ; 8.6282196e+01 
3.500e+01 ; 1.600e+00 ; 1.800e+00 ; 3.8002000e+01 ; 8.6279472e+01 
3.500e+01 ; 1.600e+00 ; 1.800e+00 ; 3.8003000e+01 ; 8.6276741e+01 
3.500e+01 ; 1.600e+00 ; 1.800e+00 ; 3.8005000e+01 ; 8.6271294e+01 
3.500e+01 ; 1.600e+00 ; 1.800e+00 ; 3.8009000e+01 ; 8.6260414e+01 
3.500e+01 ; 1.600e+00 ; 1.800e+00 ; 3.8017000e+01 ; 8.6238716e+01 
3.500e+01 ; 1.600e+00 ; 1.800e+00 ; 3.8033000e+01 ; 8.6195595e+01 
3.500e+01 ; 1.600e+00 ; 1.800e+00 ; 3.8065000e+01 ; 8.6110428e+01 
3.500e+01 ; 1.600e+00 ; 1.800e+00 ; 3.8129000e+01 ; 8.5944183e+01 
3.500e+01 ; 1.600e+00 ; 1.800e+00 ; 3.8257000e+01 ; 8.5626740e+01 
3.500e+01 ; 1.600e+00 ; 1.800e+00 ; 3.8513000e+01 ; 8.5043266e+01 
3.500e+01 ; 1.600e+00 ; 1.800e+00 ; 3.9000000e+01 ; 8.4077255e+01 
3.500e+01 ; 1.600e+00 ; 1.800e+00 ; 3.9000000e+01 ; 8.4077255e+01 
3.500e+01 ; 1.600e+00 ; 1.800e+00 ; 3.9001000e+01 ; 8.4075272e+01 
3.500e+01 ; 1.600e+00 ; 1.800e+00 ; 3.9002000e+01 ; 8.4073288e+01 
3.500e+01 ; 1.600e+00 ; 1.800e+00 ; 3.9003000e+01 ; 8.4071304e+01 
3.500e+01 ; 1.600e+00 ; 1.800e+00 ; 3.9005000e+01 ; 8.4067345e+01 
3.500e+01 ; 1.600e+00 ; 1.800e+00 ; 3.9009000e+01 ; 8.4059433e+01 
3.500e+01 ; 1.600e+00 ; 1.800e+00 ; 3.9017000e+01 ; 8.4043648e+01 
3.500e+01 ; 1.600e+00 ; 1.800e+00 ; 3.9033000e+01 ; 8.4012222e+01 
3.500e+01 ; 1.600e+00 ; 1.800e+00 ; 3.9065000e+01 ; 8.3949982e+01 
3.500e+01 ; 1.600e+00 ; 1.800e+00 ; 3.9129000e+01 ; 8.3827797e+01 
3.500e+01 ; 1.600e+00 ; 1.800e+00 ; 3.9257000e+01 ; 8.3592041e+01 
3.500e+01 ; 1.600e+00 ; 1.800e+00 ; 3.9513000e+01 ; 8.3150841e+01 
3.500e+01 ; 1.600e+00 ; 1.800e+00 ; 4.0000000e+01 ; 8.2400543e+01 
3.500e+01 ; 1.600e+00 ; 1.800e+00 ; 4.0000000e+01 ; 8.2400543e+01 
3.500e+01 ; 1.600e+00 ; 1.800e+00 ; 4.0001000e+01 ; 8.2399002e+01 
3.500e+01 ; 1.600e+00 ; 1.800e+00 ; 4.0002000e+01 ; 8.2397461e+01 
3.500e+01 ; 1.600e+00 ; 1.800e+00 ; 4.0003000e+01 ; 8.2395920e+01 
3.500e+01 ; 1.600e+00 ; 1.800e+00 ; 4.0005000e+01 ; 8.2392845e+01 
3.500e+01 ; 1.600e+00 ; 1.800e+00 ; 4.0009000e+01 ; 8.2386696e+01 
3.500e+01 ; 1.600e+00 ; 1.800e+00 ; 4.0017000e+01 ; 8.2374420e+01 
3.500e+01 ; 1.600e+00 ; 1.800e+00 ; 4.0033000e+01 ; 8.2349968e+01 
3.500e+01 ; 1.600e+00 ; 1.800e+00 ; 4.0065000e+01 ; 8.2301430e+01 
3.500e+01 ; 1.600e+00 ; 1.800e+00 ; 4.0129000e+01 ; 8.2205811e+01 
3.500e+01 ; 1.600e+00 ; 1.800e+00 ; 4.0257000e+01 ; 8.2020042e+01 
3.500e+01 ; 1.600e+00 ; 1.800e+00 ; 4.0513000e+01 ; 8.1668297e+01 
3.500e+01 ; 1.600e+00 ; 1.800e+00 ; 4.1000000e+01 ; 8.1059647e+01 
3.500e+01 ; 1.600e+00 ; 1.800e+00 ; 4.1000000e+01 ; 8.1059647e+01 
3.500e+01 ; 1.600e+00 ; 1.800e+00 ; 4.1001000e+01 ; 8.1058395e+01 
3.500e+01 ; 1.600e+00 ; 1.800e+00 ; 4.1002000e+01 ; 8.1057144e+01 
3.500e+01 ; 1.600e+00 ; 1.800e+00 ; 4.1003000e+01 ; 8.1055893e+01 
3.500e+01 ; 1.600e+00 ; 1.800e+00 ; 4.1005000e+01 ; 8.1053398e+01 
3.500e+01 ; 1.600e+00 ; 1.800e+00 ; 4.1009000e+01 ; 8.1048409e+01 
3.500e+01 ; 1.600e+00 ; 1.800e+00 ; 4.1017000e+01 ; 8.1038445e+01 
3.500e+01 ; 1.600e+00 ; 1.800e+00 ; 4.1033000e+01 ; 8.1018585e+01 
3.500e+01 ; 1.600e+00 ; 1.800e+00 ; 4.1065000e+01 ; 8.0979111e+01 
3.500e+01 ; 1.600e+00 ; 1.800e+00 ; 4.1129000e+01 ; 8.0901161e+01 
3.500e+01 ; 1.600e+00 ; 1.800e+00 ; 4.1257000e+01 ; 8.0749084e+01 
3.500e+01 ; 1.600e+00 ; 1.800e+00 ; 4.1513000e+01 ; 8.0458969e+01 
3.500e+01 ; 1.600e+00 ; 1.800e+00 ; 4.2000000e+01 ; 7.9951401e+01 
3.500e+01 ; 1.600e+00 ; 1.800e+00 ; 4.2000000e+01 ; 7.9951401e+01 
3.500e+01 ; 1.600e+00 ; 1.800e+00 ; 4.2001000e+01 ; 7.9950363e+01 
3.500e+01 ; 1.600e+00 ; 1.800e+00 ; 4.2002000e+01 ; 7.9949318e+01 
3.500e+01 ; 1.600e+00 ; 1.800e+00 ; 4.2003000e+01 ; 7.9948280e+01 
3.500e+01 ; 1.600e+00 ; 1.800e+00 ; 4.2005000e+01 ; 7.9946198e+01 
3.500e+01 ; 1.600e+00 ; 1.800e+00 ; 4.2009000e+01 ; 7.9942032e+01 
3.500e+01 ; 1.600e+00 ; 1.800e+00 ; 4.2017000e+01 ; 7.9933723e+01 
3.500e+01 ; 1.600e+00 ; 1.800e+00 ; 4.2033000e+01 ; 7.9917145e+01 
3.500e+01 ; 1.600e+00 ; 1.800e+00 ; 4.2065000e+01 ; 7.9884178e+01 
3.500e+01 ; 1.600e+00 ; 1.800e+00 ; 4.2129000e+01 ; 7.9818977e+01 
3.500e+01 ; 1.600e+00 ; 1.800e+00 ; 4.2257000e+01 ; 7.9691429e+01 
3.500e+01 ; 1.600e+00 ; 1.800e+00 ; 4.2513000e+01 ; 7.9446968e+01 
3.500e+01 ; 1.600e+00 ; 1.800e+00 ; 4.3000000e+01 ; 7.9016335e+01 
3.500e+01 ; 1.600e+00 ; 1.800e+00 ; 4.3000000e+01 ; 7.9016335e+01 
3.500e+01 ; 1.600e+00 ; 1.800e+00 ; 4.3001000e+01 ; 7.9015450e+01 
3.500e+01 ; 1.600e+00 ; 1.800e+00 ; 4.3002000e+01 ; 7.9014565e+01 
3.500e+01 ; 1.600e+00 ; 1.800e+00 ; 4.3003000e+01 ; 7.9013680e+01 
3.500e+01 ; 1.600e+00 ; 1.800e+00 ; 4.3005000e+01 ; 7.9011917e+01 
3.500e+01 ; 1.600e+00 ; 1.800e+00 ; 4.3009000e+01 ; 7.9008385e+01 
3.500e+01 ; 1.600e+00 ; 1.800e+00 ; 4.3017000e+01 ; 7.9001328e+01 
3.500e+01 ; 1.600e+00 ; 1.800e+00 ; 4.3033000e+01 ; 7.8987251e+01 
3.500e+01 ; 1.600e+00 ; 1.800e+00 ; 4.3065000e+01 ; 7.8959259e+01 
3.500e+01 ; 1.600e+00 ; 1.800e+00 ; 4.3129000e+01 ; 7.8903839e+01 
3.500e+01 ; 1.600e+00 ; 1.800e+00 ; 4.3257000e+01 ; 7.8795235e+01 
3.500e+01 ; 1.600e+00 ; 1.800e+00 ; 4.3513000e+01 ; 7.8586487e+01 
3.500e+01 ; 1.600e+00 ; 1.800e+00 ; 4.4000000e+01 ; 7.8217201e+01 
3.500e+01 ; 1.600e+00 ; 1.800e+00 ; 4.4000000e+01 ; 7.8217201e+01 
3.500e+01 ; 1.600e+00 ; 1.800e+00 ; 4.4001000e+01 ; 7.8216438e+01 
3.500e+01 ; 1.600e+00 ; 1.800e+00 ; 4.4002000e+01 ; 7.8215683e+01 
3.500e+01 ; 1.600e+00 ; 1.800e+00 ; 4.4003000e+01 ; 7.8214928e+01 
3.500e+01 ; 1.600e+00 ; 1.800e+00 ; 4.4005000e+01 ; 7.8213409e+01 
3.500e+01 ; 1.600e+00 ; 1.800e+00 ; 4.4009000e+01 ; 7.8210381e+01 
3.500e+01 ; 1.600e+00 ; 1.800e+00 ; 4.4017000e+01 ; 7.8204330e+01 
3.500e+01 ; 1.600e+00 ; 1.800e+00 ; 4.4033000e+01 ; 7.8192261e+01 
3.500e+01 ; 1.600e+00 ; 1.800e+00 ; 4.4065000e+01 ; 7.8168236e+01 
3.500e+01 ; 1.600e+00 ; 1.800e+00 ; 4.4129000e+01 ; 7.8120659e+01 
3.500e+01 ; 1.600e+00 ; 1.800e+00 ; 4.4257000e+01 ; 7.8027321e+01 
3.500e+01 ; 1.600e+00 ; 1.800e+00 ; 4.4513000e+01 ; 7.7847610e+01 
3.500e+01 ; 1.600e+00 ; 1.800e+00 ; 4.5000000e+01 ; 7.7528854e+01 
3.500e+01 ; 1.600e+00 ; 1.800e+00 ; 4.5000000e+01 ; 7.7528854e+01 
3.500e+01 ; 1.600e+00 ; 1.800e+00 ; 4.5001000e+01 ; 7.7528198e+01 
3.500e+01 ; 1.600e+00 ; 1.800e+00 ; 4.5002000e+01 ; 7.7527542e+01 
3.500e+01 ; 1.600e+00 ; 1.800e+00 ; 4.5003000e+01 ; 7.7526886e+01 
3.500e+01 ; 1.600e+00 ; 1.800e+00 ; 4.5005000e+01 ; 7.7525581e+01 
3.500e+01 ; 1.600e+00 ; 1.800e+00 ; 4.5009000e+01 ; 7.7522964e+01 
3.500e+01 ; 1.600e+00 ; 1.800e+00 ; 4.5017000e+01 ; 7.7517738e+01 
3.500e+01 ; 1.600e+00 ; 1.800e+00 ; 4.5033000e+01 ; 7.7507324e+01 
3.500e+01 ; 1.600e+00 ; 1.800e+00 ; 4.5065000e+01 ; 7.7486580e+01 
3.500e+01 ; 1.600e+00 ; 1.800e+00 ; 4.5129000e+01 ; 7.7445480e+01 
3.500e+01 ; 1.600e+00 ; 1.800e+00 ; 4.5257000e+01 ; 7.7364807e+01 
3.500e+01 ; 1.600e+00 ; 1.800e+00 ; 4.5513000e+01 ; 7.7209312e+01 
3.500e+01 ; 1.600e+00 ; 1.800e+00 ; 4.6000000e+01 ; 7.6933083e+01 
3.500e+01 ; 1.600e+00 ; 1.800e+00 ; 4.6000000e+01 ; 7.6933083e+01 
3.500e+01 ; 1.600e+00 ; 1.800e+00 ; 4.6001000e+01 ; 7.6932518e+01 
3.500e+01 ; 1.600e+00 ; 1.800e+00 ; 4.6002000e+01 ; 7.6931953e+01 
3.500e+01 ; 1.600e+00 ; 1.800e+00 ; 4.6003000e+01 ; 7.6931381e+01 
3.500e+01 ; 1.600e+00 ; 1.800e+00 ; 4.6005000e+01 ; 7.6930252e+01 
3.500e+01 ; 1.600e+00 ; 1.800e+00 ; 4.6009000e+01 ; 7.6927986e+01 
3.500e+01 ; 1.600e+00 ; 1.800e+00 ; 4.6017000e+01 ; 7.6923470e+01 
3.500e+01 ; 1.600e+00 ; 1.800e+00 ; 4.6033000e+01 ; 7.6914474e+01 
3.500e+01 ; 1.600e+00 ; 1.800e+00 ; 4.6065000e+01 ; 7.6896706e+01 
3.500e+01 ; 1.600e+00 ; 1.800e+00 ; 4.6129000e+01 ; 7.6862251e+01 
3.500e+01 ; 1.600e+00 ; 1.800e+00 ; 4.6257000e+01 ; 7.6799583e+01 
3.500e+01 ; 1.600e+00 ; 1.800e+00 ; 4.6513000e+01 ; 7.6708618e+01 
3.500e+01 ; 1.600e+00 ; 1.800e+00 ; 4.7000000e+01 ; 7.6668266e+01 
3.500e+01 ; 1.600e+00 ; 1.800e+00 ; 4.7000000e+01 ; 7.6668266e+01 
3.500e+01 ; 1.600e+00 ; 1.800e+00 ; 4.7001000e+01 ; 7.6672501e+01 
3.500e+01 ; 1.600e+00 ; 1.800e+00 ; 4.7002000e+01 ; 7.6676773e+01 
3.500e+01 ; 1.600e+00 ; 1.800e+00 ; 4.7003000e+01 ; 7.6681091e+01 
3.500e+01 ; 1.600e+00 ; 1.800e+00 ; 4.7005000e+01 ; 7.6689880e+01 
3.500e+01 ; 1.600e+00 ; 1.800e+00 ; 4.7009000e+01 ; 7.6708076e+01 
3.500e+01 ; 1.600e+00 ; 1.800e+00 ; 4.7017000e+01 ; 7.6746887e+01 
3.500e+01 ; 1.600e+00 ; 1.800e+00 ; 4.7033000e+01 ; 7.6833725e+01 
3.500e+01 ; 1.600e+00 ; 1.800e+00 ; 4.7065000e+01 ; 7.7040779e+01 
3.500e+01 ; 1.600e+00 ; 1.800e+00 ; 4.7129000e+01 ; 7.7563919e+01 
3.500e+01 ; 1.600e+00 ; 1.800e+00 ; 4.7257000e+01 ; 7.8893448e+01 
3.500e+01 ; 1.600e+00 ; 1.800e+00 ; 4.7513000e+01 ; 8.1927299e+01 
3.500e+01 ; 1.600e+00 ; 1.800e+00 ; 4.8000000e+01 ; 8.6903397e+01 
3.500e+01 ; 1.600e+00 ; 1.800e+00 ; 4.8000000e+01 ; 8.6903397e+01 
3.500e+01 ; 1.600e+00 ; 1.800e+00 ; 4.8001000e+01 ; 8.6917282e+01 
3.500e+01 ; 1.600e+00 ; 1.800e+00 ; 4.8002000e+01 ; 8.6931175e+01 
3.500e+01 ; 1.600e+00 ; 1.800e+00 ; 4.8003000e+01 ; 8.6945068e+01 
3.500e+01 ; 1.600e+00 ; 1.800e+00 ; 4.8005000e+01 ; 8.6972878e+01 
3.500e+01 ; 1.600e+00 ; 1.800e+00 ; 4.8009000e+01 ; 8.7028557e+01 
3.500e+01 ; 1.600e+00 ; 1.800e+00 ; 4.8017000e+01 ; 8.7140137e+01 
3.500e+01 ; 1.600e+00 ; 1.800e+00 ; 4.8033000e+01 ; 8.7364059e+01 
3.500e+01 ; 1.600e+00 ; 1.800e+00 ; 4.8065000e+01 ; 8.7813866e+01 
3.500e+01 ; 1.600e+00 ; 1.800e+00 ; 4.8129000e+01 ; 8.8713448e+01 
3.500e+01 ; 1.600e+00 ; 1.800e+00 ; 4.8257000e+01 ; 9.0464813e+01 
3.500e+01 ; 1.600e+00 ; 1.800e+00 ; 4.8513000e+01 ; 9.3561096e+01 
3.500e+01 ; 1.600e+00 ; 1.800e+00 ; 4.9000000e+01 ; 9.7587875e+01 
3.500e+01 ; 1.600e+00 ; 1.800e+00 ; 4.9000000e+01 ; 9.7587875e+01 
3.500e+01 ; 1.600e+00 ; 1.800e+00 ; 4.9001000e+01 ; 9.7596123e+01 
3.500e+01 ; 1.600e+00 ; 1.800e+00 ; 4.9002000e+01 ; 9.7604362e+01 
3.500e+01 ; 1.600e+00 ; 1.800e+00 ; 4.9003000e+01 ; 9.7612579e+01 
3.500e+01 ; 1.600e+00 ; 1.800e+00 ; 4.9005000e+01 ; 9.7628944e+01 
3.500e+01 ; 1.600e+00 ; 1.800e+00 ; 4.9009000e+01 ; 9.7661407e+01 
3.500e+01 ; 1.600e+00 ; 1.800e+00 ; 4.9017000e+01 ; 9.7725266e+01 
3.500e+01 ; 1.600e+00 ; 1.800e+00 ; 4.9033000e+01 ; 9.7848816e+01 
3.500e+01 ; 1.600e+00 ; 1.800e+00 ; 4.9065000e+01 ; 9.8079895e+01 
3.500e+01 ; 1.600e+00 ; 1.800e+00 ; 4.9129000e+01 ; 9.8483307e+01 
3.500e+01 ; 1.600e+00 ; 1.800e+00 ; 4.9257000e+01 ; 9.9091461e+01 
3.500e+01 ; 1.600e+00 ; 1.800e+00 ; 4.9513000e+01 ; 9.9732758e+01 
3.500e+01 ; 1.600e+00 ; 1.800e+00 ; 5.0000000e+01 ; 9.9792053e+01 
3.500e+01 ; 1.600e+00 ; 1.800e+00 ; 5.0000000e+01 ; 9.9792053e+01 
3.500e+01 ; 1.600e+00 ; 1.800e+00 ; 5.0001000e+01 ; 9.9792168e+01 
3.500e+01 ; 1.600e+00 ; 1.800e+00 ; 5.0002000e+01 ; 9.9792282e+01 
3.500e+01 ; 1.600e+00 ; 1.800e+00 ; 5.0003000e+01 ; 9.9792389e+01 
3.500e+01 ; 1.600e+00 ; 1.800e+00 ; 5.0005000e+01 ; 9.9792580e+01 
3.500e+01 ; 1.600e+00 ; 1.800e+00 ; 5.0009000e+01 ; 9.9792892e+01 
3.500e+01 ; 1.600e+00 ; 1.800e+00 ; 5.0017000e+01 ; 9.9793213e+01 
3.500e+01 ; 1.600e+00 ; 1.800e+00 ; 5.0033000e+01 ; 9.9792671e+01 
3.500e+01 ; 1.600e+00 ; 1.800e+00 ; 5.0065000e+01 ; 9.9787064e+01 
3.500e+01 ; 1.600e+00 ; 1.800e+00 ; 5.0129000e+01 ; 9.9759590e+01 
3.500e+01 ; 1.600e+00 ; 1.800e+00 ; 5.0257000e+01 ; 9.9651505e+01 
3.500e+01 ; 1.600e+00 ; 1.800e+00 ; 5.0513000e+01 ; 9.9292610e+01 
3.500e+01 ; 1.600e+00 ; 1.800e+00 ; 5.1000000e+01 ; 9.8369614e+01 
3.500e+01 ; 1.600e+00 ; 1.800e+00 ; 5.1000000e+01 ; 9.8369614e+01 
3.500e+01 ; 1.600e+00 ; 1.800e+00 ; 5.1001000e+01 ; 9.8367714e+01 
3.500e+01 ; 1.600e+00 ; 1.800e+00 ; 5.1002000e+01 ; 9.8365814e+01 
3.500e+01 ; 1.600e+00 ; 1.800e+00 ; 5.1003000e+01 ; 9.8363922e+01 
3.500e+01 ; 1.600e+00 ; 1.800e+00 ; 5.1005000e+01 ; 9.8360123e+01 
3.500e+01 ; 1.600e+00 ; 1.800e+00 ; 5.1009000e+01 ; 9.8352501e+01 
3.500e+01 ; 1.600e+00 ; 1.800e+00 ; 5.1017000e+01 ; 9.8337204e+01 
3.500e+01 ; 1.600e+00 ; 1.800e+00 ; 5.1033000e+01 ; 9.8306374e+01 
3.500e+01 ; 1.600e+00 ; 1.800e+00 ; 5.1065000e+01 ; 9.8243820e+01 
3.500e+01 ; 1.600e+00 ; 1.800e+00 ; 5.1129000e+01 ; 9.8115669e+01 
3.500e+01 ; 1.600e+00 ; 1.800e+00 ; 5.1257000e+01 ; 9.7850594e+01 
3.500e+01 ; 1.600e+00 ; 1.800e+00 ; 5.1513000e+01 ; 9.7304214e+01 
3.500e+01 ; 1.600e+00 ; 1.800e+00 ; 5.2000000e+01 ; 9.6274887e+01 
3.500e+01 ; 1.600e+00 ; 1.800e+00 ; 5.2000000e+01 ; 9.6274887e+01 
3.500e+01 ; 1.600e+00 ; 1.800e+00 ; 5.2001000e+01 ; 9.6272774e+01 
3.500e+01 ; 1.600e+00 ; 1.800e+00 ; 5.2002000e+01 ; 9.6270660e+01 
3.500e+01 ; 1.600e+00 ; 1.800e+00 ; 5.2003000e+01 ; 9.6268547e+01 
3.500e+01 ; 1.600e+00 ; 1.800e+00 ; 5.2005000e+01 ; 9.6264320e+01 
3.500e+01 ; 1.600e+00 ; 1.800e+00 ; 5.2009000e+01 ; 9.6255867e+01 
3.500e+01 ; 1.600e+00 ; 1.800e+00 ; 5.2017000e+01 ; 9.6238968e+01 
3.500e+01 ; 1.600e+00 ; 1.800e+00 ; 5.2033000e+01 ; 9.6205177e+01 
3.500e+01 ; 1.600e+00 ; 1.800e+00 ; 5.2065000e+01 ; 9.6137680e+01 
3.500e+01 ; 1.600e+00 ; 1.800e+00 ; 5.2129000e+01 ; 9.6003128e+01 
3.500e+01 ; 1.600e+00 ; 1.800e+00 ; 5.2257000e+01 ; 9.5736595e+01 
3.500e+01 ; 1.600e+00 ; 1.800e+00 ; 5.2513000e+01 ; 9.5217812e+01 
3.500e+01 ; 1.600e+00 ; 1.800e+00 ; 5.3000000e+01 ; 9.4293877e+01 
3.500e+01 ; 1.600e+00 ; 1.800e+00 ; 5.3000000e+01 ; 9.4293877e+01 
3.500e+01 ; 1.600e+00 ; 1.800e+00 ; 5.3001000e+01 ; 9.4291977e+01 
3.500e+01 ; 1.600e+00 ; 1.800e+00 ; 5.3002000e+01 ; 9.4290085e+01 
3.500e+01 ; 1.600e+00 ; 1.800e+00 ; 5.3003000e+01 ; 9.4288185e+01 
3.500e+01 ; 1.600e+00 ; 1.800e+00 ; 5.3005000e+01 ; 9.4284393e+01 
3.500e+01 ; 1.600e+00 ; 1.800e+00 ; 5.3009000e+01 ; 9.4276817e+01 
3.500e+01 ; 1.600e+00 ; 1.800e+00 ; 5.3017000e+01 ; 9.4261673e+01 
3.500e+01 ; 1.600e+00 ; 1.800e+00 ; 5.3033000e+01 ; 9.4231461e+01 
3.500e+01 ; 1.600e+00 ; 1.800e+00 ; 5.3065000e+01 ; 9.4171310e+01 
3.500e+01 ; 1.600e+00 ; 1.800e+00 ; 5.3129000e+01 ; 9.4052132e+01 
3.500e+01 ; 1.600e+00 ; 1.800e+00 ; 5.3257000e+01 ; 9.3818375e+01 
3.500e+01 ; 1.600e+00 ; 1.800e+00 ; 5.3513000e+01 ; 9.3369316e+01 
3.500e+01 ; 1.600e+00 ; 1.800e+00 ; 5.4000000e+01 ; 9.2578735e+01 
3.500e+01 ; 1.600e+00 ; 1.800e+00 ; 5.4000000e+01 ; 9.2578735e+01 
3.500e+01 ; 1.600e+00 ; 1.800e+00 ; 5.4001000e+01 ; 9.2577118e+01 
3.500e+01 ; 1.600e+00 ; 1.800e+00 ; 5.4002000e+01 ; 9.2575493e+01 
3.500e+01 ; 1.600e+00 ; 1.800e+00 ; 5.4003000e+01 ; 9.2573868e+01 
3.500e+01 ; 1.600e+00 ; 1.800e+00 ; 5.4005000e+01 ; 9.2570625e+01 
3.500e+01 ; 1.600e+00 ; 1.800e+00 ; 5.4009000e+01 ; 9.2564140e+01 
3.500e+01 ; 1.600e+00 ; 1.800e+00 ; 5.4017000e+01 ; 9.2551193e+01 
3.500e+01 ; 1.600e+00 ; 1.800e+00 ; 5.4033000e+01 ; 9.2525360e+01 
3.500e+01 ; 1.600e+00 ; 1.800e+00 ; 5.4065000e+01 ; 9.2473969e+01 
3.500e+01 ; 1.600e+00 ; 1.800e+00 ; 5.4129000e+01 ; 9.2372269e+01 
3.500e+01 ; 1.600e+00 ; 1.800e+00 ; 5.4257000e+01 ; 9.2173119e+01 
3.500e+01 ; 1.600e+00 ; 1.800e+00 ; 5.4513000e+01 ; 9.1791077e+01 
3.500e+01 ; 1.600e+00 ; 1.800e+00 ; 5.5000000e+01 ; 9.1117607e+01 
3.500e+01 ; 1.600e+00 ; 1.800e+00 ; 5.5000000e+01 ; 9.1117607e+01 
3.500e+01 ; 1.600e+00 ; 1.800e+00 ; 5.5001000e+01 ; 9.1116226e+01 
3.500e+01 ; 1.600e+00 ; 1.800e+00 ; 5.5002000e+01 ; 9.1114845e+01 
3.500e+01 ; 1.600e+00 ; 1.800e+00 ; 5.5003000e+01 ; 9.1113464e+01 
3.500e+01 ; 1.600e+00 ; 1.800e+00 ; 5.5005000e+01 ; 9.1110695e+01 
3.500e+01 ; 1.600e+00 ; 1.800e+00 ; 5.5009000e+01 ; 9.1105171e+01 
3.500e+01 ; 1.600e+00 ; 1.800e+00 ; 5.5017000e+01 ; 9.1094139e+01 
3.500e+01 ; 1.600e+00 ; 1.800e+00 ; 5.5033000e+01 ; 9.1072136e+01 
3.500e+01 ; 1.600e+00 ; 1.800e+00 ; 5.5065000e+01 ; 9.1028343e+01 
3.500e+01 ; 1.600e+00 ; 1.800e+00 ; 5.5129000e+01 ; 9.0941658e+01 
3.500e+01 ; 1.600e+00 ; 1.800e+00 ; 5.5257000e+01 ; 9.0771774e+01 
3.500e+01 ; 1.600e+00 ; 1.800e+00 ; 5.5513000e+01 ; 9.0445160e+01 
3.500e+01 ; 1.600e+00 ; 1.800e+00 ; 5.6000000e+01 ; 8.9866470e+01 
3.500e+01 ; 1.600e+00 ; 1.800e+00 ; 5.6000000e+01 ; 8.9866470e+01 
3.500e+01 ; 1.600e+00 ; 1.800e+00 ; 5.6001000e+01 ; 8.9865288e+01 
3.500e+01 ; 1.600e+00 ; 1.800e+00 ; 5.6002000e+01 ; 8.9864098e+01 
3.500e+01 ; 1.600e+00 ; 1.800e+00 ; 5.6003000e+01 ; 8.9862907e+01 
3.500e+01 ; 1.600e+00 ; 1.800e+00 ; 5.6005000e+01 ; 8.9860535e+01 
3.500e+01 ; 1.600e+00 ; 1.800e+00 ; 5.6009000e+01 ; 8.9855789e+01 
3.500e+01 ; 1.600e+00 ; 1.800e+00 ; 5.6017000e+01 ; 8.9846306e+01 
3.500e+01 ; 1.600e+00 ; 1.800e+00 ; 5.6033000e+01 ; 8.9827393e+01 
3.500e+01 ; 1.600e+00 ; 1.800e+00 ; 5.6065000e+01 ; 8.9789734e+01 
3.500e+01 ; 1.600e+00 ; 1.800e+00 ; 5.6129000e+01 ; 8.9715141e+01 
3.500e+01 ; 1.600e+00 ; 1.800e+00 ; 5.6257000e+01 ; 8.9568733e+01 
3.500e+01 ; 1.600e+00 ; 1.800e+00 ; 5.6513000e+01 ; 8.9286369e+01 
3.500e+01 ; 1.600e+00 ; 1.800e+00 ; 5.7000000e+01 ; 8.8783272e+01 
3.500e+01 ; 1.600e+00 ; 1.800e+00 ; 5.7000000e+01 ; 8.8783272e+01 
3.500e+01 ; 1.600e+00 ; 1.800e+00 ; 5.7001000e+01 ; 8.8782242e+01 
3.500e+01 ; 1.600e+00 ; 1.800e+00 ; 5.7002000e+01 ; 8.8781204e+01 
3.500e+01 ; 1.600e+00 ; 1.800e+00 ; 5.7003000e+01 ; 8.8780174e+01 
3.500e+01 ; 1.600e+00 ; 1.800e+00 ; 5.7005000e+01 ; 8.8778107e+01 
3.500e+01 ; 1.600e+00 ; 1.800e+00 ; 5.7009000e+01 ; 8.8773979e+01 
3.500e+01 ; 1.600e+00 ; 1.800e+00 ; 5.7017000e+01 ; 8.8765739e+01 
3.500e+01 ; 1.600e+00 ; 1.800e+00 ; 5.7033000e+01 ; 8.8749283e+01 
3.500e+01 ; 1.600e+00 ; 1.800e+00 ; 5.7065000e+01 ; 8.8716522e+01 
3.500e+01 ; 1.600e+00 ; 1.800e+00 ; 5.7129000e+01 ; 8.8651566e+01 
3.500e+01 ; 1.600e+00 ; 1.800e+00 ; 5.7257000e+01 ; 8.8523880e+01 
3.500e+01 ; 1.600e+00 ; 1.800e+00 ; 5.7513000e+01 ; 8.8276894e+01 
3.500e+01 ; 1.600e+00 ; 1.800e+00 ; 5.8000000e+01 ; 8.7834564e+01 
3.500e+01 ; 1.600e+00 ; 1.800e+00 ; 5.8000000e+01 ; 8.7834564e+01 
3.500e+01 ; 1.600e+00 ; 1.800e+00 ; 5.8001000e+01 ; 8.7833656e+01 
3.500e+01 ; 1.600e+00 ; 1.800e+00 ; 5.8002000e+01 ; 8.7832748e+01 
3.500e+01 ; 1.600e+00 ; 1.800e+00 ; 5.8003000e+01 ; 8.7831841e+01 
3.500e+01 ; 1.600e+00 ; 1.800e+00 ; 5.8005000e+01 ; 8.7830025e+01 
3.500e+01 ; 1.600e+00 ; 1.800e+00 ; 5.8009000e+01 ; 8.7826393e+01 
3.500e+01 ; 1.600e+00 ; 1.800e+00 ; 5.8017000e+01 ; 8.7819145e+01 
3.500e+01 ; 1.600e+00 ; 1.800e+00 ; 5.8033000e+01 ; 8.7804672e+01 
3.500e+01 ; 1.600e+00 ; 1.800e+00 ; 5.8065000e+01 ; 8.7775848e+01 
3.500e+01 ; 1.600e+00 ; 1.800e+00 ; 5.8129000e+01 ; 8.7718658e+01 
3.500e+01 ; 1.600e+00 ; 1.800e+00 ; 5.8257000e+01 ; 8.7606079e+01 
3.500e+01 ; 1.600e+00 ; 1.800e+00 ; 5.8513000e+01 ; 8.7387764e+01 
3.500e+01 ; 1.600e+00 ; 1.800e+00 ; 5.9000000e+01 ; 8.6995102e+01 
3.500e+01 ; 1.600e+00 ; 1.800e+00 ; 5.9000000e+01 ; 8.6995102e+01 
3.500e+01 ; 1.600e+00 ; 1.800e+00 ; 5.9001000e+01 ; 8.6994293e+01 
3.500e+01 ; 1.600e+00 ; 1.800e+00 ; 5.9002000e+01 ; 8.6993484e+01 
3.500e+01 ; 1.600e+00 ; 1.800e+00 ; 5.9003000e+01 ; 8.6992683e+01 
3.500e+01 ; 1.600e+00 ; 1.800e+00 ; 5.9005000e+01 ; 8.6991066e+01 
3.500e+01 ; 1.600e+00 ; 1.800e+00 ; 5.9009000e+01 ; 8.6987846e+01 
3.500e+01 ; 1.600e+00 ; 1.800e+00 ; 5.9017000e+01 ; 8.6981407e+01 
3.500e+01 ; 1.600e+00 ; 1.800e+00 ; 5.9033000e+01 ; 8.6968559e+01 
3.500e+01 ; 1.600e+00 ; 1.800e+00 ; 5.9065000e+01 ; 8.6942955e+01 
3.500e+01 ; 1.600e+00 ; 1.800e+00 ; 5.9129000e+01 ; 8.6892128e+01 
3.500e+01 ; 1.600e+00 ; 1.800e+00 ; 5.9257000e+01 ; 8.6791962e+01 
3.500e+01 ; 1.600e+00 ; 1.800e+00 ; 5.9513000e+01 ; 8.6597321e+01 
3.500e+01 ; 1.600e+00 ; 1.800e+00 ; 6.0000000e+01 ; 8.6246017e+01 
3.500e+01 ; 1.600e+00 ; 1.800e+00 ; 6.0000000e+01 ; 8.6246017e+01 
3.500e+01 ; 1.600e+00 ; 1.800e+00 ; 6.0001000e+01 ; 8.6245300e+01 
3.500e+01 ; 1.600e+00 ; 1.800e+00 ; 6.0002000e+01 ; 8.6244576e+01 
3.500e+01 ; 1.600e+00 ; 1.800e+00 ; 6.0003000e+01 ; 8.6243858e+01 
3.500e+01 ; 1.600e+00 ; 1.800e+00 ; 6.0005000e+01 ; 8.6242416e+01 
3.500e+01 ; 1.600e+00 ; 1.800e+00 ; 6.0009000e+01 ; 8.6239532e+01 
3.500e+01 ; 1.600e+00 ; 1.800e+00 ; 6.0017000e+01 ; 8.6233772e+01 
3.500e+01 ; 1.600e+00 ; 1.800e+00 ; 6.0033000e+01 ; 8.6222275e+01 
3.500e+01 ; 1.600e+00 ; 1.800e+00 ; 6.0065000e+01 ; 8.6199356e+01 
3.500e+01 ; 1.600e+00 ; 1.800e+00 ; 6.0129000e+01 ; 8.6153839e+01 
3.500e+01 ; 1.600e+00 ; 1.800e+00 ; 6.0257000e+01 ; 8.6064064e+01 
3.500e+01 ; 1.600e+00 ; 1.800e+00 ; 6.0513000e+01 ; 8.5889328e+01 
3.500e+01 ; 1.600e+00 ; 1.800e+00 ; 6.1000000e+01 ; 8.5573120e+01 
3.500e+01 ; 1.600e+00 ; 1.800e+00 ; 6.1000000e+01 ; 8.5573120e+01 
3.500e+01 ; 1.600e+00 ; 1.800e+00 ; 6.1001000e+01 ; 8.5572472e+01 
3.500e+01 ; 1.600e+00 ; 1.800e+00 ; 6.1002000e+01 ; 8.5571823e+01 
3.500e+01 ; 1.600e+00 ; 1.800e+00 ; 6.1003000e+01 ; 8.5571175e+01 
3.500e+01 ; 1.600e+00 ; 1.800e+00 ; 6.1005000e+01 ; 8.5569878e+01 
3.500e+01 ; 1.600e+00 ; 1.800e+00 ; 6.1009000e+01 ; 8.5567291e+01 
3.500e+01 ; 1.600e+00 ; 1.800e+00 ; 6.1017000e+01 ; 8.5562157e+01 
3.500e+01 ; 1.600e+00 ; 1.800e+00 ; 6.1033000e+01 ; 8.5552025e+01 
3.500e+01 ; 1.600e+00 ; 1.800e+00 ; 6.1065000e+01 ; 8.5532402e+01 
3.500e+01 ; 1.600e+00 ; 1.800e+00 ; 6.1129000e+01 ; 8.5496483e+01 
3.500e+01 ; 1.600e+00 ; 1.800e+00 ; 6.1257000e+01 ; 8.5441246e+01 
3.500e+01 ; 1.600e+00 ; 1.800e+00 ; 6.1513000e+01 ; 8.5401390e+01 
3.500e+01 ; 1.600e+00 ; 1.800e+00 ; 6.2000000e+01 ; 8.5513153e+01 
3.500e+01 ; 1.600e+00 ; 1.800e+00 ; 6.2000000e+01 ; 8.5513153e+01 
3.500e+01 ; 1.600e+00 ; 1.800e+00 ; 6.2001000e+01 ; 8.5513382e+01 
3.500e+01 ; 1.600e+00 ; 1.800e+00 ; 6.2002000e+01 ; 8.5513611e+01 
3.500e+01 ; 1.600e+00 ; 1.800e+00 ; 6.2003000e+01 ; 8.5513847e+01 
3.500e+01 ; 1.600e+00 ; 1.800e+00 ; 6.2005000e+01 ; 8.5514320e+01 
3.500e+01 ; 1.600e+00 ; 1.800e+00 ; 6.2009000e+01 ; 8.5515305e+01 
3.500e+01 ; 1.600e+00 ; 1.800e+00 ; 6.2017000e+01 ; 8.5517372e+01 
3.500e+01 ; 1.600e+00 ; 1.800e+00 ; 6.2033000e+01 ; 8.5521973e+01 
3.500e+01 ; 1.600e+00 ; 1.800e+00 ; 6.2065000e+01 ; 8.5533157e+01 
3.500e+01 ; 1.600e+00 ; 1.800e+00 ; 6.2129000e+01 ; 8.5564049e+01 
3.500e+01 ; 1.600e+00 ; 1.800e+00 ; 6.2257000e+01 ; 8.5661743e+01 
3.500e+01 ; 1.600e+00 ; 1.800e+00 ; 6.2513000e+01 ; 8.5985695e+01 
3.500e+01 ; 1.600e+00 ; 1.800e+00 ; 6.3000000e+01 ; 8.6864059e+01 
3.500e+01 ; 1.600e+00 ; 1.800e+00 ; 6.3000000e+01 ; 8.6864059e+01 
3.500e+01 ; 1.600e+00 ; 1.800e+00 ; 6.3001000e+01 ; 8.6865868e+01 
3.500e+01 ; 1.600e+00 ; 1.800e+00 ; 6.3002000e+01 ; 8.6867676e+01 
3.500e+01 ; 1.600e+00 ; 1.800e+00 ; 6.3003000e+01 ; 8.6869484e+01 
3.500e+01 ; 1.600e+00 ; 1.800e+00 ; 6.3005000e+01 ; 8.6873116e+01 
3.500e+01 ; 1.600e+00 ; 1.800e+00 ; 6.3009000e+01 ; 8.6880394e+01 
3.500e+01 ; 1.600e+00 ; 1.800e+00 ; 6.3017000e+01 ; 8.6895088e+01 
3.500e+01 ; 1.600e+00 ; 1.800e+00 ; 6.3033000e+01 ; 8.6924980e+01 
3.500e+01 ; 1.600e+00 ; 1.800e+00 ; 6.3065000e+01 ; 8.6986794e+01 
3.500e+01 ; 1.600e+00 ; 1.800e+00 ; 6.3129000e+01 ; 8.7118538e+01 
3.500e+01 ; 1.600e+00 ; 1.800e+00 ; 6.3257000e+01 ; 8.7412361e+01 
3.500e+01 ; 1.600e+00 ; 1.800e+00 ; 6.3513000e+01 ; 8.8089874e+01 
3.500e+01 ; 1.600e+00 ; 1.800e+00 ; 6.4000000e+01 ; 8.9475960e+01 
3.500e+01 ; 1.600e+00 ; 1.800e+00 ; 6.4000000e+01 ; 8.9475960e+01 
3.500e+01 ; 1.600e+00 ; 1.800e+00 ; 6.4001000e+01 ; 8.9478806e+01 
3.500e+01 ; 1.600e+00 ; 1.800e+00 ; 6.4002000e+01 ; 8.9481651e+01 
3.500e+01 ; 1.600e+00 ; 1.800e+00 ; 6.4003000e+01 ; 8.9484497e+01 
3.500e+01 ; 1.600e+00 ; 1.800e+00 ; 6.4005000e+01 ; 8.9490196e+01 
3.500e+01 ; 1.600e+00 ; 1.800e+00 ; 6.4009000e+01 ; 8.9501610e+01 
3.500e+01 ; 1.600e+00 ; 1.800e+00 ; 6.4017000e+01 ; 8.9524467e+01 
3.500e+01 ; 1.600e+00 ; 1.800e+00 ; 6.4033000e+01 ; 8.9570335e+01 
3.500e+01 ; 1.600e+00 ; 1.800e+00 ; 6.4065000e+01 ; 8.9662582e+01 
3.500e+01 ; 1.600e+00 ; 1.800e+00 ; 6.4129000e+01 ; 8.9848480e+01 
3.500e+01 ; 1.600e+00 ; 1.800e+00 ; 6.4257000e+01 ; 9.0221191e+01 
3.500e+01 ; 1.600e+00 ; 1.800e+00 ; 6.4513000e+01 ; 9.0942764e+01 
3.500e+01 ; 1.600e+00 ; 1.800e+00 ; 6.5000000e+01 ; 9.2128502e+01 
3.500e+01 ; 1.600e+00 ; 1.800e+00 ; 6.5000000e+01 ; 9.2128502e+01 
3.500e+01 ; 1.600e+00 ; 1.800e+00 ; 6.5001000e+01 ; 9.2130936e+01 
3.500e+01 ; 1.600e+00 ; 1.800e+00 ; 6.5002000e+01 ; 9.2133369e+01 
3.500e+01 ; 1.600e+00 ; 1.800e+00 ; 6.5003000e+01 ; 9.2135803e+01 
3.500e+01 ; 1.600e+00 ; 1.800e+00 ; 6.5005000e+01 ; 9.2140663e+01 
3.500e+01 ; 1.600e+00 ; 1.800e+00 ; 6.5009000e+01 ; 9.2150375e+01 
3.500e+01 ; 1.600e+00 ; 1.800e+00 ; 6.5017000e+01 ; 9.2169746e+01 
3.500e+01 ; 1.600e+00 ; 1.800e+00 ; 6.5033000e+01 ; 9.2208267e+01 
3.500e+01 ; 1.600e+00 ; 1.800e+00 ; 6.5065000e+01 ; 9.2284409e+01 
3.500e+01 ; 1.600e+00 ; 1.800e+00 ; 6.5129000e+01 ; 9.2432762e+01 
3.500e+01 ; 1.600e+00 ; 1.800e+00 ; 6.5257000e+01 ; 9.2712112e+01 
3.500e+01 ; 1.600e+00 ; 1.800e+00 ; 6.5513000e+01 ; 9.3196198e+01 
3.500e+01 ; 1.600e+00 ; 1.800e+00 ; 6.6000000e+01 ; 9.3862328e+01 
3.500e+01 ; 1.600e+00 ; 1.800e+00 ; 6.6000000e+01 ; 9.3862328e+01 
3.500e+01 ; 1.600e+00 ; 1.800e+00 ; 6.6001000e+01 ; 9.3863693e+01 
3.500e+01 ; 1.600e+00 ; 1.800e+00 ; 6.6002000e+01 ; 9.3865059e+01 
3.500e+01 ; 1.600e+00 ; 1.800e+00 ; 6.6003000e+01 ; 9.3866425e+01 
3.500e+01 ; 1.600e+00 ; 1.800e+00 ; 6.6005000e+01 ; 9.3869148e+01 
3.500e+01 ; 1.600e+00 ; 1.800e+00 ; 6.6009000e+01 ; 9.3874580e+01 
3.500e+01 ; 1.600e+00 ; 1.800e+00 ; 6.6017000e+01 ; 9.3885376e+01 
3.500e+01 ; 1.600e+00 ; 1.800e+00 ; 6.6033000e+01 ; 9.3906700e+01 
3.500e+01 ; 1.600e+00 ; 1.800e+00 ; 6.6065000e+01 ; 9.3948250e+01 
3.500e+01 ; 1.600e+00 ; 1.800e+00 ; 6.6129000e+01 ; 9.4027054e+01 
3.500e+01 ; 1.600e+00 ; 1.800e+00 ; 6.6257000e+01 ; 9.4168091e+01 
3.500e+01 ; 1.600e+00 ; 1.800e+00 ; 6.6513000e+01 ; 9.4389816e+01 
3.500e+01 ; 1.600e+00 ; 1.800e+00 ; 6.7000000e+01 ; 9.4635506e+01 
3.500e+01 ; 1.600e+00 ; 1.800e+00 ; 6.7000000e+01 ; 9.4635506e+01 
3.500e+01 ; 1.600e+00 ; 1.800e+00 ; 6.7001000e+01 ; 9.4636009e+01 
3.500e+01 ; 1.600e+00 ; 1.800e+00 ; 6.7002000e+01 ; 9.4636513e+01 
3.500e+01 ; 1.600e+00 ; 1.800e+00 ; 6.7003000e+01 ; 9.4637016e+01 
3.500e+01 ; 1.600e+00 ; 1.800e+00 ; 6.7005000e+01 ; 9.4638016e+01 
3.500e+01 ; 1.600e+00 ; 1.800e+00 ; 6.7009000e+01 ; 9.4640007e+01 
3.500e+01 ; 1.600e+00 ; 1.800e+00 ; 6.7017000e+01 ; 9.4643944e+01 
3.500e+01 ; 1.600e+00 ; 1.800e+00 ; 6.7033000e+01 ; 9.4651627e+01 
3.500e+01 ; 1.600e+00 ; 1.800e+00 ; 6.7065000e+01 ; 9.4666260e+01 
3.500e+01 ; 1.600e+00 ; 1.800e+00 ; 6.7129000e+01 ; 9.4692680e+01 
3.500e+01 ; 1.600e+00 ; 1.800e+00 ; 6.7257000e+01 ; 9.4734871e+01 
3.500e+01 ; 1.600e+00 ; 1.800e+00 ; 6.7513000e+01 ; 9.4782249e+01 
3.500e+01 ; 1.600e+00 ; 1.800e+00 ; 6.8000000e+01 ; 9.4770187e+01 
3.500e+01 ; 1.600e+00 ; 1.800e+00 ; 6.8000000e+01 ; 9.4770187e+01 
3.500e+01 ; 1.600e+00 ; 1.800e+00 ; 6.8001000e+01 ; 9.4770164e+01 
3.500e+01 ; 1.600e+00 ; 1.800e+00 ; 6.8002000e+01 ; 9.4770134e+01 
3.500e+01 ; 1.600e+00 ; 1.800e+00 ; 6.8003000e+01 ; 9.4770111e+01 
3.500e+01 ; 1.600e+00 ; 1.800e+00 ; 6.8005000e+01 ; 9.4770058e+01 
3.500e+01 ; 1.600e+00 ; 1.800e+00 ; 6.8009000e+01 ; 9.4769943e+01 
3.500e+01 ; 1.600e+00 ; 1.800e+00 ; 6.8017000e+01 ; 9.4769684e+01 
3.500e+01 ; 1.600e+00 ; 1.800e+00 ; 6.8033000e+01 ; 9.4769066e+01 
3.500e+01 ; 1.600e+00 ; 1.800e+00 ; 6.8065000e+01 ; 9.4767403e+01 
3.500e+01 ; 1.600e+00 ; 1.800e+00 ; 6.8129000e+01 ; 9.4762444e+01 
3.500e+01 ; 1.600e+00 ; 1.800e+00 ; 6.8257000e+01 ; 9.4746552e+01 
3.500e+01 ; 1.600e+00 ; 1.800e+00 ; 6.8513000e+01 ; 9.4694389e+01 
3.500e+01 ; 1.600e+00 ; 1.800e+00 ; 6.9000000e+01 ; 9.4540741e+01 
3.500e+01 ; 1.600e+00 ; 1.800e+00 ; 6.9000000e+01 ; 9.4540741e+01 
3.500e+01 ; 1.600e+00 ; 1.800e+00 ; 6.9001000e+01 ; 9.4540428e+01 
3.500e+01 ; 1.600e+00 ; 1.800e+00 ; 6.9002000e+01 ; 9.4540108e+01 
3.500e+01 ; 1.600e+00 ; 1.800e+00 ; 6.9003000e+01 ; 9.4539795e+01 
3.500e+01 ; 1.600e+00 ; 1.800e+00 ; 6.9005000e+01 ; 9.4539162e+01 
3.500e+01 ; 1.600e+00 ; 1.800e+00 ; 6.9009000e+01 ; 9.4537888e+01 
3.500e+01 ; 1.600e+00 ; 1.800e+00 ; 6.9017000e+01 ; 9.4535332e+01 
3.500e+01 ; 1.600e+00 ; 1.800e+00 ; 6.9033000e+01 ; 9.4530167e+01 
3.500e+01 ; 1.600e+00 ; 1.800e+00 ; 6.9065000e+01 ; 9.4519608e+01 
3.500e+01 ; 1.600e+00 ; 1.800e+00 ; 6.9129000e+01 ; 9.4497635e+01 
3.500e+01 ; 1.600e+00 ; 1.800e+00 ; 6.9257000e+01 ; 9.4450569e+01 
3.500e+01 ; 1.600e+00 ; 1.800e+00 ; 6.9513000e+01 ; 9.4346031e+01 
3.500e+01 ; 1.600e+00 ; 1.800e+00 ; 7.0000000e+01 ; 9.4120422e+01 
3.500e+01 ; 1.600e+00 ; 1.800e+00 ; 7.0000000e+01 ; 9.4120422e+01 
3.500e+01 ; 1.600e+00 ; 1.800e+00 ; 7.0001000e+01 ; 9.4119965e+01 
3.500e+01 ; 1.600e+00 ; 1.800e+00 ; 7.0002000e+01 ; 9.4119499e+01 
3.500e+01 ; 1.600e+00 ; 1.800e+00 ; 7.0003000e+01 ; 9.4119034e+01 
3.500e+01 ; 1.600e+00 ; 1.800e+00 ; 7.0005000e+01 ; 9.4118111e+01 
3.500e+01 ; 1.600e+00 ; 1.800e+00 ; 7.0009000e+01 ; 9.4116249e+01 
3.500e+01 ; 1.600e+00 ; 1.800e+00 ; 7.0017000e+01 ; 9.4112526e+01 
3.500e+01 ; 1.600e+00 ; 1.800e+00 ; 7.0033000e+01 ; 9.4105057e+01 
3.500e+01 ; 1.600e+00 ; 1.800e+00 ; 7.0065000e+01 ; 9.4090012e+01 
3.500e+01 ; 1.600e+00 ; 1.800e+00 ; 7.0129000e+01 ; 9.4059494e+01 
3.500e+01 ; 1.600e+00 ; 1.800e+00 ; 7.0257000e+01 ; 9.3996971e+01 
3.500e+01 ; 1.600e+00 ; 1.800e+00 ; 7.0513000e+01 ; 9.3867134e+01 
3.500e+01 ; 1.600e+00 ; 1.800e+00 ; 7.1000000e+01 ; 9.3608788e+01 
3.500e+01 ; 1.600e+00 ; 1.800e+00 ; 7.1000000e+01 ; 9.3608788e+01 
3.500e+01 ; 1.600e+00 ; 1.800e+00 ; 7.1001000e+01 ; 9.3608261e+01 
3.500e+01 ; 1.600e+00 ; 1.800e+00 ; 7.1002000e+01 ; 9.3607727e+01 
3.500e+01 ; 1.600e+00 ; 1.800e+00 ; 7.1003000e+01 ; 9.3607201e+01 
3.500e+01 ; 1.600e+00 ; 1.800e+00 ; 7.1005000e+01 ; 9.3606133e+01 
3.500e+01 ; 1.600e+00 ; 1.800e+00 ; 7.1009000e+01 ; 9.3604012e+01 
3.500e+01 ; 1.600e+00 ; 1.800e+00 ; 7.1017000e+01 ; 9.3599762e+01 
3.500e+01 ; 1.600e+00 ; 1.800e+00 ; 7.1033000e+01 ; 9.3591248e+01 
3.500e+01 ; 1.600e+00 ; 1.800e+00 ; 7.1065000e+01 ; 9.3574181e+01 
3.500e+01 ; 1.600e+00 ; 1.800e+00 ; 7.1129000e+01 ; 9.3539871e+01 
3.500e+01 ; 1.600e+00 ; 1.800e+00 ; 7.1257000e+01 ; 9.3470657e+01 
3.500e+01 ; 1.600e+00 ; 1.800e+00 ; 7.1513000e+01 ; 9.3330513e+01 
3.500e+01 ; 1.600e+00 ; 1.800e+00 ; 7.2000000e+01 ; 9.3060959e+01 
3.500e+01 ; 1.600e+00 ; 1.800e+00 ; 7.2000000e+01 ; 9.3060959e+01 
3.500e+01 ; 1.600e+00 ; 1.800e+00 ; 7.2001000e+01 ; 9.3060402e+01 
3.500e+01 ; 1.600e+00 ; 1.800e+00 ; 7.2002000e+01 ; 9.3059853e+01 
3.500e+01 ; 1.600e+00 ; 1.800e+00 ; 7.2003000e+01 ; 9.3059296e+01 
3.500e+01 ; 1.600e+00 ; 1.800e+00 ; 7.2005000e+01 ; 9.3058189e+01 
3.500e+01 ; 1.600e+00 ; 1.800e+00 ; 7.2009000e+01 ; 9.3055977e+01 
3.500e+01 ; 1.600e+00 ; 1.800e+00 ; 7.2017000e+01 ; 9.3051544e+01 
3.500e+01 ; 1.600e+00 ; 1.800e+00 ; 7.2033000e+01 ; 9.3042679e+01 
3.500e+01 ; 1.600e+00 ; 1.800e+00 ; 7.2065000e+01 ; 9.3024948e+01 
3.500e+01 ; 1.600e+00 ; 1.800e+00 ; 7.2129000e+01 ; 9.2989433e+01 
3.500e+01 ; 1.600e+00 ; 1.800e+00 ; 7.2257000e+01 ; 9.2918320e+01 
3.500e+01 ; 1.600e+00 ; 1.800e+00 ; 7.2513000e+01 ; 9.2776039e+01 
3.500e+01 ; 1.600e+00 ; 1.800e+00 ; 7.3000000e+01 ; 9.2506920e+01 
3.500e+01 ; 1.600e+00 ; 1.800e+00 ; 7.3000000e+01 ; 9.2506920e+01 
3.500e+01 ; 1.600e+00 ; 1.800e+00 ; 7.3001000e+01 ; 9.2506363e+01 
3.500e+01 ; 1.600e+00 ; 1.800e+00 ; 7.3002000e+01 ; 9.2505814e+01 
3.500e+01 ; 1.600e+00 ; 1.800e+00 ; 7.3003000e+01 ; 9.2505264e+01 
3.500e+01 ; 1.600e+00 ; 1.800e+00 ; 7.3005000e+01 ; 9.2504158e+01 
3.500e+01 ; 1.600e+00 ; 1.800e+00 ; 7.3009000e+01 ; 9.2501945e+01 
3.500e+01 ; 1.600e+00 ; 1.800e+00 ; 7.3017000e+01 ; 9.2497528e+01 
3.500e+01 ; 1.600e+00 ; 1.800e+00 ; 7.3033000e+01 ; 9.2488686e+01 
3.500e+01 ; 1.600e+00 ; 1.800e+00 ; 7.3065000e+01 ; 9.2471016e+01 
3.500e+01 ; 1.600e+00 ; 1.800e+00 ; 7.3129000e+01 ; 9.2435715e+01 
3.500e+01 ; 1.600e+00 ; 1.800e+00 ; 7.3257000e+01 ; 9.2365280e+01 
3.500e+01 ; 1.600e+00 ; 1.800e+00 ; 7.3513000e+01 ; 9.2225235e+01 
3.500e+01 ; 1.600e+00 ; 1.800e+00 ; 7.4000000e+01 ; 9.1962753e+01 
3.500e+01 ; 1.600e+00 ; 1.800e+00 ; 7.4000000e+01 ; 9.1962753e+01 
3.500e+01 ; 1.600e+00 ; 1.800e+00 ; 7.4001000e+01 ; 9.1962219e+01 
3.500e+01 ; 1.600e+00 ; 1.800e+00 ; 7.4002000e+01 ; 9.1961678e+01 
3.500e+01 ; 1.600e+00 ; 1.800e+00 ; 7.4003000e+01 ; 9.1961136e+01 
3.500e+01 ; 1.600e+00 ; 1.800e+00 ; 7.4005000e+01 ; 9.1960060e+01 
3.500e+01 ; 1.600e+00 ; 1.800e+00 ; 7.4009000e+01 ; 9.1957909e+01 
3.500e+01 ; 1.600e+00 ; 1.800e+00 ; 7.4017000e+01 ; 9.1953598e+01 
3.500e+01 ; 1.600e+00 ; 1.800e+00 ; 7.4033000e+01 ; 9.1944984e+01 
3.500e+01 ; 1.600e+00 ; 1.800e+00 ; 7.4065000e+01 ; 9.1927773e+01 
3.500e+01 ; 1.600e+00 ; 1.800e+00 ; 7.4129000e+01 ; 9.1893417e+01 
3.500e+01 ; 1.600e+00 ; 1.800e+00 ; 7.4257000e+01 ; 9.1825020e+01 
3.500e+01 ; 1.600e+00 ; 1.800e+00 ; 7.4513000e+01 ; 9.1689507e+01 
3.500e+01 ; 1.600e+00 ; 1.800e+00 ; 7.5000000e+01 ; 9.1436867e+01 
3.500e+01 ; 1.600e+00 ; 1.800e+00 ; 7.5000000e+01 ; 9.1436867e+01 
3.500e+01 ; 1.600e+00 ; 1.800e+00 ; 7.5001000e+01 ; 9.1436348e+01 
3.500e+01 ; 1.600e+00 ; 1.800e+00 ; 7.5002000e+01 ; 9.1435829e+01 
3.500e+01 ; 1.600e+00 ; 1.800e+00 ; 7.5003000e+01 ; 9.1435310e+01 
3.500e+01 ; 1.600e+00 ; 1.800e+00 ; 7.5005000e+01 ; 9.1434273e+01 
3.500e+01 ; 1.600e+00 ; 1.800e+00 ; 7.5009000e+01 ; 9.1432198e+01 
3.500e+01 ; 1.600e+00 ; 1.800e+00 ; 7.5017000e+01 ; 9.1428055e+01 
3.500e+01 ; 1.600e+00 ; 1.800e+00 ; 7.5033000e+01 ; 9.1419762e+01 
3.500e+01 ; 1.600e+00 ; 1.800e+00 ; 7.5065000e+01 ; 9.1403206e+01 
3.500e+01 ; 1.600e+00 ; 1.800e+00 ; 7.5129000e+01 ; 9.1370186e+01 
3.500e+01 ; 1.600e+00 ; 1.800e+00 ; 7.5257000e+01 ; 9.1304520e+01 
3.500e+01 ; 1.600e+00 ; 1.800e+00 ; 7.5513000e+01 ; 9.1174690e+01 
3.500e+01 ; 1.600e+00 ; 1.800e+00 ; 7.6000000e+01 ; 9.0933411e+01 
3.500e+01 ; 1.600e+00 ; 1.800e+00 ; 7.6000000e+01 ; 9.0933411e+01 
3.500e+01 ; 1.600e+00 ; 1.800e+00 ; 7.6001000e+01 ; 9.0932915e+01 
3.500e+01 ; 1.600e+00 ; 1.800e+00 ; 7.6002000e+01 ; 9.0932419e+01 
3.500e+01 ; 1.600e+00 ; 1.800e+00 ; 7.6003000e+01 ; 9.0931923e+01 
3.500e+01 ; 1.600e+00 ; 1.800e+00 ; 7.6005000e+01 ; 9.0930931e+01 
3.500e+01 ; 1.600e+00 ; 1.800e+00 ; 7.6009000e+01 ; 9.0928947e+01 
3.500e+01 ; 1.600e+00 ; 1.800e+00 ; 7.6017000e+01 ; 9.0924988e+01 
3.500e+01 ; 1.600e+00 ; 1.800e+00 ; 7.6033000e+01 ; 9.0917076e+01 
3.500e+01 ; 1.600e+00 ; 1.800e+00 ; 7.6065000e+01 ; 9.0901291e+01 
3.500e+01 ; 1.600e+00 ; 1.800e+00 ; 7.6129000e+01 ; 9.0869957e+01 
3.500e+01 ; 1.600e+00 ; 1.800e+00 ; 7.6257000e+01 ; 9.0808990e+01 
3.500e+01 ; 1.600e+00 ; 1.800e+00 ; 7.6513000e+01 ; 9.0699570e+01 
3.500e+01 ; 1.600e+00 ; 1.800e+00 ; 7.7000000e+01 ; 9.0554665e+01 
3.500e+01 ; 1.600e+00 ; 1.800e+00 ; 7.7000000e+01 ; 9.0554665e+01 
3.500e+01 ; 1.600e+00 ; 1.800e+00 ; 7.7001000e+01 ; 9.0554367e+01 
3.500e+01 ; 1.600e+00 ; 1.800e+00 ; 7.7002000e+01 ; 9.0554070e+01 
3.500e+01 ; 1.600e+00 ; 1.800e+00 ; 7.7003000e+01 ; 9.0553780e+01 
3.500e+01 ; 1.600e+00 ; 1.800e+00 ; 7.7005000e+01 ; 9.0553185e+01 
3.500e+01 ; 1.600e+00 ; 1.800e+00 ; 7.7009000e+01 ; 9.0552002e+01 
3.500e+01 ; 1.600e+00 ; 1.800e+00 ; 7.7017000e+01 ; 9.0549660e+01 
3.500e+01 ; 1.600e+00 ; 1.800e+00 ; 7.7033000e+01 ; 9.0545044e+01 
3.500e+01 ; 1.600e+00 ; 1.800e+00 ; 7.7065000e+01 ; 9.0536110e+01 
3.500e+01 ; 1.600e+00 ; 1.800e+00 ; 7.7129000e+01 ; 9.0519547e+01 
3.500e+01 ; 1.600e+00 ; 1.800e+00 ; 7.7257000e+01 ; 9.0492416e+01 
3.500e+01 ; 1.600e+00 ; 1.800e+00 ; 7.7513000e+01 ; 9.0466301e+01 
3.500e+01 ; 1.600e+00 ; 1.800e+00 ; 7.8000000e+01 ; 9.0519501e+01 
3.500e+01 ; 1.600e+00 ; 1.800e+00 ; 7.8000000e+01 ; 9.0519501e+01 
3.500e+01 ; 1.600e+00 ; 1.800e+00 ; 7.8001000e+01 ; 9.0519615e+01 
3.500e+01 ; 1.600e+00 ; 1.800e+00 ; 7.8002000e+01 ; 9.0519722e+01 
3.500e+01 ; 1.600e+00 ; 1.800e+00 ; 7.8003000e+01 ; 9.0519836e+01 
3.500e+01 ; 1.600e+00 ; 1.800e+00 ; 7.8005000e+01 ; 9.0520058e+01 
3.500e+01 ; 1.600e+00 ; 1.800e+00 ; 7.8009000e+01 ; 9.0520508e+01 
3.500e+01 ; 1.600e+00 ; 1.800e+00 ; 7.8017000e+01 ; 9.0521439e+01 
3.500e+01 ; 1.600e+00 ; 1.800e+00 ; 7.8033000e+01 ; 9.0523422e+01 
3.500e+01 ; 1.600e+00 ; 1.800e+00 ; 7.8065000e+01 ; 9.0527840e+01 
3.500e+01 ; 1.600e+00 ; 1.800e+00 ; 7.8129000e+01 ; 9.0538567e+01 
3.500e+01 ; 1.600e+00 ; 1.800e+00 ; 7.8257000e+01 ; 9.0567940e+01 
3.500e+01 ; 1.600e+00 ; 1.800e+00 ; 7.8513000e+01 ; 9.0659248e+01 
3.500e+01 ; 1.600e+00 ; 1.800e+00 ; 7.9000000e+01 ; 9.0934036e+01 
3.500e+01 ; 1.600e+00 ; 1.800e+00 ; 7.9000000e+01 ; 9.0934036e+01 
3.500e+01 ; 1.600e+00 ; 1.800e+00 ; 7.9001000e+01 ; 9.0934601e+01 
3.500e+01 ; 1.600e+00 ; 1.800e+00 ; 7.9002000e+01 ; 9.0935165e+01 
3.500e+01 ; 1.600e+00 ; 1.800e+00 ; 7.9003000e+01 ; 9.0935730e+01 
3.500e+01 ; 1.600e+00 ; 1.800e+00 ; 7.9005000e+01 ; 9.0936859e+01 
3.500e+01 ; 1.600e+00 ; 1.800e+00 ; 7.9009000e+01 ; 9.0939133e+01 
3.500e+01 ; 1.600e+00 ; 1.800e+00 ; 7.9017000e+01 ; 9.0943703e+01 
3.500e+01 ; 1.600e+00 ; 1.800e+00 ; 7.9033000e+01 ; 9.0952957e+01 
3.500e+01 ; 1.600e+00 ; 1.800e+00 ; 7.9065000e+01 ; 9.0971893e+01 
3.500e+01 ; 1.600e+00 ; 1.800e+00 ; 7.9129000e+01 ; 9.1011475e+01 
3.500e+01 ; 1.600e+00 ; 1.800e+00 ; 7.9257000e+01 ; 9.1097153e+01 
3.500e+01 ; 1.600e+00 ; 1.800e+00 ; 7.9513000e+01 ; 9.1290993e+01 
3.500e+01 ; 1.600e+00 ; 1.800e+00 ; 8.0000000e+01 ; 9.1710342e+01 
3.500e+01 ; 1.600e+00 ; 1.800e+00 ; 8.0000000e+01 ; 9.1710342e+01 
3.500e+01 ; 1.600e+00 ; 1.800e+00 ; 8.0001000e+01 ; 9.1711205e+01 
3.500e+01 ; 1.600e+00 ; 1.800e+00 ; 8.0002000e+01 ; 9.1712067e+01 
3.500e+01 ; 1.600e+00 ; 1.800e+00 ; 8.0003000e+01 ; 9.1712929e+01 
3.500e+01 ; 1.600e+00 ; 1.800e+00 ; 8.0005000e+01 ; 9.1714653e+01 
3.500e+01 ; 1.600e+00 ; 1.800e+00 ; 8.0009000e+01 ; 9.1718102e+01 
3.500e+01 ; 1.600e+00 ; 1.800e+00 ; 8.0017000e+01 ; 9.1725021e+01 
3.500e+01 ; 1.600e+00 ; 1.800e+00 ; 8.0033000e+01 ; 9.1738907e+01 
3.500e+01 ; 1.600e+00 ; 1.800e+00 ; 8.0065000e+01 ; 9.1766884e+01 
3.500e+01 ; 1.600e+00 ; 1.800e+00 ; 8.0129000e+01 ; 9.1823563e+01 
3.500e+01 ; 1.600e+00 ; 1.800e+00 ; 8.0257000e+01 ; 9.1939262e+01 
3.500e+01 ; 1.600e+00 ; 1.800e+00 ; 8.0513000e+01 ; 9.2175201e+01 
3.500e+01 ; 1.600e+00 ; 1.800e+00 ; 8.1000000e+01 ; 9.2614082e+01 
3.500e+01 ; 1.600e+00 ; 1.800e+00 ; 8.1000000e+01 ; 9.2614082e+01 
3.500e+01 ; 1.600e+00 ; 1.800e+00 ; 8.1001000e+01 ; 9.2614983e+01 
3.500e+01 ; 1.600e+00 ; 1.800e+00 ; 8.1002000e+01 ; 9.2615883e+01 
3.500e+01 ; 1.600e+00 ; 1.800e+00 ; 8.1003000e+01 ; 9.2616783e+01 
3.500e+01 ; 1.600e+00 ; 1.800e+00 ; 8.1005000e+01 ; 9.2618584e+01 
3.500e+01 ; 1.600e+00 ; 1.800e+00 ; 8.1009000e+01 ; 9.2622192e+01 
3.500e+01 ; 1.600e+00 ; 1.800e+00 ; 8.1017000e+01 ; 9.2629395e+01 
3.500e+01 ; 1.600e+00 ; 1.800e+00 ; 8.1033000e+01 ; 9.2643791e+01 
3.500e+01 ; 1.600e+00 ; 1.800e+00 ; 8.1065000e+01 ; 9.2672516e+01 
3.500e+01 ; 1.600e+00 ; 1.800e+00 ; 8.1129000e+01 ; 9.2729691e+01 
3.500e+01 ; 1.600e+00 ; 1.800e+00 ; 8.1257000e+01 ; 9.2842445e+01 
3.500e+01 ; 1.600e+00 ; 1.800e+00 ; 8.1513000e+01 ; 9.3058807e+01 
3.500e+01 ; 1.600e+00 ; 1.800e+00 ; 8.2000000e+01 ; 9.3425545e+01 
3.500e+01 ; 1.600e+00 ; 1.800e+00 ; 8.2000000e+01 ; 9.3425545e+01 
3.500e+01 ; 1.600e+00 ; 1.800e+00 ; 8.2001000e+01 ; 9.3426300e+01 
3.500e+01 ; 1.600e+00 ; 1.800e+00 ; 8.2002000e+01 ; 9.3427055e+01 
3.500e+01 ; 1.600e+00 ; 1.800e+00 ; 8.2003000e+01 ; 9.3427803e+01 
3.500e+01 ; 1.600e+00 ; 1.800e+00 ; 8.2005000e+01 ; 9.3429314e+01 
3.500e+01 ; 1.600e+00 ; 1.800e+00 ; 8.2009000e+01 ; 9.3432312e+01 
3.500e+01 ; 1.600e+00 ; 1.800e+00 ; 8.2017000e+01 ; 9.3438316e+01 
3.500e+01 ; 1.600e+00 ; 1.800e+00 ; 8.2033000e+01 ; 9.3450264e+01 
3.500e+01 ; 1.600e+00 ; 1.800e+00 ; 8.2065000e+01 ; 9.3473961e+01 
3.500e+01 ; 1.600e+00 ; 1.800e+00 ; 8.2129000e+01 ; 9.3520531e+01 
3.500e+01 ; 1.600e+00 ; 1.800e+00 ; 8.2257000e+01 ; 9.3610237e+01 
3.500e+01 ; 1.600e+00 ; 1.800e+00 ; 8.2513000e+01 ; 9.3775200e+01 
3.500e+01 ; 1.600e+00 ; 1.800e+00 ; 8.3000000e+01 ; 9.4036079e+01 
3.500e+01 ; 1.600e+00 ; 1.800e+00 ; 8.3000000e+01 ; 9.4036079e+01 
3.500e+01 ; 1.600e+00 ; 1.800e+00 ; 8.3001000e+01 ; 9.4036613e+01 
3.500e+01 ; 1.600e+00 ; 1.800e+00 ; 8.3002000e+01 ; 9.4037148e+01 
3.500e+01 ; 1.600e+00 ; 1.800e+00 ; 8.3003000e+01 ; 9.4037689e+01 
3.500e+01 ; 1.600e+00 ; 1.800e+00 ; 8.3005000e+01 ; 9.4038757e+01 
3.500e+01 ; 1.600e+00 ; 1.800e+00 ; 8.3009000e+01 ; 9.4040894e+01 
3.500e+01 ; 1.600e+00 ; 1.800e+00 ; 8.3017000e+01 ; 9.4045143e+01 
3.500e+01 ; 1.600e+00 ; 1.800e+00 ; 8.3033000e+01 ; 9.4053596e+01 
3.500e+01 ; 1.600e+00 ; 1.800e+00 ; 8.3065000e+01 ; 9.4070274e+01 
3.500e+01 ; 1.600e+00 ; 1.800e+00 ; 8.3129000e+01 ; 9.4102715e+01 
3.500e+01 ; 1.600e+00 ; 1.800e+00 ; 8.3257000e+01 ; 9.4163956e+01 
3.500e+01 ; 1.600e+00 ; 1.800e+00 ; 8.3513000e+01 ; 9.4272255e+01 
3.500e+01 ; 1.600e+00 ; 1.800e+00 ; 8.4000000e+01 ; 9.4430824e+01 
3.500e+01 ; 1.600e+00 ; 1.800e+00 ; 8.4000000e+01 ; 9.4430824e+01 
3.500e+01 ; 1.600e+00 ; 1.800e+00 ; 8.4001000e+01 ; 9.4431152e+01 
3.500e+01 ; 1.600e+00 ; 1.800e+00 ; 8.4002000e+01 ; 9.4431480e+01 
3.500e+01 ; 1.600e+00 ; 1.800e+00 ; 8.4003000e+01 ; 9.4431801e+01 
3.500e+01 ; 1.600e+00 ; 1.800e+00 ; 8.4005000e+01 ; 9.4432449e+01 
3.500e+01 ; 1.600e+00 ; 1.800e+00 ; 8.4009000e+01 ; 9.4433746e+01 
3.500e+01 ; 1.600e+00 ; 1.800e+00 ; 8.4017000e+01 ; 9.4436325e+01 
3.500e+01 ; 1.600e+00 ; 1.800e+00 ; 8.4033000e+01 ; 9.4441429e+01 
3.500e+01 ; 1.600e+00 ; 1.800e+00 ; 8.4065000e+01 ; 9.4451439e+01 
3.500e+01 ; 1.600e+00 ; 1.800e+00 ; 8.4129000e+01 ; 9.4470650e+01 
3.500e+01 ; 1.600e+00 ; 1.800e+00 ; 8.4257000e+01 ; 9.4505951e+01 
3.500e+01 ; 1.600e+00 ; 1.800e+00 ; 8.4513000e+01 ; 9.4564766e+01 
3.500e+01 ; 1.600e+00 ; 1.800e+00 ; 8.5000000e+01 ; 9.4638840e+01 
3.500e+01 ; 1.600e+00 ; 1.800e+00 ; 8.5000000e+01 ; 9.4638840e+01 
3.500e+01 ; 1.600e+00 ; 1.800e+00 ; 8.5001000e+01 ; 9.4638992e+01 
3.500e+01 ; 1.600e+00 ; 1.800e+00 ; 8.5002000e+01 ; 9.4639145e+01 
3.500e+01 ; 1.600e+00 ; 1.800e+00 ; 8.5003000e+01 ; 9.4639297e+01 
3.500e+01 ; 1.600e+00 ; 1.800e+00 ; 8.5005000e+01 ; 9.4639595e+01 
3.500e+01 ; 1.600e+00 ; 1.800e+00 ; 8.5009000e+01 ; 9.4640198e+01 
3.500e+01 ; 1.600e+00 ; 1.800e+00 ; 8.5017000e+01 ; 9.4641396e+01 
3.500e+01 ; 1.600e+00 ; 1.800e+00 ; 8.5033000e+01 ; 9.4643745e+01 
3.500e+01 ; 1.600e+00 ; 1.800e+00 ; 8.5065000e+01 ; 9.4648285e+01 
3.500e+01 ; 1.600e+00 ; 1.800e+00 ; 8.5129000e+01 ; 9.4656731e+01 
3.500e+01 ; 1.600e+00 ; 1.800e+00 ; 8.5257000e+01 ; 9.4671196e+01 
3.500e+01 ; 1.600e+00 ; 1.800e+00 ; 8.5513000e+01 ; 9.4691063e+01 
3.500e+01 ; 1.600e+00 ; 1.800e+00 ; 8.6000000e+01 ; 9.4700485e+01 
3.500e+01 ; 1.600e+00 ; 1.800e+00 ; 8.6000000e+01 ; 9.4700485e+01 
3.500e+01 ; 1.600e+00 ; 1.800e+00 ; 8.6001000e+01 ; 9.4700508e+01 
3.500e+01 ; 1.600e+00 ; 1.800e+00 ; 8.6002000e+01 ; 9.4700523e+01 
3.500e+01 ; 1.600e+00 ; 1.800e+00 ; 8.6003000e+01 ; 9.4700546e+01 
3.500e+01 ; 1.600e+00 ; 1.800e+00 ; 8.6005000e+01 ; 9.4700584e+01 
3.500e+01 ; 1.600e+00 ; 1.800e+00 ; 8.6009000e+01 ; 9.4700653e+01 
3.500e+01 ; 1.600e+00 ; 1.800e+00 ; 8.6017000e+01 ; 9.4700790e+01 
3.500e+01 ; 1.600e+00 ; 1.800e+00 ; 8.6033000e+01 ; 9.4701042e+01 
3.500e+01 ; 1.600e+00 ; 1.800e+00 ; 8.6065000e+01 ; 9.4701416e+01 
3.500e+01 ; 1.600e+00 ; 1.800e+00 ; 8.6129000e+01 ; 9.4701691e+01 
3.500e+01 ; 1.600e+00 ; 1.800e+00 ; 8.6257000e+01 ; 9.4700439e+01 
3.500e+01 ; 1.600e+00 ; 1.800e+00 ; 8.6513000e+01 ; 9.4691284e+01 
3.500e+01 ; 1.600e+00 ; 1.800e+00 ; 8.7000000e+01 ; 9.4653297e+01 
3.500e+01 ; 1.600e+00 ; 1.800e+00 ; 8.7000000e+01 ; 9.4653297e+01 
3.500e+01 ; 1.600e+00 ; 1.800e+00 ; 8.7001000e+01 ; 9.4653221e+01 
3.500e+01 ; 1.600e+00 ; 1.800e+00 ; 8.7002000e+01 ; 9.4653145e+01 
3.500e+01 ; 1.600e+00 ; 1.800e+00 ; 8.7003000e+01 ; 9.4653061e+01 
3.500e+01 ; 1.600e+00 ; 1.800e+00 ; 8.7005000e+01 ; 9.4652908e+01 
3.500e+01 ; 1.600e+00 ; 1.800e+00 ; 8.7009000e+01 ; 9.4652596e+01 
3.500e+01 ; 1.600e+00 ; 1.800e+00 ; 8.7017000e+01 ; 9.4651955e+01 
3.500e+01 ; 1.600e+00 ; 1.800e+00 ; 8.7033000e+01 ; 9.4650665e+01 
3.500e+01 ; 1.600e+00 ; 1.800e+00 ; 8.7065000e+01 ; 9.4647987e+01 
3.500e+01 ; 1.600e+00 ; 1.800e+00 ; 8.7129000e+01 ; 9.4642303e+01 
3.500e+01 ; 1.600e+00 ; 1.800e+00 ; 8.7257000e+01 ; 9.4629631e+01 
3.500e+01 ; 1.600e+00 ; 1.800e+00 ; 8.7513000e+01 ; 9.4599533e+01 
3.500e+01 ; 1.600e+00 ; 1.800e+00 ; 8.8000000e+01 ; 9.4527733e+01 
3.500e+01 ; 1.600e+00 ; 1.800e+00 ; 8.8000000e+01 ; 9.4527733e+01 
3.500e+01 ; 1.600e+00 ; 1.800e+00 ; 8.8001000e+01 ; 9.4527588e+01 
3.500e+01 ; 1.600e+00 ; 1.800e+00 ; 8.8002000e+01 ; 9.4527443e+01 
3.500e+01 ; 1.600e+00 ; 1.800e+00 ; 8.8003000e+01 ; 9.4527290e+01 
3.500e+01 ; 1.600e+00 ; 1.800e+00 ; 8.8005000e+01 ; 9.4526993e+01 
3.500e+01 ; 1.600e+00 ; 1.800e+00 ; 8.8009000e+01 ; 9.4526405e+01 
3.500e+01 ; 1.600e+00 ; 1.800e+00 ; 8.8017000e+01 ; 9.4525215e+01 
3.500e+01 ; 1.600e+00 ; 1.800e+00 ; 8.8033000e+01 ; 9.4522827e+01 
3.500e+01 ; 1.600e+00 ; 1.800e+00 ; 8.8065000e+01 ; 9.4517982e+01 
3.500e+01 ; 1.600e+00 ; 1.800e+00 ; 8.8129000e+01 ; 9.4508057e+01 
3.500e+01 ; 1.600e+00 ; 1.800e+00 ; 8.8257000e+01 ; 9.4487289e+01 
3.500e+01 ; 1.600e+00 ; 1.800e+00 ; 8.8513000e+01 ; 9.4442444e+01 
3.500e+01 ; 1.600e+00 ; 1.800e+00 ; 8.9000000e+01 ; 9.4347061e+01 
3.500e+01 ; 1.600e+00 ; 1.800e+00 ; 8.9000000e+01 ; 9.4347061e+01 
3.500e+01 ; 1.600e+00 ; 1.800e+00 ; 8.9001000e+01 ; 9.4346870e+01 
3.500e+01 ; 1.600e+00 ; 1.800e+00 ; 8.9002000e+01 ; 9.4346672e+01 
3.500e+01 ; 1.600e+00 ; 1.800e+00 ; 8.9003000e+01 ; 9.4346474e+01 
3.500e+01 ; 1.600e+00 ; 1.800e+00 ; 8.9005000e+01 ; 9.4346085e+01 
3.500e+01 ; 1.600e+00 ; 1.800e+00 ; 8.9009000e+01 ; 9.4345299e+01 
3.500e+01 ; 1.600e+00 ; 1.800e+00 ; 8.9017000e+01 ; 9.4343727e+01 
3.500e+01 ; 1.600e+00 ; 1.800e+00 ; 8.9033000e+01 ; 9.4340569e+01 
3.500e+01 ; 1.600e+00 ; 1.800e+00 ; 8.9065000e+01 ; 9.4334221e+01 
3.500e+01 ; 1.600e+00 ; 1.800e+00 ; 8.9129000e+01 ; 9.4321342e+01 
3.500e+01 ; 1.600e+00 ; 1.800e+00 ; 8.9257000e+01 ; 9.4294975e+01 
3.500e+01 ; 1.600e+00 ; 1.800e+00 ; 8.9513000e+01 ; 9.4239967e+01 
3.500e+01 ; 1.600e+00 ; 1.800e+00 ; 9.0000000e+01 ; 9.4128571e+01 
3.500e+01 ; 1.600e+00 ; 1.800e+00 ; 9.0000000e+01 ; 9.4128571e+01 
3.500e+01 ; 1.600e+00 ; 1.800e+00 ; 9.0001000e+01 ; 9.4128342e+01 
3.500e+01 ; 1.600e+00 ; 1.800e+00 ; 9.0002000e+01 ; 9.4128113e+01 
3.500e+01 ; 1.600e+00 ; 1.800e+00 ; 9.0003000e+01 ; 9.4127884e+01 
3.500e+01 ; 1.600e+00 ; 1.800e+00 ; 9.0005000e+01 ; 9.4127426e+01 
3.500e+01 ; 1.600e+00 ; 1.800e+00 ; 9.0009000e+01 ; 9.4126503e+01 
3.500e+01 ; 1.600e+00 ; 1.800e+00 ; 9.0017000e+01 ; 9.4124672e+01 
3.500e+01 ; 1.600e+00 ; 1.800e+00 ; 9.0033000e+01 ; 9.4120995e+01 
3.500e+01 ; 1.600e+00 ; 1.800e+00 ; 9.0065000e+01 ; 9.4113617e+01 
3.500e+01 ; 1.600e+00 ; 1.800e+00 ; 9.0129000e+01 ; 9.4098755e+01 
3.500e+01 ; 1.600e+00 ; 1.800e+00 ; 9.0257000e+01 ; 9.4068604e+01 
3.500e+01 ; 1.600e+00 ; 1.800e+00 ; 9.0513000e+01 ; 9.4006813e+01 
3.500e+01 ; 1.600e+00 ; 1.800e+00 ; 9.1000000e+01 ; 9.3884918e+01 
3.500e+01 ; 1.600e+00 ; 1.800e+00 ; 9.1000000e+01 ; 9.3884918e+01 
3.500e+01 ; 1.600e+00 ; 1.800e+00 ; 9.1001000e+01 ; 9.3884666e+01 
3.500e+01 ; 1.600e+00 ; 1.800e+00 ; 9.1002000e+01 ; 9.3884415e+01 
3.500e+01 ; 1.600e+00 ; 1.800e+00 ; 9.1003000e+01 ; 9.3884163e+01 
3.500e+01 ; 1.600e+00 ; 1.800e+00 ; 9.1005000e+01 ; 9.3883667e+01 
3.500e+01 ; 1.600e+00 ; 1.800e+00 ; 9.1009000e+01 ; 9.3882660e+01 
3.500e+01 ; 1.600e+00 ; 1.800e+00 ; 9.1017000e+01 ; 9.3880661e+01 
3.500e+01 ; 1.600e+00 ; 1.800e+00 ; 9.1033000e+01 ; 9.3876648e+01 
3.500e+01 ; 1.600e+00 ; 1.800e+00 ; 9.1065000e+01 ; 9.3868599e+01 
3.500e+01 ; 1.600e+00 ; 1.800e+00 ; 9.1129000e+01 ; 9.3852432e+01 
3.500e+01 ; 1.600e+00 ; 1.800e+00 ; 9.1257000e+01 ; 9.3819893e+01 
3.500e+01 ; 1.600e+00 ; 1.800e+00 ; 9.1513000e+01 ; 9.3754730e+01 
3.500e+01 ; 1.600e+00 ; 1.800e+00 ; 9.2000000e+01 ; 9.3636871e+01 
3.500e+01 ; 1.600e+00 ; 1.800e+00 ; 9.2000000e+01 ; 9.3636871e+01 
3.500e+01 ; 1.600e+00 ; 1.800e+00 ; 9.2001000e+01 ; 9.3636627e+01 
3.500e+01 ; 1.600e+00 ; 1.800e+00 ; 9.2002000e+01 ; 9.3636383e+01 
3.500e+01 ; 1.600e+00 ; 1.800e+00 ; 9.2003000e+01 ; 9.3636147e+01 
3.500e+01 ; 1.600e+00 ; 1.800e+00 ; 9.2005000e+01 ; 9.3635658e+01 
3.500e+01 ; 1.600e+00 ; 1.800e+00 ; 9.2009000e+01 ; 9.3634697e+01 
3.500e+01 ; 1.600e+00 ; 1.800e+00 ; 9.2017000e+01 ; 9.3632759e+01 
3.500e+01 ; 1.600e+00 ; 1.800e+00 ; 9.2033000e+01 ; 9.3628906e+01 
3.500e+01 ; 1.600e+00 ; 1.800e+00 ; 9.2065000e+01 ; 9.3621216e+01 
3.500e+01 ; 1.600e+00 ; 1.800e+00 ; 9.2129000e+01 ; 9.3605980e+01 
3.500e+01 ; 1.600e+00 ; 1.800e+00 ; 9.2257000e+01 ; 9.3576195e+01 
3.500e+01 ; 1.600e+00 ; 1.800e+00 ; 9.2513000e+01 ; 9.3520409e+01 
3.500e+01 ; 1.600e+00 ; 1.800e+00 ; 9.3000000e+01 ; 9.3433609e+01 
3.500e+01 ; 1.600e+00 ; 1.800e+00 ; 9.3000000e+01 ; 9.3433609e+01 
3.500e+01 ; 1.600e+00 ; 1.800e+00 ; 9.3001000e+01 ; 9.3433434e+01 
3.500e+01 ; 1.600e+00 ; 1.800e+00 ; 9.3002000e+01 ; 9.3433258e+01 
3.500e+01 ; 1.600e+00 ; 1.800e+00 ; 9.3003000e+01 ; 9.3433075e+01 
3.500e+01 ; 1.600e+00 ; 1.800e+00 ; 9.3005000e+01 ; 9.3432724e+01 
3.500e+01 ; 1.600e+00 ; 1.800e+00 ; 9.3009000e+01 ; 9.3432014e+01 
3.500e+01 ; 1.600e+00 ; 1.800e+00 ; 9.3017000e+01 ; 9.3430595e+01 
3.500e+01 ; 1.600e+00 ; 1.800e+00 ; 9.3033000e+01 ; 9.3427788e+01 
3.500e+01 ; 1.600e+00 ; 1.800e+00 ; 9.3065000e+01 ; 9.3422256e+01 
3.500e+01 ; 1.600e+00 ; 1.800e+00 ; 9.3129000e+01 ; 9.3411560e+01 
3.500e+01 ; 1.600e+00 ; 1.800e+00 ; 9.3257000e+01 ; 9.3391678e+01 
3.500e+01 ; 1.600e+00 ; 1.800e+00 ; 9.3513000e+01 ; 9.3358643e+01 
3.500e+01 ; 1.600e+00 ; 1.800e+00 ; 9.4000000e+01 ; 9.3321861e+01 
3.500e+01 ; 1.600e+00 ; 1.800e+00 ; 9.4000000e+01 ; 9.3321861e+01 
3.500e+01 ; 1.600e+00 ; 1.800e+00 ; 9.4001000e+01 ; 9.3321785e+01 
3.500e+01 ; 1.600e+00 ; 1.800e+00 ; 9.4002000e+01 ; 9.3321709e+01 
3.500e+01 ; 1.600e+00 ; 1.800e+00 ; 9.4003000e+01 ; 9.3321632e+01 
3.500e+01 ; 1.600e+00 ; 1.800e+00 ; 9.4005000e+01 ; 9.3321487e+01 
3.500e+01 ; 1.600e+00 ; 1.800e+00 ; 9.4009000e+01 ; 9.3321190e+01 
3.500e+01 ; 1.600e+00 ; 1.800e+00 ; 9.4017000e+01 ; 9.3320595e+01 
3.500e+01 ; 1.600e+00 ; 1.800e+00 ; 9.4033000e+01 ; 9.3319450e+01 
3.500e+01 ; 1.600e+00 ; 1.800e+00 ; 9.4065000e+01 ; 9.3317261e+01 
3.500e+01 ; 1.600e+00 ; 1.800e+00 ; 9.4129000e+01 ; 9.3313339e+01 
3.500e+01 ; 1.600e+00 ; 1.800e+00 ; 9.4257000e+01 ; 9.3307343e+01 
3.500e+01 ; 1.600e+00 ; 1.800e+00 ; 9.4513000e+01 ; 9.3302559e+01 
3.500e+01 ; 1.600e+00 ; 1.800e+00 ; 9.5000000e+01 ; 9.3316498e+01 
3.500e+01 ; 1.600e+00 ; 1.800e+00 ; 9.5000000e+01 ; 9.3316498e+01 
3.500e+01 ; 1.600e+00 ; 1.800e+00 ; 9.5001000e+01 ; 9.3316528e+01 
3.500e+01 ; 1.600e+00 ; 1.800e+00 ; 9.5002000e+01 ; 9.3316551e+01 
3.500e+01 ; 1.600e+00 ; 1.800e+00 ; 9.5003000e+01 ; 9.3316582e+01 
3.500e+01 ; 1.600e+00 ; 1.800e+00 ; 9.5005000e+01 ; 9.3316643e+01 
3.500e+01 ; 1.600e+00 ; 1.800e+00 ; 9.5009000e+01 ; 9.3316757e+01 
3.500e+01 ; 1.600e+00 ; 1.800e+00 ; 9.5017000e+01 ; 9.3317001e+01 
3.500e+01 ; 1.600e+00 ; 1.800e+00 ; 9.5033000e+01 ; 9.3317513e+01 
3.500e+01 ; 1.600e+00 ; 1.800e+00 ; 9.5065000e+01 ; 9.3318626e+01 
3.500e+01 ; 1.600e+00 ; 1.800e+00 ; 9.5129000e+01 ; 9.3321236e+01 
3.500e+01 ; 1.600e+00 ; 1.800e+00 ; 9.5257000e+01 ; 9.3327919e+01 
3.500e+01 ; 1.600e+00 ; 1.800e+00 ; 9.5513000e+01 ; 9.3346298e+01 
3.500e+01 ; 1.600e+00 ; 1.800e+00 ; 9.6000000e+01 ; 9.3393280e+01 
3.500e+01 ; 1.600e+00 ; 1.800e+00 ; 9.6000000e+01 ; 9.3393280e+01 
3.500e+01 ; 1.600e+00 ; 1.800e+00 ; 9.6001000e+01 ; 9.3393379e+01 
3.500e+01 ; 1.600e+00 ; 1.800e+00 ; 9.6002000e+01 ; 9.3393471e+01 
3.500e+01 ; 1.600e+00 ; 1.800e+00 ; 9.6003000e+01 ; 9.3393570e+01 
3.500e+01 ; 1.600e+00 ; 1.800e+00 ; 9.6005000e+01 ; 9.3393761e+01 
3.500e+01 ; 1.600e+00 ; 1.800e+00 ; 9.6009000e+01 ; 9.3394150e+01 
3.500e+01 ; 1.600e+00 ; 1.800e+00 ; 9.6017000e+01 ; 9.3394928e+01 
3.500e+01 ; 1.600e+00 ; 1.800e+00 ; 9.6033000e+01 ; 9.3396500e+01 
3.500e+01 ; 1.600e+00 ; 1.800e+00 ; 9.6065000e+01 ; 9.3399689e+01 
3.500e+01 ; 1.600e+00 ; 1.800e+00 ; 9.6129000e+01 ; 9.3406235e+01 
3.500e+01 ; 1.600e+00 ; 1.800e+00 ; 9.6257000e+01 ; 9.3419937e+01 
3.500e+01 ; 1.600e+00 ; 1.800e+00 ; 9.6513000e+01 ; 9.3448723e+01 
3.500e+01 ; 1.600e+00 ; 1.800e+00 ; 9.7000000e+01 ; 9.3502304e+01 
3.500e+01 ; 1.600e+00 ; 1.800e+00 ; 9.7000000e+01 ; 9.3502304e+01 
3.500e+01 ; 1.600e+00 ; 1.800e+00 ; 9.7001000e+01 ; 9.3502419e+01 
3.500e+01 ; 1.600e+00 ; 1.800e+00 ; 9.7002000e+01 ; 9.3502525e+01 
3.500e+01 ; 1.600e+00 ; 1.800e+00 ; 9.7003000e+01 ; 9.3502640e+01 
3.500e+01 ; 1.600e+00 ; 1.800e+00 ; 9.7005000e+01 ; 9.3502861e+01 
3.500e+01 ; 1.600e+00 ; 1.800e+00 ; 9.7009000e+01 ; 9.3503296e+01 
3.500e+01 ; 1.600e+00 ; 1.800e+00 ; 9.7017000e+01 ; 9.3504181e+01 
3.500e+01 ; 1.600e+00 ; 1.800e+00 ; 9.7033000e+01 ; 9.3505936e+01 
3.500e+01 ; 1.600e+00 ; 1.800e+00 ; 9.7065000e+01 ; 9.3509438e+01 
3.500e+01 ; 1.600e+00 ; 1.800e+00 ; 9.7129000e+01 ; 9.3516403e+01 
3.500e+01 ; 1.600e+00 ; 1.800e+00 ; 9.7257000e+01 ; 9.3530029e+01 
3.500e+01 ; 1.600e+00 ; 1.800e+00 ; 9.7513000e+01 ; 9.3555321e+01 
3.500e+01 ; 1.600e+00 ; 1.800e+00 ; 9.8000000e+01 ; 9.3592171e+01 
3.500e+01 ; 1.600e+00 ; 1.800e+00 ; 9.8000000e+01 ; 9.3592171e+01 
3.500e+01 ; 1.600e+00 ; 1.800e+00 ; 9.8001000e+01 ; 9.3592247e+01 
3.500e+01 ; 1.600e+00 ; 1.800e+00 ; 9.8002000e+01 ; 9.3592323e+01 
3.500e+01 ; 1.600e+00 ; 1.800e+00 ; 9.8003000e+01 ; 9.3592400e+01 
3.500e+01 ; 1.600e+00 ; 1.800e+00 ; 9.8005000e+01 ; 9.3592552e+01 
3.500e+01 ; 1.600e+00 ; 1.800e+00 ; 9.8009000e+01 ; 9.3592850e+01 
3.500e+01 ; 1.600e+00 ; 1.800e+00 ; 9.8017000e+01 ; 9.3593452e+01 
3.500e+01 ; 1.600e+00 ; 1.800e+00 ; 9.8033000e+01 ; 9.3594635e+01 
3.500e+01 ; 1.600e+00 ; 1.800e+00 ; 9.8065000e+01 ; 9.3596954e+01 
3.500e+01 ; 1.600e+00 ; 1.800e+00 ; 9.8129000e+01 ; 9.3601379e+01 
3.500e+01 ; 1.600e+00 ; 1.800e+00 ; 9.8257000e+01 ; 9.3609322e+01 
3.500e+01 ; 1.600e+00 ; 1.800e+00 ; 9.8513000e+01 ; 9.3621132e+01 
3.500e+01 ; 1.600e+00 ; 1.800e+00 ; 9.9000000e+01 ; 9.3627113e+01 
3.500e+01 ; 1.600e+00 ; 1.800e+00 ; 9.9000000e+01 ; 9.3627113e+01 
3.500e+01 ; 1.600e+00 ; 1.800e+00 ; 9.9001000e+01 ; 9.3627121e+01 
3.500e+01 ; 1.600e+00 ; 1.800e+00 ; 9.9002000e+01 ; 9.3627136e+01 
3.500e+01 ; 1.600e+00 ; 1.800e+00 ; 9.9003000e+01 ; 9.3627151e+01 
3.500e+01 ; 1.600e+00 ; 1.800e+00 ; 9.9005000e+01 ; 9.3627174e+01 
3.500e+01 ; 1.600e+00 ; 1.800e+00 ; 9.9009000e+01 ; 9.3627220e+01 
3.500e+01 ; 1.600e+00 ; 1.800e+00 ; 9.9017000e+01 ; 9.3627312e+01 
3.500e+01 ; 1.600e+00 ; 1.800e+00 ; 9.9033000e+01 ; 9.3627464e+01 
3.500e+01 ; 1.600e+00 ; 1.800e+00 ; 9.9065000e+01 ; 9.3627716e+01 
3.500e+01 ; 1.600e+00 ; 1.800e+00 ; 9.9129000e+01 ; 9.3627914e+01 
3.500e+01 ; 1.600e+00 ; 1.800e+00 ; 9.9257000e+01 ; 9.3627129e+01 
3.500e+01 ; 1.600e+00 ; 1.800e+00 ; 9.9513000e+01 ; 9.3620682e+01 
3.500e+01 ; 1.600e+00 ; 1.800e+00 ; 1.0000000e+02 ; 9.3590714e+01 
3.500e+01 ; 1.600e+00 ; 1.800e+00 ; 1.0000000e+02 ; 9.3590714e+01 
3.500e+01 ; 1.600e+00 ; 1.800e+00 ; 1.0000100e+02 ; 9.3590652e+01 
3.500e+01 ; 1.600e+00 ; 1.800e+00 ; 1.0000200e+02 ; 9.3590591e+01 
3.500e+01 ; 1.600e+00 ; 1.800e+00 ; 1.0000300e+02 ; 9.3590530e+01 
3.500e+01 ; 1.600e+00 ; 1.800e+00 ; 1.0000500e+02 ; 9.3590408e+01 
3.500e+01 ; 1.600e+00 ; 1.800e+00 ; 1.0000900e+02 ; 9.3590157e+01 
3.500e+01 ; 1.600e+00 ; 1.800e+00 ; 1.0001700e+02 ; 9.3589653e+01 
3.500e+01 ; 1.600e+00 ; 1.800e+00 ; 1.0003300e+02 ; 9.3588631e+01 
3.500e+01 ; 1.600e+00 ; 1.800e+00 ; 1.0006500e+02 ; 9.3586510e+01 
3.500e+01 ; 1.600e+00 ; 1.800e+00 ; 1.0012900e+02 ; 9.3581955e+01 
3.500e+01 ; 1.600e+00 ; 1.800e+00 ; 1.0025700e+02 ; 9.3571632e+01 
3.500e+01 ; 1.600e+00 ; 1.800e+00 ; 1.0051300e+02 ; 9.3546196e+01 
3.500e+01 ; 1.600e+00 ; 1.800e+00 ; 1.0100000e+02 ; 9.3481392e+01 
3.500e+01 ; 1.600e+00 ; 1.800e+00 ; 1.0100000e+02 ; 9.3481392e+01 
3.500e+01 ; 1.600e+00 ; 1.800e+00 ; 1.0100100e+02 ; 9.3481262e+01 
3.500e+01 ; 1.600e+00 ; 1.800e+00 ; 1.0100200e+02 ; 9.3481125e+01 
3.500e+01 ; 1.600e+00 ; 1.800e+00 ; 1.0100300e+02 ; 9.3480995e+01 
3.500e+01 ; 1.600e+00 ; 1.800e+00 ; 1.0100500e+02 ; 9.3480728e+01 
3.500e+01 ; 1.600e+00 ; 1.800e+00 ; 1.0100900e+02 ; 9.3480194e+01 
3.500e+01 ; 1.600e+00 ; 1.800e+00 ; 1.0101700e+02 ; 9.3479118e+01 
3.500e+01 ; 1.600e+00 ; 1.800e+00 ; 1.0103300e+02 ; 9.3476952e+01 
3.500e+01 ; 1.600e+00 ; 1.800e+00 ; 1.0106500e+02 ; 9.3472549e+01 
3.500e+01 ; 1.600e+00 ; 1.800e+00 ; 1.0112900e+02 ; 9.3463470e+01 
3.500e+01 ; 1.600e+00 ; 1.800e+00 ; 1.0125700e+02 ; 9.3444206e+01 
3.500e+01 ; 1.600e+00 ; 1.800e+00 ; 1.0151300e+02 ; 9.3401466e+01 
3.500e+01 ; 1.600e+00 ; 1.800e+00 ; 1.0200000e+02 ; 9.3306190e+01 
3.500e+01 ; 1.600e+00 ; 1.800e+00 ; 1.0200000e+02 ; 9.3306190e+01 
3.500e+01 ; 1.600e+00 ; 1.800e+00 ; 1.0200100e+02 ; 9.3305992e+01 
3.500e+01 ; 1.600e+00 ; 1.800e+00 ; 1.0200200e+02 ; 9.3305801e+01 
3.500e+01 ; 1.600e+00 ; 1.800e+00 ; 1.0200300e+02 ; 9.3305603e+01 
3.500e+01 ; 1.600e+00 ; 1.800e+00 ; 1.0200500e+02 ; 9.3305214e+01 
3.500e+01 ; 1.600e+00 ; 1.800e+00 ; 1.0200900e+02 ; 9.3304428e+01 
3.500e+01 ; 1.600e+00 ; 1.800e+00 ; 1.0201700e+02 ; 9.3302856e+01 
3.500e+01 ; 1.600e+00 ; 1.800e+00 ; 1.0203300e+02 ; 9.3299690e+01 
3.500e+01 ; 1.600e+00 ; 1.800e+00 ; 1.0206500e+02 ; 9.3293312e+01 
3.500e+01 ; 1.600e+00 ; 1.800e+00 ; 1.0212900e+02 ; 9.3280312e+01 
3.500e+01 ; 1.600e+00 ; 1.800e+00 ; 1.0225700e+02 ; 9.3253395e+01 
3.500e+01 ; 1.600e+00 ; 1.800e+00 ; 1.0251300e+02 ; 9.3196098e+01 
3.500e+01 ; 1.600e+00 ; 1.800e+00 ; 1.0300000e+02 ; 9.3075928e+01 
3.500e+01 ; 1.600e+00 ; 1.800e+00 ; 1.0300000e+02 ; 9.3075928e+01 
3.500e+01 ; 1.600e+00 ; 1.800e+00 ; 1.0300100e+02 ; 9.3075684e+01 
3.500e+01 ; 1.600e+00 ; 1.800e+00 ; 1.0300200e+02 ; 9.3075439e+01 
3.500e+01 ; 1.600e+00 ; 1.800e+00 ; 1.0300300e+02 ; 9.3075188e+01 
3.500e+01 ; 1.600e+00 ; 1.800e+00 ; 1.0300500e+02 ; 9.3074699e+01 
3.500e+01 ; 1.600e+00 ; 1.800e+00 ; 1.0300900e+02 ; 9.3073708e+01 
3.500e+01 ; 1.600e+00 ; 1.800e+00 ; 1.0301700e+02 ; 9.3071724e+01 
3.500e+01 ; 1.600e+00 ; 1.800e+00 ; 1.0303300e+02 ; 9.3067757e+01 
3.500e+01 ; 1.600e+00 ; 1.800e+00 ; 1.0306500e+02 ; 9.3059761e+01 
3.500e+01 ; 1.600e+00 ; 1.800e+00 ; 1.0312900e+02 ; 9.3043587e+01 
3.500e+01 ; 1.600e+00 ; 1.800e+00 ; 1.0325700e+02 ; 9.3010521e+01 
3.500e+01 ; 1.600e+00 ; 1.800e+00 ; 1.0351300e+02 ; 9.2941689e+01 
3.500e+01 ; 1.600e+00 ; 1.800e+00 ; 1.0400000e+02 ; 9.2802246e+01 
3.500e+01 ; 1.600e+00 ; 1.800e+00 ; 1.0400000e+02 ; 9.2802246e+01 
3.500e+01 ; 1.600e+00 ; 1.800e+00 ; 1.0400100e+02 ; 9.2801956e+01 
3.500e+01 ; 1.600e+00 ; 1.800e+00 ; 1.0400200e+02 ; 9.2801674e+01 
3.500e+01 ; 1.600e+00 ; 1.800e+00 ; 1.0400300e+02 ; 9.2801384e+01 
3.500e+01 ; 1.600e+00 ; 1.800e+00 ; 1.0400500e+02 ; 9.2800812e+01 
3.500e+01 ; 1.600e+00 ; 1.800e+00 ; 1.0400900e+02 ; 9.2799667e+01 
3.500e+01 ; 1.600e+00 ; 1.800e+00 ; 1.0401700e+02 ; 9.2797371e+01 
3.500e+01 ; 1.600e+00 ; 1.800e+00 ; 1.0403300e+02 ; 9.2792770e+01 
3.500e+01 ; 1.600e+00 ; 1.800e+00 ; 1.0406500e+02 ; 9.2783531e+01 
3.500e+01 ; 1.600e+00 ; 1.800e+00 ; 1.0412900e+02 ; 9.2764923e+01 
3.500e+01 ; 1.600e+00 ; 1.800e+00 ; 1.0425700e+02 ; 9.2727150e+01 
3.500e+01 ; 1.600e+00 ; 1.800e+00 ; 1.0451300e+02 ; 9.2649620e+01 
3.500e+01 ; 1.600e+00 ; 1.800e+00 ; 1.0500000e+02 ; 9.2495995e+01 
3.500e+01 ; 1.600e+00 ; 1.800e+00 ; 1.0500000e+02 ; 9.2495995e+01 
3.500e+01 ; 1.600e+00 ; 1.800e+00 ; 1.0500100e+02 ; 9.2495682e+01 
3.500e+01 ; 1.600e+00 ; 1.800e+00 ; 1.0500200e+02 ; 9.2495369e+01 
3.500e+01 ; 1.600e+00 ; 1.800e+00 ; 1.0500300e+02 ; 9.2495049e+01 
3.500e+01 ; 1.600e+00 ; 1.800e+00 ; 1.0500500e+02 ; 9.2494415e+01 
3.500e+01 ; 1.600e+00 ; 1.800e+00 ; 1.0500900e+02 ; 9.2493156e+01 
3.500e+01 ; 1.600e+00 ; 1.800e+00 ; 1.0501700e+02 ; 9.2490631e+01 
3.500e+01 ; 1.600e+00 ; 1.800e+00 ; 1.0503300e+02 ; 9.2485565e+01 
3.500e+01 ; 1.600e+00 ; 1.800e+00 ; 1.0506500e+02 ; 9.2475418e+01 
3.500e+01 ; 1.600e+00 ; 1.800e+00 ; 1.0512900e+02 ; 9.2455025e+01 
3.500e+01 ; 1.600e+00 ; 1.800e+00 ; 1.0525700e+02 ; 9.2413849e+01 
3.500e+01 ; 1.600e+00 ; 1.800e+00 ; 1.0551300e+02 ; 9.2330101e+01 
3.500e+01 ; 1.600e+00 ; 1.800e+00 ; 1.0600000e+02 ; 9.2166649e+01 
3.500e+01 ; 1.600e+00 ; 1.800e+00 ; 1.0600000e+02 ; 9.2166649e+01 
3.500e+01 ; 1.600e+00 ; 1.800e+00 ; 1.0601000e+02 ; 9.2163292e+01 
3.500e+01 ; 1.600e+00 ; 1.800e+00 ; 1.0602000e+02 ; 9.2159935e+01 
3.500e+01 ; 1.600e+00 ; 1.800e+00 ; 1.0603000e+02 ; 9.2156570e+01 
3.500e+01 ; 1.600e+00 ; 1.800e+00 ; 1.0605000e+02 ; 9.2149841e+01 
3.500e+01 ; 1.600e+00 ; 1.800e+00 ; 1.0609000e+02 ; 9.2136353e+01 
3.500e+01 ; 1.600e+00 ; 1.800e+00 ; 1.0617000e+02 ; 9.2109276e+01 
3.500e+01 ; 1.600e+00 ; 1.800e+00 ; 1.0633000e+02 ; 9.2054741e+01 
3.500e+01 ; 1.600e+00 ; 1.800e+00 ; 1.0665000e+02 ; 9.1944359e+01 
3.500e+01 ; 1.600e+00 ; 1.800e+00 ; 1.0729000e+02 ; 9.1719925e+01 
3.500e+01 ; 1.600e+00 ; 1.800e+00 ; 1.0825000e+02 ; 9.1379288e+01 
3.500e+01 ; 1.600e+00 ; 1.800e+00 ; 1.0969000e+02 ; 9.0869835e+01 
3.500e+01 ; 1.600e+00 ; 1.800e+00 ; 1.1100000e+02 ; 9.0413406e+01