X ; Y ; Z ; time ; Temperature 
3.500e+01 ; 5.600e+00 ; 1.400e+00 ; 0.0000000e+00 ; 2.4000000e+02 
3.500e+01 ; 5.600e+00 ; 1.400e+00 ; 1.0000000e-03 ; 2.4000000e+02 
3.500e+01 ; 5.600e+00 ; 1.400e+00 ; 2.0000001e-03 ; 2.4000000e+02 
3.500e+01 ; 5.600e+00 ; 1.400e+00 ; 3.0000000e-03 ; 2.4000000e+02 
3.500e+01 ; 5.600e+00 ; 1.400e+00 ; 4.9999999e-03 ; 2.4000000e+02 
3.500e+01 ; 5.600e+00 ; 1.400e+00 ; 8.9999996e-03 ; 2.4000000e+02 
3.500e+01 ; 5.600e+00 ; 1.400e+00 ; 1.7000001e-02 ; 2.4000000e+02 
3.500e+01 ; 5.600e+00 ; 1.400e+00 ; 3.3000000e-02 ; 2.4000000e+02 
3.500e+01 ; 5.600e+00 ; 1.400e+00 ; 6.4999998e-02 ; 2.4000000e+02 
3.500e+01 ; 5.600e+00 ; 1.400e+00 ; 1.2899999e-01 ; 2.4000000e+02 
3.500e+01 ; 5.600e+00 ; 1.400e+00 ; 2.5700000e-01 ; 2.4000000e+02 
3.500e+01 ; 5.600e+00 ; 1.400e+00 ; 5.1300001e-01 ; 2.4000000e+02 
3.500e+01 ; 5.600e+00 ; 1.400e+00 ; 7.6899999e-01 ; 2.4000000e+02 
3.500e+01 ; 5.600e+00 ; 1.400e+00 ; 8.0000001e-01 ; 2.4000000e+02 
3.500e+01 ; 5.600e+00 ; 1.400e+00 ; 8.0000001e-01 ; 2.4000000e+02 
3.500e+01 ; 5.600e+00 ; 1.400e+00 ; 8.0100001e-01 ; 2.4000000e+02 
3.500e+01 ; 5.600e+00 ; 1.400e+00 ; 8.0200001e-01 ; 2.4000000e+02 
3.500e+01 ; 5.600e+00 ; 1.400e+00 ; 8.0300001e-01 ; 2.4000000e+02 
3.500e+01 ; 5.600e+00 ; 1.400e+00 ; 8.0500001e-01 ; 2.4000000e+02 
3.500e+01 ; 5.600e+00 ; 1.400e+00 ; 8.0900001e-01 ; 2.4000000e+02 
3.500e+01 ; 5.600e+00 ; 1.400e+00 ; 8.1700001e-01 ; 2.4000000e+02 
3.500e+01 ; 5.600e+00 ; 1.400e+00 ; 8.3300001e-01 ; 2.4000000e+02 
3.500e+01 ; 5.600e+00 ; 1.400e+00 ; 8.6500001e-01 ; 2.4000000e+02 
3.500e+01 ; 5.600e+00 ; 1.400e+00 ; 9.2900001e-01 ; 2.4000000e+02 
3.500e+01 ; 5.600e+00 ; 1.400e+00 ; 1.0570000e+00 ; 2.4000000e+02 
3.500e+01 ; 5.600e+00 ; 1.400e+00 ; 1.3130000e+00 ; 2.4000000e+02 
3.500e+01 ; 5.600e+00 ; 1.400e+00 ; 1.6000000e+00 ; 2.4000000e+02 
3.500e+01 ; 5.600e+00 ; 1.400e+00 ; 1.6000000e+00 ; 2.4000000e+02 
3.500e+01 ; 5.600e+00 ; 1.400e+00 ; 1.6010000e+00 ; 2.4000000e+02 
3.500e+01 ; 5.600e+00 ; 1.400e+00 ; 1.6020000e+00 ; 2.4000000e+02 
3.500e+01 ; 5.600e+00 ; 1.400e+00 ; 1.6030000e+00 ; 2.4000000e+02 
3.500e+01 ; 5.600e+00 ; 1.400e+00 ; 1.6050000e+00 ; 2.4000000e+02 
3.500e+01 ; 5.600e+00 ; 1.400e+00 ; 1.6090000e+00 ; 2.4000000e+02 
3.500e+01 ; 5.600e+00 ; 1.400e+00 ; 1.6170000e+00 ; 2.4000000e+02 
3.500e+01 ; 5.600e+00 ; 1.400e+00 ; 1.6330000e+00 ; 2.4000000e+02 
3.500e+01 ; 5.600e+00 ; 1.400e+00 ; 1.6650000e+00 ; 2.4000000e+02 
3.500e+01 ; 5.600e+00 ; 1.400e+00 ; 1.7290000e+00 ; 2.4000000e+02 
3.500e+01 ; 5.600e+00 ; 1.400e+00 ; 1.8570000e+00 ; 2.4000000e+02 
3.500e+01 ; 5.600e+00 ; 1.400e+00 ; 2.1130000e+00 ; 2.4000000e+02 
3.500e+01 ; 5.600e+00 ; 1.400e+00 ; 2.4000000e+00 ; 2.4000000e+02 
3.500e+01 ; 5.600e+00 ; 1.400e+00 ; 2.4000000e+00 ; 2.4000000e+02 
3.500e+01 ; 5.600e+00 ; 1.400e+00 ; 2.4010000e+00 ; 2.4000000e+02 
3.500e+01 ; 5.600e+00 ; 1.400e+00 ; 2.4020000e+00 ; 2.4000000e+02 
3.500e+01 ; 5.600e+00 ; 1.400e+00 ; 2.4030000e+00 ; 2.4000000e+02 
3.500e+01 ; 5.600e+00 ; 1.400e+00 ; 2.4050000e+00 ; 2.4000000e+02 
3.500e+01 ; 5.600e+00 ; 1.400e+00 ; 2.4090000e+00 ; 2.4000000e+02 
3.500e+01 ; 5.600e+00 ; 1.400e+00 ; 2.4170000e+00 ; 2.4000000e+02 
3.500e+01 ; 5.600e+00 ; 1.400e+00 ; 2.4330000e+00 ; 2.4000000e+02 
3.500e+01 ; 5.600e+00 ; 1.400e+00 ; 2.4650000e+00 ; 2.4000000e+02 
3.500e+01 ; 5.600e+00 ; 1.400e+00 ; 2.5290000e+00 ; 2.4000000e+02 
3.500e+01 ; 5.600e+00 ; 1.400e+00 ; 2.6570000e+00 ; 2.4000000e+02 
3.500e+01 ; 5.600e+00 ; 1.400e+00 ; 2.9130000e+00 ; 2.4000000e+02 
3.500e+01 ; 5.600e+00 ; 1.400e+00 ; 3.2000000e+00 ; 2.4000000e+02 
3.500e+01 ; 5.600e+00 ; 1.400e+00 ; 3.2000000e+00 ; 2.4000000e+02 
3.500e+01 ; 5.600e+00 ; 1.400e+00 ; 3.2010000e+00 ; 2.4000000e+02 
3.500e+01 ; 5.600e+00 ; 1.400e+00 ; 3.2020000e+00 ; 2.4000000e+02 
3.500e+01 ; 5.600e+00 ; 1.400e+00 ; 3.2030000e+00 ; 2.4000000e+02 
3.500e+01 ; 5.600e+00 ; 1.400e+00 ; 3.2050000e+00 ; 2.4000000e+02 
3.500e+01 ; 5.600e+00 ; 1.400e+00 ; 3.2090000e+00 ; 2.4000000e+02 
3.500e+01 ; 5.600e+00 ; 1.400e+00 ; 3.2170000e+00 ; 2.4000000e+02 
3.500e+01 ; 5.600e+00 ; 1.400e+00 ; 3.2330000e+00 ; 2.4000000e+02 
3.500e+01 ; 5.600e+00 ; 1.400e+00 ; 3.2650000e+00 ; 2.4000000e+02 
3.500e+01 ; 5.600e+00 ; 1.400e+00 ; 3.3290000e+00 ; 2.4000000e+02 
3.500e+01 ; 5.600e+00 ; 1.400e+00 ; 3.4570000e+00 ; 2.4000000e+02 
3.500e+01 ; 5.600e+00 ; 1.400e+00 ; 3.7130001e+00 ; 2.4000000e+02 
3.500e+01 ; 5.600e+00 ; 1.400e+00 ; 4.0000001e+00 ; 2.4000000e+02 
3.500e+01 ; 5.600e+00 ; 1.400e+00 ; 4.0000001e+00 ; 2.4000000e+02 
3.500e+01 ; 5.600e+00 ; 1.400e+00 ; 4.0010001e+00 ; 2.4000000e+02 
3.500e+01 ; 5.600e+00 ; 1.400e+00 ; 4.0020001e+00 ; 2.4000000e+02 
3.500e+01 ; 5.600e+00 ; 1.400e+00 ; 4.0030001e+00 ; 2.4000000e+02 
3.500e+01 ; 5.600e+00 ; 1.400e+00 ; 4.0050001e+00 ; 2.4000000e+02 
3.500e+01 ; 5.600e+00 ; 1.400e+00 ; 4.0090001e+00 ; 2.4000000e+02 
3.500e+01 ; 5.600e+00 ; 1.400e+00 ; 4.0170001e+00 ; 2.4000000e+02 
3.500e+01 ; 5.600e+00 ; 1.400e+00 ; 4.0330001e+00 ; 2.4000000e+02 
3.500e+01 ; 5.600e+00 ; 1.400e+00 ; 4.0650001e+00 ; 2.4000000e+02 
3.500e+01 ; 5.600e+00 ; 1.400e+00 ; 4.1290001e+00 ; 2.4000000e+02 
3.500e+01 ; 5.600e+00 ; 1.400e+00 ; 4.2570001e+00 ; 2.4000000e+02 
3.500e+01 ; 5.600e+00 ; 1.400e+00 ; 4.5130001e+00 ; 2.4000000e+02 
3.500e+01 ; 5.600e+00 ; 1.400e+00 ; 4.8000001e+00 ; 2.4000000e+02 
3.500e+01 ; 5.600e+00 ; 1.400e+00 ; 4.8000001e+00 ; 2.4000000e+02 
3.500e+01 ; 5.600e+00 ; 1.400e+00 ; 4.8010001e+00 ; 2.4000000e+02 
3.500e+01 ; 5.600e+00 ; 1.400e+00 ; 4.8020001e+00 ; 2.4000000e+02 
3.500e+01 ; 5.600e+00 ; 1.400e+00 ; 4.8030001e+00 ; 2.4000000e+02 
3.500e+01 ; 5.600e+00 ; 1.400e+00 ; 4.8050001e+00 ; 2.4000000e+02 
3.500e+01 ; 5.600e+00 ; 1.400e+00 ; 4.8090001e+00 ; 2.4000000e+02 
3.500e+01 ; 5.600e+00 ; 1.400e+00 ; 4.8170001e+00 ; 2.4000000e+02 
3.500e+01 ; 5.600e+00 ; 1.400e+00 ; 4.8330001e+00 ; 2.4000000e+02 
3.500e+01 ; 5.600e+00 ; 1.400e+00 ; 4.8650001e+00 ; 2.4000000e+02 
3.500e+01 ; 5.600e+00 ; 1.400e+00 ; 4.9290001e+00 ; 2.4000000e+02 
3.500e+01 ; 5.600e+00 ; 1.400e+00 ; 5.0570001e+00 ; 2.4000000e+02 
3.500e+01 ; 5.600e+00 ; 1.400e+00 ; 5.3130001e+00 ; 2.4000000e+02 
3.500e+01 ; 5.600e+00 ; 1.400e+00 ; 5.6000001e+00 ; 2.4000000e+02 
3.500e+01 ; 5.600e+00 ; 1.400e+00 ; 5.6000001e+00 ; 2.4000000e+02 
3.500e+01 ; 5.600e+00 ; 1.400e+00 ; 5.6010001e+00 ; 2.4000000e+02 
3.500e+01 ; 5.600e+00 ; 1.400e+00 ; 5.6020001e+00 ; 2.4000000e+02 
3.500e+01 ; 5.600e+00 ; 1.400e+00 ; 5.6030001e+00 ; 2.4000000e+02 
3.500e+01 ; 5.600e+00 ; 1.400e+00 ; 5.6050001e+00 ; 2.4000000e+02 
3.500e+01 ; 5.600e+00 ; 1.400e+00 ; 5.6090001e+00 ; 2.4000000e+02 
3.500e+01 ; 5.600e+00 ; 1.400e+00 ; 5.6170001e+00 ; 2.4000000e+02 
3.500e+01 ; 5.600e+00 ; 1.400e+00 ; 5.6330001e+00 ; 2.4000000e+02 
3.500e+01 ; 5.600e+00 ; 1.400e+00 ; 5.6650001e+00 ; 2.4000000e+02 
3.500e+01 ; 5.600e+00 ; 1.400e+00 ; 5.7290001e+00 ; 2.4000000e+02 
3.500e+01 ; 5.600e+00 ; 1.400e+00 ; 5.8570001e+00 ; 2.4000000e+02 
3.500e+01 ; 5.600e+00 ; 1.400e+00 ; 6.1130001e+00 ; 2.4000000e+02 
3.500e+01 ; 5.600e+00 ; 1.400e+00 ; 6.4000001e+00 ; 2.4000000e+02 
3.500e+01 ; 5.600e+00 ; 1.400e+00 ; 6.4000001e+00 ; 2.4000000e+02 
3.500e+01 ; 5.600e+00 ; 1.400e+00 ; 6.4010001e+00 ; 2.4000000e+02 
3.500e+01 ; 5.600e+00 ; 1.400e+00 ; 6.4020001e+00 ; 2.4000000e+02 
3.500e+01 ; 5.600e+00 ; 1.400e+00 ; 6.4030001e+00 ; 2.4000000e+02 
3.500e+01 ; 5.600e+00 ; 1.400e+00 ; 6.4050001e+00 ; 2.4000000e+02 
3.500e+01 ; 5.600e+00 ; 1.400e+00 ; 6.4090001e+00 ; 2.4000000e+02 
3.500e+01 ; 5.600e+00 ; 1.400e+00 ; 6.4170001e+00 ; 2.4000000e+02 
3.500e+01 ; 5.600e+00 ; 1.400e+00 ; 6.4330001e+00 ; 2.4000000e+02 
3.500e+01 ; 5.600e+00 ; 1.400e+00 ; 6.4650001e+00 ; 2.4000000e+02 
3.500e+01 ; 5.600e+00 ; 1.400e+00 ; 6.5290001e+00 ; 2.4000000e+02 
3.500e+01 ; 5.600e+00 ; 1.400e+00 ; 6.6570001e+00 ; 2.4000000e+02 
3.500e+01 ; 5.600e+00 ; 1.400e+00 ; 6.9130001e+00 ; 2.4000000e+02 
3.500e+01 ; 5.600e+00 ; 1.400e+00 ; 7.2000001e+00 ; 2.4000000e+02 
3.500e+01 ; 5.600e+00 ; 1.400e+00 ; 7.2000001e+00 ; 2.4000000e+02 
3.500e+01 ; 5.600e+00 ; 1.400e+00 ; 7.2010001e+00 ; 2.4000000e+02 
3.500e+01 ; 5.600e+00 ; 1.400e+00 ; 7.2020001e+00 ; 2.4000000e+02 
3.500e+01 ; 5.600e+00 ; 1.400e+00 ; 7.2030001e+00 ; 2.4000000e+02 
3.500e+01 ; 5.600e+00 ; 1.400e+00 ; 7.2050001e+00 ; 2.4000000e+02 
3.500e+01 ; 5.600e+00 ; 1.400e+00 ; 7.2090001e+00 ; 2.4000000e+02 
3.500e+01 ; 5.600e+00 ; 1.400e+00 ; 7.2170001e+00 ; 2.4000000e+02 
3.500e+01 ; 5.600e+00 ; 1.400e+00 ; 7.2330001e+00 ; 2.4000000e+02 
3.500e+01 ; 5.600e+00 ; 1.400e+00 ; 7.2650001e+00 ; 2.4000000e+02 
3.500e+01 ; 5.600e+00 ; 1.400e+00 ; 7.3290001e+00 ; 2.4000000e+02 
3.500e+01 ; 5.600e+00 ; 1.400e+00 ; 7.4570001e+00 ; 2.4000000e+02 
3.500e+01 ; 5.600e+00 ; 1.400e+00 ; 7.7130001e+00 ; 2.4000000e+02 
3.500e+01 ; 5.600e+00 ; 1.400e+00 ; 8.0000001e+00 ; 2.4000000e+02 
3.500e+01 ; 5.600e+00 ; 1.400e+00 ; 8.0000001e+00 ; 2.4000000e+02 
3.500e+01 ; 5.600e+00 ; 1.400e+00 ; 8.0010001e+00 ; 2.4000000e+02 
3.500e+01 ; 5.600e+00 ; 1.400e+00 ; 8.0020001e+00 ; 2.4000000e+02 
3.500e+01 ; 5.600e+00 ; 1.400e+00 ; 8.0030001e+00 ; 2.4000000e+02 
3.500e+01 ; 5.600e+00 ; 1.400e+00 ; 8.0050001e+00 ; 2.4000000e+02 
3.500e+01 ; 5.600e+00 ; 1.400e+00 ; 8.0090001e+00 ; 2.4000000e+02 
3.500e+01 ; 5.600e+00 ; 1.400e+00 ; 8.0170001e+00 ; 2.4000000e+02 
3.500e+01 ; 5.600e+00 ; 1.400e+00 ; 8.0330001e+00 ; 2.4000000e+02 
3.500e+01 ; 5.600e+00 ; 1.400e+00 ; 8.0650001e+00 ; 2.4000000e+02 
3.500e+01 ; 5.600e+00 ; 1.400e+00 ; 8.1290001e+00 ; 2.4000000e+02 
3.500e+01 ; 5.600e+00 ; 1.400e+00 ; 8.2570001e+00 ; 2.4000000e+02 
3.500e+01 ; 5.600e+00 ; 1.400e+00 ; 8.5130001e+00 ; 2.4000000e+02 
3.500e+01 ; 5.600e+00 ; 1.400e+00 ; 8.8000001e+00 ; 2.4000000e+02 
3.500e+01 ; 5.600e+00 ; 1.400e+00 ; 8.8000001e+00 ; 2.4000000e+02 
3.500e+01 ; 5.600e+00 ; 1.400e+00 ; 8.8010001e+00 ; 2.4000000e+02 
3.500e+01 ; 5.600e+00 ; 1.400e+00 ; 8.8020001e+00 ; 2.4000000e+02 
3.500e+01 ; 5.600e+00 ; 1.400e+00 ; 8.8030001e+00 ; 2.4000000e+02 
3.500e+01 ; 5.600e+00 ; 1.400e+00 ; 8.8050001e+00 ; 2.4000000e+02 
3.500e+01 ; 5.600e+00 ; 1.400e+00 ; 8.8090001e+00 ; 2.4000000e+02 
3.500e+01 ; 5.600e+00 ; 1.400e+00 ; 8.8170001e+00 ; 2.4000000e+02 
3.500e+01 ; 5.600e+00 ; 1.400e+00 ; 8.8330001e+00 ; 2.4000000e+02 
3.500e+01 ; 5.600e+00 ; 1.400e+00 ; 8.8650001e+00 ; 2.4000000e+02 
3.500e+01 ; 5.600e+00 ; 1.400e+00 ; 8.9290001e+00 ; 2.4000000e+02 
3.500e+01 ; 5.600e+00 ; 1.400e+00 ; 9.0570001e+00 ; 2.4000000e+02 
3.500e+01 ; 5.600e+00 ; 1.400e+00 ; 9.3130001e+00 ; 2.4000000e+02 
3.500e+01 ; 5.600e+00 ; 1.400e+00 ; 9.6000001e+00 ; 2.4000000e+02 
3.500e+01 ; 5.600e+00 ; 1.400e+00 ; 9.6000001e+00 ; 2.4000000e+02 
3.500e+01 ; 5.600e+00 ; 1.400e+00 ; 9.6010001e+00 ; 2.4000000e+02 
3.500e+01 ; 5.600e+00 ; 1.400e+00 ; 9.6020001e+00 ; 2.4000000e+02 
3.500e+01 ; 5.600e+00 ; 1.400e+00 ; 9.6030001e+00 ; 2.4000000e+02 
3.500e+01 ; 5.600e+00 ; 1.400e+00 ; 9.6050001e+00 ; 2.4000000e+02 
3.500e+01 ; 5.600e+00 ; 1.400e+00 ; 9.6090001e+00 ; 2.4000000e+02 
3.500e+01 ; 5.600e+00 ; 1.400e+00 ; 9.6170001e+00 ; 2.4000000e+02 
3.500e+01 ; 5.600e+00 ; 1.400e+00 ; 9.6330001e+00 ; 2.4000000e+02 
3.500e+01 ; 5.600e+00 ; 1.400e+00 ; 9.6650001e+00 ; 2.4000000e+02 
3.500e+01 ; 5.600e+00 ; 1.400e+00 ; 9.7290001e+00 ; 2.4000000e+02 
3.500e+01 ; 5.600e+00 ; 1.400e+00 ; 9.8570001e+00 ; 2.4000000e+02 
3.500e+01 ; 5.600e+00 ; 1.400e+00 ; 1.0113000e+01 ; 2.4000000e+02 
3.500e+01 ; 5.600e+00 ; 1.400e+00 ; 1.0400000e+01 ; 2.4000000e+02 
3.500e+01 ; 5.600e+00 ; 1.400e+00 ; 1.0400000e+01 ; 2.4000000e+02 
3.500e+01 ; 5.600e+00 ; 1.400e+00 ; 1.0401000e+01 ; 2.4000000e+02 
3.500e+01 ; 5.600e+00 ; 1.400e+00 ; 1.0402000e+01 ; 2.4000000e+02 
3.500e+01 ; 5.600e+00 ; 1.400e+00 ; 1.0403000e+01 ; 2.4000000e+02 
3.500e+01 ; 5.600e+00 ; 1.400e+00 ; 1.0405000e+01 ; 2.4000000e+02 
3.500e+01 ; 5.600e+00 ; 1.400e+00 ; 1.0409000e+01 ; 2.4000000e+02 
3.500e+01 ; 5.600e+00 ; 1.400e+00 ; 1.0417000e+01 ; 2.4000000e+02 
3.500e+01 ; 5.600e+00 ; 1.400e+00 ; 1.0433000e+01 ; 2.4000000e+02 
3.500e+01 ; 5.600e+00 ; 1.400e+00 ; 1.0465000e+01 ; 2.4000000e+02 
3.500e+01 ; 5.600e+00 ; 1.400e+00 ; 1.0529000e+01 ; 2.4000000e+02 
3.500e+01 ; 5.600e+00 ; 1.400e+00 ; 1.0657000e+01 ; 2.4000000e+02 
3.500e+01 ; 5.600e+00 ; 1.400e+00 ; 1.0913000e+01 ; 2.4000000e+02 
3.500e+01 ; 5.600e+00 ; 1.400e+00 ; 1.1200000e+01 ; 2.4000000e+02 
3.500e+01 ; 5.600e+00 ; 1.400e+00 ; 1.1200000e+01 ; 2.4000000e+02 
3.500e+01 ; 5.600e+00 ; 1.400e+00 ; 1.1201000e+01 ; 2.4000000e+02 
3.500e+01 ; 5.600e+00 ; 1.400e+00 ; 1.1202000e+01 ; 2.4000000e+02 
3.500e+01 ; 5.600e+00 ; 1.400e+00 ; 1.1203000e+01 ; 2.4000000e+02 
3.500e+01 ; 5.600e+00 ; 1.400e+00 ; 1.1205000e+01 ; 2.4000000e+02 
3.500e+01 ; 5.600e+00 ; 1.400e+00 ; 1.1209000e+01 ; 2.4000000e+02 
3.500e+01 ; 5.600e+00 ; 1.400e+00 ; 1.1217000e+01 ; 2.4000000e+02 
3.500e+01 ; 5.600e+00 ; 1.400e+00 ; 1.1233000e+01 ; 2.4000000e+02 
3.500e+01 ; 5.600e+00 ; 1.400e+00 ; 1.1265000e+01 ; 2.4000000e+02 
3.500e+01 ; 5.600e+00 ; 1.400e+00 ; 1.1329000e+01 ; 2.4000000e+02 
3.500e+01 ; 5.600e+00 ; 1.400e+00 ; 1.1457000e+01 ; 2.4000000e+02 
3.500e+01 ; 5.600e+00 ; 1.400e+00 ; 1.1713000e+01 ; 2.4000000e+02 
3.500e+01 ; 5.600e+00 ; 1.400e+00 ; 1.2000000e+01 ; 2.4000000e+02 
3.500e+01 ; 5.600e+00 ; 1.400e+00 ; 1.2000000e+01 ; 2.4000000e+02 
3.500e+01 ; 5.600e+00 ; 1.400e+00 ; 1.2001000e+01 ; 2.4000000e+02 
3.500e+01 ; 5.600e+00 ; 1.400e+00 ; 1.2002000e+01 ; 2.4000000e+02 
3.500e+01 ; 5.600e+00 ; 1.400e+00 ; 1.2003000e+01 ; 2.4000000e+02 
3.500e+01 ; 5.600e+00 ; 1.400e+00 ; 1.2005000e+01 ; 2.4000000e+02 
3.500e+01 ; 5.600e+00 ; 1.400e+00 ; 1.2009000e+01 ; 2.4000000e+02 
3.500e+01 ; 5.600e+00 ; 1.400e+00 ; 1.2017000e+01 ; 2.4000000e+02 
3.500e+01 ; 5.600e+00 ; 1.400e+00 ; 1.2033000e+01 ; 2.4000000e+02 
3.500e+01 ; 5.600e+00 ; 1.400e+00 ; 1.2065000e+01 ; 2.4000000e+02 
3.500e+01 ; 5.600e+00 ; 1.400e+00 ; 1.2129000e+01 ; 2.4000000e+02 
3.500e+01 ; 5.600e+00 ; 1.400e+00 ; 1.2257000e+01 ; 2.4000000e+02 
3.500e+01 ; 5.600e+00 ; 1.400e+00 ; 1.2513000e+01 ; 2.4000000e+02 
3.500e+01 ; 5.600e+00 ; 1.400e+00 ; 1.2800000e+01 ; 2.4000000e+02 
3.500e+01 ; 5.600e+00 ; 1.400e+00 ; 1.2800000e+01 ; 2.4000000e+02 
3.500e+01 ; 5.600e+00 ; 1.400e+00 ; 1.2801000e+01 ; 2.4000000e+02 
3.500e+01 ; 5.600e+00 ; 1.400e+00 ; 1.2802000e+01 ; 2.4000000e+02 
3.500e+01 ; 5.600e+00 ; 1.400e+00 ; 1.2803000e+01 ; 2.4000000e+02 
3.500e+01 ; 5.600e+00 ; 1.400e+00 ; 1.2805000e+01 ; 2.4000000e+02 
3.500e+01 ; 5.600e+00 ; 1.400e+00 ; 1.2809000e+01 ; 2.4000000e+02 
3.500e+01 ; 5.600e+00 ; 1.400e+00 ; 1.2817000e+01 ; 2.4000000e+02 
3.500e+01 ; 5.600e+00 ; 1.400e+00 ; 1.2833000e+01 ; 2.4000000e+02 
3.500e+01 ; 5.600e+00 ; 1.400e+00 ; 1.2865000e+01 ; 2.4000000e+02 
3.500e+01 ; 5.600e+00 ; 1.400e+00 ; 1.2929000e+01 ; 2.4000000e+02 
3.500e+01 ; 5.600e+00 ; 1.400e+00 ; 1.3057000e+01 ; 2.4000000e+02 
3.500e+01 ; 5.600e+00 ; 1.400e+00 ; 1.3313000e+01 ; 2.4000000e+02 
3.500e+01 ; 5.600e+00 ; 1.400e+00 ; 1.3600000e+01 ; 2.4000000e+02 
3.500e+01 ; 5.600e+00 ; 1.400e+00 ; 1.3600000e+01 ; 2.4000000e+02 
3.500e+01 ; 5.600e+00 ; 1.400e+00 ; 1.3601000e+01 ; 2.4000000e+02 
3.500e+01 ; 5.600e+00 ; 1.400e+00 ; 1.3602000e+01 ; 2.4000000e+02 
3.500e+01 ; 5.600e+00 ; 1.400e+00 ; 1.3603000e+01 ; 2.4000000e+02 
3.500e+01 ; 5.600e+00 ; 1.400e+00 ; 1.3605000e+01 ; 2.4000000e+02 
3.500e+01 ; 5.600e+00 ; 1.400e+00 ; 1.3609000e+01 ; 2.4000000e+02 
3.500e+01 ; 5.600e+00 ; 1.400e+00 ; 1.3617000e+01 ; 2.4000000e+02 
3.500e+01 ; 5.600e+00 ; 1.400e+00 ; 1.3633000e+01 ; 2.4000000e+02 
3.500e+01 ; 5.600e+00 ; 1.400e+00 ; 1.3665000e+01 ; 2.4000000e+02 
3.500e+01 ; 5.600e+00 ; 1.400e+00 ; 1.3729000e+01 ; 2.4000000e+02 
3.500e+01 ; 5.600e+00 ; 1.400e+00 ; 1.3857000e+01 ; 2.4000000e+02 
3.500e+01 ; 5.600e+00 ; 1.400e+00 ; 1.4113000e+01 ; 2.4000000e+02 
3.500e+01 ; 5.600e+00 ; 1.400e+00 ; 1.4400000e+01 ; 2.4000000e+02 
3.500e+01 ; 5.600e+00 ; 1.400e+00 ; 1.4400000e+01 ; 2.4000000e+02 
3.500e+01 ; 5.600e+00 ; 1.400e+00 ; 1.4401000e+01 ; 2.4000000e+02 
3.500e+01 ; 5.600e+00 ; 1.400e+00 ; 1.4402000e+01 ; 2.4000000e+02 
3.500e+01 ; 5.600e+00 ; 1.400e+00 ; 1.4403000e+01 ; 2.4000000e+02 
3.500e+01 ; 5.600e+00 ; 1.400e+00 ; 1.4405000e+01 ; 2.4000000e+02 
3.500e+01 ; 5.600e+00 ; 1.400e+00 ; 1.4409000e+01 ; 2.4000000e+02 
3.500e+01 ; 5.600e+00 ; 1.400e+00 ; 1.4417000e+01 ; 2.4000000e+02 
3.500e+01 ; 5.600e+00 ; 1.400e+00 ; 1.4433000e+01 ; 2.4000000e+02 
3.500e+01 ; 5.600e+00 ; 1.400e+00 ; 1.4465000e+01 ; 2.4000000e+02 
3.500e+01 ; 5.600e+00 ; 1.400e+00 ; 1.4529000e+01 ; 2.4000000e+02 
3.500e+01 ; 5.600e+00 ; 1.400e+00 ; 1.4657000e+01 ; 2.4000000e+02 
3.500e+01 ; 5.600e+00 ; 1.400e+00 ; 1.4913000e+01 ; 2.4000000e+02 
3.500e+01 ; 5.600e+00 ; 1.400e+00 ; 1.5200000e+01 ; 2.4000000e+02 
3.500e+01 ; 5.600e+00 ; 1.400e+00 ; 1.5200000e+01 ; 2.4000000e+02 
3.500e+01 ; 5.600e+00 ; 1.400e+00 ; 1.5201000e+01 ; 2.4000000e+02 
3.500e+01 ; 5.600e+00 ; 1.400e+00 ; 1.5202000e+01 ; 2.4000000e+02 
3.500e+01 ; 5.600e+00 ; 1.400e+00 ; 1.5203000e+01 ; 2.4000000e+02 
3.500e+01 ; 5.600e+00 ; 1.400e+00 ; 1.5205000e+01 ; 2.4000000e+02 
3.500e+01 ; 5.600e+00 ; 1.400e+00 ; 1.5209000e+01 ; 2.4000000e+02 
3.500e+01 ; 5.600e+00 ; 1.400e+00 ; 1.5217000e+01 ; 2.4000000e+02 
3.500e+01 ; 5.600e+00 ; 1.400e+00 ; 1.5233000e+01 ; 2.4000000e+02 
3.500e+01 ; 5.600e+00 ; 1.400e+00 ; 1.5265000e+01 ; 2.4000000e+02 
3.500e+01 ; 5.600e+00 ; 1.400e+00 ; 1.5329000e+01 ; 2.4000000e+02 
3.500e+01 ; 5.600e+00 ; 1.400e+00 ; 1.5457000e+01 ; 2.4000000e+02 
3.500e+01 ; 5.600e+00 ; 1.400e+00 ; 1.5713000e+01 ; 2.4000000e+02 
3.500e+01 ; 5.600e+00 ; 1.400e+00 ; 1.6000000e+01 ; 2.4000000e+02 
3.500e+01 ; 5.600e+00 ; 1.400e+00 ; 1.6000000e+01 ; 2.4000000e+02 
3.500e+01 ; 5.600e+00 ; 1.400e+00 ; 1.6001000e+01 ; 2.4000000e+02 
3.500e+01 ; 5.600e+00 ; 1.400e+00 ; 1.6002000e+01 ; 2.4000000e+02 
3.500e+01 ; 5.600e+00 ; 1.400e+00 ; 1.6003000e+01 ; 2.4000000e+02 
3.500e+01 ; 5.600e+00 ; 1.400e+00 ; 1.6005000e+01 ; 2.4000000e+02 
3.500e+01 ; 5.600e+00 ; 1.400e+00 ; 1.6009000e+01 ; 2.4000000e+02 
3.500e+01 ; 5.600e+00 ; 1.400e+00 ; 1.6017000e+01 ; 2.4000000e+02 
3.500e+01 ; 5.600e+00 ; 1.400e+00 ; 1.6033000e+01 ; 2.4000000e+02 
3.500e+01 ; 5.600e+00 ; 1.400e+00 ; 1.6065000e+01 ; 2.4000000e+02 
3.500e+01 ; 5.600e+00 ; 1.400e+00 ; 1.6129000e+01 ; 2.4000000e+02 
3.500e+01 ; 5.600e+00 ; 1.400e+00 ; 1.6257000e+01 ; 2.4000000e+02 
3.500e+01 ; 5.600e+00 ; 1.400e+00 ; 1.6513000e+01 ; 2.4000000e+02 
3.500e+01 ; 5.600e+00 ; 1.400e+00 ; 1.6800000e+01 ; 2.4000000e+02 
3.500e+01 ; 5.600e+00 ; 1.400e+00 ; 1.6800000e+01 ; 2.4000000e+02 
3.500e+01 ; 5.600e+00 ; 1.400e+00 ; 1.6801000e+01 ; 2.4000000e+02 
3.500e+01 ; 5.600e+00 ; 1.400e+00 ; 1.6802000e+01 ; 2.4000000e+02 
3.500e+01 ; 5.600e+00 ; 1.400e+00 ; 1.6803000e+01 ; 2.4000000e+02 
3.500e+01 ; 5.600e+00 ; 1.400e+00 ; 1.6805000e+01 ; 2.4000000e+02 
3.500e+01 ; 5.600e+00 ; 1.400e+00 ; 1.6809000e+01 ; 2.4000000e+02 
3.500e+01 ; 5.600e+00 ; 1.400e+00 ; 1.6817000e+01 ; 2.4000000e+02 
3.500e+01 ; 5.600e+00 ; 1.400e+00 ; 1.6833000e+01 ; 2.4000000e+02 
3.500e+01 ; 5.600e+00 ; 1.400e+00 ; 1.6865000e+01 ; 2.4000000e+02 
3.500e+01 ; 5.600e+00 ; 1.400e+00 ; 1.6929000e+01 ; 2.4000000e+02 
3.500e+01 ; 5.600e+00 ; 1.400e+00 ; 1.7057000e+01 ; 2.4000000e+02 
3.500e+01 ; 5.600e+00 ; 1.400e+00 ; 1.7313000e+01 ; 2.4000000e+02 
3.500e+01 ; 5.600e+00 ; 1.400e+00 ; 1.7600000e+01 ; 2.4000000e+02 
3.500e+01 ; 5.600e+00 ; 1.400e+00 ; 1.7600000e+01 ; 2.4000000e+02 
3.500e+01 ; 5.600e+00 ; 1.400e+00 ; 1.7601000e+01 ; 2.3988426e+02 
3.500e+01 ; 5.600e+00 ; 1.400e+00 ; 1.7602000e+01 ; 2.3976862e+02 
3.500e+01 ; 5.600e+00 ; 1.400e+00 ; 1.7603000e+01 ; 2.3965306e+02 
3.500e+01 ; 5.600e+00 ; 1.400e+00 ; 1.7605000e+01 ; 2.3942230e+02 
3.500e+01 ; 5.600e+00 ; 1.400e+00 ; 1.7609000e+01 ; 2.3896223e+02 
3.500e+01 ; 5.600e+00 ; 1.400e+00 ; 1.7617000e+01 ; 2.3804776e+02 
3.500e+01 ; 5.600e+00 ; 1.400e+00 ; 1.7633000e+01 ; 2.3624133e+02 
3.500e+01 ; 5.600e+00 ; 1.400e+00 ; 1.7665000e+01 ; 2.3271643e+02 
3.500e+01 ; 5.600e+00 ; 1.400e+00 ; 1.7729000e+01 ; 2.2600281e+02 
3.500e+01 ; 5.600e+00 ; 1.400e+00 ; 1.7857000e+01 ; 2.1380316e+02 
3.500e+01 ; 5.600e+00 ; 1.400e+00 ; 1.8113000e+01 ; 1.9350708e+02 
3.500e+01 ; 5.600e+00 ; 1.400e+00 ; 1.8400000e+01 ; 1.7494710e+02 
3.500e+01 ; 5.600e+00 ; 1.400e+00 ; 1.8400000e+01 ; 1.7494710e+02 
3.500e+01 ; 5.600e+00 ; 1.400e+00 ; 1.8401000e+01 ; 1.7488248e+02 
3.500e+01 ; 5.600e+00 ; 1.400e+00 ; 1.8402000e+01 ; 1.7481792e+02 
3.500e+01 ; 5.600e+00 ; 1.400e+00 ; 1.8403000e+01 ; 1.7475342e+02 
3.500e+01 ; 5.600e+00 ; 1.400e+00 ; 1.8405000e+01 ; 1.7462463e+02 
3.500e+01 ; 5.600e+00 ; 1.400e+00 ; 1.8409000e+01 ; 1.7436795e+02 
3.500e+01 ; 5.600e+00 ; 1.400e+00 ; 1.8417000e+01 ; 1.7385811e+02 
3.500e+01 ; 5.600e+00 ; 1.400e+00 ; 1.8433000e+01 ; 1.7285225e+02 
3.500e+01 ; 5.600e+00 ; 1.400e+00 ; 1.8465000e+01 ; 1.7089381e+02 
3.500e+01 ; 5.600e+00 ; 1.400e+00 ; 1.8529000e+01 ; 1.6717616e+02 
3.500e+01 ; 5.600e+00 ; 1.400e+00 ; 1.8657000e+01 ; 1.6044508e+02 
3.500e+01 ; 5.600e+00 ; 1.400e+00 ; 1.8913000e+01 ; 1.4925560e+02 
3.500e+01 ; 5.600e+00 ; 1.400e+00 ; 1.9200000e+01 ; 1.3898331e+02 
3.500e+01 ; 5.600e+00 ; 1.400e+00 ; 1.9200000e+01 ; 1.3898331e+02 
3.500e+01 ; 5.600e+00 ; 1.400e+00 ; 1.9201000e+01 ; 1.3894754e+02 
3.500e+01 ; 5.600e+00 ; 1.400e+00 ; 1.9202000e+01 ; 1.3891180e+02 
3.500e+01 ; 5.600e+00 ; 1.400e+00 ; 1.9203000e+01 ; 1.3887610e+02 
3.500e+01 ; 5.600e+00 ; 1.400e+00 ; 1.9205000e+01 ; 1.3880478e+02 
3.500e+01 ; 5.600e+00 ; 1.400e+00 ; 1.9209000e+01 ; 1.3866260e+02 
3.500e+01 ; 5.600e+00 ; 1.400e+00 ; 1.9217000e+01 ; 1.3837996e+02 
3.500e+01 ; 5.600e+00 ; 1.400e+00 ; 1.9233000e+01 ; 1.3782153e+02 
3.500e+01 ; 5.600e+00 ; 1.400e+00 ; 1.9265000e+01 ; 1.3673145e+02 
3.500e+01 ; 5.600e+00 ; 1.400e+00 ; 1.9329000e+01 ; 1.3465317e+02 
3.500e+01 ; 5.600e+00 ; 1.400e+00 ; 1.9457000e+01 ; 1.3086681e+02 
3.500e+01 ; 5.600e+00 ; 1.400e+00 ; 1.9713000e+01 ; 1.2452123e+02 
3.500e+01 ; 5.600e+00 ; 1.400e+00 ; 2.0000000e+01 ; 1.1865338e+02 
3.500e+01 ; 5.600e+00 ; 1.400e+00 ; 2.0000000e+01 ; 1.1865338e+02 
3.500e+01 ; 5.600e+00 ; 1.400e+00 ; 2.0001000e+01 ; 1.1863295e+02 
3.500e+01 ; 5.600e+00 ; 1.400e+00 ; 2.0002000e+01 ; 1.1861253e+02 
3.500e+01 ; 5.600e+00 ; 1.400e+00 ; 2.0003000e+01 ; 1.1859213e+02 
3.500e+01 ; 5.600e+00 ; 1.400e+00 ; 2.0005000e+01 ; 1.1855139e+02 
3.500e+01 ; 5.600e+00 ; 1.400e+00 ; 2.0009000e+01 ; 1.1847015e+02 
3.500e+01 ; 5.600e+00 ; 1.400e+00 ; 2.0017000e+01 ; 1.1830862e+02 
3.500e+01 ; 5.600e+00 ; 1.400e+00 ; 2.0033000e+01 ; 1.1798933e+02 
3.500e+01 ; 5.600e+00 ; 1.400e+00 ; 2.0065000e+01 ; 1.1736536e+02 
3.500e+01 ; 5.600e+00 ; 1.400e+00 ; 2.0129000e+01 ; 1.1617282e+02 
3.500e+01 ; 5.600e+00 ; 1.400e+00 ; 2.0257000e+01 ; 1.1398724e+02 
3.500e+01 ; 5.600e+00 ; 1.400e+00 ; 2.0513000e+01 ; 1.1027081e+02 
3.500e+01 ; 5.600e+00 ; 1.400e+00 ; 2.0800000e+01 ; 1.0676724e+02 
3.500e+01 ; 5.600e+00 ; 1.400e+00 ; 2.0800000e+01 ; 1.0676724e+02 
3.500e+01 ; 5.600e+00 ; 1.400e+00 ; 2.0801000e+01 ; 1.0675504e+02 
3.500e+01 ; 5.600e+00 ; 1.400e+00 ; 2.0802000e+01 ; 1.0674285e+02 
3.500e+01 ; 5.600e+00 ; 1.400e+00 ; 2.0803000e+01 ; 1.0673067e+02 
3.500e+01 ; 5.600e+00 ; 1.400e+00 ; 2.0805000e+01 ; 1.0670633e+02 
3.500e+01 ; 5.600e+00 ; 1.400e+00 ; 2.0809000e+01 ; 1.0665778e+02 
3.500e+01 ; 5.600e+00 ; 1.400e+00 ; 2.0817000e+01 ; 1.0656121e+02 
3.500e+01 ; 5.600e+00 ; 1.400e+00 ; 2.0833000e+01 ; 1.0637006e+02 
3.500e+01 ; 5.600e+00 ; 1.400e+00 ; 2.0865000e+01 ; 1.0599557e+02 
3.500e+01 ; 5.600e+00 ; 1.400e+00 ; 2.0929000e+01 ; 1.0527621e+02 
3.500e+01 ; 5.600e+00 ; 1.400e+00 ; 2.1057000e+01 ; 1.0394476e+02 
3.500e+01 ; 5.600e+00 ; 1.400e+00 ; 2.1313000e+01 ; 1.0163720e+02 
3.500e+01 ; 5.600e+00 ; 1.400e+00 ; 2.1600000e+01 ; 9.9414131e+01 
3.500e+01 ; 5.600e+00 ; 1.400e+00 ; 2.1600000e+01 ; 9.9414131e+01 
3.500e+01 ; 5.600e+00 ; 1.400e+00 ; 2.1601000e+01 ; 9.9406395e+01 
3.500e+01 ; 5.600e+00 ; 1.400e+00 ; 2.1602000e+01 ; 9.9398659e+01 
3.500e+01 ; 5.600e+00 ; 1.400e+00 ; 2.1603000e+01 ; 9.9390923e+01 
3.500e+01 ; 5.600e+00 ; 1.400e+00 ; 2.1605000e+01 ; 9.9375473e+01 
3.500e+01 ; 5.600e+00 ; 1.400e+00 ; 2.1609000e+01 ; 9.9344650e+01 
3.500e+01 ; 5.600e+00 ; 1.400e+00 ; 2.1617000e+01 ; 9.9283279e+01 
3.500e+01 ; 5.600e+00 ; 1.400e+00 ; 2.1633000e+01 ; 9.9161636e+01 
3.500e+01 ; 5.600e+00 ; 1.400e+00 ; 2.1665000e+01 ; 9.8922653e+01 
3.500e+01 ; 5.600e+00 ; 1.400e+00 ; 2.1729000e+01 ; 9.8461060e+01 
3.500e+01 ; 5.600e+00 ; 1.400e+00 ; 2.1857000e+01 ; 9.7597504e+01 
3.500e+01 ; 5.600e+00 ; 1.400e+00 ; 2.2113000e+01 ; 9.6070480e+01 
3.500e+01 ; 5.600e+00 ; 1.400e+00 ; 2.2400000e+01 ; 9.4566628e+01 
3.500e+01 ; 5.600e+00 ; 1.400e+00 ; 2.2400000e+01 ; 9.4566628e+01 
3.500e+01 ; 5.600e+00 ; 1.400e+00 ; 2.2401000e+01 ; 9.4561386e+01 
3.500e+01 ; 5.600e+00 ; 1.400e+00 ; 2.2402000e+01 ; 9.4556152e+01 
3.500e+01 ; 5.600e+00 ; 1.400e+00 ; 2.2403000e+01 ; 9.4550926e+01 
3.500e+01 ; 5.600e+00 ; 1.400e+00 ; 2.2405000e+01 ; 9.4540466e+01 
3.500e+01 ; 5.600e+00 ; 1.400e+00 ; 2.2409000e+01 ; 9.4519600e+01 
3.500e+01 ; 5.600e+00 ; 1.400e+00 ; 2.2417000e+01 ; 9.4478020e+01 
3.500e+01 ; 5.600e+00 ; 1.400e+00 ; 2.2433000e+01 ; 9.4395493e+01 
3.500e+01 ; 5.600e+00 ; 1.400e+00 ; 2.2465000e+01 ; 9.4232910e+01 
3.500e+01 ; 5.600e+00 ; 1.400e+00 ; 2.2529000e+01 ; 9.3917191e+01 
3.500e+01 ; 5.600e+00 ; 1.400e+00 ; 2.2657000e+01 ; 9.3320419e+01 
3.500e+01 ; 5.600e+00 ; 1.400e+00 ; 2.2913000e+01 ; 9.2245110e+01 
3.500e+01 ; 5.600e+00 ; 1.400e+00 ; 2.3200000e+01 ; 9.1164948e+01 
3.500e+01 ; 5.600e+00 ; 1.400e+00 ; 2.3200000e+01 ; 9.1164948e+01 
3.500e+01 ; 5.600e+00 ; 1.400e+00 ; 2.3201000e+01 ; 9.1161186e+01 
3.500e+01 ; 5.600e+00 ; 1.400e+00 ; 2.3202000e+01 ; 9.1157425e+01 
3.500e+01 ; 5.600e+00 ; 1.400e+00 ; 2.3203000e+01 ; 9.1153664e+01 
3.500e+01 ; 5.600e+00 ; 1.400e+00 ; 2.3205000e+01 ; 9.1146156e+01 
3.500e+01 ; 5.600e+00 ; 1.400e+00 ; 2.3209000e+01 ; 9.1131157e+01 
3.500e+01 ; 5.600e+00 ; 1.400e+00 ; 2.3217000e+01 ; 9.1101250e+01 
3.500e+01 ; 5.600e+00 ; 1.400e+00 ; 2.3233000e+01 ; 9.1041824e+01 
3.500e+01 ; 5.600e+00 ; 1.400e+00 ; 2.3265000e+01 ; 9.0924469e+01 
3.500e+01 ; 5.600e+00 ; 1.400e+00 ; 2.3329000e+01 ; 9.0695503e+01 
3.500e+01 ; 5.600e+00 ; 1.400e+00 ; 2.3457000e+01 ; 9.0258881e+01 
3.500e+01 ; 5.600e+00 ; 1.400e+00 ; 2.3713000e+01 ; 8.9459732e+01 
3.500e+01 ; 5.600e+00 ; 1.400e+00 ; 2.4000000e+01 ; 8.8644073e+01 
3.500e+01 ; 5.600e+00 ; 1.400e+00 ; 2.4000000e+01 ; 8.8644073e+01 
3.500e+01 ; 5.600e+00 ; 1.400e+00 ; 2.4001000e+01 ; 8.8641228e+01 
3.500e+01 ; 5.600e+00 ; 1.400e+00 ; 2.4002000e+01 ; 8.8638390e+01 
3.500e+01 ; 5.600e+00 ; 1.400e+00 ; 2.4003000e+01 ; 8.8635551e+01 
3.500e+01 ; 5.600e+00 ; 1.400e+00 ; 2.4005000e+01 ; 8.8629875e+01 
3.500e+01 ; 5.600e+00 ; 1.400e+00 ; 2.4009000e+01 ; 8.8618546e+01 
3.500e+01 ; 5.600e+00 ; 1.400e+00 ; 2.4017000e+01 ; 8.8595940e+01 
3.500e+01 ; 5.600e+00 ; 1.400e+00 ; 2.4033000e+01 ; 8.8550972e+01 
3.500e+01 ; 5.600e+00 ; 1.400e+00 ; 2.4065000e+01 ; 8.8462013e+01 
3.500e+01 ; 5.600e+00 ; 1.400e+00 ; 2.4129000e+01 ; 8.8287804e+01 
3.500e+01 ; 5.600e+00 ; 1.400e+00 ; 2.4257000e+01 ; 8.7953331e+01 
3.500e+01 ; 5.600e+00 ; 1.400e+00 ; 2.4513000e+01 ; 8.7333855e+01 
3.500e+01 ; 5.600e+00 ; 1.400e+00 ; 2.4800000e+01 ; 8.6694138e+01 
3.500e+01 ; 5.600e+00 ; 1.400e+00 ; 2.4800000e+01 ; 8.6694138e+01 
3.500e+01 ; 5.600e+00 ; 1.400e+00 ; 2.4801000e+01 ; 8.6691902e+01 
3.500e+01 ; 5.600e+00 ; 1.400e+00 ; 2.4802000e+01 ; 8.6689682e+01 
3.500e+01 ; 5.600e+00 ; 1.400e+00 ; 2.4803000e+01 ; 8.6687454e+01 
3.500e+01 ; 5.600e+00 ; 1.400e+00 ; 2.4805000e+01 ; 8.6682999e+01 
3.500e+01 ; 5.600e+00 ; 1.400e+00 ; 2.4809000e+01 ; 8.6674110e+01 
3.500e+01 ; 5.600e+00 ; 1.400e+00 ; 2.4817000e+01 ; 8.6656364e+01 
3.500e+01 ; 5.600e+00 ; 1.400e+00 ; 2.4833000e+01 ; 8.6621048e+01 
3.500e+01 ; 5.600e+00 ; 1.400e+00 ; 2.4865000e+01 ; 8.6551079e+01 
3.500e+01 ; 5.600e+00 ; 1.400e+00 ; 2.4929000e+01 ; 8.6413696e+01 
3.500e+01 ; 5.600e+00 ; 1.400e+00 ; 2.5057000e+01 ; 8.6148666e+01 
3.500e+01 ; 5.600e+00 ; 1.400e+00 ; 2.5313000e+01 ; 8.5653702e+01 
3.500e+01 ; 5.600e+00 ; 1.400e+00 ; 2.5600000e+01 ; 8.5138428e+01 
3.500e+01 ; 5.600e+00 ; 1.400e+00 ; 2.5600000e+01 ; 8.5138428e+01 
3.500e+01 ; 5.600e+00 ; 1.400e+00 ; 2.5601000e+01 ; 8.5136635e+01 
3.500e+01 ; 5.600e+00 ; 1.400e+00 ; 2.5602000e+01 ; 8.5134842e+01 
3.500e+01 ; 5.600e+00 ; 1.400e+00 ; 2.5603000e+01 ; 8.5133049e+01 
3.500e+01 ; 5.600e+00 ; 1.400e+00 ; 2.5605000e+01 ; 8.5129463e+01 
3.500e+01 ; 5.600e+00 ; 1.400e+00 ; 2.5609000e+01 ; 8.5122299e+01 
3.500e+01 ; 5.600e+00 ; 1.400e+00 ; 2.5617000e+01 ; 8.5108002e+01 
3.500e+01 ; 5.600e+00 ; 1.400e+00 ; 2.5633000e+01 ; 8.5079529e+01 
3.500e+01 ; 5.600e+00 ; 1.400e+00 ; 2.5665000e+01 ; 8.5023056e+01 
3.500e+01 ; 5.600e+00 ; 1.400e+00 ; 2.5729000e+01 ; 8.4911995e+01 
3.500e+01 ; 5.600e+00 ; 1.400e+00 ; 2.5857000e+01 ; 8.4697037e+01 
3.500e+01 ; 5.600e+00 ; 1.400e+00 ; 2.6113000e+01 ; 8.4293373e+01 
3.500e+01 ; 5.600e+00 ; 1.400e+00 ; 2.6400000e+01 ; 8.3870926e+01 
3.500e+01 ; 5.600e+00 ; 1.400e+00 ; 2.6400000e+01 ; 8.3870926e+01 
3.500e+01 ; 5.600e+00 ; 1.400e+00 ; 2.6401000e+01 ; 8.3869453e+01 
3.500e+01 ; 5.600e+00 ; 1.400e+00 ; 2.6402000e+01 ; 8.3867981e+01 
3.500e+01 ; 5.600e+00 ; 1.400e+00 ; 2.6403000e+01 ; 8.3866508e+01 
3.500e+01 ; 5.600e+00 ; 1.400e+00 ; 2.6405000e+01 ; 8.3863571e+01 
3.500e+01 ; 5.600e+00 ; 1.400e+00 ; 2.6409000e+01 ; 8.3857697e+01 
3.500e+01 ; 5.600e+00 ; 1.400e+00 ; 2.6417000e+01 ; 8.3845970e+01 
3.500e+01 ; 5.600e+00 ; 1.400e+00 ; 2.6433000e+01 ; 8.3822609e+01 
3.500e+01 ; 5.600e+00 ; 1.400e+00 ; 2.6465000e+01 ; 8.3776260e+01 
3.500e+01 ; 5.600e+00 ; 1.400e+00 ; 2.6529000e+01 ; 8.3684990e+01 
3.500e+01 ; 5.600e+00 ; 1.400e+00 ; 2.6657000e+01 ; 8.3507957e+01 
3.500e+01 ; 5.600e+00 ; 1.400e+00 ; 2.6913000e+01 ; 8.3174355e+01 
3.500e+01 ; 5.600e+00 ; 1.400e+00 ; 2.7200000e+01 ; 8.2824066e+01 
3.500e+01 ; 5.600e+00 ; 1.400e+00 ; 2.7200000e+01 ; 8.2824066e+01 
3.500e+01 ; 5.600e+00 ; 1.400e+00 ; 2.7201000e+01 ; 8.2822845e+01 
3.500e+01 ; 5.600e+00 ; 1.400e+00 ; 2.7202000e+01 ; 8.2821625e+01 
3.500e+01 ; 5.600e+00 ; 1.400e+00 ; 2.7203000e+01 ; 8.2820404e+01 
3.500e+01 ; 5.600e+00 ; 1.400e+00 ; 2.7205000e+01 ; 8.2817970e+01 
3.500e+01 ; 5.600e+00 ; 1.400e+00 ; 2.7209000e+01 ; 8.2813095e+01 
3.500e+01 ; 5.600e+00 ; 1.400e+00 ; 2.7217000e+01 ; 8.2803368e+01 
3.500e+01 ; 5.600e+00 ; 1.400e+00 ; 2.7233000e+01 ; 8.2783989e+01 
3.500e+01 ; 5.600e+00 ; 1.400e+00 ; 2.7265000e+01 ; 8.2745529e+01 
3.500e+01 ; 5.600e+00 ; 1.400e+00 ; 2.7329000e+01 ; 8.2669739e+01 
3.500e+01 ; 5.600e+00 ; 1.400e+00 ; 2.7457000e+01 ; 8.2522545e+01 
3.500e+01 ; 5.600e+00 ; 1.400e+00 ; 2.7713000e+01 ; 8.2244659e+01 
3.500e+01 ; 5.600e+00 ; 1.400e+00 ; 2.8000000e+01 ; 8.1952522e+01 
3.500e+01 ; 5.600e+00 ; 1.400e+00 ; 2.8000000e+01 ; 8.1952522e+01 
3.500e+01 ; 5.600e+00 ; 1.400e+00 ; 2.8001000e+01 ; 8.1951508e+01 
3.500e+01 ; 5.600e+00 ; 1.400e+00 ; 2.8002000e+01 ; 8.1950493e+01 
3.500e+01 ; 5.600e+00 ; 1.400e+00 ; 2.8003000e+01 ; 8.1949471e+01 
3.500e+01 ; 5.600e+00 ; 1.400e+00 ; 2.8005000e+01 ; 8.1947441e+01 
3.500e+01 ; 5.600e+00 ; 1.400e+00 ; 2.8009000e+01 ; 8.1943375e+01 
3.500e+01 ; 5.600e+00 ; 1.400e+00 ; 2.8017000e+01 ; 8.1935265e+01 
3.500e+01 ; 5.600e+00 ; 1.400e+00 ; 2.8033000e+01 ; 8.1919106e+01 
3.500e+01 ; 5.600e+00 ; 1.400e+00 ; 2.8065000e+01 ; 8.1887024e+01 
3.500e+01 ; 5.600e+00 ; 1.400e+00 ; 2.8129000e+01 ; 8.1823822e+01 
3.500e+01 ; 5.600e+00 ; 1.400e+00 ; 2.8257000e+01 ; 8.1701355e+01 
3.500e+01 ; 5.600e+00 ; 1.400e+00 ; 2.8513000e+01 ; 8.1472542e+01 
3.500e+01 ; 5.600e+00 ; 1.400e+00 ; 2.8800000e+01 ; 8.1236443e+01 
3.500e+01 ; 5.600e+00 ; 1.400e+00 ; 2.8800000e+01 ; 8.1236443e+01 
3.500e+01 ; 5.600e+00 ; 1.400e+00 ; 2.8801000e+01 ; 8.1235619e+01 
3.500e+01 ; 5.600e+00 ; 1.400e+00 ; 2.8802000e+01 ; 8.1234795e+01 
3.500e+01 ; 5.600e+00 ; 1.400e+00 ; 2.8803000e+01 ; 8.1233971e+01 
3.500e+01 ; 5.600e+00 ; 1.400e+00 ; 2.8805000e+01 ; 8.1232330e+01 
3.500e+01 ; 5.600e+00 ; 1.400e+00 ; 2.8809000e+01 ; 8.1229057e+01 
3.500e+01 ; 5.600e+00 ; 1.400e+00 ; 2.8817000e+01 ; 8.1222534e+01 
3.500e+01 ; 5.600e+00 ; 1.400e+00 ; 2.8833000e+01 ; 8.1209602e+01 
3.500e+01 ; 5.600e+00 ; 1.400e+00 ; 2.8865000e+01 ; 8.1184235e+01 
3.500e+01 ; 5.600e+00 ; 1.400e+00 ; 2.8929000e+01 ; 8.1135681e+01 
3.500e+01 ; 5.600e+00 ; 1.400e+00 ; 2.9057000e+01 ; 8.1048401e+01 
3.500e+01 ; 5.600e+00 ; 1.400e+00 ; 2.9313000e+01 ; 8.0915222e+01 
3.500e+01 ; 5.600e+00 ; 1.400e+00 ; 2.9600000e+01 ; 8.0814087e+01 
3.500e+01 ; 5.600e+00 ; 1.400e+00 ; 2.9600000e+01 ; 8.0814087e+01 
3.500e+01 ; 5.600e+00 ; 1.400e+00 ; 2.9601000e+01 ; 8.0817856e+01 
3.500e+01 ; 5.600e+00 ; 1.400e+00 ; 2.9602000e+01 ; 8.0821655e+01 
3.500e+01 ; 5.600e+00 ; 1.400e+00 ; 2.9603000e+01 ; 8.0825478e+01 
3.500e+01 ; 5.600e+00 ; 1.400e+00 ; 2.9605000e+01 ; 8.0833252e+01 
3.500e+01 ; 5.600e+00 ; 1.400e+00 ; 2.9609000e+01 ; 8.0849274e+01 
3.500e+01 ; 5.600e+00 ; 1.400e+00 ; 2.9617000e+01 ; 8.0883156e+01 
3.500e+01 ; 5.600e+00 ; 1.400e+00 ; 2.9633000e+01 ; 8.0957939e+01 
3.500e+01 ; 5.600e+00 ; 1.400e+00 ; 2.9665000e+01 ; 8.1133163e+01 
3.500e+01 ; 5.600e+00 ; 1.400e+00 ; 2.9729000e+01 ; 8.1568634e+01 
3.500e+01 ; 5.600e+00 ; 1.400e+00 ; 2.9857000e+01 ; 8.2668648e+01 
3.500e+01 ; 5.600e+00 ; 1.400e+00 ; 3.0113000e+01 ; 8.5218636e+01 
3.500e+01 ; 5.600e+00 ; 1.400e+00 ; 3.0400000e+01 ; 8.7976692e+01 
3.500e+01 ; 5.600e+00 ; 1.400e+00 ; 3.0400000e+01 ; 8.7976692e+01 
3.500e+01 ; 5.600e+00 ; 1.400e+00 ; 3.0401000e+01 ; 8.7989517e+01 
3.500e+01 ; 5.600e+00 ; 1.400e+00 ; 3.0402000e+01 ; 8.8002357e+01 
3.500e+01 ; 5.600e+00 ; 1.400e+00 ; 3.0403000e+01 ; 8.8015190e+01 
3.500e+01 ; 5.600e+00 ; 1.400e+00 ; 3.0405000e+01 ; 8.8040886e+01 
3.500e+01 ; 5.600e+00 ; 1.400e+00 ; 3.0409000e+01 ; 8.8092339e+01 
3.500e+01 ; 5.600e+00 ; 1.400e+00 ; 3.0417000e+01 ; 8.8195511e+01 
3.500e+01 ; 5.600e+00 ; 1.400e+00 ; 3.0433000e+01 ; 8.8402763e+01 
3.500e+01 ; 5.600e+00 ; 1.400e+00 ; 3.0465000e+01 ; 8.8820038e+01 
3.500e+01 ; 5.600e+00 ; 1.400e+00 ; 3.0529000e+01 ; 8.9659348e+01 
3.500e+01 ; 5.600e+00 ; 1.400e+00 ; 3.0657000e+01 ; 9.1317284e+01 
3.500e+01 ; 5.600e+00 ; 1.400e+00 ; 3.0913000e+01 ; 9.4356148e+01 
3.500e+01 ; 5.600e+00 ; 1.400e+00 ; 3.1200000e+01 ; 9.7221420e+01 
3.500e+01 ; 5.600e+00 ; 1.400e+00 ; 3.1200000e+01 ; 9.7221420e+01 
3.500e+01 ; 5.600e+00 ; 1.400e+00 ; 3.1201000e+01 ; 9.7231392e+01 
3.500e+01 ; 5.600e+00 ; 1.400e+00 ; 3.1202000e+01 ; 9.7241348e+01 
3.500e+01 ; 5.600e+00 ; 1.400e+00 ; 3.1203000e+01 ; 9.7251289e+01 
3.500e+01 ; 5.600e+00 ; 1.400e+00 ; 3.1205000e+01 ; 9.7271118e+01 
3.500e+01 ; 5.600e+00 ; 1.400e+00 ; 3.1209000e+01 ; 9.7310562e+01 
3.500e+01 ; 5.600e+00 ; 1.400e+00 ; 3.1217000e+01 ; 9.7388588e+01 
3.500e+01 ; 5.600e+00 ; 1.400e+00 ; 3.1233000e+01 ; 9.7541245e+01 
3.500e+01 ; 5.600e+00 ; 1.400e+00 ; 3.1265000e+01 ; 9.7833466e+01 
3.500e+01 ; 5.600e+00 ; 1.400e+00 ; 3.1329000e+01 ; 9.8368980e+01 
3.500e+01 ; 5.600e+00 ; 1.400e+00 ; 3.1457000e+01 ; 9.9268547e+01 
3.500e+01 ; 5.600e+00 ; 1.400e+00 ; 3.1713000e+01 ; 1.0053403e+02 
3.500e+01 ; 5.600e+00 ; 1.400e+00 ; 3.2000000e+01 ; 1.0144546e+02 
3.500e+01 ; 5.600e+00 ; 1.400e+00 ; 3.2000000e+01 ; 1.0144546e+02 
3.500e+01 ; 5.600e+00 ; 1.400e+00 ; 3.2001000e+01 ; 1.0144862e+02 
3.500e+01 ; 5.600e+00 ; 1.400e+00 ; 3.2002000e+01 ; 1.0145179e+02 
3.500e+01 ; 5.600e+00 ; 1.400e+00 ; 3.2003000e+01 ; 1.0145494e+02 
3.500e+01 ; 5.600e+00 ; 1.400e+00 ; 3.2005000e+01 ; 1.0146124e+02 
3.500e+01 ; 5.600e+00 ; 1.400e+00 ; 3.2009000e+01 ; 1.0147372e+02 
3.500e+01 ; 5.600e+00 ; 1.400e+00 ; 3.2017000e+01 ; 1.0149829e+02 
3.500e+01 ; 5.600e+00 ; 1.400e+00 ; 3.2033000e+01 ; 1.0154593e+02 
3.500e+01 ; 5.600e+00 ; 1.400e+00 ; 3.2065000e+01 ; 1.0163531e+02 
3.500e+01 ; 5.600e+00 ; 1.400e+00 ; 3.2129000e+01 ; 1.0179208e+02 
3.500e+01 ; 5.600e+00 ; 1.400e+00 ; 3.2257000e+01 ; 1.0202853e+02 
3.500e+01 ; 5.600e+00 ; 1.400e+00 ; 3.2513000e+01 ; 1.0226287e+02 
3.500e+01 ; 5.600e+00 ; 1.400e+00 ; 3.2800000e+01 ; 1.0230180e+02 
3.500e+01 ; 5.600e+00 ; 1.400e+00 ; 3.2800000e+01 ; 1.0230180e+02 
3.500e+01 ; 5.600e+00 ; 1.400e+00 ; 3.2801000e+01 ; 1.0230193e+02 
3.500e+01 ; 5.600e+00 ; 1.400e+00 ; 3.2802000e+01 ; 1.0230206e+02 
3.500e+01 ; 5.600e+00 ; 1.400e+00 ; 3.2803000e+01 ; 1.0230219e+02 
3.500e+01 ; 5.600e+00 ; 1.400e+00 ; 3.2805000e+01 ; 1.0230243e+02 
3.500e+01 ; 5.600e+00 ; 1.400e+00 ; 3.2809000e+01 ; 1.0230287e+02 
3.500e+01 ; 5.600e+00 ; 1.400e+00 ; 3.2817000e+01 ; 1.0230360e+02 
3.500e+01 ; 5.600e+00 ; 1.400e+00 ; 3.2833000e+01 ; 1.0230437e+02 
3.500e+01 ; 5.600e+00 ; 1.400e+00 ; 3.2865000e+01 ; 1.0230333e+02 
3.500e+01 ; 5.600e+00 ; 1.400e+00 ; 3.2929000e+01 ; 1.0229169e+02 
3.500e+01 ; 5.600e+00 ; 1.400e+00 ; 3.3057000e+01 ; 1.0223533e+02 
3.500e+01 ; 5.600e+00 ; 1.400e+00 ; 3.3313001e+01 ; 1.0202303e+02 
3.500e+01 ; 5.600e+00 ; 1.400e+00 ; 3.3600001e+01 ; 1.0169516e+02 
3.500e+01 ; 5.600e+00 ; 1.400e+00 ; 3.3600001e+01 ; 1.0169516e+02 
3.500e+01 ; 5.600e+00 ; 1.400e+00 ; 3.3601001e+01 ; 1.0169402e+02 
3.500e+01 ; 5.600e+00 ; 1.400e+00 ; 3.3602001e+01 ; 1.0169287e+02 
3.500e+01 ; 5.600e+00 ; 1.400e+00 ; 3.3603001e+01 ; 1.0169173e+02 
3.500e+01 ; 5.600e+00 ; 1.400e+00 ; 3.3605001e+01 ; 1.0168943e+02 
3.500e+01 ; 5.600e+00 ; 1.400e+00 ; 3.3609001e+01 ; 1.0168482e+02 
3.500e+01 ; 5.600e+00 ; 1.400e+00 ; 3.3617001e+01 ; 1.0167554e+02 
3.500e+01 ; 5.600e+00 ; 1.400e+00 ; 3.3633001e+01 ; 1.0165670e+02 
3.500e+01 ; 5.600e+00 ; 1.400e+00 ; 3.3665000e+01 ; 1.0161800e+02 
3.500e+01 ; 5.600e+00 ; 1.400e+00 ; 3.3729000e+01 ; 1.0153686e+02 
3.500e+01 ; 5.600e+00 ; 1.400e+00 ; 3.3857000e+01 ; 1.0136197e+02 
3.500e+01 ; 5.600e+00 ; 1.400e+00 ; 3.4113001e+01 ; 1.0097677e+02 
3.500e+01 ; 5.600e+00 ; 1.400e+00 ; 3.4400001e+01 ; 1.0051632e+02 
3.500e+01 ; 5.600e+00 ; 1.400e+00 ; 3.4400001e+01 ; 1.0051632e+02 
3.500e+01 ; 5.600e+00 ; 1.400e+00 ; 3.4401001e+01 ; 1.0051472e+02 
3.500e+01 ; 5.600e+00 ; 1.400e+00 ; 3.4402001e+01 ; 1.0051311e+02 
3.500e+01 ; 5.600e+00 ; 1.400e+00 ; 3.4403001e+01 ; 1.0051151e+02 
3.500e+01 ; 5.600e+00 ; 1.400e+00 ; 3.4405001e+01 ; 1.0050829e+02 
3.500e+01 ; 5.600e+00 ; 1.400e+00 ; 3.4409001e+01 ; 1.0050187e+02 
3.500e+01 ; 5.600e+00 ; 1.400e+00 ; 3.4417001e+01 ; 1.0048898e+02 
3.500e+01 ; 5.600e+00 ; 1.400e+00 ; 3.4433001e+01 ; 1.0046314e+02 
3.500e+01 ; 5.600e+00 ; 1.400e+00 ; 3.4465001e+01 ; 1.0041113e+02 
3.500e+01 ; 5.600e+00 ; 1.400e+00 ; 3.4529001e+01 ; 1.0030603e+02 
3.500e+01 ; 5.600e+00 ; 1.400e+00 ; 3.4657001e+01 ; 1.0009249e+02 
3.500e+01 ; 5.600e+00 ; 1.400e+00 ; 3.4913001e+01 ; 9.9658669e+01 
3.500e+01 ; 5.600e+00 ; 1.400e+00 ; 3.5200001e+01 ; 9.9170647e+01 
3.500e+01 ; 5.600e+00 ; 1.400e+00 ; 3.5200001e+01 ; 9.9170647e+01 
3.500e+01 ; 5.600e+00 ; 1.400e+00 ; 3.5201001e+01 ; 9.9168945e+01 
3.500e+01 ; 5.600e+00 ; 1.400e+00 ; 3.5202001e+01 ; 9.9167252e+01 
3.500e+01 ; 5.600e+00 ; 1.400e+00 ; 3.5203001e+01 ; 9.9165550e+01 
3.500e+01 ; 5.600e+00 ; 1.400e+00 ; 3.5205001e+01 ; 9.9162148e+01 
3.500e+01 ; 5.600e+00 ; 1.400e+00 ; 3.5209001e+01 ; 9.9155342e+01 
3.500e+01 ; 5.600e+00 ; 1.400e+00 ; 3.5217001e+01 ; 9.9141739e+01 
3.500e+01 ; 5.600e+00 ; 1.400e+00 ; 3.5233001e+01 ; 9.9114525e+01 
3.500e+01 ; 5.600e+00 ; 1.400e+00 ; 3.5265001e+01 ; 9.9060097e+01 
3.500e+01 ; 5.600e+00 ; 1.400e+00 ; 3.5329001e+01 ; 9.8951286e+01 
3.500e+01 ; 5.600e+00 ; 1.400e+00 ; 3.5457001e+01 ; 9.8734344e+01 
3.500e+01 ; 5.600e+00 ; 1.400e+00 ; 3.5713001e+01 ; 9.8305763e+01 
3.500e+01 ; 5.600e+00 ; 1.400e+00 ; 3.6000001e+01 ; 9.7834595e+01 
3.500e+01 ; 5.600e+00 ; 1.400e+00 ; 3.6000001e+01 ; 9.7834595e+01 
3.500e+01 ; 5.600e+00 ; 1.400e+00 ; 3.6001001e+01 ; 9.7832954e+01 
3.500e+01 ; 5.600e+00 ; 1.400e+00 ; 3.6002001e+01 ; 9.7831314e+01 
3.500e+01 ; 5.600e+00 ; 1.400e+00 ; 3.6003001e+01 ; 9.7829674e+01 
3.500e+01 ; 5.600e+00 ; 1.400e+00 ; 3.6005001e+01 ; 9.7826385e+01 
3.500e+01 ; 5.600e+00 ; 1.400e+00 ; 3.6009001e+01 ; 9.7819824e+01 
3.500e+01 ; 5.600e+00 ; 1.400e+00 ; 3.6017001e+01 ; 9.7806709e+01 
3.500e+01 ; 5.600e+00 ; 1.400e+00 ; 3.6033001e+01 ; 9.7780502e+01 
3.500e+01 ; 5.600e+00 ; 1.400e+00 ; 3.6065001e+01 ; 9.7728210e+01 
3.500e+01 ; 5.600e+00 ; 1.400e+00 ; 3.6129001e+01 ; 9.7624146e+01 
3.500e+01 ; 5.600e+00 ; 1.400e+00 ; 3.6257001e+01 ; 9.7418236e+01 
3.500e+01 ; 5.600e+00 ; 1.400e+00 ; 3.6513001e+01 ; 9.7016167e+01 
3.500e+01 ; 5.600e+00 ; 1.400e+00 ; 3.6800001e+01 ; 9.6578430e+01 
3.500e+01 ; 5.600e+00 ; 1.400e+00 ; 3.6800001e+01 ; 9.6578430e+01 
3.500e+01 ; 5.600e+00 ; 1.400e+00 ; 3.6801001e+01 ; 9.6576904e+01 
3.500e+01 ; 5.600e+00 ; 1.400e+00 ; 3.6802001e+01 ; 9.6575378e+01 
3.500e+01 ; 5.600e+00 ; 1.400e+00 ; 3.6803001e+01 ; 9.6573853e+01 
3.500e+01 ; 5.600e+00 ; 1.400e+00 ; 3.6805001e+01 ; 9.6570808e+01 
3.500e+01 ; 5.600e+00 ; 1.400e+00 ; 3.6809001e+01 ; 9.6564713e+01 
3.500e+01 ; 5.600e+00 ; 1.400e+00 ; 3.6817001e+01 ; 9.6552528e+01 
3.500e+01 ; 5.600e+00 ; 1.400e+00 ; 3.6833001e+01 ; 9.6528214e+01 
3.500e+01 ; 5.600e+00 ; 1.400e+00 ; 3.6865001e+01 ; 9.6479736e+01 
3.500e+01 ; 5.600e+00 ; 1.400e+00 ; 3.6929001e+01 ; 9.6383446e+01 
3.500e+01 ; 5.600e+00 ; 1.400e+00 ; 3.7057001e+01 ; 9.6193542e+01 
3.500e+01 ; 5.600e+00 ; 1.400e+00 ; 3.7313001e+01 ; 9.5824577e+01 
3.500e+01 ; 5.600e+00 ; 1.400e+00 ; 3.7600001e+01 ; 9.5424500e+01 
3.500e+01 ; 5.600e+00 ; 1.400e+00 ; 3.7600001e+01 ; 9.5424500e+01 
3.500e+01 ; 5.600e+00 ; 1.400e+00 ; 3.7601001e+01 ; 9.5423103e+01 
3.500e+01 ; 5.600e+00 ; 1.400e+00 ; 3.7602001e+01 ; 9.5421707e+01 
3.500e+01 ; 5.600e+00 ; 1.400e+00 ; 3.7603001e+01 ; 9.5420319e+01 
3.500e+01 ; 5.600e+00 ; 1.400e+00 ; 3.7605001e+01 ; 9.5417534e+01 
3.500e+01 ; 5.600e+00 ; 1.400e+00 ; 3.7609001e+01 ; 9.5411957e+01 
3.500e+01 ; 5.600e+00 ; 1.400e+00 ; 3.7617001e+01 ; 9.5400833e+01 
3.500e+01 ; 5.600e+00 ; 1.400e+00 ; 3.7633001e+01 ; 9.5378616e+01 
3.500e+01 ; 5.600e+00 ; 1.400e+00 ; 3.7665001e+01 ; 9.5334351e+01 
3.500e+01 ; 5.600e+00 ; 1.400e+00 ; 3.7729001e+01 ; 9.5246490e+01 
3.500e+01 ; 5.600e+00 ; 1.400e+00 ; 3.7857001e+01 ; 9.5073448e+01 
3.500e+01 ; 5.600e+00 ; 1.400e+00 ; 3.8113001e+01 ; 9.4737869e+01 
3.500e+01 ; 5.600e+00 ; 1.400e+00 ; 3.8400001e+01 ; 9.4374527e+01 
3.500e+01 ; 5.600e+00 ; 1.400e+00 ; 3.8400001e+01 ; 9.4374527e+01 
3.500e+01 ; 5.600e+00 ; 1.400e+00 ; 3.8401001e+01 ; 9.4373260e+01 
3.500e+01 ; 5.600e+00 ; 1.400e+00 ; 3.8402001e+01 ; 9.4371994e+01 
3.500e+01 ; 5.600e+00 ; 1.400e+00 ; 3.8403001e+01 ; 9.4370728e+01 
3.500e+01 ; 5.600e+00 ; 1.400e+00 ; 3.8405001e+01 ; 9.4368202e+01 
3.500e+01 ; 5.600e+00 ; 1.400e+00 ; 3.8409001e+01 ; 9.4363144e+01 
3.500e+01 ; 5.600e+00 ; 1.400e+00 ; 3.8417001e+01 ; 9.4353035e+01 
3.500e+01 ; 5.600e+00 ; 1.400e+00 ; 3.8433001e+01 ; 9.4332863e+01 
3.500e+01 ; 5.600e+00 ; 1.400e+00 ; 3.8465001e+01 ; 9.4292671e+01 
3.500e+01 ; 5.600e+00 ; 1.400e+00 ; 3.8529001e+01 ; 9.4212921e+01 
3.500e+01 ; 5.600e+00 ; 1.400e+00 ; 3.8657001e+01 ; 9.4055923e+01 
3.500e+01 ; 5.600e+00 ; 1.400e+00 ; 3.8913001e+01 ; 9.3751610e+01 
3.500e+01 ; 5.600e+00 ; 1.400e+00 ; 3.9200001e+01 ; 9.3422203e+01 
3.500e+01 ; 5.600e+00 ; 1.400e+00 ; 3.9200001e+01 ; 9.3422203e+01 
3.500e+01 ; 5.600e+00 ; 1.400e+00 ; 3.9201001e+01 ; 9.3421059e+01 
3.500e+01 ; 5.600e+00 ; 1.400e+00 ; 3.9202001e+01 ; 9.3419907e+01 
3.500e+01 ; 5.600e+00 ; 1.400e+00 ; 3.9203001e+01 ; 9.3418762e+01 
3.500e+01 ; 5.600e+00 ; 1.400e+00 ; 3.9205001e+01 ; 9.3416466e+01 
3.500e+01 ; 5.600e+00 ; 1.400e+00 ; 3.9209001e+01 ; 9.3411880e+01 
3.500e+01 ; 5.600e+00 ; 1.400e+00 ; 3.9217001e+01 ; 9.3402718e+01 
3.500e+01 ; 5.600e+00 ; 1.400e+00 ; 3.9233001e+01 ; 9.3384430e+01 
3.500e+01 ; 5.600e+00 ; 1.400e+00 ; 3.9265001e+01 ; 9.3348000e+01 
3.500e+01 ; 5.600e+00 ; 1.400e+00 ; 3.9329001e+01 ; 9.3275703e+01 
3.500e+01 ; 5.600e+00 ; 1.400e+00 ; 3.9457001e+01 ; 9.3133392e+01 
3.500e+01 ; 5.600e+00 ; 1.400e+00 ; 3.9713001e+01 ; 9.2857628e+01 
3.500e+01 ; 5.600e+00 ; 1.400e+00 ; 4.0000001e+01 ; 9.2559334e+01 
3.500e+01 ; 5.600e+00 ; 1.400e+00 ; 4.0000001e+01 ; 9.2559334e+01 
3.500e+01 ; 5.600e+00 ; 1.400e+00 ; 4.0001001e+01 ; 9.2558296e+01 
3.500e+01 ; 5.600e+00 ; 1.400e+00 ; 4.0002001e+01 ; 9.2557251e+01 
3.500e+01 ; 5.600e+00 ; 1.400e+00 ; 4.0003001e+01 ; 9.2556213e+01 
3.500e+01 ; 5.600e+00 ; 1.400e+00 ; 4.0005001e+01 ; 9.2554138e+01 
3.500e+01 ; 5.600e+00 ; 1.400e+00 ; 4.0009001e+01 ; 9.2549988e+01 
3.500e+01 ; 5.600e+00 ; 1.400e+00 ; 4.0017001e+01 ; 9.2541687e+01 
3.500e+01 ; 5.600e+00 ; 1.400e+00 ; 4.0033001e+01 ; 9.2525131e+01 
3.500e+01 ; 5.600e+00 ; 1.400e+00 ; 4.0065001e+01 ; 9.2492142e+01 
3.500e+01 ; 5.600e+00 ; 1.400e+00 ; 4.0129001e+01 ; 9.2426727e+01 
3.500e+01 ; 5.600e+00 ; 1.400e+00 ; 4.0257001e+01 ; 9.2298164e+01 
3.500e+01 ; 5.600e+00 ; 1.400e+00 ; 4.0513001e+01 ; 9.2050758e+01 
3.500e+01 ; 5.600e+00 ; 1.400e+00 ; 4.0800001e+01 ; 9.1786308e+01 
3.500e+01 ; 5.600e+00 ; 1.400e+00 ; 4.0800001e+01 ; 9.1786308e+01 
3.500e+01 ; 5.600e+00 ; 1.400e+00 ; 4.0801001e+01 ; 9.1785385e+01 
3.500e+01 ; 5.600e+00 ; 1.400e+00 ; 4.0802001e+01 ; 9.1784470e+01 
3.500e+01 ; 5.600e+00 ; 1.400e+00 ; 4.0803001e+01 ; 9.1783546e+01 
3.500e+01 ; 5.600e+00 ; 1.400e+00 ; 4.0805001e+01 ; 9.1781708e+01 
3.500e+01 ; 5.600e+00 ; 1.400e+00 ; 4.0809001e+01 ; 9.1778038e+01 
3.500e+01 ; 5.600e+00 ; 1.400e+00 ; 4.0817001e+01 ; 9.1770721e+01 
3.500e+01 ; 5.600e+00 ; 1.400e+00 ; 4.0833001e+01 ; 9.1756218e+01 
3.500e+01 ; 5.600e+00 ; 1.400e+00 ; 4.0865001e+01 ; 9.1727737e+01 
3.500e+01 ; 5.600e+00 ; 1.400e+00 ; 4.0929001e+01 ; 9.1673225e+01 
3.500e+01 ; 5.600e+00 ; 1.400e+00 ; 4.1057001e+01 ; 9.1575684e+01 
3.500e+01 ; 5.600e+00 ; 1.400e+00 ; 4.1313001e+01 ; 9.1429214e+01 
3.500e+01 ; 5.600e+00 ; 1.400e+00 ; 4.1600001e+01 ; 9.1319862e+01 
3.500e+01 ; 5.600e+00 ; 1.400e+00 ; 4.1600001e+01 ; 9.1319862e+01 
3.500e+01 ; 5.600e+00 ; 1.400e+00 ; 4.1601001e+01 ; 9.1319481e+01 
3.500e+01 ; 5.600e+00 ; 1.400e+00 ; 4.1602001e+01 ; 9.1319099e+01 
3.500e+01 ; 5.600e+00 ; 1.400e+00 ; 4.1603001e+01 ; 9.1318726e+01 
3.500e+01 ; 5.600e+00 ; 1.400e+00 ; 4.1605001e+01 ; 9.1317978e+01 
3.500e+01 ; 5.600e+00 ; 1.400e+00 ; 4.1609001e+01 ; 9.1316498e+01 
3.500e+01 ; 5.600e+00 ; 1.400e+00 ; 4.1617001e+01 ; 9.1313614e+01 
3.500e+01 ; 5.600e+00 ; 1.400e+00 ; 4.1633001e+01 ; 9.1308189e+01 
3.500e+01 ; 5.600e+00 ; 1.400e+00 ; 4.1665001e+01 ; 9.1298729e+01 
3.500e+01 ; 5.600e+00 ; 1.400e+00 ; 4.1729001e+01 ; 9.1285797e+01 
3.500e+01 ; 5.600e+00 ; 1.400e+00 ; 4.1857001e+01 ; 9.1285332e+01 
3.500e+01 ; 5.600e+00 ; 1.400e+00 ; 4.2113001e+01 ; 9.1380661e+01 
3.500e+01 ; 5.600e+00 ; 1.400e+00 ; 4.2400001e+01 ; 9.1585144e+01 
3.500e+01 ; 5.600e+00 ; 1.400e+00 ; 4.2400001e+01 ; 9.1585144e+01 
3.500e+01 ; 5.600e+00 ; 1.400e+00 ; 4.2401001e+01 ; 9.1585861e+01 
3.500e+01 ; 5.600e+00 ; 1.400e+00 ; 4.2402001e+01 ; 9.1586578e+01 
3.500e+01 ; 5.600e+00 ; 1.400e+00 ; 4.2403001e+01 ; 9.1587296e+01 
3.500e+01 ; 5.600e+00 ; 1.400e+00 ; 4.2405001e+01 ; 9.1588737e+01 
3.500e+01 ; 5.600e+00 ; 1.400e+00 ; 4.2409001e+01 ; 9.1591644e+01 
3.500e+01 ; 5.600e+00 ; 1.400e+00 ; 4.2417001e+01 ; 9.1597580e+01 
3.500e+01 ; 5.600e+00 ; 1.400e+00 ; 4.2433001e+01 ; 9.1609894e+01 
3.500e+01 ; 5.600e+00 ; 1.400e+00 ; 4.2465001e+01 ; 9.1636307e+01 
3.500e+01 ; 5.600e+00 ; 1.400e+00 ; 4.2529001e+01 ; 9.1696289e+01 
3.500e+01 ; 5.600e+00 ; 1.400e+00 ; 4.2657001e+01 ; 9.1843803e+01 
3.500e+01 ; 5.600e+00 ; 1.400e+00 ; 4.2913001e+01 ; 9.2230042e+01 
3.500e+01 ; 5.600e+00 ; 1.400e+00 ; 4.3200001e+01 ; 9.2742722e+01 
3.500e+01 ; 5.600e+00 ; 1.400e+00 ; 4.3200001e+01 ; 9.2742722e+01 
3.500e+01 ; 5.600e+00 ; 1.400e+00 ; 4.3201001e+01 ; 9.2744507e+01 
3.500e+01 ; 5.600e+00 ; 1.400e+00 ; 4.3202001e+01 ; 9.2746300e+01 
3.500e+01 ; 5.600e+00 ; 1.400e+00 ; 4.3203001e+01 ; 9.2748085e+01 
3.500e+01 ; 5.600e+00 ; 1.400e+00 ; 4.3205001e+01 ; 9.2751671e+01 
3.500e+01 ; 5.600e+00 ; 1.400e+00 ; 4.3209001e+01 ; 9.2758858e+01 
3.500e+01 ; 5.600e+00 ; 1.400e+00 ; 4.3217001e+01 ; 9.2773308e+01 
3.500e+01 ; 5.600e+00 ; 1.400e+00 ; 4.3233001e+01 ; 9.2802483e+01 
3.500e+01 ; 5.600e+00 ; 1.400e+00 ; 4.3265001e+01 ; 9.2861900e+01 
3.500e+01 ; 5.600e+00 ; 1.400e+00 ; 4.3329001e+01 ; 9.2984566e+01 
3.500e+01 ; 5.600e+00 ; 1.400e+00 ; 4.3457001e+01 ; 9.3241768e+01 
3.500e+01 ; 5.600e+00 ; 1.400e+00 ; 4.3713001e+01 ; 9.3780495e+01 
3.500e+01 ; 5.600e+00 ; 1.400e+00 ; 4.4000001e+01 ; 9.4387970e+01 
3.500e+01 ; 5.600e+00 ; 1.400e+00 ; 4.4000001e+01 ; 9.4387970e+01 
3.500e+01 ; 5.600e+00 ; 1.400e+00 ; 4.4001001e+01 ; 9.4390083e+01 
3.500e+01 ; 5.600e+00 ; 1.400e+00 ; 4.4002001e+01 ; 9.4392204e+01 
3.500e+01 ; 5.600e+00 ; 1.400e+00 ; 4.4003001e+01 ; 9.4394318e+01 
3.500e+01 ; 5.600e+00 ; 1.400e+00 ; 4.4005001e+01 ; 9.4398552e+01 
3.500e+01 ; 5.600e+00 ; 1.400e+00 ; 4.4009001e+01 ; 9.4407021e+01 
3.500e+01 ; 5.600e+00 ; 1.400e+00 ; 4.4017001e+01 ; 9.4423958e+01 
3.500e+01 ; 5.600e+00 ; 1.400e+00 ; 4.4033001e+01 ; 9.4457825e+01 
3.500e+01 ; 5.600e+00 ; 1.400e+00 ; 4.4065001e+01 ; 9.4525513e+01 
3.500e+01 ; 5.600e+00 ; 1.400e+00 ; 4.4129001e+01 ; 9.4660286e+01 
3.500e+01 ; 5.600e+00 ; 1.400e+00 ; 4.4257001e+01 ; 9.4925224e+01 
3.500e+01 ; 5.600e+00 ; 1.400e+00 ; 4.4513001e+01 ; 9.5424591e+01 
3.500e+01 ; 5.600e+00 ; 1.400e+00 ; 4.4800001e+01 ; 9.5936104e+01 
3.500e+01 ; 5.600e+00 ; 1.400e+00 ; 4.4800001e+01 ; 9.5936104e+01 
3.500e+01 ; 5.600e+00 ; 1.400e+00 ; 4.4801001e+01 ; 9.5937889e+01 
3.500e+01 ; 5.600e+00 ; 1.400e+00 ; 4.4802001e+01 ; 9.5939667e+01 
3.500e+01 ; 5.600e+00 ; 1.400e+00 ; 4.4803001e+01 ; 9.5941444e+01 
3.500e+01 ; 5.600e+00 ; 1.400e+00 ; 4.4805001e+01 ; 9.5945007e+01 
3.500e+01 ; 5.600e+00 ; 1.400e+00 ; 4.4809001e+01 ; 9.5952110e+01 
3.500e+01 ; 5.600e+00 ; 1.400e+00 ; 4.4817001e+01 ; 9.5966293e+01 
3.500e+01 ; 5.600e+00 ; 1.400e+00 ; 4.4833001e+01 ; 9.5994492e+01 
3.500e+01 ; 5.600e+00 ; 1.400e+00 ; 4.4865001e+01 ; 9.6050270e+01 
3.500e+01 ; 5.600e+00 ; 1.400e+00 ; 4.4929001e+01 ; 9.6159248e+01 
3.500e+01 ; 5.600e+00 ; 1.400e+00 ; 4.5057001e+01 ; 9.6366402e+01 
3.500e+01 ; 5.600e+00 ; 1.400e+00 ; 4.5313001e+01 ; 9.6736137e+01 
3.500e+01 ; 5.600e+00 ; 1.400e+00 ; 4.5600001e+01 ; 9.7095085e+01 
3.500e+01 ; 5.600e+00 ; 1.400e+00 ; 4.5600001e+01 ; 9.7095085e+01 
3.500e+01 ; 5.600e+00 ; 1.400e+00 ; 4.5601001e+01 ; 9.7096329e+01 
3.500e+01 ; 5.600e+00 ; 1.400e+00 ; 4.5602001e+01 ; 9.7097580e+01 
3.500e+01 ; 5.600e+00 ; 1.400e+00 ; 4.5603001e+01 ; 9.7098831e+01 
3.500e+01 ; 5.600e+00 ; 1.400e+00 ; 4.5605001e+01 ; 9.7101326e+01 
3.500e+01 ; 5.600e+00 ; 1.400e+00 ; 4.5609001e+01 ; 9.7106300e+01 
3.500e+01 ; 5.600e+00 ; 1.400e+00 ; 4.5617001e+01 ; 9.7116219e+01 
3.500e+01 ; 5.600e+00 ; 1.400e+00 ; 4.5633001e+01 ; 9.7135872e+01 
3.500e+01 ; 5.600e+00 ; 1.400e+00 ; 4.5665001e+01 ; 9.7174492e+01 
3.500e+01 ; 5.600e+00 ; 1.400e+00 ; 4.5729001e+01 ; 9.7248993e+01 
3.500e+01 ; 5.600e+00 ; 1.400e+00 ; 4.5857001e+01 ; 9.7387230e+01 
3.500e+01 ; 5.600e+00 ; 1.400e+00 ; 4.6113001e+01 ; 9.7622742e+01 
3.500e+01 ; 5.600e+00 ; 1.400e+00 ; 4.6400001e+01 ; 9.7838943e+01 
3.500e+01 ; 5.600e+00 ; 1.400e+00 ; 4.6400001e+01 ; 9.7838943e+01 
3.500e+01 ; 5.600e+00 ; 1.400e+00 ; 4.6401001e+01 ; 9.7839699e+01 
3.500e+01 ; 5.600e+00 ; 1.400e+00 ; 4.6402001e+01 ; 9.7840446e+01 
3.500e+01 ; 5.600e+00 ; 1.400e+00 ; 4.6403001e+01 ; 9.7841202e+01 
3.500e+01 ; 5.600e+00 ; 1.400e+00 ; 4.6405001e+01 ; 9.7842697e+01 
3.500e+01 ; 5.600e+00 ; 1.400e+00 ; 4.6409001e+01 ; 9.7845695e+01 
3.500e+01 ; 5.600e+00 ; 1.400e+00 ; 4.6417001e+01 ; 9.7851639e+01 
3.500e+01 ; 5.600e+00 ; 1.400e+00 ; 4.6433001e+01 ; 9.7863388e+01 
3.500e+01 ; 5.600e+00 ; 1.400e+00 ; 4.6465001e+01 ; 9.7886299e+01 
3.500e+01 ; 5.600e+00 ; 1.400e+00 ; 4.6529001e+01 ; 9.7929825e+01 
3.500e+01 ; 5.600e+00 ; 1.400e+00 ; 4.6657001e+01 ; 9.8008057e+01 
3.500e+01 ; 5.600e+00 ; 1.400e+00 ; 4.6913001e+01 ; 9.8132065e+01 
3.500e+01 ; 5.600e+00 ; 1.400e+00 ; 4.7200001e+01 ; 9.8234291e+01 
3.500e+01 ; 5.600e+00 ; 1.400e+00 ; 4.7200001e+01 ; 9.8234291e+01 
3.500e+01 ; 5.600e+00 ; 1.400e+00 ; 4.7201001e+01 ; 9.8234650e+01 
3.500e+01 ; 5.600e+00 ; 1.400e+00 ; 4.7202001e+01 ; 9.8235001e+01 
3.500e+01 ; 5.600e+00 ; 1.400e+00 ; 4.7203001e+01 ; 9.8235359e+01 
3.500e+01 ; 5.600e+00 ; 1.400e+00 ; 4.7205001e+01 ; 9.8236069e+01 
3.500e+01 ; 5.600e+00 ; 1.400e+00 ; 4.7209001e+01 ; 9.8237473e+01 
3.500e+01 ; 5.600e+00 ; 1.400e+00 ; 4.7217001e+01 ; 9.8240265e+01 
3.500e+01 ; 5.600e+00 ; 1.400e+00 ; 4.7233001e+01 ; 9.8245728e+01 
3.500e+01 ; 5.600e+00 ; 1.400e+00 ; 4.7265001e+01 ; 9.8256210e+01 
3.500e+01 ; 5.600e+00 ; 1.400e+00 ; 4.7329001e+01 ; 9.8275436e+01 
3.500e+01 ; 5.600e+00 ; 1.400e+00 ; 4.7457001e+01 ; 9.8307259e+01 
3.500e+01 ; 5.600e+00 ; 1.400e+00 ; 4.7713001e+01 ; 9.8346977e+01 
3.500e+01 ; 5.600e+00 ; 1.400e+00 ; 4.8000001e+01 ; 9.8364838e+01 
3.500e+01 ; 5.600e+00 ; 1.400e+00 ; 4.8000001e+01 ; 9.8364838e+01 
3.500e+01 ; 5.600e+00 ; 1.400e+00 ; 4.8001001e+01 ; 9.8364899e+01 
3.500e+01 ; 5.600e+00 ; 1.400e+00 ; 4.8002001e+01 ; 9.8364960e+01 
3.500e+01 ; 5.600e+00 ; 1.400e+00 ; 4.8003001e+01 ; 9.8365021e+01 
3.500e+01 ; 5.600e+00 ; 1.400e+00 ; 4.8005001e+01 ; 9.8365143e+01 
3.500e+01 ; 5.600e+00 ; 1.400e+00 ; 4.8009001e+01 ; 9.8365379e+01 
3.500e+01 ; 5.600e+00 ; 1.400e+00 ; 4.8017001e+01 ; 9.8365829e+01 
3.500e+01 ; 5.600e+00 ; 1.400e+00 ; 4.8033001e+01 ; 9.8366661e+01 
3.500e+01 ; 5.600e+00 ; 1.400e+00 ; 4.8065001e+01 ; 9.8367989e+01 
3.500e+01 ; 5.600e+00 ; 1.400e+00 ; 4.8129001e+01 ; 9.8369392e+01 
3.500e+01 ; 5.600e+00 ; 1.400e+00 ; 4.8257001e+01 ; 9.8367477e+01 
3.500e+01 ; 5.600e+00 ; 1.400e+00 ; 4.8513001e+01 ; 9.8346764e+01 
3.500e+01 ; 5.600e+00 ; 1.400e+00 ; 4.8800001e+01 ; 9.8304955e+01 
3.500e+01 ; 5.600e+00 ; 1.400e+00 ; 4.8800001e+01 ; 9.8304955e+01 
3.500e+01 ; 5.600e+00 ; 1.400e+00 ; 4.8801001e+01 ; 9.8304810e+01 
3.500e+01 ; 5.600e+00 ; 1.400e+00 ; 4.8802001e+01 ; 9.8304665e+01 
3.500e+01 ; 5.600e+00 ; 1.400e+00 ; 4.8803001e+01 ; 9.8304520e+01 
3.500e+01 ; 5.600e+00 ; 1.400e+00 ; 4.8805001e+01 ; 9.8304230e+01 
3.500e+01 ; 5.600e+00 ; 1.400e+00 ; 4.8809001e+01 ; 9.8303635e+01 
3.500e+01 ; 5.600e+00 ; 1.400e+00 ; 4.8817001e+01 ; 9.8302437e+01 
3.500e+01 ; 5.600e+00 ; 1.400e+00 ; 4.8833001e+01 ; 9.8299988e+01 
3.500e+01 ; 5.600e+00 ; 1.400e+00 ; 4.8865001e+01 ; 9.8294868e+01 
3.500e+01 ; 5.600e+00 ; 1.400e+00 ; 4.8929001e+01 ; 9.8283760e+01 
3.500e+01 ; 5.600e+00 ; 1.400e+00 ; 4.9057001e+01 ; 9.8258278e+01 
3.500e+01 ; 5.600e+00 ; 1.400e+00 ; 4.9313001e+01 ; 9.8195808e+01 
3.500e+01 ; 5.600e+00 ; 1.400e+00 ; 4.9600001e+01 ; 9.8113243e+01 
3.500e+01 ; 5.600e+00 ; 1.400e+00 ; 4.9600001e+01 ; 9.8113243e+01 
3.500e+01 ; 5.600e+00 ; 1.400e+00 ; 4.9601001e+01 ; 9.8112953e+01 
3.500e+01 ; 5.600e+00 ; 1.400e+00 ; 4.9602001e+01 ; 9.8112663e+01 
3.500e+01 ; 5.600e+00 ; 1.400e+00 ; 4.9603001e+01 ; 9.8112373e+01 
3.500e+01 ; 5.600e+00 ; 1.400e+00 ; 4.9605001e+01 ; 9.8111801e+01 
3.500e+01 ; 5.600e+00 ; 1.400e+00 ; 4.9609001e+01 ; 9.8110641e+01 
3.500e+01 ; 5.600e+00 ; 1.400e+00 ; 4.9617001e+01 ; 9.8108322e+01 
3.500e+01 ; 5.600e+00 ; 1.400e+00 ; 4.9633001e+01 ; 9.8103638e+01 
3.500e+01 ; 5.600e+00 ; 1.400e+00 ; 4.9665001e+01 ; 9.8094124e+01 
3.500e+01 ; 5.600e+00 ; 1.400e+00 ; 4.9729001e+01 ; 9.8074509e+01 
3.500e+01 ; 5.600e+00 ; 1.400e+00 ; 4.9857001e+01 ; 9.8033112e+01 
3.500e+01 ; 5.600e+00 ; 1.400e+00 ; 5.0113001e+01 ; 9.7942734e+01 
3.500e+01 ; 5.600e+00 ; 1.400e+00 ; 5.0400001e+01 ; 9.7833267e+01 
3.500e+01 ; 5.600e+00 ; 1.400e+00 ; 5.0400001e+01 ; 9.7833267e+01 
3.500e+01 ; 5.600e+00 ; 1.400e+00 ; 5.0401001e+01 ; 9.7832886e+01 
3.500e+01 ; 5.600e+00 ; 1.400e+00 ; 5.0402001e+01 ; 9.7832504e+01 
3.500e+01 ; 5.600e+00 ; 1.400e+00 ; 5.0403001e+01 ; 9.7832123e+01 
3.500e+01 ; 5.600e+00 ; 1.400e+00 ; 5.0405001e+01 ; 9.7831360e+01 
3.500e+01 ; 5.600e+00 ; 1.400e+00 ; 5.0409001e+01 ; 9.7829826e+01 
3.500e+01 ; 5.600e+00 ; 1.400e+00 ; 5.0417001e+01 ; 9.7826767e+01 
3.500e+01 ; 5.600e+00 ; 1.400e+00 ; 5.0433001e+01 ; 9.7820610e+01 
3.500e+01 ; 5.600e+00 ; 1.400e+00 ; 5.0465001e+01 ; 9.7808205e+01 
3.500e+01 ; 5.600e+00 ; 1.400e+00 ; 5.0529001e+01 ; 9.7783020e+01 
3.500e+01 ; 5.600e+00 ; 1.400e+00 ; 5.0657001e+01 ; 9.7731255e+01 
3.500e+01 ; 5.600e+00 ; 1.400e+00 ; 5.0913001e+01 ; 9.7622963e+01 
3.500e+01 ; 5.600e+00 ; 1.400e+00 ; 5.1200001e+01 ; 9.7496552e+01 
3.500e+01 ; 5.600e+00 ; 1.400e+00 ; 5.1200001e+01 ; 9.7496552e+01 
3.500e+01 ; 5.600e+00 ; 1.400e+00 ; 5.1201001e+01 ; 9.7496109e+01 
3.500e+01 ; 5.600e+00 ; 1.400e+00 ; 5.1202001e+01 ; 9.7495674e+01 
3.500e+01 ; 5.600e+00 ; 1.400e+00 ; 5.1203001e+01 ; 9.7495232e+01 
3.500e+01 ; 5.600e+00 ; 1.400e+00 ; 5.1205001e+01 ; 9.7494347e+01 
3.500e+01 ; 5.600e+00 ; 1.400e+00 ; 5.1209001e+01 ; 9.7492584e+01 
3.500e+01 ; 5.600e+00 ; 1.400e+00 ; 5.1217001e+01 ; 9.7489052e+01 
3.500e+01 ; 5.600e+00 ; 1.400e+00 ; 5.1233001e+01 ; 9.7481972e+01 
3.500e+01 ; 5.600e+00 ; 1.400e+00 ; 5.1265001e+01 ; 9.7467758e+01 
3.500e+01 ; 5.600e+00 ; 1.400e+00 ; 5.1329001e+01 ; 9.7439095e+01 
3.500e+01 ; 5.600e+00 ; 1.400e+00 ; 5.1457001e+01 ; 9.7380943e+01 
3.500e+01 ; 5.600e+00 ; 1.400e+00 ; 5.1713001e+01 ; 9.7261925e+01 
3.500e+01 ; 5.600e+00 ; 1.400e+00 ; 5.2000001e+01 ; 9.7125870e+01 
3.500e+01 ; 5.600e+00 ; 1.400e+00 ; 5.2000001e+01 ; 9.7125870e+01 
3.500e+01 ; 5.600e+00 ; 1.400e+00 ; 5.2001001e+01 ; 9.7125397e+01 
3.500e+01 ; 5.600e+00 ; 1.400e+00 ; 5.2002001e+01 ; 9.7124924e+01 
3.500e+01 ; 5.600e+00 ; 1.400e+00 ; 5.2003001e+01 ; 9.7124451e+01 
3.500e+01 ; 5.600e+00 ; 1.400e+00 ; 5.2005001e+01 ; 9.7123497e+01 
3.500e+01 ; 5.600e+00 ; 1.400e+00 ; 5.2009001e+01 ; 9.7121605e+01 
3.500e+01 ; 5.600e+00 ; 1.400e+00 ; 5.2017001e+01 ; 9.7117805e+01 
3.500e+01 ; 5.600e+00 ; 1.400e+00 ; 5.2033001e+01 ; 9.7110207e+01 
3.500e+01 ; 5.600e+00 ; 1.400e+00 ; 5.2065001e+01 ; 9.7094971e+01 
3.500e+01 ; 5.600e+00 ; 1.400e+00 ; 5.2129001e+01 ; 9.7064407e+01 
3.500e+01 ; 5.600e+00 ; 1.400e+00 ; 5.2257001e+01 ; 9.7003006e+01 
3.500e+01 ; 5.600e+00 ; 1.400e+00 ; 5.2513001e+01 ; 9.6880188e+01 
3.500e+01 ; 5.600e+00 ; 1.400e+00 ; 5.2800001e+01 ; 9.6743729e+01 
3.500e+01 ; 5.600e+00 ; 1.400e+00 ; 5.2800001e+01 ; 9.6743729e+01 
3.500e+01 ; 5.600e+00 ; 1.400e+00 ; 5.2801001e+01 ; 9.6743256e+01 
3.500e+01 ; 5.600e+00 ; 1.400e+00 ; 5.2802001e+01 ; 9.6742775e+01 
3.500e+01 ; 5.600e+00 ; 1.400e+00 ; 5.2803001e+01 ; 9.6742302e+01 
3.500e+01 ; 5.600e+00 ; 1.400e+00 ; 5.2805001e+01 ; 9.6741356e+01 
3.500e+01 ; 5.600e+00 ; 1.400e+00 ; 5.2809001e+01 ; 9.6739449e+01 
3.500e+01 ; 5.600e+00 ; 1.400e+00 ; 5.2817001e+01 ; 9.6735649e+01 
3.500e+01 ; 5.600e+00 ; 1.400e+00 ; 5.2833001e+01 ; 9.6728050e+01 
3.500e+01 ; 5.600e+00 ; 1.400e+00 ; 5.2865001e+01 ; 9.6712875e+01 
3.500e+01 ; 5.600e+00 ; 1.400e+00 ; 5.2929001e+01 ; 9.6682663e+01 
3.500e+01 ; 5.600e+00 ; 1.400e+00 ; 5.3057001e+01 ; 9.6623062e+01 
3.500e+01 ; 5.600e+00 ; 1.400e+00 ; 5.3313001e+01 ; 9.6509453e+01 
3.500e+01 ; 5.600e+00 ; 1.400e+00 ; 5.3600001e+01 ; 9.6391441e+01 
3.500e+01 ; 5.600e+00 ; 1.400e+00 ; 5.3600001e+01 ; 9.6391441e+01 
3.500e+01 ; 5.600e+00 ; 1.400e+00 ; 5.3601001e+01 ; 9.6391029e+01 
3.500e+01 ; 5.600e+00 ; 1.400e+00 ; 5.3602001e+01 ; 9.6390617e+01 
3.500e+01 ; 5.600e+00 ; 1.400e+00 ; 5.3603001e+01 ; 9.6390213e+01 
3.500e+01 ; 5.600e+00 ; 1.400e+00 ; 5.3605001e+01 ; 9.6389389e+01 
3.500e+01 ; 5.600e+00 ; 1.400e+00 ; 5.3609001e+01 ; 9.6387749e+01 
3.500e+01 ; 5.600e+00 ; 1.400e+00 ; 5.3617001e+01 ; 9.6384476e+01 
3.500e+01 ; 5.600e+00 ; 1.400e+00 ; 5.3633001e+01 ; 9.6377960e+01 
3.500e+01 ; 5.600e+00 ; 1.400e+00 ; 5.3665001e+01 ; 9.6365051e+01 
3.500e+01 ; 5.600e+00 ; 1.400e+00 ; 5.3729001e+01 ; 9.6339828e+01 
3.500e+01 ; 5.600e+00 ; 1.400e+00 ; 5.3857001e+01 ; 9.6292168e+01 
3.500e+01 ; 5.600e+00 ; 1.400e+00 ; 5.4113001e+01 ; 9.6211052e+01 
3.500e+01 ; 5.600e+00 ; 1.400e+00 ; 5.4400001e+01 ; 9.6140594e+01 
3.500e+01 ; 5.600e+00 ; 1.400e+00 ; 5.4400001e+01 ; 9.6140594e+01 
3.500e+01 ; 5.600e+00 ; 1.400e+00 ; 5.4401001e+01 ; 9.6140350e+01 
3.500e+01 ; 5.600e+00 ; 1.400e+00 ; 5.4402001e+01 ; 9.6140106e+01 
3.500e+01 ; 5.600e+00 ; 1.400e+00 ; 5.4403001e+01 ; 9.6139862e+01 
3.500e+01 ; 5.600e+00 ; 1.400e+00 ; 5.4405001e+01 ; 9.6139374e+01 
3.500e+01 ; 5.600e+00 ; 1.400e+00 ; 5.4409001e+01 ; 9.6138397e+01 
3.500e+01 ; 5.600e+00 ; 1.400e+00 ; 5.4417001e+01 ; 9.6136475e+01 
3.500e+01 ; 5.600e+00 ; 1.400e+00 ; 5.4433001e+01 ; 9.6132675e+01 
3.500e+01 ; 5.600e+00 ; 1.400e+00 ; 5.4465001e+01 ; 9.6125359e+01 
3.500e+01 ; 5.600e+00 ; 1.400e+00 ; 5.4529001e+01 ; 9.6111839e+01 
3.500e+01 ; 5.600e+00 ; 1.400e+00 ; 5.4657001e+01 ; 9.6089676e+01 
3.500e+01 ; 5.600e+00 ; 1.400e+00 ; 5.4913001e+01 ; 9.6066658e+01 
3.500e+01 ; 5.600e+00 ; 1.400e+00 ; 5.5200001e+01 ; 9.6068336e+01 
3.500e+01 ; 5.600e+00 ; 1.400e+00 ; 5.5200001e+01 ; 9.6068336e+01 
3.500e+01 ; 5.600e+00 ; 1.400e+00 ; 5.5201001e+01 ; 9.6068344e+01 
3.500e+01 ; 5.600e+00 ; 1.400e+00 ; 5.5202001e+01 ; 9.6068352e+01 
3.500e+01 ; 5.600e+00 ; 1.400e+00 ; 5.5203001e+01 ; 9.6068352e+01 
3.500e+01 ; 5.600e+00 ; 1.400e+00 ; 5.5205001e+01 ; 9.6068367e+01 
3.500e+01 ; 5.600e+00 ; 1.400e+00 ; 5.5209001e+01 ; 9.6068405e+01 
3.500e+01 ; 5.600e+00 ; 1.400e+00 ; 5.5217001e+01 ; 9.6068497e+01 
3.500e+01 ; 5.600e+00 ; 1.400e+00 ; 5.5233001e+01 ; 9.6068771e+01 
3.500e+01 ; 5.600e+00 ; 1.400e+00 ; 5.5265001e+01 ; 9.6069656e+01 
3.500e+01 ; 5.600e+00 ; 1.400e+00 ; 5.5329001e+01 ; 9.6072823e+01 
3.500e+01 ; 5.600e+00 ; 1.400e+00 ; 5.5457001e+01 ; 9.6084778e+01 
3.500e+01 ; 5.600e+00 ; 1.400e+00 ; 5.5713001e+01 ; 9.6130402e+01 
3.500e+01 ; 5.600e+00 ; 1.400e+00 ; 5.6000001e+01 ; 9.6206573e+01 
3.500e+01 ; 5.600e+00 ; 1.400e+00 ; 5.6000001e+01 ; 9.6206573e+01 
3.500e+01 ; 5.600e+00 ; 1.400e+00 ; 5.6001001e+01 ; 9.6206841e+01 
3.500e+01 ; 5.600e+00 ; 1.400e+00 ; 5.6002001e+01 ; 9.6207108e+01 
3.500e+01 ; 5.600e+00 ; 1.400e+00 ; 5.6003001e+01 ; 9.6207375e+01 
3.500e+01 ; 5.600e+00 ; 1.400e+00 ; 5.6005001e+01 ; 9.6207909e+01 
3.500e+01 ; 5.600e+00 ; 1.400e+00 ; 5.6009001e+01 ; 9.6208984e+01 
3.500e+01 ; 5.600e+00 ; 1.400e+00 ; 5.6017001e+01 ; 9.6211143e+01 
3.500e+01 ; 5.600e+00 ; 1.400e+00 ; 5.6033001e+01 ; 9.6215553e+01 
3.500e+01 ; 5.600e+00 ; 1.400e+00 ; 5.6065001e+01 ; 9.6224670e+01 
3.500e+01 ; 5.600e+00 ; 1.400e+00 ; 5.6129001e+01 ; 9.6244095e+01 
3.500e+01 ; 5.600e+00 ; 1.400e+00 ; 5.6257001e+01 ; 9.6287422e+01 
3.500e+01 ; 5.600e+00 ; 1.400e+00 ; 5.6513001e+01 ; 9.6389404e+01 
3.500e+01 ; 5.600e+00 ; 1.400e+00 ; 5.6800001e+01 ; 9.6519081e+01 
3.500e+01 ; 5.600e+00 ; 1.400e+00 ; 5.6800001e+01 ; 9.6519081e+01 
3.500e+01 ; 5.600e+00 ; 1.400e+00 ; 5.6801001e+01 ; 9.6519531e+01 
3.500e+01 ; 5.600e+00 ; 1.400e+00 ; 5.6802001e+01 ; 9.6519989e+01 
3.500e+01 ; 5.600e+00 ; 1.400e+00 ; 5.6803001e+01 ; 9.6520439e+01 
3.500e+01 ; 5.600e+00 ; 1.400e+00 ; 5.6805001e+01 ; 9.6521347e+01 
3.500e+01 ; 5.600e+00 ; 1.400e+00 ; 5.6809001e+01 ; 9.6523155e+01 
3.500e+01 ; 5.600e+00 ; 1.400e+00 ; 5.6817001e+01 ; 9.6526794e+01 
3.500e+01 ; 5.600e+00 ; 1.400e+00 ; 5.6833001e+01 ; 9.6534126e+01 
3.500e+01 ; 5.600e+00 ; 1.400e+00 ; 5.6865001e+01 ; 9.6548958e+01 
3.500e+01 ; 5.600e+00 ; 1.400e+00 ; 5.6929001e+01 ; 9.6579292e+01 
3.500e+01 ; 5.600e+00 ; 1.400e+00 ; 5.7057001e+01 ; 9.6642296e+01 
3.500e+01 ; 5.600e+00 ; 1.400e+00 ; 5.7313001e+01 ; 9.6774864e+01 
3.500e+01 ; 5.600e+00 ; 1.400e+00 ; 5.7600001e+01 ; 9.6928162e+01 
3.500e+01 ; 5.600e+00 ; 1.400e+00 ; 5.7600001e+01 ; 9.6928162e+01 
3.500e+01 ; 5.600e+00 ; 1.400e+00 ; 5.7601001e+01 ; 9.6928696e+01 
3.500e+01 ; 5.600e+00 ; 1.400e+00 ; 5.7602001e+01 ; 9.6929230e+01 
3.500e+01 ; 5.600e+00 ; 1.400e+00 ; 5.7603001e+01 ; 9.6929764e+01 
3.500e+01 ; 5.600e+00 ; 1.400e+00 ; 5.7605001e+01 ; 9.6930832e+01 
3.500e+01 ; 5.600e+00 ; 1.400e+00 ; 5.7609001e+01 ; 9.6932976e+01 
3.500e+01 ; 5.600e+00 ; 1.400e+00 ; 5.7617001e+01 ; 9.6937256e+01 
3.500e+01 ; 5.600e+00 ; 1.400e+00 ; 5.7633001e+01 ; 9.6945831e+01 
3.500e+01 ; 5.600e+00 ; 1.400e+00 ; 5.7665001e+01 ; 9.6963028e+01 
3.500e+01 ; 5.600e+00 ; 1.400e+00 ; 5.7729001e+01 ; 9.6997581e+01 
3.500e+01 ; 5.600e+00 ; 1.400e+00 ; 5.7857001e+01 ; 9.7067017e+01 
3.500e+01 ; 5.600e+00 ; 1.400e+00 ; 5.8113001e+01 ; 9.7205276e+01 
3.500e+01 ; 5.600e+00 ; 1.400e+00 ; 5.8400001e+01 ; 9.7357147e+01 
3.500e+01 ; 5.600e+00 ; 1.400e+00 ; 5.8400001e+01 ; 9.7357147e+01 
3.500e+01 ; 5.600e+00 ; 1.400e+00 ; 5.8401001e+01 ; 9.7357681e+01 
3.500e+01 ; 5.600e+00 ; 1.400e+00 ; 5.8402001e+01 ; 9.7358208e+01 
3.500e+01 ; 5.600e+00 ; 1.400e+00 ; 5.8403001e+01 ; 9.7358742e+01 
3.500e+01 ; 5.600e+00 ; 1.400e+00 ; 5.8405001e+01 ; 9.7359795e+01 
3.500e+01 ; 5.600e+00 ; 1.400e+00 ; 5.8409001e+01 ; 9.7361908e+01 
3.500e+01 ; 5.600e+00 ; 1.400e+00 ; 5.8417001e+01 ; 9.7366142e+01 
3.500e+01 ; 5.600e+00 ; 1.400e+00 ; 5.8433001e+01 ; 9.7374588e+01 
3.500e+01 ; 5.600e+00 ; 1.400e+00 ; 5.8465001e+01 ; 9.7391434e+01 
3.500e+01 ; 5.600e+00 ; 1.400e+00 ; 5.8529001e+01 ; 9.7424919e+01 
3.500e+01 ; 5.600e+00 ; 1.400e+00 ; 5.8657001e+01 ; 9.7490898e+01 
3.500e+01 ; 5.600e+00 ; 1.400e+00 ; 5.8913001e+01 ; 9.7617760e+01 
3.500e+01 ; 5.600e+00 ; 1.400e+00 ; 5.9200001e+01 ; 9.7752350e+01 
3.500e+01 ; 5.600e+00 ; 1.400e+00 ; 5.9200001e+01 ; 9.7752350e+01 
3.500e+01 ; 5.600e+00 ; 1.400e+00 ; 5.9201001e+01 ; 9.7752815e+01 
3.500e+01 ; 5.600e+00 ; 1.400e+00 ; 5.9202001e+01 ; 9.7753288e+01 
3.500e+01 ; 5.600e+00 ; 1.400e+00 ; 5.9203001e+01 ; 9.7753754e+01 
3.500e+01 ; 5.600e+00 ; 1.400e+00 ; 5.9205001e+01 ; 9.7754692e+01 
3.500e+01 ; 5.600e+00 ; 1.400e+00 ; 5.9209001e+01 ; 9.7756561e+01 
3.500e+01 ; 5.600e+00 ; 1.400e+00 ; 5.9217001e+01 ; 9.7760307e+01 
3.500e+01 ; 5.600e+00 ; 1.400e+00 ; 5.9233001e+01 ; 9.7767761e+01 
3.500e+01 ; 5.600e+00 ; 1.400e+00 ; 5.9265001e+01 ; 9.7782570e+01 
3.500e+01 ; 5.600e+00 ; 1.400e+00 ; 5.9329001e+01 ; 9.7811783e+01 
3.500e+01 ; 5.600e+00 ; 1.400e+00 ; 5.9457001e+01 ; 9.7868500e+01 
3.500e+01 ; 5.600e+00 ; 1.400e+00 ; 5.9713001e+01 ; 9.7974648e+01 
3.500e+01 ; 5.600e+00 ; 1.400e+00 ; 6.0000001e+01 ; 9.8084023e+01 
3.500e+01 ; 5.600e+00 ; 1.400e+00 ; 6.0000001e+01 ; 9.8084023e+01 
3.500e+01 ; 5.600e+00 ; 1.400e+00 ; 6.0001001e+01 ; 9.8084404e+01 
3.500e+01 ; 5.600e+00 ; 1.400e+00 ; 6.0002001e+01 ; 9.8084785e+01 
3.500e+01 ; 5.600e+00 ; 1.400e+00 ; 6.0003001e+01 ; 9.8085167e+01 
3.500e+01 ; 5.600e+00 ; 1.400e+00 ; 6.0005001e+01 ; 9.8085930e+01 
3.500e+01 ; 5.600e+00 ; 1.400e+00 ; 6.0009001e+01 ; 9.8087448e+01 
3.500e+01 ; 5.600e+00 ; 1.400e+00 ; 6.0017001e+01 ; 9.8090485e+01 
3.500e+01 ; 5.600e+00 ; 1.400e+00 ; 6.0033001e+01 ; 9.8096519e+01 
3.500e+01 ; 5.600e+00 ; 1.400e+00 ; 6.0065001e+01 ; 9.8108467e+01 
3.500e+01 ; 5.600e+00 ; 1.400e+00 ; 6.0129001e+01 ; 9.8131882e+01 
3.500e+01 ; 5.600e+00 ; 1.400e+00 ; 6.0257001e+01 ; 9.8176743e+01 
3.500e+01 ; 5.600e+00 ; 1.400e+00 ; 6.0513001e+01 ; 9.8258499e+01 
3.500e+01 ; 5.600e+00 ; 1.400e+00 ; 6.0800001e+01 ; 9.8340172e+01 
3.500e+01 ; 5.600e+00 ; 1.400e+00 ; 6.0800001e+01 ; 9.8340172e+01 
3.500e+01 ; 5.600e+00 ; 1.400e+00 ; 6.0801001e+01 ; 9.8340462e+01 
3.500e+01 ; 5.600e+00 ; 1.400e+00 ; 6.0802001e+01 ; 9.8340744e+01 
3.500e+01 ; 5.600e+00 ; 1.400e+00 ; 6.0803001e+01 ; 9.8341026e+01 
3.500e+01 ; 5.600e+00 ; 1.400e+00 ; 6.0805001e+01 ; 9.8341599e+01 
3.500e+01 ; 5.600e+00 ; 1.400e+00 ; 6.0809001e+01 ; 9.8342728e+01 
3.500e+01 ; 5.600e+00 ; 1.400e+00 ; 6.0817001e+01 ; 9.8344994e+01 
3.500e+01 ; 5.600e+00 ; 1.400e+00 ; 6.0833001e+01 ; 9.8349480e+01 
3.500e+01 ; 5.600e+00 ; 1.400e+00 ; 6.0865001e+01 ; 9.8358337e+01 
3.500e+01 ; 5.600e+00 ; 1.400e+00 ; 6.0929001e+01 ; 9.8375549e+01 
3.500e+01 ; 5.600e+00 ; 1.400e+00 ; 6.1057001e+01 ; 9.8408012e+01 
3.500e+01 ; 5.600e+00 ; 1.400e+00 ; 6.1313001e+01 ; 9.8465233e+01 
3.500e+01 ; 5.600e+00 ; 1.400e+00 ; 6.1600001e+01 ; 9.8519958e+01 
3.500e+01 ; 5.600e+00 ; 1.400e+00 ; 6.1600001e+01 ; 9.8519958e+01 
3.500e+01 ; 5.600e+00 ; 1.400e+00 ; 6.1601001e+01 ; 9.8520149e+01 
3.500e+01 ; 5.600e+00 ; 1.400e+00 ; 6.1602001e+01 ; 9.8520340e+01 
3.500e+01 ; 5.600e+00 ; 1.400e+00 ; 6.1603001e+01 ; 9.8520531e+01 
3.500e+01 ; 5.600e+00 ; 1.400e+00 ; 6.1605001e+01 ; 9.8520912e+01 
3.500e+01 ; 5.600e+00 ; 1.400e+00 ; 6.1609001e+01 ; 9.8521667e+01 
3.500e+01 ; 5.600e+00 ; 1.400e+00 ; 6.1617001e+01 ; 9.8523178e+01 
3.500e+01 ; 5.600e+00 ; 1.400e+00 ; 6.1633001e+01 ; 9.8526169e+01 
3.500e+01 ; 5.600e+00 ; 1.400e+00 ; 6.1665001e+01 ; 9.8532036e+01 
3.500e+01 ; 5.600e+00 ; 1.400e+00 ; 6.1729001e+01 ; 9.8543312e+01 
3.500e+01 ; 5.600e+00 ; 1.400e+00 ; 6.1857001e+01 ; 9.8564034e+01 
3.500e+01 ; 5.600e+00 ; 1.400e+00 ; 6.2113001e+01 ; 9.8598488e+01 
3.500e+01 ; 5.600e+00 ; 1.400e+00 ; 6.2400001e+01 ; 9.8628723e+01 
3.500e+01 ; 5.600e+00 ; 1.400e+00 ; 6.2400001e+01 ; 9.8628723e+01 
3.500e+01 ; 5.600e+00 ; 1.400e+00 ; 6.2401001e+01 ; 9.8628822e+01 
3.500e+01 ; 5.600e+00 ; 1.400e+00 ; 6.2402001e+01 ; 9.8628929e+01 
3.500e+01 ; 5.600e+00 ; 1.400e+00 ; 6.2403001e+01 ; 9.8629036e+01 
3.500e+01 ; 5.600e+00 ; 1.400e+00 ; 6.2405001e+01 ; 9.8629242e+01 
3.500e+01 ; 5.600e+00 ; 1.400e+00 ; 6.2409001e+01 ; 9.8629662e+01 
3.500e+01 ; 5.600e+00 ; 1.400e+00 ; 6.2417001e+01 ; 9.8630493e+01 
3.500e+01 ; 5.600e+00 ; 1.400e+00 ; 6.2433001e+01 ; 9.8632126e+01 
3.500e+01 ; 5.600e+00 ; 1.400e+00 ; 6.2465001e+01 ; 9.8635284e+01 
3.500e+01 ; 5.600e+00 ; 1.400e+00 ; 6.2529001e+01 ; 9.8641197e+01 
3.500e+01 ; 5.600e+00 ; 1.400e+00 ; 6.2657001e+01 ; 9.8651421e+01 
3.500e+01 ; 5.600e+00 ; 1.400e+00 ; 6.2913001e+01 ; 9.8665787e+01 
3.500e+01 ; 5.600e+00 ; 1.400e+00 ; 6.3200001e+01 ; 9.8674683e+01 
3.500e+01 ; 5.600e+00 ; 1.400e+00 ; 6.3200001e+01 ; 9.8674683e+01 
3.500e+01 ; 5.600e+00 ; 1.400e+00 ; 6.3201001e+01 ; 9.8674713e+01 
3.500e+01 ; 5.600e+00 ; 1.400e+00 ; 6.3202001e+01 ; 9.8674744e+01 
3.500e+01 ; 5.600e+00 ; 1.400e+00 ; 6.3203001e+01 ; 9.8674774e+01 
3.500e+01 ; 5.600e+00 ; 1.400e+00 ; 6.3205001e+01 ; 9.8674835e+01 
3.500e+01 ; 5.600e+00 ; 1.400e+00 ; 6.3209001e+01 ; 9.8674950e+01 
3.500e+01 ; 5.600e+00 ; 1.400e+00 ; 6.3217001e+01 ; 9.8675186e+01 
3.500e+01 ; 5.600e+00 ; 1.400e+00 ; 6.3233001e+01 ; 9.8675636e+01 
3.500e+01 ; 5.600e+00 ; 1.400e+00 ; 6.3265001e+01 ; 9.8676453e+01 
3.500e+01 ; 5.600e+00 ; 1.400e+00 ; 6.3329001e+01 ; 9.8677719e+01 
3.500e+01 ; 5.600e+00 ; 1.400e+00 ; 6.3457001e+01 ; 9.8678909e+01 
3.500e+01 ; 5.600e+00 ; 1.400e+00 ; 6.3713001e+01 ; 9.8676163e+01 
3.500e+01 ; 5.600e+00 ; 1.400e+00 ; 6.4000001e+01 ; 9.8667099e+01 
3.500e+01 ; 5.600e+00 ; 1.400e+00 ; 6.4000001e+01 ; 9.8667099e+01 
3.500e+01 ; 5.600e+00 ; 1.400e+00 ; 6.4001001e+01 ; 9.8667068e+01 
3.500e+01 ; 5.600e+00 ; 1.400e+00 ; 6.4002001e+01 ; 9.8667038e+01 
3.500e+01 ; 5.600e+00 ; 1.400e+00 ; 6.4003001e+01 ; 9.8667000e+01 
3.500e+01 ; 5.600e+00 ; 1.400e+00 ; 6.4005001e+01 ; 9.8666939e+01 
3.500e+01 ; 5.600e+00 ; 1.400e+00 ; 6.4009001e+01 ; 9.8666809e+01 
3.500e+01 ; 5.600e+00 ; 1.400e+00 ; 6.4017001e+01 ; 9.8666550e+01 
3.500e+01 ; 5.600e+00 ; 1.400e+00 ; 6.4033001e+01 ; 9.8666008e+01 
3.500e+01 ; 5.600e+00 ; 1.400e+00 ; 6.4065001e+01 ; 9.8664841e+01 
3.500e+01 ; 5.600e+00 ; 1.400e+00 ; 6.4129001e+01 ; 9.8662239e+01 
3.500e+01 ; 5.600e+00 ; 1.400e+00 ; 6.4257001e+01 ; 9.8655914e+01 
3.500e+01 ; 5.600e+00 ; 1.400e+00 ; 6.4513001e+01 ; 9.8639206e+01 
3.500e+01 ; 5.600e+00 ; 1.400e+00 ; 6.4800001e+01 ; 9.8615883e+01 
3.500e+01 ; 5.600e+00 ; 1.400e+00 ; 6.4800001e+01 ; 9.8615883e+01 
3.500e+01 ; 5.600e+00 ; 1.400e+00 ; 6.4801001e+01 ; 9.8615799e+01 
3.500e+01 ; 5.600e+00 ; 1.400e+00 ; 6.4802001e+01 ; 9.8615723e+01 
3.500e+01 ; 5.600e+00 ; 1.400e+00 ; 6.4803001e+01 ; 9.8615639e+01 
3.500e+01 ; 5.600e+00 ; 1.400e+00 ; 6.4805001e+01 ; 9.8615479e+01 
3.500e+01 ; 5.600e+00 ; 1.400e+00 ; 6.4809001e+01 ; 9.8615150e+01 
3.500e+01 ; 5.600e+00 ; 1.400e+00 ; 6.4817001e+01 ; 9.8614494e+01 
3.500e+01 ; 5.600e+00 ; 1.400e+00 ; 6.4833001e+01 ; 9.8613159e+01 
3.500e+01 ; 5.600e+00 ; 1.400e+00 ; 6.4865001e+01 ; 9.8610451e+01 
3.500e+01 ; 5.600e+00 ; 1.400e+00 ; 6.4929001e+01 ; 9.8604805e+01 
3.500e+01 ; 5.600e+00 ; 1.400e+00 ; 6.5057001e+01 ; 9.8592705e+01 
3.500e+01 ; 5.600e+00 ; 1.400e+00 ; 6.5313001e+01 ; 9.8565742e+01 
3.500e+01 ; 5.600e+00 ; 1.400e+00 ; 6.5600001e+01 ; 9.8532745e+01 
3.500e+01 ; 5.600e+00 ; 1.400e+00 ; 6.5600001e+01 ; 9.8532745e+01 
3.500e+01 ; 5.600e+00 ; 1.400e+00 ; 6.5601001e+01 ; 9.8532631e+01 
3.500e+01 ; 5.600e+00 ; 1.400e+00 ; 6.5602001e+01 ; 9.8532516e+01 
3.500e+01 ; 5.600e+00 ; 1.400e+00 ; 6.5603001e+01 ; 9.8532402e+01 
3.500e+01 ; 5.600e+00 ; 1.400e+00 ; 6.5605001e+01 ; 9.8532173e+01 
3.500e+01 ; 5.600e+00 ; 1.400e+00 ; 6.5609001e+01 ; 9.8531715e+01 
3.500e+01 ; 5.600e+00 ; 1.400e+00 ; 6.5617001e+01 ; 9.8530785e+01 
3.500e+01 ; 5.600e+00 ; 1.400e+00 ; 6.5633001e+01 ; 9.8528931e+01 
3.500e+01 ; 5.600e+00 ; 1.400e+00 ; 6.5665001e+01 ; 9.8525185e+01 
3.500e+01 ; 5.600e+00 ; 1.400e+00 ; 6.5729001e+01 ; 9.8517570e+01 
3.500e+01 ; 5.600e+00 ; 1.400e+00 ; 6.5857001e+01 ; 9.8501923e+01 
3.500e+01 ; 5.600e+00 ; 1.400e+00 ; 6.6113001e+01 ; 9.8469582e+01 
3.500e+01 ; 5.600e+00 ; 1.400e+00 ; 6.6400001e+01 ; 9.8432838e+01 
3.500e+01 ; 5.600e+00 ; 1.400e+00 ; 6.6400001e+01 ; 9.8432838e+01 
3.500e+01 ; 5.600e+00 ; 1.400e+00 ; 6.6401001e+01 ; 9.8432716e+01 
3.500e+01 ; 5.600e+00 ; 1.400e+00 ; 6.6402001e+01 ; 9.8432587e+01 
3.500e+01 ; 5.600e+00 ; 1.400e+00 ; 6.6403001e+01 ; 9.8432457e+01 
3.500e+01 ; 5.600e+00 ; 1.400e+00 ; 6.6405001e+01 ; 9.8432198e+01 
3.500e+01 ; 5.600e+00 ; 1.400e+00 ; 6.6409001e+01 ; 9.8431686e+01 
3.500e+01 ; 5.600e+00 ; 1.400e+00 ; 6.6417001e+01 ; 9.8430664e+01 
3.500e+01 ; 5.600e+00 ; 1.400e+00 ; 6.6433001e+01 ; 9.8428612e+01 
3.500e+01 ; 5.600e+00 ; 1.400e+00 ; 6.6465001e+01 ; 9.8424507e+01 
3.500e+01 ; 5.600e+00 ; 1.400e+00 ; 6.6529001e+01 ; 9.8416298e+01 
3.500e+01 ; 5.600e+00 ; 1.400e+00 ; 6.6657001e+01 ; 9.8399933e+01 
3.500e+01 ; 5.600e+00 ; 1.400e+00 ; 6.6913001e+01 ; 9.8368065e+01 
3.500e+01 ; 5.600e+00 ; 1.400e+00 ; 6.7200001e+01 ; 9.8334213e+01 
3.500e+01 ; 5.600e+00 ; 1.400e+00 ; 6.7200001e+01 ; 9.8334213e+01 
3.500e+01 ; 5.600e+00 ; 1.400e+00 ; 6.7201001e+01 ; 9.8334099e+01 
3.500e+01 ; 5.600e+00 ; 1.400e+00 ; 6.7202001e+01 ; 9.8333977e+01 
3.500e+01 ; 5.600e+00 ; 1.400e+00 ; 6.7203001e+01 ; 9.8333862e+01 
3.500e+01 ; 5.600e+00 ; 1.400e+00 ; 6.7205001e+01 ; 9.8333626e+01 
3.500e+01 ; 5.600e+00 ; 1.400e+00 ; 6.7209001e+01 ; 9.8333153e+01 
3.500e+01 ; 5.600e+00 ; 1.400e+00 ; 6.7217001e+01 ; 9.8332214e+01 
3.500e+01 ; 5.600e+00 ; 1.400e+00 ; 6.7233001e+01 ; 9.8330338e+01 
3.500e+01 ; 5.600e+00 ; 1.400e+00 ; 6.7265001e+01 ; 9.8326614e+01 
3.500e+01 ; 5.600e+00 ; 1.400e+00 ; 6.7329001e+01 ; 9.8319275e+01 
3.500e+01 ; 5.600e+00 ; 1.400e+00 ; 6.7457001e+01 ; 9.8305107e+01 
3.500e+01 ; 5.600e+00 ; 1.400e+00 ; 6.7713001e+01 ; 9.8279205e+01 
3.500e+01 ; 5.600e+00 ; 1.400e+00 ; 6.8000001e+01 ; 9.8253662e+01 
3.500e+01 ; 5.600e+00 ; 1.400e+00 ; 6.8000001e+01 ; 9.8253662e+01 
3.500e+01 ; 5.600e+00 ; 1.400e+00 ; 6.8001001e+01 ; 9.8253571e+01 
3.500e+01 ; 5.600e+00 ; 1.400e+00 ; 6.8002001e+01 ; 9.8253479e+01 
3.500e+01 ; 5.600e+00 ; 1.400e+00 ; 6.8003001e+01 ; 9.8253395e+01 
3.500e+01 ; 5.600e+00 ; 1.400e+00 ; 6.8005001e+01 ; 9.8253220e+01 
3.500e+01 ; 5.600e+00 ; 1.400e+00 ; 6.8009001e+01 ; 9.8252861e+01 
3.500e+01 ; 5.600e+00 ; 1.400e+00 ; 6.8017001e+01 ; 9.8252151e+01 
3.500e+01 ; 5.600e+00 ; 1.400e+00 ; 6.8033001e+01 ; 9.8250755e+01 
3.500e+01 ; 5.600e+00 ; 1.400e+00 ; 6.8065001e+01 ; 9.8247993e+01 
3.500e+01 ; 5.600e+00 ; 1.400e+00 ; 6.8129001e+01 ; 9.8242661e+01 
3.500e+01 ; 5.600e+00 ; 1.400e+00 ; 6.8257001e+01 ; 9.8232742e+01 
3.500e+01 ; 5.600e+00 ; 1.400e+00 ; 6.8513001e+01 ; 9.8216011e+01 
3.500e+01 ; 5.600e+00 ; 1.400e+00 ; 6.8800001e+01 ; 9.8201080e+01 
3.500e+01 ; 5.600e+00 ; 1.400e+00 ; 6.8800001e+01 ; 9.8201080e+01 
3.500e+01 ; 5.600e+00 ; 1.400e+00 ; 6.8801001e+01 ; 9.8201027e+01 
3.500e+01 ; 5.600e+00 ; 1.400e+00 ; 6.8802001e+01 ; 9.8200974e+01 
3.500e+01 ; 5.600e+00 ; 1.400e+00 ; 6.8803001e+01 ; 9.8200928e+01 
3.500e+01 ; 5.600e+00 ; 1.400e+00 ; 6.8805001e+01 ; 9.8200821e+01 
3.500e+01 ; 5.600e+00 ; 1.400e+00 ; 6.8809001e+01 ; 9.8200615e+01 
3.500e+01 ; 5.600e+00 ; 1.400e+00 ; 6.8817001e+01 ; 9.8200203e+01 
3.500e+01 ; 5.600e+00 ; 1.400e+00 ; 6.8833001e+01 ; 9.8199394e+01 
3.500e+01 ; 5.600e+00 ; 1.400e+00 ; 6.8865001e+01 ; 9.8197830e+01 
3.500e+01 ; 5.600e+00 ; 1.400e+00 ; 6.8929001e+01 ; 9.8194878e+01 
3.500e+01 ; 5.600e+00 ; 1.400e+00 ; 6.9057001e+01 ; 9.8189720e+01 
3.500e+01 ; 5.600e+00 ; 1.400e+00 ; 6.9313001e+01 ; 9.8182098e+01 
3.500e+01 ; 5.600e+00 ; 1.400e+00 ; 6.9600001e+01 ; 9.8176514e+01 
3.500e+01 ; 5.600e+00 ; 1.400e+00 ; 6.9600001e+01 ; 9.8176514e+01 
3.500e+01 ; 5.600e+00 ; 1.400e+00 ; 6.9601001e+01 ; 9.8176491e+01 
3.500e+01 ; 5.600e+00 ; 1.400e+00 ; 6.9602001e+01 ; 9.8176468e+01 
3.500e+01 ; 5.600e+00 ; 1.400e+00 ; 6.9603001e+01 ; 9.8176453e+01 
3.500e+01 ; 5.600e+00 ; 1.400e+00 ; 6.9605001e+01 ; 9.8176414e+01 
3.500e+01 ; 5.600e+00 ; 1.400e+00 ; 6.9609001e+01 ; 9.8176338e+01 
3.500e+01 ; 5.600e+00 ; 1.400e+00 ; 6.9617001e+01 ; 9.8176186e+01 
3.500e+01 ; 5.600e+00 ; 1.400e+00 ; 6.9633001e+01 ; 9.8175896e+01 
3.500e+01 ; 5.600e+00 ; 1.400e+00 ; 6.9665001e+01 ; 9.8175346e+01 
3.500e+01 ; 5.600e+00 ; 1.400e+00 ; 6.9729001e+01 ; 9.8174377e+01 
3.500e+01 ; 5.600e+00 ; 1.400e+00 ; 6.9857001e+01 ; 9.8172951e+01 
3.500e+01 ; 5.600e+00 ; 1.400e+00 ; 7.0113001e+01 ; 9.8171692e+01 
3.500e+01 ; 5.600e+00 ; 1.400e+00 ; 7.0400001e+01 ; 9.8171661e+01 
3.500e+01 ; 5.600e+00 ; 1.400e+00 ; 7.0400001e+01 ; 9.8171661e+01 
3.500e+01 ; 5.600e+00 ; 1.400e+00 ; 7.0401001e+01 ; 9.8171661e+01 
3.500e+01 ; 5.600e+00 ; 1.400e+00 ; 7.0402001e+01 ; 9.8171661e+01 
3.500e+01 ; 5.600e+00 ; 1.400e+00 ; 7.0403001e+01 ; 9.8171661e+01 
3.500e+01 ; 5.600e+00 ; 1.400e+00 ; 7.0405001e+01 ; 9.8171661e+01 
3.500e+01 ; 5.600e+00 ; 1.400e+00 ; 7.0409001e+01 ; 9.8171661e+01 
3.500e+01 ; 5.600e+00 ; 1.400e+00 ; 7.0417001e+01 ; 9.8171669e+01 
3.500e+01 ; 5.600e+00 ; 1.400e+00 ; 7.0433001e+01 ; 9.8171677e+01 
3.500e+01 ; 5.600e+00 ; 1.400e+00 ; 7.0465001e+01 ; 9.8171707e+01 
3.500e+01 ; 5.600e+00 ; 1.400e+00 ; 7.0529001e+01 ; 9.8171822e+01 
3.500e+01 ; 5.600e+00 ; 1.400e+00 ; 7.0657001e+01 ; 9.8172218e+01 
3.500e+01 ; 5.600e+00 ; 1.400e+00 ; 7.0913001e+01 ; 9.8173264e+01 
3.500e+01 ; 5.600e+00 ; 1.400e+00 ; 7.1200001e+01 ; 9.8174141e+01 
3.500e+01 ; 5.600e+00 ; 1.400e+00 ; 7.1200001e+01 ; 9.8174141e+01 
3.500e+01 ; 5.600e+00 ; 1.400e+00 ; 7.1201001e+01 ; 9.8174149e+01 
3.500e+01 ; 5.600e+00 ; 1.400e+00 ; 7.1202001e+01 ; 9.8174149e+01 
3.500e+01 ; 5.600e+00 ; 1.400e+00 ; 7.1203001e+01 ; 9.8174149e+01 
3.500e+01 ; 5.600e+00 ; 1.400e+00 ; 7.1205001e+01 ; 9.8174156e+01 
3.500e+01 ; 5.600e+00 ; 1.400e+00 ; 7.1209001e+01 ; 9.8174171e+01 
3.500e+01 ; 5.600e+00 ; 1.400e+00 ; 7.1217001e+01 ; 9.8174194e+01 
3.500e+01 ; 5.600e+00 ; 1.400e+00 ; 7.1233001e+01 ; 9.8174240e+01 
3.500e+01 ; 5.600e+00 ; 1.400e+00 ; 7.1265001e+01 ; 9.8174332e+01 
3.500e+01 ; 5.600e+00 ; 1.400e+00 ; 7.1329001e+01 ; 9.8174484e+01 
3.500e+01 ; 5.600e+00 ; 1.400e+00 ; 7.1457001e+01 ; 9.8174629e+01 
3.500e+01 ; 5.600e+00 ; 1.400e+00 ; 7.1713001e+01 ; 9.8173927e+01 
3.500e+01 ; 5.600e+00 ; 1.400e+00 ; 7.2000001e+01 ; 9.8171440e+01 
3.500e+01 ; 5.600e+00 ; 1.400e+00 ; 7.2000001e+01 ; 9.8171440e+01 
3.500e+01 ; 5.600e+00 ; 1.400e+00 ; 7.2001001e+01 ; 9.8171432e+01 
3.500e+01 ; 5.600e+00 ; 1.400e+00 ; 7.2002001e+01 ; 9.8171425e+01 
3.500e+01 ; 5.600e+00 ; 1.400e+00 ; 7.2003001e+01 ; 9.8171417e+01 
3.500e+01 ; 5.600e+00 ; 1.400e+00 ; 7.2005001e+01 ; 9.8171402e+01 
3.500e+01 ; 5.600e+00 ; 1.400e+00 ; 7.2009001e+01 ; 9.8171364e+01 
3.500e+01 ; 5.600e+00 ; 1.400e+00 ; 7.2017001e+01 ; 9.8171295e+01 
3.500e+01 ; 5.600e+00 ; 1.400e+00 ; 7.2033001e+01 ; 9.8171143e+01 
3.500e+01 ; 5.600e+00 ; 1.400e+00 ; 7.2065001e+01 ; 9.8170822e+01 
3.500e+01 ; 5.600e+00 ; 1.400e+00 ; 7.2129001e+01 ; 9.8170082e+01 
3.500e+01 ; 5.600e+00 ; 1.400e+00 ; 7.2257001e+01 ; 9.8168190e+01 
3.500e+01 ; 5.600e+00 ; 1.400e+00 ; 7.2513001e+01 ; 9.8162491e+01 
3.500e+01 ; 5.600e+00 ; 1.400e+00 ; 7.2800001e+01 ; 9.8153381e+01 
3.500e+01 ; 5.600e+00 ; 1.400e+00 ; 7.2800001e+01 ; 9.8153381e+01 
3.500e+01 ; 5.600e+00 ; 1.400e+00 ; 7.2810001e+01 ; 9.8153053e+01 
3.500e+01 ; 5.600e+00 ; 1.400e+00 ; 7.2820001e+01 ; 9.8152733e+01 
3.500e+01 ; 5.600e+00 ; 1.400e+00 ; 7.2830001e+01 ; 9.8152405e+01 
3.500e+01 ; 5.600e+00 ; 1.400e+00 ; 7.2850001e+01 ; 9.8151733e+01 
3.500e+01 ; 5.600e+00 ; 1.400e+00 ; 7.2890001e+01 ; 9.8150345e+01 
3.500e+01 ; 5.600e+00 ; 1.400e+00 ; 7.2970001e+01 ; 9.8147339e+01 
3.500e+01 ; 5.600e+00 ; 1.400e+00 ; 7.3130001e+01 ; 9.8140388e+01 
3.500e+01 ; 5.600e+00 ; 1.400e+00 ; 7.3450001e+01 ; 9.8122459e+01 
3.500e+01 ; 5.600e+00 ; 1.400e+00 ; 7.4090001e+01 ; 9.8069458e+01 
3.500e+01 ; 5.600e+00 ; 1.400e+00 ; 7.5370001e+01 ; 9.7896667e+01 
3.500e+01 ; 5.600e+00 ; 1.400e+00 ; 7.7290001e+01 ; 9.7515770e+01 
3.500e+01 ; 5.600e+00 ; 1.400e+00 ; 7.7800001e+01 ; 9.7406616e+01