X ; Y ; Z ; time ; Temperature 
3.500e+01 ; 2.400e+00 ; 2.100e+00 ; 0.0000000e+00 ; 2.4000000e+02 
3.500e+01 ; 2.400e+00 ; 2.100e+00 ; 1.0000000e-03 ; 2.4000000e+02 
3.500e+01 ; 2.400e+00 ; 2.100e+00 ; 2.0000001e-03 ; 2.4000000e+02 
3.500e+01 ; 2.400e+00 ; 2.100e+00 ; 3.0000000e-03 ; 2.4000000e+02 
3.500e+01 ; 2.400e+00 ; 2.100e+00 ; 4.9999999e-03 ; 2.4000000e+02 
3.500e+01 ; 2.400e+00 ; 2.100e+00 ; 8.9999996e-03 ; 2.4000000e+02 
3.500e+01 ; 2.400e+00 ; 2.100e+00 ; 1.7000001e-02 ; 2.4000000e+02 
3.500e+01 ; 2.400e+00 ; 2.100e+00 ; 3.3000000e-02 ; 2.4000000e+02 
3.500e+01 ; 2.400e+00 ; 2.100e+00 ; 6.4999998e-02 ; 2.4000000e+02 
3.500e+01 ; 2.400e+00 ; 2.100e+00 ; 1.2899999e-01 ; 2.4000000e+02 
3.500e+01 ; 2.400e+00 ; 2.100e+00 ; 2.5700000e-01 ; 2.4000000e+02 
3.500e+01 ; 2.400e+00 ; 2.100e+00 ; 5.1300001e-01 ; 2.4000000e+02 
3.500e+01 ; 2.400e+00 ; 2.100e+00 ; 7.6899999e-01 ; 2.4000000e+02 
3.500e+01 ; 2.400e+00 ; 2.100e+00 ; 8.0000001e-01 ; 2.4000000e+02 
3.500e+01 ; 2.400e+00 ; 2.100e+00 ; 8.0000001e-01 ; 2.4000000e+02 
3.500e+01 ; 2.400e+00 ; 2.100e+00 ; 8.0100001e-01 ; 2.4000000e+02 
3.500e+01 ; 2.400e+00 ; 2.100e+00 ; 8.0200001e-01 ; 2.4000000e+02 
3.500e+01 ; 2.400e+00 ; 2.100e+00 ; 8.0300001e-01 ; 2.4000000e+02 
3.500e+01 ; 2.400e+00 ; 2.100e+00 ; 8.0500001e-01 ; 2.4000000e+02 
3.500e+01 ; 2.400e+00 ; 2.100e+00 ; 8.0900001e-01 ; 2.4000000e+02 
3.500e+01 ; 2.400e+00 ; 2.100e+00 ; 8.1700001e-01 ; 2.4000000e+02 
3.500e+01 ; 2.400e+00 ; 2.100e+00 ; 8.3300001e-01 ; 2.4000000e+02 
3.500e+01 ; 2.400e+00 ; 2.100e+00 ; 8.6500001e-01 ; 2.4000000e+02 
3.500e+01 ; 2.400e+00 ; 2.100e+00 ; 9.2900001e-01 ; 2.4000000e+02 
3.500e+01 ; 2.400e+00 ; 2.100e+00 ; 1.0570000e+00 ; 2.4000000e+02 
3.500e+01 ; 2.400e+00 ; 2.100e+00 ; 1.3130000e+00 ; 2.4000000e+02 
3.500e+01 ; 2.400e+00 ; 2.100e+00 ; 1.6000000e+00 ; 2.4000000e+02 
3.500e+01 ; 2.400e+00 ; 2.100e+00 ; 1.6000000e+00 ; 2.4000000e+02 
3.500e+01 ; 2.400e+00 ; 2.100e+00 ; 1.6010000e+00 ; 2.4000000e+02 
3.500e+01 ; 2.400e+00 ; 2.100e+00 ; 1.6020000e+00 ; 2.4000000e+02 
3.500e+01 ; 2.400e+00 ; 2.100e+00 ; 1.6030000e+00 ; 2.4000000e+02 
3.500e+01 ; 2.400e+00 ; 2.100e+00 ; 1.6050000e+00 ; 2.4000000e+02 
3.500e+01 ; 2.400e+00 ; 2.100e+00 ; 1.6090000e+00 ; 2.4000000e+02 
3.500e+01 ; 2.400e+00 ; 2.100e+00 ; 1.6170000e+00 ; 2.4000000e+02 
3.500e+01 ; 2.400e+00 ; 2.100e+00 ; 1.6330000e+00 ; 2.4000000e+02 
3.500e+01 ; 2.400e+00 ; 2.100e+00 ; 1.6650000e+00 ; 2.4000000e+02 
3.500e+01 ; 2.400e+00 ; 2.100e+00 ; 1.7290000e+00 ; 2.4000000e+02 
3.500e+01 ; 2.400e+00 ; 2.100e+00 ; 1.8570000e+00 ; 2.4000000e+02 
3.500e+01 ; 2.400e+00 ; 2.100e+00 ; 2.1130000e+00 ; 2.4000000e+02 
3.500e+01 ; 2.400e+00 ; 2.100e+00 ; 2.4000000e+00 ; 2.4000000e+02 
3.500e+01 ; 2.400e+00 ; 2.100e+00 ; 2.4000000e+00 ; 2.4000000e+02 
3.500e+01 ; 2.400e+00 ; 2.100e+00 ; 2.4010000e+00 ; 2.4000000e+02 
3.500e+01 ; 2.400e+00 ; 2.100e+00 ; 2.4020000e+00 ; 2.4000000e+02 
3.500e+01 ; 2.400e+00 ; 2.100e+00 ; 2.4030000e+00 ; 2.4000000e+02 
3.500e+01 ; 2.400e+00 ; 2.100e+00 ; 2.4050000e+00 ; 2.4000000e+02 
3.500e+01 ; 2.400e+00 ; 2.100e+00 ; 2.4090000e+00 ; 2.4000000e+02 
3.500e+01 ; 2.400e+00 ; 2.100e+00 ; 2.4170000e+00 ; 2.4000000e+02 
3.500e+01 ; 2.400e+00 ; 2.100e+00 ; 2.4330000e+00 ; 2.4000000e+02 
3.500e+01 ; 2.400e+00 ; 2.100e+00 ; 2.4650000e+00 ; 2.4000000e+02 
3.500e+01 ; 2.400e+00 ; 2.100e+00 ; 2.5290000e+00 ; 2.4000000e+02 
3.500e+01 ; 2.400e+00 ; 2.100e+00 ; 2.6570000e+00 ; 2.4000000e+02 
3.500e+01 ; 2.400e+00 ; 2.100e+00 ; 2.9130000e+00 ; 2.4000000e+02 
3.500e+01 ; 2.400e+00 ; 2.100e+00 ; 3.2000000e+00 ; 2.4000000e+02 
3.500e+01 ; 2.400e+00 ; 2.100e+00 ; 3.2000000e+00 ; 2.4000000e+02 
3.500e+01 ; 2.400e+00 ; 2.100e+00 ; 3.2010000e+00 ; 2.4000000e+02 
3.500e+01 ; 2.400e+00 ; 2.100e+00 ; 3.2020000e+00 ; 2.4000000e+02 
3.500e+01 ; 2.400e+00 ; 2.100e+00 ; 3.2030000e+00 ; 2.4000000e+02 
3.500e+01 ; 2.400e+00 ; 2.100e+00 ; 3.2050000e+00 ; 2.4000000e+02 
3.500e+01 ; 2.400e+00 ; 2.100e+00 ; 3.2090000e+00 ; 2.4000000e+02 
3.500e+01 ; 2.400e+00 ; 2.100e+00 ; 3.2170000e+00 ; 2.4000000e+02 
3.500e+01 ; 2.400e+00 ; 2.100e+00 ; 3.2330000e+00 ; 2.4000000e+02 
3.500e+01 ; 2.400e+00 ; 2.100e+00 ; 3.2650000e+00 ; 2.4000000e+02 
3.500e+01 ; 2.400e+00 ; 2.100e+00 ; 3.3290000e+00 ; 2.4000000e+02 
3.500e+01 ; 2.400e+00 ; 2.100e+00 ; 3.4570000e+00 ; 2.4000000e+02 
3.500e+01 ; 2.400e+00 ; 2.100e+00 ; 3.7130001e+00 ; 2.4000000e+02 
3.500e+01 ; 2.400e+00 ; 2.100e+00 ; 4.0000001e+00 ; 2.4000000e+02 
3.500e+01 ; 2.400e+00 ; 2.100e+00 ; 4.0000001e+00 ; 2.4000000e+02 
3.500e+01 ; 2.400e+00 ; 2.100e+00 ; 4.0010001e+00 ; 2.4000000e+02 
3.500e+01 ; 2.400e+00 ; 2.100e+00 ; 4.0020001e+00 ; 2.4000000e+02 
3.500e+01 ; 2.400e+00 ; 2.100e+00 ; 4.0030001e+00 ; 2.4000000e+02 
3.500e+01 ; 2.400e+00 ; 2.100e+00 ; 4.0050001e+00 ; 2.4000000e+02 
3.500e+01 ; 2.400e+00 ; 2.100e+00 ; 4.0090001e+00 ; 2.4000000e+02 
3.500e+01 ; 2.400e+00 ; 2.100e+00 ; 4.0170001e+00 ; 2.4000000e+02 
3.500e+01 ; 2.400e+00 ; 2.100e+00 ; 4.0330001e+00 ; 2.4000000e+02 
3.500e+01 ; 2.400e+00 ; 2.100e+00 ; 4.0650001e+00 ; 2.4000000e+02 
3.500e+01 ; 2.400e+00 ; 2.100e+00 ; 4.1290001e+00 ; 2.4000000e+02 
3.500e+01 ; 2.400e+00 ; 2.100e+00 ; 4.2570001e+00 ; 2.4000000e+02 
3.500e+01 ; 2.400e+00 ; 2.100e+00 ; 4.5130001e+00 ; 2.4000000e+02 
3.500e+01 ; 2.400e+00 ; 2.100e+00 ; 4.8000001e+00 ; 2.4000000e+02 
3.500e+01 ; 2.400e+00 ; 2.100e+00 ; 4.8000001e+00 ; 2.4000000e+02 
3.500e+01 ; 2.400e+00 ; 2.100e+00 ; 4.8010001e+00 ; 2.4000000e+02 
3.500e+01 ; 2.400e+00 ; 2.100e+00 ; 4.8020001e+00 ; 2.4000000e+02 
3.500e+01 ; 2.400e+00 ; 2.100e+00 ; 4.8030001e+00 ; 2.4000000e+02 
3.500e+01 ; 2.400e+00 ; 2.100e+00 ; 4.8050001e+00 ; 2.4000000e+02 
3.500e+01 ; 2.400e+00 ; 2.100e+00 ; 4.8090001e+00 ; 2.4000000e+02 
3.500e+01 ; 2.400e+00 ; 2.100e+00 ; 4.8170001e+00 ; 2.4000000e+02 
3.500e+01 ; 2.400e+00 ; 2.100e+00 ; 4.8330001e+00 ; 2.4000000e+02 
3.500e+01 ; 2.400e+00 ; 2.100e+00 ; 4.8650001e+00 ; 2.4000000e+02 
3.500e+01 ; 2.400e+00 ; 2.100e+00 ; 4.9290001e+00 ; 2.4000000e+02 
3.500e+01 ; 2.400e+00 ; 2.100e+00 ; 5.0570001e+00 ; 2.4000000e+02 
3.500e+01 ; 2.400e+00 ; 2.100e+00 ; 5.3130001e+00 ; 2.4000000e+02 
3.500e+01 ; 2.400e+00 ; 2.100e+00 ; 5.6000001e+00 ; 2.4000000e+02 
3.500e+01 ; 2.400e+00 ; 2.100e+00 ; 5.6000001e+00 ; 2.4000000e+02 
3.500e+01 ; 2.400e+00 ; 2.100e+00 ; 5.6010001e+00 ; 2.4000000e+02 
3.500e+01 ; 2.400e+00 ; 2.100e+00 ; 5.6020001e+00 ; 2.4000000e+02 
3.500e+01 ; 2.400e+00 ; 2.100e+00 ; 5.6030001e+00 ; 2.4000000e+02 
3.500e+01 ; 2.400e+00 ; 2.100e+00 ; 5.6050001e+00 ; 2.4000000e+02 
3.500e+01 ; 2.400e+00 ; 2.100e+00 ; 5.6090001e+00 ; 2.4000000e+02 
3.500e+01 ; 2.400e+00 ; 2.100e+00 ; 5.6170001e+00 ; 2.4000000e+02 
3.500e+01 ; 2.400e+00 ; 2.100e+00 ; 5.6330001e+00 ; 2.4000000e+02 
3.500e+01 ; 2.400e+00 ; 2.100e+00 ; 5.6650001e+00 ; 2.4000000e+02 
3.500e+01 ; 2.400e+00 ; 2.100e+00 ; 5.7290001e+00 ; 2.4000000e+02 
3.500e+01 ; 2.400e+00 ; 2.100e+00 ; 5.8570001e+00 ; 2.4000000e+02 
3.500e+01 ; 2.400e+00 ; 2.100e+00 ; 6.1130001e+00 ; 2.4000000e+02 
3.500e+01 ; 2.400e+00 ; 2.100e+00 ; 6.4000001e+00 ; 2.4000000e+02 
3.500e+01 ; 2.400e+00 ; 2.100e+00 ; 6.4000001e+00 ; 2.4000000e+02 
3.500e+01 ; 2.400e+00 ; 2.100e+00 ; 6.4010001e+00 ; 2.4000000e+02 
3.500e+01 ; 2.400e+00 ; 2.100e+00 ; 6.4020001e+00 ; 2.4000000e+02 
3.500e+01 ; 2.400e+00 ; 2.100e+00 ; 6.4030001e+00 ; 2.4000000e+02 
3.500e+01 ; 2.400e+00 ; 2.100e+00 ; 6.4050001e+00 ; 2.4000000e+02 
3.500e+01 ; 2.400e+00 ; 2.100e+00 ; 6.4090001e+00 ; 2.4000000e+02 
3.500e+01 ; 2.400e+00 ; 2.100e+00 ; 6.4170001e+00 ; 2.4000000e+02 
3.500e+01 ; 2.400e+00 ; 2.100e+00 ; 6.4330001e+00 ; 2.4000000e+02 
3.500e+01 ; 2.400e+00 ; 2.100e+00 ; 6.4650001e+00 ; 2.4000000e+02 
3.500e+01 ; 2.400e+00 ; 2.100e+00 ; 6.5290001e+00 ; 2.4000000e+02 
3.500e+01 ; 2.400e+00 ; 2.100e+00 ; 6.6570001e+00 ; 2.4000000e+02 
3.500e+01 ; 2.400e+00 ; 2.100e+00 ; 6.9130001e+00 ; 2.4000000e+02 
3.500e+01 ; 2.400e+00 ; 2.100e+00 ; 7.2000001e+00 ; 2.4000000e+02 
3.500e+01 ; 2.400e+00 ; 2.100e+00 ; 7.2000001e+00 ; 2.4000000e+02 
3.500e+01 ; 2.400e+00 ; 2.100e+00 ; 7.2010001e+00 ; 2.4000000e+02 
3.500e+01 ; 2.400e+00 ; 2.100e+00 ; 7.2020001e+00 ; 2.4000000e+02 
3.500e+01 ; 2.400e+00 ; 2.100e+00 ; 7.2030001e+00 ; 2.4000000e+02 
3.500e+01 ; 2.400e+00 ; 2.100e+00 ; 7.2050001e+00 ; 2.4000000e+02 
3.500e+01 ; 2.400e+00 ; 2.100e+00 ; 7.2090001e+00 ; 2.4000000e+02 
3.500e+01 ; 2.400e+00 ; 2.100e+00 ; 7.2170001e+00 ; 2.4000000e+02 
3.500e+01 ; 2.400e+00 ; 2.100e+00 ; 7.2330001e+00 ; 2.4000000e+02 
3.500e+01 ; 2.400e+00 ; 2.100e+00 ; 7.2650001e+00 ; 2.4000000e+02 
3.500e+01 ; 2.400e+00 ; 2.100e+00 ; 7.3290001e+00 ; 2.4000000e+02 
3.500e+01 ; 2.400e+00 ; 2.100e+00 ; 7.4570001e+00 ; 2.4000000e+02 
3.500e+01 ; 2.400e+00 ; 2.100e+00 ; 7.7130001e+00 ; 2.4000000e+02 
3.500e+01 ; 2.400e+00 ; 2.100e+00 ; 8.0000001e+00 ; 2.4000000e+02 
3.500e+01 ; 2.400e+00 ; 2.100e+00 ; 8.0000001e+00 ; 2.4000000e+02 
3.500e+01 ; 2.400e+00 ; 2.100e+00 ; 8.0010001e+00 ; 2.4000000e+02 
3.500e+01 ; 2.400e+00 ; 2.100e+00 ; 8.0020001e+00 ; 2.4000000e+02 
3.500e+01 ; 2.400e+00 ; 2.100e+00 ; 8.0030001e+00 ; 2.4000000e+02 
3.500e+01 ; 2.400e+00 ; 2.100e+00 ; 8.0050001e+00 ; 2.4000000e+02 
3.500e+01 ; 2.400e+00 ; 2.100e+00 ; 8.0090001e+00 ; 2.4000000e+02 
3.500e+01 ; 2.400e+00 ; 2.100e+00 ; 8.0170001e+00 ; 2.4000000e+02 
3.500e+01 ; 2.400e+00 ; 2.100e+00 ; 8.0330001e+00 ; 2.4000000e+02 
3.500e+01 ; 2.400e+00 ; 2.100e+00 ; 8.0650001e+00 ; 2.4000000e+02 
3.500e+01 ; 2.400e+00 ; 2.100e+00 ; 8.1290001e+00 ; 2.4000000e+02 
3.500e+01 ; 2.400e+00 ; 2.100e+00 ; 8.2570001e+00 ; 2.4000000e+02 
3.500e+01 ; 2.400e+00 ; 2.100e+00 ; 8.5130001e+00 ; 2.4000000e+02 
3.500e+01 ; 2.400e+00 ; 2.100e+00 ; 8.8000001e+00 ; 2.4000000e+02 
3.500e+01 ; 2.400e+00 ; 2.100e+00 ; 8.8000001e+00 ; 2.4000000e+02 
3.500e+01 ; 2.400e+00 ; 2.100e+00 ; 8.8010001e+00 ; 2.4000000e+02 
3.500e+01 ; 2.400e+00 ; 2.100e+00 ; 8.8020001e+00 ; 2.4000000e+02 
3.500e+01 ; 2.400e+00 ; 2.100e+00 ; 8.8030001e+00 ; 2.4000000e+02 
3.500e+01 ; 2.400e+00 ; 2.100e+00 ; 8.8050001e+00 ; 2.4000000e+02 
3.500e+01 ; 2.400e+00 ; 2.100e+00 ; 8.8090001e+00 ; 2.4000000e+02 
3.500e+01 ; 2.400e+00 ; 2.100e+00 ; 8.8170001e+00 ; 2.4000000e+02 
3.500e+01 ; 2.400e+00 ; 2.100e+00 ; 8.8330001e+00 ; 2.4000000e+02 
3.500e+01 ; 2.400e+00 ; 2.100e+00 ; 8.8650001e+00 ; 2.4000000e+02 
3.500e+01 ; 2.400e+00 ; 2.100e+00 ; 8.9290001e+00 ; 2.4000000e+02 
3.500e+01 ; 2.400e+00 ; 2.100e+00 ; 9.0570001e+00 ; 2.4000000e+02 
3.500e+01 ; 2.400e+00 ; 2.100e+00 ; 9.3130001e+00 ; 2.4000000e+02 
3.500e+01 ; 2.400e+00 ; 2.100e+00 ; 9.6000001e+00 ; 2.4000000e+02 
3.500e+01 ; 2.400e+00 ; 2.100e+00 ; 9.6000001e+00 ; 2.4000000e+02 
3.500e+01 ; 2.400e+00 ; 2.100e+00 ; 9.6010001e+00 ; 2.4000000e+02 
3.500e+01 ; 2.400e+00 ; 2.100e+00 ; 9.6020001e+00 ; 2.4000000e+02 
3.500e+01 ; 2.400e+00 ; 2.100e+00 ; 9.6030001e+00 ; 2.4000000e+02 
3.500e+01 ; 2.400e+00 ; 2.100e+00 ; 9.6050001e+00 ; 2.4000000e+02 
3.500e+01 ; 2.400e+00 ; 2.100e+00 ; 9.6090001e+00 ; 2.4000000e+02 
3.500e+01 ; 2.400e+00 ; 2.100e+00 ; 9.6170001e+00 ; 2.4000000e+02 
3.500e+01 ; 2.400e+00 ; 2.100e+00 ; 9.6330001e+00 ; 2.4000000e+02 
3.500e+01 ; 2.400e+00 ; 2.100e+00 ; 9.6650001e+00 ; 2.4000000e+02 
3.500e+01 ; 2.400e+00 ; 2.100e+00 ; 9.7290001e+00 ; 2.4000000e+02 
3.500e+01 ; 2.400e+00 ; 2.100e+00 ; 9.8570001e+00 ; 2.4000000e+02 
3.500e+01 ; 2.400e+00 ; 2.100e+00 ; 1.0113000e+01 ; 2.4000000e+02 
3.500e+01 ; 2.400e+00 ; 2.100e+00 ; 1.0400000e+01 ; 2.4000000e+02 
3.500e+01 ; 2.400e+00 ; 2.100e+00 ; 1.0400000e+01 ; 2.4000000e+02 
3.500e+01 ; 2.400e+00 ; 2.100e+00 ; 1.0401000e+01 ; 2.4000000e+02 
3.500e+01 ; 2.400e+00 ; 2.100e+00 ; 1.0402000e+01 ; 2.4000000e+02 
3.500e+01 ; 2.400e+00 ; 2.100e+00 ; 1.0403000e+01 ; 2.4000000e+02 
3.500e+01 ; 2.400e+00 ; 2.100e+00 ; 1.0405000e+01 ; 2.4000000e+02 
3.500e+01 ; 2.400e+00 ; 2.100e+00 ; 1.0409000e+01 ; 2.4000000e+02 
3.500e+01 ; 2.400e+00 ; 2.100e+00 ; 1.0417000e+01 ; 2.4000000e+02 
3.500e+01 ; 2.400e+00 ; 2.100e+00 ; 1.0433000e+01 ; 2.4000000e+02 
3.500e+01 ; 2.400e+00 ; 2.100e+00 ; 1.0465000e+01 ; 2.4000000e+02 
3.500e+01 ; 2.400e+00 ; 2.100e+00 ; 1.0529000e+01 ; 2.4000000e+02 
3.500e+01 ; 2.400e+00 ; 2.100e+00 ; 1.0657000e+01 ; 2.4000000e+02 
3.500e+01 ; 2.400e+00 ; 2.100e+00 ; 1.0913000e+01 ; 2.4000000e+02 
3.500e+01 ; 2.400e+00 ; 2.100e+00 ; 1.1200000e+01 ; 2.4000000e+02 
3.500e+01 ; 2.400e+00 ; 2.100e+00 ; 1.1200000e+01 ; 2.4000000e+02 
3.500e+01 ; 2.400e+00 ; 2.100e+00 ; 1.1201000e+01 ; 2.4000000e+02 
3.500e+01 ; 2.400e+00 ; 2.100e+00 ; 1.1202000e+01 ; 2.4000000e+02 
3.500e+01 ; 2.400e+00 ; 2.100e+00 ; 1.1203000e+01 ; 2.4000000e+02 
3.500e+01 ; 2.400e+00 ; 2.100e+00 ; 1.1205000e+01 ; 2.4000000e+02 
3.500e+01 ; 2.400e+00 ; 2.100e+00 ; 1.1209000e+01 ; 2.4000000e+02 
3.500e+01 ; 2.400e+00 ; 2.100e+00 ; 1.1217000e+01 ; 2.4000000e+02 
3.500e+01 ; 2.400e+00 ; 2.100e+00 ; 1.1233000e+01 ; 2.4000000e+02 
3.500e+01 ; 2.400e+00 ; 2.100e+00 ; 1.1265000e+01 ; 2.4000000e+02 
3.500e+01 ; 2.400e+00 ; 2.100e+00 ; 1.1329000e+01 ; 2.4000000e+02 
3.500e+01 ; 2.400e+00 ; 2.100e+00 ; 1.1457000e+01 ; 2.4000000e+02 
3.500e+01 ; 2.400e+00 ; 2.100e+00 ; 1.1713000e+01 ; 2.4000000e+02 
3.500e+01 ; 2.400e+00 ; 2.100e+00 ; 1.2000000e+01 ; 2.4000000e+02 
3.500e+01 ; 2.400e+00 ; 2.100e+00 ; 1.2000000e+01 ; 2.4000000e+02 
3.500e+01 ; 2.400e+00 ; 2.100e+00 ; 1.2001000e+01 ; 2.4000000e+02 
3.500e+01 ; 2.400e+00 ; 2.100e+00 ; 1.2002000e+01 ; 2.4000000e+02 
3.500e+01 ; 2.400e+00 ; 2.100e+00 ; 1.2003000e+01 ; 2.4000000e+02 
3.500e+01 ; 2.400e+00 ; 2.100e+00 ; 1.2005000e+01 ; 2.4000000e+02 
3.500e+01 ; 2.400e+00 ; 2.100e+00 ; 1.2009000e+01 ; 2.4000000e+02 
3.500e+01 ; 2.400e+00 ; 2.100e+00 ; 1.2017000e+01 ; 2.4000000e+02 
3.500e+01 ; 2.400e+00 ; 2.100e+00 ; 1.2033000e+01 ; 2.4000000e+02 
3.500e+01 ; 2.400e+00 ; 2.100e+00 ; 1.2065000e+01 ; 2.4000000e+02 
3.500e+01 ; 2.400e+00 ; 2.100e+00 ; 1.2129000e+01 ; 2.4000000e+02 
3.500e+01 ; 2.400e+00 ; 2.100e+00 ; 1.2257000e+01 ; 2.4000000e+02 
3.500e+01 ; 2.400e+00 ; 2.100e+00 ; 1.2513000e+01 ; 2.4000000e+02 
3.500e+01 ; 2.400e+00 ; 2.100e+00 ; 1.2800000e+01 ; 2.4000000e+02 
3.500e+01 ; 2.400e+00 ; 2.100e+00 ; 1.2800000e+01 ; 2.4000000e+02 
3.500e+01 ; 2.400e+00 ; 2.100e+00 ; 1.2801000e+01 ; 2.4000000e+02 
3.500e+01 ; 2.400e+00 ; 2.100e+00 ; 1.2802000e+01 ; 2.4000000e+02 
3.500e+01 ; 2.400e+00 ; 2.100e+00 ; 1.2803000e+01 ; 2.4000000e+02 
3.500e+01 ; 2.400e+00 ; 2.100e+00 ; 1.2805000e+01 ; 2.4000000e+02 
3.500e+01 ; 2.400e+00 ; 2.100e+00 ; 1.2809000e+01 ; 2.4000000e+02 
3.500e+01 ; 2.400e+00 ; 2.100e+00 ; 1.2817000e+01 ; 2.4000000e+02 
3.500e+01 ; 2.400e+00 ; 2.100e+00 ; 1.2833000e+01 ; 2.4000000e+02 
3.500e+01 ; 2.400e+00 ; 2.100e+00 ; 1.2865000e+01 ; 2.4000000e+02 
3.500e+01 ; 2.400e+00 ; 2.100e+00 ; 1.2929000e+01 ; 2.4000000e+02 
3.500e+01 ; 2.400e+00 ; 2.100e+00 ; 1.3057000e+01 ; 2.4000000e+02 
3.500e+01 ; 2.400e+00 ; 2.100e+00 ; 1.3313000e+01 ; 2.4000000e+02 
3.500e+01 ; 2.400e+00 ; 2.100e+00 ; 1.3600000e+01 ; 2.4000000e+02 
3.500e+01 ; 2.400e+00 ; 2.100e+00 ; 1.3600000e+01 ; 2.4000000e+02 
3.500e+01 ; 2.400e+00 ; 2.100e+00 ; 1.3601000e+01 ; 2.4000000e+02 
3.500e+01 ; 2.400e+00 ; 2.100e+00 ; 1.3602000e+01 ; 2.4000000e+02 
3.500e+01 ; 2.400e+00 ; 2.100e+00 ; 1.3603000e+01 ; 2.4000000e+02 
3.500e+01 ; 2.400e+00 ; 2.100e+00 ; 1.3605000e+01 ; 2.4000000e+02 
3.500e+01 ; 2.400e+00 ; 2.100e+00 ; 1.3609000e+01 ; 2.4000000e+02 
3.500e+01 ; 2.400e+00 ; 2.100e+00 ; 1.3617000e+01 ; 2.4000000e+02 
3.500e+01 ; 2.400e+00 ; 2.100e+00 ; 1.3633000e+01 ; 2.4000000e+02 
3.500e+01 ; 2.400e+00 ; 2.100e+00 ; 1.3665000e+01 ; 2.4000000e+02 
3.500e+01 ; 2.400e+00 ; 2.100e+00 ; 1.3729000e+01 ; 2.4000000e+02 
3.500e+01 ; 2.400e+00 ; 2.100e+00 ; 1.3857000e+01 ; 2.4000000e+02 
3.500e+01 ; 2.400e+00 ; 2.100e+00 ; 1.4113000e+01 ; 2.4000000e+02 
3.500e+01 ; 2.400e+00 ; 2.100e+00 ; 1.4400000e+01 ; 2.4000000e+02 
3.500e+01 ; 2.400e+00 ; 2.100e+00 ; 1.4400000e+01 ; 2.4000000e+02 
3.500e+01 ; 2.400e+00 ; 2.100e+00 ; 1.4401000e+01 ; 2.4000000e+02 
3.500e+01 ; 2.400e+00 ; 2.100e+00 ; 1.4402000e+01 ; 2.4000000e+02 
3.500e+01 ; 2.400e+00 ; 2.100e+00 ; 1.4403000e+01 ; 2.4000000e+02 
3.500e+01 ; 2.400e+00 ; 2.100e+00 ; 1.4405000e+01 ; 2.4000000e+02 
3.500e+01 ; 2.400e+00 ; 2.100e+00 ; 1.4409000e+01 ; 2.4000000e+02 
3.500e+01 ; 2.400e+00 ; 2.100e+00 ; 1.4417000e+01 ; 2.4000000e+02 
3.500e+01 ; 2.400e+00 ; 2.100e+00 ; 1.4433000e+01 ; 2.4000000e+02 
3.500e+01 ; 2.400e+00 ; 2.100e+00 ; 1.4465000e+01 ; 2.4000000e+02 
3.500e+01 ; 2.400e+00 ; 2.100e+00 ; 1.4529000e+01 ; 2.4000000e+02 
3.500e+01 ; 2.400e+00 ; 2.100e+00 ; 1.4657000e+01 ; 2.4000000e+02 
3.500e+01 ; 2.400e+00 ; 2.100e+00 ; 1.4913000e+01 ; 2.4000000e+02 
3.500e+01 ; 2.400e+00 ; 2.100e+00 ; 1.5200000e+01 ; 2.4000000e+02 
3.500e+01 ; 2.400e+00 ; 2.100e+00 ; 1.5200000e+01 ; 2.4000000e+02 
3.500e+01 ; 2.400e+00 ; 2.100e+00 ; 1.5201000e+01 ; 2.4000000e+02 
3.500e+01 ; 2.400e+00 ; 2.100e+00 ; 1.5202000e+01 ; 2.4000000e+02 
3.500e+01 ; 2.400e+00 ; 2.100e+00 ; 1.5203000e+01 ; 2.4000000e+02 
3.500e+01 ; 2.400e+00 ; 2.100e+00 ; 1.5205000e+01 ; 2.4000000e+02 
3.500e+01 ; 2.400e+00 ; 2.100e+00 ; 1.5209000e+01 ; 2.4000000e+02 
3.500e+01 ; 2.400e+00 ; 2.100e+00 ; 1.5217000e+01 ; 2.4000000e+02 
3.500e+01 ; 2.400e+00 ; 2.100e+00 ; 1.5233000e+01 ; 2.4000000e+02 
3.500e+01 ; 2.400e+00 ; 2.100e+00 ; 1.5265000e+01 ; 2.4000000e+02 
3.500e+01 ; 2.400e+00 ; 2.100e+00 ; 1.5329000e+01 ; 2.4000000e+02 
3.500e+01 ; 2.400e+00 ; 2.100e+00 ; 1.5457000e+01 ; 2.4000000e+02 
3.500e+01 ; 2.400e+00 ; 2.100e+00 ; 1.5713000e+01 ; 2.4000000e+02 
3.500e+01 ; 2.400e+00 ; 2.100e+00 ; 1.6000000e+01 ; 2.4000000e+02 
3.500e+01 ; 2.400e+00 ; 2.100e+00 ; 1.6000000e+01 ; 2.4000000e+02 
3.500e+01 ; 2.400e+00 ; 2.100e+00 ; 1.6001000e+01 ; 2.4000000e+02 
3.500e+01 ; 2.400e+00 ; 2.100e+00 ; 1.6002000e+01 ; 2.4000000e+02 
3.500e+01 ; 2.400e+00 ; 2.100e+00 ; 1.6003000e+01 ; 2.4000000e+02 
3.500e+01 ; 2.400e+00 ; 2.100e+00 ; 1.6005000e+01 ; 2.4000000e+02 
3.500e+01 ; 2.400e+00 ; 2.100e+00 ; 1.6009000e+01 ; 2.4000000e+02 
3.500e+01 ; 2.400e+00 ; 2.100e+00 ; 1.6017000e+01 ; 2.4000000e+02 
3.500e+01 ; 2.400e+00 ; 2.100e+00 ; 1.6033000e+01 ; 2.4000000e+02 
3.500e+01 ; 2.400e+00 ; 2.100e+00 ; 1.6065000e+01 ; 2.4000000e+02 
3.500e+01 ; 2.400e+00 ; 2.100e+00 ; 1.6129000e+01 ; 2.4000000e+02 
3.500e+01 ; 2.400e+00 ; 2.100e+00 ; 1.6257000e+01 ; 2.4000000e+02 
3.500e+01 ; 2.400e+00 ; 2.100e+00 ; 1.6513000e+01 ; 2.4000000e+02 
3.500e+01 ; 2.400e+00 ; 2.100e+00 ; 1.6800000e+01 ; 2.4000000e+02 
3.500e+01 ; 2.400e+00 ; 2.100e+00 ; 1.6800000e+01 ; 2.4000000e+02 
3.500e+01 ; 2.400e+00 ; 2.100e+00 ; 1.6801000e+01 ; 2.4000000e+02 
3.500e+01 ; 2.400e+00 ; 2.100e+00 ; 1.6802000e+01 ; 2.4000000e+02 
3.500e+01 ; 2.400e+00 ; 2.100e+00 ; 1.6803000e+01 ; 2.4000000e+02 
3.500e+01 ; 2.400e+00 ; 2.100e+00 ; 1.6805000e+01 ; 2.4000000e+02 
3.500e+01 ; 2.400e+00 ; 2.100e+00 ; 1.6809000e+01 ; 2.4000000e+02 
3.500e+01 ; 2.400e+00 ; 2.100e+00 ; 1.6817000e+01 ; 2.4000000e+02 
3.500e+01 ; 2.400e+00 ; 2.100e+00 ; 1.6833000e+01 ; 2.4000000e+02 
3.500e+01 ; 2.400e+00 ; 2.100e+00 ; 1.6865000e+01 ; 2.4000000e+02 
3.500e+01 ; 2.400e+00 ; 2.100e+00 ; 1.6929000e+01 ; 2.4000000e+02 
3.500e+01 ; 2.400e+00 ; 2.100e+00 ; 1.7057000e+01 ; 2.4000000e+02 
3.500e+01 ; 2.400e+00 ; 2.100e+00 ; 1.7313000e+01 ; 2.4000000e+02 
3.500e+01 ; 2.400e+00 ; 2.100e+00 ; 1.7600000e+01 ; 2.4000000e+02 
3.500e+01 ; 2.400e+00 ; 2.100e+00 ; 1.7600000e+01 ; 2.4000000e+02 
3.500e+01 ; 2.400e+00 ; 2.100e+00 ; 1.7601000e+01 ; 2.4000000e+02 
3.500e+01 ; 2.400e+00 ; 2.100e+00 ; 1.7602000e+01 ; 2.4000000e+02 
3.500e+01 ; 2.400e+00 ; 2.100e+00 ; 1.7603000e+01 ; 2.4000000e+02 
3.500e+01 ; 2.400e+00 ; 2.100e+00 ; 1.7605000e+01 ; 2.4000000e+02 
3.500e+01 ; 2.400e+00 ; 2.100e+00 ; 1.7609000e+01 ; 2.4000000e+02 
3.500e+01 ; 2.400e+00 ; 2.100e+00 ; 1.7617000e+01 ; 2.4000000e+02 
3.500e+01 ; 2.400e+00 ; 2.100e+00 ; 1.7633000e+01 ; 2.4000000e+02 
3.500e+01 ; 2.400e+00 ; 2.100e+00 ; 1.7665000e+01 ; 2.4000000e+02 
3.500e+01 ; 2.400e+00 ; 2.100e+00 ; 1.7729000e+01 ; 2.4000000e+02 
3.500e+01 ; 2.400e+00 ; 2.100e+00 ; 1.7857000e+01 ; 2.4000000e+02 
3.500e+01 ; 2.400e+00 ; 2.100e+00 ; 1.8113000e+01 ; 2.4000000e+02 
3.500e+01 ; 2.400e+00 ; 2.100e+00 ; 1.8400000e+01 ; 2.4000000e+02 
3.500e+01 ; 2.400e+00 ; 2.100e+00 ; 1.8400000e+01 ; 2.4000000e+02 
3.500e+01 ; 2.400e+00 ; 2.100e+00 ; 1.8401000e+01 ; 2.4000000e+02 
3.500e+01 ; 2.400e+00 ; 2.100e+00 ; 1.8402000e+01 ; 2.4000000e+02 
3.500e+01 ; 2.400e+00 ; 2.100e+00 ; 1.8403000e+01 ; 2.4000000e+02 
3.500e+01 ; 2.400e+00 ; 2.100e+00 ; 1.8405000e+01 ; 2.4000000e+02 
3.500e+01 ; 2.400e+00 ; 2.100e+00 ; 1.8409000e+01 ; 2.4000000e+02 
3.500e+01 ; 2.400e+00 ; 2.100e+00 ; 1.8417000e+01 ; 2.4000000e+02 
3.500e+01 ; 2.400e+00 ; 2.100e+00 ; 1.8433000e+01 ; 2.4000000e+02 
3.500e+01 ; 2.400e+00 ; 2.100e+00 ; 1.8465000e+01 ; 2.4000000e+02 
3.500e+01 ; 2.400e+00 ; 2.100e+00 ; 1.8529000e+01 ; 2.4000000e+02 
3.500e+01 ; 2.400e+00 ; 2.100e+00 ; 1.8657000e+01 ; 2.4000000e+02 
3.500e+01 ; 2.400e+00 ; 2.100e+00 ; 1.8913000e+01 ; 2.4000000e+02 
3.500e+01 ; 2.400e+00 ; 2.100e+00 ; 1.9200000e+01 ; 2.4000000e+02 
3.500e+01 ; 2.400e+00 ; 2.100e+00 ; 1.9200000e+01 ; 2.4000000e+02 
3.500e+01 ; 2.400e+00 ; 2.100e+00 ; 1.9201000e+01 ; 2.4000000e+02 
3.500e+01 ; 2.400e+00 ; 2.100e+00 ; 1.9202000e+01 ; 2.4000000e+02 
3.500e+01 ; 2.400e+00 ; 2.100e+00 ; 1.9203000e+01 ; 2.4000000e+02 
3.500e+01 ; 2.400e+00 ; 2.100e+00 ; 1.9205000e+01 ; 2.4000000e+02 
3.500e+01 ; 2.400e+00 ; 2.100e+00 ; 1.9209000e+01 ; 2.4000000e+02 
3.500e+01 ; 2.400e+00 ; 2.100e+00 ; 1.9217000e+01 ; 2.4000000e+02 
3.500e+01 ; 2.400e+00 ; 2.100e+00 ; 1.9233000e+01 ; 2.4000000e+02 
3.500e+01 ; 2.400e+00 ; 2.100e+00 ; 1.9265000e+01 ; 2.4000000e+02 
3.500e+01 ; 2.400e+00 ; 2.100e+00 ; 1.9329000e+01 ; 2.4000000e+02 
3.500e+01 ; 2.400e+00 ; 2.100e+00 ; 1.9457000e+01 ; 2.4000000e+02 
3.500e+01 ; 2.400e+00 ; 2.100e+00 ; 1.9713000e+01 ; 2.4000000e+02 
3.500e+01 ; 2.400e+00 ; 2.100e+00 ; 2.0000000e+01 ; 2.4000000e+02 
3.500e+01 ; 2.400e+00 ; 2.100e+00 ; 2.0000000e+01 ; 2.4000000e+02 
3.500e+01 ; 2.400e+00 ; 2.100e+00 ; 2.0001000e+01 ; 2.4000000e+02 
3.500e+01 ; 2.400e+00 ; 2.100e+00 ; 2.0002000e+01 ; 2.4000000e+02 
3.500e+01 ; 2.400e+00 ; 2.100e+00 ; 2.0003000e+01 ; 2.4000000e+02 
3.500e+01 ; 2.400e+00 ; 2.100e+00 ; 2.0005000e+01 ; 2.4000000e+02 
3.500e+01 ; 2.400e+00 ; 2.100e+00 ; 2.0009000e+01 ; 2.4000000e+02 
3.500e+01 ; 2.400e+00 ; 2.100e+00 ; 2.0017000e+01 ; 2.4000000e+02 
3.500e+01 ; 2.400e+00 ; 2.100e+00 ; 2.0033000e+01 ; 2.4000000e+02 
3.500e+01 ; 2.400e+00 ; 2.100e+00 ; 2.0065000e+01 ; 2.4000000e+02 
3.500e+01 ; 2.400e+00 ; 2.100e+00 ; 2.0129000e+01 ; 2.4000000e+02 
3.500e+01 ; 2.400e+00 ; 2.100e+00 ; 2.0257000e+01 ; 2.4000000e+02 
3.500e+01 ; 2.400e+00 ; 2.100e+00 ; 2.0513000e+01 ; 2.4000000e+02 
3.500e+01 ; 2.400e+00 ; 2.100e+00 ; 2.0800000e+01 ; 2.4000000e+02 
3.500e+01 ; 2.400e+00 ; 2.100e+00 ; 2.0800000e+01 ; 2.4000000e+02 
3.500e+01 ; 2.400e+00 ; 2.100e+00 ; 2.0801000e+01 ; 2.4000000e+02 
3.500e+01 ; 2.400e+00 ; 2.100e+00 ; 2.0802000e+01 ; 2.4000000e+02 
3.500e+01 ; 2.400e+00 ; 2.100e+00 ; 2.0803000e+01 ; 2.4000000e+02 
3.500e+01 ; 2.400e+00 ; 2.100e+00 ; 2.0805000e+01 ; 2.4000000e+02 
3.500e+01 ; 2.400e+00 ; 2.100e+00 ; 2.0809000e+01 ; 2.4000000e+02 
3.500e+01 ; 2.400e+00 ; 2.100e+00 ; 2.0817000e+01 ; 2.4000000e+02 
3.500e+01 ; 2.400e+00 ; 2.100e+00 ; 2.0833000e+01 ; 2.4000000e+02 
3.500e+01 ; 2.400e+00 ; 2.100e+00 ; 2.0865000e+01 ; 2.4000000e+02 
3.500e+01 ; 2.400e+00 ; 2.100e+00 ; 2.0929000e+01 ; 2.4000000e+02 
3.500e+01 ; 2.400e+00 ; 2.100e+00 ; 2.1057000e+01 ; 2.4000000e+02 
3.500e+01 ; 2.400e+00 ; 2.100e+00 ; 2.1313000e+01 ; 2.4000000e+02 
3.500e+01 ; 2.400e+00 ; 2.100e+00 ; 2.1600000e+01 ; 2.4000000e+02 
3.500e+01 ; 2.400e+00 ; 2.100e+00 ; 2.1600000e+01 ; 2.4000000e+02 
3.500e+01 ; 2.400e+00 ; 2.100e+00 ; 2.1601000e+01 ; 2.4000000e+02 
3.500e+01 ; 2.400e+00 ; 2.100e+00 ; 2.1602000e+01 ; 2.4000000e+02 
3.500e+01 ; 2.400e+00 ; 2.100e+00 ; 2.1603000e+01 ; 2.4000000e+02 
3.500e+01 ; 2.400e+00 ; 2.100e+00 ; 2.1605000e+01 ; 2.4000000e+02 
3.500e+01 ; 2.400e+00 ; 2.100e+00 ; 2.1609000e+01 ; 2.4000000e+02 
3.500e+01 ; 2.400e+00 ; 2.100e+00 ; 2.1617000e+01 ; 2.4000000e+02 
3.500e+01 ; 2.400e+00 ; 2.100e+00 ; 2.1633000e+01 ; 2.4000000e+02 
3.500e+01 ; 2.400e+00 ; 2.100e+00 ; 2.1665000e+01 ; 2.4000000e+02 
3.500e+01 ; 2.400e+00 ; 2.100e+00 ; 2.1729000e+01 ; 2.4000000e+02 
3.500e+01 ; 2.400e+00 ; 2.100e+00 ; 2.1857000e+01 ; 2.4000000e+02 
3.500e+01 ; 2.400e+00 ; 2.100e+00 ; 2.2113000e+01 ; 2.4000000e+02 
3.500e+01 ; 2.400e+00 ; 2.100e+00 ; 2.2400000e+01 ; 2.4000000e+02 
3.500e+01 ; 2.400e+00 ; 2.100e+00 ; 2.2400000e+01 ; 2.4000000e+02 
3.500e+01 ; 2.400e+00 ; 2.100e+00 ; 2.2401000e+01 ; 2.4000000e+02 
3.500e+01 ; 2.400e+00 ; 2.100e+00 ; 2.2402000e+01 ; 2.4000000e+02 
3.500e+01 ; 2.400e+00 ; 2.100e+00 ; 2.2403000e+01 ; 2.4000000e+02 
3.500e+01 ; 2.400e+00 ; 2.100e+00 ; 2.2405000e+01 ; 2.4000000e+02 
3.500e+01 ; 2.400e+00 ; 2.100e+00 ; 2.2409000e+01 ; 2.4000000e+02 
3.500e+01 ; 2.400e+00 ; 2.100e+00 ; 2.2417000e+01 ; 2.4000000e+02 
3.500e+01 ; 2.400e+00 ; 2.100e+00 ; 2.2433000e+01 ; 2.4000000e+02 
3.500e+01 ; 2.400e+00 ; 2.100e+00 ; 2.2465000e+01 ; 2.4000000e+02 
3.500e+01 ; 2.400e+00 ; 2.100e+00 ; 2.2529000e+01 ; 2.4000000e+02 
3.500e+01 ; 2.400e+00 ; 2.100e+00 ; 2.2657000e+01 ; 2.4000000e+02 
3.500e+01 ; 2.400e+00 ; 2.100e+00 ; 2.2913000e+01 ; 2.4000000e+02 
3.500e+01 ; 2.400e+00 ; 2.100e+00 ; 2.3200000e+01 ; 2.4000000e+02 
3.500e+01 ; 2.400e+00 ; 2.100e+00 ; 2.3200000e+01 ; 2.4000000e+02 
3.500e+01 ; 2.400e+00 ; 2.100e+00 ; 2.3201000e+01 ; 2.4000000e+02 
3.500e+01 ; 2.400e+00 ; 2.100e+00 ; 2.3202000e+01 ; 2.4000000e+02 
3.500e+01 ; 2.400e+00 ; 2.100e+00 ; 2.3203000e+01 ; 2.4000000e+02 
3.500e+01 ; 2.400e+00 ; 2.100e+00 ; 2.3205000e+01 ; 2.4000000e+02 
3.500e+01 ; 2.400e+00 ; 2.100e+00 ; 2.3209000e+01 ; 2.4000000e+02 
3.500e+01 ; 2.400e+00 ; 2.100e+00 ; 2.3217000e+01 ; 2.4000000e+02 
3.500e+01 ; 2.400e+00 ; 2.100e+00 ; 2.3233000e+01 ; 2.4000000e+02 
3.500e+01 ; 2.400e+00 ; 2.100e+00 ; 2.3265000e+01 ; 2.4000000e+02 
3.500e+01 ; 2.400e+00 ; 2.100e+00 ; 2.3329000e+01 ; 2.4000000e+02 
3.500e+01 ; 2.400e+00 ; 2.100e+00 ; 2.3457000e+01 ; 2.4000000e+02 
3.500e+01 ; 2.400e+00 ; 2.100e+00 ; 2.3713000e+01 ; 2.4000000e+02 
3.500e+01 ; 2.400e+00 ; 2.100e+00 ; 2.4000000e+01 ; 2.4000000e+02 
3.500e+01 ; 2.400e+00 ; 2.100e+00 ; 2.4000000e+01 ; 2.4000000e+02 
3.500e+01 ; 2.400e+00 ; 2.100e+00 ; 2.4001000e+01 ; 2.4000000e+02 
3.500e+01 ; 2.400e+00 ; 2.100e+00 ; 2.4002000e+01 ; 2.4000000e+02 
3.500e+01 ; 2.400e+00 ; 2.100e+00 ; 2.4003000e+01 ; 2.4000000e+02 
3.500e+01 ; 2.400e+00 ; 2.100e+00 ; 2.4005000e+01 ; 2.4000000e+02 
3.500e+01 ; 2.400e+00 ; 2.100e+00 ; 2.4009000e+01 ; 2.4000000e+02 
3.500e+01 ; 2.400e+00 ; 2.100e+00 ; 2.4017000e+01 ; 2.4000000e+02 
3.500e+01 ; 2.400e+00 ; 2.100e+00 ; 2.4033000e+01 ; 2.4000000e+02 
3.500e+01 ; 2.400e+00 ; 2.100e+00 ; 2.4065000e+01 ; 2.4000000e+02 
3.500e+01 ; 2.400e+00 ; 2.100e+00 ; 2.4129000e+01 ; 2.4000000e+02 
3.500e+01 ; 2.400e+00 ; 2.100e+00 ; 2.4257000e+01 ; 2.4000000e+02 
3.500e+01 ; 2.400e+00 ; 2.100e+00 ; 2.4513000e+01 ; 2.4000000e+02 
3.500e+01 ; 2.400e+00 ; 2.100e+00 ; 2.4800000e+01 ; 2.4000000e+02 
3.500e+01 ; 2.400e+00 ; 2.100e+00 ; 2.4800000e+01 ; 2.4000000e+02 
3.500e+01 ; 2.400e+00 ; 2.100e+00 ; 2.4801000e+01 ; 2.4000000e+02 
3.500e+01 ; 2.400e+00 ; 2.100e+00 ; 2.4802000e+01 ; 2.4000000e+02 
3.500e+01 ; 2.400e+00 ; 2.100e+00 ; 2.4803000e+01 ; 2.4000000e+02 
3.500e+01 ; 2.400e+00 ; 2.100e+00 ; 2.4805000e+01 ; 2.4000000e+02 
3.500e+01 ; 2.400e+00 ; 2.100e+00 ; 2.4809000e+01 ; 2.4000000e+02 
3.500e+01 ; 2.400e+00 ; 2.100e+00 ; 2.4817000e+01 ; 2.4000000e+02 
3.500e+01 ; 2.400e+00 ; 2.100e+00 ; 2.4833000e+01 ; 2.4000000e+02 
3.500e+01 ; 2.400e+00 ; 2.100e+00 ; 2.4865000e+01 ; 2.4000000e+02 
3.500e+01 ; 2.400e+00 ; 2.100e+00 ; 2.4929000e+01 ; 2.4000000e+02 
3.500e+01 ; 2.400e+00 ; 2.100e+00 ; 2.5057000e+01 ; 2.4000000e+02 
3.500e+01 ; 2.400e+00 ; 2.100e+00 ; 2.5313000e+01 ; 2.4000000e+02 
3.500e+01 ; 2.400e+00 ; 2.100e+00 ; 2.5600000e+01 ; 2.4000000e+02 
3.500e+01 ; 2.400e+00 ; 2.100e+00 ; 2.5600000e+01 ; 2.4000000e+02 
3.500e+01 ; 2.400e+00 ; 2.100e+00 ; 2.5601000e+01 ; 2.4000000e+02 
3.500e+01 ; 2.400e+00 ; 2.100e+00 ; 2.5602000e+01 ; 2.4000000e+02 
3.500e+01 ; 2.400e+00 ; 2.100e+00 ; 2.5603000e+01 ; 2.4000000e+02 
3.500e+01 ; 2.400e+00 ; 2.100e+00 ; 2.5605000e+01 ; 2.4000000e+02 
3.500e+01 ; 2.400e+00 ; 2.100e+00 ; 2.5609000e+01 ; 2.4000000e+02 
3.500e+01 ; 2.400e+00 ; 2.100e+00 ; 2.5617000e+01 ; 2.4000000e+02 
3.500e+01 ; 2.400e+00 ; 2.100e+00 ; 2.5633000e+01 ; 2.4000000e+02 
3.500e+01 ; 2.400e+00 ; 2.100e+00 ; 2.5665000e+01 ; 2.4000000e+02 
3.500e+01 ; 2.400e+00 ; 2.100e+00 ; 2.5729000e+01 ; 2.4000000e+02 
3.500e+01 ; 2.400e+00 ; 2.100e+00 ; 2.5857000e+01 ; 2.4000000e+02 
3.500e+01 ; 2.400e+00 ; 2.100e+00 ; 2.6113000e+01 ; 2.4000000e+02 
3.500e+01 ; 2.400e+00 ; 2.100e+00 ; 2.6400000e+01 ; 2.4000000e+02 
3.500e+01 ; 2.400e+00 ; 2.100e+00 ; 2.6400000e+01 ; 2.4000000e+02 
3.500e+01 ; 2.400e+00 ; 2.100e+00 ; 2.6401000e+01 ; 2.3988052e+02 
3.500e+01 ; 2.400e+00 ; 2.100e+00 ; 2.6402000e+01 ; 2.3976114e+02 
3.500e+01 ; 2.400e+00 ; 2.100e+00 ; 2.6403000e+01 ; 2.3964185e+02 
3.500e+01 ; 2.400e+00 ; 2.100e+00 ; 2.6405000e+01 ; 2.3940364e+02 
3.500e+01 ; 2.400e+00 ; 2.100e+00 ; 2.6409000e+01 ; 2.3892868e+02 
3.500e+01 ; 2.400e+00 ; 2.100e+00 ; 2.6417000e+01 ; 2.3798462e+02 
3.500e+01 ; 2.400e+00 ; 2.100e+00 ; 2.6433000e+01 ; 2.3611961e+02 
3.500e+01 ; 2.400e+00 ; 2.100e+00 ; 2.6465000e+01 ; 2.3248007e+02 
3.500e+01 ; 2.400e+00 ; 2.100e+00 ; 2.6529000e+01 ; 2.2554681e+02 
3.500e+01 ; 2.400e+00 ; 2.100e+00 ; 2.6657000e+01 ; 2.1294437e+02 
3.500e+01 ; 2.400e+00 ; 2.100e+00 ; 2.6913000e+01 ; 1.9197174e+02 
3.500e+01 ; 2.400e+00 ; 2.100e+00 ; 2.7200000e+01 ; 1.7279295e+02 
3.500e+01 ; 2.400e+00 ; 2.100e+00 ; 2.7200000e+01 ; 1.7279295e+02 
3.500e+01 ; 2.400e+00 ; 2.100e+00 ; 2.7201000e+01 ; 1.7272618e+02 
3.500e+01 ; 2.400e+00 ; 2.100e+00 ; 2.7202000e+01 ; 1.7265947e+02 
3.500e+01 ; 2.400e+00 ; 2.100e+00 ; 2.7203000e+01 ; 1.7259282e+02 
3.500e+01 ; 2.400e+00 ; 2.100e+00 ; 2.7205000e+01 ; 1.7245975e+02 
3.500e+01 ; 2.400e+00 ; 2.100e+00 ; 2.7209000e+01 ; 1.7219450e+02 
3.500e+01 ; 2.400e+00 ; 2.100e+00 ; 2.7217000e+01 ; 1.7166765e+02 
3.500e+01 ; 2.400e+00 ; 2.100e+00 ; 2.7233000e+01 ; 1.7062817e+02 
3.500e+01 ; 2.400e+00 ; 2.100e+00 ; 2.7265000e+01 ; 1.6860420e+02 
3.500e+01 ; 2.400e+00 ; 2.100e+00 ; 2.7329000e+01 ; 1.6476149e+02 
3.500e+01 ; 2.400e+00 ; 2.100e+00 ; 2.7457000e+01 ; 1.5780177e+02 
3.500e+01 ; 2.400e+00 ; 2.100e+00 ; 2.7713000e+01 ; 1.4622659e+02 
3.500e+01 ; 2.400e+00 ; 2.100e+00 ; 2.8000000e+01 ; 1.3559831e+02 
3.500e+01 ; 2.400e+00 ; 2.100e+00 ; 2.8000000e+01 ; 1.3559831e+02 
3.500e+01 ; 2.400e+00 ; 2.100e+00 ; 2.8001000e+01 ; 1.3556131e+02 
3.500e+01 ; 2.400e+00 ; 2.100e+00 ; 2.8002000e+01 ; 1.3552434e+02 
3.500e+01 ; 2.400e+00 ; 2.100e+00 ; 2.8003000e+01 ; 1.3548738e+02 
3.500e+01 ; 2.400e+00 ; 2.100e+00 ; 2.8005000e+01 ; 1.3541360e+02 
3.500e+01 ; 2.400e+00 ; 2.100e+00 ; 2.8009000e+01 ; 1.3526648e+02 
3.500e+01 ; 2.400e+00 ; 2.100e+00 ; 2.8017000e+01 ; 1.3497404e+02 
3.500e+01 ; 2.400e+00 ; 2.100e+00 ; 2.8033000e+01 ; 1.3439624e+02 
3.500e+01 ; 2.400e+00 ; 2.100e+00 ; 2.8065000e+01 ; 1.3326825e+02 
3.500e+01 ; 2.400e+00 ; 2.100e+00 ; 2.8129000e+01 ; 1.3111765e+02 
3.500e+01 ; 2.400e+00 ; 2.100e+00 ; 2.8257000e+01 ; 1.2719970e+02 
3.500e+01 ; 2.400e+00 ; 2.100e+00 ; 2.8513000e+01 ; 1.2063794e+02 
3.500e+01 ; 2.400e+00 ; 2.100e+00 ; 2.8800000e+01 ; 1.1457973e+02 
3.500e+01 ; 2.400e+00 ; 2.100e+00 ; 2.8800000e+01 ; 1.1457973e+02 
3.500e+01 ; 2.400e+00 ; 2.100e+00 ; 2.8801000e+01 ; 1.1455864e+02 
3.500e+01 ; 2.400e+00 ; 2.100e+00 ; 2.8802000e+01 ; 1.1453756e+02 
3.500e+01 ; 2.400e+00 ; 2.100e+00 ; 2.8803000e+01 ; 1.1451649e+02 
3.500e+01 ; 2.400e+00 ; 2.100e+00 ; 2.8805000e+01 ; 1.1447443e+02 
3.500e+01 ; 2.400e+00 ; 2.100e+00 ; 2.8809000e+01 ; 1.1439056e+02 
3.500e+01 ; 2.400e+00 ; 2.100e+00 ; 2.8817000e+01 ; 1.1422382e+02 
3.500e+01 ; 2.400e+00 ; 2.100e+00 ; 2.8833000e+01 ; 1.1389423e+02 
3.500e+01 ; 2.400e+00 ; 2.100e+00 ; 2.8865000e+01 ; 1.1325031e+02 
3.500e+01 ; 2.400e+00 ; 2.100e+00 ; 2.8929000e+01 ; 1.1202026e+02 
3.500e+01 ; 2.400e+00 ; 2.100e+00 ; 2.9057000e+01 ; 1.0976850e+02 
3.500e+01 ; 2.400e+00 ; 2.100e+00 ; 2.9313000e+01 ; 1.0595039e+02 
3.500e+01 ; 2.400e+00 ; 2.100e+00 ; 2.9600000e+01 ; 1.0236593e+02 
3.500e+01 ; 2.400e+00 ; 2.100e+00 ; 2.9600000e+01 ; 1.0236593e+02 
3.500e+01 ; 2.400e+00 ; 2.100e+00 ; 2.9601000e+01 ; 1.0235345e+02 
3.500e+01 ; 2.400e+00 ; 2.100e+00 ; 2.9602000e+01 ; 1.0234097e+02 
3.500e+01 ; 2.400e+00 ; 2.100e+00 ; 2.9603000e+01 ; 1.0232851e+02 
3.500e+01 ; 2.400e+00 ; 2.100e+00 ; 2.9605000e+01 ; 1.0230362e+02 
3.500e+01 ; 2.400e+00 ; 2.100e+00 ; 2.9609000e+01 ; 1.0225396e+02 
3.500e+01 ; 2.400e+00 ; 2.100e+00 ; 2.9617000e+01 ; 1.0215518e+02 
3.500e+01 ; 2.400e+00 ; 2.100e+00 ; 2.9633000e+01 ; 1.0195973e+02 
3.500e+01 ; 2.400e+00 ; 2.100e+00 ; 2.9665000e+01 ; 1.0157703e+02 
3.500e+01 ; 2.400e+00 ; 2.100e+00 ; 2.9729000e+01 ; 1.0084280e+02 
3.500e+01 ; 2.400e+00 ; 2.100e+00 ; 2.9857000e+01 ; 9.9487251e+01 
3.500e+01 ; 2.400e+00 ; 2.100e+00 ; 3.0113000e+01 ; 9.7151176e+01 
3.500e+01 ; 2.400e+00 ; 2.100e+00 ; 3.0400000e+01 ; 9.4917015e+01 
3.500e+01 ; 2.400e+00 ; 2.100e+00 ; 3.0400000e+01 ; 9.4917015e+01 
3.500e+01 ; 2.400e+00 ; 2.100e+00 ; 3.0401000e+01 ; 9.4909241e+01 
3.500e+01 ; 2.400e+00 ; 2.100e+00 ; 3.0402000e+01 ; 9.4901459e+01 
3.500e+01 ; 2.400e+00 ; 2.100e+00 ; 3.0403000e+01 ; 9.4893692e+01 
3.500e+01 ; 2.400e+00 ; 2.100e+00 ; 3.0405000e+01 ; 9.4878166e+01 
3.500e+01 ; 2.400e+00 ; 2.100e+00 ; 3.0409000e+01 ; 9.4847198e+01 
3.500e+01 ; 2.400e+00 ; 2.100e+00 ; 3.0417000e+01 ; 9.4785553e+01 
3.500e+01 ; 2.400e+00 ; 2.100e+00 ; 3.0433000e+01 ; 9.4663422e+01 
3.500e+01 ; 2.400e+00 ; 2.100e+00 ; 3.0465000e+01 ; 9.4423714e+01 
3.500e+01 ; 2.400e+00 ; 2.100e+00 ; 3.0529000e+01 ; 9.3961632e+01 
3.500e+01 ; 2.400e+00 ; 2.100e+00 ; 3.0657000e+01 ; 9.3100609e+01 
3.500e+01 ; 2.400e+00 ; 2.100e+00 ; 3.0913000e+01 ; 9.1590462e+01 
3.500e+01 ; 2.400e+00 ; 2.100e+00 ; 3.1200000e+01 ; 9.0117531e+01 
3.500e+01 ; 2.400e+00 ; 2.100e+00 ; 3.1200000e+01 ; 9.0117531e+01 
3.500e+01 ; 2.400e+00 ; 2.100e+00 ; 3.1201000e+01 ; 9.0112404e+01 
3.500e+01 ; 2.400e+00 ; 2.100e+00 ; 3.1202000e+01 ; 9.0107277e+01 
3.500e+01 ; 2.400e+00 ; 2.100e+00 ; 3.1203000e+01 ; 9.0102150e+01 
3.500e+01 ; 2.400e+00 ; 2.100e+00 ; 3.1205000e+01 ; 9.0091911e+01 
3.500e+01 ; 2.400e+00 ; 2.100e+00 ; 3.1209000e+01 ; 9.0071480e+01 
3.500e+01 ; 2.400e+00 ; 2.100e+00 ; 3.1217000e+01 ; 9.0030785e+01 
3.500e+01 ; 2.400e+00 ; 2.100e+00 ; 3.1233000e+01 ; 8.9950058e+01 
3.500e+01 ; 2.400e+00 ; 2.100e+00 ; 3.1265000e+01 ; 8.9791214e+01 
3.500e+01 ; 2.400e+00 ; 2.100e+00 ; 3.1329000e+01 ; 8.9483513e+01 
3.500e+01 ; 2.400e+00 ; 2.100e+00 ; 3.1457000e+01 ; 8.8904678e+01 
3.500e+01 ; 2.400e+00 ; 2.100e+00 ; 3.1713000e+01 ; 8.7871246e+01 
3.500e+01 ; 2.400e+00 ; 2.100e+00 ; 3.2000000e+01 ; 8.6843475e+01 
3.500e+01 ; 2.400e+00 ; 2.100e+00 ; 3.2000000e+01 ; 8.6843475e+01 
3.500e+01 ; 2.400e+00 ; 2.100e+00 ; 3.2001000e+01 ; 8.6839897e+01 
3.500e+01 ; 2.400e+00 ; 2.100e+00 ; 3.2002000e+01 ; 8.6836319e+01 
3.500e+01 ; 2.400e+00 ; 2.100e+00 ; 3.2003000e+01 ; 8.6832741e+01 
3.500e+01 ; 2.400e+00 ; 2.100e+00 ; 3.2005000e+01 ; 8.6825592e+01 
3.500e+01 ; 2.400e+00 ; 2.100e+00 ; 3.2009000e+01 ; 8.6811325e+01 
3.500e+01 ; 2.400e+00 ; 2.100e+00 ; 3.2017000e+01 ; 8.6782890e+01 
3.500e+01 ; 2.400e+00 ; 2.100e+00 ; 3.2033000e+01 ; 8.6726418e+01 
3.500e+01 ; 2.400e+00 ; 2.100e+00 ; 3.2065000e+01 ; 8.6615036e+01 
3.500e+01 ; 2.400e+00 ; 2.100e+00 ; 3.2129000e+01 ; 8.6398239e+01 
3.500e+01 ; 2.400e+00 ; 2.100e+00 ; 3.2257000e+01 ; 8.5986687e+01 
3.500e+01 ; 2.400e+00 ; 2.100e+00 ; 3.2513000e+01 ; 8.5239456e+01 
3.500e+01 ; 2.400e+00 ; 2.100e+00 ; 3.2800000e+01 ; 8.4482811e+01 
3.500e+01 ; 2.400e+00 ; 2.100e+00 ; 3.2800000e+01 ; 8.4482811e+01 
3.500e+01 ; 2.400e+00 ; 2.100e+00 ; 3.2801000e+01 ; 8.4480179e+01 
3.500e+01 ; 2.400e+00 ; 2.100e+00 ; 3.2802000e+01 ; 8.4477539e+01 
3.500e+01 ; 2.400e+00 ; 2.100e+00 ; 3.2803000e+01 ; 8.4474907e+01 
3.500e+01 ; 2.400e+00 ; 2.100e+00 ; 3.2805000e+01 ; 8.4469643e+01 
3.500e+01 ; 2.400e+00 ; 2.100e+00 ; 3.2809000e+01 ; 8.4459137e+01 
3.500e+01 ; 2.400e+00 ; 2.100e+00 ; 3.2817000e+01 ; 8.4438179e+01 
3.500e+01 ; 2.400e+00 ; 2.100e+00 ; 3.2833000e+01 ; 8.4396507e+01 
3.500e+01 ; 2.400e+00 ; 2.100e+00 ; 3.2865000e+01 ; 8.4314133e+01 
3.500e+01 ; 2.400e+00 ; 2.100e+00 ; 3.2929000e+01 ; 8.4153130e+01 
3.500e+01 ; 2.400e+00 ; 2.100e+00 ; 3.3057000e+01 ; 8.3844978e+01 
3.500e+01 ; 2.400e+00 ; 2.100e+00 ; 3.3313001e+01 ; 8.3277084e+01 
3.500e+01 ; 2.400e+00 ; 2.100e+00 ; 3.3600001e+01 ; 8.2692955e+01 
3.500e+01 ; 2.400e+00 ; 2.100e+00 ; 3.3600001e+01 ; 8.2692955e+01 
3.500e+01 ; 2.400e+00 ; 2.100e+00 ; 3.3601001e+01 ; 8.2690918e+01 
3.500e+01 ; 2.400e+00 ; 2.100e+00 ; 3.3602001e+01 ; 8.2688889e+01 
3.500e+01 ; 2.400e+00 ; 2.100e+00 ; 3.3603001e+01 ; 8.2686852e+01 
3.500e+01 ; 2.400e+00 ; 2.100e+00 ; 3.3605001e+01 ; 8.2682793e+01 
3.500e+01 ; 2.400e+00 ; 2.100e+00 ; 3.3609001e+01 ; 8.2674667e+01 
3.500e+01 ; 2.400e+00 ; 2.100e+00 ; 3.3617001e+01 ; 8.2658478e+01 
3.500e+01 ; 2.400e+00 ; 2.100e+00 ; 3.3633001e+01 ; 8.2626244e+01 
3.500e+01 ; 2.400e+00 ; 2.100e+00 ; 3.3665000e+01 ; 8.2562408e+01 
3.500e+01 ; 2.400e+00 ; 2.100e+00 ; 3.3729000e+01 ; 8.2437180e+01 
3.500e+01 ; 2.400e+00 ; 2.100e+00 ; 3.3857000e+01 ; 8.2195847e+01 
3.500e+01 ; 2.400e+00 ; 2.100e+00 ; 3.4113001e+01 ; 8.1745491e+01 
3.500e+01 ; 2.400e+00 ; 2.100e+00 ; 3.4400001e+01 ; 8.1276207e+01 
3.500e+01 ; 2.400e+00 ; 2.100e+00 ; 3.4400001e+01 ; 8.1276207e+01 
3.500e+01 ; 2.400e+00 ; 2.100e+00 ; 3.4401001e+01 ; 8.1274574e+01 
3.500e+01 ; 2.400e+00 ; 2.100e+00 ; 3.4402001e+01 ; 8.1272942e+01 
3.500e+01 ; 2.400e+00 ; 2.100e+00 ; 3.4403001e+01 ; 8.1271309e+01 
3.500e+01 ; 2.400e+00 ; 2.100e+00 ; 3.4405001e+01 ; 8.1268044e+01 
3.500e+01 ; 2.400e+00 ; 2.100e+00 ; 3.4409001e+01 ; 8.1261513e+01 
3.500e+01 ; 2.400e+00 ; 2.100e+00 ; 3.4417001e+01 ; 8.1248489e+01 
3.500e+01 ; 2.400e+00 ; 2.100e+00 ; 3.4433001e+01 ; 8.1222557e+01 
3.500e+01 ; 2.400e+00 ; 2.100e+00 ; 3.4465001e+01 ; 8.1171112e+01 
3.500e+01 ; 2.400e+00 ; 2.100e+00 ; 3.4529001e+01 ; 8.1069893e+01 
3.500e+01 ; 2.400e+00 ; 2.100e+00 ; 3.4657001e+01 ; 8.0873741e+01 
3.500e+01 ; 2.400e+00 ; 2.100e+00 ; 3.4913001e+01 ; 8.0503983e+01 
3.500e+01 ; 2.400e+00 ; 2.100e+00 ; 3.5200001e+01 ; 8.0114700e+01 
3.500e+01 ; 2.400e+00 ; 2.100e+00 ; 3.5200001e+01 ; 8.0114700e+01 
3.500e+01 ; 2.400e+00 ; 2.100e+00 ; 3.5201001e+01 ; 8.0113342e+01 
3.500e+01 ; 2.400e+00 ; 2.100e+00 ; 3.5202001e+01 ; 8.0111984e+01 
3.500e+01 ; 2.400e+00 ; 2.100e+00 ; 3.5203001e+01 ; 8.0110634e+01 
3.500e+01 ; 2.400e+00 ; 2.100e+00 ; 3.5205001e+01 ; 8.0107925e+01 
3.500e+01 ; 2.400e+00 ; 2.100e+00 ; 3.5209001e+01 ; 8.0102509e+01 
3.500e+01 ; 2.400e+00 ; 2.100e+00 ; 3.5217001e+01 ; 8.0091698e+01 
3.500e+01 ; 2.400e+00 ; 2.100e+00 ; 3.5233001e+01 ; 8.0070152e+01 
3.500e+01 ; 2.400e+00 ; 2.100e+00 ; 3.5265001e+01 ; 8.0027374e+01 
3.500e+01 ; 2.400e+00 ; 2.100e+00 ; 3.5329001e+01 ; 7.9943008e+01 
3.500e+01 ; 2.400e+00 ; 2.100e+00 ; 3.5457001e+01 ; 7.9778793e+01 
3.500e+01 ; 2.400e+00 ; 2.100e+00 ; 3.5713001e+01 ; 7.9466812e+01 
3.500e+01 ; 2.400e+00 ; 2.100e+00 ; 3.6000001e+01 ; 7.9135712e+01 
3.500e+01 ; 2.400e+00 ; 2.100e+00 ; 3.6000001e+01 ; 7.9135712e+01 
3.500e+01 ; 2.400e+00 ; 2.100e+00 ; 3.6001001e+01 ; 7.9134552e+01 
3.500e+01 ; 2.400e+00 ; 2.100e+00 ; 3.6002001e+01 ; 7.9133400e+01 
3.500e+01 ; 2.400e+00 ; 2.100e+00 ; 3.6003001e+01 ; 7.9132248e+01 
3.500e+01 ; 2.400e+00 ; 2.100e+00 ; 3.6005001e+01 ; 7.9129944e+01 
3.500e+01 ; 2.400e+00 ; 2.100e+00 ; 3.6009001e+01 ; 7.9125336e+01 
3.500e+01 ; 2.400e+00 ; 2.100e+00 ; 3.6017001e+01 ; 7.9116142e+01 
3.500e+01 ; 2.400e+00 ; 2.100e+00 ; 3.6033001e+01 ; 7.9097801e+01 
3.500e+01 ; 2.400e+00 ; 2.100e+00 ; 3.6065001e+01 ; 7.9061348e+01 
3.500e+01 ; 2.400e+00 ; 2.100e+00 ; 3.6129001e+01 ; 7.8989326e+01 
3.500e+01 ; 2.400e+00 ; 2.100e+00 ; 3.6257001e+01 ; 7.8848671e+01 
3.500e+01 ; 2.400e+00 ; 2.100e+00 ; 3.6513001e+01 ; 7.8579842e+01 
3.500e+01 ; 2.400e+00 ; 2.100e+00 ; 3.6800001e+01 ; 7.8292801e+01 
3.500e+01 ; 2.400e+00 ; 2.100e+00 ; 3.6800001e+01 ; 7.8292801e+01 
3.500e+01 ; 2.400e+00 ; 2.100e+00 ; 3.6801001e+01 ; 7.8291794e+01 
3.500e+01 ; 2.400e+00 ; 2.100e+00 ; 3.6802001e+01 ; 7.8290794e+01 
3.500e+01 ; 2.400e+00 ; 2.100e+00 ; 3.6803001e+01 ; 7.8289795e+01 
3.500e+01 ; 2.400e+00 ; 2.100e+00 ; 3.6805001e+01 ; 7.8287796e+01 
3.500e+01 ; 2.400e+00 ; 2.100e+00 ; 3.6809001e+01 ; 7.8283806e+01 
3.500e+01 ; 2.400e+00 ; 2.100e+00 ; 3.6817001e+01 ; 7.8275826e+01 
3.500e+01 ; 2.400e+00 ; 2.100e+00 ; 3.6833001e+01 ; 7.8259918e+01 
3.500e+01 ; 2.400e+00 ; 2.100e+00 ; 3.6865001e+01 ; 7.8228271e+01 
3.500e+01 ; 2.400e+00 ; 2.100e+00 ; 3.6929001e+01 ; 7.8165710e+01 
3.500e+01 ; 2.400e+00 ; 2.100e+00 ; 3.7057001e+01 ; 7.8043556e+01 
3.500e+01 ; 2.400e+00 ; 2.100e+00 ; 3.7313001e+01 ; 7.7812042e+01 
3.500e+01 ; 2.400e+00 ; 2.100e+00 ; 3.7600001e+01 ; 7.7569397e+01 
3.500e+01 ; 2.400e+00 ; 2.100e+00 ; 3.7600001e+01 ; 7.7569397e+01 
3.500e+01 ; 2.400e+00 ; 2.100e+00 ; 3.7601001e+01 ; 7.7568550e+01 
3.500e+01 ; 2.400e+00 ; 2.100e+00 ; 3.7602001e+01 ; 7.7567711e+01 
3.500e+01 ; 2.400e+00 ; 2.100e+00 ; 3.7603001e+01 ; 7.7566864e+01 
3.500e+01 ; 2.400e+00 ; 2.100e+00 ; 3.7605001e+01 ; 7.7565178e+01 
3.500e+01 ; 2.400e+00 ; 2.100e+00 ; 3.7609001e+01 ; 7.7561806e+01 
3.500e+01 ; 2.400e+00 ; 2.100e+00 ; 3.7617001e+01 ; 7.7555092e+01 
3.500e+01 ; 2.400e+00 ; 2.100e+00 ; 3.7633001e+01 ; 7.7541771e+01 
3.500e+01 ; 2.400e+00 ; 2.100e+00 ; 3.7665001e+01 ; 7.7515564e+01 
3.500e+01 ; 2.400e+00 ; 2.100e+00 ; 3.7729001e+01 ; 7.7465141e+01 
3.500e+01 ; 2.400e+00 ; 2.100e+00 ; 3.7857001e+01 ; 7.7373512e+01 
3.500e+01 ; 2.400e+00 ; 2.100e+00 ; 3.8113001e+01 ; 7.7229980e+01 
3.500e+01 ; 2.400e+00 ; 2.100e+00 ; 3.8400001e+01 ; 7.7115891e+01 
3.500e+01 ; 2.400e+00 ; 2.100e+00 ; 3.8400001e+01 ; 7.7115891e+01 
3.500e+01 ; 2.400e+00 ; 2.100e+00 ; 3.8401001e+01 ; 7.7119232e+01 
3.500e+01 ; 2.400e+00 ; 2.100e+00 ; 3.8402001e+01 ; 7.7122612e+01 
3.500e+01 ; 2.400e+00 ; 2.100e+00 ; 3.8403001e+01 ; 7.7126030e+01 
3.500e+01 ; 2.400e+00 ; 2.100e+00 ; 3.8405001e+01 ; 7.7132973e+01 
3.500e+01 ; 2.400e+00 ; 2.100e+00 ; 3.8409001e+01 ; 7.7147362e+01 
3.500e+01 ; 2.400e+00 ; 2.100e+00 ; 3.8417001e+01 ; 7.7178062e+01 
3.500e+01 ; 2.400e+00 ; 2.100e+00 ; 3.8433001e+01 ; 7.7246849e+01 
3.500e+01 ; 2.400e+00 ; 2.100e+00 ; 3.8465001e+01 ; 7.7411407e+01 
3.500e+01 ; 2.400e+00 ; 2.100e+00 ; 3.8529001e+01 ; 7.7830360e+01 
3.500e+01 ; 2.400e+00 ; 2.100e+00 ; 3.8657001e+01 ; 7.8912910e+01 
3.500e+01 ; 2.400e+00 ; 2.100e+00 ; 3.8913001e+01 ; 8.1469429e+01 
3.500e+01 ; 2.400e+00 ; 2.100e+00 ; 3.9200001e+01 ; 8.4264664e+01 
3.500e+01 ; 2.400e+00 ; 2.100e+00 ; 3.9200001e+01 ; 8.4264664e+01 
3.500e+01 ; 2.400e+00 ; 2.100e+00 ; 3.9201001e+01 ; 8.4277367e+01 
3.500e+01 ; 2.400e+00 ; 2.100e+00 ; 3.9202001e+01 ; 8.4290077e+01 
3.500e+01 ; 2.400e+00 ; 2.100e+00 ; 3.9203001e+01 ; 8.4302795e+01 
3.500e+01 ; 2.400e+00 ; 2.100e+00 ; 3.9205001e+01 ; 8.4328247e+01 
3.500e+01 ; 2.400e+00 ; 2.100e+00 ; 3.9209001e+01 ; 8.4379227e+01 
3.500e+01 ; 2.400e+00 ; 2.100e+00 ; 3.9217001e+01 ; 8.4481491e+01 
3.500e+01 ; 2.400e+00 ; 2.100e+00 ; 3.9233001e+01 ; 8.4687065e+01 
3.500e+01 ; 2.400e+00 ; 2.100e+00 ; 3.9265001e+01 ; 8.5101547e+01 
3.500e+01 ; 2.400e+00 ; 2.100e+00 ; 3.9329001e+01 ; 8.5937256e+01 
3.500e+01 ; 2.400e+00 ; 2.100e+00 ; 3.9457001e+01 ; 8.7594444e+01 
3.500e+01 ; 2.400e+00 ; 2.100e+00 ; 3.9713001e+01 ; 9.0649063e+01 
3.500e+01 ; 2.400e+00 ; 2.100e+00 ; 4.0000001e+01 ; 9.3543953e+01 
3.500e+01 ; 2.400e+00 ; 2.100e+00 ; 4.0000001e+01 ; 9.3543953e+01 
3.500e+01 ; 2.400e+00 ; 2.100e+00 ; 4.0001001e+01 ; 9.3554024e+01 
3.500e+01 ; 2.400e+00 ; 2.100e+00 ; 4.0002001e+01 ; 9.3564079e+01 
3.500e+01 ; 2.400e+00 ; 2.100e+00 ; 4.0003001e+01 ; 9.3574127e+01 
3.500e+01 ; 2.400e+00 ; 2.100e+00 ; 4.0005001e+01 ; 9.3594162e+01 
3.500e+01 ; 2.400e+00 ; 2.100e+00 ; 4.0009001e+01 ; 9.3634010e+01 
3.500e+01 ; 2.400e+00 ; 2.100e+00 ; 4.0017001e+01 ; 9.3712830e+01 
3.500e+01 ; 2.400e+00 ; 2.100e+00 ; 4.0033001e+01 ; 9.3867020e+01 
3.500e+01 ; 2.400e+00 ; 2.100e+00 ; 4.0065001e+01 ; 9.4162086e+01 
3.500e+01 ; 2.400e+00 ; 2.100e+00 ; 4.0129001e+01 ; 9.4702469e+01 
3.500e+01 ; 2.400e+00 ; 2.100e+00 ; 4.0257001e+01 ; 9.5608932e+01 
3.500e+01 ; 2.400e+00 ; 2.100e+00 ; 4.0513001e+01 ; 9.6879578e+01 
3.500e+01 ; 2.400e+00 ; 2.100e+00 ; 4.0800001e+01 ; 9.7788979e+01 
3.500e+01 ; 2.400e+00 ; 2.100e+00 ; 4.0800001e+01 ; 9.7788979e+01 
3.500e+01 ; 2.400e+00 ; 2.100e+00 ; 4.0801001e+01 ; 9.7792137e+01 
3.500e+01 ; 2.400e+00 ; 2.100e+00 ; 4.0802001e+01 ; 9.7795296e+01 
3.500e+01 ; 2.400e+00 ; 2.100e+00 ; 4.0803001e+01 ; 9.7798447e+01 
3.500e+01 ; 2.400e+00 ; 2.100e+00 ; 4.0805001e+01 ; 9.7804718e+01 
3.500e+01 ; 2.400e+00 ; 2.100e+00 ; 4.0809001e+01 ; 9.7817169e+01 
3.500e+01 ; 2.400e+00 ; 2.100e+00 ; 4.0817001e+01 ; 9.7841682e+01 
3.500e+01 ; 2.400e+00 ; 2.100e+00 ; 4.0833001e+01 ; 9.7889153e+01 
3.500e+01 ; 2.400e+00 ; 2.100e+00 ; 4.0865001e+01 ; 9.7978119e+01 
3.500e+01 ; 2.400e+00 ; 2.100e+00 ; 4.0929001e+01 ; 9.8133728e+01 
3.500e+01 ; 2.400e+00 ; 2.100e+00 ; 4.1057001e+01 ; 9.8366730e+01 
3.500e+01 ; 2.400e+00 ; 2.100e+00 ; 4.1313001e+01 ; 9.8590858e+01 
3.500e+01 ; 2.400e+00 ; 2.100e+00 ; 4.1600001e+01 ; 9.8615669e+01 
3.500e+01 ; 2.400e+00 ; 2.100e+00 ; 4.1600001e+01 ; 9.8615669e+01 
3.500e+01 ; 2.400e+00 ; 2.100e+00 ; 4.1601001e+01 ; 9.8615746e+01 
3.500e+01 ; 2.400e+00 ; 2.100e+00 ; 4.1602001e+01 ; 9.8615829e+01 
3.500e+01 ; 2.400e+00 ; 2.100e+00 ; 4.1603001e+01 ; 9.8615906e+01 
3.500e+01 ; 2.400e+00 ; 2.100e+00 ; 4.1605001e+01 ; 9.8616051e+01 
3.500e+01 ; 2.400e+00 ; 2.100e+00 ; 4.1609001e+01 ; 9.8616302e+01 
3.500e+01 ; 2.400e+00 ; 2.100e+00 ; 4.1617001e+01 ; 9.8616623e+01 
3.500e+01 ; 2.400e+00 ; 2.100e+00 ; 4.1633001e+01 ; 9.8616592e+01 
3.500e+01 ; 2.400e+00 ; 2.100e+00 ; 4.1665001e+01 ; 9.8613922e+01 
3.500e+01 ; 2.400e+00 ; 2.100e+00 ; 4.1729001e+01 ; 9.8598907e+01 
3.500e+01 ; 2.400e+00 ; 2.100e+00 ; 4.1857001e+01 ; 9.8535492e+01 
3.500e+01 ; 2.400e+00 ; 2.100e+00 ; 4.2113001e+01 ; 9.8308525e+01 
3.500e+01 ; 2.400e+00 ; 2.100e+00 ; 4.2400001e+01 ; 9.7964249e+01 
3.500e+01 ; 2.400e+00 ; 2.100e+00 ; 4.2400001e+01 ; 9.7964249e+01 
3.500e+01 ; 2.400e+00 ; 2.100e+00 ; 4.2401001e+01 ; 9.7963051e+01 
3.500e+01 ; 2.400e+00 ; 2.100e+00 ; 4.2402001e+01 ; 9.7961845e+01 
3.500e+01 ; 2.400e+00 ; 2.100e+00 ; 4.2403001e+01 ; 9.7960648e+01 
3.500e+01 ; 2.400e+00 ; 2.100e+00 ; 4.2405001e+01 ; 9.7958237e+01 
3.500e+01 ; 2.400e+00 ; 2.100e+00 ; 4.2409001e+01 ; 9.7953400e+01 
3.500e+01 ; 2.400e+00 ; 2.100e+00 ; 4.2417001e+01 ; 9.7943657e+01 
3.500e+01 ; 2.400e+00 ; 2.100e+00 ; 4.2433001e+01 ; 9.7923904e+01 
3.500e+01 ; 2.400e+00 ; 2.100e+00 ; 4.2465001e+01 ; 9.7883377e+01 
3.500e+01 ; 2.400e+00 ; 2.100e+00 ; 4.2529001e+01 ; 9.7798599e+01 
3.500e+01 ; 2.400e+00 ; 2.100e+00 ; 4.2657001e+01 ; 9.7616570e+01 
3.500e+01 ; 2.400e+00 ; 2.100e+00 ; 4.2913001e+01 ; 9.7217880e+01 
3.500e+01 ; 2.400e+00 ; 2.100e+00 ; 4.3200001e+01 ; 9.6743645e+01 
3.500e+01 ; 2.400e+00 ; 2.100e+00 ; 4.3200001e+01 ; 9.6743645e+01 
3.500e+01 ; 2.400e+00 ; 2.100e+00 ; 4.3201001e+01 ; 9.6741989e+01 
3.500e+01 ; 2.400e+00 ; 2.100e+00 ; 4.3202001e+01 ; 9.6740334e+01 
3.500e+01 ; 2.400e+00 ; 2.100e+00 ; 4.3203001e+01 ; 9.6738686e+01 
3.500e+01 ; 2.400e+00 ; 2.100e+00 ; 4.3205001e+01 ; 9.6735374e+01 
3.500e+01 ; 2.400e+00 ; 2.100e+00 ; 4.3209001e+01 ; 9.6728752e+01 
3.500e+01 ; 2.400e+00 ; 2.100e+00 ; 4.3217001e+01 ; 9.6715492e+01 
3.500e+01 ; 2.400e+00 ; 2.100e+00 ; 4.3233001e+01 ; 9.6688881e+01 
3.500e+01 ; 2.400e+00 ; 2.100e+00 ; 4.3265001e+01 ; 9.6635376e+01 
3.500e+01 ; 2.400e+00 ; 2.100e+00 ; 4.3329001e+01 ; 9.6527336e+01 
3.500e+01 ; 2.400e+00 ; 2.100e+00 ; 4.3457001e+01 ; 9.6308243e+01 
3.500e+01 ; 2.400e+00 ; 2.100e+00 ; 4.3713001e+01 ; 9.5864662e+01 
3.500e+01 ; 2.400e+00 ; 2.100e+00 ; 4.4000001e+01 ; 9.5367477e+01 
3.500e+01 ; 2.400e+00 ; 2.100e+00 ; 4.4000001e+01 ; 9.5367477e+01 
3.500e+01 ; 2.400e+00 ; 2.100e+00 ; 4.4001001e+01 ; 9.5365746e+01 
3.500e+01 ; 2.400e+00 ; 2.100e+00 ; 4.4002001e+01 ; 9.5364014e+01 
3.500e+01 ; 2.400e+00 ; 2.100e+00 ; 4.4003001e+01 ; 9.5362282e+01 
3.500e+01 ; 2.400e+00 ; 2.100e+00 ; 4.4005001e+01 ; 9.5358818e+01 
3.500e+01 ; 2.400e+00 ; 2.100e+00 ; 4.4009001e+01 ; 9.5351883e+01 
3.500e+01 ; 2.400e+00 ; 2.100e+00 ; 4.4017001e+01 ; 9.5338028e+01 
3.500e+01 ; 2.400e+00 ; 2.100e+00 ; 4.4033001e+01 ; 9.5310318e+01 
3.500e+01 ; 2.400e+00 ; 2.100e+00 ; 4.4065001e+01 ; 9.5254906e+01 
3.500e+01 ; 2.400e+00 ; 2.100e+00 ; 4.4129001e+01 ; 9.5144241e+01 
3.500e+01 ; 2.400e+00 ; 2.100e+00 ; 4.4257001e+01 ; 9.4923927e+01 
3.500e+01 ; 2.400e+00 ; 2.100e+00 ; 4.4513001e+01 ; 9.4490044e+01 
3.500e+01 ; 2.400e+00 ; 2.100e+00 ; 4.4800001e+01 ; 9.4014648e+01 
3.500e+01 ; 2.400e+00 ; 2.100e+00 ; 4.4800001e+01 ; 9.4014648e+01 
3.500e+01 ; 2.400e+00 ; 2.100e+00 ; 4.4801001e+01 ; 9.4012993e+01 
3.500e+01 ; 2.400e+00 ; 2.100e+00 ; 4.4802001e+01 ; 9.4011337e+01 
3.500e+01 ; 2.400e+00 ; 2.100e+00 ; 4.4803001e+01 ; 9.4009682e+01 
3.500e+01 ; 2.400e+00 ; 2.100e+00 ; 4.4805001e+01 ; 9.4006371e+01 
3.500e+01 ; 2.400e+00 ; 2.100e+00 ; 4.4809001e+01 ; 9.3999748e+01 
3.500e+01 ; 2.400e+00 ; 2.100e+00 ; 4.4817001e+01 ; 9.3986519e+01 
3.500e+01 ; 2.400e+00 ; 2.100e+00 ; 4.4833001e+01 ; 9.3960091e+01 
3.500e+01 ; 2.400e+00 ; 2.100e+00 ; 4.4865001e+01 ; 9.3907372e+01 
3.500e+01 ; 2.400e+00 ; 2.100e+00 ; 4.4929001e+01 ; 9.3802536e+01 
3.500e+01 ; 2.400e+00 ; 2.100e+00 ; 4.5057001e+01 ; 9.3595413e+01 
3.500e+01 ; 2.400e+00 ; 2.100e+00 ; 4.5313001e+01 ; 9.3192154e+01 
3.500e+01 ; 2.400e+00 ; 2.100e+00 ; 4.5600001e+01 ; 9.2754501e+01 
3.500e+01 ; 2.400e+00 ; 2.100e+00 ; 4.5600001e+01 ; 9.2754501e+01 
3.500e+01 ; 2.400e+00 ; 2.100e+00 ; 4.5601001e+01 ; 9.2752975e+01 
3.500e+01 ; 2.400e+00 ; 2.100e+00 ; 4.5602001e+01 ; 9.2751450e+01 
3.500e+01 ; 2.400e+00 ; 2.100e+00 ; 4.5603001e+01 ; 9.2749931e+01 
3.500e+01 ; 2.400e+00 ; 2.100e+00 ; 4.5605001e+01 ; 9.2746880e+01 
3.500e+01 ; 2.400e+00 ; 2.100e+00 ; 4.5609001e+01 ; 9.2740784e+01 
3.500e+01 ; 2.400e+00 ; 2.100e+00 ; 4.5617001e+01 ; 9.2728615e+01 
3.500e+01 ; 2.400e+00 ; 2.100e+00 ; 4.5633001e+01 ; 9.2704308e+01 
3.500e+01 ; 2.400e+00 ; 2.100e+00 ; 4.5665001e+01 ; 9.2655876e+01 
3.500e+01 ; 2.400e+00 ; 2.100e+00 ; 4.5729001e+01 ; 9.2559738e+01 
3.500e+01 ; 2.400e+00 ; 2.100e+00 ; 4.5857001e+01 ; 9.2370407e+01 
3.500e+01 ; 2.400e+00 ; 2.100e+00 ; 4.6113001e+01 ; 9.2003479e+01 
3.500e+01 ; 2.400e+00 ; 2.100e+00 ; 4.6400001e+01 ; 9.1606682e+01 
3.500e+01 ; 2.400e+00 ; 2.100e+00 ; 4.6400001e+01 ; 9.1606682e+01 
3.500e+01 ; 2.400e+00 ; 2.100e+00 ; 4.6401001e+01 ; 9.1605293e+01 
3.500e+01 ; 2.400e+00 ; 2.100e+00 ; 4.6402001e+01 ; 9.1603912e+01 
3.500e+01 ; 2.400e+00 ; 2.100e+00 ; 4.6403001e+01 ; 9.1602531e+01 
3.500e+01 ; 2.400e+00 ; 2.100e+00 ; 4.6405001e+01 ; 9.1599770e+01 
3.500e+01 ; 2.400e+00 ; 2.100e+00 ; 4.6409001e+01 ; 9.1594246e+01 
3.500e+01 ; 2.400e+00 ; 2.100e+00 ; 4.6417001e+01 ; 9.1583206e+01 
3.500e+01 ; 2.400e+00 ; 2.100e+00 ; 4.6433001e+01 ; 9.1561180e+01 
3.500e+01 ; 2.400e+00 ; 2.100e+00 ; 4.6465001e+01 ; 9.1517303e+01 
3.500e+01 ; 2.400e+00 ; 2.100e+00 ; 4.6529001e+01 ; 9.1430267e+01 
3.500e+01 ; 2.400e+00 ; 2.100e+00 ; 4.6657001e+01 ; 9.1259041e+01 
3.500e+01 ; 2.400e+00 ; 2.100e+00 ; 4.6913001e+01 ; 9.0927635e+01 
3.500e+01 ; 2.400e+00 ; 2.100e+00 ; 4.7200001e+01 ; 9.0569496e+01 
3.500e+01 ; 2.400e+00 ; 2.100e+00 ; 4.7200001e+01 ; 9.0569496e+01 
3.500e+01 ; 2.400e+00 ; 2.100e+00 ; 4.7201001e+01 ; 9.0568245e+01 
3.500e+01 ; 2.400e+00 ; 2.100e+00 ; 4.7202001e+01 ; 9.0567001e+01 
3.500e+01 ; 2.400e+00 ; 2.100e+00 ; 4.7203001e+01 ; 9.0565750e+01 
3.500e+01 ; 2.400e+00 ; 2.100e+00 ; 4.7205001e+01 ; 9.0563263e+01 
3.500e+01 ; 2.400e+00 ; 2.100e+00 ; 4.7209001e+01 ; 9.0558273e+01 
3.500e+01 ; 2.400e+00 ; 2.100e+00 ; 4.7217001e+01 ; 9.0548309e+01 
3.500e+01 ; 2.400e+00 ; 2.100e+00 ; 4.7233001e+01 ; 9.0528435e+01 
3.500e+01 ; 2.400e+00 ; 2.100e+00 ; 4.7265001e+01 ; 9.0488838e+01 
3.500e+01 ; 2.400e+00 ; 2.100e+00 ; 4.7329001e+01 ; 9.0410301e+01 
3.500e+01 ; 2.400e+00 ; 2.100e+00 ; 4.7457001e+01 ; 9.0255791e+01 
3.500e+01 ; 2.400e+00 ; 2.100e+00 ; 4.7713001e+01 ; 8.9956657e+01 
3.500e+01 ; 2.400e+00 ; 2.100e+00 ; 4.8000001e+01 ; 8.9633141e+01 
3.500e+01 ; 2.400e+00 ; 2.100e+00 ; 4.8000001e+01 ; 8.9633141e+01 
3.500e+01 ; 2.400e+00 ; 2.100e+00 ; 4.8001001e+01 ; 8.9632011e+01 
3.500e+01 ; 2.400e+00 ; 2.100e+00 ; 4.8002001e+01 ; 8.9630882e+01 
3.500e+01 ; 2.400e+00 ; 2.100e+00 ; 4.8003001e+01 ; 8.9629761e+01 
3.500e+01 ; 2.400e+00 ; 2.100e+00 ; 4.8005001e+01 ; 8.9627502e+01 
3.500e+01 ; 2.400e+00 ; 2.100e+00 ; 4.8009001e+01 ; 8.9623001e+01 
3.500e+01 ; 2.400e+00 ; 2.100e+00 ; 4.8017001e+01 ; 8.9614006e+01 
3.500e+01 ; 2.400e+00 ; 2.100e+00 ; 4.8033001e+01 ; 8.9596046e+01 
3.500e+01 ; 2.400e+00 ; 2.100e+00 ; 4.8065001e+01 ; 8.9560272e+01 
3.500e+01 ; 2.400e+00 ; 2.100e+00 ; 4.8129001e+01 ; 8.9489296e+01 
3.500e+01 ; 2.400e+00 ; 2.100e+00 ; 4.8257001e+01 ; 8.9349609e+01 
3.500e+01 ; 2.400e+00 ; 2.100e+00 ; 4.8513001e+01 ; 8.9078857e+01 
3.500e+01 ; 2.400e+00 ; 2.100e+00 ; 4.8800001e+01 ; 8.8785622e+01 
3.500e+01 ; 2.400e+00 ; 2.100e+00 ; 4.8800001e+01 ; 8.8785622e+01 
3.500e+01 ; 2.400e+00 ; 2.100e+00 ; 4.8801001e+01 ; 8.8784599e+01 
3.500e+01 ; 2.400e+00 ; 2.100e+00 ; 4.8802001e+01 ; 8.8783577e+01 
3.500e+01 ; 2.400e+00 ; 2.100e+00 ; 4.8803001e+01 ; 8.8782555e+01 
3.500e+01 ; 2.400e+00 ; 2.100e+00 ; 4.8805001e+01 ; 8.8780510e+01 
3.500e+01 ; 2.400e+00 ; 2.100e+00 ; 4.8809001e+01 ; 8.8776428e+01 
3.500e+01 ; 2.400e+00 ; 2.100e+00 ; 4.8817001e+01 ; 8.8768272e+01 
3.500e+01 ; 2.400e+00 ; 2.100e+00 ; 4.8833001e+01 ; 8.8751991e+01 
3.500e+01 ; 2.400e+00 ; 2.100e+00 ; 4.8865001e+01 ; 8.8719559e+01 
3.500e+01 ; 2.400e+00 ; 2.100e+00 ; 4.8929001e+01 ; 8.8655205e+01 
3.500e+01 ; 2.400e+00 ; 2.100e+00 ; 4.9057001e+01 ; 8.8528656e+01 
3.500e+01 ; 2.400e+00 ; 2.100e+00 ; 4.9313001e+01 ; 8.8284889e+01 
3.500e+01 ; 2.400e+00 ; 2.100e+00 ; 4.9600001e+01 ; 8.8024261e+01 
3.500e+01 ; 2.400e+00 ; 2.100e+00 ; 4.9600001e+01 ; 8.8024261e+01 
3.500e+01 ; 2.400e+00 ; 2.100e+00 ; 4.9601001e+01 ; 8.8023354e+01 
3.500e+01 ; 2.400e+00 ; 2.100e+00 ; 4.9602001e+01 ; 8.8022446e+01 
3.500e+01 ; 2.400e+00 ; 2.100e+00 ; 4.9603001e+01 ; 8.8021538e+01 
3.500e+01 ; 2.400e+00 ; 2.100e+00 ; 4.9605001e+01 ; 8.8019722e+01 
3.500e+01 ; 2.400e+00 ; 2.100e+00 ; 4.9609001e+01 ; 8.8016106e+01 
3.500e+01 ; 2.400e+00 ; 2.100e+00 ; 4.9617001e+01 ; 8.8008896e+01 
3.500e+01 ; 2.400e+00 ; 2.100e+00 ; 4.9633001e+01 ; 8.7994591e+01 
3.500e+01 ; 2.400e+00 ; 2.100e+00 ; 4.9665001e+01 ; 8.7966507e+01 
3.500e+01 ; 2.400e+00 ; 2.100e+00 ; 4.9729001e+01 ; 8.7912750e+01 
3.500e+01 ; 2.400e+00 ; 2.100e+00 ; 4.9857001e+01 ; 8.7816719e+01 
3.500e+01 ; 2.400e+00 ; 2.100e+00 ; 5.0113001e+01 ; 8.7673897e+01 
3.500e+01 ; 2.400e+00 ; 2.100e+00 ; 5.0400001e+01 ; 8.7569832e+01 
3.500e+01 ; 2.400e+00 ; 2.100e+00 ; 5.0400001e+01 ; 8.7569832e+01 
3.500e+01 ; 2.400e+00 ; 2.100e+00 ; 5.0401001e+01 ; 8.7569473e+01 
3.500e+01 ; 2.400e+00 ; 2.100e+00 ; 5.0402001e+01 ; 8.7569115e+01 
3.500e+01 ; 2.400e+00 ; 2.100e+00 ; 5.0403001e+01 ; 8.7568748e+01 
3.500e+01 ; 2.400e+00 ; 2.100e+00 ; 5.0405001e+01 ; 8.7568039e+01 
3.500e+01 ; 2.400e+00 ; 2.100e+00 ; 5.0409001e+01 ; 8.7566635e+01 
3.500e+01 ; 2.400e+00 ; 2.100e+00 ; 5.0417001e+01 ; 8.7563896e+01 
3.500e+01 ; 2.400e+00 ; 2.100e+00 ; 5.0433001e+01 ; 8.7558754e+01 
3.500e+01 ; 2.400e+00 ; 2.100e+00 ; 5.0465001e+01 ; 8.7549858e+01 
3.500e+01 ; 2.400e+00 ; 2.100e+00 ; 5.0529001e+01 ; 8.7538017e+01 
3.500e+01 ; 2.400e+00 ; 2.100e+00 ; 5.0657001e+01 ; 8.7539764e+01 
3.500e+01 ; 2.400e+00 ; 2.100e+00 ; 5.0913001e+01 ; 8.7640297e+01 
3.500e+01 ; 2.400e+00 ; 2.100e+00 ; 5.1200001e+01 ; 8.7851891e+01 
3.500e+01 ; 2.400e+00 ; 2.100e+00 ; 5.1200001e+01 ; 8.7851891e+01 
3.500e+01 ; 2.400e+00 ; 2.100e+00 ; 5.1201001e+01 ; 8.7852631e+01 
3.500e+01 ; 2.400e+00 ; 2.100e+00 ; 5.1202001e+01 ; 8.7853371e+01 
3.500e+01 ; 2.400e+00 ; 2.100e+00 ; 5.1203001e+01 ; 8.7854111e+01 
3.500e+01 ; 2.400e+00 ; 2.100e+00 ; 5.1205001e+01 ; 8.7855606e+01 
3.500e+01 ; 2.400e+00 ; 2.100e+00 ; 5.1209001e+01 ; 8.7858612e+01 
3.500e+01 ; 2.400e+00 ; 2.100e+00 ; 5.1217001e+01 ; 8.7864746e+01 
3.500e+01 ; 2.400e+00 ; 2.100e+00 ; 5.1233001e+01 ; 8.7877441e+01 
3.500e+01 ; 2.400e+00 ; 2.100e+00 ; 5.1265001e+01 ; 8.7904617e+01 
3.500e+01 ; 2.400e+00 ; 2.100e+00 ; 5.1329001e+01 ; 8.7966087e+01 
3.500e+01 ; 2.400e+00 ; 2.100e+00 ; 5.1457001e+01 ; 8.8116547e+01 
3.500e+01 ; 2.400e+00 ; 2.100e+00 ; 5.1713001e+01 ; 8.8509087e+01 
3.500e+01 ; 2.400e+00 ; 2.100e+00 ; 5.2000001e+01 ; 8.9029549e+01 
3.500e+01 ; 2.400e+00 ; 2.100e+00 ; 5.2000001e+01 ; 8.9029549e+01 
3.500e+01 ; 2.400e+00 ; 2.100e+00 ; 5.2001001e+01 ; 8.9031364e+01 
3.500e+01 ; 2.400e+00 ; 2.100e+00 ; 5.2002001e+01 ; 8.9033180e+01 
3.500e+01 ; 2.400e+00 ; 2.100e+00 ; 5.2003001e+01 ; 8.9034996e+01 
3.500e+01 ; 2.400e+00 ; 2.100e+00 ; 5.2005001e+01 ; 8.9038635e+01 
3.500e+01 ; 2.400e+00 ; 2.100e+00 ; 5.2009001e+01 ; 8.9045929e+01 
3.500e+01 ; 2.400e+00 ; 2.100e+00 ; 5.2017001e+01 ; 8.9060593e+01 
3.500e+01 ; 2.400e+00 ; 2.100e+00 ; 5.2033001e+01 ; 8.9090202e+01 
3.500e+01 ; 2.400e+00 ; 2.100e+00 ; 5.2065001e+01 ; 8.9150482e+01 
3.500e+01 ; 2.400e+00 ; 2.100e+00 ; 5.2129001e+01 ; 8.9274857e+01 
3.500e+01 ; 2.400e+00 ; 2.100e+00 ; 5.2257001e+01 ; 8.9535439e+01 
3.500e+01 ; 2.400e+00 ; 2.100e+00 ; 5.2513001e+01 ; 9.0080750e+01 
3.500e+01 ; 2.400e+00 ; 2.100e+00 ; 5.2800001e+01 ; 9.0695328e+01 
3.500e+01 ; 2.400e+00 ; 2.100e+00 ; 5.2800001e+01 ; 9.0695328e+01 
3.500e+01 ; 2.400e+00 ; 2.100e+00 ; 5.2801001e+01 ; 9.0697472e+01 
3.500e+01 ; 2.400e+00 ; 2.100e+00 ; 5.2802001e+01 ; 9.0699608e+01 
3.500e+01 ; 2.400e+00 ; 2.100e+00 ; 5.2803001e+01 ; 9.0701752e+01 
3.500e+01 ; 2.400e+00 ; 2.100e+00 ; 5.2805001e+01 ; 9.0706032e+01 
3.500e+01 ; 2.400e+00 ; 2.100e+00 ; 5.2809001e+01 ; 9.0714600e+01 
3.500e+01 ; 2.400e+00 ; 2.100e+00 ; 5.2817001e+01 ; 9.0731735e+01 
3.500e+01 ; 2.400e+00 ; 2.100e+00 ; 5.2833001e+01 ; 9.0765999e+01 
3.500e+01 ; 2.400e+00 ; 2.100e+00 ; 5.2865001e+01 ; 9.0834465e+01 
3.500e+01 ; 2.400e+00 ; 2.100e+00 ; 5.2929001e+01 ; 9.0970787e+01 
3.500e+01 ; 2.400e+00 ; 2.100e+00 ; 5.3057001e+01 ; 9.1238693e+01 
3.500e+01 ; 2.400e+00 ; 2.100e+00 ; 5.3313001e+01 ; 9.1743401e+01 
3.500e+01 ; 2.400e+00 ; 2.100e+00 ; 5.3600001e+01 ; 9.2260056e+01 
3.500e+01 ; 2.400e+00 ; 2.100e+00 ; 5.3600001e+01 ; 9.2260056e+01 
3.500e+01 ; 2.400e+00 ; 2.100e+00 ; 5.3601001e+01 ; 9.2261856e+01 
3.500e+01 ; 2.400e+00 ; 2.100e+00 ; 5.3602001e+01 ; 9.2263657e+01 
3.500e+01 ; 2.400e+00 ; 2.100e+00 ; 5.3603001e+01 ; 9.2265457e+01 
3.500e+01 ; 2.400e+00 ; 2.100e+00 ; 5.3605001e+01 ; 9.2269051e+01 
3.500e+01 ; 2.400e+00 ; 2.100e+00 ; 5.3609001e+01 ; 9.2276230e+01 
3.500e+01 ; 2.400e+00 ; 2.100e+00 ; 5.3617001e+01 ; 9.2290550e+01 
3.500e+01 ; 2.400e+00 ; 2.100e+00 ; 5.3633001e+01 ; 9.2319031e+01 
3.500e+01 ; 2.400e+00 ; 2.100e+00 ; 5.3665001e+01 ; 9.2375359e+01 
3.500e+01 ; 2.400e+00 ; 2.100e+00 ; 5.3729001e+01 ; 9.2485397e+01 
3.500e+01 ; 2.400e+00 ; 2.100e+00 ; 5.3857001e+01 ; 9.2694496e+01 
3.500e+01 ; 2.400e+00 ; 2.100e+00 ; 5.4113001e+01 ; 9.3067459e+01 
3.500e+01 ; 2.400e+00 ; 2.100e+00 ; 5.4400001e+01 ; 9.3429230e+01 
3.500e+01 ; 2.400e+00 ; 2.100e+00 ; 5.4400001e+01 ; 9.3429230e+01 
3.500e+01 ; 2.400e+00 ; 2.100e+00 ; 5.4401001e+01 ; 9.3430489e+01 
3.500e+01 ; 2.400e+00 ; 2.100e+00 ; 5.4402001e+01 ; 9.3431747e+01 
3.500e+01 ; 2.400e+00 ; 2.100e+00 ; 5.4403001e+01 ; 9.3433006e+01 
3.500e+01 ; 2.400e+00 ; 2.100e+00 ; 5.4405001e+01 ; 9.3435516e+01 
3.500e+01 ; 2.400e+00 ; 2.100e+00 ; 5.4409001e+01 ; 9.3440536e+01 
3.500e+01 ; 2.400e+00 ; 2.100e+00 ; 5.4417001e+01 ; 9.3450531e+01 
3.500e+01 ; 2.400e+00 ; 2.100e+00 ; 5.4433001e+01 ; 9.3470337e+01 
3.500e+01 ; 2.400e+00 ; 2.100e+00 ; 5.4465001e+01 ; 9.3509254e+01 
3.500e+01 ; 2.400e+00 ; 2.100e+00 ; 5.4529001e+01 ; 9.3584305e+01 
3.500e+01 ; 2.400e+00 ; 2.100e+00 ; 5.4657001e+01 ; 9.3723503e+01 
3.500e+01 ; 2.400e+00 ; 2.100e+00 ; 5.4913001e+01 ; 9.3960457e+01 
3.500e+01 ; 2.400e+00 ; 2.100e+00 ; 5.5200001e+01 ; 9.4177750e+01 
3.500e+01 ; 2.400e+00 ; 2.100e+00 ; 5.5200001e+01 ; 9.4177750e+01 
3.500e+01 ; 2.400e+00 ; 2.100e+00 ; 5.5201001e+01 ; 9.4178505e+01 
3.500e+01 ; 2.400e+00 ; 2.100e+00 ; 5.5202001e+01 ; 9.4179260e+01 
3.500e+01 ; 2.400e+00 ; 2.100e+00 ; 5.5203001e+01 ; 9.4180016e+01 
3.500e+01 ; 2.400e+00 ; 2.100e+00 ; 5.5205001e+01 ; 9.4181526e+01 
3.500e+01 ; 2.400e+00 ; 2.100e+00 ; 5.5209001e+01 ; 9.4184532e+01 
3.500e+01 ; 2.400e+00 ; 2.100e+00 ; 5.5217001e+01 ; 9.4190506e+01 
3.500e+01 ; 2.400e+00 ; 2.100e+00 ; 5.5233001e+01 ; 9.4202316e+01 
3.500e+01 ; 2.400e+00 ; 2.100e+00 ; 5.5265001e+01 ; 9.4225334e+01 
3.500e+01 ; 2.400e+00 ; 2.100e+00 ; 5.5329001e+01 ; 9.4269058e+01 
3.500e+01 ; 2.400e+00 ; 2.100e+00 ; 5.5457001e+01 ; 9.4347588e+01 
3.500e+01 ; 2.400e+00 ; 2.100e+00 ; 5.5713001e+01 ; 9.4471962e+01 
3.500e+01 ; 2.400e+00 ; 2.100e+00 ; 5.6000001e+01 ; 9.4574356e+01 
3.500e+01 ; 2.400e+00 ; 2.100e+00 ; 5.6000001e+01 ; 9.4574356e+01 
3.500e+01 ; 2.400e+00 ; 2.100e+00 ; 5.6001001e+01 ; 9.4574715e+01 
3.500e+01 ; 2.400e+00 ; 2.100e+00 ; 5.6002001e+01 ; 9.4575073e+01 
3.500e+01 ; 2.400e+00 ; 2.100e+00 ; 5.6003001e+01 ; 9.4575424e+01 
3.500e+01 ; 2.400e+00 ; 2.100e+00 ; 5.6005001e+01 ; 9.4576134e+01 
3.500e+01 ; 2.400e+00 ; 2.100e+00 ; 5.6009001e+01 ; 9.4577545e+01 
3.500e+01 ; 2.400e+00 ; 2.100e+00 ; 5.6017001e+01 ; 9.4580338e+01 
3.500e+01 ; 2.400e+00 ; 2.100e+00 ; 5.6033001e+01 ; 9.4585815e+01 
3.500e+01 ; 2.400e+00 ; 2.100e+00 ; 5.6065001e+01 ; 9.4596313e+01 
3.500e+01 ; 2.400e+00 ; 2.100e+00 ; 5.6129001e+01 ; 9.4615555e+01 
3.500e+01 ; 2.400e+00 ; 2.100e+00 ; 5.6257001e+01 ; 9.4647392e+01 
3.500e+01 ; 2.400e+00 ; 2.100e+00 ; 5.6513001e+01 ; 9.4687088e+01 
3.500e+01 ; 2.400e+00 ; 2.100e+00 ; 5.6800001e+01 ; 9.4704933e+01 
3.500e+01 ; 2.400e+00 ; 2.100e+00 ; 5.6800001e+01 ; 9.4704933e+01 
3.500e+01 ; 2.400e+00 ; 2.100e+00 ; 5.6801001e+01 ; 9.4704994e+01 
3.500e+01 ; 2.400e+00 ; 2.100e+00 ; 5.6802001e+01 ; 9.4705055e+01 
3.500e+01 ; 2.400e+00 ; 2.100e+00 ; 5.6803001e+01 ; 9.4705116e+01 
3.500e+01 ; 2.400e+00 ; 2.100e+00 ; 5.6805001e+01 ; 9.4705238e+01 
3.500e+01 ; 2.400e+00 ; 2.100e+00 ; 5.6809001e+01 ; 9.4705475e+01 
3.500e+01 ; 2.400e+00 ; 2.100e+00 ; 5.6817001e+01 ; 9.4705933e+01 
3.500e+01 ; 2.400e+00 ; 2.100e+00 ; 5.6833001e+01 ; 9.4706757e+01 
3.500e+01 ; 2.400e+00 ; 2.100e+00 ; 5.6865001e+01 ; 9.4708084e+01 
3.500e+01 ; 2.400e+00 ; 2.100e+00 ; 5.6929001e+01 ; 9.4709496e+01 
3.500e+01 ; 2.400e+00 ; 2.100e+00 ; 5.7057001e+01 ; 9.4707588e+01 
3.500e+01 ; 2.400e+00 ; 2.100e+00 ; 5.7313001e+01 ; 9.4687012e+01 
3.500e+01 ; 2.400e+00 ; 2.100e+00 ; 5.7600001e+01 ; 9.4645508e+01 
3.500e+01 ; 2.400e+00 ; 2.100e+00 ; 5.7600001e+01 ; 9.4645508e+01 
3.500e+01 ; 2.400e+00 ; 2.100e+00 ; 5.7601001e+01 ; 9.4645363e+01 
3.500e+01 ; 2.400e+00 ; 2.100e+00 ; 5.7602001e+01 ; 9.4645218e+01 
3.500e+01 ; 2.400e+00 ; 2.100e+00 ; 5.7603001e+01 ; 9.4645073e+01 
3.500e+01 ; 2.400e+00 ; 2.100e+00 ; 5.7605001e+01 ; 9.4644775e+01 
3.500e+01 ; 2.400e+00 ; 2.100e+00 ; 5.7609001e+01 ; 9.4644188e+01 
3.500e+01 ; 2.400e+00 ; 2.100e+00 ; 5.7617001e+01 ; 9.4643005e+01 
3.500e+01 ; 2.400e+00 ; 2.100e+00 ; 5.7633001e+01 ; 9.4640572e+01 
3.500e+01 ; 2.400e+00 ; 2.100e+00 ; 5.7665001e+01 ; 9.4635490e+01 
3.500e+01 ; 2.400e+00 ; 2.100e+00 ; 5.7729001e+01 ; 9.4624466e+01 
3.500e+01 ; 2.400e+00 ; 2.100e+00 ; 5.7857001e+01 ; 9.4599190e+01 
3.500e+01 ; 2.400e+00 ; 2.100e+00 ; 5.8113001e+01 ; 9.4537315e+01 
3.500e+01 ; 2.400e+00 ; 2.100e+00 ; 5.8400001e+01 ; 9.4455627e+01 
3.500e+01 ; 2.400e+00 ; 2.100e+00 ; 5.8400001e+01 ; 9.4455627e+01 
3.500e+01 ; 2.400e+00 ; 2.100e+00 ; 5.8401001e+01 ; 9.4455345e+01 
3.500e+01 ; 2.400e+00 ; 2.100e+00 ; 5.8402001e+01 ; 9.4455055e+01 
3.500e+01 ; 2.400e+00 ; 2.100e+00 ; 5.8403001e+01 ; 9.4454773e+01 
3.500e+01 ; 2.400e+00 ; 2.100e+00 ; 5.8405001e+01 ; 9.4454201e+01 
3.500e+01 ; 2.400e+00 ; 2.100e+00 ; 5.8409001e+01 ; 9.4453056e+01 
3.500e+01 ; 2.400e+00 ; 2.100e+00 ; 5.8417001e+01 ; 9.4450760e+01 
3.500e+01 ; 2.400e+00 ; 2.100e+00 ; 5.8433001e+01 ; 9.4446129e+01 
3.500e+01 ; 2.400e+00 ; 2.100e+00 ; 5.8465001e+01 ; 9.4436722e+01 
3.500e+01 ; 2.400e+00 ; 2.100e+00 ; 5.8529001e+01 ; 9.4417328e+01 
3.500e+01 ; 2.400e+00 ; 2.100e+00 ; 5.8657001e+01 ; 9.4376411e+01 
3.500e+01 ; 2.400e+00 ; 2.100e+00 ; 5.8913001e+01 ; 9.4287193e+01 
3.500e+01 ; 2.400e+00 ; 2.100e+00 ; 5.9200001e+01 ; 9.4179237e+01 
3.500e+01 ; 2.400e+00 ; 2.100e+00 ; 5.9200001e+01 ; 9.4179237e+01 
3.500e+01 ; 2.400e+00 ; 2.100e+00 ; 5.9201001e+01 ; 9.4178864e+01 
3.500e+01 ; 2.400e+00 ; 2.100e+00 ; 5.9202001e+01 ; 9.4178490e+01 
3.500e+01 ; 2.400e+00 ; 2.100e+00 ; 5.9203001e+01 ; 9.4178108e+01 
3.500e+01 ; 2.400e+00 ; 2.100e+00 ; 5.9205001e+01 ; 9.4177361e+01 
3.500e+01 ; 2.400e+00 ; 2.100e+00 ; 5.9209001e+01 ; 9.4175850e+01 
3.500e+01 ; 2.400e+00 ; 2.100e+00 ; 5.9217001e+01 ; 9.4172829e+01 
3.500e+01 ; 2.400e+00 ; 2.100e+00 ; 5.9233001e+01 ; 9.4166756e+01 
3.500e+01 ; 2.400e+00 ; 2.100e+00 ; 5.9265001e+01 ; 9.4154526e+01 
3.500e+01 ; 2.400e+00 ; 2.100e+00 ; 5.9329001e+01 ; 9.4129700e+01 
3.500e+01 ; 2.400e+00 ; 2.100e+00 ; 5.9457001e+01 ; 9.4078697e+01 
3.500e+01 ; 2.400e+00 ; 2.100e+00 ; 5.9713001e+01 ; 9.3972069e+01 
3.500e+01 ; 2.400e+00 ; 2.100e+00 ; 6.0000001e+01 ; 9.3847672e+01 
3.500e+01 ; 2.400e+00 ; 2.100e+00 ; 6.0000001e+01 ; 9.3847672e+01 
3.500e+01 ; 2.400e+00 ; 2.100e+00 ; 6.0001001e+01 ; 9.3847237e+01 
3.500e+01 ; 2.400e+00 ; 2.100e+00 ; 6.0002001e+01 ; 9.3846802e+01 
3.500e+01 ; 2.400e+00 ; 2.100e+00 ; 6.0003001e+01 ; 9.3846375e+01 
3.500e+01 ; 2.400e+00 ; 2.100e+00 ; 6.0005001e+01 ; 9.3845505e+01 
3.500e+01 ; 2.400e+00 ; 2.100e+00 ; 6.0009001e+01 ; 9.3843765e+01 
3.500e+01 ; 2.400e+00 ; 2.100e+00 ; 6.0017001e+01 ; 9.3840294e+01 
3.500e+01 ; 2.400e+00 ; 2.100e+00 ; 6.0033001e+01 ; 9.3833328e+01 
3.500e+01 ; 2.400e+00 ; 2.100e+00 ; 6.0065001e+01 ; 9.3819336e+01 
3.500e+01 ; 2.400e+00 ; 2.100e+00 ; 6.0129001e+01 ; 9.3791138e+01 
3.500e+01 ; 2.400e+00 ; 2.100e+00 ; 6.0257001e+01 ; 9.3733940e+01 
3.500e+01 ; 2.400e+00 ; 2.100e+00 ; 6.0513001e+01 ; 9.3616837e+01 
3.500e+01 ; 2.400e+00 ; 2.100e+00 ; 6.0800001e+01 ; 9.3482819e+01 
3.500e+01 ; 2.400e+00 ; 2.100e+00 ; 6.0800001e+01 ; 9.3482819e+01 
3.500e+01 ; 2.400e+00 ; 2.100e+00 ; 6.0801001e+01 ; 9.3482353e+01 
3.500e+01 ; 2.400e+00 ; 2.100e+00 ; 6.0802001e+01 ; 9.3481888e+01 
3.500e+01 ; 2.400e+00 ; 2.100e+00 ; 6.0803001e+01 ; 9.3481415e+01 
3.500e+01 ; 2.400e+00 ; 2.100e+00 ; 6.0805001e+01 ; 9.3480484e+01 
3.500e+01 ; 2.400e+00 ; 2.100e+00 ; 6.0809001e+01 ; 9.3478615e+01 
3.500e+01 ; 2.400e+00 ; 2.100e+00 ; 6.0817001e+01 ; 9.3474876e+01 
3.500e+01 ; 2.400e+00 ; 2.100e+00 ; 6.0833001e+01 ; 9.3467384e+01 
3.500e+01 ; 2.400e+00 ; 2.100e+00 ; 6.0865001e+01 ; 9.3452377e+01 
3.500e+01 ; 2.400e+00 ; 2.100e+00 ; 6.0929001e+01 ; 9.3422249e+01 
3.500e+01 ; 2.400e+00 ; 2.100e+00 ; 6.1057001e+01 ; 9.3361649e+01 
3.500e+01 ; 2.400e+00 ; 2.100e+00 ; 6.1313001e+01 ; 9.3240150e+01 
3.500e+01 ; 2.400e+00 ; 2.100e+00 ; 6.1600001e+01 ; 9.3104851e+01 
3.500e+01 ; 2.400e+00 ; 2.100e+00 ; 6.1600001e+01 ; 9.3104851e+01 
3.500e+01 ; 2.400e+00 ; 2.100e+00 ; 6.1601001e+01 ; 9.3104378e+01 
3.500e+01 ; 2.400e+00 ; 2.100e+00 ; 6.1602001e+01 ; 9.3103905e+01 
3.500e+01 ; 2.400e+00 ; 2.100e+00 ; 6.1603001e+01 ; 9.3103432e+01 
3.500e+01 ; 2.400e+00 ; 2.100e+00 ; 6.1605001e+01 ; 9.3102493e+01 
3.500e+01 ; 2.400e+00 ; 2.100e+00 ; 6.1609001e+01 ; 9.3100609e+01 
3.500e+01 ; 2.400e+00 ; 2.100e+00 ; 6.1617001e+01 ; 9.3096832e+01 
3.500e+01 ; 2.400e+00 ; 2.100e+00 ; 6.1633001e+01 ; 9.3089302e+01 
3.500e+01 ; 2.400e+00 ; 2.100e+00 ; 6.1665001e+01 ; 9.3074242e+01 
3.500e+01 ; 2.400e+00 ; 2.100e+00 ; 6.1729001e+01 ; 9.3044220e+01 
3.500e+01 ; 2.400e+00 ; 2.100e+00 ; 6.1857001e+01 ; 9.2984764e+01 
3.500e+01 ; 2.400e+00 ; 2.100e+00 ; 6.2113001e+01 ; 9.2870132e+01 
3.500e+01 ; 2.400e+00 ; 2.100e+00 ; 6.2400001e+01 ; 9.2749001e+01 
3.500e+01 ; 2.400e+00 ; 2.100e+00 ; 6.2400001e+01 ; 9.2749001e+01 
3.500e+01 ; 2.400e+00 ; 2.100e+00 ; 6.2401001e+01 ; 9.2748581e+01 
3.500e+01 ; 2.400e+00 ; 2.100e+00 ; 6.2402001e+01 ; 9.2748154e+01 
3.500e+01 ; 2.400e+00 ; 2.100e+00 ; 6.2403001e+01 ; 9.2747734e+01 
3.500e+01 ; 2.400e+00 ; 2.100e+00 ; 6.2405001e+01 ; 9.2746887e+01 
3.500e+01 ; 2.400e+00 ; 2.100e+00 ; 6.2409001e+01 ; 9.2745209e+01 
3.500e+01 ; 2.400e+00 ; 2.100e+00 ; 6.2417001e+01 ; 9.2741844e+01 
3.500e+01 ; 2.400e+00 ; 2.100e+00 ; 6.2433001e+01 ; 9.2735138e+01 
3.500e+01 ; 2.400e+00 ; 2.100e+00 ; 6.2465001e+01 ; 9.2721825e+01 
3.500e+01 ; 2.400e+00 ; 2.100e+00 ; 6.2529001e+01 ; 9.2695641e+01 
3.500e+01 ; 2.400e+00 ; 2.100e+00 ; 6.2657001e+01 ; 9.2645332e+01 
3.500e+01 ; 2.400e+00 ; 2.100e+00 ; 6.2913001e+01 ; 9.2555344e+01 
3.500e+01 ; 2.400e+00 ; 2.100e+00 ; 6.3200001e+01 ; 9.2469955e+01 
3.500e+01 ; 2.400e+00 ; 2.100e+00 ; 6.3200001e+01 ; 9.2469955e+01 
3.500e+01 ; 2.400e+00 ; 2.100e+00 ; 6.3201001e+01 ; 9.2469658e+01 
3.500e+01 ; 2.400e+00 ; 2.100e+00 ; 6.3202001e+01 ; 9.2469360e+01 
3.500e+01 ; 2.400e+00 ; 2.100e+00 ; 6.3203001e+01 ; 9.2469063e+01 
3.500e+01 ; 2.400e+00 ; 2.100e+00 ; 6.3205001e+01 ; 9.2468475e+01 
3.500e+01 ; 2.400e+00 ; 2.100e+00 ; 6.3209001e+01 ; 9.2467293e+01 
3.500e+01 ; 2.400e+00 ; 2.100e+00 ; 6.3217001e+01 ; 9.2464935e+01 
3.500e+01 ; 2.400e+00 ; 2.100e+00 ; 6.3233001e+01 ; 9.2460274e+01 
3.500e+01 ; 2.400e+00 ; 2.100e+00 ; 6.3265001e+01 ; 9.2451157e+01 
3.500e+01 ; 2.400e+00 ; 2.100e+00 ; 6.3329001e+01 ; 9.2433739e+01 
3.500e+01 ; 2.400e+00 ; 2.100e+00 ; 6.3457001e+01 ; 9.2402451e+01 
3.500e+01 ; 2.400e+00 ; 2.100e+00 ; 6.3713001e+01 ; 9.2355240e+01 
3.500e+01 ; 2.400e+00 ; 2.100e+00 ; 6.4000001e+01 ; 9.2321976e+01 
3.500e+01 ; 2.400e+00 ; 2.100e+00 ; 6.4000001e+01 ; 9.2321976e+01 
3.500e+01 ; 2.400e+00 ; 2.100e+00 ; 6.4001001e+01 ; 9.2321861e+01 
3.500e+01 ; 2.400e+00 ; 2.100e+00 ; 6.4002001e+01 ; 9.2321747e+01 
3.500e+01 ; 2.400e+00 ; 2.100e+00 ; 6.4003001e+01 ; 9.2321632e+01 
3.500e+01 ; 2.400e+00 ; 2.100e+00 ; 6.4005001e+01 ; 9.2321404e+01 
3.500e+01 ; 2.400e+00 ; 2.100e+00 ; 6.4009001e+01 ; 9.2320946e+01 
3.500e+01 ; 2.400e+00 ; 2.100e+00 ; 6.4017001e+01 ; 9.2320053e+01 
3.500e+01 ; 2.400e+00 ; 2.100e+00 ; 6.4033001e+01 ; 9.2318321e+01 
3.500e+01 ; 2.400e+00 ; 2.100e+00 ; 6.4065001e+01 ; 9.2315109e+01 
3.500e+01 ; 2.400e+00 ; 2.100e+00 ; 6.4129001e+01 ; 9.2309669e+01 
3.500e+01 ; 2.400e+00 ; 2.100e+00 ; 6.4257001e+01 ; 9.2302650e+01 
3.500e+01 ; 2.400e+00 ; 2.100e+00 ; 6.4513001e+01 ; 9.2303131e+01 
3.500e+01 ; 2.400e+00 ; 2.100e+00 ; 6.4800001e+01 ; 9.2319687e+01 
3.500e+01 ; 2.400e+00 ; 2.100e+00 ; 6.4800001e+01 ; 9.2319687e+01 
3.500e+01 ; 2.400e+00 ; 2.100e+00 ; 6.4801001e+01 ; 9.2319740e+01 
3.500e+01 ; 2.400e+00 ; 2.100e+00 ; 6.4802001e+01 ; 9.2319801e+01 
3.500e+01 ; 2.400e+00 ; 2.100e+00 ; 6.4803001e+01 ; 9.2319862e+01 
3.500e+01 ; 2.400e+00 ; 2.100e+00 ; 6.4805001e+01 ; 9.2319977e+01 
3.500e+01 ; 2.400e+00 ; 2.100e+00 ; 6.4809001e+01 ; 9.2320213e+01 
3.500e+01 ; 2.400e+00 ; 2.100e+00 ; 6.4817001e+01 ; 9.2320702e+01 
3.500e+01 ; 2.400e+00 ; 2.100e+00 ; 6.4833001e+01 ; 9.2321724e+01 
3.500e+01 ; 2.400e+00 ; 2.100e+00 ; 6.4865001e+01 ; 9.2323967e+01 
3.500e+01 ; 2.400e+00 ; 2.100e+00 ; 6.4929001e+01 ; 9.2329185e+01 
3.500e+01 ; 2.400e+00 ; 2.100e+00 ; 6.5057001e+01 ; 9.2342308e+01 
3.500e+01 ; 2.400e+00 ; 2.100e+00 ; 6.5313001e+01 ; 9.2376831e+01 
3.500e+01 ; 2.400e+00 ; 2.100e+00 ; 6.5600001e+01 ; 9.2422478e+01 
3.500e+01 ; 2.400e+00 ; 2.100e+00 ; 6.5600001e+01 ; 9.2422478e+01 
3.500e+01 ; 2.400e+00 ; 2.100e+00 ; 6.5601001e+01 ; 9.2422638e+01 
3.500e+01 ; 2.400e+00 ; 2.100e+00 ; 6.5602001e+01 ; 9.2422798e+01 
3.500e+01 ; 2.400e+00 ; 2.100e+00 ; 6.5603001e+01 ; 9.2422958e+01 
3.500e+01 ; 2.400e+00 ; 2.100e+00 ; 6.5605001e+01 ; 9.2423279e+01 
3.500e+01 ; 2.400e+00 ; 2.100e+00 ; 6.5609001e+01 ; 9.2423912e+01 
3.500e+01 ; 2.400e+00 ; 2.100e+00 ; 6.5617001e+01 ; 9.2425201e+01 
3.500e+01 ; 2.400e+00 ; 2.100e+00 ; 6.5633001e+01 ; 9.2427788e+01 
3.500e+01 ; 2.400e+00 ; 2.100e+00 ; 6.5665001e+01 ; 9.2433037e+01 
3.500e+01 ; 2.400e+00 ; 2.100e+00 ; 6.5729001e+01 ; 9.2443802e+01 
3.500e+01 ; 2.400e+00 ; 2.100e+00 ; 6.5857001e+01 ; 9.2466087e+01 
3.500e+01 ; 2.400e+00 ; 2.100e+00 ; 6.6113001e+01 ; 9.2511299e+01 
3.500e+01 ; 2.400e+00 ; 2.100e+00 ; 6.6400001e+01 ; 9.2559875e+01 
3.500e+01 ; 2.400e+00 ; 2.100e+00 ; 6.6400001e+01 ; 9.2559875e+01 
3.500e+01 ; 2.400e+00 ; 2.100e+00 ; 6.6401001e+01 ; 9.2560043e+01 
3.500e+01 ; 2.400e+00 ; 2.100e+00 ; 6.6402001e+01 ; 9.2560211e+01 
3.500e+01 ; 2.400e+00 ; 2.100e+00 ; 6.6403001e+01 ; 9.2560379e+01 
3.500e+01 ; 2.400e+00 ; 2.100e+00 ; 6.6405001e+01 ; 9.2560715e+01 
3.500e+01 ; 2.400e+00 ; 2.100e+00 ; 6.6409001e+01 ; 9.2561394e+01 
3.500e+01 ; 2.400e+00 ; 2.100e+00 ; 6.6417001e+01 ; 9.2562744e+01 
3.500e+01 ; 2.400e+00 ; 2.100e+00 ; 6.6433001e+01 ; 9.2565437e+01 
3.500e+01 ; 2.400e+00 ; 2.100e+00 ; 6.6465001e+01 ; 9.2570786e+01 
3.500e+01 ; 2.400e+00 ; 2.100e+00 ; 6.6529001e+01 ; 9.2581322e+01 
3.500e+01 ; 2.400e+00 ; 2.100e+00 ; 6.6657001e+01 ; 9.2601501e+01 
3.500e+01 ; 2.400e+00 ; 2.100e+00 ; 6.6913001e+01 ; 9.2636787e+01 
3.500e+01 ; 2.400e+00 ; 2.100e+00 ; 6.7200001e+01 ; 9.2668312e+01 
3.500e+01 ; 2.400e+00 ; 2.100e+00 ; 6.7200001e+01 ; 9.2668312e+01 
3.500e+01 ; 2.400e+00 ; 2.100e+00 ; 6.7201001e+01 ; 9.2668419e+01 
3.500e+01 ; 2.400e+00 ; 2.100e+00 ; 6.7202001e+01 ; 9.2668533e+01 
3.500e+01 ; 2.400e+00 ; 2.100e+00 ; 6.7203001e+01 ; 9.2668640e+01 
3.500e+01 ; 2.400e+00 ; 2.100e+00 ; 6.7205001e+01 ; 9.2668861e+01 
3.500e+01 ; 2.400e+00 ; 2.100e+00 ; 6.7209001e+01 ; 9.2669296e+01 
3.500e+01 ; 2.400e+00 ; 2.100e+00 ; 6.7217001e+01 ; 9.2670158e+01 
3.500e+01 ; 2.400e+00 ; 2.100e+00 ; 6.7233001e+01 ; 9.2671867e+01 
3.500e+01 ; 2.400e+00 ; 2.100e+00 ; 6.7265001e+01 ; 9.2675171e+01 
3.500e+01 ; 2.400e+00 ; 2.100e+00 ; 6.7329001e+01 ; 9.2681351e+01 
3.500e+01 ; 2.400e+00 ; 2.100e+00 ; 6.7457001e+01 ; 9.2691856e+01 
3.500e+01 ; 2.400e+00 ; 2.100e+00 ; 6.7713001e+01 ; 9.2704819e+01 
3.500e+01 ; 2.400e+00 ; 2.100e+00 ; 6.8000001e+01 ; 9.2708618e+01 
3.500e+01 ; 2.400e+00 ; 2.100e+00 ; 6.8000001e+01 ; 9.2708618e+01 
3.500e+01 ; 2.400e+00 ; 2.100e+00 ; 6.8001001e+01 ; 9.2708633e+01 
3.500e+01 ; 2.400e+00 ; 2.100e+00 ; 6.8002001e+01 ; 9.2708641e+01 
3.500e+01 ; 2.400e+00 ; 2.100e+00 ; 6.8003001e+01 ; 9.2708656e+01 
3.500e+01 ; 2.400e+00 ; 2.100e+00 ; 6.8005001e+01 ; 9.2708679e+01 
3.500e+01 ; 2.400e+00 ; 2.100e+00 ; 6.8009001e+01 ; 9.2708733e+01 
3.500e+01 ; 2.400e+00 ; 2.100e+00 ; 6.8017001e+01 ; 9.2708817e+01 
3.500e+01 ; 2.400e+00 ; 2.100e+00 ; 6.8033001e+01 ; 9.2708961e+01 
3.500e+01 ; 2.400e+00 ; 2.100e+00 ; 6.8065001e+01 ; 9.2709114e+01 
3.500e+01 ; 2.400e+00 ; 2.100e+00 ; 6.8129001e+01 ; 9.2708862e+01 
3.500e+01 ; 2.400e+00 ; 2.100e+00 ; 6.8257001e+01 ; 9.2706161e+01 
3.500e+01 ; 2.400e+00 ; 2.100e+00 ; 6.8513001e+01 ; 9.2691811e+01 
3.500e+01 ; 2.400e+00 ; 2.100e+00 ; 6.8800001e+01 ; 9.2664551e+01 
3.500e+01 ; 2.400e+00 ; 2.100e+00 ; 6.8800001e+01 ; 9.2664551e+01 
3.500e+01 ; 2.400e+00 ; 2.100e+00 ; 6.8801001e+01 ; 9.2664459e+01 
3.500e+01 ; 2.400e+00 ; 2.100e+00 ; 6.8802001e+01 ; 9.2664360e+01 
3.500e+01 ; 2.400e+00 ; 2.100e+00 ; 6.8803001e+01 ; 9.2664268e+01 
3.500e+01 ; 2.400e+00 ; 2.100e+00 ; 6.8805001e+01 ; 9.2664078e+01 
3.500e+01 ; 2.400e+00 ; 2.100e+00 ; 6.8809001e+01 ; 9.2663689e+01 
3.500e+01 ; 2.400e+00 ; 2.100e+00 ; 6.8817001e+01 ; 9.2662910e+01 
3.500e+01 ; 2.400e+00 ; 2.100e+00 ; 6.8833001e+01 ; 9.2661324e+01 
3.500e+01 ; 2.400e+00 ; 2.100e+00 ; 6.8865001e+01 ; 9.2657997e+01 
3.500e+01 ; 2.400e+00 ; 2.100e+00 ; 6.8929001e+01 ; 9.2650803e+01 
3.500e+01 ; 2.400e+00 ; 2.100e+00 ; 6.9057001e+01 ; 9.2634216e+01 
3.500e+01 ; 2.400e+00 ; 2.100e+00 ; 6.9313001e+01 ; 9.2592514e+01 
3.500e+01 ; 2.400e+00 ; 2.100e+00 ; 6.9600001e+01 ; 9.2535454e+01 
3.500e+01 ; 2.400e+00 ; 2.100e+00 ; 6.9600001e+01 ; 9.2535454e+01 
3.500e+01 ; 2.400e+00 ; 2.100e+00 ; 6.9601001e+01 ; 9.2535255e+01 
3.500e+01 ; 2.400e+00 ; 2.100e+00 ; 6.9602001e+01 ; 9.2535057e+01 
3.500e+01 ; 2.400e+00 ; 2.100e+00 ; 6.9603001e+01 ; 9.2534859e+01 
3.500e+01 ; 2.400e+00 ; 2.100e+00 ; 6.9605001e+01 ; 9.2534462e+01 
3.500e+01 ; 2.400e+00 ; 2.100e+00 ; 6.9609001e+01 ; 9.2533661e+01 
3.500e+01 ; 2.400e+00 ; 2.100e+00 ; 6.9617001e+01 ; 9.2532051e+01 
3.500e+01 ; 2.400e+00 ; 2.100e+00 ; 6.9633001e+01 ; 9.2528801e+01 
3.500e+01 ; 2.400e+00 ; 2.100e+00 ; 6.9665001e+01 ; 9.2522186e+01 
3.500e+01 ; 2.400e+00 ; 2.100e+00 ; 6.9729001e+01 ; 9.2508438e+01 
3.500e+01 ; 2.400e+00 ; 2.100e+00 ; 6.9857001e+01 ; 9.2478989e+01 
3.500e+01 ; 2.400e+00 ; 2.100e+00 ; 7.0113001e+01 ; 9.2412621e+01 
3.500e+01 ; 2.400e+00 ; 2.100e+00 ; 7.0400001e+01 ; 9.2329407e+01 
3.500e+01 ; 2.400e+00 ; 2.100e+00 ; 7.0400001e+01 ; 9.2329407e+01 
3.500e+01 ; 2.400e+00 ; 2.100e+00 ; 7.0401001e+01 ; 9.2329117e+01 
3.500e+01 ; 2.400e+00 ; 2.100e+00 ; 7.0402001e+01 ; 9.2328827e+01 
3.500e+01 ; 2.400e+00 ; 2.100e+00 ; 7.0403001e+01 ; 9.2328537e+01 
3.500e+01 ; 2.400e+00 ; 2.100e+00 ; 7.0405001e+01 ; 9.2327957e+01 
3.500e+01 ; 2.400e+00 ; 2.100e+00 ; 7.0409001e+01 ; 9.2326790e+01 
3.500e+01 ; 2.400e+00 ; 2.100e+00 ; 7.0417001e+01 ; 9.2324463e+01 
3.500e+01 ; 2.400e+00 ; 2.100e+00 ; 7.0433001e+01 ; 9.2319763e+01 
3.500e+01 ; 2.400e+00 ; 2.100e+00 ; 7.0465001e+01 ; 9.2310265e+01 
3.500e+01 ; 2.400e+00 ; 2.100e+00 ; 7.0529001e+01 ; 9.2290840e+01 
3.500e+01 ; 2.400e+00 ; 2.100e+00 ; 7.0657001e+01 ; 9.2250351e+01 
3.500e+01 ; 2.400e+00 ; 2.100e+00 ; 7.0913001e+01 ; 9.2163216e+01 
3.500e+01 ; 2.400e+00 ; 2.100e+00 ; 7.1200001e+01 ; 9.2058395e+01 
3.500e+01 ; 2.400e+00 ; 2.100e+00 ; 7.1200001e+01 ; 9.2058395e+01 
3.500e+01 ; 2.400e+00 ; 2.100e+00 ; 7.1201001e+01 ; 9.2058029e+01 
3.500e+01 ; 2.400e+00 ; 2.100e+00 ; 7.1202001e+01 ; 9.2057663e+01 
3.500e+01 ; 2.400e+00 ; 2.100e+00 ; 7.1203001e+01 ; 9.2057297e+01 
3.500e+01 ; 2.400e+00 ; 2.100e+00 ; 7.1205001e+01 ; 9.2056564e+01 
3.500e+01 ; 2.400e+00 ; 2.100e+00 ; 7.1209001e+01 ; 9.2055099e+01 
3.500e+01 ; 2.400e+00 ; 2.100e+00 ; 7.1217001e+01 ; 9.2052170e+01 
3.500e+01 ; 2.400e+00 ; 2.100e+00 ; 7.1233001e+01 ; 9.2046280e+01 
3.500e+01 ; 2.400e+00 ; 2.100e+00 ; 7.1265001e+01 ; 9.2034416e+01 
3.500e+01 ; 2.400e+00 ; 2.100e+00 ; 7.1329001e+01 ; 9.2010345e+01 
3.500e+01 ; 2.400e+00 ; 2.100e+00 ; 7.1457001e+01 ; 9.1960892e+01 
3.500e+01 ; 2.400e+00 ; 2.100e+00 ; 7.1713001e+01 ; 9.1857147e+01 
3.500e+01 ; 2.400e+00 ; 2.100e+00 ; 7.2000001e+01 ; 9.1735321e+01 
3.500e+01 ; 2.400e+00 ; 2.100e+00 ; 7.2000001e+01 ; 9.1735321e+01 
3.500e+01 ; 2.400e+00 ; 2.100e+00 ; 7.2001001e+01 ; 9.1734901e+01 
3.500e+01 ; 2.400e+00 ; 2.100e+00 ; 7.2002001e+01 ; 9.1734474e+01 
3.500e+01 ; 2.400e+00 ; 2.100e+00 ; 7.2003001e+01 ; 9.1734047e+01 
3.500e+01 ; 2.400e+00 ; 2.100e+00 ; 7.2005001e+01 ; 9.1733200e+01 
3.500e+01 ; 2.400e+00 ; 2.100e+00 ; 7.2009001e+01 ; 9.1731499e+01 
3.500e+01 ; 2.400e+00 ; 2.100e+00 ; 7.2017001e+01 ; 9.1728096e+01 
3.500e+01 ; 2.400e+00 ; 2.100e+00 ; 7.2033001e+01 ; 9.1721268e+01 
3.500e+01 ; 2.400e+00 ; 2.100e+00 ; 7.2065001e+01 ; 9.1707550e+01 
3.500e+01 ; 2.400e+00 ; 2.100e+00 ; 7.2129001e+01 ; 9.1679848e+01 
3.500e+01 ; 2.400e+00 ; 2.100e+00 ; 7.2257001e+01 ; 9.1623444e+01 
3.500e+01 ; 2.400e+00 ; 2.100e+00 ; 7.2513001e+01 ; 9.1507019e+01 
3.500e+01 ; 2.400e+00 ; 2.100e+00 ; 7.2800001e+01 ; 9.1372421e+01 
3.500e+01 ; 2.400e+00 ; 2.100e+00 ; 7.2800001e+01 ; 9.1372421e+01 
3.500e+01 ; 2.400e+00 ; 2.100e+00 ; 7.2810001e+01 ; 9.1367729e+01 
3.500e+01 ; 2.400e+00 ; 2.100e+00 ; 7.2820001e+01 ; 9.1363029e+01 
3.500e+01 ; 2.400e+00 ; 2.100e+00 ; 7.2830001e+01 ; 9.1358322e+01 
3.500e+01 ; 2.400e+00 ; 2.100e+00 ; 7.2850001e+01 ; 9.1348900e+01 
3.500e+01 ; 2.400e+00 ; 2.100e+00 ; 7.2890001e+01 ; 9.1329964e+01 
3.500e+01 ; 2.400e+00 ; 2.100e+00 ; 7.2970001e+01 ; 9.1291809e+01 
3.500e+01 ; 2.400e+00 ; 2.100e+00 ; 7.3130001e+01 ; 9.1214394e+01 
3.500e+01 ; 2.400e+00 ; 2.100e+00 ; 7.3450001e+01 ; 9.1055786e+01 
3.500e+01 ; 2.400e+00 ; 2.100e+00 ; 7.4090001e+01 ; 9.0727486e+01 
3.500e+01 ; 2.400e+00 ; 2.100e+00 ; 7.5370001e+01 ; 9.0050468e+01 
3.500e+01 ; 2.400e+00 ; 2.100e+00 ; 7.7290001e+01 ; 8.9038887e+01 
3.500e+01 ; 2.400e+00 ; 2.100e+00 ; 7.7800001e+01 ; 8.8771263e+01