X ; Y ; Z ; time ; Temperature 
3.500e+01 ; 6.400e+00 ; 1.400e+00 ; 0.0000000e+00 ; 2.4000000e+02 
3.500e+01 ; 6.400e+00 ; 1.400e+00 ; 1.0000000e-03 ; 2.4000000e+02 
3.500e+01 ; 6.400e+00 ; 1.400e+00 ; 2.0000001e-03 ; 2.4000000e+02 
3.500e+01 ; 6.400e+00 ; 1.400e+00 ; 3.0000000e-03 ; 2.4000000e+02 
3.500e+01 ; 6.400e+00 ; 1.400e+00 ; 4.9999999e-03 ; 2.4000000e+02 
3.500e+01 ; 6.400e+00 ; 1.400e+00 ; 8.9999996e-03 ; 2.4000000e+02 
3.500e+01 ; 6.400e+00 ; 1.400e+00 ; 1.7000001e-02 ; 2.4000000e+02 
3.500e+01 ; 6.400e+00 ; 1.400e+00 ; 3.3000000e-02 ; 2.4000000e+02 
3.500e+01 ; 6.400e+00 ; 1.400e+00 ; 6.4999998e-02 ; 2.4000000e+02 
3.500e+01 ; 6.400e+00 ; 1.400e+00 ; 1.2899999e-01 ; 2.4000000e+02 
3.500e+01 ; 6.400e+00 ; 1.400e+00 ; 2.5700000e-01 ; 2.4000000e+02 
3.500e+01 ; 6.400e+00 ; 1.400e+00 ; 5.1300001e-01 ; 2.4000000e+02 
3.500e+01 ; 6.400e+00 ; 1.400e+00 ; 7.6899999e-01 ; 2.4000000e+02 
3.500e+01 ; 6.400e+00 ; 1.400e+00 ; 8.0000001e-01 ; 2.4000000e+02 
3.500e+01 ; 6.400e+00 ; 1.400e+00 ; 8.0000001e-01 ; 2.4000000e+02 
3.500e+01 ; 6.400e+00 ; 1.400e+00 ; 8.0100001e-01 ; 2.4000000e+02 
3.500e+01 ; 6.400e+00 ; 1.400e+00 ; 8.0200001e-01 ; 2.4000000e+02 
3.500e+01 ; 6.400e+00 ; 1.400e+00 ; 8.0300001e-01 ; 2.4000000e+02 
3.500e+01 ; 6.400e+00 ; 1.400e+00 ; 8.0500001e-01 ; 2.4000000e+02 
3.500e+01 ; 6.400e+00 ; 1.400e+00 ; 8.0900001e-01 ; 2.4000000e+02 
3.500e+01 ; 6.400e+00 ; 1.400e+00 ; 8.1700001e-01 ; 2.4000000e+02 
3.500e+01 ; 6.400e+00 ; 1.400e+00 ; 8.3300001e-01 ; 2.4000000e+02 
3.500e+01 ; 6.400e+00 ; 1.400e+00 ; 8.6500001e-01 ; 2.4000000e+02 
3.500e+01 ; 6.400e+00 ; 1.400e+00 ; 9.2900001e-01 ; 2.4000000e+02 
3.500e+01 ; 6.400e+00 ; 1.400e+00 ; 1.0570000e+00 ; 2.4000000e+02 
3.500e+01 ; 6.400e+00 ; 1.400e+00 ; 1.3130000e+00 ; 2.4000000e+02 
3.500e+01 ; 6.400e+00 ; 1.400e+00 ; 1.6000000e+00 ; 2.4000000e+02 
3.500e+01 ; 6.400e+00 ; 1.400e+00 ; 1.6000000e+00 ; 2.4000000e+02 
3.500e+01 ; 6.400e+00 ; 1.400e+00 ; 1.6010000e+00 ; 2.4000000e+02 
3.500e+01 ; 6.400e+00 ; 1.400e+00 ; 1.6020000e+00 ; 2.4000000e+02 
3.500e+01 ; 6.400e+00 ; 1.400e+00 ; 1.6030000e+00 ; 2.4000000e+02 
3.500e+01 ; 6.400e+00 ; 1.400e+00 ; 1.6050000e+00 ; 2.4000000e+02 
3.500e+01 ; 6.400e+00 ; 1.400e+00 ; 1.6090000e+00 ; 2.4000000e+02 
3.500e+01 ; 6.400e+00 ; 1.400e+00 ; 1.6170000e+00 ; 2.4000000e+02 
3.500e+01 ; 6.400e+00 ; 1.400e+00 ; 1.6330000e+00 ; 2.4000000e+02 
3.500e+01 ; 6.400e+00 ; 1.400e+00 ; 1.6650000e+00 ; 2.4000000e+02 
3.500e+01 ; 6.400e+00 ; 1.400e+00 ; 1.7290000e+00 ; 2.4000000e+02 
3.500e+01 ; 6.400e+00 ; 1.400e+00 ; 1.8570000e+00 ; 2.4000000e+02 
3.500e+01 ; 6.400e+00 ; 1.400e+00 ; 2.1130000e+00 ; 2.4000000e+02 
3.500e+01 ; 6.400e+00 ; 1.400e+00 ; 2.4000000e+00 ; 2.4000000e+02 
3.500e+01 ; 6.400e+00 ; 1.400e+00 ; 2.4000000e+00 ; 2.4000000e+02 
3.500e+01 ; 6.400e+00 ; 1.400e+00 ; 2.4010000e+00 ; 2.4000000e+02 
3.500e+01 ; 6.400e+00 ; 1.400e+00 ; 2.4020000e+00 ; 2.4000000e+02 
3.500e+01 ; 6.400e+00 ; 1.400e+00 ; 2.4030000e+00 ; 2.4000000e+02 
3.500e+01 ; 6.400e+00 ; 1.400e+00 ; 2.4050000e+00 ; 2.4000000e+02 
3.500e+01 ; 6.400e+00 ; 1.400e+00 ; 2.4090000e+00 ; 2.4000000e+02 
3.500e+01 ; 6.400e+00 ; 1.400e+00 ; 2.4170000e+00 ; 2.4000000e+02 
3.500e+01 ; 6.400e+00 ; 1.400e+00 ; 2.4330000e+00 ; 2.4000000e+02 
3.500e+01 ; 6.400e+00 ; 1.400e+00 ; 2.4650000e+00 ; 2.4000000e+02 
3.500e+01 ; 6.400e+00 ; 1.400e+00 ; 2.5290000e+00 ; 2.4000000e+02 
3.500e+01 ; 6.400e+00 ; 1.400e+00 ; 2.6570000e+00 ; 2.4000000e+02 
3.500e+01 ; 6.400e+00 ; 1.400e+00 ; 2.9130000e+00 ; 2.4000000e+02 
3.500e+01 ; 6.400e+00 ; 1.400e+00 ; 3.2000000e+00 ; 2.4000000e+02 
3.500e+01 ; 6.400e+00 ; 1.400e+00 ; 3.2000000e+00 ; 2.4000000e+02 
3.500e+01 ; 6.400e+00 ; 1.400e+00 ; 3.2010000e+00 ; 2.4000000e+02 
3.500e+01 ; 6.400e+00 ; 1.400e+00 ; 3.2020000e+00 ; 2.4000000e+02 
3.500e+01 ; 6.400e+00 ; 1.400e+00 ; 3.2030000e+00 ; 2.4000000e+02 
3.500e+01 ; 6.400e+00 ; 1.400e+00 ; 3.2050000e+00 ; 2.4000000e+02 
3.500e+01 ; 6.400e+00 ; 1.400e+00 ; 3.2090000e+00 ; 2.4000000e+02 
3.500e+01 ; 6.400e+00 ; 1.400e+00 ; 3.2170000e+00 ; 2.4000000e+02 
3.500e+01 ; 6.400e+00 ; 1.400e+00 ; 3.2330000e+00 ; 2.4000000e+02 
3.500e+01 ; 6.400e+00 ; 1.400e+00 ; 3.2650000e+00 ; 2.4000000e+02 
3.500e+01 ; 6.400e+00 ; 1.400e+00 ; 3.3290000e+00 ; 2.4000000e+02 
3.500e+01 ; 6.400e+00 ; 1.400e+00 ; 3.4570000e+00 ; 2.4000000e+02 
3.500e+01 ; 6.400e+00 ; 1.400e+00 ; 3.7130001e+00 ; 2.4000000e+02 
3.500e+01 ; 6.400e+00 ; 1.400e+00 ; 4.0000001e+00 ; 2.4000000e+02 
3.500e+01 ; 6.400e+00 ; 1.400e+00 ; 4.0000001e+00 ; 2.4000000e+02 
3.500e+01 ; 6.400e+00 ; 1.400e+00 ; 4.0010001e+00 ; 2.4000000e+02 
3.500e+01 ; 6.400e+00 ; 1.400e+00 ; 4.0020001e+00 ; 2.4000000e+02 
3.500e+01 ; 6.400e+00 ; 1.400e+00 ; 4.0030001e+00 ; 2.4000000e+02 
3.500e+01 ; 6.400e+00 ; 1.400e+00 ; 4.0050001e+00 ; 2.4000000e+02 
3.500e+01 ; 6.400e+00 ; 1.400e+00 ; 4.0090001e+00 ; 2.4000000e+02 
3.500e+01 ; 6.400e+00 ; 1.400e+00 ; 4.0170001e+00 ; 2.4000000e+02 
3.500e+01 ; 6.400e+00 ; 1.400e+00 ; 4.0330001e+00 ; 2.4000000e+02 
3.500e+01 ; 6.400e+00 ; 1.400e+00 ; 4.0650001e+00 ; 2.4000000e+02 
3.500e+01 ; 6.400e+00 ; 1.400e+00 ; 4.1290001e+00 ; 2.4000000e+02 
3.500e+01 ; 6.400e+00 ; 1.400e+00 ; 4.2570001e+00 ; 2.4000000e+02 
3.500e+01 ; 6.400e+00 ; 1.400e+00 ; 4.5130001e+00 ; 2.4000000e+02 
3.500e+01 ; 6.400e+00 ; 1.400e+00 ; 4.8000001e+00 ; 2.4000000e+02 
3.500e+01 ; 6.400e+00 ; 1.400e+00 ; 4.8000001e+00 ; 2.4000000e+02 
3.500e+01 ; 6.400e+00 ; 1.400e+00 ; 4.8010001e+00 ; 2.4000000e+02 
3.500e+01 ; 6.400e+00 ; 1.400e+00 ; 4.8020001e+00 ; 2.4000000e+02 
3.500e+01 ; 6.400e+00 ; 1.400e+00 ; 4.8030001e+00 ; 2.4000000e+02 
3.500e+01 ; 6.400e+00 ; 1.400e+00 ; 4.8050001e+00 ; 2.4000000e+02 
3.500e+01 ; 6.400e+00 ; 1.400e+00 ; 4.8090001e+00 ; 2.4000000e+02 
3.500e+01 ; 6.400e+00 ; 1.400e+00 ; 4.8170001e+00 ; 2.4000000e+02 
3.500e+01 ; 6.400e+00 ; 1.400e+00 ; 4.8330001e+00 ; 2.4000000e+02 
3.500e+01 ; 6.400e+00 ; 1.400e+00 ; 4.8650001e+00 ; 2.4000000e+02 
3.500e+01 ; 6.400e+00 ; 1.400e+00 ; 4.9290001e+00 ; 2.4000000e+02 
3.500e+01 ; 6.400e+00 ; 1.400e+00 ; 5.0570001e+00 ; 2.4000000e+02 
3.500e+01 ; 6.400e+00 ; 1.400e+00 ; 5.3130001e+00 ; 2.4000000e+02 
3.500e+01 ; 6.400e+00 ; 1.400e+00 ; 5.6000001e+00 ; 2.4000000e+02 
3.500e+01 ; 6.400e+00 ; 1.400e+00 ; 5.6000001e+00 ; 2.4000000e+02 
3.500e+01 ; 6.400e+00 ; 1.400e+00 ; 5.6010001e+00 ; 2.4000000e+02 
3.500e+01 ; 6.400e+00 ; 1.400e+00 ; 5.6020001e+00 ; 2.4000000e+02 
3.500e+01 ; 6.400e+00 ; 1.400e+00 ; 5.6030001e+00 ; 2.4000000e+02 
3.500e+01 ; 6.400e+00 ; 1.400e+00 ; 5.6050001e+00 ; 2.4000000e+02 
3.500e+01 ; 6.400e+00 ; 1.400e+00 ; 5.6090001e+00 ; 2.4000000e+02 
3.500e+01 ; 6.400e+00 ; 1.400e+00 ; 5.6170001e+00 ; 2.4000000e+02 
3.500e+01 ; 6.400e+00 ; 1.400e+00 ; 5.6330001e+00 ; 2.4000000e+02 
3.500e+01 ; 6.400e+00 ; 1.400e+00 ; 5.6650001e+00 ; 2.4000000e+02 
3.500e+01 ; 6.400e+00 ; 1.400e+00 ; 5.7290001e+00 ; 2.4000000e+02 
3.500e+01 ; 6.400e+00 ; 1.400e+00 ; 5.8570001e+00 ; 2.4000000e+02 
3.500e+01 ; 6.400e+00 ; 1.400e+00 ; 6.1130001e+00 ; 2.4000000e+02 
3.500e+01 ; 6.400e+00 ; 1.400e+00 ; 6.4000001e+00 ; 2.4000000e+02 
3.500e+01 ; 6.400e+00 ; 1.400e+00 ; 6.4000001e+00 ; 2.4000000e+02 
3.500e+01 ; 6.400e+00 ; 1.400e+00 ; 6.4010001e+00 ; 2.4000000e+02 
3.500e+01 ; 6.400e+00 ; 1.400e+00 ; 6.4020001e+00 ; 2.4000000e+02 
3.500e+01 ; 6.400e+00 ; 1.400e+00 ; 6.4030001e+00 ; 2.4000000e+02 
3.500e+01 ; 6.400e+00 ; 1.400e+00 ; 6.4050001e+00 ; 2.4000000e+02 
3.500e+01 ; 6.400e+00 ; 1.400e+00 ; 6.4090001e+00 ; 2.4000000e+02 
3.500e+01 ; 6.400e+00 ; 1.400e+00 ; 6.4170001e+00 ; 2.4000000e+02 
3.500e+01 ; 6.400e+00 ; 1.400e+00 ; 6.4330001e+00 ; 2.4000000e+02 
3.500e+01 ; 6.400e+00 ; 1.400e+00 ; 6.4650001e+00 ; 2.4000000e+02 
3.500e+01 ; 6.400e+00 ; 1.400e+00 ; 6.5290001e+00 ; 2.4000000e+02 
3.500e+01 ; 6.400e+00 ; 1.400e+00 ; 6.6570001e+00 ; 2.4000000e+02 
3.500e+01 ; 6.400e+00 ; 1.400e+00 ; 6.9130001e+00 ; 2.4000000e+02 
3.500e+01 ; 6.400e+00 ; 1.400e+00 ; 7.2000001e+00 ; 2.4000000e+02 
3.500e+01 ; 6.400e+00 ; 1.400e+00 ; 7.2000001e+00 ; 2.4000000e+02 
3.500e+01 ; 6.400e+00 ; 1.400e+00 ; 7.2010001e+00 ; 2.4000000e+02 
3.500e+01 ; 6.400e+00 ; 1.400e+00 ; 7.2020001e+00 ; 2.4000000e+02 
3.500e+01 ; 6.400e+00 ; 1.400e+00 ; 7.2030001e+00 ; 2.4000000e+02 
3.500e+01 ; 6.400e+00 ; 1.400e+00 ; 7.2050001e+00 ; 2.4000000e+02 
3.500e+01 ; 6.400e+00 ; 1.400e+00 ; 7.2090001e+00 ; 2.4000000e+02 
3.500e+01 ; 6.400e+00 ; 1.400e+00 ; 7.2170001e+00 ; 2.4000000e+02 
3.500e+01 ; 6.400e+00 ; 1.400e+00 ; 7.2330001e+00 ; 2.4000000e+02 
3.500e+01 ; 6.400e+00 ; 1.400e+00 ; 7.2650001e+00 ; 2.4000000e+02 
3.500e+01 ; 6.400e+00 ; 1.400e+00 ; 7.3290001e+00 ; 2.4000000e+02 
3.500e+01 ; 6.400e+00 ; 1.400e+00 ; 7.4570001e+00 ; 2.4000000e+02 
3.500e+01 ; 6.400e+00 ; 1.400e+00 ; 7.7130001e+00 ; 2.4000000e+02 
3.500e+01 ; 6.400e+00 ; 1.400e+00 ; 8.0000001e+00 ; 2.4000000e+02 
3.500e+01 ; 6.400e+00 ; 1.400e+00 ; 8.0000001e+00 ; 2.4000000e+02 
3.500e+01 ; 6.400e+00 ; 1.400e+00 ; 8.0010001e+00 ; 2.4000000e+02 
3.500e+01 ; 6.400e+00 ; 1.400e+00 ; 8.0020001e+00 ; 2.4000000e+02 
3.500e+01 ; 6.400e+00 ; 1.400e+00 ; 8.0030001e+00 ; 2.4000000e+02 
3.500e+01 ; 6.400e+00 ; 1.400e+00 ; 8.0050001e+00 ; 2.4000000e+02 
3.500e+01 ; 6.400e+00 ; 1.400e+00 ; 8.0090001e+00 ; 2.4000000e+02 
3.500e+01 ; 6.400e+00 ; 1.400e+00 ; 8.0170001e+00 ; 2.4000000e+02 
3.500e+01 ; 6.400e+00 ; 1.400e+00 ; 8.0330001e+00 ; 2.4000000e+02 
3.500e+01 ; 6.400e+00 ; 1.400e+00 ; 8.0650001e+00 ; 2.4000000e+02 
3.500e+01 ; 6.400e+00 ; 1.400e+00 ; 8.1290001e+00 ; 2.4000000e+02 
3.500e+01 ; 6.400e+00 ; 1.400e+00 ; 8.2570001e+00 ; 2.4000000e+02 
3.500e+01 ; 6.400e+00 ; 1.400e+00 ; 8.5130001e+00 ; 2.4000000e+02 
3.500e+01 ; 6.400e+00 ; 1.400e+00 ; 8.8000001e+00 ; 2.4000000e+02 
3.500e+01 ; 6.400e+00 ; 1.400e+00 ; 8.8000001e+00 ; 2.4000000e+02 
3.500e+01 ; 6.400e+00 ; 1.400e+00 ; 8.8010001e+00 ; 2.4000000e+02 
3.500e+01 ; 6.400e+00 ; 1.400e+00 ; 8.8020001e+00 ; 2.4000000e+02 
3.500e+01 ; 6.400e+00 ; 1.400e+00 ; 8.8030001e+00 ; 2.4000000e+02 
3.500e+01 ; 6.400e+00 ; 1.400e+00 ; 8.8050001e+00 ; 2.4000000e+02 
3.500e+01 ; 6.400e+00 ; 1.400e+00 ; 8.8090001e+00 ; 2.4000000e+02 
3.500e+01 ; 6.400e+00 ; 1.400e+00 ; 8.8170001e+00 ; 2.4000000e+02 
3.500e+01 ; 6.400e+00 ; 1.400e+00 ; 8.8330001e+00 ; 2.4000000e+02 
3.500e+01 ; 6.400e+00 ; 1.400e+00 ; 8.8650001e+00 ; 2.4000000e+02 
3.500e+01 ; 6.400e+00 ; 1.400e+00 ; 8.9290001e+00 ; 2.4000000e+02 
3.500e+01 ; 6.400e+00 ; 1.400e+00 ; 9.0570001e+00 ; 2.4000000e+02 
3.500e+01 ; 6.400e+00 ; 1.400e+00 ; 9.3130001e+00 ; 2.4000000e+02 
3.500e+01 ; 6.400e+00 ; 1.400e+00 ; 9.6000001e+00 ; 2.4000000e+02 
3.500e+01 ; 6.400e+00 ; 1.400e+00 ; 9.6000001e+00 ; 2.4000000e+02 
3.500e+01 ; 6.400e+00 ; 1.400e+00 ; 9.6010001e+00 ; 2.4000000e+02 
3.500e+01 ; 6.400e+00 ; 1.400e+00 ; 9.6020001e+00 ; 2.4000000e+02 
3.500e+01 ; 6.400e+00 ; 1.400e+00 ; 9.6030001e+00 ; 2.4000000e+02 
3.500e+01 ; 6.400e+00 ; 1.400e+00 ; 9.6050001e+00 ; 2.4000000e+02 
3.500e+01 ; 6.400e+00 ; 1.400e+00 ; 9.6090001e+00 ; 2.4000000e+02 
3.500e+01 ; 6.400e+00 ; 1.400e+00 ; 9.6170001e+00 ; 2.4000000e+02 
3.500e+01 ; 6.400e+00 ; 1.400e+00 ; 9.6330001e+00 ; 2.4000000e+02 
3.500e+01 ; 6.400e+00 ; 1.400e+00 ; 9.6650001e+00 ; 2.4000000e+02 
3.500e+01 ; 6.400e+00 ; 1.400e+00 ; 9.7290001e+00 ; 2.4000000e+02 
3.500e+01 ; 6.400e+00 ; 1.400e+00 ; 9.8570001e+00 ; 2.4000000e+02 
3.500e+01 ; 6.400e+00 ; 1.400e+00 ; 1.0113000e+01 ; 2.4000000e+02 
3.500e+01 ; 6.400e+00 ; 1.400e+00 ; 1.0400000e+01 ; 2.4000000e+02 
3.500e+01 ; 6.400e+00 ; 1.400e+00 ; 1.0400000e+01 ; 2.4000000e+02 
3.500e+01 ; 6.400e+00 ; 1.400e+00 ; 1.0401000e+01 ; 2.4000000e+02 
3.500e+01 ; 6.400e+00 ; 1.400e+00 ; 1.0402000e+01 ; 2.4000000e+02 
3.500e+01 ; 6.400e+00 ; 1.400e+00 ; 1.0403000e+01 ; 2.4000000e+02 
3.500e+01 ; 6.400e+00 ; 1.400e+00 ; 1.0405000e+01 ; 2.4000000e+02 
3.500e+01 ; 6.400e+00 ; 1.400e+00 ; 1.0409000e+01 ; 2.4000000e+02 
3.500e+01 ; 6.400e+00 ; 1.400e+00 ; 1.0417000e+01 ; 2.4000000e+02 
3.500e+01 ; 6.400e+00 ; 1.400e+00 ; 1.0433000e+01 ; 2.4000000e+02 
3.500e+01 ; 6.400e+00 ; 1.400e+00 ; 1.0465000e+01 ; 2.4000000e+02 
3.500e+01 ; 6.400e+00 ; 1.400e+00 ; 1.0529000e+01 ; 2.4000000e+02 
3.500e+01 ; 6.400e+00 ; 1.400e+00 ; 1.0657000e+01 ; 2.4000000e+02 
3.500e+01 ; 6.400e+00 ; 1.400e+00 ; 1.0913000e+01 ; 2.4000000e+02 
3.500e+01 ; 6.400e+00 ; 1.400e+00 ; 1.1200000e+01 ; 2.4000000e+02 
3.500e+01 ; 6.400e+00 ; 1.400e+00 ; 1.1200000e+01 ; 2.4000000e+02 
3.500e+01 ; 6.400e+00 ; 1.400e+00 ; 1.1201000e+01 ; 2.4000000e+02 
3.500e+01 ; 6.400e+00 ; 1.400e+00 ; 1.1202000e+01 ; 2.4000000e+02 
3.500e+01 ; 6.400e+00 ; 1.400e+00 ; 1.1203000e+01 ; 2.4000000e+02 
3.500e+01 ; 6.400e+00 ; 1.400e+00 ; 1.1205000e+01 ; 2.4000000e+02 
3.500e+01 ; 6.400e+00 ; 1.400e+00 ; 1.1209000e+01 ; 2.4000000e+02 
3.500e+01 ; 6.400e+00 ; 1.400e+00 ; 1.1217000e+01 ; 2.4000000e+02 
3.500e+01 ; 6.400e+00 ; 1.400e+00 ; 1.1233000e+01 ; 2.4000000e+02 
3.500e+01 ; 6.400e+00 ; 1.400e+00 ; 1.1265000e+01 ; 2.4000000e+02 
3.500e+01 ; 6.400e+00 ; 1.400e+00 ; 1.1329000e+01 ; 2.4000000e+02 
3.500e+01 ; 6.400e+00 ; 1.400e+00 ; 1.1457000e+01 ; 2.4000000e+02 
3.500e+01 ; 6.400e+00 ; 1.400e+00 ; 1.1713000e+01 ; 2.4000000e+02 
3.500e+01 ; 6.400e+00 ; 1.400e+00 ; 1.2000000e+01 ; 2.4000000e+02 
3.500e+01 ; 6.400e+00 ; 1.400e+00 ; 1.2000000e+01 ; 2.4000000e+02 
3.500e+01 ; 6.400e+00 ; 1.400e+00 ; 1.2001000e+01 ; 2.4000000e+02 
3.500e+01 ; 6.400e+00 ; 1.400e+00 ; 1.2002000e+01 ; 2.4000000e+02 
3.500e+01 ; 6.400e+00 ; 1.400e+00 ; 1.2003000e+01 ; 2.4000000e+02 
3.500e+01 ; 6.400e+00 ; 1.400e+00 ; 1.2005000e+01 ; 2.4000000e+02 
3.500e+01 ; 6.400e+00 ; 1.400e+00 ; 1.2009000e+01 ; 2.4000000e+02 
3.500e+01 ; 6.400e+00 ; 1.400e+00 ; 1.2017000e+01 ; 2.4000000e+02 
3.500e+01 ; 6.400e+00 ; 1.400e+00 ; 1.2033000e+01 ; 2.4000000e+02 
3.500e+01 ; 6.400e+00 ; 1.400e+00 ; 1.2065000e+01 ; 2.4000000e+02 
3.500e+01 ; 6.400e+00 ; 1.400e+00 ; 1.2129000e+01 ; 2.4000000e+02 
3.500e+01 ; 6.400e+00 ; 1.400e+00 ; 1.2257000e+01 ; 2.4000000e+02 
3.500e+01 ; 6.400e+00 ; 1.400e+00 ; 1.2513000e+01 ; 2.4000000e+02 
3.500e+01 ; 6.400e+00 ; 1.400e+00 ; 1.2800000e+01 ; 2.4000000e+02 
3.500e+01 ; 6.400e+00 ; 1.400e+00 ; 1.2800000e+01 ; 2.4000000e+02 
3.500e+01 ; 6.400e+00 ; 1.400e+00 ; 1.2801000e+01 ; 2.4000000e+02 
3.500e+01 ; 6.400e+00 ; 1.400e+00 ; 1.2802000e+01 ; 2.4000000e+02 
3.500e+01 ; 6.400e+00 ; 1.400e+00 ; 1.2803000e+01 ; 2.4000000e+02 
3.500e+01 ; 6.400e+00 ; 1.400e+00 ; 1.2805000e+01 ; 2.4000000e+02 
3.500e+01 ; 6.400e+00 ; 1.400e+00 ; 1.2809000e+01 ; 2.4000000e+02 
3.500e+01 ; 6.400e+00 ; 1.400e+00 ; 1.2817000e+01 ; 2.4000000e+02 
3.500e+01 ; 6.400e+00 ; 1.400e+00 ; 1.2833000e+01 ; 2.4000000e+02 
3.500e+01 ; 6.400e+00 ; 1.400e+00 ; 1.2865000e+01 ; 2.4000000e+02 
3.500e+01 ; 6.400e+00 ; 1.400e+00 ; 1.2929000e+01 ; 2.4000000e+02 
3.500e+01 ; 6.400e+00 ; 1.400e+00 ; 1.3057000e+01 ; 2.4000000e+02 
3.500e+01 ; 6.400e+00 ; 1.400e+00 ; 1.3313000e+01 ; 2.4000000e+02 
3.500e+01 ; 6.400e+00 ; 1.400e+00 ; 1.3600000e+01 ; 2.4000000e+02 
3.500e+01 ; 6.400e+00 ; 1.400e+00 ; 1.3600000e+01 ; 2.4000000e+02 
3.500e+01 ; 6.400e+00 ; 1.400e+00 ; 1.3601000e+01 ; 2.4000000e+02 
3.500e+01 ; 6.400e+00 ; 1.400e+00 ; 1.3602000e+01 ; 2.4000000e+02 
3.500e+01 ; 6.400e+00 ; 1.400e+00 ; 1.3603000e+01 ; 2.4000000e+02 
3.500e+01 ; 6.400e+00 ; 1.400e+00 ; 1.3605000e+01 ; 2.4000000e+02 
3.500e+01 ; 6.400e+00 ; 1.400e+00 ; 1.3609000e+01 ; 2.4000000e+02 
3.500e+01 ; 6.400e+00 ; 1.400e+00 ; 1.3617000e+01 ; 2.4000000e+02 
3.500e+01 ; 6.400e+00 ; 1.400e+00 ; 1.3633000e+01 ; 2.4000000e+02 
3.500e+01 ; 6.400e+00 ; 1.400e+00 ; 1.3665000e+01 ; 2.4000000e+02 
3.500e+01 ; 6.400e+00 ; 1.400e+00 ; 1.3729000e+01 ; 2.4000000e+02 
3.500e+01 ; 6.400e+00 ; 1.400e+00 ; 1.3857000e+01 ; 2.4000000e+02 
3.500e+01 ; 6.400e+00 ; 1.400e+00 ; 1.4113000e+01 ; 2.4000000e+02 
3.500e+01 ; 6.400e+00 ; 1.400e+00 ; 1.4400000e+01 ; 2.4000000e+02 
3.500e+01 ; 6.400e+00 ; 1.400e+00 ; 1.4400000e+01 ; 2.4000000e+02 
3.500e+01 ; 6.400e+00 ; 1.400e+00 ; 1.4401000e+01 ; 2.4000000e+02 
3.500e+01 ; 6.400e+00 ; 1.400e+00 ; 1.4402000e+01 ; 2.4000000e+02 
3.500e+01 ; 6.400e+00 ; 1.400e+00 ; 1.4403000e+01 ; 2.4000000e+02 
3.500e+01 ; 6.400e+00 ; 1.400e+00 ; 1.4405000e+01 ; 2.4000000e+02 
3.500e+01 ; 6.400e+00 ; 1.400e+00 ; 1.4409000e+01 ; 2.4000000e+02 
3.500e+01 ; 6.400e+00 ; 1.400e+00 ; 1.4417000e+01 ; 2.4000000e+02 
3.500e+01 ; 6.400e+00 ; 1.400e+00 ; 1.4433000e+01 ; 2.4000000e+02 
3.500e+01 ; 6.400e+00 ; 1.400e+00 ; 1.4465000e+01 ; 2.4000000e+02 
3.500e+01 ; 6.400e+00 ; 1.400e+00 ; 1.4529000e+01 ; 2.4000000e+02 
3.500e+01 ; 6.400e+00 ; 1.400e+00 ; 1.4657000e+01 ; 2.4000000e+02 
3.500e+01 ; 6.400e+00 ; 1.400e+00 ; 1.4913000e+01 ; 2.4000000e+02 
3.500e+01 ; 6.400e+00 ; 1.400e+00 ; 1.5200000e+01 ; 2.4000000e+02 
3.500e+01 ; 6.400e+00 ; 1.400e+00 ; 1.5200000e+01 ; 2.4000000e+02 
3.500e+01 ; 6.400e+00 ; 1.400e+00 ; 1.5201000e+01 ; 2.4000000e+02 
3.500e+01 ; 6.400e+00 ; 1.400e+00 ; 1.5202000e+01 ; 2.4000000e+02 
3.500e+01 ; 6.400e+00 ; 1.400e+00 ; 1.5203000e+01 ; 2.4000000e+02 
3.500e+01 ; 6.400e+00 ; 1.400e+00 ; 1.5205000e+01 ; 2.4000000e+02 
3.500e+01 ; 6.400e+00 ; 1.400e+00 ; 1.5209000e+01 ; 2.4000000e+02 
3.500e+01 ; 6.400e+00 ; 1.400e+00 ; 1.5217000e+01 ; 2.4000000e+02 
3.500e+01 ; 6.400e+00 ; 1.400e+00 ; 1.5233000e+01 ; 2.4000000e+02 
3.500e+01 ; 6.400e+00 ; 1.400e+00 ; 1.5265000e+01 ; 2.4000000e+02 
3.500e+01 ; 6.400e+00 ; 1.400e+00 ; 1.5329000e+01 ; 2.4000000e+02 
3.500e+01 ; 6.400e+00 ; 1.400e+00 ; 1.5457000e+01 ; 2.4000000e+02 
3.500e+01 ; 6.400e+00 ; 1.400e+00 ; 1.5713000e+01 ; 2.4000000e+02 
3.500e+01 ; 6.400e+00 ; 1.400e+00 ; 1.6000000e+01 ; 2.4000000e+02 
3.500e+01 ; 6.400e+00 ; 1.400e+00 ; 1.6000000e+01 ; 2.4000000e+02 
3.500e+01 ; 6.400e+00 ; 1.400e+00 ; 1.6001000e+01 ; 2.4000000e+02 
3.500e+01 ; 6.400e+00 ; 1.400e+00 ; 1.6002000e+01 ; 2.4000000e+02 
3.500e+01 ; 6.400e+00 ; 1.400e+00 ; 1.6003000e+01 ; 2.4000000e+02 
3.500e+01 ; 6.400e+00 ; 1.400e+00 ; 1.6005000e+01 ; 2.4000000e+02 
3.500e+01 ; 6.400e+00 ; 1.400e+00 ; 1.6009000e+01 ; 2.4000000e+02 
3.500e+01 ; 6.400e+00 ; 1.400e+00 ; 1.6017000e+01 ; 2.4000000e+02 
3.500e+01 ; 6.400e+00 ; 1.400e+00 ; 1.6033000e+01 ; 2.4000000e+02 
3.500e+01 ; 6.400e+00 ; 1.400e+00 ; 1.6065000e+01 ; 2.4000000e+02 
3.500e+01 ; 6.400e+00 ; 1.400e+00 ; 1.6129000e+01 ; 2.4000000e+02 
3.500e+01 ; 6.400e+00 ; 1.400e+00 ; 1.6257000e+01 ; 2.4000000e+02 
3.500e+01 ; 6.400e+00 ; 1.400e+00 ; 1.6513000e+01 ; 2.4000000e+02 
3.500e+01 ; 6.400e+00 ; 1.400e+00 ; 1.6800000e+01 ; 2.4000000e+02 
3.500e+01 ; 6.400e+00 ; 1.400e+00 ; 1.6800000e+01 ; 2.4000000e+02 
3.500e+01 ; 6.400e+00 ; 1.400e+00 ; 1.6801000e+01 ; 2.4000000e+02 
3.500e+01 ; 6.400e+00 ; 1.400e+00 ; 1.6802000e+01 ; 2.4000000e+02 
3.500e+01 ; 6.400e+00 ; 1.400e+00 ; 1.6803000e+01 ; 2.4000000e+02 
3.500e+01 ; 6.400e+00 ; 1.400e+00 ; 1.6805000e+01 ; 2.4000000e+02 
3.500e+01 ; 6.400e+00 ; 1.400e+00 ; 1.6809000e+01 ; 2.4000000e+02 
3.500e+01 ; 6.400e+00 ; 1.400e+00 ; 1.6817000e+01 ; 2.4000000e+02 
3.500e+01 ; 6.400e+00 ; 1.400e+00 ; 1.6833000e+01 ; 2.4000000e+02 
3.500e+01 ; 6.400e+00 ; 1.400e+00 ; 1.6865000e+01 ; 2.4000000e+02 
3.500e+01 ; 6.400e+00 ; 1.400e+00 ; 1.6929000e+01 ; 2.4000000e+02 
3.500e+01 ; 6.400e+00 ; 1.400e+00 ; 1.7057000e+01 ; 2.4000000e+02 
3.500e+01 ; 6.400e+00 ; 1.400e+00 ; 1.7313000e+01 ; 2.4000000e+02 
3.500e+01 ; 6.400e+00 ; 1.400e+00 ; 1.7600000e+01 ; 2.4000000e+02 
3.500e+01 ; 6.400e+00 ; 1.400e+00 ; 1.7600000e+01 ; 2.4000000e+02 
3.500e+01 ; 6.400e+00 ; 1.400e+00 ; 1.7601000e+01 ; 2.4000000e+02 
3.500e+01 ; 6.400e+00 ; 1.400e+00 ; 1.7602000e+01 ; 2.4000000e+02 
3.500e+01 ; 6.400e+00 ; 1.400e+00 ; 1.7603000e+01 ; 2.4000000e+02 
3.500e+01 ; 6.400e+00 ; 1.400e+00 ; 1.7605000e+01 ; 2.4000000e+02 
3.500e+01 ; 6.400e+00 ; 1.400e+00 ; 1.7609000e+01 ; 2.4000000e+02 
3.500e+01 ; 6.400e+00 ; 1.400e+00 ; 1.7617000e+01 ; 2.4000000e+02 
3.500e+01 ; 6.400e+00 ; 1.400e+00 ; 1.7633000e+01 ; 2.4000000e+02 
3.500e+01 ; 6.400e+00 ; 1.400e+00 ; 1.7665000e+01 ; 2.4000000e+02 
3.500e+01 ; 6.400e+00 ; 1.400e+00 ; 1.7729000e+01 ; 2.4000000e+02 
3.500e+01 ; 6.400e+00 ; 1.400e+00 ; 1.7857000e+01 ; 2.4000000e+02 
3.500e+01 ; 6.400e+00 ; 1.400e+00 ; 1.8113000e+01 ; 2.4000000e+02 
3.500e+01 ; 6.400e+00 ; 1.400e+00 ; 1.8400000e+01 ; 2.4000000e+02 
3.500e+01 ; 6.400e+00 ; 1.400e+00 ; 1.8400000e+01 ; 2.4000000e+02 
3.500e+01 ; 6.400e+00 ; 1.400e+00 ; 1.8401000e+01 ; 2.3988426e+02 
3.500e+01 ; 6.400e+00 ; 1.400e+00 ; 1.8402000e+01 ; 2.3976862e+02 
3.500e+01 ; 6.400e+00 ; 1.400e+00 ; 1.8403000e+01 ; 2.3965306e+02 
3.500e+01 ; 6.400e+00 ; 1.400e+00 ; 1.8405000e+01 ; 2.3942230e+02 
3.500e+01 ; 6.400e+00 ; 1.400e+00 ; 1.8409000e+01 ; 2.3896223e+02 
3.500e+01 ; 6.400e+00 ; 1.400e+00 ; 1.8417000e+01 ; 2.3804776e+02 
3.500e+01 ; 6.400e+00 ; 1.400e+00 ; 1.8433000e+01 ; 2.3624133e+02 
3.500e+01 ; 6.400e+00 ; 1.400e+00 ; 1.8465000e+01 ; 2.3271643e+02 
3.500e+01 ; 6.400e+00 ; 1.400e+00 ; 1.8529000e+01 ; 2.2600279e+02 
3.500e+01 ; 6.400e+00 ; 1.400e+00 ; 1.8657000e+01 ; 2.1380315e+02 
3.500e+01 ; 6.400e+00 ; 1.400e+00 ; 1.8913000e+01 ; 1.9350703e+02 
3.500e+01 ; 6.400e+00 ; 1.400e+00 ; 1.9200000e+01 ; 1.7494702e+02 
3.500e+01 ; 6.400e+00 ; 1.400e+00 ; 1.9200000e+01 ; 1.7494702e+02 
3.500e+01 ; 6.400e+00 ; 1.400e+00 ; 1.9201000e+01 ; 1.7488240e+02 
3.500e+01 ; 6.400e+00 ; 1.400e+00 ; 1.9202000e+01 ; 1.7481784e+02 
3.500e+01 ; 6.400e+00 ; 1.400e+00 ; 1.9203000e+01 ; 1.7475334e+02 
3.500e+01 ; 6.400e+00 ; 1.400e+00 ; 1.9205000e+01 ; 1.7462456e+02 
3.500e+01 ; 6.400e+00 ; 1.400e+00 ; 1.9209000e+01 ; 1.7436787e+02 
3.500e+01 ; 6.400e+00 ; 1.400e+00 ; 1.9217000e+01 ; 1.7385803e+02 
3.500e+01 ; 6.400e+00 ; 1.400e+00 ; 1.9233000e+01 ; 1.7285217e+02 
3.500e+01 ; 6.400e+00 ; 1.400e+00 ; 1.9265000e+01 ; 1.7089374e+02 
3.500e+01 ; 6.400e+00 ; 1.400e+00 ; 1.9329000e+01 ; 1.6717607e+02 
3.500e+01 ; 6.400e+00 ; 1.400e+00 ; 1.9457000e+01 ; 1.6044499e+02 
3.500e+01 ; 6.400e+00 ; 1.400e+00 ; 1.9713000e+01 ; 1.4925549e+02 
3.500e+01 ; 6.400e+00 ; 1.400e+00 ; 2.0000000e+01 ; 1.3898320e+02 
3.500e+01 ; 6.400e+00 ; 1.400e+00 ; 2.0000000e+01 ; 1.3898320e+02 
3.500e+01 ; 6.400e+00 ; 1.400e+00 ; 2.0001000e+01 ; 1.3894743e+02 
3.500e+01 ; 6.400e+00 ; 1.400e+00 ; 2.0002000e+01 ; 1.3891170e+02 
3.500e+01 ; 6.400e+00 ; 1.400e+00 ; 2.0003000e+01 ; 1.3887598e+02 
3.500e+01 ; 6.400e+00 ; 1.400e+00 ; 2.0005000e+01 ; 1.3880467e+02 
3.500e+01 ; 6.400e+00 ; 1.400e+00 ; 2.0009000e+01 ; 1.3866249e+02 
3.500e+01 ; 6.400e+00 ; 1.400e+00 ; 2.0017000e+01 ; 1.3837985e+02 
3.500e+01 ; 6.400e+00 ; 1.400e+00 ; 2.0033000e+01 ; 1.3782143e+02 
3.500e+01 ; 6.400e+00 ; 1.400e+00 ; 2.0065000e+01 ; 1.3673132e+02 
3.500e+01 ; 6.400e+00 ; 1.400e+00 ; 2.0129000e+01 ; 1.3465306e+02 
3.500e+01 ; 6.400e+00 ; 1.400e+00 ; 2.0257000e+01 ; 1.3086668e+02 
3.500e+01 ; 6.400e+00 ; 1.400e+00 ; 2.0513000e+01 ; 1.2452110e+02 
3.500e+01 ; 6.400e+00 ; 1.400e+00 ; 2.0800000e+01 ; 1.1865324e+02 
3.500e+01 ; 6.400e+00 ; 1.400e+00 ; 2.0800000e+01 ; 1.1865324e+02 
3.500e+01 ; 6.400e+00 ; 1.400e+00 ; 2.0801000e+01 ; 1.1863280e+02 
3.500e+01 ; 6.400e+00 ; 1.400e+00 ; 2.0802000e+01 ; 1.1861239e+02 
3.500e+01 ; 6.400e+00 ; 1.400e+00 ; 2.0803000e+01 ; 1.1859199e+02 
3.500e+01 ; 6.400e+00 ; 1.400e+00 ; 2.0805000e+01 ; 1.1855125e+02 
3.500e+01 ; 6.400e+00 ; 1.400e+00 ; 2.0809000e+01 ; 1.1847001e+02 
3.500e+01 ; 6.400e+00 ; 1.400e+00 ; 2.0817000e+01 ; 1.1830848e+02 
3.500e+01 ; 6.400e+00 ; 1.400e+00 ; 2.0833000e+01 ; 1.1798917e+02 
3.500e+01 ; 6.400e+00 ; 1.400e+00 ; 2.0865000e+01 ; 1.1736520e+02 
3.500e+01 ; 6.400e+00 ; 1.400e+00 ; 2.0929000e+01 ; 1.1617267e+02 
3.500e+01 ; 6.400e+00 ; 1.400e+00 ; 2.1057000e+01 ; 1.1398709e+02 
3.500e+01 ; 6.400e+00 ; 1.400e+00 ; 2.1313000e+01 ; 1.1027063e+02 
3.500e+01 ; 6.400e+00 ; 1.400e+00 ; 2.1600000e+01 ; 1.0676705e+02 
3.500e+01 ; 6.400e+00 ; 1.400e+00 ; 2.1600000e+01 ; 1.0676705e+02 
3.500e+01 ; 6.400e+00 ; 1.400e+00 ; 2.1601000e+01 ; 1.0675485e+02 
3.500e+01 ; 6.400e+00 ; 1.400e+00 ; 2.1602000e+01 ; 1.0674266e+02 
3.500e+01 ; 6.400e+00 ; 1.400e+00 ; 2.1603000e+01 ; 1.0673048e+02 
3.500e+01 ; 6.400e+00 ; 1.400e+00 ; 2.1605000e+01 ; 1.0670614e+02 
3.500e+01 ; 6.400e+00 ; 1.400e+00 ; 2.1609000e+01 ; 1.0665759e+02 
3.500e+01 ; 6.400e+00 ; 1.400e+00 ; 2.1617000e+01 ; 1.0656102e+02 
3.500e+01 ; 6.400e+00 ; 1.400e+00 ; 2.1633000e+01 ; 1.0636987e+02 
3.500e+01 ; 6.400e+00 ; 1.400e+00 ; 2.1665000e+01 ; 1.0599537e+02 
3.500e+01 ; 6.400e+00 ; 1.400e+00 ; 2.1729000e+01 ; 1.0527602e+02 
3.500e+01 ; 6.400e+00 ; 1.400e+00 ; 2.1857000e+01 ; 1.0394456e+02 
3.500e+01 ; 6.400e+00 ; 1.400e+00 ; 2.2113000e+01 ; 1.0163698e+02 
3.500e+01 ; 6.400e+00 ; 1.400e+00 ; 2.2400000e+01 ; 9.9413895e+01 
3.500e+01 ; 6.400e+00 ; 1.400e+00 ; 2.2400000e+01 ; 9.9413895e+01 
3.500e+01 ; 6.400e+00 ; 1.400e+00 ; 2.2401000e+01 ; 9.9406151e+01 
3.500e+01 ; 6.400e+00 ; 1.400e+00 ; 2.2402000e+01 ; 9.9398415e+01 
3.500e+01 ; 6.400e+00 ; 1.400e+00 ; 2.2403000e+01 ; 9.9390686e+01 
3.500e+01 ; 6.400e+00 ; 1.400e+00 ; 2.2405000e+01 ; 9.9375237e+01 
3.500e+01 ; 6.400e+00 ; 1.400e+00 ; 2.2409000e+01 ; 9.9344406e+01 
3.500e+01 ; 6.400e+00 ; 1.400e+00 ; 2.2417000e+01 ; 9.9283035e+01 
3.500e+01 ; 6.400e+00 ; 1.400e+00 ; 2.2433000e+01 ; 9.9161392e+01 
3.500e+01 ; 6.400e+00 ; 1.400e+00 ; 2.2465000e+01 ; 9.8922409e+01 
3.500e+01 ; 6.400e+00 ; 1.400e+00 ; 2.2529000e+01 ; 9.8460808e+01 
3.500e+01 ; 6.400e+00 ; 1.400e+00 ; 2.2657000e+01 ; 9.7597244e+01 
3.500e+01 ; 6.400e+00 ; 1.400e+00 ; 2.2913000e+01 ; 9.6070206e+01 
3.500e+01 ; 6.400e+00 ; 1.400e+00 ; 2.3200000e+01 ; 9.4566338e+01 
3.500e+01 ; 6.400e+00 ; 1.400e+00 ; 2.3200000e+01 ; 9.4566338e+01 
3.500e+01 ; 6.400e+00 ; 1.400e+00 ; 2.3201000e+01 ; 9.4561096e+01 
3.500e+01 ; 6.400e+00 ; 1.400e+00 ; 2.3202000e+01 ; 9.4555862e+01 
3.500e+01 ; 6.400e+00 ; 1.400e+00 ; 2.3203000e+01 ; 9.4550629e+01 
3.500e+01 ; 6.400e+00 ; 1.400e+00 ; 2.3205000e+01 ; 9.4540176e+01 
3.500e+01 ; 6.400e+00 ; 1.400e+00 ; 2.3209000e+01 ; 9.4519310e+01 
3.500e+01 ; 6.400e+00 ; 1.400e+00 ; 2.3217000e+01 ; 9.4477730e+01 
3.500e+01 ; 6.400e+00 ; 1.400e+00 ; 2.3233000e+01 ; 9.4395203e+01 
3.500e+01 ; 6.400e+00 ; 1.400e+00 ; 2.3265000e+01 ; 9.4232613e+01 
3.500e+01 ; 6.400e+00 ; 1.400e+00 ; 2.3329000e+01 ; 9.3916893e+01 
3.500e+01 ; 6.400e+00 ; 1.400e+00 ; 2.3457000e+01 ; 9.3320107e+01 
3.500e+01 ; 6.400e+00 ; 1.400e+00 ; 2.3713000e+01 ; 9.2244781e+01 
3.500e+01 ; 6.400e+00 ; 1.400e+00 ; 2.4000000e+01 ; 9.1164604e+01 
3.500e+01 ; 6.400e+00 ; 1.400e+00 ; 2.4000000e+01 ; 9.1164604e+01 
3.500e+01 ; 6.400e+00 ; 1.400e+00 ; 2.4001000e+01 ; 9.1160843e+01 
3.500e+01 ; 6.400e+00 ; 1.400e+00 ; 2.4002000e+01 ; 9.1157082e+01 
3.500e+01 ; 6.400e+00 ; 1.400e+00 ; 2.4003000e+01 ; 9.1153320e+01 
3.500e+01 ; 6.400e+00 ; 1.400e+00 ; 2.4005000e+01 ; 9.1145813e+01 
3.500e+01 ; 6.400e+00 ; 1.400e+00 ; 2.4009000e+01 ; 9.1130814e+01 
3.500e+01 ; 6.400e+00 ; 1.400e+00 ; 2.4017000e+01 ; 9.1100906e+01 
3.500e+01 ; 6.400e+00 ; 1.400e+00 ; 2.4033000e+01 ; 9.1041481e+01 
3.500e+01 ; 6.400e+00 ; 1.400e+00 ; 2.4065000e+01 ; 9.0924118e+01 
3.500e+01 ; 6.400e+00 ; 1.400e+00 ; 2.4129000e+01 ; 9.0695152e+01 
3.500e+01 ; 6.400e+00 ; 1.400e+00 ; 2.4257000e+01 ; 9.0258522e+01 
3.500e+01 ; 6.400e+00 ; 1.400e+00 ; 2.4513000e+01 ; 8.9459351e+01 
3.500e+01 ; 6.400e+00 ; 1.400e+00 ; 2.4800000e+01 ; 8.8643677e+01 
3.500e+01 ; 6.400e+00 ; 1.400e+00 ; 2.4800000e+01 ; 8.8643677e+01 
3.500e+01 ; 6.400e+00 ; 1.400e+00 ; 2.4801000e+01 ; 8.8640839e+01 
3.500e+01 ; 6.400e+00 ; 1.400e+00 ; 2.4802000e+01 ; 8.8638000e+01 
3.500e+01 ; 6.400e+00 ; 1.400e+00 ; 2.4803000e+01 ; 8.8635155e+01 
3.500e+01 ; 6.400e+00 ; 1.400e+00 ; 2.4805000e+01 ; 8.8629486e+01 
3.500e+01 ; 6.400e+00 ; 1.400e+00 ; 2.4809000e+01 ; 8.8618149e+01 
3.500e+01 ; 6.400e+00 ; 1.400e+00 ; 2.4817000e+01 ; 8.8595543e+01 
3.500e+01 ; 6.400e+00 ; 1.400e+00 ; 2.4833000e+01 ; 8.8550583e+01 
3.500e+01 ; 6.400e+00 ; 1.400e+00 ; 2.4865000e+01 ; 8.8461617e+01 
3.500e+01 ; 6.400e+00 ; 1.400e+00 ; 2.4929000e+01 ; 8.8287399e+01 
3.500e+01 ; 6.400e+00 ; 1.400e+00 ; 2.5057000e+01 ; 8.7952927e+01 
3.500e+01 ; 6.400e+00 ; 1.400e+00 ; 2.5313000e+01 ; 8.7333435e+01 
3.500e+01 ; 6.400e+00 ; 1.400e+00 ; 2.5600000e+01 ; 8.6693695e+01 
3.500e+01 ; 6.400e+00 ; 1.400e+00 ; 2.5600000e+01 ; 8.6693695e+01 
3.500e+01 ; 6.400e+00 ; 1.400e+00 ; 2.5601000e+01 ; 8.6691467e+01 
3.500e+01 ; 6.400e+00 ; 1.400e+00 ; 2.5602000e+01 ; 8.6689240e+01 
3.500e+01 ; 6.400e+00 ; 1.400e+00 ; 2.5603000e+01 ; 8.6687012e+01 
3.500e+01 ; 6.400e+00 ; 1.400e+00 ; 2.5605000e+01 ; 8.6682564e+01 
3.500e+01 ; 6.400e+00 ; 1.400e+00 ; 2.5609000e+01 ; 8.6673668e+01 
3.500e+01 ; 6.400e+00 ; 1.400e+00 ; 2.5617000e+01 ; 8.6655930e+01 
3.500e+01 ; 6.400e+00 ; 1.400e+00 ; 2.5633000e+01 ; 8.6620613e+01 
3.500e+01 ; 6.400e+00 ; 1.400e+00 ; 2.5665000e+01 ; 8.6550636e+01 
3.500e+01 ; 6.400e+00 ; 1.400e+00 ; 2.5729000e+01 ; 8.6413254e+01 
3.500e+01 ; 6.400e+00 ; 1.400e+00 ; 2.5857000e+01 ; 8.6148216e+01 
3.500e+01 ; 6.400e+00 ; 1.400e+00 ; 2.6113000e+01 ; 8.5653236e+01 
3.500e+01 ; 6.400e+00 ; 1.400e+00 ; 2.6400000e+01 ; 8.5137955e+01 
3.500e+01 ; 6.400e+00 ; 1.400e+00 ; 2.6400000e+01 ; 8.5137955e+01 
3.500e+01 ; 6.400e+00 ; 1.400e+00 ; 2.6401000e+01 ; 8.5136162e+01 
3.500e+01 ; 6.400e+00 ; 1.400e+00 ; 2.6402000e+01 ; 8.5134369e+01 
3.500e+01 ; 6.400e+00 ; 1.400e+00 ; 2.6403000e+01 ; 8.5132576e+01 
3.500e+01 ; 6.400e+00 ; 1.400e+00 ; 2.6405000e+01 ; 8.5128990e+01 
3.500e+01 ; 6.400e+00 ; 1.400e+00 ; 2.6409000e+01 ; 8.5121826e+01 
3.500e+01 ; 6.400e+00 ; 1.400e+00 ; 2.6417000e+01 ; 8.5107521e+01 
3.500e+01 ; 6.400e+00 ; 1.400e+00 ; 2.6433000e+01 ; 8.5079048e+01 
3.500e+01 ; 6.400e+00 ; 1.400e+00 ; 2.6465000e+01 ; 8.5022583e+01 
3.500e+01 ; 6.400e+00 ; 1.400e+00 ; 2.6529000e+01 ; 8.4911514e+01 
3.500e+01 ; 6.400e+00 ; 1.400e+00 ; 2.6657000e+01 ; 8.4696548e+01 
3.500e+01 ; 6.400e+00 ; 1.400e+00 ; 2.6913000e+01 ; 8.4292877e+01 
3.500e+01 ; 6.400e+00 ; 1.400e+00 ; 2.7200000e+01 ; 8.3870422e+01 
3.500e+01 ; 6.400e+00 ; 1.400e+00 ; 2.7200000e+01 ; 8.3870422e+01 
3.500e+01 ; 6.400e+00 ; 1.400e+00 ; 2.7201000e+01 ; 8.3868950e+01 
3.500e+01 ; 6.400e+00 ; 1.400e+00 ; 2.7202000e+01 ; 8.3867477e+01 
3.500e+01 ; 6.400e+00 ; 1.400e+00 ; 2.7203000e+01 ; 8.3866005e+01 
3.500e+01 ; 6.400e+00 ; 1.400e+00 ; 2.7205000e+01 ; 8.3863068e+01 
3.500e+01 ; 6.400e+00 ; 1.400e+00 ; 2.7209000e+01 ; 8.3857193e+01 
3.500e+01 ; 6.400e+00 ; 1.400e+00 ; 2.7217000e+01 ; 8.3845467e+01 
3.500e+01 ; 6.400e+00 ; 1.400e+00 ; 2.7233000e+01 ; 8.3822105e+01 
3.500e+01 ; 6.400e+00 ; 1.400e+00 ; 2.7265000e+01 ; 8.3775749e+01 
3.500e+01 ; 6.400e+00 ; 1.400e+00 ; 2.7329000e+01 ; 8.3684479e+01 
3.500e+01 ; 6.400e+00 ; 1.400e+00 ; 2.7457000e+01 ; 8.3507446e+01 
3.500e+01 ; 6.400e+00 ; 1.400e+00 ; 2.7713000e+01 ; 8.3173828e+01 
3.500e+01 ; 6.400e+00 ; 1.400e+00 ; 2.8000000e+01 ; 8.2823540e+01 
3.500e+01 ; 6.400e+00 ; 1.400e+00 ; 2.8000000e+01 ; 8.2823540e+01 
3.500e+01 ; 6.400e+00 ; 1.400e+00 ; 2.8001000e+01 ; 8.2822319e+01 
3.500e+01 ; 6.400e+00 ; 1.400e+00 ; 2.8002000e+01 ; 8.2821098e+01 
3.500e+01 ; 6.400e+00 ; 1.400e+00 ; 2.8003000e+01 ; 8.2819878e+01 
3.500e+01 ; 6.400e+00 ; 1.400e+00 ; 2.8005000e+01 ; 8.2817436e+01 
3.500e+01 ; 6.400e+00 ; 1.400e+00 ; 2.8009000e+01 ; 8.2812569e+01 
3.500e+01 ; 6.400e+00 ; 1.400e+00 ; 2.8017000e+01 ; 8.2802841e+01 
3.500e+01 ; 6.400e+00 ; 1.400e+00 ; 2.8033000e+01 ; 8.2783463e+01 
3.500e+01 ; 6.400e+00 ; 1.400e+00 ; 2.8065000e+01 ; 8.2744995e+01 
3.500e+01 ; 6.400e+00 ; 1.400e+00 ; 2.8129000e+01 ; 8.2669205e+01 
3.500e+01 ; 6.400e+00 ; 1.400e+00 ; 2.8257000e+01 ; 8.2522011e+01 
3.500e+01 ; 6.400e+00 ; 1.400e+00 ; 2.8513000e+01 ; 8.2244118e+01 
3.500e+01 ; 6.400e+00 ; 1.400e+00 ; 2.8800000e+01 ; 8.1951981e+01 
3.500e+01 ; 6.400e+00 ; 1.400e+00 ; 2.8800000e+01 ; 8.1951981e+01 
3.500e+01 ; 6.400e+00 ; 1.400e+00 ; 2.8801000e+01 ; 8.1950966e+01 
3.500e+01 ; 6.400e+00 ; 1.400e+00 ; 2.8802000e+01 ; 8.1949951e+01 
3.500e+01 ; 6.400e+00 ; 1.400e+00 ; 2.8803000e+01 ; 8.1948929e+01 
3.500e+01 ; 6.400e+00 ; 1.400e+00 ; 2.8805000e+01 ; 8.1946899e+01 
3.500e+01 ; 6.400e+00 ; 1.400e+00 ; 2.8809000e+01 ; 8.1942833e+01 
3.500e+01 ; 6.400e+00 ; 1.400e+00 ; 2.8817000e+01 ; 8.1934723e+01 
3.500e+01 ; 6.400e+00 ; 1.400e+00 ; 2.8833000e+01 ; 8.1918564e+01 
3.500e+01 ; 6.400e+00 ; 1.400e+00 ; 2.8865000e+01 ; 8.1886475e+01 
3.500e+01 ; 6.400e+00 ; 1.400e+00 ; 2.8929000e+01 ; 8.1823280e+01 
3.500e+01 ; 6.400e+00 ; 1.400e+00 ; 2.9057000e+01 ; 8.1700813e+01 
3.500e+01 ; 6.400e+00 ; 1.400e+00 ; 2.9313000e+01 ; 8.1471992e+01 
3.500e+01 ; 6.400e+00 ; 1.400e+00 ; 2.9600000e+01 ; 8.1235886e+01 
3.500e+01 ; 6.400e+00 ; 1.400e+00 ; 2.9600000e+01 ; 8.1235886e+01 
3.500e+01 ; 6.400e+00 ; 1.400e+00 ; 2.9601000e+01 ; 8.1235062e+01 
3.500e+01 ; 6.400e+00 ; 1.400e+00 ; 2.9602000e+01 ; 8.1234238e+01 
3.500e+01 ; 6.400e+00 ; 1.400e+00 ; 2.9603000e+01 ; 8.1233414e+01 
3.500e+01 ; 6.400e+00 ; 1.400e+00 ; 2.9605000e+01 ; 8.1231773e+01 
3.500e+01 ; 6.400e+00 ; 1.400e+00 ; 2.9609000e+01 ; 8.1228500e+01 
3.500e+01 ; 6.400e+00 ; 1.400e+00 ; 2.9617000e+01 ; 8.1221977e+01 
3.500e+01 ; 6.400e+00 ; 1.400e+00 ; 2.9633000e+01 ; 8.1209045e+01 
3.500e+01 ; 6.400e+00 ; 1.400e+00 ; 2.9665000e+01 ; 8.1183678e+01 
3.500e+01 ; 6.400e+00 ; 1.400e+00 ; 2.9729000e+01 ; 8.1135124e+01 
3.500e+01 ; 6.400e+00 ; 1.400e+00 ; 2.9857000e+01 ; 8.1047836e+01 
3.500e+01 ; 6.400e+00 ; 1.400e+00 ; 3.0113000e+01 ; 8.0914650e+01 
3.500e+01 ; 6.400e+00 ; 1.400e+00 ; 3.0400000e+01 ; 8.0813499e+01 
3.500e+01 ; 6.400e+00 ; 1.400e+00 ; 3.0400000e+01 ; 8.0813499e+01 
3.500e+01 ; 6.400e+00 ; 1.400e+00 ; 3.0401000e+01 ; 8.0817268e+01 
3.500e+01 ; 6.400e+00 ; 1.400e+00 ; 3.0402000e+01 ; 8.0821068e+01 
3.500e+01 ; 6.400e+00 ; 1.400e+00 ; 3.0403000e+01 ; 8.0824890e+01 
3.500e+01 ; 6.400e+00 ; 1.400e+00 ; 3.0405000e+01 ; 8.0832664e+01 
3.500e+01 ; 6.400e+00 ; 1.400e+00 ; 3.0409000e+01 ; 8.0848686e+01 
3.500e+01 ; 6.400e+00 ; 1.400e+00 ; 3.0417000e+01 ; 8.0882561e+01 
3.500e+01 ; 6.400e+00 ; 1.400e+00 ; 3.0433000e+01 ; 8.0957352e+01 
3.500e+01 ; 6.400e+00 ; 1.400e+00 ; 3.0465000e+01 ; 8.1132568e+01 
3.500e+01 ; 6.400e+00 ; 1.400e+00 ; 3.0529000e+01 ; 8.1568031e+01 
3.500e+01 ; 6.400e+00 ; 1.400e+00 ; 3.0657000e+01 ; 8.2668022e+01 
3.500e+01 ; 6.400e+00 ; 1.400e+00 ; 3.0913000e+01 ; 8.5217941e+01 
3.500e+01 ; 6.400e+00 ; 1.400e+00 ; 3.1200000e+01 ; 8.7975906e+01 
3.500e+01 ; 6.400e+00 ; 1.400e+00 ; 3.1200000e+01 ; 8.7975906e+01 
3.500e+01 ; 6.400e+00 ; 1.400e+00 ; 3.1201000e+01 ; 8.7988739e+01 
3.500e+01 ; 6.400e+00 ; 1.400e+00 ; 3.1202000e+01 ; 8.8001572e+01 
3.500e+01 ; 6.400e+00 ; 1.400e+00 ; 3.1203000e+01 ; 8.8014412e+01 
3.500e+01 ; 6.400e+00 ; 1.400e+00 ; 3.1205000e+01 ; 8.8040100e+01 
3.500e+01 ; 6.400e+00 ; 1.400e+00 ; 3.1209000e+01 ; 8.8091553e+01 
3.500e+01 ; 6.400e+00 ; 1.400e+00 ; 3.1217000e+01 ; 8.8194725e+01 
3.500e+01 ; 6.400e+00 ; 1.400e+00 ; 3.1233000e+01 ; 8.8401970e+01 
3.500e+01 ; 6.400e+00 ; 1.400e+00 ; 3.1265000e+01 ; 8.8819237e+01 
3.500e+01 ; 6.400e+00 ; 1.400e+00 ; 3.1329000e+01 ; 8.9658524e+01 
3.500e+01 ; 6.400e+00 ; 1.400e+00 ; 3.1457000e+01 ; 9.1316422e+01 
3.500e+01 ; 6.400e+00 ; 1.400e+00 ; 3.1713000e+01 ; 9.4355217e+01 
3.500e+01 ; 6.400e+00 ; 1.400e+00 ; 3.2000000e+01 ; 9.7220428e+01 
3.500e+01 ; 6.400e+00 ; 1.400e+00 ; 3.2000000e+01 ; 9.7220428e+01 
3.500e+01 ; 6.400e+00 ; 1.400e+00 ; 3.2001000e+01 ; 9.7230400e+01 
3.500e+01 ; 6.400e+00 ; 1.400e+00 ; 3.2002000e+01 ; 9.7240356e+01 
3.500e+01 ; 6.400e+00 ; 1.400e+00 ; 3.2003000e+01 ; 9.7250298e+01 
3.500e+01 ; 6.400e+00 ; 1.400e+00 ; 3.2005000e+01 ; 9.7270126e+01 
3.500e+01 ; 6.400e+00 ; 1.400e+00 ; 3.2009000e+01 ; 9.7309570e+01 
3.500e+01 ; 6.400e+00 ; 1.400e+00 ; 3.2017000e+01 ; 9.7387589e+01 
3.500e+01 ; 6.400e+00 ; 1.400e+00 ; 3.2033000e+01 ; 9.7540245e+01 
3.500e+01 ; 6.400e+00 ; 1.400e+00 ; 3.2065000e+01 ; 9.7832458e+01 
3.500e+01 ; 6.400e+00 ; 1.400e+00 ; 3.2129000e+01 ; 9.8367958e+01 
3.500e+01 ; 6.400e+00 ; 1.400e+00 ; 3.2257000e+01 ; 9.9267494e+01 
3.500e+01 ; 6.400e+00 ; 1.400e+00 ; 3.2513000e+01 ; 1.0053293e+02 
3.500e+01 ; 6.400e+00 ; 1.400e+00 ; 3.2800000e+01 ; 1.0144427e+02 
3.500e+01 ; 6.400e+00 ; 1.400e+00 ; 3.2800000e+01 ; 1.0144427e+02 
3.500e+01 ; 6.400e+00 ; 1.400e+00 ; 3.2801000e+01 ; 1.0144744e+02 
3.500e+01 ; 6.400e+00 ; 1.400e+00 ; 3.2802000e+01 ; 1.0145061e+02 
3.500e+01 ; 6.400e+00 ; 1.400e+00 ; 3.2803000e+01 ; 1.0145376e+02 
3.500e+01 ; 6.400e+00 ; 1.400e+00 ; 3.2805000e+01 ; 1.0146005e+02 
3.500e+01 ; 6.400e+00 ; 1.400e+00 ; 3.2809000e+01 ; 1.0147253e+02 
3.500e+01 ; 6.400e+00 ; 1.400e+00 ; 3.2817000e+01 ; 1.0149711e+02 
3.500e+01 ; 6.400e+00 ; 1.400e+00 ; 3.2833000e+01 ; 1.0154474e+02 
3.500e+01 ; 6.400e+00 ; 1.400e+00 ; 3.2865000e+01 ; 1.0163411e+02 
3.500e+01 ; 6.400e+00 ; 1.400e+00 ; 3.2929000e+01 ; 1.0179086e+02 
3.500e+01 ; 6.400e+00 ; 1.400e+00 ; 3.3057000e+01 ; 1.0202728e+02 
3.500e+01 ; 6.400e+00 ; 1.400e+00 ; 3.3313001e+01 ; 1.0226156e+02 
3.500e+01 ; 6.400e+00 ; 1.400e+00 ; 3.3600001e+01 ; 1.0230041e+02 
3.500e+01 ; 6.400e+00 ; 1.400e+00 ; 3.3600001e+01 ; 1.0230041e+02 
3.500e+01 ; 6.400e+00 ; 1.400e+00 ; 3.3601001e+01 ; 1.0230054e+02 
3.500e+01 ; 6.400e+00 ; 1.400e+00 ; 3.3602001e+01 ; 1.0230067e+02 
3.500e+01 ; 6.400e+00 ; 1.400e+00 ; 3.3603001e+01 ; 1.0230080e+02 
3.500e+01 ; 6.400e+00 ; 1.400e+00 ; 3.3605001e+01 ; 1.0230104e+02 
3.500e+01 ; 6.400e+00 ; 1.400e+00 ; 3.3609001e+01 ; 1.0230148e+02 
3.500e+01 ; 6.400e+00 ; 1.400e+00 ; 3.3617001e+01 ; 1.0230220e+02 
3.500e+01 ; 6.400e+00 ; 1.400e+00 ; 3.3633001e+01 ; 1.0230297e+02 
3.500e+01 ; 6.400e+00 ; 1.400e+00 ; 3.3665000e+01 ; 1.0230193e+02 
3.500e+01 ; 6.400e+00 ; 1.400e+00 ; 3.3729000e+01 ; 1.0229027e+02 
3.500e+01 ; 6.400e+00 ; 1.400e+00 ; 3.3857000e+01 ; 1.0223387e+02 
3.500e+01 ; 6.400e+00 ; 1.400e+00 ; 3.4113001e+01 ; 1.0202151e+02 
3.500e+01 ; 6.400e+00 ; 1.400e+00 ; 3.4400001e+01 ; 1.0169355e+02 
3.500e+01 ; 6.400e+00 ; 1.400e+00 ; 3.4400001e+01 ; 1.0169355e+02 
3.500e+01 ; 6.400e+00 ; 1.400e+00 ; 3.4401001e+01 ; 1.0169241e+02 
3.500e+01 ; 6.400e+00 ; 1.400e+00 ; 3.4402001e+01 ; 1.0169126e+02 
3.500e+01 ; 6.400e+00 ; 1.400e+00 ; 3.4403001e+01 ; 1.0169012e+02 
3.500e+01 ; 6.400e+00 ; 1.400e+00 ; 3.4405001e+01 ; 1.0168782e+02 
3.500e+01 ; 6.400e+00 ; 1.400e+00 ; 3.4409001e+01 ; 1.0168320e+02 
3.500e+01 ; 6.400e+00 ; 1.400e+00 ; 3.4417001e+01 ; 1.0167392e+02 
3.500e+01 ; 6.400e+00 ; 1.400e+00 ; 3.4433001e+01 ; 1.0165508e+02 
3.500e+01 ; 6.400e+00 ; 1.400e+00 ; 3.4465001e+01 ; 1.0161637e+02 
3.500e+01 ; 6.400e+00 ; 1.400e+00 ; 3.4529001e+01 ; 1.0153521e+02 
3.500e+01 ; 6.400e+00 ; 1.400e+00 ; 3.4657001e+01 ; 1.0136028e+02 
3.500e+01 ; 6.400e+00 ; 1.400e+00 ; 3.4913001e+01 ; 1.0097501e+02 
3.500e+01 ; 6.400e+00 ; 1.400e+00 ; 3.5200001e+01 ; 1.0051447e+02 
3.500e+01 ; 6.400e+00 ; 1.400e+00 ; 3.5200001e+01 ; 1.0051447e+02 
3.500e+01 ; 6.400e+00 ; 1.400e+00 ; 3.5201001e+01 ; 1.0051286e+02 
3.500e+01 ; 6.400e+00 ; 1.400e+00 ; 3.5202001e+01 ; 1.0051126e+02 
3.500e+01 ; 6.400e+00 ; 1.400e+00 ; 3.5203001e+01 ; 1.0050965e+02 
3.500e+01 ; 6.400e+00 ; 1.400e+00 ; 3.5205001e+01 ; 1.0050644e+02 
3.500e+01 ; 6.400e+00 ; 1.400e+00 ; 3.5209001e+01 ; 1.0050001e+02 
3.500e+01 ; 6.400e+00 ; 1.400e+00 ; 3.5217001e+01 ; 1.0048713e+02 
3.500e+01 ; 6.400e+00 ; 1.400e+00 ; 3.5233001e+01 ; 1.0046127e+02 
3.500e+01 ; 6.400e+00 ; 1.400e+00 ; 3.5265001e+01 ; 1.0040926e+02 
3.500e+01 ; 6.400e+00 ; 1.400e+00 ; 3.5329001e+01 ; 1.0030414e+02 
3.500e+01 ; 6.400e+00 ; 1.400e+00 ; 3.5457001e+01 ; 1.0009056e+02 
3.500e+01 ; 6.400e+00 ; 1.400e+00 ; 3.5713001e+01 ; 9.9656654e+01 
3.500e+01 ; 6.400e+00 ; 1.400e+00 ; 3.6000001e+01 ; 9.9168541e+01 
3.500e+01 ; 6.400e+00 ; 1.400e+00 ; 3.6000001e+01 ; 9.9168541e+01 
3.500e+01 ; 6.400e+00 ; 1.400e+00 ; 3.6001001e+01 ; 9.9166840e+01 
3.500e+01 ; 6.400e+00 ; 1.400e+00 ; 3.6002001e+01 ; 9.9165138e+01 
3.500e+01 ; 6.400e+00 ; 1.400e+00 ; 3.6003001e+01 ; 9.9163437e+01 
3.500e+01 ; 6.400e+00 ; 1.400e+00 ; 3.6005001e+01 ; 9.9160034e+01 
3.500e+01 ; 6.400e+00 ; 1.400e+00 ; 3.6009001e+01 ; 9.9153236e+01 
3.500e+01 ; 6.400e+00 ; 1.400e+00 ; 3.6017001e+01 ; 9.9139626e+01 
3.500e+01 ; 6.400e+00 ; 1.400e+00 ; 3.6033001e+01 ; 9.9112404e+01 
3.500e+01 ; 6.400e+00 ; 1.400e+00 ; 3.6065001e+01 ; 9.9057968e+01 
3.500e+01 ; 6.400e+00 ; 1.400e+00 ; 3.6129001e+01 ; 9.8949142e+01 
3.500e+01 ; 6.400e+00 ; 1.400e+00 ; 3.6257001e+01 ; 9.8732155e+01 
3.500e+01 ; 6.400e+00 ; 1.400e+00 ; 3.6513001e+01 ; 9.8303490e+01 
3.500e+01 ; 6.400e+00 ; 1.400e+00 ; 3.6800001e+01 ; 9.7832222e+01 
3.500e+01 ; 6.400e+00 ; 1.400e+00 ; 3.6800001e+01 ; 9.7832222e+01 
3.500e+01 ; 6.400e+00 ; 1.400e+00 ; 3.6801001e+01 ; 9.7830582e+01 
3.500e+01 ; 6.400e+00 ; 1.400e+00 ; 3.6802001e+01 ; 9.7828941e+01 
3.500e+01 ; 6.400e+00 ; 1.400e+00 ; 3.6803001e+01 ; 9.7827301e+01 
3.500e+01 ; 6.400e+00 ; 1.400e+00 ; 3.6805001e+01 ; 9.7824013e+01 
3.500e+01 ; 6.400e+00 ; 1.400e+00 ; 3.6809001e+01 ; 9.7817451e+01 
3.500e+01 ; 6.400e+00 ; 1.400e+00 ; 3.6817001e+01 ; 9.7804329e+01 
3.500e+01 ; 6.400e+00 ; 1.400e+00 ; 3.6833001e+01 ; 9.7778122e+01 
3.500e+01 ; 6.400e+00 ; 1.400e+00 ; 3.6865001e+01 ; 9.7725815e+01 
3.500e+01 ; 6.400e+00 ; 1.400e+00 ; 3.6929001e+01 ; 9.7621735e+01 
3.500e+01 ; 6.400e+00 ; 1.400e+00 ; 3.7057001e+01 ; 9.7415779e+01 
3.500e+01 ; 6.400e+00 ; 1.400e+00 ; 3.7313001e+01 ; 9.7013626e+01 
3.500e+01 ; 6.400e+00 ; 1.400e+00 ; 3.7600001e+01 ; 9.6575790e+01 
3.500e+01 ; 6.400e+00 ; 1.400e+00 ; 3.7600001e+01 ; 9.6575790e+01 
3.500e+01 ; 6.400e+00 ; 1.400e+00 ; 3.7601001e+01 ; 9.6574265e+01 
3.500e+01 ; 6.400e+00 ; 1.400e+00 ; 3.7602001e+01 ; 9.6572739e+01 
3.500e+01 ; 6.400e+00 ; 1.400e+00 ; 3.7603001e+01 ; 9.6571220e+01 
3.500e+01 ; 6.400e+00 ; 1.400e+00 ; 3.7605001e+01 ; 9.6568169e+01 
3.500e+01 ; 6.400e+00 ; 1.400e+00 ; 3.7609001e+01 ; 9.6562073e+01 
3.500e+01 ; 6.400e+00 ; 1.400e+00 ; 3.7617001e+01 ; 9.6549889e+01 
3.500e+01 ; 6.400e+00 ; 1.400e+00 ; 3.7633001e+01 ; 9.6525566e+01 
3.500e+01 ; 6.400e+00 ; 1.400e+00 ; 3.7665001e+01 ; 9.6477074e+01 
3.500e+01 ; 6.400e+00 ; 1.400e+00 ; 3.7729001e+01 ; 9.6380768e+01 
3.500e+01 ; 6.400e+00 ; 1.400e+00 ; 3.7857001e+01 ; 9.6190819e+01 
3.500e+01 ; 6.400e+00 ; 1.400e+00 ; 3.8113001e+01 ; 9.5821770e+01 
3.500e+01 ; 6.400e+00 ; 1.400e+00 ; 3.8400001e+01 ; 9.5421593e+01 
3.500e+01 ; 6.400e+00 ; 1.400e+00 ; 3.8400001e+01 ; 9.5421593e+01 
3.500e+01 ; 6.400e+00 ; 1.400e+00 ; 3.8401001e+01 ; 9.5420204e+01 
3.500e+01 ; 6.400e+00 ; 1.400e+00 ; 3.8402001e+01 ; 9.5418808e+01 
3.500e+01 ; 6.400e+00 ; 1.400e+00 ; 3.8403001e+01 ; 9.5417412e+01 
3.500e+01 ; 6.400e+00 ; 1.400e+00 ; 3.8405001e+01 ; 9.5414627e+01 
3.500e+01 ; 6.400e+00 ; 1.400e+00 ; 3.8409001e+01 ; 9.5409058e+01 
3.500e+01 ; 6.400e+00 ; 1.400e+00 ; 3.8417001e+01 ; 9.5397926e+01 
3.500e+01 ; 6.400e+00 ; 1.400e+00 ; 3.8433001e+01 ; 9.5375702e+01 
3.500e+01 ; 6.400e+00 ; 1.400e+00 ; 3.8465001e+01 ; 9.5331421e+01 
3.500e+01 ; 6.400e+00 ; 1.400e+00 ; 3.8529001e+01 ; 9.5243546e+01 
3.500e+01 ; 6.400e+00 ; 1.400e+00 ; 3.8657001e+01 ; 9.5070465e+01 
3.500e+01 ; 6.400e+00 ; 1.400e+00 ; 3.8913001e+01 ; 9.4734802e+01 
3.500e+01 ; 6.400e+00 ; 1.400e+00 ; 3.9200001e+01 ; 9.4371368e+01 
3.500e+01 ; 6.400e+00 ; 1.400e+00 ; 3.9200001e+01 ; 9.4371368e+01 
3.500e+01 ; 6.400e+00 ; 1.400e+00 ; 3.9201001e+01 ; 9.4370102e+01 
3.500e+01 ; 6.400e+00 ; 1.400e+00 ; 3.9202001e+01 ; 9.4368835e+01 
3.500e+01 ; 6.400e+00 ; 1.400e+00 ; 3.9203001e+01 ; 9.4367569e+01 
3.500e+01 ; 6.400e+00 ; 1.400e+00 ; 3.9205001e+01 ; 9.4365036e+01 
3.500e+01 ; 6.400e+00 ; 1.400e+00 ; 3.9209001e+01 ; 9.4359978e+01 
3.500e+01 ; 6.400e+00 ; 1.400e+00 ; 3.9217001e+01 ; 9.4349869e+01 
3.500e+01 ; 6.400e+00 ; 1.400e+00 ; 3.9233001e+01 ; 9.4329689e+01 
3.500e+01 ; 6.400e+00 ; 1.400e+00 ; 3.9265001e+01 ; 9.4289490e+01 
3.500e+01 ; 6.400e+00 ; 1.400e+00 ; 3.9329001e+01 ; 9.4209724e+01 
3.500e+01 ; 6.400e+00 ; 1.400e+00 ; 3.9457001e+01 ; 9.4052689e+01 
3.500e+01 ; 6.400e+00 ; 1.400e+00 ; 3.9713001e+01 ; 9.3748291e+01 
3.500e+01 ; 6.400e+00 ; 1.400e+00 ; 4.0000001e+01 ; 9.3418800e+01 
3.500e+01 ; 6.400e+00 ; 1.400e+00 ; 4.0000001e+01 ; 9.3418800e+01 
3.500e+01 ; 6.400e+00 ; 1.400e+00 ; 4.0001001e+01 ; 9.3417656e+01 
3.500e+01 ; 6.400e+00 ; 1.400e+00 ; 4.0002001e+01 ; 9.3416504e+01 
3.500e+01 ; 6.400e+00 ; 1.400e+00 ; 4.0003001e+01 ; 9.3415359e+01 
3.500e+01 ; 6.400e+00 ; 1.400e+00 ; 4.0005001e+01 ; 9.3413063e+01 
3.500e+01 ; 6.400e+00 ; 1.400e+00 ; 4.0009001e+01 ; 9.3408478e+01 
3.500e+01 ; 6.400e+00 ; 1.400e+00 ; 4.0017001e+01 ; 9.3399315e+01 
3.500e+01 ; 6.400e+00 ; 1.400e+00 ; 4.0033001e+01 ; 9.3381020e+01 
3.500e+01 ; 6.400e+00 ; 1.400e+00 ; 4.0065001e+01 ; 9.3344574e+01 
3.500e+01 ; 6.400e+00 ; 1.400e+00 ; 4.0129001e+01 ; 9.3272270e+01 
3.500e+01 ; 6.400e+00 ; 1.400e+00 ; 4.0257001e+01 ; 9.3129921e+01 
3.500e+01 ; 6.400e+00 ; 1.400e+00 ; 4.0513001e+01 ; 9.2854080e+01 
3.500e+01 ; 6.400e+00 ; 1.400e+00 ; 4.0800001e+01 ; 9.2555710e+01 
3.500e+01 ; 6.400e+00 ; 1.400e+00 ; 4.0800001e+01 ; 9.2555710e+01 
3.500e+01 ; 6.400e+00 ; 1.400e+00 ; 4.0801001e+01 ; 9.2554665e+01 
3.500e+01 ; 6.400e+00 ; 1.400e+00 ; 4.0802001e+01 ; 9.2553627e+01 
3.500e+01 ; 6.400e+00 ; 1.400e+00 ; 4.0803001e+01 ; 9.2552589e+01 
3.500e+01 ; 6.400e+00 ; 1.400e+00 ; 4.0805001e+01 ; 9.2550507e+01 
3.500e+01 ; 6.400e+00 ; 1.400e+00 ; 4.0809001e+01 ; 9.2546356e+01 
3.500e+01 ; 6.400e+00 ; 1.400e+00 ; 4.0817001e+01 ; 9.2538055e+01 
3.500e+01 ; 6.400e+00 ; 1.400e+00 ; 4.0833001e+01 ; 9.2521492e+01 
3.500e+01 ; 6.400e+00 ; 1.400e+00 ; 4.0865001e+01 ; 9.2488503e+01 
3.500e+01 ; 6.400e+00 ; 1.400e+00 ; 4.0929001e+01 ; 9.2423065e+01 
3.500e+01 ; 6.400e+00 ; 1.400e+00 ; 4.1057001e+01 ; 9.2294472e+01 
3.500e+01 ; 6.400e+00 ; 1.400e+00 ; 4.1313001e+01 ; 9.2046997e+01 
3.500e+01 ; 6.400e+00 ; 1.400e+00 ; 4.1600001e+01 ; 9.1782471e+01 
3.500e+01 ; 6.400e+00 ; 1.400e+00 ; 4.1600001e+01 ; 9.1782471e+01 
3.500e+01 ; 6.400e+00 ; 1.400e+00 ; 4.1601001e+01 ; 9.1781555e+01 
3.500e+01 ; 6.400e+00 ; 1.400e+00 ; 4.1602001e+01 ; 9.1780632e+01 
3.500e+01 ; 6.400e+00 ; 1.400e+00 ; 4.1603001e+01 ; 9.1779709e+01 
3.500e+01 ; 6.400e+00 ; 1.400e+00 ; 4.1605001e+01 ; 9.1777870e+01 
3.500e+01 ; 6.400e+00 ; 1.400e+00 ; 4.1609001e+01 ; 9.1774200e+01 
3.500e+01 ; 6.400e+00 ; 1.400e+00 ; 4.1617001e+01 ; 9.1766884e+01 
3.500e+01 ; 6.400e+00 ; 1.400e+00 ; 4.1633001e+01 ; 9.1752373e+01 
3.500e+01 ; 6.400e+00 ; 1.400e+00 ; 4.1665001e+01 ; 9.1723885e+01 
3.500e+01 ; 6.400e+00 ; 1.400e+00 ; 4.1729001e+01 ; 9.1669357e+01 
3.500e+01 ; 6.400e+00 ; 1.400e+00 ; 4.1857001e+01 ; 9.1571785e+01 
3.500e+01 ; 6.400e+00 ; 1.400e+00 ; 4.2113001e+01 ; 9.1425240e+01 
3.500e+01 ; 6.400e+00 ; 1.400e+00 ; 4.2400001e+01 ; 9.1315796e+01 
3.500e+01 ; 6.400e+00 ; 1.400e+00 ; 4.2400001e+01 ; 9.1315796e+01 
3.500e+01 ; 6.400e+00 ; 1.400e+00 ; 4.2401001e+01 ; 9.1315414e+01 
3.500e+01 ; 6.400e+00 ; 1.400e+00 ; 4.2402001e+01 ; 9.1315041e+01 
3.500e+01 ; 6.400e+00 ; 1.400e+00 ; 4.2403001e+01 ; 9.1314659e+01 
3.500e+01 ; 6.400e+00 ; 1.400e+00 ; 4.2405001e+01 ; 9.1313911e+01 
3.500e+01 ; 6.400e+00 ; 1.400e+00 ; 4.2409001e+01 ; 9.1312431e+01 
3.500e+01 ; 6.400e+00 ; 1.400e+00 ; 4.2417001e+01 ; 9.1309547e+01 
3.500e+01 ; 6.400e+00 ; 1.400e+00 ; 4.2433001e+01 ; 9.1304115e+01 
3.500e+01 ; 6.400e+00 ; 1.400e+00 ; 4.2465001e+01 ; 9.1294647e+01 
3.500e+01 ; 6.400e+00 ; 1.400e+00 ; 4.2529001e+01 ; 9.1281693e+01 
3.500e+01 ; 6.400e+00 ; 1.400e+00 ; 4.2657001e+01 ; 9.1281181e+01 
3.500e+01 ; 6.400e+00 ; 1.400e+00 ; 4.2913001e+01 ; 9.1376427e+01 
3.500e+01 ; 6.400e+00 ; 1.400e+00 ; 4.3200001e+01 ; 9.1580811e+01 
3.500e+01 ; 6.400e+00 ; 1.400e+00 ; 4.3200001e+01 ; 9.1580811e+01 
3.500e+01 ; 6.400e+00 ; 1.400e+00 ; 4.3201001e+01 ; 9.1581520e+01 
3.500e+01 ; 6.400e+00 ; 1.400e+00 ; 4.3202001e+01 ; 9.1582237e+01 
3.500e+01 ; 6.400e+00 ; 1.400e+00 ; 4.3203001e+01 ; 9.1582954e+01 
3.500e+01 ; 6.400e+00 ; 1.400e+00 ; 4.3205001e+01 ; 9.1584396e+01 
3.500e+01 ; 6.400e+00 ; 1.400e+00 ; 4.3209001e+01 ; 9.1587303e+01 
3.500e+01 ; 6.400e+00 ; 1.400e+00 ; 4.3217001e+01 ; 9.1593239e+01 
3.500e+01 ; 6.400e+00 ; 1.400e+00 ; 4.3233001e+01 ; 9.1605537e+01 
3.500e+01 ; 6.400e+00 ; 1.400e+00 ; 4.3265001e+01 ; 9.1631943e+01 
3.500e+01 ; 6.400e+00 ; 1.400e+00 ; 4.3329001e+01 ; 9.1691902e+01 
3.500e+01 ; 6.400e+00 ; 1.400e+00 ; 4.3457001e+01 ; 9.1839363e+01 
3.500e+01 ; 6.400e+00 ; 1.400e+00 ; 4.3713001e+01 ; 9.2225510e+01 
3.500e+01 ; 6.400e+00 ; 1.400e+00 ; 4.4000001e+01 ; 9.2738075e+01 
3.500e+01 ; 6.400e+00 ; 1.400e+00 ; 4.4000001e+01 ; 9.2738075e+01 
3.500e+01 ; 6.400e+00 ; 1.400e+00 ; 4.4001001e+01 ; 9.2739861e+01 
3.500e+01 ; 6.400e+00 ; 1.400e+00 ; 4.4002001e+01 ; 9.2741646e+01 
3.500e+01 ; 6.400e+00 ; 1.400e+00 ; 4.4003001e+01 ; 9.2743439e+01 
3.500e+01 ; 6.400e+00 ; 1.400e+00 ; 4.4005001e+01 ; 9.2747025e+01 
3.500e+01 ; 6.400e+00 ; 1.400e+00 ; 4.4009001e+01 ; 9.2754204e+01 
3.500e+01 ; 6.400e+00 ; 1.400e+00 ; 4.4017001e+01 ; 9.2768654e+01 
3.500e+01 ; 6.400e+00 ; 1.400e+00 ; 4.4033001e+01 ; 9.2797821e+01 
3.500e+01 ; 6.400e+00 ; 1.400e+00 ; 4.4065001e+01 ; 9.2857231e+01 
3.500e+01 ; 6.400e+00 ; 1.400e+00 ; 4.4129001e+01 ; 9.2979866e+01 
3.500e+01 ; 6.400e+00 ; 1.400e+00 ; 4.4257001e+01 ; 9.3237022e+01 
3.500e+01 ; 6.400e+00 ; 1.400e+00 ; 4.4513001e+01 ; 9.3775642e+01 
3.500e+01 ; 6.400e+00 ; 1.400e+00 ; 4.4800001e+01 ; 9.4382996e+01 
3.500e+01 ; 6.400e+00 ; 1.400e+00 ; 4.4800001e+01 ; 9.4382996e+01 
3.500e+01 ; 6.400e+00 ; 1.400e+00 ; 4.4801001e+01 ; 9.4385109e+01 
3.500e+01 ; 6.400e+00 ; 1.400e+00 ; 4.4802001e+01 ; 9.4387222e+01 
3.500e+01 ; 6.400e+00 ; 1.400e+00 ; 4.4803001e+01 ; 9.4389343e+01 
3.500e+01 ; 6.400e+00 ; 1.400e+00 ; 4.4805001e+01 ; 9.4393578e+01 
3.500e+01 ; 6.400e+00 ; 1.400e+00 ; 4.4809001e+01 ; 9.4402039e+01 
3.500e+01 ; 6.400e+00 ; 1.400e+00 ; 4.4817001e+01 ; 9.4418976e+01 
3.500e+01 ; 6.400e+00 ; 1.400e+00 ; 4.4833001e+01 ; 9.4452835e+01 
3.500e+01 ; 6.400e+00 ; 1.400e+00 ; 4.4865001e+01 ; 9.4520508e+01 
3.500e+01 ; 6.400e+00 ; 1.400e+00 ; 4.4929001e+01 ; 9.4655258e+01 
3.500e+01 ; 6.400e+00 ; 1.400e+00 ; 4.5057001e+01 ; 9.4920135e+01 
3.500e+01 ; 6.400e+00 ; 1.400e+00 ; 4.5313001e+01 ; 9.5419388e+01 
3.500e+01 ; 6.400e+00 ; 1.400e+00 ; 4.5600001e+01 ; 9.5930779e+01 
3.500e+01 ; 6.400e+00 ; 1.400e+00 ; 4.5600001e+01 ; 9.5930779e+01 
3.500e+01 ; 6.400e+00 ; 1.400e+00 ; 4.5601001e+01 ; 9.5932564e+01 
3.500e+01 ; 6.400e+00 ; 1.400e+00 ; 4.5602001e+01 ; 9.5934341e+01 
3.500e+01 ; 6.400e+00 ; 1.400e+00 ; 4.5603001e+01 ; 9.5936119e+01 
3.500e+01 ; 6.400e+00 ; 1.400e+00 ; 4.5605001e+01 ; 9.5939682e+01 
3.500e+01 ; 6.400e+00 ; 1.400e+00 ; 4.5609001e+01 ; 9.5946785e+01 
3.500e+01 ; 6.400e+00 ; 1.400e+00 ; 4.5617001e+01 ; 9.5960960e+01 
3.500e+01 ; 6.400e+00 ; 1.400e+00 ; 4.5633001e+01 ; 9.5989159e+01 
3.500e+01 ; 6.400e+00 ; 1.400e+00 ; 4.5665001e+01 ; 9.6044922e+01 
3.500e+01 ; 6.400e+00 ; 1.400e+00 ; 4.5729001e+01 ; 9.6153862e+01 
3.500e+01 ; 6.400e+00 ; 1.400e+00 ; 4.5857001e+01 ; 9.6360962e+01 
3.500e+01 ; 6.400e+00 ; 1.400e+00 ; 4.6113001e+01 ; 9.6730583e+01 
3.500e+01 ; 6.400e+00 ; 1.400e+00 ; 4.6400001e+01 ; 9.7089394e+01 
3.500e+01 ; 6.400e+00 ; 1.400e+00 ; 4.6400001e+01 ; 9.7089394e+01 
3.500e+01 ; 6.400e+00 ; 1.400e+00 ; 4.6401001e+01 ; 9.7090637e+01 
3.500e+01 ; 6.400e+00 ; 1.400e+00 ; 4.6402001e+01 ; 9.7091888e+01 
3.500e+01 ; 6.400e+00 ; 1.400e+00 ; 4.6403001e+01 ; 9.7093140e+01 
3.500e+01 ; 6.400e+00 ; 1.400e+00 ; 4.6405001e+01 ; 9.7095634e+01 
3.500e+01 ; 6.400e+00 ; 1.400e+00 ; 4.6409001e+01 ; 9.7100609e+01 
3.500e+01 ; 6.400e+00 ; 1.400e+00 ; 4.6417001e+01 ; 9.7110519e+01 
3.500e+01 ; 6.400e+00 ; 1.400e+00 ; 4.6433001e+01 ; 9.7130165e+01 
3.500e+01 ; 6.400e+00 ; 1.400e+00 ; 4.6465001e+01 ; 9.7168770e+01 
3.500e+01 ; 6.400e+00 ; 1.400e+00 ; 4.6529001e+01 ; 9.7243240e+01 
3.500e+01 ; 6.400e+00 ; 1.400e+00 ; 4.6657001e+01 ; 9.7381416e+01 
3.500e+01 ; 6.400e+00 ; 1.400e+00 ; 4.6913001e+01 ; 9.7616806e+01 
3.500e+01 ; 6.400e+00 ; 1.400e+00 ; 4.7200001e+01 ; 9.7832863e+01 
3.500e+01 ; 6.400e+00 ; 1.400e+00 ; 4.7200001e+01 ; 9.7832863e+01 
3.500e+01 ; 6.400e+00 ; 1.400e+00 ; 4.7201001e+01 ; 9.7833618e+01 
3.500e+01 ; 6.400e+00 ; 1.400e+00 ; 4.7202001e+01 ; 9.7834373e+01 
3.500e+01 ; 6.400e+00 ; 1.400e+00 ; 4.7203001e+01 ; 9.7835121e+01 
3.500e+01 ; 6.400e+00 ; 1.400e+00 ; 4.7205001e+01 ; 9.7836624e+01 
3.500e+01 ; 6.400e+00 ; 1.400e+00 ; 4.7209001e+01 ; 9.7839615e+01 
3.500e+01 ; 6.400e+00 ; 1.400e+00 ; 4.7217001e+01 ; 9.7845558e+01 
3.500e+01 ; 6.400e+00 ; 1.400e+00 ; 4.7233001e+01 ; 9.7857292e+01 
3.500e+01 ; 6.400e+00 ; 1.400e+00 ; 4.7265001e+01 ; 9.7880188e+01 
3.500e+01 ; 6.400e+00 ; 1.400e+00 ; 4.7329001e+01 ; 9.7923691e+01 
3.500e+01 ; 6.400e+00 ; 1.400e+00 ; 4.7457001e+01 ; 9.8001854e+01 
3.500e+01 ; 6.400e+00 ; 1.400e+00 ; 4.7713001e+01 ; 9.8125740e+01 
3.500e+01 ; 6.400e+00 ; 1.400e+00 ; 4.8000001e+01 ; 9.8227814e+01 
3.500e+01 ; 6.400e+00 ; 1.400e+00 ; 4.8000001e+01 ; 9.8227814e+01 
3.500e+01 ; 6.400e+00 ; 1.400e+00 ; 4.8001001e+01 ; 9.8228172e+01 
3.500e+01 ; 6.400e+00 ; 1.400e+00 ; 4.8002001e+01 ; 9.8228523e+01 
3.500e+01 ; 6.400e+00 ; 1.400e+00 ; 4.8003001e+01 ; 9.8228882e+01 
3.500e+01 ; 6.400e+00 ; 1.400e+00 ; 4.8005001e+01 ; 9.8229584e+01 
3.500e+01 ; 6.400e+00 ; 1.400e+00 ; 4.8009001e+01 ; 9.8230995e+01 
3.500e+01 ; 6.400e+00 ; 1.400e+00 ; 4.8017001e+01 ; 9.8233780e+01 
3.500e+01 ; 6.400e+00 ; 1.400e+00 ; 4.8033001e+01 ; 9.8239235e+01 
3.500e+01 ; 6.400e+00 ; 1.400e+00 ; 4.8065001e+01 ; 9.8249702e+01 
3.500e+01 ; 6.400e+00 ; 1.400e+00 ; 4.8129001e+01 ; 9.8268890e+01 
3.500e+01 ; 6.400e+00 ; 1.400e+00 ; 4.8257001e+01 ; 9.8300652e+01 
3.500e+01 ; 6.400e+00 ; 1.400e+00 ; 4.8513001e+01 ; 9.8340240e+01 
3.500e+01 ; 6.400e+00 ; 1.400e+00 ; 4.8800001e+01 ; 9.8357948e+01 
3.500e+01 ; 6.400e+00 ; 1.400e+00 ; 4.8800001e+01 ; 9.8357948e+01 
3.500e+01 ; 6.400e+00 ; 1.400e+00 ; 4.8801001e+01 ; 9.8358009e+01 
3.500e+01 ; 6.400e+00 ; 1.400e+00 ; 4.8802001e+01 ; 9.8358070e+01 
3.500e+01 ; 6.400e+00 ; 1.400e+00 ; 4.8803001e+01 ; 9.8358131e+01 
3.500e+01 ; 6.400e+00 ; 1.400e+00 ; 4.8805001e+01 ; 9.8358246e+01 
3.500e+01 ; 6.400e+00 ; 1.400e+00 ; 4.8809001e+01 ; 9.8358482e+01 
3.500e+01 ; 6.400e+00 ; 1.400e+00 ; 4.8817001e+01 ; 9.8358932e+01 
3.500e+01 ; 6.400e+00 ; 1.400e+00 ; 4.8833001e+01 ; 9.8359749e+01 
3.500e+01 ; 6.400e+00 ; 1.400e+00 ; 4.8865001e+01 ; 9.8361069e+01 
3.500e+01 ; 6.400e+00 ; 1.400e+00 ; 4.8929001e+01 ; 9.8362442e+01 
3.500e+01 ; 6.400e+00 ; 1.400e+00 ; 4.9057001e+01 ; 9.8360458e+01 
3.500e+01 ; 6.400e+00 ; 1.400e+00 ; 4.9313001e+01 ; 9.8339607e+01 
3.500e+01 ; 6.400e+00 ; 1.400e+00 ; 4.9600001e+01 ; 9.8297653e+01 
3.500e+01 ; 6.400e+00 ; 1.400e+00 ; 4.9600001e+01 ; 9.8297653e+01 
3.500e+01 ; 6.400e+00 ; 1.400e+00 ; 4.9601001e+01 ; 9.8297501e+01 
3.500e+01 ; 6.400e+00 ; 1.400e+00 ; 4.9602001e+01 ; 9.8297356e+01 
3.500e+01 ; 6.400e+00 ; 1.400e+00 ; 4.9603001e+01 ; 9.8297211e+01 
3.500e+01 ; 6.400e+00 ; 1.400e+00 ; 4.9605001e+01 ; 9.8296913e+01 
3.500e+01 ; 6.400e+00 ; 1.400e+00 ; 4.9609001e+01 ; 9.8296326e+01 
3.500e+01 ; 6.400e+00 ; 1.400e+00 ; 4.9617001e+01 ; 9.8295120e+01 
3.500e+01 ; 6.400e+00 ; 1.400e+00 ; 4.9633001e+01 ; 9.8292664e+01 
3.500e+01 ; 6.400e+00 ; 1.400e+00 ; 4.9665001e+01 ; 9.8287529e+01 
3.500e+01 ; 6.400e+00 ; 1.400e+00 ; 4.9729001e+01 ; 9.8276382e+01 
3.500e+01 ; 6.400e+00 ; 1.400e+00 ; 4.9857001e+01 ; 9.8250832e+01 
3.500e+01 ; 6.400e+00 ; 1.400e+00 ; 5.0113001e+01 ; 9.8188232e+01 
3.500e+01 ; 6.400e+00 ; 1.400e+00 ; 5.0400001e+01 ; 9.8105507e+01 
3.500e+01 ; 6.400e+00 ; 1.400e+00 ; 5.0400001e+01 ; 9.8105507e+01 
3.500e+01 ; 6.400e+00 ; 1.400e+00 ; 5.0401001e+01 ; 9.8105225e+01 
3.500e+01 ; 6.400e+00 ; 1.400e+00 ; 5.0402001e+01 ; 9.8104935e+01 
3.500e+01 ; 6.400e+00 ; 1.400e+00 ; 5.0403001e+01 ; 9.8104645e+01 
3.500e+01 ; 6.400e+00 ; 1.400e+00 ; 5.0405001e+01 ; 9.8104065e+01 
3.500e+01 ; 6.400e+00 ; 1.400e+00 ; 5.0409001e+01 ; 9.8102905e+01 
3.500e+01 ; 6.400e+00 ; 1.400e+00 ; 5.0417001e+01 ; 9.8100586e+01 
3.500e+01 ; 6.400e+00 ; 1.400e+00 ; 5.0433001e+01 ; 9.8095894e+01 
3.500e+01 ; 6.400e+00 ; 1.400e+00 ; 5.0465001e+01 ; 9.8086357e+01 
3.500e+01 ; 6.400e+00 ; 1.400e+00 ; 5.0529001e+01 ; 9.8066711e+01 
3.500e+01 ; 6.400e+00 ; 1.400e+00 ; 5.0657001e+01 ; 9.8025246e+01 
3.500e+01 ; 6.400e+00 ; 1.400e+00 ; 5.0913001e+01 ; 9.7934738e+01 
3.500e+01 ; 6.400e+00 ; 1.400e+00 ; 5.1200001e+01 ; 9.7825119e+01 
3.500e+01 ; 6.400e+00 ; 1.400e+00 ; 5.1200001e+01 ; 9.7825119e+01 
3.500e+01 ; 6.400e+00 ; 1.400e+00 ; 5.1201001e+01 ; 9.7824738e+01 
3.500e+01 ; 6.400e+00 ; 1.400e+00 ; 5.1202001e+01 ; 9.7824356e+01 
3.500e+01 ; 6.400e+00 ; 1.400e+00 ; 5.1203001e+01 ; 9.7823975e+01 
3.500e+01 ; 6.400e+00 ; 1.400e+00 ; 5.1205001e+01 ; 9.7823212e+01 
3.500e+01 ; 6.400e+00 ; 1.400e+00 ; 5.1209001e+01 ; 9.7821678e+01 
3.500e+01 ; 6.400e+00 ; 1.400e+00 ; 5.1217001e+01 ; 9.7818611e+01 
3.500e+01 ; 6.400e+00 ; 1.400e+00 ; 5.1233001e+01 ; 9.7812447e+01 
3.500e+01 ; 6.400e+00 ; 1.400e+00 ; 5.1265001e+01 ; 9.7800026e+01 
3.500e+01 ; 6.400e+00 ; 1.400e+00 ; 5.1329001e+01 ; 9.7774803e+01 
3.500e+01 ; 6.400e+00 ; 1.400e+00 ; 5.1457001e+01 ; 9.7722977e+01 
3.500e+01 ; 6.400e+00 ; 1.400e+00 ; 5.1713001e+01 ; 9.7614555e+01 
3.500e+01 ; 6.400e+00 ; 1.400e+00 ; 5.2000001e+01 ; 9.7487999e+01 
3.500e+01 ; 6.400e+00 ; 1.400e+00 ; 5.2000001e+01 ; 9.7487999e+01 
3.500e+01 ; 6.400e+00 ; 1.400e+00 ; 5.2001001e+01 ; 9.7487556e+01 
3.500e+01 ; 6.400e+00 ; 1.400e+00 ; 5.2002001e+01 ; 9.7487114e+01 
3.500e+01 ; 6.400e+00 ; 1.400e+00 ; 5.2003001e+01 ; 9.7486671e+01 
3.500e+01 ; 6.400e+00 ; 1.400e+00 ; 5.2005001e+01 ; 9.7485794e+01 
3.500e+01 ; 6.400e+00 ; 1.400e+00 ; 5.2009001e+01 ; 9.7484024e+01 
3.500e+01 ; 6.400e+00 ; 1.400e+00 ; 5.2017001e+01 ; 9.7480492e+01 
3.500e+01 ; 6.400e+00 ; 1.400e+00 ; 5.2033001e+01 ; 9.7473404e+01 
3.500e+01 ; 6.400e+00 ; 1.400e+00 ; 5.2065001e+01 ; 9.7459167e+01 
3.500e+01 ; 6.400e+00 ; 1.400e+00 ; 5.2129001e+01 ; 9.7430473e+01 
3.500e+01 ; 6.400e+00 ; 1.400e+00 ; 5.2257001e+01 ; 9.7372261e+01 
3.500e+01 ; 6.400e+00 ; 1.400e+00 ; 5.2513001e+01 ; 9.7253120e+01 
3.500e+01 ; 6.400e+00 ; 1.400e+00 ; 5.2800001e+01 ; 9.7116928e+01 
3.500e+01 ; 6.400e+00 ; 1.400e+00 ; 5.2800001e+01 ; 9.7116928e+01 
3.500e+01 ; 6.400e+00 ; 1.400e+00 ; 5.2801001e+01 ; 9.7116447e+01 
3.500e+01 ; 6.400e+00 ; 1.400e+00 ; 5.2802001e+01 ; 9.7115974e+01 
3.500e+01 ; 6.400e+00 ; 1.400e+00 ; 5.2803001e+01 ; 9.7115501e+01 
3.500e+01 ; 6.400e+00 ; 1.400e+00 ; 5.2805001e+01 ; 9.7114548e+01 
3.500e+01 ; 6.400e+00 ; 1.400e+00 ; 5.2809001e+01 ; 9.7112656e+01 
3.500e+01 ; 6.400e+00 ; 1.400e+00 ; 5.2817001e+01 ; 9.7108849e+01 
3.500e+01 ; 6.400e+00 ; 1.400e+00 ; 5.2833001e+01 ; 9.7101242e+01 
3.500e+01 ; 6.400e+00 ; 1.400e+00 ; 5.2865001e+01 ; 9.7085999e+01 
3.500e+01 ; 6.400e+00 ; 1.400e+00 ; 5.2929001e+01 ; 9.7055397e+01 
3.500e+01 ; 6.400e+00 ; 1.400e+00 ; 5.3057001e+01 ; 9.6993942e+01 
3.500e+01 ; 6.400e+00 ; 1.400e+00 ; 5.3313001e+01 ; 9.6871002e+01 
3.500e+01 ; 6.400e+00 ; 1.400e+00 ; 5.3600001e+01 ; 9.6734413e+01 
3.500e+01 ; 6.400e+00 ; 1.400e+00 ; 5.3600001e+01 ; 9.6734413e+01 
3.500e+01 ; 6.400e+00 ; 1.400e+00 ; 5.3601001e+01 ; 9.6733932e+01 
3.500e+01 ; 6.400e+00 ; 1.400e+00 ; 5.3602001e+01 ; 9.6733459e+01 
3.500e+01 ; 6.400e+00 ; 1.400e+00 ; 5.3603001e+01 ; 9.6732979e+01 
3.500e+01 ; 6.400e+00 ; 1.400e+00 ; 5.3605001e+01 ; 9.6732033e+01 
3.500e+01 ; 6.400e+00 ; 1.400e+00 ; 5.3609001e+01 ; 9.6730125e+01 
3.500e+01 ; 6.400e+00 ; 1.400e+00 ; 5.3617001e+01 ; 9.6726326e+01 
3.500e+01 ; 6.400e+00 ; 1.400e+00 ; 5.3633001e+01 ; 9.6718719e+01 
3.500e+01 ; 6.400e+00 ; 1.400e+00 ; 5.3665001e+01 ; 9.6703529e+01 
3.500e+01 ; 6.400e+00 ; 1.400e+00 ; 5.3729001e+01 ; 9.6673286e+01 
3.500e+01 ; 6.400e+00 ; 1.400e+00 ; 5.3857001e+01 ; 9.6613625e+01 
3.500e+01 ; 6.400e+00 ; 1.400e+00 ; 5.4113001e+01 ; 9.6499893e+01 
3.500e+01 ; 6.400e+00 ; 1.400e+00 ; 5.4400001e+01 ; 9.6381760e+01 
3.500e+01 ; 6.400e+00 ; 1.400e+00 ; 5.4400001e+01 ; 9.6381760e+01 
3.500e+01 ; 6.400e+00 ; 1.400e+00 ; 5.4401001e+01 ; 9.6381348e+01 
3.500e+01 ; 6.400e+00 ; 1.400e+00 ; 5.4402001e+01 ; 9.6380936e+01 
3.500e+01 ; 6.400e+00 ; 1.400e+00 ; 5.4403001e+01 ; 9.6380524e+01 
3.500e+01 ; 6.400e+00 ; 1.400e+00 ; 5.4405001e+01 ; 9.6379700e+01 
3.500e+01 ; 6.400e+00 ; 1.400e+00 ; 5.4409001e+01 ; 9.6378059e+01 
3.500e+01 ; 6.400e+00 ; 1.400e+00 ; 5.4417001e+01 ; 9.6374786e+01 
3.500e+01 ; 6.400e+00 ; 1.400e+00 ; 5.4433001e+01 ; 9.6368256e+01 
3.500e+01 ; 6.400e+00 ; 1.400e+00 ; 5.4465001e+01 ; 9.6355339e+01 
3.500e+01 ; 6.400e+00 ; 1.400e+00 ; 5.4529001e+01 ; 9.6330086e+01 
3.500e+01 ; 6.400e+00 ; 1.400e+00 ; 5.4657001e+01 ; 9.6282364e+01 
3.500e+01 ; 6.400e+00 ; 1.400e+00 ; 5.4913001e+01 ; 9.6201141e+01 
3.500e+01 ; 6.400e+00 ; 1.400e+00 ; 5.5200001e+01 ; 9.6130554e+01 
3.500e+01 ; 6.400e+00 ; 1.400e+00 ; 5.5200001e+01 ; 9.6130554e+01 
3.500e+01 ; 6.400e+00 ; 1.400e+00 ; 5.5201001e+01 ; 9.6130302e+01 
3.500e+01 ; 6.400e+00 ; 1.400e+00 ; 5.5202001e+01 ; 9.6130058e+01 
3.500e+01 ; 6.400e+00 ; 1.400e+00 ; 5.5203001e+01 ; 9.6129814e+01 
3.500e+01 ; 6.400e+00 ; 1.400e+00 ; 5.5205001e+01 ; 9.6129326e+01 
3.500e+01 ; 6.400e+00 ; 1.400e+00 ; 5.5209001e+01 ; 9.6128349e+01 
3.500e+01 ; 6.400e+00 ; 1.400e+00 ; 5.5217001e+01 ; 9.6126419e+01 
3.500e+01 ; 6.400e+00 ; 1.400e+00 ; 5.5233001e+01 ; 9.6122612e+01 
3.500e+01 ; 6.400e+00 ; 1.400e+00 ; 5.5265001e+01 ; 9.6115280e+01 
3.500e+01 ; 6.400e+00 ; 1.400e+00 ; 5.5329001e+01 ; 9.6101738e+01 
3.500e+01 ; 6.400e+00 ; 1.400e+00 ; 5.5457001e+01 ; 9.6079506e+01 
3.500e+01 ; 6.400e+00 ; 1.400e+00 ; 5.5713001e+01 ; 9.6056381e+01 
3.500e+01 ; 6.400e+00 ; 1.400e+00 ; 5.6000001e+01 ; 9.6057922e+01 
3.500e+01 ; 6.400e+00 ; 1.400e+00 ; 5.6000001e+01 ; 9.6057922e+01 
3.500e+01 ; 6.400e+00 ; 1.400e+00 ; 5.6001001e+01 ; 9.6057930e+01 
3.500e+01 ; 6.400e+00 ; 1.400e+00 ; 5.6002001e+01 ; 9.6057938e+01 
3.500e+01 ; 6.400e+00 ; 1.400e+00 ; 5.6003001e+01 ; 9.6057945e+01 
3.500e+01 ; 6.400e+00 ; 1.400e+00 ; 5.6005001e+01 ; 9.6057953e+01 
3.500e+01 ; 6.400e+00 ; 1.400e+00 ; 5.6009001e+01 ; 9.6057991e+01 
3.500e+01 ; 6.400e+00 ; 1.400e+00 ; 5.6017001e+01 ; 9.6058075e+01 
3.500e+01 ; 6.400e+00 ; 1.400e+00 ; 5.6033001e+01 ; 9.6058342e+01 
3.500e+01 ; 6.400e+00 ; 1.400e+00 ; 5.6065001e+01 ; 9.6059212e+01 
3.500e+01 ; 6.400e+00 ; 1.400e+00 ; 5.6129001e+01 ; 9.6062355e+01 
3.500e+01 ; 6.400e+00 ; 1.400e+00 ; 5.6257001e+01 ; 9.6074249e+01 
3.500e+01 ; 6.400e+00 ; 1.400e+00 ; 5.6513001e+01 ; 9.6119751e+01 
3.500e+01 ; 6.400e+00 ; 1.400e+00 ; 5.6800001e+01 ; 9.6195793e+01 
3.500e+01 ; 6.400e+00 ; 1.400e+00 ; 5.6800001e+01 ; 9.6195793e+01 
3.500e+01 ; 6.400e+00 ; 1.400e+00 ; 5.6801001e+01 ; 9.6196060e+01 
3.500e+01 ; 6.400e+00 ; 1.400e+00 ; 5.6802001e+01 ; 9.6196327e+01 
3.500e+01 ; 6.400e+00 ; 1.400e+00 ; 5.6803001e+01 ; 9.6196587e+01 
3.500e+01 ; 6.400e+00 ; 1.400e+00 ; 5.6805001e+01 ; 9.6197121e+01 
3.500e+01 ; 6.400e+00 ; 1.400e+00 ; 5.6809001e+01 ; 9.6198196e+01 
3.500e+01 ; 6.400e+00 ; 1.400e+00 ; 5.6817001e+01 ; 9.6200356e+01 
3.500e+01 ; 6.400e+00 ; 1.400e+00 ; 5.6833001e+01 ; 9.6204750e+01 
3.500e+01 ; 6.400e+00 ; 1.400e+00 ; 5.6865001e+01 ; 9.6213852e+01 
3.500e+01 ; 6.400e+00 ; 1.400e+00 ; 5.6929001e+01 ; 9.6233246e+01 
3.500e+01 ; 6.400e+00 ; 1.400e+00 ; 5.7057001e+01 ; 9.6276520e+01 
3.500e+01 ; 6.400e+00 ; 1.400e+00 ; 5.7313001e+01 ; 9.6378380e+01 
3.500e+01 ; 6.400e+00 ; 1.400e+00 ; 5.7600001e+01 ; 9.6507919e+01 
3.500e+01 ; 6.400e+00 ; 1.400e+00 ; 5.7600001e+01 ; 9.6507919e+01 
3.500e+01 ; 6.400e+00 ; 1.400e+00 ; 5.7601001e+01 ; 9.6508369e+01 
3.500e+01 ; 6.400e+00 ; 1.400e+00 ; 5.7602001e+01 ; 9.6508820e+01 
3.500e+01 ; 6.400e+00 ; 1.400e+00 ; 5.7603001e+01 ; 9.6509277e+01 
3.500e+01 ; 6.400e+00 ; 1.400e+00 ; 5.7605001e+01 ; 9.6510178e+01 
3.500e+01 ; 6.400e+00 ; 1.400e+00 ; 5.7609001e+01 ; 9.6511993e+01 
3.500e+01 ; 6.400e+00 ; 1.400e+00 ; 5.7617001e+01 ; 9.6515625e+01 
3.500e+01 ; 6.400e+00 ; 1.400e+00 ; 5.7633001e+01 ; 9.6522942e+01 
3.500e+01 ; 6.400e+00 ; 1.400e+00 ; 5.7665001e+01 ; 9.6537758e+01 
3.500e+01 ; 6.400e+00 ; 1.400e+00 ; 5.7729001e+01 ; 9.6568069e+01 
3.500e+01 ; 6.400e+00 ; 1.400e+00 ; 5.7857001e+01 ; 9.6631012e+01 
3.500e+01 ; 6.400e+00 ; 1.400e+00 ; 5.8113001e+01 ; 9.6763451e+01 
3.500e+01 ; 6.400e+00 ; 1.400e+00 ; 5.8400001e+01 ; 9.6916611e+01 
3.500e+01 ; 6.400e+00 ; 1.400e+00 ; 5.8400001e+01 ; 9.6916611e+01 
3.500e+01 ; 6.400e+00 ; 1.400e+00 ; 5.8401001e+01 ; 9.6917145e+01 
3.500e+01 ; 6.400e+00 ; 1.400e+00 ; 5.8402001e+01 ; 9.6917679e+01 
3.500e+01 ; 6.400e+00 ; 1.400e+00 ; 5.8403001e+01 ; 9.6918213e+01 
3.500e+01 ; 6.400e+00 ; 1.400e+00 ; 5.8405001e+01 ; 9.6919281e+01 
3.500e+01 ; 6.400e+00 ; 1.400e+00 ; 5.8409001e+01 ; 9.6921417e+01 
3.500e+01 ; 6.400e+00 ; 1.400e+00 ; 5.8417001e+01 ; 9.6925697e+01 
3.500e+01 ; 6.400e+00 ; 1.400e+00 ; 5.8433001e+01 ; 9.6934265e+01 
3.500e+01 ; 6.400e+00 ; 1.400e+00 ; 5.8465001e+01 ; 9.6951447e+01 
3.500e+01 ; 6.400e+00 ; 1.400e+00 ; 5.8529001e+01 ; 9.6985962e+01 
3.500e+01 ; 6.400e+00 ; 1.400e+00 ; 5.8657001e+01 ; 9.7055344e+01 
3.500e+01 ; 6.400e+00 ; 1.400e+00 ; 5.8913001e+01 ; 9.7193474e+01 
3.500e+01 ; 6.400e+00 ; 1.400e+00 ; 5.9200001e+01 ; 9.7345200e+01 
3.500e+01 ; 6.400e+00 ; 1.400e+00 ; 5.9200001e+01 ; 9.7345200e+01 
3.500e+01 ; 6.400e+00 ; 1.400e+00 ; 5.9201001e+01 ; 9.7345734e+01 
3.500e+01 ; 6.400e+00 ; 1.400e+00 ; 5.9202001e+01 ; 9.7346260e+01 
3.500e+01 ; 6.400e+00 ; 1.400e+00 ; 5.9203001e+01 ; 9.7346786e+01 
3.500e+01 ; 6.400e+00 ; 1.400e+00 ; 5.9205001e+01 ; 9.7347847e+01 
3.500e+01 ; 6.400e+00 ; 1.400e+00 ; 5.9209001e+01 ; 9.7349960e+01 
3.500e+01 ; 6.400e+00 ; 1.400e+00 ; 5.9217001e+01 ; 9.7354179e+01 
3.500e+01 ; 6.400e+00 ; 1.400e+00 ; 5.9233001e+01 ; 9.7362617e+01 
3.500e+01 ; 6.400e+00 ; 1.400e+00 ; 5.9265001e+01 ; 9.7379448e+01 
3.500e+01 ; 6.400e+00 ; 1.400e+00 ; 5.9329001e+01 ; 9.7412903e+01 
3.500e+01 ; 6.400e+00 ; 1.400e+00 ; 5.9457001e+01 ; 9.7478821e+01 
3.500e+01 ; 6.400e+00 ; 1.400e+00 ; 5.9713001e+01 ; 9.7605553e+01 
3.500e+01 ; 6.400e+00 ; 1.400e+00 ; 6.0000001e+01 ; 9.7739990e+01 
3.500e+01 ; 6.400e+00 ; 1.400e+00 ; 6.0000001e+01 ; 9.7739990e+01 
3.500e+01 ; 6.400e+00 ; 1.400e+00 ; 6.0001001e+01 ; 9.7740463e+01 
3.500e+01 ; 6.400e+00 ; 1.400e+00 ; 6.0002001e+01 ; 9.7740929e+01 
3.500e+01 ; 6.400e+00 ; 1.400e+00 ; 6.0003001e+01 ; 9.7741394e+01 
3.500e+01 ; 6.400e+00 ; 1.400e+00 ; 6.0005001e+01 ; 9.7742332e+01 
3.500e+01 ; 6.400e+00 ; 1.400e+00 ; 6.0009001e+01 ; 9.7744202e+01 
3.500e+01 ; 6.400e+00 ; 1.400e+00 ; 6.0017001e+01 ; 9.7747940e+01 
3.500e+01 ; 6.400e+00 ; 1.400e+00 ; 6.0033001e+01 ; 9.7755379e+01 
3.500e+01 ; 6.400e+00 ; 1.400e+00 ; 6.0065001e+01 ; 9.7770172e+01 
3.500e+01 ; 6.400e+00 ; 1.400e+00 ; 6.0129001e+01 ; 9.7799355e+01 
3.500e+01 ; 6.400e+00 ; 1.400e+00 ; 6.0257001e+01 ; 9.7856010e+01 
3.500e+01 ; 6.400e+00 ; 1.400e+00 ; 6.0513001e+01 ; 9.7962021e+01 
3.500e+01 ; 6.400e+00 ; 1.400e+00 ; 6.0800001e+01 ; 9.8071251e+01 
3.500e+01 ; 6.400e+00 ; 1.400e+00 ; 6.0800001e+01 ; 9.8071251e+01 
3.500e+01 ; 6.400e+00 ; 1.400e+00 ; 6.0801001e+01 ; 9.8071632e+01 
3.500e+01 ; 6.400e+00 ; 1.400e+00 ; 6.0802001e+01 ; 9.8072014e+01 
3.500e+01 ; 6.400e+00 ; 1.400e+00 ; 6.0803001e+01 ; 9.8072388e+01 
3.500e+01 ; 6.400e+00 ; 1.400e+00 ; 6.0805001e+01 ; 9.8073151e+01 
3.500e+01 ; 6.400e+00 ; 1.400e+00 ; 6.0809001e+01 ; 9.8074669e+01 
3.500e+01 ; 6.400e+00 ; 1.400e+00 ; 6.0817001e+01 ; 9.8077698e+01 
3.500e+01 ; 6.400e+00 ; 1.400e+00 ; 6.0833001e+01 ; 9.8083725e+01 
3.500e+01 ; 6.400e+00 ; 1.400e+00 ; 6.0865001e+01 ; 9.8095657e+01 
3.500e+01 ; 6.400e+00 ; 1.400e+00 ; 6.0929001e+01 ; 9.8119041e+01 
3.500e+01 ; 6.400e+00 ; 1.400e+00 ; 6.1057001e+01 ; 9.8163834e+01 
3.500e+01 ; 6.400e+00 ; 1.400e+00 ; 6.1313001e+01 ; 9.8245453e+01 
3.500e+01 ; 6.400e+00 ; 1.400e+00 ; 6.1600001e+01 ; 9.8326973e+01 
3.500e+01 ; 6.400e+00 ; 1.400e+00 ; 6.1600001e+01 ; 9.8326973e+01 
3.500e+01 ; 6.400e+00 ; 1.400e+00 ; 6.1601001e+01 ; 9.8327263e+01 
3.500e+01 ; 6.400e+00 ; 1.400e+00 ; 6.1602001e+01 ; 9.8327545e+01 
3.500e+01 ; 6.400e+00 ; 1.400e+00 ; 6.1603001e+01 ; 9.8327827e+01 
3.500e+01 ; 6.400e+00 ; 1.400e+00 ; 6.1605001e+01 ; 9.8328392e+01 
3.500e+01 ; 6.400e+00 ; 1.400e+00 ; 6.1609001e+01 ; 9.8329529e+01 
3.500e+01 ; 6.400e+00 ; 1.400e+00 ; 6.1617001e+01 ; 9.8331779e+01 
3.500e+01 ; 6.400e+00 ; 1.400e+00 ; 6.1633001e+01 ; 9.8336266e+01 
3.500e+01 ; 6.400e+00 ; 1.400e+00 ; 6.1665001e+01 ; 9.8345100e+01 
3.500e+01 ; 6.400e+00 ; 1.400e+00 ; 6.1729001e+01 ; 9.8362282e+01 
3.500e+01 ; 6.400e+00 ; 1.400e+00 ; 6.1857001e+01 ; 9.8394676e+01 
3.500e+01 ; 6.400e+00 ; 1.400e+00 ; 6.2113001e+01 ; 9.8451752e+01 
3.500e+01 ; 6.400e+00 ; 1.400e+00 ; 6.2400001e+01 ; 9.8506332e+01 
3.500e+01 ; 6.400e+00 ; 1.400e+00 ; 6.2400001e+01 ; 9.8506332e+01 
3.500e+01 ; 6.400e+00 ; 1.400e+00 ; 6.2401001e+01 ; 9.8506523e+01 
3.500e+01 ; 6.400e+00 ; 1.400e+00 ; 6.2402001e+01 ; 9.8506714e+01 
3.500e+01 ; 6.400e+00 ; 1.400e+00 ; 6.2403001e+01 ; 9.8506905e+01 
3.500e+01 ; 6.400e+00 ; 1.400e+00 ; 6.2405001e+01 ; 9.8507278e+01 
3.500e+01 ; 6.400e+00 ; 1.400e+00 ; 6.2409001e+01 ; 9.8508041e+01 
3.500e+01 ; 6.400e+00 ; 1.400e+00 ; 6.2417001e+01 ; 9.8509544e+01 
3.500e+01 ; 6.400e+00 ; 1.400e+00 ; 6.2433001e+01 ; 9.8512527e+01 
3.500e+01 ; 6.400e+00 ; 1.400e+00 ; 6.2465001e+01 ; 9.8518372e+01 
3.500e+01 ; 6.400e+00 ; 1.400e+00 ; 6.2529001e+01 ; 9.8529610e+01 
3.500e+01 ; 6.400e+00 ; 1.400e+00 ; 6.2657001e+01 ; 9.8550270e+01 
3.500e+01 ; 6.400e+00 ; 1.400e+00 ; 6.2913001e+01 ; 9.8584587e+01 
3.500e+01 ; 6.400e+00 ; 1.400e+00 ; 6.3200001e+01 ; 9.8614662e+01 
3.500e+01 ; 6.400e+00 ; 1.400e+00 ; 6.3200001e+01 ; 9.8614662e+01 
3.500e+01 ; 6.400e+00 ; 1.400e+00 ; 6.3201001e+01 ; 9.8614769e+01 
3.500e+01 ; 6.400e+00 ; 1.400e+00 ; 6.3202001e+01 ; 9.8614868e+01 
3.500e+01 ; 6.400e+00 ; 1.400e+00 ; 6.3203001e+01 ; 9.8614975e+01 
3.500e+01 ; 6.400e+00 ; 1.400e+00 ; 6.3205001e+01 ; 9.8615181e+01 
3.500e+01 ; 6.400e+00 ; 1.400e+00 ; 6.3209001e+01 ; 9.8615601e+01 
3.500e+01 ; 6.400e+00 ; 1.400e+00 ; 6.3217001e+01 ; 9.8616425e+01 
3.500e+01 ; 6.400e+00 ; 1.400e+00 ; 6.3233001e+01 ; 9.8618050e+01 
3.500e+01 ; 6.400e+00 ; 1.400e+00 ; 6.3265001e+01 ; 9.8621193e+01 
3.500e+01 ; 6.400e+00 ; 1.400e+00 ; 6.3329001e+01 ; 9.8627068e+01 
3.500e+01 ; 6.400e+00 ; 1.400e+00 ; 6.3457001e+01 ; 9.8637230e+01 
3.500e+01 ; 6.400e+00 ; 1.400e+00 ; 6.3713001e+01 ; 9.8651459e+01 
3.500e+01 ; 6.400e+00 ; 1.400e+00 ; 6.4000001e+01 ; 9.8660194e+01 
3.500e+01 ; 6.400e+00 ; 1.400e+00 ; 6.4000001e+01 ; 9.8660194e+01 
3.500e+01 ; 6.400e+00 ; 1.400e+00 ; 6.4001001e+01 ; 9.8660225e+01 
3.500e+01 ; 6.400e+00 ; 1.400e+00 ; 6.4002001e+01 ; 9.8660255e+01 
3.500e+01 ; 6.400e+00 ; 1.400e+00 ; 6.4003001e+01 ; 9.8660286e+01 
3.500e+01 ; 6.400e+00 ; 1.400e+00 ; 6.4005001e+01 ; 9.8660347e+01 
3.500e+01 ; 6.400e+00 ; 1.400e+00 ; 6.4009001e+01 ; 9.8660469e+01 
3.500e+01 ; 6.400e+00 ; 1.400e+00 ; 6.4017001e+01 ; 9.8660698e+01 
3.500e+01 ; 6.400e+00 ; 1.400e+00 ; 6.4033001e+01 ; 9.8661140e+01 
3.500e+01 ; 6.400e+00 ; 1.400e+00 ; 6.4065001e+01 ; 9.8661934e+01 
3.500e+01 ; 6.400e+00 ; 1.400e+00 ; 6.4129001e+01 ; 9.8663170e+01 
3.500e+01 ; 6.400e+00 ; 1.400e+00 ; 6.4257001e+01 ; 9.8664291e+01 
3.500e+01 ; 6.400e+00 ; 1.400e+00 ; 6.4513001e+01 ; 9.8661415e+01 
3.500e+01 ; 6.400e+00 ; 1.400e+00 ; 6.4800001e+01 ; 9.8652206e+01 
3.500e+01 ; 6.400e+00 ; 1.400e+00 ; 6.4800001e+01 ; 9.8652206e+01 
3.500e+01 ; 6.400e+00 ; 1.400e+00 ; 6.4801001e+01 ; 9.8652168e+01 
3.500e+01 ; 6.400e+00 ; 1.400e+00 ; 6.4802001e+01 ; 9.8652138e+01 
3.500e+01 ; 6.400e+00 ; 1.400e+00 ; 6.4803001e+01 ; 9.8652107e+01 
3.500e+01 ; 6.400e+00 ; 1.400e+00 ; 6.4805001e+01 ; 9.8652039e+01 
3.500e+01 ; 6.400e+00 ; 1.400e+00 ; 6.4809001e+01 ; 9.8651909e+01 
3.500e+01 ; 6.400e+00 ; 1.400e+00 ; 6.4817001e+01 ; 9.8651642e+01 
3.500e+01 ; 6.400e+00 ; 1.400e+00 ; 6.4833001e+01 ; 9.8651093e+01 
3.500e+01 ; 6.400e+00 ; 1.400e+00 ; 6.4865001e+01 ; 9.8649918e+01 
3.500e+01 ; 6.400e+00 ; 1.400e+00 ; 6.4929001e+01 ; 9.8647278e+01 
3.500e+01 ; 6.400e+00 ; 1.400e+00 ; 6.5057001e+01 ; 9.8640892e+01 
3.500e+01 ; 6.400e+00 ; 1.400e+00 ; 6.5313001e+01 ; 9.8624046e+01 
3.500e+01 ; 6.400e+00 ; 1.400e+00 ; 6.5600001e+01 ; 9.8600586e+01 
3.500e+01 ; 6.400e+00 ; 1.400e+00 ; 6.5600001e+01 ; 9.8600586e+01 
3.500e+01 ; 6.400e+00 ; 1.400e+00 ; 6.5601001e+01 ; 9.8600510e+01 
3.500e+01 ; 6.400e+00 ; 1.400e+00 ; 6.5602001e+01 ; 9.8600426e+01 
3.500e+01 ; 6.400e+00 ; 1.400e+00 ; 6.5603001e+01 ; 9.8600342e+01 
3.500e+01 ; 6.400e+00 ; 1.400e+00 ; 6.5605001e+01 ; 9.8600182e+01 
3.500e+01 ; 6.400e+00 ; 1.400e+00 ; 6.5609001e+01 ; 9.8599846e+01 
3.500e+01 ; 6.400e+00 ; 1.400e+00 ; 6.5617001e+01 ; 9.8599190e+01 
3.500e+01 ; 6.400e+00 ; 1.400e+00 ; 6.5633001e+01 ; 9.8597847e+01 
3.500e+01 ; 6.400e+00 ; 1.400e+00 ; 6.5665001e+01 ; 9.8595123e+01 
3.500e+01 ; 6.400e+00 ; 1.400e+00 ; 6.5729001e+01 ; 9.8589447e+01 
3.500e+01 ; 6.400e+00 ; 1.400e+00 ; 6.5857001e+01 ; 9.8577286e+01 
3.500e+01 ; 6.400e+00 ; 1.400e+00 ; 6.6113001e+01 ; 9.8550201e+01 
3.500e+01 ; 6.400e+00 ; 1.400e+00 ; 6.6400001e+01 ; 9.8517075e+01 
3.500e+01 ; 6.400e+00 ; 1.400e+00 ; 6.6400001e+01 ; 9.8517075e+01 
3.500e+01 ; 6.400e+00 ; 1.400e+00 ; 6.6401001e+01 ; 9.8516960e+01 
3.500e+01 ; 6.400e+00 ; 1.400e+00 ; 6.6402001e+01 ; 9.8516838e+01 
3.500e+01 ; 6.400e+00 ; 1.400e+00 ; 6.6403001e+01 ; 9.8516724e+01 
3.500e+01 ; 6.400e+00 ; 1.400e+00 ; 6.6405001e+01 ; 9.8516495e+01 
3.500e+01 ; 6.400e+00 ; 1.400e+00 ; 6.6409001e+01 ; 9.8516029e+01 
3.500e+01 ; 6.400e+00 ; 1.400e+00 ; 6.6417001e+01 ; 9.8515106e+01 
3.500e+01 ; 6.400e+00 ; 1.400e+00 ; 6.6433001e+01 ; 9.8513237e+01 
3.500e+01 ; 6.400e+00 ; 1.400e+00 ; 6.6465001e+01 ; 9.8509476e+01 
3.500e+01 ; 6.400e+00 ; 1.400e+00 ; 6.6529001e+01 ; 9.8501831e+01 
3.500e+01 ; 6.400e+00 ; 1.400e+00 ; 6.6657001e+01 ; 9.8486130e+01 
3.500e+01 ; 6.400e+00 ; 1.400e+00 ; 6.6913001e+01 ; 9.8453667e+01 
3.500e+01 ; 6.400e+00 ; 1.400e+00 ; 6.7200001e+01 ; 9.8416801e+01 
3.500e+01 ; 6.400e+00 ; 1.400e+00 ; 6.7200001e+01 ; 9.8416801e+01 
3.500e+01 ; 6.400e+00 ; 1.400e+00 ; 6.7201001e+01 ; 9.8416672e+01 
3.500e+01 ; 6.400e+00 ; 1.400e+00 ; 6.7202001e+01 ; 9.8416550e+01 
3.500e+01 ; 6.400e+00 ; 1.400e+00 ; 6.7203001e+01 ; 9.8416420e+01 
3.500e+01 ; 6.400e+00 ; 1.400e+00 ; 6.7205001e+01 ; 9.8416161e+01 
3.500e+01 ; 6.400e+00 ; 1.400e+00 ; 6.7209001e+01 ; 9.8415649e+01 
3.500e+01 ; 6.400e+00 ; 1.400e+00 ; 6.7217001e+01 ; 9.8414619e+01 
3.500e+01 ; 6.400e+00 ; 1.400e+00 ; 6.7233001e+01 ; 9.8412560e+01 
3.500e+01 ; 6.400e+00 ; 1.400e+00 ; 6.7265001e+01 ; 9.8408440e+01 
3.500e+01 ; 6.400e+00 ; 1.400e+00 ; 6.7329001e+01 ; 9.8400200e+01 
3.500e+01 ; 6.400e+00 ; 1.400e+00 ; 6.7457001e+01 ; 9.8383781e+01 
3.500e+01 ; 6.400e+00 ; 1.400e+00 ; 6.7713001e+01 ; 9.8351807e+01 
3.500e+01 ; 6.400e+00 ; 1.400e+00 ; 6.8000001e+01 ; 9.8317841e+01 
3.500e+01 ; 6.400e+00 ; 1.400e+00 ; 6.8000001e+01 ; 9.8317841e+01 
3.500e+01 ; 6.400e+00 ; 1.400e+00 ; 6.8001001e+01 ; 9.8317719e+01 
3.500e+01 ; 6.400e+00 ; 1.400e+00 ; 6.8002001e+01 ; 9.8317604e+01 
3.500e+01 ; 6.400e+00 ; 1.400e+00 ; 6.8003001e+01 ; 9.8317482e+01 
3.500e+01 ; 6.400e+00 ; 1.400e+00 ; 6.8005001e+01 ; 9.8317245e+01 
3.500e+01 ; 6.400e+00 ; 1.400e+00 ; 6.8009001e+01 ; 9.8316772e+01 
3.500e+01 ; 6.400e+00 ; 1.400e+00 ; 6.8017001e+01 ; 9.8315826e+01 
3.500e+01 ; 6.400e+00 ; 1.400e+00 ; 6.8033001e+01 ; 9.8313950e+01 
3.500e+01 ; 6.400e+00 ; 1.400e+00 ; 6.8065001e+01 ; 9.8310211e+01 
3.500e+01 ; 6.400e+00 ; 1.400e+00 ; 6.8129001e+01 ; 9.8302849e+01 
3.500e+01 ; 6.400e+00 ; 1.400e+00 ; 6.8257001e+01 ; 9.8288628e+01 
3.500e+01 ; 6.400e+00 ; 1.400e+00 ; 6.8513001e+01 ; 9.8262627e+01 
3.500e+01 ; 6.400e+00 ; 1.400e+00 ; 6.8800001e+01 ; 9.8236969e+01 
3.500e+01 ; 6.400e+00 ; 1.400e+00 ; 6.8800001e+01 ; 9.8236969e+01 
3.500e+01 ; 6.400e+00 ; 1.400e+00 ; 6.8801001e+01 ; 9.8236877e+01 
3.500e+01 ; 6.400e+00 ; 1.400e+00 ; 6.8802001e+01 ; 9.8236794e+01 
3.500e+01 ; 6.400e+00 ; 1.400e+00 ; 6.8803001e+01 ; 9.8236702e+01 
3.500e+01 ; 6.400e+00 ; 1.400e+00 ; 6.8805001e+01 ; 9.8236526e+01 
3.500e+01 ; 6.400e+00 ; 1.400e+00 ; 6.8809001e+01 ; 9.8236168e+01 
3.500e+01 ; 6.400e+00 ; 1.400e+00 ; 6.8817001e+01 ; 9.8235458e+01 
3.500e+01 ; 6.400e+00 ; 1.400e+00 ; 6.8833001e+01 ; 9.8234047e+01 
3.500e+01 ; 6.400e+00 ; 1.400e+00 ; 6.8865001e+01 ; 9.8231277e+01 
3.500e+01 ; 6.400e+00 ; 1.400e+00 ; 6.8929001e+01 ; 9.8225922e+01 
3.500e+01 ; 6.400e+00 ; 1.400e+00 ; 6.9057001e+01 ; 9.8215958e+01 
3.500e+01 ; 6.400e+00 ; 1.400e+00 ; 6.9313001e+01 ; 9.8199127e+01 
3.500e+01 ; 6.400e+00 ; 1.400e+00 ; 6.9600001e+01 ; 9.8184097e+01 
3.500e+01 ; 6.400e+00 ; 1.400e+00 ; 6.9600001e+01 ; 9.8184097e+01 
3.500e+01 ; 6.400e+00 ; 1.400e+00 ; 6.9601001e+01 ; 9.8184044e+01 
3.500e+01 ; 6.400e+00 ; 1.400e+00 ; 6.9602001e+01 ; 9.8183990e+01 
3.500e+01 ; 6.400e+00 ; 1.400e+00 ; 6.9603001e+01 ; 9.8183945e+01 
3.500e+01 ; 6.400e+00 ; 1.400e+00 ; 6.9605001e+01 ; 9.8183838e+01 
3.500e+01 ; 6.400e+00 ; 1.400e+00 ; 6.9609001e+01 ; 9.8183632e+01 
3.500e+01 ; 6.400e+00 ; 1.400e+00 ; 6.9617001e+01 ; 9.8183220e+01 
3.500e+01 ; 6.400e+00 ; 1.400e+00 ; 6.9633001e+01 ; 9.8182404e+01 
3.500e+01 ; 6.400e+00 ; 1.400e+00 ; 6.9665001e+01 ; 9.8180824e+01 
3.500e+01 ; 6.400e+00 ; 1.400e+00 ; 6.9729001e+01 ; 9.8177856e+01 
3.500e+01 ; 6.400e+00 ; 1.400e+00 ; 6.9857001e+01 ; 9.8172646e+01 
3.500e+01 ; 6.400e+00 ; 1.400e+00 ; 7.0113001e+01 ; 9.8164940e+01 
3.500e+01 ; 6.400e+00 ; 1.400e+00 ; 7.0400001e+01 ; 9.8159256e+01 
3.500e+01 ; 6.400e+00 ; 1.400e+00 ; 7.0400001e+01 ; 9.8159256e+01 
3.500e+01 ; 6.400e+00 ; 1.400e+00 ; 7.0401001e+01 ; 9.8159241e+01 
3.500e+01 ; 6.400e+00 ; 1.400e+00 ; 7.0402001e+01 ; 9.8159218e+01 
3.500e+01 ; 6.400e+00 ; 1.400e+00 ; 7.0403001e+01 ; 9.8159203e+01 
3.500e+01 ; 6.400e+00 ; 1.400e+00 ; 7.0405001e+01 ; 9.8159164e+01 
3.500e+01 ; 6.400e+00 ; 1.400e+00 ; 7.0409001e+01 ; 9.8159081e+01 
3.500e+01 ; 6.400e+00 ; 1.400e+00 ; 7.0417001e+01 ; 9.8158928e+01 
3.500e+01 ; 6.400e+00 ; 1.400e+00 ; 7.0433001e+01 ; 9.8158630e+01 
3.500e+01 ; 6.400e+00 ; 1.400e+00 ; 7.0465001e+01 ; 9.8158073e+01 
3.500e+01 ; 6.400e+00 ; 1.400e+00 ; 7.0529001e+01 ; 9.8157089e+01 
3.500e+01 ; 6.400e+00 ; 1.400e+00 ; 7.0657001e+01 ; 9.8155617e+01 
3.500e+01 ; 6.400e+00 ; 1.400e+00 ; 7.0913001e+01 ; 9.8154274e+01 
3.500e+01 ; 6.400e+00 ; 1.400e+00 ; 7.1200001e+01 ; 9.8154167e+01 
3.500e+01 ; 6.400e+00 ; 1.400e+00 ; 7.1200001e+01 ; 9.8154167e+01 
3.500e+01 ; 6.400e+00 ; 1.400e+00 ; 7.1201001e+01 ; 9.8154167e+01 
3.500e+01 ; 6.400e+00 ; 1.400e+00 ; 7.1202001e+01 ; 9.8154167e+01 
3.500e+01 ; 6.400e+00 ; 1.400e+00 ; 7.1203001e+01 ; 9.8154167e+01 
3.500e+01 ; 6.400e+00 ; 1.400e+00 ; 7.1205001e+01 ; 9.8154167e+01 
3.500e+01 ; 6.400e+00 ; 1.400e+00 ; 7.1209001e+01 ; 9.8154160e+01 
3.500e+01 ; 6.400e+00 ; 1.400e+00 ; 7.1217001e+01 ; 9.8154160e+01 
3.500e+01 ; 6.400e+00 ; 1.400e+00 ; 7.1233001e+01 ; 9.8154167e+01 
3.500e+01 ; 6.400e+00 ; 1.400e+00 ; 7.1265001e+01 ; 9.8154182e+01 
3.500e+01 ; 6.400e+00 ; 1.400e+00 ; 7.1329001e+01 ; 9.8154282e+01 
3.500e+01 ; 6.400e+00 ; 1.400e+00 ; 7.1457001e+01 ; 9.8154648e+01 
3.500e+01 ; 6.400e+00 ; 1.400e+00 ; 7.1713001e+01 ; 9.8155609e+01 
3.500e+01 ; 6.400e+00 ; 1.400e+00 ; 7.2000001e+01 ; 9.8156410e+01 
3.500e+01 ; 6.400e+00 ; 1.400e+00 ; 7.2000001e+01 ; 9.8156410e+01 
3.500e+01 ; 6.400e+00 ; 1.400e+00 ; 7.2001001e+01 ; 9.8156418e+01 
3.500e+01 ; 6.400e+00 ; 1.400e+00 ; 7.2002001e+01 ; 9.8156418e+01 
3.500e+01 ; 6.400e+00 ; 1.400e+00 ; 7.2003001e+01 ; 9.8156418e+01 
3.500e+01 ; 6.400e+00 ; 1.400e+00 ; 7.2005001e+01 ; 9.8156425e+01 
3.500e+01 ; 6.400e+00 ; 1.400e+00 ; 7.2009001e+01 ; 9.8156441e+01 
3.500e+01 ; 6.400e+00 ; 1.400e+00 ; 7.2017001e+01 ; 9.8156456e+01 
3.500e+01 ; 6.400e+00 ; 1.400e+00 ; 7.2033001e+01 ; 9.8156502e+01 
3.500e+01 ; 6.400e+00 ; 1.400e+00 ; 7.2065001e+01 ; 9.8156578e+01 
3.500e+01 ; 6.400e+00 ; 1.400e+00 ; 7.2129001e+01 ; 9.8156715e+01 
3.500e+01 ; 6.400e+00 ; 1.400e+00 ; 7.2257001e+01 ; 9.8156822e+01 
3.500e+01 ; 6.400e+00 ; 1.400e+00 ; 7.2513001e+01 ; 9.8156059e+01 
3.500e+01 ; 6.400e+00 ; 1.400e+00 ; 7.2800001e+01 ; 9.8153496e+01 
3.500e+01 ; 6.400e+00 ; 1.400e+00 ; 7.2800001e+01 ; 9.8153496e+01 
3.500e+01 ; 6.400e+00 ; 1.400e+00 ; 7.2810001e+01 ; 9.8153404e+01 
3.500e+01 ; 6.400e+00 ; 1.400e+00 ; 7.2820001e+01 ; 9.8153313e+01 
3.500e+01 ; 6.400e+00 ; 1.400e+00 ; 7.2830001e+01 ; 9.8153214e+01 
3.500e+01 ; 6.400e+00 ; 1.400e+00 ; 7.2850001e+01 ; 9.8153015e+01 
3.500e+01 ; 6.400e+00 ; 1.400e+00 ; 7.2890001e+01 ; 9.8152580e+01 
3.500e+01 ; 6.400e+00 ; 1.400e+00 ; 7.2970001e+01 ; 9.8151558e+01 
3.500e+01 ; 6.400e+00 ; 1.400e+00 ; 7.3130001e+01 ; 9.8148834e+01 
3.500e+01 ; 6.400e+00 ; 1.400e+00 ; 7.3450001e+01 ; 9.8140205e+01 
3.500e+01 ; 6.400e+00 ; 1.400e+00 ; 7.4090001e+01 ; 9.8107742e+01 
3.500e+01 ; 6.400e+00 ; 1.400e+00 ; 7.5370001e+01 ; 9.7976524e+01 
3.500e+01 ; 6.400e+00 ; 1.400e+00 ; 7.7290001e+01 ; 9.7647736e+01 
3.500e+01 ; 6.400e+00 ; 1.400e+00 ; 7.7800001e+01 ; 9.7551552e+01