X ; Y ; Z ; time ; Temperature 
3.500e+01 ; 1.200e+01 ; 7.000e-01 ; 0.0000000e+00 ; 2.2500000e+02 
3.500e+01 ; 1.200e+01 ; 7.000e-01 ; 1.0000000e-03 ; 2.2500000e+02 
3.500e+01 ; 1.200e+01 ; 7.000e-01 ; 2.0000001e-03 ; 2.2500000e+02 
3.500e+01 ; 1.200e+01 ; 7.000e-01 ; 3.0000000e-03 ; 2.2500000e+02 
3.500e+01 ; 1.200e+01 ; 7.000e-01 ; 4.9999999e-03 ; 2.2500000e+02 
3.500e+01 ; 1.200e+01 ; 7.000e-01 ; 8.9999996e-03 ; 2.2500000e+02 
3.500e+01 ; 1.200e+01 ; 7.000e-01 ; 1.7000001e-02 ; 2.2500000e+02 
3.500e+01 ; 1.200e+01 ; 7.000e-01 ; 3.3000000e-02 ; 2.2500000e+02 
3.500e+01 ; 1.200e+01 ; 7.000e-01 ; 6.4999998e-02 ; 2.2500000e+02 
3.500e+01 ; 1.200e+01 ; 7.000e-01 ; 1.2899999e-01 ; 2.2500000e+02 
3.500e+01 ; 1.200e+01 ; 7.000e-01 ; 2.5700000e-01 ; 2.2500000e+02 
3.500e+01 ; 1.200e+01 ; 7.000e-01 ; 5.1300001e-01 ; 2.2500000e+02 
3.500e+01 ; 1.200e+01 ; 7.000e-01 ; 7.6899999e-01 ; 2.2500000e+02 
3.500e+01 ; 1.200e+01 ; 7.000e-01 ; 9.4999999e-01 ; 2.2500000e+02 
3.500e+01 ; 1.200e+01 ; 7.000e-01 ; 9.4999999e-01 ; 2.2500000e+02 
3.500e+01 ; 1.200e+01 ; 7.000e-01 ; 9.5099999e-01 ; 2.2500000e+02 
3.500e+01 ; 1.200e+01 ; 7.000e-01 ; 9.5199999e-01 ; 2.2500000e+02 
3.500e+01 ; 1.200e+01 ; 7.000e-01 ; 9.5299999e-01 ; 2.2500000e+02 
3.500e+01 ; 1.200e+01 ; 7.000e-01 ; 9.5499999e-01 ; 2.2500000e+02 
3.500e+01 ; 1.200e+01 ; 7.000e-01 ; 9.5899999e-01 ; 2.2500000e+02 
3.500e+01 ; 1.200e+01 ; 7.000e-01 ; 9.6699999e-01 ; 2.2500000e+02 
3.500e+01 ; 1.200e+01 ; 7.000e-01 ; 9.8299999e-01 ; 2.2500000e+02 
3.500e+01 ; 1.200e+01 ; 7.000e-01 ; 1.0150000e+00 ; 2.2500000e+02 
3.500e+01 ; 1.200e+01 ; 7.000e-01 ; 1.0790000e+00 ; 2.2500000e+02 
3.500e+01 ; 1.200e+01 ; 7.000e-01 ; 1.2070000e+00 ; 2.2500000e+02 
3.500e+01 ; 1.200e+01 ; 7.000e-01 ; 1.4630000e+00 ; 2.2500000e+02 
3.500e+01 ; 1.200e+01 ; 7.000e-01 ; 1.9000000e+00 ; 2.2500000e+02 
3.500e+01 ; 1.200e+01 ; 7.000e-01 ; 1.9000000e+00 ; 2.2500000e+02 
3.500e+01 ; 1.200e+01 ; 7.000e-01 ; 1.9010000e+00 ; 2.2500000e+02 
3.500e+01 ; 1.200e+01 ; 7.000e-01 ; 1.9020000e+00 ; 2.2500000e+02 
3.500e+01 ; 1.200e+01 ; 7.000e-01 ; 1.9030000e+00 ; 2.2500000e+02 
3.500e+01 ; 1.200e+01 ; 7.000e-01 ; 1.9050000e+00 ; 2.2500000e+02 
3.500e+01 ; 1.200e+01 ; 7.000e-01 ; 1.9090000e+00 ; 2.2500000e+02 
3.500e+01 ; 1.200e+01 ; 7.000e-01 ; 1.9170000e+00 ; 2.2500000e+02 
3.500e+01 ; 1.200e+01 ; 7.000e-01 ; 1.9330000e+00 ; 2.2500000e+02 
3.500e+01 ; 1.200e+01 ; 7.000e-01 ; 1.9650000e+00 ; 2.2500000e+02 
3.500e+01 ; 1.200e+01 ; 7.000e-01 ; 2.0290000e+00 ; 2.2500000e+02 
3.500e+01 ; 1.200e+01 ; 7.000e-01 ; 2.1570000e+00 ; 2.2500000e+02 
3.500e+01 ; 1.200e+01 ; 7.000e-01 ; 2.4130000e+00 ; 2.2500000e+02 
3.500e+01 ; 1.200e+01 ; 7.000e-01 ; 2.8500000e+00 ; 2.2500000e+02 
3.500e+01 ; 1.200e+01 ; 7.000e-01 ; 2.8500000e+00 ; 2.2500000e+02 
3.500e+01 ; 1.200e+01 ; 7.000e-01 ; 2.8510000e+00 ; 2.2500000e+02 
3.500e+01 ; 1.200e+01 ; 7.000e-01 ; 2.8520000e+00 ; 2.2500000e+02 
3.500e+01 ; 1.200e+01 ; 7.000e-01 ; 2.8530000e+00 ; 2.2500000e+02 
3.500e+01 ; 1.200e+01 ; 7.000e-01 ; 2.8550000e+00 ; 2.2500000e+02 
3.500e+01 ; 1.200e+01 ; 7.000e-01 ; 2.8590000e+00 ; 2.2500000e+02 
3.500e+01 ; 1.200e+01 ; 7.000e-01 ; 2.8670000e+00 ; 2.2500000e+02 
3.500e+01 ; 1.200e+01 ; 7.000e-01 ; 2.8830000e+00 ; 2.2500000e+02 
3.500e+01 ; 1.200e+01 ; 7.000e-01 ; 2.9150000e+00 ; 2.2500000e+02 
3.500e+01 ; 1.200e+01 ; 7.000e-01 ; 2.9790000e+00 ; 2.2500000e+02 
3.500e+01 ; 1.200e+01 ; 7.000e-01 ; 3.1070000e+00 ; 2.2500000e+02 
3.500e+01 ; 1.200e+01 ; 7.000e-01 ; 3.3630000e+00 ; 2.2500000e+02 
3.500e+01 ; 1.200e+01 ; 7.000e-01 ; 3.8000000e+00 ; 2.2500000e+02 
3.500e+01 ; 1.200e+01 ; 7.000e-01 ; 3.8000000e+00 ; 2.2500000e+02 
3.500e+01 ; 1.200e+01 ; 7.000e-01 ; 3.8010000e+00 ; 2.2500000e+02 
3.500e+01 ; 1.200e+01 ; 7.000e-01 ; 3.8020000e+00 ; 2.2500000e+02 
3.500e+01 ; 1.200e+01 ; 7.000e-01 ; 3.8030000e+00 ; 2.2500000e+02 
3.500e+01 ; 1.200e+01 ; 7.000e-01 ; 3.8050000e+00 ; 2.2500000e+02 
3.500e+01 ; 1.200e+01 ; 7.000e-01 ; 3.8090000e+00 ; 2.2500000e+02 
3.500e+01 ; 1.200e+01 ; 7.000e-01 ; 3.8170000e+00 ; 2.2500000e+02 
3.500e+01 ; 1.200e+01 ; 7.000e-01 ; 3.8330000e+00 ; 2.2500000e+02 
3.500e+01 ; 1.200e+01 ; 7.000e-01 ; 3.8649999e+00 ; 2.2500000e+02 
3.500e+01 ; 1.200e+01 ; 7.000e-01 ; 3.9289999e+00 ; 2.2500000e+02 
3.500e+01 ; 1.200e+01 ; 7.000e-01 ; 4.0570000e+00 ; 2.2500000e+02 
3.500e+01 ; 1.200e+01 ; 7.000e-01 ; 4.3130000e+00 ; 2.2500000e+02 
3.500e+01 ; 1.200e+01 ; 7.000e-01 ; 4.7499999e+00 ; 2.2500000e+02 
3.500e+01 ; 1.200e+01 ; 7.000e-01 ; 4.7499999e+00 ; 2.2500000e+02 
3.500e+01 ; 1.200e+01 ; 7.000e-01 ; 4.7509999e+00 ; 2.2500000e+02 
3.500e+01 ; 1.200e+01 ; 7.000e-01 ; 4.7519999e+00 ; 2.2500000e+02 
3.500e+01 ; 1.200e+01 ; 7.000e-01 ; 4.7529999e+00 ; 2.2500000e+02 
3.500e+01 ; 1.200e+01 ; 7.000e-01 ; 4.7549999e+00 ; 2.2500000e+02 
3.500e+01 ; 1.200e+01 ; 7.000e-01 ; 4.7589999e+00 ; 2.2500000e+02 
3.500e+01 ; 1.200e+01 ; 7.000e-01 ; 4.7669999e+00 ; 2.2500000e+02 
3.500e+01 ; 1.200e+01 ; 7.000e-01 ; 4.7829999e+00 ; 2.2500000e+02 
3.500e+01 ; 1.200e+01 ; 7.000e-01 ; 4.8149999e+00 ; 2.2500000e+02 
3.500e+01 ; 1.200e+01 ; 7.000e-01 ; 4.8789999e+00 ; 2.2500000e+02 
3.500e+01 ; 1.200e+01 ; 7.000e-01 ; 5.0069999e+00 ; 2.2500000e+02 
3.500e+01 ; 1.200e+01 ; 7.000e-01 ; 5.2630000e+00 ; 2.2500000e+02 
3.500e+01 ; 1.200e+01 ; 7.000e-01 ; 5.6999999e+00 ; 2.2500000e+02 
3.500e+01 ; 1.200e+01 ; 7.000e-01 ; 5.6999999e+00 ; 2.2500000e+02 
3.500e+01 ; 1.200e+01 ; 7.000e-01 ; 5.7009999e+00 ; 2.2500000e+02 
3.500e+01 ; 1.200e+01 ; 7.000e-01 ; 5.7019999e+00 ; 2.2500000e+02 
3.500e+01 ; 1.200e+01 ; 7.000e-01 ; 5.7029999e+00 ; 2.2500000e+02 
3.500e+01 ; 1.200e+01 ; 7.000e-01 ; 5.7049999e+00 ; 2.2500000e+02 
3.500e+01 ; 1.200e+01 ; 7.000e-01 ; 5.7089999e+00 ; 2.2500000e+02 
3.500e+01 ; 1.200e+01 ; 7.000e-01 ; 5.7169999e+00 ; 2.2500000e+02 
3.500e+01 ; 1.200e+01 ; 7.000e-01 ; 5.7329999e+00 ; 2.2500000e+02 
3.500e+01 ; 1.200e+01 ; 7.000e-01 ; 5.7649999e+00 ; 2.2500000e+02 
3.500e+01 ; 1.200e+01 ; 7.000e-01 ; 5.8289999e+00 ; 2.2500000e+02 
3.500e+01 ; 1.200e+01 ; 7.000e-01 ; 5.9569999e+00 ; 2.2500000e+02 
3.500e+01 ; 1.200e+01 ; 7.000e-01 ; 6.2129999e+00 ; 2.2500000e+02 
3.500e+01 ; 1.200e+01 ; 7.000e-01 ; 6.6499999e+00 ; 2.2500000e+02 
3.500e+01 ; 1.200e+01 ; 7.000e-01 ; 6.6499999e+00 ; 2.2500000e+02 
3.500e+01 ; 1.200e+01 ; 7.000e-01 ; 6.6509999e+00 ; 2.2500000e+02 
3.500e+01 ; 1.200e+01 ; 7.000e-01 ; 6.6519999e+00 ; 2.2500000e+02 
3.500e+01 ; 1.200e+01 ; 7.000e-01 ; 6.6529999e+00 ; 2.2500000e+02 
3.500e+01 ; 1.200e+01 ; 7.000e-01 ; 6.6549999e+00 ; 2.2500000e+02 
3.500e+01 ; 1.200e+01 ; 7.000e-01 ; 6.6589999e+00 ; 2.2500000e+02 
3.500e+01 ; 1.200e+01 ; 7.000e-01 ; 6.6669999e+00 ; 2.2500000e+02 
3.500e+01 ; 1.200e+01 ; 7.000e-01 ; 6.6829999e+00 ; 2.2500000e+02 
3.500e+01 ; 1.200e+01 ; 7.000e-01 ; 6.7149999e+00 ; 2.2500000e+02 
3.500e+01 ; 1.200e+01 ; 7.000e-01 ; 6.7789999e+00 ; 2.2500000e+02 
3.500e+01 ; 1.200e+01 ; 7.000e-01 ; 6.9069999e+00 ; 2.2500000e+02 
3.500e+01 ; 1.200e+01 ; 7.000e-01 ; 7.1629999e+00 ; 2.2500000e+02 
3.500e+01 ; 1.200e+01 ; 7.000e-01 ; 7.5999999e+00 ; 2.2500000e+02 
3.500e+01 ; 1.200e+01 ; 7.000e-01 ; 7.5999999e+00 ; 2.2500000e+02 
3.500e+01 ; 1.200e+01 ; 7.000e-01 ; 7.6009999e+00 ; 2.2500000e+02 
3.500e+01 ; 1.200e+01 ; 7.000e-01 ; 7.6019999e+00 ; 2.2500000e+02 
3.500e+01 ; 1.200e+01 ; 7.000e-01 ; 7.6029999e+00 ; 2.2500000e+02 
3.500e+01 ; 1.200e+01 ; 7.000e-01 ; 7.6049999e+00 ; 2.2500000e+02 
3.500e+01 ; 1.200e+01 ; 7.000e-01 ; 7.6089999e+00 ; 2.2500000e+02 
3.500e+01 ; 1.200e+01 ; 7.000e-01 ; 7.6169999e+00 ; 2.2500000e+02 
3.500e+01 ; 1.200e+01 ; 7.000e-01 ; 7.6329999e+00 ; 2.2500000e+02 
3.500e+01 ; 1.200e+01 ; 7.000e-01 ; 7.6649999e+00 ; 2.2500000e+02 
3.500e+01 ; 1.200e+01 ; 7.000e-01 ; 7.7289999e+00 ; 2.2500000e+02 
3.500e+01 ; 1.200e+01 ; 7.000e-01 ; 7.8569999e+00 ; 2.2500000e+02 
3.500e+01 ; 1.200e+01 ; 7.000e-01 ; 8.1129999e+00 ; 2.2500000e+02 
3.500e+01 ; 1.200e+01 ; 7.000e-01 ; 8.5499999e+00 ; 2.2500000e+02 
3.500e+01 ; 1.200e+01 ; 7.000e-01 ; 8.5499999e+00 ; 2.2500000e+02 
3.500e+01 ; 1.200e+01 ; 7.000e-01 ; 8.5509999e+00 ; 2.2500000e+02 
3.500e+01 ; 1.200e+01 ; 7.000e-01 ; 8.5519999e+00 ; 2.2500000e+02 
3.500e+01 ; 1.200e+01 ; 7.000e-01 ; 8.5529999e+00 ; 2.2500000e+02 
3.500e+01 ; 1.200e+01 ; 7.000e-01 ; 8.5549999e+00 ; 2.2500000e+02 
3.500e+01 ; 1.200e+01 ; 7.000e-01 ; 8.5589999e+00 ; 2.2500000e+02 
3.500e+01 ; 1.200e+01 ; 7.000e-01 ; 8.5669999e+00 ; 2.2500000e+02 
3.500e+01 ; 1.200e+01 ; 7.000e-01 ; 8.5829999e+00 ; 2.2500000e+02 
3.500e+01 ; 1.200e+01 ; 7.000e-01 ; 8.6149999e+00 ; 2.2500000e+02 
3.500e+01 ; 1.200e+01 ; 7.000e-01 ; 8.6789999e+00 ; 2.2500000e+02 
3.500e+01 ; 1.200e+01 ; 7.000e-01 ; 8.8069999e+00 ; 2.2500000e+02 
3.500e+01 ; 1.200e+01 ; 7.000e-01 ; 9.0629999e+00 ; 2.2500000e+02 
3.500e+01 ; 1.200e+01 ; 7.000e-01 ; 9.4999999e+00 ; 2.2500000e+02 
3.500e+01 ; 1.200e+01 ; 7.000e-01 ; 9.4999999e+00 ; 2.2500000e+02 
3.500e+01 ; 1.200e+01 ; 7.000e-01 ; 9.5009999e+00 ; 2.2500000e+02 
3.500e+01 ; 1.200e+01 ; 7.000e-01 ; 9.5019999e+00 ; 2.2500000e+02 
3.500e+01 ; 1.200e+01 ; 7.000e-01 ; 9.5029999e+00 ; 2.2500000e+02 
3.500e+01 ; 1.200e+01 ; 7.000e-01 ; 9.5049999e+00 ; 2.2500000e+02 
3.500e+01 ; 1.200e+01 ; 7.000e-01 ; 9.5089999e+00 ; 2.2500000e+02 
3.500e+01 ; 1.200e+01 ; 7.000e-01 ; 9.5169999e+00 ; 2.2500000e+02 
3.500e+01 ; 1.200e+01 ; 7.000e-01 ; 9.5329999e+00 ; 2.2500000e+02 
3.500e+01 ; 1.200e+01 ; 7.000e-01 ; 9.5649999e+00 ; 2.2500000e+02 
3.500e+01 ; 1.200e+01 ; 7.000e-01 ; 9.6289999e+00 ; 2.2500000e+02 
3.500e+01 ; 1.200e+01 ; 7.000e-01 ; 9.7569999e+00 ; 2.2500000e+02 
3.500e+01 ; 1.200e+01 ; 7.000e-01 ; 1.0013000e+01 ; 2.2500000e+02 
3.500e+01 ; 1.200e+01 ; 7.000e-01 ; 1.0450000e+01 ; 2.2500000e+02 
3.500e+01 ; 1.200e+01 ; 7.000e-01 ; 1.0450000e+01 ; 2.2500000e+02 
3.500e+01 ; 1.200e+01 ; 7.000e-01 ; 1.0451000e+01 ; 2.2500000e+02 
3.500e+01 ; 1.200e+01 ; 7.000e-01 ; 1.0452000e+01 ; 2.2500000e+02 
3.500e+01 ; 1.200e+01 ; 7.000e-01 ; 1.0453000e+01 ; 2.2500000e+02 
3.500e+01 ; 1.200e+01 ; 7.000e-01 ; 1.0455000e+01 ; 2.2500000e+02 
3.500e+01 ; 1.200e+01 ; 7.000e-01 ; 1.0459000e+01 ; 2.2500000e+02 
3.500e+01 ; 1.200e+01 ; 7.000e-01 ; 1.0467000e+01 ; 2.2500000e+02 
3.500e+01 ; 1.200e+01 ; 7.000e-01 ; 1.0483000e+01 ; 2.2500000e+02 
3.500e+01 ; 1.200e+01 ; 7.000e-01 ; 1.0515000e+01 ; 2.2500000e+02 
3.500e+01 ; 1.200e+01 ; 7.000e-01 ; 1.0579000e+01 ; 2.2500000e+02 
3.500e+01 ; 1.200e+01 ; 7.000e-01 ; 1.0707000e+01 ; 2.2500000e+02 
3.500e+01 ; 1.200e+01 ; 7.000e-01 ; 1.0963000e+01 ; 2.2500000e+02 
3.500e+01 ; 1.200e+01 ; 7.000e-01 ; 1.1400000e+01 ; 2.2500000e+02 
3.500e+01 ; 1.200e+01 ; 7.000e-01 ; 1.1400000e+01 ; 2.2500000e+02 
3.500e+01 ; 1.200e+01 ; 7.000e-01 ; 1.1401000e+01 ; 2.2500000e+02 
3.500e+01 ; 1.200e+01 ; 7.000e-01 ; 1.1402000e+01 ; 2.2500000e+02 
3.500e+01 ; 1.200e+01 ; 7.000e-01 ; 1.1403000e+01 ; 2.2500000e+02 
3.500e+01 ; 1.200e+01 ; 7.000e-01 ; 1.1405000e+01 ; 2.2500000e+02 
3.500e+01 ; 1.200e+01 ; 7.000e-01 ; 1.1409000e+01 ; 2.2500000e+02 
3.500e+01 ; 1.200e+01 ; 7.000e-01 ; 1.1417000e+01 ; 2.2500000e+02 
3.500e+01 ; 1.200e+01 ; 7.000e-01 ; 1.1433000e+01 ; 2.2500000e+02 
3.500e+01 ; 1.200e+01 ; 7.000e-01 ; 1.1465000e+01 ; 2.2500000e+02 
3.500e+01 ; 1.200e+01 ; 7.000e-01 ; 1.1529000e+01 ; 2.2500000e+02 
3.500e+01 ; 1.200e+01 ; 7.000e-01 ; 1.1657000e+01 ; 2.2500000e+02 
3.500e+01 ; 1.200e+01 ; 7.000e-01 ; 1.1913000e+01 ; 2.2500000e+02 
3.500e+01 ; 1.200e+01 ; 7.000e-01 ; 1.2350000e+01 ; 2.2500000e+02 
3.500e+01 ; 1.200e+01 ; 7.000e-01 ; 1.2350000e+01 ; 2.2500000e+02 
3.500e+01 ; 1.200e+01 ; 7.000e-01 ; 1.2351000e+01 ; 2.2500000e+02 
3.500e+01 ; 1.200e+01 ; 7.000e-01 ; 1.2352000e+01 ; 2.2500000e+02 
3.500e+01 ; 1.200e+01 ; 7.000e-01 ; 1.2353000e+01 ; 2.2500000e+02 
3.500e+01 ; 1.200e+01 ; 7.000e-01 ; 1.2355000e+01 ; 2.2500000e+02 
3.500e+01 ; 1.200e+01 ; 7.000e-01 ; 1.2359000e+01 ; 2.2500000e+02 
3.500e+01 ; 1.200e+01 ; 7.000e-01 ; 1.2367000e+01 ; 2.2500000e+02 
3.500e+01 ; 1.200e+01 ; 7.000e-01 ; 1.2383000e+01 ; 2.2500000e+02 
3.500e+01 ; 1.200e+01 ; 7.000e-01 ; 1.2415000e+01 ; 2.2500000e+02 
3.500e+01 ; 1.200e+01 ; 7.000e-01 ; 1.2479000e+01 ; 2.2500000e+02 
3.500e+01 ; 1.200e+01 ; 7.000e-01 ; 1.2607000e+01 ; 2.2500000e+02 
3.500e+01 ; 1.200e+01 ; 7.000e-01 ; 1.2863000e+01 ; 2.2500000e+02 
3.500e+01 ; 1.200e+01 ; 7.000e-01 ; 1.3300000e+01 ; 2.2500000e+02 
3.500e+01 ; 1.200e+01 ; 7.000e-01 ; 1.3300000e+01 ; 2.2500000e+02 
3.500e+01 ; 1.200e+01 ; 7.000e-01 ; 1.3301000e+01 ; 2.2500000e+02 
3.500e+01 ; 1.200e+01 ; 7.000e-01 ; 1.3302000e+01 ; 2.2500000e+02 
3.500e+01 ; 1.200e+01 ; 7.000e-01 ; 1.3303000e+01 ; 2.2500000e+02 
3.500e+01 ; 1.200e+01 ; 7.000e-01 ; 1.3305000e+01 ; 2.2500000e+02 
3.500e+01 ; 1.200e+01 ; 7.000e-01 ; 1.3309000e+01 ; 2.2500000e+02 
3.500e+01 ; 1.200e+01 ; 7.000e-01 ; 1.3317000e+01 ; 2.2500000e+02 
3.500e+01 ; 1.200e+01 ; 7.000e-01 ; 1.3333000e+01 ; 2.2500000e+02 
3.500e+01 ; 1.200e+01 ; 7.000e-01 ; 1.3365000e+01 ; 2.2500000e+02 
3.500e+01 ; 1.200e+01 ; 7.000e-01 ; 1.3429000e+01 ; 2.2500000e+02 
3.500e+01 ; 1.200e+01 ; 7.000e-01 ; 1.3557000e+01 ; 2.2500000e+02 
3.500e+01 ; 1.200e+01 ; 7.000e-01 ; 1.3813000e+01 ; 2.2500000e+02 
3.500e+01 ; 1.200e+01 ; 7.000e-01 ; 1.4250000e+01 ; 2.2500000e+02 
3.500e+01 ; 1.200e+01 ; 7.000e-01 ; 1.4250000e+01 ; 2.2500000e+02 
3.500e+01 ; 1.200e+01 ; 7.000e-01 ; 1.4251000e+01 ; 2.2490263e+02 
3.500e+01 ; 1.200e+01 ; 7.000e-01 ; 1.4252000e+01 ; 2.2480534e+02 
3.500e+01 ; 1.200e+01 ; 7.000e-01 ; 1.4253000e+01 ; 2.2470811e+02 
3.500e+01 ; 1.200e+01 ; 7.000e-01 ; 1.4255000e+01 ; 2.2451395e+02 
3.500e+01 ; 1.200e+01 ; 7.000e-01 ; 1.4259000e+01 ; 2.2412677e+02 
3.500e+01 ; 1.200e+01 ; 7.000e-01 ; 1.4267000e+01 ; 2.2335692e+02 
3.500e+01 ; 1.200e+01 ; 7.000e-01 ; 1.4283000e+01 ; 2.2183508e+02 
3.500e+01 ; 1.200e+01 ; 7.000e-01 ; 1.4315000e+01 ; 2.1886118e+02 
3.500e+01 ; 1.200e+01 ; 7.000e-01 ; 1.4379000e+01 ; 2.1317955e+02 
3.500e+01 ; 1.200e+01 ; 7.000e-01 ; 1.4507000e+01 ; 2.0278711e+02 
3.500e+01 ; 1.200e+01 ; 7.000e-01 ; 1.4763000e+01 ; 1.8525934e+02 
3.500e+01 ; 1.200e+01 ; 7.000e-01 ; 1.5200000e+01 ; 1.6250122e+02 
3.500e+01 ; 1.200e+01 ; 7.000e-01 ; 1.5200000e+01 ; 1.6250122e+02 
3.500e+01 ; 1.200e+01 ; 7.000e-01 ; 1.5201000e+01 ; 1.6244917e+02 
3.500e+01 ; 1.200e+01 ; 7.000e-01 ; 1.5202000e+01 ; 1.6239716e+02 
3.500e+01 ; 1.200e+01 ; 7.000e-01 ; 1.5203000e+01 ; 1.6234518e+02 
3.500e+01 ; 1.200e+01 ; 7.000e-01 ; 1.5205000e+01 ; 1.6224139e+02 
3.500e+01 ; 1.200e+01 ; 7.000e-01 ; 1.5209000e+01 ; 1.6203439e+02 
3.500e+01 ; 1.200e+01 ; 7.000e-01 ; 1.5217000e+01 ; 1.6162276e+02 
3.500e+01 ; 1.200e+01 ; 7.000e-01 ; 1.5233000e+01 ; 1.6080879e+02 
3.500e+01 ; 1.200e+01 ; 7.000e-01 ; 1.5265000e+01 ; 1.5921736e+02 
3.500e+01 ; 1.200e+01 ; 7.000e-01 ; 1.5329000e+01 ; 1.5617380e+02 
3.500e+01 ; 1.200e+01 ; 7.000e-01 ; 1.5457000e+01 ; 1.5059630e+02 
3.500e+01 ; 1.200e+01 ; 7.000e-01 ; 1.5713000e+01 ; 1.4115987e+02 
3.500e+01 ; 1.200e+01 ; 7.000e-01 ; 1.6150000e+01 ; 1.2885803e+02 
3.500e+01 ; 1.200e+01 ; 7.000e-01 ; 1.6150000e+01 ; 1.2885803e+02 
3.500e+01 ; 1.200e+01 ; 7.000e-01 ; 1.6151000e+01 ; 1.2882990e+02 
3.500e+01 ; 1.200e+01 ; 7.000e-01 ; 1.6152000e+01 ; 1.2880179e+02 
3.500e+01 ; 1.200e+01 ; 7.000e-01 ; 1.6153000e+01 ; 1.2877370e+02 
3.500e+01 ; 1.200e+01 ; 7.000e-01 ; 1.6155000e+01 ; 1.2871759e+02 
3.500e+01 ; 1.200e+01 ; 7.000e-01 ; 1.6159000e+01 ; 1.2860570e+02 
3.500e+01 ; 1.200e+01 ; 7.000e-01 ; 1.6167000e+01 ; 1.2838316e+02 
3.500e+01 ; 1.200e+01 ; 7.000e-01 ; 1.6183000e+01 ; 1.2794306e+02 
3.500e+01 ; 1.200e+01 ; 7.000e-01 ; 1.6215000e+01 ; 1.2708232e+02 
3.500e+01 ; 1.200e+01 ; 7.000e-01 ; 1.6279000e+01 ; 1.2543523e+02 
3.500e+01 ; 1.200e+01 ; 7.000e-01 ; 1.6407000e+01 ; 1.2241364e+02 
3.500e+01 ; 1.200e+01 ; 7.000e-01 ; 1.6663000e+01 ; 1.1729269e+02 
3.500e+01 ; 1.200e+01 ; 7.000e-01 ; 1.7100000e+01 ; 1.1060207e+02 
3.500e+01 ; 1.200e+01 ; 7.000e-01 ; 1.7100000e+01 ; 1.1060207e+02 
3.500e+01 ; 1.200e+01 ; 7.000e-01 ; 1.7101000e+01 ; 1.1058677e+02 
3.500e+01 ; 1.200e+01 ; 7.000e-01 ; 1.7102000e+01 ; 1.1057148e+02 
3.500e+01 ; 1.200e+01 ; 7.000e-01 ; 1.7103000e+01 ; 1.1055620e+02 
3.500e+01 ; 1.200e+01 ; 7.000e-01 ; 1.7105000e+01 ; 1.1052568e+02 
3.500e+01 ; 1.200e+01 ; 7.000e-01 ; 1.7109000e+01 ; 1.1046483e+02 
3.500e+01 ; 1.200e+01 ; 7.000e-01 ; 1.7117000e+01 ; 1.1034379e+02 
3.500e+01 ; 1.200e+01 ; 7.000e-01 ; 1.7133000e+01 ; 1.1010439e+02 
3.500e+01 ; 1.200e+01 ; 7.000e-01 ; 1.7165000e+01 ; 1.0963610e+02 
3.500e+01 ; 1.200e+01 ; 7.000e-01 ; 1.7229000e+01 ; 1.0873969e+02 
3.500e+01 ; 1.200e+01 ; 7.000e-01 ; 1.7357000e+01 ; 1.0709422e+02 
3.500e+01 ; 1.200e+01 ; 7.000e-01 ; 1.7613000e+01 ; 1.0430263e+02 
3.500e+01 ; 1.200e+01 ; 7.000e-01 ; 1.8050000e+01 ; 1.0065034e+02 
3.500e+01 ; 1.200e+01 ; 7.000e-01 ; 1.8050000e+01 ; 1.0065034e+02 
3.500e+01 ; 1.200e+01 ; 7.000e-01 ; 1.8051000e+01 ; 1.0064199e+02 
3.500e+01 ; 1.200e+01 ; 7.000e-01 ; 1.8052000e+01 ; 1.0063364e+02 
3.500e+01 ; 1.200e+01 ; 7.000e-01 ; 1.8053000e+01 ; 1.0062531e+02 
3.500e+01 ; 1.200e+01 ; 7.000e-01 ; 1.8055000e+01 ; 1.0060865e+02 
3.500e+01 ; 1.200e+01 ; 7.000e-01 ; 1.8059000e+01 ; 1.0057542e+02 
3.500e+01 ; 1.200e+01 ; 7.000e-01 ; 1.8067000e+01 ; 1.0050935e+02 
3.500e+01 ; 1.200e+01 ; 7.000e-01 ; 1.8083000e+01 ; 1.0037865e+02 
3.500e+01 ; 1.200e+01 ; 7.000e-01 ; 1.8115000e+01 ; 1.0012297e+02 
3.500e+01 ; 1.200e+01 ; 7.000e-01 ; 1.8179000e+01 ; 9.9633423e+01 
3.500e+01 ; 1.200e+01 ; 7.000e-01 ; 1.8307000e+01 ; 9.8734436e+01 
3.500e+01 ; 1.200e+01 ; 7.000e-01 ; 1.8563000e+01 ; 9.7208214e+01 
3.500e+01 ; 1.200e+01 ; 7.000e-01 ; 1.9000000e+01 ; 9.5209526e+01 
3.500e+01 ; 1.200e+01 ; 7.000e-01 ; 1.9000000e+01 ; 9.5209526e+01 
3.500e+01 ; 1.200e+01 ; 7.000e-01 ; 1.9001000e+01 ; 9.5204956e+01 
3.500e+01 ; 1.200e+01 ; 7.000e-01 ; 1.9002000e+01 ; 9.5200386e+01 
3.500e+01 ; 1.200e+01 ; 7.000e-01 ; 1.9003000e+01 ; 9.5195824e+01 
3.500e+01 ; 1.200e+01 ; 7.000e-01 ; 1.9005000e+01 ; 9.5186707e+01 
3.500e+01 ; 1.200e+01 ; 7.000e-01 ; 1.9009000e+01 ; 9.5168526e+01 
3.500e+01 ; 1.200e+01 ; 7.000e-01 ; 1.9017000e+01 ; 9.5132370e+01 
3.500e+01 ; 1.200e+01 ; 7.000e-01 ; 1.9033000e+01 ; 9.5060837e+01 
3.500e+01 ; 1.200e+01 ; 7.000e-01 ; 1.9065000e+01 ; 9.4920891e+01 
3.500e+01 ; 1.200e+01 ; 7.000e-01 ; 1.9129000e+01 ; 9.4652901e+01 
3.500e+01 ; 1.200e+01 ; 7.000e-01 ; 1.9257000e+01 ; 9.4160637e+01 
3.500e+01 ; 1.200e+01 ; 7.000e-01 ; 1.9513000e+01 ; 9.3324478e+01 
3.500e+01 ; 1.200e+01 ; 7.000e-01 ; 1.9950000e+01 ; 9.2228668e+01 
3.500e+01 ; 1.200e+01 ; 7.000e-01 ; 1.9950000e+01 ; 9.2228668e+01 
3.500e+01 ; 1.200e+01 ; 7.000e-01 ; 1.9951000e+01 ; 9.2226158e+01 
3.500e+01 ; 1.200e+01 ; 7.000e-01 ; 1.9952000e+01 ; 9.2223656e+01 
3.500e+01 ; 1.200e+01 ; 7.000e-01 ; 1.9953000e+01 ; 9.2221153e+01 
3.500e+01 ; 1.200e+01 ; 7.000e-01 ; 1.9955000e+01 ; 9.2216156e+01 
3.500e+01 ; 1.200e+01 ; 7.000e-01 ; 1.9959000e+01 ; 9.2206192e+01 
3.500e+01 ; 1.200e+01 ; 7.000e-01 ; 1.9967000e+01 ; 9.2186363e+01 
3.500e+01 ; 1.200e+01 ; 7.000e-01 ; 1.9983000e+01 ; 9.2147141e+01 
3.500e+01 ; 1.200e+01 ; 7.000e-01 ; 2.0015000e+01 ; 9.2070404e+01 
3.500e+01 ; 1.200e+01 ; 7.000e-01 ; 2.0079000e+01 ; 9.1923439e+01 
3.500e+01 ; 1.200e+01 ; 7.000e-01 ; 2.0207000e+01 ; 9.1653419e+01 
3.500e+01 ; 1.200e+01 ; 7.000e-01 ; 2.0463000e+01 ; 9.1194565e+01 
3.500e+01 ; 1.200e+01 ; 7.000e-01 ; 2.0900000e+01 ; 9.0592865e+01 
3.500e+01 ; 1.200e+01 ; 7.000e-01 ; 2.0900000e+01 ; 9.0592865e+01 
3.500e+01 ; 1.200e+01 ; 7.000e-01 ; 2.0901000e+01 ; 9.0591492e+01 
3.500e+01 ; 1.200e+01 ; 7.000e-01 ; 2.0902000e+01 ; 9.0590118e+01 
3.500e+01 ; 1.200e+01 ; 7.000e-01 ; 2.0903000e+01 ; 9.0588745e+01 
3.500e+01 ; 1.200e+01 ; 7.000e-01 ; 2.0905000e+01 ; 9.0585999e+01 
3.500e+01 ; 1.200e+01 ; 7.000e-01 ; 2.0909000e+01 ; 9.0580528e+01 
3.500e+01 ; 1.200e+01 ; 7.000e-01 ; 2.0917000e+01 ; 9.0569641e+01 
3.500e+01 ; 1.200e+01 ; 7.000e-01 ; 2.0933000e+01 ; 9.0548103e+01 
3.500e+01 ; 1.200e+01 ; 7.000e-01 ; 2.0965000e+01 ; 9.0505966e+01 
3.500e+01 ; 1.200e+01 ; 7.000e-01 ; 2.1029000e+01 ; 9.0425247e+01 
3.500e+01 ; 1.200e+01 ; 7.000e-01 ; 2.1157000e+01 ; 9.0276917e+01 
3.500e+01 ; 1.200e+01 ; 7.000e-01 ; 2.1413000e+01 ; 9.0024780e+01 
3.500e+01 ; 1.200e+01 ; 7.000e-01 ; 2.1850000e+01 ; 8.9693970e+01 
3.500e+01 ; 1.200e+01 ; 7.000e-01 ; 2.1850000e+01 ; 8.9693970e+01 
3.500e+01 ; 1.200e+01 ; 7.000e-01 ; 2.1851000e+01 ; 8.9693214e+01 
3.500e+01 ; 1.200e+01 ; 7.000e-01 ; 2.1852000e+01 ; 8.9692451e+01 
3.500e+01 ; 1.200e+01 ; 7.000e-01 ; 2.1853000e+01 ; 8.9691696e+01 
3.500e+01 ; 1.200e+01 ; 7.000e-01 ; 2.1855000e+01 ; 8.9690193e+01 
3.500e+01 ; 1.200e+01 ; 7.000e-01 ; 2.1859000e+01 ; 8.9687180e+01 
3.500e+01 ; 1.200e+01 ; 7.000e-01 ; 2.1867000e+01 ; 8.9681198e+01 
3.500e+01 ; 1.200e+01 ; 7.000e-01 ; 2.1883000e+01 ; 8.9669357e+01 
3.500e+01 ; 1.200e+01 ; 7.000e-01 ; 2.1915000e+01 ; 8.9646187e+01 
3.500e+01 ; 1.200e+01 ; 7.000e-01 ; 2.1979000e+01 ; 8.9601799e+01 
3.500e+01 ; 1.200e+01 ; 7.000e-01 ; 2.2107000e+01 ; 8.9520218e+01 
3.500e+01 ; 1.200e+01 ; 7.000e-01 ; 2.2363000e+01 ; 8.9381500e+01 
3.500e+01 ; 1.200e+01 ; 7.000e-01 ; 2.2800000e+01 ; 8.9199417e+01 
3.500e+01 ; 1.200e+01 ; 7.000e-01 ; 2.2800000e+01 ; 8.9199417e+01 
3.500e+01 ; 1.200e+01 ; 7.000e-01 ; 2.2801000e+01 ; 8.9199005e+01 
3.500e+01 ; 1.200e+01 ; 7.000e-01 ; 2.2802000e+01 ; 8.9198586e+01 
3.500e+01 ; 1.200e+01 ; 7.000e-01 ; 2.2803000e+01 ; 8.9198166e+01 
3.500e+01 ; 1.200e+01 ; 7.000e-01 ; 2.2805000e+01 ; 8.9197342e+01 
3.500e+01 ; 1.200e+01 ; 7.000e-01 ; 2.2809000e+01 ; 8.9195686e+01 
3.500e+01 ; 1.200e+01 ; 7.000e-01 ; 2.2817000e+01 ; 8.9192390e+01 
3.500e+01 ; 1.200e+01 ; 7.000e-01 ; 2.2833000e+01 ; 8.9185867e+01 
3.500e+01 ; 1.200e+01 ; 7.000e-01 ; 2.2865000e+01 ; 8.9173119e+01 
3.500e+01 ; 1.200e+01 ; 7.000e-01 ; 2.2929000e+01 ; 8.9148682e+01 
3.500e+01 ; 1.200e+01 ; 7.000e-01 ; 2.3057000e+01 ; 8.9103767e+01 
3.500e+01 ; 1.200e+01 ; 7.000e-01 ; 2.3313000e+01 ; 8.9027367e+01 
3.500e+01 ; 1.200e+01 ; 7.000e-01 ; 2.3750000e+01 ; 8.8927040e+01 
3.500e+01 ; 1.200e+01 ; 7.000e-01 ; 2.3750000e+01 ; 8.8927040e+01 
3.500e+01 ; 1.200e+01 ; 7.000e-01 ; 2.3751000e+01 ; 8.8926811e+01 
3.500e+01 ; 1.200e+01 ; 7.000e-01 ; 2.3752000e+01 ; 8.8926582e+01 
3.500e+01 ; 1.200e+01 ; 7.000e-01 ; 2.3753000e+01 ; 8.8926353e+01 
3.500e+01 ; 1.200e+01 ; 7.000e-01 ; 2.3755000e+01 ; 8.8925896e+01 
3.500e+01 ; 1.200e+01 ; 7.000e-01 ; 2.3759000e+01 ; 8.8924980e+01 
3.500e+01 ; 1.200e+01 ; 7.000e-01 ; 2.3767000e+01 ; 8.8923164e+01 
3.500e+01 ; 1.200e+01 ; 7.000e-01 ; 2.3783000e+01 ; 8.8919571e+01 
3.500e+01 ; 1.200e+01 ; 7.000e-01 ; 2.3815000e+01 ; 8.8912544e+01 
3.500e+01 ; 1.200e+01 ; 7.000e-01 ; 2.3879000e+01 ; 8.8899078e+01 
3.500e+01 ; 1.200e+01 ; 7.000e-01 ; 2.4007000e+01 ; 8.8874329e+01 
3.500e+01 ; 1.200e+01 ; 7.000e-01 ; 2.4263000e+01 ; 8.8832207e+01 
3.500e+01 ; 1.200e+01 ; 7.000e-01 ; 2.4700000e+01 ; 8.8776878e+01 
3.500e+01 ; 1.200e+01 ; 7.000e-01 ; 2.4700000e+01 ; 8.8776878e+01 
3.500e+01 ; 1.200e+01 ; 7.000e-01 ; 2.4701000e+01 ; 8.8776749e+01 
3.500e+01 ; 1.200e+01 ; 7.000e-01 ; 2.4702000e+01 ; 8.8776627e+01 
3.500e+01 ; 1.200e+01 ; 7.000e-01 ; 2.4703000e+01 ; 8.8776497e+01 
3.500e+01 ; 1.200e+01 ; 7.000e-01 ; 2.4705000e+01 ; 8.8776245e+01 
3.500e+01 ; 1.200e+01 ; 7.000e-01 ; 2.4709000e+01 ; 8.8775742e+01 
3.500e+01 ; 1.200e+01 ; 7.000e-01 ; 2.4717000e+01 ; 8.8774742e+01 
3.500e+01 ; 1.200e+01 ; 7.000e-01 ; 2.4733000e+01 ; 8.8772758e+01 
3.500e+01 ; 1.200e+01 ; 7.000e-01 ; 2.4765000e+01 ; 8.8768883e+01 
3.500e+01 ; 1.200e+01 ; 7.000e-01 ; 2.4829000e+01 ; 8.8761459e+01 
3.500e+01 ; 1.200e+01 ; 7.000e-01 ; 2.4957000e+01 ; 8.8747803e+01 
3.500e+01 ; 1.200e+01 ; 7.000e-01 ; 2.5213000e+01 ; 8.8724564e+01 
3.500e+01 ; 1.200e+01 ; 7.000e-01 ; 2.5650000e+01 ; 8.8694023e+01 
3.500e+01 ; 1.200e+01 ; 7.000e-01 ; 2.5650000e+01 ; 8.8694023e+01 
3.500e+01 ; 1.200e+01 ; 7.000e-01 ; 2.5651000e+01 ; 8.8693947e+01 
3.500e+01 ; 1.200e+01 ; 7.000e-01 ; 2.5652000e+01 ; 8.8693878e+01 
3.500e+01 ; 1.200e+01 ; 7.000e-01 ; 2.5653000e+01 ; 8.8693810e+01 
3.500e+01 ; 1.200e+01 ; 7.000e-01 ; 2.5655000e+01 ; 8.8693672e+01 
3.500e+01 ; 1.200e+01 ; 7.000e-01 ; 2.5659000e+01 ; 8.8693390e+01 
3.500e+01 ; 1.200e+01 ; 7.000e-01 ; 2.5667000e+01 ; 8.8692841e+01 
3.500e+01 ; 1.200e+01 ; 7.000e-01 ; 2.5683000e+01 ; 8.8691750e+01 
3.500e+01 ; 1.200e+01 ; 7.000e-01 ; 2.5715000e+01 ; 8.8689606e+01 
3.500e+01 ; 1.200e+01 ; 7.000e-01 ; 2.5779000e+01 ; 8.8685509e+01 
3.500e+01 ; 1.200e+01 ; 7.000e-01 ; 2.5907000e+01 ; 8.8677971e+01 
3.500e+01 ; 1.200e+01 ; 7.000e-01 ; 2.6163000e+01 ; 8.8665146e+01 
3.500e+01 ; 1.200e+01 ; 7.000e-01 ; 2.6600000e+01 ; 8.8648323e+01 
3.500e+01 ; 1.200e+01 ; 7.000e-01 ; 2.6600000e+01 ; 8.8648323e+01 
3.500e+01 ; 1.200e+01 ; 7.000e-01 ; 2.6601000e+01 ; 8.8648285e+01 
3.500e+01 ; 1.200e+01 ; 7.000e-01 ; 2.6602000e+01 ; 8.8648247e+01 
3.500e+01 ; 1.200e+01 ; 7.000e-01 ; 2.6603000e+01 ; 8.8648209e+01 
3.500e+01 ; 1.200e+01 ; 7.000e-01 ; 2.6605000e+01 ; 8.8648132e+01 
3.500e+01 ; 1.200e+01 ; 7.000e-01 ; 2.6609000e+01 ; 8.8647980e+01 
3.500e+01 ; 1.200e+01 ; 7.000e-01 ; 2.6617000e+01 ; 8.8647675e+01 
3.500e+01 ; 1.200e+01 ; 7.000e-01 ; 2.6633000e+01 ; 8.8647072e+01 
3.500e+01 ; 1.200e+01 ; 7.000e-01 ; 2.6665000e+01 ; 8.8645897e+01 
3.500e+01 ; 1.200e+01 ; 7.000e-01 ; 2.6729000e+01 ; 8.8643654e+01 
3.500e+01 ; 1.200e+01 ; 7.000e-01 ; 2.6857000e+01 ; 8.8639610e+01 
3.500e+01 ; 1.200e+01 ; 7.000e-01 ; 2.7113000e+01 ; 8.8633316e+01 
3.500e+01 ; 1.200e+01 ; 7.000e-01 ; 2.7550000e+01 ; 8.8627319e+01 
3.500e+01 ; 1.200e+01 ; 7.000e-01 ; 2.7550000e+01 ; 8.8627319e+01 
3.500e+01 ; 1.200e+01 ; 7.000e-01 ; 2.7551000e+01 ; 8.8627304e+01 
3.500e+01 ; 1.200e+01 ; 7.000e-01 ; 2.7552000e+01 ; 8.8627289e+01 
3.500e+01 ; 1.200e+01 ; 7.000e-01 ; 2.7553000e+01 ; 8.8627281e+01 
3.500e+01 ; 1.200e+01 ; 7.000e-01 ; 2.7555000e+01 ; 8.8627258e+01 
3.500e+01 ; 1.200e+01 ; 7.000e-01 ; 2.7559000e+01 ; 8.8627213e+01 
3.500e+01 ; 1.200e+01 ; 7.000e-01 ; 2.7567000e+01 ; 8.8627167e+01 
3.500e+01 ; 1.200e+01 ; 7.000e-01 ; 2.7583000e+01 ; 8.8627182e+01 
3.500e+01 ; 1.200e+01 ; 7.000e-01 ; 2.7615000e+01 ; 8.8627701e+01 
3.500e+01 ; 1.200e+01 ; 7.000e-01 ; 2.7679000e+01 ; 8.8630882e+01 
3.500e+01 ; 1.200e+01 ; 7.000e-01 ; 2.7807000e+01 ; 8.8646255e+01 
3.500e+01 ; 1.200e+01 ; 7.000e-01 ; 2.8063000e+01 ; 8.8709694e+01 
3.500e+01 ; 1.200e+01 ; 7.000e-01 ; 2.8500000e+01 ; 8.8877335e+01 
3.500e+01 ; 1.200e+01 ; 7.000e-01 ; 2.8500000e+01 ; 8.8877335e+01 
3.500e+01 ; 1.200e+01 ; 7.000e-01 ; 2.8501000e+01 ; 8.8887581e+01 
3.500e+01 ; 1.200e+01 ; 7.000e-01 ; 2.8502000e+01 ; 8.8897858e+01 
3.500e+01 ; 1.200e+01 ; 7.000e-01 ; 2.8503000e+01 ; 8.8908165e+01 
3.500e+01 ; 1.200e+01 ; 7.000e-01 ; 2.8505000e+01 ; 8.8928902e+01 
3.500e+01 ; 1.200e+01 ; 7.000e-01 ; 2.8509000e+01 ; 8.8970879e+01 
3.500e+01 ; 1.200e+01 ; 7.000e-01 ; 2.8517000e+01 ; 8.9056732e+01 
3.500e+01 ; 1.200e+01 ; 7.000e-01 ; 2.8533000e+01 ; 8.9235596e+01 
3.500e+01 ; 1.200e+01 ; 7.000e-01 ; 2.8565000e+01 ; 8.9618332e+01 
3.500e+01 ; 1.200e+01 ; 7.000e-01 ; 2.8629000e+01 ; 9.0459274e+01 
3.500e+01 ; 1.200e+01 ; 7.000e-01 ; 2.8757000e+01 ; 9.2297295e+01 
3.500e+01 ; 1.200e+01 ; 7.000e-01 ; 2.9013000e+01 ; 9.5942749e+01 
3.500e+01 ; 1.200e+01 ; 7.000e-01 ; 2.9450000e+01 ; 1.0085571e+02 
3.500e+01 ; 1.200e+01 ; 7.000e-01 ; 2.9450000e+01 ; 1.0085571e+02 
3.500e+01 ; 1.200e+01 ; 7.000e-01 ; 2.9451000e+01 ; 1.0086693e+02 
3.500e+01 ; 1.200e+01 ; 7.000e-01 ; 2.9452000e+01 ; 1.0087814e+02 
3.500e+01 ; 1.200e+01 ; 7.000e-01 ; 2.9453000e+01 ; 1.0088934e+02 
3.500e+01 ; 1.200e+01 ; 7.000e-01 ; 2.9455000e+01 ; 1.0091169e+02 
3.500e+01 ; 1.200e+01 ; 7.000e-01 ; 2.9459000e+01 ; 1.0095615e+02 
3.500e+01 ; 1.200e+01 ; 7.000e-01 ; 2.9467000e+01 ; 1.0104420e+02 
3.500e+01 ; 1.200e+01 ; 7.000e-01 ; 2.9483000e+01 ; 1.0121680e+02 
3.500e+01 ; 1.200e+01 ; 7.000e-01 ; 2.9515000e+01 ; 1.0154846e+02 
3.500e+01 ; 1.200e+01 ; 7.000e-01 ; 2.9579000e+01 ; 1.0216072e+02 
3.500e+01 ; 1.200e+01 ; 7.000e-01 ; 2.9707000e+01 ; 1.0320354e+02 
3.500e+01 ; 1.200e+01 ; 7.000e-01 ; 2.9963000e+01 ; 1.0470831e+02 
3.500e+01 ; 1.200e+01 ; 7.000e-01 ; 3.0400000e+01 ; 1.0610293e+02 
3.500e+01 ; 1.200e+01 ; 7.000e-01 ; 3.0400000e+01 ; 1.0610293e+02 
3.500e+01 ; 1.200e+01 ; 7.000e-01 ; 3.0401000e+01 ; 1.0610612e+02 
3.500e+01 ; 1.200e+01 ; 7.000e-01 ; 3.0402000e+01 ; 1.0610929e+02 
3.500e+01 ; 1.200e+01 ; 7.000e-01 ; 3.0403000e+01 ; 1.0611246e+02 
3.500e+01 ; 1.200e+01 ; 7.000e-01 ; 3.0405000e+01 ; 1.0611879e+02 
3.500e+01 ; 1.200e+01 ; 7.000e-01 ; 3.0409000e+01 ; 1.0613133e+02 
3.500e+01 ; 1.200e+01 ; 7.000e-01 ; 3.0417000e+01 ; 1.0615604e+02 
3.500e+01 ; 1.200e+01 ; 7.000e-01 ; 3.0433000e+01 ; 1.0620393e+02 
3.500e+01 ; 1.200e+01 ; 7.000e-01 ; 3.0465000e+01 ; 1.0629379e+02 
3.500e+01 ; 1.200e+01 ; 7.000e-01 ; 3.0529000e+01 ; 1.0645140e+02 
3.500e+01 ; 1.200e+01 ; 7.000e-01 ; 3.0657000e+01 ; 1.0668841e+02 
3.500e+01 ; 1.200e+01 ; 7.000e-01 ; 3.0913000e+01 ; 1.0691682e+02 
3.500e+01 ; 1.200e+01 ; 7.000e-01 ; 3.1350000e+01 ; 1.0682820e+02 
3.500e+01 ; 1.200e+01 ; 7.000e-01 ; 3.1350000e+01 ; 1.0682820e+02 
3.500e+01 ; 1.200e+01 ; 7.000e-01 ; 3.1351000e+01 ; 1.0682800e+02 
3.500e+01 ; 1.200e+01 ; 7.000e-01 ; 3.1352000e+01 ; 1.0682779e+02 
3.500e+01 ; 1.200e+01 ; 7.000e-01 ; 3.1353000e+01 ; 1.0682758e+02 
3.500e+01 ; 1.200e+01 ; 7.000e-01 ; 3.1355000e+01 ; 1.0682715e+02 
3.500e+01 ; 1.200e+01 ; 7.000e-01 ; 3.1359000e+01 ; 1.0682625e+02 
3.500e+01 ; 1.200e+01 ; 7.000e-01 ; 3.1367000e+01 ; 1.0682429e+02 
3.500e+01 ; 1.200e+01 ; 7.000e-01 ; 3.1383000e+01 ; 1.0681976e+02 
3.500e+01 ; 1.200e+01 ; 7.000e-01 ; 3.1415000e+01 ; 1.0680830e+02 
3.500e+01 ; 1.200e+01 ; 7.000e-01 ; 3.1479000e+01 ; 1.0677651e+02 
3.500e+01 ; 1.200e+01 ; 7.000e-01 ; 3.1607000e+01 ; 1.0668216e+02 
3.500e+01 ; 1.200e+01 ; 7.000e-01 ; 3.1863000e+01 ; 1.0640070e+02 
3.500e+01 ; 1.200e+01 ; 7.000e-01 ; 3.2300000e+01 ; 1.0575590e+02 
3.500e+01 ; 1.200e+01 ; 7.000e-01 ; 3.2300000e+01 ; 1.0575590e+02 
3.500e+01 ; 1.200e+01 ; 7.000e-01 ; 3.2301000e+01 ; 1.0575442e+02 
3.500e+01 ; 1.200e+01 ; 7.000e-01 ; 3.2302000e+01 ; 1.0575294e+02 
3.500e+01 ; 1.200e+01 ; 7.000e-01 ; 3.2303000e+01 ; 1.0575146e+02 
3.500e+01 ; 1.200e+01 ; 7.000e-01 ; 3.2305000e+01 ; 1.0574850e+02 
3.500e+01 ; 1.200e+01 ; 7.000e-01 ; 3.2309000e+01 ; 1.0574257e+02 
3.500e+01 ; 1.200e+01 ; 7.000e-01 ; 3.2317000e+01 ; 1.0573065e+02 
3.500e+01 ; 1.200e+01 ; 7.000e-01 ; 3.2333000e+01 ; 1.0570660e+02 
3.500e+01 ; 1.200e+01 ; 7.000e-01 ; 3.2365000e+01 ; 1.0565771e+02 
3.500e+01 ; 1.200e+01 ; 7.000e-01 ; 3.2429000e+01 ; 1.0555700e+02 
3.500e+01 ; 1.200e+01 ; 7.000e-01 ; 3.2557000e+01 ; 1.0534605e+02 
3.500e+01 ; 1.200e+01 ; 7.000e-01 ; 3.2813000e+01 ; 1.0489920e+02 
3.500e+01 ; 1.200e+01 ; 7.000e-01 ; 3.3250000e+01 ; 1.0410872e+02 
3.500e+01 ; 1.200e+01 ; 7.000e-01 ; 3.3250000e+01 ; 1.0410872e+02 
3.500e+01 ; 1.200e+01 ; 7.000e-01 ; 3.3251000e+01 ; 1.0410691e+02 
3.500e+01 ; 1.200e+01 ; 7.000e-01 ; 3.3252000e+01 ; 1.0410509e+02 
3.500e+01 ; 1.200e+01 ; 7.000e-01 ; 3.3253000e+01 ; 1.0410329e+02 
3.500e+01 ; 1.200e+01 ; 7.000e-01 ; 3.3255000e+01 ; 1.0409967e+02 
3.500e+01 ; 1.200e+01 ; 7.000e-01 ; 3.3259000e+01 ; 1.0409243e+02 
3.500e+01 ; 1.200e+01 ; 7.000e-01 ; 3.3267000e+01 ; 1.0407794e+02 
3.500e+01 ; 1.200e+01 ; 7.000e-01 ; 3.3283000e+01 ; 1.0404893e+02 
3.500e+01 ; 1.200e+01 ; 7.000e-01 ; 3.3315000e+01 ; 1.0399078e+02 
3.500e+01 ; 1.200e+01 ; 7.000e-01 ; 3.3379000e+01 ; 1.0387418e+02 
3.500e+01 ; 1.200e+01 ; 7.000e-01 ; 3.3507000e+01 ; 1.0364048e+02 
3.500e+01 ; 1.200e+01 ; 7.000e-01 ; 3.3763000e+01 ; 1.0317657e+02 
3.500e+01 ; 1.200e+01 ; 7.000e-01 ; 3.4200000e+01 ; 1.0241189e+02 
3.500e+01 ; 1.200e+01 ; 7.000e-01 ; 3.4200000e+01 ; 1.0241189e+02 
3.500e+01 ; 1.200e+01 ; 7.000e-01 ; 3.4201000e+01 ; 1.0241013e+02 
3.500e+01 ; 1.200e+01 ; 7.000e-01 ; 3.4202000e+01 ; 1.0240839e+02 
3.500e+01 ; 1.200e+01 ; 7.000e-01 ; 3.4203000e+01 ; 1.0240664e+02 
3.500e+01 ; 1.200e+01 ; 7.000e-01 ; 3.4205000e+01 ; 1.0240314e+02 
3.500e+01 ; 1.200e+01 ; 7.000e-01 ; 3.4209000e+01 ; 1.0239614e+02 
3.500e+01 ; 1.200e+01 ; 7.000e-01 ; 3.4217000e+01 ; 1.0238216e+02 
3.500e+01 ; 1.200e+01 ; 7.000e-01 ; 3.4233000e+01 ; 1.0235425e+02 
3.500e+01 ; 1.200e+01 ; 7.000e-01 ; 3.4265000e+01 ; 1.0229857e+02 
3.500e+01 ; 1.200e+01 ; 7.000e-01 ; 3.4329000e+01 ; 1.0218789e+02 
3.500e+01 ; 1.200e+01 ; 7.000e-01 ; 3.4457000e+01 ; 1.0196957e+02 
3.500e+01 ; 1.200e+01 ; 7.000e-01 ; 3.4713000e+01 ; 1.0154686e+02 
3.500e+01 ; 1.200e+01 ; 7.000e-01 ; 3.5150000e+01 ; 1.0087064e+02 
3.500e+01 ; 1.200e+01 ; 7.000e-01 ; 3.5150000e+01 ; 1.0087064e+02 
3.500e+01 ; 1.200e+01 ; 7.000e-01 ; 3.5151000e+01 ; 1.0086909e+02 
3.500e+01 ; 1.200e+01 ; 7.000e-01 ; 3.5152000e+01 ; 1.0086755e+02 
3.500e+01 ; 1.200e+01 ; 7.000e-01 ; 3.5153000e+01 ; 1.0086600e+02 
3.500e+01 ; 1.200e+01 ; 7.000e-01 ; 3.5155000e+01 ; 1.0086291e+02 
3.500e+01 ; 1.200e+01 ; 7.000e-01 ; 3.5159000e+01 ; 1.0085673e+02 
3.500e+01 ; 1.200e+01 ; 7.000e-01 ; 3.5167000e+01 ; 1.0084438e+02 
3.500e+01 ; 1.200e+01 ; 7.000e-01 ; 3.5183000e+01 ; 1.0081975e+02 
3.500e+01 ; 1.200e+01 ; 7.000e-01 ; 3.5215000e+01 ; 1.0077073e+02 
3.500e+01 ; 1.200e+01 ; 7.000e-01 ; 3.5279000e+01 ; 1.0067369e+02 
3.500e+01 ; 1.200e+01 ; 7.000e-01 ; 3.5407000e+01 ; 1.0048367e+02 
3.500e+01 ; 1.200e+01 ; 7.000e-01 ; 3.5663000e+01 ; 1.0012011e+02 
3.500e+01 ; 1.200e+01 ; 7.000e-01 ; 3.6100000e+01 ; 9.9547050e+01 
3.500e+01 ; 1.200e+01 ; 7.000e-01 ; 3.6100000e+01 ; 9.9547050e+01 
3.500e+01 ; 1.200e+01 ; 7.000e-01 ; 3.6101000e+01 ; 9.9545746e+01 
3.500e+01 ; 1.200e+01 ; 7.000e-01 ; 3.6102000e+01 ; 9.9544434e+01 
3.500e+01 ; 1.200e+01 ; 7.000e-01 ; 3.6103000e+01 ; 9.9543121e+01 
3.500e+01 ; 1.200e+01 ; 7.000e-01 ; 3.6105000e+01 ; 9.9540497e+01 
3.500e+01 ; 1.200e+01 ; 7.000e-01 ; 3.6109000e+01 ; 9.9535263e+01 
3.500e+01 ; 1.200e+01 ; 7.000e-01 ; 3.6117000e+01 ; 9.9524811e+01 
3.500e+01 ; 1.200e+01 ; 7.000e-01 ; 3.6133000e+01 ; 9.9503960e+01 
3.500e+01 ; 1.200e+01 ; 7.000e-01 ; 3.6165000e+01 ; 9.9462509e+01 
3.500e+01 ; 1.200e+01 ; 7.000e-01 ; 3.6229000e+01 ; 9.9380638e+01 
3.500e+01 ; 1.200e+01 ; 7.000e-01 ; 3.6357000e+01 ; 9.9220909e+01 
3.500e+01 ; 1.200e+01 ; 7.000e-01 ; 3.6613000e+01 ; 9.8917198e+01 
3.500e+01 ; 1.200e+01 ; 7.000e-01 ; 3.7050000e+01 ; 9.8442223e+01 
3.500e+01 ; 1.200e+01 ; 7.000e-01 ; 3.7050000e+01 ; 9.8442223e+01 
3.500e+01 ; 1.200e+01 ; 7.000e-01 ; 3.7051000e+01 ; 9.8441139e+01 
3.500e+01 ; 1.200e+01 ; 7.000e-01 ; 3.7052000e+01 ; 9.8440048e+01 
3.500e+01 ; 1.200e+01 ; 7.000e-01 ; 3.7053000e+01 ; 9.8438965e+01 
3.500e+01 ; 1.200e+01 ; 7.000e-01 ; 3.7055000e+01 ; 9.8436790e+01 
3.500e+01 ; 1.200e+01 ; 7.000e-01 ; 3.7059000e+01 ; 9.8432457e+01 
3.500e+01 ; 1.200e+01 ; 7.000e-01 ; 3.7067000e+01 ; 9.8423790e+01 
3.500e+01 ; 1.200e+01 ; 7.000e-01 ; 3.7083000e+01 ; 9.8406517e+01 
3.500e+01 ; 1.200e+01 ; 7.000e-01 ; 3.7115000e+01 ; 9.8372208e+01 
3.500e+01 ; 1.200e+01 ; 7.000e-01 ; 3.7179000e+01 ; 9.8304504e+01 
3.500e+01 ; 1.200e+01 ; 7.000e-01 ; 3.7307000e+01 ; 9.8172699e+01 
3.500e+01 ; 1.200e+01 ; 7.000e-01 ; 3.7563000e+01 ; 9.7922913e+01 
3.500e+01 ; 1.200e+01 ; 7.000e-01 ; 3.8000000e+01 ; 9.7533943e+01 
3.500e+01 ; 1.200e+01 ; 7.000e-01 ; 3.8000000e+01 ; 9.7533943e+01 
3.500e+01 ; 1.200e+01 ; 7.000e-01 ; 3.8001000e+01 ; 9.7533051e+01 
3.500e+01 ; 1.200e+01 ; 7.000e-01 ; 3.8002000e+01 ; 9.7532158e+01 
3.500e+01 ; 1.200e+01 ; 7.000e-01 ; 3.8003000e+01 ; 9.7531273e+01 
3.500e+01 ; 1.200e+01 ; 7.000e-01 ; 3.8005000e+01 ; 9.7529495e+01 
3.500e+01 ; 1.200e+01 ; 7.000e-01 ; 3.8009000e+01 ; 9.7525940e+01 
3.500e+01 ; 1.200e+01 ; 7.000e-01 ; 3.8017000e+01 ; 9.7518845e+01 
3.500e+01 ; 1.200e+01 ; 7.000e-01 ; 3.8033000e+01 ; 9.7504707e+01 
3.500e+01 ; 1.200e+01 ; 7.000e-01 ; 3.8065000e+01 ; 9.7476631e+01 
3.500e+01 ; 1.200e+01 ; 7.000e-01 ; 3.8129000e+01 ; 9.7421257e+01 
3.500e+01 ; 1.200e+01 ; 7.000e-01 ; 3.8257000e+01 ; 9.7313576e+01 
3.500e+01 ; 1.200e+01 ; 7.000e-01 ; 3.8513000e+01 ; 9.7109886e+01 
3.500e+01 ; 1.200e+01 ; 7.000e-01 ; 3.8950000e+01 ; 9.6793442e+01 
3.500e+01 ; 1.200e+01 ; 7.000e-01 ; 3.8950000e+01 ; 9.6793442e+01 
3.500e+01 ; 1.200e+01 ; 7.000e-01 ; 3.8951000e+01 ; 9.6792717e+01 
3.500e+01 ; 1.200e+01 ; 7.000e-01 ; 3.8952000e+01 ; 9.6791992e+01 
3.500e+01 ; 1.200e+01 ; 7.000e-01 ; 3.8953000e+01 ; 9.6791267e+01 
3.500e+01 ; 1.200e+01 ; 7.000e-01 ; 3.8955000e+01 ; 9.6789818e+01 
3.500e+01 ; 1.200e+01 ; 7.000e-01 ; 3.8959000e+01 ; 9.6786934e+01 
3.500e+01 ; 1.200e+01 ; 7.000e-01 ; 3.8967000e+01 ; 9.6781158e+01 
3.500e+01 ; 1.200e+01 ; 7.000e-01 ; 3.8983000e+01 ; 9.6769661e+01 
3.500e+01 ; 1.200e+01 ; 7.000e-01 ; 3.9015000e+01 ; 9.6746826e+01 
3.500e+01 ; 1.200e+01 ; 7.000e-01 ; 3.9079000e+01 ; 9.6701805e+01 
3.500e+01 ; 1.200e+01 ; 7.000e-01 ; 3.9207000e+01 ; 9.6614319e+01 
3.500e+01 ; 1.200e+01 ; 7.000e-01 ; 3.9463000e+01 ; 9.6449005e+01 
3.500e+01 ; 1.200e+01 ; 7.000e-01 ; 3.9899999e+01 ; 9.6192551e+01 
3.500e+01 ; 1.200e+01 ; 7.000e-01 ; 3.9899999e+01 ; 9.6192551e+01 
3.500e+01 ; 1.200e+01 ; 7.000e-01 ; 3.9900999e+01 ; 9.6191971e+01 
3.500e+01 ; 1.200e+01 ; 7.000e-01 ; 3.9901999e+01 ; 9.6191383e+01 
3.500e+01 ; 1.200e+01 ; 7.000e-01 ; 3.9902999e+01 ; 9.6190796e+01 
3.500e+01 ; 1.200e+01 ; 7.000e-01 ; 3.9904999e+01 ; 9.6189621e+01 
3.500e+01 ; 1.200e+01 ; 7.000e-01 ; 3.9908999e+01 ; 9.6187279e+01 
3.500e+01 ; 1.200e+01 ; 7.000e-01 ; 3.9917000e+01 ; 9.6182602e+01 
3.500e+01 ; 1.200e+01 ; 7.000e-01 ; 3.9932999e+01 ; 9.6173286e+01 
3.500e+01 ; 1.200e+01 ; 7.000e-01 ; 3.9964999e+01 ; 9.6154785e+01 
3.500e+01 ; 1.200e+01 ; 7.000e-01 ; 4.0028999e+01 ; 9.6118317e+01 
3.500e+01 ; 1.200e+01 ; 7.000e-01 ; 4.0156999e+01 ; 9.6047493e+01 
3.500e+01 ; 1.200e+01 ; 7.000e-01 ; 4.0413000e+01 ; 9.5913872e+01 
3.500e+01 ; 1.200e+01 ; 7.000e-01 ; 4.0849999e+01 ; 9.5707756e+01 
3.500e+01 ; 1.200e+01 ; 7.000e-01 ; 4.0849999e+01 ; 9.5707756e+01 
3.500e+01 ; 1.200e+01 ; 7.000e-01 ; 4.0850999e+01 ; 9.5707283e+01 
3.500e+01 ; 1.200e+01 ; 7.000e-01 ; 4.0851999e+01 ; 9.5706818e+01 
3.500e+01 ; 1.200e+01 ; 7.000e-01 ; 4.0852999e+01 ; 9.5706345e+01 
3.500e+01 ; 1.200e+01 ; 7.000e-01 ; 4.0854999e+01 ; 9.5705399e+01 
3.500e+01 ; 1.200e+01 ; 7.000e-01 ; 4.0858999e+01 ; 9.5703522e+01 
3.500e+01 ; 1.200e+01 ; 7.000e-01 ; 4.0866999e+01 ; 9.5699760e+01 
3.500e+01 ; 1.200e+01 ; 7.000e-01 ; 4.0882999e+01 ; 9.5692276e+01 
3.500e+01 ; 1.200e+01 ; 7.000e-01 ; 4.0914999e+01 ; 9.5677422e+01 
3.500e+01 ; 1.200e+01 ; 7.000e-01 ; 4.0978999e+01 ; 9.5648216e+01 
3.500e+01 ; 1.200e+01 ; 7.000e-01 ; 4.1106999e+01 ; 9.5591873e+01 
3.500e+01 ; 1.200e+01 ; 7.000e-01 ; 4.1362999e+01 ; 9.5488419e+01 
3.500e+01 ; 1.200e+01 ; 7.000e-01 ; 4.1799999e+01 ; 9.5341194e+01 
3.500e+01 ; 1.200e+01 ; 7.000e-01 ; 4.1799999e+01 ; 9.5341194e+01 
3.500e+01 ; 1.200e+01 ; 7.000e-01 ; 4.1800999e+01 ; 9.5340858e+01 
3.500e+01 ; 1.200e+01 ; 7.000e-01 ; 4.1801999e+01 ; 9.5340523e+01 
3.500e+01 ; 1.200e+01 ; 7.000e-01 ; 4.1802999e+01 ; 9.5340187e+01 
3.500e+01 ; 1.200e+01 ; 7.000e-01 ; 4.1804999e+01 ; 9.5339523e+01 
3.500e+01 ; 1.200e+01 ; 7.000e-01 ; 4.1808999e+01 ; 9.5338203e+01 
3.500e+01 ; 1.200e+01 ; 7.000e-01 ; 4.1816999e+01 ; 9.5335602e+01 
3.500e+01 ; 1.200e+01 ; 7.000e-01 ; 4.1832999e+01 ; 9.5330597e+01 
3.500e+01 ; 1.200e+01 ; 7.000e-01 ; 4.1864999e+01 ; 9.5321442e+01 
3.500e+01 ; 1.200e+01 ; 7.000e-01 ; 4.1928999e+01 ; 9.5306976e+01 
3.500e+01 ; 1.200e+01 ; 7.000e-01 ; 4.2056999e+01 ; 9.5295410e+01 
3.500e+01 ; 1.200e+01 ; 7.000e-01 ; 4.2312999e+01 ; 9.5343590e+01 
3.500e+01 ; 1.200e+01 ; 7.000e-01 ; 4.2749999e+01 ; 9.5589470e+01 
3.500e+01 ; 1.200e+01 ; 7.000e-01 ; 4.2749999e+01 ; 9.5589470e+01 
3.500e+01 ; 1.200e+01 ; 7.000e-01 ; 4.2750999e+01 ; 9.5590034e+01 
3.500e+01 ; 1.200e+01 ; 7.000e-01 ; 4.2751999e+01 ; 9.5590607e+01 
3.500e+01 ; 1.200e+01 ; 7.000e-01 ; 4.2752999e+01 ; 9.5591171e+01 
3.500e+01 ; 1.200e+01 ; 7.000e-01 ; 4.2754999e+01 ; 9.5592316e+01 
3.500e+01 ; 1.200e+01 ; 7.000e-01 ; 4.2758999e+01 ; 9.5594643e+01 
3.500e+01 ; 1.200e+01 ; 7.000e-01 ; 4.2766999e+01 ; 9.5599419e+01 
3.500e+01 ; 1.200e+01 ; 7.000e-01 ; 4.2782999e+01 ; 9.5609520e+01 
3.500e+01 ; 1.200e+01 ; 7.000e-01 ; 4.2814999e+01 ; 9.5631927e+01 
3.500e+01 ; 1.200e+01 ; 7.000e-01 ; 4.2878999e+01 ; 9.5685959e+01 
3.500e+01 ; 1.200e+01 ; 7.000e-01 ; 4.3006999e+01 ; 9.5830940e+01 
3.500e+01 ; 1.200e+01 ; 7.000e-01 ; 4.3262999e+01 ; 9.6248970e+01 
3.500e+01 ; 1.200e+01 ; 7.000e-01 ; 4.3699999e+01 ; 9.7188950e+01 
3.500e+01 ; 1.200e+01 ; 7.000e-01 ; 4.3699999e+01 ; 9.7188950e+01 
3.500e+01 ; 1.200e+01 ; 7.000e-01 ; 4.3700999e+01 ; 9.7191101e+01 
3.500e+01 ; 1.200e+01 ; 7.000e-01 ; 4.3701999e+01 ; 9.7193260e+01 
3.500e+01 ; 1.200e+01 ; 7.000e-01 ; 4.3702999e+01 ; 9.7195412e+01 
3.500e+01 ; 1.200e+01 ; 7.000e-01 ; 4.3704999e+01 ; 9.7199722e+01 
3.500e+01 ; 1.200e+01 ; 7.000e-01 ; 4.3708999e+01 ; 9.7208374e+01 
3.500e+01 ; 1.200e+01 ; 7.000e-01 ; 4.3716999e+01 ; 9.7225739e+01 
3.500e+01 ; 1.200e+01 ; 7.000e-01 ; 4.3732999e+01 ; 9.7260742e+01 
3.500e+01 ; 1.200e+01 ; 7.000e-01 ; 4.3764999e+01 ; 9.7331749e+01 
3.500e+01 ; 1.200e+01 ; 7.000e-01 ; 4.3828999e+01 ; 9.7477051e+01 
3.500e+01 ; 1.200e+01 ; 7.000e-01 ; 4.3956999e+01 ; 9.7775696e+01 
3.500e+01 ; 1.200e+01 ; 7.000e-01 ; 4.4212999e+01 ; 9.8375961e+01 
3.500e+01 ; 1.200e+01 ; 7.000e-01 ; 4.4649999e+01 ; 9.9326149e+01 
3.500e+01 ; 1.200e+01 ; 7.000e-01 ; 4.4649999e+01 ; 9.9326149e+01 
3.500e+01 ; 1.200e+01 ; 7.000e-01 ; 4.4650999e+01 ; 9.9328323e+01 
3.500e+01 ; 1.200e+01 ; 7.000e-01 ; 4.4651999e+01 ; 9.9330490e+01 
3.500e+01 ; 1.200e+01 ; 7.000e-01 ; 4.4652999e+01 ; 9.9332664e+01 
3.500e+01 ; 1.200e+01 ; 7.000e-01 ; 4.4654999e+01 ; 9.9337013e+01 
3.500e+01 ; 1.200e+01 ; 7.000e-01 ; 4.4658999e+01 ; 9.9345695e+01 
3.500e+01 ; 1.200e+01 ; 7.000e-01 ; 4.4666999e+01 ; 9.9363037e+01 
3.500e+01 ; 1.200e+01 ; 7.000e-01 ; 4.4682999e+01 ; 9.9397606e+01 
3.500e+01 ; 1.200e+01 ; 7.000e-01 ; 4.4714999e+01 ; 9.9466293e+01 
3.500e+01 ; 1.200e+01 ; 7.000e-01 ; 4.4778999e+01 ; 9.9601601e+01 
3.500e+01 ; 1.200e+01 ; 7.000e-01 ; 4.4906999e+01 ; 9.9862686e+01 
3.500e+01 ; 1.200e+01 ; 7.000e-01 ; 4.5162999e+01 ; 1.0034013e+02 
3.500e+01 ; 1.200e+01 ; 7.000e-01 ; 4.5599999e+01 ; 1.0101430e+02 
3.500e+01 ; 1.200e+01 ; 7.000e-01 ; 4.5599999e+01 ; 1.0101430e+02 
3.500e+01 ; 1.200e+01 ; 7.000e-01 ; 4.5600999e+01 ; 1.0101584e+02 
3.500e+01 ; 1.200e+01 ; 7.000e-01 ; 4.5601999e+01 ; 1.0101738e+02 
3.500e+01 ; 1.200e+01 ; 7.000e-01 ; 4.5602999e+01 ; 1.0101892e+02 
3.500e+01 ; 1.200e+01 ; 7.000e-01 ; 4.5604999e+01 ; 1.0102200e+02 
3.500e+01 ; 1.200e+01 ; 7.000e-01 ; 4.5608999e+01 ; 1.0102814e+02 
3.500e+01 ; 1.200e+01 ; 7.000e-01 ; 4.5616999e+01 ; 1.0104038e+02 
3.500e+01 ; 1.200e+01 ; 7.000e-01 ; 4.5632999e+01 ; 1.0106467e+02 
3.500e+01 ; 1.200e+01 ; 7.000e-01 ; 4.5664999e+01 ; 1.0111250e+02 
3.500e+01 ; 1.200e+01 ; 7.000e-01 ; 4.5728999e+01 ; 1.0120509e+02 
3.500e+01 ; 1.200e+01 ; 7.000e-01 ; 4.5856999e+01 ; 1.0137799e+02 
3.500e+01 ; 1.200e+01 ; 7.000e-01 ; 4.6112999e+01 ; 1.0167603e+02 
3.500e+01 ; 1.200e+01 ; 7.000e-01 ; 4.6549999e+01 ; 1.0205770e+02 
3.500e+01 ; 1.200e+01 ; 7.000e-01 ; 4.6549999e+01 ; 1.0205770e+02 
3.500e+01 ; 1.200e+01 ; 7.000e-01 ; 4.6550999e+01 ; 1.0205858e+02 
3.500e+01 ; 1.200e+01 ; 7.000e-01 ; 4.6551999e+01 ; 1.0205945e+02 
3.500e+01 ; 1.200e+01 ; 7.000e-01 ; 4.6552999e+01 ; 1.0206032e+02 
3.500e+01 ; 1.200e+01 ; 7.000e-01 ; 4.6554999e+01 ; 1.0206206e+02 
3.500e+01 ; 1.200e+01 ; 7.000e-01 ; 4.6558999e+01 ; 1.0206553e+02 
3.500e+01 ; 1.200e+01 ; 7.000e-01 ; 4.6566999e+01 ; 1.0207243e+02 
3.500e+01 ; 1.200e+01 ; 7.000e-01 ; 4.6582999e+01 ; 1.0208605e+02 
3.500e+01 ; 1.200e+01 ; 7.000e-01 ; 4.6614999e+01 ; 1.0211263e+02 
3.500e+01 ; 1.200e+01 ; 7.000e-01 ; 4.6678999e+01 ; 1.0216315e+02 
3.500e+01 ; 1.200e+01 ; 7.000e-01 ; 4.6806999e+01 ; 1.0225398e+02 
3.500e+01 ; 1.200e+01 ; 7.000e-01 ; 4.7062999e+01 ; 1.0239803e+02 
3.500e+01 ; 1.200e+01 ; 7.000e-01 ; 4.7499999e+01 ; 1.0255036e+02 
3.500e+01 ; 1.200e+01 ; 7.000e-01 ; 4.7499999e+01 ; 1.0255036e+02 
3.500e+01 ; 1.200e+01 ; 7.000e-01 ; 4.7500999e+01 ; 1.0255071e+02 
3.500e+01 ; 1.200e+01 ; 7.000e-01 ; 4.7501999e+01 ; 1.0255106e+02 
3.500e+01 ; 1.200e+01 ; 7.000e-01 ; 4.7502999e+01 ; 1.0255141e+02 
3.500e+01 ; 1.200e+01 ; 7.000e-01 ; 4.7504999e+01 ; 1.0255209e+02 
3.500e+01 ; 1.200e+01 ; 7.000e-01 ; 4.7508999e+01 ; 1.0255347e+02 
3.500e+01 ; 1.200e+01 ; 7.000e-01 ; 4.7516999e+01 ; 1.0255620e+02 
3.500e+01 ; 1.200e+01 ; 7.000e-01 ; 4.7532999e+01 ; 1.0256152e+02 
3.500e+01 ; 1.200e+01 ; 7.000e-01 ; 4.7564999e+01 ; 1.0257167e+02 
3.500e+01 ; 1.200e+01 ; 7.000e-01 ; 4.7628999e+01 ; 1.0259007e+02 
3.500e+01 ; 1.200e+01 ; 7.000e-01 ; 4.7756999e+01 ; 1.0261964e+02 
3.500e+01 ; 1.200e+01 ; 7.000e-01 ; 4.8012999e+01 ; 1.0265293e+02 
3.500e+01 ; 1.200e+01 ; 7.000e-01 ; 4.8449999e+01 ; 1.0264810e+02 
3.500e+01 ; 1.200e+01 ; 7.000e-01 ; 4.8449999e+01 ; 1.0264810e+02 
3.500e+01 ; 1.200e+01 ; 7.000e-01 ; 4.8450999e+01 ; 1.0264809e+02 
3.500e+01 ; 1.200e+01 ; 7.000e-01 ; 4.8451999e+01 ; 1.0264808e+02 
3.500e+01 ; 1.200e+01 ; 7.000e-01 ; 4.8452999e+01 ; 1.0264807e+02 
3.500e+01 ; 1.200e+01 ; 7.000e-01 ; 4.8454999e+01 ; 1.0264804e+02 
3.500e+01 ; 1.200e+01 ; 7.000e-01 ; 4.8458999e+01 ; 1.0264799e+02 
3.500e+01 ; 1.200e+01 ; 7.000e-01 ; 4.8466999e+01 ; 1.0264786e+02 
3.500e+01 ; 1.200e+01 ; 7.000e-01 ; 4.8482999e+01 ; 1.0264751e+02 
3.500e+01 ; 1.200e+01 ; 7.000e-01 ; 4.8514999e+01 ; 1.0264650e+02 
3.500e+01 ; 1.200e+01 ; 7.000e-01 ; 4.8578999e+01 ; 1.0264324e+02 
3.500e+01 ; 1.200e+01 ; 7.000e-01 ; 4.8706999e+01 ; 1.0263210e+02 
3.500e+01 ; 1.200e+01 ; 7.000e-01 ; 4.8962999e+01 ; 1.0259363e+02 
3.500e+01 ; 1.200e+01 ; 7.000e-01 ; 4.9399999e+01 ; 1.0249094e+02 
3.500e+01 ; 1.200e+01 ; 7.000e-01 ; 4.9399999e+01 ; 1.0249094e+02 
3.500e+01 ; 1.200e+01 ; 7.000e-01 ; 4.9400999e+01 ; 1.0249071e+02 
3.500e+01 ; 1.200e+01 ; 7.000e-01 ; 4.9401999e+01 ; 1.0249047e+02 
3.500e+01 ; 1.200e+01 ; 7.000e-01 ; 4.9402999e+01 ; 1.0249023e+02 
3.500e+01 ; 1.200e+01 ; 7.000e-01 ; 4.9404999e+01 ; 1.0248976e+02 
3.500e+01 ; 1.200e+01 ; 7.000e-01 ; 4.9408999e+01 ; 1.0248882e+02 
3.500e+01 ; 1.200e+01 ; 7.000e-01 ; 4.9416999e+01 ; 1.0248691e+02 
3.500e+01 ; 1.200e+01 ; 7.000e-01 ; 4.9432999e+01 ; 1.0248305e+02 
3.500e+01 ; 1.200e+01 ; 7.000e-01 ; 4.9464999e+01 ; 1.0247514e+02 
3.500e+01 ; 1.200e+01 ; 7.000e-01 ; 4.9528999e+01 ; 1.0245858e+02 
3.500e+01 ; 1.200e+01 ; 7.000e-01 ; 4.9656999e+01 ; 1.0242277e+02 
3.500e+01 ; 1.200e+01 ; 7.000e-01 ; 4.9912999e+01 ; 1.0234197e+02 
3.500e+01 ; 1.200e+01 ; 7.000e-01 ; 5.0349999e+01 ; 1.0218422e+02 
3.500e+01 ; 1.200e+01 ; 7.000e-01 ; 5.0349999e+01 ; 1.0218422e+02 
3.500e+01 ; 1.200e+01 ; 7.000e-01 ; 5.0350999e+01 ; 1.0218385e+02 
3.500e+01 ; 1.200e+01 ; 7.000e-01 ; 5.0351999e+01 ; 1.0218349e+02 
3.500e+01 ; 1.200e+01 ; 7.000e-01 ; 5.0352999e+01 ; 1.0218314e+02 
3.500e+01 ; 1.200e+01 ; 7.000e-01 ; 5.0354999e+01 ; 1.0218241e+02 
3.500e+01 ; 1.200e+01 ; 7.000e-01 ; 5.0358999e+01 ; 1.0218096e+02 
3.500e+01 ; 1.200e+01 ; 7.000e-01 ; 5.0366999e+01 ; 1.0217806e+02 
3.500e+01 ; 1.200e+01 ; 7.000e-01 ; 5.0382999e+01 ; 1.0217223e+02 
3.500e+01 ; 1.200e+01 ; 7.000e-01 ; 5.0414999e+01 ; 1.0216047e+02 
3.500e+01 ; 1.200e+01 ; 7.000e-01 ; 5.0478999e+01 ; 1.0213657e+02 
3.500e+01 ; 1.200e+01 ; 7.000e-01 ; 5.0606999e+01 ; 1.0208737e+02 
3.500e+01 ; 1.200e+01 ; 7.000e-01 ; 5.0862999e+01 ; 1.0198453e+02 
3.500e+01 ; 1.200e+01 ; 7.000e-01 ; 5.1299999e+01 ; 1.0180041e+02 
3.500e+01 ; 1.200e+01 ; 7.000e-01 ; 5.1299999e+01 ; 1.0180041e+02 
3.500e+01 ; 1.200e+01 ; 7.000e-01 ; 5.1300999e+01 ; 1.0179998e+02 
3.500e+01 ; 1.200e+01 ; 7.000e-01 ; 5.1301999e+01 ; 1.0179956e+02 
3.500e+01 ; 1.200e+01 ; 7.000e-01 ; 5.1302999e+01 ; 1.0179914e+02 
3.500e+01 ; 1.200e+01 ; 7.000e-01 ; 5.1304999e+01 ; 1.0179829e+02 
3.500e+01 ; 1.200e+01 ; 7.000e-01 ; 5.1308999e+01 ; 1.0179661e+02 
3.500e+01 ; 1.200e+01 ; 7.000e-01 ; 5.1316999e+01 ; 1.0179324e+02 
3.500e+01 ; 1.200e+01 ; 7.000e-01 ; 5.1332999e+01 ; 1.0178647e+02 
3.500e+01 ; 1.200e+01 ; 7.000e-01 ; 5.1364999e+01 ; 1.0177290e+02 
3.500e+01 ; 1.200e+01 ; 7.000e-01 ; 5.1428999e+01 ; 1.0174560e+02 
3.500e+01 ; 1.200e+01 ; 7.000e-01 ; 5.1556999e+01 ; 1.0169046e+02 
3.500e+01 ; 1.200e+01 ; 7.000e-01 ; 5.1812999e+01 ; 1.0157874e+02 
3.500e+01 ; 1.200e+01 ; 7.000e-01 ; 5.2249999e+01 ; 1.0138649e+02 
3.500e+01 ; 1.200e+01 ; 7.000e-01 ; 5.2249999e+01 ; 1.0138649e+02 
3.500e+01 ; 1.200e+01 ; 7.000e-01 ; 5.2250999e+01 ; 1.0138605e+02 
3.500e+01 ; 1.200e+01 ; 7.000e-01 ; 5.2251999e+01 ; 1.0138560e+02 
3.500e+01 ; 1.200e+01 ; 7.000e-01 ; 5.2252999e+01 ; 1.0138517e+02 
3.500e+01 ; 1.200e+01 ; 7.000e-01 ; 5.2254999e+01 ; 1.0138428e+02 
3.500e+01 ; 1.200e+01 ; 7.000e-01 ; 5.2258999e+01 ; 1.0138252e+02 
3.500e+01 ; 1.200e+01 ; 7.000e-01 ; 5.2266999e+01 ; 1.0137901e+02 
3.500e+01 ; 1.200e+01 ; 7.000e-01 ; 5.2282999e+01 ; 1.0137196e+02 
3.500e+01 ; 1.200e+01 ; 7.000e-01 ; 5.2314999e+01 ; 1.0135787e+02 
3.500e+01 ; 1.200e+01 ; 7.000e-01 ; 5.2378999e+01 ; 1.0132967e+02 
3.500e+01 ; 1.200e+01 ; 7.000e-01 ; 5.2506999e+01 ; 1.0127325e+02 
3.500e+01 ; 1.200e+01 ; 7.000e-01 ; 5.2762999e+01 ; 1.0116079e+02 
3.500e+01 ; 1.200e+01 ; 7.000e-01 ; 5.3199999e+01 ; 1.0097141e+02 
3.500e+01 ; 1.200e+01 ; 7.000e-01 ; 5.3199999e+01 ; 1.0097141e+02 
3.500e+01 ; 1.200e+01 ; 7.000e-01 ; 5.3200999e+01 ; 1.0097098e+02 
3.500e+01 ; 1.200e+01 ; 7.000e-01 ; 5.3201999e+01 ; 1.0097054e+02 
3.500e+01 ; 1.200e+01 ; 7.000e-01 ; 5.3202999e+01 ; 1.0097012e+02 
3.500e+01 ; 1.200e+01 ; 7.000e-01 ; 5.3204999e+01 ; 1.0096925e+02 
3.500e+01 ; 1.200e+01 ; 7.000e-01 ; 5.3208999e+01 ; 1.0096751e+02 
3.500e+01 ; 1.200e+01 ; 7.000e-01 ; 5.3216999e+01 ; 1.0096405e+02 
3.500e+01 ; 1.200e+01 ; 7.000e-01 ; 5.3232999e+01 ; 1.0095712e+02 
3.500e+01 ; 1.200e+01 ; 7.000e-01 ; 5.3264999e+01 ; 1.0094328e+02 
3.500e+01 ; 1.200e+01 ; 7.000e-01 ; 5.3328999e+01 ; 1.0091567e+02 
3.500e+01 ; 1.200e+01 ; 7.000e-01 ; 5.3456999e+01 ; 1.0086075e+02 
3.500e+01 ; 1.200e+01 ; 7.000e-01 ; 5.3712999e+01 ; 1.0075230e+02 
3.500e+01 ; 1.200e+01 ; 7.000e-01 ; 5.4149999e+01 ; 1.0057212e+02 
3.500e+01 ; 1.200e+01 ; 7.000e-01 ; 5.4149999e+01 ; 1.0057212e+02 
3.500e+01 ; 1.200e+01 ; 7.000e-01 ; 5.4150999e+01 ; 1.0057171e+02 
3.500e+01 ; 1.200e+01 ; 7.000e-01 ; 5.4151999e+01 ; 1.0057130e+02 
3.500e+01 ; 1.200e+01 ; 7.000e-01 ; 5.4152999e+01 ; 1.0057088e+02 
3.500e+01 ; 1.200e+01 ; 7.000e-01 ; 5.4154999e+01 ; 1.0057006e+02 
3.500e+01 ; 1.200e+01 ; 7.000e-01 ; 5.4158999e+01 ; 1.0056841e+02 
3.500e+01 ; 1.200e+01 ; 7.000e-01 ; 5.4166999e+01 ; 1.0056512e+02 
3.500e+01 ; 1.200e+01 ; 7.000e-01 ; 5.4182999e+01 ; 1.0055853e+02 
3.500e+01 ; 1.200e+01 ; 7.000e-01 ; 5.4214999e+01 ; 1.0054539e+02 
3.500e+01 ; 1.200e+01 ; 7.000e-01 ; 5.4278999e+01 ; 1.0051923e+02 
3.500e+01 ; 1.200e+01 ; 7.000e-01 ; 5.4406999e+01 ; 1.0046736e+02 
3.500e+01 ; 1.200e+01 ; 7.000e-01 ; 5.4662999e+01 ; 1.0036568e+02 
3.500e+01 ; 1.200e+01 ; 7.000e-01 ; 5.5099999e+01 ; 1.0019893e+02 
3.500e+01 ; 1.200e+01 ; 7.000e-01 ; 5.5099999e+01 ; 1.0019893e+02 
3.500e+01 ; 1.200e+01 ; 7.000e-01 ; 5.5100999e+01 ; 1.0019855e+02 
3.500e+01 ; 1.200e+01 ; 7.000e-01 ; 5.5101999e+01 ; 1.0019817e+02 
3.500e+01 ; 1.200e+01 ; 7.000e-01 ; 5.5102999e+01 ; 1.0019778e+02 
3.500e+01 ; 1.200e+01 ; 7.000e-01 ; 5.5104999e+01 ; 1.0019702e+02 
3.500e+01 ; 1.200e+01 ; 7.000e-01 ; 5.5108999e+01 ; 1.0019550e+02 
3.500e+01 ; 1.200e+01 ; 7.000e-01 ; 5.5116999e+01 ; 1.0019245e+02 
3.500e+01 ; 1.200e+01 ; 7.000e-01 ; 5.5132999e+01 ; 1.0018636e+02 
3.500e+01 ; 1.200e+01 ; 7.000e-01 ; 5.5164999e+01 ; 1.0017423e+02 
3.500e+01 ; 1.200e+01 ; 7.000e-01 ; 5.5228999e+01 ; 1.0015014e+02 
3.500e+01 ; 1.200e+01 ; 7.000e-01 ; 5.5356999e+01 ; 1.0010280e+02 
3.500e+01 ; 1.200e+01 ; 7.000e-01 ; 5.5612999e+01 ; 1.0001254e+02 
3.500e+01 ; 1.200e+01 ; 7.000e-01 ; 5.6049999e+01 ; 9.9875092e+01 
3.500e+01 ; 1.200e+01 ; 7.000e-01 ; 5.6049999e+01 ; 9.9875092e+01 
3.500e+01 ; 1.200e+01 ; 7.000e-01 ; 5.6050999e+01 ; 9.9874779e+01 
3.500e+01 ; 1.200e+01 ; 7.000e-01 ; 5.6051999e+01 ; 9.9874466e+01 
3.500e+01 ; 1.200e+01 ; 7.000e-01 ; 5.6052999e+01 ; 9.9874153e+01 
3.500e+01 ; 1.200e+01 ; 7.000e-01 ; 5.6054999e+01 ; 9.9873520e+01 
3.500e+01 ; 1.200e+01 ; 7.000e-01 ; 5.6058999e+01 ; 9.9872269e+01 
3.500e+01 ; 1.200e+01 ; 7.000e-01 ; 5.6066999e+01 ; 9.9869766e+01 
3.500e+01 ; 1.200e+01 ; 7.000e-01 ; 5.6082999e+01 ; 9.9864777e+01 
3.500e+01 ; 1.200e+01 ; 7.000e-01 ; 5.6114999e+01 ; 9.9854912e+01 
3.500e+01 ; 1.200e+01 ; 7.000e-01 ; 5.6178999e+01 ; 9.9835632e+01 
3.500e+01 ; 1.200e+01 ; 7.000e-01 ; 5.6306999e+01 ; 9.9799324e+01 
3.500e+01 ; 1.200e+01 ; 7.000e-01 ; 5.6562999e+01 ; 9.9738777e+01 
3.500e+01 ; 1.200e+01 ; 7.000e-01 ; 5.6999999e+01 ; 9.9678917e+01 
3.500e+01 ; 1.200e+01 ; 7.000e-01 ; 5.6999999e+01 ; 9.9678917e+01 
3.500e+01 ; 1.200e+01 ; 7.000e-01 ; 5.7000999e+01 ; 9.9678780e+01 
3.500e+01 ; 1.200e+01 ; 7.000e-01 ; 5.7001999e+01 ; 9.9678642e+01 
3.500e+01 ; 1.200e+01 ; 7.000e-01 ; 5.7002999e+01 ; 9.9678505e+01 
3.500e+01 ; 1.200e+01 ; 7.000e-01 ; 5.7004999e+01 ; 9.9678238e+01 
3.500e+01 ; 1.200e+01 ; 7.000e-01 ; 5.7008999e+01 ; 9.9677696e+01 
3.500e+01 ; 1.200e+01 ; 7.000e-01 ; 5.7016999e+01 ; 9.9676636e+01 
3.500e+01 ; 1.200e+01 ; 7.000e-01 ; 5.7032999e+01 ; 9.9674561e+01 
3.500e+01 ; 1.200e+01 ; 7.000e-01 ; 5.7064999e+01 ; 9.9670685e+01 
3.500e+01 ; 1.200e+01 ; 7.000e-01 ; 5.7128999e+01 ; 9.9664017e+01 
3.500e+01 ; 1.200e+01 ; 7.000e-01 ; 5.7256999e+01 ; 9.9655693e+01 
3.500e+01 ; 1.200e+01 ; 7.000e-01 ; 5.7512999e+01 ; 9.9662651e+01 
3.500e+01 ; 1.200e+01 ; 7.000e-01 ; 5.7949999e+01 ; 9.9747643e+01 
3.500e+01 ; 1.200e+01 ; 7.000e-01 ; 5.7949999e+01 ; 9.9747643e+01 
3.500e+01 ; 1.200e+01 ; 7.000e-01 ; 5.7950999e+01 ; 9.9747841e+01 
3.500e+01 ; 1.200e+01 ; 7.000e-01 ; 5.7951999e+01 ; 9.9748039e+01 
3.500e+01 ; 1.200e+01 ; 7.000e-01 ; 5.7952999e+01 ; 9.9748230e+01 
3.500e+01 ; 1.200e+01 ; 7.000e-01 ; 5.7954999e+01 ; 9.9748627e+01 
3.500e+01 ; 1.200e+01 ; 7.000e-01 ; 5.7958999e+01 ; 9.9749413e+01 
3.500e+01 ; 1.200e+01 ; 7.000e-01 ; 5.7966999e+01 ; 9.9751022e+01 
3.500e+01 ; 1.200e+01 ; 7.000e-01 ; 5.7982999e+01 ; 9.9754341e+01 
3.500e+01 ; 1.200e+01 ; 7.000e-01 ; 5.8014999e+01 ; 9.9761360e+01 
3.500e+01 ; 1.200e+01 ; 7.000e-01 ; 5.8078999e+01 ; 9.9776978e+01 
3.500e+01 ; 1.200e+01 ; 7.000e-01 ; 5.8206999e+01 ; 9.9814308e+01 
3.500e+01 ; 1.200e+01 ; 7.000e-01 ; 5.8462999e+01 ; 9.9910843e+01 
3.500e+01 ; 1.200e+01 ; 7.000e-01 ; 5.8899999e+01 ; 1.0012302e+02 
3.500e+01 ; 1.200e+01 ; 7.000e-01 ; 5.8899999e+01 ; 1.0012302e+02 
3.500e+01 ; 1.200e+01 ; 7.000e-01 ; 5.8900999e+01 ; 1.0012350e+02 
3.500e+01 ; 1.200e+01 ; 7.000e-01 ; 5.8901999e+01 ; 1.0012399e+02 
3.500e+01 ; 1.200e+01 ; 7.000e-01 ; 5.8902999e+01 ; 1.0012447e+02 
3.500e+01 ; 1.200e+01 ; 7.000e-01 ; 5.8904999e+01 ; 1.0012545e+02 
3.500e+01 ; 1.200e+01 ; 7.000e-01 ; 5.8908999e+01 ; 1.0012740e+02 
3.500e+01 ; 1.200e+01 ; 7.000e-01 ; 5.8916999e+01 ; 1.0013132e+02 
3.500e+01 ; 1.200e+01 ; 7.000e-01 ; 5.8932999e+01 ; 1.0013921e+02 
3.500e+01 ; 1.200e+01 ; 7.000e-01 ; 5.8964999e+01 ; 1.0015525e+02 
3.500e+01 ; 1.200e+01 ; 7.000e-01 ; 5.9028999e+01 ; 1.0018822e+02 
3.500e+01 ; 1.200e+01 ; 7.000e-01 ; 5.9156999e+01 ; 1.0025739e+02 
3.500e+01 ; 1.200e+01 ; 7.000e-01 ; 5.9412999e+01 ; 1.0040508e+02 
3.500e+01 ; 1.200e+01 ; 7.000e-01 ; 5.9849999e+01 ; 1.0066965e+02 
3.500e+01 ; 1.200e+01 ; 7.000e-01 ; 5.9849999e+01 ; 1.0066965e+02 
3.500e+01 ; 1.200e+01 ; 7.000e-01 ; 5.9850999e+01 ; 1.0067027e+02 
3.500e+01 ; 1.200e+01 ; 7.000e-01 ; 5.9851999e+01 ; 1.0067087e+02 
3.500e+01 ; 1.200e+01 ; 7.000e-01 ; 5.9852999e+01 ; 1.0067148e+02 
3.500e+01 ; 1.200e+01 ; 7.000e-01 ; 5.9854999e+01 ; 1.0067268e+02 
3.500e+01 ; 1.200e+01 ; 7.000e-01 ; 5.9858999e+01 ; 1.0067511e+02 
3.500e+01 ; 1.200e+01 ; 7.000e-01 ; 5.9866999e+01 ; 1.0067996e+02 
3.500e+01 ; 1.200e+01 ; 7.000e-01 ; 5.9882999e+01 ; 1.0068968e+02 
3.500e+01 ; 1.200e+01 ; 7.000e-01 ; 5.9914999e+01 ; 1.0070918e+02 
3.500e+01 ; 1.200e+01 ; 7.000e-01 ; 5.9978999e+01 ; 1.0074834e+02 
3.500e+01 ; 1.200e+01 ; 7.000e-01 ; 6.0106999e+01 ; 1.0082704e+02 
3.500e+01 ; 1.200e+01 ; 7.000e-01 ; 6.0362999e+01 ; 1.0098357e+02 
3.500e+01 ; 1.200e+01 ; 7.000e-01 ; 6.0799999e+01 ; 1.0123935e+02 
3.500e+01 ; 1.200e+01 ; 7.000e-01 ; 6.0799999e+01 ; 1.0123935e+02 
3.500e+01 ; 1.200e+01 ; 7.000e-01 ; 6.0800999e+01 ; 1.0123994e+02 
3.500e+01 ; 1.200e+01 ; 7.000e-01 ; 6.0801999e+01 ; 1.0124052e+02 
3.500e+01 ; 1.200e+01 ; 7.000e-01 ; 6.0802999e+01 ; 1.0124110e+02 
3.500e+01 ; 1.200e+01 ; 7.000e-01 ; 6.0804999e+01 ; 1.0124228e+02 
3.500e+01 ; 1.200e+01 ; 7.000e-01 ; 6.0808999e+01 ; 1.0124461e+02 
3.500e+01 ; 1.200e+01 ; 7.000e-01 ; 6.0816999e+01 ; 1.0124929e+02 
3.500e+01 ; 1.200e+01 ; 7.000e-01 ; 6.0832999e+01 ; 1.0125862e+02 
3.500e+01 ; 1.200e+01 ; 7.000e-01 ; 6.0864999e+01 ; 1.0127722e+02 
3.500e+01 ; 1.200e+01 ; 7.000e-01 ; 6.0928999e+01 ; 1.0131412e+02 
3.500e+01 ; 1.200e+01 ; 7.000e-01 ; 6.1056999e+01 ; 1.0138654e+02 
3.500e+01 ; 1.200e+01 ; 7.000e-01 ; 6.1312999e+01 ; 1.0152470e+02 
3.500e+01 ; 1.200e+01 ; 7.000e-01 ; 6.1749999e+01 ; 1.0173741e+02 
3.500e+01 ; 1.200e+01 ; 7.000e-01 ; 6.1749999e+01 ; 1.0173741e+02 
3.500e+01 ; 1.200e+01 ; 7.000e-01 ; 6.1750999e+01 ; 1.0173790e+02 
3.500e+01 ; 1.200e+01 ; 7.000e-01 ; 6.1751999e+01 ; 1.0173839e+02 
3.500e+01 ; 1.200e+01 ; 7.000e-01 ; 6.1752999e+01 ; 1.0173888e+02 
3.500e+01 ; 1.200e+01 ; 7.000e-01 ; 6.1754999e+01 ; 1.0173985e+02 
3.500e+01 ; 1.200e+01 ; 7.000e-01 ; 6.1758999e+01 ; 1.0174179e+02 
3.500e+01 ; 1.200e+01 ; 7.000e-01 ; 6.1766999e+01 ; 1.0174567e+02 
3.500e+01 ; 1.200e+01 ; 7.000e-01 ; 6.1782999e+01 ; 1.0175339e+02 
3.500e+01 ; 1.200e+01 ; 7.000e-01 ; 6.1814999e+01 ; 1.0176871e+02 
3.500e+01 ; 1.200e+01 ; 7.000e-01 ; 6.1878999e+01 ; 1.0179883e+02 
3.500e+01 ; 1.200e+01 ; 7.000e-01 ; 6.2006999e+01 ; 1.0185693e+02 
3.500e+01 ; 1.200e+01 ; 7.000e-01 ; 6.2262999e+01 ; 1.0196424e+02 
3.500e+01 ; 1.200e+01 ; 7.000e-01 ; 6.2699999e+01 ; 1.0212100e+02 
3.500e+01 ; 1.200e+01 ; 7.000e-01 ; 6.2699999e+01 ; 1.0212100e+02 
3.500e+01 ; 1.200e+01 ; 7.000e-01 ; 6.2700999e+01 ; 1.0212136e+02 
3.500e+01 ; 1.200e+01 ; 7.000e-01 ; 6.2701999e+01 ; 1.0212172e+02 
3.500e+01 ; 1.200e+01 ; 7.000e-01 ; 6.2702999e+01 ; 1.0212208e+02 
3.500e+01 ; 1.200e+01 ; 7.000e-01 ; 6.2704999e+01 ; 1.0212280e+02 
3.500e+01 ; 1.200e+01 ; 7.000e-01 ; 6.2708999e+01 ; 1.0212422e+02 
3.500e+01 ; 1.200e+01 ; 7.000e-01 ; 6.2716999e+01 ; 1.0212708e+02 
3.500e+01 ; 1.200e+01 ; 7.000e-01 ; 6.2732999e+01 ; 1.0213274e+02 
3.500e+01 ; 1.200e+01 ; 7.000e-01 ; 6.2764999e+01 ; 1.0214393e+02 
3.500e+01 ; 1.200e+01 ; 7.000e-01 ; 6.2828999e+01 ; 1.0216574e+02 
3.500e+01 ; 1.200e+01 ; 7.000e-01 ; 6.2956999e+01 ; 1.0220710e+02 
3.500e+01 ; 1.200e+01 ; 7.000e-01 ; 6.3212999e+01 ; 1.0228086e+02 
3.500e+01 ; 1.200e+01 ; 7.000e-01 ; 6.3649999e+01 ; 1.0238188e+02 
3.500e+01 ; 1.200e+01 ; 7.000e-01 ; 6.3649999e+01 ; 1.0238188e+02 
3.500e+01 ; 1.200e+01 ; 7.000e-01 ; 6.3650999e+01 ; 1.0238211e+02 
3.500e+01 ; 1.200e+01 ; 7.000e-01 ; 6.3651999e+01 ; 1.0238234e+02 
3.500e+01 ; 1.200e+01 ; 7.000e-01 ; 6.3652999e+01 ; 1.0238258e+02 
3.500e+01 ; 1.200e+01 ; 7.000e-01 ; 6.3654999e+01 ; 1.0238303e+02 
3.500e+01 ; 1.200e+01 ; 7.000e-01 ; 6.3658999e+01 ; 1.0238396e+02 
3.500e+01 ; 1.200e+01 ; 7.000e-01 ; 6.3666999e+01 ; 1.0238579e+02 
3.500e+01 ; 1.200e+01 ; 7.000e-01 ; 6.3682999e+01 ; 1.0238942e+02 
3.500e+01 ; 1.200e+01 ; 7.000e-01 ; 6.3714999e+01 ; 1.0239655e+02 
3.500e+01 ; 1.200e+01 ; 7.000e-01 ; 6.3778999e+01 ; 1.0241028e+02 
3.500e+01 ; 1.200e+01 ; 7.000e-01 ; 6.3906999e+01 ; 1.0243568e+02 
3.500e+01 ; 1.200e+01 ; 7.000e-01 ; 6.4162999e+01 ; 1.0247855e+02 
3.500e+01 ; 1.200e+01 ; 7.000e-01 ; 6.4599999e+01 ; 1.0253060e+02 
3.500e+01 ; 1.200e+01 ; 7.000e-01 ; 6.4599999e+01 ; 1.0253060e+02 
3.500e+01 ; 1.200e+01 ; 7.000e-01 ; 6.4600999e+01 ; 1.0253072e+02 
3.500e+01 ; 1.200e+01 ; 7.000e-01 ; 6.4601999e+01 ; 1.0253084e+02 
3.500e+01 ; 1.200e+01 ; 7.000e-01 ; 6.4602999e+01 ; 1.0253096e+02 
3.500e+01 ; 1.200e+01 ; 7.000e-01 ; 6.4604999e+01 ; 1.0253120e+02 
3.500e+01 ; 1.200e+01 ; 7.000e-01 ; 6.4608999e+01 ; 1.0253167e+02 
3.500e+01 ; 1.200e+01 ; 7.000e-01 ; 6.4616999e+01 ; 1.0253261e+02 
3.500e+01 ; 1.200e+01 ; 7.000e-01 ; 6.4632999e+01 ; 1.0253445e+02 
3.500e+01 ; 1.200e+01 ; 7.000e-01 ; 6.4664999e+01 ; 1.0253804e+02 
3.500e+01 ; 1.200e+01 ; 7.000e-01 ; 6.4728999e+01 ; 1.0254476e+02 
3.500e+01 ; 1.200e+01 ; 7.000e-01 ; 6.4856999e+01 ; 1.0255650e+02 
3.500e+01 ; 1.200e+01 ; 7.000e-01 ; 6.5112999e+01 ; 1.0257349e+02 
3.500e+01 ; 1.200e+01 ; 7.000e-01 ; 6.5549999e+01 ; 1.0258570e+02 
3.500e+01 ; 1.200e+01 ; 7.000e-01 ; 6.5549999e+01 ; 1.0258570e+02 
3.500e+01 ; 1.200e+01 ; 7.000e-01 ; 6.5550999e+01 ; 1.0258573e+02 
3.500e+01 ; 1.200e+01 ; 7.000e-01 ; 6.5551999e+01 ; 1.0258575e+02 
3.500e+01 ; 1.200e+01 ; 7.000e-01 ; 6.5552999e+01 ; 1.0258578e+02 
3.500e+01 ; 1.200e+01 ; 7.000e-01 ; 6.5554999e+01 ; 1.0258584e+02 
3.500e+01 ; 1.200e+01 ; 7.000e-01 ; 6.5558999e+01 ; 1.0258595e+02 
3.500e+01 ; 1.200e+01 ; 7.000e-01 ; 6.5566999e+01 ; 1.0258616e+02 
3.500e+01 ; 1.200e+01 ; 7.000e-01 ; 6.5582999e+01 ; 1.0258656e+02 
3.500e+01 ; 1.200e+01 ; 7.000e-01 ; 6.5614999e+01 ; 1.0258727e+02 
3.500e+01 ; 1.200e+01 ; 7.000e-01 ; 6.5678999e+01 ; 1.0258835e+02 
3.500e+01 ; 1.200e+01 ; 7.000e-01 ; 6.5806999e+01 ; 1.0258916e+02 
3.500e+01 ; 1.200e+01 ; 7.000e-01 ; 6.6062999e+01 ; 1.0258581e+02 
3.500e+01 ; 1.200e+01 ; 7.000e-01 ; 6.6499999e+01 ; 1.0256739e+02 
3.500e+01 ; 1.200e+01 ; 7.000e-01 ; 6.6499999e+01 ; 1.0256739e+02 
3.500e+01 ; 1.200e+01 ; 7.000e-01 ; 6.6500999e+01 ; 1.0256735e+02 
3.500e+01 ; 1.200e+01 ; 7.000e-01 ; 6.6501999e+01 ; 1.0256731e+02 
3.500e+01 ; 1.200e+01 ; 7.000e-01 ; 6.6502999e+01 ; 1.0256727e+02 
3.500e+01 ; 1.200e+01 ; 7.000e-01 ; 6.6504999e+01 ; 1.0256718e+02 
3.500e+01 ; 1.200e+01 ; 7.000e-01 ; 6.6508999e+01 ; 1.0256701e+02 
3.500e+01 ; 1.200e+01 ; 7.000e-01 ; 6.6516999e+01 ; 1.0256667e+02 
3.500e+01 ; 1.200e+01 ; 7.000e-01 ; 6.6532999e+01 ; 1.0256596e+02 
3.500e+01 ; 1.200e+01 ; 7.000e-01 ; 6.6564999e+01 ; 1.0256447e+02 
3.500e+01 ; 1.200e+01 ; 7.000e-01 ; 6.6628999e+01 ; 1.0256124e+02 
3.500e+01 ; 1.200e+01 ; 7.000e-01 ; 6.6756999e+01 ; 1.0255378e+02 
3.500e+01 ; 1.200e+01 ; 7.000e-01 ; 6.7012999e+01 ; 1.0253520e+02 
3.500e+01 ; 1.200e+01 ; 7.000e-01 ; 6.7449999e+01 ; 1.0249438e+02 
3.500e+01 ; 1.200e+01 ; 7.000e-01 ; 6.7449999e+01 ; 1.0249438e+02 
3.500e+01 ; 1.200e+01 ; 7.000e-01 ; 6.7450999e+01 ; 1.0249428e+02 
3.500e+01 ; 1.200e+01 ; 7.000e-01 ; 6.7451999e+01 ; 1.0249419e+02 
3.500e+01 ; 1.200e+01 ; 7.000e-01 ; 6.7452999e+01 ; 1.0249409e+02 
3.500e+01 ; 1.200e+01 ; 7.000e-01 ; 6.7454999e+01 ; 1.0249390e+02 
3.500e+01 ; 1.200e+01 ; 7.000e-01 ; 6.7458999e+01 ; 1.0249353e+02 
3.500e+01 ; 1.200e+01 ; 7.000e-01 ; 6.7466999e+01 ; 1.0249277e+02 
3.500e+01 ; 1.200e+01 ; 7.000e-01 ; 6.7482999e+01 ; 1.0249126e+02 
3.500e+01 ; 1.200e+01 ; 7.000e-01 ; 6.7514999e+01 ; 1.0248817e+02 
3.500e+01 ; 1.200e+01 ; 7.000e-01 ; 6.7578999e+01 ; 1.0248181e+02 
3.500e+01 ; 1.200e+01 ; 7.000e-01 ; 6.7706999e+01 ; 1.0246838e+02 
3.500e+01 ; 1.200e+01 ; 7.000e-01 ; 6.7962999e+01 ; 1.0243896e+02 
3.500e+01 ; 1.200e+01 ; 7.000e-01 ; 6.8399999e+01 ; 1.0238258e+02 
3.500e+01 ; 1.200e+01 ; 7.000e-01 ; 6.8399999e+01 ; 1.0238258e+02 
3.500e+01 ; 1.200e+01 ; 7.000e-01 ; 6.8400999e+01 ; 1.0238245e+02 
3.500e+01 ; 1.200e+01 ; 7.000e-01 ; 6.8401999e+01 ; 1.0238232e+02 
3.500e+01 ; 1.200e+01 ; 7.000e-01 ; 6.8402999e+01 ; 1.0238219e+02 
3.500e+01 ; 1.200e+01 ; 7.000e-01 ; 6.8404999e+01 ; 1.0238194e+02 
3.500e+01 ; 1.200e+01 ; 7.000e-01 ; 6.8408999e+01 ; 1.0238142e+02 
3.500e+01 ; 1.200e+01 ; 7.000e-01 ; 6.8416999e+01 ; 1.0238039e+02 
3.500e+01 ; 1.200e+01 ; 7.000e-01 ; 6.8432999e+01 ; 1.0237830e+02 
3.500e+01 ; 1.200e+01 ; 7.000e-01 ; 6.8464999e+01 ; 1.0237411e+02 
3.500e+01 ; 1.200e+01 ; 7.000e-01 ; 6.8528999e+01 ; 1.0236559e+02 
3.500e+01 ; 1.200e+01 ; 7.000e-01 ; 6.8656999e+01 ; 1.0234810e+02 
3.500e+01 ; 1.200e+01 ; 7.000e-01 ; 6.8912999e+01 ; 1.0231149e+02 
3.500e+01 ; 1.200e+01 ; 7.000e-01 ; 6.9349999e+01 ; 1.0224555e+02 
3.500e+01 ; 1.200e+01 ; 7.000e-01 ; 6.9349999e+01 ; 1.0224555e+02 
3.500e+01 ; 1.200e+01 ; 7.000e-01 ; 6.9350999e+01 ; 1.0224540e+02 
3.500e+01 ; 1.200e+01 ; 7.000e-01 ; 6.9351999e+01 ; 1.0224525e+02 
3.500e+01 ; 1.200e+01 ; 7.000e-01 ; 6.9352999e+01 ; 1.0224510e+02 
3.500e+01 ; 1.200e+01 ; 7.000e-01 ; 6.9354999e+01 ; 1.0224480e+02 
3.500e+01 ; 1.200e+01 ; 7.000e-01 ; 6.9358999e+01 ; 1.0224419e+02 
3.500e+01 ; 1.200e+01 ; 7.000e-01 ; 6.9366999e+01 ; 1.0224298e+02 
3.500e+01 ; 1.200e+01 ; 7.000e-01 ; 6.9382999e+01 ; 1.0224056e+02 
3.500e+01 ; 1.200e+01 ; 7.000e-01 ; 6.9414999e+01 ; 1.0223569e+02 
3.500e+01 ; 1.200e+01 ; 7.000e-01 ; 6.9478999e+01 ; 1.0222590e+02 
3.500e+01 ; 1.200e+01 ; 7.000e-01 ; 6.9606999e+01 ; 1.0220608e+02 
3.500e+01 ; 1.200e+01 ; 7.000e-01 ; 6.9862999e+01 ; 1.0216589e+02 
3.500e+01 ; 1.200e+01 ; 7.000e-01 ; 7.0299999e+01 ; 1.0209756e+02 
3.500e+01 ; 1.200e+01 ; 7.000e-01 ; 7.0299999e+01 ; 1.0209756e+02 
3.500e+01 ; 1.200e+01 ; 7.000e-01 ; 7.0300999e+01 ; 1.0209740e+02 
3.500e+01 ; 1.200e+01 ; 7.000e-01 ; 7.0301999e+01 ; 1.0209724e+02 
3.500e+01 ; 1.200e+01 ; 7.000e-01 ; 7.0302999e+01 ; 1.0209708e+02 
3.500e+01 ; 1.200e+01 ; 7.000e-01 ; 7.0304999e+01 ; 1.0209677e+02 
3.500e+01 ; 1.200e+01 ; 7.000e-01 ; 7.0308999e+01 ; 1.0209615e+02 
3.500e+01 ; 1.200e+01 ; 7.000e-01 ; 7.0316999e+01 ; 1.0209490e+02 
3.500e+01 ; 1.200e+01 ; 7.000e-01 ; 7.0332999e+01 ; 1.0209240e+02 
3.500e+01 ; 1.200e+01 ; 7.000e-01 ; 7.0364999e+01 ; 1.0208740e+02 
3.500e+01 ; 1.200e+01 ; 7.000e-01 ; 7.0428999e+01 ; 1.0207742e+02 
3.500e+01 ; 1.200e+01 ; 7.000e-01 ; 7.0556999e+01 ; 1.0205760e+02 
3.500e+01 ; 1.200e+01 ; 7.000e-01 ; 7.0812999e+01 ; 1.0201915e+02 
3.500e+01 ; 1.200e+01 ; 7.000e-01 ; 7.1249999e+01 ; 1.0196015e+02 
3.500e+01 ; 1.200e+01 ; 7.000e-01 ; 7.1249999e+01 ; 1.0196015e+02 
3.500e+01 ; 1.200e+01 ; 7.000e-01 ; 7.1250999e+01 ; 1.0196001e+02 
3.500e+01 ; 1.200e+01 ; 7.000e-01 ; 7.1251999e+01 ; 1.0195988e+02 
3.500e+01 ; 1.200e+01 ; 7.000e-01 ; 7.1252999e+01 ; 1.0195975e+02 
3.500e+01 ; 1.200e+01 ; 7.000e-01 ; 7.1254999e+01 ; 1.0195948e+02 
3.500e+01 ; 1.200e+01 ; 7.000e-01 ; 7.1258999e+01 ; 1.0195894e+02 
3.500e+01 ; 1.200e+01 ; 7.000e-01 ; 7.1266999e+01 ; 1.0195786e+02 
3.500e+01 ; 1.200e+01 ; 7.000e-01 ; 7.1282999e+01 ; 1.0195572e+02 
3.500e+01 ; 1.200e+01 ; 7.000e-01 ; 7.1314999e+01 ; 1.0195148e+02 
3.500e+01 ; 1.200e+01 ; 7.000e-01 ; 7.1378999e+01 ; 1.0194315e+02 
3.500e+01 ; 1.200e+01 ; 7.000e-01 ; 7.1506999e+01 ; 1.0192726e+02 
3.500e+01 ; 1.200e+01 ; 7.000e-01 ; 7.1762999e+01 ; 1.0189940e+02 
3.500e+01 ; 1.200e+01 ; 7.000e-01 ; 7.2199999e+01 ; 1.0186709e+02 
3.500e+01 ; 1.200e+01 ; 7.000e-01 ; 7.2199999e+01 ; 1.0186709e+02 
3.500e+01 ; 1.200e+01 ; 7.000e-01 ; 7.2200999e+01 ; 1.0186702e+02 
3.500e+01 ; 1.200e+01 ; 7.000e-01 ; 7.2201999e+01 ; 1.0186694e+02 
3.500e+01 ; 1.200e+01 ; 7.000e-01 ; 7.2202999e+01 ; 1.0186687e+02 
3.500e+01 ; 1.200e+01 ; 7.000e-01 ; 7.2204999e+01 ; 1.0186672e+02 
3.500e+01 ; 1.200e+01 ; 7.000e-01 ; 7.2208999e+01 ; 1.0186643e+02 
3.500e+01 ; 1.200e+01 ; 7.000e-01 ; 7.2216999e+01 ; 1.0186585e+02 
3.500e+01 ; 1.200e+01 ; 7.000e-01 ; 7.2232999e+01 ; 1.0186471e+02 
3.500e+01 ; 1.200e+01 ; 7.000e-01 ; 7.2264999e+01 ; 1.0186251e+02 
3.500e+01 ; 1.200e+01 ; 7.000e-01 ; 7.2328999e+01 ; 1.0185847e+02 
3.500e+01 ; 1.200e+01 ; 7.000e-01 ; 7.2456999e+01 ; 1.0185188e+02 
3.500e+01 ; 1.200e+01 ; 7.000e-01 ; 7.2712999e+01 ; 1.0184509e+02 
3.500e+01 ; 1.200e+01 ; 7.000e-01 ; 7.3149999e+01 ; 1.0185277e+02 
3.500e+01 ; 1.200e+01 ; 7.000e-01 ; 7.3149999e+01 ; 1.0185277e+02 
3.500e+01 ; 1.200e+01 ; 7.000e-01 ; 7.3150999e+01 ; 1.0185278e+02 
3.500e+01 ; 1.200e+01 ; 7.000e-01 ; 7.3151999e+01 ; 1.0185281e+02 
3.500e+01 ; 1.200e+01 ; 7.000e-01 ; 7.3152999e+01 ; 1.0185282e+02 
3.500e+01 ; 1.200e+01 ; 7.000e-01 ; 7.3154999e+01 ; 1.0185286e+02 
3.500e+01 ; 1.200e+01 ; 7.000e-01 ; 7.3158999e+01 ; 1.0185293e+02 
3.500e+01 ; 1.200e+01 ; 7.000e-01 ; 7.3166999e+01 ; 1.0185309e+02 
3.500e+01 ; 1.200e+01 ; 7.000e-01 ; 7.3182999e+01 ; 1.0185342e+02 
3.500e+01 ; 1.200e+01 ; 7.000e-01 ; 7.3214999e+01 ; 1.0185419e+02 
3.500e+01 ; 1.200e+01 ; 7.000e-01 ; 7.3278999e+01 ; 1.0185616e+02 
3.500e+01 ; 1.200e+01 ; 7.000e-01 ; 7.3406999e+01 ; 1.0186174e+02 
3.500e+01 ; 1.200e+01 ; 7.000e-01 ; 7.3662999e+01 ; 1.0187931e+02 
3.500e+01 ; 1.200e+01 ; 7.000e-01 ; 7.4099999e+01 ; 1.0192601e+02 
3.500e+01 ; 1.200e+01 ; 7.000e-01 ; 7.4099999e+01 ; 1.0192601e+02 
3.500e+01 ; 1.200e+01 ; 7.000e-01 ; 7.4100999e+01 ; 1.0192612e+02 
3.500e+01 ; 1.200e+01 ; 7.000e-01 ; 7.4101999e+01 ; 1.0192622e+02 
3.500e+01 ; 1.200e+01 ; 7.000e-01 ; 7.4102999e+01 ; 1.0192633e+02 
3.500e+01 ; 1.200e+01 ; 7.000e-01 ; 7.4104999e+01 ; 1.0192654e+02 
3.500e+01 ; 1.200e+01 ; 7.000e-01 ; 7.4108999e+01 ; 1.0192697e+02 
3.500e+01 ; 1.200e+01 ; 7.000e-01 ; 7.4116999e+01 ; 1.0192784e+02 
3.500e+01 ; 1.200e+01 ; 7.000e-01 ; 7.4132999e+01 ; 1.0192960e+02 
3.500e+01 ; 1.200e+01 ; 7.000e-01 ; 7.4164999e+01 ; 1.0193320e+02 
3.500e+01 ; 1.200e+01 ; 7.000e-01 ; 7.4228999e+01 ; 1.0194073e+02 
3.500e+01 ; 1.200e+01 ; 7.000e-01 ; 7.4356999e+01 ; 1.0195714e+02 
3.500e+01 ; 1.200e+01 ; 7.000e-01 ; 7.4612999e+01 ; 1.0199464e+02 
3.500e+01 ; 1.200e+01 ; 7.000e-01 ; 7.5049999e+01 ; 1.0206944e+02 
3.500e+01 ; 1.200e+01 ; 7.000e-01 ; 7.5049999e+01 ; 1.0206944e+02 
3.500e+01 ; 1.200e+01 ; 7.000e-01 ; 7.5050999e+01 ; 1.0206960e+02 
3.500e+01 ; 1.200e+01 ; 7.000e-01 ; 7.5051999e+01 ; 1.0206978e+02 
3.500e+01 ; 1.200e+01 ; 7.000e-01 ; 7.5052999e+01 ; 1.0206995e+02 
3.500e+01 ; 1.200e+01 ; 7.000e-01 ; 7.5054999e+01 ; 1.0207029e+02 
3.500e+01 ; 1.200e+01 ; 7.000e-01 ; 7.5058999e+01 ; 1.0207098e+02 
3.500e+01 ; 1.200e+01 ; 7.000e-01 ; 7.5066999e+01 ; 1.0207236e+02 
3.500e+01 ; 1.200e+01 ; 7.000e-01 ; 7.5082999e+01 ; 1.0207512e+02 
3.500e+01 ; 1.200e+01 ; 7.000e-01 ; 7.5114999e+01 ; 1.0208071e+02 
3.500e+01 ; 1.200e+01 ; 7.000e-01 ; 7.5178999e+01 ; 1.0209210e+02 
3.500e+01 ; 1.200e+01 ; 7.000e-01 ; 7.5306999e+01 ; 1.0211566e+02 
3.500e+01 ; 1.200e+01 ; 7.000e-01 ; 7.5562999e+01 ; 1.0216525e+02 
3.500e+01 ; 1.200e+01 ; 7.000e-01 ; 7.5999999e+01 ; 1.0225430e+02 
3.500e+01 ; 1.200e+01 ; 7.000e-01 ; 7.5999999e+01 ; 1.0225430e+02 
3.500e+01 ; 1.200e+01 ; 7.000e-01 ; 7.6000999e+01 ; 1.0225451e+02 
3.500e+01 ; 1.200e+01 ; 7.000e-01 ; 7.6001999e+01 ; 1.0225471e+02 
3.500e+01 ; 1.200e+01 ; 7.000e-01 ; 7.6002999e+01 ; 1.0225492e+02 
3.500e+01 ; 1.200e+01 ; 7.000e-01 ; 7.6004999e+01 ; 1.0225533e+02 
3.500e+01 ; 1.200e+01 ; 7.000e-01 ; 7.6008999e+01 ; 1.0225614e+02 
3.500e+01 ; 1.200e+01 ; 7.000e-01 ; 7.6016999e+01 ; 1.0225777e+02 
3.500e+01 ; 1.200e+01 ; 7.000e-01 ; 7.6032999e+01 ; 1.0226105e+02 
3.500e+01 ; 1.200e+01 ; 7.000e-01 ; 7.6064999e+01 ; 1.0226762e+02 
3.500e+01 ; 1.200e+01 ; 7.000e-01 ; 7.6128999e+01 ; 1.0228082e+02 
3.500e+01 ; 1.200e+01 ; 7.000e-01 ; 7.6256999e+01 ; 1.0230749e+02 
3.500e+01 ; 1.200e+01 ; 7.000e-01 ; 7.6512999e+01 ; 1.0236127e+02 
3.500e+01 ; 1.200e+01 ; 7.000e-01 ; 7.6949999e+01 ; 1.0245230e+02 
3.500e+01 ; 1.200e+01 ; 7.000e-01 ; 7.6949999e+01 ; 1.0245230e+02 
3.500e+01 ; 1.200e+01 ; 7.000e-01 ; 7.6950999e+01 ; 1.0245251e+02 
3.500e+01 ; 1.200e+01 ; 7.000e-01 ; 7.6951999e+01 ; 1.0245272e+02 
3.500e+01 ; 1.200e+01 ; 7.000e-01 ; 7.6952999e+01 ; 1.0245293e+02 
3.500e+01 ; 1.200e+01 ; 7.000e-01 ; 7.6954999e+01 ; 1.0245335e+02 
3.500e+01 ; 1.200e+01 ; 7.000e-01 ; 7.6958999e+01 ; 1.0245418e+02 
3.500e+01 ; 1.200e+01 ; 7.000e-01 ; 7.6966999e+01 ; 1.0245584e+02 
3.500e+01 ; 1.200e+01 ; 7.000e-01 ; 7.6982999e+01 ; 1.0245918e+02 
3.500e+01 ; 1.200e+01 ; 7.000e-01 ; 7.7014999e+01 ; 1.0246583e+02 
3.500e+01 ; 1.200e+01 ; 7.000e-01 ; 7.7078999e+01 ; 1.0247911e+02 
3.500e+01 ; 1.200e+01 ; 7.000e-01 ; 7.7206999e+01 ; 1.0250550e+02 
3.500e+01 ; 1.200e+01 ; 7.000e-01 ; 7.7462999e+01 ; 1.0255726e+02 
3.500e+01 ; 1.200e+01 ; 7.000e-01 ; 7.7899999e+01 ; 1.0264125e+02 
3.500e+01 ; 1.200e+01 ; 7.000e-01 ; 7.7899999e+01 ; 1.0264125e+02 
3.500e+01 ; 1.200e+01 ; 7.000e-01 ; 7.7900999e+01 ; 1.0264145e+02 
3.500e+01 ; 1.200e+01 ; 7.000e-01 ; 7.7901999e+01 ; 1.0264164e+02 
3.500e+01 ; 1.200e+01 ; 7.000e-01 ; 7.7902999e+01 ; 1.0264183e+02 
3.500e+01 ; 1.200e+01 ; 7.000e-01 ; 7.7904999e+01 ; 1.0264221e+02 
3.500e+01 ; 1.200e+01 ; 7.000e-01 ; 7.7908999e+01 ; 1.0264298e+02 
3.500e+01 ; 1.200e+01 ; 7.000e-01 ; 7.7916999e+01 ; 1.0264452e+02 
3.500e+01 ; 1.200e+01 ; 7.000e-01 ; 7.7932999e+01 ; 1.0264758e+02 
3.500e+01 ; 1.200e+01 ; 7.000e-01 ; 7.7964999e+01 ; 1.0265368e+02 
3.500e+01 ; 1.200e+01 ; 7.000e-01 ; 7.8028999e+01 ; 1.0266578e+02 
3.500e+01 ; 1.200e+01 ; 7.000e-01 ; 7.8156999e+01 ; 1.0268955e+02 
3.500e+01 ; 1.200e+01 ; 7.000e-01 ; 7.8412999e+01 ; 1.0273513e+02 
3.500e+01 ; 1.200e+01 ; 7.000e-01 ; 7.8849999e+01 ; 1.0280653e+02 
3.500e+01 ; 1.200e+01 ; 7.000e-01 ; 7.8849999e+01 ; 1.0280653e+02 
3.500e+01 ; 1.200e+01 ; 7.000e-01 ; 7.8850999e+01 ; 1.0280670e+02 
3.500e+01 ; 1.200e+01 ; 7.000e-01 ; 7.8851999e+01 ; 1.0280686e+02 
3.500e+01 ; 1.200e+01 ; 7.000e-01 ; 7.8852999e+01 ; 1.0280703e+02 
3.500e+01 ; 1.200e+01 ; 7.000e-01 ; 7.8854999e+01 ; 1.0280735e+02 
3.500e+01 ; 1.200e+01 ; 7.000e-01 ; 7.8858999e+01 ; 1.0280801e+02 
3.500e+01 ; 1.200e+01 ; 7.000e-01 ; 7.8866999e+01 ; 1.0280931e+02 
3.500e+01 ; 1.200e+01 ; 7.000e-01 ; 7.8882999e+01 ; 1.0281190e+02 
3.500e+01 ; 1.200e+01 ; 7.000e-01 ; 7.8914999e+01 ; 1.0281706e+02 
3.500e+01 ; 1.200e+01 ; 7.000e-01 ; 7.8978999e+01 ; 1.0282724e+02 
3.500e+01 ; 1.200e+01 ; 7.000e-01 ; 7.9106999e+01 ; 1.0284701e+02 
3.500e+01 ; 1.200e+01 ; 7.000e-01 ; 7.9362999e+01 ; 1.0288413e+02 
3.500e+01 ; 1.200e+01 ; 7.000e-01 ; 7.9799999e+01 ; 1.0294025e+02 
3.500e+01 ; 1.200e+01 ; 7.000e-01 ; 7.9799999e+01 ; 1.0294025e+02 
3.500e+01 ; 1.200e+01 ; 7.000e-01 ; 7.9800999e+01 ; 1.0294038e+02 
3.500e+01 ; 1.200e+01 ; 7.000e-01 ; 7.9801999e+01 ; 1.0294051e+02 
3.500e+01 ; 1.200e+01 ; 7.000e-01 ; 7.9802999e+01 ; 1.0294064e+02 
3.500e+01 ; 1.200e+01 ; 7.000e-01 ; 7.9804999e+01 ; 1.0294090e+02 
3.500e+01 ; 1.200e+01 ; 7.000e-01 ; 7.9808999e+01 ; 1.0294141e+02 
3.500e+01 ; 1.200e+01 ; 7.000e-01 ; 7.9816999e+01 ; 1.0294243e+02 
3.500e+01 ; 1.200e+01 ; 7.000e-01 ; 7.9832999e+01 ; 1.0294447e+02 
3.500e+01 ; 1.200e+01 ; 7.000e-01 ; 7.9864999e+01 ; 1.0294849e+02 
3.500e+01 ; 1.200e+01 ; 7.000e-01 ; 7.9928999e+01 ; 1.0295640e+02 
3.500e+01 ; 1.200e+01 ; 7.000e-01 ; 8.0056999e+01 ; 1.0297157e+02 
3.500e+01 ; 1.200e+01 ; 7.000e-01 ; 8.0312999e+01 ; 1.0299940e+02 
3.500e+01 ; 1.200e+01 ; 7.000e-01 ; 8.0749999e+01 ; 1.0303962e+02 
3.500e+01 ; 1.200e+01 ; 7.000e-01 ; 8.0749999e+01 ; 1.0303962e+02 
3.500e+01 ; 1.200e+01 ; 7.000e-01 ; 8.0750999e+01 ; 1.0303971e+02 
3.500e+01 ; 1.200e+01 ; 7.000e-01 ; 8.0751999e+01 ; 1.0303980e+02 
3.500e+01 ; 1.200e+01 ; 7.000e-01 ; 8.0752999e+01 ; 1.0303989e+02 
3.500e+01 ; 1.200e+01 ; 7.000e-01 ; 8.0754999e+01 ; 1.0304008e+02 
3.500e+01 ; 1.200e+01 ; 7.000e-01 ; 8.0758999e+01 ; 1.0304044e+02 
3.500e+01 ; 1.200e+01 ; 7.000e-01 ; 8.0766999e+01 ; 1.0304118e+02 
3.500e+01 ; 1.200e+01 ; 7.000e-01 ; 8.0782999e+01 ; 1.0304263e+02 
3.500e+01 ; 1.200e+01 ; 7.000e-01 ; 8.0814999e+01 ; 1.0304549e+02 
3.500e+01 ; 1.200e+01 ; 7.000e-01 ; 8.0878999e+01 ; 1.0305107e+02 
3.500e+01 ; 1.200e+01 ; 7.000e-01 ; 8.1006999e+01 ; 1.0306160e+02 
3.500e+01 ; 1.200e+01 ; 7.000e-01 ; 8.1262999e+01 ; 1.0308025e+02 
3.500e+01 ; 1.200e+01 ; 7.000e-01 ; 8.1699999e+01 ; 1.0310529e+02 
3.500e+01 ; 1.200e+01 ; 7.000e-01 ; 8.1699999e+01 ; 1.0310529e+02 
3.500e+01 ; 1.200e+01 ; 7.000e-01 ; 8.1700999e+01 ; 1.0310534e+02 
3.500e+01 ; 1.200e+01 ; 7.000e-01 ; 8.1701999e+01 ; 1.0310540e+02 
3.500e+01 ; 1.200e+01 ; 7.000e-01 ; 8.1702999e+01 ; 1.0310545e+02 
3.500e+01 ; 1.200e+01 ; 7.000e-01 ; 8.1704999e+01 ; 1.0310557e+02 
3.500e+01 ; 1.200e+01 ; 7.000e-01 ; 8.1708999e+01 ; 1.0310580e+02 
3.500e+01 ; 1.200e+01 ; 7.000e-01 ; 8.1716999e+01 ; 1.0310625e+02 
3.500e+01 ; 1.200e+01 ; 7.000e-01 ; 8.1732999e+01 ; 1.0310715e+02 
3.500e+01 ; 1.200e+01 ; 7.000e-01 ; 8.1764999e+01 ; 1.0310891e+02 
3.500e+01 ; 1.200e+01 ; 7.000e-01 ; 8.1828999e+01 ; 1.0311228e+02 
3.500e+01 ; 1.200e+01 ; 7.000e-01 ; 8.1956999e+01 ; 1.0311847e+02 
3.500e+01 ; 1.200e+01 ; 7.000e-01 ; 8.2212999e+01 ; 1.0312865e+02 
3.500e+01 ; 1.200e+01 ; 7.000e-01 ; 8.2649999e+01 ; 1.0314002e+02 
3.500e+01 ; 1.200e+01 ; 7.000e-01 ; 8.2649999e+01 ; 1.0314002e+02 
3.500e+01 ; 1.200e+01 ; 7.000e-01 ; 8.2650999e+01 ; 1.0314005e+02 
3.500e+01 ; 1.200e+01 ; 7.000e-01 ; 8.2651999e+01 ; 1.0314007e+02 
3.500e+01 ; 1.200e+01 ; 7.000e-01 ; 8.2652999e+01 ; 1.0314010e+02 
3.500e+01 ; 1.200e+01 ; 7.000e-01 ; 8.2654999e+01 ; 1.0314015e+02 
3.500e+01 ; 1.200e+01 ; 7.000e-01 ; 8.2658999e+01 ; 1.0314025e+02 
3.500e+01 ; 1.200e+01 ; 7.000e-01 ; 8.2666999e+01 ; 1.0314046e+02 
3.500e+01 ; 1.200e+01 ; 7.000e-01 ; 8.2682999e+01 ; 1.0314085e+02 
3.500e+01 ; 1.200e+01 ; 7.000e-01 ; 8.2714999e+01 ; 1.0314162e+02 
3.500e+01 ; 1.200e+01 ; 7.000e-01 ; 8.2778999e+01 ; 1.0314304e+02 
3.500e+01 ; 1.200e+01 ; 7.000e-01 ; 8.2906999e+01 ; 1.0314536e+02 
3.500e+01 ; 1.200e+01 ; 7.000e-01 ; 8.3162999e+01 ; 1.0314812e+02 
3.500e+01 ; 1.200e+01 ; 7.000e-01 ; 8.3599999e+01 ; 1.0314778e+02 
3.500e+01 ; 1.200e+01 ; 7.000e-01 ; 8.3599999e+01 ; 1.0314778e+02 
3.500e+01 ; 1.200e+01 ; 7.000e-01 ; 8.3600999e+01 ; 1.0314778e+02 
3.500e+01 ; 1.200e+01 ; 7.000e-01 ; 8.3601999e+01 ; 1.0314778e+02 
3.500e+01 ; 1.200e+01 ; 7.000e-01 ; 8.3602999e+01 ; 1.0314778e+02 
3.500e+01 ; 1.200e+01 ; 7.000e-01 ; 8.3604999e+01 ; 1.0314777e+02 
3.500e+01 ; 1.200e+01 ; 7.000e-01 ; 8.3608999e+01 ; 1.0314777e+02 
3.500e+01 ; 1.200e+01 ; 7.000e-01 ; 8.3616999e+01 ; 1.0314777e+02 
3.500e+01 ; 1.200e+01 ; 7.000e-01 ; 8.3632999e+01 ; 1.0314774e+02 
3.500e+01 ; 1.200e+01 ; 7.000e-01 ; 8.3664999e+01 ; 1.0314766e+02 
3.500e+01 ; 1.200e+01 ; 7.000e-01 ; 8.3728999e+01 ; 1.0314739e+02 
3.500e+01 ; 1.200e+01 ; 7.000e-01 ; 8.3856999e+01 ; 1.0314646e+02 
3.500e+01 ; 1.200e+01 ; 7.000e-01 ; 8.4112999e+01 ; 1.0314307e+02 
3.500e+01 ; 1.200e+01 ; 7.000e-01 ; 8.4549999e+01 ; 1.0313342e+02 
3.500e+01 ; 1.200e+01 ; 7.000e-01 ; 8.4549999e+01 ; 1.0313342e+02 
3.500e+01 ; 1.200e+01 ; 7.000e-01 ; 8.4550999e+01 ; 1.0313339e+02 
3.500e+01 ; 1.200e+01 ; 7.000e-01 ; 8.4551999e+01 ; 1.0313337e+02 
3.500e+01 ; 1.200e+01 ; 7.000e-01 ; 8.4552999e+01 ; 1.0313335e+02 
3.500e+01 ; 1.200e+01 ; 7.000e-01 ; 8.4554999e+01 ; 1.0313330e+02 
3.500e+01 ; 1.200e+01 ; 7.000e-01 ; 8.4558999e+01 ; 1.0313322e+02 
3.500e+01 ; 1.200e+01 ; 7.000e-01 ; 8.4566999e+01 ; 1.0313303e+02 
3.500e+01 ; 1.200e+01 ; 7.000e-01 ; 8.4582999e+01 ; 1.0313267e+02 
3.500e+01 ; 1.200e+01 ; 7.000e-01 ; 8.4614999e+01 ; 1.0313192e+02 
3.500e+01 ; 1.200e+01 ; 7.000e-01 ; 8.4678999e+01 ; 1.0313035e+02 
3.500e+01 ; 1.200e+01 ; 7.000e-01 ; 8.4806999e+01 ; 1.0312689e+02 
3.500e+01 ; 1.200e+01 ; 7.000e-01 ; 8.5062999e+01 ; 1.0311893e+02 
3.500e+01 ; 1.200e+01 ; 7.000e-01 ; 8.5499999e+01 ; 1.0310303e+02 
3.500e+01 ; 1.200e+01 ; 7.000e-01 ; 8.5499999e+01 ; 1.0310303e+02 
3.500e+01 ; 1.200e+01 ; 7.000e-01 ; 8.5500999e+01 ; 1.0310299e+02 
3.500e+01 ; 1.200e+01 ; 7.000e-01 ; 8.5501999e+01 ; 1.0310295e+02 
3.500e+01 ; 1.200e+01 ; 7.000e-01 ; 8.5502999e+01 ; 1.0310291e+02 
3.500e+01 ; 1.200e+01 ; 7.000e-01 ; 8.5504999e+01 ; 1.0310284e+02 
3.500e+01 ; 1.200e+01 ; 7.000e-01 ; 8.5508999e+01 ; 1.0310270e+02 
3.500e+01 ; 1.200e+01 ; 7.000e-01 ; 8.5516999e+01 ; 1.0310240e+02 
3.500e+01 ; 1.200e+01 ; 7.000e-01 ; 8.5532999e+01 ; 1.0310181e+02 
3.500e+01 ; 1.200e+01 ; 7.000e-01 ; 8.5564999e+01 ; 1.0310062e+02 
3.500e+01 ; 1.200e+01 ; 7.000e-01 ; 8.5628999e+01 ; 1.0309821e+02 
3.500e+01 ; 1.200e+01 ; 7.000e-01 ; 8.5756999e+01 ; 1.0309320e+02 
3.500e+01 ; 1.200e+01 ; 7.000e-01 ; 8.6012999e+01 ; 1.0308276e+02 
3.500e+01 ; 1.200e+01 ; 7.000e-01 ; 8.6449999e+01 ; 1.0306461e+02 
3.500e+01 ; 1.200e+01 ; 7.000e-01 ; 8.6449999e+01 ; 1.0306461e+02 
3.500e+01 ; 1.200e+01 ; 7.000e-01 ; 8.6459999e+01 ; 1.0306419e+02 
3.500e+01 ; 1.200e+01 ; 7.000e-01 ; 8.6469999e+01 ; 1.0306377e+02 
3.500e+01 ; 1.200e+01 ; 7.000e-01 ; 8.6479999e+01 ; 1.0306336e+02 
3.500e+01 ; 1.200e+01 ; 7.000e-01 ; 8.6499999e+01 ; 1.0306253e+02 
3.500e+01 ; 1.200e+01 ; 7.000e-01 ; 8.6539999e+01 ; 1.0306087e+02 
3.500e+01 ; 1.200e+01 ; 7.000e-01 ; 8.6619999e+01 ; 1.0305754e+02 
3.500e+01 ; 1.200e+01 ; 7.000e-01 ; 8.6779999e+01 ; 1.0305094e+02 
3.500e+01 ; 1.200e+01 ; 7.000e-01 ; 8.7099999e+01 ; 1.0303834e+02 
3.500e+01 ; 1.200e+01 ; 7.000e-01 ; 8.7739999e+01 ; 1.0301746e+02 
3.500e+01 ; 1.200e+01 ; 7.000e-01 ; 8.9019999e+01 ; 1.0299464e+02 
3.500e+01 ; 1.200e+01 ; 7.000e-01 ; 9.0939999e+01 ; 1.0297675e+02 
3.500e+01 ; 1.200e+01 ; 7.000e-01 ; 9.1449999e+01 ; 1.0297255e+02