X ; Y ; Z ; time ; Temperature 
3.500e+01 ; 3.200e+00 ; 2.100e+00 ; 0.0000000e+00 ; 2.2500000e+02 
3.500e+01 ; 3.200e+00 ; 2.100e+00 ; 1.0000000e-03 ; 2.2500000e+02 
3.500e+01 ; 3.200e+00 ; 2.100e+00 ; 2.0000001e-03 ; 2.2500000e+02 
3.500e+01 ; 3.200e+00 ; 2.100e+00 ; 3.0000000e-03 ; 2.2500000e+02 
3.500e+01 ; 3.200e+00 ; 2.100e+00 ; 4.9999999e-03 ; 2.2500000e+02 
3.500e+01 ; 3.200e+00 ; 2.100e+00 ; 8.9999996e-03 ; 2.2500000e+02 
3.500e+01 ; 3.200e+00 ; 2.100e+00 ; 1.7000001e-02 ; 2.2500000e+02 
3.500e+01 ; 3.200e+00 ; 2.100e+00 ; 3.3000000e-02 ; 2.2500000e+02 
3.500e+01 ; 3.200e+00 ; 2.100e+00 ; 6.4999998e-02 ; 2.2500000e+02 
3.500e+01 ; 3.200e+00 ; 2.100e+00 ; 1.2899999e-01 ; 2.2500000e+02 
3.500e+01 ; 3.200e+00 ; 2.100e+00 ; 2.5700000e-01 ; 2.2500000e+02 
3.500e+01 ; 3.200e+00 ; 2.100e+00 ; 5.1300001e-01 ; 2.2500000e+02 
3.500e+01 ; 3.200e+00 ; 2.100e+00 ; 7.6899999e-01 ; 2.2500000e+02 
3.500e+01 ; 3.200e+00 ; 2.100e+00 ; 9.4999999e-01 ; 2.2500000e+02 
3.500e+01 ; 3.200e+00 ; 2.100e+00 ; 9.4999999e-01 ; 2.2500000e+02 
3.500e+01 ; 3.200e+00 ; 2.100e+00 ; 9.5099999e-01 ; 2.2500000e+02 
3.500e+01 ; 3.200e+00 ; 2.100e+00 ; 9.5199999e-01 ; 2.2500000e+02 
3.500e+01 ; 3.200e+00 ; 2.100e+00 ; 9.5299999e-01 ; 2.2500000e+02 
3.500e+01 ; 3.200e+00 ; 2.100e+00 ; 9.5499999e-01 ; 2.2500000e+02 
3.500e+01 ; 3.200e+00 ; 2.100e+00 ; 9.5899999e-01 ; 2.2500000e+02 
3.500e+01 ; 3.200e+00 ; 2.100e+00 ; 9.6699999e-01 ; 2.2500000e+02 
3.500e+01 ; 3.200e+00 ; 2.100e+00 ; 9.8299999e-01 ; 2.2500000e+02 
3.500e+01 ; 3.200e+00 ; 2.100e+00 ; 1.0150000e+00 ; 2.2500000e+02 
3.500e+01 ; 3.200e+00 ; 2.100e+00 ; 1.0790000e+00 ; 2.2500000e+02 
3.500e+01 ; 3.200e+00 ; 2.100e+00 ; 1.2070000e+00 ; 2.2500000e+02 
3.500e+01 ; 3.200e+00 ; 2.100e+00 ; 1.4630000e+00 ; 2.2500000e+02 
3.500e+01 ; 3.200e+00 ; 2.100e+00 ; 1.9000000e+00 ; 2.2500000e+02 
3.500e+01 ; 3.200e+00 ; 2.100e+00 ; 1.9000000e+00 ; 2.2500000e+02 
3.500e+01 ; 3.200e+00 ; 2.100e+00 ; 1.9010000e+00 ; 2.2500000e+02 
3.500e+01 ; 3.200e+00 ; 2.100e+00 ; 1.9020000e+00 ; 2.2500000e+02 
3.500e+01 ; 3.200e+00 ; 2.100e+00 ; 1.9030000e+00 ; 2.2500000e+02 
3.500e+01 ; 3.200e+00 ; 2.100e+00 ; 1.9050000e+00 ; 2.2500000e+02 
3.500e+01 ; 3.200e+00 ; 2.100e+00 ; 1.9090000e+00 ; 2.2500000e+02 
3.500e+01 ; 3.200e+00 ; 2.100e+00 ; 1.9170000e+00 ; 2.2500000e+02 
3.500e+01 ; 3.200e+00 ; 2.100e+00 ; 1.9330000e+00 ; 2.2500000e+02 
3.500e+01 ; 3.200e+00 ; 2.100e+00 ; 1.9650000e+00 ; 2.2500000e+02 
3.500e+01 ; 3.200e+00 ; 2.100e+00 ; 2.0290000e+00 ; 2.2500000e+02 
3.500e+01 ; 3.200e+00 ; 2.100e+00 ; 2.1570000e+00 ; 2.2500000e+02 
3.500e+01 ; 3.200e+00 ; 2.100e+00 ; 2.4130000e+00 ; 2.2500000e+02 
3.500e+01 ; 3.200e+00 ; 2.100e+00 ; 2.8500000e+00 ; 2.2500000e+02 
3.500e+01 ; 3.200e+00 ; 2.100e+00 ; 2.8500000e+00 ; 2.2500000e+02 
3.500e+01 ; 3.200e+00 ; 2.100e+00 ; 2.8510000e+00 ; 2.2500000e+02 
3.500e+01 ; 3.200e+00 ; 2.100e+00 ; 2.8520000e+00 ; 2.2500000e+02 
3.500e+01 ; 3.200e+00 ; 2.100e+00 ; 2.8530000e+00 ; 2.2500000e+02 
3.500e+01 ; 3.200e+00 ; 2.100e+00 ; 2.8550000e+00 ; 2.2500000e+02 
3.500e+01 ; 3.200e+00 ; 2.100e+00 ; 2.8590000e+00 ; 2.2500000e+02 
3.500e+01 ; 3.200e+00 ; 2.100e+00 ; 2.8670000e+00 ; 2.2500000e+02 
3.500e+01 ; 3.200e+00 ; 2.100e+00 ; 2.8830000e+00 ; 2.2500000e+02 
3.500e+01 ; 3.200e+00 ; 2.100e+00 ; 2.9150000e+00 ; 2.2500000e+02 
3.500e+01 ; 3.200e+00 ; 2.100e+00 ; 2.9790000e+00 ; 2.2500000e+02 
3.500e+01 ; 3.200e+00 ; 2.100e+00 ; 3.1070000e+00 ; 2.2500000e+02 
3.500e+01 ; 3.200e+00 ; 2.100e+00 ; 3.3630000e+00 ; 2.2500000e+02 
3.500e+01 ; 3.200e+00 ; 2.100e+00 ; 3.8000000e+00 ; 2.2500000e+02 
3.500e+01 ; 3.200e+00 ; 2.100e+00 ; 3.8000000e+00 ; 2.2500000e+02 
3.500e+01 ; 3.200e+00 ; 2.100e+00 ; 3.8010000e+00 ; 2.2500000e+02 
3.500e+01 ; 3.200e+00 ; 2.100e+00 ; 3.8020000e+00 ; 2.2500000e+02 
3.500e+01 ; 3.200e+00 ; 2.100e+00 ; 3.8030000e+00 ; 2.2500000e+02 
3.500e+01 ; 3.200e+00 ; 2.100e+00 ; 3.8050000e+00 ; 2.2500000e+02 
3.500e+01 ; 3.200e+00 ; 2.100e+00 ; 3.8090000e+00 ; 2.2500000e+02 
3.500e+01 ; 3.200e+00 ; 2.100e+00 ; 3.8170000e+00 ; 2.2500000e+02 
3.500e+01 ; 3.200e+00 ; 2.100e+00 ; 3.8330000e+00 ; 2.2500000e+02 
3.500e+01 ; 3.200e+00 ; 2.100e+00 ; 3.8649999e+00 ; 2.2500000e+02 
3.500e+01 ; 3.200e+00 ; 2.100e+00 ; 3.9289999e+00 ; 2.2500000e+02 
3.500e+01 ; 3.200e+00 ; 2.100e+00 ; 4.0570000e+00 ; 2.2500000e+02 
3.500e+01 ; 3.200e+00 ; 2.100e+00 ; 4.3130000e+00 ; 2.2500000e+02 
3.500e+01 ; 3.200e+00 ; 2.100e+00 ; 4.7499999e+00 ; 2.2500000e+02 
3.500e+01 ; 3.200e+00 ; 2.100e+00 ; 4.7499999e+00 ; 2.2500000e+02 
3.500e+01 ; 3.200e+00 ; 2.100e+00 ; 4.7509999e+00 ; 2.2500000e+02 
3.500e+01 ; 3.200e+00 ; 2.100e+00 ; 4.7519999e+00 ; 2.2500000e+02 
3.500e+01 ; 3.200e+00 ; 2.100e+00 ; 4.7529999e+00 ; 2.2500000e+02 
3.500e+01 ; 3.200e+00 ; 2.100e+00 ; 4.7549999e+00 ; 2.2500000e+02 
3.500e+01 ; 3.200e+00 ; 2.100e+00 ; 4.7589999e+00 ; 2.2500000e+02 
3.500e+01 ; 3.200e+00 ; 2.100e+00 ; 4.7669999e+00 ; 2.2500000e+02 
3.500e+01 ; 3.200e+00 ; 2.100e+00 ; 4.7829999e+00 ; 2.2500000e+02 
3.500e+01 ; 3.200e+00 ; 2.100e+00 ; 4.8149999e+00 ; 2.2500000e+02 
3.500e+01 ; 3.200e+00 ; 2.100e+00 ; 4.8789999e+00 ; 2.2500000e+02 
3.500e+01 ; 3.200e+00 ; 2.100e+00 ; 5.0069999e+00 ; 2.2500000e+02 
3.500e+01 ; 3.200e+00 ; 2.100e+00 ; 5.2630000e+00 ; 2.2500000e+02 
3.500e+01 ; 3.200e+00 ; 2.100e+00 ; 5.6999999e+00 ; 2.2500000e+02 
3.500e+01 ; 3.200e+00 ; 2.100e+00 ; 5.6999999e+00 ; 2.2500000e+02 
3.500e+01 ; 3.200e+00 ; 2.100e+00 ; 5.7009999e+00 ; 2.2500000e+02 
3.500e+01 ; 3.200e+00 ; 2.100e+00 ; 5.7019999e+00 ; 2.2500000e+02 
3.500e+01 ; 3.200e+00 ; 2.100e+00 ; 5.7029999e+00 ; 2.2500000e+02 
3.500e+01 ; 3.200e+00 ; 2.100e+00 ; 5.7049999e+00 ; 2.2500000e+02 
3.500e+01 ; 3.200e+00 ; 2.100e+00 ; 5.7089999e+00 ; 2.2500000e+02 
3.500e+01 ; 3.200e+00 ; 2.100e+00 ; 5.7169999e+00 ; 2.2500000e+02 
3.500e+01 ; 3.200e+00 ; 2.100e+00 ; 5.7329999e+00 ; 2.2500000e+02 
3.500e+01 ; 3.200e+00 ; 2.100e+00 ; 5.7649999e+00 ; 2.2500000e+02 
3.500e+01 ; 3.200e+00 ; 2.100e+00 ; 5.8289999e+00 ; 2.2500000e+02 
3.500e+01 ; 3.200e+00 ; 2.100e+00 ; 5.9569999e+00 ; 2.2500000e+02 
3.500e+01 ; 3.200e+00 ; 2.100e+00 ; 6.2129999e+00 ; 2.2500000e+02 
3.500e+01 ; 3.200e+00 ; 2.100e+00 ; 6.6499999e+00 ; 2.2500000e+02 
3.500e+01 ; 3.200e+00 ; 2.100e+00 ; 6.6499999e+00 ; 2.2500000e+02 
3.500e+01 ; 3.200e+00 ; 2.100e+00 ; 6.6509999e+00 ; 2.2500000e+02 
3.500e+01 ; 3.200e+00 ; 2.100e+00 ; 6.6519999e+00 ; 2.2500000e+02 
3.500e+01 ; 3.200e+00 ; 2.100e+00 ; 6.6529999e+00 ; 2.2500000e+02 
3.500e+01 ; 3.200e+00 ; 2.100e+00 ; 6.6549999e+00 ; 2.2500000e+02 
3.500e+01 ; 3.200e+00 ; 2.100e+00 ; 6.6589999e+00 ; 2.2500000e+02 
3.500e+01 ; 3.200e+00 ; 2.100e+00 ; 6.6669999e+00 ; 2.2500000e+02 
3.500e+01 ; 3.200e+00 ; 2.100e+00 ; 6.6829999e+00 ; 2.2500000e+02 
3.500e+01 ; 3.200e+00 ; 2.100e+00 ; 6.7149999e+00 ; 2.2500000e+02 
3.500e+01 ; 3.200e+00 ; 2.100e+00 ; 6.7789999e+00 ; 2.2500000e+02 
3.500e+01 ; 3.200e+00 ; 2.100e+00 ; 6.9069999e+00 ; 2.2500000e+02 
3.500e+01 ; 3.200e+00 ; 2.100e+00 ; 7.1629999e+00 ; 2.2500000e+02 
3.500e+01 ; 3.200e+00 ; 2.100e+00 ; 7.5999999e+00 ; 2.2500000e+02 
3.500e+01 ; 3.200e+00 ; 2.100e+00 ; 7.5999999e+00 ; 2.2500000e+02 
3.500e+01 ; 3.200e+00 ; 2.100e+00 ; 7.6009999e+00 ; 2.2500000e+02 
3.500e+01 ; 3.200e+00 ; 2.100e+00 ; 7.6019999e+00 ; 2.2500000e+02 
3.500e+01 ; 3.200e+00 ; 2.100e+00 ; 7.6029999e+00 ; 2.2500000e+02 
3.500e+01 ; 3.200e+00 ; 2.100e+00 ; 7.6049999e+00 ; 2.2500000e+02 
3.500e+01 ; 3.200e+00 ; 2.100e+00 ; 7.6089999e+00 ; 2.2500000e+02 
3.500e+01 ; 3.200e+00 ; 2.100e+00 ; 7.6169999e+00 ; 2.2500000e+02 
3.500e+01 ; 3.200e+00 ; 2.100e+00 ; 7.6329999e+00 ; 2.2500000e+02 
3.500e+01 ; 3.200e+00 ; 2.100e+00 ; 7.6649999e+00 ; 2.2500000e+02 
3.500e+01 ; 3.200e+00 ; 2.100e+00 ; 7.7289999e+00 ; 2.2500000e+02 
3.500e+01 ; 3.200e+00 ; 2.100e+00 ; 7.8569999e+00 ; 2.2500000e+02 
3.500e+01 ; 3.200e+00 ; 2.100e+00 ; 8.1129999e+00 ; 2.2500000e+02 
3.500e+01 ; 3.200e+00 ; 2.100e+00 ; 8.5499999e+00 ; 2.2500000e+02 
3.500e+01 ; 3.200e+00 ; 2.100e+00 ; 8.5499999e+00 ; 2.2500000e+02 
3.500e+01 ; 3.200e+00 ; 2.100e+00 ; 8.5509999e+00 ; 2.2500000e+02 
3.500e+01 ; 3.200e+00 ; 2.100e+00 ; 8.5519999e+00 ; 2.2500000e+02 
3.500e+01 ; 3.200e+00 ; 2.100e+00 ; 8.5529999e+00 ; 2.2500000e+02 
3.500e+01 ; 3.200e+00 ; 2.100e+00 ; 8.5549999e+00 ; 2.2500000e+02 
3.500e+01 ; 3.200e+00 ; 2.100e+00 ; 8.5589999e+00 ; 2.2500000e+02 
3.500e+01 ; 3.200e+00 ; 2.100e+00 ; 8.5669999e+00 ; 2.2500000e+02 
3.500e+01 ; 3.200e+00 ; 2.100e+00 ; 8.5829999e+00 ; 2.2500000e+02 
3.500e+01 ; 3.200e+00 ; 2.100e+00 ; 8.6149999e+00 ; 2.2500000e+02 
3.500e+01 ; 3.200e+00 ; 2.100e+00 ; 8.6789999e+00 ; 2.2500000e+02 
3.500e+01 ; 3.200e+00 ; 2.100e+00 ; 8.8069999e+00 ; 2.2500000e+02 
3.500e+01 ; 3.200e+00 ; 2.100e+00 ; 9.0629999e+00 ; 2.2500000e+02 
3.500e+01 ; 3.200e+00 ; 2.100e+00 ; 9.4999999e+00 ; 2.2500000e+02 
3.500e+01 ; 3.200e+00 ; 2.100e+00 ; 9.4999999e+00 ; 2.2500000e+02 
3.500e+01 ; 3.200e+00 ; 2.100e+00 ; 9.5009999e+00 ; 2.2500000e+02 
3.500e+01 ; 3.200e+00 ; 2.100e+00 ; 9.5019999e+00 ; 2.2500000e+02 
3.500e+01 ; 3.200e+00 ; 2.100e+00 ; 9.5029999e+00 ; 2.2500000e+02 
3.500e+01 ; 3.200e+00 ; 2.100e+00 ; 9.5049999e+00 ; 2.2500000e+02 
3.500e+01 ; 3.200e+00 ; 2.100e+00 ; 9.5089999e+00 ; 2.2500000e+02 
3.500e+01 ; 3.200e+00 ; 2.100e+00 ; 9.5169999e+00 ; 2.2500000e+02 
3.500e+01 ; 3.200e+00 ; 2.100e+00 ; 9.5329999e+00 ; 2.2500000e+02 
3.500e+01 ; 3.200e+00 ; 2.100e+00 ; 9.5649999e+00 ; 2.2500000e+02 
3.500e+01 ; 3.200e+00 ; 2.100e+00 ; 9.6289999e+00 ; 2.2500000e+02 
3.500e+01 ; 3.200e+00 ; 2.100e+00 ; 9.7569999e+00 ; 2.2500000e+02 
3.500e+01 ; 3.200e+00 ; 2.100e+00 ; 1.0013000e+01 ; 2.2500000e+02 
3.500e+01 ; 3.200e+00 ; 2.100e+00 ; 1.0450000e+01 ; 2.2500000e+02 
3.500e+01 ; 3.200e+00 ; 2.100e+00 ; 1.0450000e+01 ; 2.2500000e+02 
3.500e+01 ; 3.200e+00 ; 2.100e+00 ; 1.0451000e+01 ; 2.2500000e+02 
3.500e+01 ; 3.200e+00 ; 2.100e+00 ; 1.0452000e+01 ; 2.2500000e+02 
3.500e+01 ; 3.200e+00 ; 2.100e+00 ; 1.0453000e+01 ; 2.2500000e+02 
3.500e+01 ; 3.200e+00 ; 2.100e+00 ; 1.0455000e+01 ; 2.2500000e+02 
3.500e+01 ; 3.200e+00 ; 2.100e+00 ; 1.0459000e+01 ; 2.2500000e+02 
3.500e+01 ; 3.200e+00 ; 2.100e+00 ; 1.0467000e+01 ; 2.2500000e+02 
3.500e+01 ; 3.200e+00 ; 2.100e+00 ; 1.0483000e+01 ; 2.2500000e+02 
3.500e+01 ; 3.200e+00 ; 2.100e+00 ; 1.0515000e+01 ; 2.2500000e+02 
3.500e+01 ; 3.200e+00 ; 2.100e+00 ; 1.0579000e+01 ; 2.2500000e+02 
3.500e+01 ; 3.200e+00 ; 2.100e+00 ; 1.0707000e+01 ; 2.2500000e+02 
3.500e+01 ; 3.200e+00 ; 2.100e+00 ; 1.0963000e+01 ; 2.2500000e+02 
3.500e+01 ; 3.200e+00 ; 2.100e+00 ; 1.1400000e+01 ; 2.2500000e+02 
3.500e+01 ; 3.200e+00 ; 2.100e+00 ; 1.1400000e+01 ; 2.2500000e+02 
3.500e+01 ; 3.200e+00 ; 2.100e+00 ; 1.1401000e+01 ; 2.2500000e+02 
3.500e+01 ; 3.200e+00 ; 2.100e+00 ; 1.1402000e+01 ; 2.2500000e+02 
3.500e+01 ; 3.200e+00 ; 2.100e+00 ; 1.1403000e+01 ; 2.2500000e+02 
3.500e+01 ; 3.200e+00 ; 2.100e+00 ; 1.1405000e+01 ; 2.2500000e+02 
3.500e+01 ; 3.200e+00 ; 2.100e+00 ; 1.1409000e+01 ; 2.2500000e+02 
3.500e+01 ; 3.200e+00 ; 2.100e+00 ; 1.1417000e+01 ; 2.2500000e+02 
3.500e+01 ; 3.200e+00 ; 2.100e+00 ; 1.1433000e+01 ; 2.2500000e+02 
3.500e+01 ; 3.200e+00 ; 2.100e+00 ; 1.1465000e+01 ; 2.2500000e+02 
3.500e+01 ; 3.200e+00 ; 2.100e+00 ; 1.1529000e+01 ; 2.2500000e+02 
3.500e+01 ; 3.200e+00 ; 2.100e+00 ; 1.1657000e+01 ; 2.2500000e+02 
3.500e+01 ; 3.200e+00 ; 2.100e+00 ; 1.1913000e+01 ; 2.2500000e+02 
3.500e+01 ; 3.200e+00 ; 2.100e+00 ; 1.2350000e+01 ; 2.2500000e+02 
3.500e+01 ; 3.200e+00 ; 2.100e+00 ; 1.2350000e+01 ; 2.2500000e+02 
3.500e+01 ; 3.200e+00 ; 2.100e+00 ; 1.2351000e+01 ; 2.2500000e+02 
3.500e+01 ; 3.200e+00 ; 2.100e+00 ; 1.2352000e+01 ; 2.2500000e+02 
3.500e+01 ; 3.200e+00 ; 2.100e+00 ; 1.2353000e+01 ; 2.2500000e+02 
3.500e+01 ; 3.200e+00 ; 2.100e+00 ; 1.2355000e+01 ; 2.2500000e+02 
3.500e+01 ; 3.200e+00 ; 2.100e+00 ; 1.2359000e+01 ; 2.2500000e+02 
3.500e+01 ; 3.200e+00 ; 2.100e+00 ; 1.2367000e+01 ; 2.2500000e+02 
3.500e+01 ; 3.200e+00 ; 2.100e+00 ; 1.2383000e+01 ; 2.2500000e+02 
3.500e+01 ; 3.200e+00 ; 2.100e+00 ; 1.2415000e+01 ; 2.2500000e+02 
3.500e+01 ; 3.200e+00 ; 2.100e+00 ; 1.2479000e+01 ; 2.2500000e+02 
3.500e+01 ; 3.200e+00 ; 2.100e+00 ; 1.2607000e+01 ; 2.2500000e+02 
3.500e+01 ; 3.200e+00 ; 2.100e+00 ; 1.2863000e+01 ; 2.2500000e+02 
3.500e+01 ; 3.200e+00 ; 2.100e+00 ; 1.3300000e+01 ; 2.2500000e+02 
3.500e+01 ; 3.200e+00 ; 2.100e+00 ; 1.3300000e+01 ; 2.2500000e+02 
3.500e+01 ; 3.200e+00 ; 2.100e+00 ; 1.3301000e+01 ; 2.2500000e+02 
3.500e+01 ; 3.200e+00 ; 2.100e+00 ; 1.3302000e+01 ; 2.2500000e+02 
3.500e+01 ; 3.200e+00 ; 2.100e+00 ; 1.3303000e+01 ; 2.2500000e+02 
3.500e+01 ; 3.200e+00 ; 2.100e+00 ; 1.3305000e+01 ; 2.2500000e+02 
3.500e+01 ; 3.200e+00 ; 2.100e+00 ; 1.3309000e+01 ; 2.2500000e+02 
3.500e+01 ; 3.200e+00 ; 2.100e+00 ; 1.3317000e+01 ; 2.2500000e+02 
3.500e+01 ; 3.200e+00 ; 2.100e+00 ; 1.3333000e+01 ; 2.2500000e+02 
3.500e+01 ; 3.200e+00 ; 2.100e+00 ; 1.3365000e+01 ; 2.2500000e+02 
3.500e+01 ; 3.200e+00 ; 2.100e+00 ; 1.3429000e+01 ; 2.2500000e+02 
3.500e+01 ; 3.200e+00 ; 2.100e+00 ; 1.3557000e+01 ; 2.2500000e+02 
3.500e+01 ; 3.200e+00 ; 2.100e+00 ; 1.3813000e+01 ; 2.2500000e+02 
3.500e+01 ; 3.200e+00 ; 2.100e+00 ; 1.4250000e+01 ; 2.2500000e+02 
3.500e+01 ; 3.200e+00 ; 2.100e+00 ; 1.4250000e+01 ; 2.2500000e+02 
3.500e+01 ; 3.200e+00 ; 2.100e+00 ; 1.4251000e+01 ; 2.2500000e+02 
3.500e+01 ; 3.200e+00 ; 2.100e+00 ; 1.4252000e+01 ; 2.2500000e+02 
3.500e+01 ; 3.200e+00 ; 2.100e+00 ; 1.4253000e+01 ; 2.2500000e+02 
3.500e+01 ; 3.200e+00 ; 2.100e+00 ; 1.4255000e+01 ; 2.2500000e+02 
3.500e+01 ; 3.200e+00 ; 2.100e+00 ; 1.4259000e+01 ; 2.2500000e+02 
3.500e+01 ; 3.200e+00 ; 2.100e+00 ; 1.4267000e+01 ; 2.2500000e+02 
3.500e+01 ; 3.200e+00 ; 2.100e+00 ; 1.4283000e+01 ; 2.2500000e+02 
3.500e+01 ; 3.200e+00 ; 2.100e+00 ; 1.4315000e+01 ; 2.2500000e+02 
3.500e+01 ; 3.200e+00 ; 2.100e+00 ; 1.4379000e+01 ; 2.2500000e+02 
3.500e+01 ; 3.200e+00 ; 2.100e+00 ; 1.4507000e+01 ; 2.2500000e+02 
3.500e+01 ; 3.200e+00 ; 2.100e+00 ; 1.4763000e+01 ; 2.2500000e+02 
3.500e+01 ; 3.200e+00 ; 2.100e+00 ; 1.5200000e+01 ; 2.2500000e+02 
3.500e+01 ; 3.200e+00 ; 2.100e+00 ; 1.5200000e+01 ; 2.2500000e+02 
3.500e+01 ; 3.200e+00 ; 2.100e+00 ; 1.5201000e+01 ; 2.2500000e+02 
3.500e+01 ; 3.200e+00 ; 2.100e+00 ; 1.5202000e+01 ; 2.2500000e+02 
3.500e+01 ; 3.200e+00 ; 2.100e+00 ; 1.5203000e+01 ; 2.2500000e+02 
3.500e+01 ; 3.200e+00 ; 2.100e+00 ; 1.5205000e+01 ; 2.2500000e+02 
3.500e+01 ; 3.200e+00 ; 2.100e+00 ; 1.5209000e+01 ; 2.2500000e+02 
3.500e+01 ; 3.200e+00 ; 2.100e+00 ; 1.5217000e+01 ; 2.2500000e+02 
3.500e+01 ; 3.200e+00 ; 2.100e+00 ; 1.5233000e+01 ; 2.2500000e+02 
3.500e+01 ; 3.200e+00 ; 2.100e+00 ; 1.5265000e+01 ; 2.2500000e+02 
3.500e+01 ; 3.200e+00 ; 2.100e+00 ; 1.5329000e+01 ; 2.2500000e+02 
3.500e+01 ; 3.200e+00 ; 2.100e+00 ; 1.5457000e+01 ; 2.2500000e+02 
3.500e+01 ; 3.200e+00 ; 2.100e+00 ; 1.5713000e+01 ; 2.2500000e+02 
3.500e+01 ; 3.200e+00 ; 2.100e+00 ; 1.6150000e+01 ; 2.2500000e+02 
3.500e+01 ; 3.200e+00 ; 2.100e+00 ; 1.6150000e+01 ; 2.2500000e+02 
3.500e+01 ; 3.200e+00 ; 2.100e+00 ; 1.6151000e+01 ; 2.2500000e+02 
3.500e+01 ; 3.200e+00 ; 2.100e+00 ; 1.6152000e+01 ; 2.2500000e+02 
3.500e+01 ; 3.200e+00 ; 2.100e+00 ; 1.6153000e+01 ; 2.2500000e+02 
3.500e+01 ; 3.200e+00 ; 2.100e+00 ; 1.6155000e+01 ; 2.2500000e+02 
3.500e+01 ; 3.200e+00 ; 2.100e+00 ; 1.6159000e+01 ; 2.2500000e+02 
3.500e+01 ; 3.200e+00 ; 2.100e+00 ; 1.6167000e+01 ; 2.2500000e+02 
3.500e+01 ; 3.200e+00 ; 2.100e+00 ; 1.6183000e+01 ; 2.2500000e+02 
3.500e+01 ; 3.200e+00 ; 2.100e+00 ; 1.6215000e+01 ; 2.2500000e+02 
3.500e+01 ; 3.200e+00 ; 2.100e+00 ; 1.6279000e+01 ; 2.2500000e+02 
3.500e+01 ; 3.200e+00 ; 2.100e+00 ; 1.6407000e+01 ; 2.2500000e+02 
3.500e+01 ; 3.200e+00 ; 2.100e+00 ; 1.6663000e+01 ; 2.2500000e+02 
3.500e+01 ; 3.200e+00 ; 2.100e+00 ; 1.7100000e+01 ; 2.2500000e+02 
3.500e+01 ; 3.200e+00 ; 2.100e+00 ; 1.7100000e+01 ; 2.2500000e+02 
3.500e+01 ; 3.200e+00 ; 2.100e+00 ; 1.7101000e+01 ; 2.2500000e+02 
3.500e+01 ; 3.200e+00 ; 2.100e+00 ; 1.7102000e+01 ; 2.2500000e+02 
3.500e+01 ; 3.200e+00 ; 2.100e+00 ; 1.7103000e+01 ; 2.2500000e+02 
3.500e+01 ; 3.200e+00 ; 2.100e+00 ; 1.7105000e+01 ; 2.2500000e+02 
3.500e+01 ; 3.200e+00 ; 2.100e+00 ; 1.7109000e+01 ; 2.2500000e+02 
3.500e+01 ; 3.200e+00 ; 2.100e+00 ; 1.7117000e+01 ; 2.2500000e+02 
3.500e+01 ; 3.200e+00 ; 2.100e+00 ; 1.7133000e+01 ; 2.2500000e+02 
3.500e+01 ; 3.200e+00 ; 2.100e+00 ; 1.7165000e+01 ; 2.2500000e+02 
3.500e+01 ; 3.200e+00 ; 2.100e+00 ; 1.7229000e+01 ; 2.2500000e+02 
3.500e+01 ; 3.200e+00 ; 2.100e+00 ; 1.7357000e+01 ; 2.2500000e+02 
3.500e+01 ; 3.200e+00 ; 2.100e+00 ; 1.7613000e+01 ; 2.2500000e+02 
3.500e+01 ; 3.200e+00 ; 2.100e+00 ; 1.8050000e+01 ; 2.2500000e+02 
3.500e+01 ; 3.200e+00 ; 2.100e+00 ; 1.8050000e+01 ; 2.2500000e+02 
3.500e+01 ; 3.200e+00 ; 2.100e+00 ; 1.8051000e+01 ; 2.2500000e+02 
3.500e+01 ; 3.200e+00 ; 2.100e+00 ; 1.8052000e+01 ; 2.2500000e+02 
3.500e+01 ; 3.200e+00 ; 2.100e+00 ; 1.8053000e+01 ; 2.2500000e+02 
3.500e+01 ; 3.200e+00 ; 2.100e+00 ; 1.8055000e+01 ; 2.2500000e+02 
3.500e+01 ; 3.200e+00 ; 2.100e+00 ; 1.8059000e+01 ; 2.2500000e+02 
3.500e+01 ; 3.200e+00 ; 2.100e+00 ; 1.8067000e+01 ; 2.2500000e+02 
3.500e+01 ; 3.200e+00 ; 2.100e+00 ; 1.8083000e+01 ; 2.2500000e+02 
3.500e+01 ; 3.200e+00 ; 2.100e+00 ; 1.8115000e+01 ; 2.2500000e+02 
3.500e+01 ; 3.200e+00 ; 2.100e+00 ; 1.8179000e+01 ; 2.2500000e+02 
3.500e+01 ; 3.200e+00 ; 2.100e+00 ; 1.8307000e+01 ; 2.2500000e+02 
3.500e+01 ; 3.200e+00 ; 2.100e+00 ; 1.8563000e+01 ; 2.2500000e+02 
3.500e+01 ; 3.200e+00 ; 2.100e+00 ; 1.9000000e+01 ; 2.2500000e+02 
3.500e+01 ; 3.200e+00 ; 2.100e+00 ; 1.9000000e+01 ; 2.2500000e+02 
3.500e+01 ; 3.200e+00 ; 2.100e+00 ; 1.9001000e+01 ; 2.2500000e+02 
3.500e+01 ; 3.200e+00 ; 2.100e+00 ; 1.9002000e+01 ; 2.2500000e+02 
3.500e+01 ; 3.200e+00 ; 2.100e+00 ; 1.9003000e+01 ; 2.2500000e+02 
3.500e+01 ; 3.200e+00 ; 2.100e+00 ; 1.9005000e+01 ; 2.2500000e+02 
3.500e+01 ; 3.200e+00 ; 2.100e+00 ; 1.9009000e+01 ; 2.2500000e+02 
3.500e+01 ; 3.200e+00 ; 2.100e+00 ; 1.9017000e+01 ; 2.2500000e+02 
3.500e+01 ; 3.200e+00 ; 2.100e+00 ; 1.9033000e+01 ; 2.2500000e+02 
3.500e+01 ; 3.200e+00 ; 2.100e+00 ; 1.9065000e+01 ; 2.2500000e+02 
3.500e+01 ; 3.200e+00 ; 2.100e+00 ; 1.9129000e+01 ; 2.2500000e+02 
3.500e+01 ; 3.200e+00 ; 2.100e+00 ; 1.9257000e+01 ; 2.2500000e+02 
3.500e+01 ; 3.200e+00 ; 2.100e+00 ; 1.9513000e+01 ; 2.2500000e+02 
3.500e+01 ; 3.200e+00 ; 2.100e+00 ; 1.9950000e+01 ; 2.2500000e+02 
3.500e+01 ; 3.200e+00 ; 2.100e+00 ; 1.9950000e+01 ; 2.2500000e+02 
3.500e+01 ; 3.200e+00 ; 2.100e+00 ; 1.9951000e+01 ; 2.2500000e+02 
3.500e+01 ; 3.200e+00 ; 2.100e+00 ; 1.9952000e+01 ; 2.2500000e+02 
3.500e+01 ; 3.200e+00 ; 2.100e+00 ; 1.9953000e+01 ; 2.2500000e+02 
3.500e+01 ; 3.200e+00 ; 2.100e+00 ; 1.9955000e+01 ; 2.2500000e+02 
3.500e+01 ; 3.200e+00 ; 2.100e+00 ; 1.9959000e+01 ; 2.2500000e+02 
3.500e+01 ; 3.200e+00 ; 2.100e+00 ; 1.9967000e+01 ; 2.2500000e+02 
3.500e+01 ; 3.200e+00 ; 2.100e+00 ; 1.9983000e+01 ; 2.2500000e+02 
3.500e+01 ; 3.200e+00 ; 2.100e+00 ; 2.0015000e+01 ; 2.2500000e+02 
3.500e+01 ; 3.200e+00 ; 2.100e+00 ; 2.0079000e+01 ; 2.2500000e+02 
3.500e+01 ; 3.200e+00 ; 2.100e+00 ; 2.0207000e+01 ; 2.2500000e+02 
3.500e+01 ; 3.200e+00 ; 2.100e+00 ; 2.0463000e+01 ; 2.2500000e+02 
3.500e+01 ; 3.200e+00 ; 2.100e+00 ; 2.0900000e+01 ; 2.2500000e+02 
3.500e+01 ; 3.200e+00 ; 2.100e+00 ; 2.0900000e+01 ; 2.2500000e+02 
3.500e+01 ; 3.200e+00 ; 2.100e+00 ; 2.0901000e+01 ; 2.2500000e+02 
3.500e+01 ; 3.200e+00 ; 2.100e+00 ; 2.0902000e+01 ; 2.2500000e+02 
3.500e+01 ; 3.200e+00 ; 2.100e+00 ; 2.0903000e+01 ; 2.2500000e+02 
3.500e+01 ; 3.200e+00 ; 2.100e+00 ; 2.0905000e+01 ; 2.2500000e+02 
3.500e+01 ; 3.200e+00 ; 2.100e+00 ; 2.0909000e+01 ; 2.2500000e+02 
3.500e+01 ; 3.200e+00 ; 2.100e+00 ; 2.0917000e+01 ; 2.2500000e+02 
3.500e+01 ; 3.200e+00 ; 2.100e+00 ; 2.0933000e+01 ; 2.2500000e+02 
3.500e+01 ; 3.200e+00 ; 2.100e+00 ; 2.0965000e+01 ; 2.2500000e+02 
3.500e+01 ; 3.200e+00 ; 2.100e+00 ; 2.1029000e+01 ; 2.2500000e+02 
3.500e+01 ; 3.200e+00 ; 2.100e+00 ; 2.1157000e+01 ; 2.2500000e+02 
3.500e+01 ; 3.200e+00 ; 2.100e+00 ; 2.1413000e+01 ; 2.2500000e+02 
3.500e+01 ; 3.200e+00 ; 2.100e+00 ; 2.1850000e+01 ; 2.2500000e+02 
3.500e+01 ; 3.200e+00 ; 2.100e+00 ; 2.1850000e+01 ; 2.2500000e+02 
3.500e+01 ; 3.200e+00 ; 2.100e+00 ; 2.1851000e+01 ; 2.2500000e+02 
3.500e+01 ; 3.200e+00 ; 2.100e+00 ; 2.1852000e+01 ; 2.2500000e+02 
3.500e+01 ; 3.200e+00 ; 2.100e+00 ; 2.1853000e+01 ; 2.2500000e+02 
3.500e+01 ; 3.200e+00 ; 2.100e+00 ; 2.1855000e+01 ; 2.2500000e+02 
3.500e+01 ; 3.200e+00 ; 2.100e+00 ; 2.1859000e+01 ; 2.2500000e+02 
3.500e+01 ; 3.200e+00 ; 2.100e+00 ; 2.1867000e+01 ; 2.2500000e+02 
3.500e+01 ; 3.200e+00 ; 2.100e+00 ; 2.1883000e+01 ; 2.2500000e+02 
3.500e+01 ; 3.200e+00 ; 2.100e+00 ; 2.1915000e+01 ; 2.2500000e+02 
3.500e+01 ; 3.200e+00 ; 2.100e+00 ; 2.1979000e+01 ; 2.2500000e+02 
3.500e+01 ; 3.200e+00 ; 2.100e+00 ; 2.2107000e+01 ; 2.2500000e+02 
3.500e+01 ; 3.200e+00 ; 2.100e+00 ; 2.2363000e+01 ; 2.2500000e+02 
3.500e+01 ; 3.200e+00 ; 2.100e+00 ; 2.2800000e+01 ; 2.2500000e+02 
3.500e+01 ; 3.200e+00 ; 2.100e+00 ; 2.2800000e+01 ; 2.2500000e+02 
3.500e+01 ; 3.200e+00 ; 2.100e+00 ; 2.2801000e+01 ; 2.2500000e+02 
3.500e+01 ; 3.200e+00 ; 2.100e+00 ; 2.2802000e+01 ; 2.2500000e+02 
3.500e+01 ; 3.200e+00 ; 2.100e+00 ; 2.2803000e+01 ; 2.2500000e+02 
3.500e+01 ; 3.200e+00 ; 2.100e+00 ; 2.2805000e+01 ; 2.2500000e+02 
3.500e+01 ; 3.200e+00 ; 2.100e+00 ; 2.2809000e+01 ; 2.2500000e+02 
3.500e+01 ; 3.200e+00 ; 2.100e+00 ; 2.2817000e+01 ; 2.2500000e+02 
3.500e+01 ; 3.200e+00 ; 2.100e+00 ; 2.2833000e+01 ; 2.2500000e+02 
3.500e+01 ; 3.200e+00 ; 2.100e+00 ; 2.2865000e+01 ; 2.2500000e+02 
3.500e+01 ; 3.200e+00 ; 2.100e+00 ; 2.2929000e+01 ; 2.2500000e+02 
3.500e+01 ; 3.200e+00 ; 2.100e+00 ; 2.3057000e+01 ; 2.2500000e+02 
3.500e+01 ; 3.200e+00 ; 2.100e+00 ; 2.3313000e+01 ; 2.2500000e+02 
3.500e+01 ; 3.200e+00 ; 2.100e+00 ; 2.3750000e+01 ; 2.2500000e+02 
3.500e+01 ; 3.200e+00 ; 2.100e+00 ; 2.3750000e+01 ; 2.2500000e+02 
3.500e+01 ; 3.200e+00 ; 2.100e+00 ; 2.3751000e+01 ; 2.2500000e+02 
3.500e+01 ; 3.200e+00 ; 2.100e+00 ; 2.3752000e+01 ; 2.2500000e+02 
3.500e+01 ; 3.200e+00 ; 2.100e+00 ; 2.3753000e+01 ; 2.2500000e+02 
3.500e+01 ; 3.200e+00 ; 2.100e+00 ; 2.3755000e+01 ; 2.2500000e+02 
3.500e+01 ; 3.200e+00 ; 2.100e+00 ; 2.3759000e+01 ; 2.2500000e+02 
3.500e+01 ; 3.200e+00 ; 2.100e+00 ; 2.3767000e+01 ; 2.2500000e+02 
3.500e+01 ; 3.200e+00 ; 2.100e+00 ; 2.3783000e+01 ; 2.2500000e+02 
3.500e+01 ; 3.200e+00 ; 2.100e+00 ; 2.3815000e+01 ; 2.2500000e+02 
3.500e+01 ; 3.200e+00 ; 2.100e+00 ; 2.3879000e+01 ; 2.2500000e+02 
3.500e+01 ; 3.200e+00 ; 2.100e+00 ; 2.4007000e+01 ; 2.2500000e+02 
3.500e+01 ; 3.200e+00 ; 2.100e+00 ; 2.4263000e+01 ; 2.2500000e+02 
3.500e+01 ; 3.200e+00 ; 2.100e+00 ; 2.4700000e+01 ; 2.2500000e+02 
3.500e+01 ; 3.200e+00 ; 2.100e+00 ; 2.4700000e+01 ; 2.2500000e+02 
3.500e+01 ; 3.200e+00 ; 2.100e+00 ; 2.4701000e+01 ; 2.2500000e+02 
3.500e+01 ; 3.200e+00 ; 2.100e+00 ; 2.4702000e+01 ; 2.2500000e+02 
3.500e+01 ; 3.200e+00 ; 2.100e+00 ; 2.4703000e+01 ; 2.2500000e+02 
3.500e+01 ; 3.200e+00 ; 2.100e+00 ; 2.4705000e+01 ; 2.2500000e+02 
3.500e+01 ; 3.200e+00 ; 2.100e+00 ; 2.4709000e+01 ; 2.2500000e+02 
3.500e+01 ; 3.200e+00 ; 2.100e+00 ; 2.4717000e+01 ; 2.2500000e+02 
3.500e+01 ; 3.200e+00 ; 2.100e+00 ; 2.4733000e+01 ; 2.2500000e+02 
3.500e+01 ; 3.200e+00 ; 2.100e+00 ; 2.4765000e+01 ; 2.2500000e+02 
3.500e+01 ; 3.200e+00 ; 2.100e+00 ; 2.4829000e+01 ; 2.2500000e+02 
3.500e+01 ; 3.200e+00 ; 2.100e+00 ; 2.4957000e+01 ; 2.2500000e+02 
3.500e+01 ; 3.200e+00 ; 2.100e+00 ; 2.5213000e+01 ; 2.2500000e+02 
3.500e+01 ; 3.200e+00 ; 2.100e+00 ; 2.5650000e+01 ; 2.2500000e+02 
3.500e+01 ; 3.200e+00 ; 2.100e+00 ; 2.5650000e+01 ; 2.2500000e+02 
3.500e+01 ; 3.200e+00 ; 2.100e+00 ; 2.5651000e+01 ; 2.2500000e+02 
3.500e+01 ; 3.200e+00 ; 2.100e+00 ; 2.5652000e+01 ; 2.2500000e+02 
3.500e+01 ; 3.200e+00 ; 2.100e+00 ; 2.5653000e+01 ; 2.2500000e+02 
3.500e+01 ; 3.200e+00 ; 2.100e+00 ; 2.5655000e+01 ; 2.2500000e+02 
3.500e+01 ; 3.200e+00 ; 2.100e+00 ; 2.5659000e+01 ; 2.2500000e+02 
3.500e+01 ; 3.200e+00 ; 2.100e+00 ; 2.5667000e+01 ; 2.2500000e+02 
3.500e+01 ; 3.200e+00 ; 2.100e+00 ; 2.5683000e+01 ; 2.2500000e+02 
3.500e+01 ; 3.200e+00 ; 2.100e+00 ; 2.5715000e+01 ; 2.2500000e+02 
3.500e+01 ; 3.200e+00 ; 2.100e+00 ; 2.5779000e+01 ; 2.2500000e+02 
3.500e+01 ; 3.200e+00 ; 2.100e+00 ; 2.5907000e+01 ; 2.2500000e+02 
3.500e+01 ; 3.200e+00 ; 2.100e+00 ; 2.6163000e+01 ; 2.2500000e+02 
3.500e+01 ; 3.200e+00 ; 2.100e+00 ; 2.6600000e+01 ; 2.2500000e+02 
3.500e+01 ; 3.200e+00 ; 2.100e+00 ; 2.6600000e+01 ; 2.2500000e+02 
3.500e+01 ; 3.200e+00 ; 2.100e+00 ; 2.6601000e+01 ; 2.2500000e+02 
3.500e+01 ; 3.200e+00 ; 2.100e+00 ; 2.6602000e+01 ; 2.2500000e+02 
3.500e+01 ; 3.200e+00 ; 2.100e+00 ; 2.6603000e+01 ; 2.2500000e+02 
3.500e+01 ; 3.200e+00 ; 2.100e+00 ; 2.6605000e+01 ; 2.2500000e+02 
3.500e+01 ; 3.200e+00 ; 2.100e+00 ; 2.6609000e+01 ; 2.2500000e+02 
3.500e+01 ; 3.200e+00 ; 2.100e+00 ; 2.6617000e+01 ; 2.2500000e+02 
3.500e+01 ; 3.200e+00 ; 2.100e+00 ; 2.6633000e+01 ; 2.2500000e+02 
3.500e+01 ; 3.200e+00 ; 2.100e+00 ; 2.6665000e+01 ; 2.2500000e+02 
3.500e+01 ; 3.200e+00 ; 2.100e+00 ; 2.6729000e+01 ; 2.2500000e+02 
3.500e+01 ; 3.200e+00 ; 2.100e+00 ; 2.6857000e+01 ; 2.2500000e+02 
3.500e+01 ; 3.200e+00 ; 2.100e+00 ; 2.7113000e+01 ; 2.2500000e+02 
3.500e+01 ; 3.200e+00 ; 2.100e+00 ; 2.7550000e+01 ; 2.2500000e+02 
3.500e+01 ; 3.200e+00 ; 2.100e+00 ; 2.7550000e+01 ; 2.2500000e+02 
3.500e+01 ; 3.200e+00 ; 2.100e+00 ; 2.7551000e+01 ; 2.2500000e+02 
3.500e+01 ; 3.200e+00 ; 2.100e+00 ; 2.7552000e+01 ; 2.2500000e+02 
3.500e+01 ; 3.200e+00 ; 2.100e+00 ; 2.7553000e+01 ; 2.2500000e+02 
3.500e+01 ; 3.200e+00 ; 2.100e+00 ; 2.7555000e+01 ; 2.2500000e+02 
3.500e+01 ; 3.200e+00 ; 2.100e+00 ; 2.7559000e+01 ; 2.2500000e+02 
3.500e+01 ; 3.200e+00 ; 2.100e+00 ; 2.7567000e+01 ; 2.2500000e+02 
3.500e+01 ; 3.200e+00 ; 2.100e+00 ; 2.7583000e+01 ; 2.2500000e+02 
3.500e+01 ; 3.200e+00 ; 2.100e+00 ; 2.7615000e+01 ; 2.2500000e+02 
3.500e+01 ; 3.200e+00 ; 2.100e+00 ; 2.7679000e+01 ; 2.2500000e+02 
3.500e+01 ; 3.200e+00 ; 2.100e+00 ; 2.7807000e+01 ; 2.2500000e+02 
3.500e+01 ; 3.200e+00 ; 2.100e+00 ; 2.8063000e+01 ; 2.2500000e+02 
3.500e+01 ; 3.200e+00 ; 2.100e+00 ; 2.8500000e+01 ; 2.2500000e+02 
3.500e+01 ; 3.200e+00 ; 2.100e+00 ; 2.8500000e+01 ; 2.2500000e+02 
3.500e+01 ; 3.200e+00 ; 2.100e+00 ; 2.8501000e+01 ; 2.2500000e+02 
3.500e+01 ; 3.200e+00 ; 2.100e+00 ; 2.8502000e+01 ; 2.2500000e+02 
3.500e+01 ; 3.200e+00 ; 2.100e+00 ; 2.8503000e+01 ; 2.2500000e+02 
3.500e+01 ; 3.200e+00 ; 2.100e+00 ; 2.8505000e+01 ; 2.2500000e+02 
3.500e+01 ; 3.200e+00 ; 2.100e+00 ; 2.8509000e+01 ; 2.2500000e+02 
3.500e+01 ; 3.200e+00 ; 2.100e+00 ; 2.8517000e+01 ; 2.2500000e+02 
3.500e+01 ; 3.200e+00 ; 2.100e+00 ; 2.8533000e+01 ; 2.2500000e+02 
3.500e+01 ; 3.200e+00 ; 2.100e+00 ; 2.8565000e+01 ; 2.2500000e+02 
3.500e+01 ; 3.200e+00 ; 2.100e+00 ; 2.8629000e+01 ; 2.2500000e+02 
3.500e+01 ; 3.200e+00 ; 2.100e+00 ; 2.8757000e+01 ; 2.2500000e+02 
3.500e+01 ; 3.200e+00 ; 2.100e+00 ; 2.9013000e+01 ; 2.2500000e+02 
3.500e+01 ; 3.200e+00 ; 2.100e+00 ; 2.9450000e+01 ; 2.2500000e+02 
3.500e+01 ; 3.200e+00 ; 2.100e+00 ; 2.9450000e+01 ; 2.2500000e+02 
3.500e+01 ; 3.200e+00 ; 2.100e+00 ; 2.9451000e+01 ; 2.2500000e+02 
3.500e+01 ; 3.200e+00 ; 2.100e+00 ; 2.9452000e+01 ; 2.2500000e+02 
3.500e+01 ; 3.200e+00 ; 2.100e+00 ; 2.9453000e+01 ; 2.2500000e+02 
3.500e+01 ; 3.200e+00 ; 2.100e+00 ; 2.9455000e+01 ; 2.2500000e+02 
3.500e+01 ; 3.200e+00 ; 2.100e+00 ; 2.9459000e+01 ; 2.2500000e+02 
3.500e+01 ; 3.200e+00 ; 2.100e+00 ; 2.9467000e+01 ; 2.2500000e+02 
3.500e+01 ; 3.200e+00 ; 2.100e+00 ; 2.9483000e+01 ; 2.2500000e+02 
3.500e+01 ; 3.200e+00 ; 2.100e+00 ; 2.9515000e+01 ; 2.2500000e+02 
3.500e+01 ; 3.200e+00 ; 2.100e+00 ; 2.9579000e+01 ; 2.2500000e+02 
3.500e+01 ; 3.200e+00 ; 2.100e+00 ; 2.9707000e+01 ; 2.2500000e+02 
3.500e+01 ; 3.200e+00 ; 2.100e+00 ; 2.9963000e+01 ; 2.2500000e+02 
3.500e+01 ; 3.200e+00 ; 2.100e+00 ; 3.0400000e+01 ; 2.2500000e+02 
3.500e+01 ; 3.200e+00 ; 2.100e+00 ; 3.0400000e+01 ; 2.2500000e+02 
3.500e+01 ; 3.200e+00 ; 2.100e+00 ; 3.0401000e+01 ; 2.2500000e+02 
3.500e+01 ; 3.200e+00 ; 2.100e+00 ; 3.0402000e+01 ; 2.2500000e+02 
3.500e+01 ; 3.200e+00 ; 2.100e+00 ; 3.0403000e+01 ; 2.2500000e+02 
3.500e+01 ; 3.200e+00 ; 2.100e+00 ; 3.0405000e+01 ; 2.2500000e+02 
3.500e+01 ; 3.200e+00 ; 2.100e+00 ; 3.0409000e+01 ; 2.2500000e+02 
3.500e+01 ; 3.200e+00 ; 2.100e+00 ; 3.0417000e+01 ; 2.2500000e+02 
3.500e+01 ; 3.200e+00 ; 2.100e+00 ; 3.0433000e+01 ; 2.2500000e+02 
3.500e+01 ; 3.200e+00 ; 2.100e+00 ; 3.0465000e+01 ; 2.2500000e+02 
3.500e+01 ; 3.200e+00 ; 2.100e+00 ; 3.0529000e+01 ; 2.2500000e+02 
3.500e+01 ; 3.200e+00 ; 2.100e+00 ; 3.0657000e+01 ; 2.2500000e+02 
3.500e+01 ; 3.200e+00 ; 2.100e+00 ; 3.0913000e+01 ; 2.2500000e+02 
3.500e+01 ; 3.200e+00 ; 2.100e+00 ; 3.1350000e+01 ; 2.2500000e+02 
3.500e+01 ; 3.200e+00 ; 2.100e+00 ; 3.1350000e+01 ; 2.2500000e+02 
3.500e+01 ; 3.200e+00 ; 2.100e+00 ; 3.1351000e+01 ; 2.2500000e+02 
3.500e+01 ; 3.200e+00 ; 2.100e+00 ; 3.1352000e+01 ; 2.2500000e+02 
3.500e+01 ; 3.200e+00 ; 2.100e+00 ; 3.1353000e+01 ; 2.2500000e+02 
3.500e+01 ; 3.200e+00 ; 2.100e+00 ; 3.1355000e+01 ; 2.2500000e+02 
3.500e+01 ; 3.200e+00 ; 2.100e+00 ; 3.1359000e+01 ; 2.2500000e+02 
3.500e+01 ; 3.200e+00 ; 2.100e+00 ; 3.1367000e+01 ; 2.2500000e+02 
3.500e+01 ; 3.200e+00 ; 2.100e+00 ; 3.1383000e+01 ; 2.2500000e+02 
3.500e+01 ; 3.200e+00 ; 2.100e+00 ; 3.1415000e+01 ; 2.2500000e+02 
3.500e+01 ; 3.200e+00 ; 2.100e+00 ; 3.1479000e+01 ; 2.2500000e+02 
3.500e+01 ; 3.200e+00 ; 2.100e+00 ; 3.1607000e+01 ; 2.2500000e+02 
3.500e+01 ; 3.200e+00 ; 2.100e+00 ; 3.1863000e+01 ; 2.2500000e+02 
3.500e+01 ; 3.200e+00 ; 2.100e+00 ; 3.2300000e+01 ; 2.2500000e+02 
3.500e+01 ; 3.200e+00 ; 2.100e+00 ; 3.2300000e+01 ; 2.2500000e+02 
3.500e+01 ; 3.200e+00 ; 2.100e+00 ; 3.2301000e+01 ; 2.2489014e+02 
3.500e+01 ; 3.200e+00 ; 2.100e+00 ; 3.2302000e+01 ; 2.2478036e+02 
3.500e+01 ; 3.200e+00 ; 2.100e+00 ; 3.2303000e+01 ; 2.2467067e+02 
3.500e+01 ; 3.200e+00 ; 2.100e+00 ; 3.2305000e+01 ; 2.2445163e+02 
3.500e+01 ; 3.200e+00 ; 2.100e+00 ; 3.2309000e+01 ; 2.2401488e+02 
3.500e+01 ; 3.200e+00 ; 2.100e+00 ; 3.2317000e+01 ; 2.2314673e+02 
3.500e+01 ; 3.200e+00 ; 2.100e+00 ; 3.2333000e+01 ; 2.2143158e+02 
3.500e+01 ; 3.200e+00 ; 2.100e+00 ; 3.2365000e+01 ; 2.1808400e+02 
3.500e+01 ; 3.200e+00 ; 2.100e+00 ; 3.2429000e+01 ; 2.1170499e+02 
3.500e+01 ; 3.200e+00 ; 2.100e+00 ; 3.2557000e+01 ; 2.0010213e+02 
3.500e+01 ; 3.200e+00 ; 2.100e+00 ; 3.2813000e+01 ; 1.8076588e+02 
3.500e+01 ; 3.200e+00 ; 2.100e+00 ; 3.3250000e+01 ; 1.5616014e+02 
3.500e+01 ; 3.200e+00 ; 2.100e+00 ; 3.3250000e+01 ; 1.5616014e+02 
3.500e+01 ; 3.200e+00 ; 2.100e+00 ; 3.3251000e+01 ; 1.5610387e+02 
3.500e+01 ; 3.200e+00 ; 2.100e+00 ; 3.3252000e+01 ; 1.5604765e+02 
3.500e+01 ; 3.200e+00 ; 2.100e+00 ; 3.3253000e+01 ; 1.5599149e+02 
3.500e+01 ; 3.200e+00 ; 2.100e+00 ; 3.3255000e+01 ; 1.5587933e+02 
3.500e+01 ; 3.200e+00 ; 2.100e+00 ; 3.3259000e+01 ; 1.5565582e+02 
3.500e+01 ; 3.200e+00 ; 2.100e+00 ; 3.3267000e+01 ; 1.5521184e+02 
3.500e+01 ; 3.200e+00 ; 2.100e+00 ; 3.3283000e+01 ; 1.5433589e+02 
3.500e+01 ; 3.200e+00 ; 2.100e+00 ; 3.3315000e+01 ; 1.5263034e+02 
3.500e+01 ; 3.200e+00 ; 2.100e+00 ; 3.3379000e+01 ; 1.4939265e+02 
3.500e+01 ; 3.200e+00 ; 2.100e+00 ; 3.3507000e+01 ; 1.4353058e+02 
3.500e+01 ; 3.200e+00 ; 2.100e+00 ; 3.3763000e+01 ; 1.3378357e+02 
3.500e+01 ; 3.200e+00 ; 2.100e+00 ; 3.4200000e+01 ; 1.2131538e+02 
3.500e+01 ; 3.200e+00 ; 2.100e+00 ; 3.4200000e+01 ; 1.2131538e+02 
3.500e+01 ; 3.200e+00 ; 2.100e+00 ; 3.4201000e+01 ; 1.2128687e+02 
3.500e+01 ; 3.200e+00 ; 2.100e+00 ; 3.4202000e+01 ; 1.2125837e+02 
3.500e+01 ; 3.200e+00 ; 2.100e+00 ; 3.4203000e+01 ; 1.2122990e+02 
3.500e+01 ; 3.200e+00 ; 2.100e+00 ; 3.4205000e+01 ; 1.2117306e+02 
3.500e+01 ; 3.200e+00 ; 2.100e+00 ; 3.4209000e+01 ; 1.2105969e+02 
3.500e+01 ; 3.200e+00 ; 2.100e+00 ; 3.4217000e+01 ; 1.2083434e+02 
3.500e+01 ; 3.200e+00 ; 2.100e+00 ; 3.4233000e+01 ; 1.2038903e+02 
3.500e+01 ; 3.200e+00 ; 2.100e+00 ; 3.4265000e+01 ; 1.1951948e+02 
3.500e+01 ; 3.200e+00 ; 2.100e+00 ; 3.4329000e+01 ; 1.1786073e+02 
3.500e+01 ; 3.200e+00 ; 2.100e+00 ; 3.4457000e+01 ; 1.1483588e+02 
3.500e+01 ; 3.200e+00 ; 2.100e+00 ; 3.4713000e+01 ; 1.0976099e+02 
3.500e+01 ; 3.200e+00 ; 2.100e+00 ; 3.5150000e+01 ; 1.0319971e+02 
3.500e+01 ; 3.200e+00 ; 2.100e+00 ; 3.5150000e+01 ; 1.0319971e+02 
3.500e+01 ; 3.200e+00 ; 2.100e+00 ; 3.5151000e+01 ; 1.0318471e+02 
3.500e+01 ; 3.200e+00 ; 2.100e+00 ; 3.5152000e+01 ; 1.0316972e+02 
3.500e+01 ; 3.200e+00 ; 2.100e+00 ; 3.5153000e+01 ; 1.0315473e+02 
3.500e+01 ; 3.200e+00 ; 2.100e+00 ; 3.5155000e+01 ; 1.0312482e+02 
3.500e+01 ; 3.200e+00 ; 2.100e+00 ; 3.5159000e+01 ; 1.0306515e+02 
3.500e+01 ; 3.200e+00 ; 2.100e+00 ; 3.5167000e+01 ; 1.0294651e+02 
3.500e+01 ; 3.200e+00 ; 2.100e+00 ; 3.5183000e+01 ; 1.0271198e+02 
3.500e+01 ; 3.200e+00 ; 2.100e+00 ; 3.5215000e+01 ; 1.0225354e+02 
3.500e+01 ; 3.200e+00 ; 2.100e+00 ; 3.5279000e+01 ; 1.0137704e+02 
3.500e+01 ; 3.200e+00 ; 2.100e+00 ; 3.5407000e+01 ; 9.9769623e+01 
3.500e+01 ; 3.200e+00 ; 2.100e+00 ; 3.5663000e+01 ; 9.7034195e+01 
3.500e+01 ; 3.200e+00 ; 2.100e+00 ; 3.6100000e+01 ; 9.3394943e+01 
3.500e+01 ; 3.200e+00 ; 2.100e+00 ; 3.6100000e+01 ; 9.3394943e+01 
3.500e+01 ; 3.200e+00 ; 2.100e+00 ; 3.6101000e+01 ; 9.3386620e+01 
3.500e+01 ; 3.200e+00 ; 2.100e+00 ; 3.6102000e+01 ; 9.3378304e+01 
3.500e+01 ; 3.200e+00 ; 2.100e+00 ; 3.6103000e+01 ; 9.3369995e+01 
3.500e+01 ; 3.200e+00 ; 2.100e+00 ; 3.6105000e+01 ; 9.3353394e+01 
3.500e+01 ; 3.200e+00 ; 2.100e+00 ; 3.6109000e+01 ; 9.3320274e+01 
3.500e+01 ; 3.200e+00 ; 2.100e+00 ; 3.6117000e+01 ; 9.3254379e+01 
3.500e+01 ; 3.200e+00 ; 2.100e+00 ; 3.6133000e+01 ; 9.3123924e+01 
3.500e+01 ; 3.200e+00 ; 2.100e+00 ; 3.6165000e+01 ; 9.2868271e+01 
3.500e+01 ; 3.200e+00 ; 2.100e+00 ; 3.6229000e+01 ; 9.2376884e+01 
3.500e+01 ; 3.200e+00 ; 2.100e+00 ; 3.6357000e+01 ; 9.1466454e+01 
3.500e+01 ; 3.200e+00 ; 2.100e+00 ; 3.6613000e+01 ; 8.9886642e+01 
3.500e+01 ; 3.200e+00 ; 2.100e+00 ; 3.7050000e+01 ; 8.7717522e+01 
3.500e+01 ; 3.200e+00 ; 2.100e+00 ; 3.7050000e+01 ; 8.7717522e+01 
3.500e+01 ; 3.200e+00 ; 2.100e+00 ; 3.7051000e+01 ; 8.7712555e+01 
3.500e+01 ; 3.200e+00 ; 2.100e+00 ; 3.7052000e+01 ; 8.7707603e+01 
3.500e+01 ; 3.200e+00 ; 2.100e+00 ; 3.7053000e+01 ; 8.7702644e+01 
3.500e+01 ; 3.200e+00 ; 2.100e+00 ; 3.7055000e+01 ; 8.7692741e+01 
3.500e+01 ; 3.200e+00 ; 2.100e+00 ; 3.7059000e+01 ; 8.7672989e+01 
3.500e+01 ; 3.200e+00 ; 2.100e+00 ; 3.7067000e+01 ; 8.7633652e+01 
3.500e+01 ; 3.200e+00 ; 2.100e+00 ; 3.7083000e+01 ; 8.7555664e+01 
3.500e+01 ; 3.200e+00 ; 2.100e+00 ; 3.7115000e+01 ; 8.7402390e+01 
3.500e+01 ; 3.200e+00 ; 2.100e+00 ; 3.7179000e+01 ; 8.7106133e+01 
3.500e+01 ; 3.200e+00 ; 2.100e+00 ; 3.7307000e+01 ; 8.6551186e+01 
3.500e+01 ; 3.200e+00 ; 2.100e+00 ; 3.7563000e+01 ; 8.5568237e+01 
3.500e+01 ; 3.200e+00 ; 2.100e+00 ; 3.8000000e+01 ; 8.4174294e+01 
3.500e+01 ; 3.200e+00 ; 2.100e+00 ; 3.8000000e+01 ; 8.4174294e+01 
3.500e+01 ; 3.200e+00 ; 2.100e+00 ; 3.8001000e+01 ; 8.4171104e+01 
3.500e+01 ; 3.200e+00 ; 2.100e+00 ; 3.8002000e+01 ; 8.4167915e+01 
3.500e+01 ; 3.200e+00 ; 2.100e+00 ; 3.8003000e+01 ; 8.4164726e+01 
3.500e+01 ; 3.200e+00 ; 2.100e+00 ; 3.8005000e+01 ; 8.4158363e+01 
3.500e+01 ; 3.200e+00 ; 2.100e+00 ; 3.8009000e+01 ; 8.4145660e+01 
3.500e+01 ; 3.200e+00 ; 2.100e+00 ; 3.8017000e+01 ; 8.4120338e+01 
3.500e+01 ; 3.200e+00 ; 2.100e+00 ; 3.8033000e+01 ; 8.4070076e+01 
3.500e+01 ; 3.200e+00 ; 2.100e+00 ; 3.8065000e+01 ; 8.3971008e+01 
3.500e+01 ; 3.200e+00 ; 2.100e+00 ; 3.8129000e+01 ; 8.3778442e+01 
3.500e+01 ; 3.200e+00 ; 2.100e+00 ; 3.8257000e+01 ; 8.3413879e+01 
3.500e+01 ; 3.200e+00 ; 2.100e+00 ; 3.8513000e+01 ; 8.2755234e+01 
3.500e+01 ; 3.200e+00 ; 2.100e+00 ; 3.8950000e+01 ; 8.1792419e+01 
3.500e+01 ; 3.200e+00 ; 2.100e+00 ; 3.8950000e+01 ; 8.1792419e+01 
3.500e+01 ; 3.200e+00 ; 2.100e+00 ; 3.8951000e+01 ; 8.1790215e+01 
3.500e+01 ; 3.200e+00 ; 2.100e+00 ; 3.8952000e+01 ; 8.1788017e+01 
3.500e+01 ; 3.200e+00 ; 2.100e+00 ; 3.8953000e+01 ; 8.1785812e+01 
3.500e+01 ; 3.200e+00 ; 2.100e+00 ; 3.8955000e+01 ; 8.1781418e+01 
3.500e+01 ; 3.200e+00 ; 2.100e+00 ; 3.8959000e+01 ; 8.1772636e+01 
3.500e+01 ; 3.200e+00 ; 2.100e+00 ; 3.8967000e+01 ; 8.1755119e+01 
3.500e+01 ; 3.200e+00 ; 2.100e+00 ; 3.8983000e+01 ; 8.1720314e+01 
3.500e+01 ; 3.200e+00 ; 2.100e+00 ; 3.9015000e+01 ; 8.1651520e+01 
3.500e+01 ; 3.200e+00 ; 2.100e+00 ; 3.9079000e+01 ; 8.1517143e+01 
3.500e+01 ; 3.200e+00 ; 2.100e+00 ; 3.9207000e+01 ; 8.1260284e+01 
3.500e+01 ; 3.200e+00 ; 2.100e+00 ; 3.9463000e+01 ; 8.0788033e+01 
3.500e+01 ; 3.200e+00 ; 2.100e+00 ; 3.9899999e+01 ; 8.0079315e+01 
3.500e+01 ; 3.200e+00 ; 2.100e+00 ; 3.9899999e+01 ; 8.0079315e+01 
3.500e+01 ; 3.200e+00 ; 2.100e+00 ; 3.9900999e+01 ; 8.0077698e+01 
3.500e+01 ; 3.200e+00 ; 2.100e+00 ; 3.9901999e+01 ; 8.0076073e+01 
3.500e+01 ; 3.200e+00 ; 2.100e+00 ; 3.9902999e+01 ; 8.0074455e+01 
3.500e+01 ; 3.200e+00 ; 2.100e+00 ; 3.9904999e+01 ; 8.0071213e+01 
3.500e+01 ; 3.200e+00 ; 2.100e+00 ; 3.9908999e+01 ; 8.0064743e+01 
3.500e+01 ; 3.200e+00 ; 2.100e+00 ; 3.9917000e+01 ; 8.0051842e+01 
3.500e+01 ; 3.200e+00 ; 2.100e+00 ; 3.9932999e+01 ; 8.0026161e+01 
3.500e+01 ; 3.200e+00 ; 2.100e+00 ; 3.9964999e+01 ; 7.9975296e+01 
3.500e+01 ; 3.200e+00 ; 2.100e+00 ; 4.0028999e+01 ; 7.9875526e+01 
3.500e+01 ; 3.200e+00 ; 2.100e+00 ; 4.0156999e+01 ; 7.9683296e+01 
3.500e+01 ; 3.200e+00 ; 2.100e+00 ; 4.0413000e+01 ; 7.9324715e+01 
3.500e+01 ; 3.200e+00 ; 2.100e+00 ; 4.0849999e+01 ; 7.8775002e+01 
3.500e+01 ; 3.200e+00 ; 2.100e+00 ; 4.0849999e+01 ; 7.8775002e+01 
3.500e+01 ; 3.200e+00 ; 2.100e+00 ; 4.0850999e+01 ; 7.8773743e+01 
3.500e+01 ; 3.200e+00 ; 2.100e+00 ; 4.0851999e+01 ; 7.8772491e+01 
3.500e+01 ; 3.200e+00 ; 2.100e+00 ; 4.0852999e+01 ; 7.8771233e+01 
3.500e+01 ; 3.200e+00 ; 2.100e+00 ; 4.0854999e+01 ; 7.8768723e+01 
3.500e+01 ; 3.200e+00 ; 2.100e+00 ; 4.0858999e+01 ; 7.8763702e+01 
3.500e+01 ; 3.200e+00 ; 2.100e+00 ; 4.0866999e+01 ; 7.8753677e+01 
3.500e+01 ; 3.200e+00 ; 2.100e+00 ; 4.0882999e+01 ; 7.8733727e+01 
3.500e+01 ; 3.200e+00 ; 2.100e+00 ; 4.0914999e+01 ; 7.8694138e+01 
3.500e+01 ; 3.200e+00 ; 2.100e+00 ; 4.0978999e+01 ; 7.8616219e+01 
3.500e+01 ; 3.200e+00 ; 2.100e+00 ; 4.1106999e+01 ; 7.8465157e+01 
3.500e+01 ; 3.200e+00 ; 2.100e+00 ; 4.1362999e+01 ; 7.8180153e+01 
3.500e+01 ; 3.200e+00 ; 2.100e+00 ; 4.1799999e+01 ; 7.7735992e+01 
3.500e+01 ; 3.200e+00 ; 2.100e+00 ; 4.1799999e+01 ; 7.7735992e+01 
3.500e+01 ; 3.200e+00 ; 2.100e+00 ; 4.1800999e+01 ; 7.7734978e+01 
3.500e+01 ; 3.200e+00 ; 2.100e+00 ; 4.1801999e+01 ; 7.7733963e+01 
3.500e+01 ; 3.200e+00 ; 2.100e+00 ; 4.1802999e+01 ; 7.7732941e+01 
3.500e+01 ; 3.200e+00 ; 2.100e+00 ; 4.1804999e+01 ; 7.7730911e+01 
3.500e+01 ; 3.200e+00 ; 2.100e+00 ; 4.1808999e+01 ; 7.7726860e+01 
3.500e+01 ; 3.200e+00 ; 2.100e+00 ; 4.1816999e+01 ; 7.7718758e+01 
3.500e+01 ; 3.200e+00 ; 2.100e+00 ; 4.1832999e+01 ; 7.7702606e+01 
3.500e+01 ; 3.200e+00 ; 2.100e+00 ; 4.1864999e+01 ; 7.7670540e+01 
3.500e+01 ; 3.200e+00 ; 2.100e+00 ; 4.1928999e+01 ; 7.7607254e+01 
3.500e+01 ; 3.200e+00 ; 2.100e+00 ; 4.2056999e+01 ; 7.7483978e+01 
3.500e+01 ; 3.200e+00 ; 2.100e+00 ; 4.2312999e+01 ; 7.7249420e+01 
3.500e+01 ; 3.200e+00 ; 2.100e+00 ; 4.2749999e+01 ; 7.6879326e+01 
3.500e+01 ; 3.200e+00 ; 2.100e+00 ; 4.2749999e+01 ; 7.6879326e+01 
3.500e+01 ; 3.200e+00 ; 2.100e+00 ; 4.2750999e+01 ; 7.6878479e+01 
3.500e+01 ; 3.200e+00 ; 2.100e+00 ; 4.2751999e+01 ; 7.6877632e+01 
3.500e+01 ; 3.200e+00 ; 2.100e+00 ; 4.2752999e+01 ; 7.6876793e+01 
3.500e+01 ; 3.200e+00 ; 2.100e+00 ; 4.2754999e+01 ; 7.6875099e+01 
3.500e+01 ; 3.200e+00 ; 2.100e+00 ; 4.2758999e+01 ; 7.6871712e+01 
3.500e+01 ; 3.200e+00 ; 2.100e+00 ; 4.2766999e+01 ; 7.6864960e+01 
3.500e+01 ; 3.200e+00 ; 2.100e+00 ; 4.2782999e+01 ; 7.6851494e+01 
3.500e+01 ; 3.200e+00 ; 2.100e+00 ; 4.2814999e+01 ; 7.6824722e+01 
3.500e+01 ; 3.200e+00 ; 2.100e+00 ; 4.2878999e+01 ; 7.6771790e+01 
3.500e+01 ; 3.200e+00 ; 2.100e+00 ; 4.3006999e+01 ; 7.6668320e+01 
3.500e+01 ; 3.200e+00 ; 2.100e+00 ; 4.3262999e+01 ; 7.6470207e+01 
3.500e+01 ; 3.200e+00 ; 2.100e+00 ; 4.3699999e+01 ; 7.6154778e+01 
3.500e+01 ; 3.200e+00 ; 2.100e+00 ; 4.3699999e+01 ; 7.6154778e+01 
3.500e+01 ; 3.200e+00 ; 2.100e+00 ; 4.3700999e+01 ; 7.6154060e+01 
3.500e+01 ; 3.200e+00 ; 2.100e+00 ; 4.3701999e+01 ; 7.6153336e+01 
3.500e+01 ; 3.200e+00 ; 2.100e+00 ; 4.3702999e+01 ; 7.6152618e+01 
3.500e+01 ; 3.200e+00 ; 2.100e+00 ; 4.3704999e+01 ; 7.6151176e+01 
3.500e+01 ; 3.200e+00 ; 2.100e+00 ; 4.3708999e+01 ; 7.6148293e+01 
3.500e+01 ; 3.200e+00 ; 2.100e+00 ; 4.3716999e+01 ; 7.6142532e+01 
3.500e+01 ; 3.200e+00 ; 2.100e+00 ; 4.3732999e+01 ; 7.6131042e+01 
3.500e+01 ; 3.200e+00 ; 2.100e+00 ; 4.3764999e+01 ; 7.6108192e+01 
3.500e+01 ; 3.200e+00 ; 2.100e+00 ; 4.3828999e+01 ; 7.6062958e+01 
3.500e+01 ; 3.200e+00 ; 2.100e+00 ; 4.3956999e+01 ; 7.5974312e+01 
3.500e+01 ; 3.200e+00 ; 2.100e+00 ; 4.4212999e+01 ; 7.5803886e+01 
3.500e+01 ; 3.200e+00 ; 2.100e+00 ; 4.4649999e+01 ; 7.5531555e+01 
3.500e+01 ; 3.200e+00 ; 2.100e+00 ; 4.4649999e+01 ; 7.5531555e+01 
3.500e+01 ; 3.200e+00 ; 2.100e+00 ; 4.4650999e+01 ; 7.5530930e+01 
3.500e+01 ; 3.200e+00 ; 2.100e+00 ; 4.4651999e+01 ; 7.5530304e+01 
3.500e+01 ; 3.200e+00 ; 2.100e+00 ; 4.4652999e+01 ; 7.5529686e+01 
3.500e+01 ; 3.200e+00 ; 2.100e+00 ; 4.4654999e+01 ; 7.5528435e+01 
3.500e+01 ; 3.200e+00 ; 2.100e+00 ; 4.4658999e+01 ; 7.5525948e+01 
3.500e+01 ; 3.200e+00 ; 2.100e+00 ; 4.4666999e+01 ; 7.5520973e+01 
3.500e+01 ; 3.200e+00 ; 2.100e+00 ; 4.4682999e+01 ; 7.5511055e+01 
3.500e+01 ; 3.200e+00 ; 2.100e+00 ; 4.4714999e+01 ; 7.5491318e+01 
3.500e+01 ; 3.200e+00 ; 2.100e+00 ; 4.4778999e+01 ; 7.5452263e+01 
3.500e+01 ; 3.200e+00 ; 2.100e+00 ; 4.4906999e+01 ; 7.5375916e+01 
3.500e+01 ; 3.200e+00 ; 2.100e+00 ; 4.5162999e+01 ; 7.5231064e+01 
3.500e+01 ; 3.200e+00 ; 2.100e+00 ; 4.5599999e+01 ; 7.5008736e+01 
3.500e+01 ; 3.200e+00 ; 2.100e+00 ; 4.5599999e+01 ; 7.5008736e+01 
3.500e+01 ; 3.200e+00 ; 2.100e+00 ; 4.5600999e+01 ; 7.5008224e+01 
3.500e+01 ; 3.200e+00 ; 2.100e+00 ; 4.5601999e+01 ; 7.5007713e+01 
3.500e+01 ; 3.200e+00 ; 2.100e+00 ; 4.5602999e+01 ; 7.5007210e+01 
3.500e+01 ; 3.200e+00 ; 2.100e+00 ; 4.5604999e+01 ; 7.5006195e+01 
3.500e+01 ; 3.200e+00 ; 2.100e+00 ; 4.5608999e+01 ; 7.5004166e+01 
3.500e+01 ; 3.200e+00 ; 2.100e+00 ; 4.5616999e+01 ; 7.5000137e+01 
3.500e+01 ; 3.200e+00 ; 2.100e+00 ; 4.5632999e+01 ; 7.4992149e+01 
3.500e+01 ; 3.200e+00 ; 2.100e+00 ; 4.5664999e+01 ; 7.4976509e+01 
3.500e+01 ; 3.200e+00 ; 2.100e+00 ; 4.5728999e+01 ; 7.4946739e+01 
3.500e+01 ; 3.200e+00 ; 2.100e+00 ; 4.5856999e+01 ; 7.4894104e+01 
3.500e+01 ; 3.200e+00 ; 2.100e+00 ; 4.6112999e+01 ; 7.4818726e+01 
3.500e+01 ; 3.200e+00 ; 2.100e+00 ; 4.6549999e+01 ; 7.4767029e+01 
3.500e+01 ; 3.200e+00 ; 2.100e+00 ; 4.6549999e+01 ; 7.4767029e+01 
3.500e+01 ; 3.200e+00 ; 2.100e+00 ; 4.6550999e+01 ; 7.4770409e+01 
3.500e+01 ; 3.200e+00 ; 2.100e+00 ; 4.6551999e+01 ; 7.4773811e+01 
3.500e+01 ; 3.200e+00 ; 2.100e+00 ; 4.6552999e+01 ; 7.4777237e+01 
3.500e+01 ; 3.200e+00 ; 2.100e+00 ; 4.6554999e+01 ; 7.4784180e+01 
3.500e+01 ; 3.200e+00 ; 2.100e+00 ; 4.6558999e+01 ; 7.4798424e+01 
3.500e+01 ; 3.200e+00 ; 2.100e+00 ; 4.6566999e+01 ; 7.4828316e+01 
3.500e+01 ; 3.200e+00 ; 2.100e+00 ; 4.6582999e+01 ; 7.4893478e+01 
3.500e+01 ; 3.200e+00 ; 2.100e+00 ; 4.6614999e+01 ; 7.5043510e+01 
3.500e+01 ; 3.200e+00 ; 2.100e+00 ; 4.6678999e+01 ; 7.5409554e+01 
3.500e+01 ; 3.200e+00 ; 2.100e+00 ; 4.6806999e+01 ; 7.6322945e+01 
3.500e+01 ; 3.200e+00 ; 2.100e+00 ; 4.7062999e+01 ; 7.8442963e+01 
3.500e+01 ; 3.200e+00 ; 2.100e+00 ; 4.7499999e+01 ; 8.1836205e+01 
3.500e+01 ; 3.200e+00 ; 2.100e+00 ; 4.7499999e+01 ; 8.1836205e+01 
3.500e+01 ; 3.200e+00 ; 2.100e+00 ; 4.7500999e+01 ; 8.1846771e+01 
3.500e+01 ; 3.200e+00 ; 2.100e+00 ; 4.7501999e+01 ; 8.1857338e+01 
3.500e+01 ; 3.200e+00 ; 2.100e+00 ; 4.7502999e+01 ; 8.1867905e+01 
3.500e+01 ; 3.200e+00 ; 2.100e+00 ; 4.7504999e+01 ; 8.1889061e+01 
3.500e+01 ; 3.200e+00 ; 2.100e+00 ; 4.7508999e+01 ; 8.1931419e+01 
3.500e+01 ; 3.200e+00 ; 2.100e+00 ; 4.7516999e+01 ; 8.2016312e+01 
3.500e+01 ; 3.200e+00 ; 2.100e+00 ; 4.7532999e+01 ; 8.2186752e+01 
3.500e+01 ; 3.200e+00 ; 2.100e+00 ; 4.7564999e+01 ; 8.2529579e+01 
3.500e+01 ; 3.200e+00 ; 2.100e+00 ; 4.7628999e+01 ; 8.3218323e+01 
3.500e+01 ; 3.200e+00 ; 2.100e+00 ; 4.7756999e+01 ; 8.4578499e+01 
3.500e+01 ; 3.200e+00 ; 2.100e+00 ; 4.8012999e+01 ; 8.7081314e+01 
3.500e+01 ; 3.200e+00 ; 2.100e+00 ; 4.8449999e+01 ; 9.0401833e+01 
3.500e+01 ; 3.200e+00 ; 2.100e+00 ; 4.8449999e+01 ; 9.0401833e+01 
3.500e+01 ; 3.200e+00 ; 2.100e+00 ; 4.8450999e+01 ; 9.0409424e+01 
3.500e+01 ; 3.200e+00 ; 2.100e+00 ; 4.8451999e+01 ; 9.0417000e+01 
3.500e+01 ; 3.200e+00 ; 2.100e+00 ; 4.8452999e+01 ; 9.0424568e+01 
3.500e+01 ; 3.200e+00 ; 2.100e+00 ; 4.8454999e+01 ; 9.0439651e+01 
3.500e+01 ; 3.200e+00 ; 2.100e+00 ; 4.8458999e+01 ; 9.0469658e+01 
3.500e+01 ; 3.200e+00 ; 2.100e+00 ; 4.8466999e+01 ; 9.0528984e+01 
3.500e+01 ; 3.200e+00 ; 2.100e+00 ; 4.8482999e+01 ; 9.0644951e+01 
3.500e+01 ; 3.200e+00 ; 2.100e+00 ; 4.8514999e+01 ; 9.0866516e+01 
3.500e+01 ; 3.200e+00 ; 2.100e+00 ; 4.8578999e+01 ; 9.1270920e+01 
3.500e+01 ; 3.200e+00 ; 2.100e+00 ; 4.8706999e+01 ; 9.1944275e+01 
3.500e+01 ; 3.200e+00 ; 2.100e+00 ; 4.8962999e+01 ; 9.2870888e+01 
3.500e+01 ; 3.200e+00 ; 2.100e+00 ; 4.9399999e+01 ; 9.3640205e+01 
3.500e+01 ; 3.200e+00 ; 2.100e+00 ; 4.9399999e+01 ; 9.3640205e+01 
3.500e+01 ; 3.200e+00 ; 2.100e+00 ; 4.9400999e+01 ; 9.3641960e+01 
3.500e+01 ; 3.200e+00 ; 2.100e+00 ; 4.9401999e+01 ; 9.3643715e+01 
3.500e+01 ; 3.200e+00 ; 2.100e+00 ; 4.9402999e+01 ; 9.3645462e+01 
3.500e+01 ; 3.200e+00 ; 2.100e+00 ; 4.9404999e+01 ; 9.3648941e+01 
3.500e+01 ; 3.200e+00 ; 2.100e+00 ; 4.9408999e+01 ; 9.3655830e+01 
3.500e+01 ; 3.200e+00 ; 2.100e+00 ; 4.9416999e+01 ; 9.3669342e+01 
3.500e+01 ; 3.200e+00 ; 2.100e+00 ; 4.9432999e+01 ; 9.3695312e+01 
3.500e+01 ; 3.200e+00 ; 2.100e+00 ; 4.9464999e+01 ; 9.3743202e+01 
3.500e+01 ; 3.200e+00 ; 2.100e+00 ; 4.9528999e+01 ; 9.3823845e+01 
3.500e+01 ; 3.200e+00 ; 2.100e+00 ; 4.9656999e+01 ; 9.3932274e+01 
3.500e+01 ; 3.200e+00 ; 2.100e+00 ; 4.9912999e+01 ; 9.3987083e+01 
3.500e+01 ; 3.200e+00 ; 2.100e+00 ; 5.0349999e+01 ; 9.3777557e+01 
3.500e+01 ; 3.200e+00 ; 2.100e+00 ; 5.0349999e+01 ; 9.3777557e+01 
3.500e+01 ; 3.200e+00 ; 2.100e+00 ; 5.0350999e+01 ; 9.3777077e+01 
3.500e+01 ; 3.200e+00 ; 2.100e+00 ; 5.0351999e+01 ; 9.3776588e+01 
3.500e+01 ; 3.200e+00 ; 2.100e+00 ; 5.0352999e+01 ; 9.3776108e+01 
3.500e+01 ; 3.200e+00 ; 2.100e+00 ; 5.0354999e+01 ; 9.3775131e+01 
3.500e+01 ; 3.200e+00 ; 2.100e+00 ; 5.0358999e+01 ; 9.3773155e+01 
3.500e+01 ; 3.200e+00 ; 2.100e+00 ; 5.0366999e+01 ; 9.3769112e+01 
3.500e+01 ; 3.200e+00 ; 2.100e+00 ; 5.0382999e+01 ; 9.3760620e+01 
3.500e+01 ; 3.200e+00 ; 2.100e+00 ; 5.0414999e+01 ; 9.3742149e+01 
3.500e+01 ; 3.200e+00 ; 2.100e+00 ; 5.0478999e+01 ; 9.3699692e+01 
3.500e+01 ; 3.200e+00 ; 2.100e+00 ; 5.0606999e+01 ; 9.3595947e+01 
3.500e+01 ; 3.200e+00 ; 2.100e+00 ; 5.0862999e+01 ; 9.3333534e+01 
3.500e+01 ; 3.200e+00 ; 2.100e+00 ; 5.1299999e+01 ; 9.2793785e+01 
3.500e+01 ; 3.200e+00 ; 2.100e+00 ; 5.1299999e+01 ; 9.2793785e+01 
3.500e+01 ; 3.200e+00 ; 2.100e+00 ; 5.1300999e+01 ; 9.2792549e+01 
3.500e+01 ; 3.200e+00 ; 2.100e+00 ; 5.1301999e+01 ; 9.2791313e+01 
3.500e+01 ; 3.200e+00 ; 2.100e+00 ; 5.1302999e+01 ; 9.2790077e+01 
3.500e+01 ; 3.200e+00 ; 2.100e+00 ; 5.1304999e+01 ; 9.2787598e+01 
3.500e+01 ; 3.200e+00 ; 2.100e+00 ; 5.1308999e+01 ; 9.2782639e+01 
3.500e+01 ; 3.200e+00 ; 2.100e+00 ; 5.1316999e+01 ; 9.2772697e+01 
3.500e+01 ; 3.200e+00 ; 2.100e+00 ; 5.1332999e+01 ; 9.2752693e+01 
3.500e+01 ; 3.200e+00 ; 2.100e+00 ; 5.1364999e+01 ; 9.2712234e+01 
3.500e+01 ; 3.200e+00 ; 2.100e+00 ; 5.1428999e+01 ; 9.2629753e+01 
3.500e+01 ; 3.200e+00 ; 2.100e+00 ; 5.1556999e+01 ; 9.2459778e+01 
3.500e+01 ; 3.200e+00 ; 2.100e+00 ; 5.1812999e+01 ; 9.2107803e+01 
3.500e+01 ; 3.200e+00 ; 2.100e+00 ; 5.2249999e+01 ; 9.1497833e+01 
3.500e+01 ; 3.200e+00 ; 2.100e+00 ; 5.2249999e+01 ; 9.1497833e+01 
3.500e+01 ; 3.200e+00 ; 2.100e+00 ; 5.2250999e+01 ; 9.1496437e+01 
3.500e+01 ; 3.200e+00 ; 2.100e+00 ; 5.2251999e+01 ; 9.1495041e+01 
3.500e+01 ; 3.200e+00 ; 2.100e+00 ; 5.2252999e+01 ; 9.1493645e+01 
3.500e+01 ; 3.200e+00 ; 2.100e+00 ; 5.2254999e+01 ; 9.1490852e+01 
3.500e+01 ; 3.200e+00 ; 2.100e+00 ; 5.2258999e+01 ; 9.1485268e+01 
3.500e+01 ; 3.200e+00 ; 2.100e+00 ; 5.2266999e+01 ; 9.1474098e+01 
3.500e+01 ; 3.200e+00 ; 2.100e+00 ; 5.2282999e+01 ; 9.1451744e+01 
3.500e+01 ; 3.200e+00 ; 2.100e+00 ; 5.2314999e+01 ; 9.1407005e+01 
3.500e+01 ; 3.200e+00 ; 2.100e+00 ; 5.2378999e+01 ; 9.1317474e+01 
3.500e+01 ; 3.200e+00 ; 2.100e+00 ; 5.2506999e+01 ; 9.1138710e+01 
3.500e+01 ; 3.200e+00 ; 2.100e+00 ; 5.2762999e+01 ; 9.0785172e+01 
3.500e+01 ; 3.200e+00 ; 2.100e+00 ; 5.3199999e+01 ; 9.0201782e+01 
3.500e+01 ; 3.200e+00 ; 2.100e+00 ; 5.3199999e+01 ; 9.0201782e+01 
3.500e+01 ; 3.200e+00 ; 2.100e+00 ; 5.3200999e+01 ; 9.0200447e+01 
3.500e+01 ; 3.200e+00 ; 2.100e+00 ; 5.3201999e+01 ; 9.0199112e+01 
3.500e+01 ; 3.200e+00 ; 2.100e+00 ; 5.3202999e+01 ; 9.0197777e+01 
3.500e+01 ; 3.200e+00 ; 2.100e+00 ; 5.3204999e+01 ; 9.0195107e+01 
3.500e+01 ; 3.200e+00 ; 2.100e+00 ; 5.3208999e+01 ; 9.0189774e+01 
3.500e+01 ; 3.200e+00 ; 2.100e+00 ; 5.3216999e+01 ; 9.0179108e+01 
3.500e+01 ; 3.200e+00 ; 2.100e+00 ; 5.3232999e+01 ; 9.0157806e+01 
3.500e+01 ; 3.200e+00 ; 2.100e+00 ; 5.3264999e+01 ; 9.0115311e+01 
3.500e+01 ; 3.200e+00 ; 2.100e+00 ; 5.3328999e+01 ; 9.0030807e+01 
3.500e+01 ; 3.200e+00 ; 2.100e+00 ; 5.3456999e+01 ; 8.9863853e+01 
3.500e+01 ; 3.200e+00 ; 2.100e+00 ; 5.3712999e+01 ; 8.9538948e+01 
3.500e+01 ; 3.200e+00 ; 2.100e+00 ; 5.4149999e+01 ; 8.9012131e+01 
3.500e+01 ; 3.200e+00 ; 2.100e+00 ; 5.4149999e+01 ; 8.9012131e+01 
3.500e+01 ; 3.200e+00 ; 2.100e+00 ; 5.4150999e+01 ; 8.9010925e+01 
3.500e+01 ; 3.200e+00 ; 2.100e+00 ; 5.4151999e+01 ; 8.9009720e+01 
3.500e+01 ; 3.200e+00 ; 2.100e+00 ; 5.4152999e+01 ; 8.9008514e+01 
3.500e+01 ; 3.200e+00 ; 2.100e+00 ; 5.4154999e+01 ; 8.9006104e+01 
3.500e+01 ; 3.200e+00 ; 2.100e+00 ; 5.4158999e+01 ; 8.9001289e+01 
3.500e+01 ; 3.200e+00 ; 2.100e+00 ; 5.4166999e+01 ; 8.8991669e+01 
3.500e+01 ; 3.200e+00 ; 2.100e+00 ; 5.4182999e+01 ; 8.8972458e+01 
3.500e+01 ; 3.200e+00 ; 2.100e+00 ; 5.4214999e+01 ; 8.8934181e+01 
3.500e+01 ; 3.200e+00 ; 2.100e+00 ; 5.4278999e+01 ; 8.8858238e+01 
3.500e+01 ; 3.200e+00 ; 2.100e+00 ; 5.4406999e+01 ; 8.8708794e+01 
3.500e+01 ; 3.200e+00 ; 2.100e+00 ; 5.4662999e+01 ; 8.8419586e+01 
3.500e+01 ; 3.200e+00 ; 2.100e+00 ; 5.5099999e+01 ; 8.7953255e+01 
3.500e+01 ; 3.200e+00 ; 2.100e+00 ; 5.5099999e+01 ; 8.7953255e+01 
3.500e+01 ; 3.200e+00 ; 2.100e+00 ; 5.5100999e+01 ; 8.7952187e+01 
3.500e+01 ; 3.200e+00 ; 2.100e+00 ; 5.5101999e+01 ; 8.7951126e+01 
3.500e+01 ; 3.200e+00 ; 2.100e+00 ; 5.5102999e+01 ; 8.7950058e+01 
3.500e+01 ; 3.200e+00 ; 2.100e+00 ; 5.5104999e+01 ; 8.7947922e+01 
3.500e+01 ; 3.200e+00 ; 2.100e+00 ; 5.5108999e+01 ; 8.7943657e+01 
3.500e+01 ; 3.200e+00 ; 2.100e+00 ; 5.5116999e+01 ; 8.7935143e+01 
3.500e+01 ; 3.200e+00 ; 2.100e+00 ; 5.5132999e+01 ; 8.7918144e+01 
3.500e+01 ; 3.200e+00 ; 2.100e+00 ; 5.5164999e+01 ; 8.7884293e+01 
3.500e+01 ; 3.200e+00 ; 2.100e+00 ; 5.5228999e+01 ; 8.7817169e+01 
3.500e+01 ; 3.200e+00 ; 2.100e+00 ; 5.5356999e+01 ; 8.7685219e+01 
3.500e+01 ; 3.200e+00 ; 2.100e+00 ; 5.5612999e+01 ; 8.7430183e+01 
3.500e+01 ; 3.200e+00 ; 2.100e+00 ; 5.6049999e+01 ; 8.7019073e+01 
3.500e+01 ; 3.200e+00 ; 2.100e+00 ; 5.6049999e+01 ; 8.7019073e+01 
3.500e+01 ; 3.200e+00 ; 2.100e+00 ; 5.6050999e+01 ; 8.7018135e+01 
3.500e+01 ; 3.200e+00 ; 2.100e+00 ; 5.6051999e+01 ; 8.7017197e+01 
3.500e+01 ; 3.200e+00 ; 2.100e+00 ; 5.6052999e+01 ; 8.7016251e+01 
3.500e+01 ; 3.200e+00 ; 2.100e+00 ; 5.6054999e+01 ; 8.7014374e+01 
3.500e+01 ; 3.200e+00 ; 2.100e+00 ; 5.6058999e+01 ; 8.7010612e+01 
3.500e+01 ; 3.200e+00 ; 2.100e+00 ; 5.6066999e+01 ; 8.7003105e+01 
3.500e+01 ; 3.200e+00 ; 2.100e+00 ; 5.6082999e+01 ; 8.6988121e+01 
3.500e+01 ; 3.200e+00 ; 2.100e+00 ; 5.6114999e+01 ; 8.6958282e+01 
3.500e+01 ; 3.200e+00 ; 2.100e+00 ; 5.6178999e+01 ; 8.6899101e+01 
3.500e+01 ; 3.200e+00 ; 2.100e+00 ; 5.6306999e+01 ; 8.6782753e+01 
3.500e+01 ; 3.200e+00 ; 2.100e+00 ; 5.6562999e+01 ; 8.6557701e+01 
3.500e+01 ; 3.200e+00 ; 2.100e+00 ; 5.6999999e+01 ; 8.6194168e+01 
3.500e+01 ; 3.200e+00 ; 2.100e+00 ; 5.6999999e+01 ; 8.6194168e+01 
3.500e+01 ; 3.200e+00 ; 2.100e+00 ; 5.7000999e+01 ; 8.6193336e+01 
3.500e+01 ; 3.200e+00 ; 2.100e+00 ; 5.7001999e+01 ; 8.6192505e+01 
3.500e+01 ; 3.200e+00 ; 2.100e+00 ; 5.7002999e+01 ; 8.6191673e+01 
3.500e+01 ; 3.200e+00 ; 2.100e+00 ; 5.7004999e+01 ; 8.6190018e+01 
3.500e+01 ; 3.200e+00 ; 2.100e+00 ; 5.7008999e+01 ; 8.6186691e+01 
3.500e+01 ; 3.200e+00 ; 2.100e+00 ; 5.7016999e+01 ; 8.6180054e+01 
3.500e+01 ; 3.200e+00 ; 2.100e+00 ; 5.7032999e+01 ; 8.6166794e+01 
3.500e+01 ; 3.200e+00 ; 2.100e+00 ; 5.7064999e+01 ; 8.6140404e+01 
3.500e+01 ; 3.200e+00 ; 2.100e+00 ; 5.7128999e+01 ; 8.6088043e+01 
3.500e+01 ; 3.200e+00 ; 2.100e+00 ; 5.7256999e+01 ; 8.5985008e+01 
3.500e+01 ; 3.200e+00 ; 2.100e+00 ; 5.7512999e+01 ; 8.5785393e+01 
3.500e+01 ; 3.200e+00 ; 2.100e+00 ; 5.7949999e+01 ; 8.5462006e+01 
3.500e+01 ; 3.200e+00 ; 2.100e+00 ; 5.7949999e+01 ; 8.5462006e+01 
3.500e+01 ; 3.200e+00 ; 2.100e+00 ; 5.7950999e+01 ; 8.5461266e+01 
3.500e+01 ; 3.200e+00 ; 2.100e+00 ; 5.7951999e+01 ; 8.5460526e+01 
3.500e+01 ; 3.200e+00 ; 2.100e+00 ; 5.7952999e+01 ; 8.5459785e+01 
3.500e+01 ; 3.200e+00 ; 2.100e+00 ; 5.7954999e+01 ; 8.5458305e+01 
3.500e+01 ; 3.200e+00 ; 2.100e+00 ; 5.7958999e+01 ; 8.5455353e+01 
3.500e+01 ; 3.200e+00 ; 2.100e+00 ; 5.7966999e+01 ; 8.5449440e+01 
3.500e+01 ; 3.200e+00 ; 2.100e+00 ; 5.7982999e+01 ; 8.5437653e+01 
3.500e+01 ; 3.200e+00 ; 2.100e+00 ; 5.8014999e+01 ; 8.5414154e+01 
3.500e+01 ; 3.200e+00 ; 2.100e+00 ; 5.8078999e+01 ; 8.5367538e+01 
3.500e+01 ; 3.200e+00 ; 2.100e+00 ; 5.8206999e+01 ; 8.5275711e+01 
3.500e+01 ; 3.200e+00 ; 2.100e+00 ; 5.8462999e+01 ; 8.5097572e+01 
3.500e+01 ; 3.200e+00 ; 2.100e+00 ; 5.8899999e+01 ; 8.4808846e+01 
3.500e+01 ; 3.200e+00 ; 2.100e+00 ; 5.8899999e+01 ; 8.4808846e+01 
3.500e+01 ; 3.200e+00 ; 2.100e+00 ; 5.8900999e+01 ; 8.4808189e+01 
3.500e+01 ; 3.200e+00 ; 2.100e+00 ; 5.8901999e+01 ; 8.4807526e+01 
3.500e+01 ; 3.200e+00 ; 2.100e+00 ; 5.8902999e+01 ; 8.4806862e+01 
3.500e+01 ; 3.200e+00 ; 2.100e+00 ; 5.8904999e+01 ; 8.4805542e+01 
3.500e+01 ; 3.200e+00 ; 2.100e+00 ; 5.8908999e+01 ; 8.4802902e+01 
3.500e+01 ; 3.200e+00 ; 2.100e+00 ; 5.8916999e+01 ; 8.4797630e+01 
3.500e+01 ; 3.200e+00 ; 2.100e+00 ; 5.8932999e+01 ; 8.4787102e+01 
3.500e+01 ; 3.200e+00 ; 2.100e+00 ; 5.8964999e+01 ; 8.4766129e+01 
3.500e+01 ; 3.200e+00 ; 2.100e+00 ; 5.9028999e+01 ; 8.4724518e+01 
3.500e+01 ; 3.200e+00 ; 2.100e+00 ; 5.9156999e+01 ; 8.4642723e+01 
3.500e+01 ; 3.200e+00 ; 2.100e+00 ; 5.9412999e+01 ; 8.4485367e+01 
3.500e+01 ; 3.200e+00 ; 2.100e+00 ; 5.9849999e+01 ; 8.4236916e+01 
3.500e+01 ; 3.200e+00 ; 2.100e+00 ; 5.9849999e+01 ; 8.4236916e+01 
3.500e+01 ; 3.200e+00 ; 2.100e+00 ; 5.9850999e+01 ; 8.4236343e+01 
3.500e+01 ; 3.200e+00 ; 2.100e+00 ; 5.9851999e+01 ; 8.4235779e+01 
3.500e+01 ; 3.200e+00 ; 2.100e+00 ; 5.9852999e+01 ; 8.4235207e+01 
3.500e+01 ; 3.200e+00 ; 2.100e+00 ; 5.9854999e+01 ; 8.4234077e+01 
3.500e+01 ; 3.200e+00 ; 2.100e+00 ; 5.9858999e+01 ; 8.4231812e+01 
3.500e+01 ; 3.200e+00 ; 2.100e+00 ; 5.9866999e+01 ; 8.4227310e+01 
3.500e+01 ; 3.200e+00 ; 2.100e+00 ; 5.9882999e+01 ; 8.4218399e+01 
3.500e+01 ; 3.200e+00 ; 2.100e+00 ; 5.9914999e+01 ; 8.4200981e+01 
3.500e+01 ; 3.200e+00 ; 2.100e+00 ; 5.9978999e+01 ; 8.4168076e+01 
3.500e+01 ; 3.200e+00 ; 2.100e+00 ; 6.0106999e+01 ; 8.4111198e+01 
3.500e+01 ; 3.200e+00 ; 2.100e+00 ; 6.0362999e+01 ; 8.4035652e+01 
3.500e+01 ; 3.200e+00 ; 2.100e+00 ; 6.0799999e+01 ; 8.4000191e+01 
3.500e+01 ; 3.200e+00 ; 2.100e+00 ; 6.0799999e+01 ; 8.4000191e+01 
3.500e+01 ; 3.200e+00 ; 2.100e+00 ; 6.0800999e+01 ; 8.4000107e+01 
3.500e+01 ; 3.200e+00 ; 2.100e+00 ; 6.0801999e+01 ; 8.4000031e+01 
3.500e+01 ; 3.200e+00 ; 2.100e+00 ; 6.0802999e+01 ; 8.3999954e+01 
3.500e+01 ; 3.200e+00 ; 2.100e+00 ; 6.0804999e+01 ; 8.3999802e+01 
3.500e+01 ; 3.200e+00 ; 2.100e+00 ; 6.0808999e+01 ; 8.3999512e+01 
3.500e+01 ; 3.200e+00 ; 2.100e+00 ; 6.0816999e+01 ; 8.3998993e+01 
3.500e+01 ; 3.200e+00 ; 2.100e+00 ; 6.0832999e+01 ; 8.3998222e+01 
3.500e+01 ; 3.200e+00 ; 2.100e+00 ; 6.0864999e+01 ; 8.3997780e+01 
3.500e+01 ; 3.200e+00 ; 2.100e+00 ; 6.0928999e+01 ; 8.4001587e+01 
3.500e+01 ; 3.200e+00 ; 2.100e+00 ; 6.1056999e+01 ; 8.4029114e+01 
3.500e+01 ; 3.200e+00 ; 2.100e+00 ; 6.1312999e+01 ; 8.4159958e+01 
3.500e+01 ; 3.200e+00 ; 2.100e+00 ; 6.1749999e+01 ; 8.4541779e+01 
3.500e+01 ; 3.200e+00 ; 2.100e+00 ; 6.1749999e+01 ; 8.4541779e+01 
3.500e+01 ; 3.200e+00 ; 2.100e+00 ; 6.1750999e+01 ; 8.4542656e+01 
3.500e+01 ; 3.200e+00 ; 2.100e+00 ; 6.1751999e+01 ; 8.4543533e+01 
3.500e+01 ; 3.200e+00 ; 2.100e+00 ; 6.1752999e+01 ; 8.4544411e+01 
3.500e+01 ; 3.200e+00 ; 2.100e+00 ; 6.1754999e+01 ; 8.4546173e+01 
3.500e+01 ; 3.200e+00 ; 2.100e+00 ; 6.1758999e+01 ; 8.4549713e+01 
3.500e+01 ; 3.200e+00 ; 2.100e+00 ; 6.1766999e+01 ; 8.4556877e+01 
3.500e+01 ; 3.200e+00 ; 2.100e+00 ; 6.1782999e+01 ; 8.4571541e+01 
3.500e+01 ; 3.200e+00 ; 2.100e+00 ; 6.1814999e+01 ; 8.4602203e+01 
3.500e+01 ; 3.200e+00 ; 2.100e+00 ; 6.1878999e+01 ; 8.4668892e+01 
3.500e+01 ; 3.200e+00 ; 2.100e+00 ; 6.2006999e+01 ; 8.4822876e+01 
3.500e+01 ; 3.200e+00 ; 2.100e+00 ; 6.2262999e+01 ; 8.5199051e+01 
3.500e+01 ; 3.200e+00 ; 2.100e+00 ; 6.2699999e+01 ; 8.5952881e+01 
3.500e+01 ; 3.200e+00 ; 2.100e+00 ; 6.2699999e+01 ; 8.5952881e+01 
3.500e+01 ; 3.200e+00 ; 2.100e+00 ; 6.2700999e+01 ; 8.5954605e+01 
3.500e+01 ; 3.200e+00 ; 2.100e+00 ; 6.2701999e+01 ; 8.5956337e+01 
3.500e+01 ; 3.200e+00 ; 2.100e+00 ; 6.2702999e+01 ; 8.5958061e+01 
3.500e+01 ; 3.200e+00 ; 2.100e+00 ; 6.2704999e+01 ; 8.5961517e+01 
3.500e+01 ; 3.200e+00 ; 2.100e+00 ; 6.2708999e+01 ; 8.5968445e+01 
3.500e+01 ; 3.200e+00 ; 2.100e+00 ; 6.2716999e+01 ; 8.5982346e+01 
3.500e+01 ; 3.200e+00 ; 2.100e+00 ; 6.2732999e+01 ; 8.6010330e+01 
3.500e+01 ; 3.200e+00 ; 2.100e+00 ; 6.2764999e+01 ; 8.6066986e+01 
3.500e+01 ; 3.200e+00 ; 2.100e+00 ; 6.2828999e+01 ; 8.6182686e+01 
3.500e+01 ; 3.200e+00 ; 2.100e+00 ; 6.2956999e+01 ; 8.6421188e+01 
3.500e+01 ; 3.200e+00 ; 2.100e+00 ; 6.3212999e+01 ; 8.6909676e+01 
3.500e+01 ; 3.200e+00 ; 2.100e+00 ; 6.3649999e+01 ; 8.7716919e+01 
3.500e+01 ; 3.200e+00 ; 2.100e+00 ; 6.3649999e+01 ; 8.7716919e+01 
3.500e+01 ; 3.200e+00 ; 2.100e+00 ; 6.3650999e+01 ; 8.7718765e+01 
3.500e+01 ; 3.200e+00 ; 2.100e+00 ; 6.3651999e+01 ; 8.7720612e+01 
3.500e+01 ; 3.200e+00 ; 2.100e+00 ; 6.3652999e+01 ; 8.7722458e+01 
3.500e+01 ; 3.200e+00 ; 2.100e+00 ; 6.3654999e+01 ; 8.7726151e+01 
3.500e+01 ; 3.200e+00 ; 2.100e+00 ; 6.3658999e+01 ; 8.7733536e+01 
3.500e+01 ; 3.200e+00 ; 2.100e+00 ; 6.3666999e+01 ; 8.7748291e+01 
3.500e+01 ; 3.200e+00 ; 2.100e+00 ; 6.3682999e+01 ; 8.7777763e+01 
3.500e+01 ; 3.200e+00 ; 2.100e+00 ; 6.3714999e+01 ; 8.7836487e+01 
3.500e+01 ; 3.200e+00 ; 2.100e+00 ; 6.3778999e+01 ; 8.7952858e+01 
3.500e+01 ; 3.200e+00 ; 2.100e+00 ; 6.3906999e+01 ; 8.8179726e+01 
3.500e+01 ; 3.200e+00 ; 2.100e+00 ; 6.4162999e+01 ; 8.8602318e+01 
3.500e+01 ; 3.200e+00 ; 2.100e+00 ; 6.4599999e+01 ; 8.9217850e+01 
3.500e+01 ; 3.200e+00 ; 2.100e+00 ; 6.4599999e+01 ; 8.9217850e+01 
3.500e+01 ; 3.200e+00 ; 2.100e+00 ; 6.4600999e+01 ; 8.9219261e+01 
3.500e+01 ; 3.200e+00 ; 2.100e+00 ; 6.4601999e+01 ; 8.9220665e+01 
3.500e+01 ; 3.200e+00 ; 2.100e+00 ; 6.4602999e+01 ; 8.9222076e+01 
3.500e+01 ; 3.200e+00 ; 2.100e+00 ; 6.4604999e+01 ; 8.9224884e+01 
3.500e+01 ; 3.200e+00 ; 2.100e+00 ; 6.4608999e+01 ; 8.9230499e+01 
3.500e+01 ; 3.200e+00 ; 2.100e+00 ; 6.4616999e+01 ; 8.9241692e+01 
3.500e+01 ; 3.200e+00 ; 2.100e+00 ; 6.4632999e+01 ; 8.9263931e+01 
3.500e+01 ; 3.200e+00 ; 2.100e+00 ; 6.4664999e+01 ; 8.9307838e+01 
3.500e+01 ; 3.200e+00 ; 2.100e+00 ; 6.4728999e+01 ; 8.9393311e+01 
3.500e+01 ; 3.200e+00 ; 2.100e+00 ; 6.4856999e+01 ; 8.9554771e+01 
3.500e+01 ; 3.200e+00 ; 2.100e+00 ; 6.5112999e+01 ; 8.9840057e+01 
3.500e+01 ; 3.200e+00 ; 2.100e+00 ; 6.5549999e+01 ; 9.0225082e+01 
3.500e+01 ; 3.200e+00 ; 2.100e+00 ; 6.5549999e+01 ; 9.0225082e+01 
3.500e+01 ; 3.200e+00 ; 2.100e+00 ; 6.5550999e+01 ; 9.0225960e+01 
3.500e+01 ; 3.200e+00 ; 2.100e+00 ; 6.5551999e+01 ; 9.0226845e+01 
3.500e+01 ; 3.200e+00 ; 2.100e+00 ; 6.5552999e+01 ; 9.0227722e+01 
3.500e+01 ; 3.200e+00 ; 2.100e+00 ; 6.5554999e+01 ; 9.0229477e+01 
3.500e+01 ; 3.200e+00 ; 2.100e+00 ; 6.5558999e+01 ; 9.0232979e+01 
3.500e+01 ; 3.200e+00 ; 2.100e+00 ; 6.5566999e+01 ; 9.0239960e+01 
3.500e+01 ; 3.200e+00 ; 2.100e+00 ; 6.5582999e+01 ; 9.0253777e+01 
3.500e+01 ; 3.200e+00 ; 2.100e+00 ; 6.5614999e+01 ; 9.0280869e+01 
3.500e+01 ; 3.200e+00 ; 2.100e+00 ; 6.5678999e+01 ; 9.0332916e+01 
3.500e+01 ; 3.200e+00 ; 2.100e+00 ; 6.5806999e+01 ; 9.0428741e+01 
3.500e+01 ; 3.200e+00 ; 2.100e+00 ; 6.6062999e+01 ; 9.0589607e+01 
3.500e+01 ; 3.200e+00 ; 2.100e+00 ; 6.6499999e+01 ; 9.0786316e+01 
3.500e+01 ; 3.200e+00 ; 2.100e+00 ; 6.6499999e+01 ; 9.0786316e+01 
3.500e+01 ; 3.200e+00 ; 2.100e+00 ; 6.6500999e+01 ; 9.0786766e+01 
3.500e+01 ; 3.200e+00 ; 2.100e+00 ; 6.6501999e+01 ; 9.0787216e+01 
3.500e+01 ; 3.200e+00 ; 2.100e+00 ; 6.6502999e+01 ; 9.0787659e+01 
3.500e+01 ; 3.200e+00 ; 2.100e+00 ; 6.6504999e+01 ; 9.0788559e+01 
3.500e+01 ; 3.200e+00 ; 2.100e+00 ; 6.6508999e+01 ; 9.0790344e+01 
3.500e+01 ; 3.200e+00 ; 2.100e+00 ; 6.6516999e+01 ; 9.0793892e+01 
3.500e+01 ; 3.200e+00 ; 2.100e+00 ; 6.6532999e+01 ; 9.0800880e+01 
3.500e+01 ; 3.200e+00 ; 2.100e+00 ; 6.6564999e+01 ; 9.0814445e+01 
3.500e+01 ; 3.200e+00 ; 2.100e+00 ; 6.6628999e+01 ; 9.0839989e+01 
3.500e+01 ; 3.200e+00 ; 2.100e+00 ; 6.6756999e+01 ; 9.0884995e+01 
3.500e+01 ; 3.200e+00 ; 2.100e+00 ; 6.7012999e+01 ; 9.0952957e+01 
3.500e+01 ; 3.200e+00 ; 2.100e+00 ; 6.7449999e+01 ; 9.1015076e+01 
3.500e+01 ; 3.200e+00 ; 2.100e+00 ; 6.7449999e+01 ; 9.1015076e+01 
3.500e+01 ; 3.200e+00 ; 2.100e+00 ; 6.7450999e+01 ; 9.1015213e+01 
3.500e+01 ; 3.200e+00 ; 2.100e+00 ; 6.7451999e+01 ; 9.1015358e+01 
3.500e+01 ; 3.200e+00 ; 2.100e+00 ; 6.7452999e+01 ; 9.1015495e+01 
3.500e+01 ; 3.200e+00 ; 2.100e+00 ; 6.7454999e+01 ; 9.1015778e+01 
3.500e+01 ; 3.200e+00 ; 2.100e+00 ; 6.7458999e+01 ; 9.1016342e+01 
3.500e+01 ; 3.200e+00 ; 2.100e+00 ; 6.7466999e+01 ; 9.1017441e+01 
3.500e+01 ; 3.200e+00 ; 2.100e+00 ; 6.7482999e+01 ; 9.1019562e+01 
3.500e+01 ; 3.200e+00 ; 2.100e+00 ; 6.7514999e+01 ; 9.1023537e+01 
3.500e+01 ; 3.200e+00 ; 2.100e+00 ; 6.7578999e+01 ; 9.1030388e+01 
3.500e+01 ; 3.200e+00 ; 2.100e+00 ; 6.7706999e+01 ; 9.1039970e+01 
3.500e+01 ; 3.200e+00 ; 2.100e+00 ; 6.7962999e+01 ; 9.1044403e+01 
3.500e+01 ; 3.200e+00 ; 2.100e+00 ; 6.8399999e+01 ; 9.1016731e+01 
3.500e+01 ; 3.200e+00 ; 2.100e+00 ; 6.8399999e+01 ; 9.1016731e+01 
3.500e+01 ; 3.200e+00 ; 2.100e+00 ; 6.8400999e+01 ; 9.1016670e+01 
3.500e+01 ; 3.200e+00 ; 2.100e+00 ; 6.8401999e+01 ; 9.1016609e+01 
3.500e+01 ; 3.200e+00 ; 2.100e+00 ; 6.8402999e+01 ; 9.1016541e+01 
3.500e+01 ; 3.200e+00 ; 2.100e+00 ; 6.8404999e+01 ; 9.1016411e+01 
3.500e+01 ; 3.200e+00 ; 2.100e+00 ; 6.8408999e+01 ; 9.1016151e+01 
3.500e+01 ; 3.200e+00 ; 2.100e+00 ; 6.8416999e+01 ; 9.1015625e+01 
3.500e+01 ; 3.200e+00 ; 2.100e+00 ; 6.8432999e+01 ; 9.1014511e+01 
3.500e+01 ; 3.200e+00 ; 2.100e+00 ; 6.8464999e+01 ; 9.1012108e+01 
3.500e+01 ; 3.200e+00 ; 2.100e+00 ; 6.8528999e+01 ; 9.1006599e+01 
3.500e+01 ; 3.200e+00 ; 2.100e+00 ; 6.8656999e+01 ; 9.0992912e+01 
3.500e+01 ; 3.200e+00 ; 2.100e+00 ; 6.8912999e+01 ; 9.0956154e+01 
3.500e+01 ; 3.200e+00 ; 2.100e+00 ; 6.9349999e+01 ; 9.0871338e+01 
3.500e+01 ; 3.200e+00 ; 2.100e+00 ; 6.9349999e+01 ; 9.0871338e+01 
3.500e+01 ; 3.200e+00 ; 2.100e+00 ; 6.9350999e+01 ; 9.0871147e+01 
3.500e+01 ; 3.200e+00 ; 2.100e+00 ; 6.9351999e+01 ; 9.0870949e+01 
3.500e+01 ; 3.200e+00 ; 2.100e+00 ; 6.9352999e+01 ; 9.0870758e+01 
3.500e+01 ; 3.200e+00 ; 2.100e+00 ; 6.9354999e+01 ; 9.0870369e+01 
3.500e+01 ; 3.200e+00 ; 2.100e+00 ; 6.9358999e+01 ; 9.0869591e+01 
3.500e+01 ; 3.200e+00 ; 2.100e+00 ; 6.9366999e+01 ; 9.0868019e+01 
3.500e+01 ; 3.200e+00 ; 2.100e+00 ; 6.9382999e+01 ; 9.0864853e+01 
3.500e+01 ; 3.200e+00 ; 2.100e+00 ; 6.9414999e+01 ; 9.0858406e+01 
3.500e+01 ; 3.200e+00 ; 2.100e+00 ; 6.9478999e+01 ; 9.0845078e+01 
3.500e+01 ; 3.200e+00 ; 2.100e+00 ; 6.9606999e+01 ; 9.0816772e+01 
3.500e+01 ; 3.200e+00 ; 2.100e+00 ; 6.9862999e+01 ; 9.0754425e+01 
3.500e+01 ; 3.200e+00 ; 2.100e+00 ; 7.0299999e+01 ; 9.0634827e+01 
3.500e+01 ; 3.200e+00 ; 2.100e+00 ; 7.0299999e+01 ; 9.0634827e+01 
3.500e+01 ; 3.200e+00 ; 2.100e+00 ; 7.0300999e+01 ; 9.0634552e+01 
3.500e+01 ; 3.200e+00 ; 2.100e+00 ; 7.0301999e+01 ; 9.0634277e+01 
3.500e+01 ; 3.200e+00 ; 2.100e+00 ; 7.0302999e+01 ; 9.0634003e+01 
3.500e+01 ; 3.200e+00 ; 2.100e+00 ; 7.0304999e+01 ; 9.0633453e+01 
3.500e+01 ; 3.200e+00 ; 2.100e+00 ; 7.0308999e+01 ; 9.0632355e+01 
3.500e+01 ; 3.200e+00 ; 2.100e+00 ; 7.0316999e+01 ; 9.0630157e+01 
3.500e+01 ; 3.200e+00 ; 2.100e+00 ; 7.0332999e+01 ; 9.0625740e+01 
3.500e+01 ; 3.200e+00 ; 2.100e+00 ; 7.0364999e+01 ; 9.0616844e+01 
3.500e+01 ; 3.200e+00 ; 2.100e+00 ; 7.0428999e+01 ; 9.0598785e+01 
3.500e+01 ; 3.200e+00 ; 2.100e+00 ; 7.0556999e+01 ; 9.0561707e+01 
3.500e+01 ; 3.200e+00 ; 2.100e+00 ; 7.0812999e+01 ; 9.0484238e+01 
3.500e+01 ; 3.200e+00 ; 2.100e+00 ; 7.1249999e+01 ; 9.0344635e+01 
3.500e+01 ; 3.200e+00 ; 2.100e+00 ; 7.1249999e+01 ; 9.0344635e+01 
3.500e+01 ; 3.200e+00 ; 2.100e+00 ; 7.1250999e+01 ; 9.0344315e+01 
3.500e+01 ; 3.200e+00 ; 2.100e+00 ; 7.1251999e+01 ; 9.0343994e+01 
3.500e+01 ; 3.200e+00 ; 2.100e+00 ; 7.1252999e+01 ; 9.0343674e+01 
3.500e+01 ; 3.200e+00 ; 2.100e+00 ; 7.1254999e+01 ; 9.0343040e+01 
3.500e+01 ; 3.200e+00 ; 2.100e+00 ; 7.1258999e+01 ; 9.0341759e+01 
3.500e+01 ; 3.200e+00 ; 2.100e+00 ; 7.1266999e+01 ; 9.0339195e+01 
3.500e+01 ; 3.200e+00 ; 2.100e+00 ; 7.1282999e+01 ; 9.0334068e+01 
3.500e+01 ; 3.200e+00 ; 2.100e+00 ; 7.1314999e+01 ; 9.0323769e+01 
3.500e+01 ; 3.200e+00 ; 2.100e+00 ; 7.1378999e+01 ; 9.0303024e+01 
3.500e+01 ; 3.200e+00 ; 2.100e+00 ; 7.1506999e+01 ; 9.0261009e+01 
3.500e+01 ; 3.200e+00 ; 2.100e+00 ; 7.1762999e+01 ; 9.0175240e+01 
3.500e+01 ; 3.200e+00 ; 2.100e+00 ; 7.2199999e+01 ; 9.0025238e+01 
3.500e+01 ; 3.200e+00 ; 2.100e+00 ; 7.2199999e+01 ; 9.0025238e+01 
3.500e+01 ; 3.200e+00 ; 2.100e+00 ; 7.2200999e+01 ; 9.0024895e+01 
3.500e+01 ; 3.200e+00 ; 2.100e+00 ; 7.2201999e+01 ; 9.0024551e+01 
3.500e+01 ; 3.200e+00 ; 2.100e+00 ; 7.2202999e+01 ; 9.0024208e+01 
3.500e+01 ; 3.200e+00 ; 2.100e+00 ; 7.2204999e+01 ; 9.0023521e+01 
3.500e+01 ; 3.200e+00 ; 2.100e+00 ; 7.2208999e+01 ; 9.0022148e+01 
3.500e+01 ; 3.200e+00 ; 2.100e+00 ; 7.2216999e+01 ; 9.0019402e+01 
3.500e+01 ; 3.200e+00 ; 2.100e+00 ; 7.2232999e+01 ; 9.0013893e+01 
3.500e+01 ; 3.200e+00 ; 2.100e+00 ; 7.2264999e+01 ; 9.0002876e+01 
3.500e+01 ; 3.200e+00 ; 2.100e+00 ; 7.2328999e+01 ; 8.9980766e+01 
3.500e+01 ; 3.200e+00 ; 2.100e+00 ; 7.2456999e+01 ; 8.9936302e+01 
3.500e+01 ; 3.200e+00 ; 2.100e+00 ; 7.2712999e+01 ; 8.9846672e+01 
3.500e+01 ; 3.200e+00 ; 2.100e+00 ; 7.3149999e+01 ; 8.9692825e+01 
3.500e+01 ; 3.200e+00 ; 2.100e+00 ; 7.3149999e+01 ; 8.9692825e+01 
3.500e+01 ; 3.200e+00 ; 2.100e+00 ; 7.3150999e+01 ; 8.9692474e+01 
3.500e+01 ; 3.200e+00 ; 2.100e+00 ; 7.3151999e+01 ; 8.9692123e+01 
3.500e+01 ; 3.200e+00 ; 2.100e+00 ; 7.3152999e+01 ; 8.9691772e+01 
3.500e+01 ; 3.200e+00 ; 2.100e+00 ; 7.3154999e+01 ; 8.9691063e+01 
3.500e+01 ; 3.200e+00 ; 2.100e+00 ; 7.3158999e+01 ; 8.9689659e+01 
3.500e+01 ; 3.200e+00 ; 2.100e+00 ; 7.3166999e+01 ; 8.9686844e+01 
3.500e+01 ; 3.200e+00 ; 2.100e+00 ; 7.3182999e+01 ; 8.9681206e+01 
3.500e+01 ; 3.200e+00 ; 2.100e+00 ; 7.3214999e+01 ; 8.9669930e+01 
3.500e+01 ; 3.200e+00 ; 2.100e+00 ; 7.3278999e+01 ; 8.9647377e+01 
3.500e+01 ; 3.200e+00 ; 2.100e+00 ; 7.3406999e+01 ; 8.9602318e+01 
3.500e+01 ; 3.200e+00 ; 2.100e+00 ; 7.3662999e+01 ; 8.9512939e+01 
3.500e+01 ; 3.200e+00 ; 2.100e+00 ; 7.4099999e+01 ; 8.9364914e+01 
3.500e+01 ; 3.200e+00 ; 2.100e+00 ; 7.4099999e+01 ; 8.9364914e+01 
3.500e+01 ; 3.200e+00 ; 2.100e+00 ; 7.4100999e+01 ; 8.9364578e+01 
3.500e+01 ; 3.200e+00 ; 2.100e+00 ; 7.4101999e+01 ; 8.9364243e+01 
3.500e+01 ; 3.200e+00 ; 2.100e+00 ; 7.4102999e+01 ; 8.9363899e+01 
3.500e+01 ; 3.200e+00 ; 2.100e+00 ; 7.4104999e+01 ; 8.9363220e+01 
3.500e+01 ; 3.200e+00 ; 2.100e+00 ; 7.4108999e+01 ; 8.9361870e+01 
3.500e+01 ; 3.200e+00 ; 2.100e+00 ; 7.4116999e+01 ; 8.9359161e+01 
3.500e+01 ; 3.200e+00 ; 2.100e+00 ; 7.4132999e+01 ; 8.9353760e+01 
3.500e+01 ; 3.200e+00 ; 2.100e+00 ; 7.4164999e+01 ; 8.9342972e+01 
3.500e+01 ; 3.200e+00 ; 2.100e+00 ; 7.4228999e+01 ; 8.9321526e+01 
3.500e+01 ; 3.200e+00 ; 2.100e+00 ; 7.4356999e+01 ; 8.9279289e+01 
3.500e+01 ; 3.200e+00 ; 2.100e+00 ; 7.4612999e+01 ; 8.9198776e+01 
3.500e+01 ; 3.200e+00 ; 2.100e+00 ; 7.5049999e+01 ; 8.9077187e+01 
3.500e+01 ; 3.200e+00 ; 2.100e+00 ; 7.5049999e+01 ; 8.9077187e+01 
3.500e+01 ; 3.200e+00 ; 2.100e+00 ; 7.5050999e+01 ; 8.9076912e+01 
3.500e+01 ; 3.200e+00 ; 2.100e+00 ; 7.5051999e+01 ; 8.9076630e+01 
3.500e+01 ; 3.200e+00 ; 2.100e+00 ; 7.5052999e+01 ; 8.9076355e+01 
3.500e+01 ; 3.200e+00 ; 2.100e+00 ; 7.5054999e+01 ; 8.9075798e+01 
3.500e+01 ; 3.200e+00 ; 2.100e+00 ; 7.5058999e+01 ; 8.9074684e+01 
3.500e+01 ; 3.200e+00 ; 2.100e+00 ; 7.5066999e+01 ; 8.9072472e+01 
3.500e+01 ; 3.200e+00 ; 2.100e+00 ; 7.5082999e+01 ; 8.9068062e+01 
3.500e+01 ; 3.200e+00 ; 2.100e+00 ; 7.5114999e+01 ; 8.9059341e+01 
3.500e+01 ; 3.200e+00 ; 2.100e+00 ; 7.5178999e+01 ; 8.9042274e+01 
3.500e+01 ; 3.200e+00 ; 2.100e+00 ; 7.5306999e+01 ; 8.9009895e+01 
3.500e+01 ; 3.200e+00 ; 2.100e+00 ; 7.5562999e+01 ; 8.8953857e+01 
3.500e+01 ; 3.200e+00 ; 2.100e+00 ; 7.5999999e+01 ; 8.8887558e+01 
3.500e+01 ; 3.200e+00 ; 2.100e+00 ; 7.5999999e+01 ; 8.8887558e+01 
3.500e+01 ; 3.200e+00 ; 2.100e+00 ; 7.6000999e+01 ; 8.8887413e+01 
3.500e+01 ; 3.200e+00 ; 2.100e+00 ; 7.6001999e+01 ; 8.8887260e+01 
3.500e+01 ; 3.200e+00 ; 2.100e+00 ; 7.6002999e+01 ; 8.8887108e+01 
3.500e+01 ; 3.200e+00 ; 2.100e+00 ; 7.6004999e+01 ; 8.8886803e+01 
3.500e+01 ; 3.200e+00 ; 2.100e+00 ; 7.6008999e+01 ; 8.8886208e+01 
3.500e+01 ; 3.200e+00 ; 2.100e+00 ; 7.6016999e+01 ; 8.8885010e+01 
3.500e+01 ; 3.200e+00 ; 2.100e+00 ; 7.6032999e+01 ; 8.8882668e+01 
3.500e+01 ; 3.200e+00 ; 2.100e+00 ; 7.6064999e+01 ; 8.8878136e+01 
3.500e+01 ; 3.200e+00 ; 2.100e+00 ; 7.6128999e+01 ; 8.8869736e+01 
3.500e+01 ; 3.200e+00 ; 2.100e+00 ; 7.6256999e+01 ; 8.8855721e+01 
3.500e+01 ; 3.200e+00 ; 2.100e+00 ; 7.6512999e+01 ; 8.8839561e+01 
3.500e+01 ; 3.200e+00 ; 2.100e+00 ; 7.6949999e+01 ; 8.8845512e+01 
3.500e+01 ; 3.200e+00 ; 2.100e+00 ; 7.6949999e+01 ; 8.8845512e+01 
3.500e+01 ; 3.200e+00 ; 2.100e+00 ; 7.6950999e+01 ; 8.8845528e+01 
3.500e+01 ; 3.200e+00 ; 2.100e+00 ; 7.6951999e+01 ; 8.8845543e+01 
3.500e+01 ; 3.200e+00 ; 2.100e+00 ; 7.6952999e+01 ; 8.8845558e+01 
3.500e+01 ; 3.200e+00 ; 2.100e+00 ; 7.6954999e+01 ; 8.8845589e+01 
3.500e+01 ; 3.200e+00 ; 2.100e+00 ; 7.6958999e+01 ; 8.8845650e+01 
3.500e+01 ; 3.200e+00 ; 2.100e+00 ; 7.6966999e+01 ; 8.8845779e+01 
3.500e+01 ; 3.200e+00 ; 2.100e+00 ; 7.6982999e+01 ; 8.8846092e+01 
3.500e+01 ; 3.200e+00 ; 2.100e+00 ; 7.7014999e+01 ; 8.8846893e+01 
3.500e+01 ; 3.200e+00 ; 2.100e+00 ; 7.7078999e+01 ; 8.8849197e+01 
3.500e+01 ; 3.200e+00 ; 2.100e+00 ; 7.7206999e+01 ; 8.8856590e+01 
3.500e+01 ; 3.200e+00 ; 2.100e+00 ; 7.7462999e+01 ; 8.8881500e+01 
3.500e+01 ; 3.200e+00 ; 2.100e+00 ; 7.7899999e+01 ; 8.8946587e+01 
3.500e+01 ; 3.200e+00 ; 2.100e+00 ; 7.7899999e+01 ; 8.8946587e+01 
3.500e+01 ; 3.200e+00 ; 2.100e+00 ; 7.7900999e+01 ; 8.8946739e+01 
3.500e+01 ; 3.200e+00 ; 2.100e+00 ; 7.7901999e+01 ; 8.8946884e+01 
3.500e+01 ; 3.200e+00 ; 2.100e+00 ; 7.7902999e+01 ; 8.8947037e+01 
3.500e+01 ; 3.200e+00 ; 2.100e+00 ; 7.7904999e+01 ; 8.8947334e+01 
3.500e+01 ; 3.200e+00 ; 2.100e+00 ; 7.7908999e+01 ; 8.8947937e+01 
3.500e+01 ; 3.200e+00 ; 2.100e+00 ; 7.7916999e+01 ; 8.8949142e+01 
3.500e+01 ; 3.200e+00 ; 2.100e+00 ; 7.7932999e+01 ; 8.8951584e+01 
3.500e+01 ; 3.200e+00 ; 2.100e+00 ; 7.7964999e+01 ; 8.8956589e+01 
3.500e+01 ; 3.200e+00 ; 2.100e+00 ; 7.8028999e+01 ; 8.8967033e+01 
3.500e+01 ; 3.200e+00 ; 2.100e+00 ; 7.8156999e+01 ; 8.8989441e+01 
3.500e+01 ; 3.200e+00 ; 2.100e+00 ; 7.8412999e+01 ; 8.9038467e+01 
3.500e+01 ; 3.200e+00 ; 2.100e+00 ; 7.8849999e+01 ; 8.9125679e+01 
3.500e+01 ; 3.200e+00 ; 2.100e+00 ; 7.8849999e+01 ; 8.9125679e+01 
3.500e+01 ; 3.200e+00 ; 2.100e+00 ; 7.8850999e+01 ; 8.9125877e+01 
3.500e+01 ; 3.200e+00 ; 2.100e+00 ; 7.8851999e+01 ; 8.9126076e+01 
3.500e+01 ; 3.200e+00 ; 2.100e+00 ; 7.8852999e+01 ; 8.9126282e+01 
3.500e+01 ; 3.200e+00 ; 2.100e+00 ; 7.8854999e+01 ; 8.9126678e+01 
3.500e+01 ; 3.200e+00 ; 2.100e+00 ; 7.8858999e+01 ; 8.9127480e+01 
3.500e+01 ; 3.200e+00 ; 2.100e+00 ; 7.8866999e+01 ; 8.9129074e+01 
3.500e+01 ; 3.200e+00 ; 2.100e+00 ; 7.8882999e+01 ; 8.9132278e+01 
3.500e+01 ; 3.200e+00 ; 2.100e+00 ; 7.8914999e+01 ; 8.9138695e+01 
3.500e+01 ; 3.200e+00 ; 2.100e+00 ; 7.8978999e+01 ; 8.9151543e+01 
3.500e+01 ; 3.200e+00 ; 2.100e+00 ; 7.9106999e+01 ; 8.9177109e+01 
3.500e+01 ; 3.200e+00 ; 2.100e+00 ; 7.9362999e+01 ; 8.9226105e+01 
3.500e+01 ; 3.200e+00 ; 2.100e+00 ; 7.9799999e+01 ; 8.9297440e+01 
3.500e+01 ; 3.200e+00 ; 2.100e+00 ; 7.9799999e+01 ; 8.9297440e+01 
3.500e+01 ; 3.200e+00 ; 2.100e+00 ; 7.9800999e+01 ; 8.9297600e+01 
3.500e+01 ; 3.200e+00 ; 2.100e+00 ; 7.9801999e+01 ; 8.9297768e+01 
3.500e+01 ; 3.200e+00 ; 2.100e+00 ; 7.9802999e+01 ; 8.9297928e+01 
3.500e+01 ; 3.200e+00 ; 2.100e+00 ; 7.9804999e+01 ; 8.9298256e+01 
3.500e+01 ; 3.200e+00 ; 2.100e+00 ; 7.9808999e+01 ; 8.9298904e+01 
3.500e+01 ; 3.200e+00 ; 2.100e+00 ; 7.9816999e+01 ; 8.9300201e+01 
3.500e+01 ; 3.200e+00 ; 2.100e+00 ; 7.9832999e+01 ; 8.9302780e+01 
3.500e+01 ; 3.200e+00 ; 2.100e+00 ; 7.9864999e+01 ; 8.9307861e+01 
3.500e+01 ; 3.200e+00 ; 2.100e+00 ; 7.9928999e+01 ; 8.9317726e+01 
3.500e+01 ; 3.200e+00 ; 2.100e+00 ; 8.0056999e+01 ; 8.9336136e+01 
3.500e+01 ; 3.200e+00 ; 2.100e+00 ; 8.0312999e+01 ; 8.9366837e+01 
3.500e+01 ; 3.200e+00 ; 2.100e+00 ; 8.0749999e+01 ; 8.9398994e+01 
3.500e+01 ; 3.200e+00 ; 2.100e+00 ; 8.0749999e+01 ; 8.9398994e+01 
3.500e+01 ; 3.200e+00 ; 2.100e+00 ; 8.0750999e+01 ; 8.9399063e+01 
3.500e+01 ; 3.200e+00 ; 2.100e+00 ; 8.0751999e+01 ; 8.9399139e+01 
3.500e+01 ; 3.200e+00 ; 2.100e+00 ; 8.0752999e+01 ; 8.9399208e+01 
3.500e+01 ; 3.200e+00 ; 2.100e+00 ; 8.0754999e+01 ; 8.9399361e+01 
3.500e+01 ; 3.200e+00 ; 2.100e+00 ; 8.0758999e+01 ; 8.9399651e+01 
3.500e+01 ; 3.200e+00 ; 2.100e+00 ; 8.0766999e+01 ; 8.9400223e+01 
3.500e+01 ; 3.200e+00 ; 2.100e+00 ; 8.0782999e+01 ; 8.9401344e+01 
3.500e+01 ; 3.200e+00 ; 2.100e+00 ; 8.0814999e+01 ; 8.9403473e+01 
3.500e+01 ; 3.200e+00 ; 2.100e+00 ; 8.0878999e+01 ; 8.9407288e+01 
3.500e+01 ; 3.200e+00 ; 2.100e+00 ; 8.1006999e+01 ; 8.9413086e+01 
3.500e+01 ; 3.200e+00 ; 2.100e+00 ; 8.1262999e+01 ; 8.9417168e+01 
3.500e+01 ; 3.200e+00 ; 2.100e+00 ; 8.1699999e+01 ; 8.9402252e+01 
3.500e+01 ; 3.200e+00 ; 2.100e+00 ; 8.1699999e+01 ; 8.9402252e+01 
3.500e+01 ; 3.200e+00 ; 2.100e+00 ; 8.1700999e+01 ; 8.9402214e+01 
3.500e+01 ; 3.200e+00 ; 2.100e+00 ; 8.1701999e+01 ; 8.9402184e+01 
3.500e+01 ; 3.200e+00 ; 2.100e+00 ; 8.1702999e+01 ; 8.9402145e+01 
3.500e+01 ; 3.200e+00 ; 2.100e+00 ; 8.1704999e+01 ; 8.9402077e+01 
3.500e+01 ; 3.200e+00 ; 2.100e+00 ; 8.1708999e+01 ; 8.9401939e+01 
3.500e+01 ; 3.200e+00 ; 2.100e+00 ; 8.1716999e+01 ; 8.9401649e+01 
3.500e+01 ; 3.200e+00 ; 2.100e+00 ; 8.1732999e+01 ; 8.9401039e+01 
3.500e+01 ; 3.200e+00 ; 2.100e+00 ; 8.1764999e+01 ; 8.9399712e+01 
3.500e+01 ; 3.200e+00 ; 2.100e+00 ; 8.1828999e+01 ; 8.9396584e+01 
3.500e+01 ; 3.200e+00 ; 2.100e+00 ; 8.1956999e+01 ; 8.9388458e+01 
3.500e+01 ; 3.200e+00 ; 2.100e+00 ; 8.2212999e+01 ; 8.9364952e+01 
3.500e+01 ; 3.200e+00 ; 2.100e+00 ; 8.2649999e+01 ; 8.9304878e+01 
3.500e+01 ; 3.200e+00 ; 2.100e+00 ; 8.2649999e+01 ; 8.9304878e+01 
3.500e+01 ; 3.200e+00 ; 2.100e+00 ; 8.2650999e+01 ; 8.9304741e+01 
3.500e+01 ; 3.200e+00 ; 2.100e+00 ; 8.2651999e+01 ; 8.9304604e+01 
3.500e+01 ; 3.200e+00 ; 2.100e+00 ; 8.2652999e+01 ; 8.9304466e+01 
3.500e+01 ; 3.200e+00 ; 2.100e+00 ; 8.2654999e+01 ; 8.9304192e+01 
3.500e+01 ; 3.200e+00 ; 2.100e+00 ; 8.2658999e+01 ; 8.9303635e+01 
3.500e+01 ; 3.200e+00 ; 2.100e+00 ; 8.2666999e+01 ; 8.9302521e+01 
3.500e+01 ; 3.200e+00 ; 2.100e+00 ; 8.2682999e+01 ; 8.9300270e+01 
3.500e+01 ; 3.200e+00 ; 2.100e+00 ; 8.2714999e+01 ; 8.9295654e+01 
3.500e+01 ; 3.200e+00 ; 2.100e+00 ; 8.2778999e+01 ; 8.9286003e+01 
3.500e+01 ; 3.200e+00 ; 2.100e+00 ; 8.2906999e+01 ; 8.9265068e+01 
3.500e+01 ; 3.200e+00 ; 2.100e+00 ; 8.3162999e+01 ; 8.9216957e+01 
3.500e+01 ; 3.200e+00 ; 2.100e+00 ; 8.3599999e+01 ; 8.9118362e+01 
3.500e+01 ; 3.200e+00 ; 2.100e+00 ; 8.3599999e+01 ; 8.9118362e+01 
3.500e+01 ; 3.200e+00 ; 2.100e+00 ; 8.3600999e+01 ; 8.9118141e+01 
3.500e+01 ; 3.200e+00 ; 2.100e+00 ; 8.3601999e+01 ; 8.9117912e+01 
3.500e+01 ; 3.200e+00 ; 2.100e+00 ; 8.3602999e+01 ; 8.9117691e+01 
3.500e+01 ; 3.200e+00 ; 2.100e+00 ; 8.3604999e+01 ; 8.9117233e+01 
3.500e+01 ; 3.200e+00 ; 2.100e+00 ; 8.3608999e+01 ; 8.9116333e+01 
3.500e+01 ; 3.200e+00 ; 2.100e+00 ; 8.3616999e+01 ; 8.9114517e+01 
3.500e+01 ; 3.200e+00 ; 2.100e+00 ; 8.3632999e+01 ; 8.9110863e+01 
3.500e+01 ; 3.200e+00 ; 2.100e+00 ; 8.3664999e+01 ; 8.9103462e+01 
3.500e+01 ; 3.200e+00 ; 2.100e+00 ; 8.3728999e+01 ; 8.9088326e+01 
3.500e+01 ; 3.200e+00 ; 2.100e+00 ; 8.3856999e+01 ; 8.9056725e+01 
3.500e+01 ; 3.200e+00 ; 2.100e+00 ; 8.4112999e+01 ; 8.8988586e+01 
3.500e+01 ; 3.200e+00 ; 2.100e+00 ; 8.4549999e+01 ; 8.8859558e+01 
3.500e+01 ; 3.200e+00 ; 2.100e+00 ; 8.4549999e+01 ; 8.8859558e+01 
3.500e+01 ; 3.200e+00 ; 2.100e+00 ; 8.4550999e+01 ; 8.8859268e+01 
3.500e+01 ; 3.200e+00 ; 2.100e+00 ; 8.4551999e+01 ; 8.8858971e+01 
3.500e+01 ; 3.200e+00 ; 2.100e+00 ; 8.4552999e+01 ; 8.8858673e+01 
3.500e+01 ; 3.200e+00 ; 2.100e+00 ; 8.4554999e+01 ; 8.8858086e+01 
3.500e+01 ; 3.200e+00 ; 2.100e+00 ; 8.4558999e+01 ; 8.8856903e+01 
3.500e+01 ; 3.200e+00 ; 2.100e+00 ; 8.4566999e+01 ; 8.8854530e+01 
3.500e+01 ; 3.200e+00 ; 2.100e+00 ; 8.4582999e+01 ; 8.8849770e+01 
3.500e+01 ; 3.200e+00 ; 2.100e+00 ; 8.4614999e+01 ; 8.8840187e+01 
3.500e+01 ; 3.200e+00 ; 2.100e+00 ; 8.4678999e+01 ; 8.8820755e+01 
3.500e+01 ; 3.200e+00 ; 2.100e+00 ; 8.4806999e+01 ; 8.8780891e+01 
3.500e+01 ; 3.200e+00 ; 2.100e+00 ; 8.5062999e+01 ; 8.8697472e+01 
3.500e+01 ; 3.200e+00 ; 2.100e+00 ; 8.5499999e+01 ; 8.8545860e+01 
3.500e+01 ; 3.200e+00 ; 2.100e+00 ; 8.5499999e+01 ; 8.8545860e+01 
3.500e+01 ; 3.200e+00 ; 2.100e+00 ; 8.5500999e+01 ; 8.8545509e+01 
3.500e+01 ; 3.200e+00 ; 2.100e+00 ; 8.5501999e+01 ; 8.8545166e+01 
3.500e+01 ; 3.200e+00 ; 2.100e+00 ; 8.5502999e+01 ; 8.8544815e+01 
3.500e+01 ; 3.200e+00 ; 2.100e+00 ; 8.5504999e+01 ; 8.8544121e+01 
3.500e+01 ; 3.200e+00 ; 2.100e+00 ; 8.5508999e+01 ; 8.8542732e+01 
3.500e+01 ; 3.200e+00 ; 2.100e+00 ; 8.5516999e+01 ; 8.8539948e+01 
3.500e+01 ; 3.200e+00 ; 2.100e+00 ; 8.5532999e+01 ; 8.8534370e+01 
3.500e+01 ; 3.200e+00 ; 2.100e+00 ; 8.5564999e+01 ; 8.8523170e+01 
3.500e+01 ; 3.200e+00 ; 2.100e+00 ; 8.5628999e+01 ; 8.8500580e+01 
3.500e+01 ; 3.200e+00 ; 2.100e+00 ; 8.5756999e+01 ; 8.8454681e+01 
3.500e+01 ; 3.200e+00 ; 2.100e+00 ; 8.6012999e+01 ; 8.8360298e+01 
3.500e+01 ; 3.200e+00 ; 2.100e+00 ; 8.6449999e+01 ; 8.8192909e+01 
3.500e+01 ; 3.200e+00 ; 2.100e+00 ; 8.6449999e+01 ; 8.8192909e+01 
3.500e+01 ; 3.200e+00 ; 2.100e+00 ; 8.6459999e+01 ; 8.8189072e+01 
3.500e+01 ; 3.200e+00 ; 2.100e+00 ; 8.6469999e+01 ; 8.8185234e+01 
3.500e+01 ; 3.200e+00 ; 2.100e+00 ; 8.6479999e+01 ; 8.8181396e+01 
3.500e+01 ; 3.200e+00 ; 2.100e+00 ; 8.6499999e+01 ; 8.8173706e+01 
3.500e+01 ; 3.200e+00 ; 2.100e+00 ; 8.6539999e+01 ; 8.8158264e+01 
3.500e+01 ; 3.200e+00 ; 2.100e+00 ; 8.6619999e+01 ; 8.8127197e+01 
3.500e+01 ; 3.200e+00 ; 2.100e+00 ; 8.6779999e+01 ; 8.8064346e+01 
3.500e+01 ; 3.200e+00 ; 2.100e+00 ; 8.7099999e+01 ; 8.7936180e+01 
3.500e+01 ; 3.200e+00 ; 2.100e+00 ; 8.7739999e+01 ; 8.7672951e+01 
3.500e+01 ; 3.200e+00 ; 2.100e+00 ; 8.9019999e+01 ; 8.7135674e+01 
3.500e+01 ; 3.200e+00 ; 2.100e+00 ; 9.0939999e+01 ; 8.6340050e+01 
3.500e+01 ; 3.200e+00 ; 2.100e+00 ; 9.1449999e+01 ; 8.6129990e+01