X ; Y ; Z ; time ; Temperature 
3.500e+01 ; 4.000e+00 ; 2.100e+00 ; 0.0000000e+00 ; 2.2500000e+02 
3.500e+01 ; 4.000e+00 ; 2.100e+00 ; 1.0000000e-03 ; 2.2500000e+02 
3.500e+01 ; 4.000e+00 ; 2.100e+00 ; 2.0000001e-03 ; 2.2500000e+02 
3.500e+01 ; 4.000e+00 ; 2.100e+00 ; 3.0000000e-03 ; 2.2500000e+02 
3.500e+01 ; 4.000e+00 ; 2.100e+00 ; 4.9999999e-03 ; 2.2500000e+02 
3.500e+01 ; 4.000e+00 ; 2.100e+00 ; 8.9999996e-03 ; 2.2500000e+02 
3.500e+01 ; 4.000e+00 ; 2.100e+00 ; 1.7000001e-02 ; 2.2500000e+02 
3.500e+01 ; 4.000e+00 ; 2.100e+00 ; 3.3000000e-02 ; 2.2500000e+02 
3.500e+01 ; 4.000e+00 ; 2.100e+00 ; 6.4999998e-02 ; 2.2500000e+02 
3.500e+01 ; 4.000e+00 ; 2.100e+00 ; 1.2899999e-01 ; 2.2500000e+02 
3.500e+01 ; 4.000e+00 ; 2.100e+00 ; 2.5700000e-01 ; 2.2500000e+02 
3.500e+01 ; 4.000e+00 ; 2.100e+00 ; 5.1300001e-01 ; 2.2500000e+02 
3.500e+01 ; 4.000e+00 ; 2.100e+00 ; 7.6899999e-01 ; 2.2500000e+02 
3.500e+01 ; 4.000e+00 ; 2.100e+00 ; 9.4999999e-01 ; 2.2500000e+02 
3.500e+01 ; 4.000e+00 ; 2.100e+00 ; 9.4999999e-01 ; 2.2500000e+02 
3.500e+01 ; 4.000e+00 ; 2.100e+00 ; 9.5099999e-01 ; 2.2500000e+02 
3.500e+01 ; 4.000e+00 ; 2.100e+00 ; 9.5199999e-01 ; 2.2500000e+02 
3.500e+01 ; 4.000e+00 ; 2.100e+00 ; 9.5299999e-01 ; 2.2500000e+02 
3.500e+01 ; 4.000e+00 ; 2.100e+00 ; 9.5499999e-01 ; 2.2500000e+02 
3.500e+01 ; 4.000e+00 ; 2.100e+00 ; 9.5899999e-01 ; 2.2500000e+02 
3.500e+01 ; 4.000e+00 ; 2.100e+00 ; 9.6699999e-01 ; 2.2500000e+02 
3.500e+01 ; 4.000e+00 ; 2.100e+00 ; 9.8299999e-01 ; 2.2500000e+02 
3.500e+01 ; 4.000e+00 ; 2.100e+00 ; 1.0150000e+00 ; 2.2500000e+02 
3.500e+01 ; 4.000e+00 ; 2.100e+00 ; 1.0790000e+00 ; 2.2500000e+02 
3.500e+01 ; 4.000e+00 ; 2.100e+00 ; 1.2070000e+00 ; 2.2500000e+02 
3.500e+01 ; 4.000e+00 ; 2.100e+00 ; 1.4630000e+00 ; 2.2500000e+02 
3.500e+01 ; 4.000e+00 ; 2.100e+00 ; 1.9000000e+00 ; 2.2500000e+02 
3.500e+01 ; 4.000e+00 ; 2.100e+00 ; 1.9000000e+00 ; 2.2500000e+02 
3.500e+01 ; 4.000e+00 ; 2.100e+00 ; 1.9010000e+00 ; 2.2500000e+02 
3.500e+01 ; 4.000e+00 ; 2.100e+00 ; 1.9020000e+00 ; 2.2500000e+02 
3.500e+01 ; 4.000e+00 ; 2.100e+00 ; 1.9030000e+00 ; 2.2500000e+02 
3.500e+01 ; 4.000e+00 ; 2.100e+00 ; 1.9050000e+00 ; 2.2500000e+02 
3.500e+01 ; 4.000e+00 ; 2.100e+00 ; 1.9090000e+00 ; 2.2500000e+02 
3.500e+01 ; 4.000e+00 ; 2.100e+00 ; 1.9170000e+00 ; 2.2500000e+02 
3.500e+01 ; 4.000e+00 ; 2.100e+00 ; 1.9330000e+00 ; 2.2500000e+02 
3.500e+01 ; 4.000e+00 ; 2.100e+00 ; 1.9650000e+00 ; 2.2500000e+02 
3.500e+01 ; 4.000e+00 ; 2.100e+00 ; 2.0290000e+00 ; 2.2500000e+02 
3.500e+01 ; 4.000e+00 ; 2.100e+00 ; 2.1570000e+00 ; 2.2500000e+02 
3.500e+01 ; 4.000e+00 ; 2.100e+00 ; 2.4130000e+00 ; 2.2500000e+02 
3.500e+01 ; 4.000e+00 ; 2.100e+00 ; 2.8500000e+00 ; 2.2500000e+02 
3.500e+01 ; 4.000e+00 ; 2.100e+00 ; 2.8500000e+00 ; 2.2500000e+02 
3.500e+01 ; 4.000e+00 ; 2.100e+00 ; 2.8510000e+00 ; 2.2500000e+02 
3.500e+01 ; 4.000e+00 ; 2.100e+00 ; 2.8520000e+00 ; 2.2500000e+02 
3.500e+01 ; 4.000e+00 ; 2.100e+00 ; 2.8530000e+00 ; 2.2500000e+02 
3.500e+01 ; 4.000e+00 ; 2.100e+00 ; 2.8550000e+00 ; 2.2500000e+02 
3.500e+01 ; 4.000e+00 ; 2.100e+00 ; 2.8590000e+00 ; 2.2500000e+02 
3.500e+01 ; 4.000e+00 ; 2.100e+00 ; 2.8670000e+00 ; 2.2500000e+02 
3.500e+01 ; 4.000e+00 ; 2.100e+00 ; 2.8830000e+00 ; 2.2500000e+02 
3.500e+01 ; 4.000e+00 ; 2.100e+00 ; 2.9150000e+00 ; 2.2500000e+02 
3.500e+01 ; 4.000e+00 ; 2.100e+00 ; 2.9790000e+00 ; 2.2500000e+02 
3.500e+01 ; 4.000e+00 ; 2.100e+00 ; 3.1070000e+00 ; 2.2500000e+02 
3.500e+01 ; 4.000e+00 ; 2.100e+00 ; 3.3630000e+00 ; 2.2500000e+02 
3.500e+01 ; 4.000e+00 ; 2.100e+00 ; 3.8000000e+00 ; 2.2500000e+02 
3.500e+01 ; 4.000e+00 ; 2.100e+00 ; 3.8000000e+00 ; 2.2500000e+02 
3.500e+01 ; 4.000e+00 ; 2.100e+00 ; 3.8010000e+00 ; 2.2500000e+02 
3.500e+01 ; 4.000e+00 ; 2.100e+00 ; 3.8020000e+00 ; 2.2500000e+02 
3.500e+01 ; 4.000e+00 ; 2.100e+00 ; 3.8030000e+00 ; 2.2500000e+02 
3.500e+01 ; 4.000e+00 ; 2.100e+00 ; 3.8050000e+00 ; 2.2500000e+02 
3.500e+01 ; 4.000e+00 ; 2.100e+00 ; 3.8090000e+00 ; 2.2500000e+02 
3.500e+01 ; 4.000e+00 ; 2.100e+00 ; 3.8170000e+00 ; 2.2500000e+02 
3.500e+01 ; 4.000e+00 ; 2.100e+00 ; 3.8330000e+00 ; 2.2500000e+02 
3.500e+01 ; 4.000e+00 ; 2.100e+00 ; 3.8649999e+00 ; 2.2500000e+02 
3.500e+01 ; 4.000e+00 ; 2.100e+00 ; 3.9289999e+00 ; 2.2500000e+02 
3.500e+01 ; 4.000e+00 ; 2.100e+00 ; 4.0570000e+00 ; 2.2500000e+02 
3.500e+01 ; 4.000e+00 ; 2.100e+00 ; 4.3130000e+00 ; 2.2500000e+02 
3.500e+01 ; 4.000e+00 ; 2.100e+00 ; 4.7499999e+00 ; 2.2500000e+02 
3.500e+01 ; 4.000e+00 ; 2.100e+00 ; 4.7499999e+00 ; 2.2500000e+02 
3.500e+01 ; 4.000e+00 ; 2.100e+00 ; 4.7509999e+00 ; 2.2500000e+02 
3.500e+01 ; 4.000e+00 ; 2.100e+00 ; 4.7519999e+00 ; 2.2500000e+02 
3.500e+01 ; 4.000e+00 ; 2.100e+00 ; 4.7529999e+00 ; 2.2500000e+02 
3.500e+01 ; 4.000e+00 ; 2.100e+00 ; 4.7549999e+00 ; 2.2500000e+02 
3.500e+01 ; 4.000e+00 ; 2.100e+00 ; 4.7589999e+00 ; 2.2500000e+02 
3.500e+01 ; 4.000e+00 ; 2.100e+00 ; 4.7669999e+00 ; 2.2500000e+02 
3.500e+01 ; 4.000e+00 ; 2.100e+00 ; 4.7829999e+00 ; 2.2500000e+02 
3.500e+01 ; 4.000e+00 ; 2.100e+00 ; 4.8149999e+00 ; 2.2500000e+02 
3.500e+01 ; 4.000e+00 ; 2.100e+00 ; 4.8789999e+00 ; 2.2500000e+02 
3.500e+01 ; 4.000e+00 ; 2.100e+00 ; 5.0069999e+00 ; 2.2500000e+02 
3.500e+01 ; 4.000e+00 ; 2.100e+00 ; 5.2630000e+00 ; 2.2500000e+02 
3.500e+01 ; 4.000e+00 ; 2.100e+00 ; 5.6999999e+00 ; 2.2500000e+02 
3.500e+01 ; 4.000e+00 ; 2.100e+00 ; 5.6999999e+00 ; 2.2500000e+02 
3.500e+01 ; 4.000e+00 ; 2.100e+00 ; 5.7009999e+00 ; 2.2500000e+02 
3.500e+01 ; 4.000e+00 ; 2.100e+00 ; 5.7019999e+00 ; 2.2500000e+02 
3.500e+01 ; 4.000e+00 ; 2.100e+00 ; 5.7029999e+00 ; 2.2500000e+02 
3.500e+01 ; 4.000e+00 ; 2.100e+00 ; 5.7049999e+00 ; 2.2500000e+02 
3.500e+01 ; 4.000e+00 ; 2.100e+00 ; 5.7089999e+00 ; 2.2500000e+02 
3.500e+01 ; 4.000e+00 ; 2.100e+00 ; 5.7169999e+00 ; 2.2500000e+02 
3.500e+01 ; 4.000e+00 ; 2.100e+00 ; 5.7329999e+00 ; 2.2500000e+02 
3.500e+01 ; 4.000e+00 ; 2.100e+00 ; 5.7649999e+00 ; 2.2500000e+02 
3.500e+01 ; 4.000e+00 ; 2.100e+00 ; 5.8289999e+00 ; 2.2500000e+02 
3.500e+01 ; 4.000e+00 ; 2.100e+00 ; 5.9569999e+00 ; 2.2500000e+02 
3.500e+01 ; 4.000e+00 ; 2.100e+00 ; 6.2129999e+00 ; 2.2500000e+02 
3.500e+01 ; 4.000e+00 ; 2.100e+00 ; 6.6499999e+00 ; 2.2500000e+02 
3.500e+01 ; 4.000e+00 ; 2.100e+00 ; 6.6499999e+00 ; 2.2500000e+02 
3.500e+01 ; 4.000e+00 ; 2.100e+00 ; 6.6509999e+00 ; 2.2500000e+02 
3.500e+01 ; 4.000e+00 ; 2.100e+00 ; 6.6519999e+00 ; 2.2500000e+02 
3.500e+01 ; 4.000e+00 ; 2.100e+00 ; 6.6529999e+00 ; 2.2500000e+02 
3.500e+01 ; 4.000e+00 ; 2.100e+00 ; 6.6549999e+00 ; 2.2500000e+02 
3.500e+01 ; 4.000e+00 ; 2.100e+00 ; 6.6589999e+00 ; 2.2500000e+02 
3.500e+01 ; 4.000e+00 ; 2.100e+00 ; 6.6669999e+00 ; 2.2500000e+02 
3.500e+01 ; 4.000e+00 ; 2.100e+00 ; 6.6829999e+00 ; 2.2500000e+02 
3.500e+01 ; 4.000e+00 ; 2.100e+00 ; 6.7149999e+00 ; 2.2500000e+02 
3.500e+01 ; 4.000e+00 ; 2.100e+00 ; 6.7789999e+00 ; 2.2500000e+02 
3.500e+01 ; 4.000e+00 ; 2.100e+00 ; 6.9069999e+00 ; 2.2500000e+02 
3.500e+01 ; 4.000e+00 ; 2.100e+00 ; 7.1629999e+00 ; 2.2500000e+02 
3.500e+01 ; 4.000e+00 ; 2.100e+00 ; 7.5999999e+00 ; 2.2500000e+02 
3.500e+01 ; 4.000e+00 ; 2.100e+00 ; 7.5999999e+00 ; 2.2500000e+02 
3.500e+01 ; 4.000e+00 ; 2.100e+00 ; 7.6009999e+00 ; 2.2500000e+02 
3.500e+01 ; 4.000e+00 ; 2.100e+00 ; 7.6019999e+00 ; 2.2500000e+02 
3.500e+01 ; 4.000e+00 ; 2.100e+00 ; 7.6029999e+00 ; 2.2500000e+02 
3.500e+01 ; 4.000e+00 ; 2.100e+00 ; 7.6049999e+00 ; 2.2500000e+02 
3.500e+01 ; 4.000e+00 ; 2.100e+00 ; 7.6089999e+00 ; 2.2500000e+02 
3.500e+01 ; 4.000e+00 ; 2.100e+00 ; 7.6169999e+00 ; 2.2500000e+02 
3.500e+01 ; 4.000e+00 ; 2.100e+00 ; 7.6329999e+00 ; 2.2500000e+02 
3.500e+01 ; 4.000e+00 ; 2.100e+00 ; 7.6649999e+00 ; 2.2500000e+02 
3.500e+01 ; 4.000e+00 ; 2.100e+00 ; 7.7289999e+00 ; 2.2500000e+02 
3.500e+01 ; 4.000e+00 ; 2.100e+00 ; 7.8569999e+00 ; 2.2500000e+02 
3.500e+01 ; 4.000e+00 ; 2.100e+00 ; 8.1129999e+00 ; 2.2500000e+02 
3.500e+01 ; 4.000e+00 ; 2.100e+00 ; 8.5499999e+00 ; 2.2500000e+02 
3.500e+01 ; 4.000e+00 ; 2.100e+00 ; 8.5499999e+00 ; 2.2500000e+02 
3.500e+01 ; 4.000e+00 ; 2.100e+00 ; 8.5509999e+00 ; 2.2500000e+02 
3.500e+01 ; 4.000e+00 ; 2.100e+00 ; 8.5519999e+00 ; 2.2500000e+02 
3.500e+01 ; 4.000e+00 ; 2.100e+00 ; 8.5529999e+00 ; 2.2500000e+02 
3.500e+01 ; 4.000e+00 ; 2.100e+00 ; 8.5549999e+00 ; 2.2500000e+02 
3.500e+01 ; 4.000e+00 ; 2.100e+00 ; 8.5589999e+00 ; 2.2500000e+02 
3.500e+01 ; 4.000e+00 ; 2.100e+00 ; 8.5669999e+00 ; 2.2500000e+02 
3.500e+01 ; 4.000e+00 ; 2.100e+00 ; 8.5829999e+00 ; 2.2500000e+02 
3.500e+01 ; 4.000e+00 ; 2.100e+00 ; 8.6149999e+00 ; 2.2500000e+02 
3.500e+01 ; 4.000e+00 ; 2.100e+00 ; 8.6789999e+00 ; 2.2500000e+02 
3.500e+01 ; 4.000e+00 ; 2.100e+00 ; 8.8069999e+00 ; 2.2500000e+02 
3.500e+01 ; 4.000e+00 ; 2.100e+00 ; 9.0629999e+00 ; 2.2500000e+02 
3.500e+01 ; 4.000e+00 ; 2.100e+00 ; 9.4999999e+00 ; 2.2500000e+02 
3.500e+01 ; 4.000e+00 ; 2.100e+00 ; 9.4999999e+00 ; 2.2500000e+02 
3.500e+01 ; 4.000e+00 ; 2.100e+00 ; 9.5009999e+00 ; 2.2500000e+02 
3.500e+01 ; 4.000e+00 ; 2.100e+00 ; 9.5019999e+00 ; 2.2500000e+02 
3.500e+01 ; 4.000e+00 ; 2.100e+00 ; 9.5029999e+00 ; 2.2500000e+02 
3.500e+01 ; 4.000e+00 ; 2.100e+00 ; 9.5049999e+00 ; 2.2500000e+02 
3.500e+01 ; 4.000e+00 ; 2.100e+00 ; 9.5089999e+00 ; 2.2500000e+02 
3.500e+01 ; 4.000e+00 ; 2.100e+00 ; 9.5169999e+00 ; 2.2500000e+02 
3.500e+01 ; 4.000e+00 ; 2.100e+00 ; 9.5329999e+00 ; 2.2500000e+02 
3.500e+01 ; 4.000e+00 ; 2.100e+00 ; 9.5649999e+00 ; 2.2500000e+02 
3.500e+01 ; 4.000e+00 ; 2.100e+00 ; 9.6289999e+00 ; 2.2500000e+02 
3.500e+01 ; 4.000e+00 ; 2.100e+00 ; 9.7569999e+00 ; 2.2500000e+02 
3.500e+01 ; 4.000e+00 ; 2.100e+00 ; 1.0013000e+01 ; 2.2500000e+02 
3.500e+01 ; 4.000e+00 ; 2.100e+00 ; 1.0450000e+01 ; 2.2500000e+02 
3.500e+01 ; 4.000e+00 ; 2.100e+00 ; 1.0450000e+01 ; 2.2500000e+02 
3.500e+01 ; 4.000e+00 ; 2.100e+00 ; 1.0451000e+01 ; 2.2500000e+02 
3.500e+01 ; 4.000e+00 ; 2.100e+00 ; 1.0452000e+01 ; 2.2500000e+02 
3.500e+01 ; 4.000e+00 ; 2.100e+00 ; 1.0453000e+01 ; 2.2500000e+02 
3.500e+01 ; 4.000e+00 ; 2.100e+00 ; 1.0455000e+01 ; 2.2500000e+02 
3.500e+01 ; 4.000e+00 ; 2.100e+00 ; 1.0459000e+01 ; 2.2500000e+02 
3.500e+01 ; 4.000e+00 ; 2.100e+00 ; 1.0467000e+01 ; 2.2500000e+02 
3.500e+01 ; 4.000e+00 ; 2.100e+00 ; 1.0483000e+01 ; 2.2500000e+02 
3.500e+01 ; 4.000e+00 ; 2.100e+00 ; 1.0515000e+01 ; 2.2500000e+02 
3.500e+01 ; 4.000e+00 ; 2.100e+00 ; 1.0579000e+01 ; 2.2500000e+02 
3.500e+01 ; 4.000e+00 ; 2.100e+00 ; 1.0707000e+01 ; 2.2500000e+02 
3.500e+01 ; 4.000e+00 ; 2.100e+00 ; 1.0963000e+01 ; 2.2500000e+02 
3.500e+01 ; 4.000e+00 ; 2.100e+00 ; 1.1400000e+01 ; 2.2500000e+02 
3.500e+01 ; 4.000e+00 ; 2.100e+00 ; 1.1400000e+01 ; 2.2500000e+02 
3.500e+01 ; 4.000e+00 ; 2.100e+00 ; 1.1401000e+01 ; 2.2500000e+02 
3.500e+01 ; 4.000e+00 ; 2.100e+00 ; 1.1402000e+01 ; 2.2500000e+02 
3.500e+01 ; 4.000e+00 ; 2.100e+00 ; 1.1403000e+01 ; 2.2500000e+02 
3.500e+01 ; 4.000e+00 ; 2.100e+00 ; 1.1405000e+01 ; 2.2500000e+02 
3.500e+01 ; 4.000e+00 ; 2.100e+00 ; 1.1409000e+01 ; 2.2500000e+02 
3.500e+01 ; 4.000e+00 ; 2.100e+00 ; 1.1417000e+01 ; 2.2500000e+02 
3.500e+01 ; 4.000e+00 ; 2.100e+00 ; 1.1433000e+01 ; 2.2500000e+02 
3.500e+01 ; 4.000e+00 ; 2.100e+00 ; 1.1465000e+01 ; 2.2500000e+02 
3.500e+01 ; 4.000e+00 ; 2.100e+00 ; 1.1529000e+01 ; 2.2500000e+02 
3.500e+01 ; 4.000e+00 ; 2.100e+00 ; 1.1657000e+01 ; 2.2500000e+02 
3.500e+01 ; 4.000e+00 ; 2.100e+00 ; 1.1913000e+01 ; 2.2500000e+02 
3.500e+01 ; 4.000e+00 ; 2.100e+00 ; 1.2350000e+01 ; 2.2500000e+02 
3.500e+01 ; 4.000e+00 ; 2.100e+00 ; 1.2350000e+01 ; 2.2500000e+02 
3.500e+01 ; 4.000e+00 ; 2.100e+00 ; 1.2351000e+01 ; 2.2500000e+02 
3.500e+01 ; 4.000e+00 ; 2.100e+00 ; 1.2352000e+01 ; 2.2500000e+02 
3.500e+01 ; 4.000e+00 ; 2.100e+00 ; 1.2353000e+01 ; 2.2500000e+02 
3.500e+01 ; 4.000e+00 ; 2.100e+00 ; 1.2355000e+01 ; 2.2500000e+02 
3.500e+01 ; 4.000e+00 ; 2.100e+00 ; 1.2359000e+01 ; 2.2500000e+02 
3.500e+01 ; 4.000e+00 ; 2.100e+00 ; 1.2367000e+01 ; 2.2500000e+02 
3.500e+01 ; 4.000e+00 ; 2.100e+00 ; 1.2383000e+01 ; 2.2500000e+02 
3.500e+01 ; 4.000e+00 ; 2.100e+00 ; 1.2415000e+01 ; 2.2500000e+02 
3.500e+01 ; 4.000e+00 ; 2.100e+00 ; 1.2479000e+01 ; 2.2500000e+02 
3.500e+01 ; 4.000e+00 ; 2.100e+00 ; 1.2607000e+01 ; 2.2500000e+02 
3.500e+01 ; 4.000e+00 ; 2.100e+00 ; 1.2863000e+01 ; 2.2500000e+02 
3.500e+01 ; 4.000e+00 ; 2.100e+00 ; 1.3300000e+01 ; 2.2500000e+02 
3.500e+01 ; 4.000e+00 ; 2.100e+00 ; 1.3300000e+01 ; 2.2500000e+02 
3.500e+01 ; 4.000e+00 ; 2.100e+00 ; 1.3301000e+01 ; 2.2500000e+02 
3.500e+01 ; 4.000e+00 ; 2.100e+00 ; 1.3302000e+01 ; 2.2500000e+02 
3.500e+01 ; 4.000e+00 ; 2.100e+00 ; 1.3303000e+01 ; 2.2500000e+02 
3.500e+01 ; 4.000e+00 ; 2.100e+00 ; 1.3305000e+01 ; 2.2500000e+02 
3.500e+01 ; 4.000e+00 ; 2.100e+00 ; 1.3309000e+01 ; 2.2500000e+02 
3.500e+01 ; 4.000e+00 ; 2.100e+00 ; 1.3317000e+01 ; 2.2500000e+02 
3.500e+01 ; 4.000e+00 ; 2.100e+00 ; 1.3333000e+01 ; 2.2500000e+02 
3.500e+01 ; 4.000e+00 ; 2.100e+00 ; 1.3365000e+01 ; 2.2500000e+02 
3.500e+01 ; 4.000e+00 ; 2.100e+00 ; 1.3429000e+01 ; 2.2500000e+02 
3.500e+01 ; 4.000e+00 ; 2.100e+00 ; 1.3557000e+01 ; 2.2500000e+02 
3.500e+01 ; 4.000e+00 ; 2.100e+00 ; 1.3813000e+01 ; 2.2500000e+02 
3.500e+01 ; 4.000e+00 ; 2.100e+00 ; 1.4250000e+01 ; 2.2500000e+02 
3.500e+01 ; 4.000e+00 ; 2.100e+00 ; 1.4250000e+01 ; 2.2500000e+02 
3.500e+01 ; 4.000e+00 ; 2.100e+00 ; 1.4251000e+01 ; 2.2500000e+02 
3.500e+01 ; 4.000e+00 ; 2.100e+00 ; 1.4252000e+01 ; 2.2500000e+02 
3.500e+01 ; 4.000e+00 ; 2.100e+00 ; 1.4253000e+01 ; 2.2500000e+02 
3.500e+01 ; 4.000e+00 ; 2.100e+00 ; 1.4255000e+01 ; 2.2500000e+02 
3.500e+01 ; 4.000e+00 ; 2.100e+00 ; 1.4259000e+01 ; 2.2500000e+02 
3.500e+01 ; 4.000e+00 ; 2.100e+00 ; 1.4267000e+01 ; 2.2500000e+02 
3.500e+01 ; 4.000e+00 ; 2.100e+00 ; 1.4283000e+01 ; 2.2500000e+02 
3.500e+01 ; 4.000e+00 ; 2.100e+00 ; 1.4315000e+01 ; 2.2500000e+02 
3.500e+01 ; 4.000e+00 ; 2.100e+00 ; 1.4379000e+01 ; 2.2500000e+02 
3.500e+01 ; 4.000e+00 ; 2.100e+00 ; 1.4507000e+01 ; 2.2500000e+02 
3.500e+01 ; 4.000e+00 ; 2.100e+00 ; 1.4763000e+01 ; 2.2500000e+02 
3.500e+01 ; 4.000e+00 ; 2.100e+00 ; 1.5200000e+01 ; 2.2500000e+02 
3.500e+01 ; 4.000e+00 ; 2.100e+00 ; 1.5200000e+01 ; 2.2500000e+02 
3.500e+01 ; 4.000e+00 ; 2.100e+00 ; 1.5201000e+01 ; 2.2500000e+02 
3.500e+01 ; 4.000e+00 ; 2.100e+00 ; 1.5202000e+01 ; 2.2500000e+02 
3.500e+01 ; 4.000e+00 ; 2.100e+00 ; 1.5203000e+01 ; 2.2500000e+02 
3.500e+01 ; 4.000e+00 ; 2.100e+00 ; 1.5205000e+01 ; 2.2500000e+02 
3.500e+01 ; 4.000e+00 ; 2.100e+00 ; 1.5209000e+01 ; 2.2500000e+02 
3.500e+01 ; 4.000e+00 ; 2.100e+00 ; 1.5217000e+01 ; 2.2500000e+02 
3.500e+01 ; 4.000e+00 ; 2.100e+00 ; 1.5233000e+01 ; 2.2500000e+02 
3.500e+01 ; 4.000e+00 ; 2.100e+00 ; 1.5265000e+01 ; 2.2500000e+02 
3.500e+01 ; 4.000e+00 ; 2.100e+00 ; 1.5329000e+01 ; 2.2500000e+02 
3.500e+01 ; 4.000e+00 ; 2.100e+00 ; 1.5457000e+01 ; 2.2500000e+02 
3.500e+01 ; 4.000e+00 ; 2.100e+00 ; 1.5713000e+01 ; 2.2500000e+02 
3.500e+01 ; 4.000e+00 ; 2.100e+00 ; 1.6150000e+01 ; 2.2500000e+02 
3.500e+01 ; 4.000e+00 ; 2.100e+00 ; 1.6150000e+01 ; 2.2500000e+02 
3.500e+01 ; 4.000e+00 ; 2.100e+00 ; 1.6151000e+01 ; 2.2500000e+02 
3.500e+01 ; 4.000e+00 ; 2.100e+00 ; 1.6152000e+01 ; 2.2500000e+02 
3.500e+01 ; 4.000e+00 ; 2.100e+00 ; 1.6153000e+01 ; 2.2500000e+02 
3.500e+01 ; 4.000e+00 ; 2.100e+00 ; 1.6155000e+01 ; 2.2500000e+02 
3.500e+01 ; 4.000e+00 ; 2.100e+00 ; 1.6159000e+01 ; 2.2500000e+02 
3.500e+01 ; 4.000e+00 ; 2.100e+00 ; 1.6167000e+01 ; 2.2500000e+02 
3.500e+01 ; 4.000e+00 ; 2.100e+00 ; 1.6183000e+01 ; 2.2500000e+02 
3.500e+01 ; 4.000e+00 ; 2.100e+00 ; 1.6215000e+01 ; 2.2500000e+02 
3.500e+01 ; 4.000e+00 ; 2.100e+00 ; 1.6279000e+01 ; 2.2500000e+02 
3.500e+01 ; 4.000e+00 ; 2.100e+00 ; 1.6407000e+01 ; 2.2500000e+02 
3.500e+01 ; 4.000e+00 ; 2.100e+00 ; 1.6663000e+01 ; 2.2500000e+02 
3.500e+01 ; 4.000e+00 ; 2.100e+00 ; 1.7100000e+01 ; 2.2500000e+02 
3.500e+01 ; 4.000e+00 ; 2.100e+00 ; 1.7100000e+01 ; 2.2500000e+02 
3.500e+01 ; 4.000e+00 ; 2.100e+00 ; 1.7101000e+01 ; 2.2500000e+02 
3.500e+01 ; 4.000e+00 ; 2.100e+00 ; 1.7102000e+01 ; 2.2500000e+02 
3.500e+01 ; 4.000e+00 ; 2.100e+00 ; 1.7103000e+01 ; 2.2500000e+02 
3.500e+01 ; 4.000e+00 ; 2.100e+00 ; 1.7105000e+01 ; 2.2500000e+02 
3.500e+01 ; 4.000e+00 ; 2.100e+00 ; 1.7109000e+01 ; 2.2500000e+02 
3.500e+01 ; 4.000e+00 ; 2.100e+00 ; 1.7117000e+01 ; 2.2500000e+02 
3.500e+01 ; 4.000e+00 ; 2.100e+00 ; 1.7133000e+01 ; 2.2500000e+02 
3.500e+01 ; 4.000e+00 ; 2.100e+00 ; 1.7165000e+01 ; 2.2500000e+02 
3.500e+01 ; 4.000e+00 ; 2.100e+00 ; 1.7229000e+01 ; 2.2500000e+02 
3.500e+01 ; 4.000e+00 ; 2.100e+00 ; 1.7357000e+01 ; 2.2500000e+02 
3.500e+01 ; 4.000e+00 ; 2.100e+00 ; 1.7613000e+01 ; 2.2500000e+02 
3.500e+01 ; 4.000e+00 ; 2.100e+00 ; 1.8050000e+01 ; 2.2500000e+02 
3.500e+01 ; 4.000e+00 ; 2.100e+00 ; 1.8050000e+01 ; 2.2500000e+02 
3.500e+01 ; 4.000e+00 ; 2.100e+00 ; 1.8051000e+01 ; 2.2500000e+02 
3.500e+01 ; 4.000e+00 ; 2.100e+00 ; 1.8052000e+01 ; 2.2500000e+02 
3.500e+01 ; 4.000e+00 ; 2.100e+00 ; 1.8053000e+01 ; 2.2500000e+02 
3.500e+01 ; 4.000e+00 ; 2.100e+00 ; 1.8055000e+01 ; 2.2500000e+02 
3.500e+01 ; 4.000e+00 ; 2.100e+00 ; 1.8059000e+01 ; 2.2500000e+02 
3.500e+01 ; 4.000e+00 ; 2.100e+00 ; 1.8067000e+01 ; 2.2500000e+02 
3.500e+01 ; 4.000e+00 ; 2.100e+00 ; 1.8083000e+01 ; 2.2500000e+02 
3.500e+01 ; 4.000e+00 ; 2.100e+00 ; 1.8115000e+01 ; 2.2500000e+02 
3.500e+01 ; 4.000e+00 ; 2.100e+00 ; 1.8179000e+01 ; 2.2500000e+02 
3.500e+01 ; 4.000e+00 ; 2.100e+00 ; 1.8307000e+01 ; 2.2500000e+02 
3.500e+01 ; 4.000e+00 ; 2.100e+00 ; 1.8563000e+01 ; 2.2500000e+02 
3.500e+01 ; 4.000e+00 ; 2.100e+00 ; 1.9000000e+01 ; 2.2500000e+02 
3.500e+01 ; 4.000e+00 ; 2.100e+00 ; 1.9000000e+01 ; 2.2500000e+02 
3.500e+01 ; 4.000e+00 ; 2.100e+00 ; 1.9001000e+01 ; 2.2500000e+02 
3.500e+01 ; 4.000e+00 ; 2.100e+00 ; 1.9002000e+01 ; 2.2500000e+02 
3.500e+01 ; 4.000e+00 ; 2.100e+00 ; 1.9003000e+01 ; 2.2500000e+02 
3.500e+01 ; 4.000e+00 ; 2.100e+00 ; 1.9005000e+01 ; 2.2500000e+02 
3.500e+01 ; 4.000e+00 ; 2.100e+00 ; 1.9009000e+01 ; 2.2500000e+02 
3.500e+01 ; 4.000e+00 ; 2.100e+00 ; 1.9017000e+01 ; 2.2500000e+02 
3.500e+01 ; 4.000e+00 ; 2.100e+00 ; 1.9033000e+01 ; 2.2500000e+02 
3.500e+01 ; 4.000e+00 ; 2.100e+00 ; 1.9065000e+01 ; 2.2500000e+02 
3.500e+01 ; 4.000e+00 ; 2.100e+00 ; 1.9129000e+01 ; 2.2500000e+02 
3.500e+01 ; 4.000e+00 ; 2.100e+00 ; 1.9257000e+01 ; 2.2500000e+02 
3.500e+01 ; 4.000e+00 ; 2.100e+00 ; 1.9513000e+01 ; 2.2500000e+02 
3.500e+01 ; 4.000e+00 ; 2.100e+00 ; 1.9950000e+01 ; 2.2500000e+02 
3.500e+01 ; 4.000e+00 ; 2.100e+00 ; 1.9950000e+01 ; 2.2500000e+02 
3.500e+01 ; 4.000e+00 ; 2.100e+00 ; 1.9951000e+01 ; 2.2500000e+02 
3.500e+01 ; 4.000e+00 ; 2.100e+00 ; 1.9952000e+01 ; 2.2500000e+02 
3.500e+01 ; 4.000e+00 ; 2.100e+00 ; 1.9953000e+01 ; 2.2500000e+02 
3.500e+01 ; 4.000e+00 ; 2.100e+00 ; 1.9955000e+01 ; 2.2500000e+02 
3.500e+01 ; 4.000e+00 ; 2.100e+00 ; 1.9959000e+01 ; 2.2500000e+02 
3.500e+01 ; 4.000e+00 ; 2.100e+00 ; 1.9967000e+01 ; 2.2500000e+02 
3.500e+01 ; 4.000e+00 ; 2.100e+00 ; 1.9983000e+01 ; 2.2500000e+02 
3.500e+01 ; 4.000e+00 ; 2.100e+00 ; 2.0015000e+01 ; 2.2500000e+02 
3.500e+01 ; 4.000e+00 ; 2.100e+00 ; 2.0079000e+01 ; 2.2500000e+02 
3.500e+01 ; 4.000e+00 ; 2.100e+00 ; 2.0207000e+01 ; 2.2500000e+02 
3.500e+01 ; 4.000e+00 ; 2.100e+00 ; 2.0463000e+01 ; 2.2500000e+02 
3.500e+01 ; 4.000e+00 ; 2.100e+00 ; 2.0900000e+01 ; 2.2500000e+02 
3.500e+01 ; 4.000e+00 ; 2.100e+00 ; 2.0900000e+01 ; 2.2500000e+02 
3.500e+01 ; 4.000e+00 ; 2.100e+00 ; 2.0901000e+01 ; 2.2500000e+02 
3.500e+01 ; 4.000e+00 ; 2.100e+00 ; 2.0902000e+01 ; 2.2500000e+02 
3.500e+01 ; 4.000e+00 ; 2.100e+00 ; 2.0903000e+01 ; 2.2500000e+02 
3.500e+01 ; 4.000e+00 ; 2.100e+00 ; 2.0905000e+01 ; 2.2500000e+02 
3.500e+01 ; 4.000e+00 ; 2.100e+00 ; 2.0909000e+01 ; 2.2500000e+02 
3.500e+01 ; 4.000e+00 ; 2.100e+00 ; 2.0917000e+01 ; 2.2500000e+02 
3.500e+01 ; 4.000e+00 ; 2.100e+00 ; 2.0933000e+01 ; 2.2500000e+02 
3.500e+01 ; 4.000e+00 ; 2.100e+00 ; 2.0965000e+01 ; 2.2500000e+02 
3.500e+01 ; 4.000e+00 ; 2.100e+00 ; 2.1029000e+01 ; 2.2500000e+02 
3.500e+01 ; 4.000e+00 ; 2.100e+00 ; 2.1157000e+01 ; 2.2500000e+02 
3.500e+01 ; 4.000e+00 ; 2.100e+00 ; 2.1413000e+01 ; 2.2500000e+02 
3.500e+01 ; 4.000e+00 ; 2.100e+00 ; 2.1850000e+01 ; 2.2500000e+02 
3.500e+01 ; 4.000e+00 ; 2.100e+00 ; 2.1850000e+01 ; 2.2500000e+02 
3.500e+01 ; 4.000e+00 ; 2.100e+00 ; 2.1851000e+01 ; 2.2500000e+02 
3.500e+01 ; 4.000e+00 ; 2.100e+00 ; 2.1852000e+01 ; 2.2500000e+02 
3.500e+01 ; 4.000e+00 ; 2.100e+00 ; 2.1853000e+01 ; 2.2500000e+02 
3.500e+01 ; 4.000e+00 ; 2.100e+00 ; 2.1855000e+01 ; 2.2500000e+02 
3.500e+01 ; 4.000e+00 ; 2.100e+00 ; 2.1859000e+01 ; 2.2500000e+02 
3.500e+01 ; 4.000e+00 ; 2.100e+00 ; 2.1867000e+01 ; 2.2500000e+02 
3.500e+01 ; 4.000e+00 ; 2.100e+00 ; 2.1883000e+01 ; 2.2500000e+02 
3.500e+01 ; 4.000e+00 ; 2.100e+00 ; 2.1915000e+01 ; 2.2500000e+02 
3.500e+01 ; 4.000e+00 ; 2.100e+00 ; 2.1979000e+01 ; 2.2500000e+02 
3.500e+01 ; 4.000e+00 ; 2.100e+00 ; 2.2107000e+01 ; 2.2500000e+02 
3.500e+01 ; 4.000e+00 ; 2.100e+00 ; 2.2363000e+01 ; 2.2500000e+02 
3.500e+01 ; 4.000e+00 ; 2.100e+00 ; 2.2800000e+01 ; 2.2500000e+02 
3.500e+01 ; 4.000e+00 ; 2.100e+00 ; 2.2800000e+01 ; 2.2500000e+02 
3.500e+01 ; 4.000e+00 ; 2.100e+00 ; 2.2801000e+01 ; 2.2500000e+02 
3.500e+01 ; 4.000e+00 ; 2.100e+00 ; 2.2802000e+01 ; 2.2500000e+02 
3.500e+01 ; 4.000e+00 ; 2.100e+00 ; 2.2803000e+01 ; 2.2500000e+02 
3.500e+01 ; 4.000e+00 ; 2.100e+00 ; 2.2805000e+01 ; 2.2500000e+02 
3.500e+01 ; 4.000e+00 ; 2.100e+00 ; 2.2809000e+01 ; 2.2500000e+02 
3.500e+01 ; 4.000e+00 ; 2.100e+00 ; 2.2817000e+01 ; 2.2500000e+02 
3.500e+01 ; 4.000e+00 ; 2.100e+00 ; 2.2833000e+01 ; 2.2500000e+02 
3.500e+01 ; 4.000e+00 ; 2.100e+00 ; 2.2865000e+01 ; 2.2500000e+02 
3.500e+01 ; 4.000e+00 ; 2.100e+00 ; 2.2929000e+01 ; 2.2500000e+02 
3.500e+01 ; 4.000e+00 ; 2.100e+00 ; 2.3057000e+01 ; 2.2500000e+02 
3.500e+01 ; 4.000e+00 ; 2.100e+00 ; 2.3313000e+01 ; 2.2500000e+02 
3.500e+01 ; 4.000e+00 ; 2.100e+00 ; 2.3750000e+01 ; 2.2500000e+02 
3.500e+01 ; 4.000e+00 ; 2.100e+00 ; 2.3750000e+01 ; 2.2500000e+02 
3.500e+01 ; 4.000e+00 ; 2.100e+00 ; 2.3751000e+01 ; 2.2500000e+02 
3.500e+01 ; 4.000e+00 ; 2.100e+00 ; 2.3752000e+01 ; 2.2500000e+02 
3.500e+01 ; 4.000e+00 ; 2.100e+00 ; 2.3753000e+01 ; 2.2500000e+02 
3.500e+01 ; 4.000e+00 ; 2.100e+00 ; 2.3755000e+01 ; 2.2500000e+02 
3.500e+01 ; 4.000e+00 ; 2.100e+00 ; 2.3759000e+01 ; 2.2500000e+02 
3.500e+01 ; 4.000e+00 ; 2.100e+00 ; 2.3767000e+01 ; 2.2500000e+02 
3.500e+01 ; 4.000e+00 ; 2.100e+00 ; 2.3783000e+01 ; 2.2500000e+02 
3.500e+01 ; 4.000e+00 ; 2.100e+00 ; 2.3815000e+01 ; 2.2500000e+02 
3.500e+01 ; 4.000e+00 ; 2.100e+00 ; 2.3879000e+01 ; 2.2500000e+02 
3.500e+01 ; 4.000e+00 ; 2.100e+00 ; 2.4007000e+01 ; 2.2500000e+02 
3.500e+01 ; 4.000e+00 ; 2.100e+00 ; 2.4263000e+01 ; 2.2500000e+02 
3.500e+01 ; 4.000e+00 ; 2.100e+00 ; 2.4700000e+01 ; 2.2500000e+02 
3.500e+01 ; 4.000e+00 ; 2.100e+00 ; 2.4700000e+01 ; 2.2500000e+02 
3.500e+01 ; 4.000e+00 ; 2.100e+00 ; 2.4701000e+01 ; 2.2500000e+02 
3.500e+01 ; 4.000e+00 ; 2.100e+00 ; 2.4702000e+01 ; 2.2500000e+02 
3.500e+01 ; 4.000e+00 ; 2.100e+00 ; 2.4703000e+01 ; 2.2500000e+02 
3.500e+01 ; 4.000e+00 ; 2.100e+00 ; 2.4705000e+01 ; 2.2500000e+02 
3.500e+01 ; 4.000e+00 ; 2.100e+00 ; 2.4709000e+01 ; 2.2500000e+02 
3.500e+01 ; 4.000e+00 ; 2.100e+00 ; 2.4717000e+01 ; 2.2500000e+02 
3.500e+01 ; 4.000e+00 ; 2.100e+00 ; 2.4733000e+01 ; 2.2500000e+02 
3.500e+01 ; 4.000e+00 ; 2.100e+00 ; 2.4765000e+01 ; 2.2500000e+02 
3.500e+01 ; 4.000e+00 ; 2.100e+00 ; 2.4829000e+01 ; 2.2500000e+02 
3.500e+01 ; 4.000e+00 ; 2.100e+00 ; 2.4957000e+01 ; 2.2500000e+02 
3.500e+01 ; 4.000e+00 ; 2.100e+00 ; 2.5213000e+01 ; 2.2500000e+02 
3.500e+01 ; 4.000e+00 ; 2.100e+00 ; 2.5650000e+01 ; 2.2500000e+02 
3.500e+01 ; 4.000e+00 ; 2.100e+00 ; 2.5650000e+01 ; 2.2500000e+02 
3.500e+01 ; 4.000e+00 ; 2.100e+00 ; 2.5651000e+01 ; 2.2500000e+02 
3.500e+01 ; 4.000e+00 ; 2.100e+00 ; 2.5652000e+01 ; 2.2500000e+02 
3.500e+01 ; 4.000e+00 ; 2.100e+00 ; 2.5653000e+01 ; 2.2500000e+02 
3.500e+01 ; 4.000e+00 ; 2.100e+00 ; 2.5655000e+01 ; 2.2500000e+02 
3.500e+01 ; 4.000e+00 ; 2.100e+00 ; 2.5659000e+01 ; 2.2500000e+02 
3.500e+01 ; 4.000e+00 ; 2.100e+00 ; 2.5667000e+01 ; 2.2500000e+02 
3.500e+01 ; 4.000e+00 ; 2.100e+00 ; 2.5683000e+01 ; 2.2500000e+02 
3.500e+01 ; 4.000e+00 ; 2.100e+00 ; 2.5715000e+01 ; 2.2500000e+02 
3.500e+01 ; 4.000e+00 ; 2.100e+00 ; 2.5779000e+01 ; 2.2500000e+02 
3.500e+01 ; 4.000e+00 ; 2.100e+00 ; 2.5907000e+01 ; 2.2500000e+02 
3.500e+01 ; 4.000e+00 ; 2.100e+00 ; 2.6163000e+01 ; 2.2500000e+02 
3.500e+01 ; 4.000e+00 ; 2.100e+00 ; 2.6600000e+01 ; 2.2500000e+02 
3.500e+01 ; 4.000e+00 ; 2.100e+00 ; 2.6600000e+01 ; 2.2500000e+02 
3.500e+01 ; 4.000e+00 ; 2.100e+00 ; 2.6601000e+01 ; 2.2500000e+02 
3.500e+01 ; 4.000e+00 ; 2.100e+00 ; 2.6602000e+01 ; 2.2500000e+02 
3.500e+01 ; 4.000e+00 ; 2.100e+00 ; 2.6603000e+01 ; 2.2500000e+02 
3.500e+01 ; 4.000e+00 ; 2.100e+00 ; 2.6605000e+01 ; 2.2500000e+02 
3.500e+01 ; 4.000e+00 ; 2.100e+00 ; 2.6609000e+01 ; 2.2500000e+02 
3.500e+01 ; 4.000e+00 ; 2.100e+00 ; 2.6617000e+01 ; 2.2500000e+02 
3.500e+01 ; 4.000e+00 ; 2.100e+00 ; 2.6633000e+01 ; 2.2500000e+02 
3.500e+01 ; 4.000e+00 ; 2.100e+00 ; 2.6665000e+01 ; 2.2500000e+02 
3.500e+01 ; 4.000e+00 ; 2.100e+00 ; 2.6729000e+01 ; 2.2500000e+02 
3.500e+01 ; 4.000e+00 ; 2.100e+00 ; 2.6857000e+01 ; 2.2500000e+02 
3.500e+01 ; 4.000e+00 ; 2.100e+00 ; 2.7113000e+01 ; 2.2500000e+02 
3.500e+01 ; 4.000e+00 ; 2.100e+00 ; 2.7550000e+01 ; 2.2500000e+02 
3.500e+01 ; 4.000e+00 ; 2.100e+00 ; 2.7550000e+01 ; 2.2500000e+02 
3.500e+01 ; 4.000e+00 ; 2.100e+00 ; 2.7551000e+01 ; 2.2500000e+02 
3.500e+01 ; 4.000e+00 ; 2.100e+00 ; 2.7552000e+01 ; 2.2500000e+02 
3.500e+01 ; 4.000e+00 ; 2.100e+00 ; 2.7553000e+01 ; 2.2500000e+02 
3.500e+01 ; 4.000e+00 ; 2.100e+00 ; 2.7555000e+01 ; 2.2500000e+02 
3.500e+01 ; 4.000e+00 ; 2.100e+00 ; 2.7559000e+01 ; 2.2500000e+02 
3.500e+01 ; 4.000e+00 ; 2.100e+00 ; 2.7567000e+01 ; 2.2500000e+02 
3.500e+01 ; 4.000e+00 ; 2.100e+00 ; 2.7583000e+01 ; 2.2500000e+02 
3.500e+01 ; 4.000e+00 ; 2.100e+00 ; 2.7615000e+01 ; 2.2500000e+02 
3.500e+01 ; 4.000e+00 ; 2.100e+00 ; 2.7679000e+01 ; 2.2500000e+02 
3.500e+01 ; 4.000e+00 ; 2.100e+00 ; 2.7807000e+01 ; 2.2500000e+02 
3.500e+01 ; 4.000e+00 ; 2.100e+00 ; 2.8063000e+01 ; 2.2500000e+02 
3.500e+01 ; 4.000e+00 ; 2.100e+00 ; 2.8500000e+01 ; 2.2500000e+02 
3.500e+01 ; 4.000e+00 ; 2.100e+00 ; 2.8500000e+01 ; 2.2500000e+02 
3.500e+01 ; 4.000e+00 ; 2.100e+00 ; 2.8501000e+01 ; 2.2500000e+02 
3.500e+01 ; 4.000e+00 ; 2.100e+00 ; 2.8502000e+01 ; 2.2500000e+02 
3.500e+01 ; 4.000e+00 ; 2.100e+00 ; 2.8503000e+01 ; 2.2500000e+02 
3.500e+01 ; 4.000e+00 ; 2.100e+00 ; 2.8505000e+01 ; 2.2500000e+02 
3.500e+01 ; 4.000e+00 ; 2.100e+00 ; 2.8509000e+01 ; 2.2500000e+02 
3.500e+01 ; 4.000e+00 ; 2.100e+00 ; 2.8517000e+01 ; 2.2500000e+02 
3.500e+01 ; 4.000e+00 ; 2.100e+00 ; 2.8533000e+01 ; 2.2500000e+02 
3.500e+01 ; 4.000e+00 ; 2.100e+00 ; 2.8565000e+01 ; 2.2500000e+02 
3.500e+01 ; 4.000e+00 ; 2.100e+00 ; 2.8629000e+01 ; 2.2500000e+02 
3.500e+01 ; 4.000e+00 ; 2.100e+00 ; 2.8757000e+01 ; 2.2500000e+02 
3.500e+01 ; 4.000e+00 ; 2.100e+00 ; 2.9013000e+01 ; 2.2500000e+02 
3.500e+01 ; 4.000e+00 ; 2.100e+00 ; 2.9450000e+01 ; 2.2500000e+02 
3.500e+01 ; 4.000e+00 ; 2.100e+00 ; 2.9450000e+01 ; 2.2500000e+02 
3.500e+01 ; 4.000e+00 ; 2.100e+00 ; 2.9451000e+01 ; 2.2500000e+02 
3.500e+01 ; 4.000e+00 ; 2.100e+00 ; 2.9452000e+01 ; 2.2500000e+02 
3.500e+01 ; 4.000e+00 ; 2.100e+00 ; 2.9453000e+01 ; 2.2500000e+02 
3.500e+01 ; 4.000e+00 ; 2.100e+00 ; 2.9455000e+01 ; 2.2500000e+02 
3.500e+01 ; 4.000e+00 ; 2.100e+00 ; 2.9459000e+01 ; 2.2500000e+02 
3.500e+01 ; 4.000e+00 ; 2.100e+00 ; 2.9467000e+01 ; 2.2500000e+02 
3.500e+01 ; 4.000e+00 ; 2.100e+00 ; 2.9483000e+01 ; 2.2500000e+02 
3.500e+01 ; 4.000e+00 ; 2.100e+00 ; 2.9515000e+01 ; 2.2500000e+02 
3.500e+01 ; 4.000e+00 ; 2.100e+00 ; 2.9579000e+01 ; 2.2500000e+02 
3.500e+01 ; 4.000e+00 ; 2.100e+00 ; 2.9707000e+01 ; 2.2500000e+02 
3.500e+01 ; 4.000e+00 ; 2.100e+00 ; 2.9963000e+01 ; 2.2500000e+02 
3.500e+01 ; 4.000e+00 ; 2.100e+00 ; 3.0400000e+01 ; 2.2500000e+02 
3.500e+01 ; 4.000e+00 ; 2.100e+00 ; 3.0400000e+01 ; 2.2500000e+02 
3.500e+01 ; 4.000e+00 ; 2.100e+00 ; 3.0401000e+01 ; 2.2500000e+02 
3.500e+01 ; 4.000e+00 ; 2.100e+00 ; 3.0402000e+01 ; 2.2500000e+02 
3.500e+01 ; 4.000e+00 ; 2.100e+00 ; 3.0403000e+01 ; 2.2500000e+02 
3.500e+01 ; 4.000e+00 ; 2.100e+00 ; 3.0405000e+01 ; 2.2500000e+02 
3.500e+01 ; 4.000e+00 ; 2.100e+00 ; 3.0409000e+01 ; 2.2500000e+02 
3.500e+01 ; 4.000e+00 ; 2.100e+00 ; 3.0417000e+01 ; 2.2500000e+02 
3.500e+01 ; 4.000e+00 ; 2.100e+00 ; 3.0433000e+01 ; 2.2500000e+02 
3.500e+01 ; 4.000e+00 ; 2.100e+00 ; 3.0465000e+01 ; 2.2500000e+02 
3.500e+01 ; 4.000e+00 ; 2.100e+00 ; 3.0529000e+01 ; 2.2500000e+02 
3.500e+01 ; 4.000e+00 ; 2.100e+00 ; 3.0657000e+01 ; 2.2500000e+02 
3.500e+01 ; 4.000e+00 ; 2.100e+00 ; 3.0913000e+01 ; 2.2500000e+02 
3.500e+01 ; 4.000e+00 ; 2.100e+00 ; 3.1350000e+01 ; 2.2500000e+02 
3.500e+01 ; 4.000e+00 ; 2.100e+00 ; 3.1350000e+01 ; 2.2500000e+02 
3.500e+01 ; 4.000e+00 ; 2.100e+00 ; 3.1351000e+01 ; 2.2500000e+02 
3.500e+01 ; 4.000e+00 ; 2.100e+00 ; 3.1352000e+01 ; 2.2500000e+02 
3.500e+01 ; 4.000e+00 ; 2.100e+00 ; 3.1353000e+01 ; 2.2500000e+02 
3.500e+01 ; 4.000e+00 ; 2.100e+00 ; 3.1355000e+01 ; 2.2500000e+02 
3.500e+01 ; 4.000e+00 ; 2.100e+00 ; 3.1359000e+01 ; 2.2500000e+02 
3.500e+01 ; 4.000e+00 ; 2.100e+00 ; 3.1367000e+01 ; 2.2500000e+02 
3.500e+01 ; 4.000e+00 ; 2.100e+00 ; 3.1383000e+01 ; 2.2500000e+02 
3.500e+01 ; 4.000e+00 ; 2.100e+00 ; 3.1415000e+01 ; 2.2500000e+02 
3.500e+01 ; 4.000e+00 ; 2.100e+00 ; 3.1479000e+01 ; 2.2500000e+02 
3.500e+01 ; 4.000e+00 ; 2.100e+00 ; 3.1607000e+01 ; 2.2500000e+02 
3.500e+01 ; 4.000e+00 ; 2.100e+00 ; 3.1863000e+01 ; 2.2500000e+02 
3.500e+01 ; 4.000e+00 ; 2.100e+00 ; 3.2300000e+01 ; 2.2500000e+02 
3.500e+01 ; 4.000e+00 ; 2.100e+00 ; 3.2300000e+01 ; 2.2500000e+02 
3.500e+01 ; 4.000e+00 ; 2.100e+00 ; 3.2301000e+01 ; 2.2500000e+02 
3.500e+01 ; 4.000e+00 ; 2.100e+00 ; 3.2302000e+01 ; 2.2500000e+02 
3.500e+01 ; 4.000e+00 ; 2.100e+00 ; 3.2303000e+01 ; 2.2500000e+02 
3.500e+01 ; 4.000e+00 ; 2.100e+00 ; 3.2305000e+01 ; 2.2500000e+02 
3.500e+01 ; 4.000e+00 ; 2.100e+00 ; 3.2309000e+01 ; 2.2500000e+02 
3.500e+01 ; 4.000e+00 ; 2.100e+00 ; 3.2317000e+01 ; 2.2500000e+02 
3.500e+01 ; 4.000e+00 ; 2.100e+00 ; 3.2333000e+01 ; 2.2500000e+02 
3.500e+01 ; 4.000e+00 ; 2.100e+00 ; 3.2365000e+01 ; 2.2500000e+02 
3.500e+01 ; 4.000e+00 ; 2.100e+00 ; 3.2429000e+01 ; 2.2500000e+02 
3.500e+01 ; 4.000e+00 ; 2.100e+00 ; 3.2557000e+01 ; 2.2500000e+02 
3.500e+01 ; 4.000e+00 ; 2.100e+00 ; 3.2813000e+01 ; 2.2500000e+02 
3.500e+01 ; 4.000e+00 ; 2.100e+00 ; 3.3250000e+01 ; 2.2500000e+02 
3.500e+01 ; 4.000e+00 ; 2.100e+00 ; 3.3250000e+01 ; 2.2500000e+02 
3.500e+01 ; 4.000e+00 ; 2.100e+00 ; 3.3251000e+01 ; 2.2489011e+02 
3.500e+01 ; 4.000e+00 ; 2.100e+00 ; 3.3252000e+01 ; 2.2478030e+02 
3.500e+01 ; 4.000e+00 ; 2.100e+00 ; 3.3253000e+01 ; 2.2467058e+02 
3.500e+01 ; 4.000e+00 ; 2.100e+00 ; 3.3255000e+01 ; 2.2445146e+02 
3.500e+01 ; 4.000e+00 ; 2.100e+00 ; 3.3259000e+01 ; 2.2401459e+02 
3.500e+01 ; 4.000e+00 ; 2.100e+00 ; 3.3267000e+01 ; 2.2314618e+02 
3.500e+01 ; 4.000e+00 ; 2.100e+00 ; 3.3283000e+01 ; 2.2143054e+02 
3.500e+01 ; 4.000e+00 ; 2.100e+00 ; 3.3315000e+01 ; 2.1808195e+02 
3.500e+01 ; 4.000e+00 ; 2.100e+00 ; 3.3379000e+01 ; 2.1170096e+02 
3.500e+01 ; 4.000e+00 ; 2.100e+00 ; 3.3507000e+01 ; 2.0009422e+02 
3.500e+01 ; 4.000e+00 ; 2.100e+00 ; 3.3763000e+01 ; 1.8075072e+02 
3.500e+01 ; 4.000e+00 ; 2.100e+00 ; 3.4200000e+01 ; 1.5613412e+02 
3.500e+01 ; 4.000e+00 ; 2.100e+00 ; 3.4200000e+01 ; 1.5613412e+02 
3.500e+01 ; 4.000e+00 ; 2.100e+00 ; 3.4201000e+01 ; 1.5607784e+02 
3.500e+01 ; 4.000e+00 ; 2.100e+00 ; 3.4202000e+01 ; 1.5602159e+02 
3.500e+01 ; 4.000e+00 ; 2.100e+00 ; 3.4203000e+01 ; 1.5596539e+02 
3.500e+01 ; 4.000e+00 ; 2.100e+00 ; 3.4205000e+01 ; 1.5585320e+02 
3.500e+01 ; 4.000e+00 ; 2.100e+00 ; 3.4209000e+01 ; 1.5562958e+02 
3.500e+01 ; 4.000e+00 ; 2.100e+00 ; 3.4217000e+01 ; 1.5518541e+02 
3.500e+01 ; 4.000e+00 ; 2.100e+00 ; 3.4233000e+01 ; 1.5430908e+02 
3.500e+01 ; 4.000e+00 ; 2.100e+00 ; 3.4265000e+01 ; 1.5260284e+02 
3.500e+01 ; 4.000e+00 ; 2.100e+00 ; 3.4329000e+01 ; 1.4936391e+02 
3.500e+01 ; 4.000e+00 ; 2.100e+00 ; 3.4457000e+01 ; 1.4349983e+02 
3.500e+01 ; 4.000e+00 ; 2.100e+00 ; 3.4713000e+01 ; 1.3375027e+02 
3.500e+01 ; 4.000e+00 ; 2.100e+00 ; 3.5150000e+01 ; 1.2128001e+02 
3.500e+01 ; 4.000e+00 ; 2.100e+00 ; 3.5150000e+01 ; 1.2128001e+02 
3.500e+01 ; 4.000e+00 ; 2.100e+00 ; 3.5151000e+01 ; 1.2125149e+02 
3.500e+01 ; 4.000e+00 ; 2.100e+00 ; 3.5152000e+01 ; 1.2122299e+02 
3.500e+01 ; 4.000e+00 ; 2.100e+00 ; 3.5153000e+01 ; 1.2119452e+02 
3.500e+01 ; 4.000e+00 ; 2.100e+00 ; 3.5155000e+01 ; 1.2113766e+02 
3.500e+01 ; 4.000e+00 ; 2.100e+00 ; 3.5159000e+01 ; 1.2102428e+02 
3.500e+01 ; 4.000e+00 ; 2.100e+00 ; 3.5167000e+01 ; 1.2079889e+02 
3.500e+01 ; 4.000e+00 ; 2.100e+00 ; 3.5183000e+01 ; 1.2035350e+02 
3.500e+01 ; 4.000e+00 ; 2.100e+00 ; 3.5215000e+01 ; 1.1948379e+02 
3.500e+01 ; 4.000e+00 ; 2.100e+00 ; 3.5279000e+01 ; 1.1782472e+02 
3.500e+01 ; 4.000e+00 ; 2.100e+00 ; 3.5407000e+01 ; 1.1479922e+02 
3.500e+01 ; 4.000e+00 ; 2.100e+00 ; 3.5663000e+01 ; 1.0972294e+02 
3.500e+01 ; 4.000e+00 ; 2.100e+00 ; 3.6100000e+01 ; 1.0315927e+02 
3.500e+01 ; 4.000e+00 ; 2.100e+00 ; 3.6100000e+01 ; 1.0315927e+02 
3.500e+01 ; 4.000e+00 ; 2.100e+00 ; 3.6101000e+01 ; 1.0314426e+02 
3.500e+01 ; 4.000e+00 ; 2.100e+00 ; 3.6102000e+01 ; 1.0312926e+02 
3.500e+01 ; 4.000e+00 ; 2.100e+00 ; 3.6103000e+01 ; 1.0311427e+02 
3.500e+01 ; 4.000e+00 ; 2.100e+00 ; 3.6105000e+01 ; 1.0308434e+02 
3.500e+01 ; 4.000e+00 ; 2.100e+00 ; 3.6109000e+01 ; 1.0302466e+02 
3.500e+01 ; 4.000e+00 ; 2.100e+00 ; 3.6117000e+01 ; 1.0290598e+02 
3.500e+01 ; 4.000e+00 ; 2.100e+00 ; 3.6133000e+01 ; 1.0267135e+02 
3.500e+01 ; 4.000e+00 ; 2.100e+00 ; 3.6165000e+01 ; 1.0221275e+02 
3.500e+01 ; 4.000e+00 ; 2.100e+00 ; 3.6229000e+01 ; 1.0133590e+02 
3.500e+01 ; 4.000e+00 ; 2.100e+00 ; 3.6357000e+01 ; 9.9727776e+01 
3.500e+01 ; 4.000e+00 ; 2.100e+00 ; 3.6613000e+01 ; 9.6990974e+01 
3.500e+01 ; 4.000e+00 ; 2.100e+00 ; 3.7050000e+01 ; 9.3349510e+01 
3.500e+01 ; 4.000e+00 ; 2.100e+00 ; 3.7050000e+01 ; 9.3349510e+01 
3.500e+01 ; 4.000e+00 ; 2.100e+00 ; 3.7051000e+01 ; 9.3341187e+01 
3.500e+01 ; 4.000e+00 ; 2.100e+00 ; 3.7052000e+01 ; 9.3332863e+01 
3.500e+01 ; 4.000e+00 ; 2.100e+00 ; 3.7053000e+01 ; 9.3324547e+01 
3.500e+01 ; 4.000e+00 ; 2.100e+00 ; 3.7055000e+01 ; 9.3307938e+01 
3.500e+01 ; 4.000e+00 ; 2.100e+00 ; 3.7059000e+01 ; 9.3274796e+01 
3.500e+01 ; 4.000e+00 ; 2.100e+00 ; 3.7067000e+01 ; 9.3208862e+01 
3.500e+01 ; 4.000e+00 ; 2.100e+00 ; 3.7083000e+01 ; 9.3078331e+01 
3.500e+01 ; 4.000e+00 ; 2.100e+00 ; 3.7115000e+01 ; 9.2822510e+01 
3.500e+01 ; 4.000e+00 ; 2.100e+00 ; 3.7179000e+01 ; 9.2330811e+01 
3.500e+01 ; 4.000e+00 ; 2.100e+00 ; 3.7307000e+01 ; 9.1419754e+01 
3.500e+01 ; 4.000e+00 ; 2.100e+00 ; 3.7563000e+01 ; 8.9838760e+01 
3.500e+01 ; 4.000e+00 ; 2.100e+00 ; 3.8000000e+01 ; 8.7667824e+01 
3.500e+01 ; 4.000e+00 ; 2.100e+00 ; 3.8000000e+01 ; 8.7667824e+01 
3.500e+01 ; 4.000e+00 ; 2.100e+00 ; 3.8001000e+01 ; 8.7662857e+01 
3.500e+01 ; 4.000e+00 ; 2.100e+00 ; 3.8002000e+01 ; 8.7657898e+01 
3.500e+01 ; 4.000e+00 ; 2.100e+00 ; 3.8003000e+01 ; 8.7652939e+01 
3.500e+01 ; 4.000e+00 ; 2.100e+00 ; 3.8005000e+01 ; 8.7643028e+01 
3.500e+01 ; 4.000e+00 ; 2.100e+00 ; 3.8009000e+01 ; 8.7623253e+01 
3.500e+01 ; 4.000e+00 ; 2.100e+00 ; 3.8017000e+01 ; 8.7583885e+01 
3.500e+01 ; 4.000e+00 ; 2.100e+00 ; 3.8033000e+01 ; 8.7505836e+01 
3.500e+01 ; 4.000e+00 ; 2.100e+00 ; 3.8065000e+01 ; 8.7352432e+01 
3.500e+01 ; 4.000e+00 ; 2.100e+00 ; 3.8129000e+01 ; 8.7055908e+01 
3.500e+01 ; 4.000e+00 ; 2.100e+00 ; 3.8257000e+01 ; 8.6500473e+01 
3.500e+01 ; 4.000e+00 ; 2.100e+00 ; 3.8513000e+01 ; 8.5516609e+01 
3.500e+01 ; 4.000e+00 ; 2.100e+00 ; 3.8950000e+01 ; 8.4121323e+01 
3.500e+01 ; 4.000e+00 ; 2.100e+00 ; 3.8950000e+01 ; 8.4121323e+01 
3.500e+01 ; 4.000e+00 ; 2.100e+00 ; 3.8951000e+01 ; 8.4118134e+01 
3.500e+01 ; 4.000e+00 ; 2.100e+00 ; 3.8952000e+01 ; 8.4114944e+01 
3.500e+01 ; 4.000e+00 ; 2.100e+00 ; 3.8953000e+01 ; 8.4111755e+01 
3.500e+01 ; 4.000e+00 ; 2.100e+00 ; 3.8955000e+01 ; 8.4105385e+01 
3.500e+01 ; 4.000e+00 ; 2.100e+00 ; 3.8959000e+01 ; 8.4092667e+01 
3.500e+01 ; 4.000e+00 ; 2.100e+00 ; 3.8967000e+01 ; 8.4067322e+01 
3.500e+01 ; 4.000e+00 ; 2.100e+00 ; 3.8983000e+01 ; 8.4017014e+01 
3.500e+01 ; 4.000e+00 ; 2.100e+00 ; 3.9015000e+01 ; 8.3917847e+01 
3.500e+01 ; 4.000e+00 ; 2.100e+00 ; 3.9079000e+01 ; 8.3725098e+01 
3.500e+01 ; 4.000e+00 ; 2.100e+00 ; 3.9207000e+01 ; 8.3360184e+01 
3.500e+01 ; 4.000e+00 ; 2.100e+00 ; 3.9463000e+01 ; 8.2700905e+01 
3.500e+01 ; 4.000e+00 ; 2.100e+00 ; 3.9899999e+01 ; 8.1737244e+01 
3.500e+01 ; 4.000e+00 ; 2.100e+00 ; 3.9899999e+01 ; 8.1737244e+01 
3.500e+01 ; 4.000e+00 ; 2.100e+00 ; 3.9900999e+01 ; 8.1735046e+01 
3.500e+01 ; 4.000e+00 ; 2.100e+00 ; 3.9901999e+01 ; 8.1732841e+01 
3.500e+01 ; 4.000e+00 ; 2.100e+00 ; 3.9902999e+01 ; 8.1730637e+01 
3.500e+01 ; 4.000e+00 ; 2.100e+00 ; 3.9904999e+01 ; 8.1726234e+01 
3.500e+01 ; 4.000e+00 ; 2.100e+00 ; 3.9908999e+01 ; 8.1717445e+01 
3.500e+01 ; 4.000e+00 ; 2.100e+00 ; 3.9917000e+01 ; 8.1699921e+01 
3.500e+01 ; 4.000e+00 ; 2.100e+00 ; 3.9932999e+01 ; 8.1665077e+01 
3.500e+01 ; 4.000e+00 ; 2.100e+00 ; 3.9964999e+01 ; 8.1596230e+01 
3.500e+01 ; 4.000e+00 ; 2.100e+00 ; 4.0028999e+01 ; 8.1461731e+01 
3.500e+01 ; 4.000e+00 ; 2.100e+00 ; 4.0156999e+01 ; 8.1204666e+01 
3.500e+01 ; 4.000e+00 ; 2.100e+00 ; 4.0413000e+01 ; 8.0732063e+01 
3.500e+01 ; 4.000e+00 ; 2.100e+00 ; 4.0849999e+01 ; 8.0022949e+01 
3.500e+01 ; 4.000e+00 ; 2.100e+00 ; 4.0849999e+01 ; 8.0022949e+01 
3.500e+01 ; 4.000e+00 ; 2.100e+00 ; 4.0850999e+01 ; 8.0021324e+01 
3.500e+01 ; 4.000e+00 ; 2.100e+00 ; 4.0851999e+01 ; 8.0019707e+01 
3.500e+01 ; 4.000e+00 ; 2.100e+00 ; 4.0852999e+01 ; 8.0018082e+01 
3.500e+01 ; 4.000e+00 ; 2.100e+00 ; 4.0854999e+01 ; 8.0014847e+01 
3.500e+01 ; 4.000e+00 ; 2.100e+00 ; 4.0858999e+01 ; 8.0008369e+01 
3.500e+01 ; 4.000e+00 ; 2.100e+00 ; 4.0866999e+01 ; 7.9995461e+01 
3.500e+01 ; 4.000e+00 ; 2.100e+00 ; 4.0882999e+01 ; 7.9969765e+01 
3.500e+01 ; 4.000e+00 ; 2.100e+00 ; 4.0914999e+01 ; 7.9918877e+01 
3.500e+01 ; 4.000e+00 ; 2.100e+00 ; 4.0978999e+01 ; 7.9819054e+01 
3.500e+01 ; 4.000e+00 ; 2.100e+00 ; 4.1106999e+01 ; 7.9626747e+01 
3.500e+01 ; 4.000e+00 ; 2.100e+00 ; 4.1362999e+01 ; 7.9268059e+01 
3.500e+01 ; 4.000e+00 ; 2.100e+00 ; 4.1799999e+01 ; 7.8718346e+01 
3.500e+01 ; 4.000e+00 ; 2.100e+00 ; 4.1799999e+01 ; 7.8718346e+01 
3.500e+01 ; 4.000e+00 ; 2.100e+00 ; 4.1800999e+01 ; 7.8717087e+01 
3.500e+01 ; 4.000e+00 ; 2.100e+00 ; 4.1801999e+01 ; 7.8715828e+01 
3.500e+01 ; 4.000e+00 ; 2.100e+00 ; 4.1802999e+01 ; 7.8714569e+01 
3.500e+01 ; 4.000e+00 ; 2.100e+00 ; 4.1804999e+01 ; 7.8712059e+01 
3.500e+01 ; 4.000e+00 ; 2.100e+00 ; 4.1808999e+01 ; 7.8707039e+01 
3.500e+01 ; 4.000e+00 ; 2.100e+00 ; 4.1816999e+01 ; 7.8697021e+01 
3.500e+01 ; 4.000e+00 ; 2.100e+00 ; 4.1832999e+01 ; 7.8677063e+01 
3.500e+01 ; 4.000e+00 ; 2.100e+00 ; 4.1864999e+01 ; 7.8637482e+01 
3.500e+01 ; 4.000e+00 ; 2.100e+00 ; 4.1928999e+01 ; 7.8559570e+01 
3.500e+01 ; 4.000e+00 ; 2.100e+00 ; 4.2056999e+01 ; 7.8408531e+01 
3.500e+01 ; 4.000e+00 ; 2.100e+00 ; 4.2312999e+01 ; 7.8123642e+01 
3.500e+01 ; 4.000e+00 ; 2.100e+00 ; 4.2749999e+01 ; 7.7679802e+01 
3.500e+01 ; 4.000e+00 ; 2.100e+00 ; 4.2749999e+01 ; 7.7679802e+01 
3.500e+01 ; 4.000e+00 ; 2.100e+00 ; 4.2750999e+01 ; 7.7678787e+01 
3.500e+01 ; 4.000e+00 ; 2.100e+00 ; 4.2751999e+01 ; 7.7677773e+01 
3.500e+01 ; 4.000e+00 ; 2.100e+00 ; 4.2752999e+01 ; 7.7676758e+01 
3.500e+01 ; 4.000e+00 ; 2.100e+00 ; 4.2754999e+01 ; 7.7674728e+01 
3.500e+01 ; 4.000e+00 ; 2.100e+00 ; 4.2758999e+01 ; 7.7670677e+01 
3.500e+01 ; 4.000e+00 ; 2.100e+00 ; 4.2766999e+01 ; 7.7662582e+01 
3.500e+01 ; 4.000e+00 ; 2.100e+00 ; 4.2782999e+01 ; 7.7646446e+01 
3.500e+01 ; 4.000e+00 ; 2.100e+00 ; 4.2814999e+01 ; 7.7614403e+01 
3.500e+01 ; 4.000e+00 ; 2.100e+00 ; 4.2878999e+01 ; 7.7551178e+01 
3.500e+01 ; 4.000e+00 ; 2.100e+00 ; 4.3006999e+01 ; 7.7428017e+01 
3.500e+01 ; 4.000e+00 ; 2.100e+00 ; 4.3262999e+01 ; 7.7193733e+01 
3.500e+01 ; 4.000e+00 ; 2.100e+00 ; 4.3699999e+01 ; 7.6824234e+01 
3.500e+01 ; 4.000e+00 ; 2.100e+00 ; 4.3699999e+01 ; 7.6824234e+01 
3.500e+01 ; 4.000e+00 ; 2.100e+00 ; 4.3700999e+01 ; 7.6823387e+01 
3.500e+01 ; 4.000e+00 ; 2.100e+00 ; 4.3701999e+01 ; 7.6822548e+01 
3.500e+01 ; 4.000e+00 ; 2.100e+00 ; 4.3702999e+01 ; 7.6821701e+01 
3.500e+01 ; 4.000e+00 ; 2.100e+00 ; 4.3704999e+01 ; 7.6820007e+01 
3.500e+01 ; 4.000e+00 ; 2.100e+00 ; 4.3708999e+01 ; 7.6816635e+01 
3.500e+01 ; 4.000e+00 ; 2.100e+00 ; 4.3716999e+01 ; 7.6809891e+01 
3.500e+01 ; 4.000e+00 ; 2.100e+00 ; 4.3732999e+01 ; 7.6796448e+01 
3.500e+01 ; 4.000e+00 ; 2.100e+00 ; 4.3764999e+01 ; 7.6769714e+01 
3.500e+01 ; 4.000e+00 ; 2.100e+00 ; 4.3828999e+01 ; 7.6716881e+01 
3.500e+01 ; 4.000e+00 ; 2.100e+00 ; 4.3956999e+01 ; 7.6613602e+01 
3.500e+01 ; 4.000e+00 ; 2.100e+00 ; 4.4212999e+01 ; 7.6415901e+01 
3.500e+01 ; 4.000e+00 ; 2.100e+00 ; 4.4649999e+01 ; 7.6101341e+01 
3.500e+01 ; 4.000e+00 ; 2.100e+00 ; 4.4649999e+01 ; 7.6101341e+01 
3.500e+01 ; 4.000e+00 ; 2.100e+00 ; 4.4650999e+01 ; 7.6100616e+01 
3.500e+01 ; 4.000e+00 ; 2.100e+00 ; 4.4651999e+01 ; 7.6099899e+01 
3.500e+01 ; 4.000e+00 ; 2.100e+00 ; 4.4652999e+01 ; 7.6099182e+01 
3.500e+01 ; 4.000e+00 ; 2.100e+00 ; 4.4654999e+01 ; 7.6097740e+01 
3.500e+01 ; 4.000e+00 ; 2.100e+00 ; 4.4658999e+01 ; 7.6094864e+01 
3.500e+01 ; 4.000e+00 ; 2.100e+00 ; 4.4666999e+01 ; 7.6089127e+01 
3.500e+01 ; 4.000e+00 ; 2.100e+00 ; 4.4682999e+01 ; 7.6077667e+01 
3.500e+01 ; 4.000e+00 ; 2.100e+00 ; 4.4714999e+01 ; 7.6054886e+01 
3.500e+01 ; 4.000e+00 ; 2.100e+00 ; 4.4778999e+01 ; 7.6009781e+01 
3.500e+01 ; 4.000e+00 ; 2.100e+00 ; 4.4906999e+01 ; 7.5921410e+01 
3.500e+01 ; 4.000e+00 ; 2.100e+00 ; 4.5162999e+01 ; 7.5751595e+01 
3.500e+01 ; 4.000e+00 ; 2.100e+00 ; 4.5599999e+01 ; 7.5480385e+01 
3.500e+01 ; 4.000e+00 ; 2.100e+00 ; 4.5599999e+01 ; 7.5480385e+01 
3.500e+01 ; 4.000e+00 ; 2.100e+00 ; 4.5600999e+01 ; 7.5479767e+01 
3.500e+01 ; 4.000e+00 ; 2.100e+00 ; 4.5601999e+01 ; 7.5479141e+01 
3.500e+01 ; 4.000e+00 ; 2.100e+00 ; 4.5602999e+01 ; 7.5478523e+01 
3.500e+01 ; 4.000e+00 ; 2.100e+00 ; 4.5604999e+01 ; 7.5477287e+01 
3.500e+01 ; 4.000e+00 ; 2.100e+00 ; 4.5608999e+01 ; 7.5474808e+01 
3.500e+01 ; 4.000e+00 ; 2.100e+00 ; 4.5616999e+01 ; 7.5469856e+01 
3.500e+01 ; 4.000e+00 ; 2.100e+00 ; 4.5632999e+01 ; 7.5459976e+01 
3.500e+01 ; 4.000e+00 ; 2.100e+00 ; 4.5664999e+01 ; 7.5440323e+01 
3.500e+01 ; 4.000e+00 ; 2.100e+00 ; 4.5728999e+01 ; 7.5401428e+01 
3.500e+01 ; 4.000e+00 ; 2.100e+00 ; 4.5856999e+01 ; 7.5325417e+01 
3.500e+01 ; 4.000e+00 ; 2.100e+00 ; 4.6112999e+01 ; 7.5181221e+01 
3.500e+01 ; 4.000e+00 ; 2.100e+00 ; 4.6549999e+01 ; 7.4959793e+01 
3.500e+01 ; 4.000e+00 ; 2.100e+00 ; 4.6549999e+01 ; 7.4959793e+01 
3.500e+01 ; 4.000e+00 ; 2.100e+00 ; 4.6550999e+01 ; 7.4959290e+01 
3.500e+01 ; 4.000e+00 ; 2.100e+00 ; 4.6551999e+01 ; 7.4958786e+01 
3.500e+01 ; 4.000e+00 ; 2.100e+00 ; 4.6552999e+01 ; 7.4958275e+01 
3.500e+01 ; 4.000e+00 ; 2.100e+00 ; 4.6554999e+01 ; 7.4957268e+01 
3.500e+01 ; 4.000e+00 ; 2.100e+00 ; 4.6558999e+01 ; 7.4955254e+01 
3.500e+01 ; 4.000e+00 ; 2.100e+00 ; 4.6566999e+01 ; 7.4951233e+01 
3.500e+01 ; 4.000e+00 ; 2.100e+00 ; 4.6582999e+01 ; 7.4943283e+01 
3.500e+01 ; 4.000e+00 ; 2.100e+00 ; 4.6614999e+01 ; 7.4927704e+01 
3.500e+01 ; 4.000e+00 ; 2.100e+00 ; 4.6678999e+01 ; 7.4898048e+01 
3.500e+01 ; 4.000e+00 ; 2.100e+00 ; 4.6806999e+01 ; 7.4845619e+01 
3.500e+01 ; 4.000e+00 ; 2.100e+00 ; 4.7062999e+01 ; 7.4770470e+01 
3.500e+01 ; 4.000e+00 ; 2.100e+00 ; 4.7499999e+01 ; 7.4718636e+01 
3.500e+01 ; 4.000e+00 ; 2.100e+00 ; 4.7499999e+01 ; 7.4718636e+01 
3.500e+01 ; 4.000e+00 ; 2.100e+00 ; 4.7500999e+01 ; 7.4722008e+01 
3.500e+01 ; 4.000e+00 ; 2.100e+00 ; 4.7501999e+01 ; 7.4725410e+01 
3.500e+01 ; 4.000e+00 ; 2.100e+00 ; 4.7502999e+01 ; 7.4728828e+01 
3.500e+01 ; 4.000e+00 ; 2.100e+00 ; 4.7504999e+01 ; 7.4735764e+01 
3.500e+01 ; 4.000e+00 ; 2.100e+00 ; 4.7508999e+01 ; 7.4749985e+01 
3.500e+01 ; 4.000e+00 ; 2.100e+00 ; 4.7516999e+01 ; 7.4779831e+01 
3.500e+01 ; 4.000e+00 ; 2.100e+00 ; 4.7532999e+01 ; 7.4844910e+01 
3.500e+01 ; 4.000e+00 ; 2.100e+00 ; 4.7564999e+01 ; 7.4994766e+01 
3.500e+01 ; 4.000e+00 ; 2.100e+00 ; 4.7628999e+01 ; 7.5360420e+01 
3.500e+01 ; 4.000e+00 ; 2.100e+00 ; 4.7756999e+01 ; 7.6272926e+01 
3.500e+01 ; 4.000e+00 ; 2.100e+00 ; 4.8012999e+01 ; 7.8390656e+01 
3.500e+01 ; 4.000e+00 ; 2.100e+00 ; 4.8449999e+01 ; 8.1778908e+01 
3.500e+01 ; 4.000e+00 ; 2.100e+00 ; 4.8449999e+01 ; 8.1778908e+01 
3.500e+01 ; 4.000e+00 ; 2.100e+00 ; 4.8450999e+01 ; 8.1789459e+01 
3.500e+01 ; 4.000e+00 ; 2.100e+00 ; 4.8451999e+01 ; 8.1800011e+01 
3.500e+01 ; 4.000e+00 ; 2.100e+00 ; 4.8452999e+01 ; 8.1810562e+01 
3.500e+01 ; 4.000e+00 ; 2.100e+00 ; 4.8454999e+01 ; 8.1831688e+01 
3.500e+01 ; 4.000e+00 ; 2.100e+00 ; 4.8458999e+01 ; 8.1873985e+01 
3.500e+01 ; 4.000e+00 ; 2.100e+00 ; 4.8466999e+01 ; 8.1958755e+01 
3.500e+01 ; 4.000e+00 ; 2.100e+00 ; 4.8482999e+01 ; 8.2128960e+01 
3.500e+01 ; 4.000e+00 ; 2.100e+00 ; 4.8514999e+01 ; 8.2471321e+01 
3.500e+01 ; 4.000e+00 ; 2.100e+00 ; 4.8578999e+01 ; 8.3159195e+01 
3.500e+01 ; 4.000e+00 ; 2.100e+00 ; 4.8706999e+01 ; 8.4517815e+01 
3.500e+01 ; 4.000e+00 ; 2.100e+00 ; 4.8962999e+01 ; 8.7018097e+01 
3.500e+01 ; 4.000e+00 ; 2.100e+00 ; 4.9399999e+01 ; 9.0335548e+01 
3.500e+01 ; 4.000e+00 ; 2.100e+00 ; 4.9399999e+01 ; 9.0335548e+01 
3.500e+01 ; 4.000e+00 ; 2.100e+00 ; 4.9400999e+01 ; 9.0343132e+01 
3.500e+01 ; 4.000e+00 ; 2.100e+00 ; 4.9401999e+01 ; 9.0350700e+01 
3.500e+01 ; 4.000e+00 ; 2.100e+00 ; 4.9402999e+01 ; 9.0358261e+01 
3.500e+01 ; 4.000e+00 ; 2.100e+00 ; 4.9404999e+01 ; 9.0373329e+01 
3.500e+01 ; 4.000e+00 ; 2.100e+00 ; 4.9408999e+01 ; 9.0403305e+01 
3.500e+01 ; 4.000e+00 ; 2.100e+00 ; 4.9416999e+01 ; 9.0462578e+01 
3.500e+01 ; 4.000e+00 ; 2.100e+00 ; 4.9432999e+01 ; 9.0578430e+01 
3.500e+01 ; 4.000e+00 ; 2.100e+00 ; 4.9464999e+01 ; 9.0799767e+01 
3.500e+01 ; 4.000e+00 ; 2.100e+00 ; 4.9528999e+01 ; 9.1203720e+01 
3.500e+01 ; 4.000e+00 ; 2.100e+00 ; 4.9656999e+01 ; 9.1876137e+01 
3.500e+01 ; 4.000e+00 ; 2.100e+00 ; 4.9912999e+01 ; 9.2800888e+01 
3.500e+01 ; 4.000e+00 ; 2.100e+00 ; 5.0349999e+01 ; 9.3567085e+01 
3.500e+01 ; 4.000e+00 ; 2.100e+00 ; 5.0349999e+01 ; 9.3567085e+01 
3.500e+01 ; 4.000e+00 ; 2.100e+00 ; 5.0350999e+01 ; 9.3568832e+01 
3.500e+01 ; 4.000e+00 ; 2.100e+00 ; 5.0351999e+01 ; 9.3570580e+01 
3.500e+01 ; 4.000e+00 ; 2.100e+00 ; 5.0352999e+01 ; 9.3572319e+01 
3.500e+01 ; 4.000e+00 ; 2.100e+00 ; 5.0354999e+01 ; 9.3575783e+01 
3.500e+01 ; 4.000e+00 ; 2.100e+00 ; 5.0358999e+01 ; 9.3582642e+01 
3.500e+01 ; 4.000e+00 ; 2.100e+00 ; 5.0366999e+01 ; 9.3596100e+01 
3.500e+01 ; 4.000e+00 ; 2.100e+00 ; 5.0382999e+01 ; 9.3621956e+01 
3.500e+01 ; 4.000e+00 ; 2.100e+00 ; 5.0414999e+01 ; 9.3669617e+01 
3.500e+01 ; 4.000e+00 ; 2.100e+00 ; 5.0478999e+01 ; 9.3749802e+01 
3.500e+01 ; 4.000e+00 ; 2.100e+00 ; 5.0606999e+01 ; 9.3857338e+01 
3.500e+01 ; 4.000e+00 ; 2.100e+00 ; 5.0862999e+01 ; 9.3910385e+01 
3.500e+01 ; 4.000e+00 ; 2.100e+00 ; 5.1299999e+01 ; 9.3698021e+01 
3.500e+01 ; 4.000e+00 ; 2.100e+00 ; 5.1299999e+01 ; 9.3698021e+01 
3.500e+01 ; 4.000e+00 ; 2.100e+00 ; 5.1300999e+01 ; 9.3697533e+01 
3.500e+01 ; 4.000e+00 ; 2.100e+00 ; 5.1301999e+01 ; 9.3697044e+01 
3.500e+01 ; 4.000e+00 ; 2.100e+00 ; 5.1302999e+01 ; 9.3696556e+01 
3.500e+01 ; 4.000e+00 ; 2.100e+00 ; 5.1304999e+01 ; 9.3695564e+01 
3.500e+01 ; 4.000e+00 ; 2.100e+00 ; 5.1308999e+01 ; 9.3693565e+01 
3.500e+01 ; 4.000e+00 ; 2.100e+00 ; 5.1316999e+01 ; 9.3689468e+01 
3.500e+01 ; 4.000e+00 ; 2.100e+00 ; 5.1332999e+01 ; 9.3680878e+01 
3.500e+01 ; 4.000e+00 ; 2.100e+00 ; 5.1364999e+01 ; 9.3662201e+01 
3.500e+01 ; 4.000e+00 ; 2.100e+00 ; 5.1428999e+01 ; 9.3619331e+01 
3.500e+01 ; 4.000e+00 ; 2.100e+00 ; 5.1556999e+01 ; 9.3514786e+01 
3.500e+01 ; 4.000e+00 ; 2.100e+00 ; 5.1812999e+01 ; 9.3250839e+01 
3.500e+01 ; 4.000e+00 ; 2.100e+00 ; 5.2249999e+01 ; 9.2708687e+01 
3.500e+01 ; 4.000e+00 ; 2.100e+00 ; 5.2249999e+01 ; 9.2708687e+01 
3.500e+01 ; 4.000e+00 ; 2.100e+00 ; 5.2250999e+01 ; 9.2707451e+01 
3.500e+01 ; 4.000e+00 ; 2.100e+00 ; 5.2251999e+01 ; 9.2706207e+01 
3.500e+01 ; 4.000e+00 ; 2.100e+00 ; 5.2252999e+01 ; 9.2704964e+01 
3.500e+01 ; 4.000e+00 ; 2.100e+00 ; 5.2254999e+01 ; 9.2702477e+01 
3.500e+01 ; 4.000e+00 ; 2.100e+00 ; 5.2258999e+01 ; 9.2697502e+01 
3.500e+01 ; 4.000e+00 ; 2.100e+00 ; 5.2266999e+01 ; 9.2687508e+01 
3.500e+01 ; 4.000e+00 ; 2.100e+00 ; 5.2282999e+01 ; 9.2667419e+01 
3.500e+01 ; 4.000e+00 ; 2.100e+00 ; 5.2314999e+01 ; 9.2626793e+01 
3.500e+01 ; 4.000e+00 ; 2.100e+00 ; 5.2378999e+01 ; 9.2543961e+01 
3.500e+01 ; 4.000e+00 ; 2.100e+00 ; 5.2506999e+01 ; 9.2373329e+01 
3.500e+01 ; 4.000e+00 ; 2.100e+00 ; 5.2762999e+01 ; 9.2020103e+01 
3.500e+01 ; 4.000e+00 ; 2.100e+00 ; 5.3199999e+01 ; 9.1408257e+01 
3.500e+01 ; 4.000e+00 ; 2.100e+00 ; 5.3199999e+01 ; 9.1408257e+01 
3.500e+01 ; 4.000e+00 ; 2.100e+00 ; 5.3200999e+01 ; 9.1406860e+01 
3.500e+01 ; 4.000e+00 ; 2.100e+00 ; 5.3201999e+01 ; 9.1405457e+01 
3.500e+01 ; 4.000e+00 ; 2.100e+00 ; 5.3202999e+01 ; 9.1404060e+01 
3.500e+01 ; 4.000e+00 ; 2.100e+00 ; 5.3204999e+01 ; 9.1401260e+01 
3.500e+01 ; 4.000e+00 ; 2.100e+00 ; 5.3208999e+01 ; 9.1395653e+01 
3.500e+01 ; 4.000e+00 ; 2.100e+00 ; 5.3216999e+01 ; 9.1384445e+01 
3.500e+01 ; 4.000e+00 ; 2.100e+00 ; 5.3232999e+01 ; 9.1362022e+01 
3.500e+01 ; 4.000e+00 ; 2.100e+00 ; 5.3264999e+01 ; 9.1317154e+01 
3.500e+01 ; 4.000e+00 ; 2.100e+00 ; 5.3328999e+01 ; 9.1227364e+01 
3.500e+01 ; 4.000e+00 ; 2.100e+00 ; 5.3456999e+01 ; 9.1048088e+01 
3.500e+01 ; 4.000e+00 ; 2.100e+00 ; 5.3712999e+01 ; 9.0693619e+01 
3.500e+01 ; 4.000e+00 ; 2.100e+00 ; 5.4149999e+01 ; 9.0108887e+01 
3.500e+01 ; 4.000e+00 ; 2.100e+00 ; 5.4149999e+01 ; 9.0108887e+01 
3.500e+01 ; 4.000e+00 ; 2.100e+00 ; 5.4150999e+01 ; 9.0107552e+01 
3.500e+01 ; 4.000e+00 ; 2.100e+00 ; 5.4151999e+01 ; 9.0106209e+01 
3.500e+01 ; 4.000e+00 ; 2.100e+00 ; 5.4152999e+01 ; 9.0104874e+01 
3.500e+01 ; 4.000e+00 ; 2.100e+00 ; 5.4154999e+01 ; 9.0102196e+01 
3.500e+01 ; 4.000e+00 ; 2.100e+00 ; 5.4158999e+01 ; 9.0096848e+01 
3.500e+01 ; 4.000e+00 ; 2.100e+00 ; 5.4166999e+01 ; 9.0086159e+01 
3.500e+01 ; 4.000e+00 ; 2.100e+00 ; 5.4182999e+01 ; 9.0064812e+01 
3.500e+01 ; 4.000e+00 ; 2.100e+00 ; 5.4214999e+01 ; 9.0022224e+01 
3.500e+01 ; 4.000e+00 ; 2.100e+00 ; 5.4278999e+01 ; 8.9937531e+01 
3.500e+01 ; 4.000e+00 ; 2.100e+00 ; 5.4406999e+01 ; 8.9770226e+01 
3.500e+01 ; 4.000e+00 ; 2.100e+00 ; 5.4662999e+01 ; 8.9444702e+01 
3.500e+01 ; 4.000e+00 ; 2.100e+00 ; 5.5099999e+01 ; 8.8917061e+01 
3.500e+01 ; 4.000e+00 ; 2.100e+00 ; 5.5099999e+01 ; 8.8917061e+01 
3.500e+01 ; 4.000e+00 ; 2.100e+00 ; 5.5100999e+01 ; 8.8915855e+01 
3.500e+01 ; 4.000e+00 ; 2.100e+00 ; 5.5101999e+01 ; 8.8914650e+01 
3.500e+01 ; 4.000e+00 ; 2.100e+00 ; 5.5102999e+01 ; 8.8913437e+01 
3.500e+01 ; 4.000e+00 ; 2.100e+00 ; 5.5104999e+01 ; 8.8911026e+01 
3.500e+01 ; 4.000e+00 ; 2.100e+00 ; 5.5108999e+01 ; 8.8906204e+01 
3.500e+01 ; 4.000e+00 ; 2.100e+00 ; 5.5116999e+01 ; 8.8896561e+01 
3.500e+01 ; 4.000e+00 ; 2.100e+00 ; 5.5132999e+01 ; 8.8877319e+01 
3.500e+01 ; 4.000e+00 ; 2.100e+00 ; 5.5164999e+01 ; 8.8838989e+01 
3.500e+01 ; 4.000e+00 ; 2.100e+00 ; 5.5228999e+01 ; 8.8762939e+01 
3.500e+01 ; 4.000e+00 ; 2.100e+00 ; 5.5356999e+01 ; 8.8613289e+01 
3.500e+01 ; 4.000e+00 ; 2.100e+00 ; 5.5612999e+01 ; 8.8323753e+01 
3.500e+01 ; 4.000e+00 ; 2.100e+00 ; 5.6049999e+01 ; 8.7857063e+01 
3.500e+01 ; 4.000e+00 ; 2.100e+00 ; 5.6049999e+01 ; 8.7857063e+01 
3.500e+01 ; 4.000e+00 ; 2.100e+00 ; 5.6050999e+01 ; 8.7855995e+01 
3.500e+01 ; 4.000e+00 ; 2.100e+00 ; 5.6051999e+01 ; 8.7854927e+01 
3.500e+01 ; 4.000e+00 ; 2.100e+00 ; 5.6052999e+01 ; 8.7853859e+01 
3.500e+01 ; 4.000e+00 ; 2.100e+00 ; 5.6054999e+01 ; 8.7851730e+01 
3.500e+01 ; 4.000e+00 ; 2.100e+00 ; 5.6058999e+01 ; 8.7847458e+01 
3.500e+01 ; 4.000e+00 ; 2.100e+00 ; 5.6066999e+01 ; 8.7838936e+01 
3.500e+01 ; 4.000e+00 ; 2.100e+00 ; 5.6082999e+01 ; 8.7821930e+01 
3.500e+01 ; 4.000e+00 ; 2.100e+00 ; 5.6114999e+01 ; 8.7788055e+01 
3.500e+01 ; 4.000e+00 ; 2.100e+00 ; 5.6178999e+01 ; 8.7720886e+01 
3.500e+01 ; 4.000e+00 ; 2.100e+00 ; 5.6306999e+01 ; 8.7588867e+01 
3.500e+01 ; 4.000e+00 ; 2.100e+00 ; 5.6562999e+01 ; 8.7333755e+01 
3.500e+01 ; 4.000e+00 ; 2.100e+00 ; 5.6999999e+01 ; 8.6922699e+01 
3.500e+01 ; 4.000e+00 ; 2.100e+00 ; 5.6999999e+01 ; 8.6922699e+01 
3.500e+01 ; 4.000e+00 ; 2.100e+00 ; 5.7000999e+01 ; 8.6921761e+01 
3.500e+01 ; 4.000e+00 ; 2.100e+00 ; 5.7001999e+01 ; 8.6920815e+01 
3.500e+01 ; 4.000e+00 ; 2.100e+00 ; 5.7002999e+01 ; 8.6919876e+01 
3.500e+01 ; 4.000e+00 ; 2.100e+00 ; 5.7004999e+01 ; 8.6917999e+01 
3.500e+01 ; 4.000e+00 ; 2.100e+00 ; 5.7008999e+01 ; 8.6914238e+01 
3.500e+01 ; 4.000e+00 ; 2.100e+00 ; 5.7016999e+01 ; 8.6906731e+01 
3.500e+01 ; 4.000e+00 ; 2.100e+00 ; 5.7032999e+01 ; 8.6891747e+01 
3.500e+01 ; 4.000e+00 ; 2.100e+00 ; 5.7064999e+01 ; 8.6861916e+01 
3.500e+01 ; 4.000e+00 ; 2.100e+00 ; 5.7128999e+01 ; 8.6802757e+01 
3.500e+01 ; 4.000e+00 ; 2.100e+00 ; 5.7256999e+01 ; 8.6686447e+01 
3.500e+01 ; 4.000e+00 ; 2.100e+00 ; 5.7512999e+01 ; 8.6461540e+01 
3.500e+01 ; 4.000e+00 ; 2.100e+00 ; 5.7949999e+01 ; 8.6098412e+01 
3.500e+01 ; 4.000e+00 ; 2.100e+00 ; 5.7949999e+01 ; 8.6098412e+01 
3.500e+01 ; 4.000e+00 ; 2.100e+00 ; 5.7950999e+01 ; 8.6097580e+01 
3.500e+01 ; 4.000e+00 ; 2.100e+00 ; 5.7951999e+01 ; 8.6096748e+01 
3.500e+01 ; 4.000e+00 ; 2.100e+00 ; 5.7952999e+01 ; 8.6095917e+01 
3.500e+01 ; 4.000e+00 ; 2.100e+00 ; 5.7954999e+01 ; 8.6094261e+01 
3.500e+01 ; 4.000e+00 ; 2.100e+00 ; 5.7958999e+01 ; 8.6090935e+01 
3.500e+01 ; 4.000e+00 ; 2.100e+00 ; 5.7966999e+01 ; 8.6084305e+01 
3.500e+01 ; 4.000e+00 ; 2.100e+00 ; 5.7982999e+01 ; 8.6071068e+01 
3.500e+01 ; 4.000e+00 ; 2.100e+00 ; 5.8014999e+01 ; 8.6044701e+01 
3.500e+01 ; 4.000e+00 ; 2.100e+00 ; 5.8078999e+01 ; 8.5992409e+01 
3.500e+01 ; 4.000e+00 ; 2.100e+00 ; 5.8206999e+01 ; 8.5889519e+01 
3.500e+01 ; 4.000e+00 ; 2.100e+00 ; 5.8462999e+01 ; 8.5690239e+01 
3.500e+01 ; 4.000e+00 ; 2.100e+00 ; 5.8899999e+01 ; 8.5367592e+01 
3.500e+01 ; 4.000e+00 ; 2.100e+00 ; 5.8899999e+01 ; 8.5367592e+01 
3.500e+01 ; 4.000e+00 ; 2.100e+00 ; 5.8900999e+01 ; 8.5366852e+01 
3.500e+01 ; 4.000e+00 ; 2.100e+00 ; 5.8901999e+01 ; 8.5366112e+01 
3.500e+01 ; 4.000e+00 ; 2.100e+00 ; 5.8902999e+01 ; 8.5365372e+01 
3.500e+01 ; 4.000e+00 ; 2.100e+00 ; 5.8904999e+01 ; 8.5363899e+01 
3.500e+01 ; 4.000e+00 ; 2.100e+00 ; 5.8908999e+01 ; 8.5360947e+01 
3.500e+01 ; 4.000e+00 ; 2.100e+00 ; 5.8916999e+01 ; 8.5355057e+01 
3.500e+01 ; 4.000e+00 ; 2.100e+00 ; 5.8932999e+01 ; 8.5343292e+01 
3.500e+01 ; 4.000e+00 ; 2.100e+00 ; 5.8964999e+01 ; 8.5319855e+01 
3.500e+01 ; 4.000e+00 ; 2.100e+00 ; 5.9028999e+01 ; 8.5273346e+01 
3.500e+01 ; 4.000e+00 ; 2.100e+00 ; 5.9156999e+01 ; 8.5181770e+01 
3.500e+01 ; 4.000e+00 ; 2.100e+00 ; 5.9412999e+01 ; 8.5004189e+01 
3.500e+01 ; 4.000e+00 ; 2.100e+00 ; 5.9849999e+01 ; 8.4716530e+01 
3.500e+01 ; 4.000e+00 ; 2.100e+00 ; 5.9849999e+01 ; 8.4716530e+01 
3.500e+01 ; 4.000e+00 ; 2.100e+00 ; 5.9850999e+01 ; 8.4715874e+01 
3.500e+01 ; 4.000e+00 ; 2.100e+00 ; 5.9851999e+01 ; 8.4715210e+01 
3.500e+01 ; 4.000e+00 ; 2.100e+00 ; 5.9852999e+01 ; 8.4714554e+01 
3.500e+01 ; 4.000e+00 ; 2.100e+00 ; 5.9854999e+01 ; 8.4713242e+01 
3.500e+01 ; 4.000e+00 ; 2.100e+00 ; 5.9858999e+01 ; 8.4710609e+01 
3.500e+01 ; 4.000e+00 ; 2.100e+00 ; 5.9866999e+01 ; 8.4705353e+01 
3.500e+01 ; 4.000e+00 ; 2.100e+00 ; 5.9882999e+01 ; 8.4694862e+01 
3.500e+01 ; 4.000e+00 ; 2.100e+00 ; 5.9914999e+01 ; 8.4673973e+01 
3.500e+01 ; 4.000e+00 ; 2.100e+00 ; 5.9978999e+01 ; 8.4632523e+01 
3.500e+01 ; 4.000e+00 ; 2.100e+00 ; 6.0106999e+01 ; 8.4551048e+01 
3.500e+01 ; 4.000e+00 ; 2.100e+00 ; 6.0362999e+01 ; 8.4394333e+01 
3.500e+01 ; 4.000e+00 ; 2.100e+00 ; 6.0799999e+01 ; 8.4146858e+01 
3.500e+01 ; 4.000e+00 ; 2.100e+00 ; 6.0799999e+01 ; 8.4146858e+01 
3.500e+01 ; 4.000e+00 ; 2.100e+00 ; 6.0800999e+01 ; 8.4146294e+01 
3.500e+01 ; 4.000e+00 ; 2.100e+00 ; 6.0801999e+01 ; 8.4145729e+01 
3.500e+01 ; 4.000e+00 ; 2.100e+00 ; 6.0802999e+01 ; 8.4145164e+01 
3.500e+01 ; 4.000e+00 ; 2.100e+00 ; 6.0804999e+01 ; 8.4144035e+01 
3.500e+01 ; 4.000e+00 ; 2.100e+00 ; 6.0808999e+01 ; 8.4141785e+01 
3.500e+01 ; 4.000e+00 ; 2.100e+00 ; 6.0816999e+01 ; 8.4137299e+01 
3.500e+01 ; 4.000e+00 ; 2.100e+00 ; 6.0832999e+01 ; 8.4128418e+01 
3.500e+01 ; 4.000e+00 ; 2.100e+00 ; 6.0864999e+01 ; 8.4111076e+01 
3.500e+01 ; 4.000e+00 ; 2.100e+00 ; 6.0928999e+01 ; 8.4078293e+01 
3.500e+01 ; 4.000e+00 ; 2.100e+00 ; 6.1056999e+01 ; 8.4021637e+01 
3.500e+01 ; 4.000e+00 ; 2.100e+00 ; 6.1312999e+01 ; 8.3946350e+01 
3.500e+01 ; 4.000e+00 ; 2.100e+00 ; 6.1749999e+01 ; 8.3910759e+01 
3.500e+01 ; 4.000e+00 ; 2.100e+00 ; 6.1749999e+01 ; 8.3910759e+01 
3.500e+01 ; 4.000e+00 ; 2.100e+00 ; 6.1750999e+01 ; 8.3910675e+01 
3.500e+01 ; 4.000e+00 ; 2.100e+00 ; 6.1751999e+01 ; 8.3910599e+01 
3.500e+01 ; 4.000e+00 ; 2.100e+00 ; 6.1752999e+01 ; 8.3910522e+01 
3.500e+01 ; 4.000e+00 ; 2.100e+00 ; 6.1754999e+01 ; 8.3910362e+01 
3.500e+01 ; 4.000e+00 ; 2.100e+00 ; 6.1758999e+01 ; 8.3910072e+01 
3.500e+01 ; 4.000e+00 ; 2.100e+00 ; 6.1766999e+01 ; 8.3909554e+01 
3.500e+01 ; 4.000e+00 ; 2.100e+00 ; 6.1782999e+01 ; 8.3908775e+01 
3.500e+01 ; 4.000e+00 ; 2.100e+00 ; 6.1814999e+01 ; 8.3908318e+01 
3.500e+01 ; 4.000e+00 ; 2.100e+00 ; 6.1878999e+01 ; 8.3912071e+01 
3.500e+01 ; 4.000e+00 ; 2.100e+00 ; 6.2006999e+01 ; 8.3939438e+01 
3.500e+01 ; 4.000e+00 ; 2.100e+00 ; 6.2262999e+01 ; 8.4069794e+01 
3.500e+01 ; 4.000e+00 ; 2.100e+00 ; 6.2699999e+01 ; 8.4450447e+01 
3.500e+01 ; 4.000e+00 ; 2.100e+00 ; 6.2699999e+01 ; 8.4450447e+01 
3.500e+01 ; 4.000e+00 ; 2.100e+00 ; 6.2700999e+01 ; 8.4451324e+01 
3.500e+01 ; 4.000e+00 ; 2.100e+00 ; 6.2701999e+01 ; 8.4452194e+01 
3.500e+01 ; 4.000e+00 ; 2.100e+00 ; 6.2702999e+01 ; 8.4453072e+01 
3.500e+01 ; 4.000e+00 ; 2.100e+00 ; 6.2704999e+01 ; 8.4454826e+01 
3.500e+01 ; 4.000e+00 ; 2.100e+00 ; 6.2708999e+01 ; 8.4458359e+01 
3.500e+01 ; 4.000e+00 ; 2.100e+00 ; 6.2716999e+01 ; 8.4465500e+01 
3.500e+01 ; 4.000e+00 ; 2.100e+00 ; 6.2732999e+01 ; 8.4480118e+01 
3.500e+01 ; 4.000e+00 ; 2.100e+00 ; 6.2764999e+01 ; 8.4510689e+01 
3.500e+01 ; 4.000e+00 ; 2.100e+00 ; 6.2828999e+01 ; 8.4577187e+01 
3.500e+01 ; 4.000e+00 ; 2.100e+00 ; 6.2956999e+01 ; 8.4730759e+01 
3.500e+01 ; 4.000e+00 ; 2.100e+00 ; 6.3212999e+01 ; 8.5106033e+01 
3.500e+01 ; 4.000e+00 ; 2.100e+00 ; 6.3649999e+01 ; 8.5858162e+01 
3.500e+01 ; 4.000e+00 ; 2.100e+00 ; 6.3649999e+01 ; 8.5858162e+01 
3.500e+01 ; 4.000e+00 ; 2.100e+00 ; 6.3650999e+01 ; 8.5859886e+01 
3.500e+01 ; 4.000e+00 ; 2.100e+00 ; 6.3651999e+01 ; 8.5861610e+01 
3.500e+01 ; 4.000e+00 ; 2.100e+00 ; 6.3652999e+01 ; 8.5863335e+01 
3.500e+01 ; 4.000e+00 ; 2.100e+00 ; 6.3654999e+01 ; 8.5866783e+01 
3.500e+01 ; 4.000e+00 ; 2.100e+00 ; 6.3658999e+01 ; 8.5873695e+01 
3.500e+01 ; 4.000e+00 ; 2.100e+00 ; 6.3666999e+01 ; 8.5887566e+01 
3.500e+01 ; 4.000e+00 ; 2.100e+00 ; 6.3682999e+01 ; 8.5915489e+01 
3.500e+01 ; 4.000e+00 ; 2.100e+00 ; 6.3714999e+01 ; 8.5972015e+01 
3.500e+01 ; 4.000e+00 ; 2.100e+00 ; 6.3778999e+01 ; 8.6087463e+01 
3.500e+01 ; 4.000e+00 ; 2.100e+00 ; 6.3906999e+01 ; 8.6325439e+01 
3.500e+01 ; 4.000e+00 ; 2.100e+00 ; 6.4162999e+01 ; 8.6812851e+01 
3.500e+01 ; 4.000e+00 ; 2.100e+00 ; 6.4599999e+01 ; 8.7618233e+01 
3.500e+01 ; 4.000e+00 ; 2.100e+00 ; 6.4599999e+01 ; 8.7618233e+01 
3.500e+01 ; 4.000e+00 ; 2.100e+00 ; 6.4600999e+01 ; 8.7620079e+01 
3.500e+01 ; 4.000e+00 ; 2.100e+00 ; 6.4601999e+01 ; 8.7621918e+01 
3.500e+01 ; 4.000e+00 ; 2.100e+00 ; 6.4602999e+01 ; 8.7623764e+01 
3.500e+01 ; 4.000e+00 ; 2.100e+00 ; 6.4604999e+01 ; 8.7627449e+01 
3.500e+01 ; 4.000e+00 ; 2.100e+00 ; 6.4608999e+01 ; 8.7634811e+01 
3.500e+01 ; 4.000e+00 ; 2.100e+00 ; 6.4616999e+01 ; 8.7649536e+01 
3.500e+01 ; 4.000e+00 ; 2.100e+00 ; 6.4632999e+01 ; 8.7678940e+01 
3.500e+01 ; 4.000e+00 ; 2.100e+00 ; 6.4664999e+01 ; 8.7737526e+01 
3.500e+01 ; 4.000e+00 ; 2.100e+00 ; 6.4728999e+01 ; 8.7853622e+01 
3.500e+01 ; 4.000e+00 ; 2.100e+00 ; 6.4856999e+01 ; 8.8079941e+01 
3.500e+01 ; 4.000e+00 ; 2.100e+00 ; 6.5112999e+01 ; 8.8501450e+01 
3.500e+01 ; 4.000e+00 ; 2.100e+00 ; 6.5549999e+01 ; 8.9115181e+01 
3.500e+01 ; 4.000e+00 ; 2.100e+00 ; 6.5549999e+01 ; 8.9115181e+01 
3.500e+01 ; 4.000e+00 ; 2.100e+00 ; 6.5550999e+01 ; 8.9116585e+01 
3.500e+01 ; 4.000e+00 ; 2.100e+00 ; 6.5551999e+01 ; 8.9117989e+01 
3.500e+01 ; 4.000e+00 ; 2.100e+00 ; 6.5552999e+01 ; 8.9119385e+01 
3.500e+01 ; 4.000e+00 ; 2.100e+00 ; 6.5554999e+01 ; 8.9122192e+01 
3.500e+01 ; 4.000e+00 ; 2.100e+00 ; 6.5558999e+01 ; 8.9127792e+01 
3.500e+01 ; 4.000e+00 ; 2.100e+00 ; 6.5566999e+01 ; 8.9138947e+01 
3.500e+01 ; 4.000e+00 ; 2.100e+00 ; 6.5582999e+01 ; 8.9161125e+01 
3.500e+01 ; 4.000e+00 ; 2.100e+00 ; 6.5614999e+01 ; 8.9204903e+01 
3.500e+01 ; 4.000e+00 ; 2.100e+00 ; 6.5678999e+01 ; 8.9290108e+01 
3.500e+01 ; 4.000e+00 ; 2.100e+00 ; 6.5806999e+01 ; 8.9451050e+01 
3.500e+01 ; 4.000e+00 ; 2.100e+00 ; 6.6062999e+01 ; 8.9735329e+01 
3.500e+01 ; 4.000e+00 ; 2.100e+00 ; 6.6499999e+01 ; 9.0118736e+01 
3.500e+01 ; 4.000e+00 ; 2.100e+00 ; 6.6499999e+01 ; 9.0118736e+01 
3.500e+01 ; 4.000e+00 ; 2.100e+00 ; 6.6500999e+01 ; 9.0119606e+01 
3.500e+01 ; 4.000e+00 ; 2.100e+00 ; 6.6501999e+01 ; 9.0120483e+01 
3.500e+01 ; 4.000e+00 ; 2.100e+00 ; 6.6502999e+01 ; 9.0121361e+01 
3.500e+01 ; 4.000e+00 ; 2.100e+00 ; 6.6504999e+01 ; 9.0123108e+01 
3.500e+01 ; 4.000e+00 ; 2.100e+00 ; 6.6508999e+01 ; 9.0126602e+01 
3.500e+01 ; 4.000e+00 ; 2.100e+00 ; 6.6516999e+01 ; 9.0133545e+01 
3.500e+01 ; 4.000e+00 ; 2.100e+00 ; 6.6532999e+01 ; 9.0147308e+01 
3.500e+01 ; 4.000e+00 ; 2.100e+00 ; 6.6564999e+01 ; 9.0174278e+01 
3.500e+01 ; 4.000e+00 ; 2.100e+00 ; 6.6628999e+01 ; 9.0226097e+01 
3.500e+01 ; 4.000e+00 ; 2.100e+00 ; 6.6756999e+01 ; 9.0321472e+01 
3.500e+01 ; 4.000e+00 ; 2.100e+00 ; 6.7012999e+01 ; 9.0481468e+01 
3.500e+01 ; 4.000e+00 ; 2.100e+00 ; 6.7449999e+01 ; 9.0676842e+01 
3.500e+01 ; 4.000e+00 ; 2.100e+00 ; 6.7449999e+01 ; 9.0676842e+01 
3.500e+01 ; 4.000e+00 ; 2.100e+00 ; 6.7450999e+01 ; 9.0677284e+01 
3.500e+01 ; 4.000e+00 ; 2.100e+00 ; 6.7451999e+01 ; 9.0677734e+01 
3.500e+01 ; 4.000e+00 ; 2.100e+00 ; 6.7452999e+01 ; 9.0678177e+01 
3.500e+01 ; 4.000e+00 ; 2.100e+00 ; 6.7454999e+01 ; 9.0679070e+01 
3.500e+01 ; 4.000e+00 ; 2.100e+00 ; 6.7458999e+01 ; 9.0680840e+01 
3.500e+01 ; 4.000e+00 ; 2.100e+00 ; 6.7466999e+01 ; 9.0684364e+01 
3.500e+01 ; 4.000e+00 ; 2.100e+00 ; 6.7482999e+01 ; 9.0691307e+01 
3.500e+01 ; 4.000e+00 ; 2.100e+00 ; 6.7514999e+01 ; 9.0704773e+01 
3.500e+01 ; 4.000e+00 ; 2.100e+00 ; 6.7578999e+01 ; 9.0730133e+01 
3.500e+01 ; 4.000e+00 ; 2.100e+00 ; 6.7706999e+01 ; 9.0774765e+01 
3.500e+01 ; 4.000e+00 ; 2.100e+00 ; 6.7962999e+01 ; 9.0842049e+01 
3.500e+01 ; 4.000e+00 ; 2.100e+00 ; 6.8399999e+01 ; 9.0903160e+01 
3.500e+01 ; 4.000e+00 ; 2.100e+00 ; 6.8399999e+01 ; 9.0903160e+01 
3.500e+01 ; 4.000e+00 ; 2.100e+00 ; 6.8400999e+01 ; 9.0903297e+01 
3.500e+01 ; 4.000e+00 ; 2.100e+00 ; 6.8401999e+01 ; 9.0903435e+01 
3.500e+01 ; 4.000e+00 ; 2.100e+00 ; 6.8402999e+01 ; 9.0903580e+01 
3.500e+01 ; 4.000e+00 ; 2.100e+00 ; 6.8404999e+01 ; 9.0903854e+01 
3.500e+01 ; 4.000e+00 ; 2.100e+00 ; 6.8408999e+01 ; 9.0904404e+01 
3.500e+01 ; 4.000e+00 ; 2.100e+00 ; 6.8416999e+01 ; 9.0905487e+01 
3.500e+01 ; 4.000e+00 ; 2.100e+00 ; 6.8432999e+01 ; 9.0907578e+01 
3.500e+01 ; 4.000e+00 ; 2.100e+00 ; 6.8464999e+01 ; 9.0911476e+01 
3.500e+01 ; 4.000e+00 ; 2.100e+00 ; 6.8528999e+01 ; 9.0918190e+01 
3.500e+01 ; 4.000e+00 ; 2.100e+00 ; 6.8656999e+01 ; 9.0927498e+01 
3.500e+01 ; 4.000e+00 ; 2.100e+00 ; 6.8912999e+01 ; 9.0931458e+01 
3.500e+01 ; 4.000e+00 ; 2.100e+00 ; 6.9349999e+01 ; 9.0903122e+01 
3.500e+01 ; 4.000e+00 ; 2.100e+00 ; 6.9349999e+01 ; 9.0903122e+01 
3.500e+01 ; 4.000e+00 ; 2.100e+00 ; 6.9350999e+01 ; 9.0903061e+01 
3.500e+01 ; 4.000e+00 ; 2.100e+00 ; 6.9351999e+01 ; 9.0902992e+01 
3.500e+01 ; 4.000e+00 ; 2.100e+00 ; 6.9352999e+01 ; 9.0902931e+01 
3.500e+01 ; 4.000e+00 ; 2.100e+00 ; 6.9354999e+01 ; 9.0902802e+01 
3.500e+01 ; 4.000e+00 ; 2.100e+00 ; 6.9358999e+01 ; 9.0902534e+01 
3.500e+01 ; 4.000e+00 ; 2.100e+00 ; 6.9366999e+01 ; 9.0901985e+01 
3.500e+01 ; 4.000e+00 ; 2.100e+00 ; 6.9382999e+01 ; 9.0900856e+01 
3.500e+01 ; 4.000e+00 ; 2.100e+00 ; 6.9414999e+01 ; 9.0898407e+01 
3.500e+01 ; 4.000e+00 ; 2.100e+00 ; 6.9478999e+01 ; 9.0892807e+01 
3.500e+01 ; 4.000e+00 ; 2.100e+00 ; 6.9606999e+01 ; 9.0878952e+01 
3.500e+01 ; 4.000e+00 ; 2.100e+00 ; 6.9862999e+01 ; 9.0841911e+01 
3.500e+01 ; 4.000e+00 ; 2.100e+00 ; 7.0299999e+01 ; 9.0756783e+01 
3.500e+01 ; 4.000e+00 ; 2.100e+00 ; 7.0299999e+01 ; 9.0756783e+01 
3.500e+01 ; 4.000e+00 ; 2.100e+00 ; 7.0300999e+01 ; 9.0756584e+01 
3.500e+01 ; 4.000e+00 ; 2.100e+00 ; 7.0301999e+01 ; 9.0756393e+01 
3.500e+01 ; 4.000e+00 ; 2.100e+00 ; 7.0302999e+01 ; 9.0756195e+01 
3.500e+01 ; 4.000e+00 ; 2.100e+00 ; 7.0304999e+01 ; 9.0755806e+01 
3.500e+01 ; 4.000e+00 ; 2.100e+00 ; 7.0308999e+01 ; 9.0755020e+01 
3.500e+01 ; 4.000e+00 ; 2.100e+00 ; 7.0316999e+01 ; 9.0753448e+01 
3.500e+01 ; 4.000e+00 ; 2.100e+00 ; 7.0332999e+01 ; 9.0750275e+01 
3.500e+01 ; 4.000e+00 ; 2.100e+00 ; 7.0364999e+01 ; 9.0743805e+01 
3.500e+01 ; 4.000e+00 ; 2.100e+00 ; 7.0428999e+01 ; 9.0730431e+01 
3.500e+01 ; 4.000e+00 ; 2.100e+00 ; 7.0556999e+01 ; 9.0702057e+01 
3.500e+01 ; 4.000e+00 ; 2.100e+00 ; 7.0812999e+01 ; 9.0639626e+01 
3.500e+01 ; 4.000e+00 ; 2.100e+00 ; 7.1249999e+01 ; 9.0520020e+01 
3.500e+01 ; 4.000e+00 ; 2.100e+00 ; 7.1249999e+01 ; 9.0520020e+01 
3.500e+01 ; 4.000e+00 ; 2.100e+00 ; 7.1250999e+01 ; 9.0519745e+01 
3.500e+01 ; 4.000e+00 ; 2.100e+00 ; 7.1251999e+01 ; 9.0519470e+01 
3.500e+01 ; 4.000e+00 ; 2.100e+00 ; 7.1252999e+01 ; 9.0519196e+01 
3.500e+01 ; 4.000e+00 ; 2.100e+00 ; 7.1254999e+01 ; 9.0518654e+01 
3.500e+01 ; 4.000e+00 ; 2.100e+00 ; 7.1258999e+01 ; 9.0517555e+01 
3.500e+01 ; 4.000e+00 ; 2.100e+00 ; 7.1266999e+01 ; 9.0515358e+01 
3.500e+01 ; 4.000e+00 ; 2.100e+00 ; 7.1282999e+01 ; 9.0510941e+01 
3.500e+01 ; 4.000e+00 ; 2.100e+00 ; 7.1314999e+01 ; 9.0502045e+01 
3.500e+01 ; 4.000e+00 ; 2.100e+00 ; 7.1378999e+01 ; 9.0483994e+01 
3.500e+01 ; 4.000e+00 ; 2.100e+00 ; 7.1506999e+01 ; 9.0446930e+01 
3.500e+01 ; 4.000e+00 ; 2.100e+00 ; 7.1762999e+01 ; 9.0369553e+01 
3.500e+01 ; 4.000e+00 ; 2.100e+00 ; 7.2199999e+01 ; 9.0230225e+01 
3.500e+01 ; 4.000e+00 ; 2.100e+00 ; 7.2199999e+01 ; 9.0230225e+01 
3.500e+01 ; 4.000e+00 ; 2.100e+00 ; 7.2200999e+01 ; 9.0229904e+01 
3.500e+01 ; 4.000e+00 ; 2.100e+00 ; 7.2201999e+01 ; 9.0229584e+01 
3.500e+01 ; 4.000e+00 ; 2.100e+00 ; 7.2202999e+01 ; 9.0229271e+01 
3.500e+01 ; 4.000e+00 ; 2.100e+00 ; 7.2204999e+01 ; 9.0228630e+01 
3.500e+01 ; 4.000e+00 ; 2.100e+00 ; 7.2208999e+01 ; 9.0227356e+01 
3.500e+01 ; 4.000e+00 ; 2.100e+00 ; 7.2216999e+01 ; 9.0224800e+01 
3.500e+01 ; 4.000e+00 ; 2.100e+00 ; 7.2232999e+01 ; 9.0219673e+01 
3.500e+01 ; 4.000e+00 ; 2.100e+00 ; 7.2264999e+01 ; 9.0209396e+01 
3.500e+01 ; 4.000e+00 ; 2.100e+00 ; 7.2328999e+01 ; 9.0188698e+01 
3.500e+01 ; 4.000e+00 ; 2.100e+00 ; 7.2456999e+01 ; 9.0146790e+01 
3.500e+01 ; 4.000e+00 ; 2.100e+00 ; 7.2712999e+01 ; 9.0061264e+01 
3.500e+01 ; 4.000e+00 ; 2.100e+00 ; 7.3149999e+01 ; 8.9911819e+01 
3.500e+01 ; 4.000e+00 ; 2.100e+00 ; 7.3149999e+01 ; 8.9911819e+01 
3.500e+01 ; 4.000e+00 ; 2.100e+00 ; 7.3150999e+01 ; 8.9911476e+01 
3.500e+01 ; 4.000e+00 ; 2.100e+00 ; 7.3151999e+01 ; 8.9911133e+01 
3.500e+01 ; 4.000e+00 ; 2.100e+00 ; 7.3152999e+01 ; 8.9910789e+01 
3.500e+01 ; 4.000e+00 ; 2.100e+00 ; 7.3154999e+01 ; 8.9910103e+01 
3.500e+01 ; 4.000e+00 ; 2.100e+00 ; 7.3158999e+01 ; 8.9908737e+01 
3.500e+01 ; 4.000e+00 ; 2.100e+00 ; 7.3166999e+01 ; 8.9905998e+01 
3.500e+01 ; 4.000e+00 ; 2.100e+00 ; 7.3182999e+01 ; 8.9900520e+01 
3.500e+01 ; 4.000e+00 ; 2.100e+00 ; 7.3214999e+01 ; 8.9889542e+01 
3.500e+01 ; 4.000e+00 ; 2.100e+00 ; 7.3278999e+01 ; 8.9867516e+01 
3.500e+01 ; 4.000e+00 ; 2.100e+00 ; 7.3406999e+01 ; 8.9823235e+01 
3.500e+01 ; 4.000e+00 ; 2.100e+00 ; 7.3662999e+01 ; 8.9734032e+01 
3.500e+01 ; 4.000e+00 ; 2.100e+00 ; 7.4099999e+01 ; 8.9581017e+01 
3.500e+01 ; 4.000e+00 ; 2.100e+00 ; 7.4099999e+01 ; 8.9581017e+01 
3.500e+01 ; 4.000e+00 ; 2.100e+00 ; 7.4100999e+01 ; 8.9580666e+01 
3.500e+01 ; 4.000e+00 ; 2.100e+00 ; 7.4101999e+01 ; 8.9580315e+01 
3.500e+01 ; 4.000e+00 ; 2.100e+00 ; 7.4102999e+01 ; 8.9579971e+01 
3.500e+01 ; 4.000e+00 ; 2.100e+00 ; 7.4104999e+01 ; 8.9579269e+01 
3.500e+01 ; 4.000e+00 ; 2.100e+00 ; 7.4108999e+01 ; 8.9577866e+01 
3.500e+01 ; 4.000e+00 ; 2.100e+00 ; 7.4116999e+01 ; 8.9575066e+01 
3.500e+01 ; 4.000e+00 ; 2.100e+00 ; 7.4132999e+01 ; 8.9569458e+01 
3.500e+01 ; 4.000e+00 ; 2.100e+00 ; 7.4164999e+01 ; 8.9558250e+01 
3.500e+01 ; 4.000e+00 ; 2.100e+00 ; 7.4228999e+01 ; 8.9535820e+01 
3.500e+01 ; 4.000e+00 ; 2.100e+00 ; 7.4356999e+01 ; 8.9491013e+01 
3.500e+01 ; 4.000e+00 ; 2.100e+00 ; 7.4612999e+01 ; 8.9402161e+01 
3.500e+01 ; 4.000e+00 ; 2.100e+00 ; 7.5049999e+01 ; 8.9254967e+01 
3.500e+01 ; 4.000e+00 ; 2.100e+00 ; 7.5049999e+01 ; 8.9254967e+01 
3.500e+01 ; 4.000e+00 ; 2.100e+00 ; 7.5050999e+01 ; 8.9254631e+01 
3.500e+01 ; 4.000e+00 ; 2.100e+00 ; 7.5051999e+01 ; 8.9254295e+01 
3.500e+01 ; 4.000e+00 ; 2.100e+00 ; 7.5052999e+01 ; 8.9253960e+01 
3.500e+01 ; 4.000e+00 ; 2.100e+00 ; 7.5054999e+01 ; 8.9253288e+01 
3.500e+01 ; 4.000e+00 ; 2.100e+00 ; 7.5058999e+01 ; 8.9251938e+01 
3.500e+01 ; 4.000e+00 ; 2.100e+00 ; 7.5066999e+01 ; 8.9249245e+01 
3.500e+01 ; 4.000e+00 ; 2.100e+00 ; 7.5082999e+01 ; 8.9243874e+01 
3.500e+01 ; 4.000e+00 ; 2.100e+00 ; 7.5114999e+01 ; 8.9233147e+01 
3.500e+01 ; 4.000e+00 ; 2.100e+00 ; 7.5178999e+01 ; 8.9211815e+01 
3.500e+01 ; 4.000e+00 ; 2.100e+00 ; 7.5306999e+01 ; 8.9169807e+01 
3.500e+01 ; 4.000e+00 ; 2.100e+00 ; 7.5562999e+01 ; 8.9089706e+01 
3.500e+01 ; 4.000e+00 ; 2.100e+00 ; 7.5999999e+01 ; 8.8968636e+01 
3.500e+01 ; 4.000e+00 ; 2.100e+00 ; 7.5999999e+01 ; 8.8968636e+01 
3.500e+01 ; 4.000e+00 ; 2.100e+00 ; 7.6000999e+01 ; 8.8968361e+01 
3.500e+01 ; 4.000e+00 ; 2.100e+00 ; 7.6001999e+01 ; 8.8968086e+01 
3.500e+01 ; 4.000e+00 ; 2.100e+00 ; 7.6002999e+01 ; 8.8967812e+01 
3.500e+01 ; 4.000e+00 ; 2.100e+00 ; 7.6004999e+01 ; 8.8967255e+01 
3.500e+01 ; 4.000e+00 ; 2.100e+00 ; 7.6008999e+01 ; 8.8966148e+01 
3.500e+01 ; 4.000e+00 ; 2.100e+00 ; 7.6016999e+01 ; 8.8963943e+01 
3.500e+01 ; 4.000e+00 ; 2.100e+00 ; 7.6032999e+01 ; 8.8959557e+01 
3.500e+01 ; 4.000e+00 ; 2.100e+00 ; 7.6064999e+01 ; 8.8950867e+01 
3.500e+01 ; 4.000e+00 ; 2.100e+00 ; 7.6128999e+01 ; 8.8933868e+01 
3.500e+01 ; 4.000e+00 ; 2.100e+00 ; 7.6256999e+01 ; 8.8901611e+01 
3.500e+01 ; 4.000e+00 ; 2.100e+00 ; 7.6512999e+01 ; 8.8845757e+01 
3.500e+01 ; 4.000e+00 ; 2.100e+00 ; 7.6949999e+01 ; 8.8779587e+01 
3.500e+01 ; 4.000e+00 ; 2.100e+00 ; 7.6949999e+01 ; 8.8779587e+01 
3.500e+01 ; 4.000e+00 ; 2.100e+00 ; 7.6950999e+01 ; 8.8779434e+01 
3.500e+01 ; 4.000e+00 ; 2.100e+00 ; 7.6951999e+01 ; 8.8779282e+01 
3.500e+01 ; 4.000e+00 ; 2.100e+00 ; 7.6952999e+01 ; 8.8779129e+01 
3.500e+01 ; 4.000e+00 ; 2.100e+00 ; 7.6954999e+01 ; 8.8778831e+01 
3.500e+01 ; 4.000e+00 ; 2.100e+00 ; 7.6958999e+01 ; 8.8778229e+01 
3.500e+01 ; 4.000e+00 ; 2.100e+00 ; 7.6966999e+01 ; 8.8777039e+01 
3.500e+01 ; 4.000e+00 ; 2.100e+00 ; 7.6982999e+01 ; 8.8774696e+01 
3.500e+01 ; 4.000e+00 ; 2.100e+00 ; 7.7014999e+01 ; 8.8770172e+01 
3.500e+01 ; 4.000e+00 ; 2.100e+00 ; 7.7078999e+01 ; 8.8761787e+01 
3.500e+01 ; 4.000e+00 ; 2.100e+00 ; 7.7206999e+01 ; 8.8747780e+01 
3.500e+01 ; 4.000e+00 ; 2.100e+00 ; 7.7462999e+01 ; 8.8731583e+01 
3.500e+01 ; 4.000e+00 ; 2.100e+00 ; 7.7899999e+01 ; 8.8737343e+01 
3.500e+01 ; 4.000e+00 ; 2.100e+00 ; 7.7899999e+01 ; 8.8737343e+01 
3.500e+01 ; 4.000e+00 ; 2.100e+00 ; 7.7900999e+01 ; 8.8737358e+01 
3.500e+01 ; 4.000e+00 ; 2.100e+00 ; 7.7901999e+01 ; 8.8737373e+01 
3.500e+01 ; 4.000e+00 ; 2.100e+00 ; 7.7902999e+01 ; 8.8737389e+01 
3.500e+01 ; 4.000e+00 ; 2.100e+00 ; 7.7904999e+01 ; 8.8737411e+01 
3.500e+01 ; 4.000e+00 ; 2.100e+00 ; 7.7908999e+01 ; 8.8737473e+01 
3.500e+01 ; 4.000e+00 ; 2.100e+00 ; 7.7916999e+01 ; 8.8737602e+01 
3.500e+01 ; 4.000e+00 ; 2.100e+00 ; 7.7932999e+01 ; 8.8737907e+01 
3.500e+01 ; 4.000e+00 ; 2.100e+00 ; 7.7964999e+01 ; 8.8738693e+01 
3.500e+01 ; 4.000e+00 ; 2.100e+00 ; 7.8028999e+01 ; 8.8740967e+01 
3.500e+01 ; 4.000e+00 ; 2.100e+00 ; 7.8156999e+01 ; 8.8748283e+01 
3.500e+01 ; 4.000e+00 ; 2.100e+00 ; 7.8412999e+01 ; 8.8773003e+01 
3.500e+01 ; 4.000e+00 ; 2.100e+00 ; 7.8849999e+01 ; 8.8837708e+01 
3.500e+01 ; 4.000e+00 ; 2.100e+00 ; 7.8849999e+01 ; 8.8837708e+01 
3.500e+01 ; 4.000e+00 ; 2.100e+00 ; 7.8850999e+01 ; 8.8837860e+01 
3.500e+01 ; 4.000e+00 ; 2.100e+00 ; 7.8851999e+01 ; 8.8838005e+01 
3.500e+01 ; 4.000e+00 ; 2.100e+00 ; 7.8852999e+01 ; 8.8838158e+01 
3.500e+01 ; 4.000e+00 ; 2.100e+00 ; 7.8854999e+01 ; 8.8838455e+01 
3.500e+01 ; 4.000e+00 ; 2.100e+00 ; 7.8858999e+01 ; 8.8839050e+01 
3.500e+01 ; 4.000e+00 ; 2.100e+00 ; 7.8866999e+01 ; 8.8840248e+01 
3.500e+01 ; 4.000e+00 ; 2.100e+00 ; 7.8882999e+01 ; 8.8842682e+01 
3.500e+01 ; 4.000e+00 ; 2.100e+00 ; 7.8914999e+01 ; 8.8847656e+01 
3.500e+01 ; 4.000e+00 ; 2.100e+00 ; 7.8978999e+01 ; 8.8858040e+01 
3.500e+01 ; 4.000e+00 ; 2.100e+00 ; 7.9106999e+01 ; 8.8880325e+01 
3.500e+01 ; 4.000e+00 ; 2.100e+00 ; 7.9362999e+01 ; 8.8929092e+01 
3.500e+01 ; 4.000e+00 ; 2.100e+00 ; 7.9799999e+01 ; 8.9015846e+01 
3.500e+01 ; 4.000e+00 ; 2.100e+00 ; 7.9799999e+01 ; 8.9015846e+01 
3.500e+01 ; 4.000e+00 ; 2.100e+00 ; 7.9800999e+01 ; 8.9016045e+01 
3.500e+01 ; 4.000e+00 ; 2.100e+00 ; 7.9801999e+01 ; 8.9016243e+01 
3.500e+01 ; 4.000e+00 ; 2.100e+00 ; 7.9802999e+01 ; 8.9016441e+01 
3.500e+01 ; 4.000e+00 ; 2.100e+00 ; 7.9804999e+01 ; 8.9016838e+01 
3.500e+01 ; 4.000e+00 ; 2.100e+00 ; 7.9808999e+01 ; 8.9017639e+01 
3.500e+01 ; 4.000e+00 ; 2.100e+00 ; 7.9816999e+01 ; 8.9019226e+01 
3.500e+01 ; 4.000e+00 ; 2.100e+00 ; 7.9832999e+01 ; 8.9022415e+01 
3.500e+01 ; 4.000e+00 ; 2.100e+00 ; 7.9864999e+01 ; 8.9028793e+01 
3.500e+01 ; 4.000e+00 ; 2.100e+00 ; 7.9928999e+01 ; 8.9041573e+01 
3.500e+01 ; 4.000e+00 ; 2.100e+00 ; 8.0056999e+01 ; 8.9067001e+01 
3.500e+01 ; 4.000e+00 ; 2.100e+00 ; 8.0312999e+01 ; 8.9115730e+01 
3.500e+01 ; 4.000e+00 ; 2.100e+00 ; 8.0749999e+01 ; 8.9186630e+01 
3.500e+01 ; 4.000e+00 ; 2.100e+00 ; 8.0749999e+01 ; 8.9186630e+01 
3.500e+01 ; 4.000e+00 ; 2.100e+00 ; 8.0750999e+01 ; 8.9186790e+01 
3.500e+01 ; 4.000e+00 ; 2.100e+00 ; 8.0751999e+01 ; 8.9186951e+01 
3.500e+01 ; 4.000e+00 ; 2.100e+00 ; 8.0752999e+01 ; 8.9187111e+01 
3.500e+01 ; 4.000e+00 ; 2.100e+00 ; 8.0754999e+01 ; 8.9187439e+01 
3.500e+01 ; 4.000e+00 ; 2.100e+00 ; 8.0758999e+01 ; 8.9188087e+01 
3.500e+01 ; 4.000e+00 ; 2.100e+00 ; 8.0766999e+01 ; 8.9189377e+01 
3.500e+01 ; 4.000e+00 ; 2.100e+00 ; 8.0782999e+01 ; 8.9191933e+01 
3.500e+01 ; 4.000e+00 ; 2.100e+00 ; 8.0814999e+01 ; 8.9196983e+01 
3.500e+01 ; 4.000e+00 ; 2.100e+00 ; 8.0878999e+01 ; 8.9206787e+01 
3.500e+01 ; 4.000e+00 ; 2.100e+00 ; 8.1006999e+01 ; 8.9225075e+01 
3.500e+01 ; 4.000e+00 ; 2.100e+00 ; 8.1262999e+01 ; 8.9255539e+01 
3.500e+01 ; 4.000e+00 ; 2.100e+00 ; 8.1699999e+01 ; 8.9287346e+01 
3.500e+01 ; 4.000e+00 ; 2.100e+00 ; 8.1699999e+01 ; 8.9287346e+01 
3.500e+01 ; 4.000e+00 ; 2.100e+00 ; 8.1700999e+01 ; 8.9287415e+01 
3.500e+01 ; 4.000e+00 ; 2.100e+00 ; 8.1701999e+01 ; 8.9287491e+01 
3.500e+01 ; 4.000e+00 ; 2.100e+00 ; 8.1702999e+01 ; 8.9287560e+01 
3.500e+01 ; 4.000e+00 ; 2.100e+00 ; 8.1704999e+01 ; 8.9287704e+01 
3.500e+01 ; 4.000e+00 ; 2.100e+00 ; 8.1708999e+01 ; 8.9287994e+01 
3.500e+01 ; 4.000e+00 ; 2.100e+00 ; 8.1716999e+01 ; 8.9288559e+01 
3.500e+01 ; 4.000e+00 ; 2.100e+00 ; 8.1732999e+01 ; 8.9289665e+01 
3.500e+01 ; 4.000e+00 ; 2.100e+00 ; 8.1764999e+01 ; 8.9291779e+01 
3.500e+01 ; 4.000e+00 ; 2.100e+00 ; 8.1828999e+01 ; 8.9295540e+01 
3.500e+01 ; 4.000e+00 ; 2.100e+00 ; 8.1956999e+01 ; 8.9301247e+01 
3.500e+01 ; 4.000e+00 ; 2.100e+00 ; 8.2212999e+01 ; 8.9305161e+01 
3.500e+01 ; 4.000e+00 ; 2.100e+00 ; 8.2649999e+01 ; 8.9290024e+01 
3.500e+01 ; 4.000e+00 ; 2.100e+00 ; 8.2649999e+01 ; 8.9290024e+01 
3.500e+01 ; 4.000e+00 ; 2.100e+00 ; 8.2650999e+01 ; 8.9289986e+01 
3.500e+01 ; 4.000e+00 ; 2.100e+00 ; 8.2651999e+01 ; 8.9289955e+01 
3.500e+01 ; 4.000e+00 ; 2.100e+00 ; 8.2652999e+01 ; 8.9289917e+01 
3.500e+01 ; 4.000e+00 ; 2.100e+00 ; 8.2654999e+01 ; 8.9289848e+01 
3.500e+01 ; 4.000e+00 ; 2.100e+00 ; 8.2658999e+01 ; 8.9289703e+01 
3.500e+01 ; 4.000e+00 ; 2.100e+00 ; 8.2666999e+01 ; 8.9289413e+01 
3.500e+01 ; 4.000e+00 ; 2.100e+00 ; 8.2682999e+01 ; 8.9288795e+01 
3.500e+01 ; 4.000e+00 ; 2.100e+00 ; 8.2714999e+01 ; 8.9287453e+01 
3.500e+01 ; 4.000e+00 ; 2.100e+00 ; 8.2778999e+01 ; 8.9284294e+01 
3.500e+01 ; 4.000e+00 ; 2.100e+00 ; 8.2906999e+01 ; 8.9276123e+01 
3.500e+01 ; 4.000e+00 ; 2.100e+00 ; 8.3162999e+01 ; 8.9252525e+01 
3.500e+01 ; 4.000e+00 ; 2.100e+00 ; 8.3599999e+01 ; 8.9192398e+01 
3.500e+01 ; 4.000e+00 ; 2.100e+00 ; 8.3599999e+01 ; 8.9192398e+01 
3.500e+01 ; 4.000e+00 ; 2.100e+00 ; 8.3600999e+01 ; 8.9192261e+01 
3.500e+01 ; 4.000e+00 ; 2.100e+00 ; 8.3601999e+01 ; 8.9192123e+01 
3.500e+01 ; 4.000e+00 ; 2.100e+00 ; 8.3602999e+01 ; 8.9191986e+01 
3.500e+01 ; 4.000e+00 ; 2.100e+00 ; 8.3604999e+01 ; 8.9191704e+01 
3.500e+01 ; 4.000e+00 ; 2.100e+00 ; 8.3608999e+01 ; 8.9191154e+01 
3.500e+01 ; 4.000e+00 ; 2.100e+00 ; 8.3616999e+01 ; 8.9190041e+01 
3.500e+01 ; 4.000e+00 ; 2.100e+00 ; 8.3632999e+01 ; 8.9187782e+01 
3.500e+01 ; 4.000e+00 ; 2.100e+00 ; 8.3664999e+01 ; 8.9183167e+01 
3.500e+01 ; 4.000e+00 ; 2.100e+00 ; 8.3728999e+01 ; 8.9173508e+01 
3.500e+01 ; 4.000e+00 ; 2.100e+00 ; 8.3856999e+01 ; 8.9152573e+01 
3.500e+01 ; 4.000e+00 ; 2.100e+00 ; 8.4112999e+01 ; 8.9104477e+01 
3.500e+01 ; 4.000e+00 ; 2.100e+00 ; 8.4549999e+01 ; 8.9005997e+01 
3.500e+01 ; 4.000e+00 ; 2.100e+00 ; 8.4549999e+01 ; 8.9005997e+01 
3.500e+01 ; 4.000e+00 ; 2.100e+00 ; 8.4550999e+01 ; 8.9005768e+01 
3.500e+01 ; 4.000e+00 ; 2.100e+00 ; 8.4551999e+01 ; 8.9005547e+01 
3.500e+01 ; 4.000e+00 ; 2.100e+00 ; 8.4552999e+01 ; 8.9005318e+01 
3.500e+01 ; 4.000e+00 ; 2.100e+00 ; 8.4554999e+01 ; 8.9004868e+01 
3.500e+01 ; 4.000e+00 ; 2.100e+00 ; 8.4558999e+01 ; 8.9003960e+01 
3.500e+01 ; 4.000e+00 ; 2.100e+00 ; 8.4566999e+01 ; 8.9002144e+01 
3.500e+01 ; 4.000e+00 ; 2.100e+00 ; 8.4582999e+01 ; 8.8998497e+01 
3.500e+01 ; 4.000e+00 ; 2.100e+00 ; 8.4614999e+01 ; 8.8991104e+01 
3.500e+01 ; 4.000e+00 ; 2.100e+00 ; 8.4678999e+01 ; 8.8975990e+01 
3.500e+01 ; 4.000e+00 ; 2.100e+00 ; 8.4806999e+01 ; 8.8944435e+01 
3.500e+01 ; 4.000e+00 ; 2.100e+00 ; 8.5062999e+01 ; 8.8876411e+01 
3.500e+01 ; 4.000e+00 ; 2.100e+00 ; 8.5499999e+01 ; 8.8747665e+01 
3.500e+01 ; 4.000e+00 ; 2.100e+00 ; 8.5499999e+01 ; 8.8747665e+01 
3.500e+01 ; 4.000e+00 ; 2.100e+00 ; 8.5500999e+01 ; 8.8747368e+01 
3.500e+01 ; 4.000e+00 ; 2.100e+00 ; 8.5501999e+01 ; 8.8747078e+01 
3.500e+01 ; 4.000e+00 ; 2.100e+00 ; 8.5502999e+01 ; 8.8746780e+01 
3.500e+01 ; 4.000e+00 ; 2.100e+00 ; 8.5504999e+01 ; 8.8746193e+01 
3.500e+01 ; 4.000e+00 ; 2.100e+00 ; 8.5508999e+01 ; 8.8745010e+01 
3.500e+01 ; 4.000e+00 ; 2.100e+00 ; 8.5516999e+01 ; 8.8742645e+01 
3.500e+01 ; 4.000e+00 ; 2.100e+00 ; 8.5532999e+01 ; 8.8737900e+01 
3.500e+01 ; 4.000e+00 ; 2.100e+00 ; 8.5564999e+01 ; 8.8728333e+01 
3.500e+01 ; 4.000e+00 ; 2.100e+00 ; 8.5628999e+01 ; 8.8708946e+01 
3.500e+01 ; 4.000e+00 ; 2.100e+00 ; 8.5756999e+01 ; 8.8669174e+01 
3.500e+01 ; 4.000e+00 ; 2.100e+00 ; 8.6012999e+01 ; 8.8585976e+01 
3.500e+01 ; 4.000e+00 ; 2.100e+00 ; 8.6449999e+01 ; 8.8434792e+01 
3.500e+01 ; 4.000e+00 ; 2.100e+00 ; 8.6449999e+01 ; 8.8434792e+01 
3.500e+01 ; 4.000e+00 ; 2.100e+00 ; 8.6459999e+01 ; 8.8431328e+01 
3.500e+01 ; 4.000e+00 ; 2.100e+00 ; 8.6469999e+01 ; 8.8427864e+01 
3.500e+01 ; 4.000e+00 ; 2.100e+00 ; 8.6479999e+01 ; 8.8424385e+01 
3.500e+01 ; 4.000e+00 ; 2.100e+00 ; 8.6499999e+01 ; 8.8417419e+01 
3.500e+01 ; 4.000e+00 ; 2.100e+00 ; 8.6539999e+01 ; 8.8403412e+01 
3.500e+01 ; 4.000e+00 ; 2.100e+00 ; 8.6619999e+01 ; 8.8375114e+01 
3.500e+01 ; 4.000e+00 ; 2.100e+00 ; 8.6779999e+01 ; 8.8317436e+01 
3.500e+01 ; 4.000e+00 ; 2.100e+00 ; 8.7099999e+01 ; 8.8198288e+01 
3.500e+01 ; 4.000e+00 ; 2.100e+00 ; 8.7739999e+01 ; 8.7948532e+01 
3.500e+01 ; 4.000e+00 ; 2.100e+00 ; 8.9019999e+01 ; 8.7424919e+01 
3.500e+01 ; 4.000e+00 ; 2.100e+00 ; 9.0939999e+01 ; 8.6631454e+01 
3.500e+01 ; 4.000e+00 ; 2.100e+00 ; 9.1449999e+01 ; 8.6420868e+01