X ; Y ; Z ; time ; Temperature 
3.500e+01 ; 9.600e+00 ; 2.800e+00 ; 0.0000000e+00 ; 2.2500000e+02 
3.500e+01 ; 9.600e+00 ; 2.800e+00 ; 1.0000000e-03 ; 2.2500000e+02 
3.500e+01 ; 9.600e+00 ; 2.800e+00 ; 2.0000001e-03 ; 2.2500000e+02 
3.500e+01 ; 9.600e+00 ; 2.800e+00 ; 3.0000000e-03 ; 2.2500000e+02 
3.500e+01 ; 9.600e+00 ; 2.800e+00 ; 4.9999999e-03 ; 2.2500000e+02 
3.500e+01 ; 9.600e+00 ; 2.800e+00 ; 8.9999996e-03 ; 2.2500000e+02 
3.500e+01 ; 9.600e+00 ; 2.800e+00 ; 1.7000001e-02 ; 2.2500000e+02 
3.500e+01 ; 9.600e+00 ; 2.800e+00 ; 3.3000000e-02 ; 2.2500000e+02 
3.500e+01 ; 9.600e+00 ; 2.800e+00 ; 6.4999998e-02 ; 2.2500000e+02 
3.500e+01 ; 9.600e+00 ; 2.800e+00 ; 1.2899999e-01 ; 2.2500000e+02 
3.500e+01 ; 9.600e+00 ; 2.800e+00 ; 2.5700000e-01 ; 2.2500000e+02 
3.500e+01 ; 9.600e+00 ; 2.800e+00 ; 5.1300001e-01 ; 2.2500000e+02 
3.500e+01 ; 9.600e+00 ; 2.800e+00 ; 7.6899999e-01 ; 2.2500000e+02 
3.500e+01 ; 9.600e+00 ; 2.800e+00 ; 9.4999999e-01 ; 2.2500000e+02 
3.500e+01 ; 9.600e+00 ; 2.800e+00 ; 9.4999999e-01 ; 2.2500000e+02 
3.500e+01 ; 9.600e+00 ; 2.800e+00 ; 9.5099999e-01 ; 2.2500000e+02 
3.500e+01 ; 9.600e+00 ; 2.800e+00 ; 9.5199999e-01 ; 2.2500000e+02 
3.500e+01 ; 9.600e+00 ; 2.800e+00 ; 9.5299999e-01 ; 2.2500000e+02 
3.500e+01 ; 9.600e+00 ; 2.800e+00 ; 9.5499999e-01 ; 2.2500000e+02 
3.500e+01 ; 9.600e+00 ; 2.800e+00 ; 9.5899999e-01 ; 2.2500000e+02 
3.500e+01 ; 9.600e+00 ; 2.800e+00 ; 9.6699999e-01 ; 2.2500000e+02 
3.500e+01 ; 9.600e+00 ; 2.800e+00 ; 9.8299999e-01 ; 2.2500000e+02 
3.500e+01 ; 9.600e+00 ; 2.800e+00 ; 1.0150000e+00 ; 2.2500000e+02 
3.500e+01 ; 9.600e+00 ; 2.800e+00 ; 1.0790000e+00 ; 2.2500000e+02 
3.500e+01 ; 9.600e+00 ; 2.800e+00 ; 1.2070000e+00 ; 2.2500000e+02 
3.500e+01 ; 9.600e+00 ; 2.800e+00 ; 1.4630000e+00 ; 2.2500000e+02 
3.500e+01 ; 9.600e+00 ; 2.800e+00 ; 1.9000000e+00 ; 2.2500000e+02 
3.500e+01 ; 9.600e+00 ; 2.800e+00 ; 1.9000000e+00 ; 2.2500000e+02 
3.500e+01 ; 9.600e+00 ; 2.800e+00 ; 1.9010000e+00 ; 2.2500000e+02 
3.500e+01 ; 9.600e+00 ; 2.800e+00 ; 1.9020000e+00 ; 2.2500000e+02 
3.500e+01 ; 9.600e+00 ; 2.800e+00 ; 1.9030000e+00 ; 2.2500000e+02 
3.500e+01 ; 9.600e+00 ; 2.800e+00 ; 1.9050000e+00 ; 2.2500000e+02 
3.500e+01 ; 9.600e+00 ; 2.800e+00 ; 1.9090000e+00 ; 2.2500000e+02 
3.500e+01 ; 9.600e+00 ; 2.800e+00 ; 1.9170000e+00 ; 2.2500000e+02 
3.500e+01 ; 9.600e+00 ; 2.800e+00 ; 1.9330000e+00 ; 2.2500000e+02 
3.500e+01 ; 9.600e+00 ; 2.800e+00 ; 1.9650000e+00 ; 2.2500000e+02 
3.500e+01 ; 9.600e+00 ; 2.800e+00 ; 2.0290000e+00 ; 2.2500000e+02 
3.500e+01 ; 9.600e+00 ; 2.800e+00 ; 2.1570000e+00 ; 2.2500000e+02 
3.500e+01 ; 9.600e+00 ; 2.800e+00 ; 2.4130000e+00 ; 2.2500000e+02 
3.500e+01 ; 9.600e+00 ; 2.800e+00 ; 2.8500000e+00 ; 2.2500000e+02 
3.500e+01 ; 9.600e+00 ; 2.800e+00 ; 2.8500000e+00 ; 2.2500000e+02 
3.500e+01 ; 9.600e+00 ; 2.800e+00 ; 2.8510000e+00 ; 2.2500000e+02 
3.500e+01 ; 9.600e+00 ; 2.800e+00 ; 2.8520000e+00 ; 2.2500000e+02 
3.500e+01 ; 9.600e+00 ; 2.800e+00 ; 2.8530000e+00 ; 2.2500000e+02 
3.500e+01 ; 9.600e+00 ; 2.800e+00 ; 2.8550000e+00 ; 2.2500000e+02 
3.500e+01 ; 9.600e+00 ; 2.800e+00 ; 2.8590000e+00 ; 2.2500000e+02 
3.500e+01 ; 9.600e+00 ; 2.800e+00 ; 2.8670000e+00 ; 2.2500000e+02 
3.500e+01 ; 9.600e+00 ; 2.800e+00 ; 2.8830000e+00 ; 2.2500000e+02 
3.500e+01 ; 9.600e+00 ; 2.800e+00 ; 2.9150000e+00 ; 2.2500000e+02 
3.500e+01 ; 9.600e+00 ; 2.800e+00 ; 2.9790000e+00 ; 2.2500000e+02 
3.500e+01 ; 9.600e+00 ; 2.800e+00 ; 3.1070000e+00 ; 2.2500000e+02 
3.500e+01 ; 9.600e+00 ; 2.800e+00 ; 3.3630000e+00 ; 2.2500000e+02 
3.500e+01 ; 9.600e+00 ; 2.800e+00 ; 3.8000000e+00 ; 2.2500000e+02 
3.500e+01 ; 9.600e+00 ; 2.800e+00 ; 3.8000000e+00 ; 2.2500000e+02 
3.500e+01 ; 9.600e+00 ; 2.800e+00 ; 3.8010000e+00 ; 2.2500000e+02 
3.500e+01 ; 9.600e+00 ; 2.800e+00 ; 3.8020000e+00 ; 2.2500000e+02 
3.500e+01 ; 9.600e+00 ; 2.800e+00 ; 3.8030000e+00 ; 2.2500000e+02 
3.500e+01 ; 9.600e+00 ; 2.800e+00 ; 3.8050000e+00 ; 2.2500000e+02 
3.500e+01 ; 9.600e+00 ; 2.800e+00 ; 3.8090000e+00 ; 2.2500000e+02 
3.500e+01 ; 9.600e+00 ; 2.800e+00 ; 3.8170000e+00 ; 2.2500000e+02 
3.500e+01 ; 9.600e+00 ; 2.800e+00 ; 3.8330000e+00 ; 2.2500000e+02 
3.500e+01 ; 9.600e+00 ; 2.800e+00 ; 3.8649999e+00 ; 2.2500000e+02 
3.500e+01 ; 9.600e+00 ; 2.800e+00 ; 3.9289999e+00 ; 2.2500000e+02 
3.500e+01 ; 9.600e+00 ; 2.800e+00 ; 4.0570000e+00 ; 2.2500000e+02 
3.500e+01 ; 9.600e+00 ; 2.800e+00 ; 4.3130000e+00 ; 2.2500000e+02 
3.500e+01 ; 9.600e+00 ; 2.800e+00 ; 4.7499999e+00 ; 2.2500000e+02 
3.500e+01 ; 9.600e+00 ; 2.800e+00 ; 4.7499999e+00 ; 2.2500000e+02 
3.500e+01 ; 9.600e+00 ; 2.800e+00 ; 4.7509999e+00 ; 2.2500000e+02 
3.500e+01 ; 9.600e+00 ; 2.800e+00 ; 4.7519999e+00 ; 2.2500000e+02 
3.500e+01 ; 9.600e+00 ; 2.800e+00 ; 4.7529999e+00 ; 2.2500000e+02 
3.500e+01 ; 9.600e+00 ; 2.800e+00 ; 4.7549999e+00 ; 2.2500000e+02 
3.500e+01 ; 9.600e+00 ; 2.800e+00 ; 4.7589999e+00 ; 2.2500000e+02 
3.500e+01 ; 9.600e+00 ; 2.800e+00 ; 4.7669999e+00 ; 2.2500000e+02 
3.500e+01 ; 9.600e+00 ; 2.800e+00 ; 4.7829999e+00 ; 2.2500000e+02 
3.500e+01 ; 9.600e+00 ; 2.800e+00 ; 4.8149999e+00 ; 2.2500000e+02 
3.500e+01 ; 9.600e+00 ; 2.800e+00 ; 4.8789999e+00 ; 2.2500000e+02 
3.500e+01 ; 9.600e+00 ; 2.800e+00 ; 5.0069999e+00 ; 2.2500000e+02 
3.500e+01 ; 9.600e+00 ; 2.800e+00 ; 5.2630000e+00 ; 2.2500000e+02 
3.500e+01 ; 9.600e+00 ; 2.800e+00 ; 5.6999999e+00 ; 2.2500000e+02 
3.500e+01 ; 9.600e+00 ; 2.800e+00 ; 5.6999999e+00 ; 2.2500000e+02 
3.500e+01 ; 9.600e+00 ; 2.800e+00 ; 5.7009999e+00 ; 2.2500000e+02 
3.500e+01 ; 9.600e+00 ; 2.800e+00 ; 5.7019999e+00 ; 2.2500000e+02 
3.500e+01 ; 9.600e+00 ; 2.800e+00 ; 5.7029999e+00 ; 2.2500000e+02 
3.500e+01 ; 9.600e+00 ; 2.800e+00 ; 5.7049999e+00 ; 2.2500000e+02 
3.500e+01 ; 9.600e+00 ; 2.800e+00 ; 5.7089999e+00 ; 2.2500000e+02 
3.500e+01 ; 9.600e+00 ; 2.800e+00 ; 5.7169999e+00 ; 2.2500000e+02 
3.500e+01 ; 9.600e+00 ; 2.800e+00 ; 5.7329999e+00 ; 2.2500000e+02 
3.500e+01 ; 9.600e+00 ; 2.800e+00 ; 5.7649999e+00 ; 2.2500000e+02 
3.500e+01 ; 9.600e+00 ; 2.800e+00 ; 5.8289999e+00 ; 2.2500000e+02 
3.500e+01 ; 9.600e+00 ; 2.800e+00 ; 5.9569999e+00 ; 2.2500000e+02 
3.500e+01 ; 9.600e+00 ; 2.800e+00 ; 6.2129999e+00 ; 2.2500000e+02 
3.500e+01 ; 9.600e+00 ; 2.800e+00 ; 6.6499999e+00 ; 2.2500000e+02 
3.500e+01 ; 9.600e+00 ; 2.800e+00 ; 6.6499999e+00 ; 2.2500000e+02 
3.500e+01 ; 9.600e+00 ; 2.800e+00 ; 6.6509999e+00 ; 2.2500000e+02 
3.500e+01 ; 9.600e+00 ; 2.800e+00 ; 6.6519999e+00 ; 2.2500000e+02 
3.500e+01 ; 9.600e+00 ; 2.800e+00 ; 6.6529999e+00 ; 2.2500000e+02 
3.500e+01 ; 9.600e+00 ; 2.800e+00 ; 6.6549999e+00 ; 2.2500000e+02 
3.500e+01 ; 9.600e+00 ; 2.800e+00 ; 6.6589999e+00 ; 2.2500000e+02 
3.500e+01 ; 9.600e+00 ; 2.800e+00 ; 6.6669999e+00 ; 2.2500000e+02 
3.500e+01 ; 9.600e+00 ; 2.800e+00 ; 6.6829999e+00 ; 2.2500000e+02 
3.500e+01 ; 9.600e+00 ; 2.800e+00 ; 6.7149999e+00 ; 2.2500000e+02 
3.500e+01 ; 9.600e+00 ; 2.800e+00 ; 6.7789999e+00 ; 2.2500000e+02 
3.500e+01 ; 9.600e+00 ; 2.800e+00 ; 6.9069999e+00 ; 2.2500000e+02 
3.500e+01 ; 9.600e+00 ; 2.800e+00 ; 7.1629999e+00 ; 2.2500000e+02 
3.500e+01 ; 9.600e+00 ; 2.800e+00 ; 7.5999999e+00 ; 2.2500000e+02 
3.500e+01 ; 9.600e+00 ; 2.800e+00 ; 7.5999999e+00 ; 2.2500000e+02 
3.500e+01 ; 9.600e+00 ; 2.800e+00 ; 7.6009999e+00 ; 2.2500000e+02 
3.500e+01 ; 9.600e+00 ; 2.800e+00 ; 7.6019999e+00 ; 2.2500000e+02 
3.500e+01 ; 9.600e+00 ; 2.800e+00 ; 7.6029999e+00 ; 2.2500000e+02 
3.500e+01 ; 9.600e+00 ; 2.800e+00 ; 7.6049999e+00 ; 2.2500000e+02 
3.500e+01 ; 9.600e+00 ; 2.800e+00 ; 7.6089999e+00 ; 2.2500000e+02 
3.500e+01 ; 9.600e+00 ; 2.800e+00 ; 7.6169999e+00 ; 2.2500000e+02 
3.500e+01 ; 9.600e+00 ; 2.800e+00 ; 7.6329999e+00 ; 2.2500000e+02 
3.500e+01 ; 9.600e+00 ; 2.800e+00 ; 7.6649999e+00 ; 2.2500000e+02 
3.500e+01 ; 9.600e+00 ; 2.800e+00 ; 7.7289999e+00 ; 2.2500000e+02 
3.500e+01 ; 9.600e+00 ; 2.800e+00 ; 7.8569999e+00 ; 2.2500000e+02 
3.500e+01 ; 9.600e+00 ; 2.800e+00 ; 8.1129999e+00 ; 2.2500000e+02 
3.500e+01 ; 9.600e+00 ; 2.800e+00 ; 8.5499999e+00 ; 2.2500000e+02 
3.500e+01 ; 9.600e+00 ; 2.800e+00 ; 8.5499999e+00 ; 2.2500000e+02 
3.500e+01 ; 9.600e+00 ; 2.800e+00 ; 8.5509999e+00 ; 2.2500000e+02 
3.500e+01 ; 9.600e+00 ; 2.800e+00 ; 8.5519999e+00 ; 2.2500000e+02 
3.500e+01 ; 9.600e+00 ; 2.800e+00 ; 8.5529999e+00 ; 2.2500000e+02 
3.500e+01 ; 9.600e+00 ; 2.800e+00 ; 8.5549999e+00 ; 2.2500000e+02 
3.500e+01 ; 9.600e+00 ; 2.800e+00 ; 8.5589999e+00 ; 2.2500000e+02 
3.500e+01 ; 9.600e+00 ; 2.800e+00 ; 8.5669999e+00 ; 2.2500000e+02 
3.500e+01 ; 9.600e+00 ; 2.800e+00 ; 8.5829999e+00 ; 2.2500000e+02 
3.500e+01 ; 9.600e+00 ; 2.800e+00 ; 8.6149999e+00 ; 2.2500000e+02 
3.500e+01 ; 9.600e+00 ; 2.800e+00 ; 8.6789999e+00 ; 2.2500000e+02 
3.500e+01 ; 9.600e+00 ; 2.800e+00 ; 8.8069999e+00 ; 2.2500000e+02 
3.500e+01 ; 9.600e+00 ; 2.800e+00 ; 9.0629999e+00 ; 2.2500000e+02 
3.500e+01 ; 9.600e+00 ; 2.800e+00 ; 9.4999999e+00 ; 2.2500000e+02 
3.500e+01 ; 9.600e+00 ; 2.800e+00 ; 9.4999999e+00 ; 2.2500000e+02 
3.500e+01 ; 9.600e+00 ; 2.800e+00 ; 9.5009999e+00 ; 2.2500000e+02 
3.500e+01 ; 9.600e+00 ; 2.800e+00 ; 9.5019999e+00 ; 2.2500000e+02 
3.500e+01 ; 9.600e+00 ; 2.800e+00 ; 9.5029999e+00 ; 2.2500000e+02 
3.500e+01 ; 9.600e+00 ; 2.800e+00 ; 9.5049999e+00 ; 2.2500000e+02 
3.500e+01 ; 9.600e+00 ; 2.800e+00 ; 9.5089999e+00 ; 2.2500000e+02 
3.500e+01 ; 9.600e+00 ; 2.800e+00 ; 9.5169999e+00 ; 2.2500000e+02 
3.500e+01 ; 9.600e+00 ; 2.800e+00 ; 9.5329999e+00 ; 2.2500000e+02 
3.500e+01 ; 9.600e+00 ; 2.800e+00 ; 9.5649999e+00 ; 2.2500000e+02 
3.500e+01 ; 9.600e+00 ; 2.800e+00 ; 9.6289999e+00 ; 2.2500000e+02 
3.500e+01 ; 9.600e+00 ; 2.800e+00 ; 9.7569999e+00 ; 2.2500000e+02 
3.500e+01 ; 9.600e+00 ; 2.800e+00 ; 1.0013000e+01 ; 2.2500000e+02 
3.500e+01 ; 9.600e+00 ; 2.800e+00 ; 1.0450000e+01 ; 2.2500000e+02 
3.500e+01 ; 9.600e+00 ; 2.800e+00 ; 1.0450000e+01 ; 2.2500000e+02 
3.500e+01 ; 9.600e+00 ; 2.800e+00 ; 1.0451000e+01 ; 2.2500000e+02 
3.500e+01 ; 9.600e+00 ; 2.800e+00 ; 1.0452000e+01 ; 2.2500000e+02 
3.500e+01 ; 9.600e+00 ; 2.800e+00 ; 1.0453000e+01 ; 2.2500000e+02 
3.500e+01 ; 9.600e+00 ; 2.800e+00 ; 1.0455000e+01 ; 2.2500000e+02 
3.500e+01 ; 9.600e+00 ; 2.800e+00 ; 1.0459000e+01 ; 2.2500000e+02 
3.500e+01 ; 9.600e+00 ; 2.800e+00 ; 1.0467000e+01 ; 2.2500000e+02 
3.500e+01 ; 9.600e+00 ; 2.800e+00 ; 1.0483000e+01 ; 2.2500000e+02 
3.500e+01 ; 9.600e+00 ; 2.800e+00 ; 1.0515000e+01 ; 2.2500000e+02 
3.500e+01 ; 9.600e+00 ; 2.800e+00 ; 1.0579000e+01 ; 2.2500000e+02 
3.500e+01 ; 9.600e+00 ; 2.800e+00 ; 1.0707000e+01 ; 2.2500000e+02 
3.500e+01 ; 9.600e+00 ; 2.800e+00 ; 1.0963000e+01 ; 2.2500000e+02 
3.500e+01 ; 9.600e+00 ; 2.800e+00 ; 1.1400000e+01 ; 2.2500000e+02 
3.500e+01 ; 9.600e+00 ; 2.800e+00 ; 1.1400000e+01 ; 2.2500000e+02 
3.500e+01 ; 9.600e+00 ; 2.800e+00 ; 1.1401000e+01 ; 2.2500000e+02 
3.500e+01 ; 9.600e+00 ; 2.800e+00 ; 1.1402000e+01 ; 2.2500000e+02 
3.500e+01 ; 9.600e+00 ; 2.800e+00 ; 1.1403000e+01 ; 2.2500000e+02 
3.500e+01 ; 9.600e+00 ; 2.800e+00 ; 1.1405000e+01 ; 2.2500000e+02 
3.500e+01 ; 9.600e+00 ; 2.800e+00 ; 1.1409000e+01 ; 2.2500000e+02 
3.500e+01 ; 9.600e+00 ; 2.800e+00 ; 1.1417000e+01 ; 2.2500000e+02 
3.500e+01 ; 9.600e+00 ; 2.800e+00 ; 1.1433000e+01 ; 2.2500000e+02 
3.500e+01 ; 9.600e+00 ; 2.800e+00 ; 1.1465000e+01 ; 2.2500000e+02 
3.500e+01 ; 9.600e+00 ; 2.800e+00 ; 1.1529000e+01 ; 2.2500000e+02 
3.500e+01 ; 9.600e+00 ; 2.800e+00 ; 1.1657000e+01 ; 2.2500000e+02 
3.500e+01 ; 9.600e+00 ; 2.800e+00 ; 1.1913000e+01 ; 2.2500000e+02 
3.500e+01 ; 9.600e+00 ; 2.800e+00 ; 1.2350000e+01 ; 2.2500000e+02 
3.500e+01 ; 9.600e+00 ; 2.800e+00 ; 1.2350000e+01 ; 2.2500000e+02 
3.500e+01 ; 9.600e+00 ; 2.800e+00 ; 1.2351000e+01 ; 2.2500000e+02 
3.500e+01 ; 9.600e+00 ; 2.800e+00 ; 1.2352000e+01 ; 2.2500000e+02 
3.500e+01 ; 9.600e+00 ; 2.800e+00 ; 1.2353000e+01 ; 2.2500000e+02 
3.500e+01 ; 9.600e+00 ; 2.800e+00 ; 1.2355000e+01 ; 2.2500000e+02 
3.500e+01 ; 9.600e+00 ; 2.800e+00 ; 1.2359000e+01 ; 2.2500000e+02 
3.500e+01 ; 9.600e+00 ; 2.800e+00 ; 1.2367000e+01 ; 2.2500000e+02 
3.500e+01 ; 9.600e+00 ; 2.800e+00 ; 1.2383000e+01 ; 2.2500000e+02 
3.500e+01 ; 9.600e+00 ; 2.800e+00 ; 1.2415000e+01 ; 2.2500000e+02 
3.500e+01 ; 9.600e+00 ; 2.800e+00 ; 1.2479000e+01 ; 2.2500000e+02 
3.500e+01 ; 9.600e+00 ; 2.800e+00 ; 1.2607000e+01 ; 2.2500000e+02 
3.500e+01 ; 9.600e+00 ; 2.800e+00 ; 1.2863000e+01 ; 2.2500000e+02 
3.500e+01 ; 9.600e+00 ; 2.800e+00 ; 1.3300000e+01 ; 2.2500000e+02 
3.500e+01 ; 9.600e+00 ; 2.800e+00 ; 1.3300000e+01 ; 2.2500000e+02 
3.500e+01 ; 9.600e+00 ; 2.800e+00 ; 1.3301000e+01 ; 2.2500000e+02 
3.500e+01 ; 9.600e+00 ; 2.800e+00 ; 1.3302000e+01 ; 2.2500000e+02 
3.500e+01 ; 9.600e+00 ; 2.800e+00 ; 1.3303000e+01 ; 2.2500000e+02 
3.500e+01 ; 9.600e+00 ; 2.800e+00 ; 1.3305000e+01 ; 2.2500000e+02 
3.500e+01 ; 9.600e+00 ; 2.800e+00 ; 1.3309000e+01 ; 2.2500000e+02 
3.500e+01 ; 9.600e+00 ; 2.800e+00 ; 1.3317000e+01 ; 2.2500000e+02 
3.500e+01 ; 9.600e+00 ; 2.800e+00 ; 1.3333000e+01 ; 2.2500000e+02 
3.500e+01 ; 9.600e+00 ; 2.800e+00 ; 1.3365000e+01 ; 2.2500000e+02 
3.500e+01 ; 9.600e+00 ; 2.800e+00 ; 1.3429000e+01 ; 2.2500000e+02 
3.500e+01 ; 9.600e+00 ; 2.800e+00 ; 1.3557000e+01 ; 2.2500000e+02 
3.500e+01 ; 9.600e+00 ; 2.800e+00 ; 1.3813000e+01 ; 2.2500000e+02 
3.500e+01 ; 9.600e+00 ; 2.800e+00 ; 1.4250000e+01 ; 2.2500000e+02 
3.500e+01 ; 9.600e+00 ; 2.800e+00 ; 1.4250000e+01 ; 2.2500000e+02 
3.500e+01 ; 9.600e+00 ; 2.800e+00 ; 1.4251000e+01 ; 2.2500000e+02 
3.500e+01 ; 9.600e+00 ; 2.800e+00 ; 1.4252000e+01 ; 2.2500000e+02 
3.500e+01 ; 9.600e+00 ; 2.800e+00 ; 1.4253000e+01 ; 2.2500000e+02 
3.500e+01 ; 9.600e+00 ; 2.800e+00 ; 1.4255000e+01 ; 2.2500000e+02 
3.500e+01 ; 9.600e+00 ; 2.800e+00 ; 1.4259000e+01 ; 2.2500000e+02 
3.500e+01 ; 9.600e+00 ; 2.800e+00 ; 1.4267000e+01 ; 2.2500000e+02 
3.500e+01 ; 9.600e+00 ; 2.800e+00 ; 1.4283000e+01 ; 2.2500000e+02 
3.500e+01 ; 9.600e+00 ; 2.800e+00 ; 1.4315000e+01 ; 2.2500000e+02 
3.500e+01 ; 9.600e+00 ; 2.800e+00 ; 1.4379000e+01 ; 2.2500000e+02 
3.500e+01 ; 9.600e+00 ; 2.800e+00 ; 1.4507000e+01 ; 2.2500000e+02 
3.500e+01 ; 9.600e+00 ; 2.800e+00 ; 1.4763000e+01 ; 2.2500000e+02 
3.500e+01 ; 9.600e+00 ; 2.800e+00 ; 1.5200000e+01 ; 2.2500000e+02 
3.500e+01 ; 9.600e+00 ; 2.800e+00 ; 1.5200000e+01 ; 2.2500000e+02 
3.500e+01 ; 9.600e+00 ; 2.800e+00 ; 1.5201000e+01 ; 2.2500000e+02 
3.500e+01 ; 9.600e+00 ; 2.800e+00 ; 1.5202000e+01 ; 2.2500000e+02 
3.500e+01 ; 9.600e+00 ; 2.800e+00 ; 1.5203000e+01 ; 2.2500000e+02 
3.500e+01 ; 9.600e+00 ; 2.800e+00 ; 1.5205000e+01 ; 2.2500000e+02 
3.500e+01 ; 9.600e+00 ; 2.800e+00 ; 1.5209000e+01 ; 2.2500000e+02 
3.500e+01 ; 9.600e+00 ; 2.800e+00 ; 1.5217000e+01 ; 2.2500000e+02 
3.500e+01 ; 9.600e+00 ; 2.800e+00 ; 1.5233000e+01 ; 2.2500000e+02 
3.500e+01 ; 9.600e+00 ; 2.800e+00 ; 1.5265000e+01 ; 2.2500000e+02 
3.500e+01 ; 9.600e+00 ; 2.800e+00 ; 1.5329000e+01 ; 2.2500000e+02 
3.500e+01 ; 9.600e+00 ; 2.800e+00 ; 1.5457000e+01 ; 2.2500000e+02 
3.500e+01 ; 9.600e+00 ; 2.800e+00 ; 1.5713000e+01 ; 2.2500000e+02 
3.500e+01 ; 9.600e+00 ; 2.800e+00 ; 1.6150000e+01 ; 2.2500000e+02 
3.500e+01 ; 9.600e+00 ; 2.800e+00 ; 1.6150000e+01 ; 2.2500000e+02 
3.500e+01 ; 9.600e+00 ; 2.800e+00 ; 1.6151000e+01 ; 2.2500000e+02 
3.500e+01 ; 9.600e+00 ; 2.800e+00 ; 1.6152000e+01 ; 2.2500000e+02 
3.500e+01 ; 9.600e+00 ; 2.800e+00 ; 1.6153000e+01 ; 2.2500000e+02 
3.500e+01 ; 9.600e+00 ; 2.800e+00 ; 1.6155000e+01 ; 2.2500000e+02 
3.500e+01 ; 9.600e+00 ; 2.800e+00 ; 1.6159000e+01 ; 2.2500000e+02 
3.500e+01 ; 9.600e+00 ; 2.800e+00 ; 1.6167000e+01 ; 2.2500000e+02 
3.500e+01 ; 9.600e+00 ; 2.800e+00 ; 1.6183000e+01 ; 2.2500000e+02 
3.500e+01 ; 9.600e+00 ; 2.800e+00 ; 1.6215000e+01 ; 2.2500000e+02 
3.500e+01 ; 9.600e+00 ; 2.800e+00 ; 1.6279000e+01 ; 2.2500000e+02 
3.500e+01 ; 9.600e+00 ; 2.800e+00 ; 1.6407000e+01 ; 2.2500000e+02 
3.500e+01 ; 9.600e+00 ; 2.800e+00 ; 1.6663000e+01 ; 2.2500000e+02 
3.500e+01 ; 9.600e+00 ; 2.800e+00 ; 1.7100000e+01 ; 2.2500000e+02 
3.500e+01 ; 9.600e+00 ; 2.800e+00 ; 1.7100000e+01 ; 2.2500000e+02 
3.500e+01 ; 9.600e+00 ; 2.800e+00 ; 1.7101000e+01 ; 2.2500000e+02 
3.500e+01 ; 9.600e+00 ; 2.800e+00 ; 1.7102000e+01 ; 2.2500000e+02 
3.500e+01 ; 9.600e+00 ; 2.800e+00 ; 1.7103000e+01 ; 2.2500000e+02 
3.500e+01 ; 9.600e+00 ; 2.800e+00 ; 1.7105000e+01 ; 2.2500000e+02 
3.500e+01 ; 9.600e+00 ; 2.800e+00 ; 1.7109000e+01 ; 2.2500000e+02 
3.500e+01 ; 9.600e+00 ; 2.800e+00 ; 1.7117000e+01 ; 2.2500000e+02 
3.500e+01 ; 9.600e+00 ; 2.800e+00 ; 1.7133000e+01 ; 2.2500000e+02 
3.500e+01 ; 9.600e+00 ; 2.800e+00 ; 1.7165000e+01 ; 2.2500000e+02 
3.500e+01 ; 9.600e+00 ; 2.800e+00 ; 1.7229000e+01 ; 2.2500000e+02 
3.500e+01 ; 9.600e+00 ; 2.800e+00 ; 1.7357000e+01 ; 2.2500000e+02 
3.500e+01 ; 9.600e+00 ; 2.800e+00 ; 1.7613000e+01 ; 2.2500000e+02 
3.500e+01 ; 9.600e+00 ; 2.800e+00 ; 1.8050000e+01 ; 2.2500000e+02 
3.500e+01 ; 9.600e+00 ; 2.800e+00 ; 1.8050000e+01 ; 2.2500000e+02 
3.500e+01 ; 9.600e+00 ; 2.800e+00 ; 1.8051000e+01 ; 2.2500000e+02 
3.500e+01 ; 9.600e+00 ; 2.800e+00 ; 1.8052000e+01 ; 2.2500000e+02 
3.500e+01 ; 9.600e+00 ; 2.800e+00 ; 1.8053000e+01 ; 2.2500000e+02 
3.500e+01 ; 9.600e+00 ; 2.800e+00 ; 1.8055000e+01 ; 2.2500000e+02 
3.500e+01 ; 9.600e+00 ; 2.800e+00 ; 1.8059000e+01 ; 2.2500000e+02 
3.500e+01 ; 9.600e+00 ; 2.800e+00 ; 1.8067000e+01 ; 2.2500000e+02 
3.500e+01 ; 9.600e+00 ; 2.800e+00 ; 1.8083000e+01 ; 2.2500000e+02 
3.500e+01 ; 9.600e+00 ; 2.800e+00 ; 1.8115000e+01 ; 2.2500000e+02 
3.500e+01 ; 9.600e+00 ; 2.800e+00 ; 1.8179000e+01 ; 2.2500000e+02 
3.500e+01 ; 9.600e+00 ; 2.800e+00 ; 1.8307000e+01 ; 2.2500000e+02 
3.500e+01 ; 9.600e+00 ; 2.800e+00 ; 1.8563000e+01 ; 2.2500000e+02 
3.500e+01 ; 9.600e+00 ; 2.800e+00 ; 1.9000000e+01 ; 2.2500000e+02 
3.500e+01 ; 9.600e+00 ; 2.800e+00 ; 1.9000000e+01 ; 2.2500000e+02 
3.500e+01 ; 9.600e+00 ; 2.800e+00 ; 1.9001000e+01 ; 2.2500000e+02 
3.500e+01 ; 9.600e+00 ; 2.800e+00 ; 1.9002000e+01 ; 2.2500000e+02 
3.500e+01 ; 9.600e+00 ; 2.800e+00 ; 1.9003000e+01 ; 2.2500000e+02 
3.500e+01 ; 9.600e+00 ; 2.800e+00 ; 1.9005000e+01 ; 2.2500000e+02 
3.500e+01 ; 9.600e+00 ; 2.800e+00 ; 1.9009000e+01 ; 2.2500000e+02 
3.500e+01 ; 9.600e+00 ; 2.800e+00 ; 1.9017000e+01 ; 2.2500000e+02 
3.500e+01 ; 9.600e+00 ; 2.800e+00 ; 1.9033000e+01 ; 2.2500000e+02 
3.500e+01 ; 9.600e+00 ; 2.800e+00 ; 1.9065000e+01 ; 2.2500000e+02 
3.500e+01 ; 9.600e+00 ; 2.800e+00 ; 1.9129000e+01 ; 2.2500000e+02 
3.500e+01 ; 9.600e+00 ; 2.800e+00 ; 1.9257000e+01 ; 2.2500000e+02 
3.500e+01 ; 9.600e+00 ; 2.800e+00 ; 1.9513000e+01 ; 2.2500000e+02 
3.500e+01 ; 9.600e+00 ; 2.800e+00 ; 1.9950000e+01 ; 2.2500000e+02 
3.500e+01 ; 9.600e+00 ; 2.800e+00 ; 1.9950000e+01 ; 2.2500000e+02 
3.500e+01 ; 9.600e+00 ; 2.800e+00 ; 1.9951000e+01 ; 2.2500000e+02 
3.500e+01 ; 9.600e+00 ; 2.800e+00 ; 1.9952000e+01 ; 2.2500000e+02 
3.500e+01 ; 9.600e+00 ; 2.800e+00 ; 1.9953000e+01 ; 2.2500000e+02 
3.500e+01 ; 9.600e+00 ; 2.800e+00 ; 1.9955000e+01 ; 2.2500000e+02 
3.500e+01 ; 9.600e+00 ; 2.800e+00 ; 1.9959000e+01 ; 2.2500000e+02 
3.500e+01 ; 9.600e+00 ; 2.800e+00 ; 1.9967000e+01 ; 2.2500000e+02 
3.500e+01 ; 9.600e+00 ; 2.800e+00 ; 1.9983000e+01 ; 2.2500000e+02 
3.500e+01 ; 9.600e+00 ; 2.800e+00 ; 2.0015000e+01 ; 2.2500000e+02 
3.500e+01 ; 9.600e+00 ; 2.800e+00 ; 2.0079000e+01 ; 2.2500000e+02 
3.500e+01 ; 9.600e+00 ; 2.800e+00 ; 2.0207000e+01 ; 2.2500000e+02 
3.500e+01 ; 9.600e+00 ; 2.800e+00 ; 2.0463000e+01 ; 2.2500000e+02 
3.500e+01 ; 9.600e+00 ; 2.800e+00 ; 2.0900000e+01 ; 2.2500000e+02 
3.500e+01 ; 9.600e+00 ; 2.800e+00 ; 2.0900000e+01 ; 2.2500000e+02 
3.500e+01 ; 9.600e+00 ; 2.800e+00 ; 2.0901000e+01 ; 2.2500000e+02 
3.500e+01 ; 9.600e+00 ; 2.800e+00 ; 2.0902000e+01 ; 2.2500000e+02 
3.500e+01 ; 9.600e+00 ; 2.800e+00 ; 2.0903000e+01 ; 2.2500000e+02 
3.500e+01 ; 9.600e+00 ; 2.800e+00 ; 2.0905000e+01 ; 2.2500000e+02 
3.500e+01 ; 9.600e+00 ; 2.800e+00 ; 2.0909000e+01 ; 2.2500000e+02 
3.500e+01 ; 9.600e+00 ; 2.800e+00 ; 2.0917000e+01 ; 2.2500000e+02 
3.500e+01 ; 9.600e+00 ; 2.800e+00 ; 2.0933000e+01 ; 2.2500000e+02 
3.500e+01 ; 9.600e+00 ; 2.800e+00 ; 2.0965000e+01 ; 2.2500000e+02 
3.500e+01 ; 9.600e+00 ; 2.800e+00 ; 2.1029000e+01 ; 2.2500000e+02 
3.500e+01 ; 9.600e+00 ; 2.800e+00 ; 2.1157000e+01 ; 2.2500000e+02 
3.500e+01 ; 9.600e+00 ; 2.800e+00 ; 2.1413000e+01 ; 2.2500000e+02 
3.500e+01 ; 9.600e+00 ; 2.800e+00 ; 2.1850000e+01 ; 2.2500000e+02 
3.500e+01 ; 9.600e+00 ; 2.800e+00 ; 2.1850000e+01 ; 2.2500000e+02 
3.500e+01 ; 9.600e+00 ; 2.800e+00 ; 2.1851000e+01 ; 2.2500000e+02 
3.500e+01 ; 9.600e+00 ; 2.800e+00 ; 2.1852000e+01 ; 2.2500000e+02 
3.500e+01 ; 9.600e+00 ; 2.800e+00 ; 2.1853000e+01 ; 2.2500000e+02 
3.500e+01 ; 9.600e+00 ; 2.800e+00 ; 2.1855000e+01 ; 2.2500000e+02 
3.500e+01 ; 9.600e+00 ; 2.800e+00 ; 2.1859000e+01 ; 2.2500000e+02 
3.500e+01 ; 9.600e+00 ; 2.800e+00 ; 2.1867000e+01 ; 2.2500000e+02 
3.500e+01 ; 9.600e+00 ; 2.800e+00 ; 2.1883000e+01 ; 2.2500000e+02 
3.500e+01 ; 9.600e+00 ; 2.800e+00 ; 2.1915000e+01 ; 2.2500000e+02 
3.500e+01 ; 9.600e+00 ; 2.800e+00 ; 2.1979000e+01 ; 2.2500000e+02 
3.500e+01 ; 9.600e+00 ; 2.800e+00 ; 2.2107000e+01 ; 2.2500000e+02 
3.500e+01 ; 9.600e+00 ; 2.800e+00 ; 2.2363000e+01 ; 2.2500000e+02 
3.500e+01 ; 9.600e+00 ; 2.800e+00 ; 2.2800000e+01 ; 2.2500000e+02 
3.500e+01 ; 9.600e+00 ; 2.800e+00 ; 2.2800000e+01 ; 2.2500000e+02 
3.500e+01 ; 9.600e+00 ; 2.800e+00 ; 2.2801000e+01 ; 2.2500000e+02 
3.500e+01 ; 9.600e+00 ; 2.800e+00 ; 2.2802000e+01 ; 2.2500000e+02 
3.500e+01 ; 9.600e+00 ; 2.800e+00 ; 2.2803000e+01 ; 2.2500000e+02 
3.500e+01 ; 9.600e+00 ; 2.800e+00 ; 2.2805000e+01 ; 2.2500000e+02 
3.500e+01 ; 9.600e+00 ; 2.800e+00 ; 2.2809000e+01 ; 2.2500000e+02 
3.500e+01 ; 9.600e+00 ; 2.800e+00 ; 2.2817000e+01 ; 2.2500000e+02 
3.500e+01 ; 9.600e+00 ; 2.800e+00 ; 2.2833000e+01 ; 2.2500000e+02 
3.500e+01 ; 9.600e+00 ; 2.800e+00 ; 2.2865000e+01 ; 2.2500000e+02 
3.500e+01 ; 9.600e+00 ; 2.800e+00 ; 2.2929000e+01 ; 2.2500000e+02 
3.500e+01 ; 9.600e+00 ; 2.800e+00 ; 2.3057000e+01 ; 2.2500000e+02 
3.500e+01 ; 9.600e+00 ; 2.800e+00 ; 2.3313000e+01 ; 2.2500000e+02 
3.500e+01 ; 9.600e+00 ; 2.800e+00 ; 2.3750000e+01 ; 2.2500000e+02 
3.500e+01 ; 9.600e+00 ; 2.800e+00 ; 2.3750000e+01 ; 2.2500000e+02 
3.500e+01 ; 9.600e+00 ; 2.800e+00 ; 2.3751000e+01 ; 2.2500000e+02 
3.500e+01 ; 9.600e+00 ; 2.800e+00 ; 2.3752000e+01 ; 2.2500000e+02 
3.500e+01 ; 9.600e+00 ; 2.800e+00 ; 2.3753000e+01 ; 2.2500000e+02 
3.500e+01 ; 9.600e+00 ; 2.800e+00 ; 2.3755000e+01 ; 2.2500000e+02 
3.500e+01 ; 9.600e+00 ; 2.800e+00 ; 2.3759000e+01 ; 2.2500000e+02 
3.500e+01 ; 9.600e+00 ; 2.800e+00 ; 2.3767000e+01 ; 2.2500000e+02 
3.500e+01 ; 9.600e+00 ; 2.800e+00 ; 2.3783000e+01 ; 2.2500000e+02 
3.500e+01 ; 9.600e+00 ; 2.800e+00 ; 2.3815000e+01 ; 2.2500000e+02 
3.500e+01 ; 9.600e+00 ; 2.800e+00 ; 2.3879000e+01 ; 2.2500000e+02 
3.500e+01 ; 9.600e+00 ; 2.800e+00 ; 2.4007000e+01 ; 2.2500000e+02 
3.500e+01 ; 9.600e+00 ; 2.800e+00 ; 2.4263000e+01 ; 2.2500000e+02 
3.500e+01 ; 9.600e+00 ; 2.800e+00 ; 2.4700000e+01 ; 2.2500000e+02 
3.500e+01 ; 9.600e+00 ; 2.800e+00 ; 2.4700000e+01 ; 2.2500000e+02 
3.500e+01 ; 9.600e+00 ; 2.800e+00 ; 2.4701000e+01 ; 2.2500000e+02 
3.500e+01 ; 9.600e+00 ; 2.800e+00 ; 2.4702000e+01 ; 2.2500000e+02 
3.500e+01 ; 9.600e+00 ; 2.800e+00 ; 2.4703000e+01 ; 2.2500000e+02 
3.500e+01 ; 9.600e+00 ; 2.800e+00 ; 2.4705000e+01 ; 2.2500000e+02 
3.500e+01 ; 9.600e+00 ; 2.800e+00 ; 2.4709000e+01 ; 2.2500000e+02 
3.500e+01 ; 9.600e+00 ; 2.800e+00 ; 2.4717000e+01 ; 2.2500000e+02 
3.500e+01 ; 9.600e+00 ; 2.800e+00 ; 2.4733000e+01 ; 2.2500000e+02 
3.500e+01 ; 9.600e+00 ; 2.800e+00 ; 2.4765000e+01 ; 2.2500000e+02 
3.500e+01 ; 9.600e+00 ; 2.800e+00 ; 2.4829000e+01 ; 2.2500000e+02 
3.500e+01 ; 9.600e+00 ; 2.800e+00 ; 2.4957000e+01 ; 2.2500000e+02 
3.500e+01 ; 9.600e+00 ; 2.800e+00 ; 2.5213000e+01 ; 2.2500000e+02 
3.500e+01 ; 9.600e+00 ; 2.800e+00 ; 2.5650000e+01 ; 2.2500000e+02 
3.500e+01 ; 9.600e+00 ; 2.800e+00 ; 2.5650000e+01 ; 2.2500000e+02 
3.500e+01 ; 9.600e+00 ; 2.800e+00 ; 2.5651000e+01 ; 2.2500000e+02 
3.500e+01 ; 9.600e+00 ; 2.800e+00 ; 2.5652000e+01 ; 2.2500000e+02 
3.500e+01 ; 9.600e+00 ; 2.800e+00 ; 2.5653000e+01 ; 2.2500000e+02 
3.500e+01 ; 9.600e+00 ; 2.800e+00 ; 2.5655000e+01 ; 2.2500000e+02 
3.500e+01 ; 9.600e+00 ; 2.800e+00 ; 2.5659000e+01 ; 2.2500000e+02 
3.500e+01 ; 9.600e+00 ; 2.800e+00 ; 2.5667000e+01 ; 2.2500000e+02 
3.500e+01 ; 9.600e+00 ; 2.800e+00 ; 2.5683000e+01 ; 2.2500000e+02 
3.500e+01 ; 9.600e+00 ; 2.800e+00 ; 2.5715000e+01 ; 2.2500000e+02 
3.500e+01 ; 9.600e+00 ; 2.800e+00 ; 2.5779000e+01 ; 2.2500000e+02 
3.500e+01 ; 9.600e+00 ; 2.800e+00 ; 2.5907000e+01 ; 2.2500000e+02 
3.500e+01 ; 9.600e+00 ; 2.800e+00 ; 2.6163000e+01 ; 2.2500000e+02 
3.500e+01 ; 9.600e+00 ; 2.800e+00 ; 2.6600000e+01 ; 2.2500000e+02 
3.500e+01 ; 9.600e+00 ; 2.800e+00 ; 2.6600000e+01 ; 2.2500000e+02 
3.500e+01 ; 9.600e+00 ; 2.800e+00 ; 2.6601000e+01 ; 2.2500000e+02 
3.500e+01 ; 9.600e+00 ; 2.800e+00 ; 2.6602000e+01 ; 2.2500000e+02 
3.500e+01 ; 9.600e+00 ; 2.800e+00 ; 2.6603000e+01 ; 2.2500000e+02 
3.500e+01 ; 9.600e+00 ; 2.800e+00 ; 2.6605000e+01 ; 2.2500000e+02 
3.500e+01 ; 9.600e+00 ; 2.800e+00 ; 2.6609000e+01 ; 2.2500000e+02 
3.500e+01 ; 9.600e+00 ; 2.800e+00 ; 2.6617000e+01 ; 2.2500000e+02 
3.500e+01 ; 9.600e+00 ; 2.800e+00 ; 2.6633000e+01 ; 2.2500000e+02 
3.500e+01 ; 9.600e+00 ; 2.800e+00 ; 2.6665000e+01 ; 2.2500000e+02 
3.500e+01 ; 9.600e+00 ; 2.800e+00 ; 2.6729000e+01 ; 2.2500000e+02 
3.500e+01 ; 9.600e+00 ; 2.800e+00 ; 2.6857000e+01 ; 2.2500000e+02 
3.500e+01 ; 9.600e+00 ; 2.800e+00 ; 2.7113000e+01 ; 2.2500000e+02 
3.500e+01 ; 9.600e+00 ; 2.800e+00 ; 2.7550000e+01 ; 2.2500000e+02 
3.500e+01 ; 9.600e+00 ; 2.800e+00 ; 2.7550000e+01 ; 2.2500000e+02 
3.500e+01 ; 9.600e+00 ; 2.800e+00 ; 2.7551000e+01 ; 2.2500000e+02 
3.500e+01 ; 9.600e+00 ; 2.800e+00 ; 2.7552000e+01 ; 2.2500000e+02 
3.500e+01 ; 9.600e+00 ; 2.800e+00 ; 2.7553000e+01 ; 2.2500000e+02 
3.500e+01 ; 9.600e+00 ; 2.800e+00 ; 2.7555000e+01 ; 2.2500000e+02 
3.500e+01 ; 9.600e+00 ; 2.800e+00 ; 2.7559000e+01 ; 2.2500000e+02 
3.500e+01 ; 9.600e+00 ; 2.800e+00 ; 2.7567000e+01 ; 2.2500000e+02 
3.500e+01 ; 9.600e+00 ; 2.800e+00 ; 2.7583000e+01 ; 2.2500000e+02 
3.500e+01 ; 9.600e+00 ; 2.800e+00 ; 2.7615000e+01 ; 2.2500000e+02 
3.500e+01 ; 9.600e+00 ; 2.800e+00 ; 2.7679000e+01 ; 2.2500000e+02 
3.500e+01 ; 9.600e+00 ; 2.800e+00 ; 2.7807000e+01 ; 2.2500000e+02 
3.500e+01 ; 9.600e+00 ; 2.800e+00 ; 2.8063000e+01 ; 2.2500000e+02 
3.500e+01 ; 9.600e+00 ; 2.800e+00 ; 2.8500000e+01 ; 2.2500000e+02 
3.500e+01 ; 9.600e+00 ; 2.800e+00 ; 2.8500000e+01 ; 2.2500000e+02 
3.500e+01 ; 9.600e+00 ; 2.800e+00 ; 2.8501000e+01 ; 2.2500000e+02 
3.500e+01 ; 9.600e+00 ; 2.800e+00 ; 2.8502000e+01 ; 2.2500000e+02 
3.500e+01 ; 9.600e+00 ; 2.800e+00 ; 2.8503000e+01 ; 2.2500000e+02 
3.500e+01 ; 9.600e+00 ; 2.800e+00 ; 2.8505000e+01 ; 2.2500000e+02 
3.500e+01 ; 9.600e+00 ; 2.800e+00 ; 2.8509000e+01 ; 2.2500000e+02 
3.500e+01 ; 9.600e+00 ; 2.800e+00 ; 2.8517000e+01 ; 2.2500000e+02 
3.500e+01 ; 9.600e+00 ; 2.800e+00 ; 2.8533000e+01 ; 2.2500000e+02 
3.500e+01 ; 9.600e+00 ; 2.800e+00 ; 2.8565000e+01 ; 2.2500000e+02 
3.500e+01 ; 9.600e+00 ; 2.800e+00 ; 2.8629000e+01 ; 2.2500000e+02 
3.500e+01 ; 9.600e+00 ; 2.800e+00 ; 2.8757000e+01 ; 2.2500000e+02 
3.500e+01 ; 9.600e+00 ; 2.800e+00 ; 2.9013000e+01 ; 2.2500000e+02 
3.500e+01 ; 9.600e+00 ; 2.800e+00 ; 2.9450000e+01 ; 2.2500000e+02 
3.500e+01 ; 9.600e+00 ; 2.800e+00 ; 2.9450000e+01 ; 2.2500000e+02 
3.500e+01 ; 9.600e+00 ; 2.800e+00 ; 2.9451000e+01 ; 2.2500000e+02 
3.500e+01 ; 9.600e+00 ; 2.800e+00 ; 2.9452000e+01 ; 2.2500000e+02 
3.500e+01 ; 9.600e+00 ; 2.800e+00 ; 2.9453000e+01 ; 2.2500000e+02 
3.500e+01 ; 9.600e+00 ; 2.800e+00 ; 2.9455000e+01 ; 2.2500000e+02 
3.500e+01 ; 9.600e+00 ; 2.800e+00 ; 2.9459000e+01 ; 2.2500000e+02 
3.500e+01 ; 9.600e+00 ; 2.800e+00 ; 2.9467000e+01 ; 2.2500000e+02 
3.500e+01 ; 9.600e+00 ; 2.800e+00 ; 2.9483000e+01 ; 2.2500000e+02 
3.500e+01 ; 9.600e+00 ; 2.800e+00 ; 2.9515000e+01 ; 2.2500000e+02 
3.500e+01 ; 9.600e+00 ; 2.800e+00 ; 2.9579000e+01 ; 2.2500000e+02 
3.500e+01 ; 9.600e+00 ; 2.800e+00 ; 2.9707000e+01 ; 2.2500000e+02 
3.500e+01 ; 9.600e+00 ; 2.800e+00 ; 2.9963000e+01 ; 2.2500000e+02 
3.500e+01 ; 9.600e+00 ; 2.800e+00 ; 3.0400000e+01 ; 2.2500000e+02 
3.500e+01 ; 9.600e+00 ; 2.800e+00 ; 3.0400000e+01 ; 2.2500000e+02 
3.500e+01 ; 9.600e+00 ; 2.800e+00 ; 3.0401000e+01 ; 2.2500000e+02 
3.500e+01 ; 9.600e+00 ; 2.800e+00 ; 3.0402000e+01 ; 2.2500000e+02 
3.500e+01 ; 9.600e+00 ; 2.800e+00 ; 3.0403000e+01 ; 2.2500000e+02 
3.500e+01 ; 9.600e+00 ; 2.800e+00 ; 3.0405000e+01 ; 2.2500000e+02 
3.500e+01 ; 9.600e+00 ; 2.800e+00 ; 3.0409000e+01 ; 2.2500000e+02 
3.500e+01 ; 9.600e+00 ; 2.800e+00 ; 3.0417000e+01 ; 2.2500000e+02 
3.500e+01 ; 9.600e+00 ; 2.800e+00 ; 3.0433000e+01 ; 2.2500000e+02 
3.500e+01 ; 9.600e+00 ; 2.800e+00 ; 3.0465000e+01 ; 2.2500000e+02 
3.500e+01 ; 9.600e+00 ; 2.800e+00 ; 3.0529000e+01 ; 2.2500000e+02 
3.500e+01 ; 9.600e+00 ; 2.800e+00 ; 3.0657000e+01 ; 2.2500000e+02 
3.500e+01 ; 9.600e+00 ; 2.800e+00 ; 3.0913000e+01 ; 2.2500000e+02 
3.500e+01 ; 9.600e+00 ; 2.800e+00 ; 3.1350000e+01 ; 2.2500000e+02 
3.500e+01 ; 9.600e+00 ; 2.800e+00 ; 3.1350000e+01 ; 2.2500000e+02 
3.500e+01 ; 9.600e+00 ; 2.800e+00 ; 3.1351000e+01 ; 2.2500000e+02 
3.500e+01 ; 9.600e+00 ; 2.800e+00 ; 3.1352000e+01 ; 2.2500000e+02 
3.500e+01 ; 9.600e+00 ; 2.800e+00 ; 3.1353000e+01 ; 2.2500000e+02 
3.500e+01 ; 9.600e+00 ; 2.800e+00 ; 3.1355000e+01 ; 2.2500000e+02 
3.500e+01 ; 9.600e+00 ; 2.800e+00 ; 3.1359000e+01 ; 2.2500000e+02 
3.500e+01 ; 9.600e+00 ; 2.800e+00 ; 3.1367000e+01 ; 2.2500000e+02 
3.500e+01 ; 9.600e+00 ; 2.800e+00 ; 3.1383000e+01 ; 2.2500000e+02 
3.500e+01 ; 9.600e+00 ; 2.800e+00 ; 3.1415000e+01 ; 2.2500000e+02 
3.500e+01 ; 9.600e+00 ; 2.800e+00 ; 3.1479000e+01 ; 2.2500000e+02 
3.500e+01 ; 9.600e+00 ; 2.800e+00 ; 3.1607000e+01 ; 2.2500000e+02 
3.500e+01 ; 9.600e+00 ; 2.800e+00 ; 3.1863000e+01 ; 2.2500000e+02 
3.500e+01 ; 9.600e+00 ; 2.800e+00 ; 3.2300000e+01 ; 2.2500000e+02 
3.500e+01 ; 9.600e+00 ; 2.800e+00 ; 3.2300000e+01 ; 2.2500000e+02 
3.500e+01 ; 9.600e+00 ; 2.800e+00 ; 3.2301000e+01 ; 2.2500000e+02 
3.500e+01 ; 9.600e+00 ; 2.800e+00 ; 3.2302000e+01 ; 2.2500000e+02 
3.500e+01 ; 9.600e+00 ; 2.800e+00 ; 3.2303000e+01 ; 2.2500000e+02 
3.500e+01 ; 9.600e+00 ; 2.800e+00 ; 3.2305000e+01 ; 2.2500000e+02 
3.500e+01 ; 9.600e+00 ; 2.800e+00 ; 3.2309000e+01 ; 2.2500000e+02 
3.500e+01 ; 9.600e+00 ; 2.800e+00 ; 3.2317000e+01 ; 2.2500000e+02 
3.500e+01 ; 9.600e+00 ; 2.800e+00 ; 3.2333000e+01 ; 2.2500000e+02 
3.500e+01 ; 9.600e+00 ; 2.800e+00 ; 3.2365000e+01 ; 2.2500000e+02 
3.500e+01 ; 9.600e+00 ; 2.800e+00 ; 3.2429000e+01 ; 2.2500000e+02 
3.500e+01 ; 9.600e+00 ; 2.800e+00 ; 3.2557000e+01 ; 2.2500000e+02 
3.500e+01 ; 9.600e+00 ; 2.800e+00 ; 3.2813000e+01 ; 2.2500000e+02 
3.500e+01 ; 9.600e+00 ; 2.800e+00 ; 3.3250000e+01 ; 2.2500000e+02 
3.500e+01 ; 9.600e+00 ; 2.800e+00 ; 3.3250000e+01 ; 2.2500000e+02 
3.500e+01 ; 9.600e+00 ; 2.800e+00 ; 3.3251000e+01 ; 2.2500000e+02 
3.500e+01 ; 9.600e+00 ; 2.800e+00 ; 3.3252000e+01 ; 2.2500000e+02 
3.500e+01 ; 9.600e+00 ; 2.800e+00 ; 3.3253000e+01 ; 2.2500000e+02 
3.500e+01 ; 9.600e+00 ; 2.800e+00 ; 3.3255000e+01 ; 2.2500000e+02 
3.500e+01 ; 9.600e+00 ; 2.800e+00 ; 3.3259000e+01 ; 2.2500000e+02 
3.500e+01 ; 9.600e+00 ; 2.800e+00 ; 3.3267000e+01 ; 2.2500000e+02 
3.500e+01 ; 9.600e+00 ; 2.800e+00 ; 3.3283000e+01 ; 2.2500000e+02 
3.500e+01 ; 9.600e+00 ; 2.800e+00 ; 3.3315000e+01 ; 2.2500000e+02 
3.500e+01 ; 9.600e+00 ; 2.800e+00 ; 3.3379000e+01 ; 2.2500000e+02 
3.500e+01 ; 9.600e+00 ; 2.800e+00 ; 3.3507000e+01 ; 2.2500000e+02 
3.500e+01 ; 9.600e+00 ; 2.800e+00 ; 3.3763000e+01 ; 2.2500000e+02 
3.500e+01 ; 9.600e+00 ; 2.800e+00 ; 3.4200000e+01 ; 2.2500000e+02 
3.500e+01 ; 9.600e+00 ; 2.800e+00 ; 3.4200000e+01 ; 2.2500000e+02 
3.500e+01 ; 9.600e+00 ; 2.800e+00 ; 3.4201000e+01 ; 2.2500000e+02 
3.500e+01 ; 9.600e+00 ; 2.800e+00 ; 3.4202000e+01 ; 2.2500000e+02 
3.500e+01 ; 9.600e+00 ; 2.800e+00 ; 3.4203000e+01 ; 2.2500000e+02 
3.500e+01 ; 9.600e+00 ; 2.800e+00 ; 3.4205000e+01 ; 2.2500000e+02 
3.500e+01 ; 9.600e+00 ; 2.800e+00 ; 3.4209000e+01 ; 2.2500000e+02 
3.500e+01 ; 9.600e+00 ; 2.800e+00 ; 3.4217000e+01 ; 2.2500000e+02 
3.500e+01 ; 9.600e+00 ; 2.800e+00 ; 3.4233000e+01 ; 2.2500000e+02 
3.500e+01 ; 9.600e+00 ; 2.800e+00 ; 3.4265000e+01 ; 2.2500000e+02 
3.500e+01 ; 9.600e+00 ; 2.800e+00 ; 3.4329000e+01 ; 2.2500000e+02 
3.500e+01 ; 9.600e+00 ; 2.800e+00 ; 3.4457000e+01 ; 2.2500000e+02 
3.500e+01 ; 9.600e+00 ; 2.800e+00 ; 3.4713000e+01 ; 2.2500000e+02 
3.500e+01 ; 9.600e+00 ; 2.800e+00 ; 3.5150000e+01 ; 2.2500000e+02 
3.500e+01 ; 9.600e+00 ; 2.800e+00 ; 3.5150000e+01 ; 2.2500000e+02 
3.500e+01 ; 9.600e+00 ; 2.800e+00 ; 3.5151000e+01 ; 2.2500000e+02 
3.500e+01 ; 9.600e+00 ; 2.800e+00 ; 3.5152000e+01 ; 2.2500000e+02 
3.500e+01 ; 9.600e+00 ; 2.800e+00 ; 3.5153000e+01 ; 2.2500000e+02 
3.500e+01 ; 9.600e+00 ; 2.800e+00 ; 3.5155000e+01 ; 2.2500000e+02 
3.500e+01 ; 9.600e+00 ; 2.800e+00 ; 3.5159000e+01 ; 2.2500000e+02 
3.500e+01 ; 9.600e+00 ; 2.800e+00 ; 3.5167000e+01 ; 2.2500000e+02 
3.500e+01 ; 9.600e+00 ; 2.800e+00 ; 3.5183000e+01 ; 2.2500000e+02 
3.500e+01 ; 9.600e+00 ; 2.800e+00 ; 3.5215000e+01 ; 2.2500000e+02 
3.500e+01 ; 9.600e+00 ; 2.800e+00 ; 3.5279000e+01 ; 2.2500000e+02 
3.500e+01 ; 9.600e+00 ; 2.800e+00 ; 3.5407000e+01 ; 2.2500000e+02 
3.500e+01 ; 9.600e+00 ; 2.800e+00 ; 3.5663000e+01 ; 2.2500000e+02 
3.500e+01 ; 9.600e+00 ; 2.800e+00 ; 3.6100000e+01 ; 2.2500000e+02 
3.500e+01 ; 9.600e+00 ; 2.800e+00 ; 3.6100000e+01 ; 2.2500000e+02 
3.500e+01 ; 9.600e+00 ; 2.800e+00 ; 3.6101000e+01 ; 2.2500000e+02 
3.500e+01 ; 9.600e+00 ; 2.800e+00 ; 3.6102000e+01 ; 2.2500000e+02 
3.500e+01 ; 9.600e+00 ; 2.800e+00 ; 3.6103000e+01 ; 2.2500000e+02 
3.500e+01 ; 9.600e+00 ; 2.800e+00 ; 3.6105000e+01 ; 2.2500000e+02 
3.500e+01 ; 9.600e+00 ; 2.800e+00 ; 3.6109000e+01 ; 2.2500000e+02 
3.500e+01 ; 9.600e+00 ; 2.800e+00 ; 3.6117000e+01 ; 2.2500000e+02 
3.500e+01 ; 9.600e+00 ; 2.800e+00 ; 3.6133000e+01 ; 2.2500000e+02 
3.500e+01 ; 9.600e+00 ; 2.800e+00 ; 3.6165000e+01 ; 2.2500000e+02 
3.500e+01 ; 9.600e+00 ; 2.800e+00 ; 3.6229000e+01 ; 2.2500000e+02 
3.500e+01 ; 9.600e+00 ; 2.800e+00 ; 3.6357000e+01 ; 2.2500000e+02 
3.500e+01 ; 9.600e+00 ; 2.800e+00 ; 3.6613000e+01 ; 2.2500000e+02 
3.500e+01 ; 9.600e+00 ; 2.800e+00 ; 3.7050000e+01 ; 2.2500000e+02 
3.500e+01 ; 9.600e+00 ; 2.800e+00 ; 3.7050000e+01 ; 2.2500000e+02 
3.500e+01 ; 9.600e+00 ; 2.800e+00 ; 3.7051000e+01 ; 2.2500000e+02 
3.500e+01 ; 9.600e+00 ; 2.800e+00 ; 3.7052000e+01 ; 2.2500000e+02 
3.500e+01 ; 9.600e+00 ; 2.800e+00 ; 3.7053000e+01 ; 2.2500000e+02 
3.500e+01 ; 9.600e+00 ; 2.800e+00 ; 3.7055000e+01 ; 2.2500000e+02 
3.500e+01 ; 9.600e+00 ; 2.800e+00 ; 3.7059000e+01 ; 2.2500000e+02 
3.500e+01 ; 9.600e+00 ; 2.800e+00 ; 3.7067000e+01 ; 2.2500000e+02 
3.500e+01 ; 9.600e+00 ; 2.800e+00 ; 3.7083000e+01 ; 2.2500000e+02 
3.500e+01 ; 9.600e+00 ; 2.800e+00 ; 3.7115000e+01 ; 2.2500000e+02 
3.500e+01 ; 9.600e+00 ; 2.800e+00 ; 3.7179000e+01 ; 2.2500000e+02 
3.500e+01 ; 9.600e+00 ; 2.800e+00 ; 3.7307000e+01 ; 2.2500000e+02 
3.500e+01 ; 9.600e+00 ; 2.800e+00 ; 3.7563000e+01 ; 2.2500000e+02 
3.500e+01 ; 9.600e+00 ; 2.800e+00 ; 3.8000000e+01 ; 2.2500000e+02 
3.500e+01 ; 9.600e+00 ; 2.800e+00 ; 3.8000000e+01 ; 2.2500000e+02 
3.500e+01 ; 9.600e+00 ; 2.800e+00 ; 3.8001000e+01 ; 2.2500000e+02 
3.500e+01 ; 9.600e+00 ; 2.800e+00 ; 3.8002000e+01 ; 2.2500000e+02 
3.500e+01 ; 9.600e+00 ; 2.800e+00 ; 3.8003000e+01 ; 2.2500000e+02 
3.500e+01 ; 9.600e+00 ; 2.800e+00 ; 3.8005000e+01 ; 2.2500000e+02 
3.500e+01 ; 9.600e+00 ; 2.800e+00 ; 3.8009000e+01 ; 2.2500000e+02 
3.500e+01 ; 9.600e+00 ; 2.800e+00 ; 3.8017000e+01 ; 2.2500000e+02 
3.500e+01 ; 9.600e+00 ; 2.800e+00 ; 3.8033000e+01 ; 2.2500000e+02 
3.500e+01 ; 9.600e+00 ; 2.800e+00 ; 3.8065000e+01 ; 2.2500000e+02 
3.500e+01 ; 9.600e+00 ; 2.800e+00 ; 3.8129000e+01 ; 2.2500000e+02 
3.500e+01 ; 9.600e+00 ; 2.800e+00 ; 3.8257000e+01 ; 2.2500000e+02 
3.500e+01 ; 9.600e+00 ; 2.800e+00 ; 3.8513000e+01 ; 2.2500000e+02 
3.500e+01 ; 9.600e+00 ; 2.800e+00 ; 3.8950000e+01 ; 2.2500000e+02 
3.500e+01 ; 9.600e+00 ; 2.800e+00 ; 3.8950000e+01 ; 2.2500000e+02 
3.500e+01 ; 9.600e+00 ; 2.800e+00 ; 3.8951000e+01 ; 2.2500000e+02 
3.500e+01 ; 9.600e+00 ; 2.800e+00 ; 3.8952000e+01 ; 2.2500000e+02 
3.500e+01 ; 9.600e+00 ; 2.800e+00 ; 3.8953000e+01 ; 2.2500000e+02 
3.500e+01 ; 9.600e+00 ; 2.800e+00 ; 3.8955000e+01 ; 2.2500000e+02 
3.500e+01 ; 9.600e+00 ; 2.800e+00 ; 3.8959000e+01 ; 2.2500000e+02 
3.500e+01 ; 9.600e+00 ; 2.800e+00 ; 3.8967000e+01 ; 2.2500000e+02 
3.500e+01 ; 9.600e+00 ; 2.800e+00 ; 3.8983000e+01 ; 2.2500000e+02 
3.500e+01 ; 9.600e+00 ; 2.800e+00 ; 3.9015000e+01 ; 2.2500000e+02 
3.500e+01 ; 9.600e+00 ; 2.800e+00 ; 3.9079000e+01 ; 2.2500000e+02 
3.500e+01 ; 9.600e+00 ; 2.800e+00 ; 3.9207000e+01 ; 2.2500000e+02 
3.500e+01 ; 9.600e+00 ; 2.800e+00 ; 3.9463000e+01 ; 2.2500000e+02 
3.500e+01 ; 9.600e+00 ; 2.800e+00 ; 3.9899999e+01 ; 2.2500000e+02 
3.500e+01 ; 9.600e+00 ; 2.800e+00 ; 3.9899999e+01 ; 2.2500000e+02 
3.500e+01 ; 9.600e+00 ; 2.800e+00 ; 3.9900999e+01 ; 2.2500000e+02 
3.500e+01 ; 9.600e+00 ; 2.800e+00 ; 3.9901999e+01 ; 2.2500000e+02 
3.500e+01 ; 9.600e+00 ; 2.800e+00 ; 3.9902999e+01 ; 2.2500000e+02 
3.500e+01 ; 9.600e+00 ; 2.800e+00 ; 3.9904999e+01 ; 2.2500000e+02 
3.500e+01 ; 9.600e+00 ; 2.800e+00 ; 3.9908999e+01 ; 2.2500000e+02 
3.500e+01 ; 9.600e+00 ; 2.800e+00 ; 3.9917000e+01 ; 2.2500000e+02 
3.500e+01 ; 9.600e+00 ; 2.800e+00 ; 3.9932999e+01 ; 2.2500000e+02 
3.500e+01 ; 9.600e+00 ; 2.800e+00 ; 3.9964999e+01 ; 2.2500000e+02 
3.500e+01 ; 9.600e+00 ; 2.800e+00 ; 4.0028999e+01 ; 2.2500000e+02 
3.500e+01 ; 9.600e+00 ; 2.800e+00 ; 4.0156999e+01 ; 2.2500000e+02 
3.500e+01 ; 9.600e+00 ; 2.800e+00 ; 4.0413000e+01 ; 2.2500000e+02 
3.500e+01 ; 9.600e+00 ; 2.800e+00 ; 4.0849999e+01 ; 2.2500000e+02 
3.500e+01 ; 9.600e+00 ; 2.800e+00 ; 4.0849999e+01 ; 2.2500000e+02 
3.500e+01 ; 9.600e+00 ; 2.800e+00 ; 4.0850999e+01 ; 2.2500000e+02 
3.500e+01 ; 9.600e+00 ; 2.800e+00 ; 4.0851999e+01 ; 2.2500000e+02 
3.500e+01 ; 9.600e+00 ; 2.800e+00 ; 4.0852999e+01 ; 2.2500000e+02 
3.500e+01 ; 9.600e+00 ; 2.800e+00 ; 4.0854999e+01 ; 2.2500000e+02 
3.500e+01 ; 9.600e+00 ; 2.800e+00 ; 4.0858999e+01 ; 2.2500000e+02 
3.500e+01 ; 9.600e+00 ; 2.800e+00 ; 4.0866999e+01 ; 2.2500000e+02 
3.500e+01 ; 9.600e+00 ; 2.800e+00 ; 4.0882999e+01 ; 2.2500000e+02 
3.500e+01 ; 9.600e+00 ; 2.800e+00 ; 4.0914999e+01 ; 2.2500000e+02 
3.500e+01 ; 9.600e+00 ; 2.800e+00 ; 4.0978999e+01 ; 2.2500000e+02 
3.500e+01 ; 9.600e+00 ; 2.800e+00 ; 4.1106999e+01 ; 2.2500000e+02 
3.500e+01 ; 9.600e+00 ; 2.800e+00 ; 4.1362999e+01 ; 2.2500000e+02 
3.500e+01 ; 9.600e+00 ; 2.800e+00 ; 4.1799999e+01 ; 2.2500000e+02 
3.500e+01 ; 9.600e+00 ; 2.800e+00 ; 4.1799999e+01 ; 2.2500000e+02 
3.500e+01 ; 9.600e+00 ; 2.800e+00 ; 4.1800999e+01 ; 2.2500000e+02 
3.500e+01 ; 9.600e+00 ; 2.800e+00 ; 4.1801999e+01 ; 2.2500000e+02 
3.500e+01 ; 9.600e+00 ; 2.800e+00 ; 4.1802999e+01 ; 2.2500000e+02 
3.500e+01 ; 9.600e+00 ; 2.800e+00 ; 4.1804999e+01 ; 2.2500000e+02 
3.500e+01 ; 9.600e+00 ; 2.800e+00 ; 4.1808999e+01 ; 2.2500000e+02 
3.500e+01 ; 9.600e+00 ; 2.800e+00 ; 4.1816999e+01 ; 2.2500000e+02 
3.500e+01 ; 9.600e+00 ; 2.800e+00 ; 4.1832999e+01 ; 2.2500000e+02 
3.500e+01 ; 9.600e+00 ; 2.800e+00 ; 4.1864999e+01 ; 2.2500000e+02 
3.500e+01 ; 9.600e+00 ; 2.800e+00 ; 4.1928999e+01 ; 2.2500000e+02 
3.500e+01 ; 9.600e+00 ; 2.800e+00 ; 4.2056999e+01 ; 2.2500000e+02 
3.500e+01 ; 9.600e+00 ; 2.800e+00 ; 4.2312999e+01 ; 2.2500000e+02 
3.500e+01 ; 9.600e+00 ; 2.800e+00 ; 4.2749999e+01 ; 2.2500000e+02 
3.500e+01 ; 9.600e+00 ; 2.800e+00 ; 4.2749999e+01 ; 2.2500000e+02 
3.500e+01 ; 9.600e+00 ; 2.800e+00 ; 4.2750999e+01 ; 2.2500000e+02 
3.500e+01 ; 9.600e+00 ; 2.800e+00 ; 4.2751999e+01 ; 2.2500000e+02 
3.500e+01 ; 9.600e+00 ; 2.800e+00 ; 4.2752999e+01 ; 2.2500000e+02 
3.500e+01 ; 9.600e+00 ; 2.800e+00 ; 4.2754999e+01 ; 2.2500000e+02 
3.500e+01 ; 9.600e+00 ; 2.800e+00 ; 4.2758999e+01 ; 2.2500000e+02 
3.500e+01 ; 9.600e+00 ; 2.800e+00 ; 4.2766999e+01 ; 2.2500000e+02 
3.500e+01 ; 9.600e+00 ; 2.800e+00 ; 4.2782999e+01 ; 2.2500000e+02 
3.500e+01 ; 9.600e+00 ; 2.800e+00 ; 4.2814999e+01 ; 2.2500000e+02 
3.500e+01 ; 9.600e+00 ; 2.800e+00 ; 4.2878999e+01 ; 2.2500000e+02 
3.500e+01 ; 9.600e+00 ; 2.800e+00 ; 4.3006999e+01 ; 2.2500000e+02 
3.500e+01 ; 9.600e+00 ; 2.800e+00 ; 4.3262999e+01 ; 2.2500000e+02 
3.500e+01 ; 9.600e+00 ; 2.800e+00 ; 4.3699999e+01 ; 2.2500000e+02 
3.500e+01 ; 9.600e+00 ; 2.800e+00 ; 4.3699999e+01 ; 2.2500000e+02 
3.500e+01 ; 9.600e+00 ; 2.800e+00 ; 4.3700999e+01 ; 2.2500000e+02 
3.500e+01 ; 9.600e+00 ; 2.800e+00 ; 4.3701999e+01 ; 2.2500000e+02 
3.500e+01 ; 9.600e+00 ; 2.800e+00 ; 4.3702999e+01 ; 2.2500000e+02 
3.500e+01 ; 9.600e+00 ; 2.800e+00 ; 4.3704999e+01 ; 2.2500000e+02 
3.500e+01 ; 9.600e+00 ; 2.800e+00 ; 4.3708999e+01 ; 2.2500000e+02 
3.500e+01 ; 9.600e+00 ; 2.800e+00 ; 4.3716999e+01 ; 2.2500000e+02 
3.500e+01 ; 9.600e+00 ; 2.800e+00 ; 4.3732999e+01 ; 2.2500000e+02 
3.500e+01 ; 9.600e+00 ; 2.800e+00 ; 4.3764999e+01 ; 2.2500000e+02 
3.500e+01 ; 9.600e+00 ; 2.800e+00 ; 4.3828999e+01 ; 2.2500000e+02 
3.500e+01 ; 9.600e+00 ; 2.800e+00 ; 4.3956999e+01 ; 2.2500000e+02 
3.500e+01 ; 9.600e+00 ; 2.800e+00 ; 4.4212999e+01 ; 2.2500000e+02 
3.500e+01 ; 9.600e+00 ; 2.800e+00 ; 4.4649999e+01 ; 2.2500000e+02 
3.500e+01 ; 9.600e+00 ; 2.800e+00 ; 4.4649999e+01 ; 2.2500000e+02 
3.500e+01 ; 9.600e+00 ; 2.800e+00 ; 4.4650999e+01 ; 2.2500000e+02 
3.500e+01 ; 9.600e+00 ; 2.800e+00 ; 4.4651999e+01 ; 2.2500000e+02 
3.500e+01 ; 9.600e+00 ; 2.800e+00 ; 4.4652999e+01 ; 2.2500000e+02 
3.500e+01 ; 9.600e+00 ; 2.800e+00 ; 4.4654999e+01 ; 2.2500000e+02 
3.500e+01 ; 9.600e+00 ; 2.800e+00 ; 4.4658999e+01 ; 2.2500000e+02 
3.500e+01 ; 9.600e+00 ; 2.800e+00 ; 4.4666999e+01 ; 2.2500000e+02 
3.500e+01 ; 9.600e+00 ; 2.800e+00 ; 4.4682999e+01 ; 2.2500000e+02 
3.500e+01 ; 9.600e+00 ; 2.800e+00 ; 4.4714999e+01 ; 2.2500000e+02 
3.500e+01 ; 9.600e+00 ; 2.800e+00 ; 4.4778999e+01 ; 2.2500000e+02 
3.500e+01 ; 9.600e+00 ; 2.800e+00 ; 4.4906999e+01 ; 2.2500000e+02 
3.500e+01 ; 9.600e+00 ; 2.800e+00 ; 4.5162999e+01 ; 2.2500000e+02 
3.500e+01 ; 9.600e+00 ; 2.800e+00 ; 4.5599999e+01 ; 2.2500000e+02 
3.500e+01 ; 9.600e+00 ; 2.800e+00 ; 4.5599999e+01 ; 2.2500000e+02 
3.500e+01 ; 9.600e+00 ; 2.800e+00 ; 4.5600999e+01 ; 2.2500000e+02 
3.500e+01 ; 9.600e+00 ; 2.800e+00 ; 4.5601999e+01 ; 2.2500000e+02 
3.500e+01 ; 9.600e+00 ; 2.800e+00 ; 4.5602999e+01 ; 2.2500000e+02 
3.500e+01 ; 9.600e+00 ; 2.800e+00 ; 4.5604999e+01 ; 2.2500000e+02 
3.500e+01 ; 9.600e+00 ; 2.800e+00 ; 4.5608999e+01 ; 2.2500000e+02 
3.500e+01 ; 9.600e+00 ; 2.800e+00 ; 4.5616999e+01 ; 2.2500000e+02 
3.500e+01 ; 9.600e+00 ; 2.800e+00 ; 4.5632999e+01 ; 2.2500000e+02 
3.500e+01 ; 9.600e+00 ; 2.800e+00 ; 4.5664999e+01 ; 2.2500000e+02 
3.500e+01 ; 9.600e+00 ; 2.800e+00 ; 4.5728999e+01 ; 2.2500000e+02 
3.500e+01 ; 9.600e+00 ; 2.800e+00 ; 4.5856999e+01 ; 2.2500000e+02 
3.500e+01 ; 9.600e+00 ; 2.800e+00 ; 4.6112999e+01 ; 2.2500000e+02 
3.500e+01 ; 9.600e+00 ; 2.800e+00 ; 4.6549999e+01 ; 2.2500000e+02 
3.500e+01 ; 9.600e+00 ; 2.800e+00 ; 4.6549999e+01 ; 2.2500000e+02 
3.500e+01 ; 9.600e+00 ; 2.800e+00 ; 4.6550999e+01 ; 2.2500000e+02 
3.500e+01 ; 9.600e+00 ; 2.800e+00 ; 4.6551999e+01 ; 2.2500000e+02 
3.500e+01 ; 9.600e+00 ; 2.800e+00 ; 4.6552999e+01 ; 2.2500000e+02 
3.500e+01 ; 9.600e+00 ; 2.800e+00 ; 4.6554999e+01 ; 2.2500000e+02 
3.500e+01 ; 9.600e+00 ; 2.800e+00 ; 4.6558999e+01 ; 2.2500000e+02 
3.500e+01 ; 9.600e+00 ; 2.800e+00 ; 4.6566999e+01 ; 2.2500000e+02 
3.500e+01 ; 9.600e+00 ; 2.800e+00 ; 4.6582999e+01 ; 2.2500000e+02 
3.500e+01 ; 9.600e+00 ; 2.800e+00 ; 4.6614999e+01 ; 2.2500000e+02 
3.500e+01 ; 9.600e+00 ; 2.800e+00 ; 4.6678999e+01 ; 2.2500000e+02 
3.500e+01 ; 9.600e+00 ; 2.800e+00 ; 4.6806999e+01 ; 2.2500000e+02 
3.500e+01 ; 9.600e+00 ; 2.800e+00 ; 4.7062999e+01 ; 2.2500000e+02 
3.500e+01 ; 9.600e+00 ; 2.800e+00 ; 4.7499999e+01 ; 2.2500000e+02 
3.500e+01 ; 9.600e+00 ; 2.800e+00 ; 4.7499999e+01 ; 2.2500000e+02 
3.500e+01 ; 9.600e+00 ; 2.800e+00 ; 4.7500999e+01 ; 2.2500000e+02 
3.500e+01 ; 9.600e+00 ; 2.800e+00 ; 4.7501999e+01 ; 2.2500000e+02 
3.500e+01 ; 9.600e+00 ; 2.800e+00 ; 4.7502999e+01 ; 2.2500000e+02 
3.500e+01 ; 9.600e+00 ; 2.800e+00 ; 4.7504999e+01 ; 2.2500000e+02 
3.500e+01 ; 9.600e+00 ; 2.800e+00 ; 4.7508999e+01 ; 2.2500000e+02 
3.500e+01 ; 9.600e+00 ; 2.800e+00 ; 4.7516999e+01 ; 2.2500000e+02 
3.500e+01 ; 9.600e+00 ; 2.800e+00 ; 4.7532999e+01 ; 2.2500000e+02 
3.500e+01 ; 9.600e+00 ; 2.800e+00 ; 4.7564999e+01 ; 2.2500000e+02 
3.500e+01 ; 9.600e+00 ; 2.800e+00 ; 4.7628999e+01 ; 2.2500000e+02 
3.500e+01 ; 9.600e+00 ; 2.800e+00 ; 4.7756999e+01 ; 2.2500000e+02 
3.500e+01 ; 9.600e+00 ; 2.800e+00 ; 4.8012999e+01 ; 2.2500000e+02 
3.500e+01 ; 9.600e+00 ; 2.800e+00 ; 4.8449999e+01 ; 2.2500000e+02 
3.500e+01 ; 9.600e+00 ; 2.800e+00 ; 4.8449999e+01 ; 2.2500000e+02 
3.500e+01 ; 9.600e+00 ; 2.800e+00 ; 4.8450999e+01 ; 2.2500000e+02 
3.500e+01 ; 9.600e+00 ; 2.800e+00 ; 4.8451999e+01 ; 2.2500000e+02 
3.500e+01 ; 9.600e+00 ; 2.800e+00 ; 4.8452999e+01 ; 2.2500000e+02 
3.500e+01 ; 9.600e+00 ; 2.800e+00 ; 4.8454999e+01 ; 2.2500000e+02 
3.500e+01 ; 9.600e+00 ; 2.800e+00 ; 4.8458999e+01 ; 2.2500000e+02 
3.500e+01 ; 9.600e+00 ; 2.800e+00 ; 4.8466999e+01 ; 2.2500000e+02 
3.500e+01 ; 9.600e+00 ; 2.800e+00 ; 4.8482999e+01 ; 2.2500000e+02 
3.500e+01 ; 9.600e+00 ; 2.800e+00 ; 4.8514999e+01 ; 2.2500000e+02 
3.500e+01 ; 9.600e+00 ; 2.800e+00 ; 4.8578999e+01 ; 2.2500000e+02 
3.500e+01 ; 9.600e+00 ; 2.800e+00 ; 4.8706999e+01 ; 2.2500000e+02 
3.500e+01 ; 9.600e+00 ; 2.800e+00 ; 4.8962999e+01 ; 2.2500000e+02 
3.500e+01 ; 9.600e+00 ; 2.800e+00 ; 4.9399999e+01 ; 2.2500000e+02 
3.500e+01 ; 9.600e+00 ; 2.800e+00 ; 4.9399999e+01 ; 2.2500000e+02 
3.500e+01 ; 9.600e+00 ; 2.800e+00 ; 4.9400999e+01 ; 2.2500000e+02 
3.500e+01 ; 9.600e+00 ; 2.800e+00 ; 4.9401999e+01 ; 2.2500000e+02 
3.500e+01 ; 9.600e+00 ; 2.800e+00 ; 4.9402999e+01 ; 2.2500000e+02 
3.500e+01 ; 9.600e+00 ; 2.800e+00 ; 4.9404999e+01 ; 2.2500000e+02 
3.500e+01 ; 9.600e+00 ; 2.800e+00 ; 4.9408999e+01 ; 2.2500000e+02 
3.500e+01 ; 9.600e+00 ; 2.800e+00 ; 4.9416999e+01 ; 2.2500000e+02 
3.500e+01 ; 9.600e+00 ; 2.800e+00 ; 4.9432999e+01 ; 2.2500000e+02 
3.500e+01 ; 9.600e+00 ; 2.800e+00 ; 4.9464999e+01 ; 2.2500000e+02 
3.500e+01 ; 9.600e+00 ; 2.800e+00 ; 4.9528999e+01 ; 2.2500000e+02 
3.500e+01 ; 9.600e+00 ; 2.800e+00 ; 4.9656999e+01 ; 2.2500000e+02 
3.500e+01 ; 9.600e+00 ; 2.800e+00 ; 4.9912999e+01 ; 2.2500000e+02 
3.500e+01 ; 9.600e+00 ; 2.800e+00 ; 5.0349999e+01 ; 2.2500000e+02 
3.500e+01 ; 9.600e+00 ; 2.800e+00 ; 5.0349999e+01 ; 2.2500000e+02 
3.500e+01 ; 9.600e+00 ; 2.800e+00 ; 5.0350999e+01 ; 2.2500000e+02 
3.500e+01 ; 9.600e+00 ; 2.800e+00 ; 5.0351999e+01 ; 2.2500000e+02 
3.500e+01 ; 9.600e+00 ; 2.800e+00 ; 5.0352999e+01 ; 2.2500000e+02 
3.500e+01 ; 9.600e+00 ; 2.800e+00 ; 5.0354999e+01 ; 2.2500000e+02 
3.500e+01 ; 9.600e+00 ; 2.800e+00 ; 5.0358999e+01 ; 2.2500000e+02 
3.500e+01 ; 9.600e+00 ; 2.800e+00 ; 5.0366999e+01 ; 2.2500000e+02 
3.500e+01 ; 9.600e+00 ; 2.800e+00 ; 5.0382999e+01 ; 2.2500000e+02 
3.500e+01 ; 9.600e+00 ; 2.800e+00 ; 5.0414999e+01 ; 2.2500000e+02 
3.500e+01 ; 9.600e+00 ; 2.800e+00 ; 5.0478999e+01 ; 2.2500000e+02 
3.500e+01 ; 9.600e+00 ; 2.800e+00 ; 5.0606999e+01 ; 2.2500000e+02 
3.500e+01 ; 9.600e+00 ; 2.800e+00 ; 5.0862999e+01 ; 2.2500000e+02 
3.500e+01 ; 9.600e+00 ; 2.800e+00 ; 5.1299999e+01 ; 2.2500000e+02 
3.500e+01 ; 9.600e+00 ; 2.800e+00 ; 5.1299999e+01 ; 2.2500000e+02 
3.500e+01 ; 9.600e+00 ; 2.800e+00 ; 5.1300999e+01 ; 2.2500000e+02 
3.500e+01 ; 9.600e+00 ; 2.800e+00 ; 5.1301999e+01 ; 2.2500000e+02 
3.500e+01 ; 9.600e+00 ; 2.800e+00 ; 5.1302999e+01 ; 2.2500000e+02 
3.500e+01 ; 9.600e+00 ; 2.800e+00 ; 5.1304999e+01 ; 2.2500000e+02 
3.500e+01 ; 9.600e+00 ; 2.800e+00 ; 5.1308999e+01 ; 2.2500000e+02 
3.500e+01 ; 9.600e+00 ; 2.800e+00 ; 5.1316999e+01 ; 2.2500000e+02 
3.500e+01 ; 9.600e+00 ; 2.800e+00 ; 5.1332999e+01 ; 2.2500000e+02 
3.500e+01 ; 9.600e+00 ; 2.800e+00 ; 5.1364999e+01 ; 2.2500000e+02 
3.500e+01 ; 9.600e+00 ; 2.800e+00 ; 5.1428999e+01 ; 2.2500000e+02 
3.500e+01 ; 9.600e+00 ; 2.800e+00 ; 5.1556999e+01 ; 2.2500000e+02 
3.500e+01 ; 9.600e+00 ; 2.800e+00 ; 5.1812999e+01 ; 2.2500000e+02 
3.500e+01 ; 9.600e+00 ; 2.800e+00 ; 5.2249999e+01 ; 2.2500000e+02 
3.500e+01 ; 9.600e+00 ; 2.800e+00 ; 5.2249999e+01 ; 2.2500000e+02 
3.500e+01 ; 9.600e+00 ; 2.800e+00 ; 5.2250999e+01 ; 2.2500000e+02 
3.500e+01 ; 9.600e+00 ; 2.800e+00 ; 5.2251999e+01 ; 2.2500000e+02 
3.500e+01 ; 9.600e+00 ; 2.800e+00 ; 5.2252999e+01 ; 2.2500000e+02 
3.500e+01 ; 9.600e+00 ; 2.800e+00 ; 5.2254999e+01 ; 2.2500000e+02 
3.500e+01 ; 9.600e+00 ; 2.800e+00 ; 5.2258999e+01 ; 2.2500000e+02 
3.500e+01 ; 9.600e+00 ; 2.800e+00 ; 5.2266999e+01 ; 2.2500000e+02 
3.500e+01 ; 9.600e+00 ; 2.800e+00 ; 5.2282999e+01 ; 2.2500000e+02 
3.500e+01 ; 9.600e+00 ; 2.800e+00 ; 5.2314999e+01 ; 2.2500000e+02 
3.500e+01 ; 9.600e+00 ; 2.800e+00 ; 5.2378999e+01 ; 2.2500000e+02 
3.500e+01 ; 9.600e+00 ; 2.800e+00 ; 5.2506999e+01 ; 2.2500000e+02 
3.500e+01 ; 9.600e+00 ; 2.800e+00 ; 5.2762999e+01 ; 2.2500000e+02 
3.500e+01 ; 9.600e+00 ; 2.800e+00 ; 5.3199999e+01 ; 2.2500000e+02 
3.500e+01 ; 9.600e+00 ; 2.800e+00 ; 5.3199999e+01 ; 2.2500000e+02 
3.500e+01 ; 9.600e+00 ; 2.800e+00 ; 5.3200999e+01 ; 2.2500000e+02 
3.500e+01 ; 9.600e+00 ; 2.800e+00 ; 5.3201999e+01 ; 2.2500000e+02 
3.500e+01 ; 9.600e+00 ; 2.800e+00 ; 5.3202999e+01 ; 2.2500000e+02 
3.500e+01 ; 9.600e+00 ; 2.800e+00 ; 5.3204999e+01 ; 2.2500000e+02 
3.500e+01 ; 9.600e+00 ; 2.800e+00 ; 5.3208999e+01 ; 2.2500000e+02 
3.500e+01 ; 9.600e+00 ; 2.800e+00 ; 5.3216999e+01 ; 2.2500000e+02 
3.500e+01 ; 9.600e+00 ; 2.800e+00 ; 5.3232999e+01 ; 2.2500000e+02 
3.500e+01 ; 9.600e+00 ; 2.800e+00 ; 5.3264999e+01 ; 2.2500000e+02 
3.500e+01 ; 9.600e+00 ; 2.800e+00 ; 5.3328999e+01 ; 2.2500000e+02 
3.500e+01 ; 9.600e+00 ; 2.800e+00 ; 5.3456999e+01 ; 2.2500000e+02 
3.500e+01 ; 9.600e+00 ; 2.800e+00 ; 5.3712999e+01 ; 2.2500000e+02 
3.500e+01 ; 9.600e+00 ; 2.800e+00 ; 5.4149999e+01 ; 2.2500000e+02 
3.500e+01 ; 9.600e+00 ; 2.800e+00 ; 5.4149999e+01 ; 2.2500000e+02 
3.500e+01 ; 9.600e+00 ; 2.800e+00 ; 5.4150999e+01 ; 2.2488779e+02 
3.500e+01 ; 9.600e+00 ; 2.800e+00 ; 5.4151999e+01 ; 2.2477565e+02 
3.500e+01 ; 9.600e+00 ; 2.800e+00 ; 5.4152999e+01 ; 2.2466362e+02 
3.500e+01 ; 9.600e+00 ; 2.800e+00 ; 5.4154999e+01 ; 2.2443987e+02 
3.500e+01 ; 9.600e+00 ; 2.800e+00 ; 5.4158999e+01 ; 2.2399376e+02 
3.500e+01 ; 9.600e+00 ; 2.800e+00 ; 5.4166999e+01 ; 2.2310698e+02 
3.500e+01 ; 9.600e+00 ; 2.800e+00 ; 5.4182999e+01 ; 2.2135495e+02 
3.500e+01 ; 9.600e+00 ; 2.800e+00 ; 5.4214999e+01 ; 2.1793510e+02 
3.500e+01 ; 9.600e+00 ; 2.800e+00 ; 5.4278999e+01 ; 2.1141743e+02 
3.500e+01 ; 9.600e+00 ; 2.800e+00 ; 5.4406999e+01 ; 1.9955919e+02 
3.500e+01 ; 9.600e+00 ; 2.800e+00 ; 5.4662999e+01 ; 1.7978877e+02 
3.500e+01 ; 9.600e+00 ; 2.800e+00 ; 5.5099999e+01 ; 1.5461821e+02 
3.500e+01 ; 9.600e+00 ; 2.800e+00 ; 5.5099999e+01 ; 1.5461821e+02 
3.500e+01 ; 9.600e+00 ; 2.800e+00 ; 5.5100999e+01 ; 1.5456065e+02 
3.500e+01 ; 9.600e+00 ; 2.800e+00 ; 5.5101999e+01 ; 1.5450314e+02 
3.500e+01 ; 9.600e+00 ; 2.800e+00 ; 5.5102999e+01 ; 1.5444569e+02 
3.500e+01 ; 9.600e+00 ; 2.800e+00 ; 5.5104999e+01 ; 1.5433096e+02 
3.500e+01 ; 9.600e+00 ; 2.800e+00 ; 5.5108999e+01 ; 1.5410233e+02 
3.500e+01 ; 9.600e+00 ; 2.800e+00 ; 5.5116999e+01 ; 1.5364815e+02 
3.500e+01 ; 9.600e+00 ; 2.800e+00 ; 5.5132999e+01 ; 1.5275209e+02 
3.500e+01 ; 9.600e+00 ; 2.800e+00 ; 5.5164999e+01 ; 1.5100735e+02 
3.500e+01 ; 9.600e+00 ; 2.800e+00 ; 5.5228999e+01 ; 1.4769516e+02 
3.500e+01 ; 9.600e+00 ; 2.800e+00 ; 5.5356999e+01 ; 1.4169746e+02 
3.500e+01 ; 9.600e+00 ; 2.800e+00 ; 5.5612999e+01 ; 1.3172221e+02 
3.500e+01 ; 9.600e+00 ; 2.800e+00 ; 5.6049999e+01 ; 1.1895778e+02 
3.500e+01 ; 9.600e+00 ; 2.800e+00 ; 5.6049999e+01 ; 1.1895778e+02 
3.500e+01 ; 9.600e+00 ; 2.800e+00 ; 5.6050999e+01 ; 1.1892859e+02 
3.500e+01 ; 9.600e+00 ; 2.800e+00 ; 5.6051999e+01 ; 1.1889942e+02 
3.500e+01 ; 9.600e+00 ; 2.800e+00 ; 5.6052999e+01 ; 1.1887028e+02 
3.500e+01 ; 9.600e+00 ; 2.800e+00 ; 5.6054999e+01 ; 1.1881207e+02 
3.500e+01 ; 9.600e+00 ; 2.800e+00 ; 5.6058999e+01 ; 1.1869601e+02 
3.500e+01 ; 9.600e+00 ; 2.800e+00 ; 5.6066999e+01 ; 1.1846529e+02 
3.500e+01 ; 9.600e+00 ; 2.800e+00 ; 5.6082999e+01 ; 1.1800933e+02 
3.500e+01 ; 9.600e+00 ; 2.800e+00 ; 5.6114999e+01 ; 1.1711887e+02 
3.500e+01 ; 9.600e+00 ; 2.800e+00 ; 5.6178999e+01 ; 1.1541978e+02 
3.500e+01 ; 9.600e+00 ; 2.800e+00 ; 5.6306999e+01 ; 1.1231983e+02 
3.500e+01 ; 9.600e+00 ; 2.800e+00 ; 5.6562999e+01 ; 1.0711419e+02 
3.500e+01 ; 9.600e+00 ; 2.800e+00 ; 5.6999999e+01 ; 1.0037524e+02 
3.500e+01 ; 9.600e+00 ; 2.800e+00 ; 5.6999999e+01 ; 1.0037524e+02 
3.500e+01 ; 9.600e+00 ; 2.800e+00 ; 5.7000999e+01 ; 1.0035984e+02 
3.500e+01 ; 9.600e+00 ; 2.800e+00 ; 5.7001999e+01 ; 1.0034444e+02 
3.500e+01 ; 9.600e+00 ; 2.800e+00 ; 5.7002999e+01 ; 1.0032905e+02 
3.500e+01 ; 9.600e+00 ; 2.800e+00 ; 5.7004999e+01 ; 1.0029832e+02 
3.500e+01 ; 9.600e+00 ; 2.800e+00 ; 5.7008999e+01 ; 1.0023704e+02 
3.500e+01 ; 9.600e+00 ; 2.800e+00 ; 5.7016999e+01 ; 1.0011518e+02 
3.500e+01 ; 9.600e+00 ; 2.800e+00 ; 5.7032999e+01 ; 9.9874260e+01 
3.500e+01 ; 9.600e+00 ; 2.800e+00 ; 5.7064999e+01 ; 9.9403297e+01 
3.500e+01 ; 9.600e+00 ; 2.800e+00 ; 5.7128999e+01 ; 9.8502617e+01 
3.500e+01 ; 9.600e+00 ; 2.800e+00 ; 5.7256999e+01 ; 9.6850021e+01 
3.500e+01 ; 9.600e+00 ; 2.800e+00 ; 5.7512999e+01 ; 9.4035049e+01 
3.500e+01 ; 9.600e+00 ; 2.800e+00 ; 5.7949999e+01 ; 9.0284836e+01 
3.500e+01 ; 9.600e+00 ; 2.800e+00 ; 5.7949999e+01 ; 9.0284836e+01 
3.500e+01 ; 9.600e+00 ; 2.800e+00 ; 5.7950999e+01 ; 9.0276260e+01 
3.500e+01 ; 9.600e+00 ; 2.800e+00 ; 5.7951999e+01 ; 9.0267685e+01 
3.500e+01 ; 9.600e+00 ; 2.800e+00 ; 5.7952999e+01 ; 9.0259125e+01 
3.500e+01 ; 9.600e+00 ; 2.800e+00 ; 5.7954999e+01 ; 9.0242012e+01 
3.500e+01 ; 9.600e+00 ; 2.800e+00 ; 5.7958999e+01 ; 9.0207886e+01 
3.500e+01 ; 9.600e+00 ; 2.800e+00 ; 5.7966999e+01 ; 9.0139977e+01 
3.500e+01 ; 9.600e+00 ; 2.800e+00 ; 5.7982999e+01 ; 9.0005531e+01 
3.500e+01 ; 9.600e+00 ; 2.800e+00 ; 5.8014999e+01 ; 8.9742012e+01 
3.500e+01 ; 9.600e+00 ; 2.800e+00 ; 5.8078999e+01 ; 8.9235390e+01 
3.500e+01 ; 9.600e+00 ; 2.800e+00 ; 5.8206999e+01 ; 8.8296333e+01 
3.500e+01 ; 9.600e+00 ; 2.800e+00 ; 5.8462999e+01 ; 8.6665672e+01 
3.500e+01 ; 9.600e+00 ; 2.800e+00 ; 5.8899999e+01 ; 8.4424889e+01 
3.500e+01 ; 9.600e+00 ; 2.800e+00 ; 5.8899999e+01 ; 8.4424889e+01 
3.500e+01 ; 9.600e+00 ; 2.800e+00 ; 5.8900999e+01 ; 8.4419762e+01 
3.500e+01 ; 9.600e+00 ; 2.800e+00 ; 5.8901999e+01 ; 8.4414642e+01 
3.500e+01 ; 9.600e+00 ; 2.800e+00 ; 5.8902999e+01 ; 8.4409523e+01 
3.500e+01 ; 9.600e+00 ; 2.800e+00 ; 5.8904999e+01 ; 8.4399292e+01 
3.500e+01 ; 9.600e+00 ; 2.800e+00 ; 5.8908999e+01 ; 8.4378883e+01 
3.500e+01 ; 9.600e+00 ; 2.800e+00 ; 5.8916999e+01 ; 8.4338249e+01 
3.500e+01 ; 9.600e+00 ; 2.800e+00 ; 5.8932999e+01 ; 8.4257683e+01 
3.500e+01 ; 9.600e+00 ; 2.800e+00 ; 5.8964999e+01 ; 8.4099319e+01 
3.500e+01 ; 9.600e+00 ; 2.800e+00 ; 5.9028999e+01 ; 8.3793190e+01 
3.500e+01 ; 9.600e+00 ; 2.800e+00 ; 5.9156999e+01 ; 8.3219643e+01 
3.500e+01 ; 9.600e+00 ; 2.800e+00 ; 5.9412999e+01 ; 8.2203529e+01 
3.500e+01 ; 9.600e+00 ; 2.800e+00 ; 5.9849999e+01 ; 8.0762764e+01 
3.500e+01 ; 9.600e+00 ; 2.800e+00 ; 5.9849999e+01 ; 8.0762764e+01 
3.500e+01 ; 9.600e+00 ; 2.800e+00 ; 5.9850999e+01 ; 8.0759468e+01 
3.500e+01 ; 9.600e+00 ; 2.800e+00 ; 5.9851999e+01 ; 8.0756172e+01 
3.500e+01 ; 9.600e+00 ; 2.800e+00 ; 5.9852999e+01 ; 8.0752884e+01 
3.500e+01 ; 9.600e+00 ; 2.800e+00 ; 5.9854999e+01 ; 8.0746307e+01 
3.500e+01 ; 9.600e+00 ; 2.800e+00 ; 5.9858999e+01 ; 8.0733170e+01 
3.500e+01 ; 9.600e+00 ; 2.800e+00 ; 5.9866999e+01 ; 8.0707001e+01 
3.500e+01 ; 9.600e+00 ; 2.800e+00 ; 5.9882999e+01 ; 8.0655052e+01 
3.500e+01 ; 9.600e+00 ; 2.800e+00 ; 5.9914999e+01 ; 8.0552658e+01 
3.500e+01 ; 9.600e+00 ; 2.800e+00 ; 5.9978999e+01 ; 8.0353645e+01 
3.500e+01 ; 9.600e+00 ; 2.800e+00 ; 6.0106999e+01 ; 7.9976944e+01 
3.500e+01 ; 9.600e+00 ; 2.800e+00 ; 6.0362999e+01 ; 7.9296730e+01 
3.500e+01 ; 9.600e+00 ; 2.800e+00 ; 6.0799999e+01 ; 7.8303925e+01 
3.500e+01 ; 9.600e+00 ; 2.800e+00 ; 6.0799999e+01 ; 7.8303925e+01 
3.500e+01 ; 9.600e+00 ; 2.800e+00 ; 6.0800999e+01 ; 7.8301659e+01 
3.500e+01 ; 9.600e+00 ; 2.800e+00 ; 6.0801999e+01 ; 7.8299385e+01 
3.500e+01 ; 9.600e+00 ; 2.800e+00 ; 6.0802999e+01 ; 7.8297119e+01 
3.500e+01 ; 9.600e+00 ; 2.800e+00 ; 6.0804999e+01 ; 7.8292580e+01 
3.500e+01 ; 9.600e+00 ; 2.800e+00 ; 6.0808999e+01 ; 7.8283524e+01 
3.500e+01 ; 9.600e+00 ; 2.800e+00 ; 6.0816999e+01 ; 7.8265472e+01 
3.500e+01 ; 9.600e+00 ; 2.800e+00 ; 6.0832999e+01 ; 7.8229576e+01 
3.500e+01 ; 9.600e+00 ; 2.800e+00 ; 6.0864999e+01 ; 7.8158669e+01 
3.500e+01 ; 9.600e+00 ; 2.800e+00 ; 6.0928999e+01 ; 7.8020180e+01 
3.500e+01 ; 9.600e+00 ; 2.800e+00 ; 6.1056999e+01 ; 7.7755646e+01 
3.500e+01 ; 9.600e+00 ; 2.800e+00 ; 6.1312999e+01 ; 7.7269981e+01 
3.500e+01 ; 9.600e+00 ; 2.800e+00 ; 6.1749999e+01 ; 7.6543358e+01 
3.500e+01 ; 9.600e+00 ; 2.800e+00 ; 6.1749999e+01 ; 7.6543358e+01 
3.500e+01 ; 9.600e+00 ; 2.800e+00 ; 6.1750999e+01 ; 7.6541695e+01 
3.500e+01 ; 9.600e+00 ; 2.800e+00 ; 6.1751999e+01 ; 7.6540039e+01 
3.500e+01 ; 9.600e+00 ; 2.800e+00 ; 6.1752999e+01 ; 7.6538376e+01 
3.500e+01 ; 9.600e+00 ; 2.800e+00 ; 6.1754999e+01 ; 7.6535057e+01 
3.500e+01 ; 9.600e+00 ; 2.800e+00 ; 6.1758999e+01 ; 7.6528419e+01 
3.500e+01 ; 9.600e+00 ; 2.800e+00 ; 6.1766999e+01 ; 7.6515190e+01 
3.500e+01 ; 9.600e+00 ; 2.800e+00 ; 6.1782999e+01 ; 7.6488869e+01 
3.500e+01 ; 9.600e+00 ; 2.800e+00 ; 6.1814999e+01 ; 7.6436752e+01 
3.500e+01 ; 9.600e+00 ; 2.800e+00 ; 6.1878999e+01 ; 7.6334572e+01 
3.500e+01 ; 9.600e+00 ; 2.800e+00 ; 6.2006999e+01 ; 7.6137901e+01 
3.500e+01 ; 9.600e+00 ; 2.800e+00 ; 6.2262999e+01 ; 7.5771896e+01 
3.500e+01 ; 9.600e+00 ; 2.800e+00 ; 6.2699999e+01 ; 7.5213188e+01 
3.500e+01 ; 9.600e+00 ; 2.800e+00 ; 6.2699999e+01 ; 7.5213188e+01 
3.500e+01 ; 9.600e+00 ; 2.800e+00 ; 6.2700999e+01 ; 7.5211914e+01 
3.500e+01 ; 9.600e+00 ; 2.800e+00 ; 6.2701999e+01 ; 7.5210632e+01 
3.500e+01 ; 9.600e+00 ; 2.800e+00 ; 6.2702999e+01 ; 7.5209358e+01 
3.500e+01 ; 9.600e+00 ; 2.800e+00 ; 6.2704999e+01 ; 7.5206802e+01 
3.500e+01 ; 9.600e+00 ; 2.800e+00 ; 6.2708999e+01 ; 7.5201706e+01 
3.500e+01 ; 9.600e+00 ; 2.800e+00 ; 6.2716999e+01 ; 7.5191521e+01 
3.500e+01 ; 9.600e+00 ; 2.800e+00 ; 6.2732999e+01 ; 7.5171249e+01 
3.500e+01 ; 9.600e+00 ; 2.800e+00 ; 6.2764999e+01 ; 7.5131042e+01 
3.500e+01 ; 9.600e+00 ; 2.800e+00 ; 6.2828999e+01 ; 7.5051964e+01 
3.500e+01 ; 9.600e+00 ; 2.800e+00 ; 6.2956999e+01 ; 7.4898857e+01 
3.500e+01 ; 9.600e+00 ; 2.800e+00 ; 6.3212999e+01 ; 7.4610840e+01 
3.500e+01 ; 9.600e+00 ; 2.800e+00 ; 6.3649999e+01 ; 7.4164154e+01 
3.500e+01 ; 9.600e+00 ; 2.800e+00 ; 6.3649999e+01 ; 7.4164154e+01 
3.500e+01 ; 9.600e+00 ; 2.800e+00 ; 6.3650999e+01 ; 7.4163132e+01 
3.500e+01 ; 9.600e+00 ; 2.800e+00 ; 6.3651999e+01 ; 7.4162117e+01 
3.500e+01 ; 9.600e+00 ; 2.800e+00 ; 6.3652999e+01 ; 7.4161095e+01 
3.500e+01 ; 9.600e+00 ; 2.800e+00 ; 6.3654999e+01 ; 7.4159050e+01 
3.500e+01 ; 9.600e+00 ; 2.800e+00 ; 6.3658999e+01 ; 7.4154968e+01 
3.500e+01 ; 9.600e+00 ; 2.800e+00 ; 6.3666999e+01 ; 7.4146828e+01 
3.500e+01 ; 9.600e+00 ; 2.800e+00 ; 6.3682999e+01 ; 7.4130592e+01 
3.500e+01 ; 9.600e+00 ; 2.800e+00 ; 6.3714999e+01 ; 7.4098366e+01 
3.500e+01 ; 9.600e+00 ; 2.800e+00 ; 6.3778999e+01 ; 7.4034828e+01 
3.500e+01 ; 9.600e+00 ; 2.800e+00 ; 6.3906999e+01 ; 7.3911232e+01 
3.500e+01 ; 9.600e+00 ; 2.800e+00 ; 6.4162999e+01 ; 7.3676781e+01 
3.500e+01 ; 9.600e+00 ; 2.800e+00 ; 6.4599999e+01 ; 7.3308617e+01 
3.500e+01 ; 9.600e+00 ; 2.800e+00 ; 6.4599999e+01 ; 7.3308617e+01 
3.500e+01 ; 9.600e+00 ; 2.800e+00 ; 6.4600999e+01 ; 7.3307770e+01 
3.500e+01 ; 9.600e+00 ; 2.800e+00 ; 6.4601999e+01 ; 7.3306931e+01 
3.500e+01 ; 9.600e+00 ; 2.800e+00 ; 6.4602999e+01 ; 7.3306091e+01 
3.500e+01 ; 9.600e+00 ; 2.800e+00 ; 6.4604999e+01 ; 7.3304405e+01 
3.500e+01 ; 9.600e+00 ; 2.800e+00 ; 6.4608999e+01 ; 7.3301041e+01 
3.500e+01 ; 9.600e+00 ; 2.800e+00 ; 6.4616999e+01 ; 7.3294327e+01 
3.500e+01 ; 9.600e+00 ; 2.800e+00 ; 6.4632999e+01 ; 7.3280930e+01 
3.500e+01 ; 9.600e+00 ; 2.800e+00 ; 6.4664999e+01 ; 7.3254318e+01 
3.500e+01 ; 9.600e+00 ; 2.800e+00 ; 6.4728999e+01 ; 7.3201744e+01 
3.500e+01 ; 9.600e+00 ; 2.800e+00 ; 6.4856999e+01 ; 7.3099113e+01 
3.500e+01 ; 9.600e+00 ; 2.800e+00 ; 6.5112999e+01 ; 7.2903145e+01 
3.500e+01 ; 9.600e+00 ; 2.800e+00 ; 6.5549999e+01 ; 7.2592438e+01 
3.500e+01 ; 9.600e+00 ; 2.800e+00 ; 6.5549999e+01 ; 7.2592438e+01 
3.500e+01 ; 9.600e+00 ; 2.800e+00 ; 6.5550999e+01 ; 7.2591728e+01 
3.500e+01 ; 9.600e+00 ; 2.800e+00 ; 6.5551999e+01 ; 7.2591019e+01 
3.500e+01 ; 9.600e+00 ; 2.800e+00 ; 6.5552999e+01 ; 7.2590309e+01 
3.500e+01 ; 9.600e+00 ; 2.800e+00 ; 6.5554999e+01 ; 7.2588890e+01 
3.500e+01 ; 9.600e+00 ; 2.800e+00 ; 6.5558999e+01 ; 7.2586044e+01 
3.500e+01 ; 9.600e+00 ; 2.800e+00 ; 6.5566999e+01 ; 7.2580376e+01 
3.500e+01 ; 9.600e+00 ; 2.800e+00 ; 6.5582999e+01 ; 7.2569069e+01 
3.500e+01 ; 9.600e+00 ; 2.800e+00 ; 6.5614999e+01 ; 7.2546570e+01 
3.500e+01 ; 9.600e+00 ; 2.800e+00 ; 6.5678999e+01 ; 7.2502068e+01 
3.500e+01 ; 9.600e+00 ; 2.800e+00 ; 6.5806999e+01 ; 7.2414970e+01 
3.500e+01 ; 9.600e+00 ; 2.800e+00 ; 6.6062999e+01 ; 7.2247887e+01 
3.500e+01 ; 9.600e+00 ; 2.800e+00 ; 6.6499999e+01 ; 7.1981628e+01 
3.500e+01 ; 9.600e+00 ; 2.800e+00 ; 6.6499999e+01 ; 7.1981628e+01 
3.500e+01 ; 9.600e+00 ; 2.800e+00 ; 6.6500999e+01 ; 7.1981018e+01 
3.500e+01 ; 9.600e+00 ; 2.800e+00 ; 6.6501999e+01 ; 7.1980408e+01 
3.500e+01 ; 9.600e+00 ; 2.800e+00 ; 6.6502999e+01 ; 7.1979797e+01 
3.500e+01 ; 9.600e+00 ; 2.800e+00 ; 6.6504999e+01 ; 7.1978584e+01 
3.500e+01 ; 9.600e+00 ; 2.800e+00 ; 6.6508999e+01 ; 7.1976151e+01 
3.500e+01 ; 9.600e+00 ; 2.800e+00 ; 6.6516999e+01 ; 7.1971291e+01 
3.500e+01 ; 9.600e+00 ; 2.800e+00 ; 6.6532999e+01 ; 7.1961594e+01 
3.500e+01 ; 9.600e+00 ; 2.800e+00 ; 6.6564999e+01 ; 7.1942307e+01 
3.500e+01 ; 9.600e+00 ; 2.800e+00 ; 6.6628999e+01 ; 7.1904144e+01 
3.500e+01 ; 9.600e+00 ; 2.800e+00 ; 6.6756999e+01 ; 7.1829605e+01 
3.500e+01 ; 9.600e+00 ; 2.800e+00 ; 6.7012999e+01 ; 7.1688316e+01 
3.500e+01 ; 9.600e+00 ; 2.800e+00 ; 6.7449999e+01 ; 7.1471603e+01 
3.500e+01 ; 9.600e+00 ; 2.800e+00 ; 6.7449999e+01 ; 7.1471603e+01 
3.500e+01 ; 9.600e+00 ; 2.800e+00 ; 6.7450999e+01 ; 7.1471107e+01 
3.500e+01 ; 9.600e+00 ; 2.800e+00 ; 6.7451999e+01 ; 7.1470612e+01 
3.500e+01 ; 9.600e+00 ; 2.800e+00 ; 6.7452999e+01 ; 7.1470123e+01 
3.500e+01 ; 9.600e+00 ; 2.800e+00 ; 6.7454999e+01 ; 7.1469131e+01 
3.500e+01 ; 9.600e+00 ; 2.800e+00 ; 6.7458999e+01 ; 7.1467155e+01 
3.500e+01 ; 9.600e+00 ; 2.800e+00 ; 6.7466999e+01 ; 7.1463226e+01 
3.500e+01 ; 9.600e+00 ; 2.800e+00 ; 6.7482999e+01 ; 7.1455437e+01 
3.500e+01 ; 9.600e+00 ; 2.800e+00 ; 6.7514999e+01 ; 7.1440178e+01 
3.500e+01 ; 9.600e+00 ; 2.800e+00 ; 6.7578999e+01 ; 7.1411110e+01 
3.500e+01 ; 9.600e+00 ; 2.800e+00 ; 6.7706999e+01 ; 7.1359726e+01 
3.500e+01 ; 9.600e+00 ; 2.800e+00 ; 6.7962999e+01 ; 7.1286453e+01 
3.500e+01 ; 9.600e+00 ; 2.800e+00 ; 6.8399999e+01 ; 7.1237900e+01 
3.500e+01 ; 9.600e+00 ; 2.800e+00 ; 6.8399999e+01 ; 7.1237900e+01 
3.500e+01 ; 9.600e+00 ; 2.800e+00 ; 6.8400999e+01 ; 7.1240929e+01 
3.500e+01 ; 9.600e+00 ; 2.800e+00 ; 6.8401999e+01 ; 7.1243988e+01 
3.500e+01 ; 9.600e+00 ; 2.800e+00 ; 6.8402999e+01 ; 7.1247063e+01 
3.500e+01 ; 9.600e+00 ; 2.800e+00 ; 6.8404999e+01 ; 7.1253319e+01 
3.500e+01 ; 9.600e+00 ; 2.800e+00 ; 6.8408999e+01 ; 7.1266197e+01 
3.500e+01 ; 9.600e+00 ; 2.800e+00 ; 6.8416999e+01 ; 7.1293434e+01 
3.500e+01 ; 9.600e+00 ; 2.800e+00 ; 6.8432999e+01 ; 7.1353539e+01 
3.500e+01 ; 9.600e+00 ; 2.800e+00 ; 6.8464999e+01 ; 7.1494438e+01 
3.500e+01 ; 9.600e+00 ; 2.800e+00 ; 6.8528999e+01 ; 7.1845711e+01 
3.500e+01 ; 9.600e+00 ; 2.800e+00 ; 6.8656999e+01 ; 7.2740906e+01 
3.500e+01 ; 9.600e+00 ; 2.800e+00 ; 6.8912999e+01 ; 7.4854759e+01 
3.500e+01 ; 9.600e+00 ; 2.800e+00 ; 6.9349999e+01 ; 7.8281212e+01 
3.500e+01 ; 9.600e+00 ; 2.800e+00 ; 6.9349999e+01 ; 7.8281212e+01 
3.500e+01 ; 9.600e+00 ; 2.800e+00 ; 6.9350999e+01 ; 7.8291611e+01 
3.500e+01 ; 9.600e+00 ; 2.800e+00 ; 6.9351999e+01 ; 7.8302017e+01 
3.500e+01 ; 9.600e+00 ; 2.800e+00 ; 6.9352999e+01 ; 7.8312424e+01 
3.500e+01 ; 9.600e+00 ; 2.800e+00 ; 6.9354999e+01 ; 7.8333252e+01 
3.500e+01 ; 9.600e+00 ; 2.800e+00 ; 6.9358999e+01 ; 7.8374962e+01 
3.500e+01 ; 9.600e+00 ; 2.800e+00 ; 6.9366999e+01 ; 7.8458611e+01 
3.500e+01 ; 9.600e+00 ; 2.800e+00 ; 6.9382999e+01 ; 7.8626678e+01 
3.500e+01 ; 9.600e+00 ; 2.800e+00 ; 6.9414999e+01 ; 7.8965248e+01 
3.500e+01 ; 9.600e+00 ; 2.800e+00 ; 6.9478999e+01 ; 7.9647270e+01 
3.500e+01 ; 9.600e+00 ; 2.800e+00 ; 6.9606999e+01 ; 8.0999985e+01 
3.500e+01 ; 9.600e+00 ; 2.800e+00 ; 6.9862999e+01 ; 8.3504662e+01 
3.500e+01 ; 9.600e+00 ; 2.800e+00 ; 7.0299999e+01 ; 8.6854752e+01 
3.500e+01 ; 9.600e+00 ; 2.800e+00 ; 7.0299999e+01 ; 8.6854752e+01 
3.500e+01 ; 9.600e+00 ; 2.800e+00 ; 7.0300999e+01 ; 8.6862411e+01 
3.500e+01 ; 9.600e+00 ; 2.800e+00 ; 7.0301999e+01 ; 8.6870049e+01 
3.500e+01 ; 9.600e+00 ; 2.800e+00 ; 7.0302999e+01 ; 8.6877686e+01 
3.500e+01 ; 9.600e+00 ; 2.800e+00 ; 7.0304999e+01 ; 8.6892906e+01 
3.500e+01 ; 9.600e+00 ; 2.800e+00 ; 7.0308999e+01 ; 8.6923180e+01 
3.500e+01 ; 9.600e+00 ; 2.800e+00 ; 7.0316999e+01 ; 8.6983017e+01 
3.500e+01 ; 9.600e+00 ; 2.800e+00 ; 7.0332999e+01 ; 8.7099983e+01 
3.500e+01 ; 9.600e+00 ; 2.800e+00 ; 7.0364999e+01 ; 8.7323364e+01 
3.500e+01 ; 9.600e+00 ; 2.800e+00 ; 7.0428999e+01 ; 8.7730797e+01 
3.500e+01 ; 9.600e+00 ; 2.800e+00 ; 7.0556999e+01 ; 8.8408043e+01 
3.500e+01 ; 9.600e+00 ; 2.800e+00 ; 7.0812999e+01 ; 8.9335899e+01 
3.500e+01 ; 9.600e+00 ; 2.800e+00 ; 7.1249999e+01 ; 9.0095337e+01 
3.500e+01 ; 9.600e+00 ; 2.800e+00 ; 7.1249999e+01 ; 9.0095337e+01 
3.500e+01 ; 9.600e+00 ; 2.800e+00 ; 7.1250999e+01 ; 9.0097076e+01 
3.500e+01 ; 9.600e+00 ; 2.800e+00 ; 7.1251999e+01 ; 9.0098801e+01 
3.500e+01 ; 9.600e+00 ; 2.800e+00 ; 7.1252999e+01 ; 9.0100525e+01 
3.500e+01 ; 9.600e+00 ; 2.800e+00 ; 7.1254999e+01 ; 9.0103958e+01 
3.500e+01 ; 9.600e+00 ; 2.800e+00 ; 7.1258999e+01 ; 9.0110756e+01 
3.500e+01 ; 9.600e+00 ; 2.800e+00 ; 7.1266999e+01 ; 9.0124077e+01 
3.500e+01 ; 9.600e+00 ; 2.800e+00 ; 7.1282999e+01 ; 9.0149658e+01 
3.500e+01 ; 9.600e+00 ; 2.800e+00 ; 7.1314999e+01 ; 9.0196701e+01 
3.500e+01 ; 9.600e+00 ; 2.800e+00 ; 7.1378999e+01 ; 9.0275421e+01 
3.500e+01 ; 9.600e+00 ; 2.800e+00 ; 7.1506999e+01 ; 9.0379242e+01 
3.500e+01 ; 9.600e+00 ; 2.800e+00 ; 7.1762999e+01 ; 9.0422546e+01 
3.500e+01 ; 9.600e+00 ; 2.800e+00 ; 7.2199999e+01 ; 9.0189964e+01 
3.500e+01 ; 9.600e+00 ; 2.800e+00 ; 7.2199999e+01 ; 9.0189964e+01 
3.500e+01 ; 9.600e+00 ; 2.800e+00 ; 7.2200999e+01 ; 9.0189430e+01 
3.500e+01 ; 9.600e+00 ; 2.800e+00 ; 7.2201999e+01 ; 9.0188889e+01 
3.500e+01 ; 9.600e+00 ; 2.800e+00 ; 7.2202999e+01 ; 9.0188354e+01 
3.500e+01 ; 9.600e+00 ; 2.800e+00 ; 7.2204999e+01 ; 9.0187271e+01 
3.500e+01 ; 9.600e+00 ; 2.800e+00 ; 7.2208999e+01 ; 9.0185089e+01 
3.500e+01 ; 9.600e+00 ; 2.800e+00 ; 7.2216999e+01 ; 9.0180618e+01 
3.500e+01 ; 9.600e+00 ; 2.800e+00 ; 7.2232999e+01 ; 9.0171272e+01 
3.500e+01 ; 9.600e+00 ; 2.800e+00 ; 7.2264999e+01 ; 9.0151085e+01 
3.500e+01 ; 9.600e+00 ; 2.800e+00 ; 7.2328999e+01 ; 9.0105118e+01 
3.500e+01 ; 9.600e+00 ; 2.800e+00 ; 7.2456999e+01 ; 8.9994209e+01 
3.500e+01 ; 9.600e+00 ; 2.800e+00 ; 7.2712999e+01 ; 8.9717209e+01 
3.500e+01 ; 9.600e+00 ; 2.800e+00 ; 7.3149999e+01 ; 8.9152802e+01 
3.500e+01 ; 9.600e+00 ; 2.800e+00 ; 7.3149999e+01 ; 8.9152802e+01 
3.500e+01 ; 9.600e+00 ; 2.800e+00 ; 7.3150999e+01 ; 8.9151512e+01 
3.500e+01 ; 9.600e+00 ; 2.800e+00 ; 7.3151999e+01 ; 8.9150223e+01 
3.500e+01 ; 9.600e+00 ; 2.800e+00 ; 7.3152999e+01 ; 8.9148926e+01 
3.500e+01 ; 9.600e+00 ; 2.800e+00 ; 7.3154999e+01 ; 8.9146339e+01 
3.500e+01 ; 9.600e+00 ; 2.800e+00 ; 7.3158999e+01 ; 8.9141159e+01 
3.500e+01 ; 9.600e+00 ; 2.800e+00 ; 7.3166999e+01 ; 8.9130760e+01 
3.500e+01 ; 9.600e+00 ; 2.800e+00 ; 7.3182999e+01 ; 8.9109848e+01 
3.500e+01 ; 9.600e+00 ; 2.800e+00 ; 7.3214999e+01 ; 8.9067596e+01 
3.500e+01 ; 9.600e+00 ; 2.800e+00 ; 7.3278999e+01 ; 8.8981522e+01 
3.500e+01 ; 9.600e+00 ; 2.800e+00 ; 7.3406999e+01 ; 8.8804428e+01 
3.500e+01 ; 9.600e+00 ; 2.800e+00 ; 7.3662999e+01 ; 8.8438560e+01 
3.500e+01 ; 9.600e+00 ; 2.800e+00 ; 7.4099999e+01 ; 8.7806122e+01 
3.500e+01 ; 9.600e+00 ; 2.800e+00 ; 7.4099999e+01 ; 8.7806122e+01 
3.500e+01 ; 9.600e+00 ; 2.800e+00 ; 7.4100999e+01 ; 8.7804680e+01 
3.500e+01 ; 9.600e+00 ; 2.800e+00 ; 7.4101999e+01 ; 8.7803230e+01 
3.500e+01 ; 9.600e+00 ; 2.800e+00 ; 7.4102999e+01 ; 8.7801781e+01 
3.500e+01 ; 9.600e+00 ; 2.800e+00 ; 7.4104999e+01 ; 8.7798889e+01 
3.500e+01 ; 9.600e+00 ; 2.800e+00 ; 7.4108999e+01 ; 8.7793098e+01 
3.500e+01 ; 9.600e+00 ; 2.800e+00 ; 7.4116999e+01 ; 8.7781517e+01 
3.500e+01 ; 9.600e+00 ; 2.800e+00 ; 7.4132999e+01 ; 8.7758339e+01 
3.500e+01 ; 9.600e+00 ; 2.800e+00 ; 7.4164999e+01 ; 8.7711967e+01 
3.500e+01 ; 9.600e+00 ; 2.800e+00 ; 7.4228999e+01 ; 8.7619209e+01 
3.500e+01 ; 9.600e+00 ; 2.800e+00 ; 7.4356999e+01 ; 8.7434090e+01 
3.500e+01 ; 9.600e+00 ; 2.800e+00 ; 7.4612999e+01 ; 8.7068298e+01 
3.500e+01 ; 9.600e+00 ; 2.800e+00 ; 7.5049999e+01 ; 8.6465355e+01 
3.500e+01 ; 9.600e+00 ; 2.800e+00 ; 7.5049999e+01 ; 8.6465355e+01 
3.500e+01 ; 9.600e+00 ; 2.800e+00 ; 7.5050999e+01 ; 8.6463974e+01 
3.500e+01 ; 9.600e+00 ; 2.800e+00 ; 7.5051999e+01 ; 8.6462601e+01 
3.500e+01 ; 9.600e+00 ; 2.800e+00 ; 7.5052999e+01 ; 8.6461220e+01 
3.500e+01 ; 9.600e+00 ; 2.800e+00 ; 7.5054999e+01 ; 8.6458458e+01 
3.500e+01 ; 9.600e+00 ; 2.800e+00 ; 7.5058999e+01 ; 8.6452942e+01 
3.500e+01 ; 9.600e+00 ; 2.800e+00 ; 7.5066999e+01 ; 8.6441925e+01 
3.500e+01 ; 9.600e+00 ; 2.800e+00 ; 7.5082999e+01 ; 8.6419907e+01 
3.500e+01 ; 9.600e+00 ; 2.800e+00 ; 7.5114999e+01 ; 8.6375999e+01 
3.500e+01 ; 9.600e+00 ; 2.800e+00 ; 7.5178999e+01 ; 8.6288689e+01 
3.500e+01 ; 9.600e+00 ; 2.800e+00 ; 7.5306999e+01 ; 8.6116241e+01 
3.500e+01 ; 9.600e+00 ; 2.800e+00 ; 7.5562999e+01 ; 8.5780800e+01 
3.500e+01 ; 9.600e+00 ; 2.800e+00 ; 7.5999999e+01 ; 8.5237289e+01 
3.500e+01 ; 9.600e+00 ; 2.800e+00 ; 7.5999999e+01 ; 8.5237289e+01 
3.500e+01 ; 9.600e+00 ; 2.800e+00 ; 7.6000999e+01 ; 8.5236046e+01 
3.500e+01 ; 9.600e+00 ; 2.800e+00 ; 7.6001999e+01 ; 8.5234802e+01 
3.500e+01 ; 9.600e+00 ; 2.800e+00 ; 7.6002999e+01 ; 8.5233559e+01 
3.500e+01 ; 9.600e+00 ; 2.800e+00 ; 7.6004999e+01 ; 8.5231071e+01 
3.500e+01 ; 9.600e+00 ; 2.800e+00 ; 7.6008999e+01 ; 8.5226105e+01 
3.500e+01 ; 9.600e+00 ; 2.800e+00 ; 7.6016999e+01 ; 8.5216171e+01 
3.500e+01 ; 9.600e+00 ; 2.800e+00 ; 7.6032999e+01 ; 8.5196358e+01 
3.500e+01 ; 9.600e+00 ; 2.800e+00 ; 7.6064999e+01 ; 8.5156876e+01 
3.500e+01 ; 9.600e+00 ; 2.800e+00 ; 7.6128999e+01 ; 8.5078545e+01 
3.500e+01 ; 9.600e+00 ; 2.800e+00 ; 7.6256999e+01 ; 8.4924423e+01 
3.500e+01 ; 9.600e+00 ; 2.800e+00 ; 7.6512999e+01 ; 8.4626297e+01 
3.500e+01 ; 9.600e+00 ; 2.800e+00 ; 7.6949999e+01 ; 8.4145966e+01 
3.500e+01 ; 9.600e+00 ; 2.800e+00 ; 7.6949999e+01 ; 8.4145966e+01 
3.500e+01 ; 9.600e+00 ; 2.800e+00 ; 7.6950999e+01 ; 8.4144867e+01 
3.500e+01 ; 9.600e+00 ; 2.800e+00 ; 7.6951999e+01 ; 8.4143768e+01 
3.500e+01 ; 9.600e+00 ; 2.800e+00 ; 7.6952999e+01 ; 8.4142670e+01 
3.500e+01 ; 9.600e+00 ; 2.800e+00 ; 7.6954999e+01 ; 8.4140472e+01 
3.500e+01 ; 9.600e+00 ; 2.800e+00 ; 7.6958999e+01 ; 8.4136086e+01 
3.500e+01 ; 9.600e+00 ; 2.800e+00 ; 7.6966999e+01 ; 8.4127312e+01 
3.500e+01 ; 9.600e+00 ; 2.800e+00 ; 7.6982999e+01 ; 8.4109802e+01 
3.500e+01 ; 9.600e+00 ; 2.800e+00 ; 7.7014999e+01 ; 8.4074944e+01 
3.500e+01 ; 9.600e+00 ; 2.800e+00 ; 7.7078999e+01 ; 8.4005821e+01 
3.500e+01 ; 9.600e+00 ; 2.800e+00 ; 7.7206999e+01 ; 8.3869972e+01 
3.500e+01 ; 9.600e+00 ; 2.800e+00 ; 7.7462999e+01 ; 8.3607559e+01 
3.500e+01 ; 9.600e+00 ; 2.800e+00 ; 7.7899999e+01 ; 8.3185013e+01 
3.500e+01 ; 9.600e+00 ; 2.800e+00 ; 7.7899999e+01 ; 8.3185013e+01 
3.500e+01 ; 9.600e+00 ; 2.800e+00 ; 7.7900999e+01 ; 8.3184044e+01 
3.500e+01 ; 9.600e+00 ; 2.800e+00 ; 7.7901999e+01 ; 8.3183075e+01 
3.500e+01 ; 9.600e+00 ; 2.800e+00 ; 7.7902999e+01 ; 8.3182114e+01 
3.500e+01 ; 9.600e+00 ; 2.800e+00 ; 7.7904999e+01 ; 8.3180176e+01 
3.500e+01 ; 9.600e+00 ; 2.800e+00 ; 7.7908999e+01 ; 8.3176315e+01 
3.500e+01 ; 9.600e+00 ; 2.800e+00 ; 7.7916999e+01 ; 8.3168594e+01 
3.500e+01 ; 9.600e+00 ; 2.800e+00 ; 7.7932999e+01 ; 8.3153198e+01 
3.500e+01 ; 9.600e+00 ; 2.800e+00 ; 7.7964999e+01 ; 8.3122528e+01 
3.500e+01 ; 9.600e+00 ; 2.800e+00 ; 7.8028999e+01 ; 8.3061729e+01 
3.500e+01 ; 9.600e+00 ; 2.800e+00 ; 7.8156999e+01 ; 8.2942230e+01 
3.500e+01 ; 9.600e+00 ; 2.800e+00 ; 7.8412999e+01 ; 8.2711258e+01 
3.500e+01 ; 9.600e+00 ; 2.800e+00 ; 7.8849999e+01 ; 8.2338737e+01 
3.500e+01 ; 9.600e+00 ; 2.800e+00 ; 7.8849999e+01 ; 8.2338737e+01 
3.500e+01 ; 9.600e+00 ; 2.800e+00 ; 7.8850999e+01 ; 8.2337883e+01 
3.500e+01 ; 9.600e+00 ; 2.800e+00 ; 7.8851999e+01 ; 8.2337036e+01 
3.500e+01 ; 9.600e+00 ; 2.800e+00 ; 7.8852999e+01 ; 8.2336182e+01 
3.500e+01 ; 9.600e+00 ; 2.800e+00 ; 7.8854999e+01 ; 8.2334480e+01 
3.500e+01 ; 9.600e+00 ; 2.800e+00 ; 7.8858999e+01 ; 8.2331070e+01 
3.500e+01 ; 9.600e+00 ; 2.800e+00 ; 7.8866999e+01 ; 8.2324265e+01 
3.500e+01 ; 9.600e+00 ; 2.800e+00 ; 7.8882999e+01 ; 8.2310692e+01 
3.500e+01 ; 9.600e+00 ; 2.800e+00 ; 7.8914999e+01 ; 8.2283646e+01 
3.500e+01 ; 9.600e+00 ; 2.800e+00 ; 7.8978999e+01 ; 8.2230019e+01 
3.500e+01 ; 9.600e+00 ; 2.800e+00 ; 7.9106999e+01 ; 8.2124542e+01 
3.500e+01 ; 9.600e+00 ; 2.800e+00 ; 7.9362999e+01 ; 8.1920403e+01 
3.500e+01 ; 9.600e+00 ; 2.800e+00 ; 7.9799999e+01 ; 8.1590355e+01 
3.500e+01 ; 9.600e+00 ; 2.800e+00 ; 7.9799999e+01 ; 8.1590355e+01 
3.500e+01 ; 9.600e+00 ; 2.800e+00 ; 7.9800999e+01 ; 8.1589600e+01 
3.500e+01 ; 9.600e+00 ; 2.800e+00 ; 7.9801999e+01 ; 8.1588852e+01 
3.500e+01 ; 9.600e+00 ; 2.800e+00 ; 7.9802999e+01 ; 8.1588097e+01 
3.500e+01 ; 9.600e+00 ; 2.800e+00 ; 7.9804999e+01 ; 8.1586586e+01 
3.500e+01 ; 9.600e+00 ; 2.800e+00 ; 7.9808999e+01 ; 8.1583565e+01 
3.500e+01 ; 9.600e+00 ; 2.800e+00 ; 7.9816999e+01 ; 8.1577538e+01 
3.500e+01 ; 9.600e+00 ; 2.800e+00 ; 7.9832999e+01 ; 8.1565506e+01 
3.500e+01 ; 9.600e+00 ; 2.800e+00 ; 7.9864999e+01 ; 8.1541534e+01 
3.500e+01 ; 9.600e+00 ; 2.800e+00 ; 7.9928999e+01 ; 8.1493980e+01 
3.500e+01 ; 9.600e+00 ; 2.800e+00 ; 8.0056999e+01 ; 8.1400391e+01 
3.500e+01 ; 9.600e+00 ; 2.800e+00 ; 8.0312999e+01 ; 8.1219025e+01 
3.500e+01 ; 9.600e+00 ; 2.800e+00 ; 8.0749999e+01 ; 8.0925491e+01 
3.500e+01 ; 9.600e+00 ; 2.800e+00 ; 8.0749999e+01 ; 8.0925491e+01 
3.500e+01 ; 9.600e+00 ; 2.800e+00 ; 8.0750999e+01 ; 8.0924820e+01 
3.500e+01 ; 9.600e+00 ; 2.800e+00 ; 8.0751999e+01 ; 8.0924149e+01 
3.500e+01 ; 9.600e+00 ; 2.800e+00 ; 8.0752999e+01 ; 8.0923477e+01 
3.500e+01 ; 9.600e+00 ; 2.800e+00 ; 8.0754999e+01 ; 8.0922134e+01 
3.500e+01 ; 9.600e+00 ; 2.800e+00 ; 8.0758999e+01 ; 8.0919449e+01 
3.500e+01 ; 9.600e+00 ; 2.800e+00 ; 8.0766999e+01 ; 8.0914085e+01 
3.500e+01 ; 9.600e+00 ; 2.800e+00 ; 8.0782999e+01 ; 8.0903381e+01 
3.500e+01 ; 9.600e+00 ; 2.800e+00 ; 8.0814999e+01 ; 8.0882065e+01 
3.500e+01 ; 9.600e+00 ; 2.800e+00 ; 8.0878999e+01 ; 8.0839767e+01 
3.500e+01 ; 9.600e+00 ; 2.800e+00 ; 8.1006999e+01 ; 8.0756584e+01 
3.500e+01 ; 9.600e+00 ; 2.800e+00 ; 8.1262999e+01 ; 8.0596184e+01 
3.500e+01 ; 9.600e+00 ; 2.800e+00 ; 8.1699999e+01 ; 8.0341087e+01 
3.500e+01 ; 9.600e+00 ; 2.800e+00 ; 8.1699999e+01 ; 8.0341087e+01 
3.500e+01 ; 9.600e+00 ; 2.800e+00 ; 8.1700999e+01 ; 8.0340508e+01 
3.500e+01 ; 9.600e+00 ; 2.800e+00 ; 8.1701999e+01 ; 8.0339920e+01 
3.500e+01 ; 9.600e+00 ; 2.800e+00 ; 8.1702999e+01 ; 8.0339340e+01 
3.500e+01 ; 9.600e+00 ; 2.800e+00 ; 8.1704999e+01 ; 8.0338173e+01 
3.500e+01 ; 9.600e+00 ; 2.800e+00 ; 8.1708999e+01 ; 8.0335838e+01 
3.500e+01 ; 9.600e+00 ; 2.800e+00 ; 8.1716999e+01 ; 8.0331184e+01 
3.500e+01 ; 9.600e+00 ; 2.800e+00 ; 8.1732999e+01 ; 8.0321915e+01 
3.500e+01 ; 9.600e+00 ; 2.800e+00 ; 8.1764999e+01 ; 8.0303589e+01 
3.500e+01 ; 9.600e+00 ; 2.800e+00 ; 8.1828999e+01 ; 8.0268105e+01 
3.500e+01 ; 9.600e+00 ; 2.800e+00 ; 8.1956999e+01 ; 8.0203537e+01 
3.500e+01 ; 9.600e+00 ; 2.800e+00 ; 8.2212999e+01 ; 8.0104851e+01 
3.500e+01 ; 9.600e+00 ; 2.800e+00 ; 8.2649999e+01 ; 8.0014824e+01 
3.500e+01 ; 9.600e+00 ; 2.800e+00 ; 8.2649999e+01 ; 8.0014824e+01 
3.500e+01 ; 9.600e+00 ; 2.800e+00 ; 8.2650999e+01 ; 8.0014618e+01 
3.500e+01 ; 9.600e+00 ; 2.800e+00 ; 8.2651999e+01 ; 8.0014412e+01 
3.500e+01 ; 9.600e+00 ; 2.800e+00 ; 8.2652999e+01 ; 8.0014206e+01 
3.500e+01 ; 9.600e+00 ; 2.800e+00 ; 8.2654999e+01 ; 8.0013802e+01 
3.500e+01 ; 9.600e+00 ; 2.800e+00 ; 8.2658999e+01 ; 8.0012993e+01 
3.500e+01 ; 9.600e+00 ; 2.800e+00 ; 8.2666999e+01 ; 8.0011406e+01 
3.500e+01 ; 9.600e+00 ; 2.800e+00 ; 8.2682999e+01 ; 8.0008354e+01 
3.500e+01 ; 9.600e+00 ; 2.800e+00 ; 8.2714999e+01 ; 8.0002846e+01 
3.500e+01 ; 9.600e+00 ; 2.800e+00 ; 8.2778999e+01 ; 7.9994667e+01 
3.500e+01 ; 9.600e+00 ; 2.800e+00 ; 8.2906999e+01 ; 7.9991905e+01 
3.500e+01 ; 9.600e+00 ; 2.800e+00 ; 8.3162999e+01 ; 8.0043739e+01 
3.500e+01 ; 9.600e+00 ; 2.800e+00 ; 8.3599999e+01 ; 8.0259026e+01 
3.500e+01 ; 9.600e+00 ; 2.800e+00 ; 8.3599999e+01 ; 8.0259026e+01 
3.500e+01 ; 9.600e+00 ; 2.800e+00 ; 8.3600999e+01 ; 8.0259514e+01 
3.500e+01 ; 9.600e+00 ; 2.800e+00 ; 8.3601999e+01 ; 8.0260010e+01 
3.500e+01 ; 9.600e+00 ; 2.800e+00 ; 8.3602999e+01 ; 8.0260506e+01 
3.500e+01 ; 9.600e+00 ; 2.800e+00 ; 8.3604999e+01 ; 8.0261497e+01 
3.500e+01 ; 9.600e+00 ; 2.800e+00 ; 8.3608999e+01 ; 8.0263489e+01 
3.500e+01 ; 9.600e+00 ; 2.800e+00 ; 8.3616999e+01 ; 8.0267525e+01 
3.500e+01 ; 9.600e+00 ; 2.800e+00 ; 8.3632999e+01 ; 8.0275772e+01 
3.500e+01 ; 9.600e+00 ; 2.800e+00 ; 8.3664999e+01 ; 8.0293030e+01 
3.500e+01 ; 9.600e+00 ; 2.800e+00 ; 8.3728999e+01 ; 8.0330765e+01 
3.500e+01 ; 9.600e+00 ; 2.800e+00 ; 8.3856999e+01 ; 8.0419525e+01 
3.500e+01 ; 9.600e+00 ; 2.800e+00 ; 8.4112999e+01 ; 8.0643745e+01 
3.500e+01 ; 9.600e+00 ; 2.800e+00 ; 8.4549999e+01 ; 8.1102081e+01 
3.500e+01 ; 9.600e+00 ; 2.800e+00 ; 8.4549999e+01 ; 8.1102081e+01 
3.500e+01 ; 9.600e+00 ; 2.800e+00 ; 8.4550999e+01 ; 8.1103127e+01 
3.500e+01 ; 9.600e+00 ; 2.800e+00 ; 8.4551999e+01 ; 8.1104179e+01 
3.500e+01 ; 9.600e+00 ; 2.800e+00 ; 8.4552999e+01 ; 8.1105225e+01 
3.500e+01 ; 9.600e+00 ; 2.800e+00 ; 8.4554999e+01 ; 8.1107330e+01 
3.500e+01 ; 9.600e+00 ; 2.800e+00 ; 8.4558999e+01 ; 8.1111542e+01 
3.500e+01 ; 9.600e+00 ; 2.800e+00 ; 8.4566999e+01 ; 8.1119980e+01 
3.500e+01 ; 9.600e+00 ; 2.800e+00 ; 8.4582999e+01 ; 8.1136963e+01 
3.500e+01 ; 9.600e+00 ; 2.800e+00 ; 8.4614999e+01 ; 8.1171257e+01 
3.500e+01 ; 9.600e+00 ; 2.800e+00 ; 8.4678999e+01 ; 8.1240959e+01 
3.500e+01 ; 9.600e+00 ; 2.800e+00 ; 8.4806999e+01 ; 8.1382957e+01 
3.500e+01 ; 9.600e+00 ; 2.800e+00 ; 8.5062999e+01 ; 8.1664978e+01 
3.500e+01 ; 9.600e+00 ; 2.800e+00 ; 8.5499999e+01 ; 8.2098068e+01 
3.500e+01 ; 9.600e+00 ; 2.800e+00 ; 8.5499999e+01 ; 8.2098068e+01 
3.500e+01 ; 9.600e+00 ; 2.800e+00 ; 8.5500999e+01 ; 8.2099060e+01 
3.500e+01 ; 9.600e+00 ; 2.800e+00 ; 8.5501999e+01 ; 8.2100052e+01 
3.500e+01 ; 9.600e+00 ; 2.800e+00 ; 8.5502999e+01 ; 8.2101036e+01 
3.500e+01 ; 9.600e+00 ; 2.800e+00 ; 8.5504999e+01 ; 8.2103020e+01 
3.500e+01 ; 9.600e+00 ; 2.800e+00 ; 8.5508999e+01 ; 8.2106972e+01 
3.500e+01 ; 9.600e+00 ; 2.800e+00 ; 8.5516999e+01 ; 8.2114868e+01 
3.500e+01 ; 9.600e+00 ; 2.800e+00 ; 8.5532999e+01 ; 8.2130577e+01 
3.500e+01 ; 9.600e+00 ; 2.800e+00 ; 8.5564999e+01 ; 8.2161682e+01 
3.500e+01 ; 9.600e+00 ; 2.800e+00 ; 8.5628999e+01 ; 8.2222382e+01 
3.500e+01 ; 9.600e+00 ; 2.800e+00 ; 8.5756999e+01 ; 8.2336510e+01 
3.500e+01 ; 9.600e+00 ; 2.800e+00 ; 8.6012999e+01 ; 8.2529678e+01 
3.500e+01 ; 9.600e+00 ; 2.800e+00 ; 8.6449999e+01 ; 8.2749771e+01 
3.500e+01 ; 9.600e+00 ; 2.800e+00 ; 8.6449999e+01 ; 8.2749771e+01 
3.500e+01 ; 9.600e+00 ; 2.800e+00 ; 8.6459999e+01 ; 8.2754745e+01 
3.500e+01 ; 9.600e+00 ; 2.800e+00 ; 8.6469999e+01 ; 8.2759674e+01 
3.500e+01 ; 9.600e+00 ; 2.800e+00 ; 8.6479999e+01 ; 8.2764534e+01 
3.500e+01 ; 9.600e+00 ; 2.800e+00 ; 8.6499999e+01 ; 8.2774033e+01 
3.500e+01 ; 9.600e+00 ; 2.800e+00 ; 8.6539999e+01 ; 8.2792099e+01 
3.500e+01 ; 9.600e+00 ; 2.800e+00 ; 8.6619999e+01 ; 8.2824509e+01 
3.500e+01 ; 9.600e+00 ; 2.800e+00 ; 8.6779999e+01 ; 8.2874672e+01 
3.500e+01 ; 9.600e+00 ; 2.800e+00 ; 8.7099999e+01 ; 8.2919861e+01 
3.500e+01 ; 9.600e+00 ; 2.800e+00 ; 8.7739999e+01 ; 8.2829796e+01 
3.500e+01 ; 9.600e+00 ; 2.800e+00 ; 8.9019999e+01 ; 8.2211662e+01 
3.500e+01 ; 9.600e+00 ; 2.800e+00 ; 9.0939999e+01 ; 8.0879333e+01 
3.500e+01 ; 9.600e+00 ; 2.800e+00 ; 9.1449999e+01 ; 8.0505859e+01