X ; Y ; Z ; time ; Temperature 
3.500e+01 ; 8.000e-01 ; 3.000e+00 ; 0.0000000e+00 ; 2.5800000e+02 
3.500e+01 ; 8.000e-01 ; 3.000e+00 ; 1.0000000e-03 ; 2.5800000e+02 
3.500e+01 ; 8.000e-01 ; 3.000e+00 ; 2.0000001e-03 ; 2.5800000e+02 
3.500e+01 ; 8.000e-01 ; 3.000e+00 ; 3.0000000e-03 ; 2.5800000e+02 
3.500e+01 ; 8.000e-01 ; 3.000e+00 ; 4.9999999e-03 ; 2.5800000e+02 
3.500e+01 ; 8.000e-01 ; 3.000e+00 ; 8.9999996e-03 ; 2.5800000e+02 
3.500e+01 ; 8.000e-01 ; 3.000e+00 ; 1.7000001e-02 ; 2.5800000e+02 
3.500e+01 ; 8.000e-01 ; 3.000e+00 ; 3.3000000e-02 ; 2.5800000e+02 
3.500e+01 ; 8.000e-01 ; 3.000e+00 ; 6.4999998e-02 ; 2.5800000e+02 
3.500e+01 ; 8.000e-01 ; 3.000e+00 ; 1.2899999e-01 ; 2.5800000e+02 
3.500e+01 ; 8.000e-01 ; 3.000e+00 ; 2.5700000e-01 ; 2.5800000e+02 
3.500e+01 ; 8.000e-01 ; 3.000e+00 ; 5.1300001e-01 ; 2.5800000e+02 
3.500e+01 ; 8.000e-01 ; 3.000e+00 ; 7.6899999e-01 ; 2.5800000e+02 
3.500e+01 ; 8.000e-01 ; 3.000e+00 ; 9.2000002e-01 ; 2.5800000e+02 
3.500e+01 ; 8.000e-01 ; 3.000e+00 ; 9.2000002e-01 ; 2.5800000e+02 
3.500e+01 ; 8.000e-01 ; 3.000e+00 ; 9.2100002e-01 ; 2.5800000e+02 
3.500e+01 ; 8.000e-01 ; 3.000e+00 ; 9.2200002e-01 ; 2.5800000e+02 
3.500e+01 ; 8.000e-01 ; 3.000e+00 ; 9.2300002e-01 ; 2.5800000e+02 
3.500e+01 ; 8.000e-01 ; 3.000e+00 ; 9.2500002e-01 ; 2.5800000e+02 
3.500e+01 ; 8.000e-01 ; 3.000e+00 ; 9.2900002e-01 ; 2.5800000e+02 
3.500e+01 ; 8.000e-01 ; 3.000e+00 ; 9.3700002e-01 ; 2.5800000e+02 
3.500e+01 ; 8.000e-01 ; 3.000e+00 ; 9.5300002e-01 ; 2.5800000e+02 
3.500e+01 ; 8.000e-01 ; 3.000e+00 ; 9.8500001e-01 ; 2.5800000e+02 
3.500e+01 ; 8.000e-01 ; 3.000e+00 ; 1.0490000e+00 ; 2.5800000e+02 
3.500e+01 ; 8.000e-01 ; 3.000e+00 ; 1.1770000e+00 ; 2.5800000e+02 
3.500e+01 ; 8.000e-01 ; 3.000e+00 ; 1.4330000e+00 ; 2.5800000e+02 
3.500e+01 ; 8.000e-01 ; 3.000e+00 ; 1.8400000e+00 ; 2.5800000e+02 
3.500e+01 ; 8.000e-01 ; 3.000e+00 ; 1.8400000e+00 ; 2.5800000e+02 
3.500e+01 ; 8.000e-01 ; 3.000e+00 ; 1.8410000e+00 ; 2.5800000e+02 
3.500e+01 ; 8.000e-01 ; 3.000e+00 ; 1.8420000e+00 ; 2.5800000e+02 
3.500e+01 ; 8.000e-01 ; 3.000e+00 ; 1.8430000e+00 ; 2.5800000e+02 
3.500e+01 ; 8.000e-01 ; 3.000e+00 ; 1.8450000e+00 ; 2.5800000e+02 
3.500e+01 ; 8.000e-01 ; 3.000e+00 ; 1.8490000e+00 ; 2.5800000e+02 
3.500e+01 ; 8.000e-01 ; 3.000e+00 ; 1.8570000e+00 ; 2.5800000e+02 
3.500e+01 ; 8.000e-01 ; 3.000e+00 ; 1.8730000e+00 ; 2.5800000e+02 
3.500e+01 ; 8.000e-01 ; 3.000e+00 ; 1.9050000e+00 ; 2.5800000e+02 
3.500e+01 ; 8.000e-01 ; 3.000e+00 ; 1.9690000e+00 ; 2.5800000e+02 
3.500e+01 ; 8.000e-01 ; 3.000e+00 ; 2.0970000e+00 ; 2.5800000e+02 
3.500e+01 ; 8.000e-01 ; 3.000e+00 ; 2.3530000e+00 ; 2.5800000e+02 
3.500e+01 ; 8.000e-01 ; 3.000e+00 ; 2.7600001e+00 ; 2.5800000e+02 
3.500e+01 ; 8.000e-01 ; 3.000e+00 ; 2.7600001e+00 ; 2.5800000e+02 
3.500e+01 ; 8.000e-01 ; 3.000e+00 ; 2.7610001e+00 ; 2.5800000e+02 
3.500e+01 ; 8.000e-01 ; 3.000e+00 ; 2.7620001e+00 ; 2.5800000e+02 
3.500e+01 ; 8.000e-01 ; 3.000e+00 ; 2.7630001e+00 ; 2.5800000e+02 
3.500e+01 ; 8.000e-01 ; 3.000e+00 ; 2.7650000e+00 ; 2.5800000e+02 
3.500e+01 ; 8.000e-01 ; 3.000e+00 ; 2.7690000e+00 ; 2.5800000e+02 
3.500e+01 ; 8.000e-01 ; 3.000e+00 ; 2.7770001e+00 ; 2.5800000e+02 
3.500e+01 ; 8.000e-01 ; 3.000e+00 ; 2.7930000e+00 ; 2.5800000e+02 
3.500e+01 ; 8.000e-01 ; 3.000e+00 ; 2.8250000e+00 ; 2.5800000e+02 
3.500e+01 ; 8.000e-01 ; 3.000e+00 ; 2.8890000e+00 ; 2.5800000e+02 
3.500e+01 ; 8.000e-01 ; 3.000e+00 ; 3.0170000e+00 ; 2.5800000e+02 
3.500e+01 ; 8.000e-01 ; 3.000e+00 ; 3.2730001e+00 ; 2.5800000e+02 
3.500e+01 ; 8.000e-01 ; 3.000e+00 ; 3.6800001e+00 ; 2.5800000e+02 
3.500e+01 ; 8.000e-01 ; 3.000e+00 ; 3.6800001e+00 ; 2.5800000e+02 
3.500e+01 ; 8.000e-01 ; 3.000e+00 ; 3.6810001e+00 ; 2.5800000e+02 
3.500e+01 ; 8.000e-01 ; 3.000e+00 ; 3.6820001e+00 ; 2.5800000e+02 
3.500e+01 ; 8.000e-01 ; 3.000e+00 ; 3.6830001e+00 ; 2.5800000e+02 
3.500e+01 ; 8.000e-01 ; 3.000e+00 ; 3.6850001e+00 ; 2.5800000e+02 
3.500e+01 ; 8.000e-01 ; 3.000e+00 ; 3.6890001e+00 ; 2.5800000e+02 
3.500e+01 ; 8.000e-01 ; 3.000e+00 ; 3.6970001e+00 ; 2.5800000e+02 
3.500e+01 ; 8.000e-01 ; 3.000e+00 ; 3.7130001e+00 ; 2.5800000e+02 
3.500e+01 ; 8.000e-01 ; 3.000e+00 ; 3.7450001e+00 ; 2.5800000e+02 
3.500e+01 ; 8.000e-01 ; 3.000e+00 ; 3.8090001e+00 ; 2.5800000e+02 
3.500e+01 ; 8.000e-01 ; 3.000e+00 ; 3.9370001e+00 ; 2.5800000e+02 
3.500e+01 ; 8.000e-01 ; 3.000e+00 ; 4.1930001e+00 ; 2.5800000e+02 
3.500e+01 ; 8.000e-01 ; 3.000e+00 ; 4.6000001e+00 ; 2.5800000e+02 
3.500e+01 ; 8.000e-01 ; 3.000e+00 ; 4.6000001e+00 ; 2.5800000e+02 
3.500e+01 ; 8.000e-01 ; 3.000e+00 ; 4.6010001e+00 ; 2.5800000e+02 
3.500e+01 ; 8.000e-01 ; 3.000e+00 ; 4.6020001e+00 ; 2.5800000e+02 
3.500e+01 ; 8.000e-01 ; 3.000e+00 ; 4.6030001e+00 ; 2.5800000e+02 
3.500e+01 ; 8.000e-01 ; 3.000e+00 ; 4.6050001e+00 ; 2.5800000e+02 
3.500e+01 ; 8.000e-01 ; 3.000e+00 ; 4.6090001e+00 ; 2.5800000e+02 
3.500e+01 ; 8.000e-01 ; 3.000e+00 ; 4.6170001e+00 ; 2.5800000e+02 
3.500e+01 ; 8.000e-01 ; 3.000e+00 ; 4.6330001e+00 ; 2.5800000e+02 
3.500e+01 ; 8.000e-01 ; 3.000e+00 ; 4.6650001e+00 ; 2.5800000e+02 
3.500e+01 ; 8.000e-01 ; 3.000e+00 ; 4.7290001e+00 ; 2.5800000e+02 
3.500e+01 ; 8.000e-01 ; 3.000e+00 ; 4.8570001e+00 ; 2.5800000e+02 
3.500e+01 ; 8.000e-01 ; 3.000e+00 ; 5.1130001e+00 ; 2.5800000e+02 
3.500e+01 ; 8.000e-01 ; 3.000e+00 ; 5.5200001e+00 ; 2.5800000e+02 
3.500e+01 ; 8.000e-01 ; 3.000e+00 ; 5.5200001e+00 ; 2.5800000e+02 
3.500e+01 ; 8.000e-01 ; 3.000e+00 ; 5.5210001e+00 ; 2.5800000e+02 
3.500e+01 ; 8.000e-01 ; 3.000e+00 ; 5.5220001e+00 ; 2.5800000e+02 
3.500e+01 ; 8.000e-01 ; 3.000e+00 ; 5.5230001e+00 ; 2.5800000e+02 
3.500e+01 ; 8.000e-01 ; 3.000e+00 ; 5.5250001e+00 ; 2.5800000e+02 
3.500e+01 ; 8.000e-01 ; 3.000e+00 ; 5.5290001e+00 ; 2.5800000e+02 
3.500e+01 ; 8.000e-01 ; 3.000e+00 ; 5.5370001e+00 ; 2.5800000e+02 
3.500e+01 ; 8.000e-01 ; 3.000e+00 ; 5.5530001e+00 ; 2.5800000e+02 
3.500e+01 ; 8.000e-01 ; 3.000e+00 ; 5.5850001e+00 ; 2.5800000e+02 
3.500e+01 ; 8.000e-01 ; 3.000e+00 ; 5.6490001e+00 ; 2.5800000e+02 
3.500e+01 ; 8.000e-01 ; 3.000e+00 ; 5.7770001e+00 ; 2.5800000e+02 
3.500e+01 ; 8.000e-01 ; 3.000e+00 ; 6.0330001e+00 ; 2.5800000e+02 
3.500e+01 ; 8.000e-01 ; 3.000e+00 ; 6.4400001e+00 ; 2.5800000e+02 
3.500e+01 ; 8.000e-01 ; 3.000e+00 ; 6.4400001e+00 ; 2.5800000e+02 
3.500e+01 ; 8.000e-01 ; 3.000e+00 ; 6.4410001e+00 ; 2.5800000e+02 
3.500e+01 ; 8.000e-01 ; 3.000e+00 ; 6.4420001e+00 ; 2.5800000e+02 
3.500e+01 ; 8.000e-01 ; 3.000e+00 ; 6.4430001e+00 ; 2.5800000e+02 
3.500e+01 ; 8.000e-01 ; 3.000e+00 ; 6.4450001e+00 ; 2.5800000e+02 
3.500e+01 ; 8.000e-01 ; 3.000e+00 ; 6.4490001e+00 ; 2.5800000e+02 
3.500e+01 ; 8.000e-01 ; 3.000e+00 ; 6.4570001e+00 ; 2.5800000e+02 
3.500e+01 ; 8.000e-01 ; 3.000e+00 ; 6.4730001e+00 ; 2.5800000e+02 
3.500e+01 ; 8.000e-01 ; 3.000e+00 ; 6.5050001e+00 ; 2.5800000e+02 
3.500e+01 ; 8.000e-01 ; 3.000e+00 ; 6.5690001e+00 ; 2.5800000e+02 
3.500e+01 ; 8.000e-01 ; 3.000e+00 ; 6.6970001e+00 ; 2.5800000e+02 
3.500e+01 ; 8.000e-01 ; 3.000e+00 ; 6.9530001e+00 ; 2.5800000e+02 
3.500e+01 ; 8.000e-01 ; 3.000e+00 ; 7.3600001e+00 ; 2.5800000e+02 
3.500e+01 ; 8.000e-01 ; 3.000e+00 ; 7.3600001e+00 ; 2.5800000e+02 
3.500e+01 ; 8.000e-01 ; 3.000e+00 ; 7.3610001e+00 ; 2.5800000e+02 
3.500e+01 ; 8.000e-01 ; 3.000e+00 ; 7.3620001e+00 ; 2.5800000e+02 
3.500e+01 ; 8.000e-01 ; 3.000e+00 ; 7.3630001e+00 ; 2.5800000e+02 
3.500e+01 ; 8.000e-01 ; 3.000e+00 ; 7.3650001e+00 ; 2.5800000e+02 
3.500e+01 ; 8.000e-01 ; 3.000e+00 ; 7.3690001e+00 ; 2.5800000e+02 
3.500e+01 ; 8.000e-01 ; 3.000e+00 ; 7.3770001e+00 ; 2.5800000e+02 
3.500e+01 ; 8.000e-01 ; 3.000e+00 ; 7.3930001e+00 ; 2.5800000e+02 
3.500e+01 ; 8.000e-01 ; 3.000e+00 ; 7.4250001e+00 ; 2.5800000e+02 
3.500e+01 ; 8.000e-01 ; 3.000e+00 ; 7.4890001e+00 ; 2.5800000e+02 
3.500e+01 ; 8.000e-01 ; 3.000e+00 ; 7.6170001e+00 ; 2.5800000e+02 
3.500e+01 ; 8.000e-01 ; 3.000e+00 ; 7.8730001e+00 ; 2.5800000e+02 
3.500e+01 ; 8.000e-01 ; 3.000e+00 ; 8.2800002e+00 ; 2.5800000e+02 
3.500e+01 ; 8.000e-01 ; 3.000e+00 ; 8.2800002e+00 ; 2.5800000e+02 
3.500e+01 ; 8.000e-01 ; 3.000e+00 ; 8.2810002e+00 ; 2.5800000e+02 
3.500e+01 ; 8.000e-01 ; 3.000e+00 ; 8.2820002e+00 ; 2.5800000e+02 
3.500e+01 ; 8.000e-01 ; 3.000e+00 ; 8.2830002e+00 ; 2.5800000e+02 
3.500e+01 ; 8.000e-01 ; 3.000e+00 ; 8.2850002e+00 ; 2.5800000e+02 
3.500e+01 ; 8.000e-01 ; 3.000e+00 ; 8.2890001e+00 ; 2.5800000e+02 
3.500e+01 ; 8.000e-01 ; 3.000e+00 ; 8.2970002e+00 ; 2.5800000e+02 
3.500e+01 ; 8.000e-01 ; 3.000e+00 ; 8.3130002e+00 ; 2.5800000e+02 
3.500e+01 ; 8.000e-01 ; 3.000e+00 ; 8.3450001e+00 ; 2.5800000e+02 
3.500e+01 ; 8.000e-01 ; 3.000e+00 ; 8.4090001e+00 ; 2.5800000e+02 
3.500e+01 ; 8.000e-01 ; 3.000e+00 ; 8.5370001e+00 ; 2.5800000e+02 
3.500e+01 ; 8.000e-01 ; 3.000e+00 ; 8.7930002e+00 ; 2.5800000e+02 
3.500e+01 ; 8.000e-01 ; 3.000e+00 ; 9.2000002e+00 ; 2.5800000e+02 
3.500e+01 ; 8.000e-01 ; 3.000e+00 ; 9.2000002e+00 ; 2.5800000e+02 
3.500e+01 ; 8.000e-01 ; 3.000e+00 ; 9.2010002e+00 ; 2.5800000e+02 
3.500e+01 ; 8.000e-01 ; 3.000e+00 ; 9.2020002e+00 ; 2.5800000e+02 
3.500e+01 ; 8.000e-01 ; 3.000e+00 ; 9.2030002e+00 ; 2.5800000e+02 
3.500e+01 ; 8.000e-01 ; 3.000e+00 ; 9.2050002e+00 ; 2.5800000e+02 
3.500e+01 ; 8.000e-01 ; 3.000e+00 ; 9.2090002e+00 ; 2.5800000e+02 
3.500e+01 ; 8.000e-01 ; 3.000e+00 ; 9.2170002e+00 ; 2.5800000e+02 
3.500e+01 ; 8.000e-01 ; 3.000e+00 ; 9.2330002e+00 ; 2.5800000e+02 
3.500e+01 ; 8.000e-01 ; 3.000e+00 ; 9.2650002e+00 ; 2.5800000e+02 
3.500e+01 ; 8.000e-01 ; 3.000e+00 ; 9.3290002e+00 ; 2.5800000e+02 
3.500e+01 ; 8.000e-01 ; 3.000e+00 ; 9.4570002e+00 ; 2.5800000e+02 
3.500e+01 ; 8.000e-01 ; 3.000e+00 ; 9.7130002e+00 ; 2.5800000e+02 
3.500e+01 ; 8.000e-01 ; 3.000e+00 ; 1.0120000e+01 ; 2.5800000e+02 
3.500e+01 ; 8.000e-01 ; 3.000e+00 ; 1.0120000e+01 ; 2.5800000e+02 
3.500e+01 ; 8.000e-01 ; 3.000e+00 ; 1.0121000e+01 ; 2.5800000e+02 
3.500e+01 ; 8.000e-01 ; 3.000e+00 ; 1.0122000e+01 ; 2.5800000e+02 
3.500e+01 ; 8.000e-01 ; 3.000e+00 ; 1.0123000e+01 ; 2.5800000e+02 
3.500e+01 ; 8.000e-01 ; 3.000e+00 ; 1.0125000e+01 ; 2.5800000e+02 
3.500e+01 ; 8.000e-01 ; 3.000e+00 ; 1.0129000e+01 ; 2.5800000e+02 
3.500e+01 ; 8.000e-01 ; 3.000e+00 ; 1.0137000e+01 ; 2.5800000e+02 
3.500e+01 ; 8.000e-01 ; 3.000e+00 ; 1.0153000e+01 ; 2.5800000e+02 
3.500e+01 ; 8.000e-01 ; 3.000e+00 ; 1.0185000e+01 ; 2.5800000e+02 
3.500e+01 ; 8.000e-01 ; 3.000e+00 ; 1.0249000e+01 ; 2.5800000e+02 
3.500e+01 ; 8.000e-01 ; 3.000e+00 ; 1.0377000e+01 ; 2.5800000e+02 
3.500e+01 ; 8.000e-01 ; 3.000e+00 ; 1.0633000e+01 ; 2.5800000e+02 
3.500e+01 ; 8.000e-01 ; 3.000e+00 ; 1.1040000e+01 ; 2.5800000e+02 
3.500e+01 ; 8.000e-01 ; 3.000e+00 ; 1.1040000e+01 ; 2.5800000e+02 
3.500e+01 ; 8.000e-01 ; 3.000e+00 ; 1.1041000e+01 ; 2.5800000e+02 
3.500e+01 ; 8.000e-01 ; 3.000e+00 ; 1.1042000e+01 ; 2.5800000e+02 
3.500e+01 ; 8.000e-01 ; 3.000e+00 ; 1.1043000e+01 ; 2.5800000e+02 
3.500e+01 ; 8.000e-01 ; 3.000e+00 ; 1.1045000e+01 ; 2.5800000e+02 
3.500e+01 ; 8.000e-01 ; 3.000e+00 ; 1.1049000e+01 ; 2.5800000e+02 
3.500e+01 ; 8.000e-01 ; 3.000e+00 ; 1.1057000e+01 ; 2.5800000e+02 
3.500e+01 ; 8.000e-01 ; 3.000e+00 ; 1.1073000e+01 ; 2.5800000e+02 
3.500e+01 ; 8.000e-01 ; 3.000e+00 ; 1.1105000e+01 ; 2.5800000e+02 
3.500e+01 ; 8.000e-01 ; 3.000e+00 ; 1.1169000e+01 ; 2.5800000e+02 
3.500e+01 ; 8.000e-01 ; 3.000e+00 ; 1.1297000e+01 ; 2.5800000e+02 
3.500e+01 ; 8.000e-01 ; 3.000e+00 ; 1.1553000e+01 ; 2.5800000e+02 
3.500e+01 ; 8.000e-01 ; 3.000e+00 ; 1.1960000e+01 ; 2.5800000e+02 
3.500e+01 ; 8.000e-01 ; 3.000e+00 ; 1.1960000e+01 ; 2.5800000e+02 
3.500e+01 ; 8.000e-01 ; 3.000e+00 ; 1.1961000e+01 ; 2.5800000e+02 
3.500e+01 ; 8.000e-01 ; 3.000e+00 ; 1.1962000e+01 ; 2.5800000e+02 
3.500e+01 ; 8.000e-01 ; 3.000e+00 ; 1.1963000e+01 ; 2.5800000e+02 
3.500e+01 ; 8.000e-01 ; 3.000e+00 ; 1.1965000e+01 ; 2.5800000e+02 
3.500e+01 ; 8.000e-01 ; 3.000e+00 ; 1.1969000e+01 ; 2.5800000e+02 
3.500e+01 ; 8.000e-01 ; 3.000e+00 ; 1.1977000e+01 ; 2.5800000e+02 
3.500e+01 ; 8.000e-01 ; 3.000e+00 ; 1.1993000e+01 ; 2.5800000e+02 
3.500e+01 ; 8.000e-01 ; 3.000e+00 ; 1.2025000e+01 ; 2.5800000e+02 
3.500e+01 ; 8.000e-01 ; 3.000e+00 ; 1.2089000e+01 ; 2.5800000e+02 
3.500e+01 ; 8.000e-01 ; 3.000e+00 ; 1.2217000e+01 ; 2.5800000e+02 
3.500e+01 ; 8.000e-01 ; 3.000e+00 ; 1.2473000e+01 ; 2.5800000e+02 
3.500e+01 ; 8.000e-01 ; 3.000e+00 ; 1.2880000e+01 ; 2.5800000e+02 
3.500e+01 ; 8.000e-01 ; 3.000e+00 ; 1.2880000e+01 ; 2.5800000e+02 
3.500e+01 ; 8.000e-01 ; 3.000e+00 ; 1.2881000e+01 ; 2.5800000e+02 
3.500e+01 ; 8.000e-01 ; 3.000e+00 ; 1.2882000e+01 ; 2.5800000e+02 
3.500e+01 ; 8.000e-01 ; 3.000e+00 ; 1.2883000e+01 ; 2.5800000e+02 
3.500e+01 ; 8.000e-01 ; 3.000e+00 ; 1.2885000e+01 ; 2.5800000e+02 
3.500e+01 ; 8.000e-01 ; 3.000e+00 ; 1.2889000e+01 ; 2.5800000e+02 
3.500e+01 ; 8.000e-01 ; 3.000e+00 ; 1.2897000e+01 ; 2.5800000e+02 
3.500e+01 ; 8.000e-01 ; 3.000e+00 ; 1.2913000e+01 ; 2.5800000e+02 
3.500e+01 ; 8.000e-01 ; 3.000e+00 ; 1.2945000e+01 ; 2.5800000e+02 
3.500e+01 ; 8.000e-01 ; 3.000e+00 ; 1.3009000e+01 ; 2.5800000e+02 
3.500e+01 ; 8.000e-01 ; 3.000e+00 ; 1.3137000e+01 ; 2.5800000e+02 
3.500e+01 ; 8.000e-01 ; 3.000e+00 ; 1.3393000e+01 ; 2.5800000e+02 
3.500e+01 ; 8.000e-01 ; 3.000e+00 ; 1.3800000e+01 ; 2.5800000e+02 
3.500e+01 ; 8.000e-01 ; 3.000e+00 ; 1.3800000e+01 ; 2.5800000e+02 
3.500e+01 ; 8.000e-01 ; 3.000e+00 ; 1.3801000e+01 ; 2.5800000e+02 
3.500e+01 ; 8.000e-01 ; 3.000e+00 ; 1.3802000e+01 ; 2.5800000e+02 
3.500e+01 ; 8.000e-01 ; 3.000e+00 ; 1.3803000e+01 ; 2.5800000e+02 
3.500e+01 ; 8.000e-01 ; 3.000e+00 ; 1.3805000e+01 ; 2.5800000e+02 
3.500e+01 ; 8.000e-01 ; 3.000e+00 ; 1.3809000e+01 ; 2.5800000e+02 
3.500e+01 ; 8.000e-01 ; 3.000e+00 ; 1.3817000e+01 ; 2.5800000e+02 
3.500e+01 ; 8.000e-01 ; 3.000e+00 ; 1.3833000e+01 ; 2.5800000e+02 
3.500e+01 ; 8.000e-01 ; 3.000e+00 ; 1.3865000e+01 ; 2.5800000e+02 
3.500e+01 ; 8.000e-01 ; 3.000e+00 ; 1.3929000e+01 ; 2.5800000e+02 
3.500e+01 ; 8.000e-01 ; 3.000e+00 ; 1.4057000e+01 ; 2.5800000e+02 
3.500e+01 ; 8.000e-01 ; 3.000e+00 ; 1.4313000e+01 ; 2.5800000e+02 
3.500e+01 ; 8.000e-01 ; 3.000e+00 ; 1.4720000e+01 ; 2.5800000e+02 
3.500e+01 ; 8.000e-01 ; 3.000e+00 ; 1.4720000e+01 ; 2.5800000e+02 
3.500e+01 ; 8.000e-01 ; 3.000e+00 ; 1.4721000e+01 ; 2.5800000e+02 
3.500e+01 ; 8.000e-01 ; 3.000e+00 ; 1.4722000e+01 ; 2.5800000e+02 
3.500e+01 ; 8.000e-01 ; 3.000e+00 ; 1.4723000e+01 ; 2.5800000e+02 
3.500e+01 ; 8.000e-01 ; 3.000e+00 ; 1.4725000e+01 ; 2.5800000e+02 
3.500e+01 ; 8.000e-01 ; 3.000e+00 ; 1.4729000e+01 ; 2.5800000e+02 
3.500e+01 ; 8.000e-01 ; 3.000e+00 ; 1.4737000e+01 ; 2.5800000e+02 
3.500e+01 ; 8.000e-01 ; 3.000e+00 ; 1.4753000e+01 ; 2.5800000e+02 
3.500e+01 ; 8.000e-01 ; 3.000e+00 ; 1.4785000e+01 ; 2.5800000e+02 
3.500e+01 ; 8.000e-01 ; 3.000e+00 ; 1.4849000e+01 ; 2.5800000e+02 
3.500e+01 ; 8.000e-01 ; 3.000e+00 ; 1.4977000e+01 ; 2.5800000e+02 
3.500e+01 ; 8.000e-01 ; 3.000e+00 ; 1.5233000e+01 ; 2.5800000e+02 
3.500e+01 ; 8.000e-01 ; 3.000e+00 ; 1.5640000e+01 ; 2.5800000e+02 
3.500e+01 ; 8.000e-01 ; 3.000e+00 ; 1.5640000e+01 ; 2.5800000e+02 
3.500e+01 ; 8.000e-01 ; 3.000e+00 ; 1.5641000e+01 ; 2.5800000e+02 
3.500e+01 ; 8.000e-01 ; 3.000e+00 ; 1.5642000e+01 ; 2.5800000e+02 
3.500e+01 ; 8.000e-01 ; 3.000e+00 ; 1.5643000e+01 ; 2.5800000e+02 
3.500e+01 ; 8.000e-01 ; 3.000e+00 ; 1.5645000e+01 ; 2.5800000e+02 
3.500e+01 ; 8.000e-01 ; 3.000e+00 ; 1.5649000e+01 ; 2.5800000e+02 
3.500e+01 ; 8.000e-01 ; 3.000e+00 ; 1.5657000e+01 ; 2.5800000e+02 
3.500e+01 ; 8.000e-01 ; 3.000e+00 ; 1.5673000e+01 ; 2.5800000e+02 
3.500e+01 ; 8.000e-01 ; 3.000e+00 ; 1.5705000e+01 ; 2.5800000e+02 
3.500e+01 ; 8.000e-01 ; 3.000e+00 ; 1.5769000e+01 ; 2.5800000e+02 
3.500e+01 ; 8.000e-01 ; 3.000e+00 ; 1.5897000e+01 ; 2.5800000e+02 
3.500e+01 ; 8.000e-01 ; 3.000e+00 ; 1.6153000e+01 ; 2.5800000e+02 
3.500e+01 ; 8.000e-01 ; 3.000e+00 ; 1.6560000e+01 ; 2.5800000e+02 
3.500e+01 ; 8.000e-01 ; 3.000e+00 ; 1.6560000e+01 ; 2.5800000e+02 
3.500e+01 ; 8.000e-01 ; 3.000e+00 ; 1.6561000e+01 ; 2.5800000e+02 
3.500e+01 ; 8.000e-01 ; 3.000e+00 ; 1.6562000e+01 ; 2.5800000e+02 
3.500e+01 ; 8.000e-01 ; 3.000e+00 ; 1.6563000e+01 ; 2.5800000e+02 
3.500e+01 ; 8.000e-01 ; 3.000e+00 ; 1.6565000e+01 ; 2.5800000e+02 
3.500e+01 ; 8.000e-01 ; 3.000e+00 ; 1.6569000e+01 ; 2.5800000e+02 
3.500e+01 ; 8.000e-01 ; 3.000e+00 ; 1.6577000e+01 ; 2.5800000e+02 
3.500e+01 ; 8.000e-01 ; 3.000e+00 ; 1.6593000e+01 ; 2.5800000e+02 
3.500e+01 ; 8.000e-01 ; 3.000e+00 ; 1.6625000e+01 ; 2.5800000e+02 
3.500e+01 ; 8.000e-01 ; 3.000e+00 ; 1.6689000e+01 ; 2.5800000e+02 
3.500e+01 ; 8.000e-01 ; 3.000e+00 ; 1.6817000e+01 ; 2.5800000e+02 
3.500e+01 ; 8.000e-01 ; 3.000e+00 ; 1.7073000e+01 ; 2.5800000e+02 
3.500e+01 ; 8.000e-01 ; 3.000e+00 ; 1.7480000e+01 ; 2.5800000e+02 
3.500e+01 ; 8.000e-01 ; 3.000e+00 ; 1.7480000e+01 ; 2.5800000e+02 
3.500e+01 ; 8.000e-01 ; 3.000e+00 ; 1.7481000e+01 ; 2.5800000e+02 
3.500e+01 ; 8.000e-01 ; 3.000e+00 ; 1.7482000e+01 ; 2.5800000e+02 
3.500e+01 ; 8.000e-01 ; 3.000e+00 ; 1.7483000e+01 ; 2.5800000e+02 
3.500e+01 ; 8.000e-01 ; 3.000e+00 ; 1.7485000e+01 ; 2.5800000e+02 
3.500e+01 ; 8.000e-01 ; 3.000e+00 ; 1.7489000e+01 ; 2.5800000e+02 
3.500e+01 ; 8.000e-01 ; 3.000e+00 ; 1.7497000e+01 ; 2.5800000e+02 
3.500e+01 ; 8.000e-01 ; 3.000e+00 ; 1.7513000e+01 ; 2.5800000e+02 
3.500e+01 ; 8.000e-01 ; 3.000e+00 ; 1.7545000e+01 ; 2.5800000e+02 
3.500e+01 ; 8.000e-01 ; 3.000e+00 ; 1.7609000e+01 ; 2.5800000e+02 
3.500e+01 ; 8.000e-01 ; 3.000e+00 ; 1.7737000e+01 ; 2.5800000e+02 
3.500e+01 ; 8.000e-01 ; 3.000e+00 ; 1.7993000e+01 ; 2.5800000e+02 
3.500e+01 ; 8.000e-01 ; 3.000e+00 ; 1.8400000e+01 ; 2.5800000e+02 
3.500e+01 ; 8.000e-01 ; 3.000e+00 ; 1.8400000e+01 ; 2.5800000e+02 
3.500e+01 ; 8.000e-01 ; 3.000e+00 ; 1.8401000e+01 ; 2.5800000e+02 
3.500e+01 ; 8.000e-01 ; 3.000e+00 ; 1.8402000e+01 ; 2.5800000e+02 
3.500e+01 ; 8.000e-01 ; 3.000e+00 ; 1.8403000e+01 ; 2.5800000e+02 
3.500e+01 ; 8.000e-01 ; 3.000e+00 ; 1.8405000e+01 ; 2.5800000e+02 
3.500e+01 ; 8.000e-01 ; 3.000e+00 ; 1.8409000e+01 ; 2.5800000e+02 
3.500e+01 ; 8.000e-01 ; 3.000e+00 ; 1.8417000e+01 ; 2.5800000e+02 
3.500e+01 ; 8.000e-01 ; 3.000e+00 ; 1.8433000e+01 ; 2.5800000e+02 
3.500e+01 ; 8.000e-01 ; 3.000e+00 ; 1.8465000e+01 ; 2.5800000e+02 
3.500e+01 ; 8.000e-01 ; 3.000e+00 ; 1.8529000e+01 ; 2.5800000e+02 
3.500e+01 ; 8.000e-01 ; 3.000e+00 ; 1.8657000e+01 ; 2.5800000e+02 
3.500e+01 ; 8.000e-01 ; 3.000e+00 ; 1.8913000e+01 ; 2.5800000e+02 
3.500e+01 ; 8.000e-01 ; 3.000e+00 ; 1.9320000e+01 ; 2.5800000e+02 
3.500e+01 ; 8.000e-01 ; 3.000e+00 ; 1.9320000e+01 ; 2.5800000e+02 
3.500e+01 ; 8.000e-01 ; 3.000e+00 ; 1.9321000e+01 ; 2.5800000e+02 
3.500e+01 ; 8.000e-01 ; 3.000e+00 ; 1.9322000e+01 ; 2.5800000e+02 
3.500e+01 ; 8.000e-01 ; 3.000e+00 ; 1.9323000e+01 ; 2.5800000e+02 
3.500e+01 ; 8.000e-01 ; 3.000e+00 ; 1.9325000e+01 ; 2.5800000e+02 
3.500e+01 ; 8.000e-01 ; 3.000e+00 ; 1.9329000e+01 ; 2.5800000e+02 
3.500e+01 ; 8.000e-01 ; 3.000e+00 ; 1.9337000e+01 ; 2.5800000e+02 
3.500e+01 ; 8.000e-01 ; 3.000e+00 ; 1.9353000e+01 ; 2.5800000e+02 
3.500e+01 ; 8.000e-01 ; 3.000e+00 ; 1.9385000e+01 ; 2.5800000e+02 
3.500e+01 ; 8.000e-01 ; 3.000e+00 ; 1.9449000e+01 ; 2.5800000e+02 
3.500e+01 ; 8.000e-01 ; 3.000e+00 ; 1.9577000e+01 ; 2.5800000e+02 
3.500e+01 ; 8.000e-01 ; 3.000e+00 ; 1.9833000e+01 ; 2.5800000e+02 
3.500e+01 ; 8.000e-01 ; 3.000e+00 ; 2.0240000e+01 ; 2.5800000e+02 
3.500e+01 ; 8.000e-01 ; 3.000e+00 ; 2.0240000e+01 ; 2.5800000e+02 
3.500e+01 ; 8.000e-01 ; 3.000e+00 ; 2.0241000e+01 ; 2.5800000e+02 
3.500e+01 ; 8.000e-01 ; 3.000e+00 ; 2.0242000e+01 ; 2.5800000e+02 
3.500e+01 ; 8.000e-01 ; 3.000e+00 ; 2.0243000e+01 ; 2.5800000e+02 
3.500e+01 ; 8.000e-01 ; 3.000e+00 ; 2.0245000e+01 ; 2.5800000e+02 
3.500e+01 ; 8.000e-01 ; 3.000e+00 ; 2.0249000e+01 ; 2.5800000e+02 
3.500e+01 ; 8.000e-01 ; 3.000e+00 ; 2.0257000e+01 ; 2.5800000e+02 
3.500e+01 ; 8.000e-01 ; 3.000e+00 ; 2.0273000e+01 ; 2.5800000e+02 
3.500e+01 ; 8.000e-01 ; 3.000e+00 ; 2.0305000e+01 ; 2.5800000e+02 
3.500e+01 ; 8.000e-01 ; 3.000e+00 ; 2.0369000e+01 ; 2.5800000e+02 
3.500e+01 ; 8.000e-01 ; 3.000e+00 ; 2.0497000e+01 ; 2.5800000e+02 
3.500e+01 ; 8.000e-01 ; 3.000e+00 ; 2.0753000e+01 ; 2.5800000e+02 
3.500e+01 ; 8.000e-01 ; 3.000e+00 ; 2.1160000e+01 ; 2.5800000e+02 
3.500e+01 ; 8.000e-01 ; 3.000e+00 ; 2.1160000e+01 ; 2.5800000e+02 
3.500e+01 ; 8.000e-01 ; 3.000e+00 ; 2.1161000e+01 ; 2.5800000e+02 
3.500e+01 ; 8.000e-01 ; 3.000e+00 ; 2.1162000e+01 ; 2.5800000e+02 
3.500e+01 ; 8.000e-01 ; 3.000e+00 ; 2.1163000e+01 ; 2.5800000e+02 
3.500e+01 ; 8.000e-01 ; 3.000e+00 ; 2.1165000e+01 ; 2.5800000e+02 
3.500e+01 ; 8.000e-01 ; 3.000e+00 ; 2.1169000e+01 ; 2.5800000e+02 
3.500e+01 ; 8.000e-01 ; 3.000e+00 ; 2.1177000e+01 ; 2.5800000e+02 
3.500e+01 ; 8.000e-01 ; 3.000e+00 ; 2.1193000e+01 ; 2.5800000e+02 
3.500e+01 ; 8.000e-01 ; 3.000e+00 ; 2.1225000e+01 ; 2.5800000e+02 
3.500e+01 ; 8.000e-01 ; 3.000e+00 ; 2.1289000e+01 ; 2.5800000e+02 
3.500e+01 ; 8.000e-01 ; 3.000e+00 ; 2.1417000e+01 ; 2.5800000e+02 
3.500e+01 ; 8.000e-01 ; 3.000e+00 ; 2.1673000e+01 ; 2.5800000e+02 
3.500e+01 ; 8.000e-01 ; 3.000e+00 ; 2.2080000e+01 ; 2.5800000e+02 
3.500e+01 ; 8.000e-01 ; 3.000e+00 ; 2.2080000e+01 ; 2.5800000e+02 
3.500e+01 ; 8.000e-01 ; 3.000e+00 ; 2.2081000e+01 ; 2.5800000e+02 
3.500e+01 ; 8.000e-01 ; 3.000e+00 ; 2.2082000e+01 ; 2.5800000e+02 
3.500e+01 ; 8.000e-01 ; 3.000e+00 ; 2.2083000e+01 ; 2.5800000e+02 
3.500e+01 ; 8.000e-01 ; 3.000e+00 ; 2.2085000e+01 ; 2.5800000e+02 
3.500e+01 ; 8.000e-01 ; 3.000e+00 ; 2.2089000e+01 ; 2.5800000e+02 
3.500e+01 ; 8.000e-01 ; 3.000e+00 ; 2.2097000e+01 ; 2.5800000e+02 
3.500e+01 ; 8.000e-01 ; 3.000e+00 ; 2.2113000e+01 ; 2.5800000e+02 
3.500e+01 ; 8.000e-01 ; 3.000e+00 ; 2.2145000e+01 ; 2.5800000e+02 
3.500e+01 ; 8.000e-01 ; 3.000e+00 ; 2.2209000e+01 ; 2.5800000e+02 
3.500e+01 ; 8.000e-01 ; 3.000e+00 ; 2.2337000e+01 ; 2.5800000e+02 
3.500e+01 ; 8.000e-01 ; 3.000e+00 ; 2.2593000e+01 ; 2.5800000e+02 
3.500e+01 ; 8.000e-01 ; 3.000e+00 ; 2.3000000e+01 ; 2.5800000e+02 
3.500e+01 ; 8.000e-01 ; 3.000e+00 ; 2.3000000e+01 ; 2.5800000e+02 
3.500e+01 ; 8.000e-01 ; 3.000e+00 ; 2.3001000e+01 ; 2.5800000e+02 
3.500e+01 ; 8.000e-01 ; 3.000e+00 ; 2.3002000e+01 ; 2.5800000e+02 
3.500e+01 ; 8.000e-01 ; 3.000e+00 ; 2.3003000e+01 ; 2.5800000e+02 
3.500e+01 ; 8.000e-01 ; 3.000e+00 ; 2.3005000e+01 ; 2.5800000e+02 
3.500e+01 ; 8.000e-01 ; 3.000e+00 ; 2.3009000e+01 ; 2.5800000e+02 
3.500e+01 ; 8.000e-01 ; 3.000e+00 ; 2.3017000e+01 ; 2.5800000e+02 
3.500e+01 ; 8.000e-01 ; 3.000e+00 ; 2.3033000e+01 ; 2.5800000e+02 
3.500e+01 ; 8.000e-01 ; 3.000e+00 ; 2.3065000e+01 ; 2.5800000e+02 
3.500e+01 ; 8.000e-01 ; 3.000e+00 ; 2.3129000e+01 ; 2.5800000e+02 
3.500e+01 ; 8.000e-01 ; 3.000e+00 ; 2.3257000e+01 ; 2.5800000e+02 
3.500e+01 ; 8.000e-01 ; 3.000e+00 ; 2.3513000e+01 ; 2.5800000e+02 
3.500e+01 ; 8.000e-01 ; 3.000e+00 ; 2.3920000e+01 ; 2.5800000e+02 
3.500e+01 ; 8.000e-01 ; 3.000e+00 ; 2.3920000e+01 ; 2.5800000e+02 
3.500e+01 ; 8.000e-01 ; 3.000e+00 ; 2.3921000e+01 ; 2.5800000e+02 
3.500e+01 ; 8.000e-01 ; 3.000e+00 ; 2.3922000e+01 ; 2.5800000e+02 
3.500e+01 ; 8.000e-01 ; 3.000e+00 ; 2.3923000e+01 ; 2.5800000e+02 
3.500e+01 ; 8.000e-01 ; 3.000e+00 ; 2.3925000e+01 ; 2.5800000e+02 
3.500e+01 ; 8.000e-01 ; 3.000e+00 ; 2.3929000e+01 ; 2.5800000e+02 
3.500e+01 ; 8.000e-01 ; 3.000e+00 ; 2.3937000e+01 ; 2.5800000e+02 
3.500e+01 ; 8.000e-01 ; 3.000e+00 ; 2.3953000e+01 ; 2.5800000e+02 
3.500e+01 ; 8.000e-01 ; 3.000e+00 ; 2.3985000e+01 ; 2.5800000e+02 
3.500e+01 ; 8.000e-01 ; 3.000e+00 ; 2.4049000e+01 ; 2.5800000e+02 
3.500e+01 ; 8.000e-01 ; 3.000e+00 ; 2.4177000e+01 ; 2.5800000e+02 
3.500e+01 ; 8.000e-01 ; 3.000e+00 ; 2.4433000e+01 ; 2.5800000e+02 
3.500e+01 ; 8.000e-01 ; 3.000e+00 ; 2.4840000e+01 ; 2.5800000e+02 
3.500e+01 ; 8.000e-01 ; 3.000e+00 ; 2.4840000e+01 ; 2.5800000e+02 
3.500e+01 ; 8.000e-01 ; 3.000e+00 ; 2.4841000e+01 ; 2.5800000e+02 
3.500e+01 ; 8.000e-01 ; 3.000e+00 ; 2.4842000e+01 ; 2.5800000e+02 
3.500e+01 ; 8.000e-01 ; 3.000e+00 ; 2.4843000e+01 ; 2.5800000e+02 
3.500e+01 ; 8.000e-01 ; 3.000e+00 ; 2.4845000e+01 ; 2.5800000e+02 
3.500e+01 ; 8.000e-01 ; 3.000e+00 ; 2.4849000e+01 ; 2.5800000e+02 
3.500e+01 ; 8.000e-01 ; 3.000e+00 ; 2.4857000e+01 ; 2.5800000e+02 
3.500e+01 ; 8.000e-01 ; 3.000e+00 ; 2.4873000e+01 ; 2.5800000e+02 
3.500e+01 ; 8.000e-01 ; 3.000e+00 ; 2.4905000e+01 ; 2.5800000e+02 
3.500e+01 ; 8.000e-01 ; 3.000e+00 ; 2.4969000e+01 ; 2.5800000e+02 
3.500e+01 ; 8.000e-01 ; 3.000e+00 ; 2.5097000e+01 ; 2.5800000e+02 
3.500e+01 ; 8.000e-01 ; 3.000e+00 ; 2.5353000e+01 ; 2.5800000e+02 
3.500e+01 ; 8.000e-01 ; 3.000e+00 ; 2.5760000e+01 ; 2.5800000e+02 
3.500e+01 ; 8.000e-01 ; 3.000e+00 ; 2.5760000e+01 ; 2.5800000e+02 
3.500e+01 ; 8.000e-01 ; 3.000e+00 ; 2.5761000e+01 ; 2.5800000e+02 
3.500e+01 ; 8.000e-01 ; 3.000e+00 ; 2.5762000e+01 ; 2.5800000e+02 
3.500e+01 ; 8.000e-01 ; 3.000e+00 ; 2.5763000e+01 ; 2.5800000e+02 
3.500e+01 ; 8.000e-01 ; 3.000e+00 ; 2.5765000e+01 ; 2.5800000e+02 
3.500e+01 ; 8.000e-01 ; 3.000e+00 ; 2.5769000e+01 ; 2.5800000e+02 
3.500e+01 ; 8.000e-01 ; 3.000e+00 ; 2.5777000e+01 ; 2.5800000e+02 
3.500e+01 ; 8.000e-01 ; 3.000e+00 ; 2.5793000e+01 ; 2.5800000e+02 
3.500e+01 ; 8.000e-01 ; 3.000e+00 ; 2.5825000e+01 ; 2.5800000e+02 
3.500e+01 ; 8.000e-01 ; 3.000e+00 ; 2.5889000e+01 ; 2.5800000e+02 
3.500e+01 ; 8.000e-01 ; 3.000e+00 ; 2.6017000e+01 ; 2.5800000e+02 
3.500e+01 ; 8.000e-01 ; 3.000e+00 ; 2.6273000e+01 ; 2.5800000e+02 
3.500e+01 ; 8.000e-01 ; 3.000e+00 ; 2.6680000e+01 ; 2.5800000e+02 
3.500e+01 ; 8.000e-01 ; 3.000e+00 ; 2.6680000e+01 ; 2.5800000e+02 
3.500e+01 ; 8.000e-01 ; 3.000e+00 ; 2.6681000e+01 ; 2.5800000e+02 
3.500e+01 ; 8.000e-01 ; 3.000e+00 ; 2.6682000e+01 ; 2.5800000e+02 
3.500e+01 ; 8.000e-01 ; 3.000e+00 ; 2.6683000e+01 ; 2.5800000e+02 
3.500e+01 ; 8.000e-01 ; 3.000e+00 ; 2.6685000e+01 ; 2.5800000e+02 
3.500e+01 ; 8.000e-01 ; 3.000e+00 ; 2.6689000e+01 ; 2.5800000e+02 
3.500e+01 ; 8.000e-01 ; 3.000e+00 ; 2.6697000e+01 ; 2.5800000e+02 
3.500e+01 ; 8.000e-01 ; 3.000e+00 ; 2.6713000e+01 ; 2.5800000e+02 
3.500e+01 ; 8.000e-01 ; 3.000e+00 ; 2.6745000e+01 ; 2.5800000e+02 
3.500e+01 ; 8.000e-01 ; 3.000e+00 ; 2.6809000e+01 ; 2.5800000e+02 
3.500e+01 ; 8.000e-01 ; 3.000e+00 ; 2.6937000e+01 ; 2.5800000e+02 
3.500e+01 ; 8.000e-01 ; 3.000e+00 ; 2.7193000e+01 ; 2.5800000e+02 
3.500e+01 ; 8.000e-01 ; 3.000e+00 ; 2.7600001e+01 ; 2.5800000e+02 
3.500e+01 ; 8.000e-01 ; 3.000e+00 ; 2.7600001e+01 ; 2.5800000e+02 
3.500e+01 ; 8.000e-01 ; 3.000e+00 ; 2.7601001e+01 ; 2.5800000e+02 
3.500e+01 ; 8.000e-01 ; 3.000e+00 ; 2.7602001e+01 ; 2.5800000e+02 
3.500e+01 ; 8.000e-01 ; 3.000e+00 ; 2.7603001e+01 ; 2.5800000e+02 
3.500e+01 ; 8.000e-01 ; 3.000e+00 ; 2.7605001e+01 ; 2.5800000e+02 
3.500e+01 ; 8.000e-01 ; 3.000e+00 ; 2.7609001e+01 ; 2.5800000e+02 
3.500e+01 ; 8.000e-01 ; 3.000e+00 ; 2.7617001e+01 ; 2.5800000e+02 
3.500e+01 ; 8.000e-01 ; 3.000e+00 ; 2.7633001e+01 ; 2.5800000e+02 
3.500e+01 ; 8.000e-01 ; 3.000e+00 ; 2.7665000e+01 ; 2.5800000e+02 
3.500e+01 ; 8.000e-01 ; 3.000e+00 ; 2.7729000e+01 ; 2.5800000e+02 
3.500e+01 ; 8.000e-01 ; 3.000e+00 ; 2.7857000e+01 ; 2.5800000e+02 
3.500e+01 ; 8.000e-01 ; 3.000e+00 ; 2.8113001e+01 ; 2.5800000e+02 
3.500e+01 ; 8.000e-01 ; 3.000e+00 ; 2.8520001e+01 ; 2.5800000e+02 
3.500e+01 ; 8.000e-01 ; 3.000e+00 ; 2.8520001e+01 ; 2.5800000e+02 
3.500e+01 ; 8.000e-01 ; 3.000e+00 ; 2.8521001e+01 ; 2.5800000e+02 
3.500e+01 ; 8.000e-01 ; 3.000e+00 ; 2.8522001e+01 ; 2.5800000e+02 
3.500e+01 ; 8.000e-01 ; 3.000e+00 ; 2.8523001e+01 ; 2.5800000e+02 
3.500e+01 ; 8.000e-01 ; 3.000e+00 ; 2.8525001e+01 ; 2.5800000e+02 
3.500e+01 ; 8.000e-01 ; 3.000e+00 ; 2.8529001e+01 ; 2.5800000e+02 
3.500e+01 ; 8.000e-01 ; 3.000e+00 ; 2.8537001e+01 ; 2.5800000e+02 
3.500e+01 ; 8.000e-01 ; 3.000e+00 ; 2.8553001e+01 ; 2.5800000e+02 
3.500e+01 ; 8.000e-01 ; 3.000e+00 ; 2.8585001e+01 ; 2.5800000e+02 
3.500e+01 ; 8.000e-01 ; 3.000e+00 ; 2.8649001e+01 ; 2.5800000e+02 
3.500e+01 ; 8.000e-01 ; 3.000e+00 ; 2.8777001e+01 ; 2.5800000e+02 
3.500e+01 ; 8.000e-01 ; 3.000e+00 ; 2.9033001e+01 ; 2.5800000e+02 
3.500e+01 ; 8.000e-01 ; 3.000e+00 ; 2.9440001e+01 ; 2.5800000e+02 
3.500e+01 ; 8.000e-01 ; 3.000e+00 ; 2.9440001e+01 ; 2.5800000e+02 
3.500e+01 ; 8.000e-01 ; 3.000e+00 ; 2.9441001e+01 ; 2.5800000e+02 
3.500e+01 ; 8.000e-01 ; 3.000e+00 ; 2.9442001e+01 ; 2.5800000e+02 
3.500e+01 ; 8.000e-01 ; 3.000e+00 ; 2.9443001e+01 ; 2.5800000e+02 
3.500e+01 ; 8.000e-01 ; 3.000e+00 ; 2.9445001e+01 ; 2.5800000e+02 
3.500e+01 ; 8.000e-01 ; 3.000e+00 ; 2.9449001e+01 ; 2.5800000e+02 
3.500e+01 ; 8.000e-01 ; 3.000e+00 ; 2.9457001e+01 ; 2.5800000e+02 
3.500e+01 ; 8.000e-01 ; 3.000e+00 ; 2.9473001e+01 ; 2.5800000e+02 
3.500e+01 ; 8.000e-01 ; 3.000e+00 ; 2.9505001e+01 ; 2.5800000e+02 
3.500e+01 ; 8.000e-01 ; 3.000e+00 ; 2.9569001e+01 ; 2.5800000e+02 
3.500e+01 ; 8.000e-01 ; 3.000e+00 ; 2.9697001e+01 ; 2.5800000e+02 
3.500e+01 ; 8.000e-01 ; 3.000e+00 ; 2.9953001e+01 ; 2.5800000e+02 
3.500e+01 ; 8.000e-01 ; 3.000e+00 ; 3.0360001e+01 ; 2.5800000e+02 
3.500e+01 ; 8.000e-01 ; 3.000e+00 ; 3.0360001e+01 ; 2.5800000e+02 
3.500e+01 ; 8.000e-01 ; 3.000e+00 ; 3.0361001e+01 ; 2.5800000e+02 
3.500e+01 ; 8.000e-01 ; 3.000e+00 ; 3.0362001e+01 ; 2.5800000e+02 
3.500e+01 ; 8.000e-01 ; 3.000e+00 ; 3.0363001e+01 ; 2.5800000e+02 
3.500e+01 ; 8.000e-01 ; 3.000e+00 ; 3.0365001e+01 ; 2.5800000e+02 
3.500e+01 ; 8.000e-01 ; 3.000e+00 ; 3.0369001e+01 ; 2.5800000e+02 
3.500e+01 ; 8.000e-01 ; 3.000e+00 ; 3.0377001e+01 ; 2.5800000e+02 
3.500e+01 ; 8.000e-01 ; 3.000e+00 ; 3.0393001e+01 ; 2.5800000e+02 
3.500e+01 ; 8.000e-01 ; 3.000e+00 ; 3.0425001e+01 ; 2.5800000e+02 
3.500e+01 ; 8.000e-01 ; 3.000e+00 ; 3.0489001e+01 ; 2.5800000e+02 
3.500e+01 ; 8.000e-01 ; 3.000e+00 ; 3.0617001e+01 ; 2.5800000e+02 
3.500e+01 ; 8.000e-01 ; 3.000e+00 ; 3.0873001e+01 ; 2.5800000e+02 
3.500e+01 ; 8.000e-01 ; 3.000e+00 ; 3.1280001e+01 ; 2.5800000e+02 
3.500e+01 ; 8.000e-01 ; 3.000e+00 ; 3.1280001e+01 ; 2.5800000e+02 
3.500e+01 ; 8.000e-01 ; 3.000e+00 ; 3.1281001e+01 ; 2.5800000e+02 
3.500e+01 ; 8.000e-01 ; 3.000e+00 ; 3.1282001e+01 ; 2.5800000e+02 
3.500e+01 ; 8.000e-01 ; 3.000e+00 ; 3.1283001e+01 ; 2.5800000e+02 
3.500e+01 ; 8.000e-01 ; 3.000e+00 ; 3.1285001e+01 ; 2.5800000e+02 
3.500e+01 ; 8.000e-01 ; 3.000e+00 ; 3.1289001e+01 ; 2.5800000e+02 
3.500e+01 ; 8.000e-01 ; 3.000e+00 ; 3.1297001e+01 ; 2.5800000e+02 
3.500e+01 ; 8.000e-01 ; 3.000e+00 ; 3.1313001e+01 ; 2.5800000e+02 
3.500e+01 ; 8.000e-01 ; 3.000e+00 ; 3.1345001e+01 ; 2.5800000e+02 
3.500e+01 ; 8.000e-01 ; 3.000e+00 ; 3.1409001e+01 ; 2.5800000e+02 
3.500e+01 ; 8.000e-01 ; 3.000e+00 ; 3.1537001e+01 ; 2.5800000e+02 
3.500e+01 ; 8.000e-01 ; 3.000e+00 ; 3.1793001e+01 ; 2.5800000e+02 
3.500e+01 ; 8.000e-01 ; 3.000e+00 ; 3.2200001e+01 ; 2.5800000e+02 
3.500e+01 ; 8.000e-01 ; 3.000e+00 ; 3.2200001e+01 ; 2.5800000e+02 
3.500e+01 ; 8.000e-01 ; 3.000e+00 ; 3.2201001e+01 ; 2.5800000e+02 
3.500e+01 ; 8.000e-01 ; 3.000e+00 ; 3.2202001e+01 ; 2.5800000e+02 
3.500e+01 ; 8.000e-01 ; 3.000e+00 ; 3.2203001e+01 ; 2.5800000e+02 
3.500e+01 ; 8.000e-01 ; 3.000e+00 ; 3.2205001e+01 ; 2.5800000e+02 
3.500e+01 ; 8.000e-01 ; 3.000e+00 ; 3.2209001e+01 ; 2.5800000e+02 
3.500e+01 ; 8.000e-01 ; 3.000e+00 ; 3.2217001e+01 ; 2.5800000e+02 
3.500e+01 ; 8.000e-01 ; 3.000e+00 ; 3.2233001e+01 ; 2.5800000e+02 
3.500e+01 ; 8.000e-01 ; 3.000e+00 ; 3.2265001e+01 ; 2.5800000e+02 
3.500e+01 ; 8.000e-01 ; 3.000e+00 ; 3.2329001e+01 ; 2.5800000e+02 
3.500e+01 ; 8.000e-01 ; 3.000e+00 ; 3.2457001e+01 ; 2.5800000e+02 
3.500e+01 ; 8.000e-01 ; 3.000e+00 ; 3.2713001e+01 ; 2.5800000e+02 
3.500e+01 ; 8.000e-01 ; 3.000e+00 ; 3.3120001e+01 ; 2.5800000e+02 
3.500e+01 ; 8.000e-01 ; 3.000e+00 ; 3.3120001e+01 ; 2.5800000e+02 
3.500e+01 ; 8.000e-01 ; 3.000e+00 ; 3.3121001e+01 ; 2.5800000e+02 
3.500e+01 ; 8.000e-01 ; 3.000e+00 ; 3.3122001e+01 ; 2.5800000e+02 
3.500e+01 ; 8.000e-01 ; 3.000e+00 ; 3.3123001e+01 ; 2.5800000e+02 
3.500e+01 ; 8.000e-01 ; 3.000e+00 ; 3.3125001e+01 ; 2.5800000e+02 
3.500e+01 ; 8.000e-01 ; 3.000e+00 ; 3.3129001e+01 ; 2.5800000e+02 
3.500e+01 ; 8.000e-01 ; 3.000e+00 ; 3.3137001e+01 ; 2.5800000e+02 
3.500e+01 ; 8.000e-01 ; 3.000e+00 ; 3.3153001e+01 ; 2.5800000e+02 
3.500e+01 ; 8.000e-01 ; 3.000e+00 ; 3.3185001e+01 ; 2.5800000e+02 
3.500e+01 ; 8.000e-01 ; 3.000e+00 ; 3.3249001e+01 ; 2.5800000e+02 
3.500e+01 ; 8.000e-01 ; 3.000e+00 ; 3.3377001e+01 ; 2.5800000e+02 
3.500e+01 ; 8.000e-01 ; 3.000e+00 ; 3.3633001e+01 ; 2.5800000e+02 
3.500e+01 ; 8.000e-01 ; 3.000e+00 ; 3.4040001e+01 ; 2.5800000e+02 
3.500e+01 ; 8.000e-01 ; 3.000e+00 ; 3.4040001e+01 ; 2.5800000e+02 
3.500e+01 ; 8.000e-01 ; 3.000e+00 ; 3.4041001e+01 ; 2.5800000e+02 
3.500e+01 ; 8.000e-01 ; 3.000e+00 ; 3.4042001e+01 ; 2.5800000e+02 
3.500e+01 ; 8.000e-01 ; 3.000e+00 ; 3.4043001e+01 ; 2.5800000e+02 
3.500e+01 ; 8.000e-01 ; 3.000e+00 ; 3.4045001e+01 ; 2.5800000e+02 
3.500e+01 ; 8.000e-01 ; 3.000e+00 ; 3.4049001e+01 ; 2.5800000e+02 
3.500e+01 ; 8.000e-01 ; 3.000e+00 ; 3.4057001e+01 ; 2.5800000e+02 
3.500e+01 ; 8.000e-01 ; 3.000e+00 ; 3.4073001e+01 ; 2.5800000e+02 
3.500e+01 ; 8.000e-01 ; 3.000e+00 ; 3.4105001e+01 ; 2.5800000e+02 
3.500e+01 ; 8.000e-01 ; 3.000e+00 ; 3.4169001e+01 ; 2.5800000e+02 
3.500e+01 ; 8.000e-01 ; 3.000e+00 ; 3.4297001e+01 ; 2.5800000e+02 
3.500e+01 ; 8.000e-01 ; 3.000e+00 ; 3.4553001e+01 ; 2.5800000e+02 
3.500e+01 ; 8.000e-01 ; 3.000e+00 ; 3.4960001e+01 ; 2.5800000e+02 
3.500e+01 ; 8.000e-01 ; 3.000e+00 ; 3.4960001e+01 ; 2.5800000e+02 
3.500e+01 ; 8.000e-01 ; 3.000e+00 ; 3.4961001e+01 ; 2.5800000e+02 
3.500e+01 ; 8.000e-01 ; 3.000e+00 ; 3.4962001e+01 ; 2.5800000e+02 
3.500e+01 ; 8.000e-01 ; 3.000e+00 ; 3.4963001e+01 ; 2.5800000e+02 
3.500e+01 ; 8.000e-01 ; 3.000e+00 ; 3.4965001e+01 ; 2.5800000e+02 
3.500e+01 ; 8.000e-01 ; 3.000e+00 ; 3.4969001e+01 ; 2.5800000e+02 
3.500e+01 ; 8.000e-01 ; 3.000e+00 ; 3.4977001e+01 ; 2.5800000e+02 
3.500e+01 ; 8.000e-01 ; 3.000e+00 ; 3.4993001e+01 ; 2.5800000e+02 
3.500e+01 ; 8.000e-01 ; 3.000e+00 ; 3.5025001e+01 ; 2.5800000e+02 
3.500e+01 ; 8.000e-01 ; 3.000e+00 ; 3.5089001e+01 ; 2.5800000e+02 
3.500e+01 ; 8.000e-01 ; 3.000e+00 ; 3.5217001e+01 ; 2.5800000e+02 
3.500e+01 ; 8.000e-01 ; 3.000e+00 ; 3.5473001e+01 ; 2.5800000e+02 
3.500e+01 ; 8.000e-01 ; 3.000e+00 ; 3.5880001e+01 ; 2.5800000e+02 
3.500e+01 ; 8.000e-01 ; 3.000e+00 ; 3.5880001e+01 ; 2.5800000e+02 
3.500e+01 ; 8.000e-01 ; 3.000e+00 ; 3.5881001e+01 ; 2.5800000e+02 
3.500e+01 ; 8.000e-01 ; 3.000e+00 ; 3.5882001e+01 ; 2.5800000e+02 
3.500e+01 ; 8.000e-01 ; 3.000e+00 ; 3.5883001e+01 ; 2.5800000e+02 
3.500e+01 ; 8.000e-01 ; 3.000e+00 ; 3.5885001e+01 ; 2.5800000e+02 
3.500e+01 ; 8.000e-01 ; 3.000e+00 ; 3.5889001e+01 ; 2.5800000e+02 
3.500e+01 ; 8.000e-01 ; 3.000e+00 ; 3.5897001e+01 ; 2.5800000e+02 
3.500e+01 ; 8.000e-01 ; 3.000e+00 ; 3.5913001e+01 ; 2.5800000e+02 
3.500e+01 ; 8.000e-01 ; 3.000e+00 ; 3.5945001e+01 ; 2.5800000e+02 
3.500e+01 ; 8.000e-01 ; 3.000e+00 ; 3.6009001e+01 ; 2.5800000e+02 
3.500e+01 ; 8.000e-01 ; 3.000e+00 ; 3.6137001e+01 ; 2.5800000e+02 
3.500e+01 ; 8.000e-01 ; 3.000e+00 ; 3.6393001e+01 ; 2.5800000e+02 
3.500e+01 ; 8.000e-01 ; 3.000e+00 ; 3.6800001e+01 ; 2.5800000e+02 
3.500e+01 ; 8.000e-01 ; 3.000e+00 ; 3.6800001e+01 ; 2.5800000e+02 
3.500e+01 ; 8.000e-01 ; 3.000e+00 ; 3.6801001e+01 ; 2.5800000e+02 
3.500e+01 ; 8.000e-01 ; 3.000e+00 ; 3.6802001e+01 ; 2.5800000e+02 
3.500e+01 ; 8.000e-01 ; 3.000e+00 ; 3.6803001e+01 ; 2.5800000e+02 
3.500e+01 ; 8.000e-01 ; 3.000e+00 ; 3.6805001e+01 ; 2.5800000e+02 
3.500e+01 ; 8.000e-01 ; 3.000e+00 ; 3.6809001e+01 ; 2.5800000e+02 
3.500e+01 ; 8.000e-01 ; 3.000e+00 ; 3.6817001e+01 ; 2.5800000e+02 
3.500e+01 ; 8.000e-01 ; 3.000e+00 ; 3.6833001e+01 ; 2.5800000e+02 
3.500e+01 ; 8.000e-01 ; 3.000e+00 ; 3.6865001e+01 ; 2.5800000e+02 
3.500e+01 ; 8.000e-01 ; 3.000e+00 ; 3.6929001e+01 ; 2.5800000e+02 
3.500e+01 ; 8.000e-01 ; 3.000e+00 ; 3.7057001e+01 ; 2.5800000e+02 
3.500e+01 ; 8.000e-01 ; 3.000e+00 ; 3.7313001e+01 ; 2.5800000e+02 
3.500e+01 ; 8.000e-01 ; 3.000e+00 ; 3.7720001e+01 ; 2.5800000e+02 
3.500e+01 ; 8.000e-01 ; 3.000e+00 ; 3.7720001e+01 ; 2.5800000e+02 
3.500e+01 ; 8.000e-01 ; 3.000e+00 ; 3.7721001e+01 ; 2.5800000e+02 
3.500e+01 ; 8.000e-01 ; 3.000e+00 ; 3.7722001e+01 ; 2.5800000e+02 
3.500e+01 ; 8.000e-01 ; 3.000e+00 ; 3.7723001e+01 ; 2.5800000e+02 
3.500e+01 ; 8.000e-01 ; 3.000e+00 ; 3.7725001e+01 ; 2.5800000e+02 
3.500e+01 ; 8.000e-01 ; 3.000e+00 ; 3.7729001e+01 ; 2.5800000e+02 
3.500e+01 ; 8.000e-01 ; 3.000e+00 ; 3.7737001e+01 ; 2.5800000e+02 
3.500e+01 ; 8.000e-01 ; 3.000e+00 ; 3.7753001e+01 ; 2.5800000e+02 
3.500e+01 ; 8.000e-01 ; 3.000e+00 ; 3.7785001e+01 ; 2.5800000e+02 
3.500e+01 ; 8.000e-01 ; 3.000e+00 ; 3.7849001e+01 ; 2.5800000e+02 
3.500e+01 ; 8.000e-01 ; 3.000e+00 ; 3.7977001e+01 ; 2.5800000e+02 
3.500e+01 ; 8.000e-01 ; 3.000e+00 ; 3.8233001e+01 ; 2.5800000e+02 
3.500e+01 ; 8.000e-01 ; 3.000e+00 ; 3.8640001e+01 ; 2.5800000e+02 
3.500e+01 ; 8.000e-01 ; 3.000e+00 ; 3.8640001e+01 ; 2.5800000e+02 
3.500e+01 ; 8.000e-01 ; 3.000e+00 ; 3.8641001e+01 ; 2.5800000e+02 
3.500e+01 ; 8.000e-01 ; 3.000e+00 ; 3.8642001e+01 ; 2.5800000e+02 
3.500e+01 ; 8.000e-01 ; 3.000e+00 ; 3.8643001e+01 ; 2.5800000e+02 
3.500e+01 ; 8.000e-01 ; 3.000e+00 ; 3.8645001e+01 ; 2.5800000e+02 
3.500e+01 ; 8.000e-01 ; 3.000e+00 ; 3.8649001e+01 ; 2.5800000e+02 
3.500e+01 ; 8.000e-01 ; 3.000e+00 ; 3.8657001e+01 ; 2.5800000e+02 
3.500e+01 ; 8.000e-01 ; 3.000e+00 ; 3.8673001e+01 ; 2.5800000e+02 
3.500e+01 ; 8.000e-01 ; 3.000e+00 ; 3.8705001e+01 ; 2.5800000e+02 
3.500e+01 ; 8.000e-01 ; 3.000e+00 ; 3.8769001e+01 ; 2.5800000e+02 
3.500e+01 ; 8.000e-01 ; 3.000e+00 ; 3.8897001e+01 ; 2.5800000e+02 
3.500e+01 ; 8.000e-01 ; 3.000e+00 ; 3.9153001e+01 ; 2.5800000e+02 
3.500e+01 ; 8.000e-01 ; 3.000e+00 ; 3.9560001e+01 ; 2.5800000e+02 
3.500e+01 ; 8.000e-01 ; 3.000e+00 ; 3.9560001e+01 ; 2.5800000e+02 
3.500e+01 ; 8.000e-01 ; 3.000e+00 ; 3.9561001e+01 ; 2.5800000e+02 
3.500e+01 ; 8.000e-01 ; 3.000e+00 ; 3.9562001e+01 ; 2.5800000e+02 
3.500e+01 ; 8.000e-01 ; 3.000e+00 ; 3.9563001e+01 ; 2.5800000e+02 
3.500e+01 ; 8.000e-01 ; 3.000e+00 ; 3.9565001e+01 ; 2.5800000e+02 
3.500e+01 ; 8.000e-01 ; 3.000e+00 ; 3.9569001e+01 ; 2.5800000e+02 
3.500e+01 ; 8.000e-01 ; 3.000e+00 ; 3.9577001e+01 ; 2.5800000e+02 
3.500e+01 ; 8.000e-01 ; 3.000e+00 ; 3.9593001e+01 ; 2.5800000e+02 
3.500e+01 ; 8.000e-01 ; 3.000e+00 ; 3.9625001e+01 ; 2.5800000e+02 
3.500e+01 ; 8.000e-01 ; 3.000e+00 ; 3.9689001e+01 ; 2.5800000e+02 
3.500e+01 ; 8.000e-01 ; 3.000e+00 ; 3.9817001e+01 ; 2.5800000e+02 
3.500e+01 ; 8.000e-01 ; 3.000e+00 ; 4.0073001e+01 ; 2.5800000e+02 
3.500e+01 ; 8.000e-01 ; 3.000e+00 ; 4.0480001e+01 ; 2.5800000e+02 
3.500e+01 ; 8.000e-01 ; 3.000e+00 ; 4.0480001e+01 ; 2.5800000e+02 
3.500e+01 ; 8.000e-01 ; 3.000e+00 ; 4.0481001e+01 ; 2.5800000e+02 
3.500e+01 ; 8.000e-01 ; 3.000e+00 ; 4.0482001e+01 ; 2.5800000e+02 
3.500e+01 ; 8.000e-01 ; 3.000e+00 ; 4.0483001e+01 ; 2.5800000e+02 
3.500e+01 ; 8.000e-01 ; 3.000e+00 ; 4.0485001e+01 ; 2.5800000e+02 
3.500e+01 ; 8.000e-01 ; 3.000e+00 ; 4.0489001e+01 ; 2.5800000e+02 
3.500e+01 ; 8.000e-01 ; 3.000e+00 ; 4.0497001e+01 ; 2.5800000e+02 
3.500e+01 ; 8.000e-01 ; 3.000e+00 ; 4.0513001e+01 ; 2.5800000e+02 
3.500e+01 ; 8.000e-01 ; 3.000e+00 ; 4.0545001e+01 ; 2.5800000e+02 
3.500e+01 ; 8.000e-01 ; 3.000e+00 ; 4.0609001e+01 ; 2.5800000e+02 
3.500e+01 ; 8.000e-01 ; 3.000e+00 ; 4.0737001e+01 ; 2.5800000e+02 
3.500e+01 ; 8.000e-01 ; 3.000e+00 ; 4.0993001e+01 ; 2.5800000e+02 
3.500e+01 ; 8.000e-01 ; 3.000e+00 ; 4.1400001e+01 ; 2.5800000e+02 
3.500e+01 ; 8.000e-01 ; 3.000e+00 ; 4.1400001e+01 ; 2.5800000e+02 
3.500e+01 ; 8.000e-01 ; 3.000e+00 ; 4.1401001e+01 ; 2.5800000e+02 
3.500e+01 ; 8.000e-01 ; 3.000e+00 ; 4.1402001e+01 ; 2.5800000e+02 
3.500e+01 ; 8.000e-01 ; 3.000e+00 ; 4.1403001e+01 ; 2.5800000e+02 
3.500e+01 ; 8.000e-01 ; 3.000e+00 ; 4.1405001e+01 ; 2.5800000e+02 
3.500e+01 ; 8.000e-01 ; 3.000e+00 ; 4.1409001e+01 ; 2.5800000e+02 
3.500e+01 ; 8.000e-01 ; 3.000e+00 ; 4.1417001e+01 ; 2.5800000e+02 
3.500e+01 ; 8.000e-01 ; 3.000e+00 ; 4.1433001e+01 ; 2.5800000e+02 
3.500e+01 ; 8.000e-01 ; 3.000e+00 ; 4.1465001e+01 ; 2.5800000e+02 
3.500e+01 ; 8.000e-01 ; 3.000e+00 ; 4.1529001e+01 ; 2.5800000e+02 
3.500e+01 ; 8.000e-01 ; 3.000e+00 ; 4.1657001e+01 ; 2.5800000e+02 
3.500e+01 ; 8.000e-01 ; 3.000e+00 ; 4.1913001e+01 ; 2.5800000e+02 
3.500e+01 ; 8.000e-01 ; 3.000e+00 ; 4.2320001e+01 ; 2.5800000e+02 
3.500e+01 ; 8.000e-01 ; 3.000e+00 ; 4.2320001e+01 ; 2.5800000e+02 
3.500e+01 ; 8.000e-01 ; 3.000e+00 ; 4.2321001e+01 ; 2.5800000e+02 
3.500e+01 ; 8.000e-01 ; 3.000e+00 ; 4.2322001e+01 ; 2.5800000e+02 
3.500e+01 ; 8.000e-01 ; 3.000e+00 ; 4.2323001e+01 ; 2.5800000e+02 
3.500e+01 ; 8.000e-01 ; 3.000e+00 ; 4.2325001e+01 ; 2.5800000e+02 
3.500e+01 ; 8.000e-01 ; 3.000e+00 ; 4.2329001e+01 ; 2.5800000e+02 
3.500e+01 ; 8.000e-01 ; 3.000e+00 ; 4.2337001e+01 ; 2.5800000e+02 
3.500e+01 ; 8.000e-01 ; 3.000e+00 ; 4.2353001e+01 ; 2.5800000e+02 
3.500e+01 ; 8.000e-01 ; 3.000e+00 ; 4.2385001e+01 ; 2.5800000e+02 
3.500e+01 ; 8.000e-01 ; 3.000e+00 ; 4.2449001e+01 ; 2.5800000e+02 
3.500e+01 ; 8.000e-01 ; 3.000e+00 ; 4.2577001e+01 ; 2.5800000e+02 
3.500e+01 ; 8.000e-01 ; 3.000e+00 ; 4.2833001e+01 ; 2.5800000e+02 
3.500e+01 ; 8.000e-01 ; 3.000e+00 ; 4.3240001e+01 ; 2.5800000e+02 
3.500e+01 ; 8.000e-01 ; 3.000e+00 ; 4.3240001e+01 ; 2.5800000e+02 
3.500e+01 ; 8.000e-01 ; 3.000e+00 ; 4.3241001e+01 ; 2.5800000e+02 
3.500e+01 ; 8.000e-01 ; 3.000e+00 ; 4.3242001e+01 ; 2.5800000e+02 
3.500e+01 ; 8.000e-01 ; 3.000e+00 ; 4.3243001e+01 ; 2.5800000e+02 
3.500e+01 ; 8.000e-01 ; 3.000e+00 ; 4.3245001e+01 ; 2.5800000e+02 
3.500e+01 ; 8.000e-01 ; 3.000e+00 ; 4.3249001e+01 ; 2.5800000e+02 
3.500e+01 ; 8.000e-01 ; 3.000e+00 ; 4.3257001e+01 ; 2.5800000e+02 
3.500e+01 ; 8.000e-01 ; 3.000e+00 ; 4.3273001e+01 ; 2.5800000e+02 
3.500e+01 ; 8.000e-01 ; 3.000e+00 ; 4.3305001e+01 ; 2.5800000e+02 
3.500e+01 ; 8.000e-01 ; 3.000e+00 ; 4.3369001e+01 ; 2.5800000e+02 
3.500e+01 ; 8.000e-01 ; 3.000e+00 ; 4.3497001e+01 ; 2.5800000e+02 
3.500e+01 ; 8.000e-01 ; 3.000e+00 ; 4.3753001e+01 ; 2.5800000e+02 
3.500e+01 ; 8.000e-01 ; 3.000e+00 ; 4.4160001e+01 ; 2.5800000e+02 
3.500e+01 ; 8.000e-01 ; 3.000e+00 ; 4.4160001e+01 ; 2.5800000e+02 
3.500e+01 ; 8.000e-01 ; 3.000e+00 ; 4.4161001e+01 ; 2.5800000e+02 
3.500e+01 ; 8.000e-01 ; 3.000e+00 ; 4.4162001e+01 ; 2.5800000e+02 
3.500e+01 ; 8.000e-01 ; 3.000e+00 ; 4.4163001e+01 ; 2.5800000e+02 
3.500e+01 ; 8.000e-01 ; 3.000e+00 ; 4.4165001e+01 ; 2.5800000e+02 
3.500e+01 ; 8.000e-01 ; 3.000e+00 ; 4.4169001e+01 ; 2.5800000e+02 
3.500e+01 ; 8.000e-01 ; 3.000e+00 ; 4.4177001e+01 ; 2.5800000e+02 
3.500e+01 ; 8.000e-01 ; 3.000e+00 ; 4.4193001e+01 ; 2.5800000e+02 
3.500e+01 ; 8.000e-01 ; 3.000e+00 ; 4.4225001e+01 ; 2.5800000e+02 
3.500e+01 ; 8.000e-01 ; 3.000e+00 ; 4.4289001e+01 ; 2.5800000e+02 
3.500e+01 ; 8.000e-01 ; 3.000e+00 ; 4.4417001e+01 ; 2.5800000e+02 
3.500e+01 ; 8.000e-01 ; 3.000e+00 ; 4.4673001e+01 ; 2.5800000e+02 
3.500e+01 ; 8.000e-01 ; 3.000e+00 ; 4.5080001e+01 ; 2.5800000e+02 
3.500e+01 ; 8.000e-01 ; 3.000e+00 ; 4.5080001e+01 ; 2.5800000e+02 
3.500e+01 ; 8.000e-01 ; 3.000e+00 ; 4.5081001e+01 ; 2.5800000e+02 
3.500e+01 ; 8.000e-01 ; 3.000e+00 ; 4.5082001e+01 ; 2.5800000e+02 
3.500e+01 ; 8.000e-01 ; 3.000e+00 ; 4.5083001e+01 ; 2.5800000e+02 
3.500e+01 ; 8.000e-01 ; 3.000e+00 ; 4.5085001e+01 ; 2.5800000e+02 
3.500e+01 ; 8.000e-01 ; 3.000e+00 ; 4.5089001e+01 ; 2.5800000e+02 
3.500e+01 ; 8.000e-01 ; 3.000e+00 ; 4.5097001e+01 ; 2.5800000e+02 
3.500e+01 ; 8.000e-01 ; 3.000e+00 ; 4.5113001e+01 ; 2.5800000e+02 
3.500e+01 ; 8.000e-01 ; 3.000e+00 ; 4.5145001e+01 ; 2.5800000e+02 
3.500e+01 ; 8.000e-01 ; 3.000e+00 ; 4.5209001e+01 ; 2.5800000e+02 
3.500e+01 ; 8.000e-01 ; 3.000e+00 ; 4.5337001e+01 ; 2.5800000e+02 
3.500e+01 ; 8.000e-01 ; 3.000e+00 ; 4.5593001e+01 ; 2.5800000e+02 
3.500e+01 ; 8.000e-01 ; 3.000e+00 ; 4.6000001e+01 ; 2.5800000e+02 
3.500e+01 ; 8.000e-01 ; 3.000e+00 ; 4.6000001e+01 ; 2.5800000e+02 
3.500e+01 ; 8.000e-01 ; 3.000e+00 ; 4.6001001e+01 ; 2.5800000e+02 
3.500e+01 ; 8.000e-01 ; 3.000e+00 ; 4.6002001e+01 ; 2.5800000e+02 
3.500e+01 ; 8.000e-01 ; 3.000e+00 ; 4.6003001e+01 ; 2.5800000e+02 
3.500e+01 ; 8.000e-01 ; 3.000e+00 ; 4.6005001e+01 ; 2.5800000e+02 
3.500e+01 ; 8.000e-01 ; 3.000e+00 ; 4.6009001e+01 ; 2.5800000e+02 
3.500e+01 ; 8.000e-01 ; 3.000e+00 ; 4.6017001e+01 ; 2.5800000e+02 
3.500e+01 ; 8.000e-01 ; 3.000e+00 ; 4.6033001e+01 ; 2.5800000e+02 
3.500e+01 ; 8.000e-01 ; 3.000e+00 ; 4.6065001e+01 ; 2.5800000e+02 
3.500e+01 ; 8.000e-01 ; 3.000e+00 ; 4.6129001e+01 ; 2.5800000e+02 
3.500e+01 ; 8.000e-01 ; 3.000e+00 ; 4.6257001e+01 ; 2.5800000e+02 
3.500e+01 ; 8.000e-01 ; 3.000e+00 ; 4.6513001e+01 ; 2.5800000e+02 
3.500e+01 ; 8.000e-01 ; 3.000e+00 ; 4.6920001e+01 ; 2.5800000e+02 
3.500e+01 ; 8.000e-01 ; 3.000e+00 ; 4.6920001e+01 ; 2.5800000e+02 
3.500e+01 ; 8.000e-01 ; 3.000e+00 ; 4.6921001e+01 ; 2.5800000e+02 
3.500e+01 ; 8.000e-01 ; 3.000e+00 ; 4.6922001e+01 ; 2.5800000e+02 
3.500e+01 ; 8.000e-01 ; 3.000e+00 ; 4.6923001e+01 ; 2.5800000e+02 
3.500e+01 ; 8.000e-01 ; 3.000e+00 ; 4.6925001e+01 ; 2.5800000e+02 
3.500e+01 ; 8.000e-01 ; 3.000e+00 ; 4.6929001e+01 ; 2.5800000e+02 
3.500e+01 ; 8.000e-01 ; 3.000e+00 ; 4.6937001e+01 ; 2.5800000e+02 
3.500e+01 ; 8.000e-01 ; 3.000e+00 ; 4.6953001e+01 ; 2.5800000e+02 
3.500e+01 ; 8.000e-01 ; 3.000e+00 ; 4.6985001e+01 ; 2.5800000e+02 
3.500e+01 ; 8.000e-01 ; 3.000e+00 ; 4.7049001e+01 ; 2.5800000e+02 
3.500e+01 ; 8.000e-01 ; 3.000e+00 ; 4.7177001e+01 ; 2.5800000e+02 
3.500e+01 ; 8.000e-01 ; 3.000e+00 ; 4.7433001e+01 ; 2.5800000e+02 
3.500e+01 ; 8.000e-01 ; 3.000e+00 ; 4.7840001e+01 ; 2.5800000e+02 
3.500e+01 ; 8.000e-01 ; 3.000e+00 ; 4.7840001e+01 ; 2.5800000e+02 
3.500e+01 ; 8.000e-01 ; 3.000e+00 ; 4.7841001e+01 ; 2.5800000e+02 
3.500e+01 ; 8.000e-01 ; 3.000e+00 ; 4.7842001e+01 ; 2.5800000e+02 
3.500e+01 ; 8.000e-01 ; 3.000e+00 ; 4.7843001e+01 ; 2.5800000e+02 
3.500e+01 ; 8.000e-01 ; 3.000e+00 ; 4.7845001e+01 ; 2.5800000e+02 
3.500e+01 ; 8.000e-01 ; 3.000e+00 ; 4.7849001e+01 ; 2.5800000e+02 
3.500e+01 ; 8.000e-01 ; 3.000e+00 ; 4.7857001e+01 ; 2.5800000e+02 
3.500e+01 ; 8.000e-01 ; 3.000e+00 ; 4.7873001e+01 ; 2.5800000e+02 
3.500e+01 ; 8.000e-01 ; 3.000e+00 ; 4.7905001e+01 ; 2.5800000e+02 
3.500e+01 ; 8.000e-01 ; 3.000e+00 ; 4.7969001e+01 ; 2.5800000e+02 
3.500e+01 ; 8.000e-01 ; 3.000e+00 ; 4.8097001e+01 ; 2.5800000e+02 
3.500e+01 ; 8.000e-01 ; 3.000e+00 ; 4.8353001e+01 ; 2.5800000e+02 
3.500e+01 ; 8.000e-01 ; 3.000e+00 ; 4.8760001e+01 ; 2.5800000e+02 
3.500e+01 ; 8.000e-01 ; 3.000e+00 ; 4.8760001e+01 ; 2.5800000e+02 
3.500e+01 ; 8.000e-01 ; 3.000e+00 ; 4.8761001e+01 ; 2.5800000e+02 
3.500e+01 ; 8.000e-01 ; 3.000e+00 ; 4.8762001e+01 ; 2.5800000e+02 
3.500e+01 ; 8.000e-01 ; 3.000e+00 ; 4.8763001e+01 ; 2.5800000e+02 
3.500e+01 ; 8.000e-01 ; 3.000e+00 ; 4.8765001e+01 ; 2.5800000e+02 
3.500e+01 ; 8.000e-01 ; 3.000e+00 ; 4.8769001e+01 ; 2.5800000e+02 
3.500e+01 ; 8.000e-01 ; 3.000e+00 ; 4.8777001e+01 ; 2.5800000e+02 
3.500e+01 ; 8.000e-01 ; 3.000e+00 ; 4.8793001e+01 ; 2.5800000e+02 
3.500e+01 ; 8.000e-01 ; 3.000e+00 ; 4.8825001e+01 ; 2.5800000e+02 
3.500e+01 ; 8.000e-01 ; 3.000e+00 ; 4.8889001e+01 ; 2.5800000e+02 
3.500e+01 ; 8.000e-01 ; 3.000e+00 ; 4.9017001e+01 ; 2.5800000e+02 
3.500e+01 ; 8.000e-01 ; 3.000e+00 ; 4.9273001e+01 ; 2.5800000e+02 
3.500e+01 ; 8.000e-01 ; 3.000e+00 ; 4.9680001e+01 ; 2.5800000e+02 
3.500e+01 ; 8.000e-01 ; 3.000e+00 ; 4.9680001e+01 ; 2.5800000e+02 
3.500e+01 ; 8.000e-01 ; 3.000e+00 ; 4.9681001e+01 ; 2.5800000e+02 
3.500e+01 ; 8.000e-01 ; 3.000e+00 ; 4.9682001e+01 ; 2.5800000e+02 
3.500e+01 ; 8.000e-01 ; 3.000e+00 ; 4.9683001e+01 ; 2.5800000e+02 
3.500e+01 ; 8.000e-01 ; 3.000e+00 ; 4.9685001e+01 ; 2.5800000e+02 
3.500e+01 ; 8.000e-01 ; 3.000e+00 ; 4.9689001e+01 ; 2.5800000e+02 
3.500e+01 ; 8.000e-01 ; 3.000e+00 ; 4.9697001e+01 ; 2.5800000e+02 
3.500e+01 ; 8.000e-01 ; 3.000e+00 ; 4.9713001e+01 ; 2.5800000e+02 
3.500e+01 ; 8.000e-01 ; 3.000e+00 ; 4.9745001e+01 ; 2.5800000e+02 
3.500e+01 ; 8.000e-01 ; 3.000e+00 ; 4.9809001e+01 ; 2.5800000e+02 
3.500e+01 ; 8.000e-01 ; 3.000e+00 ; 4.9937001e+01 ; 2.5800000e+02 
3.500e+01 ; 8.000e-01 ; 3.000e+00 ; 5.0193001e+01 ; 2.5800000e+02 
3.500e+01 ; 8.000e-01 ; 3.000e+00 ; 5.0600001e+01 ; 2.5800000e+02 
3.500e+01 ; 8.000e-01 ; 3.000e+00 ; 5.0600001e+01 ; 2.5800000e+02 
3.500e+01 ; 8.000e-01 ; 3.000e+00 ; 5.0601001e+01 ; 2.5800000e+02 
3.500e+01 ; 8.000e-01 ; 3.000e+00 ; 5.0602001e+01 ; 2.5800000e+02 
3.500e+01 ; 8.000e-01 ; 3.000e+00 ; 5.0603001e+01 ; 2.5800000e+02 
3.500e+01 ; 8.000e-01 ; 3.000e+00 ; 5.0605001e+01 ; 2.5800000e+02 
3.500e+01 ; 8.000e-01 ; 3.000e+00 ; 5.0609001e+01 ; 2.5800000e+02 
3.500e+01 ; 8.000e-01 ; 3.000e+00 ; 5.0617001e+01 ; 2.5800000e+02 
3.500e+01 ; 8.000e-01 ; 3.000e+00 ; 5.0633001e+01 ; 2.5800000e+02 
3.500e+01 ; 8.000e-01 ; 3.000e+00 ; 5.0665001e+01 ; 2.5800000e+02 
3.500e+01 ; 8.000e-01 ; 3.000e+00 ; 5.0729001e+01 ; 2.5800000e+02 
3.500e+01 ; 8.000e-01 ; 3.000e+00 ; 5.0857001e+01 ; 2.5800000e+02 
3.500e+01 ; 8.000e-01 ; 3.000e+00 ; 5.1113001e+01 ; 2.5800000e+02 
3.500e+01 ; 8.000e-01 ; 3.000e+00 ; 5.1520001e+01 ; 2.5800000e+02 
3.500e+01 ; 8.000e-01 ; 3.000e+00 ; 5.1520001e+01 ; 2.5800000e+02 
3.500e+01 ; 8.000e-01 ; 3.000e+00 ; 5.1521001e+01 ; 2.5800000e+02 
3.500e+01 ; 8.000e-01 ; 3.000e+00 ; 5.1522001e+01 ; 2.5800000e+02 
3.500e+01 ; 8.000e-01 ; 3.000e+00 ; 5.1523001e+01 ; 2.5800000e+02 
3.500e+01 ; 8.000e-01 ; 3.000e+00 ; 5.1525001e+01 ; 2.5800000e+02 
3.500e+01 ; 8.000e-01 ; 3.000e+00 ; 5.1529001e+01 ; 2.5800000e+02 
3.500e+01 ; 8.000e-01 ; 3.000e+00 ; 5.1537001e+01 ; 2.5800000e+02 
3.500e+01 ; 8.000e-01 ; 3.000e+00 ; 5.1553001e+01 ; 2.5800000e+02 
3.500e+01 ; 8.000e-01 ; 3.000e+00 ; 5.1585001e+01 ; 2.5800000e+02 
3.500e+01 ; 8.000e-01 ; 3.000e+00 ; 5.1649001e+01 ; 2.5800000e+02 
3.500e+01 ; 8.000e-01 ; 3.000e+00 ; 5.1777001e+01 ; 2.5800000e+02 
3.500e+01 ; 8.000e-01 ; 3.000e+00 ; 5.2033001e+01 ; 2.5800000e+02 
3.500e+01 ; 8.000e-01 ; 3.000e+00 ; 5.2440001e+01 ; 2.5800000e+02 
3.500e+01 ; 8.000e-01 ; 3.000e+00 ; 5.2440001e+01 ; 2.5800000e+02 
3.500e+01 ; 8.000e-01 ; 3.000e+00 ; 5.2441001e+01 ; 2.5800000e+02 
3.500e+01 ; 8.000e-01 ; 3.000e+00 ; 5.2442001e+01 ; 2.5800000e+02 
3.500e+01 ; 8.000e-01 ; 3.000e+00 ; 5.2443001e+01 ; 2.5800000e+02 
3.500e+01 ; 8.000e-01 ; 3.000e+00 ; 5.2445001e+01 ; 2.5800000e+02 
3.500e+01 ; 8.000e-01 ; 3.000e+00 ; 5.2449001e+01 ; 2.5800000e+02 
3.500e+01 ; 8.000e-01 ; 3.000e+00 ; 5.2457001e+01 ; 2.5800000e+02 
3.500e+01 ; 8.000e-01 ; 3.000e+00 ; 5.2473001e+01 ; 2.5800000e+02 
3.500e+01 ; 8.000e-01 ; 3.000e+00 ; 5.2505001e+01 ; 2.5800000e+02 
3.500e+01 ; 8.000e-01 ; 3.000e+00 ; 5.2569001e+01 ; 2.5800000e+02 
3.500e+01 ; 8.000e-01 ; 3.000e+00 ; 5.2697001e+01 ; 2.5800000e+02 
3.500e+01 ; 8.000e-01 ; 3.000e+00 ; 5.2953001e+01 ; 2.5800000e+02 
3.500e+01 ; 8.000e-01 ; 3.000e+00 ; 5.3360001e+01 ; 2.5800000e+02 
3.500e+01 ; 8.000e-01 ; 3.000e+00 ; 5.3360001e+01 ; 2.5800000e+02 
3.500e+01 ; 8.000e-01 ; 3.000e+00 ; 5.3361001e+01 ; 2.5800000e+02 
3.500e+01 ; 8.000e-01 ; 3.000e+00 ; 5.3362001e+01 ; 2.5800000e+02 
3.500e+01 ; 8.000e-01 ; 3.000e+00 ; 5.3363001e+01 ; 2.5800000e+02 
3.500e+01 ; 8.000e-01 ; 3.000e+00 ; 5.3365001e+01 ; 2.5800000e+02 
3.500e+01 ; 8.000e-01 ; 3.000e+00 ; 5.3369001e+01 ; 2.5800000e+02 
3.500e+01 ; 8.000e-01 ; 3.000e+00 ; 5.3377001e+01 ; 2.5800000e+02 
3.500e+01 ; 8.000e-01 ; 3.000e+00 ; 5.3393001e+01 ; 2.5800000e+02 
3.500e+01 ; 8.000e-01 ; 3.000e+00 ; 5.3425001e+01 ; 2.5800000e+02 
3.500e+01 ; 8.000e-01 ; 3.000e+00 ; 5.3489001e+01 ; 2.5800000e+02 
3.500e+01 ; 8.000e-01 ; 3.000e+00 ; 5.3617001e+01 ; 2.5800000e+02 
3.500e+01 ; 8.000e-01 ; 3.000e+00 ; 5.3873001e+01 ; 2.5800000e+02 
3.500e+01 ; 8.000e-01 ; 3.000e+00 ; 5.4280001e+01 ; 2.5800000e+02 
3.500e+01 ; 8.000e-01 ; 3.000e+00 ; 5.4280001e+01 ; 2.5800000e+02 
3.500e+01 ; 8.000e-01 ; 3.000e+00 ; 5.4281001e+01 ; 2.5800000e+02 
3.500e+01 ; 8.000e-01 ; 3.000e+00 ; 5.4282001e+01 ; 2.5800000e+02 
3.500e+01 ; 8.000e-01 ; 3.000e+00 ; 5.4283001e+01 ; 2.5800000e+02 
3.500e+01 ; 8.000e-01 ; 3.000e+00 ; 5.4285001e+01 ; 2.5800000e+02 
3.500e+01 ; 8.000e-01 ; 3.000e+00 ; 5.4289001e+01 ; 2.5800000e+02 
3.500e+01 ; 8.000e-01 ; 3.000e+00 ; 5.4297001e+01 ; 2.5800000e+02 
3.500e+01 ; 8.000e-01 ; 3.000e+00 ; 5.4313001e+01 ; 2.5800000e+02 
3.500e+01 ; 8.000e-01 ; 3.000e+00 ; 5.4345001e+01 ; 2.5800000e+02 
3.500e+01 ; 8.000e-01 ; 3.000e+00 ; 5.4409001e+01 ; 2.5800000e+02 
3.500e+01 ; 8.000e-01 ; 3.000e+00 ; 5.4537001e+01 ; 2.5800000e+02 
3.500e+01 ; 8.000e-01 ; 3.000e+00 ; 5.4793001e+01 ; 2.5800000e+02 
3.500e+01 ; 8.000e-01 ; 3.000e+00 ; 5.5200001e+01 ; 2.5800000e+02 
3.500e+01 ; 8.000e-01 ; 3.000e+00 ; 5.5200001e+01 ; 2.5800000e+02 
3.500e+01 ; 8.000e-01 ; 3.000e+00 ; 5.5201001e+01 ; 2.5800000e+02 
3.500e+01 ; 8.000e-01 ; 3.000e+00 ; 5.5202001e+01 ; 2.5800000e+02 
3.500e+01 ; 8.000e-01 ; 3.000e+00 ; 5.5203001e+01 ; 2.5800000e+02 
3.500e+01 ; 8.000e-01 ; 3.000e+00 ; 5.5205001e+01 ; 2.5800000e+02 
3.500e+01 ; 8.000e-01 ; 3.000e+00 ; 5.5209001e+01 ; 2.5800000e+02 
3.500e+01 ; 8.000e-01 ; 3.000e+00 ; 5.5217001e+01 ; 2.5800000e+02 
3.500e+01 ; 8.000e-01 ; 3.000e+00 ; 5.5233001e+01 ; 2.5800000e+02 
3.500e+01 ; 8.000e-01 ; 3.000e+00 ; 5.5265001e+01 ; 2.5800000e+02 
3.500e+01 ; 8.000e-01 ; 3.000e+00 ; 5.5329001e+01 ; 2.5800000e+02 
3.500e+01 ; 8.000e-01 ; 3.000e+00 ; 5.5457001e+01 ; 2.5800000e+02 
3.500e+01 ; 8.000e-01 ; 3.000e+00 ; 5.5713001e+01 ; 2.5800000e+02 
3.500e+01 ; 8.000e-01 ; 3.000e+00 ; 5.6120001e+01 ; 2.5800000e+02 
3.500e+01 ; 8.000e-01 ; 3.000e+00 ; 5.6120001e+01 ; 2.5800000e+02 
3.500e+01 ; 8.000e-01 ; 3.000e+00 ; 5.6121001e+01 ; 2.5782974e+02 
3.500e+01 ; 8.000e-01 ; 3.000e+00 ; 5.6122001e+01 ; 2.5765967e+02 
3.500e+01 ; 8.000e-01 ; 3.000e+00 ; 5.6123001e+01 ; 2.5748975e+02 
3.500e+01 ; 8.000e-01 ; 3.000e+00 ; 5.6125001e+01 ; 2.5715051e+02 
3.500e+01 ; 8.000e-01 ; 3.000e+00 ; 5.6129001e+01 ; 2.5647461e+02 
3.500e+01 ; 8.000e-01 ; 3.000e+00 ; 5.6137001e+01 ; 2.5513287e+02 
3.500e+01 ; 8.000e-01 ; 3.000e+00 ; 5.6153001e+01 ; 2.5248936e+02 
3.500e+01 ; 8.000e-01 ; 3.000e+00 ; 5.6185001e+01 ; 2.4735861e+02 
3.500e+01 ; 8.000e-01 ; 3.000e+00 ; 5.6249001e+01 ; 2.3769392e+02 
3.500e+01 ; 8.000e-01 ; 3.000e+00 ; 5.6377001e+01 ; 2.2052907e+02 
3.500e+01 ; 8.000e-01 ; 3.000e+00 ; 5.6633001e+01 ; 1.9324881e+02 
3.500e+01 ; 8.000e-01 ; 3.000e+00 ; 5.7040001e+01 ; 1.6259711e+02 
3.500e+01 ; 8.000e-01 ; 3.000e+00 ; 5.7040001e+01 ; 1.6259711e+02 
3.500e+01 ; 8.000e-01 ; 3.000e+00 ; 5.7041001e+01 ; 1.6252187e+02 
3.500e+01 ; 8.000e-01 ; 3.000e+00 ; 5.7042001e+01 ; 1.6244670e+02 
3.500e+01 ; 8.000e-01 ; 3.000e+00 ; 5.7043001e+01 ; 1.6237161e+02 
3.500e+01 ; 8.000e-01 ; 3.000e+00 ; 5.7045001e+01 ; 1.6222173e+02 
3.500e+01 ; 8.000e-01 ; 3.000e+00 ; 5.7049001e+01 ; 1.6192311e+02 
3.500e+01 ; 8.000e-01 ; 3.000e+00 ; 5.7057001e+01 ; 1.6133047e+02 
3.500e+01 ; 8.000e-01 ; 3.000e+00 ; 5.7073001e+01 ; 1.6016336e+02 
3.500e+01 ; 8.000e-01 ; 3.000e+00 ; 5.7105001e+01 ; 1.5789914e+02 
3.500e+01 ; 8.000e-01 ; 3.000e+00 ; 5.7169001e+01 ; 1.5363293e+02 
3.500e+01 ; 8.000e-01 ; 3.000e+00 ; 5.7297001e+01 ; 1.4602814e+02 
3.500e+01 ; 8.000e-01 ; 3.000e+00 ; 5.7553001e+01 ; 1.3378706e+02 
3.500e+01 ; 8.000e-01 ; 3.000e+00 ; 5.7960001e+01 ; 1.1971876e+02 
3.500e+01 ; 8.000e-01 ; 3.000e+00 ; 5.7960001e+01 ; 1.1971876e+02 
3.500e+01 ; 8.000e-01 ; 3.000e+00 ; 5.7961001e+01 ; 1.1968423e+02 
3.500e+01 ; 8.000e-01 ; 3.000e+00 ; 5.7962001e+01 ; 1.1964973e+02 
3.500e+01 ; 8.000e-01 ; 3.000e+00 ; 5.7963001e+01 ; 1.1961527e+02 
3.500e+01 ; 8.000e-01 ; 3.000e+00 ; 5.7965001e+01 ; 1.1954649e+02 
3.500e+01 ; 8.000e-01 ; 3.000e+00 ; 5.7969001e+01 ; 1.1940946e+02 
3.500e+01 ; 8.000e-01 ; 3.000e+00 ; 5.7977001e+01 ; 1.1913760e+02 
3.500e+01 ; 8.000e-01 ; 3.000e+00 ; 5.7993001e+01 ; 1.1860248e+02 
3.500e+01 ; 8.000e-01 ; 3.000e+00 ; 5.8025001e+01 ; 1.1756546e+02 
3.500e+01 ; 8.000e-01 ; 3.000e+00 ; 5.8089001e+01 ; 1.1561594e+02 
3.500e+01 ; 8.000e-01 ; 3.000e+00 ; 5.8217001e+01 ; 1.1215508e+02 
3.500e+01 ; 8.000e-01 ; 3.000e+00 ; 5.8473001e+01 ; 1.0660709e+02 
3.500e+01 ; 8.000e-01 ; 3.000e+00 ; 5.8880001e+01 ; 1.0018993e+02 
3.500e+01 ; 8.000e-01 ; 3.000e+00 ; 5.8880001e+01 ; 1.0018993e+02 
3.500e+01 ; 8.000e-01 ; 3.000e+00 ; 5.8881001e+01 ; 1.0017418e+02 
3.500e+01 ; 8.000e-01 ; 3.000e+00 ; 5.8882001e+01 ; 1.0015844e+02 
3.500e+01 ; 8.000e-01 ; 3.000e+00 ; 5.8883001e+01 ; 1.0014272e+02 
3.500e+01 ; 8.000e-01 ; 3.000e+00 ; 5.8885001e+01 ; 1.0011133e+02 
3.500e+01 ; 8.000e-01 ; 3.000e+00 ; 5.8889001e+01 ; 1.0004877e+02 
3.500e+01 ; 8.000e-01 ; 3.000e+00 ; 5.8897001e+01 ; 9.9924591e+01 
3.500e+01 ; 8.000e-01 ; 3.000e+00 ; 5.8913001e+01 ; 9.9679779e+01 
3.500e+01 ; 8.000e-01 ; 3.000e+00 ; 5.8945001e+01 ; 9.9203911e+01 
3.500e+01 ; 8.000e-01 ; 3.000e+00 ; 5.9009001e+01 ; 9.8303352e+01 
3.500e+01 ; 8.000e-01 ; 3.000e+00 ; 5.9137001e+01 ; 9.6680481e+01 
3.500e+01 ; 8.000e-01 ; 3.000e+00 ; 5.9393001e+01 ; 9.3988144e+01 
3.500e+01 ; 8.000e-01 ; 3.000e+00 ; 5.9800001e+01 ; 9.0681984e+01 
3.500e+01 ; 8.000e-01 ; 3.000e+00 ; 5.9800001e+01 ; 9.0681984e+01 
3.500e+01 ; 8.000e-01 ; 3.000e+00 ; 5.9801001e+01 ; 9.0673866e+01 
3.500e+01 ; 8.000e-01 ; 3.000e+00 ; 5.9802001e+01 ; 9.0665756e+01 
3.500e+01 ; 8.000e-01 ; 3.000e+00 ; 5.9803001e+01 ; 9.0657646e+01 
3.500e+01 ; 8.000e-01 ; 3.000e+00 ; 5.9805001e+01 ; 9.0641464e+01 
3.500e+01 ; 8.000e-01 ; 3.000e+00 ; 5.9809001e+01 ; 9.0609177e+01 
3.500e+01 ; 8.000e-01 ; 3.000e+00 ; 5.9817001e+01 ; 9.0544983e+01 
3.500e+01 ; 8.000e-01 ; 3.000e+00 ; 5.9833001e+01 ; 9.0418045e+01 
3.500e+01 ; 8.000e-01 ; 3.000e+00 ; 5.9865001e+01 ; 9.0169792e+01 
3.500e+01 ; 8.000e-01 ; 3.000e+00 ; 5.9929001e+01 ; 8.9694359e+01 
3.500e+01 ; 8.000e-01 ; 3.000e+00 ; 6.0057001e+01 ; 8.8818085e+01 
3.500e+01 ; 8.000e-01 ; 3.000e+00 ; 6.0313001e+01 ; 8.7304222e+01 
3.500e+01 ; 8.000e-01 ; 3.000e+00 ; 6.0720001e+01 ; 8.5337982e+01 
3.500e+01 ; 8.000e-01 ; 3.000e+00 ; 6.0720001e+01 ; 8.5337982e+01 
3.500e+01 ; 8.000e-01 ; 3.000e+00 ; 6.0721001e+01 ; 8.5333153e+01 
3.500e+01 ; 8.000e-01 ; 3.000e+00 ; 6.0722001e+01 ; 8.5328331e+01 
3.500e+01 ; 8.000e-01 ; 3.000e+00 ; 6.0723001e+01 ; 8.5323509e+01 
3.500e+01 ; 8.000e-01 ; 3.000e+00 ; 6.0725001e+01 ; 8.5313873e+01 
3.500e+01 ; 8.000e-01 ; 3.000e+00 ; 6.0729001e+01 ; 8.5294640e+01 
3.500e+01 ; 8.000e-01 ; 3.000e+00 ; 6.0737001e+01 ; 8.5256348e+01 
3.500e+01 ; 8.000e-01 ; 3.000e+00 ; 6.0753001e+01 ; 8.5180428e+01 
3.500e+01 ; 8.000e-01 ; 3.000e+00 ; 6.0785001e+01 ; 8.5031158e+01 
3.500e+01 ; 8.000e-01 ; 3.000e+00 ; 6.0849001e+01 ; 8.4742355e+01 
3.500e+01 ; 8.000e-01 ; 3.000e+00 ; 6.0977001e+01 ; 8.4199837e+01 
3.500e+01 ; 8.000e-01 ; 3.000e+00 ; 6.1233001e+01 ; 8.3231216e+01 
3.500e+01 ; 8.000e-01 ; 3.000e+00 ; 6.1640001e+01 ; 8.1917549e+01 
3.500e+01 ; 8.000e-01 ; 3.000e+00 ; 6.1640001e+01 ; 8.1917549e+01 
3.500e+01 ; 8.000e-01 ; 3.000e+00 ; 6.1641001e+01 ; 8.1914322e+01 
3.500e+01 ; 8.000e-01 ; 3.000e+00 ; 6.1642001e+01 ; 8.1911102e+01 
3.500e+01 ; 8.000e-01 ; 3.000e+00 ; 6.1643001e+01 ; 8.1907875e+01 
3.500e+01 ; 8.000e-01 ; 3.000e+00 ; 6.1645001e+01 ; 8.1901436e+01 
3.500e+01 ; 8.000e-01 ; 3.000e+00 ; 6.1649001e+01 ; 8.1888573e+01 
3.500e+01 ; 8.000e-01 ; 3.000e+00 ; 6.1657001e+01 ; 8.1862938e+01 
3.500e+01 ; 8.000e-01 ; 3.000e+00 ; 6.1673001e+01 ; 8.1812004e+01 
3.500e+01 ; 8.000e-01 ; 3.000e+00 ; 6.1705001e+01 ; 8.1711472e+01 
3.500e+01 ; 8.000e-01 ; 3.000e+00 ; 6.1769001e+01 ; 8.1515511e+01 
3.500e+01 ; 8.000e-01 ; 3.000e+00 ; 6.1897001e+01 ; 8.1142349e+01 
3.500e+01 ; 8.000e-01 ; 3.000e+00 ; 6.2153001e+01 ; 8.0460419e+01 
3.500e+01 ; 8.000e-01 ; 3.000e+00 ; 6.2560001e+01 ; 7.9507317e+01 
3.500e+01 ; 8.000e-01 ; 3.000e+00 ; 6.2560001e+01 ; 7.9507317e+01 
3.500e+01 ; 8.000e-01 ; 3.000e+00 ; 6.2561001e+01 ; 7.9504974e+01 
3.500e+01 ; 8.000e-01 ; 3.000e+00 ; 6.2562001e+01 ; 7.9502640e+01 
3.500e+01 ; 8.000e-01 ; 3.000e+00 ; 6.2563001e+01 ; 7.9500298e+01 
3.500e+01 ; 8.000e-01 ; 3.000e+00 ; 6.2565001e+01 ; 7.9495621e+01 
3.500e+01 ; 8.000e-01 ; 3.000e+00 ; 6.2569001e+01 ; 7.9486282e+01 
3.500e+01 ; 8.000e-01 ; 3.000e+00 ; 6.2577001e+01 ; 7.9467659e+01 
3.500e+01 ; 8.000e-01 ; 3.000e+00 ; 6.2593001e+01 ; 7.9430603e+01 
3.500e+01 ; 8.000e-01 ; 3.000e+00 ; 6.2625001e+01 ; 7.9357269e+01 
3.500e+01 ; 8.000e-01 ; 3.000e+00 ; 6.2689001e+01 ; 7.9213615e+01 
3.500e+01 ; 8.000e-01 ; 3.000e+00 ; 6.2817001e+01 ; 7.8937546e+01 
3.500e+01 ; 8.000e-01 ; 3.000e+00 ; 6.3073001e+01 ; 7.8425041e+01 
3.500e+01 ; 8.000e-01 ; 3.000e+00 ; 6.3480001e+01 ; 7.7693901e+01 
3.500e+01 ; 8.000e-01 ; 3.000e+00 ; 6.3480001e+01 ; 7.7693901e+01 
3.500e+01 ; 8.000e-01 ; 3.000e+00 ; 6.3481001e+01 ; 7.7692101e+01 
3.500e+01 ; 8.000e-01 ; 3.000e+00 ; 6.3482001e+01 ; 7.7690308e+01 
3.500e+01 ; 8.000e-01 ; 3.000e+00 ; 6.3483001e+01 ; 7.7688515e+01 
3.500e+01 ; 8.000e-01 ; 3.000e+00 ; 6.3485001e+01 ; 7.7684929e+01 
3.500e+01 ; 8.000e-01 ; 3.000e+00 ; 6.3489001e+01 ; 7.7677757e+01 
3.500e+01 ; 8.000e-01 ; 3.000e+00 ; 6.3497001e+01 ; 7.7663452e+01 
3.500e+01 ; 8.000e-01 ; 3.000e+00 ; 6.3513001e+01 ; 7.7634979e+01 
3.500e+01 ; 8.000e-01 ; 3.000e+00 ; 6.3545001e+01 ; 7.7578522e+01 
3.500e+01 ; 8.000e-01 ; 3.000e+00 ; 6.3609001e+01 ; 7.7467552e+01 
3.500e+01 ; 8.000e-01 ; 3.000e+00 ; 6.3737001e+01 ; 7.7252975e+01 
3.500e+01 ; 8.000e-01 ; 3.000e+00 ; 6.3993001e+01 ; 7.6850281e+01 
3.500e+01 ; 8.000e-01 ; 3.000e+00 ; 6.4400001e+01 ; 7.6267380e+01 
3.500e+01 ; 8.000e-01 ; 3.000e+00 ; 6.4400001e+01 ; 7.6267380e+01 
3.500e+01 ; 8.000e-01 ; 3.000e+00 ; 6.4401001e+01 ; 7.6265953e+01 
3.500e+01 ; 8.000e-01 ; 3.000e+00 ; 6.4402001e+01 ; 7.6264519e+01 
3.500e+01 ; 8.000e-01 ; 3.000e+00 ; 6.4403001e+01 ; 7.6263084e+01 
3.500e+01 ; 8.000e-01 ; 3.000e+00 ; 6.4405001e+01 ; 7.6260223e+01 
3.500e+01 ; 8.000e-01 ; 3.000e+00 ; 6.4409001e+01 ; 7.6254509e+01 
3.500e+01 ; 8.000e-01 ; 3.000e+00 ; 6.4417001e+01 ; 7.6243103e+01 
3.500e+01 ; 8.000e-01 ; 3.000e+00 ; 6.4433001e+01 ; 7.6220367e+01 
3.500e+01 ; 8.000e-01 ; 3.000e+00 ; 6.4465001e+01 ; 7.6175247e+01 
3.500e+01 ; 8.000e-01 ; 3.000e+00 ; 6.4529001e+01 ; 7.6086342e+01 
3.500e+01 ; 8.000e-01 ; 3.000e+00 ; 6.4657001e+01 ; 7.5913673e+01 
3.500e+01 ; 8.000e-01 ; 3.000e+00 ; 6.4913001e+01 ; 7.5587051e+01 
3.500e+01 ; 8.000e-01 ; 3.000e+00 ; 6.5320001e+01 ; 7.5109070e+01 
3.500e+01 ; 8.000e-01 ; 3.000e+00 ; 6.5320001e+01 ; 7.5109070e+01 
3.500e+01 ; 8.000e-01 ; 3.000e+00 ; 6.5321001e+01 ; 7.5107895e+01 
3.500e+01 ; 8.000e-01 ; 3.000e+00 ; 6.5322001e+01 ; 7.5106720e+01 
3.500e+01 ; 8.000e-01 ; 3.000e+00 ; 6.5323001e+01 ; 7.5105545e+01 
3.500e+01 ; 8.000e-01 ; 3.000e+00 ; 6.5325001e+01 ; 7.5103203e+01 
3.500e+01 ; 8.000e-01 ; 3.000e+00 ; 6.5329001e+01 ; 7.5098511e+01 
3.500e+01 ; 8.000e-01 ; 3.000e+00 ; 6.5337001e+01 ; 7.5089149e+01 
3.500e+01 ; 8.000e-01 ; 3.000e+00 ; 6.5353001e+01 ; 7.5070496e+01 
3.500e+01 ; 8.000e-01 ; 3.000e+00 ; 6.5385001e+01 ; 7.5033424e+01 
3.500e+01 ; 8.000e-01 ; 3.000e+00 ; 6.5449001e+01 ; 7.4960258e+01 
3.500e+01 ; 8.000e-01 ; 3.000e+00 ; 6.5577001e+01 ; 7.4817673e+01 
3.500e+01 ; 8.000e-01 ; 3.000e+00 ; 6.5833001e+01 ; 7.4546288e+01 
3.500e+01 ; 8.000e-01 ; 3.000e+00 ; 6.6240001e+01 ; 7.4145691e+01 
3.500e+01 ; 8.000e-01 ; 3.000e+00 ; 6.6240001e+01 ; 7.4145691e+01 
3.500e+01 ; 8.000e-01 ; 3.000e+00 ; 6.6241001e+01 ; 7.4144707e+01 
3.500e+01 ; 8.000e-01 ; 3.000e+00 ; 6.6242001e+01 ; 7.4143723e+01 
3.500e+01 ; 8.000e-01 ; 3.000e+00 ; 6.6243001e+01 ; 7.4142738e+01 
3.500e+01 ; 8.000e-01 ; 3.000e+00 ; 6.6245001e+01 ; 7.4140770e+01 
3.500e+01 ; 8.000e-01 ; 3.000e+00 ; 6.6249001e+01 ; 7.4136841e+01 
3.500e+01 ; 8.000e-01 ; 3.000e+00 ; 6.6257001e+01 ; 7.4128990e+01 
3.500e+01 ; 8.000e-01 ; 3.000e+00 ; 6.6273001e+01 ; 7.4113342e+01 
3.500e+01 ; 8.000e-01 ; 3.000e+00 ; 6.6305001e+01 ; 7.4082230e+01 
3.500e+01 ; 8.000e-01 ; 3.000e+00 ; 6.6369001e+01 ; 7.4020729e+01 
3.500e+01 ; 8.000e-01 ; 3.000e+00 ; 6.6497001e+01 ; 7.3900558e+01 
3.500e+01 ; 8.000e-01 ; 3.000e+00 ; 6.6753001e+01 ; 7.3670692e+01 
3.500e+01 ; 8.000e-01 ; 3.000e+00 ; 6.7160001e+01 ; 7.3328934e+01 
3.500e+01 ; 8.000e-01 ; 3.000e+00 ; 6.7160001e+01 ; 7.3328934e+01 
3.500e+01 ; 8.000e-01 ; 3.000e+00 ; 6.7161001e+01 ; 7.3328094e+01 
3.500e+01 ; 8.000e-01 ; 3.000e+00 ; 6.7162001e+01 ; 7.3327255e+01 
3.500e+01 ; 8.000e-01 ; 3.000e+00 ; 6.7163001e+01 ; 7.3326416e+01 
3.500e+01 ; 8.000e-01 ; 3.000e+00 ; 6.7165001e+01 ; 7.3324738e+01 
3.500e+01 ; 8.000e-01 ; 3.000e+00 ; 6.7169001e+01 ; 7.3321381e+01 
3.500e+01 ; 8.000e-01 ; 3.000e+00 ; 6.7177001e+01 ; 7.3314682e+01 
3.500e+01 ; 8.000e-01 ; 3.000e+00 ; 6.7193001e+01 ; 7.3301323e+01 
3.500e+01 ; 8.000e-01 ; 3.000e+00 ; 6.7225001e+01 ; 7.3274750e+01 
3.500e+01 ; 8.000e-01 ; 3.000e+00 ; 6.7289001e+01 ; 7.3222160e+01 
3.500e+01 ; 8.000e-01 ; 3.000e+00 ; 6.7417001e+01 ; 7.3119164e+01 
3.500e+01 ; 8.000e-01 ; 3.000e+00 ; 6.7673001e+01 ; 7.2921326e+01 
3.500e+01 ; 8.000e-01 ; 3.000e+00 ; 6.8080001e+01 ; 7.2625397e+01 
3.500e+01 ; 8.000e-01 ; 3.000e+00 ; 6.8080001e+01 ; 7.2625397e+01 
3.500e+01 ; 8.000e-01 ; 3.000e+00 ; 6.8081001e+01 ; 7.2624672e+01 
3.500e+01 ; 8.000e-01 ; 3.000e+00 ; 6.8082001e+01 ; 7.2623947e+01 
3.500e+01 ; 8.000e-01 ; 3.000e+00 ; 6.8083001e+01 ; 7.2623215e+01 
3.500e+01 ; 8.000e-01 ; 3.000e+00 ; 6.8085001e+01 ; 7.2621765e+01 
3.500e+01 ; 8.000e-01 ; 3.000e+00 ; 6.8089001e+01 ; 7.2618858e+01 
3.500e+01 ; 8.000e-01 ; 3.000e+00 ; 6.8097001e+01 ; 7.2613060e+01 
3.500e+01 ; 8.000e-01 ; 3.000e+00 ; 6.8113001e+01 ; 7.2601486e+01 
3.500e+01 ; 8.000e-01 ; 3.000e+00 ; 6.8145001e+01 ; 7.2578445e+01 
3.500e+01 ; 8.000e-01 ; 3.000e+00 ; 6.8209001e+01 ; 7.2532822e+01 
3.500e+01 ; 8.000e-01 ; 3.000e+00 ; 6.8337001e+01 ; 7.2443283e+01 
3.500e+01 ; 8.000e-01 ; 3.000e+00 ; 6.8593001e+01 ; 7.2270691e+01 
3.500e+01 ; 8.000e-01 ; 3.000e+00 ; 6.9000001e+01 ; 7.2011169e+01 
3.500e+01 ; 8.000e-01 ; 3.000e+00 ; 6.9000001e+01 ; 7.2011169e+01 
3.500e+01 ; 8.000e-01 ; 3.000e+00 ; 6.9001001e+01 ; 7.2010529e+01 
3.500e+01 ; 8.000e-01 ; 3.000e+00 ; 6.9002001e+01 ; 7.2009895e+01 
3.500e+01 ; 8.000e-01 ; 3.000e+00 ; 6.9003001e+01 ; 7.2009254e+01 
3.500e+01 ; 8.000e-01 ; 3.000e+00 ; 6.9005001e+01 ; 7.2007980e+01 
3.500e+01 ; 8.000e-01 ; 3.000e+00 ; 6.9009001e+01 ; 7.2005432e+01 
3.500e+01 ; 8.000e-01 ; 3.000e+00 ; 6.9017001e+01 ; 7.2000343e+01 
3.500e+01 ; 8.000e-01 ; 3.000e+00 ; 6.9033001e+01 ; 7.1990189e+01 
3.500e+01 ; 8.000e-01 ; 3.000e+00 ; 6.9065001e+01 ; 7.1969971e+01 
3.500e+01 ; 8.000e-01 ; 3.000e+00 ; 6.9129001e+01 ; 7.1929886e+01 
3.500e+01 ; 8.000e-01 ; 3.000e+00 ; 6.9257001e+01 ; 7.1851105e+01 
3.500e+01 ; 8.000e-01 ; 3.000e+00 ; 6.9513001e+01 ; 7.1698761e+01 
3.500e+01 ; 8.000e-01 ; 3.000e+00 ; 6.9920001e+01 ; 7.1468658e+01 
3.500e+01 ; 8.000e-01 ; 3.000e+00 ; 6.9920001e+01 ; 7.1468658e+01 
3.500e+01 ; 8.000e-01 ; 3.000e+00 ; 6.9921001e+01 ; 7.1471817e+01 
3.500e+01 ; 8.000e-01 ; 3.000e+00 ; 6.9922001e+01 ; 7.1475037e+01 
3.500e+01 ; 8.000e-01 ; 3.000e+00 ; 6.9923001e+01 ; 7.1478310e+01 
3.500e+01 ; 8.000e-01 ; 3.000e+00 ; 6.9925001e+01 ; 7.1485092e+01 
3.500e+01 ; 8.000e-01 ; 3.000e+00 ; 6.9929001e+01 ; 7.1499565e+01 
3.500e+01 ; 8.000e-01 ; 3.000e+00 ; 6.9937001e+01 ; 7.1532066e+01 
3.500e+01 ; 8.000e-01 ; 3.000e+00 ; 6.9953001e+01 ; 7.1610603e+01 
3.500e+01 ; 8.000e-01 ; 3.000e+00 ; 6.9985001e+01 ; 7.1816727e+01 
3.500e+01 ; 8.000e-01 ; 3.000e+00 ; 7.0049001e+01 ; 7.2389191e+01 
3.500e+01 ; 8.000e-01 ; 3.000e+00 ; 7.0177001e+01 ; 7.3952179e+01 
3.500e+01 ; 8.000e-01 ; 3.000e+00 ; 7.0433001e+01 ; 7.7663239e+01 
3.500e+01 ; 8.000e-01 ; 3.000e+00 ; 7.0840001e+01 ; 8.2978966e+01 
3.500e+01 ; 8.000e-01 ; 3.000e+00 ; 7.0840001e+01 ; 8.2978966e+01 
3.500e+01 ; 8.000e-01 ; 3.000e+00 ; 7.0841001e+01 ; 8.2995377e+01 
3.500e+01 ; 8.000e-01 ; 3.000e+00 ; 7.0842001e+01 ; 8.3011787e+01 
3.500e+01 ; 8.000e-01 ; 3.000e+00 ; 7.0843001e+01 ; 8.3028191e+01 
3.500e+01 ; 8.000e-01 ; 3.000e+00 ; 7.0845001e+01 ; 8.3060989e+01 
3.500e+01 ; 8.000e-01 ; 3.000e+00 ; 7.0849001e+01 ; 8.3126556e+01 
3.500e+01 ; 8.000e-01 ; 3.000e+00 ; 7.0857001e+01 ; 8.3257500e+01 
3.500e+01 ; 8.000e-01 ; 3.000e+00 ; 7.0873001e+01 ; 8.3518555e+01 
3.500e+01 ; 8.000e-01 ; 3.000e+00 ; 7.0905001e+01 ; 8.4036537e+01 
3.500e+01 ; 8.000e-01 ; 3.000e+00 ; 7.0969001e+01 ; 8.5050514e+01 
3.500e+01 ; 8.000e-01 ; 3.000e+00 ; 7.1097001e+01 ; 8.6959023e+01 
3.500e+01 ; 8.000e-01 ; 3.000e+00 ; 7.1353001e+01 ; 9.0177299e+01 
3.500e+01 ; 8.000e-01 ; 3.000e+00 ; 7.1760001e+01 ; 9.3691467e+01 
3.500e+01 ; 8.000e-01 ; 3.000e+00 ; 7.1760001e+01 ; 9.3691467e+01 
3.500e+01 ; 8.000e-01 ; 3.000e+00 ; 7.1761001e+01 ; 9.3700081e+01 
3.500e+01 ; 8.000e-01 ; 3.000e+00 ; 7.1762001e+01 ; 9.3708679e+01 
3.500e+01 ; 8.000e-01 ; 3.000e+00 ; 7.1763001e+01 ; 9.3717262e+01 
3.500e+01 ; 8.000e-01 ; 3.000e+00 ; 7.1765001e+01 ; 9.3734344e+01 
3.500e+01 ; 8.000e-01 ; 3.000e+00 ; 7.1769001e+01 ; 9.3768219e+01 
3.500e+01 ; 8.000e-01 ; 3.000e+00 ; 7.1777001e+01 ; 9.3834801e+01 
3.500e+01 ; 8.000e-01 ; 3.000e+00 ; 7.1793001e+01 ; 9.3963425e+01 
3.500e+01 ; 8.000e-01 ; 3.000e+00 ; 7.1825001e+01 ; 9.4203255e+01 
3.500e+01 ; 8.000e-01 ; 3.000e+00 ; 7.1889001e+01 ; 9.4619095e+01 
3.500e+01 ; 8.000e-01 ; 3.000e+00 ; 7.2017001e+01 ; 9.5235374e+01 
3.500e+01 ; 8.000e-01 ; 3.000e+00 ; 7.2273001e+01 ; 9.5847107e+01 
3.500e+01 ; 8.000e-01 ; 3.000e+00 ; 7.2680001e+01 ; 9.5877762e+01 
3.500e+01 ; 8.000e-01 ; 3.000e+00 ; 7.2680001e+01 ; 9.5877762e+01 
3.500e+01 ; 8.000e-01 ; 3.000e+00 ; 7.2681001e+01 ; 9.5877831e+01 
3.500e+01 ; 8.000e-01 ; 3.000e+00 ; 7.2682001e+01 ; 9.5877892e+01 
3.500e+01 ; 8.000e-01 ; 3.000e+00 ; 7.2683001e+01 ; 9.5877953e+01 
3.500e+01 ; 8.000e-01 ; 3.000e+00 ; 7.2685001e+01 ; 9.5878044e+01 
3.500e+01 ; 8.000e-01 ; 3.000e+00 ; 7.2689001e+01 ; 9.5878143e+01 
3.500e+01 ; 8.000e-01 ; 3.000e+00 ; 7.2697001e+01 ; 9.5877983e+01 
3.500e+01 ; 8.000e-01 ; 3.000e+00 ; 7.2713001e+01 ; 9.5876297e+01 
3.500e+01 ; 8.000e-01 ; 3.000e+00 ; 7.2745001e+01 ; 9.5867676e+01 
3.500e+01 ; 8.000e-01 ; 3.000e+00 ; 7.2809001e+01 ; 9.5831551e+01 
3.500e+01 ; 8.000e-01 ; 3.000e+00 ; 7.2937001e+01 ; 9.5697723e+01 
3.500e+01 ; 8.000e-01 ; 3.000e+00 ; 7.3193001e+01 ; 9.5265198e+01 
3.500e+01 ; 8.000e-01 ; 3.000e+00 ; 7.3600001e+01 ; 9.4363258e+01 
3.500e+01 ; 8.000e-01 ; 3.000e+00 ; 7.3600001e+01 ; 9.4363258e+01 
3.500e+01 ; 8.000e-01 ; 3.000e+00 ; 7.3601001e+01 ; 9.4361046e+01 
3.500e+01 ; 8.000e-01 ; 3.000e+00 ; 7.3602001e+01 ; 9.4358826e+01 
3.500e+01 ; 8.000e-01 ; 3.000e+00 ; 7.3603001e+01 ; 9.4356606e+01 
3.500e+01 ; 8.000e-01 ; 3.000e+00 ; 7.3605001e+01 ; 9.4352158e+01 
3.500e+01 ; 8.000e-01 ; 3.000e+00 ; 7.3609001e+01 ; 9.4343246e+01 
3.500e+01 ; 8.000e-01 ; 3.000e+00 ; 7.3617001e+01 ; 9.4325348e+01 
3.500e+01 ; 8.000e-01 ; 3.000e+00 ; 7.3633001e+01 ; 9.4289246e+01 
3.500e+01 ; 8.000e-01 ; 3.000e+00 ; 7.3665001e+01 ; 9.4215889e+01 
3.500e+01 ; 8.000e-01 ; 3.000e+00 ; 7.3729001e+01 ; 9.4065285e+01 
3.500e+01 ; 8.000e-01 ; 3.000e+00 ; 7.3857001e+01 ; 9.3752724e+01 
3.500e+01 ; 8.000e-01 ; 3.000e+00 ; 7.4113001e+01 ; 9.3106178e+01 
3.500e+01 ; 8.000e-01 ; 3.000e+00 ; 7.4520001e+01 ; 9.2079880e+01 
3.500e+01 ; 8.000e-01 ; 3.000e+00 ; 7.4520001e+01 ; 9.2079880e+01 
3.500e+01 ; 8.000e-01 ; 3.000e+00 ; 7.4521001e+01 ; 9.2077362e+01 
3.500e+01 ; 8.000e-01 ; 3.000e+00 ; 7.4522001e+01 ; 9.2074837e+01 
3.500e+01 ; 8.000e-01 ; 3.000e+00 ; 7.4523001e+01 ; 9.2072319e+01 
3.500e+01 ; 8.000e-01 ; 3.000e+00 ; 7.4525001e+01 ; 9.2067276e+01 
3.500e+01 ; 8.000e-01 ; 3.000e+00 ; 7.4529001e+01 ; 9.2057190e+01 
3.500e+01 ; 8.000e-01 ; 3.000e+00 ; 7.4537001e+01 ; 9.2037018e+01 
3.500e+01 ; 8.000e-01 ; 3.000e+00 ; 7.4553001e+01 ; 9.1996689e+01 
3.500e+01 ; 8.000e-01 ; 3.000e+00 ; 7.4585001e+01 ; 9.1916084e+01 
3.500e+01 ; 8.000e-01 ; 3.000e+00 ; 7.4649001e+01 ; 9.1755295e+01 
3.500e+01 ; 8.000e-01 ; 3.000e+00 ; 7.4777001e+01 ; 9.1436501e+01 
3.500e+01 ; 8.000e-01 ; 3.000e+00 ; 7.5033001e+01 ; 9.0815781e+01 
3.500e+01 ; 8.000e-01 ; 3.000e+00 ; 7.5440001e+01 ; 8.9882744e+01 
3.500e+01 ; 8.000e-01 ; 3.000e+00 ; 7.5440001e+01 ; 8.9882744e+01 
3.500e+01 ; 8.000e-01 ; 3.000e+00 ; 7.5441001e+01 ; 8.9880455e+01 
3.500e+01 ; 8.000e-01 ; 3.000e+00 ; 7.5442001e+01 ; 8.9878159e+01 
3.500e+01 ; 8.000e-01 ; 3.000e+00 ; 7.5443001e+01 ; 8.9875870e+01 
3.500e+01 ; 8.000e-01 ; 3.000e+00 ; 7.5445001e+01 ; 8.9871284e+01 
3.500e+01 ; 8.000e-01 ; 3.000e+00 ; 7.5449001e+01 ; 8.9862129e+01 
3.500e+01 ; 8.000e-01 ; 3.000e+00 ; 7.5457001e+01 ; 8.9843834e+01 
3.500e+01 ; 8.000e-01 ; 3.000e+00 ; 7.5473001e+01 ; 8.9807327e+01 
3.500e+01 ; 8.000e-01 ; 3.000e+00 ; 7.5505001e+01 ; 8.9734657e+01 
3.500e+01 ; 8.000e-01 ; 3.000e+00 ; 7.5569001e+01 ; 8.9590721e+01 
3.500e+01 ; 8.000e-01 ; 3.000e+00 ; 7.5697001e+01 ; 8.9308609e+01 
3.500e+01 ; 8.000e-01 ; 3.000e+00 ; 7.5953001e+01 ; 8.8767906e+01 
3.500e+01 ; 8.000e-01 ; 3.000e+00 ; 7.6360001e+01 ; 8.7966408e+01 
3.500e+01 ; 8.000e-01 ; 3.000e+00 ; 7.6360001e+01 ; 8.7966408e+01 
3.500e+01 ; 8.000e-01 ; 3.000e+00 ; 7.6361001e+01 ; 8.7964439e+01 
3.500e+01 ; 8.000e-01 ; 3.000e+00 ; 7.6362001e+01 ; 8.7962471e+01 
3.500e+01 ; 8.000e-01 ; 3.000e+00 ; 7.6363001e+01 ; 8.7960503e+01 
3.500e+01 ; 8.000e-01 ; 3.000e+00 ; 7.6365001e+01 ; 8.7956566e+01 
3.500e+01 ; 8.000e-01 ; 3.000e+00 ; 7.6369001e+01 ; 8.7948700e+01 
3.500e+01 ; 8.000e-01 ; 3.000e+00 ; 7.6377001e+01 ; 8.7932991e+01 
3.500e+01 ; 8.000e-01 ; 3.000e+00 ; 7.6393001e+01 ; 8.7901672e+01 
3.500e+01 ; 8.000e-01 ; 3.000e+00 ; 7.6425001e+01 ; 8.7839378e+01 
3.500e+01 ; 8.000e-01 ; 3.000e+00 ; 7.6489001e+01 ; 8.7716225e+01 
3.500e+01 ; 8.000e-01 ; 3.000e+00 ; 7.6617001e+01 ; 8.7475510e+01 
3.500e+01 ; 8.000e-01 ; 3.000e+00 ; 7.6873001e+01 ; 8.7015625e+01 
3.500e+01 ; 8.000e-01 ; 3.000e+00 ; 7.7280001e+01 ; 8.6334885e+01 
3.500e+01 ; 8.000e-01 ; 3.000e+00 ; 7.7280001e+01 ; 8.6334885e+01 
3.500e+01 ; 8.000e-01 ; 3.000e+00 ; 7.7281001e+01 ; 8.6333214e+01 
3.500e+01 ; 8.000e-01 ; 3.000e+00 ; 7.7282001e+01 ; 8.6331543e+01 
3.500e+01 ; 8.000e-01 ; 3.000e+00 ; 7.7283001e+01 ; 8.6329872e+01 
3.500e+01 ; 8.000e-01 ; 3.000e+00 ; 7.7285001e+01 ; 8.6326530e+01 
3.500e+01 ; 8.000e-01 ; 3.000e+00 ; 7.7289001e+01 ; 8.6319847e+01 
3.500e+01 ; 8.000e-01 ; 3.000e+00 ; 7.7297001e+01 ; 8.6306511e+01 
3.500e+01 ; 8.000e-01 ; 3.000e+00 ; 7.7313001e+01 ; 8.6279907e+01 
3.500e+01 ; 8.000e-01 ; 3.000e+00 ; 7.7345001e+01 ; 8.6227013e+01 
3.500e+01 ; 8.000e-01 ; 3.000e+00 ; 7.7409001e+01 ; 8.6122437e+01 
3.500e+01 ; 8.000e-01 ; 3.000e+00 ; 7.7537001e+01 ; 8.5918007e+01 
3.500e+01 ; 8.000e-01 ; 3.000e+00 ; 7.7793001e+01 ; 8.5527023e+01 
3.500e+01 ; 8.000e-01 ; 3.000e+00 ; 7.8200001e+01 ; 8.4946609e+01 
3.500e+01 ; 8.000e-01 ; 3.000e+00 ; 7.8200001e+01 ; 8.4946609e+01 
3.500e+01 ; 8.000e-01 ; 3.000e+00 ; 7.8201001e+01 ; 8.4945190e+01 
3.500e+01 ; 8.000e-01 ; 3.000e+00 ; 7.8202001e+01 ; 8.4943764e+01 
3.500e+01 ; 8.000e-01 ; 3.000e+00 ; 7.8203001e+01 ; 8.4942337e+01 
3.500e+01 ; 8.000e-01 ; 3.000e+00 ; 7.8205001e+01 ; 8.4939484e+01 
3.500e+01 ; 8.000e-01 ; 3.000e+00 ; 7.8209001e+01 ; 8.4933792e+01 
3.500e+01 ; 8.000e-01 ; 3.000e+00 ; 7.8217001e+01 ; 8.4922417e+01 
3.500e+01 ; 8.000e-01 ; 3.000e+00 ; 7.8233001e+01 ; 8.4899727e+01 
3.500e+01 ; 8.000e-01 ; 3.000e+00 ; 7.8265001e+01 ; 8.4854607e+01 
3.500e+01 ; 8.000e-01 ; 3.000e+00 ; 7.8329001e+01 ; 8.4765350e+01 
3.500e+01 ; 8.000e-01 ; 3.000e+00 ; 7.8457001e+01 ; 8.4590668e+01 
3.500e+01 ; 8.000e-01 ; 3.000e+00 ; 7.8713001e+01 ; 8.4255745e+01 
3.500e+01 ; 8.000e-01 ; 3.000e+00 ; 7.9120001e+01 ; 8.3756477e+01 
3.500e+01 ; 8.000e-01 ; 3.000e+00 ; 7.9120001e+01 ; 8.3756477e+01 
3.500e+01 ; 8.000e-01 ; 3.000e+00 ; 7.9121001e+01 ; 8.3755249e+01 
3.500e+01 ; 8.000e-01 ; 3.000e+00 ; 7.9122001e+01 ; 8.3754028e+01 
3.500e+01 ; 8.000e-01 ; 3.000e+00 ; 7.9123001e+01 ; 8.3752800e+01 
3.500e+01 ; 8.000e-01 ; 3.000e+00 ; 7.9125001e+01 ; 8.3750351e+01 
3.500e+01 ; 8.000e-01 ; 3.000e+00 ; 7.9129001e+01 ; 8.3745445e+01 
3.500e+01 ; 8.000e-01 ; 3.000e+00 ; 7.9137001e+01 ; 8.3735664e+01 
3.500e+01 ; 8.000e-01 ; 3.000e+00 ; 7.9153001e+01 ; 8.3716141e+01 
3.500e+01 ; 8.000e-01 ; 3.000e+00 ; 7.9185001e+01 ; 8.3677299e+01 
3.500e+01 ; 8.000e-01 ; 3.000e+00 ; 7.9249001e+01 ; 8.3600410e+01 
3.500e+01 ; 8.000e-01 ; 3.000e+00 ; 7.9377001e+01 ; 8.3449722e+01 
3.500e+01 ; 8.000e-01 ; 3.000e+00 ; 7.9633001e+01 ; 8.3159988e+01 
3.500e+01 ; 8.000e-01 ; 3.000e+00 ; 8.0040001e+01 ; 8.2726181e+01 
3.500e+01 ; 8.000e-01 ; 3.000e+00 ; 8.0040001e+01 ; 8.2726181e+01 
3.500e+01 ; 8.000e-01 ; 3.000e+00 ; 8.0041001e+01 ; 8.2725121e+01 
3.500e+01 ; 8.000e-01 ; 3.000e+00 ; 8.0042001e+01 ; 8.2724052e+01 
3.500e+01 ; 8.000e-01 ; 3.000e+00 ; 8.0043001e+01 ; 8.2722984e+01 
3.500e+01 ; 8.000e-01 ; 3.000e+00 ; 8.0045001e+01 ; 8.2720856e+01 
3.500e+01 ; 8.000e-01 ; 3.000e+00 ; 8.0049001e+01 ; 8.2716599e+01 
3.500e+01 ; 8.000e-01 ; 3.000e+00 ; 8.0057001e+01 ; 8.2708092e+01 
3.500e+01 ; 8.000e-01 ; 3.000e+00 ; 8.0073001e+01 ; 8.2691124e+01 
3.500e+01 ; 8.000e-01 ; 3.000e+00 ; 8.0105001e+01 ; 8.2657356e+01 
3.500e+01 ; 8.000e-01 ; 3.000e+00 ; 8.0169001e+01 ; 8.2590446e+01 
3.500e+01 ; 8.000e-01 ; 3.000e+00 ; 8.0297001e+01 ; 8.2459145e+01 
3.500e+01 ; 8.000e-01 ; 3.000e+00 ; 8.0553001e+01 ; 8.2205978e+01 
3.500e+01 ; 8.000e-01 ; 3.000e+00 ; 8.0960001e+01 ; 8.1825348e+01 
3.500e+01 ; 8.000e-01 ; 3.000e+00 ; 8.0960001e+01 ; 8.1825348e+01 
3.500e+01 ; 8.000e-01 ; 3.000e+00 ; 8.0961001e+01 ; 8.1824409e+01 
3.500e+01 ; 8.000e-01 ; 3.000e+00 ; 8.0962001e+01 ; 8.1823479e+01 
3.500e+01 ; 8.000e-01 ; 3.000e+00 ; 8.0963001e+01 ; 8.1822540e+01 
3.500e+01 ; 8.000e-01 ; 3.000e+00 ; 8.0965001e+01 ; 8.1820671e+01 
3.500e+01 ; 8.000e-01 ; 3.000e+00 ; 8.0969001e+01 ; 8.1816933e+01 
3.500e+01 ; 8.000e-01 ; 3.000e+00 ; 8.0977001e+01 ; 8.1809471e+01 
3.500e+01 ; 8.000e-01 ; 3.000e+00 ; 8.0993001e+01 ; 8.1794579e+01 
3.500e+01 ; 8.000e-01 ; 3.000e+00 ; 8.1025001e+01 ; 8.1764923e+01 
3.500e+01 ; 8.000e-01 ; 3.000e+00 ; 8.1089001e+01 ; 8.1706139e+01 
3.500e+01 ; 8.000e-01 ; 3.000e+00 ; 8.1217001e+01 ; 8.1590614e+01 
3.500e+01 ; 8.000e-01 ; 3.000e+00 ; 8.1473001e+01 ; 8.1367310e+01 
3.500e+01 ; 8.000e-01 ; 3.000e+00 ; 8.1880001e+01 ; 8.1030289e+01 
3.500e+01 ; 8.000e-01 ; 3.000e+00 ; 8.1880001e+01 ; 8.1030289e+01 
3.500e+01 ; 8.000e-01 ; 3.000e+00 ; 8.1881001e+01 ; 8.1029465e+01 
3.500e+01 ; 8.000e-01 ; 3.000e+00 ; 8.1882001e+01 ; 8.1028633e+01 
3.500e+01 ; 8.000e-01 ; 3.000e+00 ; 8.1883001e+01 ; 8.1027809e+01 
3.500e+01 ; 8.000e-01 ; 3.000e+00 ; 8.1885001e+01 ; 8.1026154e+01 
3.500e+01 ; 8.000e-01 ; 3.000e+00 ; 8.1889001e+01 ; 8.1022842e+01 
3.500e+01 ; 8.000e-01 ; 3.000e+00 ; 8.1897001e+01 ; 8.1016235e+01 
3.500e+01 ; 8.000e-01 ; 3.000e+00 ; 8.1913001e+01 ; 8.1003044e+01 
3.500e+01 ; 8.000e-01 ; 3.000e+00 ; 8.1945001e+01 ; 8.0976768e+01 
3.500e+01 ; 8.000e-01 ; 3.000e+00 ; 8.2009001e+01 ; 8.0924652e+01 
3.500e+01 ; 8.000e-01 ; 3.000e+00 ; 8.2137001e+01 ; 8.0822113e+01 
3.500e+01 ; 8.000e-01 ; 3.000e+00 ; 8.2393001e+01 ; 8.0623444e+01 
3.500e+01 ; 8.000e-01 ; 3.000e+00 ; 8.2800002e+01 ; 8.0322563e+01 
3.500e+01 ; 8.000e-01 ; 3.000e+00 ; 8.2800002e+01 ; 8.0322563e+01 
3.500e+01 ; 8.000e-01 ; 3.000e+00 ; 8.2801002e+01 ; 8.0321823e+01 
3.500e+01 ; 8.000e-01 ; 3.000e+00 ; 8.2802002e+01 ; 8.0321083e+01 
3.500e+01 ; 8.000e-01 ; 3.000e+00 ; 8.2803002e+01 ; 8.0320343e+01 
3.500e+01 ; 8.000e-01 ; 3.000e+00 ; 8.2805002e+01 ; 8.0318863e+01 
3.500e+01 ; 8.000e-01 ; 3.000e+00 ; 8.2809002e+01 ; 8.0315910e+01 
3.500e+01 ; 8.000e-01 ; 3.000e+00 ; 8.2817002e+01 ; 8.0310013e+01 
3.500e+01 ; 8.000e-01 ; 3.000e+00 ; 8.2833002e+01 ; 8.0298233e+01 
3.500e+01 ; 8.000e-01 ; 3.000e+00 ; 8.2865001e+01 ; 8.0274757e+01 
3.500e+01 ; 8.000e-01 ; 3.000e+00 ; 8.2929001e+01 ; 8.0228180e+01 
3.500e+01 ; 8.000e-01 ; 3.000e+00 ; 8.3057002e+01 ; 8.0136429e+01 
3.500e+01 ; 8.000e-01 ; 3.000e+00 ; 8.3313002e+01 ; 7.9958298e+01 
3.500e+01 ; 8.000e-01 ; 3.000e+00 ; 8.3720002e+01 ; 7.9687668e+01 
3.500e+01 ; 8.000e-01 ; 3.000e+00 ; 8.3720002e+01 ; 7.9687668e+01 
3.500e+01 ; 8.000e-01 ; 3.000e+00 ; 8.3721002e+01 ; 7.9687004e+01 
3.500e+01 ; 8.000e-01 ; 3.000e+00 ; 8.3722002e+01 ; 7.9686340e+01 
3.500e+01 ; 8.000e-01 ; 3.000e+00 ; 8.3723002e+01 ; 7.9685677e+01 
3.500e+01 ; 8.000e-01 ; 3.000e+00 ; 8.3725002e+01 ; 7.9684341e+01 
3.500e+01 ; 8.000e-01 ; 3.000e+00 ; 8.3729002e+01 ; 7.9681694e+01 
3.500e+01 ; 8.000e-01 ; 3.000e+00 ; 8.3737002e+01 ; 7.9676414e+01 
3.500e+01 ; 8.000e-01 ; 3.000e+00 ; 8.3753002e+01 ; 7.9666023e+01 
3.500e+01 ; 8.000e-01 ; 3.000e+00 ; 8.3785002e+01 ; 7.9646431e+01 
3.500e+01 ; 8.000e-01 ; 3.000e+00 ; 8.3849002e+01 ; 7.9615021e+01 
3.500e+01 ; 8.000e-01 ; 3.000e+00 ; 8.3977002e+01 ; 7.9596451e+01 
3.500e+01 ; 8.000e-01 ; 3.000e+00 ; 8.4233002e+01 ; 7.9750885e+01 
3.500e+01 ; 8.000e-01 ; 3.000e+00 ; 8.4640002e+01 ; 8.0334984e+01 
3.500e+01 ; 8.000e-01 ; 3.000e+00 ; 8.4640002e+01 ; 8.0334984e+01 
3.500e+01 ; 8.000e-01 ; 3.000e+00 ; 8.4641002e+01 ; 8.0336426e+01 
3.500e+01 ; 8.000e-01 ; 3.000e+00 ; 8.4642002e+01 ; 8.0337860e+01 
3.500e+01 ; 8.000e-01 ; 3.000e+00 ; 8.4643002e+01 ; 8.0339302e+01 
3.500e+01 ; 8.000e-01 ; 3.000e+00 ; 8.4645002e+01 ; 8.0342194e+01 
3.500e+01 ; 8.000e-01 ; 3.000e+00 ; 8.4649002e+01 ; 8.0348007e+01 
3.500e+01 ; 8.000e-01 ; 3.000e+00 ; 8.4657002e+01 ; 8.0359764e+01 
3.500e+01 ; 8.000e-01 ; 3.000e+00 ; 8.4673002e+01 ; 8.0383804e+01 
3.500e+01 ; 8.000e-01 ; 3.000e+00 ; 8.4705002e+01 ; 8.0433937e+01 
3.500e+01 ; 8.000e-01 ; 3.000e+00 ; 8.4769002e+01 ; 8.0542114e+01 
3.500e+01 ; 8.000e-01 ; 3.000e+00 ; 8.4897002e+01 ; 8.0786102e+01 
3.500e+01 ; 8.000e-01 ; 3.000e+00 ; 8.5153002e+01 ; 8.1345734e+01 
3.500e+01 ; 8.000e-01 ; 3.000e+00 ; 8.5560002e+01 ; 8.2272141e+01 
3.500e+01 ; 8.000e-01 ; 3.000e+00 ; 8.5560002e+01 ; 8.2272141e+01 
3.500e+01 ; 8.000e-01 ; 3.000e+00 ; 8.5561002e+01 ; 8.2274422e+01 
3.500e+01 ; 8.000e-01 ; 3.000e+00 ; 8.5562002e+01 ; 8.2276695e+01 
3.500e+01 ; 8.000e-01 ; 3.000e+00 ; 8.5563002e+01 ; 8.2278976e+01 
3.500e+01 ; 8.000e-01 ; 3.000e+00 ; 8.5565002e+01 ; 8.2283524e+01 
3.500e+01 ; 8.000e-01 ; 3.000e+00 ; 8.5569002e+01 ; 8.2292641e+01 
3.500e+01 ; 8.000e-01 ; 3.000e+00 ; 8.5577002e+01 ; 8.2310875e+01 
3.500e+01 ; 8.000e-01 ; 3.000e+00 ; 8.5593002e+01 ; 8.2347382e+01 
3.500e+01 ; 8.000e-01 ; 3.000e+00 ; 8.5625002e+01 ; 8.2420433e+01 
3.500e+01 ; 8.000e-01 ; 3.000e+00 ; 8.5689002e+01 ; 8.2566086e+01 
3.500e+01 ; 8.000e-01 ; 3.000e+00 ; 8.5817002e+01 ; 8.2851318e+01 
3.500e+01 ; 8.000e-01 ; 3.000e+00 ; 8.6073002e+01 ; 8.3374046e+01 
3.500e+01 ; 8.000e-01 ; 3.000e+00 ; 8.6480002e+01 ; 8.4036903e+01 
3.500e+01 ; 8.000e-01 ; 3.000e+00 ; 8.6480002e+01 ; 8.4036903e+01 
3.500e+01 ; 8.000e-01 ; 3.000e+00 ; 8.6481002e+01 ; 8.4038528e+01 
3.500e+01 ; 8.000e-01 ; 3.000e+00 ; 8.6482002e+01 ; 8.4040154e+01 
3.500e+01 ; 8.000e-01 ; 3.000e+00 ; 8.6483002e+01 ; 8.4041779e+01 
3.500e+01 ; 8.000e-01 ; 3.000e+00 ; 8.6485002e+01 ; 8.4045029e+01 
3.500e+01 ; 8.000e-01 ; 3.000e+00 ; 8.6489002e+01 ; 8.4051506e+01 
3.500e+01 ; 8.000e-01 ; 3.000e+00 ; 8.6497002e+01 ; 8.4064392e+01 
3.500e+01 ; 8.000e-01 ; 3.000e+00 ; 8.6513002e+01 ; 8.4089897e+01 
3.500e+01 ; 8.000e-01 ; 3.000e+00 ; 8.6545002e+01 ; 8.4139778e+01 
3.500e+01 ; 8.000e-01 ; 3.000e+00 ; 8.6609002e+01 ; 8.4234703e+01 
3.500e+01 ; 8.000e-01 ; 3.000e+00 ; 8.6737002e+01 ; 8.4403862e+01 
3.500e+01 ; 8.000e-01 ; 3.000e+00 ; 8.6993002e+01 ; 8.4656715e+01 
3.500e+01 ; 8.000e-01 ; 3.000e+00 ; 8.7400002e+01 ; 8.4859863e+01 
3.500e+01 ; 8.000e-01 ; 3.000e+00 ; 8.7400002e+01 ; 8.4859863e+01 
3.500e+01 ; 8.000e-01 ; 3.000e+00 ; 8.7401002e+01 ; 8.4860359e+01 
3.500e+01 ; 8.000e-01 ; 3.000e+00 ; 8.7402002e+01 ; 8.4860855e+01 
3.500e+01 ; 8.000e-01 ; 3.000e+00 ; 8.7403002e+01 ; 8.4861351e+01 
3.500e+01 ; 8.000e-01 ; 3.000e+00 ; 8.7405002e+01 ; 8.4862335e+01 
3.500e+01 ; 8.000e-01 ; 3.000e+00 ; 8.7409002e+01 ; 8.4864288e+01 
3.500e+01 ; 8.000e-01 ; 3.000e+00 ; 8.7417002e+01 ; 8.4868118e+01 
3.500e+01 ; 8.000e-01 ; 3.000e+00 ; 8.7433002e+01 ; 8.4875481e+01 
3.500e+01 ; 8.000e-01 ; 3.000e+00 ; 8.7465002e+01 ; 8.4888977e+01 
3.500e+01 ; 8.000e-01 ; 3.000e+00 ; 8.7529002e+01 ; 8.4911232e+01 
3.500e+01 ; 8.000e-01 ; 3.000e+00 ; 8.7657002e+01 ; 8.4937653e+01 
3.500e+01 ; 8.000e-01 ; 3.000e+00 ; 8.7913002e+01 ; 8.4926132e+01 
3.500e+01 ; 8.000e-01 ; 3.000e+00 ; 8.8320002e+01 ; 8.4777336e+01 
3.500e+01 ; 8.000e-01 ; 3.000e+00 ; 8.8320002e+01 ; 8.4777336e+01 
3.500e+01 ; 8.000e-01 ; 3.000e+00 ; 8.8321002e+01 ; 8.4776970e+01 
3.500e+01 ; 8.000e-01 ; 3.000e+00 ; 8.8322002e+01 ; 8.4776604e+01 
3.500e+01 ; 8.000e-01 ; 3.000e+00 ; 8.8323002e+01 ; 8.4776237e+01 
3.500e+01 ; 8.000e-01 ; 3.000e+00 ; 8.8325002e+01 ; 8.4775497e+01 
3.500e+01 ; 8.000e-01 ; 3.000e+00 ; 8.8329002e+01 ; 8.4774010e+01 
3.500e+01 ; 8.000e-01 ; 3.000e+00 ; 8.8337002e+01 ; 8.4770973e+01 
3.500e+01 ; 8.000e-01 ; 3.000e+00 ; 8.8353002e+01 ; 8.4764717e+01 
3.500e+01 ; 8.000e-01 ; 3.000e+00 ; 8.8385002e+01 ; 8.4751419e+01 
3.500e+01 ; 8.000e-01 ; 3.000e+00 ; 8.8449002e+01 ; 8.4721855e+01 
3.500e+01 ; 8.000e-01 ; 3.000e+00 ; 8.8577002e+01 ; 8.4651787e+01 
3.500e+01 ; 8.000e-01 ; 3.000e+00 ; 8.8833002e+01 ; 8.4474899e+01 
3.500e+01 ; 8.000e-01 ; 3.000e+00 ; 8.9240002e+01 ; 8.4124481e+01 
3.500e+01 ; 8.000e-01 ; 3.000e+00 ; 8.9240002e+01 ; 8.4124481e+01 
3.500e+01 ; 8.000e-01 ; 3.000e+00 ; 8.9241002e+01 ; 8.4123619e+01 
3.500e+01 ; 8.000e-01 ; 3.000e+00 ; 8.9242002e+01 ; 8.4122757e+01 
3.500e+01 ; 8.000e-01 ; 3.000e+00 ; 8.9243002e+01 ; 8.4121895e+01 
3.500e+01 ; 8.000e-01 ; 3.000e+00 ; 8.9245002e+01 ; 8.4120163e+01 
3.500e+01 ; 8.000e-01 ; 3.000e+00 ; 8.9249002e+01 ; 8.4116707e+01 
3.500e+01 ; 8.000e-01 ; 3.000e+00 ; 8.9257002e+01 ; 8.4109764e+01 
3.500e+01 ; 8.000e-01 ; 3.000e+00 ; 8.9273002e+01 ; 8.4095772e+01 
3.500e+01 ; 8.000e-01 ; 3.000e+00 ; 8.9305002e+01 ; 8.4067383e+01 
3.500e+01 ; 8.000e-01 ; 3.000e+00 ; 8.9369002e+01 ; 8.4009071e+01 
3.500e+01 ; 8.000e-01 ; 3.000e+00 ; 8.9497002e+01 ; 8.3886955e+01 
3.500e+01 ; 8.000e-01 ; 3.000e+00 ; 8.9753002e+01 ; 8.3625259e+01 
3.500e+01 ; 8.000e-01 ; 3.000e+00 ; 9.0160002e+01 ; 8.3179291e+01 
3.500e+01 ; 8.000e-01 ; 3.000e+00 ; 9.0160002e+01 ; 8.3179291e+01 
3.500e+01 ; 8.000e-01 ; 3.000e+00 ; 9.0161002e+01 ; 8.3178200e+01 
3.500e+01 ; 8.000e-01 ; 3.000e+00 ; 9.0162002e+01 ; 8.3177101e+01 
3.500e+01 ; 8.000e-01 ; 3.000e+00 ; 9.0163002e+01 ; 8.3176003e+01 
3.500e+01 ; 8.000e-01 ; 3.000e+00 ; 9.0165002e+01 ; 8.3173813e+01 
3.500e+01 ; 8.000e-01 ; 3.000e+00 ; 9.0169002e+01 ; 8.3169418e+01 
3.500e+01 ; 8.000e-01 ; 3.000e+00 ; 9.0177002e+01 ; 8.3160629e+01 
3.500e+01 ; 8.000e-01 ; 3.000e+00 ; 9.0193002e+01 ; 8.3143005e+01 
3.500e+01 ; 8.000e-01 ; 3.000e+00 ; 9.0225002e+01 ; 8.3107590e+01 
3.500e+01 ; 8.000e-01 ; 3.000e+00 ; 9.0289002e+01 ; 8.3036110e+01 
3.500e+01 ; 8.000e-01 ; 3.000e+00 ; 9.0417002e+01 ; 8.2890999e+01 
3.500e+01 ; 8.000e-01 ; 3.000e+00 ; 9.0673002e+01 ; 8.2594673e+01 
3.500e+01 ; 8.000e-01 ; 3.000e+00 ; 9.1080002e+01 ; 8.2115990e+01 
3.500e+01 ; 8.000e-01 ; 3.000e+00 ; 9.1080002e+01 ; 8.2115990e+01 
3.500e+01 ; 8.000e-01 ; 3.000e+00 ; 9.1081002e+01 ; 8.2114815e+01 
3.500e+01 ; 8.000e-01 ; 3.000e+00 ; 9.1082002e+01 ; 8.2113640e+01 
3.500e+01 ; 8.000e-01 ; 3.000e+00 ; 9.1083002e+01 ; 8.2112465e+01 
3.500e+01 ; 8.000e-01 ; 3.000e+00 ; 9.1085002e+01 ; 8.2110107e+01 
3.500e+01 ; 8.000e-01 ; 3.000e+00 ; 9.1089002e+01 ; 8.2105408e+01 
3.500e+01 ; 8.000e-01 ; 3.000e+00 ; 9.1097002e+01 ; 8.2095993e+01 
3.500e+01 ; 8.000e-01 ; 3.000e+00 ; 9.1113002e+01 ; 8.2077148e+01 
3.500e+01 ; 8.000e-01 ; 3.000e+00 ; 9.1145002e+01 ; 8.2039429e+01 
3.500e+01 ; 8.000e-01 ; 3.000e+00 ; 9.1209002e+01 ; 8.1963860e+01 
3.500e+01 ; 8.000e-01 ; 3.000e+00 ; 9.1337002e+01 ; 8.1812401e+01 
3.500e+01 ; 8.000e-01 ; 3.000e+00 ; 9.1593002e+01 ; 8.1509560e+01 
3.500e+01 ; 8.000e-01 ; 3.000e+00 ; 9.2000002e+01 ; 8.1032333e+01 
3.500e+01 ; 8.000e-01 ; 3.000e+00 ; 9.2000002e+01 ; 8.1032333e+01 
3.500e+01 ; 8.000e-01 ; 3.000e+00 ; 9.2001002e+01 ; 8.1031166e+01 
3.500e+01 ; 8.000e-01 ; 3.000e+00 ; 9.2002002e+01 ; 8.1029991e+01 
3.500e+01 ; 8.000e-01 ; 3.000e+00 ; 9.2003002e+01 ; 8.1028816e+01 
3.500e+01 ; 8.000e-01 ; 3.000e+00 ; 9.2005002e+01 ; 8.1026474e+01 
3.500e+01 ; 8.000e-01 ; 3.000e+00 ; 9.2009002e+01 ; 8.1021782e+01 
3.500e+01 ; 8.000e-01 ; 3.000e+00 ; 9.2017002e+01 ; 8.1012405e+01 
3.500e+01 ; 8.000e-01 ; 3.000e+00 ; 9.2033002e+01 ; 8.0993660e+01 
3.500e+01 ; 8.000e-01 ; 3.000e+00 ; 9.2065002e+01 ; 8.0956200e+01 
3.500e+01 ; 8.000e-01 ; 3.000e+00 ; 9.2129002e+01 ; 8.0881409e+01 
3.500e+01 ; 8.000e-01 ; 3.000e+00 ; 9.2257002e+01 ; 8.0732460e+01 
3.500e+01 ; 8.000e-01 ; 3.000e+00 ; 9.2513002e+01 ; 8.0437782e+01 
3.500e+01 ; 8.000e-01 ; 3.000e+00 ; 9.2920002e+01 ; 7.9979301e+01 
3.500e+01 ; 8.000e-01 ; 3.000e+00 ; 9.2920002e+01 ; 7.9979301e+01 
3.500e+01 ; 8.000e-01 ; 3.000e+00 ; 9.2921002e+01 ; 7.9978180e+01 
3.500e+01 ; 8.000e-01 ; 3.000e+00 ; 9.2922002e+01 ; 7.9977051e+01 
3.500e+01 ; 8.000e-01 ; 3.000e+00 ; 9.2923002e+01 ; 7.9975922e+01 
3.500e+01 ; 8.000e-01 ; 3.000e+00 ; 9.2925002e+01 ; 7.9973671e+01 
3.500e+01 ; 8.000e-01 ; 3.000e+00 ; 9.2929002e+01 ; 7.9969170e+01 
3.500e+01 ; 8.000e-01 ; 3.000e+00 ; 9.2937002e+01 ; 7.9960167e+01 
3.500e+01 ; 8.000e-01 ; 3.000e+00 ; 9.2953002e+01 ; 7.9942177e+01 
3.500e+01 ; 8.000e-01 ; 3.000e+00 ; 9.2985002e+01 ; 7.9906258e+01 
3.500e+01 ; 8.000e-01 ; 3.000e+00 ; 9.3049002e+01 ; 7.9834679e+01 
3.500e+01 ; 8.000e-01 ; 3.000e+00 ; 9.3177002e+01 ; 7.9692612e+01 
3.500e+01 ; 8.000e-01 ; 3.000e+00 ; 9.3433002e+01 ; 7.9413124e+01 
3.500e+01 ; 8.000e-01 ; 3.000e+00 ; 9.3840002e+01 ; 7.8981232e+01 
3.500e+01 ; 8.000e-01 ; 3.000e+00 ; 9.3840002e+01 ; 7.8981232e+01 
3.500e+01 ; 8.000e-01 ; 3.000e+00 ; 9.3841002e+01 ; 7.8980171e+01 
3.500e+01 ; 8.000e-01 ; 3.000e+00 ; 9.3842002e+01 ; 7.8979111e+01 
3.500e+01 ; 8.000e-01 ; 3.000e+00 ; 9.3843002e+01 ; 7.8978050e+01 
3.500e+01 ; 8.000e-01 ; 3.000e+00 ; 9.3845002e+01 ; 7.8975922e+01 
3.500e+01 ; 8.000e-01 ; 3.000e+00 ; 9.3849002e+01 ; 7.8971680e+01 
3.500e+01 ; 8.000e-01 ; 3.000e+00 ; 9.3857002e+01 ; 7.8963203e+01 
3.500e+01 ; 8.000e-01 ; 3.000e+00 ; 9.3873002e+01 ; 7.8946266e+01 
3.500e+01 ; 8.000e-01 ; 3.000e+00 ; 9.3905002e+01 ; 7.8912468e+01 
3.500e+01 ; 8.000e-01 ; 3.000e+00 ; 9.3969002e+01 ; 7.8845177e+01 
3.500e+01 ; 8.000e-01 ; 3.000e+00 ; 9.4097002e+01 ; 7.8711876e+01 
3.500e+01 ; 8.000e-01 ; 3.000e+00 ; 9.4353002e+01 ; 7.8450409e+01 
3.500e+01 ; 8.000e-01 ; 3.000e+00 ; 9.4760002e+01 ; 7.8047821e+01 
3.500e+01 ; 8.000e-01 ; 3.000e+00 ; 9.4760002e+01 ; 7.8047821e+01 
3.500e+01 ; 8.000e-01 ; 3.000e+00 ; 9.4761002e+01 ; 7.8046829e+01 
3.500e+01 ; 8.000e-01 ; 3.000e+00 ; 9.4762002e+01 ; 7.8045845e+01 
3.500e+01 ; 8.000e-01 ; 3.000e+00 ; 9.4763002e+01 ; 7.8044853e+01 
3.500e+01 ; 8.000e-01 ; 3.000e+00 ; 9.4765002e+01 ; 7.8042877e+01 
3.500e+01 ; 8.000e-01 ; 3.000e+00 ; 9.4769002e+01 ; 7.8038925e+01 
3.500e+01 ; 8.000e-01 ; 3.000e+00 ; 9.4777002e+01 ; 7.8031021e+01 
3.500e+01 ; 8.000e-01 ; 3.000e+00 ; 9.4793002e+01 ; 7.8015236e+01 
3.500e+01 ; 8.000e-01 ; 3.000e+00 ; 9.4825002e+01 ; 7.7983749e+01 
3.500e+01 ; 8.000e-01 ; 3.000e+00 ; 9.4889002e+01 ; 7.7921097e+01 
3.500e+01 ; 8.000e-01 ; 3.000e+00 ; 9.5017002e+01 ; 7.7797089e+01 
3.500e+01 ; 8.000e-01 ; 3.000e+00 ; 9.5273002e+01 ; 7.7554245e+01 
3.500e+01 ; 8.000e-01 ; 3.000e+00 ; 9.5680002e+01 ; 7.7181000e+01 
3.500e+01 ; 8.000e-01 ; 3.000e+00 ; 9.5680002e+01 ; 7.7181000e+01 
3.500e+01 ; 8.000e-01 ; 3.000e+00 ; 9.5681002e+01 ; 7.7180084e+01 
3.500e+01 ; 8.000e-01 ; 3.000e+00 ; 9.5682002e+01 ; 7.7179169e+01 
3.500e+01 ; 8.000e-01 ; 3.000e+00 ; 9.5683002e+01 ; 7.7178246e+01 
3.500e+01 ; 8.000e-01 ; 3.000e+00 ; 9.5685002e+01 ; 7.7176414e+01 
3.500e+01 ; 8.000e-01 ; 3.000e+00 ; 9.5689002e+01 ; 7.7172752e+01 
3.500e+01 ; 8.000e-01 ; 3.000e+00 ; 9.5697002e+01 ; 7.7165421e+01 
3.500e+01 ; 8.000e-01 ; 3.000e+00 ; 9.5713002e+01 ; 7.7150795e+01 
3.500e+01 ; 8.000e-01 ; 3.000e+00 ; 9.5745002e+01 ; 7.7121605e+01 
3.500e+01 ; 8.000e-01 ; 3.000e+00 ; 9.5809002e+01 ; 7.7063553e+01 
3.500e+01 ; 8.000e-01 ; 3.000e+00 ; 9.5937002e+01 ; 7.6948700e+01 
3.500e+01 ; 8.000e-01 ; 3.000e+00 ; 9.6193002e+01 ; 7.6723923e+01 
3.500e+01 ; 8.000e-01 ; 3.000e+00 ; 9.6600002e+01 ; 7.6378693e+01 
3.500e+01 ; 8.000e-01 ; 3.000e+00 ; 9.6600002e+01 ; 7.6378693e+01 
3.500e+01 ; 8.000e-01 ; 3.000e+00 ; 9.6601002e+01 ; 7.6377846e+01 
3.500e+01 ; 8.000e-01 ; 3.000e+00 ; 9.6602002e+01 ; 7.6376999e+01 
3.500e+01 ; 8.000e-01 ; 3.000e+00 ; 9.6603002e+01 ; 7.6376152e+01 
3.500e+01 ; 8.000e-01 ; 3.000e+00 ; 9.6605002e+01 ; 7.6374458e+01 
3.500e+01 ; 8.000e-01 ; 3.000e+00 ; 9.6609002e+01 ; 7.6371063e+01 
3.500e+01 ; 8.000e-01 ; 3.000e+00 ; 9.6617002e+01 ; 7.6364288e+01 
3.500e+01 ; 8.000e-01 ; 3.000e+00 ; 9.6633002e+01 ; 7.6350754e+01 
3.500e+01 ; 8.000e-01 ; 3.000e+00 ; 9.6665002e+01 ; 7.6323761e+01 
3.500e+01 ; 8.000e-01 ; 3.000e+00 ; 9.6729002e+01 ; 7.6270081e+01 
3.500e+01 ; 8.000e-01 ; 3.000e+00 ; 9.6857002e+01 ; 7.6163879e+01 
3.500e+01 ; 8.000e-01 ; 3.000e+00 ; 9.7113002e+01 ; 7.5956085e+01 
3.500e+01 ; 8.000e-01 ; 3.000e+00 ; 9.7520002e+01 ; 7.5636948e+01 
3.500e+01 ; 8.000e-01 ; 3.000e+00 ; 9.7520002e+01 ; 7.5636948e+01 
3.500e+01 ; 8.000e-01 ; 3.000e+00 ; 9.7530002e+01 ; 7.5629112e+01 
3.500e+01 ; 8.000e-01 ; 3.000e+00 ; 9.7540002e+01 ; 7.5621284e+01 
3.500e+01 ; 8.000e-01 ; 3.000e+00 ; 9.7550002e+01 ; 7.5613464e+01 
3.500e+01 ; 8.000e-01 ; 3.000e+00 ; 9.7570002e+01 ; 7.5597847e+01 
3.500e+01 ; 8.000e-01 ; 3.000e+00 ; 9.7610002e+01 ; 7.5566727e+01 
3.500e+01 ; 8.000e-01 ; 3.000e+00 ; 9.7690002e+01 ; 7.5504906e+01 
3.500e+01 ; 8.000e-01 ; 3.000e+00 ; 9.7850002e+01 ; 7.5382950e+01 
3.500e+01 ; 8.000e-01 ; 3.000e+00 ; 9.8170002e+01 ; 7.5145554e+01 
3.500e+01 ; 8.000e-01 ; 3.000e+00 ; 9.8810002e+01 ; 7.4695198e+01 
3.500e+01 ; 8.000e-01 ; 3.000e+00 ; 9.9770002e+01 ; 7.4069565e+01 
3.500e+01 ; 8.000e-01 ; 3.000e+00 ; 1.0121000e+02 ; 7.3228233e+01 
3.500e+01 ; 8.000e-01 ; 3.000e+00 ; 1.0252000e+02 ; 7.2533340e+01