X ; Y ; Z ; time ; Temperature 
3.500e+01 ; 1.120e+01 ; 6.000e-01 ; 0.0000000e+00 ; 2.5800000e+02 
3.500e+01 ; 1.120e+01 ; 6.000e-01 ; 1.0000000e-03 ; 2.5800000e+02 
3.500e+01 ; 1.120e+01 ; 6.000e-01 ; 2.0000001e-03 ; 2.5800000e+02 
3.500e+01 ; 1.120e+01 ; 6.000e-01 ; 3.0000000e-03 ; 2.5800000e+02 
3.500e+01 ; 1.120e+01 ; 6.000e-01 ; 4.9999999e-03 ; 2.5800000e+02 
3.500e+01 ; 1.120e+01 ; 6.000e-01 ; 8.9999996e-03 ; 2.5800000e+02 
3.500e+01 ; 1.120e+01 ; 6.000e-01 ; 1.7000001e-02 ; 2.5800000e+02 
3.500e+01 ; 1.120e+01 ; 6.000e-01 ; 3.3000000e-02 ; 2.5800000e+02 
3.500e+01 ; 1.120e+01 ; 6.000e-01 ; 6.4999998e-02 ; 2.5800000e+02 
3.500e+01 ; 1.120e+01 ; 6.000e-01 ; 1.2899999e-01 ; 2.5800000e+02 
3.500e+01 ; 1.120e+01 ; 6.000e-01 ; 2.5700000e-01 ; 2.5800000e+02 
3.500e+01 ; 1.120e+01 ; 6.000e-01 ; 5.1300001e-01 ; 2.5800000e+02 
3.500e+01 ; 1.120e+01 ; 6.000e-01 ; 7.6899999e-01 ; 2.5800000e+02 
3.500e+01 ; 1.120e+01 ; 6.000e-01 ; 9.2000002e-01 ; 2.5800000e+02 
3.500e+01 ; 1.120e+01 ; 6.000e-01 ; 9.2000002e-01 ; 2.5800000e+02 
3.500e+01 ; 1.120e+01 ; 6.000e-01 ; 9.2100002e-01 ; 2.5800000e+02 
3.500e+01 ; 1.120e+01 ; 6.000e-01 ; 9.2200002e-01 ; 2.5800000e+02 
3.500e+01 ; 1.120e+01 ; 6.000e-01 ; 9.2300002e-01 ; 2.5800000e+02 
3.500e+01 ; 1.120e+01 ; 6.000e-01 ; 9.2500002e-01 ; 2.5800000e+02 
3.500e+01 ; 1.120e+01 ; 6.000e-01 ; 9.2900002e-01 ; 2.5800000e+02 
3.500e+01 ; 1.120e+01 ; 6.000e-01 ; 9.3700002e-01 ; 2.5800000e+02 
3.500e+01 ; 1.120e+01 ; 6.000e-01 ; 9.5300002e-01 ; 2.5800000e+02 
3.500e+01 ; 1.120e+01 ; 6.000e-01 ; 9.8500001e-01 ; 2.5800000e+02 
3.500e+01 ; 1.120e+01 ; 6.000e-01 ; 1.0490000e+00 ; 2.5800000e+02 
3.500e+01 ; 1.120e+01 ; 6.000e-01 ; 1.1770000e+00 ; 2.5800000e+02 
3.500e+01 ; 1.120e+01 ; 6.000e-01 ; 1.4330000e+00 ; 2.5800000e+02 
3.500e+01 ; 1.120e+01 ; 6.000e-01 ; 1.8400000e+00 ; 2.5800000e+02 
3.500e+01 ; 1.120e+01 ; 6.000e-01 ; 1.8400000e+00 ; 2.5800000e+02 
3.500e+01 ; 1.120e+01 ; 6.000e-01 ; 1.8410000e+00 ; 2.5800000e+02 
3.500e+01 ; 1.120e+01 ; 6.000e-01 ; 1.8420000e+00 ; 2.5800000e+02 
3.500e+01 ; 1.120e+01 ; 6.000e-01 ; 1.8430000e+00 ; 2.5800000e+02 
3.500e+01 ; 1.120e+01 ; 6.000e-01 ; 1.8450000e+00 ; 2.5800000e+02 
3.500e+01 ; 1.120e+01 ; 6.000e-01 ; 1.8490000e+00 ; 2.5800000e+02 
3.500e+01 ; 1.120e+01 ; 6.000e-01 ; 1.8570000e+00 ; 2.5800000e+02 
3.500e+01 ; 1.120e+01 ; 6.000e-01 ; 1.8730000e+00 ; 2.5800000e+02 
3.500e+01 ; 1.120e+01 ; 6.000e-01 ; 1.9050000e+00 ; 2.5800000e+02 
3.500e+01 ; 1.120e+01 ; 6.000e-01 ; 1.9690000e+00 ; 2.5800000e+02 
3.500e+01 ; 1.120e+01 ; 6.000e-01 ; 2.0970000e+00 ; 2.5800000e+02 
3.500e+01 ; 1.120e+01 ; 6.000e-01 ; 2.3530000e+00 ; 2.5800000e+02 
3.500e+01 ; 1.120e+01 ; 6.000e-01 ; 2.7600001e+00 ; 2.5800000e+02 
3.500e+01 ; 1.120e+01 ; 6.000e-01 ; 2.7600001e+00 ; 2.5800000e+02 
3.500e+01 ; 1.120e+01 ; 6.000e-01 ; 2.7610001e+00 ; 2.5800000e+02 
3.500e+01 ; 1.120e+01 ; 6.000e-01 ; 2.7620001e+00 ; 2.5800000e+02 
3.500e+01 ; 1.120e+01 ; 6.000e-01 ; 2.7630001e+00 ; 2.5800000e+02 
3.500e+01 ; 1.120e+01 ; 6.000e-01 ; 2.7650000e+00 ; 2.5800000e+02 
3.500e+01 ; 1.120e+01 ; 6.000e-01 ; 2.7690000e+00 ; 2.5800000e+02 
3.500e+01 ; 1.120e+01 ; 6.000e-01 ; 2.7770001e+00 ; 2.5800000e+02 
3.500e+01 ; 1.120e+01 ; 6.000e-01 ; 2.7930000e+00 ; 2.5800000e+02 
3.500e+01 ; 1.120e+01 ; 6.000e-01 ; 2.8250000e+00 ; 2.5800000e+02 
3.500e+01 ; 1.120e+01 ; 6.000e-01 ; 2.8890000e+00 ; 2.5800000e+02 
3.500e+01 ; 1.120e+01 ; 6.000e-01 ; 3.0170000e+00 ; 2.5800000e+02 
3.500e+01 ; 1.120e+01 ; 6.000e-01 ; 3.2730001e+00 ; 2.5800000e+02 
3.500e+01 ; 1.120e+01 ; 6.000e-01 ; 3.6800001e+00 ; 2.5800000e+02 
3.500e+01 ; 1.120e+01 ; 6.000e-01 ; 3.6800001e+00 ; 2.5800000e+02 
3.500e+01 ; 1.120e+01 ; 6.000e-01 ; 3.6810001e+00 ; 2.5800000e+02 
3.500e+01 ; 1.120e+01 ; 6.000e-01 ; 3.6820001e+00 ; 2.5800000e+02 
3.500e+01 ; 1.120e+01 ; 6.000e-01 ; 3.6830001e+00 ; 2.5800000e+02 
3.500e+01 ; 1.120e+01 ; 6.000e-01 ; 3.6850001e+00 ; 2.5800000e+02 
3.500e+01 ; 1.120e+01 ; 6.000e-01 ; 3.6890001e+00 ; 2.5800000e+02 
3.500e+01 ; 1.120e+01 ; 6.000e-01 ; 3.6970001e+00 ; 2.5800000e+02 
3.500e+01 ; 1.120e+01 ; 6.000e-01 ; 3.7130001e+00 ; 2.5800000e+02 
3.500e+01 ; 1.120e+01 ; 6.000e-01 ; 3.7450001e+00 ; 2.5800000e+02 
3.500e+01 ; 1.120e+01 ; 6.000e-01 ; 3.8090001e+00 ; 2.5800000e+02 
3.500e+01 ; 1.120e+01 ; 6.000e-01 ; 3.9370001e+00 ; 2.5800000e+02 
3.500e+01 ; 1.120e+01 ; 6.000e-01 ; 4.1930001e+00 ; 2.5800000e+02 
3.500e+01 ; 1.120e+01 ; 6.000e-01 ; 4.6000001e+00 ; 2.5800000e+02 
3.500e+01 ; 1.120e+01 ; 6.000e-01 ; 4.6000001e+00 ; 2.5800000e+02 
3.500e+01 ; 1.120e+01 ; 6.000e-01 ; 4.6010001e+00 ; 2.5800000e+02 
3.500e+01 ; 1.120e+01 ; 6.000e-01 ; 4.6020001e+00 ; 2.5800000e+02 
3.500e+01 ; 1.120e+01 ; 6.000e-01 ; 4.6030001e+00 ; 2.5800000e+02 
3.500e+01 ; 1.120e+01 ; 6.000e-01 ; 4.6050001e+00 ; 2.5800000e+02 
3.500e+01 ; 1.120e+01 ; 6.000e-01 ; 4.6090001e+00 ; 2.5800000e+02 
3.500e+01 ; 1.120e+01 ; 6.000e-01 ; 4.6170001e+00 ; 2.5800000e+02 
3.500e+01 ; 1.120e+01 ; 6.000e-01 ; 4.6330001e+00 ; 2.5800000e+02 
3.500e+01 ; 1.120e+01 ; 6.000e-01 ; 4.6650001e+00 ; 2.5800000e+02 
3.500e+01 ; 1.120e+01 ; 6.000e-01 ; 4.7290001e+00 ; 2.5800000e+02 
3.500e+01 ; 1.120e+01 ; 6.000e-01 ; 4.8570001e+00 ; 2.5800000e+02 
3.500e+01 ; 1.120e+01 ; 6.000e-01 ; 5.1130001e+00 ; 2.5800000e+02 
3.500e+01 ; 1.120e+01 ; 6.000e-01 ; 5.5200001e+00 ; 2.5800000e+02 
3.500e+01 ; 1.120e+01 ; 6.000e-01 ; 5.5200001e+00 ; 2.5800000e+02 
3.500e+01 ; 1.120e+01 ; 6.000e-01 ; 5.5210001e+00 ; 2.5800000e+02 
3.500e+01 ; 1.120e+01 ; 6.000e-01 ; 5.5220001e+00 ; 2.5800000e+02 
3.500e+01 ; 1.120e+01 ; 6.000e-01 ; 5.5230001e+00 ; 2.5800000e+02 
3.500e+01 ; 1.120e+01 ; 6.000e-01 ; 5.5250001e+00 ; 2.5800000e+02 
3.500e+01 ; 1.120e+01 ; 6.000e-01 ; 5.5290001e+00 ; 2.5800000e+02 
3.500e+01 ; 1.120e+01 ; 6.000e-01 ; 5.5370001e+00 ; 2.5800000e+02 
3.500e+01 ; 1.120e+01 ; 6.000e-01 ; 5.5530001e+00 ; 2.5800000e+02 
3.500e+01 ; 1.120e+01 ; 6.000e-01 ; 5.5850001e+00 ; 2.5800000e+02 
3.500e+01 ; 1.120e+01 ; 6.000e-01 ; 5.6490001e+00 ; 2.5800000e+02 
3.500e+01 ; 1.120e+01 ; 6.000e-01 ; 5.7770001e+00 ; 2.5800000e+02 
3.500e+01 ; 1.120e+01 ; 6.000e-01 ; 6.0330001e+00 ; 2.5800000e+02 
3.500e+01 ; 1.120e+01 ; 6.000e-01 ; 6.4400001e+00 ; 2.5800000e+02 
3.500e+01 ; 1.120e+01 ; 6.000e-01 ; 6.4400001e+00 ; 2.5800000e+02 
3.500e+01 ; 1.120e+01 ; 6.000e-01 ; 6.4410001e+00 ; 2.5800000e+02 
3.500e+01 ; 1.120e+01 ; 6.000e-01 ; 6.4420001e+00 ; 2.5800000e+02 
3.500e+01 ; 1.120e+01 ; 6.000e-01 ; 6.4430001e+00 ; 2.5800000e+02 
3.500e+01 ; 1.120e+01 ; 6.000e-01 ; 6.4450001e+00 ; 2.5800000e+02 
3.500e+01 ; 1.120e+01 ; 6.000e-01 ; 6.4490001e+00 ; 2.5800000e+02 
3.500e+01 ; 1.120e+01 ; 6.000e-01 ; 6.4570001e+00 ; 2.5800000e+02 
3.500e+01 ; 1.120e+01 ; 6.000e-01 ; 6.4730001e+00 ; 2.5800000e+02 
3.500e+01 ; 1.120e+01 ; 6.000e-01 ; 6.5050001e+00 ; 2.5800000e+02 
3.500e+01 ; 1.120e+01 ; 6.000e-01 ; 6.5690001e+00 ; 2.5800000e+02 
3.500e+01 ; 1.120e+01 ; 6.000e-01 ; 6.6970001e+00 ; 2.5800000e+02 
3.500e+01 ; 1.120e+01 ; 6.000e-01 ; 6.9530001e+00 ; 2.5800000e+02 
3.500e+01 ; 1.120e+01 ; 6.000e-01 ; 7.3600001e+00 ; 2.5800000e+02 
3.500e+01 ; 1.120e+01 ; 6.000e-01 ; 7.3600001e+00 ; 2.5800000e+02 
3.500e+01 ; 1.120e+01 ; 6.000e-01 ; 7.3610001e+00 ; 2.5800000e+02 
3.500e+01 ; 1.120e+01 ; 6.000e-01 ; 7.3620001e+00 ; 2.5800000e+02 
3.500e+01 ; 1.120e+01 ; 6.000e-01 ; 7.3630001e+00 ; 2.5800000e+02 
3.500e+01 ; 1.120e+01 ; 6.000e-01 ; 7.3650001e+00 ; 2.5800000e+02 
3.500e+01 ; 1.120e+01 ; 6.000e-01 ; 7.3690001e+00 ; 2.5800000e+02 
3.500e+01 ; 1.120e+01 ; 6.000e-01 ; 7.3770001e+00 ; 2.5800000e+02 
3.500e+01 ; 1.120e+01 ; 6.000e-01 ; 7.3930001e+00 ; 2.5800000e+02 
3.500e+01 ; 1.120e+01 ; 6.000e-01 ; 7.4250001e+00 ; 2.5800000e+02 
3.500e+01 ; 1.120e+01 ; 6.000e-01 ; 7.4890001e+00 ; 2.5800000e+02 
3.500e+01 ; 1.120e+01 ; 6.000e-01 ; 7.6170001e+00 ; 2.5800000e+02 
3.500e+01 ; 1.120e+01 ; 6.000e-01 ; 7.8730001e+00 ; 2.5800000e+02 
3.500e+01 ; 1.120e+01 ; 6.000e-01 ; 8.2800002e+00 ; 2.5800000e+02 
3.500e+01 ; 1.120e+01 ; 6.000e-01 ; 8.2800002e+00 ; 2.5800000e+02 
3.500e+01 ; 1.120e+01 ; 6.000e-01 ; 8.2810002e+00 ; 2.5800000e+02 
3.500e+01 ; 1.120e+01 ; 6.000e-01 ; 8.2820002e+00 ; 2.5800000e+02 
3.500e+01 ; 1.120e+01 ; 6.000e-01 ; 8.2830002e+00 ; 2.5800000e+02 
3.500e+01 ; 1.120e+01 ; 6.000e-01 ; 8.2850002e+00 ; 2.5800000e+02 
3.500e+01 ; 1.120e+01 ; 6.000e-01 ; 8.2890001e+00 ; 2.5800000e+02 
3.500e+01 ; 1.120e+01 ; 6.000e-01 ; 8.2970002e+00 ; 2.5800000e+02 
3.500e+01 ; 1.120e+01 ; 6.000e-01 ; 8.3130002e+00 ; 2.5800000e+02 
3.500e+01 ; 1.120e+01 ; 6.000e-01 ; 8.3450001e+00 ; 2.5800000e+02 
3.500e+01 ; 1.120e+01 ; 6.000e-01 ; 8.4090001e+00 ; 2.5800000e+02 
3.500e+01 ; 1.120e+01 ; 6.000e-01 ; 8.5370001e+00 ; 2.5800000e+02 
3.500e+01 ; 1.120e+01 ; 6.000e-01 ; 8.7930002e+00 ; 2.5800000e+02 
3.500e+01 ; 1.120e+01 ; 6.000e-01 ; 9.2000002e+00 ; 2.5800000e+02 
3.500e+01 ; 1.120e+01 ; 6.000e-01 ; 9.2000002e+00 ; 2.5800000e+02 
3.500e+01 ; 1.120e+01 ; 6.000e-01 ; 9.2010002e+00 ; 2.5800000e+02 
3.500e+01 ; 1.120e+01 ; 6.000e-01 ; 9.2020002e+00 ; 2.5800000e+02 
3.500e+01 ; 1.120e+01 ; 6.000e-01 ; 9.2030002e+00 ; 2.5800000e+02 
3.500e+01 ; 1.120e+01 ; 6.000e-01 ; 9.2050002e+00 ; 2.5800000e+02 
3.500e+01 ; 1.120e+01 ; 6.000e-01 ; 9.2090002e+00 ; 2.5800000e+02 
3.500e+01 ; 1.120e+01 ; 6.000e-01 ; 9.2170002e+00 ; 2.5800000e+02 
3.500e+01 ; 1.120e+01 ; 6.000e-01 ; 9.2330002e+00 ; 2.5800000e+02 
3.500e+01 ; 1.120e+01 ; 6.000e-01 ; 9.2650002e+00 ; 2.5800000e+02 
3.500e+01 ; 1.120e+01 ; 6.000e-01 ; 9.3290002e+00 ; 2.5800000e+02 
3.500e+01 ; 1.120e+01 ; 6.000e-01 ; 9.4570002e+00 ; 2.5800000e+02 
3.500e+01 ; 1.120e+01 ; 6.000e-01 ; 9.7130002e+00 ; 2.5800000e+02 
3.500e+01 ; 1.120e+01 ; 6.000e-01 ; 1.0120000e+01 ; 2.5800000e+02 
3.500e+01 ; 1.120e+01 ; 6.000e-01 ; 1.0120000e+01 ; 2.5800000e+02 
3.500e+01 ; 1.120e+01 ; 6.000e-01 ; 1.0121000e+01 ; 2.5800000e+02 
3.500e+01 ; 1.120e+01 ; 6.000e-01 ; 1.0122000e+01 ; 2.5800000e+02 
3.500e+01 ; 1.120e+01 ; 6.000e-01 ; 1.0123000e+01 ; 2.5800000e+02 
3.500e+01 ; 1.120e+01 ; 6.000e-01 ; 1.0125000e+01 ; 2.5800000e+02 
3.500e+01 ; 1.120e+01 ; 6.000e-01 ; 1.0129000e+01 ; 2.5800000e+02 
3.500e+01 ; 1.120e+01 ; 6.000e-01 ; 1.0137000e+01 ; 2.5800000e+02 
3.500e+01 ; 1.120e+01 ; 6.000e-01 ; 1.0153000e+01 ; 2.5800000e+02 
3.500e+01 ; 1.120e+01 ; 6.000e-01 ; 1.0185000e+01 ; 2.5800000e+02 
3.500e+01 ; 1.120e+01 ; 6.000e-01 ; 1.0249000e+01 ; 2.5800000e+02 
3.500e+01 ; 1.120e+01 ; 6.000e-01 ; 1.0377000e+01 ; 2.5800000e+02 
3.500e+01 ; 1.120e+01 ; 6.000e-01 ; 1.0633000e+01 ; 2.5800000e+02 
3.500e+01 ; 1.120e+01 ; 6.000e-01 ; 1.1040000e+01 ; 2.5800000e+02 
3.500e+01 ; 1.120e+01 ; 6.000e-01 ; 1.1040000e+01 ; 2.5800000e+02 
3.500e+01 ; 1.120e+01 ; 6.000e-01 ; 1.1041000e+01 ; 2.5800000e+02 
3.500e+01 ; 1.120e+01 ; 6.000e-01 ; 1.1042000e+01 ; 2.5800000e+02 
3.500e+01 ; 1.120e+01 ; 6.000e-01 ; 1.1043000e+01 ; 2.5800000e+02 
3.500e+01 ; 1.120e+01 ; 6.000e-01 ; 1.1045000e+01 ; 2.5800000e+02 
3.500e+01 ; 1.120e+01 ; 6.000e-01 ; 1.1049000e+01 ; 2.5800000e+02 
3.500e+01 ; 1.120e+01 ; 6.000e-01 ; 1.1057000e+01 ; 2.5800000e+02 
3.500e+01 ; 1.120e+01 ; 6.000e-01 ; 1.1073000e+01 ; 2.5800000e+02 
3.500e+01 ; 1.120e+01 ; 6.000e-01 ; 1.1105000e+01 ; 2.5800000e+02 
3.500e+01 ; 1.120e+01 ; 6.000e-01 ; 1.1169000e+01 ; 2.5800000e+02 
3.500e+01 ; 1.120e+01 ; 6.000e-01 ; 1.1297000e+01 ; 2.5800000e+02 
3.500e+01 ; 1.120e+01 ; 6.000e-01 ; 1.1553000e+01 ; 2.5800000e+02 
3.500e+01 ; 1.120e+01 ; 6.000e-01 ; 1.1960000e+01 ; 2.5800000e+02 
3.500e+01 ; 1.120e+01 ; 6.000e-01 ; 1.1960000e+01 ; 2.5800000e+02 
3.500e+01 ; 1.120e+01 ; 6.000e-01 ; 1.1961000e+01 ; 2.5800000e+02 
3.500e+01 ; 1.120e+01 ; 6.000e-01 ; 1.1962000e+01 ; 2.5800000e+02 
3.500e+01 ; 1.120e+01 ; 6.000e-01 ; 1.1963000e+01 ; 2.5800000e+02 
3.500e+01 ; 1.120e+01 ; 6.000e-01 ; 1.1965000e+01 ; 2.5800000e+02 
3.500e+01 ; 1.120e+01 ; 6.000e-01 ; 1.1969000e+01 ; 2.5800000e+02 
3.500e+01 ; 1.120e+01 ; 6.000e-01 ; 1.1977000e+01 ; 2.5800000e+02 
3.500e+01 ; 1.120e+01 ; 6.000e-01 ; 1.1993000e+01 ; 2.5800000e+02 
3.500e+01 ; 1.120e+01 ; 6.000e-01 ; 1.2025000e+01 ; 2.5800000e+02 
3.500e+01 ; 1.120e+01 ; 6.000e-01 ; 1.2089000e+01 ; 2.5800000e+02 
3.500e+01 ; 1.120e+01 ; 6.000e-01 ; 1.2217000e+01 ; 2.5800000e+02 
3.500e+01 ; 1.120e+01 ; 6.000e-01 ; 1.2473000e+01 ; 2.5800000e+02 
3.500e+01 ; 1.120e+01 ; 6.000e-01 ; 1.2880000e+01 ; 2.5800000e+02 
3.500e+01 ; 1.120e+01 ; 6.000e-01 ; 1.2880000e+01 ; 2.5800000e+02 
3.500e+01 ; 1.120e+01 ; 6.000e-01 ; 1.2881000e+01 ; 2.5784991e+02 
3.500e+01 ; 1.120e+01 ; 6.000e-01 ; 1.2882000e+01 ; 2.5769998e+02 
3.500e+01 ; 1.120e+01 ; 6.000e-01 ; 1.2883000e+01 ; 2.5755017e+02 
3.500e+01 ; 1.120e+01 ; 6.000e-01 ; 1.2885000e+01 ; 2.5725110e+02 
3.500e+01 ; 1.120e+01 ; 6.000e-01 ; 1.2889000e+01 ; 2.5665521e+02 
3.500e+01 ; 1.120e+01 ; 6.000e-01 ; 1.2897000e+01 ; 2.5547218e+02 
3.500e+01 ; 1.120e+01 ; 6.000e-01 ; 1.2913000e+01 ; 2.5314078e+02 
3.500e+01 ; 1.120e+01 ; 6.000e-01 ; 1.2945000e+01 ; 2.4861218e+02 
3.500e+01 ; 1.120e+01 ; 6.000e-01 ; 1.3009000e+01 ; 2.4006044e+02 
3.500e+01 ; 1.120e+01 ; 6.000e-01 ; 1.3137000e+01 ; 2.2475615e+02 
3.500e+01 ; 1.120e+01 ; 6.000e-01 ; 1.3393000e+01 ; 1.9993422e+02 
3.500e+01 ; 1.120e+01 ; 6.000e-01 ; 1.3800000e+01 ; 1.7106036e+02 
3.500e+01 ; 1.120e+01 ; 6.000e-01 ; 1.3800000e+01 ; 1.7106036e+02 
3.500e+01 ; 1.120e+01 ; 6.000e-01 ; 1.3801000e+01 ; 1.7098947e+02 
3.500e+01 ; 1.120e+01 ; 6.000e-01 ; 1.3802000e+01 ; 1.7091864e+02 
3.500e+01 ; 1.120e+01 ; 6.000e-01 ; 1.3803000e+01 ; 1.7084789e+02 
3.500e+01 ; 1.120e+01 ; 6.000e-01 ; 1.3805000e+01 ; 1.7070663e+02 
3.500e+01 ; 1.120e+01 ; 6.000e-01 ; 1.3809000e+01 ; 1.7042520e+02 
3.500e+01 ; 1.120e+01 ; 6.000e-01 ; 1.3817000e+01 ; 1.6986655e+02 
3.500e+01 ; 1.120e+01 ; 6.000e-01 ; 1.3833000e+01 ; 1.6876582e+02 
3.500e+01 ; 1.120e+01 ; 6.000e-01 ; 1.3865000e+01 ; 1.6662863e+02 
3.500e+01 ; 1.120e+01 ; 6.000e-01 ; 1.3929000e+01 ; 1.6259500e+02 
3.500e+01 ; 1.120e+01 ; 6.000e-01 ; 1.4057000e+01 ; 1.5537904e+02 
3.500e+01 ; 1.120e+01 ; 6.000e-01 ; 1.4313000e+01 ; 1.4366296e+02 
3.500e+01 ; 1.120e+01 ; 6.000e-01 ; 1.4720000e+01 ; 1.2997632e+02 
3.500e+01 ; 1.120e+01 ; 6.000e-01 ; 1.4720000e+01 ; 1.2997632e+02 
3.500e+01 ; 1.120e+01 ; 6.000e-01 ; 1.4721000e+01 ; 1.2994272e+02 
3.500e+01 ; 1.120e+01 ; 6.000e-01 ; 1.4722000e+01 ; 1.2990915e+02 
3.500e+01 ; 1.120e+01 ; 6.000e-01 ; 1.4723000e+01 ; 1.2987560e+02 
3.500e+01 ; 1.120e+01 ; 6.000e-01 ; 1.4725000e+01 ; 1.2980862e+02 
3.500e+01 ; 1.120e+01 ; 6.000e-01 ; 1.4729000e+01 ; 1.2967514e+02 
3.500e+01 ; 1.120e+01 ; 6.000e-01 ; 1.4737000e+01 ; 1.2941000e+02 
3.500e+01 ; 1.120e+01 ; 6.000e-01 ; 1.4753000e+01 ; 1.2888693e+02 
3.500e+01 ; 1.120e+01 ; 6.000e-01 ; 1.4785000e+01 ; 1.2786888e+02 
3.500e+01 ; 1.120e+01 ; 6.000e-01 ; 1.4849000e+01 ; 1.2593921e+02 
3.500e+01 ; 1.120e+01 ; 6.000e-01 ; 1.4977000e+01 ; 1.2246305e+02 
3.500e+01 ; 1.120e+01 ; 6.000e-01 ; 1.5233000e+01 ; 1.1676546e+02 
3.500e+01 ; 1.120e+01 ; 6.000e-01 ; 1.5640000e+01 ; 1.1005357e+02 
3.500e+01 ; 1.120e+01 ; 6.000e-01 ; 1.5640000e+01 ; 1.1005357e+02 
3.500e+01 ; 1.120e+01 ; 6.000e-01 ; 1.5641000e+01 ; 1.1003709e+02 
3.500e+01 ; 1.120e+01 ; 6.000e-01 ; 1.5642000e+01 ; 1.1002063e+02 
3.500e+01 ; 1.120e+01 ; 6.000e-01 ; 1.5643000e+01 ; 1.1000418e+02 
3.500e+01 ; 1.120e+01 ; 6.000e-01 ; 1.5645000e+01 ; 1.0997134e+02 
3.500e+01 ; 1.120e+01 ; 6.000e-01 ; 1.5649000e+01 ; 1.0990588e+02 
3.500e+01 ; 1.120e+01 ; 6.000e-01 ; 1.5657000e+01 ; 1.0977586e+02 
3.500e+01 ; 1.120e+01 ; 6.000e-01 ; 1.5673000e+01 ; 1.0951932e+02 
3.500e+01 ; 1.120e+01 ; 6.000e-01 ; 1.5705000e+01 ; 1.0901996e+02 
3.500e+01 ; 1.120e+01 ; 6.000e-01 ; 1.5769000e+01 ; 1.0807322e+02 
3.500e+01 ; 1.120e+01 ; 6.000e-01 ; 1.5897000e+01 ; 1.0636702e+02 
3.500e+01 ; 1.120e+01 ; 6.000e-01 ; 1.6153000e+01 ; 1.0356867e+02 
3.500e+01 ; 1.120e+01 ; 6.000e-01 ; 1.6560000e+01 ; 1.0026990e+02 
3.500e+01 ; 1.120e+01 ; 6.000e-01 ; 1.6560000e+01 ; 1.0026990e+02 
3.500e+01 ; 1.120e+01 ; 6.000e-01 ; 1.6561000e+01 ; 1.0026180e+02 
3.500e+01 ; 1.120e+01 ; 6.000e-01 ; 1.6562000e+01 ; 1.0025371e+02 
3.500e+01 ; 1.120e+01 ; 6.000e-01 ; 1.6563000e+01 ; 1.0024563e+02 
3.500e+01 ; 1.120e+01 ; 6.000e-01 ; 1.6565000e+01 ; 1.0022948e+02 
3.500e+01 ; 1.120e+01 ; 6.000e-01 ; 1.6569000e+01 ; 1.0019731e+02 
3.500e+01 ; 1.120e+01 ; 6.000e-01 ; 1.6577000e+01 ; 1.0013341e+02 
3.500e+01 ; 1.120e+01 ; 6.000e-01 ; 1.6593000e+01 ; 1.0000732e+02 
3.500e+01 ; 1.120e+01 ; 6.000e-01 ; 1.6625000e+01 ; 9.9761871e+01 
3.500e+01 ; 1.120e+01 ; 6.000e-01 ; 1.6689000e+01 ; 9.9296478e+01 
3.500e+01 ; 1.120e+01 ; 6.000e-01 ; 1.6817000e+01 ; 9.8457603e+01 
3.500e+01 ; 1.120e+01 ; 6.000e-01 ; 1.7073000e+01 ; 9.7081413e+01 
3.500e+01 ; 1.120e+01 ; 6.000e-01 ; 1.7480000e+01 ; 9.5458687e+01 
3.500e+01 ; 1.120e+01 ; 6.000e-01 ; 1.7480000e+01 ; 9.5458687e+01 
3.500e+01 ; 1.120e+01 ; 6.000e-01 ; 1.7481000e+01 ; 9.5454704e+01 
3.500e+01 ; 1.120e+01 ; 6.000e-01 ; 1.7482000e+01 ; 9.5450729e+01 
3.500e+01 ; 1.120e+01 ; 6.000e-01 ; 1.7483000e+01 ; 9.5446747e+01 
3.500e+01 ; 1.120e+01 ; 6.000e-01 ; 1.7485000e+01 ; 9.5438812e+01 
3.500e+01 ; 1.120e+01 ; 6.000e-01 ; 1.7489000e+01 ; 9.5422981e+01 
3.500e+01 ; 1.120e+01 ; 6.000e-01 ; 1.7497000e+01 ; 9.5391548e+01 
3.500e+01 ; 1.120e+01 ; 6.000e-01 ; 1.7513000e+01 ; 9.5329521e+01 
3.500e+01 ; 1.120e+01 ; 6.000e-01 ; 1.7545000e+01 ; 9.5208778e+01 
3.500e+01 ; 1.120e+01 ; 6.000e-01 ; 1.7609000e+01 ; 9.4979828e+01 
3.500e+01 ; 1.120e+01 ; 6.000e-01 ; 1.7737000e+01 ; 9.4567116e+01 
3.500e+01 ; 1.120e+01 ; 6.000e-01 ; 1.7993000e+01 ; 9.3889999e+01 
3.500e+01 ; 1.120e+01 ; 6.000e-01 ; 1.8400000e+01 ; 9.3091522e+01 
3.500e+01 ; 1.120e+01 ; 6.000e-01 ; 1.8400000e+01 ; 9.3091522e+01 
3.500e+01 ; 1.120e+01 ; 6.000e-01 ; 1.8401000e+01 ; 9.3089569e+01 
3.500e+01 ; 1.120e+01 ; 6.000e-01 ; 1.8402000e+01 ; 9.3087608e+01 
3.500e+01 ; 1.120e+01 ; 6.000e-01 ; 1.8403000e+01 ; 9.3085648e+01 
3.500e+01 ; 1.120e+01 ; 6.000e-01 ; 1.8405000e+01 ; 9.3081741e+01 
3.500e+01 ; 1.120e+01 ; 6.000e-01 ; 1.8409000e+01 ; 9.3073959e+01 
3.500e+01 ; 1.120e+01 ; 6.000e-01 ; 1.8417000e+01 ; 9.3058487e+01 
3.500e+01 ; 1.120e+01 ; 6.000e-01 ; 1.8433000e+01 ; 9.3027969e+01 
3.500e+01 ; 1.120e+01 ; 6.000e-01 ; 1.8465000e+01 ; 9.2968552e+01 
3.500e+01 ; 1.120e+01 ; 6.000e-01 ; 1.8529000e+01 ; 9.2855896e+01 
3.500e+01 ; 1.120e+01 ; 6.000e-01 ; 1.8657000e+01 ; 9.2652817e+01 
3.500e+01 ; 1.120e+01 ; 6.000e-01 ; 1.8913000e+01 ; 9.2319626e+01 
3.500e+01 ; 1.120e+01 ; 6.000e-01 ; 1.9320000e+01 ; 9.1926727e+01 
3.500e+01 ; 1.120e+01 ; 6.000e-01 ; 1.9320000e+01 ; 9.1926727e+01 
3.500e+01 ; 1.120e+01 ; 6.000e-01 ; 1.9321000e+01 ; 9.1925758e+01 
3.500e+01 ; 1.120e+01 ; 6.000e-01 ; 1.9322000e+01 ; 9.1924797e+01 
3.500e+01 ; 1.120e+01 ; 6.000e-01 ; 1.9323000e+01 ; 9.1923836e+01 
3.500e+01 ; 1.120e+01 ; 6.000e-01 ; 1.9325000e+01 ; 9.1921913e+01 
3.500e+01 ; 1.120e+01 ; 6.000e-01 ; 1.9329000e+01 ; 9.1918076e+01 
3.500e+01 ; 1.120e+01 ; 6.000e-01 ; 1.9337000e+01 ; 9.1910469e+01 
3.500e+01 ; 1.120e+01 ; 6.000e-01 ; 1.9353000e+01 ; 9.1895447e+01 
3.500e+01 ; 1.120e+01 ; 6.000e-01 ; 1.9385000e+01 ; 9.1866219e+01 
3.500e+01 ; 1.120e+01 ; 6.000e-01 ; 1.9449000e+01 ; 9.1810783e+01 
3.500e+01 ; 1.120e+01 ; 6.000e-01 ; 1.9577000e+01 ; 9.1710854e+01 
3.500e+01 ; 1.120e+01 ; 6.000e-01 ; 1.9833000e+01 ; 9.1546913e+01 
3.500e+01 ; 1.120e+01 ; 6.000e-01 ; 2.0240000e+01 ; 9.1353607e+01 
3.500e+01 ; 1.120e+01 ; 6.000e-01 ; 2.0240000e+01 ; 9.1353607e+01 
3.500e+01 ; 1.120e+01 ; 6.000e-01 ; 2.0241000e+01 ; 9.1353134e+01 
3.500e+01 ; 1.120e+01 ; 6.000e-01 ; 2.0242000e+01 ; 9.1352654e+01 
3.500e+01 ; 1.120e+01 ; 6.000e-01 ; 2.0243000e+01 ; 9.1352180e+01 
3.500e+01 ; 1.120e+01 ; 6.000e-01 ; 2.0245000e+01 ; 9.1351234e+01 
3.500e+01 ; 1.120e+01 ; 6.000e-01 ; 2.0249000e+01 ; 9.1349350e+01 
3.500e+01 ; 1.120e+01 ; 6.000e-01 ; 2.0257000e+01 ; 9.1345604e+01 
3.500e+01 ; 1.120e+01 ; 6.000e-01 ; 2.0273000e+01 ; 9.1338219e+01 
3.500e+01 ; 1.120e+01 ; 6.000e-01 ; 2.0305000e+01 ; 9.1323837e+01 
3.500e+01 ; 1.120e+01 ; 6.000e-01 ; 2.0369000e+01 ; 9.1296562e+01 
3.500e+01 ; 1.120e+01 ; 6.000e-01 ; 2.0497000e+01 ; 9.1247398e+01 
3.500e+01 ; 1.120e+01 ; 6.000e-01 ; 2.0753000e+01 ; 9.1166748e+01 
3.500e+01 ; 1.120e+01 ; 6.000e-01 ; 2.1160000e+01 ; 9.1071655e+01 
3.500e+01 ; 1.120e+01 ; 6.000e-01 ; 2.1160000e+01 ; 9.1071655e+01 
3.500e+01 ; 1.120e+01 ; 6.000e-01 ; 2.1161000e+01 ; 9.1071426e+01 
3.500e+01 ; 1.120e+01 ; 6.000e-01 ; 2.1162000e+01 ; 9.1071190e+01 
3.500e+01 ; 1.120e+01 ; 6.000e-01 ; 2.1163000e+01 ; 9.1070953e+01 
3.500e+01 ; 1.120e+01 ; 6.000e-01 ; 2.1165000e+01 ; 9.1070488e+01 
3.500e+01 ; 1.120e+01 ; 6.000e-01 ; 2.1169000e+01 ; 9.1069565e+01 
3.500e+01 ; 1.120e+01 ; 6.000e-01 ; 2.1177000e+01 ; 9.1067719e+01 
3.500e+01 ; 1.120e+01 ; 6.000e-01 ; 2.1193000e+01 ; 9.1064087e+01 
3.500e+01 ; 1.120e+01 ; 6.000e-01 ; 2.1225000e+01 ; 9.1057014e+01 
3.500e+01 ; 1.120e+01 ; 6.000e-01 ; 2.1289000e+01 ; 9.1043594e+01 
3.500e+01 ; 1.120e+01 ; 6.000e-01 ; 2.1417000e+01 ; 9.1019417e+01 
3.500e+01 ; 1.120e+01 ; 6.000e-01 ; 2.1673000e+01 ; 9.0979744e+01 
3.500e+01 ; 1.120e+01 ; 6.000e-01 ; 2.2080000e+01 ; 9.0932976e+01 
3.500e+01 ; 1.120e+01 ; 6.000e-01 ; 2.2080000e+01 ; 9.0932976e+01 
3.500e+01 ; 1.120e+01 ; 6.000e-01 ; 2.2081000e+01 ; 9.0932861e+01 
3.500e+01 ; 1.120e+01 ; 6.000e-01 ; 2.2082000e+01 ; 9.0932747e+01 
3.500e+01 ; 1.120e+01 ; 6.000e-01 ; 2.2083000e+01 ; 9.0932632e+01 
3.500e+01 ; 1.120e+01 ; 6.000e-01 ; 2.2085000e+01 ; 9.0932404e+01 
3.500e+01 ; 1.120e+01 ; 6.000e-01 ; 2.2089000e+01 ; 9.0931946e+01 
3.500e+01 ; 1.120e+01 ; 6.000e-01 ; 2.2097000e+01 ; 9.0931038e+01 
3.500e+01 ; 1.120e+01 ; 6.000e-01 ; 2.2113000e+01 ; 9.0929253e+01 
3.500e+01 ; 1.120e+01 ; 6.000e-01 ; 2.2145000e+01 ; 9.0925774e+01 
3.500e+01 ; 1.120e+01 ; 6.000e-01 ; 2.2209000e+01 ; 9.0919174e+01 
3.500e+01 ; 1.120e+01 ; 6.000e-01 ; 2.2337000e+01 ; 9.0907280e+01 
3.500e+01 ; 1.120e+01 ; 6.000e-01 ; 2.2593000e+01 ; 9.0887772e+01 
3.500e+01 ; 1.120e+01 ; 6.000e-01 ; 2.3000000e+01 ; 9.0864777e+01 
3.500e+01 ; 1.120e+01 ; 6.000e-01 ; 2.3000000e+01 ; 9.0864777e+01 
3.500e+01 ; 1.120e+01 ; 6.000e-01 ; 2.3001000e+01 ; 9.0864723e+01 
3.500e+01 ; 1.120e+01 ; 6.000e-01 ; 2.3002000e+01 ; 9.0864662e+01 
3.500e+01 ; 1.120e+01 ; 6.000e-01 ; 2.3003000e+01 ; 9.0864609e+01 
3.500e+01 ; 1.120e+01 ; 6.000e-01 ; 2.3005000e+01 ; 9.0864494e+01 
3.500e+01 ; 1.120e+01 ; 6.000e-01 ; 2.3009000e+01 ; 9.0864273e+01 
3.500e+01 ; 1.120e+01 ; 6.000e-01 ; 2.3017000e+01 ; 9.0863823e+01 
3.500e+01 ; 1.120e+01 ; 6.000e-01 ; 2.3033000e+01 ; 9.0862946e+01 
3.500e+01 ; 1.120e+01 ; 6.000e-01 ; 2.3065000e+01 ; 9.0861237e+01 
3.500e+01 ; 1.120e+01 ; 6.000e-01 ; 2.3129000e+01 ; 9.0857994e+01 
3.500e+01 ; 1.120e+01 ; 6.000e-01 ; 2.3257000e+01 ; 9.0852142e+01 
3.500e+01 ; 1.120e+01 ; 6.000e-01 ; 2.3513000e+01 ; 9.0842552e+01 
3.500e+01 ; 1.120e+01 ; 6.000e-01 ; 2.3920000e+01 ; 9.0831245e+01 
3.500e+01 ; 1.120e+01 ; 6.000e-01 ; 2.3920000e+01 ; 9.0831245e+01 
3.500e+01 ; 1.120e+01 ; 6.000e-01 ; 2.3921000e+01 ; 9.0831215e+01 
3.500e+01 ; 1.120e+01 ; 6.000e-01 ; 2.3922000e+01 ; 9.0831192e+01 
3.500e+01 ; 1.120e+01 ; 6.000e-01 ; 2.3923000e+01 ; 9.0831161e+01 
3.500e+01 ; 1.120e+01 ; 6.000e-01 ; 2.3925000e+01 ; 9.0831108e+01 
3.500e+01 ; 1.120e+01 ; 6.000e-01 ; 2.3929000e+01 ; 9.0830994e+01 
3.500e+01 ; 1.120e+01 ; 6.000e-01 ; 2.3937000e+01 ; 9.0830780e+01 
3.500e+01 ; 1.120e+01 ; 6.000e-01 ; 2.3953000e+01 ; 9.0830345e+01 
3.500e+01 ; 1.120e+01 ; 6.000e-01 ; 2.3985000e+01 ; 9.0829506e+01 
3.500e+01 ; 1.120e+01 ; 6.000e-01 ; 2.4049000e+01 ; 9.0827911e+01 
3.500e+01 ; 1.120e+01 ; 6.000e-01 ; 2.4177000e+01 ; 9.0825035e+01 
3.500e+01 ; 1.120e+01 ; 6.000e-01 ; 2.4433000e+01 ; 9.0820320e+01 
3.500e+01 ; 1.120e+01 ; 6.000e-01 ; 2.4840000e+01 ; 9.0814766e+01 
3.500e+01 ; 1.120e+01 ; 6.000e-01 ; 2.4840000e+01 ; 9.0814766e+01 
3.500e+01 ; 1.120e+01 ; 6.000e-01 ; 2.4841000e+01 ; 9.0814751e+01 
3.500e+01 ; 1.120e+01 ; 6.000e-01 ; 2.4842000e+01 ; 9.0814735e+01 
3.500e+01 ; 1.120e+01 ; 6.000e-01 ; 2.4843000e+01 ; 9.0814720e+01 
3.500e+01 ; 1.120e+01 ; 6.000e-01 ; 2.4845000e+01 ; 9.0814697e+01 
3.500e+01 ; 1.120e+01 ; 6.000e-01 ; 2.4849000e+01 ; 9.0814644e+01 
3.500e+01 ; 1.120e+01 ; 6.000e-01 ; 2.4857000e+01 ; 9.0814537e+01 
3.500e+01 ; 1.120e+01 ; 6.000e-01 ; 2.4873000e+01 ; 9.0814323e+01 
3.500e+01 ; 1.120e+01 ; 6.000e-01 ; 2.4905000e+01 ; 9.0813911e+01 
3.500e+01 ; 1.120e+01 ; 6.000e-01 ; 2.4969000e+01 ; 9.0813126e+01 
3.500e+01 ; 1.120e+01 ; 6.000e-01 ; 2.5097000e+01 ; 9.0811722e+01 
3.500e+01 ; 1.120e+01 ; 6.000e-01 ; 2.5353000e+01 ; 9.0809448e+01 
3.500e+01 ; 1.120e+01 ; 6.000e-01 ; 2.5760000e+01 ; 9.0806892e+01 
3.500e+01 ; 1.120e+01 ; 6.000e-01 ; 2.5760000e+01 ; 9.0806892e+01 
3.500e+01 ; 1.120e+01 ; 6.000e-01 ; 2.5761000e+01 ; 9.0806885e+01 
3.500e+01 ; 1.120e+01 ; 6.000e-01 ; 2.5762000e+01 ; 9.0806885e+01 
3.500e+01 ; 1.120e+01 ; 6.000e-01 ; 2.5763000e+01 ; 9.0806877e+01 
3.500e+01 ; 1.120e+01 ; 6.000e-01 ; 2.5765000e+01 ; 9.0806862e+01 
3.500e+01 ; 1.120e+01 ; 6.000e-01 ; 2.5769000e+01 ; 9.0806839e+01 
3.500e+01 ; 1.120e+01 ; 6.000e-01 ; 2.5777000e+01 ; 9.0806801e+01 
3.500e+01 ; 1.120e+01 ; 6.000e-01 ; 2.5793000e+01 ; 9.0806755e+01 
3.500e+01 ; 1.120e+01 ; 6.000e-01 ; 2.5825000e+01 ; 9.0806747e+01 
3.500e+01 ; 1.120e+01 ; 6.000e-01 ; 2.5889000e+01 ; 9.0807213e+01 
3.500e+01 ; 1.120e+01 ; 6.000e-01 ; 2.6017000e+01 ; 9.0810097e+01 
3.500e+01 ; 1.120e+01 ; 6.000e-01 ; 2.6273000e+01 ; 9.0822632e+01 
3.500e+01 ; 1.120e+01 ; 6.000e-01 ; 2.6680000e+01 ; 9.0851837e+01 
3.500e+01 ; 1.120e+01 ; 6.000e-01 ; 2.6680000e+01 ; 9.0851837e+01 
3.500e+01 ; 1.120e+01 ; 6.000e-01 ; 2.6681000e+01 ; 9.0857910e+01 
3.500e+01 ; 1.120e+01 ; 6.000e-01 ; 2.6682000e+01 ; 9.0864021e+01 
3.500e+01 ; 1.120e+01 ; 6.000e-01 ; 2.6683000e+01 ; 9.0870155e+01 
3.500e+01 ; 1.120e+01 ; 6.000e-01 ; 2.6685000e+01 ; 9.0882568e+01 
3.500e+01 ; 1.120e+01 ; 6.000e-01 ; 2.6689000e+01 ; 9.0907898e+01 
3.500e+01 ; 1.120e+01 ; 6.000e-01 ; 2.6697000e+01 ; 9.0960556e+01 
3.500e+01 ; 1.120e+01 ; 6.000e-01 ; 2.6713000e+01 ; 9.1073410e+01 
3.500e+01 ; 1.120e+01 ; 6.000e-01 ; 2.6745000e+01 ; 9.1326065e+01 
3.500e+01 ; 1.120e+01 ; 6.000e-01 ; 2.6809000e+01 ; 9.1916588e+01 
3.500e+01 ; 1.120e+01 ; 6.000e-01 ; 2.6937000e+01 ; 9.3299377e+01 
3.500e+01 ; 1.120e+01 ; 6.000e-01 ; 2.7193000e+01 ; 9.6203804e+01 
3.500e+01 ; 1.120e+01 ; 6.000e-01 ; 2.7600001e+01 ; 9.9969261e+01 
3.500e+01 ; 1.120e+01 ; 6.000e-01 ; 2.7600001e+01 ; 9.9969261e+01 
3.500e+01 ; 1.120e+01 ; 6.000e-01 ; 2.7601001e+01 ; 9.9983223e+01 
3.500e+01 ; 1.120e+01 ; 6.000e-01 ; 2.7602001e+01 ; 9.9997192e+01 
3.500e+01 ; 1.120e+01 ; 6.000e-01 ; 2.7603001e+01 ; 1.0001115e+02 
3.500e+01 ; 1.120e+01 ; 6.000e-01 ; 2.7605001e+01 ; 1.0003909e+02 
3.500e+01 ; 1.120e+01 ; 6.000e-01 ; 2.7609001e+01 ; 1.0009499e+02 
3.500e+01 ; 1.120e+01 ; 6.000e-01 ; 2.7617001e+01 ; 1.0020681e+02 
3.500e+01 ; 1.120e+01 ; 6.000e-01 ; 2.7633001e+01 ; 1.0043050e+02 
3.500e+01 ; 1.120e+01 ; 6.000e-01 ; 2.7665000e+01 ; 1.0087704e+02 
3.500e+01 ; 1.120e+01 ; 6.000e-01 ; 2.7729000e+01 ; 1.0175981e+02 
3.500e+01 ; 1.120e+01 ; 6.000e-01 ; 2.7857000e+01 ; 1.0344327e+02 
3.500e+01 ; 1.120e+01 ; 6.000e-01 ; 2.8113001e+01 ; 1.0631117e+02 
3.500e+01 ; 1.120e+01 ; 6.000e-01 ; 2.8520001e+01 ; 1.0942079e+02 
3.500e+01 ; 1.120e+01 ; 6.000e-01 ; 2.8520001e+01 ; 1.0942079e+02 
3.500e+01 ; 1.120e+01 ; 6.000e-01 ; 2.8521001e+01 ; 1.0942841e+02 
3.500e+01 ; 1.120e+01 ; 6.000e-01 ; 2.8522001e+01 ; 1.0943602e+02 
3.500e+01 ; 1.120e+01 ; 6.000e-01 ; 2.8523001e+01 ; 1.0944361e+02 
3.500e+01 ; 1.120e+01 ; 6.000e-01 ; 2.8525001e+01 ; 1.0945873e+02 
3.500e+01 ; 1.120e+01 ; 6.000e-01 ; 2.8529001e+01 ; 1.0948870e+02 
3.500e+01 ; 1.120e+01 ; 6.000e-01 ; 2.8537001e+01 ; 1.0954762e+02 
3.500e+01 ; 1.120e+01 ; 6.000e-01 ; 2.8553001e+01 ; 1.0966139e+02 
3.500e+01 ; 1.120e+01 ; 6.000e-01 ; 2.8585001e+01 ; 1.0987342e+02 
3.500e+01 ; 1.120e+01 ; 6.000e-01 ; 2.8649001e+01 ; 1.1024033e+02 
3.500e+01 ; 1.120e+01 ; 6.000e-01 ; 2.8777001e+01 ; 1.1077947e+02 
3.500e+01 ; 1.120e+01 ; 6.000e-01 ; 2.9033001e+01 ; 1.1128531e+02 
3.500e+01 ; 1.120e+01 ; 6.000e-01 ; 2.9440001e+01 ; 1.1119171e+02 
3.500e+01 ; 1.120e+01 ; 6.000e-01 ; 2.9440001e+01 ; 1.1119171e+02 
3.500e+01 ; 1.120e+01 ; 6.000e-01 ; 2.9441001e+01 ; 1.1119147e+02 
3.500e+01 ; 1.120e+01 ; 6.000e-01 ; 2.9442001e+01 ; 1.1119123e+02 
3.500e+01 ; 1.120e+01 ; 6.000e-01 ; 2.9443001e+01 ; 1.1119099e+02 
3.500e+01 ; 1.120e+01 ; 6.000e-01 ; 2.9445001e+01 ; 1.1119048e+02 
3.500e+01 ; 1.120e+01 ; 6.000e-01 ; 2.9449001e+01 ; 1.1118936e+02 
3.500e+01 ; 1.120e+01 ; 6.000e-01 ; 2.9457001e+01 ; 1.1118680e+02 
3.500e+01 ; 1.120e+01 ; 6.000e-01 ; 2.9473001e+01 ; 1.1118034e+02 
3.500e+01 ; 1.120e+01 ; 6.000e-01 ; 2.9505001e+01 ; 1.1116241e+02 
3.500e+01 ; 1.120e+01 ; 6.000e-01 ; 2.9569001e+01 ; 1.1110822e+02 
3.500e+01 ; 1.120e+01 ; 6.000e-01 ; 2.9697001e+01 ; 1.1093907e+02 
3.500e+01 ; 1.120e+01 ; 6.000e-01 ; 2.9953001e+01 ; 1.1043333e+02 
3.500e+01 ; 1.120e+01 ; 6.000e-01 ; 3.0360001e+01 ; 1.0940342e+02 
3.500e+01 ; 1.120e+01 ; 6.000e-01 ; 3.0360001e+01 ; 1.0940342e+02 
3.500e+01 ; 1.120e+01 ; 6.000e-01 ; 3.0361001e+01 ; 1.0940089e+02 
3.500e+01 ; 1.120e+01 ; 6.000e-01 ; 3.0362001e+01 ; 1.0939835e+02 
3.500e+01 ; 1.120e+01 ; 6.000e-01 ; 3.0363001e+01 ; 1.0939582e+02 
3.500e+01 ; 1.120e+01 ; 6.000e-01 ; 3.0365001e+01 ; 1.0939074e+02 
3.500e+01 ; 1.120e+01 ; 6.000e-01 ; 3.0369001e+01 ; 1.0938057e+02 
3.500e+01 ; 1.120e+01 ; 6.000e-01 ; 3.0377001e+01 ; 1.0936015e+02 
3.500e+01 ; 1.120e+01 ; 6.000e-01 ; 3.0393001e+01 ; 1.0931897e+02 
3.500e+01 ; 1.120e+01 ; 6.000e-01 ; 3.0425001e+01 ; 1.0923541e+02 
3.500e+01 ; 1.120e+01 ; 6.000e-01 ; 3.0489001e+01 ; 1.0906409e+02 
3.500e+01 ; 1.120e+01 ; 6.000e-01 ; 3.0617001e+01 ; 1.0870907e+02 
3.500e+01 ; 1.120e+01 ; 6.000e-01 ; 3.0873001e+01 ; 1.0797558e+02 
3.500e+01 ; 1.120e+01 ; 6.000e-01 ; 3.1280001e+01 ; 1.0681520e+02 
3.500e+01 ; 1.120e+01 ; 6.000e-01 ; 3.1280001e+01 ; 1.0681520e+02 
3.500e+01 ; 1.120e+01 ; 6.000e-01 ; 3.1281001e+01 ; 1.0681235e+02 
3.500e+01 ; 1.120e+01 ; 6.000e-01 ; 3.1282001e+01 ; 1.0680950e+02 
3.500e+01 ; 1.120e+01 ; 6.000e-01 ; 3.1283001e+01 ; 1.0680665e+02 
3.500e+01 ; 1.120e+01 ; 6.000e-01 ; 3.1285001e+01 ; 1.0680095e+02 
3.500e+01 ; 1.120e+01 ; 6.000e-01 ; 3.1289001e+01 ; 1.0678954e+02 
3.500e+01 ; 1.120e+01 ; 6.000e-01 ; 3.1297001e+01 ; 1.0676674e+02 
3.500e+01 ; 1.120e+01 ; 6.000e-01 ; 3.1313001e+01 ; 1.0672115e+02 
3.500e+01 ; 1.120e+01 ; 6.000e-01 ; 3.1345001e+01 ; 1.0663007e+02 
3.500e+01 ; 1.120e+01 ; 6.000e-01 ; 3.1409001e+01 ; 1.0644850e+02 
3.500e+01 ; 1.120e+01 ; 6.000e-01 ; 3.1537001e+01 ; 1.0608912e+02 
3.500e+01 ; 1.120e+01 ; 6.000e-01 ; 3.1793001e+01 ; 1.0539297e+02 
3.500e+01 ; 1.120e+01 ; 6.000e-01 ; 3.2200001e+01 ; 1.0435983e+02 
3.500e+01 ; 1.120e+01 ; 6.000e-01 ; 3.2200001e+01 ; 1.0435983e+02 
3.500e+01 ; 1.120e+01 ; 6.000e-01 ; 3.2201001e+01 ; 1.0435728e+02 
3.500e+01 ; 1.120e+01 ; 6.000e-01 ; 3.2202001e+01 ; 1.0435475e+02 
3.500e+01 ; 1.120e+01 ; 6.000e-01 ; 3.2203001e+01 ; 1.0435221e+02 
3.500e+01 ; 1.120e+01 ; 6.000e-01 ; 3.2205001e+01 ; 1.0434714e+02 
3.500e+01 ; 1.120e+01 ; 6.000e-01 ; 3.2209001e+01 ; 1.0433701e+02 
3.500e+01 ; 1.120e+01 ; 6.000e-01 ; 3.2217001e+01 ; 1.0431676e+02 
3.500e+01 ; 1.120e+01 ; 6.000e-01 ; 3.2233001e+01 ; 1.0427637e+02 
3.500e+01 ; 1.120e+01 ; 6.000e-01 ; 3.2265001e+01 ; 1.0419609e+02 
3.500e+01 ; 1.120e+01 ; 6.000e-01 ; 3.2329001e+01 ; 1.0403745e+02 
3.500e+01 ; 1.120e+01 ; 6.000e-01 ; 3.2457001e+01 ; 1.0372816e+02 
3.500e+01 ; 1.120e+01 ; 6.000e-01 ; 3.2713001e+01 ; 1.0314261e+02 
3.500e+01 ; 1.120e+01 ; 6.000e-01 ; 3.3120001e+01 ; 1.0229487e+02 
3.500e+01 ; 1.120e+01 ; 6.000e-01 ; 3.3120001e+01 ; 1.0229487e+02 
3.500e+01 ; 1.120e+01 ; 6.000e-01 ; 3.3121001e+01 ; 1.0229279e+02 
3.500e+01 ; 1.120e+01 ; 6.000e-01 ; 3.3122001e+01 ; 1.0229070e+02 
3.500e+01 ; 1.120e+01 ; 6.000e-01 ; 3.3123001e+01 ; 1.0228863e+02 
3.500e+01 ; 1.120e+01 ; 6.000e-01 ; 3.3125001e+01 ; 1.0228446e+02 
3.500e+01 ; 1.120e+01 ; 6.000e-01 ; 3.3129001e+01 ; 1.0227615e+02 
3.500e+01 ; 1.120e+01 ; 6.000e-01 ; 3.3137001e+01 ; 1.0225955e+02 
3.500e+01 ; 1.120e+01 ; 6.000e-01 ; 3.3153001e+01 ; 1.0222649e+02 
3.500e+01 ; 1.120e+01 ; 6.000e-01 ; 3.3185001e+01 ; 1.0216088e+02 
3.500e+01 ; 1.120e+01 ; 6.000e-01 ; 3.3249001e+01 ; 1.0203171e+02 
3.500e+01 ; 1.120e+01 ; 6.000e-01 ; 3.3377001e+01 ; 1.0178147e+02 
3.500e+01 ; 1.120e+01 ; 6.000e-01 ; 3.3633001e+01 ; 1.0131239e+02 
3.500e+01 ; 1.120e+01 ; 6.000e-01 ; 3.4040001e+01 ; 1.0064069e+02 
3.500e+01 ; 1.120e+01 ; 6.000e-01 ; 3.4040001e+01 ; 1.0064069e+02 
3.500e+01 ; 1.120e+01 ; 6.000e-01 ; 3.4041001e+01 ; 1.0063904e+02 
3.500e+01 ; 1.120e+01 ; 6.000e-01 ; 3.4042001e+01 ; 1.0063738e+02 
3.500e+01 ; 1.120e+01 ; 6.000e-01 ; 3.4043001e+01 ; 1.0063573e+02 
3.500e+01 ; 1.120e+01 ; 6.000e-01 ; 3.4045001e+01 ; 1.0063244e+02 
3.500e+01 ; 1.120e+01 ; 6.000e-01 ; 3.4049001e+01 ; 1.0062585e+02 
3.500e+01 ; 1.120e+01 ; 6.000e-01 ; 3.4057001e+01 ; 1.0061272e+02 
3.500e+01 ; 1.120e+01 ; 6.000e-01 ; 3.4073001e+01 ; 1.0058654e+02 
3.500e+01 ; 1.120e+01 ; 6.000e-01 ; 3.4105001e+01 ; 1.0053465e+02 
3.500e+01 ; 1.120e+01 ; 6.000e-01 ; 3.4169001e+01 ; 1.0043266e+02 
3.500e+01 ; 1.120e+01 ; 6.000e-01 ; 3.4297001e+01 ; 1.0023566e+02 
3.500e+01 ; 1.120e+01 ; 6.000e-01 ; 3.4553001e+01 ; 9.9868057e+01 
3.500e+01 ; 1.120e+01 ; 6.000e-01 ; 3.4960001e+01 ; 9.9344391e+01 
3.500e+01 ; 1.120e+01 ; 6.000e-01 ; 3.4960001e+01 ; 9.9344391e+01 
3.500e+01 ; 1.120e+01 ; 6.000e-01 ; 3.4961001e+01 ; 9.9343102e+01 
3.500e+01 ; 1.120e+01 ; 6.000e-01 ; 3.4962001e+01 ; 9.9341812e+01 
3.500e+01 ; 1.120e+01 ; 6.000e-01 ; 3.4963001e+01 ; 9.9340530e+01 
3.500e+01 ; 1.120e+01 ; 6.000e-01 ; 3.4965001e+01 ; 9.9337959e+01 
3.500e+01 ; 1.120e+01 ; 6.000e-01 ; 3.4969001e+01 ; 9.9332825e+01 
3.500e+01 ; 1.120e+01 ; 6.000e-01 ; 3.4977001e+01 ; 9.9322586e+01 
3.500e+01 ; 1.120e+01 ; 6.000e-01 ; 3.4993001e+01 ; 9.9302185e+01 
3.500e+01 ; 1.120e+01 ; 6.000e-01 ; 3.5025001e+01 ; 9.9261772e+01 
3.500e+01 ; 1.120e+01 ; 6.000e-01 ; 3.5089001e+01 ; 9.9182388e+01 
3.500e+01 ; 1.120e+01 ; 6.000e-01 ; 3.5217001e+01 ; 9.9029266e+01 
3.500e+01 ; 1.120e+01 ; 6.000e-01 ; 3.5473001e+01 ; 9.8744164e+01 
3.500e+01 ; 1.120e+01 ; 6.000e-01 ; 3.5880001e+01 ; 9.8339012e+01 
3.500e+01 ; 1.120e+01 ; 6.000e-01 ; 3.5880001e+01 ; 9.8339012e+01 
3.500e+01 ; 1.120e+01 ; 6.000e-01 ; 3.5881001e+01 ; 9.8338013e+01 
3.500e+01 ; 1.120e+01 ; 6.000e-01 ; 3.5882001e+01 ; 9.8337021e+01 
3.500e+01 ; 1.120e+01 ; 6.000e-01 ; 3.5883001e+01 ; 9.8336021e+01 
3.500e+01 ; 1.120e+01 ; 6.000e-01 ; 3.5885001e+01 ; 9.8334038e+01 
3.500e+01 ; 1.120e+01 ; 6.000e-01 ; 3.5889001e+01 ; 9.8330063e+01 
3.500e+01 ; 1.120e+01 ; 6.000e-01 ; 3.5897001e+01 ; 9.8322144e+01 
3.500e+01 ; 1.120e+01 ; 6.000e-01 ; 3.5913001e+01 ; 9.8306366e+01 
3.500e+01 ; 1.120e+01 ; 6.000e-01 ; 3.5945001e+01 ; 9.8275108e+01 
3.500e+01 ; 1.120e+01 ; 6.000e-01 ; 3.6009001e+01 ; 9.8213737e+01 
3.500e+01 ; 1.120e+01 ; 6.000e-01 ; 3.6137001e+01 ; 9.8095444e+01 
3.500e+01 ; 1.120e+01 ; 6.000e-01 ; 3.6393001e+01 ; 9.7875404e+01 
3.500e+01 ; 1.120e+01 ; 6.000e-01 ; 3.6800001e+01 ; 9.7563065e+01 
3.500e+01 ; 1.120e+01 ; 6.000e-01 ; 3.6800001e+01 ; 9.7563065e+01 
3.500e+01 ; 1.120e+01 ; 6.000e-01 ; 3.6801001e+01 ; 9.7562294e+01 
3.500e+01 ; 1.120e+01 ; 6.000e-01 ; 3.6802001e+01 ; 9.7561531e+01 
3.500e+01 ; 1.120e+01 ; 6.000e-01 ; 3.6803001e+01 ; 9.7560760e+01 
3.500e+01 ; 1.120e+01 ; 6.000e-01 ; 3.6805001e+01 ; 9.7559227e+01 
3.500e+01 ; 1.120e+01 ; 6.000e-01 ; 3.6809001e+01 ; 9.7556168e+01 
3.500e+01 ; 1.120e+01 ; 6.000e-01 ; 3.6817001e+01 ; 9.7550056e+01 
3.500e+01 ; 1.120e+01 ; 6.000e-01 ; 3.6833001e+01 ; 9.7537895e+01 
3.500e+01 ; 1.120e+01 ; 6.000e-01 ; 3.6865001e+01 ; 9.7513809e+01 
3.500e+01 ; 1.120e+01 ; 6.000e-01 ; 3.6929001e+01 ; 9.7466515e+01 
3.500e+01 ; 1.120e+01 ; 6.000e-01 ; 3.7057001e+01 ; 9.7375374e+01 
3.500e+01 ; 1.120e+01 ; 6.000e-01 ; 3.7313001e+01 ; 9.7205940e+01 
3.500e+01 ; 1.120e+01 ; 6.000e-01 ; 3.7720001e+01 ; 9.6965553e+01 
3.500e+01 ; 1.120e+01 ; 6.000e-01 ; 3.7720001e+01 ; 9.6965553e+01 
3.500e+01 ; 1.120e+01 ; 6.000e-01 ; 3.7721001e+01 ; 9.6964966e+01 
3.500e+01 ; 1.120e+01 ; 6.000e-01 ; 3.7722001e+01 ; 9.6964378e+01 
3.500e+01 ; 1.120e+01 ; 6.000e-01 ; 3.7723001e+01 ; 9.6963783e+01 
3.500e+01 ; 1.120e+01 ; 6.000e-01 ; 3.7725001e+01 ; 9.6962608e+01 
3.500e+01 ; 1.120e+01 ; 6.000e-01 ; 3.7729001e+01 ; 9.6960251e+01 
3.500e+01 ; 1.120e+01 ; 6.000e-01 ; 3.7737001e+01 ; 9.6955551e+01 
3.500e+01 ; 1.120e+01 ; 6.000e-01 ; 3.7753001e+01 ; 9.6946190e+01 
3.500e+01 ; 1.120e+01 ; 6.000e-01 ; 3.7785001e+01 ; 9.6927650e+01 
3.500e+01 ; 1.120e+01 ; 6.000e-01 ; 3.7849001e+01 ; 9.6891258e+01 
3.500e+01 ; 1.120e+01 ; 6.000e-01 ; 3.7977001e+01 ; 9.6821152e+01 
3.500e+01 ; 1.120e+01 ; 6.000e-01 ; 3.8233001e+01 ; 9.6690926e+01 
3.500e+01 ; 1.120e+01 ; 6.000e-01 ; 3.8640001e+01 ; 9.6506729e+01 
3.500e+01 ; 1.120e+01 ; 6.000e-01 ; 3.8640001e+01 ; 9.6506729e+01 
3.500e+01 ; 1.120e+01 ; 6.000e-01 ; 3.8641001e+01 ; 9.6506279e+01 
3.500e+01 ; 1.120e+01 ; 6.000e-01 ; 3.8642001e+01 ; 9.6505829e+01 
3.500e+01 ; 1.120e+01 ; 6.000e-01 ; 3.8643001e+01 ; 9.6505371e+01 
3.500e+01 ; 1.120e+01 ; 6.000e-01 ; 3.8645001e+01 ; 9.6504471e+01 
3.500e+01 ; 1.120e+01 ; 6.000e-01 ; 3.8649001e+01 ; 9.6502663e+01 
3.500e+01 ; 1.120e+01 ; 6.000e-01 ; 3.8657001e+01 ; 9.6499062e+01 
3.500e+01 ; 1.120e+01 ; 6.000e-01 ; 3.8673001e+01 ; 9.6491898e+01 
3.500e+01 ; 1.120e+01 ; 6.000e-01 ; 3.8705001e+01 ; 9.6477699e+01 
3.500e+01 ; 1.120e+01 ; 6.000e-01 ; 3.8769001e+01 ; 9.6449860e+01 
3.500e+01 ; 1.120e+01 ; 6.000e-01 ; 3.8897001e+01 ; 9.6396393e+01 
3.500e+01 ; 1.120e+01 ; 6.000e-01 ; 3.9153001e+01 ; 9.6298286e+01 
3.500e+01 ; 1.120e+01 ; 6.000e-01 ; 3.9560001e+01 ; 9.6164284e+01 
3.500e+01 ; 1.120e+01 ; 6.000e-01 ; 3.9560001e+01 ; 9.6164284e+01 
3.500e+01 ; 1.120e+01 ; 6.000e-01 ; 3.9561001e+01 ; 9.6163956e+01 
3.500e+01 ; 1.120e+01 ; 6.000e-01 ; 3.9562001e+01 ; 9.6163628e+01 
3.500e+01 ; 1.120e+01 ; 6.000e-01 ; 3.9563001e+01 ; 9.6163300e+01 
3.500e+01 ; 1.120e+01 ; 6.000e-01 ; 3.9565001e+01 ; 9.6162651e+01 
3.500e+01 ; 1.120e+01 ; 6.000e-01 ; 3.9569001e+01 ; 9.6161354e+01 
3.500e+01 ; 1.120e+01 ; 6.000e-01 ; 3.9577001e+01 ; 9.6158791e+01 
3.500e+01 ; 1.120e+01 ; 6.000e-01 ; 3.9593001e+01 ; 9.6153831e+01 
3.500e+01 ; 1.120e+01 ; 6.000e-01 ; 3.9625001e+01 ; 9.6144592e+01 
3.500e+01 ; 1.120e+01 ; 6.000e-01 ; 3.9689001e+01 ; 9.6129295e+01 
3.500e+01 ; 1.120e+01 ; 6.000e-01 ; 3.9817001e+01 ; 9.6112999e+01 
3.500e+01 ; 1.120e+01 ; 6.000e-01 ; 4.0073001e+01 ; 9.6135986e+01 
3.500e+01 ; 1.120e+01 ; 6.000e-01 ; 4.0480001e+01 ; 9.6271576e+01 
3.500e+01 ; 1.120e+01 ; 6.000e-01 ; 4.0480001e+01 ; 9.6271576e+01 
3.500e+01 ; 1.120e+01 ; 6.000e-01 ; 4.0481001e+01 ; 9.6271912e+01 
3.500e+01 ; 1.120e+01 ; 6.000e-01 ; 4.0482001e+01 ; 9.6272247e+01 
3.500e+01 ; 1.120e+01 ; 6.000e-01 ; 4.0483001e+01 ; 9.6272591e+01 
3.500e+01 ; 1.120e+01 ; 6.000e-01 ; 4.0485001e+01 ; 9.6273270e+01 
3.500e+01 ; 1.120e+01 ; 6.000e-01 ; 4.0489001e+01 ; 9.6274666e+01 
3.500e+01 ; 1.120e+01 ; 6.000e-01 ; 4.0497001e+01 ; 9.6277557e+01 
3.500e+01 ; 1.120e+01 ; 6.000e-01 ; 4.0513001e+01 ; 9.6283798e+01 
3.500e+01 ; 1.120e+01 ; 6.000e-01 ; 4.0545001e+01 ; 9.6298225e+01 
3.500e+01 ; 1.120e+01 ; 6.000e-01 ; 4.0609001e+01 ; 9.6335426e+01 
3.500e+01 ; 1.120e+01 ; 6.000e-01 ; 4.0737001e+01 ; 9.6444740e+01 
3.500e+01 ; 1.120e+01 ; 6.000e-01 ; 4.0993001e+01 ; 9.6785973e+01 
3.500e+01 ; 1.120e+01 ; 6.000e-01 ; 4.1400001e+01 ; 9.7510254e+01 
3.500e+01 ; 1.120e+01 ; 6.000e-01 ; 4.1400001e+01 ; 9.7510254e+01 
3.500e+01 ; 1.120e+01 ; 6.000e-01 ; 4.1401001e+01 ; 9.7512032e+01 
3.500e+01 ; 1.120e+01 ; 6.000e-01 ; 4.1402001e+01 ; 9.7513817e+01 
3.500e+01 ; 1.120e+01 ; 6.000e-01 ; 4.1403001e+01 ; 9.7515602e+01 
3.500e+01 ; 1.120e+01 ; 6.000e-01 ; 4.1405001e+01 ; 9.7519188e+01 
3.500e+01 ; 1.120e+01 ; 6.000e-01 ; 4.1409001e+01 ; 9.7526398e+01 
3.500e+01 ; 1.120e+01 ; 6.000e-01 ; 4.1417001e+01 ; 9.7540970e+01 
3.500e+01 ; 1.120e+01 ; 6.000e-01 ; 4.1433001e+01 ; 9.7570778e+01 
3.500e+01 ; 1.120e+01 ; 6.000e-01 ; 4.1465001e+01 ; 9.7633064e+01 
3.500e+01 ; 1.120e+01 ; 6.000e-01 ; 4.1529001e+01 ; 9.7768410e+01 
3.500e+01 ; 1.120e+01 ; 6.000e-01 ; 4.1657001e+01 ; 9.8079590e+01 
3.500e+01 ; 1.120e+01 ; 6.000e-01 ; 4.1913001e+01 ; 9.8819252e+01 
3.500e+01 ; 1.120e+01 ; 6.000e-01 ; 4.2320001e+01 ; 1.0009802e+02 
3.500e+01 ; 1.120e+01 ; 6.000e-01 ; 4.2320001e+01 ; 1.0009802e+02 
3.500e+01 ; 1.120e+01 ; 6.000e-01 ; 4.2321001e+01 ; 1.0010117e+02 
3.500e+01 ; 1.120e+01 ; 6.000e-01 ; 4.2322001e+01 ; 1.0010431e+02 
3.500e+01 ; 1.120e+01 ; 6.000e-01 ; 4.2323001e+01 ; 1.0010745e+02 
3.500e+01 ; 1.120e+01 ; 6.000e-01 ; 4.2325001e+01 ; 1.0011375e+02 
3.500e+01 ; 1.120e+01 ; 6.000e-01 ; 4.2329001e+01 ; 1.0012634e+02 
3.500e+01 ; 1.120e+01 ; 6.000e-01 ; 4.2337001e+01 ; 1.0015154e+02 
3.500e+01 ; 1.120e+01 ; 6.000e-01 ; 4.2353001e+01 ; 1.0020209e+02 
3.500e+01 ; 1.120e+01 ; 6.000e-01 ; 4.2385001e+01 ; 1.0030347e+02 
3.500e+01 ; 1.120e+01 ; 6.000e-01 ; 4.2449001e+01 ; 1.0050640e+02 
3.500e+01 ; 1.120e+01 ; 6.000e-01 ; 4.2577001e+01 ; 1.0090594e+02 
3.500e+01 ; 1.120e+01 ; 6.000e-01 ; 4.2833001e+01 ; 1.0164582e+02 
3.500e+01 ; 1.120e+01 ; 6.000e-01 ; 4.3240001e+01 ; 1.0261553e+02 
3.500e+01 ; 1.120e+01 ; 6.000e-01 ; 4.3240001e+01 ; 1.0261553e+02 
3.500e+01 ; 1.120e+01 ; 6.000e-01 ; 4.3241001e+01 ; 1.0261791e+02 
3.500e+01 ; 1.120e+01 ; 6.000e-01 ; 4.3242001e+01 ; 1.0262029e+02 
3.500e+01 ; 1.120e+01 ; 6.000e-01 ; 4.3243001e+01 ; 1.0262267e+02 
3.500e+01 ; 1.120e+01 ; 6.000e-01 ; 4.3245001e+01 ; 1.0262743e+02 
3.500e+01 ; 1.120e+01 ; 6.000e-01 ; 4.3249001e+01 ; 1.0263691e+02 
3.500e+01 ; 1.120e+01 ; 6.000e-01 ; 4.3257001e+01 ; 1.0265580e+02 
3.500e+01 ; 1.120e+01 ; 6.000e-01 ; 4.3273001e+01 ; 1.0269325e+02 
3.500e+01 ; 1.120e+01 ; 6.000e-01 ; 4.3305001e+01 ; 1.0276683e+02 
3.500e+01 ; 1.120e+01 ; 6.000e-01 ; 4.3369001e+01 ; 1.0290856e+02 
3.500e+01 ; 1.120e+01 ; 6.000e-01 ; 4.3497001e+01 ; 1.0316968e+02 
3.500e+01 ; 1.120e+01 ; 6.000e-01 ; 4.3753001e+01 ; 1.0360336e+02 
3.500e+01 ; 1.120e+01 ; 6.000e-01 ; 4.4160001e+01 ; 1.0408949e+02 
3.500e+01 ; 1.120e+01 ; 6.000e-01 ; 4.4160001e+01 ; 1.0408949e+02 
3.500e+01 ; 1.120e+01 ; 6.000e-01 ; 4.4161001e+01 ; 1.0409068e+02 
3.500e+01 ; 1.120e+01 ; 6.000e-01 ; 4.4162001e+01 ; 1.0409187e+02 
3.500e+01 ; 1.120e+01 ; 6.000e-01 ; 4.4163001e+01 ; 1.0409306e+02 
3.500e+01 ; 1.120e+01 ; 6.000e-01 ; 4.4165001e+01 ; 1.0409544e+02 
3.500e+01 ; 1.120e+01 ; 6.000e-01 ; 4.4169001e+01 ; 1.0410017e+02 
3.500e+01 ; 1.120e+01 ; 6.000e-01 ; 4.4177001e+01 ; 1.0410957e+02 
3.500e+01 ; 1.120e+01 ; 6.000e-01 ; 4.4193001e+01 ; 1.0412803e+02 
3.500e+01 ; 1.120e+01 ; 6.000e-01 ; 4.4225001e+01 ; 1.0416373e+02 
3.500e+01 ; 1.120e+01 ; 6.000e-01 ; 4.4289001e+01 ; 1.0423028e+02 
3.500e+01 ; 1.120e+01 ; 6.000e-01 ; 4.4417001e+01 ; 1.0434487e+02 
3.500e+01 ; 1.120e+01 ; 6.000e-01 ; 4.4673001e+01 ; 1.0450764e+02 
3.500e+01 ; 1.120e+01 ; 6.000e-01 ; 4.5080001e+01 ; 1.0462878e+02 
3.500e+01 ; 1.120e+01 ; 6.000e-01 ; 4.5080001e+01 ; 1.0462878e+02 
3.500e+01 ; 1.120e+01 ; 6.000e-01 ; 4.5081001e+01 ; 1.0462907e+02 
3.500e+01 ; 1.120e+01 ; 6.000e-01 ; 4.5082001e+01 ; 1.0462937e+02 
3.500e+01 ; 1.120e+01 ; 6.000e-01 ; 4.5083001e+01 ; 1.0462967e+02 
3.500e+01 ; 1.120e+01 ; 6.000e-01 ; 4.5085001e+01 ; 1.0463026e+02 
3.500e+01 ; 1.120e+01 ; 6.000e-01 ; 4.5089001e+01 ; 1.0463142e+02 
3.500e+01 ; 1.120e+01 ; 6.000e-01 ; 4.5097001e+01 ; 1.0463368e+02 
3.500e+01 ; 1.120e+01 ; 6.000e-01 ; 4.5113001e+01 ; 1.0463802e+02 
3.500e+01 ; 1.120e+01 ; 6.000e-01 ; 4.5145001e+01 ; 1.0464585e+02 
3.500e+01 ; 1.120e+01 ; 6.000e-01 ; 4.5209001e+01 ; 1.0465836e+02 
3.500e+01 ; 1.120e+01 ; 6.000e-01 ; 4.5337001e+01 ; 1.0467161e+02 
3.500e+01 ; 1.120e+01 ; 6.000e-01 ; 4.5593001e+01 ; 1.0465784e+02 
3.500e+01 ; 1.120e+01 ; 6.000e-01 ; 4.6000001e+01 ; 1.0455754e+02 
3.500e+01 ; 1.120e+01 ; 6.000e-01 ; 4.6000001e+01 ; 1.0455754e+02 
3.500e+01 ; 1.120e+01 ; 6.000e-01 ; 4.6001001e+01 ; 1.0455730e+02 
3.500e+01 ; 1.120e+01 ; 6.000e-01 ; 4.6002001e+01 ; 1.0455704e+02 
3.500e+01 ; 1.120e+01 ; 6.000e-01 ; 4.6003001e+01 ; 1.0455680e+02 
3.500e+01 ; 1.120e+01 ; 6.000e-01 ; 4.6005001e+01 ; 1.0455630e+02 
3.500e+01 ; 1.120e+01 ; 6.000e-01 ; 4.6009001e+01 ; 1.0455530e+02 
3.500e+01 ; 1.120e+01 ; 6.000e-01 ; 4.6017001e+01 ; 1.0455326e+02 
3.500e+01 ; 1.120e+01 ; 6.000e-01 ; 4.6033001e+01 ; 1.0454907e+02 
3.500e+01 ; 1.120e+01 ; 6.000e-01 ; 4.6065001e+01 ; 1.0454024e+02 
3.500e+01 ; 1.120e+01 ; 6.000e-01 ; 4.6129001e+01 ; 1.0452079e+02 
3.500e+01 ; 1.120e+01 ; 6.000e-01 ; 4.6257001e+01 ; 1.0447552e+02 
3.500e+01 ; 1.120e+01 ; 6.000e-01 ; 4.6513001e+01 ; 1.0436397e+02 
3.500e+01 ; 1.120e+01 ; 6.000e-01 ; 4.6920001e+01 ; 1.0414861e+02 
3.500e+01 ; 1.120e+01 ; 6.000e-01 ; 4.6920001e+01 ; 1.0414861e+02 
3.500e+01 ; 1.120e+01 ; 6.000e-01 ; 4.6921001e+01 ; 1.0414809e+02 
3.500e+01 ; 1.120e+01 ; 6.000e-01 ; 4.6922001e+01 ; 1.0414756e+02 
3.500e+01 ; 1.120e+01 ; 6.000e-01 ; 4.6923001e+01 ; 1.0414703e+02 
3.500e+01 ; 1.120e+01 ; 6.000e-01 ; 4.6925001e+01 ; 1.0414597e+02 
3.500e+01 ; 1.120e+01 ; 6.000e-01 ; 4.6929001e+01 ; 1.0414384e+02 
3.500e+01 ; 1.120e+01 ; 6.000e-01 ; 4.6937001e+01 ; 1.0413958e+02 
3.500e+01 ; 1.120e+01 ; 6.000e-01 ; 4.6953001e+01 ; 1.0413100e+02 
3.500e+01 ; 1.120e+01 ; 6.000e-01 ; 4.6985001e+01 ; 1.0411360e+02 
3.500e+01 ; 1.120e+01 ; 6.000e-01 ; 4.7049001e+01 ; 1.0407800e+02 
3.500e+01 ; 1.120e+01 ; 6.000e-01 ; 4.7177001e+01 ; 1.0400388e+02 
3.500e+01 ; 1.120e+01 ; 6.000e-01 ; 4.7433001e+01 ; 1.0384677e+02 
3.500e+01 ; 1.120e+01 ; 6.000e-01 ; 4.7840001e+01 ; 1.0358337e+02 
3.500e+01 ; 1.120e+01 ; 6.000e-01 ; 4.7840001e+01 ; 1.0358337e+02 
3.500e+01 ; 1.120e+01 ; 6.000e-01 ; 4.7841001e+01 ; 1.0358273e+02 
3.500e+01 ; 1.120e+01 ; 6.000e-01 ; 4.7842001e+01 ; 1.0358208e+02 
3.500e+01 ; 1.120e+01 ; 6.000e-01 ; 4.7843001e+01 ; 1.0358143e+02 
3.500e+01 ; 1.120e+01 ; 6.000e-01 ; 4.7845001e+01 ; 1.0358014e+02 
3.500e+01 ; 1.120e+01 ; 6.000e-01 ; 4.7849001e+01 ; 1.0357755e+02 
3.500e+01 ; 1.120e+01 ; 6.000e-01 ; 4.7857001e+01 ; 1.0357236e+02 
3.500e+01 ; 1.120e+01 ; 6.000e-01 ; 4.7873001e+01 ; 1.0356196e+02 
3.500e+01 ; 1.120e+01 ; 6.000e-01 ; 4.7905001e+01 ; 1.0354109e+02 
3.500e+01 ; 1.120e+01 ; 6.000e-01 ; 4.7969001e+01 ; 1.0349908e+02 
3.500e+01 ; 1.120e+01 ; 6.000e-01 ; 4.8097001e+01 ; 1.0341420e+02 
3.500e+01 ; 1.120e+01 ; 6.000e-01 ; 4.8353001e+01 ; 1.0324253e+02 
3.500e+01 ; 1.120e+01 ; 6.000e-01 ; 4.8760001e+01 ; 1.0296951e+02 
3.500e+01 ; 1.120e+01 ; 6.000e-01 ; 4.8760001e+01 ; 1.0296951e+02 
3.500e+01 ; 1.120e+01 ; 6.000e-01 ; 4.8761001e+01 ; 1.0296884e+02 
3.500e+01 ; 1.120e+01 ; 6.000e-01 ; 4.8762001e+01 ; 1.0296817e+02 
3.500e+01 ; 1.120e+01 ; 6.000e-01 ; 4.8763001e+01 ; 1.0296750e+02 
3.500e+01 ; 1.120e+01 ; 6.000e-01 ; 4.8765001e+01 ; 1.0296616e+02 
3.500e+01 ; 1.120e+01 ; 6.000e-01 ; 4.8769001e+01 ; 1.0296348e+02 
3.500e+01 ; 1.120e+01 ; 6.000e-01 ; 4.8777001e+01 ; 1.0295811e+02 
3.500e+01 ; 1.120e+01 ; 6.000e-01 ; 4.8793001e+01 ; 1.0294738e+02 
3.500e+01 ; 1.120e+01 ; 6.000e-01 ; 4.8825001e+01 ; 1.0292592e+02 
3.500e+01 ; 1.120e+01 ; 6.000e-01 ; 4.8889001e+01 ; 1.0288303e+02 
3.500e+01 ; 1.120e+01 ; 6.000e-01 ; 4.9017001e+01 ; 1.0279749e+02 
3.500e+01 ; 1.120e+01 ; 6.000e-01 ; 4.9273001e+01 ; 1.0262821e+02 
3.500e+01 ; 1.120e+01 ; 6.000e-01 ; 4.9680001e+01 ; 1.0236586e+02 
3.500e+01 ; 1.120e+01 ; 6.000e-01 ; 4.9680001e+01 ; 1.0236586e+02 
3.500e+01 ; 1.120e+01 ; 6.000e-01 ; 4.9681001e+01 ; 1.0236522e+02 
3.500e+01 ; 1.120e+01 ; 6.000e-01 ; 4.9682001e+01 ; 1.0236458e+02 
3.500e+01 ; 1.120e+01 ; 6.000e-01 ; 4.9683001e+01 ; 1.0236393e+02 
3.500e+01 ; 1.120e+01 ; 6.000e-01 ; 4.9685001e+01 ; 1.0236264e+02 
3.500e+01 ; 1.120e+01 ; 6.000e-01 ; 4.9689001e+01 ; 1.0236006e+02 
3.500e+01 ; 1.120e+01 ; 6.000e-01 ; 4.9697001e+01 ; 1.0235491e+02 
3.500e+01 ; 1.120e+01 ; 6.000e-01 ; 4.9713001e+01 ; 1.0234462e+02 
3.500e+01 ; 1.120e+01 ; 6.000e-01 ; 4.9745001e+01 ; 1.0232408e+02 
3.500e+01 ; 1.120e+01 ; 6.000e-01 ; 4.9809001e+01 ; 1.0228319e+02 
3.500e+01 ; 1.120e+01 ; 6.000e-01 ; 4.9937001e+01 ; 1.0220219e+02 
3.500e+01 ; 1.120e+01 ; 6.000e-01 ; 5.0193001e+01 ; 1.0204374e+02 
3.500e+01 ; 1.120e+01 ; 6.000e-01 ; 5.0600001e+01 ; 1.0180164e+02 
3.500e+01 ; 1.120e+01 ; 6.000e-01 ; 5.0600001e+01 ; 1.0180164e+02 
3.500e+01 ; 1.120e+01 ; 6.000e-01 ; 5.0601001e+01 ; 1.0180104e+02 
3.500e+01 ; 1.120e+01 ; 6.000e-01 ; 5.0602001e+01 ; 1.0180045e+02 
3.500e+01 ; 1.120e+01 ; 6.000e-01 ; 5.0603001e+01 ; 1.0179985e+02 
3.500e+01 ; 1.120e+01 ; 6.000e-01 ; 5.0605001e+01 ; 1.0179867e+02 
3.500e+01 ; 1.120e+01 ; 6.000e-01 ; 5.0609001e+01 ; 1.0179629e+02 
3.500e+01 ; 1.120e+01 ; 6.000e-01 ; 5.0617001e+01 ; 1.0179153e+02 
3.500e+01 ; 1.120e+01 ; 6.000e-01 ; 5.0633001e+01 ; 1.0178205e+02 
3.500e+01 ; 1.120e+01 ; 6.000e-01 ; 5.0665001e+01 ; 1.0176314e+02 
3.500e+01 ; 1.120e+01 ; 6.000e-01 ; 5.0729001e+01 ; 1.0172557e+02 
3.500e+01 ; 1.120e+01 ; 6.000e-01 ; 5.0857001e+01 ; 1.0165145e+02 
3.500e+01 ; 1.120e+01 ; 6.000e-01 ; 5.1113001e+01 ; 1.0150739e+02 
3.500e+01 ; 1.120e+01 ; 6.000e-01 ; 5.1520001e+01 ; 1.0128915e+02 
3.500e+01 ; 1.120e+01 ; 6.000e-01 ; 5.1520001e+01 ; 1.0128915e+02 
3.500e+01 ; 1.120e+01 ; 6.000e-01 ; 5.1521001e+01 ; 1.0128862e+02 
3.500e+01 ; 1.120e+01 ; 6.000e-01 ; 5.1522001e+01 ; 1.0128809e+02 
3.500e+01 ; 1.120e+01 ; 6.000e-01 ; 5.1523001e+01 ; 1.0128755e+02 
3.500e+01 ; 1.120e+01 ; 6.000e-01 ; 5.1525001e+01 ; 1.0128648e+02 
3.500e+01 ; 1.120e+01 ; 6.000e-01 ; 5.1529001e+01 ; 1.0128433e+02 
3.500e+01 ; 1.120e+01 ; 6.000e-01 ; 5.1537001e+01 ; 1.0128005e+02 
3.500e+01 ; 1.120e+01 ; 6.000e-01 ; 5.1553001e+01 ; 1.0127151e+02 
3.500e+01 ; 1.120e+01 ; 6.000e-01 ; 5.1585001e+01 ; 1.0125449e+02 
3.500e+01 ; 1.120e+01 ; 6.000e-01 ; 5.1649001e+01 ; 1.0122071e+02 
3.500e+01 ; 1.120e+01 ; 6.000e-01 ; 5.1777001e+01 ; 1.0115424e+02 
3.500e+01 ; 1.120e+01 ; 6.000e-01 ; 5.2033001e+01 ; 1.0102561e+02 
3.500e+01 ; 1.120e+01 ; 6.000e-01 ; 5.2440001e+01 ; 1.0083208e+02 
3.500e+01 ; 1.120e+01 ; 6.000e-01 ; 5.2440001e+01 ; 1.0083208e+02 
3.500e+01 ; 1.120e+01 ; 6.000e-01 ; 5.2441001e+01 ; 1.0083161e+02 
3.500e+01 ; 1.120e+01 ; 6.000e-01 ; 5.2442001e+01 ; 1.0083114e+02 
3.500e+01 ; 1.120e+01 ; 6.000e-01 ; 5.2443001e+01 ; 1.0083066e+02 
3.500e+01 ; 1.120e+01 ; 6.000e-01 ; 5.2445001e+01 ; 1.0082971e+02 
3.500e+01 ; 1.120e+01 ; 6.000e-01 ; 5.2449001e+01 ; 1.0082781e+02 
3.500e+01 ; 1.120e+01 ; 6.000e-01 ; 5.2457001e+01 ; 1.0082402e+02 
3.500e+01 ; 1.120e+01 ; 6.000e-01 ; 5.2473001e+01 ; 1.0081644e+02 
3.500e+01 ; 1.120e+01 ; 6.000e-01 ; 5.2505001e+01 ; 1.0080137e+02 
3.500e+01 ; 1.120e+01 ; 6.000e-01 ; 5.2569001e+01 ; 1.0077151e+02 
3.500e+01 ; 1.120e+01 ; 6.000e-01 ; 5.2697001e+01 ; 1.0071309e+02 
3.500e+01 ; 1.120e+01 ; 6.000e-01 ; 5.2953001e+01 ; 1.0060217e+02 
3.500e+01 ; 1.120e+01 ; 6.000e-01 ; 5.3360001e+01 ; 1.0044244e+02 
3.500e+01 ; 1.120e+01 ; 6.000e-01 ; 5.3360001e+01 ; 1.0044244e+02 
3.500e+01 ; 1.120e+01 ; 6.000e-01 ; 5.3361001e+01 ; 1.0044205e+02 
3.500e+01 ; 1.120e+01 ; 6.000e-01 ; 5.3362001e+01 ; 1.0044166e+02 
3.500e+01 ; 1.120e+01 ; 6.000e-01 ; 5.3363001e+01 ; 1.0044127e+02 
3.500e+01 ; 1.120e+01 ; 6.000e-01 ; 5.3365001e+01 ; 1.0044048e+02 
3.500e+01 ; 1.120e+01 ; 6.000e-01 ; 5.3369001e+01 ; 1.0043892e+02 
3.500e+01 ; 1.120e+01 ; 6.000e-01 ; 5.3377001e+01 ; 1.0043579e+02 
3.500e+01 ; 1.120e+01 ; 6.000e-01 ; 5.3393001e+01 ; 1.0042957e+02 
3.500e+01 ; 1.120e+01 ; 6.000e-01 ; 5.3425001e+01 ; 1.0041723e+02 
3.500e+01 ; 1.120e+01 ; 6.000e-01 ; 5.3489001e+01 ; 1.0039308e+02 
3.500e+01 ; 1.120e+01 ; 6.000e-01 ; 5.3617001e+01 ; 1.0034730e+02 
3.500e+01 ; 1.120e+01 ; 6.000e-01 ; 5.3873001e+01 ; 1.0026886e+02 
3.500e+01 ; 1.120e+01 ; 6.000e-01 ; 5.4280001e+01 ; 1.0018210e+02 
3.500e+01 ; 1.120e+01 ; 6.000e-01 ; 5.4280001e+01 ; 1.0018210e+02 
3.500e+01 ; 1.120e+01 ; 6.000e-01 ; 5.4281001e+01 ; 1.0018188e+02 
3.500e+01 ; 1.120e+01 ; 6.000e-01 ; 5.4282001e+01 ; 1.0018167e+02 
3.500e+01 ; 1.120e+01 ; 6.000e-01 ; 5.4283001e+01 ; 1.0018146e+02 
3.500e+01 ; 1.120e+01 ; 6.000e-01 ; 5.4285001e+01 ; 1.0018104e+02 
3.500e+01 ; 1.120e+01 ; 6.000e-01 ; 5.4289001e+01 ; 1.0018019e+02 
3.500e+01 ; 1.120e+01 ; 6.000e-01 ; 5.4297001e+01 ; 1.0017852e+02 
3.500e+01 ; 1.120e+01 ; 6.000e-01 ; 5.4313001e+01 ; 1.0017523e+02 
3.500e+01 ; 1.120e+01 ; 6.000e-01 ; 5.4345001e+01 ; 1.0016892e+02 
3.500e+01 ; 1.120e+01 ; 6.000e-01 ; 5.4409001e+01 ; 1.0015745e+02 
3.500e+01 ; 1.120e+01 ; 6.000e-01 ; 5.4537001e+01 ; 1.0013995e+02 
3.500e+01 ; 1.120e+01 ; 6.000e-01 ; 5.4793001e+01 ; 1.0013169e+02 
3.500e+01 ; 1.120e+01 ; 6.000e-01 ; 5.5200001e+01 ; 1.0019032e+02 
3.500e+01 ; 1.120e+01 ; 6.000e-01 ; 5.5200001e+01 ; 1.0019032e+02 
3.500e+01 ; 1.120e+01 ; 6.000e-01 ; 5.5201001e+01 ; 1.0019047e+02 
3.500e+01 ; 1.120e+01 ; 6.000e-01 ; 5.5202001e+01 ; 1.0019061e+02 
3.500e+01 ; 1.120e+01 ; 6.000e-01 ; 5.5203001e+01 ; 1.0019076e+02 
3.500e+01 ; 1.120e+01 ; 6.000e-01 ; 5.5205001e+01 ; 1.0019106e+02 
3.500e+01 ; 1.120e+01 ; 6.000e-01 ; 5.5209001e+01 ; 1.0019164e+02 
3.500e+01 ; 1.120e+01 ; 6.000e-01 ; 5.5217001e+01 ; 1.0019286e+02 
3.500e+01 ; 1.120e+01 ; 6.000e-01 ; 5.5233001e+01 ; 1.0019540e+02 
3.500e+01 ; 1.120e+01 ; 6.000e-01 ; 5.5265001e+01 ; 1.0020094e+02 
3.500e+01 ; 1.120e+01 ; 6.000e-01 ; 5.5329001e+01 ; 1.0021406e+02 
3.500e+01 ; 1.120e+01 ; 6.000e-01 ; 5.5457001e+01 ; 1.0024912e+02 
3.500e+01 ; 1.120e+01 ; 6.000e-01 ; 5.5713001e+01 ; 1.0035765e+02 
3.500e+01 ; 1.120e+01 ; 6.000e-01 ; 5.6120001e+01 ; 1.0061942e+02 
3.500e+01 ; 1.120e+01 ; 6.000e-01 ; 5.6120001e+01 ; 1.0061942e+02 
3.500e+01 ; 1.120e+01 ; 6.000e-01 ; 5.6121001e+01 ; 1.0062006e+02 
3.500e+01 ; 1.120e+01 ; 6.000e-01 ; 5.6122001e+01 ; 1.0062070e+02 
3.500e+01 ; 1.120e+01 ; 6.000e-01 ; 5.6123001e+01 ; 1.0062135e+02 
3.500e+01 ; 1.120e+01 ; 6.000e-01 ; 5.6125001e+01 ; 1.0062264e+02 
3.500e+01 ; 1.120e+01 ; 6.000e-01 ; 5.6129001e+01 ; 1.0062523e+02 
3.500e+01 ; 1.120e+01 ; 6.000e-01 ; 5.6137001e+01 ; 1.0063045e+02 
3.500e+01 ; 1.120e+01 ; 6.000e-01 ; 5.6153001e+01 ; 1.0064102e+02 
3.500e+01 ; 1.120e+01 ; 6.000e-01 ; 5.6185001e+01 ; 1.0066271e+02 
3.500e+01 ; 1.120e+01 ; 6.000e-01 ; 5.6249001e+01 ; 1.0070818e+02 
3.500e+01 ; 1.120e+01 ; 6.000e-01 ; 5.6377001e+01 ; 1.0080670e+02 
3.500e+01 ; 1.120e+01 ; 6.000e-01 ; 5.6633001e+01 ; 1.0102670e+02 
3.500e+01 ; 1.120e+01 ; 6.000e-01 ; 5.7040001e+01 ; 1.0140496e+02 
3.500e+01 ; 1.120e+01 ; 6.000e-01 ; 5.7040001e+01 ; 1.0140496e+02 
3.500e+01 ; 1.120e+01 ; 6.000e-01 ; 5.7041001e+01 ; 1.0140589e+02 
3.500e+01 ; 1.120e+01 ; 6.000e-01 ; 5.7042001e+01 ; 1.0140682e+02 
3.500e+01 ; 1.120e+01 ; 6.000e-01 ; 5.7043001e+01 ; 1.0140775e+02 
3.500e+01 ; 1.120e+01 ; 6.000e-01 ; 5.7045001e+01 ; 1.0140961e+02 
3.500e+01 ; 1.120e+01 ; 6.000e-01 ; 5.7049001e+01 ; 1.0141334e+02 
3.500e+01 ; 1.120e+01 ; 6.000e-01 ; 5.7057001e+01 ; 1.0142080e+02 
3.500e+01 ; 1.120e+01 ; 6.000e-01 ; 5.7073001e+01 ; 1.0143575e+02 
3.500e+01 ; 1.120e+01 ; 6.000e-01 ; 5.7105001e+01 ; 1.0146581e+02 
3.500e+01 ; 1.120e+01 ; 6.000e-01 ; 5.7169001e+01 ; 1.0152641e+02 
3.500e+01 ; 1.120e+01 ; 6.000e-01 ; 5.7297001e+01 ; 1.0164866e+02 
3.500e+01 ; 1.120e+01 ; 6.000e-01 ; 5.7553001e+01 ; 1.0189147e+02 
3.500e+01 ; 1.120e+01 ; 6.000e-01 ; 5.7960001e+01 ; 1.0225581e+02 
3.500e+01 ; 1.120e+01 ; 6.000e-01 ; 5.7960001e+01 ; 1.0225581e+02 
3.500e+01 ; 1.120e+01 ; 6.000e-01 ; 5.7961001e+01 ; 1.0225671e+02 
3.500e+01 ; 1.120e+01 ; 6.000e-01 ; 5.7962001e+01 ; 1.0225761e+02 
3.500e+01 ; 1.120e+01 ; 6.000e-01 ; 5.7963001e+01 ; 1.0225850e+02 
3.500e+01 ; 1.120e+01 ; 6.000e-01 ; 5.7965001e+01 ; 1.0226029e+02 
3.500e+01 ; 1.120e+01 ; 6.000e-01 ; 5.7969001e+01 ; 1.0226386e+02 
3.500e+01 ; 1.120e+01 ; 6.000e-01 ; 5.7977001e+01 ; 1.0227101e+02 
3.500e+01 ; 1.120e+01 ; 6.000e-01 ; 5.7993001e+01 ; 1.0228526e+02 
3.500e+01 ; 1.120e+01 ; 6.000e-01 ; 5.8025001e+01 ; 1.0231361e+02 
3.500e+01 ; 1.120e+01 ; 6.000e-01 ; 5.8089001e+01 ; 1.0236965e+02 
3.500e+01 ; 1.120e+01 ; 6.000e-01 ; 5.8217001e+01 ; 1.0247866e+02 
3.500e+01 ; 1.120e+01 ; 6.000e-01 ; 5.8473001e+01 ; 1.0268194e+02 
3.500e+01 ; 1.120e+01 ; 6.000e-01 ; 5.8880001e+01 ; 1.0296236e+02 
3.500e+01 ; 1.120e+01 ; 6.000e-01 ; 5.8880001e+01 ; 1.0296236e+02 
3.500e+01 ; 1.120e+01 ; 6.000e-01 ; 5.8881001e+01 ; 1.0296305e+02 
3.500e+01 ; 1.120e+01 ; 6.000e-01 ; 5.8882001e+01 ; 1.0296374e+02 
3.500e+01 ; 1.120e+01 ; 6.000e-01 ; 5.8883001e+01 ; 1.0296443e+02 
3.500e+01 ; 1.120e+01 ; 6.000e-01 ; 5.8885001e+01 ; 1.0296581e+02 
3.500e+01 ; 1.120e+01 ; 6.000e-01 ; 5.8889001e+01 ; 1.0296855e+02 
3.500e+01 ; 1.120e+01 ; 6.000e-01 ; 5.8897001e+01 ; 1.0297403e+02 
3.500e+01 ; 1.120e+01 ; 6.000e-01 ; 5.8913001e+01 ; 1.0298492e+02 
3.500e+01 ; 1.120e+01 ; 6.000e-01 ; 5.8945001e+01 ; 1.0300642e+02 
3.500e+01 ; 1.120e+01 ; 6.000e-01 ; 5.9009001e+01 ; 1.0304833e+02 
3.500e+01 ; 1.120e+01 ; 6.000e-01 ; 5.9137001e+01 ; 1.0312771e+02 
3.500e+01 ; 1.120e+01 ; 6.000e-01 ; 5.9393001e+01 ; 1.0326835e+02 
3.500e+01 ; 1.120e+01 ; 6.000e-01 ; 5.9800001e+01 ; 1.0344734e+02 
3.500e+01 ; 1.120e+01 ; 6.000e-01 ; 5.9800001e+01 ; 1.0344734e+02 
3.500e+01 ; 1.120e+01 ; 6.000e-01 ; 5.9801001e+01 ; 1.0344778e+02 
3.500e+01 ; 1.120e+01 ; 6.000e-01 ; 5.9802001e+01 ; 1.0344822e+02 
3.500e+01 ; 1.120e+01 ; 6.000e-01 ; 5.9803001e+01 ; 1.0344866e+02 
3.500e+01 ; 1.120e+01 ; 6.000e-01 ; 5.9805001e+01 ; 1.0344954e+02 
3.500e+01 ; 1.120e+01 ; 6.000e-01 ; 5.9809001e+01 ; 1.0345129e+02 
3.500e+01 ; 1.120e+01 ; 6.000e-01 ; 5.9817001e+01 ; 1.0345477e+02 
3.500e+01 ; 1.120e+01 ; 6.000e-01 ; 5.9833001e+01 ; 1.0346166e+02 
3.500e+01 ; 1.120e+01 ; 6.000e-01 ; 5.9865001e+01 ; 1.0347518e+02 
3.500e+01 ; 1.120e+01 ; 6.000e-01 ; 5.9929001e+01 ; 1.0350111e+02 
3.500e+01 ; 1.120e+01 ; 6.000e-01 ; 6.0057001e+01 ; 1.0354871e+02 
3.500e+01 ; 1.120e+01 ; 6.000e-01 ; 6.0313001e+01 ; 1.0362748e+02 
3.500e+01 ; 1.120e+01 ; 6.000e-01 ; 6.0720001e+01 ; 1.0371500e+02 
3.500e+01 ; 1.120e+01 ; 6.000e-01 ; 6.0720001e+01 ; 1.0371500e+02 
3.500e+01 ; 1.120e+01 ; 6.000e-01 ; 6.0721001e+01 ; 1.0371521e+02 
3.500e+01 ; 1.120e+01 ; 6.000e-01 ; 6.0722001e+01 ; 1.0371542e+02 
3.500e+01 ; 1.120e+01 ; 6.000e-01 ; 6.0723001e+01 ; 1.0371564e+02 
3.500e+01 ; 1.120e+01 ; 6.000e-01 ; 6.0725001e+01 ; 1.0371606e+02 
3.500e+01 ; 1.120e+01 ; 6.000e-01 ; 6.0729001e+01 ; 1.0371692e+02 
3.500e+01 ; 1.120e+01 ; 6.000e-01 ; 6.0737001e+01 ; 1.0371861e+02 
3.500e+01 ; 1.120e+01 ; 6.000e-01 ; 6.0753001e+01 ; 1.0372193e+02 
3.500e+01 ; 1.120e+01 ; 6.000e-01 ; 6.0785001e+01 ; 1.0372834e+02 
3.500e+01 ; 1.120e+01 ; 6.000e-01 ; 6.0849001e+01 ; 1.0374026e+02 
3.500e+01 ; 1.120e+01 ; 6.000e-01 ; 6.0977001e+01 ; 1.0376062e+02 
3.500e+01 ; 1.120e+01 ; 6.000e-01 ; 6.1233001e+01 ; 1.0378844e+02 
3.500e+01 ; 1.120e+01 ; 6.000e-01 ; 6.1640001e+01 ; 1.0380421e+02 
3.500e+01 ; 1.120e+01 ; 6.000e-01 ; 6.1640001e+01 ; 1.0380421e+02 
3.500e+01 ; 1.120e+01 ; 6.000e-01 ; 6.1641001e+01 ; 1.0380424e+02 
3.500e+01 ; 1.120e+01 ; 6.000e-01 ; 6.1642001e+01 ; 1.0380428e+02 
3.500e+01 ; 1.120e+01 ; 6.000e-01 ; 6.1643001e+01 ; 1.0380432e+02 
3.500e+01 ; 1.120e+01 ; 6.000e-01 ; 6.1645001e+01 ; 1.0380440e+02 
3.500e+01 ; 1.120e+01 ; 6.000e-01 ; 6.1649001e+01 ; 1.0380454e+02 
3.500e+01 ; 1.120e+01 ; 6.000e-01 ; 6.1657001e+01 ; 1.0380483e+02 
3.500e+01 ; 1.120e+01 ; 6.000e-01 ; 6.1673001e+01 ; 1.0380536e+02 
3.500e+01 ; 1.120e+01 ; 6.000e-01 ; 6.1705001e+01 ; 1.0380625e+02 
3.500e+01 ; 1.120e+01 ; 6.000e-01 ; 6.1769001e+01 ; 1.0380735e+02 
3.500e+01 ; 1.120e+01 ; 6.000e-01 ; 6.1897001e+01 ; 1.0380700e+02 
3.500e+01 ; 1.120e+01 ; 6.000e-01 ; 6.2153001e+01 ; 1.0379704e+02 
3.500e+01 ; 1.120e+01 ; 6.000e-01 ; 6.2560001e+01 ; 1.0376142e+02 
3.500e+01 ; 1.120e+01 ; 6.000e-01 ; 6.2560001e+01 ; 1.0376142e+02 
3.500e+01 ; 1.120e+01 ; 6.000e-01 ; 6.2561001e+01 ; 1.0376133e+02 
3.500e+01 ; 1.120e+01 ; 6.000e-01 ; 6.2562001e+01 ; 1.0376125e+02 
3.500e+01 ; 1.120e+01 ; 6.000e-01 ; 6.2563001e+01 ; 1.0376115e+02 
3.500e+01 ; 1.120e+01 ; 6.000e-01 ; 6.2565001e+01 ; 1.0376098e+02 
3.500e+01 ; 1.120e+01 ; 6.000e-01 ; 6.2569001e+01 ; 1.0376063e+02 
3.500e+01 ; 1.120e+01 ; 6.000e-01 ; 6.2577001e+01 ; 1.0375991e+02 
3.500e+01 ; 1.120e+01 ; 6.000e-01 ; 6.2593001e+01 ; 1.0375845e+02 
3.500e+01 ; 1.120e+01 ; 6.000e-01 ; 6.2625001e+01 ; 1.0375540e+02 
3.500e+01 ; 1.120e+01 ; 6.000e-01 ; 6.2689001e+01 ; 1.0374885e+02 
3.500e+01 ; 1.120e+01 ; 6.000e-01 ; 6.2817001e+01 ; 1.0373401e+02 
3.500e+01 ; 1.120e+01 ; 6.000e-01 ; 6.3073001e+01 ; 1.0369817e+02 
3.500e+01 ; 1.120e+01 ; 6.000e-01 ; 6.3480001e+01 ; 1.0362843e+02 
3.500e+01 ; 1.120e+01 ; 6.000e-01 ; 6.3480001e+01 ; 1.0362843e+02 
3.500e+01 ; 1.120e+01 ; 6.000e-01 ; 6.3481001e+01 ; 1.0362826e+02 
3.500e+01 ; 1.120e+01 ; 6.000e-01 ; 6.3482001e+01 ; 1.0362809e+02 
3.500e+01 ; 1.120e+01 ; 6.000e-01 ; 6.3483001e+01 ; 1.0362792e+02 
3.500e+01 ; 1.120e+01 ; 6.000e-01 ; 6.3485001e+01 ; 1.0362758e+02 
3.500e+01 ; 1.120e+01 ; 6.000e-01 ; 6.3489001e+01 ; 1.0362688e+02 
3.500e+01 ; 1.120e+01 ; 6.000e-01 ; 6.3497001e+01 ; 1.0362550e+02 
3.500e+01 ; 1.120e+01 ; 6.000e-01 ; 6.3513001e+01 ; 1.0362273e+02 
3.500e+01 ; 1.120e+01 ; 6.000e-01 ; 6.3545001e+01 ; 1.0361709e+02 
3.500e+01 ; 1.120e+01 ; 6.000e-01 ; 6.3609001e+01 ; 1.0360551e+02 
3.500e+01 ; 1.120e+01 ; 6.000e-01 ; 6.3737001e+01 ; 1.0358128e+02 
3.500e+01 ; 1.120e+01 ; 6.000e-01 ; 6.3993001e+01 ; 1.0352903e+02 
3.500e+01 ; 1.120e+01 ; 6.000e-01 ; 6.4400001e+01 ; 1.0343848e+02 
3.500e+01 ; 1.120e+01 ; 6.000e-01 ; 6.4400001e+01 ; 1.0343848e+02 
3.500e+01 ; 1.120e+01 ; 6.000e-01 ; 6.4401001e+01 ; 1.0343826e+02 
3.500e+01 ; 1.120e+01 ; 6.000e-01 ; 6.4402001e+01 ; 1.0343804e+02 
3.500e+01 ; 1.120e+01 ; 6.000e-01 ; 6.4403001e+01 ; 1.0343782e+02 
3.500e+01 ; 1.120e+01 ; 6.000e-01 ; 6.4405001e+01 ; 1.0343737e+02 
3.500e+01 ; 1.120e+01 ; 6.000e-01 ; 6.4409001e+01 ; 1.0343648e+02 
3.500e+01 ; 1.120e+01 ; 6.000e-01 ; 6.4417001e+01 ; 1.0343469e+02 
3.500e+01 ; 1.120e+01 ; 6.000e-01 ; 6.4433001e+01 ; 1.0343111e+02 
3.500e+01 ; 1.120e+01 ; 6.000e-01 ; 6.4465001e+01 ; 1.0342390e+02 
3.500e+01 ; 1.120e+01 ; 6.000e-01 ; 6.4529001e+01 ; 1.0340932e+02 
3.500e+01 ; 1.120e+01 ; 6.000e-01 ; 6.4657001e+01 ; 1.0337952e+02 
3.500e+01 ; 1.120e+01 ; 6.000e-01 ; 6.4913001e+01 ; 1.0331789e+02 
3.500e+01 ; 1.120e+01 ; 6.000e-01 ; 6.5320001e+01 ; 1.0321620e+02 
3.500e+01 ; 1.120e+01 ; 6.000e-01 ; 6.5320001e+01 ; 1.0321620e+02 
3.500e+01 ; 1.120e+01 ; 6.000e-01 ; 6.5321001e+01 ; 1.0321595e+02 
3.500e+01 ; 1.120e+01 ; 6.000e-01 ; 6.5322001e+01 ; 1.0321570e+02 
3.500e+01 ; 1.120e+01 ; 6.000e-01 ; 6.5323001e+01 ; 1.0321545e+02 
3.500e+01 ; 1.120e+01 ; 6.000e-01 ; 6.5325001e+01 ; 1.0321495e+02 
3.500e+01 ; 1.120e+01 ; 6.000e-01 ; 6.5329001e+01 ; 1.0321395e+02 
3.500e+01 ; 1.120e+01 ; 6.000e-01 ; 6.5337001e+01 ; 1.0321194e+02 
3.500e+01 ; 1.120e+01 ; 6.000e-01 ; 6.5353001e+01 ; 1.0320794e+02 
3.500e+01 ; 1.120e+01 ; 6.000e-01 ; 6.5385001e+01 ; 1.0319990e+02 
3.500e+01 ; 1.120e+01 ; 6.000e-01 ; 6.5449001e+01 ; 1.0318374e+02 
3.500e+01 ; 1.120e+01 ; 6.000e-01 ; 6.5577001e+01 ; 1.0315115e+02 
3.500e+01 ; 1.120e+01 ; 6.000e-01 ; 6.5833001e+01 ; 1.0308517e+02 
3.500e+01 ; 1.120e+01 ; 6.000e-01 ; 6.6240001e+01 ; 1.0297945e+02 
3.500e+01 ; 1.120e+01 ; 6.000e-01 ; 6.6240001e+01 ; 1.0297945e+02 
3.500e+01 ; 1.120e+01 ; 6.000e-01 ; 6.6241001e+01 ; 1.0297919e+02 
3.500e+01 ; 1.120e+01 ; 6.000e-01 ; 6.6242001e+01 ; 1.0297893e+02 
3.500e+01 ; 1.120e+01 ; 6.000e-01 ; 6.6243001e+01 ; 1.0297867e+02 
3.500e+01 ; 1.120e+01 ; 6.000e-01 ; 6.6245001e+01 ; 1.0297815e+02 
3.500e+01 ; 1.120e+01 ; 6.000e-01 ; 6.6249001e+01 ; 1.0297711e+02 
3.500e+01 ; 1.120e+01 ; 6.000e-01 ; 6.6257001e+01 ; 1.0297503e+02 
3.500e+01 ; 1.120e+01 ; 6.000e-01 ; 6.6273001e+01 ; 1.0297087e+02 
3.500e+01 ; 1.120e+01 ; 6.000e-01 ; 6.6305001e+01 ; 1.0296255e+02 
3.500e+01 ; 1.120e+01 ; 6.000e-01 ; 6.6369001e+01 ; 1.0294590e+02 
3.500e+01 ; 1.120e+01 ; 6.000e-01 ; 6.6497001e+01 ; 1.0291260e+02 
3.500e+01 ; 1.120e+01 ; 6.000e-01 ; 6.6753001e+01 ; 1.0284641e+02 
3.500e+01 ; 1.120e+01 ; 6.000e-01 ; 6.7160001e+01 ; 1.0274380e+02 
3.500e+01 ; 1.120e+01 ; 6.000e-01 ; 6.7160001e+01 ; 1.0274380e+02 
3.500e+01 ; 1.120e+01 ; 6.000e-01 ; 6.7161001e+01 ; 1.0274355e+02 
3.500e+01 ; 1.120e+01 ; 6.000e-01 ; 6.7162001e+01 ; 1.0274330e+02 
3.500e+01 ; 1.120e+01 ; 6.000e-01 ; 6.7163001e+01 ; 1.0274305e+02 
3.500e+01 ; 1.120e+01 ; 6.000e-01 ; 6.7165001e+01 ; 1.0274255e+02 
3.500e+01 ; 1.120e+01 ; 6.000e-01 ; 6.7169001e+01 ; 1.0274154e+02 
3.500e+01 ; 1.120e+01 ; 6.000e-01 ; 6.7177001e+01 ; 1.0273952e+02 
3.500e+01 ; 1.120e+01 ; 6.000e-01 ; 6.7193001e+01 ; 1.0273550e+02 
3.500e+01 ; 1.120e+01 ; 6.000e-01 ; 6.7225001e+01 ; 1.0272746e+02 
3.500e+01 ; 1.120e+01 ; 6.000e-01 ; 6.7289001e+01 ; 1.0271148e+02 
3.500e+01 ; 1.120e+01 ; 6.000e-01 ; 6.7417001e+01 ; 1.0267991e+02 
3.500e+01 ; 1.120e+01 ; 6.000e-01 ; 6.7673001e+01 ; 1.0261909e+02 
3.500e+01 ; 1.120e+01 ; 6.000e-01 ; 6.8080001e+01 ; 1.0253122e+02 
3.500e+01 ; 1.120e+01 ; 6.000e-01 ; 6.8080001e+01 ; 1.0253122e+02 
3.500e+01 ; 1.120e+01 ; 6.000e-01 ; 6.8081001e+01 ; 1.0253101e+02 
3.500e+01 ; 1.120e+01 ; 6.000e-01 ; 6.8082001e+01 ; 1.0253079e+02 
3.500e+01 ; 1.120e+01 ; 6.000e-01 ; 6.8083001e+01 ; 1.0253057e+02 
3.500e+01 ; 1.120e+01 ; 6.000e-01 ; 6.8085001e+01 ; 1.0253014e+02 
3.500e+01 ; 1.120e+01 ; 6.000e-01 ; 6.8089001e+01 ; 1.0252928e+02 
3.500e+01 ; 1.120e+01 ; 6.000e-01 ; 6.8097001e+01 ; 1.0252756e+02 
3.500e+01 ; 1.120e+01 ; 6.000e-01 ; 6.8113001e+01 ; 1.0252413e+02 
3.500e+01 ; 1.120e+01 ; 6.000e-01 ; 6.8145001e+01 ; 1.0251734e+02 
3.500e+01 ; 1.120e+01 ; 6.000e-01 ; 6.8209001e+01 ; 1.0250400e+02 
3.500e+01 ; 1.120e+01 ; 6.000e-01 ; 6.8337001e+01 ; 1.0247842e+02 
3.500e+01 ; 1.120e+01 ; 6.000e-01 ; 6.8593001e+01 ; 1.0243298e+02 
3.500e+01 ; 1.120e+01 ; 6.000e-01 ; 6.9000001e+01 ; 1.0237955e+02 
3.500e+01 ; 1.120e+01 ; 6.000e-01 ; 6.9000001e+01 ; 1.0237955e+02 
3.500e+01 ; 1.120e+01 ; 6.000e-01 ; 6.9001001e+01 ; 1.0237941e+02 
3.500e+01 ; 1.120e+01 ; 6.000e-01 ; 6.9002001e+01 ; 1.0237928e+02 
3.500e+01 ; 1.120e+01 ; 6.000e-01 ; 6.9003001e+01 ; 1.0237915e+02 
3.500e+01 ; 1.120e+01 ; 6.000e-01 ; 6.9005001e+01 ; 1.0237889e+02 
3.500e+01 ; 1.120e+01 ; 6.000e-01 ; 6.9009001e+01 ; 1.0237837e+02 
3.500e+01 ; 1.120e+01 ; 6.000e-01 ; 6.9017001e+01 ; 1.0237733e+02 
3.500e+01 ; 1.120e+01 ; 6.000e-01 ; 6.9033001e+01 ; 1.0237529e+02 
3.500e+01 ; 1.120e+01 ; 6.000e-01 ; 6.9065001e+01 ; 1.0237133e+02 
3.500e+01 ; 1.120e+01 ; 6.000e-01 ; 6.9129001e+01 ; 1.0236391e+02 
3.500e+01 ; 1.120e+01 ; 6.000e-01 ; 6.9257001e+01 ; 1.0235127e+02 
3.500e+01 ; 1.120e+01 ; 6.000e-01 ; 6.9513001e+01 ; 1.0233612e+02 
3.500e+01 ; 1.120e+01 ; 6.000e-01 ; 6.9920001e+01 ; 1.0234146e+02 
3.500e+01 ; 1.120e+01 ; 6.000e-01 ; 6.9920001e+01 ; 1.0234146e+02 
3.500e+01 ; 1.120e+01 ; 6.000e-01 ; 6.9921001e+01 ; 1.0234148e+02 
3.500e+01 ; 1.120e+01 ; 6.000e-01 ; 6.9922001e+01 ; 1.0234148e+02 
3.500e+01 ; 1.120e+01 ; 6.000e-01 ; 6.9923001e+01 ; 1.0234150e+02 
3.500e+01 ; 1.120e+01 ; 6.000e-01 ; 6.9925001e+01 ; 1.0234153e+02 
3.500e+01 ; 1.120e+01 ; 6.000e-01 ; 6.9929001e+01 ; 1.0234159e+02 
3.500e+01 ; 1.120e+01 ; 6.000e-01 ; 6.9937001e+01 ; 1.0234172e+02 
3.500e+01 ; 1.120e+01 ; 6.000e-01 ; 6.9953001e+01 ; 1.0234203e+02 
3.500e+01 ; 1.120e+01 ; 6.000e-01 ; 6.9985001e+01 ; 1.0234282e+02 
3.500e+01 ; 1.120e+01 ; 6.000e-01 ; 7.0049001e+01 ; 1.0234516e+02 
3.500e+01 ; 1.120e+01 ; 6.000e-01 ; 7.0177001e+01 ; 1.0235292e+02 
3.500e+01 ; 1.120e+01 ; 6.000e-01 ; 7.0433001e+01 ; 1.0238071e+02 
3.500e+01 ; 1.120e+01 ; 6.000e-01 ; 7.0840001e+01 ; 1.0245303e+02 
3.500e+01 ; 1.120e+01 ; 6.000e-01 ; 7.0840001e+01 ; 1.0245303e+02 
3.500e+01 ; 1.120e+01 ; 6.000e-01 ; 7.0841001e+01 ; 1.0245322e+02 
3.500e+01 ; 1.120e+01 ; 6.000e-01 ; 7.0842001e+01 ; 1.0245339e+02 
3.500e+01 ; 1.120e+01 ; 6.000e-01 ; 7.0843001e+01 ; 1.0245357e+02 
3.500e+01 ; 1.120e+01 ; 6.000e-01 ; 7.0845001e+01 ; 1.0245393e+02 
3.500e+01 ; 1.120e+01 ; 6.000e-01 ; 7.0849001e+01 ; 1.0245464e+02 
3.500e+01 ; 1.120e+01 ; 6.000e-01 ; 7.0857001e+01 ; 1.0245609e+02 
3.500e+01 ; 1.120e+01 ; 6.000e-01 ; 7.0873001e+01 ; 1.0245902e+02 
3.500e+01 ; 1.120e+01 ; 6.000e-01 ; 7.0905001e+01 ; 1.0246506e+02 
3.500e+01 ; 1.120e+01 ; 6.000e-01 ; 7.0969001e+01 ; 1.0247780e+02 
3.500e+01 ; 1.120e+01 ; 6.000e-01 ; 7.1097001e+01 ; 1.0250582e+02 
3.500e+01 ; 1.120e+01 ; 6.000e-01 ; 7.1353001e+01 ; 1.0257071e+02 
3.500e+01 ; 1.120e+01 ; 6.000e-01 ; 7.1760001e+01 ; 1.0269038e+02 
3.500e+01 ; 1.120e+01 ; 6.000e-01 ; 7.1760001e+01 ; 1.0269038e+02 
3.500e+01 ; 1.120e+01 ; 6.000e-01 ; 7.1761001e+01 ; 1.0269067e+02 
3.500e+01 ; 1.120e+01 ; 6.000e-01 ; 7.1762001e+01 ; 1.0269096e+02 
3.500e+01 ; 1.120e+01 ; 6.000e-01 ; 7.1763001e+01 ; 1.0269126e+02 
3.500e+01 ; 1.120e+01 ; 6.000e-01 ; 7.1765001e+01 ; 1.0269185e+02 
3.500e+01 ; 1.120e+01 ; 6.000e-01 ; 7.1769001e+01 ; 1.0269302e+02 
3.500e+01 ; 1.120e+01 ; 6.000e-01 ; 7.1777001e+01 ; 1.0269539e+02 
3.500e+01 ; 1.120e+01 ; 6.000e-01 ; 7.1793001e+01 ; 1.0270015e+02 
3.500e+01 ; 1.120e+01 ; 6.000e-01 ; 7.1825001e+01 ; 1.0270975e+02 
3.500e+01 ; 1.120e+01 ; 6.000e-01 ; 7.1889001e+01 ; 1.0272933e+02 
3.500e+01 ; 1.120e+01 ; 6.000e-01 ; 7.2017001e+01 ; 1.0276974e+02 
3.500e+01 ; 1.120e+01 ; 6.000e-01 ; 7.2273001e+01 ; 1.0285410e+02 
3.500e+01 ; 1.120e+01 ; 6.000e-01 ; 7.2680001e+01 ; 1.0299181e+02 
3.500e+01 ; 1.120e+01 ; 6.000e-01 ; 7.2680001e+01 ; 1.0299181e+02 
3.500e+01 ; 1.120e+01 ; 6.000e-01 ; 7.2681001e+01 ; 1.0299215e+02 
3.500e+01 ; 1.120e+01 ; 6.000e-01 ; 7.2682001e+01 ; 1.0299249e+02 
3.500e+01 ; 1.120e+01 ; 6.000e-01 ; 7.2683001e+01 ; 1.0299282e+02 
3.500e+01 ; 1.120e+01 ; 6.000e-01 ; 7.2685001e+01 ; 1.0299350e+02 
3.500e+01 ; 1.120e+01 ; 6.000e-01 ; 7.2689001e+01 ; 1.0299486e+02 
3.500e+01 ; 1.120e+01 ; 6.000e-01 ; 7.2697001e+01 ; 1.0299757e+02 
3.500e+01 ; 1.120e+01 ; 6.000e-01 ; 7.2713001e+01 ; 1.0300299e+02 
3.500e+01 ; 1.120e+01 ; 6.000e-01 ; 7.2745001e+01 ; 1.0301385e+02 
3.500e+01 ; 1.120e+01 ; 6.000e-01 ; 7.2809001e+01 ; 1.0303564e+02 
3.500e+01 ; 1.120e+01 ; 6.000e-01 ; 7.2937001e+01 ; 1.0307924e+02 
3.500e+01 ; 1.120e+01 ; 6.000e-01 ; 7.3193001e+01 ; 1.0316551e+02 
3.500e+01 ; 1.120e+01 ; 6.000e-01 ; 7.3600001e+01 ; 1.0329681e+02 
3.500e+01 ; 1.120e+01 ; 6.000e-01 ; 7.3600001e+01 ; 1.0329681e+02 
3.500e+01 ; 1.120e+01 ; 6.000e-01 ; 7.3601001e+01 ; 1.0329713e+02 
3.500e+01 ; 1.120e+01 ; 6.000e-01 ; 7.3602001e+01 ; 1.0329745e+02 
3.500e+01 ; 1.120e+01 ; 6.000e-01 ; 7.3603001e+01 ; 1.0329778e+02 
3.500e+01 ; 1.120e+01 ; 6.000e-01 ; 7.3605001e+01 ; 1.0329842e+02 
3.500e+01 ; 1.120e+01 ; 6.000e-01 ; 7.3609001e+01 ; 1.0329971e+02 
3.500e+01 ; 1.120e+01 ; 6.000e-01 ; 7.3617001e+01 ; 1.0330228e+02 
3.500e+01 ; 1.120e+01 ; 6.000e-01 ; 7.3633001e+01 ; 1.0330743e+02 
3.500e+01 ; 1.120e+01 ; 6.000e-01 ; 7.3665001e+01 ; 1.0331767e+02 
3.500e+01 ; 1.120e+01 ; 6.000e-01 ; 7.3729001e+01 ; 1.0333800e+02 
3.500e+01 ; 1.120e+01 ; 6.000e-01 ; 7.3857001e+01 ; 1.0337786e+02 
3.500e+01 ; 1.120e+01 ; 6.000e-01 ; 7.4113001e+01 ; 1.0345388e+02 
3.500e+01 ; 1.120e+01 ; 6.000e-01 ; 7.4520001e+01 ; 1.0356365e+02 
3.500e+01 ; 1.120e+01 ; 6.000e-01 ; 7.4520001e+01 ; 1.0356365e+02 
3.500e+01 ; 1.120e+01 ; 6.000e-01 ; 7.4521001e+01 ; 1.0356393e+02 
3.500e+01 ; 1.120e+01 ; 6.000e-01 ; 7.4522001e+01 ; 1.0356419e+02 
3.500e+01 ; 1.120e+01 ; 6.000e-01 ; 7.4523001e+01 ; 1.0356446e+02 
3.500e+01 ; 1.120e+01 ; 6.000e-01 ; 7.4525001e+01 ; 1.0356500e+02 
3.500e+01 ; 1.120e+01 ; 6.000e-01 ; 7.4529001e+01 ; 1.0356608e+02 
3.500e+01 ; 1.120e+01 ; 6.000e-01 ; 7.4537001e+01 ; 1.0356823e+02 
3.500e+01 ; 1.120e+01 ; 6.000e-01 ; 7.4553001e+01 ; 1.0357251e+02 
3.500e+01 ; 1.120e+01 ; 6.000e-01 ; 7.4585001e+01 ; 1.0358099e+02 
3.500e+01 ; 1.120e+01 ; 6.000e-01 ; 7.4649001e+01 ; 1.0359769e+02 
3.500e+01 ; 1.120e+01 ; 6.000e-01 ; 7.4777001e+01 ; 1.0362989e+02 
3.500e+01 ; 1.120e+01 ; 6.000e-01 ; 7.5033001e+01 ; 1.0368934e+02 
3.500e+01 ; 1.120e+01 ; 6.000e-01 ; 7.5440001e+01 ; 1.0377093e+02 
3.500e+01 ; 1.120e+01 ; 6.000e-01 ; 7.5440001e+01 ; 1.0377093e+02 
3.500e+01 ; 1.120e+01 ; 6.000e-01 ; 7.5441001e+01 ; 1.0377113e+02 
3.500e+01 ; 1.120e+01 ; 6.000e-01 ; 7.5442001e+01 ; 1.0377133e+02 
3.500e+01 ; 1.120e+01 ; 6.000e-01 ; 7.5443001e+01 ; 1.0377153e+02 
3.500e+01 ; 1.120e+01 ; 6.000e-01 ; 7.5445001e+01 ; 1.0377193e+02 
3.500e+01 ; 1.120e+01 ; 6.000e-01 ; 7.5449001e+01 ; 1.0377273e+02 
3.500e+01 ; 1.120e+01 ; 6.000e-01 ; 7.5457001e+01 ; 1.0377432e+02 
3.500e+01 ; 1.120e+01 ; 6.000e-01 ; 7.5473001e+01 ; 1.0377749e+02 
3.500e+01 ; 1.120e+01 ; 6.000e-01 ; 7.5505001e+01 ; 1.0378374e+02 
3.500e+01 ; 1.120e+01 ; 6.000e-01 ; 7.5569001e+01 ; 1.0379592e+02 
3.500e+01 ; 1.120e+01 ; 6.000e-01 ; 7.5697001e+01 ; 1.0381899e+02 
3.500e+01 ; 1.120e+01 ; 6.000e-01 ; 7.5953001e+01 ; 1.0385999e+02 
3.500e+01 ; 1.120e+01 ; 6.000e-01 ; 7.6360001e+01 ; 1.0391257e+02 
3.500e+01 ; 1.120e+01 ; 6.000e-01 ; 7.6360001e+01 ; 1.0391257e+02 
3.500e+01 ; 1.120e+01 ; 6.000e-01 ; 7.6361001e+01 ; 1.0391270e+02 
3.500e+01 ; 1.120e+01 ; 6.000e-01 ; 7.6362001e+01 ; 1.0391283e+02 
3.500e+01 ; 1.120e+01 ; 6.000e-01 ; 7.6363001e+01 ; 1.0391296e+02 
3.500e+01 ; 1.120e+01 ; 6.000e-01 ; 7.6365001e+01 ; 1.0391322e+02 
3.500e+01 ; 1.120e+01 ; 6.000e-01 ; 7.6369001e+01 ; 1.0391373e+02 
3.500e+01 ; 1.120e+01 ; 6.000e-01 ; 7.6377001e+01 ; 1.0391475e+02 
3.500e+01 ; 1.120e+01 ; 6.000e-01 ; 7.6393001e+01 ; 1.0391678e+02 
3.500e+01 ; 1.120e+01 ; 6.000e-01 ; 7.6425001e+01 ; 1.0392075e+02 
3.500e+01 ; 1.120e+01 ; 6.000e-01 ; 7.6489001e+01 ; 1.0392840e+02 
3.500e+01 ; 1.120e+01 ; 6.000e-01 ; 7.6617001e+01 ; 1.0394247e+02 
3.500e+01 ; 1.120e+01 ; 6.000e-01 ; 7.6873001e+01 ; 1.0396589e+02 
3.500e+01 ; 1.120e+01 ; 6.000e-01 ; 7.7280001e+01 ; 1.0399199e+02 
3.500e+01 ; 1.120e+01 ; 6.000e-01 ; 7.7280001e+01 ; 1.0399199e+02 
3.500e+01 ; 1.120e+01 ; 6.000e-01 ; 7.7281001e+01 ; 1.0399205e+02 
3.500e+01 ; 1.120e+01 ; 6.000e-01 ; 7.7282001e+01 ; 1.0399211e+02 
3.500e+01 ; 1.120e+01 ; 6.000e-01 ; 7.7283001e+01 ; 1.0399218e+02 
3.500e+01 ; 1.120e+01 ; 6.000e-01 ; 7.7285001e+01 ; 1.0399230e+02 
3.500e+01 ; 1.120e+01 ; 6.000e-01 ; 7.7289001e+01 ; 1.0399256e+02 
3.500e+01 ; 1.120e+01 ; 6.000e-01 ; 7.7297001e+01 ; 1.0399306e+02 
3.500e+01 ; 1.120e+01 ; 6.000e-01 ; 7.7313001e+01 ; 1.0399406e+02 
3.500e+01 ; 1.120e+01 ; 6.000e-01 ; 7.7345001e+01 ; 1.0399596e+02 
3.500e+01 ; 1.120e+01 ; 6.000e-01 ; 7.7409001e+01 ; 1.0399952e+02 
3.500e+01 ; 1.120e+01 ; 6.000e-01 ; 7.7537001e+01 ; 1.0400558e+02 
3.500e+01 ; 1.120e+01 ; 6.000e-01 ; 7.7793001e+01 ; 1.0401369e+02 
3.500e+01 ; 1.120e+01 ; 6.000e-01 ; 7.8200001e+01 ; 1.0401737e+02 
3.500e+01 ; 1.120e+01 ; 6.000e-01 ; 7.8200001e+01 ; 1.0401737e+02 
3.500e+01 ; 1.120e+01 ; 6.000e-01 ; 7.8201001e+01 ; 1.0401738e+02 
3.500e+01 ; 1.120e+01 ; 6.000e-01 ; 7.8202001e+01 ; 1.0401739e+02 
3.500e+01 ; 1.120e+01 ; 6.000e-01 ; 7.8203001e+01 ; 1.0401740e+02 
3.500e+01 ; 1.120e+01 ; 6.000e-01 ; 7.8205001e+01 ; 1.0401742e+02 
3.500e+01 ; 1.120e+01 ; 6.000e-01 ; 7.8209001e+01 ; 1.0401745e+02 
3.500e+01 ; 1.120e+01 ; 6.000e-01 ; 7.8217001e+01 ; 1.0401752e+02 
3.500e+01 ; 1.120e+01 ; 6.000e-01 ; 7.8233001e+01 ; 1.0401763e+02 
3.500e+01 ; 1.120e+01 ; 6.000e-01 ; 7.8265001e+01 ; 1.0401781e+02 
3.500e+01 ; 1.120e+01 ; 6.000e-01 ; 7.8329001e+01 ; 1.0401793e+02 
3.500e+01 ; 1.120e+01 ; 6.000e-01 ; 7.8457001e+01 ; 1.0401733e+02 
3.500e+01 ; 1.120e+01 ; 6.000e-01 ; 7.8713001e+01 ; 1.0401291e+02 
3.500e+01 ; 1.120e+01 ; 6.000e-01 ; 7.9120001e+01 ; 1.0399863e+02 
3.500e+01 ; 1.120e+01 ; 6.000e-01 ; 7.9120001e+01 ; 1.0399863e+02 
3.500e+01 ; 1.120e+01 ; 6.000e-01 ; 7.9121001e+01 ; 1.0399859e+02 
3.500e+01 ; 1.120e+01 ; 6.000e-01 ; 7.9122001e+01 ; 1.0399856e+02 
3.500e+01 ; 1.120e+01 ; 6.000e-01 ; 7.9123001e+01 ; 1.0399852e+02 
3.500e+01 ; 1.120e+01 ; 6.000e-01 ; 7.9125001e+01 ; 1.0399845e+02 
3.500e+01 ; 1.120e+01 ; 6.000e-01 ; 7.9129001e+01 ; 1.0399831e+02 
3.500e+01 ; 1.120e+01 ; 6.000e-01 ; 7.9137001e+01 ; 1.0399802e+02 
3.500e+01 ; 1.120e+01 ; 6.000e-01 ; 7.9153001e+01 ; 1.0399744e+02 
3.500e+01 ; 1.120e+01 ; 6.000e-01 ; 7.9185001e+01 ; 1.0399622e+02 
3.500e+01 ; 1.120e+01 ; 6.000e-01 ; 7.9249001e+01 ; 1.0399362e+02 
3.500e+01 ; 1.120e+01 ; 6.000e-01 ; 7.9377001e+01 ; 1.0398776e+02 
3.500e+01 ; 1.120e+01 ; 6.000e-01 ; 7.9633001e+01 ; 1.0397359e+02 
3.500e+01 ; 1.120e+01 ; 6.000e-01 ; 8.0040001e+01 ; 1.0394569e+02 
3.500e+01 ; 1.120e+01 ; 6.000e-01 ; 8.0040001e+01 ; 1.0394569e+02 
3.500e+01 ; 1.120e+01 ; 6.000e-01 ; 8.0041001e+01 ; 1.0394563e+02 
3.500e+01 ; 1.120e+01 ; 6.000e-01 ; 8.0042001e+01 ; 1.0394556e+02 
3.500e+01 ; 1.120e+01 ; 6.000e-01 ; 8.0043001e+01 ; 1.0394549e+02 
3.500e+01 ; 1.120e+01 ; 6.000e-01 ; 8.0045001e+01 ; 1.0394535e+02 
3.500e+01 ; 1.120e+01 ; 6.000e-01 ; 8.0049001e+01 ; 1.0394508e+02 
3.500e+01 ; 1.120e+01 ; 6.000e-01 ; 8.0057001e+01 ; 1.0394453e+02 
3.500e+01 ; 1.120e+01 ; 6.000e-01 ; 8.0073001e+01 ; 1.0394341e+02 
3.500e+01 ; 1.120e+01 ; 6.000e-01 ; 8.0105001e+01 ; 1.0394115e+02 
3.500e+01 ; 1.120e+01 ; 6.000e-01 ; 8.0169001e+01 ; 1.0393651e+02 
3.500e+01 ; 1.120e+01 ; 6.000e-01 ; 8.0297001e+01 ; 1.0392673e+02 
3.500e+01 ; 1.120e+01 ; 6.000e-01 ; 8.0553001e+01 ; 1.0390549e+02 
3.500e+01 ; 1.120e+01 ; 6.000e-01 ; 8.0960001e+01 ; 1.0386832e+02 
3.500e+01 ; 1.120e+01 ; 6.000e-01 ; 8.0960001e+01 ; 1.0386832e+02 
3.500e+01 ; 1.120e+01 ; 6.000e-01 ; 8.0961001e+01 ; 1.0386823e+02 
3.500e+01 ; 1.120e+01 ; 6.000e-01 ; 8.0962001e+01 ; 1.0386813e+02 
3.500e+01 ; 1.120e+01 ; 6.000e-01 ; 8.0963001e+01 ; 1.0386804e+02 
3.500e+01 ; 1.120e+01 ; 6.000e-01 ; 8.0965001e+01 ; 1.0386786e+02 
3.500e+01 ; 1.120e+01 ; 6.000e-01 ; 8.0969001e+01 ; 1.0386749e+02 
3.500e+01 ; 1.120e+01 ; 6.000e-01 ; 8.0977001e+01 ; 1.0386676e+02 
3.500e+01 ; 1.120e+01 ; 6.000e-01 ; 8.0993001e+01 ; 1.0386529e+02 
3.500e+01 ; 1.120e+01 ; 6.000e-01 ; 8.1025001e+01 ; 1.0386232e+02 
3.500e+01 ; 1.120e+01 ; 6.000e-01 ; 8.1089001e+01 ; 1.0385632e+02 
3.500e+01 ; 1.120e+01 ; 6.000e-01 ; 8.1217001e+01 ; 1.0384402e+02 
3.500e+01 ; 1.120e+01 ; 6.000e-01 ; 8.1473001e+01 ; 1.0381860e+02 
3.500e+01 ; 1.120e+01 ; 6.000e-01 ; 8.1880001e+01 ; 1.0377721e+02 
3.500e+01 ; 1.120e+01 ; 6.000e-01 ; 8.1880001e+01 ; 1.0377721e+02 
3.500e+01 ; 1.120e+01 ; 6.000e-01 ; 8.1881001e+01 ; 1.0377711e+02 
3.500e+01 ; 1.120e+01 ; 6.000e-01 ; 8.1882001e+01 ; 1.0377701e+02 
3.500e+01 ; 1.120e+01 ; 6.000e-01 ; 8.1883001e+01 ; 1.0377691e+02 
3.500e+01 ; 1.120e+01 ; 6.000e-01 ; 8.1885001e+01 ; 1.0377670e+02 
3.500e+01 ; 1.120e+01 ; 6.000e-01 ; 8.1889001e+01 ; 1.0377630e+02 
3.500e+01 ; 1.120e+01 ; 6.000e-01 ; 8.1897001e+01 ; 1.0377548e+02 
3.500e+01 ; 1.120e+01 ; 6.000e-01 ; 8.1913001e+01 ; 1.0377386e+02 
3.500e+01 ; 1.120e+01 ; 6.000e-01 ; 8.1945001e+01 ; 1.0377059e+02 
3.500e+01 ; 1.120e+01 ; 6.000e-01 ; 8.2009001e+01 ; 1.0376405e+02 
3.500e+01 ; 1.120e+01 ; 6.000e-01 ; 8.2137001e+01 ; 1.0375095e+02 
3.500e+01 ; 1.120e+01 ; 6.000e-01 ; 8.2393001e+01 ; 1.0372507e+02 
3.500e+01 ; 1.120e+01 ; 6.000e-01 ; 8.2800002e+01 ; 1.0368639e+02 
3.500e+01 ; 1.120e+01 ; 6.000e-01 ; 8.2800002e+01 ; 1.0368639e+02 
3.500e+01 ; 1.120e+01 ; 6.000e-01 ; 8.2801002e+01 ; 1.0368630e+02 
3.500e+01 ; 1.120e+01 ; 6.000e-01 ; 8.2802002e+01 ; 1.0368620e+02 
3.500e+01 ; 1.120e+01 ; 6.000e-01 ; 8.2803002e+01 ; 1.0368611e+02 
3.500e+01 ; 1.120e+01 ; 6.000e-01 ; 8.2805002e+01 ; 1.0368592e+02 
3.500e+01 ; 1.120e+01 ; 6.000e-01 ; 8.2809002e+01 ; 1.0368554e+02 
3.500e+01 ; 1.120e+01 ; 6.000e-01 ; 8.2817002e+01 ; 1.0368478e+02 
3.500e+01 ; 1.120e+01 ; 6.000e-01 ; 8.2833002e+01 ; 1.0368327e+02 
3.500e+01 ; 1.120e+01 ; 6.000e-01 ; 8.2865001e+01 ; 1.0368026e+02 
3.500e+01 ; 1.120e+01 ; 6.000e-01 ; 8.2929001e+01 ; 1.0367432e+02 
3.500e+01 ; 1.120e+01 ; 6.000e-01 ; 8.3057002e+01 ; 1.0366279e+02 
3.500e+01 ; 1.120e+01 ; 6.000e-01 ; 8.3313002e+01 ; 1.0364162e+02 
3.500e+01 ; 1.120e+01 ; 6.000e-01 ; 8.3720002e+01 ; 1.0361471e+02 
3.500e+01 ; 1.120e+01 ; 6.000e-01 ; 8.3720002e+01 ; 1.0361471e+02 
3.500e+01 ; 1.120e+01 ; 6.000e-01 ; 8.3721002e+01 ; 1.0361465e+02 
3.500e+01 ; 1.120e+01 ; 6.000e-01 ; 8.3722002e+01 ; 1.0361458e+02 
3.500e+01 ; 1.120e+01 ; 6.000e-01 ; 8.3723002e+01 ; 1.0361451e+02 
3.500e+01 ; 1.120e+01 ; 6.000e-01 ; 8.3725002e+01 ; 1.0361438e+02 
3.500e+01 ; 1.120e+01 ; 6.000e-01 ; 8.3729002e+01 ; 1.0361412e+02 
3.500e+01 ; 1.120e+01 ; 6.000e-01 ; 8.3737002e+01 ; 1.0361359e+02 
3.500e+01 ; 1.120e+01 ; 6.000e-01 ; 8.3753002e+01 ; 1.0361256e+02 
3.500e+01 ; 1.120e+01 ; 6.000e-01 ; 8.3785002e+01 ; 1.0361053e+02 
3.500e+01 ; 1.120e+01 ; 6.000e-01 ; 8.3849002e+01 ; 1.0360665e+02 
3.500e+01 ; 1.120e+01 ; 6.000e-01 ; 8.3977002e+01 ; 1.0359969e+02 
3.500e+01 ; 1.120e+01 ; 6.000e-01 ; 8.4233002e+01 ; 1.0358931e+02 
3.500e+01 ; 1.120e+01 ; 6.000e-01 ; 8.4640002e+01 ; 1.0358285e+02 
3.500e+01 ; 1.120e+01 ; 6.000e-01 ; 8.4640002e+01 ; 1.0358285e+02 
3.500e+01 ; 1.120e+01 ; 6.000e-01 ; 8.4641002e+01 ; 1.0358283e+02 
3.500e+01 ; 1.120e+01 ; 6.000e-01 ; 8.4642002e+01 ; 1.0358282e+02 
3.500e+01 ; 1.120e+01 ; 6.000e-01 ; 8.4643002e+01 ; 1.0358280e+02 
3.500e+01 ; 1.120e+01 ; 6.000e-01 ; 8.4645002e+01 ; 1.0358277e+02 
3.500e+01 ; 1.120e+01 ; 6.000e-01 ; 8.4649002e+01 ; 1.0358271e+02 
3.500e+01 ; 1.120e+01 ; 6.000e-01 ; 8.4657002e+01 ; 1.0358259e+02 
3.500e+01 ; 1.120e+01 ; 6.000e-01 ; 8.4673002e+01 ; 1.0358237e+02 
3.500e+01 ; 1.120e+01 ; 6.000e-01 ; 8.4705002e+01 ; 1.0358199e+02 
3.500e+01 ; 1.120e+01 ; 6.000e-01 ; 8.4769002e+01 ; 1.0358148e+02 
3.500e+01 ; 1.120e+01 ; 6.000e-01 ; 8.4897002e+01 ; 1.0358152e+02 
3.500e+01 ; 1.120e+01 ; 6.000e-01 ; 8.5153002e+01 ; 1.0358583e+02 
3.500e+01 ; 1.120e+01 ; 6.000e-01 ; 8.5560002e+01 ; 1.0360310e+02 
3.500e+01 ; 1.120e+01 ; 6.000e-01 ; 8.5560002e+01 ; 1.0360310e+02 
3.500e+01 ; 1.120e+01 ; 6.000e-01 ; 8.5561002e+01 ; 1.0360314e+02 
3.500e+01 ; 1.120e+01 ; 6.000e-01 ; 8.5562002e+01 ; 1.0360319e+02 
3.500e+01 ; 1.120e+01 ; 6.000e-01 ; 8.5563002e+01 ; 1.0360323e+02 
3.500e+01 ; 1.120e+01 ; 6.000e-01 ; 8.5565002e+01 ; 1.0360332e+02 
3.500e+01 ; 1.120e+01 ; 6.000e-01 ; 8.5569002e+01 ; 1.0360349e+02 
3.500e+01 ; 1.120e+01 ; 6.000e-01 ; 8.5577002e+01 ; 1.0360384e+02 
3.500e+01 ; 1.120e+01 ; 6.000e-01 ; 8.5593002e+01 ; 1.0360455e+02 
3.500e+01 ; 1.120e+01 ; 6.000e-01 ; 8.5625002e+01 ; 1.0360603e+02 
3.500e+01 ; 1.120e+01 ; 6.000e-01 ; 8.5689002e+01 ; 1.0360926e+02 
3.500e+01 ; 1.120e+01 ; 6.000e-01 ; 8.5817002e+01 ; 1.0361671e+02 
3.500e+01 ; 1.120e+01 ; 6.000e-01 ; 8.6073002e+01 ; 1.0363537e+02 
3.500e+01 ; 1.120e+01 ; 6.000e-01 ; 8.6480002e+01 ; 1.0367321e+02 
3.500e+01 ; 1.120e+01 ; 6.000e-01 ; 8.6480002e+01 ; 1.0367321e+02 
3.500e+01 ; 1.120e+01 ; 6.000e-01 ; 8.6481002e+01 ; 1.0367330e+02 
3.500e+01 ; 1.120e+01 ; 6.000e-01 ; 8.6482002e+01 ; 1.0367339e+02 
3.500e+01 ; 1.120e+01 ; 6.000e-01 ; 8.6483002e+01 ; 1.0367349e+02 
3.500e+01 ; 1.120e+01 ; 6.000e-01 ; 8.6485002e+01 ; 1.0367368e+02 
3.500e+01 ; 1.120e+01 ; 6.000e-01 ; 8.6489002e+01 ; 1.0367405e+02 
3.500e+01 ; 1.120e+01 ; 6.000e-01 ; 8.6497002e+01 ; 1.0367480e+02 
3.500e+01 ; 1.120e+01 ; 6.000e-01 ; 8.6513002e+01 ; 1.0367632e+02 
3.500e+01 ; 1.120e+01 ; 6.000e-01 ; 8.6545002e+01 ; 1.0367939e+02 
3.500e+01 ; 1.120e+01 ; 6.000e-01 ; 8.6609002e+01 ; 1.0368574e+02 
3.500e+01 ; 1.120e+01 ; 6.000e-01 ; 8.6737002e+01 ; 1.0369915e+02 
3.500e+01 ; 1.120e+01 ; 6.000e-01 ; 8.6993002e+01 ; 1.0372849e+02 
3.500e+01 ; 1.120e+01 ; 6.000e-01 ; 8.7400002e+01 ; 1.0377993e+02 
3.500e+01 ; 1.120e+01 ; 6.000e-01 ; 8.7400002e+01 ; 1.0377993e+02 
3.500e+01 ; 1.120e+01 ; 6.000e-01 ; 8.7401002e+01 ; 1.0378006e+02 
3.500e+01 ; 1.120e+01 ; 6.000e-01 ; 8.7402002e+01 ; 1.0378018e+02 
3.500e+01 ; 1.120e+01 ; 6.000e-01 ; 8.7403002e+01 ; 1.0378031e+02 
3.500e+01 ; 1.120e+01 ; 6.000e-01 ; 8.7405002e+01 ; 1.0378056e+02 
3.500e+01 ; 1.120e+01 ; 6.000e-01 ; 8.7409002e+01 ; 1.0378107e+02 
3.500e+01 ; 1.120e+01 ; 6.000e-01 ; 8.7417002e+01 ; 1.0378208e+02 
3.500e+01 ; 1.120e+01 ; 6.000e-01 ; 8.7433002e+01 ; 1.0378412e+02 
3.500e+01 ; 1.120e+01 ; 6.000e-01 ; 8.7465002e+01 ; 1.0378822e+02 
3.500e+01 ; 1.120e+01 ; 6.000e-01 ; 8.7529002e+01 ; 1.0379653e+02 
3.500e+01 ; 1.120e+01 ; 6.000e-01 ; 8.7657002e+01 ; 1.0381353e+02 
3.500e+01 ; 1.120e+01 ; 6.000e-01 ; 8.7913002e+01 ; 1.0384863e+02 
3.500e+01 ; 1.120e+01 ; 6.000e-01 ; 8.8320002e+01 ; 1.0390582e+02 
3.500e+01 ; 1.120e+01 ; 6.000e-01 ; 8.8320002e+01 ; 1.0390582e+02 
3.500e+01 ; 1.120e+01 ; 6.000e-01 ; 8.8321002e+01 ; 1.0390596e+02 
3.500e+01 ; 1.120e+01 ; 6.000e-01 ; 8.8322002e+01 ; 1.0390611e+02 
3.500e+01 ; 1.120e+01 ; 6.000e-01 ; 8.8323002e+01 ; 1.0390624e+02 
3.500e+01 ; 1.120e+01 ; 6.000e-01 ; 8.8325002e+01 ; 1.0390652e+02 
3.500e+01 ; 1.120e+01 ; 6.000e-01 ; 8.8329002e+01 ; 1.0390709e+02 
3.500e+01 ; 1.120e+01 ; 6.000e-01 ; 8.8337002e+01 ; 1.0390821e+02 
3.500e+01 ; 1.120e+01 ; 6.000e-01 ; 8.8353002e+01 ; 1.0391047e+02 
3.500e+01 ; 1.120e+01 ; 6.000e-01 ; 8.8385002e+01 ; 1.0391498e+02 
3.500e+01 ; 1.120e+01 ; 6.000e-01 ; 8.8449002e+01 ; 1.0392403e+02 
3.500e+01 ; 1.120e+01 ; 6.000e-01 ; 8.8577002e+01 ; 1.0394217e+02 
3.500e+01 ; 1.120e+01 ; 6.000e-01 ; 8.8833002e+01 ; 1.0397836e+02 
3.500e+01 ; 1.120e+01 ; 6.000e-01 ; 8.9240002e+01 ; 1.0403454e+02 
3.500e+01 ; 1.120e+01 ; 6.000e-01 ; 8.9240002e+01 ; 1.0403454e+02 
3.500e+01 ; 1.120e+01 ; 6.000e-01 ; 8.9241002e+01 ; 1.0403468e+02 
3.500e+01 ; 1.120e+01 ; 6.000e-01 ; 8.9242002e+01 ; 1.0403481e+02 
3.500e+01 ; 1.120e+01 ; 6.000e-01 ; 8.9243002e+01 ; 1.0403495e+02 
3.500e+01 ; 1.120e+01 ; 6.000e-01 ; 8.9245002e+01 ; 1.0403522e+02 
3.500e+01 ; 1.120e+01 ; 6.000e-01 ; 8.9249002e+01 ; 1.0403577e+02 
3.500e+01 ; 1.120e+01 ; 6.000e-01 ; 8.9257002e+01 ; 1.0403688e+02 
3.500e+01 ; 1.120e+01 ; 6.000e-01 ; 8.9273002e+01 ; 1.0403909e+02 
3.500e+01 ; 1.120e+01 ; 6.000e-01 ; 8.9305002e+01 ; 1.0404348e+02 
3.500e+01 ; 1.120e+01 ; 6.000e-01 ; 8.9369002e+01 ; 1.0405224e+02 
3.500e+01 ; 1.120e+01 ; 6.000e-01 ; 8.9497002e+01 ; 1.0406956e+02 
3.500e+01 ; 1.120e+01 ; 6.000e-01 ; 8.9753002e+01 ; 1.0410319e+02 
3.500e+01 ; 1.120e+01 ; 6.000e-01 ; 9.0160002e+01 ; 1.0415347e+02 
3.500e+01 ; 1.120e+01 ; 6.000e-01 ; 9.0160002e+01 ; 1.0415347e+02 
3.500e+01 ; 1.120e+01 ; 6.000e-01 ; 9.0161002e+01 ; 1.0415359e+02 
3.500e+01 ; 1.120e+01 ; 6.000e-01 ; 9.0162002e+01 ; 1.0415371e+02 
3.500e+01 ; 1.120e+01 ; 6.000e-01 ; 9.0163002e+01 ; 1.0415383e+02 
3.500e+01 ; 1.120e+01 ; 6.000e-01 ; 9.0165002e+01 ; 1.0415408e+02 
3.500e+01 ; 1.120e+01 ; 6.000e-01 ; 9.0169002e+01 ; 1.0415457e+02 
3.500e+01 ; 1.120e+01 ; 6.000e-01 ; 9.0177002e+01 ; 1.0415556e+02 
3.500e+01 ; 1.120e+01 ; 6.000e-01 ; 9.0193002e+01 ; 1.0415752e+02 
3.500e+01 ; 1.120e+01 ; 6.000e-01 ; 9.0225002e+01 ; 1.0416144e+02 
3.500e+01 ; 1.120e+01 ; 6.000e-01 ; 9.0289002e+01 ; 1.0416917e+02 
3.500e+01 ; 1.120e+01 ; 6.000e-01 ; 9.0417002e+01 ; 1.0418430e+02 
3.500e+01 ; 1.120e+01 ; 6.000e-01 ; 9.0673002e+01 ; 1.0421300e+02 
3.500e+01 ; 1.120e+01 ; 6.000e-01 ; 9.1080002e+01 ; 1.0425438e+02 
3.500e+01 ; 1.120e+01 ; 6.000e-01 ; 9.1080002e+01 ; 1.0425438e+02 
3.500e+01 ; 1.120e+01 ; 6.000e-01 ; 9.1081002e+01 ; 1.0425449e+02 
3.500e+01 ; 1.120e+01 ; 6.000e-01 ; 9.1082002e+01 ; 1.0425459e+02 
3.500e+01 ; 1.120e+01 ; 6.000e-01 ; 9.1083002e+01 ; 1.0425468e+02 
3.500e+01 ; 1.120e+01 ; 6.000e-01 ; 9.1085002e+01 ; 1.0425489e+02 
3.500e+01 ; 1.120e+01 ; 6.000e-01 ; 9.1089002e+01 ; 1.0425529e+02 
3.500e+01 ; 1.120e+01 ; 6.000e-01 ; 9.1097002e+01 ; 1.0425610e+02 
3.500e+01 ; 1.120e+01 ; 6.000e-01 ; 9.1113002e+01 ; 1.0425772e+02 
3.500e+01 ; 1.120e+01 ; 6.000e-01 ; 9.1145002e+01 ; 1.0426092e+02 
3.500e+01 ; 1.120e+01 ; 6.000e-01 ; 9.1209002e+01 ; 1.0426721e+02 
3.500e+01 ; 1.120e+01 ; 6.000e-01 ; 9.1337002e+01 ; 1.0427936e+02 
3.500e+01 ; 1.120e+01 ; 6.000e-01 ; 9.1593002e+01 ; 1.0430185e+02 
3.500e+01 ; 1.120e+01 ; 6.000e-01 ; 9.2000002e+01 ; 1.0433297e+02 
3.500e+01 ; 1.120e+01 ; 6.000e-01 ; 9.2000002e+01 ; 1.0433297e+02 
3.500e+01 ; 1.120e+01 ; 6.000e-01 ; 9.2001002e+01 ; 1.0433305e+02 
3.500e+01 ; 1.120e+01 ; 6.000e-01 ; 9.2002002e+01 ; 1.0433312e+02 
3.500e+01 ; 1.120e+01 ; 6.000e-01 ; 9.2003002e+01 ; 1.0433320e+02 
3.500e+01 ; 1.120e+01 ; 6.000e-01 ; 9.2005002e+01 ; 1.0433335e+02 
3.500e+01 ; 1.120e+01 ; 6.000e-01 ; 9.2009002e+01 ; 1.0433366e+02 
3.500e+01 ; 1.120e+01 ; 6.000e-01 ; 9.2017002e+01 ; 1.0433427e+02 
3.500e+01 ; 1.120e+01 ; 6.000e-01 ; 9.2033002e+01 ; 1.0433547e+02 
3.500e+01 ; 1.120e+01 ; 6.000e-01 ; 9.2065002e+01 ; 1.0433786e+02 
3.500e+01 ; 1.120e+01 ; 6.000e-01 ; 9.2129002e+01 ; 1.0434252e+02 
3.500e+01 ; 1.120e+01 ; 6.000e-01 ; 9.2257002e+01 ; 1.0435138e+02 
3.500e+01 ; 1.120e+01 ; 6.000e-01 ; 9.2513002e+01 ; 1.0436725e+02 
3.500e+01 ; 1.120e+01 ; 6.000e-01 ; 9.2920002e+01 ; 1.0438789e+02 
3.500e+01 ; 1.120e+01 ; 6.000e-01 ; 9.2920002e+01 ; 1.0438789e+02 
3.500e+01 ; 1.120e+01 ; 6.000e-01 ; 9.2921002e+01 ; 1.0438794e+02 
3.500e+01 ; 1.120e+01 ; 6.000e-01 ; 9.2922002e+01 ; 1.0438799e+02 
3.500e+01 ; 1.120e+01 ; 6.000e-01 ; 9.2923002e+01 ; 1.0438805e+02 
3.500e+01 ; 1.120e+01 ; 6.000e-01 ; 9.2925002e+01 ; 1.0438815e+02 
3.500e+01 ; 1.120e+01 ; 6.000e-01 ; 9.2929002e+01 ; 1.0438834e+02 
3.500e+01 ; 1.120e+01 ; 6.000e-01 ; 9.2937002e+01 ; 1.0438875e+02 
3.500e+01 ; 1.120e+01 ; 6.000e-01 ; 9.2953002e+01 ; 1.0438955e+02 
3.500e+01 ; 1.120e+01 ; 6.000e-01 ; 9.2985002e+01 ; 1.0439111e+02 
3.500e+01 ; 1.120e+01 ; 6.000e-01 ; 9.3049002e+01 ; 1.0439413e+02 
3.500e+01 ; 1.120e+01 ; 6.000e-01 ; 9.3177002e+01 ; 1.0439972e+02 
3.500e+01 ; 1.120e+01 ; 6.000e-01 ; 9.3433002e+01 ; 1.0440914e+02 
3.500e+01 ; 1.120e+01 ; 6.000e-01 ; 9.3840002e+01 ; 1.0441989e+02 
3.500e+01 ; 1.120e+01 ; 6.000e-01 ; 9.3840002e+01 ; 1.0441989e+02 
3.500e+01 ; 1.120e+01 ; 6.000e-01 ; 9.3841002e+01 ; 1.0441991e+02 
3.500e+01 ; 1.120e+01 ; 6.000e-01 ; 9.3842002e+01 ; 1.0441994e+02 
3.500e+01 ; 1.120e+01 ; 6.000e-01 ; 9.3843002e+01 ; 1.0441997e+02 
3.500e+01 ; 1.120e+01 ; 6.000e-01 ; 9.3845002e+01 ; 1.0442002e+02 
3.500e+01 ; 1.120e+01 ; 6.000e-01 ; 9.3849002e+01 ; 1.0442013e+02 
3.500e+01 ; 1.120e+01 ; 6.000e-01 ; 9.3857002e+01 ; 1.0442033e+02 
3.500e+01 ; 1.120e+01 ; 6.000e-01 ; 9.3873002e+01 ; 1.0442075e+02 
3.500e+01 ; 1.120e+01 ; 6.000e-01 ; 9.3905002e+01 ; 1.0442153e+02 
3.500e+01 ; 1.120e+01 ; 6.000e-01 ; 9.3969002e+01 ; 1.0442301e+02 
3.500e+01 ; 1.120e+01 ; 6.000e-01 ; 9.4097002e+01 ; 1.0442557e+02 
3.500e+01 ; 1.120e+01 ; 6.000e-01 ; 9.4353002e+01 ; 1.0442912e+02 
3.500e+01 ; 1.120e+01 ; 6.000e-01 ; 9.4760002e+01 ; 1.0443108e+02 
3.500e+01 ; 1.120e+01 ; 6.000e-01 ; 9.4760002e+01 ; 1.0443108e+02 
3.500e+01 ; 1.120e+01 ; 6.000e-01 ; 9.4761002e+01 ; 1.0443108e+02 
3.500e+01 ; 1.120e+01 ; 6.000e-01 ; 9.4762002e+01 ; 1.0443109e+02 
3.500e+01 ; 1.120e+01 ; 6.000e-01 ; 9.4763002e+01 ; 1.0443110e+02 
3.500e+01 ; 1.120e+01 ; 6.000e-01 ; 9.4765002e+01 ; 1.0443111e+02 
3.500e+01 ; 1.120e+01 ; 6.000e-01 ; 9.4769002e+01 ; 1.0443112e+02 
3.500e+01 ; 1.120e+01 ; 6.000e-01 ; 9.4777002e+01 ; 1.0443116e+02 
3.500e+01 ; 1.120e+01 ; 6.000e-01 ; 9.4793002e+01 ; 1.0443122e+02 
3.500e+01 ; 1.120e+01 ; 6.000e-01 ; 9.4825002e+01 ; 1.0443134e+02 
3.500e+01 ; 1.120e+01 ; 6.000e-01 ; 9.4889002e+01 ; 1.0443147e+02 
3.500e+01 ; 1.120e+01 ; 6.000e-01 ; 9.5017002e+01 ; 1.0443137e+02 
3.500e+01 ; 1.120e+01 ; 6.000e-01 ; 9.5273002e+01 ; 1.0442989e+02 
3.500e+01 ; 1.120e+01 ; 6.000e-01 ; 9.5680002e+01 ; 1.0442463e+02 
3.500e+01 ; 1.120e+01 ; 6.000e-01 ; 9.5680002e+01 ; 1.0442463e+02 
3.500e+01 ; 1.120e+01 ; 6.000e-01 ; 9.5681002e+01 ; 1.0442462e+02 
3.500e+01 ; 1.120e+01 ; 6.000e-01 ; 9.5682002e+01 ; 1.0442461e+02 
3.500e+01 ; 1.120e+01 ; 6.000e-01 ; 9.5683002e+01 ; 1.0442459e+02 
3.500e+01 ; 1.120e+01 ; 6.000e-01 ; 9.5685002e+01 ; 1.0442457e+02 
3.500e+01 ; 1.120e+01 ; 6.000e-01 ; 9.5689002e+01 ; 1.0442451e+02 
3.500e+01 ; 1.120e+01 ; 6.000e-01 ; 9.5697002e+01 ; 1.0442441e+02 
3.500e+01 ; 1.120e+01 ; 6.000e-01 ; 9.5713002e+01 ; 1.0442419e+02 
3.500e+01 ; 1.120e+01 ; 6.000e-01 ; 9.5745002e+01 ; 1.0442374e+02 
3.500e+01 ; 1.120e+01 ; 6.000e-01 ; 9.5809002e+01 ; 1.0442278e+02 
3.500e+01 ; 1.120e+01 ; 6.000e-01 ; 9.5937002e+01 ; 1.0442057e+02 
3.500e+01 ; 1.120e+01 ; 6.000e-01 ; 9.6193002e+01 ; 1.0441521e+02 
3.500e+01 ; 1.120e+01 ; 6.000e-01 ; 9.6600002e+01 ; 1.0440478e+02 
3.500e+01 ; 1.120e+01 ; 6.000e-01 ; 9.6600002e+01 ; 1.0440478e+02 
3.500e+01 ; 1.120e+01 ; 6.000e-01 ; 9.6601002e+01 ; 1.0440475e+02 
3.500e+01 ; 1.120e+01 ; 6.000e-01 ; 9.6602002e+01 ; 1.0440472e+02 
3.500e+01 ; 1.120e+01 ; 6.000e-01 ; 9.6603002e+01 ; 1.0440470e+02 
3.500e+01 ; 1.120e+01 ; 6.000e-01 ; 9.6605002e+01 ; 1.0440465e+02 
3.500e+01 ; 1.120e+01 ; 6.000e-01 ; 9.6609002e+01 ; 1.0440455e+02 
3.500e+01 ; 1.120e+01 ; 6.000e-01 ; 9.6617002e+01 ; 1.0440434e+02 
3.500e+01 ; 1.120e+01 ; 6.000e-01 ; 9.6633002e+01 ; 1.0440392e+02 
3.500e+01 ; 1.120e+01 ; 6.000e-01 ; 9.6665002e+01 ; 1.0440308e+02 
3.500e+01 ; 1.120e+01 ; 6.000e-01 ; 9.6729002e+01 ; 1.0440134e+02 
3.500e+01 ; 1.120e+01 ; 6.000e-01 ; 9.6857002e+01 ; 1.0439773e+02 
3.500e+01 ; 1.120e+01 ; 6.000e-01 ; 9.7113002e+01 ; 1.0438998e+02 
3.500e+01 ; 1.120e+01 ; 6.000e-01 ; 9.7520002e+01 ; 1.0437700e+02 
3.500e+01 ; 1.120e+01 ; 6.000e-01 ; 9.7520002e+01 ; 1.0437700e+02 
3.500e+01 ; 1.120e+01 ; 6.000e-01 ; 9.7530002e+01 ; 1.0437668e+02 
3.500e+01 ; 1.120e+01 ; 6.000e-01 ; 9.7540002e+01 ; 1.0437637e+02 
3.500e+01 ; 1.120e+01 ; 6.000e-01 ; 9.7550002e+01 ; 1.0437605e+02 
3.500e+01 ; 1.120e+01 ; 6.000e-01 ; 9.7570002e+01 ; 1.0437540e+02 
3.500e+01 ; 1.120e+01 ; 6.000e-01 ; 9.7610002e+01 ; 1.0437411e+02 
3.500e+01 ; 1.120e+01 ; 6.000e-01 ; 9.7690002e+01 ; 1.0437151e+02 
3.500e+01 ; 1.120e+01 ; 6.000e-01 ; 9.7850002e+01 ; 1.0436630e+02 
3.500e+01 ; 1.120e+01 ; 6.000e-01 ; 9.8170002e+01 ; 1.0435604e+02 
3.500e+01 ; 1.120e+01 ; 6.000e-01 ; 9.8810002e+01 ; 1.0433799e+02 
3.500e+01 ; 1.120e+01 ; 6.000e-01 ; 9.9770002e+01 ; 1.0431897e+02 
3.500e+01 ; 1.120e+01 ; 6.000e-01 ; 1.0121000e+02 ; 1.0430351e+02 
3.500e+01 ; 1.120e+01 ; 6.000e-01 ; 1.0252000e+02 ; 1.0429215e+02