X ; Y ; Z ; time ; Temperature 
3.500e+01 ; 3.200e+00 ; 1.800e+00 ; 0.0000000e+00 ; 2.5800000e+02 
3.500e+01 ; 3.200e+00 ; 1.800e+00 ; 1.0000000e-03 ; 2.5800000e+02 
3.500e+01 ; 3.200e+00 ; 1.800e+00 ; 2.0000001e-03 ; 2.5800000e+02 
3.500e+01 ; 3.200e+00 ; 1.800e+00 ; 3.0000000e-03 ; 2.5800000e+02 
3.500e+01 ; 3.200e+00 ; 1.800e+00 ; 4.9999999e-03 ; 2.5800000e+02 
3.500e+01 ; 3.200e+00 ; 1.800e+00 ; 8.9999996e-03 ; 2.5800000e+02 
3.500e+01 ; 3.200e+00 ; 1.800e+00 ; 1.7000001e-02 ; 2.5800000e+02 
3.500e+01 ; 3.200e+00 ; 1.800e+00 ; 3.3000000e-02 ; 2.5800000e+02 
3.500e+01 ; 3.200e+00 ; 1.800e+00 ; 6.4999998e-02 ; 2.5800000e+02 
3.500e+01 ; 3.200e+00 ; 1.800e+00 ; 1.2899999e-01 ; 2.5800000e+02 
3.500e+01 ; 3.200e+00 ; 1.800e+00 ; 2.5700000e-01 ; 2.5800000e+02 
3.500e+01 ; 3.200e+00 ; 1.800e+00 ; 5.1300001e-01 ; 2.5800000e+02 
3.500e+01 ; 3.200e+00 ; 1.800e+00 ; 7.6899999e-01 ; 2.5800000e+02 
3.500e+01 ; 3.200e+00 ; 1.800e+00 ; 9.2000002e-01 ; 2.5800000e+02 
3.500e+01 ; 3.200e+00 ; 1.800e+00 ; 9.2000002e-01 ; 2.5800000e+02 
3.500e+01 ; 3.200e+00 ; 1.800e+00 ; 9.2100002e-01 ; 2.5800000e+02 
3.500e+01 ; 3.200e+00 ; 1.800e+00 ; 9.2200002e-01 ; 2.5800000e+02 
3.500e+01 ; 3.200e+00 ; 1.800e+00 ; 9.2300002e-01 ; 2.5800000e+02 
3.500e+01 ; 3.200e+00 ; 1.800e+00 ; 9.2500002e-01 ; 2.5800000e+02 
3.500e+01 ; 3.200e+00 ; 1.800e+00 ; 9.2900002e-01 ; 2.5800000e+02 
3.500e+01 ; 3.200e+00 ; 1.800e+00 ; 9.3700002e-01 ; 2.5800000e+02 
3.500e+01 ; 3.200e+00 ; 1.800e+00 ; 9.5300002e-01 ; 2.5800000e+02 
3.500e+01 ; 3.200e+00 ; 1.800e+00 ; 9.8500001e-01 ; 2.5800000e+02 
3.500e+01 ; 3.200e+00 ; 1.800e+00 ; 1.0490000e+00 ; 2.5800000e+02 
3.500e+01 ; 3.200e+00 ; 1.800e+00 ; 1.1770000e+00 ; 2.5800000e+02 
3.500e+01 ; 3.200e+00 ; 1.800e+00 ; 1.4330000e+00 ; 2.5800000e+02 
3.500e+01 ; 3.200e+00 ; 1.800e+00 ; 1.8400000e+00 ; 2.5800000e+02 
3.500e+01 ; 3.200e+00 ; 1.800e+00 ; 1.8400000e+00 ; 2.5800000e+02 
3.500e+01 ; 3.200e+00 ; 1.800e+00 ; 1.8410000e+00 ; 2.5800000e+02 
3.500e+01 ; 3.200e+00 ; 1.800e+00 ; 1.8420000e+00 ; 2.5800000e+02 
3.500e+01 ; 3.200e+00 ; 1.800e+00 ; 1.8430000e+00 ; 2.5800000e+02 
3.500e+01 ; 3.200e+00 ; 1.800e+00 ; 1.8450000e+00 ; 2.5800000e+02 
3.500e+01 ; 3.200e+00 ; 1.800e+00 ; 1.8490000e+00 ; 2.5800000e+02 
3.500e+01 ; 3.200e+00 ; 1.800e+00 ; 1.8570000e+00 ; 2.5800000e+02 
3.500e+01 ; 3.200e+00 ; 1.800e+00 ; 1.8730000e+00 ; 2.5800000e+02 
3.500e+01 ; 3.200e+00 ; 1.800e+00 ; 1.9050000e+00 ; 2.5800000e+02 
3.500e+01 ; 3.200e+00 ; 1.800e+00 ; 1.9690000e+00 ; 2.5800000e+02 
3.500e+01 ; 3.200e+00 ; 1.800e+00 ; 2.0970000e+00 ; 2.5800000e+02 
3.500e+01 ; 3.200e+00 ; 1.800e+00 ; 2.3530000e+00 ; 2.5800000e+02 
3.500e+01 ; 3.200e+00 ; 1.800e+00 ; 2.7600001e+00 ; 2.5800000e+02 
3.500e+01 ; 3.200e+00 ; 1.800e+00 ; 2.7600001e+00 ; 2.5800000e+02 
3.500e+01 ; 3.200e+00 ; 1.800e+00 ; 2.7610001e+00 ; 2.5800000e+02 
3.500e+01 ; 3.200e+00 ; 1.800e+00 ; 2.7620001e+00 ; 2.5800000e+02 
3.500e+01 ; 3.200e+00 ; 1.800e+00 ; 2.7630001e+00 ; 2.5800000e+02 
3.500e+01 ; 3.200e+00 ; 1.800e+00 ; 2.7650000e+00 ; 2.5800000e+02 
3.500e+01 ; 3.200e+00 ; 1.800e+00 ; 2.7690000e+00 ; 2.5800000e+02 
3.500e+01 ; 3.200e+00 ; 1.800e+00 ; 2.7770001e+00 ; 2.5800000e+02 
3.500e+01 ; 3.200e+00 ; 1.800e+00 ; 2.7930000e+00 ; 2.5800000e+02 
3.500e+01 ; 3.200e+00 ; 1.800e+00 ; 2.8250000e+00 ; 2.5800000e+02 
3.500e+01 ; 3.200e+00 ; 1.800e+00 ; 2.8890000e+00 ; 2.5800000e+02 
3.500e+01 ; 3.200e+00 ; 1.800e+00 ; 3.0170000e+00 ; 2.5800000e+02 
3.500e+01 ; 3.200e+00 ; 1.800e+00 ; 3.2730001e+00 ; 2.5800000e+02 
3.500e+01 ; 3.200e+00 ; 1.800e+00 ; 3.6800001e+00 ; 2.5800000e+02 
3.500e+01 ; 3.200e+00 ; 1.800e+00 ; 3.6800001e+00 ; 2.5800000e+02 
3.500e+01 ; 3.200e+00 ; 1.800e+00 ; 3.6810001e+00 ; 2.5800000e+02 
3.500e+01 ; 3.200e+00 ; 1.800e+00 ; 3.6820001e+00 ; 2.5800000e+02 
3.500e+01 ; 3.200e+00 ; 1.800e+00 ; 3.6830001e+00 ; 2.5800000e+02 
3.500e+01 ; 3.200e+00 ; 1.800e+00 ; 3.6850001e+00 ; 2.5800000e+02 
3.500e+01 ; 3.200e+00 ; 1.800e+00 ; 3.6890001e+00 ; 2.5800000e+02 
3.500e+01 ; 3.200e+00 ; 1.800e+00 ; 3.6970001e+00 ; 2.5800000e+02 
3.500e+01 ; 3.200e+00 ; 1.800e+00 ; 3.7130001e+00 ; 2.5800000e+02 
3.500e+01 ; 3.200e+00 ; 1.800e+00 ; 3.7450001e+00 ; 2.5800000e+02 
3.500e+01 ; 3.200e+00 ; 1.800e+00 ; 3.8090001e+00 ; 2.5800000e+02 
3.500e+01 ; 3.200e+00 ; 1.800e+00 ; 3.9370001e+00 ; 2.5800000e+02 
3.500e+01 ; 3.200e+00 ; 1.800e+00 ; 4.1930001e+00 ; 2.5800000e+02 
3.500e+01 ; 3.200e+00 ; 1.800e+00 ; 4.6000001e+00 ; 2.5800000e+02 
3.500e+01 ; 3.200e+00 ; 1.800e+00 ; 4.6000001e+00 ; 2.5800000e+02 
3.500e+01 ; 3.200e+00 ; 1.800e+00 ; 4.6010001e+00 ; 2.5800000e+02 
3.500e+01 ; 3.200e+00 ; 1.800e+00 ; 4.6020001e+00 ; 2.5800000e+02 
3.500e+01 ; 3.200e+00 ; 1.800e+00 ; 4.6030001e+00 ; 2.5800000e+02 
3.500e+01 ; 3.200e+00 ; 1.800e+00 ; 4.6050001e+00 ; 2.5800000e+02 
3.500e+01 ; 3.200e+00 ; 1.800e+00 ; 4.6090001e+00 ; 2.5800000e+02 
3.500e+01 ; 3.200e+00 ; 1.800e+00 ; 4.6170001e+00 ; 2.5800000e+02 
3.500e+01 ; 3.200e+00 ; 1.800e+00 ; 4.6330001e+00 ; 2.5800000e+02 
3.500e+01 ; 3.200e+00 ; 1.800e+00 ; 4.6650001e+00 ; 2.5800000e+02 
3.500e+01 ; 3.200e+00 ; 1.800e+00 ; 4.7290001e+00 ; 2.5800000e+02 
3.500e+01 ; 3.200e+00 ; 1.800e+00 ; 4.8570001e+00 ; 2.5800000e+02 
3.500e+01 ; 3.200e+00 ; 1.800e+00 ; 5.1130001e+00 ; 2.5800000e+02 
3.500e+01 ; 3.200e+00 ; 1.800e+00 ; 5.5200001e+00 ; 2.5800000e+02 
3.500e+01 ; 3.200e+00 ; 1.800e+00 ; 5.5200001e+00 ; 2.5800000e+02 
3.500e+01 ; 3.200e+00 ; 1.800e+00 ; 5.5210001e+00 ; 2.5800000e+02 
3.500e+01 ; 3.200e+00 ; 1.800e+00 ; 5.5220001e+00 ; 2.5800000e+02 
3.500e+01 ; 3.200e+00 ; 1.800e+00 ; 5.5230001e+00 ; 2.5800000e+02 
3.500e+01 ; 3.200e+00 ; 1.800e+00 ; 5.5250001e+00 ; 2.5800000e+02 
3.500e+01 ; 3.200e+00 ; 1.800e+00 ; 5.5290001e+00 ; 2.5800000e+02 
3.500e+01 ; 3.200e+00 ; 1.800e+00 ; 5.5370001e+00 ; 2.5800000e+02 
3.500e+01 ; 3.200e+00 ; 1.800e+00 ; 5.5530001e+00 ; 2.5800000e+02 
3.500e+01 ; 3.200e+00 ; 1.800e+00 ; 5.5850001e+00 ; 2.5800000e+02 
3.500e+01 ; 3.200e+00 ; 1.800e+00 ; 5.6490001e+00 ; 2.5800000e+02 
3.500e+01 ; 3.200e+00 ; 1.800e+00 ; 5.7770001e+00 ; 2.5800000e+02 
3.500e+01 ; 3.200e+00 ; 1.800e+00 ; 6.0330001e+00 ; 2.5800000e+02 
3.500e+01 ; 3.200e+00 ; 1.800e+00 ; 6.4400001e+00 ; 2.5800000e+02 
3.500e+01 ; 3.200e+00 ; 1.800e+00 ; 6.4400001e+00 ; 2.5800000e+02 
3.500e+01 ; 3.200e+00 ; 1.800e+00 ; 6.4410001e+00 ; 2.5800000e+02 
3.500e+01 ; 3.200e+00 ; 1.800e+00 ; 6.4420001e+00 ; 2.5800000e+02 
3.500e+01 ; 3.200e+00 ; 1.800e+00 ; 6.4430001e+00 ; 2.5800000e+02 
3.500e+01 ; 3.200e+00 ; 1.800e+00 ; 6.4450001e+00 ; 2.5800000e+02 
3.500e+01 ; 3.200e+00 ; 1.800e+00 ; 6.4490001e+00 ; 2.5800000e+02 
3.500e+01 ; 3.200e+00 ; 1.800e+00 ; 6.4570001e+00 ; 2.5800000e+02 
3.500e+01 ; 3.200e+00 ; 1.800e+00 ; 6.4730001e+00 ; 2.5800000e+02 
3.500e+01 ; 3.200e+00 ; 1.800e+00 ; 6.5050001e+00 ; 2.5800000e+02 
3.500e+01 ; 3.200e+00 ; 1.800e+00 ; 6.5690001e+00 ; 2.5800000e+02 
3.500e+01 ; 3.200e+00 ; 1.800e+00 ; 6.6970001e+00 ; 2.5800000e+02 
3.500e+01 ; 3.200e+00 ; 1.800e+00 ; 6.9530001e+00 ; 2.5800000e+02 
3.500e+01 ; 3.200e+00 ; 1.800e+00 ; 7.3600001e+00 ; 2.5800000e+02 
3.500e+01 ; 3.200e+00 ; 1.800e+00 ; 7.3600001e+00 ; 2.5800000e+02 
3.500e+01 ; 3.200e+00 ; 1.800e+00 ; 7.3610001e+00 ; 2.5800000e+02 
3.500e+01 ; 3.200e+00 ; 1.800e+00 ; 7.3620001e+00 ; 2.5800000e+02 
3.500e+01 ; 3.200e+00 ; 1.800e+00 ; 7.3630001e+00 ; 2.5800000e+02 
3.500e+01 ; 3.200e+00 ; 1.800e+00 ; 7.3650001e+00 ; 2.5800000e+02 
3.500e+01 ; 3.200e+00 ; 1.800e+00 ; 7.3690001e+00 ; 2.5800000e+02 
3.500e+01 ; 3.200e+00 ; 1.800e+00 ; 7.3770001e+00 ; 2.5800000e+02 
3.500e+01 ; 3.200e+00 ; 1.800e+00 ; 7.3930001e+00 ; 2.5800000e+02 
3.500e+01 ; 3.200e+00 ; 1.800e+00 ; 7.4250001e+00 ; 2.5800000e+02 
3.500e+01 ; 3.200e+00 ; 1.800e+00 ; 7.4890001e+00 ; 2.5800000e+02 
3.500e+01 ; 3.200e+00 ; 1.800e+00 ; 7.6170001e+00 ; 2.5800000e+02 
3.500e+01 ; 3.200e+00 ; 1.800e+00 ; 7.8730001e+00 ; 2.5800000e+02 
3.500e+01 ; 3.200e+00 ; 1.800e+00 ; 8.2800002e+00 ; 2.5800000e+02 
3.500e+01 ; 3.200e+00 ; 1.800e+00 ; 8.2800002e+00 ; 2.5800000e+02 
3.500e+01 ; 3.200e+00 ; 1.800e+00 ; 8.2810002e+00 ; 2.5800000e+02 
3.500e+01 ; 3.200e+00 ; 1.800e+00 ; 8.2820002e+00 ; 2.5800000e+02 
3.500e+01 ; 3.200e+00 ; 1.800e+00 ; 8.2830002e+00 ; 2.5800000e+02 
3.500e+01 ; 3.200e+00 ; 1.800e+00 ; 8.2850002e+00 ; 2.5800000e+02 
3.500e+01 ; 3.200e+00 ; 1.800e+00 ; 8.2890001e+00 ; 2.5800000e+02 
3.500e+01 ; 3.200e+00 ; 1.800e+00 ; 8.2970002e+00 ; 2.5800000e+02 
3.500e+01 ; 3.200e+00 ; 1.800e+00 ; 8.3130002e+00 ; 2.5800000e+02 
3.500e+01 ; 3.200e+00 ; 1.800e+00 ; 8.3450001e+00 ; 2.5800000e+02 
3.500e+01 ; 3.200e+00 ; 1.800e+00 ; 8.4090001e+00 ; 2.5800000e+02 
3.500e+01 ; 3.200e+00 ; 1.800e+00 ; 8.5370001e+00 ; 2.5800000e+02 
3.500e+01 ; 3.200e+00 ; 1.800e+00 ; 8.7930002e+00 ; 2.5800000e+02 
3.500e+01 ; 3.200e+00 ; 1.800e+00 ; 9.2000002e+00 ; 2.5800000e+02 
3.500e+01 ; 3.200e+00 ; 1.800e+00 ; 9.2000002e+00 ; 2.5800000e+02 
3.500e+01 ; 3.200e+00 ; 1.800e+00 ; 9.2010002e+00 ; 2.5800000e+02 
3.500e+01 ; 3.200e+00 ; 1.800e+00 ; 9.2020002e+00 ; 2.5800000e+02 
3.500e+01 ; 3.200e+00 ; 1.800e+00 ; 9.2030002e+00 ; 2.5800000e+02 
3.500e+01 ; 3.200e+00 ; 1.800e+00 ; 9.2050002e+00 ; 2.5800000e+02 
3.500e+01 ; 3.200e+00 ; 1.800e+00 ; 9.2090002e+00 ; 2.5800000e+02 
3.500e+01 ; 3.200e+00 ; 1.800e+00 ; 9.2170002e+00 ; 2.5800000e+02 
3.500e+01 ; 3.200e+00 ; 1.800e+00 ; 9.2330002e+00 ; 2.5800000e+02 
3.500e+01 ; 3.200e+00 ; 1.800e+00 ; 9.2650002e+00 ; 2.5800000e+02 
3.500e+01 ; 3.200e+00 ; 1.800e+00 ; 9.3290002e+00 ; 2.5800000e+02 
3.500e+01 ; 3.200e+00 ; 1.800e+00 ; 9.4570002e+00 ; 2.5800000e+02 
3.500e+01 ; 3.200e+00 ; 1.800e+00 ; 9.7130002e+00 ; 2.5800000e+02 
3.500e+01 ; 3.200e+00 ; 1.800e+00 ; 1.0120000e+01 ; 2.5800000e+02 
3.500e+01 ; 3.200e+00 ; 1.800e+00 ; 1.0120000e+01 ; 2.5800000e+02 
3.500e+01 ; 3.200e+00 ; 1.800e+00 ; 1.0121000e+01 ; 2.5800000e+02 
3.500e+01 ; 3.200e+00 ; 1.800e+00 ; 1.0122000e+01 ; 2.5800000e+02 
3.500e+01 ; 3.200e+00 ; 1.800e+00 ; 1.0123000e+01 ; 2.5800000e+02 
3.500e+01 ; 3.200e+00 ; 1.800e+00 ; 1.0125000e+01 ; 2.5800000e+02 
3.500e+01 ; 3.200e+00 ; 1.800e+00 ; 1.0129000e+01 ; 2.5800000e+02 
3.500e+01 ; 3.200e+00 ; 1.800e+00 ; 1.0137000e+01 ; 2.5800000e+02 
3.500e+01 ; 3.200e+00 ; 1.800e+00 ; 1.0153000e+01 ; 2.5800000e+02 
3.500e+01 ; 3.200e+00 ; 1.800e+00 ; 1.0185000e+01 ; 2.5800000e+02 
3.500e+01 ; 3.200e+00 ; 1.800e+00 ; 1.0249000e+01 ; 2.5800000e+02 
3.500e+01 ; 3.200e+00 ; 1.800e+00 ; 1.0377000e+01 ; 2.5800000e+02 
3.500e+01 ; 3.200e+00 ; 1.800e+00 ; 1.0633000e+01 ; 2.5800000e+02 
3.500e+01 ; 3.200e+00 ; 1.800e+00 ; 1.1040000e+01 ; 2.5800000e+02 
3.500e+01 ; 3.200e+00 ; 1.800e+00 ; 1.1040000e+01 ; 2.5800000e+02 
3.500e+01 ; 3.200e+00 ; 1.800e+00 ; 1.1041000e+01 ; 2.5800000e+02 
3.500e+01 ; 3.200e+00 ; 1.800e+00 ; 1.1042000e+01 ; 2.5800000e+02 
3.500e+01 ; 3.200e+00 ; 1.800e+00 ; 1.1043000e+01 ; 2.5800000e+02 
3.500e+01 ; 3.200e+00 ; 1.800e+00 ; 1.1045000e+01 ; 2.5800000e+02 
3.500e+01 ; 3.200e+00 ; 1.800e+00 ; 1.1049000e+01 ; 2.5800000e+02 
3.500e+01 ; 3.200e+00 ; 1.800e+00 ; 1.1057000e+01 ; 2.5800000e+02 
3.500e+01 ; 3.200e+00 ; 1.800e+00 ; 1.1073000e+01 ; 2.5800000e+02 
3.500e+01 ; 3.200e+00 ; 1.800e+00 ; 1.1105000e+01 ; 2.5800000e+02 
3.500e+01 ; 3.200e+00 ; 1.800e+00 ; 1.1169000e+01 ; 2.5800000e+02 
3.500e+01 ; 3.200e+00 ; 1.800e+00 ; 1.1297000e+01 ; 2.5800000e+02 
3.500e+01 ; 3.200e+00 ; 1.800e+00 ; 1.1553000e+01 ; 2.5800000e+02 
3.500e+01 ; 3.200e+00 ; 1.800e+00 ; 1.1960000e+01 ; 2.5800000e+02 
3.500e+01 ; 3.200e+00 ; 1.800e+00 ; 1.1960000e+01 ; 2.5800000e+02 
3.500e+01 ; 3.200e+00 ; 1.800e+00 ; 1.1961000e+01 ; 2.5800000e+02 
3.500e+01 ; 3.200e+00 ; 1.800e+00 ; 1.1962000e+01 ; 2.5800000e+02 
3.500e+01 ; 3.200e+00 ; 1.800e+00 ; 1.1963000e+01 ; 2.5800000e+02 
3.500e+01 ; 3.200e+00 ; 1.800e+00 ; 1.1965000e+01 ; 2.5800000e+02 
3.500e+01 ; 3.200e+00 ; 1.800e+00 ; 1.1969000e+01 ; 2.5800000e+02 
3.500e+01 ; 3.200e+00 ; 1.800e+00 ; 1.1977000e+01 ; 2.5800000e+02 
3.500e+01 ; 3.200e+00 ; 1.800e+00 ; 1.1993000e+01 ; 2.5800000e+02 
3.500e+01 ; 3.200e+00 ; 1.800e+00 ; 1.2025000e+01 ; 2.5800000e+02 
3.500e+01 ; 3.200e+00 ; 1.800e+00 ; 1.2089000e+01 ; 2.5800000e+02 
3.500e+01 ; 3.200e+00 ; 1.800e+00 ; 1.2217000e+01 ; 2.5800000e+02 
3.500e+01 ; 3.200e+00 ; 1.800e+00 ; 1.2473000e+01 ; 2.5800000e+02 
3.500e+01 ; 3.200e+00 ; 1.800e+00 ; 1.2880000e+01 ; 2.5800000e+02 
3.500e+01 ; 3.200e+00 ; 1.800e+00 ; 1.2880000e+01 ; 2.5800000e+02 
3.500e+01 ; 3.200e+00 ; 1.800e+00 ; 1.2881000e+01 ; 2.5800000e+02 
3.500e+01 ; 3.200e+00 ; 1.800e+00 ; 1.2882000e+01 ; 2.5800000e+02 
3.500e+01 ; 3.200e+00 ; 1.800e+00 ; 1.2883000e+01 ; 2.5800000e+02 
3.500e+01 ; 3.200e+00 ; 1.800e+00 ; 1.2885000e+01 ; 2.5800000e+02 
3.500e+01 ; 3.200e+00 ; 1.800e+00 ; 1.2889000e+01 ; 2.5800000e+02 
3.500e+01 ; 3.200e+00 ; 1.800e+00 ; 1.2897000e+01 ; 2.5800000e+02 
3.500e+01 ; 3.200e+00 ; 1.800e+00 ; 1.2913000e+01 ; 2.5800000e+02 
3.500e+01 ; 3.200e+00 ; 1.800e+00 ; 1.2945000e+01 ; 2.5800000e+02 
3.500e+01 ; 3.200e+00 ; 1.800e+00 ; 1.3009000e+01 ; 2.5800000e+02 
3.500e+01 ; 3.200e+00 ; 1.800e+00 ; 1.3137000e+01 ; 2.5800000e+02 
3.500e+01 ; 3.200e+00 ; 1.800e+00 ; 1.3393000e+01 ; 2.5800000e+02 
3.500e+01 ; 3.200e+00 ; 1.800e+00 ; 1.3800000e+01 ; 2.5800000e+02 
3.500e+01 ; 3.200e+00 ; 1.800e+00 ; 1.3800000e+01 ; 2.5800000e+02 
3.500e+01 ; 3.200e+00 ; 1.800e+00 ; 1.3801000e+01 ; 2.5800000e+02 
3.500e+01 ; 3.200e+00 ; 1.800e+00 ; 1.3802000e+01 ; 2.5800000e+02 
3.500e+01 ; 3.200e+00 ; 1.800e+00 ; 1.3803000e+01 ; 2.5800000e+02 
3.500e+01 ; 3.200e+00 ; 1.800e+00 ; 1.3805000e+01 ; 2.5800000e+02 
3.500e+01 ; 3.200e+00 ; 1.800e+00 ; 1.3809000e+01 ; 2.5800000e+02 
3.500e+01 ; 3.200e+00 ; 1.800e+00 ; 1.3817000e+01 ; 2.5800000e+02 
3.500e+01 ; 3.200e+00 ; 1.800e+00 ; 1.3833000e+01 ; 2.5800000e+02 
3.500e+01 ; 3.200e+00 ; 1.800e+00 ; 1.3865000e+01 ; 2.5800000e+02 
3.500e+01 ; 3.200e+00 ; 1.800e+00 ; 1.3929000e+01 ; 2.5800000e+02 
3.500e+01 ; 3.200e+00 ; 1.800e+00 ; 1.4057000e+01 ; 2.5800000e+02 
3.500e+01 ; 3.200e+00 ; 1.800e+00 ; 1.4313000e+01 ; 2.5800000e+02 
3.500e+01 ; 3.200e+00 ; 1.800e+00 ; 1.4720000e+01 ; 2.5800000e+02 
3.500e+01 ; 3.200e+00 ; 1.800e+00 ; 1.4720000e+01 ; 2.5800000e+02 
3.500e+01 ; 3.200e+00 ; 1.800e+00 ; 1.4721000e+01 ; 2.5800000e+02 
3.500e+01 ; 3.200e+00 ; 1.800e+00 ; 1.4722000e+01 ; 2.5800000e+02 
3.500e+01 ; 3.200e+00 ; 1.800e+00 ; 1.4723000e+01 ; 2.5800000e+02 
3.500e+01 ; 3.200e+00 ; 1.800e+00 ; 1.4725000e+01 ; 2.5800000e+02 
3.500e+01 ; 3.200e+00 ; 1.800e+00 ; 1.4729000e+01 ; 2.5800000e+02 
3.500e+01 ; 3.200e+00 ; 1.800e+00 ; 1.4737000e+01 ; 2.5800000e+02 
3.500e+01 ; 3.200e+00 ; 1.800e+00 ; 1.4753000e+01 ; 2.5800000e+02 
3.500e+01 ; 3.200e+00 ; 1.800e+00 ; 1.4785000e+01 ; 2.5800000e+02 
3.500e+01 ; 3.200e+00 ; 1.800e+00 ; 1.4849000e+01 ; 2.5800000e+02 
3.500e+01 ; 3.200e+00 ; 1.800e+00 ; 1.4977000e+01 ; 2.5800000e+02 
3.500e+01 ; 3.200e+00 ; 1.800e+00 ; 1.5233000e+01 ; 2.5800000e+02 
3.500e+01 ; 3.200e+00 ; 1.800e+00 ; 1.5640000e+01 ; 2.5800000e+02 
3.500e+01 ; 3.200e+00 ; 1.800e+00 ; 1.5640000e+01 ; 2.5800000e+02 
3.500e+01 ; 3.200e+00 ; 1.800e+00 ; 1.5641000e+01 ; 2.5800000e+02 
3.500e+01 ; 3.200e+00 ; 1.800e+00 ; 1.5642000e+01 ; 2.5800000e+02 
3.500e+01 ; 3.200e+00 ; 1.800e+00 ; 1.5643000e+01 ; 2.5800000e+02 
3.500e+01 ; 3.200e+00 ; 1.800e+00 ; 1.5645000e+01 ; 2.5800000e+02 
3.500e+01 ; 3.200e+00 ; 1.800e+00 ; 1.5649000e+01 ; 2.5800000e+02 
3.500e+01 ; 3.200e+00 ; 1.800e+00 ; 1.5657000e+01 ; 2.5800000e+02 
3.500e+01 ; 3.200e+00 ; 1.800e+00 ; 1.5673000e+01 ; 2.5800000e+02 
3.500e+01 ; 3.200e+00 ; 1.800e+00 ; 1.5705000e+01 ; 2.5800000e+02 
3.500e+01 ; 3.200e+00 ; 1.800e+00 ; 1.5769000e+01 ; 2.5800000e+02 
3.500e+01 ; 3.200e+00 ; 1.800e+00 ; 1.5897000e+01 ; 2.5800000e+02 
3.500e+01 ; 3.200e+00 ; 1.800e+00 ; 1.6153000e+01 ; 2.5800000e+02 
3.500e+01 ; 3.200e+00 ; 1.800e+00 ; 1.6560000e+01 ; 2.5800000e+02 
3.500e+01 ; 3.200e+00 ; 1.800e+00 ; 1.6560000e+01 ; 2.5800000e+02 
3.500e+01 ; 3.200e+00 ; 1.800e+00 ; 1.6561000e+01 ; 2.5800000e+02 
3.500e+01 ; 3.200e+00 ; 1.800e+00 ; 1.6562000e+01 ; 2.5800000e+02 
3.500e+01 ; 3.200e+00 ; 1.800e+00 ; 1.6563000e+01 ; 2.5800000e+02 
3.500e+01 ; 3.200e+00 ; 1.800e+00 ; 1.6565000e+01 ; 2.5800000e+02 
3.500e+01 ; 3.200e+00 ; 1.800e+00 ; 1.6569000e+01 ; 2.5800000e+02 
3.500e+01 ; 3.200e+00 ; 1.800e+00 ; 1.6577000e+01 ; 2.5800000e+02 
3.500e+01 ; 3.200e+00 ; 1.800e+00 ; 1.6593000e+01 ; 2.5800000e+02 
3.500e+01 ; 3.200e+00 ; 1.800e+00 ; 1.6625000e+01 ; 2.5800000e+02 
3.500e+01 ; 3.200e+00 ; 1.800e+00 ; 1.6689000e+01 ; 2.5800000e+02 
3.500e+01 ; 3.200e+00 ; 1.800e+00 ; 1.6817000e+01 ; 2.5800000e+02 
3.500e+01 ; 3.200e+00 ; 1.800e+00 ; 1.7073000e+01 ; 2.5800000e+02 
3.500e+01 ; 3.200e+00 ; 1.800e+00 ; 1.7480000e+01 ; 2.5800000e+02 
3.500e+01 ; 3.200e+00 ; 1.800e+00 ; 1.7480000e+01 ; 2.5800000e+02 
3.500e+01 ; 3.200e+00 ; 1.800e+00 ; 1.7481000e+01 ; 2.5800000e+02 
3.500e+01 ; 3.200e+00 ; 1.800e+00 ; 1.7482000e+01 ; 2.5800000e+02 
3.500e+01 ; 3.200e+00 ; 1.800e+00 ; 1.7483000e+01 ; 2.5800000e+02 
3.500e+01 ; 3.200e+00 ; 1.800e+00 ; 1.7485000e+01 ; 2.5800000e+02 
3.500e+01 ; 3.200e+00 ; 1.800e+00 ; 1.7489000e+01 ; 2.5800000e+02 
3.500e+01 ; 3.200e+00 ; 1.800e+00 ; 1.7497000e+01 ; 2.5800000e+02 
3.500e+01 ; 3.200e+00 ; 1.800e+00 ; 1.7513000e+01 ; 2.5800000e+02 
3.500e+01 ; 3.200e+00 ; 1.800e+00 ; 1.7545000e+01 ; 2.5800000e+02 
3.500e+01 ; 3.200e+00 ; 1.800e+00 ; 1.7609000e+01 ; 2.5800000e+02 
3.500e+01 ; 3.200e+00 ; 1.800e+00 ; 1.7737000e+01 ; 2.5800000e+02 
3.500e+01 ; 3.200e+00 ; 1.800e+00 ; 1.7993000e+01 ; 2.5800000e+02 
3.500e+01 ; 3.200e+00 ; 1.800e+00 ; 1.8400000e+01 ; 2.5800000e+02 
3.500e+01 ; 3.200e+00 ; 1.800e+00 ; 1.8400000e+01 ; 2.5800000e+02 
3.500e+01 ; 3.200e+00 ; 1.800e+00 ; 1.8401000e+01 ; 2.5800000e+02 
3.500e+01 ; 3.200e+00 ; 1.800e+00 ; 1.8402000e+01 ; 2.5800000e+02 
3.500e+01 ; 3.200e+00 ; 1.800e+00 ; 1.8403000e+01 ; 2.5800000e+02 
3.500e+01 ; 3.200e+00 ; 1.800e+00 ; 1.8405000e+01 ; 2.5800000e+02 
3.500e+01 ; 3.200e+00 ; 1.800e+00 ; 1.8409000e+01 ; 2.5800000e+02 
3.500e+01 ; 3.200e+00 ; 1.800e+00 ; 1.8417000e+01 ; 2.5800000e+02 
3.500e+01 ; 3.200e+00 ; 1.800e+00 ; 1.8433000e+01 ; 2.5800000e+02 
3.500e+01 ; 3.200e+00 ; 1.800e+00 ; 1.8465000e+01 ; 2.5800000e+02 
3.500e+01 ; 3.200e+00 ; 1.800e+00 ; 1.8529000e+01 ; 2.5800000e+02 
3.500e+01 ; 3.200e+00 ; 1.800e+00 ; 1.8657000e+01 ; 2.5800000e+02 
3.500e+01 ; 3.200e+00 ; 1.800e+00 ; 1.8913000e+01 ; 2.5800000e+02 
3.500e+01 ; 3.200e+00 ; 1.800e+00 ; 1.9320000e+01 ; 2.5800000e+02 
3.500e+01 ; 3.200e+00 ; 1.800e+00 ; 1.9320000e+01 ; 2.5800000e+02 
3.500e+01 ; 3.200e+00 ; 1.800e+00 ; 1.9321000e+01 ; 2.5800000e+02 
3.500e+01 ; 3.200e+00 ; 1.800e+00 ; 1.9322000e+01 ; 2.5800000e+02 
3.500e+01 ; 3.200e+00 ; 1.800e+00 ; 1.9323000e+01 ; 2.5800000e+02 
3.500e+01 ; 3.200e+00 ; 1.800e+00 ; 1.9325000e+01 ; 2.5800000e+02 
3.500e+01 ; 3.200e+00 ; 1.800e+00 ; 1.9329000e+01 ; 2.5800000e+02 
3.500e+01 ; 3.200e+00 ; 1.800e+00 ; 1.9337000e+01 ; 2.5800000e+02 
3.500e+01 ; 3.200e+00 ; 1.800e+00 ; 1.9353000e+01 ; 2.5800000e+02 
3.500e+01 ; 3.200e+00 ; 1.800e+00 ; 1.9385000e+01 ; 2.5800000e+02 
3.500e+01 ; 3.200e+00 ; 1.800e+00 ; 1.9449000e+01 ; 2.5800000e+02 
3.500e+01 ; 3.200e+00 ; 1.800e+00 ; 1.9577000e+01 ; 2.5800000e+02 
3.500e+01 ; 3.200e+00 ; 1.800e+00 ; 1.9833000e+01 ; 2.5800000e+02 
3.500e+01 ; 3.200e+00 ; 1.800e+00 ; 2.0240000e+01 ; 2.5800000e+02 
3.500e+01 ; 3.200e+00 ; 1.800e+00 ; 2.0240000e+01 ; 2.5800000e+02 
3.500e+01 ; 3.200e+00 ; 1.800e+00 ; 2.0241000e+01 ; 2.5800000e+02 
3.500e+01 ; 3.200e+00 ; 1.800e+00 ; 2.0242000e+01 ; 2.5800000e+02 
3.500e+01 ; 3.200e+00 ; 1.800e+00 ; 2.0243000e+01 ; 2.5800000e+02 
3.500e+01 ; 3.200e+00 ; 1.800e+00 ; 2.0245000e+01 ; 2.5800000e+02 
3.500e+01 ; 3.200e+00 ; 1.800e+00 ; 2.0249000e+01 ; 2.5800000e+02 
3.500e+01 ; 3.200e+00 ; 1.800e+00 ; 2.0257000e+01 ; 2.5800000e+02 
3.500e+01 ; 3.200e+00 ; 1.800e+00 ; 2.0273000e+01 ; 2.5800000e+02 
3.500e+01 ; 3.200e+00 ; 1.800e+00 ; 2.0305000e+01 ; 2.5800000e+02 
3.500e+01 ; 3.200e+00 ; 1.800e+00 ; 2.0369000e+01 ; 2.5800000e+02 
3.500e+01 ; 3.200e+00 ; 1.800e+00 ; 2.0497000e+01 ; 2.5800000e+02 
3.500e+01 ; 3.200e+00 ; 1.800e+00 ; 2.0753000e+01 ; 2.5800000e+02 
3.500e+01 ; 3.200e+00 ; 1.800e+00 ; 2.1160000e+01 ; 2.5800000e+02 
3.500e+01 ; 3.200e+00 ; 1.800e+00 ; 2.1160000e+01 ; 2.5800000e+02 
3.500e+01 ; 3.200e+00 ; 1.800e+00 ; 2.1161000e+01 ; 2.5800000e+02 
3.500e+01 ; 3.200e+00 ; 1.800e+00 ; 2.1162000e+01 ; 2.5800000e+02 
3.500e+01 ; 3.200e+00 ; 1.800e+00 ; 2.1163000e+01 ; 2.5800000e+02 
3.500e+01 ; 3.200e+00 ; 1.800e+00 ; 2.1165000e+01 ; 2.5800000e+02 
3.500e+01 ; 3.200e+00 ; 1.800e+00 ; 2.1169000e+01 ; 2.5800000e+02 
3.500e+01 ; 3.200e+00 ; 1.800e+00 ; 2.1177000e+01 ; 2.5800000e+02 
3.500e+01 ; 3.200e+00 ; 1.800e+00 ; 2.1193000e+01 ; 2.5800000e+02 
3.500e+01 ; 3.200e+00 ; 1.800e+00 ; 2.1225000e+01 ; 2.5800000e+02 
3.500e+01 ; 3.200e+00 ; 1.800e+00 ; 2.1289000e+01 ; 2.5800000e+02 
3.500e+01 ; 3.200e+00 ; 1.800e+00 ; 2.1417000e+01 ; 2.5800000e+02 
3.500e+01 ; 3.200e+00 ; 1.800e+00 ; 2.1673000e+01 ; 2.5800000e+02 
3.500e+01 ; 3.200e+00 ; 1.800e+00 ; 2.2080000e+01 ; 2.5800000e+02 
3.500e+01 ; 3.200e+00 ; 1.800e+00 ; 2.2080000e+01 ; 2.5800000e+02 
3.500e+01 ; 3.200e+00 ; 1.800e+00 ; 2.2081000e+01 ; 2.5800000e+02 
3.500e+01 ; 3.200e+00 ; 1.800e+00 ; 2.2082000e+01 ; 2.5800000e+02 
3.500e+01 ; 3.200e+00 ; 1.800e+00 ; 2.2083000e+01 ; 2.5800000e+02 
3.500e+01 ; 3.200e+00 ; 1.800e+00 ; 2.2085000e+01 ; 2.5800000e+02 
3.500e+01 ; 3.200e+00 ; 1.800e+00 ; 2.2089000e+01 ; 2.5800000e+02 
3.500e+01 ; 3.200e+00 ; 1.800e+00 ; 2.2097000e+01 ; 2.5800000e+02 
3.500e+01 ; 3.200e+00 ; 1.800e+00 ; 2.2113000e+01 ; 2.5800000e+02 
3.500e+01 ; 3.200e+00 ; 1.800e+00 ; 2.2145000e+01 ; 2.5800000e+02 
3.500e+01 ; 3.200e+00 ; 1.800e+00 ; 2.2209000e+01 ; 2.5800000e+02 
3.500e+01 ; 3.200e+00 ; 1.800e+00 ; 2.2337000e+01 ; 2.5800000e+02 
3.500e+01 ; 3.200e+00 ; 1.800e+00 ; 2.2593000e+01 ; 2.5800000e+02 
3.500e+01 ; 3.200e+00 ; 1.800e+00 ; 2.3000000e+01 ; 2.5800000e+02 
3.500e+01 ; 3.200e+00 ; 1.800e+00 ; 2.3000000e+01 ; 2.5800000e+02 
3.500e+01 ; 3.200e+00 ; 1.800e+00 ; 2.3001000e+01 ; 2.5800000e+02 
3.500e+01 ; 3.200e+00 ; 1.800e+00 ; 2.3002000e+01 ; 2.5800000e+02 
3.500e+01 ; 3.200e+00 ; 1.800e+00 ; 2.3003000e+01 ; 2.5800000e+02 
3.500e+01 ; 3.200e+00 ; 1.800e+00 ; 2.3005000e+01 ; 2.5800000e+02 
3.500e+01 ; 3.200e+00 ; 1.800e+00 ; 2.3009000e+01 ; 2.5800000e+02 
3.500e+01 ; 3.200e+00 ; 1.800e+00 ; 2.3017000e+01 ; 2.5800000e+02 
3.500e+01 ; 3.200e+00 ; 1.800e+00 ; 2.3033000e+01 ; 2.5800000e+02 
3.500e+01 ; 3.200e+00 ; 1.800e+00 ; 2.3065000e+01 ; 2.5800000e+02 
3.500e+01 ; 3.200e+00 ; 1.800e+00 ; 2.3129000e+01 ; 2.5800000e+02 
3.500e+01 ; 3.200e+00 ; 1.800e+00 ; 2.3257000e+01 ; 2.5800000e+02 
3.500e+01 ; 3.200e+00 ; 1.800e+00 ; 2.3513000e+01 ; 2.5800000e+02 
3.500e+01 ; 3.200e+00 ; 1.800e+00 ; 2.3920000e+01 ; 2.5800000e+02 
3.500e+01 ; 3.200e+00 ; 1.800e+00 ; 2.3920000e+01 ; 2.5800000e+02 
3.500e+01 ; 3.200e+00 ; 1.800e+00 ; 2.3921000e+01 ; 2.5800000e+02 
3.500e+01 ; 3.200e+00 ; 1.800e+00 ; 2.3922000e+01 ; 2.5800000e+02 
3.500e+01 ; 3.200e+00 ; 1.800e+00 ; 2.3923000e+01 ; 2.5800000e+02 
3.500e+01 ; 3.200e+00 ; 1.800e+00 ; 2.3925000e+01 ; 2.5800000e+02 
3.500e+01 ; 3.200e+00 ; 1.800e+00 ; 2.3929000e+01 ; 2.5800000e+02 
3.500e+01 ; 3.200e+00 ; 1.800e+00 ; 2.3937000e+01 ; 2.5800000e+02 
3.500e+01 ; 3.200e+00 ; 1.800e+00 ; 2.3953000e+01 ; 2.5800000e+02 
3.500e+01 ; 3.200e+00 ; 1.800e+00 ; 2.3985000e+01 ; 2.5800000e+02 
3.500e+01 ; 3.200e+00 ; 1.800e+00 ; 2.4049000e+01 ; 2.5800000e+02 
3.500e+01 ; 3.200e+00 ; 1.800e+00 ; 2.4177000e+01 ; 2.5800000e+02 
3.500e+01 ; 3.200e+00 ; 1.800e+00 ; 2.4433000e+01 ; 2.5800000e+02 
3.500e+01 ; 3.200e+00 ; 1.800e+00 ; 2.4840000e+01 ; 2.5800000e+02 
3.500e+01 ; 3.200e+00 ; 1.800e+00 ; 2.4840000e+01 ; 2.5800000e+02 
3.500e+01 ; 3.200e+00 ; 1.800e+00 ; 2.4841000e+01 ; 2.5800000e+02 
3.500e+01 ; 3.200e+00 ; 1.800e+00 ; 2.4842000e+01 ; 2.5800000e+02 
3.500e+01 ; 3.200e+00 ; 1.800e+00 ; 2.4843000e+01 ; 2.5800000e+02 
3.500e+01 ; 3.200e+00 ; 1.800e+00 ; 2.4845000e+01 ; 2.5800000e+02 
3.500e+01 ; 3.200e+00 ; 1.800e+00 ; 2.4849000e+01 ; 2.5800000e+02 
3.500e+01 ; 3.200e+00 ; 1.800e+00 ; 2.4857000e+01 ; 2.5800000e+02 
3.500e+01 ; 3.200e+00 ; 1.800e+00 ; 2.4873000e+01 ; 2.5800000e+02 
3.500e+01 ; 3.200e+00 ; 1.800e+00 ; 2.4905000e+01 ; 2.5800000e+02 
3.500e+01 ; 3.200e+00 ; 1.800e+00 ; 2.4969000e+01 ; 2.5800000e+02 
3.500e+01 ; 3.200e+00 ; 1.800e+00 ; 2.5097000e+01 ; 2.5800000e+02 
3.500e+01 ; 3.200e+00 ; 1.800e+00 ; 2.5353000e+01 ; 2.5800000e+02 
3.500e+01 ; 3.200e+00 ; 1.800e+00 ; 2.5760000e+01 ; 2.5800000e+02 
3.500e+01 ; 3.200e+00 ; 1.800e+00 ; 2.5760000e+01 ; 2.5800000e+02 
3.500e+01 ; 3.200e+00 ; 1.800e+00 ; 2.5761000e+01 ; 2.5800000e+02 
3.500e+01 ; 3.200e+00 ; 1.800e+00 ; 2.5762000e+01 ; 2.5800000e+02 
3.500e+01 ; 3.200e+00 ; 1.800e+00 ; 2.5763000e+01 ; 2.5800000e+02 
3.500e+01 ; 3.200e+00 ; 1.800e+00 ; 2.5765000e+01 ; 2.5800000e+02 
3.500e+01 ; 3.200e+00 ; 1.800e+00 ; 2.5769000e+01 ; 2.5800000e+02 
3.500e+01 ; 3.200e+00 ; 1.800e+00 ; 2.5777000e+01 ; 2.5800000e+02 
3.500e+01 ; 3.200e+00 ; 1.800e+00 ; 2.5793000e+01 ; 2.5800000e+02 
3.500e+01 ; 3.200e+00 ; 1.800e+00 ; 2.5825000e+01 ; 2.5800000e+02 
3.500e+01 ; 3.200e+00 ; 1.800e+00 ; 2.5889000e+01 ; 2.5800000e+02 
3.500e+01 ; 3.200e+00 ; 1.800e+00 ; 2.6017000e+01 ; 2.5800000e+02 
3.500e+01 ; 3.200e+00 ; 1.800e+00 ; 2.6273000e+01 ; 2.5800000e+02 
3.500e+01 ; 3.200e+00 ; 1.800e+00 ; 2.6680000e+01 ; 2.5800000e+02 
3.500e+01 ; 3.200e+00 ; 1.800e+00 ; 2.6680000e+01 ; 2.5800000e+02 
3.500e+01 ; 3.200e+00 ; 1.800e+00 ; 2.6681000e+01 ; 2.5800000e+02 
3.500e+01 ; 3.200e+00 ; 1.800e+00 ; 2.6682000e+01 ; 2.5800000e+02 
3.500e+01 ; 3.200e+00 ; 1.800e+00 ; 2.6683000e+01 ; 2.5800000e+02 
3.500e+01 ; 3.200e+00 ; 1.800e+00 ; 2.6685000e+01 ; 2.5800000e+02 
3.500e+01 ; 3.200e+00 ; 1.800e+00 ; 2.6689000e+01 ; 2.5800000e+02 
3.500e+01 ; 3.200e+00 ; 1.800e+00 ; 2.6697000e+01 ; 2.5800000e+02 
3.500e+01 ; 3.200e+00 ; 1.800e+00 ; 2.6713000e+01 ; 2.5800000e+02 
3.500e+01 ; 3.200e+00 ; 1.800e+00 ; 2.6745000e+01 ; 2.5800000e+02 
3.500e+01 ; 3.200e+00 ; 1.800e+00 ; 2.6809000e+01 ; 2.5800000e+02 
3.500e+01 ; 3.200e+00 ; 1.800e+00 ; 2.6937000e+01 ; 2.5800000e+02 
3.500e+01 ; 3.200e+00 ; 1.800e+00 ; 2.7193000e+01 ; 2.5800000e+02 
3.500e+01 ; 3.200e+00 ; 1.800e+00 ; 2.7600001e+01 ; 2.5800000e+02 
3.500e+01 ; 3.200e+00 ; 1.800e+00 ; 2.7600001e+01 ; 2.5800000e+02 
3.500e+01 ; 3.200e+00 ; 1.800e+00 ; 2.7601001e+01 ; 2.5800000e+02 
3.500e+01 ; 3.200e+00 ; 1.800e+00 ; 2.7602001e+01 ; 2.5800000e+02 
3.500e+01 ; 3.200e+00 ; 1.800e+00 ; 2.7603001e+01 ; 2.5800000e+02 
3.500e+01 ; 3.200e+00 ; 1.800e+00 ; 2.7605001e+01 ; 2.5800000e+02 
3.500e+01 ; 3.200e+00 ; 1.800e+00 ; 2.7609001e+01 ; 2.5800000e+02 
3.500e+01 ; 3.200e+00 ; 1.800e+00 ; 2.7617001e+01 ; 2.5800000e+02 
3.500e+01 ; 3.200e+00 ; 1.800e+00 ; 2.7633001e+01 ; 2.5800000e+02 
3.500e+01 ; 3.200e+00 ; 1.800e+00 ; 2.7665000e+01 ; 2.5800000e+02 
3.500e+01 ; 3.200e+00 ; 1.800e+00 ; 2.7729000e+01 ; 2.5800000e+02 
3.500e+01 ; 3.200e+00 ; 1.800e+00 ; 2.7857000e+01 ; 2.5800000e+02 
3.500e+01 ; 3.200e+00 ; 1.800e+00 ; 2.8113001e+01 ; 2.5800000e+02 
3.500e+01 ; 3.200e+00 ; 1.800e+00 ; 2.8520001e+01 ; 2.5800000e+02 
3.500e+01 ; 3.200e+00 ; 1.800e+00 ; 2.8520001e+01 ; 2.5800000e+02 
3.500e+01 ; 3.200e+00 ; 1.800e+00 ; 2.8521001e+01 ; 2.5800000e+02 
3.500e+01 ; 3.200e+00 ; 1.800e+00 ; 2.8522001e+01 ; 2.5800000e+02 
3.500e+01 ; 3.200e+00 ; 1.800e+00 ; 2.8523001e+01 ; 2.5800000e+02 
3.500e+01 ; 3.200e+00 ; 1.800e+00 ; 2.8525001e+01 ; 2.5800000e+02 
3.500e+01 ; 3.200e+00 ; 1.800e+00 ; 2.8529001e+01 ; 2.5800000e+02 
3.500e+01 ; 3.200e+00 ; 1.800e+00 ; 2.8537001e+01 ; 2.5800000e+02 
3.500e+01 ; 3.200e+00 ; 1.800e+00 ; 2.8553001e+01 ; 2.5800000e+02 
3.500e+01 ; 3.200e+00 ; 1.800e+00 ; 2.8585001e+01 ; 2.5800000e+02 
3.500e+01 ; 3.200e+00 ; 1.800e+00 ; 2.8649001e+01 ; 2.5800000e+02 
3.500e+01 ; 3.200e+00 ; 1.800e+00 ; 2.8777001e+01 ; 2.5800000e+02 
3.500e+01 ; 3.200e+00 ; 1.800e+00 ; 2.9033001e+01 ; 2.5800000e+02 
3.500e+01 ; 3.200e+00 ; 1.800e+00 ; 2.9440001e+01 ; 2.5800000e+02 
3.500e+01 ; 3.200e+00 ; 1.800e+00 ; 2.9440001e+01 ; 2.5800000e+02 
3.500e+01 ; 3.200e+00 ; 1.800e+00 ; 2.9441001e+01 ; 2.5800000e+02 
3.500e+01 ; 3.200e+00 ; 1.800e+00 ; 2.9442001e+01 ; 2.5800000e+02 
3.500e+01 ; 3.200e+00 ; 1.800e+00 ; 2.9443001e+01 ; 2.5800000e+02 
3.500e+01 ; 3.200e+00 ; 1.800e+00 ; 2.9445001e+01 ; 2.5800000e+02 
3.500e+01 ; 3.200e+00 ; 1.800e+00 ; 2.9449001e+01 ; 2.5800000e+02 
3.500e+01 ; 3.200e+00 ; 1.800e+00 ; 2.9457001e+01 ; 2.5800000e+02 
3.500e+01 ; 3.200e+00 ; 1.800e+00 ; 2.9473001e+01 ; 2.5800000e+02 
3.500e+01 ; 3.200e+00 ; 1.800e+00 ; 2.9505001e+01 ; 2.5800000e+02 
3.500e+01 ; 3.200e+00 ; 1.800e+00 ; 2.9569001e+01 ; 2.5800000e+02 
3.500e+01 ; 3.200e+00 ; 1.800e+00 ; 2.9697001e+01 ; 2.5800000e+02 
3.500e+01 ; 3.200e+00 ; 1.800e+00 ; 2.9953001e+01 ; 2.5800000e+02 
3.500e+01 ; 3.200e+00 ; 1.800e+00 ; 3.0360001e+01 ; 2.5800000e+02 
3.500e+01 ; 3.200e+00 ; 1.800e+00 ; 3.0360001e+01 ; 2.5800000e+02 
3.500e+01 ; 3.200e+00 ; 1.800e+00 ; 3.0361001e+01 ; 2.5800000e+02 
3.500e+01 ; 3.200e+00 ; 1.800e+00 ; 3.0362001e+01 ; 2.5800000e+02 
3.500e+01 ; 3.200e+00 ; 1.800e+00 ; 3.0363001e+01 ; 2.5800000e+02 
3.500e+01 ; 3.200e+00 ; 1.800e+00 ; 3.0365001e+01 ; 2.5800000e+02 
3.500e+01 ; 3.200e+00 ; 1.800e+00 ; 3.0369001e+01 ; 2.5800000e+02 
3.500e+01 ; 3.200e+00 ; 1.800e+00 ; 3.0377001e+01 ; 2.5800000e+02 
3.500e+01 ; 3.200e+00 ; 1.800e+00 ; 3.0393001e+01 ; 2.5800000e+02 
3.500e+01 ; 3.200e+00 ; 1.800e+00 ; 3.0425001e+01 ; 2.5800000e+02 
3.500e+01 ; 3.200e+00 ; 1.800e+00 ; 3.0489001e+01 ; 2.5800000e+02 
3.500e+01 ; 3.200e+00 ; 1.800e+00 ; 3.0617001e+01 ; 2.5800000e+02 
3.500e+01 ; 3.200e+00 ; 1.800e+00 ; 3.0873001e+01 ; 2.5800000e+02 
3.500e+01 ; 3.200e+00 ; 1.800e+00 ; 3.1280001e+01 ; 2.5800000e+02 
3.500e+01 ; 3.200e+00 ; 1.800e+00 ; 3.1280001e+01 ; 2.5800000e+02 
3.500e+01 ; 3.200e+00 ; 1.800e+00 ; 3.1281001e+01 ; 2.5783499e+02 
3.500e+01 ; 3.200e+00 ; 1.800e+00 ; 3.1282001e+01 ; 2.5767017e+02 
3.500e+01 ; 3.200e+00 ; 1.800e+00 ; 3.1283001e+01 ; 2.5750549e+02 
3.500e+01 ; 3.200e+00 ; 1.800e+00 ; 3.1285001e+01 ; 2.5717676e+02 
3.500e+01 ; 3.200e+00 ; 1.800e+00 ; 3.1289001e+01 ; 2.5652182e+02 
3.500e+01 ; 3.200e+00 ; 1.800e+00 ; 3.1297001e+01 ; 2.5522205e+02 
3.500e+01 ; 3.200e+00 ; 1.800e+00 ; 3.1313001e+01 ; 2.5266212e+02 
3.500e+01 ; 3.200e+00 ; 1.800e+00 ; 3.1345001e+01 ; 2.4769630e+02 
3.500e+01 ; 3.200e+00 ; 1.800e+00 ; 3.1409001e+01 ; 2.3834625e+02 
3.500e+01 ; 3.200e+00 ; 1.800e+00 ; 3.1537001e+01 ; 2.2172260e+02 
3.500e+01 ; 3.200e+00 ; 1.800e+00 ; 3.1793001e+01 ; 1.9514194e+02 
3.500e+01 ; 3.200e+00 ; 1.800e+00 ; 3.2200001e+01 ; 1.6489211e+02 
3.500e+01 ; 3.200e+00 ; 1.800e+00 ; 3.2200001e+01 ; 1.6489211e+02 
3.500e+01 ; 3.200e+00 ; 1.800e+00 ; 3.2201001e+01 ; 1.6481784e+02 
3.500e+01 ; 3.200e+00 ; 1.800e+00 ; 3.2202001e+01 ; 1.6474367e+02 
3.500e+01 ; 3.200e+00 ; 1.800e+00 ; 3.2203001e+01 ; 1.6466956e+02 
3.500e+01 ; 3.200e+00 ; 1.800e+00 ; 3.2205001e+01 ; 1.6452161e+02 
3.500e+01 ; 3.200e+00 ; 1.800e+00 ; 3.2209001e+01 ; 1.6422682e+02 
3.500e+01 ; 3.200e+00 ; 1.800e+00 ; 3.2217001e+01 ; 1.6364169e+02 
3.500e+01 ; 3.200e+00 ; 1.800e+00 ; 3.2233001e+01 ; 1.6248885e+02 
3.500e+01 ; 3.200e+00 ; 1.800e+00 ; 3.2265001e+01 ; 1.6025070e+02 
3.500e+01 ; 3.200e+00 ; 1.800e+00 ; 3.2329001e+01 ; 1.5602896e+02 
3.500e+01 ; 3.200e+00 ; 1.800e+00 ; 3.2457001e+01 ; 1.4849472e+02 
3.500e+01 ; 3.200e+00 ; 1.800e+00 ; 3.2713001e+01 ; 1.3637013e+02 
3.500e+01 ; 3.200e+00 ; 1.800e+00 ; 3.3120001e+01 ; 1.2248200e+02 
3.500e+01 ; 3.200e+00 ; 1.800e+00 ; 3.3120001e+01 ; 1.2248200e+02 
3.500e+01 ; 3.200e+00 ; 1.800e+00 ; 3.3121001e+01 ; 1.2244791e+02 
3.500e+01 ; 3.200e+00 ; 1.800e+00 ; 3.3122001e+01 ; 1.2241386e+02 
3.500e+01 ; 3.200e+00 ; 1.800e+00 ; 3.3123001e+01 ; 1.2237984e+02 
3.500e+01 ; 3.200e+00 ; 1.800e+00 ; 3.3125001e+01 ; 1.2231193e+02 
3.500e+01 ; 3.200e+00 ; 1.800e+00 ; 3.3129001e+01 ; 1.2217666e+02 
3.500e+01 ; 3.200e+00 ; 1.800e+00 ; 3.3137001e+01 ; 1.2190827e+02 
3.500e+01 ; 3.200e+00 ; 1.800e+00 ; 3.3153001e+01 ; 1.2137996e+02 
3.500e+01 ; 3.200e+00 ; 1.800e+00 ; 3.3185001e+01 ; 1.2035609e+02 
3.500e+01 ; 3.200e+00 ; 1.800e+00 ; 3.3249001e+01 ; 1.1843128e+02 
3.500e+01 ; 3.200e+00 ; 1.800e+00 ; 3.3377001e+01 ; 1.1501533e+02 
3.500e+01 ; 3.200e+00 ; 1.800e+00 ; 3.3633001e+01 ; 1.0954822e+02 
3.500e+01 ; 3.200e+00 ; 1.800e+00 ; 3.4040001e+01 ; 1.0325399e+02 
3.500e+01 ; 3.200e+00 ; 1.800e+00 ; 3.4040001e+01 ; 1.0325399e+02 
3.500e+01 ; 3.200e+00 ; 1.800e+00 ; 3.4041001e+01 ; 1.0323854e+02 
3.500e+01 ; 3.200e+00 ; 1.800e+00 ; 3.4042001e+01 ; 1.0322311e+02 
3.500e+01 ; 3.200e+00 ; 1.800e+00 ; 3.4043001e+01 ; 1.0320769e+02 
3.500e+01 ; 3.200e+00 ; 1.800e+00 ; 3.4045001e+01 ; 1.0317690e+02 
3.500e+01 ; 3.200e+00 ; 1.800e+00 ; 3.4049001e+01 ; 1.0311555e+02 
3.500e+01 ; 3.200e+00 ; 1.800e+00 ; 3.4057001e+01 ; 1.0299378e+02 
3.500e+01 ; 3.200e+00 ; 1.800e+00 ; 3.4073001e+01 ; 1.0275379e+02 
3.500e+01 ; 3.200e+00 ; 1.800e+00 ; 3.4105001e+01 ; 1.0228755e+02 
3.500e+01 ; 3.200e+00 ; 1.800e+00 ; 3.4169001e+01 ; 1.0140627e+02 
3.500e+01 ; 3.200e+00 ; 1.800e+00 ; 3.4297001e+01 ; 9.9822395e+01 
3.500e+01 ; 3.200e+00 ; 1.800e+00 ; 3.4553001e+01 ; 9.7211037e+01 
3.500e+01 ; 3.200e+00 ; 1.800e+00 ; 3.4960001e+01 ; 9.4040192e+01 
3.500e+01 ; 3.200e+00 ; 1.800e+00 ; 3.4960001e+01 ; 9.4040192e+01 
3.500e+01 ; 3.200e+00 ; 1.800e+00 ; 3.4961001e+01 ; 9.4032410e+01 
3.500e+01 ; 3.200e+00 ; 1.800e+00 ; 3.4962001e+01 ; 9.4024635e+01 
3.500e+01 ; 3.200e+00 ; 1.800e+00 ; 3.4963001e+01 ; 9.4016861e+01 
3.500e+01 ; 3.200e+00 ; 1.800e+00 ; 3.4965001e+01 ; 9.4001335e+01 
3.500e+01 ; 3.200e+00 ; 1.800e+00 ; 3.4969001e+01 ; 9.3970383e+01 
3.500e+01 ; 3.200e+00 ; 1.800e+00 ; 3.4977001e+01 ; 9.3908852e+01 
3.500e+01 ; 3.200e+00 ; 1.800e+00 ; 3.4993001e+01 ; 9.3787254e+01 
3.500e+01 ; 3.200e+00 ; 1.800e+00 ; 3.5025001e+01 ; 9.3549721e+01 
3.500e+01 ; 3.200e+00 ; 1.800e+00 ; 3.5089001e+01 ; 9.3095886e+01 
3.500e+01 ; 3.200e+00 ; 1.800e+00 ; 3.5217001e+01 ; 9.2263275e+01 
3.500e+01 ; 3.200e+00 ; 1.800e+00 ; 3.5473001e+01 ; 9.0837738e+01 
3.500e+01 ; 3.200e+00 ; 1.800e+00 ; 3.5880001e+01 ; 8.9010536e+01 
3.500e+01 ; 3.200e+00 ; 1.800e+00 ; 3.5880001e+01 ; 8.9010536e+01 
3.500e+01 ; 3.200e+00 ; 1.800e+00 ; 3.5881001e+01 ; 8.9006050e+01 
3.500e+01 ; 3.200e+00 ; 1.800e+00 ; 3.5882001e+01 ; 8.9001572e+01 
3.500e+01 ; 3.200e+00 ; 1.800e+00 ; 3.5883001e+01 ; 8.8997086e+01 
3.500e+01 ; 3.200e+00 ; 1.800e+00 ; 3.5885001e+01 ; 8.8988136e+01 
3.500e+01 ; 3.200e+00 ; 1.800e+00 ; 3.5889001e+01 ; 8.8970276e+01 
3.500e+01 ; 3.200e+00 ; 1.800e+00 ; 3.5897001e+01 ; 8.8934715e+01 
3.500e+01 ; 3.200e+00 ; 1.800e+00 ; 3.5913001e+01 ; 8.8864258e+01 
3.500e+01 ; 3.200e+00 ; 1.800e+00 ; 3.5945001e+01 ; 8.8725891e+01 
3.500e+01 ; 3.200e+00 ; 1.800e+00 ; 3.6009001e+01 ; 8.8458839e+01 
3.500e+01 ; 3.200e+00 ; 1.800e+00 ; 3.6137001e+01 ; 8.7959465e+01 
3.500e+01 ; 3.200e+00 ; 1.800e+00 ; 3.6393001e+01 ; 8.7074883e+01 
3.500e+01 ; 3.200e+00 ; 1.800e+00 ; 3.6800001e+01 ; 8.5886940e+01 
3.500e+01 ; 3.200e+00 ; 1.800e+00 ; 3.6800001e+01 ; 8.5886940e+01 
3.500e+01 ; 3.200e+00 ; 1.800e+00 ; 3.6801001e+01 ; 8.5884018e+01 
3.500e+01 ; 3.200e+00 ; 1.800e+00 ; 3.6802001e+01 ; 8.5881104e+01 
3.500e+01 ; 3.200e+00 ; 1.800e+00 ; 3.6803001e+01 ; 8.5878189e+01 
3.500e+01 ; 3.200e+00 ; 1.800e+00 ; 3.6805001e+01 ; 8.5872368e+01 
3.500e+01 ; 3.200e+00 ; 1.800e+00 ; 3.6809001e+01 ; 8.5860741e+01 
3.500e+01 ; 3.200e+00 ; 1.800e+00 ; 3.6817001e+01 ; 8.5837563e+01 
3.500e+01 ; 3.200e+00 ; 1.800e+00 ; 3.6833001e+01 ; 8.5791550e+01 
3.500e+01 ; 3.200e+00 ; 1.800e+00 ; 3.6865001e+01 ; 8.5700798e+01 
3.500e+01 ; 3.200e+00 ; 1.800e+00 ; 3.6929001e+01 ; 8.5524193e+01 
3.500e+01 ; 3.200e+00 ; 1.800e+00 ; 3.7057001e+01 ; 8.5188850e+01 
3.500e+01 ; 3.200e+00 ; 1.800e+00 ; 3.7313001e+01 ; 8.4578674e+01 
3.500e+01 ; 3.200e+00 ; 1.800e+00 ; 3.7720001e+01 ; 8.3729340e+01 
3.500e+01 ; 3.200e+00 ; 1.800e+00 ; 3.7720001e+01 ; 8.3729340e+01 
3.500e+01 ; 3.200e+00 ; 1.800e+00 ; 3.7721001e+01 ; 8.3727257e+01 
3.500e+01 ; 3.200e+00 ; 1.800e+00 ; 3.7722001e+01 ; 8.3725166e+01 
3.500e+01 ; 3.200e+00 ; 1.800e+00 ; 3.7723001e+01 ; 8.3723083e+01 
3.500e+01 ; 3.200e+00 ; 1.800e+00 ; 3.7725001e+01 ; 8.3718918e+01 
3.500e+01 ; 3.200e+00 ; 1.800e+00 ; 3.7729001e+01 ; 8.3710594e+01 
3.500e+01 ; 3.200e+00 ; 1.800e+00 ; 3.7737001e+01 ; 8.3694000e+01 
3.500e+01 ; 3.200e+00 ; 1.800e+00 ; 3.7753001e+01 ; 8.3660995e+01 
3.500e+01 ; 3.200e+00 ; 1.800e+00 ; 3.7785001e+01 ; 8.3595688e+01 
3.500e+01 ; 3.200e+00 ; 1.800e+00 ; 3.7849001e+01 ; 8.3467834e+01 
3.500e+01 ; 3.200e+00 ; 1.800e+00 ; 3.7977001e+01 ; 8.3222328e+01 
3.500e+01 ; 3.200e+00 ; 1.800e+00 ; 3.8233001e+01 ; 8.2766823e+01 
3.500e+01 ; 3.200e+00 ; 1.800e+00 ; 3.8640001e+01 ; 8.2116364e+01 
3.500e+01 ; 3.200e+00 ; 1.800e+00 ; 3.8640001e+01 ; 8.2116364e+01 
3.500e+01 ; 3.200e+00 ; 1.800e+00 ; 3.8641001e+01 ; 8.2114769e+01 
3.500e+01 ; 3.200e+00 ; 1.800e+00 ; 3.8642001e+01 ; 8.2113167e+01 
3.500e+01 ; 3.200e+00 ; 1.800e+00 ; 3.8643001e+01 ; 8.2111572e+01 
3.500e+01 ; 3.200e+00 ; 1.800e+00 ; 3.8645001e+01 ; 8.2108383e+01 
3.500e+01 ; 3.200e+00 ; 1.800e+00 ; 3.8649001e+01 ; 8.2102005e+01 
3.500e+01 ; 3.200e+00 ; 1.800e+00 ; 3.8657001e+01 ; 8.2089279e+01 
3.500e+01 ; 3.200e+00 ; 1.800e+00 ; 3.8673001e+01 ; 8.2063942e+01 
3.500e+01 ; 3.200e+00 ; 1.800e+00 ; 3.8705001e+01 ; 8.2013702e+01 
3.500e+01 ; 3.200e+00 ; 1.800e+00 ; 3.8769001e+01 ; 8.1914932e+01 
3.500e+01 ; 3.200e+00 ; 1.800e+00 ; 3.8897001e+01 ; 8.1723801e+01 
3.500e+01 ; 3.200e+00 ; 1.800e+00 ; 3.9153001e+01 ; 8.1364388e+01 
3.500e+01 ; 3.200e+00 ; 1.800e+00 ; 3.9560001e+01 ; 8.0842072e+01 
3.500e+01 ; 3.200e+00 ; 1.800e+00 ; 3.9560001e+01 ; 8.0842072e+01 
3.500e+01 ; 3.200e+00 ; 1.800e+00 ; 3.9561001e+01 ; 8.0840782e+01 
3.500e+01 ; 3.200e+00 ; 1.800e+00 ; 3.9562001e+01 ; 8.0839500e+01 
3.500e+01 ; 3.200e+00 ; 1.800e+00 ; 3.9563001e+01 ; 8.0838219e+01 
3.500e+01 ; 3.200e+00 ; 1.800e+00 ; 3.9565001e+01 ; 8.0835655e+01 
3.500e+01 ; 3.200e+00 ; 1.800e+00 ; 3.9569001e+01 ; 8.0830536e+01 
3.500e+01 ; 3.200e+00 ; 1.800e+00 ; 3.9577001e+01 ; 8.0820305e+01 
3.500e+01 ; 3.200e+00 ; 1.800e+00 ; 3.9593001e+01 ; 8.0799927e+01 
3.500e+01 ; 3.200e+00 ; 1.800e+00 ; 3.9625001e+01 ; 8.0759468e+01 
3.500e+01 ; 3.200e+00 ; 1.800e+00 ; 3.9689001e+01 ; 8.0679695e+01 
3.500e+01 ; 3.200e+00 ; 1.800e+00 ; 3.9817001e+01 ; 8.0524513e+01 
3.500e+01 ; 3.200e+00 ; 1.800e+00 ; 4.0073001e+01 ; 8.0230072e+01 
3.500e+01 ; 3.200e+00 ; 1.800e+00 ; 4.0480001e+01 ; 7.9797119e+01 
3.500e+01 ; 3.200e+00 ; 1.800e+00 ; 4.0480001e+01 ; 7.9797119e+01 
3.500e+01 ; 3.200e+00 ; 1.800e+00 ; 4.0481001e+01 ; 7.9796059e+01 
3.500e+01 ; 3.200e+00 ; 1.800e+00 ; 4.0482001e+01 ; 7.9794998e+01 
3.500e+01 ; 3.200e+00 ; 1.800e+00 ; 4.0483001e+01 ; 7.9793930e+01 
3.500e+01 ; 3.200e+00 ; 1.800e+00 ; 4.0485001e+01 ; 7.9791809e+01 
3.500e+01 ; 3.200e+00 ; 1.800e+00 ; 4.0489001e+01 ; 7.9787560e+01 
3.500e+01 ; 3.200e+00 ; 1.800e+00 ; 4.0497001e+01 ; 7.9779076e+01 
3.500e+01 ; 3.200e+00 ; 1.800e+00 ; 4.0513001e+01 ; 7.9762169e+01 
3.500e+01 ; 3.200e+00 ; 1.800e+00 ; 4.0545001e+01 ; 7.9728561e+01 
3.500e+01 ; 3.200e+00 ; 1.800e+00 ; 4.0609001e+01 ; 7.9662186e+01 
3.500e+01 ; 3.200e+00 ; 1.800e+00 ; 4.0737001e+01 ; 7.9532623e+01 
3.500e+01 ; 3.200e+00 ; 1.800e+00 ; 4.0993001e+01 ; 7.9285309e+01 
3.500e+01 ; 3.200e+00 ; 1.800e+00 ; 4.1400001e+01 ; 7.8918854e+01 
3.500e+01 ; 3.200e+00 ; 1.800e+00 ; 4.1400001e+01 ; 7.8918854e+01 
3.500e+01 ; 3.200e+00 ; 1.800e+00 ; 4.1401001e+01 ; 7.8917953e+01 
3.500e+01 ; 3.200e+00 ; 1.800e+00 ; 4.1402001e+01 ; 7.8917053e+01 
3.500e+01 ; 3.200e+00 ; 1.800e+00 ; 4.1403001e+01 ; 7.8916153e+01 
3.500e+01 ; 3.200e+00 ; 1.800e+00 ; 4.1405001e+01 ; 7.8914352e+01 
3.500e+01 ; 3.200e+00 ; 1.800e+00 ; 4.1409001e+01 ; 7.8910759e+01 
3.500e+01 ; 3.200e+00 ; 1.800e+00 ; 4.1417001e+01 ; 7.8903572e+01 
3.500e+01 ; 3.200e+00 ; 1.800e+00 ; 4.1433001e+01 ; 7.8889252e+01 
3.500e+01 ; 3.200e+00 ; 1.800e+00 ; 4.1465001e+01 ; 7.8860771e+01 
3.500e+01 ; 3.200e+00 ; 1.800e+00 ; 4.1529001e+01 ; 7.8804443e+01 
3.500e+01 ; 3.200e+00 ; 1.800e+00 ; 4.1657001e+01 ; 7.8694260e+01 
3.500e+01 ; 3.200e+00 ; 1.800e+00 ; 4.1913001e+01 ; 7.8483116e+01 
3.500e+01 ; 3.200e+00 ; 1.800e+00 ; 4.2320001e+01 ; 7.8168671e+01 
3.500e+01 ; 3.200e+00 ; 1.800e+00 ; 4.2320001e+01 ; 7.8168671e+01 
3.500e+01 ; 3.200e+00 ; 1.800e+00 ; 4.2321001e+01 ; 7.8167900e+01 
3.500e+01 ; 3.200e+00 ; 1.800e+00 ; 4.2322001e+01 ; 7.8167130e+01 
3.500e+01 ; 3.200e+00 ; 1.800e+00 ; 4.2323001e+01 ; 7.8166351e+01 
3.500e+01 ; 3.200e+00 ; 1.800e+00 ; 4.2325001e+01 ; 7.8164810e+01 
3.500e+01 ; 3.200e+00 ; 1.800e+00 ; 4.2329001e+01 ; 7.8161728e+01 
3.500e+01 ; 3.200e+00 ; 1.800e+00 ; 4.2337001e+01 ; 7.8155563e+01 
3.500e+01 ; 3.200e+00 ; 1.800e+00 ; 4.2353001e+01 ; 7.8143265e+01 
3.500e+01 ; 3.200e+00 ; 1.800e+00 ; 4.2385001e+01 ; 7.8118805e+01 
3.500e+01 ; 3.200e+00 ; 1.800e+00 ; 4.2449001e+01 ; 7.8070396e+01 
3.500e+01 ; 3.200e+00 ; 1.800e+00 ; 4.2577001e+01 ; 7.7975563e+01 
3.500e+01 ; 3.200e+00 ; 1.800e+00 ; 4.2833001e+01 ; 7.7793472e+01 
3.500e+01 ; 3.200e+00 ; 1.800e+00 ; 4.3240001e+01 ; 7.7522102e+01 
3.500e+01 ; 3.200e+00 ; 1.800e+00 ; 4.3240001e+01 ; 7.7522102e+01 
3.500e+01 ; 3.200e+00 ; 1.800e+00 ; 4.3241001e+01 ; 7.7521431e+01 
3.500e+01 ; 3.200e+00 ; 1.800e+00 ; 4.3242001e+01 ; 7.7520767e+01 
3.500e+01 ; 3.200e+00 ; 1.800e+00 ; 4.3243001e+01 ; 7.7520096e+01 
3.500e+01 ; 3.200e+00 ; 1.800e+00 ; 4.3245001e+01 ; 7.7518768e+01 
3.500e+01 ; 3.200e+00 ; 1.800e+00 ; 4.3249001e+01 ; 7.7516106e+01 
3.500e+01 ; 3.200e+00 ; 1.800e+00 ; 4.3257001e+01 ; 7.7510780e+01 
3.500e+01 ; 3.200e+00 ; 1.800e+00 ; 4.3273001e+01 ; 7.7500175e+01 
3.500e+01 ; 3.200e+00 ; 1.800e+00 ; 4.3305001e+01 ; 7.7479073e+01 
3.500e+01 ; 3.200e+00 ; 1.800e+00 ; 4.3369001e+01 ; 7.7437347e+01 
3.500e+01 ; 3.200e+00 ; 1.800e+00 ; 4.3497001e+01 ; 7.7356026e+01 
3.500e+01 ; 3.200e+00 ; 1.800e+00 ; 4.3753001e+01 ; 7.7203201e+01 
3.500e+01 ; 3.200e+00 ; 1.800e+00 ; 4.4160001e+01 ; 7.6987213e+01 
3.500e+01 ; 3.200e+00 ; 1.800e+00 ; 4.4160001e+01 ; 7.6987213e+01 
3.500e+01 ; 3.200e+00 ; 1.800e+00 ; 4.4161001e+01 ; 7.6986679e+01 
3.500e+01 ; 3.200e+00 ; 1.800e+00 ; 4.4162001e+01 ; 7.6986153e+01 
3.500e+01 ; 3.200e+00 ; 1.800e+00 ; 4.4163001e+01 ; 7.6985619e+01 
3.500e+01 ; 3.200e+00 ; 1.800e+00 ; 4.4165001e+01 ; 7.6984566e+01 
3.500e+01 ; 3.200e+00 ; 1.800e+00 ; 4.4169001e+01 ; 7.6982445e+01 
3.500e+01 ; 3.200e+00 ; 1.800e+00 ; 4.4177001e+01 ; 7.6978233e+01 
3.500e+01 ; 3.200e+00 ; 1.800e+00 ; 4.4193001e+01 ; 7.6969864e+01 
3.500e+01 ; 3.200e+00 ; 1.800e+00 ; 4.4225001e+01 ; 7.6953400e+01 
3.500e+01 ; 3.200e+00 ; 1.800e+00 ; 4.4289001e+01 ; 7.6921730e+01 
3.500e+01 ; 3.200e+00 ; 1.800e+00 ; 4.4417001e+01 ; 7.6864510e+01 
3.500e+01 ; 3.200e+00 ; 1.800e+00 ; 4.4673001e+01 ; 7.6779205e+01 
3.500e+01 ; 3.200e+00 ; 1.800e+00 ; 4.5080001e+01 ; 7.6716217e+01 
3.500e+01 ; 3.200e+00 ; 1.800e+00 ; 4.5080001e+01 ; 7.6716217e+01 
3.500e+01 ; 3.200e+00 ; 1.800e+00 ; 4.5081001e+01 ; 7.6720383e+01 
3.500e+01 ; 3.200e+00 ; 1.800e+00 ; 4.5082001e+01 ; 7.6724594e+01 
3.500e+01 ; 3.200e+00 ; 1.800e+00 ; 4.5083001e+01 ; 7.6728844e+01 
3.500e+01 ; 3.200e+00 ; 1.800e+00 ; 4.5085001e+01 ; 7.6737495e+01 
3.500e+01 ; 3.200e+00 ; 1.800e+00 ; 4.5089001e+01 ; 7.6755417e+01 
3.500e+01 ; 3.200e+00 ; 1.800e+00 ; 4.5097001e+01 ; 7.6793663e+01 
3.500e+01 ; 3.200e+00 ; 1.800e+00 ; 4.5113001e+01 ; 7.6879288e+01 
3.500e+01 ; 3.200e+00 ; 1.800e+00 ; 4.5145001e+01 ; 7.7083488e+01 
3.500e+01 ; 3.200e+00 ; 1.800e+00 ; 4.5209001e+01 ; 7.7598709e+01 
3.500e+01 ; 3.200e+00 ; 1.800e+00 ; 4.5337001e+01 ; 7.8901344e+01 
3.500e+01 ; 3.200e+00 ; 1.800e+00 ; 4.5593001e+01 ; 8.1837349e+01 
3.500e+01 ; 3.200e+00 ; 1.800e+00 ; 4.6000001e+01 ; 8.5908653e+01 
3.500e+01 ; 3.200e+00 ; 1.800e+00 ; 4.6000001e+01 ; 8.5908653e+01 
3.500e+01 ; 3.200e+00 ; 1.800e+00 ; 4.6001001e+01 ; 8.5922249e+01 
3.500e+01 ; 3.200e+00 ; 1.800e+00 ; 4.6002001e+01 ; 8.5935844e+01 
3.500e+01 ; 3.200e+00 ; 1.800e+00 ; 4.6003001e+01 ; 8.5949448e+01 
3.500e+01 ; 3.200e+00 ; 1.800e+00 ; 4.6005001e+01 ; 8.5976662e+01 
3.500e+01 ; 3.200e+00 ; 1.800e+00 ; 4.6009001e+01 ; 8.6031166e+01 
3.500e+01 ; 3.200e+00 ; 1.800e+00 ; 4.6017001e+01 ; 8.6140388e+01 
3.500e+01 ; 3.200e+00 ; 1.800e+00 ; 4.6033001e+01 ; 8.6359596e+01 
3.500e+01 ; 3.200e+00 ; 1.800e+00 ; 4.6065001e+01 ; 8.6799896e+01 
3.500e+01 ; 3.200e+00 ; 1.800e+00 ; 4.6129001e+01 ; 8.7680099e+01 
3.500e+01 ; 3.200e+00 ; 1.800e+00 ; 4.6257001e+01 ; 8.9390968e+01 
3.500e+01 ; 3.200e+00 ; 1.800e+00 ; 4.6513001e+01 ; 9.2400818e+01 
3.500e+01 ; 3.200e+00 ; 1.800e+00 ; 4.6920001e+01 ; 9.5835091e+01 
3.500e+01 ; 3.200e+00 ; 1.800e+00 ; 4.6920001e+01 ; 9.5835091e+01 
3.500e+01 ; 3.200e+00 ; 1.800e+00 ; 4.6921001e+01 ; 9.5843513e+01 
3.500e+01 ; 3.200e+00 ; 1.800e+00 ; 4.6922001e+01 ; 9.5851913e+01 
3.500e+01 ; 3.200e+00 ; 1.800e+00 ; 4.6923001e+01 ; 9.5860298e+01 
3.500e+01 ; 3.200e+00 ; 1.800e+00 ; 4.6925001e+01 ; 9.5877007e+01 
3.500e+01 ; 3.200e+00 ; 1.800e+00 ; 4.6929001e+01 ; 9.5910149e+01 
3.500e+01 ; 3.200e+00 ; 1.800e+00 ; 4.6937001e+01 ; 9.5975357e+01 
3.500e+01 ; 3.200e+00 ; 1.800e+00 ; 4.6953001e+01 ; 9.6101578e+01 
3.500e+01 ; 3.200e+00 ; 1.800e+00 ; 4.6985001e+01 ; 9.6337959e+01 
3.500e+01 ; 3.200e+00 ; 1.800e+00 ; 4.7049001e+01 ; 9.6751724e+01 
3.500e+01 ; 3.200e+00 ; 1.800e+00 ; 4.7177001e+01 ; 9.7379738e+01 
3.500e+01 ; 3.200e+00 ; 1.800e+00 ; 4.7433001e+01 ; 9.8058052e+01 
3.500e+01 ; 3.200e+00 ; 1.800e+00 ; 4.7840001e+01 ; 9.8252800e+01 
3.500e+01 ; 3.200e+00 ; 1.800e+00 ; 4.7840001e+01 ; 9.8252800e+01 
3.500e+01 ; 3.200e+00 ; 1.800e+00 ; 4.7841001e+01 ; 9.8253281e+01 
3.500e+01 ; 3.200e+00 ; 1.800e+00 ; 4.7842001e+01 ; 9.8253746e+01 
3.500e+01 ; 3.200e+00 ; 1.800e+00 ; 4.7843001e+01 ; 9.8254204e+01 
3.500e+01 ; 3.200e+00 ; 1.800e+00 ; 4.7845001e+01 ; 9.8255112e+01 
3.500e+01 ; 3.200e+00 ; 1.800e+00 ; 4.7849001e+01 ; 9.8256836e+01 
3.500e+01 ; 3.200e+00 ; 1.800e+00 ; 4.7857001e+01 ; 9.8259949e+01 
3.500e+01 ; 3.200e+00 ; 1.800e+00 ; 4.7873001e+01 ; 9.8264885e+01 
3.500e+01 ; 3.200e+00 ; 1.800e+00 ; 4.7905001e+01 ; 9.8269836e+01 
3.500e+01 ; 3.200e+00 ; 1.800e+00 ; 4.7969001e+01 ; 9.8261932e+01 
3.500e+01 ; 3.200e+00 ; 1.800e+00 ; 4.8097001e+01 ; 9.8187798e+01 
3.500e+01 ; 3.200e+00 ; 1.800e+00 ; 4.8353001e+01 ; 9.7881516e+01 
3.500e+01 ; 3.200e+00 ; 1.800e+00 ; 4.8760001e+01 ; 9.7183334e+01 
3.500e+01 ; 3.200e+00 ; 1.800e+00 ; 4.8760001e+01 ; 9.7183334e+01 
3.500e+01 ; 3.200e+00 ; 1.800e+00 ; 4.8761001e+01 ; 9.7181618e+01 
3.500e+01 ; 3.200e+00 ; 1.800e+00 ; 4.8762001e+01 ; 9.7179901e+01 
3.500e+01 ; 3.200e+00 ; 1.800e+00 ; 4.8763001e+01 ; 9.7178177e+01 
3.500e+01 ; 3.200e+00 ; 1.800e+00 ; 4.8765001e+01 ; 9.7174736e+01 
3.500e+01 ; 3.200e+00 ; 1.800e+00 ; 4.8769001e+01 ; 9.7167831e+01 
3.500e+01 ; 3.200e+00 ; 1.800e+00 ; 4.8777001e+01 ; 9.7153938e+01 
3.500e+01 ; 3.200e+00 ; 1.800e+00 ; 4.8793001e+01 ; 9.7125847e+01 
3.500e+01 ; 3.200e+00 ; 1.800e+00 ; 4.8825001e+01 ; 9.7068535e+01 
3.500e+01 ; 3.200e+00 ; 1.800e+00 ; 4.8889001e+01 ; 9.6949989e+01 
3.500e+01 ; 3.200e+00 ; 1.800e+00 ; 4.9017001e+01 ; 9.6701172e+01 
3.500e+01 ; 3.200e+00 ; 1.800e+00 ; 4.9273001e+01 ; 9.6179138e+01 
3.500e+01 ; 3.200e+00 ; 1.800e+00 ; 4.9680001e+01 ; 9.5340233e+01 
3.500e+01 ; 3.200e+00 ; 1.800e+00 ; 4.9680001e+01 ; 9.5340233e+01 
3.500e+01 ; 3.200e+00 ; 1.800e+00 ; 4.9681001e+01 ; 9.5338173e+01 
3.500e+01 ; 3.200e+00 ; 1.800e+00 ; 4.9682001e+01 ; 9.5336113e+01 
3.500e+01 ; 3.200e+00 ; 1.800e+00 ; 4.9683001e+01 ; 9.5334045e+01 
3.500e+01 ; 3.200e+00 ; 1.800e+00 ; 4.9685001e+01 ; 9.5329926e+01 
3.500e+01 ; 3.200e+00 ; 1.800e+00 ; 4.9689001e+01 ; 9.5321678e+01 
3.500e+01 ; 3.200e+00 ; 1.800e+00 ; 4.9697001e+01 ; 9.5305183e+01 
3.500e+01 ; 3.200e+00 ; 1.800e+00 ; 4.9713001e+01 ; 9.5272186e+01 
3.500e+01 ; 3.200e+00 ; 1.800e+00 ; 4.9745001e+01 ; 9.5206177e+01 
3.500e+01 ; 3.200e+00 ; 1.800e+00 ; 4.9809001e+01 ; 9.5074310e+01 
3.500e+01 ; 3.200e+00 ; 1.800e+00 ; 4.9937001e+01 ; 9.4812164e+01 
3.500e+01 ; 3.200e+00 ; 1.800e+00 ; 5.0193001e+01 ; 9.4299889e+01 
3.500e+01 ; 3.200e+00 ; 1.800e+00 ; 5.0600001e+01 ; 9.3526924e+01 
3.500e+01 ; 3.200e+00 ; 1.800e+00 ; 5.0600001e+01 ; 9.3526924e+01 
3.500e+01 ; 3.200e+00 ; 1.800e+00 ; 5.0601001e+01 ; 9.3525024e+01 
3.500e+01 ; 3.200e+00 ; 1.800e+00 ; 5.0602001e+01 ; 9.3523125e+01 
3.500e+01 ; 3.200e+00 ; 1.800e+00 ; 5.0603001e+01 ; 9.3521225e+01 
3.500e+01 ; 3.200e+00 ; 1.800e+00 ; 5.0605001e+01 ; 9.3517433e+01 
3.500e+01 ; 3.200e+00 ; 1.800e+00 ; 5.0609001e+01 ; 9.3509842e+01 
3.500e+01 ; 3.200e+00 ; 1.800e+00 ; 5.0617001e+01 ; 9.3494682e+01 
3.500e+01 ; 3.200e+00 ; 1.800e+00 ; 5.0633001e+01 ; 9.3464432e+01 
3.500e+01 ; 3.200e+00 ; 1.800e+00 ; 5.0665001e+01 ; 9.3404190e+01 
3.500e+01 ; 3.200e+00 ; 1.800e+00 ; 5.0729001e+01 ; 9.3284813e+01 
3.500e+01 ; 3.200e+00 ; 1.800e+00 ; 5.0857001e+01 ; 9.3050613e+01 
3.500e+01 ; 3.200e+00 ; 1.800e+00 ; 5.1113001e+01 ; 9.2601044e+01 
3.500e+01 ; 3.200e+00 ; 1.800e+00 ; 5.1520001e+01 ; 9.1933235e+01 
3.500e+01 ; 3.200e+00 ; 1.800e+00 ; 5.1520001e+01 ; 9.1933235e+01 
3.500e+01 ; 3.200e+00 ; 1.800e+00 ; 5.1521001e+01 ; 9.1931595e+01 
3.500e+01 ; 3.200e+00 ; 1.800e+00 ; 5.1522001e+01 ; 9.1929955e+01 
3.500e+01 ; 3.200e+00 ; 1.800e+00 ; 5.1523001e+01 ; 9.1928314e+01 
3.500e+01 ; 3.200e+00 ; 1.800e+00 ; 5.1525001e+01 ; 9.1925041e+01 
3.500e+01 ; 3.200e+00 ; 1.800e+00 ; 5.1529001e+01 ; 9.1918488e+01 
3.500e+01 ; 3.200e+00 ; 1.800e+00 ; 5.1537001e+01 ; 9.1905396e+01 
3.500e+01 ; 3.200e+00 ; 1.800e+00 ; 5.1553001e+01 ; 9.1879295e+01 
3.500e+01 ; 3.200e+00 ; 1.800e+00 ; 5.1585001e+01 ; 9.1827377e+01 
3.500e+01 ; 3.200e+00 ; 1.800e+00 ; 5.1649001e+01 ; 9.1724693e+01 
3.500e+01 ; 3.200e+00 ; 1.800e+00 ; 5.1777001e+01 ; 9.1523865e+01 
3.500e+01 ; 3.200e+00 ; 1.800e+00 ; 5.2033001e+01 ; 9.1139679e+01 
3.500e+01 ; 3.200e+00 ; 1.800e+00 ; 5.2440001e+01 ; 9.0569717e+01 
3.500e+01 ; 3.200e+00 ; 1.800e+00 ; 5.2440001e+01 ; 9.0569717e+01 
3.500e+01 ; 3.200e+00 ; 1.800e+00 ; 5.2441001e+01 ; 9.0568314e+01 
3.500e+01 ; 3.200e+00 ; 1.800e+00 ; 5.2442001e+01 ; 9.0566917e+01 
3.500e+01 ; 3.200e+00 ; 1.800e+00 ; 5.2443001e+01 ; 9.0565514e+01 
3.500e+01 ; 3.200e+00 ; 1.800e+00 ; 5.2445001e+01 ; 9.0562714e+01 
3.500e+01 ; 3.200e+00 ; 1.800e+00 ; 5.2449001e+01 ; 9.0557121e+01 
3.500e+01 ; 3.200e+00 ; 1.800e+00 ; 5.2457001e+01 ; 9.0545952e+01 
3.500e+01 ; 3.200e+00 ; 1.800e+00 ; 5.2473001e+01 ; 9.0523674e+01 
3.500e+01 ; 3.200e+00 ; 1.800e+00 ; 5.2505001e+01 ; 9.0479370e+01 
3.500e+01 ; 3.200e+00 ; 1.800e+00 ; 5.2569001e+01 ; 9.0391747e+01 
3.500e+01 ; 3.200e+00 ; 1.800e+00 ; 5.2697001e+01 ; 9.0220322e+01 
3.500e+01 ; 3.200e+00 ; 1.800e+00 ; 5.2953001e+01 ; 8.9891899e+01 
3.500e+01 ; 3.200e+00 ; 1.800e+00 ; 5.3360001e+01 ; 8.9402924e+01 
3.500e+01 ; 3.200e+00 ; 1.800e+00 ; 5.3360001e+01 ; 8.9402924e+01 
3.500e+01 ; 3.200e+00 ; 1.800e+00 ; 5.3361001e+01 ; 8.9401718e+01 
3.500e+01 ; 3.200e+00 ; 1.800e+00 ; 5.3362001e+01 ; 8.9400520e+01 
3.500e+01 ; 3.200e+00 ; 1.800e+00 ; 5.3363001e+01 ; 8.9399323e+01 
3.500e+01 ; 3.200e+00 ; 1.800e+00 ; 5.3365001e+01 ; 8.9396919e+01 
3.500e+01 ; 3.200e+00 ; 1.800e+00 ; 5.3369001e+01 ; 8.9392120e+01 
3.500e+01 ; 3.200e+00 ; 1.800e+00 ; 5.3377001e+01 ; 8.9382538e+01 
3.500e+01 ; 3.200e+00 ; 1.800e+00 ; 5.3393001e+01 ; 8.9363419e+01 
3.500e+01 ; 3.200e+00 ; 1.800e+00 ; 5.3425001e+01 ; 8.9325386e+01 
3.500e+01 ; 3.200e+00 ; 1.800e+00 ; 5.3489001e+01 ; 8.9250114e+01 
3.500e+01 ; 3.200e+00 ; 1.800e+00 ; 5.3617001e+01 ; 8.9102646e+01 
3.500e+01 ; 3.200e+00 ; 1.800e+00 ; 5.3873001e+01 ; 8.8819283e+01 
3.500e+01 ; 3.200e+00 ; 1.800e+00 ; 5.4280001e+01 ; 8.8395317e+01 
3.500e+01 ; 3.200e+00 ; 1.800e+00 ; 5.4280001e+01 ; 8.8395317e+01 
3.500e+01 ; 3.200e+00 ; 1.800e+00 ; 5.4281001e+01 ; 8.8394272e+01 
3.500e+01 ; 3.200e+00 ; 1.800e+00 ; 5.4282001e+01 ; 8.8393234e+01 
3.500e+01 ; 3.200e+00 ; 1.800e+00 ; 5.4283001e+01 ; 8.8392189e+01 
3.500e+01 ; 3.200e+00 ; 1.800e+00 ; 5.4285001e+01 ; 8.8390114e+01 
3.500e+01 ; 3.200e+00 ; 1.800e+00 ; 5.4289001e+01 ; 8.8385948e+01 
3.500e+01 ; 3.200e+00 ; 1.800e+00 ; 5.4297001e+01 ; 8.8377640e+01 
3.500e+01 ; 3.200e+00 ; 1.800e+00 ; 5.4313001e+01 ; 8.8361053e+01 
3.500e+01 ; 3.200e+00 ; 1.800e+00 ; 5.4345001e+01 ; 8.8328049e+01 
3.500e+01 ; 3.200e+00 ; 1.800e+00 ; 5.4409001e+01 ; 8.8262680e+01 
3.500e+01 ; 3.200e+00 ; 1.800e+00 ; 5.4537001e+01 ; 8.8134392e+01 
3.500e+01 ; 3.200e+00 ; 1.800e+00 ; 5.4793001e+01 ; 8.7887093e+01 
3.500e+01 ; 3.200e+00 ; 1.800e+00 ; 5.5200001e+01 ; 8.7515266e+01 
3.500e+01 ; 3.200e+00 ; 1.800e+00 ; 5.5200001e+01 ; 8.7515266e+01 
3.500e+01 ; 3.200e+00 ; 1.800e+00 ; 5.5201001e+01 ; 8.7514351e+01 
3.500e+01 ; 3.200e+00 ; 1.800e+00 ; 5.5202001e+01 ; 8.7513443e+01 
3.500e+01 ; 3.200e+00 ; 1.800e+00 ; 5.5203001e+01 ; 8.7512527e+01 
3.500e+01 ; 3.200e+00 ; 1.800e+00 ; 5.5205001e+01 ; 8.7510704e+01 
3.500e+01 ; 3.200e+00 ; 1.800e+00 ; 5.5209001e+01 ; 8.7507050e+01 
3.500e+01 ; 3.200e+00 ; 1.800e+00 ; 5.5217001e+01 ; 8.7499763e+01 
3.500e+01 ; 3.200e+00 ; 1.800e+00 ; 5.5233001e+01 ; 8.7485214e+01 
3.500e+01 ; 3.200e+00 ; 1.800e+00 ; 5.5265001e+01 ; 8.7456245e+01 
3.500e+01 ; 3.200e+00 ; 1.800e+00 ; 5.5329001e+01 ; 8.7398819e+01 
3.500e+01 ; 3.200e+00 ; 1.800e+00 ; 5.5457001e+01 ; 8.7285950e+01 
3.500e+01 ; 3.200e+00 ; 1.800e+00 ; 5.5713001e+01 ; 8.7067741e+01 
3.500e+01 ; 3.200e+00 ; 1.800e+00 ; 5.6120001e+01 ; 8.6738235e+01 
3.500e+01 ; 3.200e+00 ; 1.800e+00 ; 5.6120001e+01 ; 8.6738235e+01 
3.500e+01 ; 3.200e+00 ; 1.800e+00 ; 5.6121001e+01 ; 8.6737427e+01 
3.500e+01 ; 3.200e+00 ; 1.800e+00 ; 5.6122001e+01 ; 8.6736618e+01 
3.500e+01 ; 3.200e+00 ; 1.800e+00 ; 5.6123001e+01 ; 8.6735809e+01 
3.500e+01 ; 3.200e+00 ; 1.800e+00 ; 5.6125001e+01 ; 8.6734192e+01 
3.500e+01 ; 3.200e+00 ; 1.800e+00 ; 5.6129001e+01 ; 8.6730957e+01 
3.500e+01 ; 3.200e+00 ; 1.800e+00 ; 5.6137001e+01 ; 8.6724495e+01 
3.500e+01 ; 3.200e+00 ; 1.800e+00 ; 5.6153001e+01 ; 8.6711594e+01 
3.500e+01 ; 3.200e+00 ; 1.800e+00 ; 5.6185001e+01 ; 8.6685905e+01 
3.500e+01 ; 3.200e+00 ; 1.800e+00 ; 5.6249001e+01 ; 8.6634949e+01 
3.500e+01 ; 3.200e+00 ; 1.800e+00 ; 5.6377001e+01 ; 8.6534660e+01 
3.500e+01 ; 3.200e+00 ; 1.800e+00 ; 5.6633001e+01 ; 8.6340439e+01 
3.500e+01 ; 3.200e+00 ; 1.800e+00 ; 5.7040001e+01 ; 8.6047089e+01 
3.500e+01 ; 3.200e+00 ; 1.800e+00 ; 5.7040001e+01 ; 8.6047089e+01 
3.500e+01 ; 3.200e+00 ; 1.800e+00 ; 5.7041001e+01 ; 8.6046371e+01 
3.500e+01 ; 3.200e+00 ; 1.800e+00 ; 5.7042001e+01 ; 8.6045647e+01 
3.500e+01 ; 3.200e+00 ; 1.800e+00 ; 5.7043001e+01 ; 8.6044930e+01 
3.500e+01 ; 3.200e+00 ; 1.800e+00 ; 5.7045001e+01 ; 8.6043488e+01 
3.500e+01 ; 3.200e+00 ; 1.800e+00 ; 5.7049001e+01 ; 8.6040604e+01 
3.500e+01 ; 3.200e+00 ; 1.800e+00 ; 5.7057001e+01 ; 8.6034851e+01 
3.500e+01 ; 3.200e+00 ; 1.800e+00 ; 5.7073001e+01 ; 8.6023369e+01 
3.500e+01 ; 3.200e+00 ; 1.800e+00 ; 5.7105001e+01 ; 8.6000504e+01 
3.500e+01 ; 3.200e+00 ; 1.800e+00 ; 5.7169001e+01 ; 8.5955147e+01 
3.500e+01 ; 3.200e+00 ; 1.800e+00 ; 5.7297001e+01 ; 8.5866035e+01 
3.500e+01 ; 3.200e+00 ; 1.800e+00 ; 5.7553001e+01 ; 8.5694786e+01 
3.500e+01 ; 3.200e+00 ; 1.800e+00 ; 5.7960001e+01 ; 8.5442123e+01 
3.500e+01 ; 3.200e+00 ; 1.800e+00 ; 5.7960001e+01 ; 8.5442123e+01 
3.500e+01 ; 3.200e+00 ; 1.800e+00 ; 5.7961001e+01 ; 8.5441498e+01 
3.500e+01 ; 3.200e+00 ; 1.800e+00 ; 5.7962001e+01 ; 8.5440880e+01 
3.500e+01 ; 3.200e+00 ; 1.800e+00 ; 5.7963001e+01 ; 8.5440262e+01 
3.500e+01 ; 3.200e+00 ; 1.800e+00 ; 5.7965001e+01 ; 8.5439026e+01 
3.500e+01 ; 3.200e+00 ; 1.800e+00 ; 5.7969001e+01 ; 8.5436554e+01 
3.500e+01 ; 3.200e+00 ; 1.800e+00 ; 5.7977001e+01 ; 8.5431656e+01 
3.500e+01 ; 3.200e+00 ; 1.800e+00 ; 5.7993001e+01 ; 8.5421982e+01 
3.500e+01 ; 3.200e+00 ; 1.800e+00 ; 5.8025001e+01 ; 8.5403267e+01 
3.500e+01 ; 3.200e+00 ; 1.800e+00 ; 5.8089001e+01 ; 8.5368805e+01 
3.500e+01 ; 3.200e+00 ; 1.800e+00 ; 5.8217001e+01 ; 8.5313873e+01 
3.500e+01 ; 3.200e+00 ; 1.800e+00 ; 5.8473001e+01 ; 8.5260925e+01 
3.500e+01 ; 3.200e+00 ; 1.800e+00 ; 5.8880001e+01 ; 8.5284920e+01 
3.500e+01 ; 3.200e+00 ; 1.800e+00 ; 5.8880001e+01 ; 8.5284920e+01 
3.500e+01 ; 3.200e+00 ; 1.800e+00 ; 5.8881001e+01 ; 8.5284981e+01 
3.500e+01 ; 3.200e+00 ; 1.800e+00 ; 5.8882001e+01 ; 8.5285042e+01 
3.500e+01 ; 3.200e+00 ; 1.800e+00 ; 5.8883001e+01 ; 8.5285103e+01 
3.500e+01 ; 3.200e+00 ; 1.800e+00 ; 5.8885001e+01 ; 8.5285240e+01 
3.500e+01 ; 3.200e+00 ; 1.800e+00 ; 5.8889001e+01 ; 8.5285530e+01 
3.500e+01 ; 3.200e+00 ; 1.800e+00 ; 5.8897001e+01 ; 8.5286217e+01 
3.500e+01 ; 3.200e+00 ; 1.800e+00 ; 5.8913001e+01 ; 8.5288010e+01 
3.500e+01 ; 3.200e+00 ; 1.800e+00 ; 5.8945001e+01 ; 8.5293449e+01 
3.500e+01 ; 3.200e+00 ; 1.800e+00 ; 5.9009001e+01 ; 8.5312485e+01 
3.500e+01 ; 3.200e+00 ; 1.800e+00 ; 5.9137001e+01 ; 8.5385597e+01 
3.500e+01 ; 3.200e+00 ; 1.800e+00 ; 5.9393001e+01 ; 8.5659409e+01 
3.500e+01 ; 3.200e+00 ; 1.800e+00 ; 5.9800001e+01 ; 8.6297165e+01 
3.500e+01 ; 3.200e+00 ; 1.800e+00 ; 5.9800001e+01 ; 8.6297165e+01 
3.500e+01 ; 3.200e+00 ; 1.800e+00 ; 5.9801001e+01 ; 8.6298737e+01 
3.500e+01 ; 3.200e+00 ; 1.800e+00 ; 5.9802001e+01 ; 8.6300308e+01 
3.500e+01 ; 3.200e+00 ; 1.800e+00 ; 5.9803001e+01 ; 8.6301880e+01 
3.500e+01 ; 3.200e+00 ; 1.800e+00 ; 5.9805001e+01 ; 8.6305038e+01 
3.500e+01 ; 3.200e+00 ; 1.800e+00 ; 5.9809001e+01 ; 8.6311378e+01 
3.500e+01 ; 3.200e+00 ; 1.800e+00 ; 5.9817001e+01 ; 8.6324188e+01 
3.500e+01 ; 3.200e+00 ; 1.800e+00 ; 5.9833001e+01 ; 8.6350349e+01 
3.500e+01 ; 3.200e+00 ; 1.800e+00 ; 5.9865001e+01 ; 8.6404808e+01 
3.500e+01 ; 3.200e+00 ; 1.800e+00 ; 5.9929001e+01 ; 8.6522232e+01 
3.500e+01 ; 3.200e+00 ; 1.800e+00 ; 6.0057001e+01 ; 8.6788918e+01 
3.500e+01 ; 3.200e+00 ; 1.800e+00 ; 6.0313001e+01 ; 8.7416832e+01 
3.500e+01 ; 3.200e+00 ; 1.800e+00 ; 6.0720001e+01 ; 8.8509270e+01 
3.500e+01 ; 3.200e+00 ; 1.800e+00 ; 6.0720001e+01 ; 8.8509270e+01 
3.500e+01 ; 3.200e+00 ; 1.800e+00 ; 6.0721001e+01 ; 8.8511955e+01 
3.500e+01 ; 3.200e+00 ; 1.800e+00 ; 6.0722001e+01 ; 8.8514641e+01 
3.500e+01 ; 3.200e+00 ; 1.800e+00 ; 6.0723001e+01 ; 8.8517326e+01 
3.500e+01 ; 3.200e+00 ; 1.800e+00 ; 6.0725001e+01 ; 8.8522697e+01 
3.500e+01 ; 3.200e+00 ; 1.800e+00 ; 6.0729001e+01 ; 8.8533470e+01 
3.500e+01 ; 3.200e+00 ; 1.800e+00 ; 6.0737001e+01 ; 8.8555046e+01 
3.500e+01 ; 3.200e+00 ; 1.800e+00 ; 6.0753001e+01 ; 8.8598404e+01 
3.500e+01 ; 3.200e+00 ; 1.800e+00 ; 6.0785001e+01 ; 8.8685776e+01 
3.500e+01 ; 3.200e+00 ; 1.800e+00 ; 6.0849001e+01 ; 8.8862465e+01 
3.500e+01 ; 3.200e+00 ; 1.800e+00 ; 6.0977001e+01 ; 8.9218781e+01 
3.500e+01 ; 3.200e+00 ; 1.800e+00 ; 6.1233001e+01 ; 8.9913979e+01 
3.500e+01 ; 3.200e+00 ; 1.800e+00 ; 6.1640001e+01 ; 9.0904839e+01 
3.500e+01 ; 3.200e+00 ; 1.800e+00 ; 6.1640001e+01 ; 9.0904839e+01 
3.500e+01 ; 3.200e+00 ; 1.800e+00 ; 6.1641001e+01 ; 9.0907280e+01 
3.500e+01 ; 3.200e+00 ; 1.800e+00 ; 6.1642001e+01 ; 9.0909706e+01 
3.500e+01 ; 3.200e+00 ; 1.800e+00 ; 6.1643001e+01 ; 9.0912140e+01 
3.500e+01 ; 3.200e+00 ; 1.800e+00 ; 6.1645001e+01 ; 9.0917007e+01 
3.500e+01 ; 3.200e+00 ; 1.800e+00 ; 6.1649001e+01 ; 9.0926720e+01 
3.500e+01 ; 3.200e+00 ; 1.800e+00 ; 6.1657001e+01 ; 9.0946098e+01 
3.500e+01 ; 3.200e+00 ; 1.800e+00 ; 6.1673001e+01 ; 9.0984665e+01 
3.500e+01 ; 3.200e+00 ; 1.800e+00 ; 6.1705001e+01 ; 9.1060989e+01 
3.500e+01 ; 3.200e+00 ; 1.800e+00 ; 6.1769001e+01 ; 9.1210037e+01 
3.500e+01 ; 3.200e+00 ; 1.800e+00 ; 6.1897001e+01 ; 9.1491859e+01 
3.500e+01 ; 3.200e+00 ; 1.800e+00 ; 6.2153001e+01 ; 9.1983879e+01 
3.500e+01 ; 3.200e+00 ; 1.800e+00 ; 6.2560001e+01 ; 9.2588501e+01 
3.500e+01 ; 3.200e+00 ; 1.800e+00 ; 6.2560001e+01 ; 9.2588501e+01 
3.500e+01 ; 3.200e+00 ; 1.800e+00 ; 6.2561001e+01 ; 9.2589989e+01 
3.500e+01 ; 3.200e+00 ; 1.800e+00 ; 6.2562001e+01 ; 9.2591469e+01 
3.500e+01 ; 3.200e+00 ; 1.800e+00 ; 6.2563001e+01 ; 9.2592949e+01 
3.500e+01 ; 3.200e+00 ; 1.800e+00 ; 6.2565001e+01 ; 9.2595909e+01 
3.500e+01 ; 3.200e+00 ; 1.800e+00 ; 6.2569001e+01 ; 9.2601814e+01 
3.500e+01 ; 3.200e+00 ; 1.800e+00 ; 6.2577001e+01 ; 9.2613556e+01 
3.500e+01 ; 3.200e+00 ; 1.800e+00 ; 6.2593001e+01 ; 9.2636757e+01 
3.500e+01 ; 3.200e+00 ; 1.800e+00 ; 6.2625001e+01 ; 9.2682076e+01 
3.500e+01 ; 3.200e+00 ; 1.800e+00 ; 6.2689001e+01 ; 9.2768379e+01 
3.500e+01 ; 3.200e+00 ; 1.800e+00 ; 6.2817001e+01 ; 9.2924210e+01 
3.500e+01 ; 3.200e+00 ; 1.800e+00 ; 6.3073001e+01 ; 9.3174194e+01 
3.500e+01 ; 3.200e+00 ; 1.800e+00 ; 6.3480001e+01 ; 9.3440208e+01 
3.500e+01 ; 3.200e+00 ; 1.800e+00 ; 6.3480001e+01 ; 9.3440208e+01 
3.500e+01 ; 3.200e+00 ; 1.800e+00 ; 6.3481001e+01 ; 9.3440865e+01 
3.500e+01 ; 3.200e+00 ; 1.800e+00 ; 6.3482001e+01 ; 9.3441513e+01 
3.500e+01 ; 3.200e+00 ; 1.800e+00 ; 6.3483001e+01 ; 9.3442169e+01 
3.500e+01 ; 3.200e+00 ; 1.800e+00 ; 6.3485001e+01 ; 9.3443466e+01 
3.500e+01 ; 3.200e+00 ; 1.800e+00 ; 6.3489001e+01 ; 9.3446053e+01 
3.500e+01 ; 3.200e+00 ; 1.800e+00 ; 6.3497001e+01 ; 9.3451172e+01 
3.500e+01 ; 3.200e+00 ; 1.800e+00 ; 6.3513001e+01 ; 9.3461212e+01 
3.500e+01 ; 3.200e+00 ; 1.800e+00 ; 6.3545001e+01 ; 9.3480515e+01 
3.500e+01 ; 3.200e+00 ; 1.800e+00 ; 6.3609001e+01 ; 9.3516052e+01 
3.500e+01 ; 3.200e+00 ; 1.800e+00 ; 6.3737001e+01 ; 9.3575668e+01 
3.500e+01 ; 3.200e+00 ; 1.800e+00 ; 6.3993001e+01 ; 9.3654877e+01 
3.500e+01 ; 3.200e+00 ; 1.800e+00 ; 6.4400001e+01 ; 9.3699844e+01 
3.500e+01 ; 3.200e+00 ; 1.800e+00 ; 6.4400001e+01 ; 9.3699844e+01 
3.500e+01 ; 3.200e+00 ; 1.800e+00 ; 6.4401001e+01 ; 9.3699959e+01 
3.500e+01 ; 3.200e+00 ; 1.800e+00 ; 6.4402001e+01 ; 9.3700066e+01 
3.500e+01 ; 3.200e+00 ; 1.800e+00 ; 6.4403001e+01 ; 9.3700180e+01 
3.500e+01 ; 3.200e+00 ; 1.800e+00 ; 6.4405001e+01 ; 9.3700394e+01 
3.500e+01 ; 3.200e+00 ; 1.800e+00 ; 6.4409001e+01 ; 9.3700821e+01 
3.500e+01 ; 3.200e+00 ; 1.800e+00 ; 6.4417001e+01 ; 9.3701637e+01 
3.500e+01 ; 3.200e+00 ; 1.800e+00 ; 6.4433001e+01 ; 9.3703148e+01 
3.500e+01 ; 3.200e+00 ; 1.800e+00 ; 6.4465001e+01 ; 9.3705696e+01 
3.500e+01 ; 3.200e+00 ; 1.800e+00 ; 6.4529001e+01 ; 9.3708939e+01 
3.500e+01 ; 3.200e+00 ; 1.800e+00 ; 6.4657001e+01 ; 9.3708595e+01 
3.500e+01 ; 3.200e+00 ; 1.800e+00 ; 6.4913001e+01 ; 9.3684616e+01 
3.500e+01 ; 3.200e+00 ; 1.800e+00 ; 6.5320001e+01 ; 9.3600731e+01 
3.500e+01 ; 3.200e+00 ; 1.800e+00 ; 6.5320001e+01 ; 9.3600731e+01 
3.500e+01 ; 3.200e+00 ; 1.800e+00 ; 6.5321001e+01 ; 9.3600525e+01 
3.500e+01 ; 3.200e+00 ; 1.800e+00 ; 6.5322001e+01 ; 9.3600319e+01 
3.500e+01 ; 3.200e+00 ; 1.800e+00 ; 6.5323001e+01 ; 9.3600113e+01 
3.500e+01 ; 3.200e+00 ; 1.800e+00 ; 6.5325001e+01 ; 9.3599693e+01 
3.500e+01 ; 3.200e+00 ; 1.800e+00 ; 6.5329001e+01 ; 9.3598862e+01 
3.500e+01 ; 3.200e+00 ; 1.800e+00 ; 6.5337001e+01 ; 9.3597176e+01 
3.500e+01 ; 3.200e+00 ; 1.800e+00 ; 6.5353001e+01 ; 9.3593735e+01 
3.500e+01 ; 3.200e+00 ; 1.800e+00 ; 6.5385001e+01 ; 9.3586578e+01 
3.500e+01 ; 3.200e+00 ; 1.800e+00 ; 6.5449001e+01 ; 9.3571243e+01 
3.500e+01 ; 3.200e+00 ; 1.800e+00 ; 6.5577001e+01 ; 9.3536781e+01 
3.500e+01 ; 3.200e+00 ; 1.800e+00 ; 6.5833001e+01 ; 9.3455200e+01 
3.500e+01 ; 3.200e+00 ; 1.800e+00 ; 6.6240001e+01 ; 9.3301315e+01 
3.500e+01 ; 3.200e+00 ; 1.800e+00 ; 6.6240001e+01 ; 9.3301315e+01 
3.500e+01 ; 3.200e+00 ; 1.800e+00 ; 6.6241001e+01 ; 9.3300934e+01 
3.500e+01 ; 3.200e+00 ; 1.800e+00 ; 6.6242001e+01 ; 9.3300560e+01 
3.500e+01 ; 3.200e+00 ; 1.800e+00 ; 6.6243001e+01 ; 9.3300179e+01 
3.500e+01 ; 3.200e+00 ; 1.800e+00 ; 6.6245001e+01 ; 9.3299423e+01 
3.500e+01 ; 3.200e+00 ; 1.800e+00 ; 6.6249001e+01 ; 9.3297905e+01 
3.500e+01 ; 3.200e+00 ; 1.800e+00 ; 6.6257001e+01 ; 9.3294861e+01 
3.500e+01 ; 3.200e+00 ; 1.800e+00 ; 6.6273001e+01 ; 9.3288734e+01 
3.500e+01 ; 3.200e+00 ; 1.800e+00 ; 6.6305001e+01 ; 9.3276344e+01 
3.500e+01 ; 3.200e+00 ; 1.800e+00 ; 6.6369001e+01 ; 9.3251015e+01 
3.500e+01 ; 3.200e+00 ; 1.800e+00 ; 6.6497001e+01 ; 9.3198410e+01 
3.500e+01 ; 3.200e+00 ; 1.800e+00 ; 6.6753001e+01 ; 9.3086823e+01 
3.500e+01 ; 3.200e+00 ; 1.800e+00 ; 6.7160001e+01 ; 9.2897789e+01 
3.500e+01 ; 3.200e+00 ; 1.800e+00 ; 6.7160001e+01 ; 9.2897789e+01 
3.500e+01 ; 3.200e+00 ; 1.800e+00 ; 6.7161001e+01 ; 9.2897324e+01 
3.500e+01 ; 3.200e+00 ; 1.800e+00 ; 6.7162001e+01 ; 9.2896858e+01 
3.500e+01 ; 3.200e+00 ; 1.800e+00 ; 6.7163001e+01 ; 9.2896393e+01 
3.500e+01 ; 3.200e+00 ; 1.800e+00 ; 6.7165001e+01 ; 9.2895470e+01 
3.500e+01 ; 3.200e+00 ; 1.800e+00 ; 6.7169001e+01 ; 9.2893608e+01 
3.500e+01 ; 3.200e+00 ; 1.800e+00 ; 6.7177001e+01 ; 9.2889877e+01 
3.500e+01 ; 3.200e+00 ; 1.800e+00 ; 6.7193001e+01 ; 9.2882416e+01 
3.500e+01 ; 3.200e+00 ; 1.800e+00 ; 6.7225001e+01 ; 9.2867409e+01 
3.500e+01 ; 3.200e+00 ; 1.800e+00 ; 6.7289001e+01 ; 9.2837151e+01 
3.500e+01 ; 3.200e+00 ; 1.800e+00 ; 6.7417001e+01 ; 9.2775734e+01 
3.500e+01 ; 3.200e+00 ; 1.800e+00 ; 6.7673001e+01 ; 9.2650108e+01 
3.500e+01 ; 3.200e+00 ; 1.800e+00 ; 6.8080001e+01 ; 9.2445892e+01 
3.500e+01 ; 3.200e+00 ; 1.800e+00 ; 6.8080001e+01 ; 9.2445892e+01 
3.500e+01 ; 3.200e+00 ; 1.800e+00 ; 6.8081001e+01 ; 9.2445389e+01 
3.500e+01 ; 3.200e+00 ; 1.800e+00 ; 6.8082001e+01 ; 9.2444885e+01 
3.500e+01 ; 3.200e+00 ; 1.800e+00 ; 6.8083001e+01 ; 9.2444382e+01 
3.500e+01 ; 3.200e+00 ; 1.800e+00 ; 6.8085001e+01 ; 9.2443382e+01 
3.500e+01 ; 3.200e+00 ; 1.800e+00 ; 6.8089001e+01 ; 9.2441376e+01 
3.500e+01 ; 3.200e+00 ; 1.800e+00 ; 6.8097001e+01 ; 9.2437355e+01 
3.500e+01 ; 3.200e+00 ; 1.800e+00 ; 6.8113001e+01 ; 9.2429314e+01 
3.500e+01 ; 3.200e+00 ; 1.800e+00 ; 6.8145001e+01 ; 9.2413200e+01 
3.500e+01 ; 3.200e+00 ; 1.800e+00 ; 6.8209001e+01 ; 9.2380890e+01 
3.500e+01 ; 3.200e+00 ; 1.800e+00 ; 6.8337001e+01 ; 9.2315964e+01 
3.500e+01 ; 3.200e+00 ; 1.800e+00 ; 6.8593001e+01 ; 9.2185349e+01 
3.500e+01 ; 3.200e+00 ; 1.800e+00 ; 6.9000001e+01 ; 9.1977188e+01 
3.500e+01 ; 3.200e+00 ; 1.800e+00 ; 6.9000001e+01 ; 9.1977188e+01 
3.500e+01 ; 3.200e+00 ; 1.800e+00 ; 6.9001001e+01 ; 9.1976677e+01 
3.500e+01 ; 3.200e+00 ; 1.800e+00 ; 6.9002001e+01 ; 9.1976166e+01 
3.500e+01 ; 3.200e+00 ; 1.800e+00 ; 6.9003001e+01 ; 9.1975655e+01 
3.500e+01 ; 3.200e+00 ; 1.800e+00 ; 6.9005001e+01 ; 9.1974632e+01 
3.500e+01 ; 3.200e+00 ; 1.800e+00 ; 6.9009001e+01 ; 9.1972588e+01 
3.500e+01 ; 3.200e+00 ; 1.800e+00 ; 6.9017001e+01 ; 9.1968491e+01 
3.500e+01 ; 3.200e+00 ; 1.800e+00 ; 6.9033001e+01 ; 9.1960312e+01 
3.500e+01 ; 3.200e+00 ; 1.800e+00 ; 6.9065001e+01 ; 9.1943939e+01 
3.500e+01 ; 3.200e+00 ; 1.800e+00 ; 6.9129001e+01 ; 9.1911194e+01 
3.500e+01 ; 3.200e+00 ; 1.800e+00 ; 6.9257001e+01 ; 9.1845734e+01 
3.500e+01 ; 3.200e+00 ; 1.800e+00 ; 6.9513001e+01 ; 9.1715172e+01 
3.500e+01 ; 3.200e+00 ; 1.800e+00 ; 6.9920001e+01 ; 9.1509300e+01 
3.500e+01 ; 3.200e+00 ; 1.800e+00 ; 6.9920001e+01 ; 9.1509300e+01 
3.500e+01 ; 3.200e+00 ; 1.800e+00 ; 6.9921001e+01 ; 9.1508797e+01 
3.500e+01 ; 3.200e+00 ; 1.800e+00 ; 6.9922001e+01 ; 9.1508286e+01 
3.500e+01 ; 3.200e+00 ; 1.800e+00 ; 6.9923001e+01 ; 9.1507782e+01 
3.500e+01 ; 3.200e+00 ; 1.800e+00 ; 6.9925001e+01 ; 9.1506767e+01 
3.500e+01 ; 3.200e+00 ; 1.800e+00 ; 6.9929001e+01 ; 9.1504745e+01 
3.500e+01 ; 3.200e+00 ; 1.800e+00 ; 6.9937001e+01 ; 9.1500702e+01 
3.500e+01 ; 3.200e+00 ; 1.800e+00 ; 6.9953001e+01 ; 9.1492615e+01 
3.500e+01 ; 3.200e+00 ; 1.800e+00 ; 6.9985001e+01 ; 9.1476448e+01 
3.500e+01 ; 3.200e+00 ; 1.800e+00 ; 7.0049001e+01 ; 9.1444168e+01 
3.500e+01 ; 3.200e+00 ; 1.800e+00 ; 7.0177001e+01 ; 9.1379814e+01 
3.500e+01 ; 3.200e+00 ; 1.800e+00 ; 7.0433001e+01 ; 9.1252144e+01 
3.500e+01 ; 3.200e+00 ; 1.800e+00 ; 7.0840001e+01 ; 9.1052505e+01 
3.500e+01 ; 3.200e+00 ; 1.800e+00 ; 7.0840001e+01 ; 9.1052505e+01 
3.500e+01 ; 3.200e+00 ; 1.800e+00 ; 7.0841001e+01 ; 9.1052017e+01 
3.500e+01 ; 3.200e+00 ; 1.800e+00 ; 7.0842001e+01 ; 9.1051521e+01 
3.500e+01 ; 3.200e+00 ; 1.800e+00 ; 7.0843001e+01 ; 9.1051033e+01 
3.500e+01 ; 3.200e+00 ; 1.800e+00 ; 7.0845001e+01 ; 9.1050049e+01 
3.500e+01 ; 3.200e+00 ; 1.800e+00 ; 7.0849001e+01 ; 9.1048088e+01 
3.500e+01 ; 3.200e+00 ; 1.800e+00 ; 7.0857001e+01 ; 9.1044167e+01 
3.500e+01 ; 3.200e+00 ; 1.800e+00 ; 7.0873001e+01 ; 9.1036331e+01 
3.500e+01 ; 3.200e+00 ; 1.800e+00 ; 7.0905001e+01 ; 9.1020683e+01 
3.500e+01 ; 3.200e+00 ; 1.800e+00 ; 7.0969001e+01 ; 9.0989487e+01 
3.500e+01 ; 3.200e+00 ; 1.800e+00 ; 7.1097001e+01 ; 9.0927673e+01 
3.500e+01 ; 3.200e+00 ; 1.800e+00 ; 7.1353001e+01 ; 9.0807335e+01 
3.500e+01 ; 3.200e+00 ; 1.800e+00 ; 7.1760001e+01 ; 9.0626938e+01 
3.500e+01 ; 3.200e+00 ; 1.800e+00 ; 7.1760001e+01 ; 9.0626938e+01 
3.500e+01 ; 3.200e+00 ; 1.800e+00 ; 7.1761001e+01 ; 9.0626495e+01 
3.500e+01 ; 3.200e+00 ; 1.800e+00 ; 7.1762001e+01 ; 9.0626053e+01 
3.500e+01 ; 3.200e+00 ; 1.800e+00 ; 7.1763001e+01 ; 9.0625610e+01 
3.500e+01 ; 3.200e+00 ; 1.800e+00 ; 7.1765001e+01 ; 9.0624725e+01 
3.500e+01 ; 3.200e+00 ; 1.800e+00 ; 7.1769001e+01 ; 9.0622955e+01 
3.500e+01 ; 3.200e+00 ; 1.800e+00 ; 7.1777001e+01 ; 9.0619415e+01 
3.500e+01 ; 3.200e+00 ; 1.800e+00 ; 7.1793001e+01 ; 9.0612358e+01 
3.500e+01 ; 3.200e+00 ; 1.800e+00 ; 7.1825001e+01 ; 9.0598328e+01 
3.500e+01 ; 3.200e+00 ; 1.800e+00 ; 7.1889001e+01 ; 9.0570648e+01 
3.500e+01 ; 3.200e+00 ; 1.800e+00 ; 7.2017001e+01 ; 9.0517265e+01 
3.500e+01 ; 3.200e+00 ; 1.800e+00 ; 7.2273001e+01 ; 9.0421783e+01 
3.500e+01 ; 3.200e+00 ; 1.800e+00 ; 7.2680001e+01 ; 9.0304588e+01 
3.500e+01 ; 3.200e+00 ; 1.800e+00 ; 7.2680001e+01 ; 9.0304588e+01 
3.500e+01 ; 3.200e+00 ; 1.800e+00 ; 7.2681001e+01 ; 9.0304298e+01 
3.500e+01 ; 3.200e+00 ; 1.800e+00 ; 7.2682001e+01 ; 9.0304016e+01 
3.500e+01 ; 3.200e+00 ; 1.800e+00 ; 7.2683001e+01 ; 9.0303726e+01 
3.500e+01 ; 3.200e+00 ; 1.800e+00 ; 7.2685001e+01 ; 9.0303154e+01 
3.500e+01 ; 3.200e+00 ; 1.800e+00 ; 7.2689001e+01 ; 9.0302010e+01 
3.500e+01 ; 3.200e+00 ; 1.800e+00 ; 7.2697001e+01 ; 9.0299736e+01 
3.500e+01 ; 3.200e+00 ; 1.800e+00 ; 7.2713001e+01 ; 9.0295242e+01 
3.500e+01 ; 3.200e+00 ; 1.800e+00 ; 7.2745001e+01 ; 9.0286491e+01 
3.500e+01 ; 3.200e+00 ; 1.800e+00 ; 7.2809001e+01 ; 9.0270035e+01 
3.500e+01 ; 3.200e+00 ; 1.800e+00 ; 7.2937001e+01 ; 9.0242058e+01 
3.500e+01 ; 3.200e+00 ; 1.800e+00 ; 7.3193001e+01 ; 9.0210358e+01 
3.500e+01 ; 3.200e+00 ; 1.800e+00 ; 7.3600001e+01 ; 9.0225517e+01 
3.500e+01 ; 3.200e+00 ; 1.800e+00 ; 7.3600001e+01 ; 9.0225517e+01 
3.500e+01 ; 3.200e+00 ; 1.800e+00 ; 7.3601001e+01 ; 9.0225555e+01 
3.500e+01 ; 3.200e+00 ; 1.800e+00 ; 7.3602001e+01 ; 9.0225594e+01 
3.500e+01 ; 3.200e+00 ; 1.800e+00 ; 7.3603001e+01 ; 9.0225632e+01 
3.500e+01 ; 3.200e+00 ; 1.800e+00 ; 7.3605001e+01 ; 9.0225708e+01 
3.500e+01 ; 3.200e+00 ; 1.800e+00 ; 7.3609001e+01 ; 9.0225876e+01 
3.500e+01 ; 3.200e+00 ; 1.800e+00 ; 7.3617001e+01 ; 9.0226227e+01 
3.500e+01 ; 3.200e+00 ; 1.800e+00 ; 7.3633001e+01 ; 9.0227036e+01 
3.500e+01 ; 3.200e+00 ; 1.800e+00 ; 7.3665001e+01 ; 9.0229073e+01 
3.500e+01 ; 3.200e+00 ; 1.800e+00 ; 7.3729001e+01 ; 9.0234917e+01 
3.500e+01 ; 3.200e+00 ; 1.800e+00 ; 7.3857001e+01 ; 9.0254097e+01 
3.500e+01 ; 3.200e+00 ; 1.800e+00 ; 7.4113001e+01 ; 9.0323898e+01 
3.500e+01 ; 3.200e+00 ; 1.800e+00 ; 7.4520001e+01 ; 9.0507256e+01 
3.500e+01 ; 3.200e+00 ; 1.800e+00 ; 7.4520001e+01 ; 9.0507256e+01 
3.500e+01 ; 3.200e+00 ; 1.800e+00 ; 7.4521001e+01 ; 9.0507713e+01 
3.500e+01 ; 3.200e+00 ; 1.800e+00 ; 7.4522001e+01 ; 9.0508163e+01 
3.500e+01 ; 3.200e+00 ; 1.800e+00 ; 7.4523001e+01 ; 9.0508614e+01 
3.500e+01 ; 3.200e+00 ; 1.800e+00 ; 7.4525001e+01 ; 9.0509521e+01 
3.500e+01 ; 3.200e+00 ; 1.800e+00 ; 7.4529001e+01 ; 9.0511337e+01 
3.500e+01 ; 3.200e+00 ; 1.800e+00 ; 7.4537001e+01 ; 9.0514999e+01 
3.500e+01 ; 3.200e+00 ; 1.800e+00 ; 7.4553001e+01 ; 9.0522438e+01 
3.500e+01 ; 3.200e+00 ; 1.800e+00 ; 7.4585001e+01 ; 9.0537766e+01 
3.500e+01 ; 3.200e+00 ; 1.800e+00 ; 7.4649001e+01 ; 9.0570175e+01 
3.500e+01 ; 3.200e+00 ; 1.800e+00 ; 7.4777001e+01 ; 9.0641815e+01 
3.500e+01 ; 3.200e+00 ; 1.800e+00 ; 7.5033001e+01 ; 9.0809044e+01 
3.500e+01 ; 3.200e+00 ; 1.800e+00 ; 7.5440001e+01 ; 9.1117691e+01 
3.500e+01 ; 3.200e+00 ; 1.800e+00 ; 7.5440001e+01 ; 9.1117691e+01 
3.500e+01 ; 3.200e+00 ; 1.800e+00 ; 7.5441001e+01 ; 9.1118446e+01 
3.500e+01 ; 3.200e+00 ; 1.800e+00 ; 7.5442001e+01 ; 9.1119209e+01 
3.500e+01 ; 3.200e+00 ; 1.800e+00 ; 7.5443001e+01 ; 9.1119965e+01 
3.500e+01 ; 3.200e+00 ; 1.800e+00 ; 7.5445001e+01 ; 9.1121490e+01 
3.500e+01 ; 3.200e+00 ; 1.800e+00 ; 7.5449001e+01 ; 9.1124527e+01 
3.500e+01 ; 3.200e+00 ; 1.800e+00 ; 7.5457001e+01 ; 9.1130630e+01 
3.500e+01 ; 3.200e+00 ; 1.800e+00 ; 7.5473001e+01 ; 9.1142899e+01 
3.500e+01 ; 3.200e+00 ; 1.800e+00 ; 7.5505001e+01 ; 9.1167679e+01 
3.500e+01 ; 3.200e+00 ; 1.800e+00 ; 7.5569001e+01 ; 9.1218163e+01 
3.500e+01 ; 3.200e+00 ; 1.800e+00 ; 7.5697001e+01 ; 9.1322174e+01 
3.500e+01 ; 3.200e+00 ; 1.800e+00 ; 7.5953001e+01 ; 9.1537506e+01 
3.500e+01 ; 3.200e+00 ; 1.800e+00 ; 7.6360001e+01 ; 9.1881325e+01 
3.500e+01 ; 3.200e+00 ; 1.800e+00 ; 7.6360001e+01 ; 9.1881325e+01 
3.500e+01 ; 3.200e+00 ; 1.800e+00 ; 7.6361001e+01 ; 9.1882172e+01 
3.500e+01 ; 3.200e+00 ; 1.800e+00 ; 7.6362001e+01 ; 9.1883018e+01 
3.500e+01 ; 3.200e+00 ; 1.800e+00 ; 7.6363001e+01 ; 9.1883865e+01 
3.500e+01 ; 3.200e+00 ; 1.800e+00 ; 7.6365001e+01 ; 9.1885551e+01 
3.500e+01 ; 3.200e+00 ; 1.800e+00 ; 7.6369001e+01 ; 9.1888931e+01 
3.500e+01 ; 3.200e+00 ; 1.800e+00 ; 7.6377001e+01 ; 9.1895691e+01 
3.500e+01 ; 3.200e+00 ; 1.800e+00 ; 7.6393001e+01 ; 9.1909210e+01 
3.500e+01 ; 3.200e+00 ; 1.800e+00 ; 7.6425001e+01 ; 9.1936234e+01 
3.500e+01 ; 3.200e+00 ; 1.800e+00 ; 7.6489001e+01 ; 9.1990204e+01 
3.500e+01 ; 3.200e+00 ; 1.800e+00 ; 7.6617001e+01 ; 9.2097275e+01 
3.500e+01 ; 3.200e+00 ; 1.800e+00 ; 7.6873001e+01 ; 9.2304817e+01 
3.500e+01 ; 3.200e+00 ; 1.800e+00 ; 7.7280001e+01 ; 9.2609283e+01 
3.500e+01 ; 3.200e+00 ; 1.800e+00 ; 7.7280001e+01 ; 9.2609283e+01 
3.500e+01 ; 3.200e+00 ; 1.800e+00 ; 7.7281001e+01 ; 9.2610031e+01 
3.500e+01 ; 3.200e+00 ; 1.800e+00 ; 7.7282001e+01 ; 9.2610779e+01 
3.500e+01 ; 3.200e+00 ; 1.800e+00 ; 7.7283001e+01 ; 9.2611526e+01 
3.500e+01 ; 3.200e+00 ; 1.800e+00 ; 7.7285001e+01 ; 9.2613022e+01 
3.500e+01 ; 3.200e+00 ; 1.800e+00 ; 7.7289001e+01 ; 9.2616013e+01 
3.500e+01 ; 3.200e+00 ; 1.800e+00 ; 7.7297001e+01 ; 9.2621971e+01 
3.500e+01 ; 3.200e+00 ; 1.800e+00 ; 7.7313001e+01 ; 9.2633858e+01 
3.500e+01 ; 3.200e+00 ; 1.800e+00 ; 7.7345001e+01 ; 9.2657463e+01 
3.500e+01 ; 3.200e+00 ; 1.800e+00 ; 7.7409001e+01 ; 9.2703987e+01 
3.500e+01 ; 3.200e+00 ; 1.800e+00 ; 7.7537001e+01 ; 9.2794060e+01 
3.500e+01 ; 3.200e+00 ; 1.800e+00 ; 7.7793001e+01 ; 9.2961266e+01 
3.500e+01 ; 3.200e+00 ; 1.800e+00 ; 7.8200001e+01 ; 9.3192558e+01 
3.500e+01 ; 3.200e+00 ; 1.800e+00 ; 7.8200001e+01 ; 9.3192558e+01 
3.500e+01 ; 3.200e+00 ; 1.800e+00 ; 7.8201001e+01 ; 9.3193123e+01 
3.500e+01 ; 3.200e+00 ; 1.800e+00 ; 7.8202001e+01 ; 9.3193695e+01 
3.500e+01 ; 3.200e+00 ; 1.800e+00 ; 7.8203001e+01 ; 9.3194260e+01 
3.500e+01 ; 3.200e+00 ; 1.800e+00 ; 7.8205001e+01 ; 9.3195396e+01 
3.500e+01 ; 3.200e+00 ; 1.800e+00 ; 7.8209001e+01 ; 9.3197662e+01 
3.500e+01 ; 3.200e+00 ; 1.800e+00 ; 7.8217001e+01 ; 9.3202179e+01 
3.500e+01 ; 3.200e+00 ; 1.800e+00 ; 7.8233001e+01 ; 9.3211159e+01 
3.500e+01 ; 3.200e+00 ; 1.800e+00 ; 7.8265001e+01 ; 9.3228912e+01 
3.500e+01 ; 3.200e+00 ; 1.800e+00 ; 7.8329001e+01 ; 9.3263550e+01 
3.500e+01 ; 3.200e+00 ; 1.800e+00 ; 7.8457001e+01 ; 9.3329346e+01 
3.500e+01 ; 3.200e+00 ; 1.800e+00 ; 7.8713001e+01 ; 9.3447205e+01 
3.500e+01 ; 3.200e+00 ; 1.800e+00 ; 7.9120001e+01 ; 9.3601410e+01 
3.500e+01 ; 3.200e+00 ; 1.800e+00 ; 7.9120001e+01 ; 9.3601410e+01 
3.500e+01 ; 3.200e+00 ; 1.800e+00 ; 7.9121001e+01 ; 9.3601791e+01 
3.500e+01 ; 3.200e+00 ; 1.800e+00 ; 7.9122001e+01 ; 9.3602173e+01 
3.500e+01 ; 3.200e+00 ; 1.800e+00 ; 7.9123001e+01 ; 9.3602547e+01 
3.500e+01 ; 3.200e+00 ; 1.800e+00 ; 7.9125001e+01 ; 9.3603302e+01 
3.500e+01 ; 3.200e+00 ; 1.800e+00 ; 7.9129001e+01 ; 9.3604813e+01 
3.500e+01 ; 3.200e+00 ; 1.800e+00 ; 7.9137001e+01 ; 9.3607819e+01 
3.500e+01 ; 3.200e+00 ; 1.800e+00 ; 7.9153001e+01 ; 9.3613777e+01 
3.500e+01 ; 3.200e+00 ; 1.800e+00 ; 7.9185001e+01 ; 9.3625481e+01 
3.500e+01 ; 3.200e+00 ; 1.800e+00 ; 7.9249001e+01 ; 9.3648102e+01 
3.500e+01 ; 3.200e+00 ; 1.800e+00 ; 7.9377001e+01 ; 9.3690170e+01 
3.500e+01 ; 3.200e+00 ; 1.800e+00 ; 7.9633001e+01 ; 9.3762276e+01 
3.500e+01 ; 3.200e+00 ; 1.800e+00 ; 8.0040001e+01 ; 9.3849136e+01 
3.500e+01 ; 3.200e+00 ; 1.800e+00 ; 8.0040001e+01 ; 9.3849136e+01 
3.500e+01 ; 3.200e+00 ; 1.800e+00 ; 8.0041001e+01 ; 9.3849350e+01 
3.500e+01 ; 3.200e+00 ; 1.800e+00 ; 8.0042001e+01 ; 9.3849564e+01 
3.500e+01 ; 3.200e+00 ; 1.800e+00 ; 8.0043001e+01 ; 9.3849777e+01 
3.500e+01 ; 3.200e+00 ; 1.800e+00 ; 8.0045001e+01 ; 9.3850197e+01 
3.500e+01 ; 3.200e+00 ; 1.800e+00 ; 8.0049001e+01 ; 9.3851051e+01 
3.500e+01 ; 3.200e+00 ; 1.800e+00 ; 8.0057001e+01 ; 9.3852730e+01 
3.500e+01 ; 3.200e+00 ; 1.800e+00 ; 8.0073001e+01 ; 9.3856056e+01 
3.500e+01 ; 3.200e+00 ; 1.800e+00 ; 8.0105001e+01 ; 9.3862541e+01 
3.500e+01 ; 3.200e+00 ; 1.800e+00 ; 8.0169001e+01 ; 9.3874847e+01 
3.500e+01 ; 3.200e+00 ; 1.800e+00 ; 8.0297001e+01 ; 9.3896873e+01 
3.500e+01 ; 3.200e+00 ; 1.800e+00 ; 8.0553001e+01 ; 9.3931290e+01 
3.500e+01 ; 3.200e+00 ; 1.800e+00 ; 8.0960001e+01 ; 9.3964302e+01 
3.500e+01 ; 3.200e+00 ; 1.800e+00 ; 8.0960001e+01 ; 9.3964302e+01 
3.500e+01 ; 3.200e+00 ; 1.800e+00 ; 8.0961001e+01 ; 9.3964378e+01 
3.500e+01 ; 3.200e+00 ; 1.800e+00 ; 8.0962001e+01 ; 9.3964462e+01 
3.500e+01 ; 3.200e+00 ; 1.800e+00 ; 8.0963001e+01 ; 9.3964546e+01 
3.500e+01 ; 3.200e+00 ; 1.800e+00 ; 8.0965001e+01 ; 9.3964706e+01 
3.500e+01 ; 3.200e+00 ; 1.800e+00 ; 8.0969001e+01 ; 9.3965027e+01 
3.500e+01 ; 3.200e+00 ; 1.800e+00 ; 8.0977001e+01 ; 9.3965652e+01 
3.500e+01 ; 3.200e+00 ; 1.800e+00 ; 8.0993001e+01 ; 9.3966881e+01 
3.500e+01 ; 3.200e+00 ; 1.800e+00 ; 8.1025001e+01 ; 9.3969208e+01 
3.500e+01 ; 3.200e+00 ; 1.800e+00 ; 8.1089001e+01 ; 9.3973343e+01 
3.500e+01 ; 3.200e+00 ; 1.800e+00 ; 8.1217001e+01 ; 9.3979630e+01 
3.500e+01 ; 3.200e+00 ; 1.800e+00 ; 8.1473001e+01 ; 9.3984856e+01 
3.500e+01 ; 3.200e+00 ; 1.800e+00 ; 8.1880001e+01 ; 9.3976845e+01 
3.500e+01 ; 3.200e+00 ; 1.800e+00 ; 8.1880001e+01 ; 9.3976845e+01 
3.500e+01 ; 3.200e+00 ; 1.800e+00 ; 8.1881001e+01 ; 9.3976822e+01 
3.500e+01 ; 3.200e+00 ; 1.800e+00 ; 8.1882001e+01 ; 9.3976807e+01 
3.500e+01 ; 3.200e+00 ; 1.800e+00 ; 8.1883001e+01 ; 9.3976784e+01 
3.500e+01 ; 3.200e+00 ; 1.800e+00 ; 8.1885001e+01 ; 9.3976746e+01 
3.500e+01 ; 3.200e+00 ; 1.800e+00 ; 8.1889001e+01 ; 9.3976662e+01 
3.500e+01 ; 3.200e+00 ; 1.800e+00 ; 8.1897001e+01 ; 9.3976486e+01 
3.500e+01 ; 3.200e+00 ; 1.800e+00 ; 8.1913001e+01 ; 9.3976120e+01 
3.500e+01 ; 3.200e+00 ; 1.800e+00 ; 8.1945001e+01 ; 9.3975288e+01 
3.500e+01 ; 3.200e+00 ; 1.800e+00 ; 8.2009001e+01 ; 9.3973244e+01 
3.500e+01 ; 3.200e+00 ; 1.800e+00 ; 8.2137001e+01 ; 9.3967659e+01 
3.500e+01 ; 3.200e+00 ; 1.800e+00 ; 8.2393001e+01 ; 9.3951057e+01 
3.500e+01 ; 3.200e+00 ; 1.800e+00 ; 8.2800002e+01 ; 9.3912704e+01 
3.500e+01 ; 3.200e+00 ; 1.800e+00 ; 8.2800002e+01 ; 9.3912704e+01 
3.500e+01 ; 3.200e+00 ; 1.800e+00 ; 8.2801002e+01 ; 9.3912613e+01 
3.500e+01 ; 3.200e+00 ; 1.800e+00 ; 8.2802002e+01 ; 9.3912521e+01 
3.500e+01 ; 3.200e+00 ; 1.800e+00 ; 8.2803002e+01 ; 9.3912422e+01 
3.500e+01 ; 3.200e+00 ; 1.800e+00 ; 8.2805002e+01 ; 9.3912239e+01 
3.500e+01 ; 3.200e+00 ; 1.800e+00 ; 8.2809002e+01 ; 9.3911858e+01 
3.500e+01 ; 3.200e+00 ; 1.800e+00 ; 8.2817002e+01 ; 9.3911095e+01 
3.500e+01 ; 3.200e+00 ; 1.800e+00 ; 8.2833002e+01 ; 9.3909546e+01 
3.500e+01 ; 3.200e+00 ; 1.800e+00 ; 8.2865001e+01 ; 9.3906380e+01 
3.500e+01 ; 3.200e+00 ; 1.800e+00 ; 8.2929001e+01 ; 9.3899773e+01 
3.500e+01 ; 3.200e+00 ; 1.800e+00 ; 8.3057002e+01 ; 9.3885475e+01 
3.500e+01 ; 3.200e+00 ; 1.800e+00 ; 8.3313002e+01 ; 9.3852943e+01 
3.500e+01 ; 3.200e+00 ; 1.800e+00 ; 8.3720002e+01 ; 9.3792625e+01 
3.500e+01 ; 3.200e+00 ; 1.800e+00 ; 8.3720002e+01 ; 9.3792625e+01 
3.500e+01 ; 3.200e+00 ; 1.800e+00 ; 8.3721002e+01 ; 9.3792473e+01 
3.500e+01 ; 3.200e+00 ; 1.800e+00 ; 8.3722002e+01 ; 9.3792328e+01 
3.500e+01 ; 3.200e+00 ; 1.800e+00 ; 8.3723002e+01 ; 9.3792175e+01 
3.500e+01 ; 3.200e+00 ; 1.800e+00 ; 8.3725002e+01 ; 9.3791878e+01 
3.500e+01 ; 3.200e+00 ; 1.800e+00 ; 8.3729002e+01 ; 9.3791283e+01 
3.500e+01 ; 3.200e+00 ; 1.800e+00 ; 8.3737002e+01 ; 9.3790092e+01 
3.500e+01 ; 3.200e+00 ; 1.800e+00 ; 8.3753002e+01 ; 9.3787697e+01 
3.500e+01 ; 3.200e+00 ; 1.800e+00 ; 8.3785002e+01 ; 9.3782845e+01 
3.500e+01 ; 3.200e+00 ; 1.800e+00 ; 8.3849002e+01 ; 9.3772942e+01 
3.500e+01 ; 3.200e+00 ; 1.800e+00 ; 8.3977002e+01 ; 9.3752373e+01 
3.500e+01 ; 3.200e+00 ; 1.800e+00 ; 8.4233002e+01 ; 9.3708473e+01 
3.500e+01 ; 3.200e+00 ; 1.800e+00 ; 8.4640002e+01 ; 9.3632904e+01 
3.500e+01 ; 3.200e+00 ; 1.800e+00 ; 8.4640002e+01 ; 9.3632904e+01 
3.500e+01 ; 3.200e+00 ; 1.800e+00 ; 8.4641002e+01 ; 9.3632721e+01 
3.500e+01 ; 3.200e+00 ; 1.800e+00 ; 8.4642002e+01 ; 9.3632538e+01 
3.500e+01 ; 3.200e+00 ; 1.800e+00 ; 8.4643002e+01 ; 9.3632347e+01 
3.500e+01 ; 3.200e+00 ; 1.800e+00 ; 8.4645002e+01 ; 9.3631981e+01 
3.500e+01 ; 3.200e+00 ; 1.800e+00 ; 8.4649002e+01 ; 9.3631233e+01 
3.500e+01 ; 3.200e+00 ; 1.800e+00 ; 8.4657002e+01 ; 9.3629745e+01 
3.500e+01 ; 3.200e+00 ; 1.800e+00 ; 8.4673002e+01 ; 9.3626755e+01 
3.500e+01 ; 3.200e+00 ; 1.800e+00 ; 8.4705002e+01 ; 9.3620743e+01 
3.500e+01 ; 3.200e+00 ; 1.800e+00 ; 8.4769002e+01 ; 9.3608589e+01 
3.500e+01 ; 3.200e+00 ; 1.800e+00 ; 8.4897002e+01 ; 9.3583786e+01 
3.500e+01 ; 3.200e+00 ; 1.800e+00 ; 8.5153002e+01 ; 9.3532600e+01 
3.500e+01 ; 3.200e+00 ; 1.800e+00 ; 8.5560002e+01 ; 9.3448837e+01 
3.500e+01 ; 3.200e+00 ; 1.800e+00 ; 8.5560002e+01 ; 9.3448837e+01 
3.500e+01 ; 3.200e+00 ; 1.800e+00 ; 8.5561002e+01 ; 9.3448631e+01 
3.500e+01 ; 3.200e+00 ; 1.800e+00 ; 8.5562002e+01 ; 9.3448425e+01 
3.500e+01 ; 3.200e+00 ; 1.800e+00 ; 8.5563002e+01 ; 9.3448219e+01 
3.500e+01 ; 3.200e+00 ; 1.800e+00 ; 8.5565002e+01 ; 9.3447807e+01 
3.500e+01 ; 3.200e+00 ; 1.800e+00 ; 8.5569002e+01 ; 9.3446983e+01 
3.500e+01 ; 3.200e+00 ; 1.800e+00 ; 8.5577002e+01 ; 9.3445335e+01 
3.500e+01 ; 3.200e+00 ; 1.800e+00 ; 8.5593002e+01 ; 9.3442039e+01 
3.500e+01 ; 3.200e+00 ; 1.800e+00 ; 8.5625002e+01 ; 9.3435425e+01 
3.500e+01 ; 3.200e+00 ; 1.800e+00 ; 8.5689002e+01 ; 9.3422150e+01 
3.500e+01 ; 3.200e+00 ; 1.800e+00 ; 8.5817002e+01 ; 9.3395485e+01 
3.500e+01 ; 3.200e+00 ; 1.800e+00 ; 8.6073002e+01 ; 9.3342285e+01 
3.500e+01 ; 3.200e+00 ; 1.800e+00 ; 8.6480002e+01 ; 9.3260567e+01 
3.500e+01 ; 3.200e+00 ; 1.800e+00 ; 8.6480002e+01 ; 9.3260567e+01 
3.500e+01 ; 3.200e+00 ; 1.800e+00 ; 8.6481002e+01 ; 9.3260368e+01 
3.500e+01 ; 3.200e+00 ; 1.800e+00 ; 8.6482002e+01 ; 9.3260162e+01 
3.500e+01 ; 3.200e+00 ; 1.800e+00 ; 8.6483002e+01 ; 9.3259964e+01 
3.500e+01 ; 3.200e+00 ; 1.800e+00 ; 8.6485002e+01 ; 9.3259560e+01 
3.500e+01 ; 3.200e+00 ; 1.800e+00 ; 8.6489002e+01 ; 9.3258759e+01 
3.500e+01 ; 3.200e+00 ; 1.800e+00 ; 8.6497002e+01 ; 9.3257156e+01 
3.500e+01 ; 3.200e+00 ; 1.800e+00 ; 8.6513002e+01 ; 9.3253952e+01 
3.500e+01 ; 3.200e+00 ; 1.800e+00 ; 8.6545002e+01 ; 9.3247566e+01 
3.500e+01 ; 3.200e+00 ; 1.800e+00 ; 8.6609002e+01 ; 9.3234886e+01 
3.500e+01 ; 3.200e+00 ; 1.800e+00 ; 8.6737002e+01 ; 9.3209984e+01 
3.500e+01 ; 3.200e+00 ; 1.800e+00 ; 8.6993002e+01 ; 9.3162857e+01 
3.500e+01 ; 3.200e+00 ; 1.800e+00 ; 8.7400002e+01 ; 9.3097664e+01 
3.500e+01 ; 3.200e+00 ; 1.800e+00 ; 8.7400002e+01 ; 9.3097664e+01 
3.500e+01 ; 3.200e+00 ; 1.800e+00 ; 8.7401002e+01 ; 9.3097504e+01 
3.500e+01 ; 3.200e+00 ; 1.800e+00 ; 8.7402002e+01 ; 9.3097343e+01 
3.500e+01 ; 3.200e+00 ; 1.800e+00 ; 8.7403002e+01 ; 9.3097183e+01 
3.500e+01 ; 3.200e+00 ; 1.800e+00 ; 8.7405002e+01 ; 9.3096863e+01 
3.500e+01 ; 3.200e+00 ; 1.800e+00 ; 8.7409002e+01 ; 9.3096222e+01 
3.500e+01 ; 3.200e+00 ; 1.800e+00 ; 8.7417002e+01 ; 9.3094948e+01 
3.500e+01 ; 3.200e+00 ; 1.800e+00 ; 8.7433002e+01 ; 9.3092415e+01 
3.500e+01 ; 3.200e+00 ; 1.800e+00 ; 8.7465002e+01 ; 9.3087418e+01 
3.500e+01 ; 3.200e+00 ; 1.800e+00 ; 8.7529002e+01 ; 9.3077682e+01 
3.500e+01 ; 3.200e+00 ; 1.800e+00 ; 8.7657002e+01 ; 9.3059357e+01 
3.500e+01 ; 3.200e+00 ; 1.800e+00 ; 8.7913002e+01 ; 9.3027977e+01 
3.500e+01 ; 3.200e+00 ; 1.800e+00 ; 8.8320002e+01 ; 9.2993095e+01 
3.500e+01 ; 3.200e+00 ; 1.800e+00 ; 8.8320002e+01 ; 9.2993095e+01 
3.500e+01 ; 3.200e+00 ; 1.800e+00 ; 8.8321002e+01 ; 9.2993011e+01 
3.500e+01 ; 3.200e+00 ; 1.800e+00 ; 8.8322002e+01 ; 9.2992928e+01 
3.500e+01 ; 3.200e+00 ; 1.800e+00 ; 8.8323002e+01 ; 9.2992836e+01 
3.500e+01 ; 3.200e+00 ; 1.800e+00 ; 8.8325002e+01 ; 9.2992668e+01 
3.500e+01 ; 3.200e+00 ; 1.800e+00 ; 8.8329002e+01 ; 9.2992325e+01 
3.500e+01 ; 3.200e+00 ; 1.800e+00 ; 8.8337002e+01 ; 9.2991653e+01 
3.500e+01 ; 3.200e+00 ; 1.800e+00 ; 8.8353002e+01 ; 9.2990334e+01 
3.500e+01 ; 3.200e+00 ; 1.800e+00 ; 8.8385002e+01 ; 9.2987778e+01 
3.500e+01 ; 3.200e+00 ; 1.800e+00 ; 8.8449002e+01 ; 9.2983063e+01 
3.500e+01 ; 3.200e+00 ; 1.800e+00 ; 8.8577002e+01 ; 9.2975182e+01 
3.500e+01 ; 3.200e+00 ; 1.800e+00 ; 8.8833002e+01 ; 9.2965752e+01 
3.500e+01 ; 3.200e+00 ; 1.800e+00 ; 8.9240002e+01 ; 9.2965759e+01 
3.500e+01 ; 3.200e+00 ; 1.800e+00 ; 8.9240002e+01 ; 9.2965759e+01 
3.500e+01 ; 3.200e+00 ; 1.800e+00 ; 8.9241002e+01 ; 9.2965759e+01 
3.500e+01 ; 3.200e+00 ; 1.800e+00 ; 8.9242002e+01 ; 9.2965759e+01 
3.500e+01 ; 3.200e+00 ; 1.800e+00 ; 8.9243002e+01 ; 9.2965759e+01 
3.500e+01 ; 3.200e+00 ; 1.800e+00 ; 8.9245002e+01 ; 9.2965759e+01 
3.500e+01 ; 3.200e+00 ; 1.800e+00 ; 8.9249002e+01 ; 9.2965759e+01 
3.500e+01 ; 3.200e+00 ; 1.800e+00 ; 8.9257002e+01 ; 9.2965775e+01 
3.500e+01 ; 3.200e+00 ; 1.800e+00 ; 8.9273002e+01 ; 9.2965820e+01 
3.500e+01 ; 3.200e+00 ; 1.800e+00 ; 8.9305002e+01 ; 9.2966011e+01 
3.500e+01 ; 3.200e+00 ; 1.800e+00 ; 8.9369002e+01 ; 9.2966743e+01 
3.500e+01 ; 3.200e+00 ; 1.800e+00 ; 8.9497002e+01 ; 9.2969612e+01 
3.500e+01 ; 3.200e+00 ; 1.800e+00 ; 8.9753002e+01 ; 9.2980286e+01 
3.500e+01 ; 3.200e+00 ; 1.800e+00 ; 9.0160002e+01 ; 9.3006615e+01 
3.500e+01 ; 3.200e+00 ; 1.800e+00 ; 9.0160002e+01 ; 9.3006615e+01 
3.500e+01 ; 3.200e+00 ; 1.800e+00 ; 9.0161002e+01 ; 9.3006683e+01 
3.500e+01 ; 3.200e+00 ; 1.800e+00 ; 9.0162002e+01 ; 9.3006744e+01 
3.500e+01 ; 3.200e+00 ; 1.800e+00 ; 9.0163002e+01 ; 9.3006813e+01 
3.500e+01 ; 3.200e+00 ; 1.800e+00 ; 9.0165002e+01 ; 9.3006943e+01 
3.500e+01 ; 3.200e+00 ; 1.800e+00 ; 9.0169002e+01 ; 9.3007202e+01 
3.500e+01 ; 3.200e+00 ; 1.800e+00 ; 9.0177002e+01 ; 9.3007729e+01 
3.500e+01 ; 3.200e+00 ; 1.800e+00 ; 9.0193002e+01 ; 9.3008789e+01 
3.500e+01 ; 3.200e+00 ; 1.800e+00 ; 9.0225002e+01 ; 9.3010979e+01 
3.500e+01 ; 3.200e+00 ; 1.800e+00 ; 9.0289002e+01 ; 9.3015549e+01 
3.500e+01 ; 3.200e+00 ; 1.800e+00 ; 9.0417002e+01 ; 9.3025398e+01 
3.500e+01 ; 3.200e+00 ; 1.800e+00 ; 9.0673002e+01 ; 9.3047035e+01 
3.500e+01 ; 3.200e+00 ; 1.800e+00 ; 9.1080002e+01 ; 9.3082664e+01 
3.500e+01 ; 3.200e+00 ; 1.800e+00 ; 9.1080002e+01 ; 9.3082664e+01 
3.500e+01 ; 3.200e+00 ; 1.800e+00 ; 9.1081002e+01 ; 9.3082748e+01 
3.500e+01 ; 3.200e+00 ; 1.800e+00 ; 9.1082002e+01 ; 9.3082840e+01 
3.500e+01 ; 3.200e+00 ; 1.800e+00 ; 9.1083002e+01 ; 9.3082924e+01 
3.500e+01 ; 3.200e+00 ; 1.800e+00 ; 9.1085002e+01 ; 9.3083099e+01 
3.500e+01 ; 3.200e+00 ; 1.800e+00 ; 9.1089002e+01 ; 9.3083450e+01 
3.500e+01 ; 3.200e+00 ; 1.800e+00 ; 9.1097002e+01 ; 9.3084152e+01 
3.500e+01 ; 3.200e+00 ; 1.800e+00 ; 9.1113002e+01 ; 9.3085556e+01 
3.500e+01 ; 3.200e+00 ; 1.800e+00 ; 9.1145002e+01 ; 9.3088371e+01 
3.500e+01 ; 3.200e+00 ; 1.800e+00 ; 9.1209002e+01 ; 9.3093994e+01 
3.500e+01 ; 3.200e+00 ; 1.800e+00 ; 9.1337002e+01 ; 9.3105148e+01 
3.500e+01 ; 3.200e+00 ; 1.800e+00 ; 9.1593002e+01 ; 9.3126244e+01 
3.500e+01 ; 3.200e+00 ; 1.800e+00 ; 9.2000002e+01 ; 9.3153992e+01 
3.500e+01 ; 3.200e+00 ; 1.800e+00 ; 9.2000002e+01 ; 9.3153992e+01 
3.500e+01 ; 3.200e+00 ; 1.800e+00 ; 9.2001002e+01 ; 9.3154060e+01 
3.500e+01 ; 3.200e+00 ; 1.800e+00 ; 9.2002002e+01 ; 9.3154129e+01 
3.500e+01 ; 3.200e+00 ; 1.800e+00 ; 9.2003002e+01 ; 9.3154198e+01 
3.500e+01 ; 3.200e+00 ; 1.800e+00 ; 9.2005002e+01 ; 9.3154327e+01 
3.500e+01 ; 3.200e+00 ; 1.800e+00 ; 9.2009002e+01 ; 9.3154602e+01 
3.500e+01 ; 3.200e+00 ; 1.800e+00 ; 9.2017002e+01 ; 9.3155144e+01 
3.500e+01 ; 3.200e+00 ; 1.800e+00 ; 9.2033002e+01 ; 9.3156212e+01 
3.500e+01 ; 3.200e+00 ; 1.800e+00 ; 9.2065002e+01 ; 9.3158318e+01 
3.500e+01 ; 3.200e+00 ; 1.800e+00 ; 9.2129002e+01 ; 9.3162369e+01 
3.500e+01 ; 3.200e+00 ; 1.800e+00 ; 9.2257002e+01 ; 9.3169731e+01 
3.500e+01 ; 3.200e+00 ; 1.800e+00 ; 9.2513002e+01 ; 9.3181061e+01 
3.500e+01 ; 3.200e+00 ; 1.800e+00 ; 9.2920002e+01 ; 9.3189011e+01 
3.500e+01 ; 3.200e+00 ; 1.800e+00 ; 9.2920002e+01 ; 9.3189011e+01 
3.500e+01 ; 3.200e+00 ; 1.800e+00 ; 9.2921002e+01 ; 9.3189034e+01 
3.500e+01 ; 3.200e+00 ; 1.800e+00 ; 9.2922002e+01 ; 9.3189049e+01 
3.500e+01 ; 3.200e+00 ; 1.800e+00 ; 9.2923002e+01 ; 9.3189072e+01 
3.500e+01 ; 3.200e+00 ; 1.800e+00 ; 9.2925002e+01 ; 9.3189110e+01 
3.500e+01 ; 3.200e+00 ; 1.800e+00 ; 9.2929002e+01 ; 9.3189186e+01 
3.500e+01 ; 3.200e+00 ; 1.800e+00 ; 9.2937002e+01 ; 9.3189331e+01 
3.500e+01 ; 3.200e+00 ; 1.800e+00 ; 9.2953002e+01 ; 9.3189613e+01 
3.500e+01 ; 3.200e+00 ; 1.800e+00 ; 9.2985002e+01 ; 9.3190109e+01 
3.500e+01 ; 3.200e+00 ; 1.800e+00 ; 9.3049002e+01 ; 9.3190849e+01 
3.500e+01 ; 3.200e+00 ; 1.800e+00 ; 9.3177002e+01 ; 9.3191246e+01 
3.500e+01 ; 3.200e+00 ; 1.800e+00 ; 9.3433002e+01 ; 9.3187584e+01 
3.500e+01 ; 3.200e+00 ; 1.800e+00 ; 9.3840002e+01 ; 9.3170090e+01 
3.500e+01 ; 3.200e+00 ; 1.800e+00 ; 9.3840002e+01 ; 9.3170090e+01 
3.500e+01 ; 3.200e+00 ; 1.800e+00 ; 9.3841002e+01 ; 9.3170044e+01 
3.500e+01 ; 3.200e+00 ; 1.800e+00 ; 9.3842002e+01 ; 9.3170006e+01 
3.500e+01 ; 3.200e+00 ; 1.800e+00 ; 9.3843002e+01 ; 9.3169960e+01 
3.500e+01 ; 3.200e+00 ; 1.800e+00 ; 9.3845002e+01 ; 9.3169876e+01 
3.500e+01 ; 3.200e+00 ; 1.800e+00 ; 9.3849002e+01 ; 9.3169701e+01 
3.500e+01 ; 3.200e+00 ; 1.800e+00 ; 9.3857002e+01 ; 9.3169342e+01 
3.500e+01 ; 3.200e+00 ; 1.800e+00 ; 9.3873002e+01 ; 9.3168617e+01 
3.500e+01 ; 3.200e+00 ; 1.800e+00 ; 9.3905002e+01 ; 9.3167099e+01 
3.500e+01 ; 3.200e+00 ; 1.800e+00 ; 9.3969002e+01 ; 9.3163765e+01 
3.500e+01 ; 3.200e+00 ; 1.800e+00 ; 9.4097002e+01 ; 9.3155922e+01 
3.500e+01 ; 3.200e+00 ; 1.800e+00 ; 9.4353002e+01 ; 9.3135597e+01 
3.500e+01 ; 3.200e+00 ; 1.800e+00 ; 9.4760002e+01 ; 9.3091835e+01 
3.500e+01 ; 3.200e+00 ; 1.800e+00 ; 9.4760002e+01 ; 9.3091835e+01 
3.500e+01 ; 3.200e+00 ; 1.800e+00 ; 9.4761002e+01 ; 9.3091728e+01 
3.500e+01 ; 3.200e+00 ; 1.800e+00 ; 9.4762002e+01 ; 9.3091621e+01 
3.500e+01 ; 3.200e+00 ; 1.800e+00 ; 9.4763002e+01 ; 9.3091515e+01 
3.500e+01 ; 3.200e+00 ; 1.800e+00 ; 9.4765002e+01 ; 9.3091293e+01 
3.500e+01 ; 3.200e+00 ; 1.800e+00 ; 9.4769002e+01 ; 9.3090866e+01 
3.500e+01 ; 3.200e+00 ; 1.800e+00 ; 9.4777002e+01 ; 9.3089996e+01 
3.500e+01 ; 3.200e+00 ; 1.800e+00 ; 9.4793002e+01 ; 9.3088242e+01 
3.500e+01 ; 3.200e+00 ; 1.800e+00 ; 9.4825002e+01 ; 9.3084656e+01 
3.500e+01 ; 3.200e+00 ; 1.800e+00 ; 9.4889002e+01 ; 9.3077209e+01 
3.500e+01 ; 3.200e+00 ; 1.800e+00 ; 9.5017002e+01 ; 9.3061203e+01 
3.500e+01 ; 3.200e+00 ; 1.800e+00 ; 9.5273002e+01 ; 9.3024902e+01 
3.500e+01 ; 3.200e+00 ; 1.800e+00 ; 9.5680002e+01 ; 9.2956985e+01 
3.500e+01 ; 3.200e+00 ; 1.800e+00 ; 9.5680002e+01 ; 9.2956985e+01 
3.500e+01 ; 3.200e+00 ; 1.800e+00 ; 9.5681002e+01 ; 9.2956818e+01 
3.500e+01 ; 3.200e+00 ; 1.800e+00 ; 9.5682002e+01 ; 9.2956657e+01 
3.500e+01 ; 3.200e+00 ; 1.800e+00 ; 9.5683002e+01 ; 9.2956490e+01 
3.500e+01 ; 3.200e+00 ; 1.800e+00 ; 9.5685002e+01 ; 9.2956154e+01 
3.500e+01 ; 3.200e+00 ; 1.800e+00 ; 9.5689002e+01 ; 9.2955482e+01 
3.500e+01 ; 3.200e+00 ; 1.800e+00 ; 9.5697002e+01 ; 9.2954140e+01 
3.500e+01 ; 3.200e+00 ; 1.800e+00 ; 9.5713002e+01 ; 9.2951439e+01 
3.500e+01 ; 3.200e+00 ; 1.800e+00 ; 9.5745002e+01 ; 9.2945969e+01 
3.500e+01 ; 3.200e+00 ; 1.800e+00 ; 9.5809002e+01 ; 9.2934792e+01 
3.500e+01 ; 3.200e+00 ; 1.800e+00 ; 9.5937002e+01 ; 9.2911461e+01 
3.500e+01 ; 3.200e+00 ; 1.800e+00 ; 9.6193002e+01 ; 9.2861130e+01 
3.500e+01 ; 3.200e+00 ; 1.800e+00 ; 9.6600002e+01 ; 9.2772575e+01 
3.500e+01 ; 3.200e+00 ; 1.800e+00 ; 9.6600002e+01 ; 9.2772575e+01 
3.500e+01 ; 3.200e+00 ; 1.800e+00 ; 9.6601002e+01 ; 9.2772362e+01 
3.500e+01 ; 3.200e+00 ; 1.800e+00 ; 9.6602002e+01 ; 9.2772141e+01 
3.500e+01 ; 3.200e+00 ; 1.800e+00 ; 9.6603002e+01 ; 9.2771927e+01 
3.500e+01 ; 3.200e+00 ; 1.800e+00 ; 9.6605002e+01 ; 9.2771492e+01 
3.500e+01 ; 3.200e+00 ; 1.800e+00 ; 9.6609002e+01 ; 9.2770615e+01 
3.500e+01 ; 3.200e+00 ; 1.800e+00 ; 9.6617002e+01 ; 9.2768867e+01 
3.500e+01 ; 3.200e+00 ; 1.800e+00 ; 9.6633002e+01 ; 9.2765358e+01 
3.500e+01 ; 3.200e+00 ; 1.800e+00 ; 9.6665002e+01 ; 9.2758293e+01 
3.500e+01 ; 3.200e+00 ; 1.800e+00 ; 9.6729002e+01 ; 9.2743950e+01 
3.500e+01 ; 3.200e+00 ; 1.800e+00 ; 9.6857002e+01 ; 9.2714470e+01 
3.500e+01 ; 3.200e+00 ; 1.800e+00 ; 9.7113002e+01 ; 9.2652534e+01 
3.500e+01 ; 3.200e+00 ; 1.800e+00 ; 9.7520002e+01 ; 9.2547279e+01 
3.500e+01 ; 3.200e+00 ; 1.800e+00 ; 9.7520002e+01 ; 9.2547279e+01 
3.500e+01 ; 3.200e+00 ; 1.800e+00 ; 9.7530002e+01 ; 9.2544685e+01 
3.500e+01 ; 3.200e+00 ; 1.800e+00 ; 9.7540002e+01 ; 9.2542091e+01 
3.500e+01 ; 3.200e+00 ; 1.800e+00 ; 9.7550002e+01 ; 9.2539490e+01 
3.500e+01 ; 3.200e+00 ; 1.800e+00 ; 9.7570002e+01 ; 9.2534279e+01 
3.500e+01 ; 3.200e+00 ; 1.800e+00 ; 9.7610002e+01 ; 9.2523788e+01 
3.500e+01 ; 3.200e+00 ; 1.800e+00 ; 9.7690002e+01 ; 9.2502563e+01 
3.500e+01 ; 3.200e+00 ; 1.800e+00 ; 9.7850002e+01 ; 9.2459145e+01 
3.500e+01 ; 3.200e+00 ; 1.800e+00 ; 9.8170002e+01 ; 9.2368858e+01 
3.500e+01 ; 3.200e+00 ; 1.800e+00 ; 9.8810002e+01 ; 9.2176941e+01 
3.500e+01 ; 3.200e+00 ; 1.800e+00 ; 9.9770002e+01 ; 9.1870880e+01 
3.500e+01 ; 3.200e+00 ; 1.800e+00 ; 1.0121000e+02 ; 9.1389587e+01 
3.500e+01 ; 3.200e+00 ; 1.800e+00 ; 1.0252000e+02 ; 9.0944092e+01