X ; Y ; Z ; time ; Temperature 
3.500e+01 ; 8.000e-01 ; 2.400e+00 ; 0.0000000e+00 ; 2.3500000e+02 
3.500e+01 ; 8.000e-01 ; 2.400e+00 ; 1.0000000e-03 ; 2.3500000e+02 
3.500e+01 ; 8.000e-01 ; 2.400e+00 ; 2.0000001e-03 ; 2.3500000e+02 
3.500e+01 ; 8.000e-01 ; 2.400e+00 ; 3.0000000e-03 ; 2.3500000e+02 
3.500e+01 ; 8.000e-01 ; 2.400e+00 ; 4.9999999e-03 ; 2.3500000e+02 
3.500e+01 ; 8.000e-01 ; 2.400e+00 ; 8.9999996e-03 ; 2.3500000e+02 
3.500e+01 ; 8.000e-01 ; 2.400e+00 ; 1.7000001e-02 ; 2.3500000e+02 
3.500e+01 ; 8.000e-01 ; 2.400e+00 ; 3.3000000e-02 ; 2.3500000e+02 
3.500e+01 ; 8.000e-01 ; 2.400e+00 ; 6.4999998e-02 ; 2.3500000e+02 
3.500e+01 ; 8.000e-01 ; 2.400e+00 ; 1.2899999e-01 ; 2.3500000e+02 
3.500e+01 ; 8.000e-01 ; 2.400e+00 ; 2.5700000e-01 ; 2.3500000e+02 
3.500e+01 ; 8.000e-01 ; 2.400e+00 ; 5.1300001e-01 ; 2.3500000e+02 
3.500e+01 ; 8.000e-01 ; 2.400e+00 ; 7.6899999e-01 ; 2.3500000e+02 
3.500e+01 ; 8.000e-01 ; 2.400e+00 ; 8.9999998e-01 ; 2.3500000e+02 
3.500e+01 ; 8.000e-01 ; 2.400e+00 ; 8.9999998e-01 ; 2.3500000e+02 
3.500e+01 ; 8.000e-01 ; 2.400e+00 ; 9.0099998e-01 ; 2.3500000e+02 
3.500e+01 ; 8.000e-01 ; 2.400e+00 ; 9.0199998e-01 ; 2.3500000e+02 
3.500e+01 ; 8.000e-01 ; 2.400e+00 ; 9.0299998e-01 ; 2.3500000e+02 
3.500e+01 ; 8.000e-01 ; 2.400e+00 ; 9.0499998e-01 ; 2.3500000e+02 
3.500e+01 ; 8.000e-01 ; 2.400e+00 ; 9.0899998e-01 ; 2.3500000e+02 
3.500e+01 ; 8.000e-01 ; 2.400e+00 ; 9.1699998e-01 ; 2.3500000e+02 
3.500e+01 ; 8.000e-01 ; 2.400e+00 ; 9.3299998e-01 ; 2.3500000e+02 
3.500e+01 ; 8.000e-01 ; 2.400e+00 ; 9.6499997e-01 ; 2.3500000e+02 
3.500e+01 ; 8.000e-01 ; 2.400e+00 ; 1.0290000e+00 ; 2.3500000e+02 
3.500e+01 ; 8.000e-01 ; 2.400e+00 ; 1.1570000e+00 ; 2.3500000e+02 
3.500e+01 ; 8.000e-01 ; 2.400e+00 ; 1.4130000e+00 ; 2.3500000e+02 
3.500e+01 ; 8.000e-01 ; 2.400e+00 ; 1.8000000e+00 ; 2.3500000e+02 
3.500e+01 ; 8.000e-01 ; 2.400e+00 ; 1.8000000e+00 ; 2.3500000e+02 
3.500e+01 ; 8.000e-01 ; 2.400e+00 ; 1.8010000e+00 ; 2.3500000e+02 
3.500e+01 ; 8.000e-01 ; 2.400e+00 ; 1.8020000e+00 ; 2.3500000e+02 
3.500e+01 ; 8.000e-01 ; 2.400e+00 ; 1.8030000e+00 ; 2.3500000e+02 
3.500e+01 ; 8.000e-01 ; 2.400e+00 ; 1.8050000e+00 ; 2.3500000e+02 
3.500e+01 ; 8.000e-01 ; 2.400e+00 ; 1.8090000e+00 ; 2.3500000e+02 
3.500e+01 ; 8.000e-01 ; 2.400e+00 ; 1.8170000e+00 ; 2.3500000e+02 
3.500e+01 ; 8.000e-01 ; 2.400e+00 ; 1.8330000e+00 ; 2.3500000e+02 
3.500e+01 ; 8.000e-01 ; 2.400e+00 ; 1.8649999e+00 ; 2.3500000e+02 
3.500e+01 ; 8.000e-01 ; 2.400e+00 ; 1.9289999e+00 ; 2.3500000e+02 
3.500e+01 ; 8.000e-01 ; 2.400e+00 ; 2.0570000e+00 ; 2.3500000e+02 
3.500e+01 ; 8.000e-01 ; 2.400e+00 ; 2.3130000e+00 ; 2.3500000e+02 
3.500e+01 ; 8.000e-01 ; 2.400e+00 ; 2.6999999e+00 ; 2.3500000e+02 
3.500e+01 ; 8.000e-01 ; 2.400e+00 ; 2.6999999e+00 ; 2.3500000e+02 
3.500e+01 ; 8.000e-01 ; 2.400e+00 ; 2.7009999e+00 ; 2.3500000e+02 
3.500e+01 ; 8.000e-01 ; 2.400e+00 ; 2.7019999e+00 ; 2.3500000e+02 
3.500e+01 ; 8.000e-01 ; 2.400e+00 ; 2.7029999e+00 ; 2.3500000e+02 
3.500e+01 ; 8.000e-01 ; 2.400e+00 ; 2.7049999e+00 ; 2.3500000e+02 
3.500e+01 ; 8.000e-01 ; 2.400e+00 ; 2.7089999e+00 ; 2.3500000e+02 
3.500e+01 ; 8.000e-01 ; 2.400e+00 ; 2.7169999e+00 ; 2.3500000e+02 
3.500e+01 ; 8.000e-01 ; 2.400e+00 ; 2.7329999e+00 ; 2.3500000e+02 
3.500e+01 ; 8.000e-01 ; 2.400e+00 ; 2.7649999e+00 ; 2.3500000e+02 
3.500e+01 ; 8.000e-01 ; 2.400e+00 ; 2.8289999e+00 ; 2.3500000e+02 
3.500e+01 ; 8.000e-01 ; 2.400e+00 ; 2.9569999e+00 ; 2.3500000e+02 
3.500e+01 ; 8.000e-01 ; 2.400e+00 ; 3.2129999e+00 ; 2.3500000e+02 
3.500e+01 ; 8.000e-01 ; 2.400e+00 ; 3.5999999e+00 ; 2.3500000e+02 
3.500e+01 ; 8.000e-01 ; 2.400e+00 ; 3.5999999e+00 ; 2.3500000e+02 
3.500e+01 ; 8.000e-01 ; 2.400e+00 ; 3.6009999e+00 ; 2.3500000e+02 
3.500e+01 ; 8.000e-01 ; 2.400e+00 ; 3.6019999e+00 ; 2.3500000e+02 
3.500e+01 ; 8.000e-01 ; 2.400e+00 ; 3.6029999e+00 ; 2.3500000e+02 
3.500e+01 ; 8.000e-01 ; 2.400e+00 ; 3.6049999e+00 ; 2.3500000e+02 
3.500e+01 ; 8.000e-01 ; 2.400e+00 ; 3.6089999e+00 ; 2.3500000e+02 
3.500e+01 ; 8.000e-01 ; 2.400e+00 ; 3.6169999e+00 ; 2.3500000e+02 
3.500e+01 ; 8.000e-01 ; 2.400e+00 ; 3.6329999e+00 ; 2.3500000e+02 
3.500e+01 ; 8.000e-01 ; 2.400e+00 ; 3.6649999e+00 ; 2.3500000e+02 
3.500e+01 ; 8.000e-01 ; 2.400e+00 ; 3.7289999e+00 ; 2.3500000e+02 
3.500e+01 ; 8.000e-01 ; 2.400e+00 ; 3.8569999e+00 ; 2.3500000e+02 
3.500e+01 ; 8.000e-01 ; 2.400e+00 ; 4.1129999e+00 ; 2.3500000e+02 
3.500e+01 ; 8.000e-01 ; 2.400e+00 ; 4.4999999e+00 ; 2.3500000e+02 
3.500e+01 ; 8.000e-01 ; 2.400e+00 ; 4.4999999e+00 ; 2.3500000e+02 
3.500e+01 ; 8.000e-01 ; 2.400e+00 ; 4.5009999e+00 ; 2.3500000e+02 
3.500e+01 ; 8.000e-01 ; 2.400e+00 ; 4.5019999e+00 ; 2.3500000e+02 
3.500e+01 ; 8.000e-01 ; 2.400e+00 ; 4.5029999e+00 ; 2.3500000e+02 
3.500e+01 ; 8.000e-01 ; 2.400e+00 ; 4.5049999e+00 ; 2.3500000e+02 
3.500e+01 ; 8.000e-01 ; 2.400e+00 ; 4.5089999e+00 ; 2.3500000e+02 
3.500e+01 ; 8.000e-01 ; 2.400e+00 ; 4.5169999e+00 ; 2.3500000e+02 
3.500e+01 ; 8.000e-01 ; 2.400e+00 ; 4.5329999e+00 ; 2.3500000e+02 
3.500e+01 ; 8.000e-01 ; 2.400e+00 ; 4.5649999e+00 ; 2.3500000e+02 
3.500e+01 ; 8.000e-01 ; 2.400e+00 ; 4.6289999e+00 ; 2.3500000e+02 
3.500e+01 ; 8.000e-01 ; 2.400e+00 ; 4.7569999e+00 ; 2.3500000e+02 
3.500e+01 ; 8.000e-01 ; 2.400e+00 ; 5.0129999e+00 ; 2.3500000e+02 
3.500e+01 ; 8.000e-01 ; 2.400e+00 ; 5.3999999e+00 ; 2.3500000e+02 
3.500e+01 ; 8.000e-01 ; 2.400e+00 ; 5.3999999e+00 ; 2.3500000e+02 
3.500e+01 ; 8.000e-01 ; 2.400e+00 ; 5.4009999e+00 ; 2.3500000e+02 
3.500e+01 ; 8.000e-01 ; 2.400e+00 ; 5.4019999e+00 ; 2.3500000e+02 
3.500e+01 ; 8.000e-01 ; 2.400e+00 ; 5.4029999e+00 ; 2.3500000e+02 
3.500e+01 ; 8.000e-01 ; 2.400e+00 ; 5.4049999e+00 ; 2.3500000e+02 
3.500e+01 ; 8.000e-01 ; 2.400e+00 ; 5.4089999e+00 ; 2.3500000e+02 
3.500e+01 ; 8.000e-01 ; 2.400e+00 ; 5.4169999e+00 ; 2.3500000e+02 
3.500e+01 ; 8.000e-01 ; 2.400e+00 ; 5.4329999e+00 ; 2.3500000e+02 
3.500e+01 ; 8.000e-01 ; 2.400e+00 ; 5.4649999e+00 ; 2.3500000e+02 
3.500e+01 ; 8.000e-01 ; 2.400e+00 ; 5.5289999e+00 ; 2.3500000e+02 
3.500e+01 ; 8.000e-01 ; 2.400e+00 ; 5.6569999e+00 ; 2.3500000e+02 
3.500e+01 ; 8.000e-01 ; 2.400e+00 ; 5.9129999e+00 ; 2.3500000e+02 
3.500e+01 ; 8.000e-01 ; 2.400e+00 ; 6.2999998e+00 ; 2.3500000e+02 
3.500e+01 ; 8.000e-01 ; 2.400e+00 ; 6.2999998e+00 ; 2.3500000e+02 
3.500e+01 ; 8.000e-01 ; 2.400e+00 ; 6.3009998e+00 ; 2.3500000e+02 
3.500e+01 ; 8.000e-01 ; 2.400e+00 ; 6.3019998e+00 ; 2.3500000e+02 
3.500e+01 ; 8.000e-01 ; 2.400e+00 ; 6.3029998e+00 ; 2.3500000e+02 
3.500e+01 ; 8.000e-01 ; 2.400e+00 ; 6.3049998e+00 ; 2.3500000e+02 
3.500e+01 ; 8.000e-01 ; 2.400e+00 ; 6.3089998e+00 ; 2.3500000e+02 
3.500e+01 ; 8.000e-01 ; 2.400e+00 ; 6.3169998e+00 ; 2.3500000e+02 
3.500e+01 ; 8.000e-01 ; 2.400e+00 ; 6.3329998e+00 ; 2.3500000e+02 
3.500e+01 ; 8.000e-01 ; 2.400e+00 ; 6.3649998e+00 ; 2.3500000e+02 
3.500e+01 ; 8.000e-01 ; 2.400e+00 ; 6.4289998e+00 ; 2.3500000e+02 
3.500e+01 ; 8.000e-01 ; 2.400e+00 ; 6.5569998e+00 ; 2.3500000e+02 
3.500e+01 ; 8.000e-01 ; 2.400e+00 ; 6.8129998e+00 ; 2.3500000e+02 
3.500e+01 ; 8.000e-01 ; 2.400e+00 ; 7.1999998e+00 ; 2.3500000e+02 
3.500e+01 ; 8.000e-01 ; 2.400e+00 ; 7.1999998e+00 ; 2.3500000e+02 
3.500e+01 ; 8.000e-01 ; 2.400e+00 ; 7.2009998e+00 ; 2.3500000e+02 
3.500e+01 ; 8.000e-01 ; 2.400e+00 ; 7.2019998e+00 ; 2.3500000e+02 
3.500e+01 ; 8.000e-01 ; 2.400e+00 ; 7.2029998e+00 ; 2.3500000e+02 
3.500e+01 ; 8.000e-01 ; 2.400e+00 ; 7.2049998e+00 ; 2.3500000e+02 
3.500e+01 ; 8.000e-01 ; 2.400e+00 ; 7.2089998e+00 ; 2.3500000e+02 
3.500e+01 ; 8.000e-01 ; 2.400e+00 ; 7.2169998e+00 ; 2.3500000e+02 
3.500e+01 ; 8.000e-01 ; 2.400e+00 ; 7.2329998e+00 ; 2.3500000e+02 
3.500e+01 ; 8.000e-01 ; 2.400e+00 ; 7.2649998e+00 ; 2.3500000e+02 
3.500e+01 ; 8.000e-01 ; 2.400e+00 ; 7.3289998e+00 ; 2.3500000e+02 
3.500e+01 ; 8.000e-01 ; 2.400e+00 ; 7.4569998e+00 ; 2.3500000e+02 
3.500e+01 ; 8.000e-01 ; 2.400e+00 ; 7.7129998e+00 ; 2.3500000e+02 
3.500e+01 ; 8.000e-01 ; 2.400e+00 ; 8.0999998e+00 ; 2.3500000e+02 
3.500e+01 ; 8.000e-01 ; 2.400e+00 ; 8.0999998e+00 ; 2.3500000e+02 
3.500e+01 ; 8.000e-01 ; 2.400e+00 ; 8.1009998e+00 ; 2.3500000e+02 
3.500e+01 ; 8.000e-01 ; 2.400e+00 ; 8.1019998e+00 ; 2.3500000e+02 
3.500e+01 ; 8.000e-01 ; 2.400e+00 ; 8.1029998e+00 ; 2.3500000e+02 
3.500e+01 ; 8.000e-01 ; 2.400e+00 ; 8.1049998e+00 ; 2.3500000e+02 
3.500e+01 ; 8.000e-01 ; 2.400e+00 ; 8.1089998e+00 ; 2.3500000e+02 
3.500e+01 ; 8.000e-01 ; 2.400e+00 ; 8.1169998e+00 ; 2.3500000e+02 
3.500e+01 ; 8.000e-01 ; 2.400e+00 ; 8.1329998e+00 ; 2.3500000e+02 
3.500e+01 ; 8.000e-01 ; 2.400e+00 ; 8.1649998e+00 ; 2.3500000e+02 
3.500e+01 ; 8.000e-01 ; 2.400e+00 ; 8.2289998e+00 ; 2.3500000e+02 
3.500e+01 ; 8.000e-01 ; 2.400e+00 ; 8.3569998e+00 ; 2.3500000e+02 
3.500e+01 ; 8.000e-01 ; 2.400e+00 ; 8.6129998e+00 ; 2.3500000e+02 
3.500e+01 ; 8.000e-01 ; 2.400e+00 ; 8.9999998e+00 ; 2.3500000e+02 
3.500e+01 ; 8.000e-01 ; 2.400e+00 ; 8.9999998e+00 ; 2.3500000e+02 
3.500e+01 ; 8.000e-01 ; 2.400e+00 ; 9.0009998e+00 ; 2.3500000e+02 
3.500e+01 ; 8.000e-01 ; 2.400e+00 ; 9.0019998e+00 ; 2.3500000e+02 
3.500e+01 ; 8.000e-01 ; 2.400e+00 ; 9.0029998e+00 ; 2.3500000e+02 
3.500e+01 ; 8.000e-01 ; 2.400e+00 ; 9.0049998e+00 ; 2.3500000e+02 
3.500e+01 ; 8.000e-01 ; 2.400e+00 ; 9.0089998e+00 ; 2.3500000e+02 
3.500e+01 ; 8.000e-01 ; 2.400e+00 ; 9.0169998e+00 ; 2.3500000e+02 
3.500e+01 ; 8.000e-01 ; 2.400e+00 ; 9.0329998e+00 ; 2.3500000e+02 
3.500e+01 ; 8.000e-01 ; 2.400e+00 ; 9.0649998e+00 ; 2.3500000e+02 
3.500e+01 ; 8.000e-01 ; 2.400e+00 ; 9.1289998e+00 ; 2.3500000e+02 
3.500e+01 ; 8.000e-01 ; 2.400e+00 ; 9.2569998e+00 ; 2.3500000e+02 
3.500e+01 ; 8.000e-01 ; 2.400e+00 ; 9.5129998e+00 ; 2.3500000e+02 
3.500e+01 ; 8.000e-01 ; 2.400e+00 ; 9.8999997e+00 ; 2.3500000e+02 
3.500e+01 ; 8.000e-01 ; 2.400e+00 ; 9.8999997e+00 ; 2.3500000e+02 
3.500e+01 ; 8.000e-01 ; 2.400e+00 ; 9.9009997e+00 ; 2.3500000e+02 
3.500e+01 ; 8.000e-01 ; 2.400e+00 ; 9.9019997e+00 ; 2.3500000e+02 
3.500e+01 ; 8.000e-01 ; 2.400e+00 ; 9.9029997e+00 ; 2.3500000e+02 
3.500e+01 ; 8.000e-01 ; 2.400e+00 ; 9.9049997e+00 ; 2.3500000e+02 
3.500e+01 ; 8.000e-01 ; 2.400e+00 ; 9.9089997e+00 ; 2.3500000e+02 
3.500e+01 ; 8.000e-01 ; 2.400e+00 ; 9.9169997e+00 ; 2.3500000e+02 
3.500e+01 ; 8.000e-01 ; 2.400e+00 ; 9.9329997e+00 ; 2.3500000e+02 
3.500e+01 ; 8.000e-01 ; 2.400e+00 ; 9.9649997e+00 ; 2.3500000e+02 
3.500e+01 ; 8.000e-01 ; 2.400e+00 ; 1.0029000e+01 ; 2.3500000e+02 
3.500e+01 ; 8.000e-01 ; 2.400e+00 ; 1.0157000e+01 ; 2.3500000e+02 
3.500e+01 ; 8.000e-01 ; 2.400e+00 ; 1.0413000e+01 ; 2.3500000e+02 
3.500e+01 ; 8.000e-01 ; 2.400e+00 ; 1.0800000e+01 ; 2.3500000e+02 
3.500e+01 ; 8.000e-01 ; 2.400e+00 ; 1.0800000e+01 ; 2.3500000e+02 
3.500e+01 ; 8.000e-01 ; 2.400e+00 ; 1.0801000e+01 ; 2.3500000e+02 
3.500e+01 ; 8.000e-01 ; 2.400e+00 ; 1.0802000e+01 ; 2.3500000e+02 
3.500e+01 ; 8.000e-01 ; 2.400e+00 ; 1.0803000e+01 ; 2.3500000e+02 
3.500e+01 ; 8.000e-01 ; 2.400e+00 ; 1.0805000e+01 ; 2.3500000e+02 
3.500e+01 ; 8.000e-01 ; 2.400e+00 ; 1.0809000e+01 ; 2.3500000e+02 
3.500e+01 ; 8.000e-01 ; 2.400e+00 ; 1.0817000e+01 ; 2.3500000e+02 
3.500e+01 ; 8.000e-01 ; 2.400e+00 ; 1.0833000e+01 ; 2.3500000e+02 
3.500e+01 ; 8.000e-01 ; 2.400e+00 ; 1.0865000e+01 ; 2.3500000e+02 
3.500e+01 ; 8.000e-01 ; 2.400e+00 ; 1.0929000e+01 ; 2.3500000e+02 
3.500e+01 ; 8.000e-01 ; 2.400e+00 ; 1.1057000e+01 ; 2.3500000e+02 
3.500e+01 ; 8.000e-01 ; 2.400e+00 ; 1.1313000e+01 ; 2.3500000e+02 
3.500e+01 ; 8.000e-01 ; 2.400e+00 ; 1.1700000e+01 ; 2.3500000e+02 
3.500e+01 ; 8.000e-01 ; 2.400e+00 ; 1.1700000e+01 ; 2.3500000e+02 
3.500e+01 ; 8.000e-01 ; 2.400e+00 ; 1.1701000e+01 ; 2.3500000e+02 
3.500e+01 ; 8.000e-01 ; 2.400e+00 ; 1.1702000e+01 ; 2.3500000e+02 
3.500e+01 ; 8.000e-01 ; 2.400e+00 ; 1.1703000e+01 ; 2.3500000e+02 
3.500e+01 ; 8.000e-01 ; 2.400e+00 ; 1.1705000e+01 ; 2.3500000e+02 
3.500e+01 ; 8.000e-01 ; 2.400e+00 ; 1.1709000e+01 ; 2.3500000e+02 
3.500e+01 ; 8.000e-01 ; 2.400e+00 ; 1.1717000e+01 ; 2.3500000e+02 
3.500e+01 ; 8.000e-01 ; 2.400e+00 ; 1.1733000e+01 ; 2.3500000e+02 
3.500e+01 ; 8.000e-01 ; 2.400e+00 ; 1.1765000e+01 ; 2.3500000e+02 
3.500e+01 ; 8.000e-01 ; 2.400e+00 ; 1.1829000e+01 ; 2.3500000e+02 
3.500e+01 ; 8.000e-01 ; 2.400e+00 ; 1.1957000e+01 ; 2.3500000e+02 
3.500e+01 ; 8.000e-01 ; 2.400e+00 ; 1.2213000e+01 ; 2.3500000e+02 
3.500e+01 ; 8.000e-01 ; 2.400e+00 ; 1.2600000e+01 ; 2.3500000e+02 
3.500e+01 ; 8.000e-01 ; 2.400e+00 ; 1.2600000e+01 ; 2.3500000e+02 
3.500e+01 ; 8.000e-01 ; 2.400e+00 ; 1.2601000e+01 ; 2.3500000e+02 
3.500e+01 ; 8.000e-01 ; 2.400e+00 ; 1.2602000e+01 ; 2.3500000e+02 
3.500e+01 ; 8.000e-01 ; 2.400e+00 ; 1.2603000e+01 ; 2.3500000e+02 
3.500e+01 ; 8.000e-01 ; 2.400e+00 ; 1.2605000e+01 ; 2.3500000e+02 
3.500e+01 ; 8.000e-01 ; 2.400e+00 ; 1.2609000e+01 ; 2.3500000e+02 
3.500e+01 ; 8.000e-01 ; 2.400e+00 ; 1.2617000e+01 ; 2.3500000e+02 
3.500e+01 ; 8.000e-01 ; 2.400e+00 ; 1.2633000e+01 ; 2.3500000e+02 
3.500e+01 ; 8.000e-01 ; 2.400e+00 ; 1.2665000e+01 ; 2.3500000e+02 
3.500e+01 ; 8.000e-01 ; 2.400e+00 ; 1.2729000e+01 ; 2.3500000e+02 
3.500e+01 ; 8.000e-01 ; 2.400e+00 ; 1.2857000e+01 ; 2.3500000e+02 
3.500e+01 ; 8.000e-01 ; 2.400e+00 ; 1.3113000e+01 ; 2.3500000e+02 
3.500e+01 ; 8.000e-01 ; 2.400e+00 ; 1.3500000e+01 ; 2.3500000e+02 
3.500e+01 ; 8.000e-01 ; 2.400e+00 ; 1.3500000e+01 ; 2.3500000e+02 
3.500e+01 ; 8.000e-01 ; 2.400e+00 ; 1.3501000e+01 ; 2.3500000e+02 
3.500e+01 ; 8.000e-01 ; 2.400e+00 ; 1.3502000e+01 ; 2.3500000e+02 
3.500e+01 ; 8.000e-01 ; 2.400e+00 ; 1.3503000e+01 ; 2.3500000e+02 
3.500e+01 ; 8.000e-01 ; 2.400e+00 ; 1.3505000e+01 ; 2.3500000e+02 
3.500e+01 ; 8.000e-01 ; 2.400e+00 ; 1.3509000e+01 ; 2.3500000e+02 
3.500e+01 ; 8.000e-01 ; 2.400e+00 ; 1.3517000e+01 ; 2.3500000e+02 
3.500e+01 ; 8.000e-01 ; 2.400e+00 ; 1.3533000e+01 ; 2.3500000e+02 
3.500e+01 ; 8.000e-01 ; 2.400e+00 ; 1.3565000e+01 ; 2.3500000e+02 
3.500e+01 ; 8.000e-01 ; 2.400e+00 ; 1.3629000e+01 ; 2.3500000e+02 
3.500e+01 ; 8.000e-01 ; 2.400e+00 ; 1.3757000e+01 ; 2.3500000e+02 
3.500e+01 ; 8.000e-01 ; 2.400e+00 ; 1.4013000e+01 ; 2.3500000e+02 
3.500e+01 ; 8.000e-01 ; 2.400e+00 ; 1.4400000e+01 ; 2.3500000e+02 
3.500e+01 ; 8.000e-01 ; 2.400e+00 ; 1.4400000e+01 ; 2.3500000e+02 
3.500e+01 ; 8.000e-01 ; 2.400e+00 ; 1.4401000e+01 ; 2.3500000e+02 
3.500e+01 ; 8.000e-01 ; 2.400e+00 ; 1.4402000e+01 ; 2.3500000e+02 
3.500e+01 ; 8.000e-01 ; 2.400e+00 ; 1.4403000e+01 ; 2.3500000e+02 
3.500e+01 ; 8.000e-01 ; 2.400e+00 ; 1.4405000e+01 ; 2.3500000e+02 
3.500e+01 ; 8.000e-01 ; 2.400e+00 ; 1.4409000e+01 ; 2.3500000e+02 
3.500e+01 ; 8.000e-01 ; 2.400e+00 ; 1.4417000e+01 ; 2.3500000e+02 
3.500e+01 ; 8.000e-01 ; 2.400e+00 ; 1.4433000e+01 ; 2.3500000e+02 
3.500e+01 ; 8.000e-01 ; 2.400e+00 ; 1.4465000e+01 ; 2.3500000e+02 
3.500e+01 ; 8.000e-01 ; 2.400e+00 ; 1.4529000e+01 ; 2.3500000e+02 
3.500e+01 ; 8.000e-01 ; 2.400e+00 ; 1.4657000e+01 ; 2.3500000e+02 
3.500e+01 ; 8.000e-01 ; 2.400e+00 ; 1.4913000e+01 ; 2.3500000e+02 
3.500e+01 ; 8.000e-01 ; 2.400e+00 ; 1.5300000e+01 ; 2.3500000e+02 
3.500e+01 ; 8.000e-01 ; 2.400e+00 ; 1.5300000e+01 ; 2.3500000e+02 
3.500e+01 ; 8.000e-01 ; 2.400e+00 ; 1.5301000e+01 ; 2.3500000e+02 
3.500e+01 ; 8.000e-01 ; 2.400e+00 ; 1.5302000e+01 ; 2.3500000e+02 
3.500e+01 ; 8.000e-01 ; 2.400e+00 ; 1.5303000e+01 ; 2.3500000e+02 
3.500e+01 ; 8.000e-01 ; 2.400e+00 ; 1.5305000e+01 ; 2.3500000e+02 
3.500e+01 ; 8.000e-01 ; 2.400e+00 ; 1.5309000e+01 ; 2.3500000e+02 
3.500e+01 ; 8.000e-01 ; 2.400e+00 ; 1.5317000e+01 ; 2.3500000e+02 
3.500e+01 ; 8.000e-01 ; 2.400e+00 ; 1.5333000e+01 ; 2.3500000e+02 
3.500e+01 ; 8.000e-01 ; 2.400e+00 ; 1.5365000e+01 ; 2.3500000e+02 
3.500e+01 ; 8.000e-01 ; 2.400e+00 ; 1.5429000e+01 ; 2.3500000e+02 
3.500e+01 ; 8.000e-01 ; 2.400e+00 ; 1.5557000e+01 ; 2.3500000e+02 
3.500e+01 ; 8.000e-01 ; 2.400e+00 ; 1.5813000e+01 ; 2.3500000e+02 
3.500e+01 ; 8.000e-01 ; 2.400e+00 ; 1.6200000e+01 ; 2.3500000e+02 
3.500e+01 ; 8.000e-01 ; 2.400e+00 ; 1.6200000e+01 ; 2.3500000e+02 
3.500e+01 ; 8.000e-01 ; 2.400e+00 ; 1.6201000e+01 ; 2.3500000e+02 
3.500e+01 ; 8.000e-01 ; 2.400e+00 ; 1.6202000e+01 ; 2.3500000e+02 
3.500e+01 ; 8.000e-01 ; 2.400e+00 ; 1.6203000e+01 ; 2.3500000e+02 
3.500e+01 ; 8.000e-01 ; 2.400e+00 ; 1.6205000e+01 ; 2.3500000e+02 
3.500e+01 ; 8.000e-01 ; 2.400e+00 ; 1.6209000e+01 ; 2.3500000e+02 
3.500e+01 ; 8.000e-01 ; 2.400e+00 ; 1.6217000e+01 ; 2.3500000e+02 
3.500e+01 ; 8.000e-01 ; 2.400e+00 ; 1.6233000e+01 ; 2.3500000e+02 
3.500e+01 ; 8.000e-01 ; 2.400e+00 ; 1.6265000e+01 ; 2.3500000e+02 
3.500e+01 ; 8.000e-01 ; 2.400e+00 ; 1.6329000e+01 ; 2.3500000e+02 
3.500e+01 ; 8.000e-01 ; 2.400e+00 ; 1.6457000e+01 ; 2.3500000e+02 
3.500e+01 ; 8.000e-01 ; 2.400e+00 ; 1.6713000e+01 ; 2.3500000e+02 
3.500e+01 ; 8.000e-01 ; 2.400e+00 ; 1.7100000e+01 ; 2.3500000e+02 
3.500e+01 ; 8.000e-01 ; 2.400e+00 ; 1.7100000e+01 ; 2.3500000e+02 
3.500e+01 ; 8.000e-01 ; 2.400e+00 ; 1.7101000e+01 ; 2.3500000e+02 
3.500e+01 ; 8.000e-01 ; 2.400e+00 ; 1.7102000e+01 ; 2.3500000e+02 
3.500e+01 ; 8.000e-01 ; 2.400e+00 ; 1.7103000e+01 ; 2.3500000e+02 
3.500e+01 ; 8.000e-01 ; 2.400e+00 ; 1.7105000e+01 ; 2.3500000e+02 
3.500e+01 ; 8.000e-01 ; 2.400e+00 ; 1.7109000e+01 ; 2.3500000e+02 
3.500e+01 ; 8.000e-01 ; 2.400e+00 ; 1.7117000e+01 ; 2.3500000e+02 
3.500e+01 ; 8.000e-01 ; 2.400e+00 ; 1.7133000e+01 ; 2.3500000e+02 
3.500e+01 ; 8.000e-01 ; 2.400e+00 ; 1.7165000e+01 ; 2.3500000e+02 
3.500e+01 ; 8.000e-01 ; 2.400e+00 ; 1.7229000e+01 ; 2.3500000e+02 
3.500e+01 ; 8.000e-01 ; 2.400e+00 ; 1.7357000e+01 ; 2.3500000e+02 
3.500e+01 ; 8.000e-01 ; 2.400e+00 ; 1.7613000e+01 ; 2.3500000e+02 
3.500e+01 ; 8.000e-01 ; 2.400e+00 ; 1.8000000e+01 ; 2.3500000e+02 
3.500e+01 ; 8.000e-01 ; 2.400e+00 ; 1.8000000e+01 ; 2.3500000e+02 
3.500e+01 ; 8.000e-01 ; 2.400e+00 ; 1.8001000e+01 ; 2.3500000e+02 
3.500e+01 ; 8.000e-01 ; 2.400e+00 ; 1.8002000e+01 ; 2.3500000e+02 
3.500e+01 ; 8.000e-01 ; 2.400e+00 ; 1.8003000e+01 ; 2.3500000e+02 
3.500e+01 ; 8.000e-01 ; 2.400e+00 ; 1.8005000e+01 ; 2.3500000e+02 
3.500e+01 ; 8.000e-01 ; 2.400e+00 ; 1.8009000e+01 ; 2.3500000e+02 
3.500e+01 ; 8.000e-01 ; 2.400e+00 ; 1.8017000e+01 ; 2.3500000e+02 
3.500e+01 ; 8.000e-01 ; 2.400e+00 ; 1.8033000e+01 ; 2.3500000e+02 
3.500e+01 ; 8.000e-01 ; 2.400e+00 ; 1.8065000e+01 ; 2.3500000e+02 
3.500e+01 ; 8.000e-01 ; 2.400e+00 ; 1.8129000e+01 ; 2.3500000e+02 
3.500e+01 ; 8.000e-01 ; 2.400e+00 ; 1.8257000e+01 ; 2.3500000e+02 
3.500e+01 ; 8.000e-01 ; 2.400e+00 ; 1.8513000e+01 ; 2.3500000e+02 
3.500e+01 ; 8.000e-01 ; 2.400e+00 ; 1.8899999e+01 ; 2.3500000e+02 
3.500e+01 ; 8.000e-01 ; 2.400e+00 ; 1.8899999e+01 ; 2.3500000e+02 
3.500e+01 ; 8.000e-01 ; 2.400e+00 ; 1.8900999e+01 ; 2.3500000e+02 
3.500e+01 ; 8.000e-01 ; 2.400e+00 ; 1.8901999e+01 ; 2.3500000e+02 
3.500e+01 ; 8.000e-01 ; 2.400e+00 ; 1.8902999e+01 ; 2.3500000e+02 
3.500e+01 ; 8.000e-01 ; 2.400e+00 ; 1.8904999e+01 ; 2.3500000e+02 
3.500e+01 ; 8.000e-01 ; 2.400e+00 ; 1.8908999e+01 ; 2.3500000e+02 
3.500e+01 ; 8.000e-01 ; 2.400e+00 ; 1.8917000e+01 ; 2.3500000e+02 
3.500e+01 ; 8.000e-01 ; 2.400e+00 ; 1.8932999e+01 ; 2.3500000e+02 
3.500e+01 ; 8.000e-01 ; 2.400e+00 ; 1.8964999e+01 ; 2.3500000e+02 
3.500e+01 ; 8.000e-01 ; 2.400e+00 ; 1.9028999e+01 ; 2.3500000e+02 
3.500e+01 ; 8.000e-01 ; 2.400e+00 ; 1.9156999e+01 ; 2.3500000e+02 
3.500e+01 ; 8.000e-01 ; 2.400e+00 ; 1.9413000e+01 ; 2.3500000e+02 
3.500e+01 ; 8.000e-01 ; 2.400e+00 ; 1.9799999e+01 ; 2.3500000e+02 
3.500e+01 ; 8.000e-01 ; 2.400e+00 ; 1.9799999e+01 ; 2.3500000e+02 
3.500e+01 ; 8.000e-01 ; 2.400e+00 ; 1.9800999e+01 ; 2.3500000e+02 
3.500e+01 ; 8.000e-01 ; 2.400e+00 ; 1.9801999e+01 ; 2.3500000e+02 
3.500e+01 ; 8.000e-01 ; 2.400e+00 ; 1.9802999e+01 ; 2.3500000e+02 
3.500e+01 ; 8.000e-01 ; 2.400e+00 ; 1.9804999e+01 ; 2.3500000e+02 
3.500e+01 ; 8.000e-01 ; 2.400e+00 ; 1.9808999e+01 ; 2.3500000e+02 
3.500e+01 ; 8.000e-01 ; 2.400e+00 ; 1.9816999e+01 ; 2.3500000e+02 
3.500e+01 ; 8.000e-01 ; 2.400e+00 ; 1.9832999e+01 ; 2.3500000e+02 
3.500e+01 ; 8.000e-01 ; 2.400e+00 ; 1.9864999e+01 ; 2.3500000e+02 
3.500e+01 ; 8.000e-01 ; 2.400e+00 ; 1.9928999e+01 ; 2.3500000e+02 
3.500e+01 ; 8.000e-01 ; 2.400e+00 ; 2.0056999e+01 ; 2.3500000e+02 
3.500e+01 ; 8.000e-01 ; 2.400e+00 ; 2.0312999e+01 ; 2.3500000e+02 
3.500e+01 ; 8.000e-01 ; 2.400e+00 ; 2.0699999e+01 ; 2.3500000e+02 
3.500e+01 ; 8.000e-01 ; 2.400e+00 ; 2.0699999e+01 ; 2.3500000e+02 
3.500e+01 ; 8.000e-01 ; 2.400e+00 ; 2.0700999e+01 ; 2.3500000e+02 
3.500e+01 ; 8.000e-01 ; 2.400e+00 ; 2.0701999e+01 ; 2.3500000e+02 
3.500e+01 ; 8.000e-01 ; 2.400e+00 ; 2.0702999e+01 ; 2.3500000e+02 
3.500e+01 ; 8.000e-01 ; 2.400e+00 ; 2.0704999e+01 ; 2.3500000e+02 
3.500e+01 ; 8.000e-01 ; 2.400e+00 ; 2.0708999e+01 ; 2.3500000e+02 
3.500e+01 ; 8.000e-01 ; 2.400e+00 ; 2.0716999e+01 ; 2.3500000e+02 
3.500e+01 ; 8.000e-01 ; 2.400e+00 ; 2.0732999e+01 ; 2.3500000e+02 
3.500e+01 ; 8.000e-01 ; 2.400e+00 ; 2.0764999e+01 ; 2.3500000e+02 
3.500e+01 ; 8.000e-01 ; 2.400e+00 ; 2.0828999e+01 ; 2.3500000e+02 
3.500e+01 ; 8.000e-01 ; 2.400e+00 ; 2.0956999e+01 ; 2.3500000e+02 
3.500e+01 ; 8.000e-01 ; 2.400e+00 ; 2.1212999e+01 ; 2.3500000e+02 
3.500e+01 ; 8.000e-01 ; 2.400e+00 ; 2.1599999e+01 ; 2.3500000e+02 
3.500e+01 ; 8.000e-01 ; 2.400e+00 ; 2.1599999e+01 ; 2.3500000e+02 
3.500e+01 ; 8.000e-01 ; 2.400e+00 ; 2.1600999e+01 ; 2.3500000e+02 
3.500e+01 ; 8.000e-01 ; 2.400e+00 ; 2.1601999e+01 ; 2.3500000e+02 
3.500e+01 ; 8.000e-01 ; 2.400e+00 ; 2.1602999e+01 ; 2.3500000e+02 
3.500e+01 ; 8.000e-01 ; 2.400e+00 ; 2.1604999e+01 ; 2.3500000e+02 
3.500e+01 ; 8.000e-01 ; 2.400e+00 ; 2.1608999e+01 ; 2.3500000e+02 
3.500e+01 ; 8.000e-01 ; 2.400e+00 ; 2.1616999e+01 ; 2.3500000e+02 
3.500e+01 ; 8.000e-01 ; 2.400e+00 ; 2.1632999e+01 ; 2.3500000e+02 
3.500e+01 ; 8.000e-01 ; 2.400e+00 ; 2.1664999e+01 ; 2.3500000e+02 
3.500e+01 ; 8.000e-01 ; 2.400e+00 ; 2.1728999e+01 ; 2.3500000e+02 
3.500e+01 ; 8.000e-01 ; 2.400e+00 ; 2.1856999e+01 ; 2.3500000e+02 
3.500e+01 ; 8.000e-01 ; 2.400e+00 ; 2.2112999e+01 ; 2.3500000e+02 
3.500e+01 ; 8.000e-01 ; 2.400e+00 ; 2.2499999e+01 ; 2.3500000e+02 
3.500e+01 ; 8.000e-01 ; 2.400e+00 ; 2.2499999e+01 ; 2.3500000e+02 
3.500e+01 ; 8.000e-01 ; 2.400e+00 ; 2.2500999e+01 ; 2.3500000e+02 
3.500e+01 ; 8.000e-01 ; 2.400e+00 ; 2.2501999e+01 ; 2.3500000e+02 
3.500e+01 ; 8.000e-01 ; 2.400e+00 ; 2.2502999e+01 ; 2.3500000e+02 
3.500e+01 ; 8.000e-01 ; 2.400e+00 ; 2.2504999e+01 ; 2.3500000e+02 
3.500e+01 ; 8.000e-01 ; 2.400e+00 ; 2.2508999e+01 ; 2.3500000e+02 
3.500e+01 ; 8.000e-01 ; 2.400e+00 ; 2.2516999e+01 ; 2.3500000e+02 
3.500e+01 ; 8.000e-01 ; 2.400e+00 ; 2.2532999e+01 ; 2.3500000e+02 
3.500e+01 ; 8.000e-01 ; 2.400e+00 ; 2.2564999e+01 ; 2.3500000e+02 
3.500e+01 ; 8.000e-01 ; 2.400e+00 ; 2.2628999e+01 ; 2.3500000e+02 
3.500e+01 ; 8.000e-01 ; 2.400e+00 ; 2.2756999e+01 ; 2.3500000e+02 
3.500e+01 ; 8.000e-01 ; 2.400e+00 ; 2.3012999e+01 ; 2.3500000e+02 
3.500e+01 ; 8.000e-01 ; 2.400e+00 ; 2.3399999e+01 ; 2.3500000e+02 
3.500e+01 ; 8.000e-01 ; 2.400e+00 ; 2.3399999e+01 ; 2.3500000e+02 
3.500e+01 ; 8.000e-01 ; 2.400e+00 ; 2.3400999e+01 ; 2.3500000e+02 
3.500e+01 ; 8.000e-01 ; 2.400e+00 ; 2.3401999e+01 ; 2.3500000e+02 
3.500e+01 ; 8.000e-01 ; 2.400e+00 ; 2.3402999e+01 ; 2.3500000e+02 
3.500e+01 ; 8.000e-01 ; 2.400e+00 ; 2.3404999e+01 ; 2.3500000e+02 
3.500e+01 ; 8.000e-01 ; 2.400e+00 ; 2.3408999e+01 ; 2.3500000e+02 
3.500e+01 ; 8.000e-01 ; 2.400e+00 ; 2.3416999e+01 ; 2.3500000e+02 
3.500e+01 ; 8.000e-01 ; 2.400e+00 ; 2.3432999e+01 ; 2.3500000e+02 
3.500e+01 ; 8.000e-01 ; 2.400e+00 ; 2.3464999e+01 ; 2.3500000e+02 
3.500e+01 ; 8.000e-01 ; 2.400e+00 ; 2.3528999e+01 ; 2.3500000e+02 
3.500e+01 ; 8.000e-01 ; 2.400e+00 ; 2.3656999e+01 ; 2.3500000e+02 
3.500e+01 ; 8.000e-01 ; 2.400e+00 ; 2.3912999e+01 ; 2.3500000e+02 
3.500e+01 ; 8.000e-01 ; 2.400e+00 ; 2.4299999e+01 ; 2.3500000e+02 
3.500e+01 ; 8.000e-01 ; 2.400e+00 ; 2.4299999e+01 ; 2.3500000e+02 
3.500e+01 ; 8.000e-01 ; 2.400e+00 ; 2.4300999e+01 ; 2.3500000e+02 
3.500e+01 ; 8.000e-01 ; 2.400e+00 ; 2.4301999e+01 ; 2.3500000e+02 
3.500e+01 ; 8.000e-01 ; 2.400e+00 ; 2.4302999e+01 ; 2.3500000e+02 
3.500e+01 ; 8.000e-01 ; 2.400e+00 ; 2.4304999e+01 ; 2.3500000e+02 
3.500e+01 ; 8.000e-01 ; 2.400e+00 ; 2.4308999e+01 ; 2.3500000e+02 
3.500e+01 ; 8.000e-01 ; 2.400e+00 ; 2.4316999e+01 ; 2.3500000e+02 
3.500e+01 ; 8.000e-01 ; 2.400e+00 ; 2.4332999e+01 ; 2.3500000e+02 
3.500e+01 ; 8.000e-01 ; 2.400e+00 ; 2.4364999e+01 ; 2.3500000e+02 
3.500e+01 ; 8.000e-01 ; 2.400e+00 ; 2.4428999e+01 ; 2.3500000e+02 
3.500e+01 ; 8.000e-01 ; 2.400e+00 ; 2.4556999e+01 ; 2.3500000e+02 
3.500e+01 ; 8.000e-01 ; 2.400e+00 ; 2.4812999e+01 ; 2.3500000e+02 
3.500e+01 ; 8.000e-01 ; 2.400e+00 ; 2.5199999e+01 ; 2.3500000e+02 
3.500e+01 ; 8.000e-01 ; 2.400e+00 ; 2.5199999e+01 ; 2.3500000e+02 
3.500e+01 ; 8.000e-01 ; 2.400e+00 ; 2.5200999e+01 ; 2.3500000e+02 
3.500e+01 ; 8.000e-01 ; 2.400e+00 ; 2.5201999e+01 ; 2.3500000e+02 
3.500e+01 ; 8.000e-01 ; 2.400e+00 ; 2.5202999e+01 ; 2.3500000e+02 
3.500e+01 ; 8.000e-01 ; 2.400e+00 ; 2.5204999e+01 ; 2.3500000e+02 
3.500e+01 ; 8.000e-01 ; 2.400e+00 ; 2.5208999e+01 ; 2.3500000e+02 
3.500e+01 ; 8.000e-01 ; 2.400e+00 ; 2.5216999e+01 ; 2.3500000e+02 
3.500e+01 ; 8.000e-01 ; 2.400e+00 ; 2.5232999e+01 ; 2.3500000e+02 
3.500e+01 ; 8.000e-01 ; 2.400e+00 ; 2.5264999e+01 ; 2.3500000e+02 
3.500e+01 ; 8.000e-01 ; 2.400e+00 ; 2.5328999e+01 ; 2.3500000e+02 
3.500e+01 ; 8.000e-01 ; 2.400e+00 ; 2.5456999e+01 ; 2.3500000e+02 
3.500e+01 ; 8.000e-01 ; 2.400e+00 ; 2.5712999e+01 ; 2.3500000e+02 
3.500e+01 ; 8.000e-01 ; 2.400e+00 ; 2.6099999e+01 ; 2.3500000e+02 
3.500e+01 ; 8.000e-01 ; 2.400e+00 ; 2.6099999e+01 ; 2.3500000e+02 
3.500e+01 ; 8.000e-01 ; 2.400e+00 ; 2.6100999e+01 ; 2.3500000e+02 
3.500e+01 ; 8.000e-01 ; 2.400e+00 ; 2.6101999e+01 ; 2.3500000e+02 
3.500e+01 ; 8.000e-01 ; 2.400e+00 ; 2.6102999e+01 ; 2.3500000e+02 
3.500e+01 ; 8.000e-01 ; 2.400e+00 ; 2.6104999e+01 ; 2.3500000e+02 
3.500e+01 ; 8.000e-01 ; 2.400e+00 ; 2.6108999e+01 ; 2.3500000e+02 
3.500e+01 ; 8.000e-01 ; 2.400e+00 ; 2.6116999e+01 ; 2.3500000e+02 
3.500e+01 ; 8.000e-01 ; 2.400e+00 ; 2.6132999e+01 ; 2.3500000e+02 
3.500e+01 ; 8.000e-01 ; 2.400e+00 ; 2.6164999e+01 ; 2.3500000e+02 
3.500e+01 ; 8.000e-01 ; 2.400e+00 ; 2.6228999e+01 ; 2.3500000e+02 
3.500e+01 ; 8.000e-01 ; 2.400e+00 ; 2.6356999e+01 ; 2.3500000e+02 
3.500e+01 ; 8.000e-01 ; 2.400e+00 ; 2.6612999e+01 ; 2.3500000e+02 
3.500e+01 ; 8.000e-01 ; 2.400e+00 ; 2.6999999e+01 ; 2.3500000e+02 
3.500e+01 ; 8.000e-01 ; 2.400e+00 ; 2.6999999e+01 ; 2.3500000e+02 
3.500e+01 ; 8.000e-01 ; 2.400e+00 ; 2.7000999e+01 ; 2.3500000e+02 
3.500e+01 ; 8.000e-01 ; 2.400e+00 ; 2.7001999e+01 ; 2.3500000e+02 
3.500e+01 ; 8.000e-01 ; 2.400e+00 ; 2.7002999e+01 ; 2.3500000e+02 
3.500e+01 ; 8.000e-01 ; 2.400e+00 ; 2.7004999e+01 ; 2.3500000e+02 
3.500e+01 ; 8.000e-01 ; 2.400e+00 ; 2.7008999e+01 ; 2.3500000e+02 
3.500e+01 ; 8.000e-01 ; 2.400e+00 ; 2.7016999e+01 ; 2.3500000e+02 
3.500e+01 ; 8.000e-01 ; 2.400e+00 ; 2.7032999e+01 ; 2.3500000e+02 
3.500e+01 ; 8.000e-01 ; 2.400e+00 ; 2.7064999e+01 ; 2.3500000e+02 
3.500e+01 ; 8.000e-01 ; 2.400e+00 ; 2.7128999e+01 ; 2.3500000e+02 
3.500e+01 ; 8.000e-01 ; 2.400e+00 ; 2.7256999e+01 ; 2.3500000e+02 
3.500e+01 ; 8.000e-01 ; 2.400e+00 ; 2.7512999e+01 ; 2.3500000e+02 
3.500e+01 ; 8.000e-01 ; 2.400e+00 ; 2.7899999e+01 ; 2.3500000e+02 
3.500e+01 ; 8.000e-01 ; 2.400e+00 ; 2.7899999e+01 ; 2.3500000e+02 
3.500e+01 ; 8.000e-01 ; 2.400e+00 ; 2.7900999e+01 ; 2.3500000e+02 
3.500e+01 ; 8.000e-01 ; 2.400e+00 ; 2.7901999e+01 ; 2.3500000e+02 
3.500e+01 ; 8.000e-01 ; 2.400e+00 ; 2.7902999e+01 ; 2.3500000e+02 
3.500e+01 ; 8.000e-01 ; 2.400e+00 ; 2.7904999e+01 ; 2.3500000e+02 
3.500e+01 ; 8.000e-01 ; 2.400e+00 ; 2.7908999e+01 ; 2.3500000e+02 
3.500e+01 ; 8.000e-01 ; 2.400e+00 ; 2.7916999e+01 ; 2.3500000e+02 
3.500e+01 ; 8.000e-01 ; 2.400e+00 ; 2.7932999e+01 ; 2.3500000e+02 
3.500e+01 ; 8.000e-01 ; 2.400e+00 ; 2.7964999e+01 ; 2.3500000e+02 
3.500e+01 ; 8.000e-01 ; 2.400e+00 ; 2.8028999e+01 ; 2.3500000e+02 
3.500e+01 ; 8.000e-01 ; 2.400e+00 ; 2.8156999e+01 ; 2.3500000e+02 
3.500e+01 ; 8.000e-01 ; 2.400e+00 ; 2.8412999e+01 ; 2.3500000e+02 
3.500e+01 ; 8.000e-01 ; 2.400e+00 ; 2.8799999e+01 ; 2.3500000e+02 
3.500e+01 ; 8.000e-01 ; 2.400e+00 ; 2.8799999e+01 ; 2.3500000e+02 
3.500e+01 ; 8.000e-01 ; 2.400e+00 ; 2.8800999e+01 ; 2.3500000e+02 
3.500e+01 ; 8.000e-01 ; 2.400e+00 ; 2.8801999e+01 ; 2.3500000e+02 
3.500e+01 ; 8.000e-01 ; 2.400e+00 ; 2.8802999e+01 ; 2.3500000e+02 
3.500e+01 ; 8.000e-01 ; 2.400e+00 ; 2.8804999e+01 ; 2.3500000e+02 
3.500e+01 ; 8.000e-01 ; 2.400e+00 ; 2.8808999e+01 ; 2.3500000e+02 
3.500e+01 ; 8.000e-01 ; 2.400e+00 ; 2.8816999e+01 ; 2.3500000e+02 
3.500e+01 ; 8.000e-01 ; 2.400e+00 ; 2.8832999e+01 ; 2.3500000e+02 
3.500e+01 ; 8.000e-01 ; 2.400e+00 ; 2.8864999e+01 ; 2.3500000e+02 
3.500e+01 ; 8.000e-01 ; 2.400e+00 ; 2.8928999e+01 ; 2.3500000e+02 
3.500e+01 ; 8.000e-01 ; 2.400e+00 ; 2.9056999e+01 ; 2.3500000e+02 
3.500e+01 ; 8.000e-01 ; 2.400e+00 ; 2.9312999e+01 ; 2.3500000e+02 
3.500e+01 ; 8.000e-01 ; 2.400e+00 ; 2.9699999e+01 ; 2.3500000e+02 
3.500e+01 ; 8.000e-01 ; 2.400e+00 ; 2.9699999e+01 ; 2.3500000e+02 
3.500e+01 ; 8.000e-01 ; 2.400e+00 ; 2.9700999e+01 ; 2.3500000e+02 
3.500e+01 ; 8.000e-01 ; 2.400e+00 ; 2.9701999e+01 ; 2.3500000e+02 
3.500e+01 ; 8.000e-01 ; 2.400e+00 ; 2.9702999e+01 ; 2.3500000e+02 
3.500e+01 ; 8.000e-01 ; 2.400e+00 ; 2.9704999e+01 ; 2.3500000e+02 
3.500e+01 ; 8.000e-01 ; 2.400e+00 ; 2.9708999e+01 ; 2.3500000e+02 
3.500e+01 ; 8.000e-01 ; 2.400e+00 ; 2.9716999e+01 ; 2.3500000e+02 
3.500e+01 ; 8.000e-01 ; 2.400e+00 ; 2.9732999e+01 ; 2.3500000e+02 
3.500e+01 ; 8.000e-01 ; 2.400e+00 ; 2.9764999e+01 ; 2.3500000e+02 
3.500e+01 ; 8.000e-01 ; 2.400e+00 ; 2.9828999e+01 ; 2.3500000e+02 
3.500e+01 ; 8.000e-01 ; 2.400e+00 ; 2.9956999e+01 ; 2.3500000e+02 
3.500e+01 ; 8.000e-01 ; 2.400e+00 ; 3.0212999e+01 ; 2.3500000e+02 
3.500e+01 ; 8.000e-01 ; 2.400e+00 ; 3.0599999e+01 ; 2.3500000e+02 
3.500e+01 ; 8.000e-01 ; 2.400e+00 ; 3.0599999e+01 ; 2.3500000e+02 
3.500e+01 ; 8.000e-01 ; 2.400e+00 ; 3.0600999e+01 ; 2.3500000e+02 
3.500e+01 ; 8.000e-01 ; 2.400e+00 ; 3.0601999e+01 ; 2.3500000e+02 
3.500e+01 ; 8.000e-01 ; 2.400e+00 ; 3.0602999e+01 ; 2.3500000e+02 
3.500e+01 ; 8.000e-01 ; 2.400e+00 ; 3.0604999e+01 ; 2.3500000e+02 
3.500e+01 ; 8.000e-01 ; 2.400e+00 ; 3.0608999e+01 ; 2.3500000e+02 
3.500e+01 ; 8.000e-01 ; 2.400e+00 ; 3.0616999e+01 ; 2.3500000e+02 
3.500e+01 ; 8.000e-01 ; 2.400e+00 ; 3.0632999e+01 ; 2.3500000e+02 
3.500e+01 ; 8.000e-01 ; 2.400e+00 ; 3.0664999e+01 ; 2.3500000e+02 
3.500e+01 ; 8.000e-01 ; 2.400e+00 ; 3.0728999e+01 ; 2.3500000e+02 
3.500e+01 ; 8.000e-01 ; 2.400e+00 ; 3.0856999e+01 ; 2.3500000e+02 
3.500e+01 ; 8.000e-01 ; 2.400e+00 ; 3.1112999e+01 ; 2.3500000e+02 
3.500e+01 ; 8.000e-01 ; 2.400e+00 ; 3.1499999e+01 ; 2.3500000e+02 
3.500e+01 ; 8.000e-01 ; 2.400e+00 ; 3.1499999e+01 ; 2.3500000e+02 
3.500e+01 ; 8.000e-01 ; 2.400e+00 ; 3.1500999e+01 ; 2.3500000e+02 
3.500e+01 ; 8.000e-01 ; 2.400e+00 ; 3.1501999e+01 ; 2.3500000e+02 
3.500e+01 ; 8.000e-01 ; 2.400e+00 ; 3.1502999e+01 ; 2.3500000e+02 
3.500e+01 ; 8.000e-01 ; 2.400e+00 ; 3.1504999e+01 ; 2.3500000e+02 
3.500e+01 ; 8.000e-01 ; 2.400e+00 ; 3.1508999e+01 ; 2.3500000e+02 
3.500e+01 ; 8.000e-01 ; 2.400e+00 ; 3.1516999e+01 ; 2.3500000e+02 
3.500e+01 ; 8.000e-01 ; 2.400e+00 ; 3.1532999e+01 ; 2.3500000e+02 
3.500e+01 ; 8.000e-01 ; 2.400e+00 ; 3.1564999e+01 ; 2.3500000e+02 
3.500e+01 ; 8.000e-01 ; 2.400e+00 ; 3.1628999e+01 ; 2.3500000e+02 
3.500e+01 ; 8.000e-01 ; 2.400e+00 ; 3.1756999e+01 ; 2.3500000e+02 
3.500e+01 ; 8.000e-01 ; 2.400e+00 ; 3.2012999e+01 ; 2.3500000e+02 
3.500e+01 ; 8.000e-01 ; 2.400e+00 ; 3.2399999e+01 ; 2.3500000e+02 
3.500e+01 ; 8.000e-01 ; 2.400e+00 ; 3.2399999e+01 ; 2.3500000e+02 
3.500e+01 ; 8.000e-01 ; 2.400e+00 ; 3.2400999e+01 ; 2.3500000e+02 
3.500e+01 ; 8.000e-01 ; 2.400e+00 ; 3.2401999e+01 ; 2.3500000e+02 
3.500e+01 ; 8.000e-01 ; 2.400e+00 ; 3.2402999e+01 ; 2.3500000e+02 
3.500e+01 ; 8.000e-01 ; 2.400e+00 ; 3.2404999e+01 ; 2.3500000e+02 
3.500e+01 ; 8.000e-01 ; 2.400e+00 ; 3.2408999e+01 ; 2.3500000e+02 
3.500e+01 ; 8.000e-01 ; 2.400e+00 ; 3.2416999e+01 ; 2.3500000e+02 
3.500e+01 ; 8.000e-01 ; 2.400e+00 ; 3.2432999e+01 ; 2.3500000e+02 
3.500e+01 ; 8.000e-01 ; 2.400e+00 ; 3.2464999e+01 ; 2.3500000e+02 
3.500e+01 ; 8.000e-01 ; 2.400e+00 ; 3.2528999e+01 ; 2.3500000e+02 
3.500e+01 ; 8.000e-01 ; 2.400e+00 ; 3.2656999e+01 ; 2.3500000e+02 
3.500e+01 ; 8.000e-01 ; 2.400e+00 ; 3.2912999e+01 ; 2.3500000e+02 
3.500e+01 ; 8.000e-01 ; 2.400e+00 ; 3.3299999e+01 ; 2.3500000e+02 
3.500e+01 ; 8.000e-01 ; 2.400e+00 ; 3.3299999e+01 ; 2.3500000e+02 
3.500e+01 ; 8.000e-01 ; 2.400e+00 ; 3.3300999e+01 ; 2.3500000e+02 
3.500e+01 ; 8.000e-01 ; 2.400e+00 ; 3.3301999e+01 ; 2.3500000e+02 
3.500e+01 ; 8.000e-01 ; 2.400e+00 ; 3.3302999e+01 ; 2.3500000e+02 
3.500e+01 ; 8.000e-01 ; 2.400e+00 ; 3.3304999e+01 ; 2.3500000e+02 
3.500e+01 ; 8.000e-01 ; 2.400e+00 ; 3.3308999e+01 ; 2.3500000e+02 
3.500e+01 ; 8.000e-01 ; 2.400e+00 ; 3.3316999e+01 ; 2.3500000e+02 
3.500e+01 ; 8.000e-01 ; 2.400e+00 ; 3.3332999e+01 ; 2.3500000e+02 
3.500e+01 ; 8.000e-01 ; 2.400e+00 ; 3.3364999e+01 ; 2.3500000e+02 
3.500e+01 ; 8.000e-01 ; 2.400e+00 ; 3.3428999e+01 ; 2.3500000e+02 
3.500e+01 ; 8.000e-01 ; 2.400e+00 ; 3.3556999e+01 ; 2.3500000e+02 
3.500e+01 ; 8.000e-01 ; 2.400e+00 ; 3.3812999e+01 ; 2.3500000e+02 
3.500e+01 ; 8.000e-01 ; 2.400e+00 ; 3.4199999e+01 ; 2.3500000e+02 
3.500e+01 ; 8.000e-01 ; 2.400e+00 ; 3.4199999e+01 ; 2.3500000e+02 
3.500e+01 ; 8.000e-01 ; 2.400e+00 ; 3.4200999e+01 ; 2.3500000e+02 
3.500e+01 ; 8.000e-01 ; 2.400e+00 ; 3.4201999e+01 ; 2.3500000e+02 
3.500e+01 ; 8.000e-01 ; 2.400e+00 ; 3.4202999e+01 ; 2.3500000e+02 
3.500e+01 ; 8.000e-01 ; 2.400e+00 ; 3.4204999e+01 ; 2.3500000e+02 
3.500e+01 ; 8.000e-01 ; 2.400e+00 ; 3.4208999e+01 ; 2.3500000e+02 
3.500e+01 ; 8.000e-01 ; 2.400e+00 ; 3.4216999e+01 ; 2.3500000e+02 
3.500e+01 ; 8.000e-01 ; 2.400e+00 ; 3.4232999e+01 ; 2.3500000e+02 
3.500e+01 ; 8.000e-01 ; 2.400e+00 ; 3.4264999e+01 ; 2.3500000e+02 
3.500e+01 ; 8.000e-01 ; 2.400e+00 ; 3.4328999e+01 ; 2.3500000e+02 
3.500e+01 ; 8.000e-01 ; 2.400e+00 ; 3.4456999e+01 ; 2.3500000e+02 
3.500e+01 ; 8.000e-01 ; 2.400e+00 ; 3.4712999e+01 ; 2.3500000e+02 
3.500e+01 ; 8.000e-01 ; 2.400e+00 ; 3.5099999e+01 ; 2.3500000e+02 
3.500e+01 ; 8.000e-01 ; 2.400e+00 ; 3.5099999e+01 ; 2.3500000e+02 
3.500e+01 ; 8.000e-01 ; 2.400e+00 ; 3.5100999e+01 ; 2.3500000e+02 
3.500e+01 ; 8.000e-01 ; 2.400e+00 ; 3.5101999e+01 ; 2.3500000e+02 
3.500e+01 ; 8.000e-01 ; 2.400e+00 ; 3.5102999e+01 ; 2.3500000e+02 
3.500e+01 ; 8.000e-01 ; 2.400e+00 ; 3.5104999e+01 ; 2.3500000e+02 
3.500e+01 ; 8.000e-01 ; 2.400e+00 ; 3.5108999e+01 ; 2.3500000e+02 
3.500e+01 ; 8.000e-01 ; 2.400e+00 ; 3.5116999e+01 ; 2.3500000e+02 
3.500e+01 ; 8.000e-01 ; 2.400e+00 ; 3.5132999e+01 ; 2.3500000e+02 
3.500e+01 ; 8.000e-01 ; 2.400e+00 ; 3.5164999e+01 ; 2.3500000e+02 
3.500e+01 ; 8.000e-01 ; 2.400e+00 ; 3.5228999e+01 ; 2.3500000e+02 
3.500e+01 ; 8.000e-01 ; 2.400e+00 ; 3.5356999e+01 ; 2.3500000e+02 
3.500e+01 ; 8.000e-01 ; 2.400e+00 ; 3.5612999e+01 ; 2.3500000e+02 
3.500e+01 ; 8.000e-01 ; 2.400e+00 ; 3.5999999e+01 ; 2.3500000e+02 
3.500e+01 ; 8.000e-01 ; 2.400e+00 ; 3.5999999e+01 ; 2.3500000e+02 
3.500e+01 ; 8.000e-01 ; 2.400e+00 ; 3.6000999e+01 ; 2.3500000e+02 
3.500e+01 ; 8.000e-01 ; 2.400e+00 ; 3.6001999e+01 ; 2.3500000e+02 
3.500e+01 ; 8.000e-01 ; 2.400e+00 ; 3.6002999e+01 ; 2.3500000e+02 
3.500e+01 ; 8.000e-01 ; 2.400e+00 ; 3.6004999e+01 ; 2.3500000e+02 
3.500e+01 ; 8.000e-01 ; 2.400e+00 ; 3.6008999e+01 ; 2.3500000e+02 
3.500e+01 ; 8.000e-01 ; 2.400e+00 ; 3.6016999e+01 ; 2.3500000e+02 
3.500e+01 ; 8.000e-01 ; 2.400e+00 ; 3.6032999e+01 ; 2.3500000e+02 
3.500e+01 ; 8.000e-01 ; 2.400e+00 ; 3.6064999e+01 ; 2.3500000e+02 
3.500e+01 ; 8.000e-01 ; 2.400e+00 ; 3.6128999e+01 ; 2.3500000e+02 
3.500e+01 ; 8.000e-01 ; 2.400e+00 ; 3.6256999e+01 ; 2.3500000e+02 
3.500e+01 ; 8.000e-01 ; 2.400e+00 ; 3.6512999e+01 ; 2.3500000e+02 
3.500e+01 ; 8.000e-01 ; 2.400e+00 ; 3.6899999e+01 ; 2.3500000e+02 
3.500e+01 ; 8.000e-01 ; 2.400e+00 ; 3.6899999e+01 ; 2.3500000e+02 
3.500e+01 ; 8.000e-01 ; 2.400e+00 ; 3.6900999e+01 ; 2.3500000e+02 
3.500e+01 ; 8.000e-01 ; 2.400e+00 ; 3.6901999e+01 ; 2.3500000e+02 
3.500e+01 ; 8.000e-01 ; 2.400e+00 ; 3.6902999e+01 ; 2.3500000e+02 
3.500e+01 ; 8.000e-01 ; 2.400e+00 ; 3.6904999e+01 ; 2.3500000e+02 
3.500e+01 ; 8.000e-01 ; 2.400e+00 ; 3.6908999e+01 ; 2.3500000e+02 
3.500e+01 ; 8.000e-01 ; 2.400e+00 ; 3.6916999e+01 ; 2.3500000e+02 
3.500e+01 ; 8.000e-01 ; 2.400e+00 ; 3.6932999e+01 ; 2.3500000e+02 
3.500e+01 ; 8.000e-01 ; 2.400e+00 ; 3.6964999e+01 ; 2.3500000e+02 
3.500e+01 ; 8.000e-01 ; 2.400e+00 ; 3.7028999e+01 ; 2.3500000e+02 
3.500e+01 ; 8.000e-01 ; 2.400e+00 ; 3.7156999e+01 ; 2.3500000e+02 
3.500e+01 ; 8.000e-01 ; 2.400e+00 ; 3.7412999e+01 ; 2.3500000e+02 
3.500e+01 ; 8.000e-01 ; 2.400e+00 ; 3.7799999e+01 ; 2.3500000e+02 
3.500e+01 ; 8.000e-01 ; 2.400e+00 ; 3.7799999e+01 ; 2.3500000e+02 
3.500e+01 ; 8.000e-01 ; 2.400e+00 ; 3.7800999e+01 ; 2.3500000e+02 
3.500e+01 ; 8.000e-01 ; 2.400e+00 ; 3.7801999e+01 ; 2.3500000e+02 
3.500e+01 ; 8.000e-01 ; 2.400e+00 ; 3.7802999e+01 ; 2.3500000e+02 
3.500e+01 ; 8.000e-01 ; 2.400e+00 ; 3.7804999e+01 ; 2.3500000e+02 
3.500e+01 ; 8.000e-01 ; 2.400e+00 ; 3.7808999e+01 ; 2.3500000e+02 
3.500e+01 ; 8.000e-01 ; 2.400e+00 ; 3.7816999e+01 ; 2.3500000e+02 
3.500e+01 ; 8.000e-01 ; 2.400e+00 ; 3.7832999e+01 ; 2.3500000e+02 
3.500e+01 ; 8.000e-01 ; 2.400e+00 ; 3.7864999e+01 ; 2.3500000e+02 
3.500e+01 ; 8.000e-01 ; 2.400e+00 ; 3.7928999e+01 ; 2.3500000e+02 
3.500e+01 ; 8.000e-01 ; 2.400e+00 ; 3.8056999e+01 ; 2.3500000e+02 
3.500e+01 ; 8.000e-01 ; 2.400e+00 ; 3.8312999e+01 ; 2.3500000e+02 
3.500e+01 ; 8.000e-01 ; 2.400e+00 ; 3.8699999e+01 ; 2.3500000e+02 
3.500e+01 ; 8.000e-01 ; 2.400e+00 ; 3.8699999e+01 ; 2.3500000e+02 
3.500e+01 ; 8.000e-01 ; 2.400e+00 ; 3.8700999e+01 ; 2.3500000e+02 
3.500e+01 ; 8.000e-01 ; 2.400e+00 ; 3.8701999e+01 ; 2.3500000e+02 
3.500e+01 ; 8.000e-01 ; 2.400e+00 ; 3.8702999e+01 ; 2.3500000e+02 
3.500e+01 ; 8.000e-01 ; 2.400e+00 ; 3.8704999e+01 ; 2.3500000e+02 
3.500e+01 ; 8.000e-01 ; 2.400e+00 ; 3.8708999e+01 ; 2.3500000e+02 
3.500e+01 ; 8.000e-01 ; 2.400e+00 ; 3.8716999e+01 ; 2.3500000e+02 
3.500e+01 ; 8.000e-01 ; 2.400e+00 ; 3.8732999e+01 ; 2.3500000e+02 
3.500e+01 ; 8.000e-01 ; 2.400e+00 ; 3.8764999e+01 ; 2.3500000e+02 
3.500e+01 ; 8.000e-01 ; 2.400e+00 ; 3.8828999e+01 ; 2.3500000e+02 
3.500e+01 ; 8.000e-01 ; 2.400e+00 ; 3.8956999e+01 ; 2.3500000e+02 
3.500e+01 ; 8.000e-01 ; 2.400e+00 ; 3.9212999e+01 ; 2.3500000e+02 
3.500e+01 ; 8.000e-01 ; 2.400e+00 ; 3.9599999e+01 ; 2.3500000e+02 
3.500e+01 ; 8.000e-01 ; 2.400e+00 ; 3.9599999e+01 ; 2.3500000e+02 
3.500e+01 ; 8.000e-01 ; 2.400e+00 ; 3.9600999e+01 ; 2.3500000e+02 
3.500e+01 ; 8.000e-01 ; 2.400e+00 ; 3.9601999e+01 ; 2.3500000e+02 
3.500e+01 ; 8.000e-01 ; 2.400e+00 ; 3.9602999e+01 ; 2.3500000e+02 
3.500e+01 ; 8.000e-01 ; 2.400e+00 ; 3.9604999e+01 ; 2.3500000e+02 
3.500e+01 ; 8.000e-01 ; 2.400e+00 ; 3.9608999e+01 ; 2.3500000e+02 
3.500e+01 ; 8.000e-01 ; 2.400e+00 ; 3.9616999e+01 ; 2.3500000e+02 
3.500e+01 ; 8.000e-01 ; 2.400e+00 ; 3.9632999e+01 ; 2.3500000e+02 
3.500e+01 ; 8.000e-01 ; 2.400e+00 ; 3.9664999e+01 ; 2.3500000e+02 
3.500e+01 ; 8.000e-01 ; 2.400e+00 ; 3.9728999e+01 ; 2.3500000e+02 
3.500e+01 ; 8.000e-01 ; 2.400e+00 ; 3.9856999e+01 ; 2.3500000e+02 
3.500e+01 ; 8.000e-01 ; 2.400e+00 ; 4.0112999e+01 ; 2.3500000e+02 
3.500e+01 ; 8.000e-01 ; 2.400e+00 ; 4.0499999e+01 ; 2.3500000e+02 
3.500e+01 ; 8.000e-01 ; 2.400e+00 ; 4.0499999e+01 ; 2.3500000e+02 
3.500e+01 ; 8.000e-01 ; 2.400e+00 ; 4.0500999e+01 ; 2.3500000e+02 
3.500e+01 ; 8.000e-01 ; 2.400e+00 ; 4.0501999e+01 ; 2.3500000e+02 
3.500e+01 ; 8.000e-01 ; 2.400e+00 ; 4.0502999e+01 ; 2.3500000e+02 
3.500e+01 ; 8.000e-01 ; 2.400e+00 ; 4.0504999e+01 ; 2.3500000e+02 
3.500e+01 ; 8.000e-01 ; 2.400e+00 ; 4.0508999e+01 ; 2.3500000e+02 
3.500e+01 ; 8.000e-01 ; 2.400e+00 ; 4.0516999e+01 ; 2.3500000e+02 
3.500e+01 ; 8.000e-01 ; 2.400e+00 ; 4.0532999e+01 ; 2.3500000e+02 
3.500e+01 ; 8.000e-01 ; 2.400e+00 ; 4.0564999e+01 ; 2.3500000e+02 
3.500e+01 ; 8.000e-01 ; 2.400e+00 ; 4.0628999e+01 ; 2.3500000e+02 
3.500e+01 ; 8.000e-01 ; 2.400e+00 ; 4.0756999e+01 ; 2.3500000e+02 
3.500e+01 ; 8.000e-01 ; 2.400e+00 ; 4.1012999e+01 ; 2.3500000e+02 
3.500e+01 ; 8.000e-01 ; 2.400e+00 ; 4.1399999e+01 ; 2.3500000e+02 
3.500e+01 ; 8.000e-01 ; 2.400e+00 ; 4.1399999e+01 ; 2.3500000e+02 
3.500e+01 ; 8.000e-01 ; 2.400e+00 ; 4.1400999e+01 ; 2.3485237e+02 
3.500e+01 ; 8.000e-01 ; 2.400e+00 ; 4.1401999e+01 ; 2.3470486e+02 
3.500e+01 ; 8.000e-01 ; 2.400e+00 ; 4.1402999e+01 ; 2.3455751e+02 
3.500e+01 ; 8.000e-01 ; 2.400e+00 ; 4.1404999e+01 ; 2.3426334e+02 
3.500e+01 ; 8.000e-01 ; 2.400e+00 ; 4.1408999e+01 ; 2.3367717e+02 
3.500e+01 ; 8.000e-01 ; 2.400e+00 ; 4.1416999e+01 ; 2.3251357e+02 
3.500e+01 ; 8.000e-01 ; 2.400e+00 ; 4.1432999e+01 ; 2.3022083e+02 
3.500e+01 ; 8.000e-01 ; 2.400e+00 ; 4.1464999e+01 ; 2.2577032e+02 
3.500e+01 ; 8.000e-01 ; 2.400e+00 ; 4.1528999e+01 ; 2.1738525e+02 
3.500e+01 ; 8.000e-01 ; 2.400e+00 ; 4.1656999e+01 ; 2.0248849e+02 
3.500e+01 ; 8.000e-01 ; 2.400e+00 ; 4.1912999e+01 ; 1.7880342e+02 
3.500e+01 ; 8.000e-01 ; 2.400e+00 ; 4.2299999e+01 ; 1.5311673e+02 
3.500e+01 ; 8.000e-01 ; 2.400e+00 ; 4.2299999e+01 ; 1.5311673e+02 
3.500e+01 ; 8.000e-01 ; 2.400e+00 ; 4.2300999e+01 ; 1.5305040e+02 
3.500e+01 ; 8.000e-01 ; 2.400e+00 ; 4.2301999e+01 ; 1.5298415e+02 
3.500e+01 ; 8.000e-01 ; 2.400e+00 ; 4.2302999e+01 ; 1.5291795e+02 
3.500e+01 ; 8.000e-01 ; 2.400e+00 ; 4.2304999e+01 ; 1.5278581e+02 
3.500e+01 ; 8.000e-01 ; 2.400e+00 ; 4.2308999e+01 ; 1.5252258e+02 
3.500e+01 ; 8.000e-01 ; 2.400e+00 ; 4.2316999e+01 ; 1.5200015e+02 
3.500e+01 ; 8.000e-01 ; 2.400e+00 ; 4.2332999e+01 ; 1.5097127e+02 
3.500e+01 ; 8.000e-01 ; 2.400e+00 ; 4.2364999e+01 ; 1.4897517e+02 
3.500e+01 ; 8.000e-01 ; 2.400e+00 ; 4.2428999e+01 ; 1.4521408e+02 
3.500e+01 ; 8.000e-01 ; 2.400e+00 ; 4.2556999e+01 ; 1.3850996e+02 
3.500e+01 ; 8.000e-01 ; 2.400e+00 ; 4.2812999e+01 ; 1.2772138e+02 
3.500e+01 ; 8.000e-01 ; 2.400e+00 ; 4.3199999e+01 ; 1.1577517e+02 
3.500e+01 ; 8.000e-01 ; 2.400e+00 ; 4.3199999e+01 ; 1.1577517e+02 
3.500e+01 ; 8.000e-01 ; 2.400e+00 ; 4.3200999e+01 ; 1.1574432e+02 
3.500e+01 ; 8.000e-01 ; 2.400e+00 ; 4.3201999e+01 ; 1.1571352e+02 
3.500e+01 ; 8.000e-01 ; 2.400e+00 ; 4.3202999e+01 ; 1.1568274e+02 
3.500e+01 ; 8.000e-01 ; 2.400e+00 ; 4.3204999e+01 ; 1.1562131e+02 
3.500e+01 ; 8.000e-01 ; 2.400e+00 ; 4.3208999e+01 ; 1.1549894e+02 
3.500e+01 ; 8.000e-01 ; 2.400e+00 ; 4.3216999e+01 ; 1.1525616e+02 
3.500e+01 ; 8.000e-01 ; 2.400e+00 ; 4.3232999e+01 ; 1.1477831e+02 
3.500e+01 ; 8.000e-01 ; 2.400e+00 ; 4.3264999e+01 ; 1.1385242e+02 
3.500e+01 ; 8.000e-01 ; 2.400e+00 ; 4.3328999e+01 ; 1.1211230e+02 
3.500e+01 ; 8.000e-01 ; 2.400e+00 ; 4.3456999e+01 ; 1.0902491e+02 
3.500e+01 ; 8.000e-01 ; 2.400e+00 ; 4.3712999e+01 ; 1.0408060e+02 
3.500e+01 ; 8.000e-01 ; 2.400e+00 ; 4.4099999e+01 ; 9.8579582e+01 
3.500e+01 ; 8.000e-01 ; 2.400e+00 ; 4.4099999e+01 ; 9.8579582e+01 
3.500e+01 ; 8.000e-01 ; 2.400e+00 ; 4.4100999e+01 ; 9.8565384e+01 
3.500e+01 ; 8.000e-01 ; 2.400e+00 ; 4.4101999e+01 ; 9.8551193e+01 
3.500e+01 ; 8.000e-01 ; 2.400e+00 ; 4.4102999e+01 ; 9.8537018e+01 
3.500e+01 ; 8.000e-01 ; 2.400e+00 ; 4.4104999e+01 ; 9.8508720e+01 
3.500e+01 ; 8.000e-01 ; 2.400e+00 ; 4.4108999e+01 ; 9.8452332e+01 
3.500e+01 ; 8.000e-01 ; 2.400e+00 ; 4.4116999e+01 ; 9.8340378e+01 
3.500e+01 ; 8.000e-01 ; 2.400e+00 ; 4.4132999e+01 ; 9.8119713e+01 
3.500e+01 ; 8.000e-01 ; 2.400e+00 ; 4.4164999e+01 ; 9.7690887e+01 
3.500e+01 ; 8.000e-01 ; 2.400e+00 ; 4.4228999e+01 ; 9.6879715e+01 
3.500e+01 ; 8.000e-01 ; 2.400e+00 ; 4.4356999e+01 ; 9.5419319e+01 
3.500e+01 ; 8.000e-01 ; 2.400e+00 ; 4.4612999e+01 ; 9.3001396e+01 
3.500e+01 ; 8.000e-01 ; 2.400e+00 ; 4.4999999e+01 ; 9.0158028e+01 
3.500e+01 ; 8.000e-01 ; 2.400e+00 ; 4.4999999e+01 ; 9.0158028e+01 
3.500e+01 ; 8.000e-01 ; 2.400e+00 ; 4.5000999e+01 ; 9.0150688e+01 
3.500e+01 ; 8.000e-01 ; 2.400e+00 ; 4.5001999e+01 ; 9.0143349e+01 
3.500e+01 ; 8.000e-01 ; 2.400e+00 ; 4.5002999e+01 ; 9.0136024e+01 
3.500e+01 ; 8.000e-01 ; 2.400e+00 ; 4.5004999e+01 ; 9.0121384e+01 
3.500e+01 ; 8.000e-01 ; 2.400e+00 ; 4.5008999e+01 ; 9.0092186e+01 
3.500e+01 ; 8.000e-01 ; 2.400e+00 ; 4.5016999e+01 ; 9.0034134e+01 
3.500e+01 ; 8.000e-01 ; 2.400e+00 ; 4.5032999e+01 ; 8.9919373e+01 
3.500e+01 ; 8.000e-01 ; 2.400e+00 ; 4.5064999e+01 ; 8.9695038e+01 
3.500e+01 ; 8.000e-01 ; 2.400e+00 ; 4.5128999e+01 ; 8.9265778e+01 
3.500e+01 ; 8.000e-01 ; 2.400e+00 ; 4.5256999e+01 ; 8.8475937e+01 
3.500e+01 ; 8.000e-01 ; 2.400e+00 ; 4.5512999e+01 ; 8.7115776e+01 
3.500e+01 ; 8.000e-01 ; 2.400e+00 ; 4.5899999e+01 ; 8.5429802e+01 
3.500e+01 ; 8.000e-01 ; 2.400e+00 ; 4.5899999e+01 ; 8.5429802e+01 
3.500e+01 ; 8.000e-01 ; 2.400e+00 ; 4.5900999e+01 ; 8.5425446e+01 
3.500e+01 ; 8.000e-01 ; 2.400e+00 ; 4.5901999e+01 ; 8.5421097e+01 
3.500e+01 ; 8.000e-01 ; 2.400e+00 ; 4.5902999e+01 ; 8.5416748e+01 
3.500e+01 ; 8.000e-01 ; 2.400e+00 ; 4.5904999e+01 ; 8.5408058e+01 
3.500e+01 ; 8.000e-01 ; 2.400e+00 ; 4.5908999e+01 ; 8.5390724e+01 
3.500e+01 ; 8.000e-01 ; 2.400e+00 ; 4.5916999e+01 ; 8.5356201e+01 
3.500e+01 ; 8.000e-01 ; 2.400e+00 ; 4.5932999e+01 ; 8.5287773e+01 
3.500e+01 ; 8.000e-01 ; 2.400e+00 ; 4.5964999e+01 ; 8.5153313e+01 
3.500e+01 ; 8.000e-01 ; 2.400e+00 ; 4.6028999e+01 ; 8.4893417e+01 
3.500e+01 ; 8.000e-01 ; 2.400e+00 ; 4.6156999e+01 ; 8.4406158e+01 
3.500e+01 ; 8.000e-01 ; 2.400e+00 ; 4.6412999e+01 ; 8.3539261e+01 
3.500e+01 ; 8.000e-01 ; 2.400e+00 ; 4.6799999e+01 ; 8.2419098e+01 
3.500e+01 ; 8.000e-01 ; 2.400e+00 ; 4.6799999e+01 ; 8.2419098e+01 
3.500e+01 ; 8.000e-01 ; 2.400e+00 ; 4.6800999e+01 ; 8.2416206e+01 
3.500e+01 ; 8.000e-01 ; 2.400e+00 ; 4.6801999e+01 ; 8.2413315e+01 
3.500e+01 ; 8.000e-01 ; 2.400e+00 ; 4.6802999e+01 ; 8.2410423e+01 
3.500e+01 ; 8.000e-01 ; 2.400e+00 ; 4.6804999e+01 ; 8.2404648e+01 
3.500e+01 ; 8.000e-01 ; 2.400e+00 ; 4.6808999e+01 ; 8.2393112e+01 
3.500e+01 ; 8.000e-01 ; 2.400e+00 ; 4.6816999e+01 ; 8.2370132e+01 
3.500e+01 ; 8.000e-01 ; 2.400e+00 ; 4.6832999e+01 ; 8.2324478e+01 
3.500e+01 ; 8.000e-01 ; 2.400e+00 ; 4.6864999e+01 ; 8.2234413e+01 
3.500e+01 ; 8.000e-01 ; 2.400e+00 ; 4.6928999e+01 ; 8.2059029e+01 
3.500e+01 ; 8.000e-01 ; 2.400e+00 ; 4.7056999e+01 ; 8.1725632e+01 
3.500e+01 ; 8.000e-01 ; 2.400e+00 ; 4.7312999e+01 ; 8.1118263e+01 
3.500e+01 ; 8.000e-01 ; 2.400e+00 ; 4.7699999e+01 ; 8.0309807e+01 
3.500e+01 ; 8.000e-01 ; 2.400e+00 ; 4.7699999e+01 ; 8.0309807e+01 
3.500e+01 ; 8.000e-01 ; 2.400e+00 ; 4.7700999e+01 ; 8.0307716e+01 
3.500e+01 ; 8.000e-01 ; 2.400e+00 ; 4.7701999e+01 ; 8.0305634e+01 
3.500e+01 ; 8.000e-01 ; 2.400e+00 ; 4.7702999e+01 ; 8.0303543e+01 
3.500e+01 ; 8.000e-01 ; 2.400e+00 ; 4.7704999e+01 ; 8.0299370e+01 
3.500e+01 ; 8.000e-01 ; 2.400e+00 ; 4.7708999e+01 ; 8.0291046e+01 
3.500e+01 ; 8.000e-01 ; 2.400e+00 ; 4.7716999e+01 ; 8.0274429e+01 
3.500e+01 ; 8.000e-01 ; 2.400e+00 ; 4.7732999e+01 ; 8.0241386e+01 
3.500e+01 ; 8.000e-01 ; 2.400e+00 ; 4.7764999e+01 ; 8.0176025e+01 
3.500e+01 ; 8.000e-01 ; 2.400e+00 ; 4.7828999e+01 ; 8.0048073e+01 
3.500e+01 ; 8.000e-01 ; 2.400e+00 ; 4.7956999e+01 ; 7.9802521e+01 
3.500e+01 ; 8.000e-01 ; 2.400e+00 ; 4.8212999e+01 ; 7.9347763e+01 
3.500e+01 ; 8.000e-01 ; 2.400e+00 ; 4.8599999e+01 ; 7.8729729e+01 
3.500e+01 ; 8.000e-01 ; 2.400e+00 ; 4.8599999e+01 ; 7.8729729e+01 
3.500e+01 ; 8.000e-01 ; 2.400e+00 ; 4.8600999e+01 ; 7.8728134e+01 
3.500e+01 ; 8.000e-01 ; 2.400e+00 ; 4.8601999e+01 ; 7.8726532e+01 
3.500e+01 ; 8.000e-01 ; 2.400e+00 ; 4.8602999e+01 ; 7.8724937e+01 
3.500e+01 ; 8.000e-01 ; 2.400e+00 ; 4.8604999e+01 ; 7.8721748e+01 
3.500e+01 ; 8.000e-01 ; 2.400e+00 ; 4.8608999e+01 ; 7.8715378e+01 
3.500e+01 ; 8.000e-01 ; 2.400e+00 ; 4.8616999e+01 ; 7.8702667e+01 
3.500e+01 ; 8.000e-01 ; 2.400e+00 ; 4.8632999e+01 ; 7.8677353e+01 
3.500e+01 ; 8.000e-01 ; 2.400e+00 ; 4.8664999e+01 ; 7.8627197e+01 
3.500e+01 ; 8.000e-01 ; 2.400e+00 ; 4.8728999e+01 ; 7.8528656e+01 
3.500e+01 ; 8.000e-01 ; 2.400e+00 ; 4.8856999e+01 ; 7.8338287e+01 
3.500e+01 ; 8.000e-01 ; 2.400e+00 ; 4.9112999e+01 ; 7.7981598e+01 
3.500e+01 ; 8.000e-01 ; 2.400e+00 ; 4.9499999e+01 ; 7.7489449e+01 
3.500e+01 ; 8.000e-01 ; 2.400e+00 ; 4.9499999e+01 ; 7.7489449e+01 
3.500e+01 ; 8.000e-01 ; 2.400e+00 ; 4.9500999e+01 ; 7.7488182e+01 
3.500e+01 ; 8.000e-01 ; 2.400e+00 ; 4.9501999e+01 ; 7.7486908e+01 
3.500e+01 ; 8.000e-01 ; 2.400e+00 ; 4.9502999e+01 ; 7.7485634e+01 
3.500e+01 ; 8.000e-01 ; 2.400e+00 ; 4.9504999e+01 ; 7.7483093e+01 
3.500e+01 ; 8.000e-01 ; 2.400e+00 ; 4.9508999e+01 ; 7.7478020e+01 
3.500e+01 ; 8.000e-01 ; 2.400e+00 ; 4.9516999e+01 ; 7.7467888e+01 
3.500e+01 ; 8.000e-01 ; 2.400e+00 ; 4.9532999e+01 ; 7.7447708e+01 
3.500e+01 ; 8.000e-01 ; 2.400e+00 ; 4.9564999e+01 ; 7.7407654e+01 
3.500e+01 ; 8.000e-01 ; 2.400e+00 ; 4.9628999e+01 ; 7.7328773e+01 
3.500e+01 ; 8.000e-01 ; 2.400e+00 ; 4.9756999e+01 ; 7.7175629e+01 
3.500e+01 ; 8.000e-01 ; 2.400e+00 ; 5.0012999e+01 ; 7.6886177e+01 
3.500e+01 ; 8.000e-01 ; 2.400e+00 ; 5.0399999e+01 ; 7.6482170e+01 
3.500e+01 ; 8.000e-01 ; 2.400e+00 ; 5.0399999e+01 ; 7.6482170e+01 
3.500e+01 ; 8.000e-01 ; 2.400e+00 ; 5.0400999e+01 ; 7.6481125e+01 
3.500e+01 ; 8.000e-01 ; 2.400e+00 ; 5.0401999e+01 ; 7.6480087e+01 
3.500e+01 ; 8.000e-01 ; 2.400e+00 ; 5.0402999e+01 ; 7.6479042e+01 
3.500e+01 ; 8.000e-01 ; 2.400e+00 ; 5.0404999e+01 ; 7.6476952e+01 
3.500e+01 ; 8.000e-01 ; 2.400e+00 ; 5.0408999e+01 ; 7.6472786e+01 
3.500e+01 ; 8.000e-01 ; 2.400e+00 ; 5.0416999e+01 ; 7.6464462e+01 
3.500e+01 ; 8.000e-01 ; 2.400e+00 ; 5.0432999e+01 ; 7.6447876e+01 
3.500e+01 ; 8.000e-01 ; 2.400e+00 ; 5.0464999e+01 ; 7.6414932e+01 
3.500e+01 ; 8.000e-01 ; 2.400e+00 ; 5.0528999e+01 ; 7.6349915e+01 
3.500e+01 ; 8.000e-01 ; 2.400e+00 ; 5.0656999e+01 ; 7.6223213e+01 
3.500e+01 ; 8.000e-01 ; 2.400e+00 ; 5.0912999e+01 ; 7.5982101e+01 
3.500e+01 ; 8.000e-01 ; 2.400e+00 ; 5.1299999e+01 ; 7.5642448e+01 
3.500e+01 ; 8.000e-01 ; 2.400e+00 ; 5.1299999e+01 ; 7.5642448e+01 
3.500e+01 ; 8.000e-01 ; 2.400e+00 ; 5.1300999e+01 ; 7.5641571e+01 
3.500e+01 ; 8.000e-01 ; 2.400e+00 ; 5.1301999e+01 ; 7.5640694e+01 
3.500e+01 ; 8.000e-01 ; 2.400e+00 ; 5.1302999e+01 ; 7.5639816e+01 
3.500e+01 ; 8.000e-01 ; 2.400e+00 ; 5.1304999e+01 ; 7.5638062e+01 
3.500e+01 ; 8.000e-01 ; 2.400e+00 ; 5.1308999e+01 ; 7.5634560e+01 
3.500e+01 ; 8.000e-01 ; 2.400e+00 ; 5.1316999e+01 ; 7.5627563e+01 
3.500e+01 ; 8.000e-01 ; 2.400e+00 ; 5.1332999e+01 ; 7.5613602e+01 
3.500e+01 ; 8.000e-01 ; 2.400e+00 ; 5.1364999e+01 ; 7.5585861e+01 
3.500e+01 ; 8.000e-01 ; 2.400e+00 ; 5.1428999e+01 ; 7.5531021e+01 
3.500e+01 ; 8.000e-01 ; 2.400e+00 ; 5.1556999e+01 ; 7.5423843e+01 
3.500e+01 ; 8.000e-01 ; 2.400e+00 ; 5.1812999e+01 ; 7.5218758e+01 
3.500e+01 ; 8.000e-01 ; 2.400e+00 ; 5.2199999e+01 ; 7.4927673e+01 
3.500e+01 ; 8.000e-01 ; 2.400e+00 ; 5.2199999e+01 ; 7.4927673e+01 
3.500e+01 ; 8.000e-01 ; 2.400e+00 ; 5.2200999e+01 ; 7.4926926e+01 
3.500e+01 ; 8.000e-01 ; 2.400e+00 ; 5.2201999e+01 ; 7.4926170e+01 
3.500e+01 ; 8.000e-01 ; 2.400e+00 ; 5.2202999e+01 ; 7.4925423e+01 
3.500e+01 ; 8.000e-01 ; 2.400e+00 ; 5.2204999e+01 ; 7.4923920e+01 
3.500e+01 ; 8.000e-01 ; 2.400e+00 ; 5.2208999e+01 ; 7.4920914e+01 
3.500e+01 ; 8.000e-01 ; 2.400e+00 ; 5.2216999e+01 ; 7.4914917e+01 
3.500e+01 ; 8.000e-01 ; 2.400e+00 ; 5.2232999e+01 ; 7.4902946e+01 
3.500e+01 ; 8.000e-01 ; 2.400e+00 ; 5.2264999e+01 ; 7.4879135e+01 
3.500e+01 ; 8.000e-01 ; 2.400e+00 ; 5.2328999e+01 ; 7.4832016e+01 
3.500e+01 ; 8.000e-01 ; 2.400e+00 ; 5.2456999e+01 ; 7.4739708e+01 
3.500e+01 ; 8.000e-01 ; 2.400e+00 ; 5.2712999e+01 ; 7.4562271e+01 
3.500e+01 ; 8.000e-01 ; 2.400e+00 ; 5.3099999e+01 ; 7.4308891e+01 
3.500e+01 ; 8.000e-01 ; 2.400e+00 ; 5.3099999e+01 ; 7.4308891e+01 
3.500e+01 ; 8.000e-01 ; 2.400e+00 ; 5.3100999e+01 ; 7.4308235e+01 
3.500e+01 ; 8.000e-01 ; 2.400e+00 ; 5.3101999e+01 ; 7.4307579e+01 
3.500e+01 ; 8.000e-01 ; 2.400e+00 ; 5.3102999e+01 ; 7.4306923e+01 
3.500e+01 ; 8.000e-01 ; 2.400e+00 ; 5.3104999e+01 ; 7.4305618e+01 
3.500e+01 ; 8.000e-01 ; 2.400e+00 ; 5.3108999e+01 ; 7.4303001e+01 
3.500e+01 ; 8.000e-01 ; 2.400e+00 ; 5.3116999e+01 ; 7.4297775e+01 
3.500e+01 ; 8.000e-01 ; 2.400e+00 ; 5.3132999e+01 ; 7.4287354e+01 
3.500e+01 ; 8.000e-01 ; 2.400e+00 ; 5.3164999e+01 ; 7.4266609e+01 
3.500e+01 ; 8.000e-01 ; 2.400e+00 ; 5.3228999e+01 ; 7.4225502e+01 
3.500e+01 ; 8.000e-01 ; 2.400e+00 ; 5.3356999e+01 ; 7.4144821e+01 
3.500e+01 ; 8.000e-01 ; 2.400e+00 ; 5.3612999e+01 ; 7.3989159e+01 
3.500e+01 ; 8.000e-01 ; 2.400e+00 ; 5.3999999e+01 ; 7.3765778e+01 
3.500e+01 ; 8.000e-01 ; 2.400e+00 ; 5.3999999e+01 ; 7.3765778e+01 
3.500e+01 ; 8.000e-01 ; 2.400e+00 ; 5.4000999e+01 ; 7.3765198e+01 
3.500e+01 ; 8.000e-01 ; 2.400e+00 ; 5.4001999e+01 ; 7.3764626e+01 
3.500e+01 ; 8.000e-01 ; 2.400e+00 ; 5.4002999e+01 ; 7.3764046e+01 
3.500e+01 ; 8.000e-01 ; 2.400e+00 ; 5.4004999e+01 ; 7.3762894e+01 
3.500e+01 ; 8.000e-01 ; 2.400e+00 ; 5.4008999e+01 ; 7.3760590e+01 
3.500e+01 ; 8.000e-01 ; 2.400e+00 ; 5.4016999e+01 ; 7.3755981e+01 
3.500e+01 ; 8.000e-01 ; 2.400e+00 ; 5.4032999e+01 ; 7.3746788e+01 
3.500e+01 ; 8.000e-01 ; 2.400e+00 ; 5.4064999e+01 ; 7.3728477e+01 
3.500e+01 ; 8.000e-01 ; 2.400e+00 ; 5.4128999e+01 ; 7.3692184e+01 
3.500e+01 ; 8.000e-01 ; 2.400e+00 ; 5.4256999e+01 ; 7.3620811e+01 
3.500e+01 ; 8.000e-01 ; 2.400e+00 ; 5.4512999e+01 ; 7.3482719e+01 
3.500e+01 ; 8.000e-01 ; 2.400e+00 ; 5.4899999e+01 ; 7.3283752e+01 
3.500e+01 ; 8.000e-01 ; 2.400e+00 ; 5.4899999e+01 ; 7.3283752e+01 
3.500e+01 ; 8.000e-01 ; 2.400e+00 ; 5.4900999e+01 ; 7.3287170e+01 
3.500e+01 ; 8.000e-01 ; 2.400e+00 ; 5.4901999e+01 ; 7.3290642e+01 
3.500e+01 ; 8.000e-01 ; 2.400e+00 ; 5.4902999e+01 ; 7.3294159e+01 
3.500e+01 ; 8.000e-01 ; 2.400e+00 ; 5.4904999e+01 ; 7.3301392e+01 
3.500e+01 ; 8.000e-01 ; 2.400e+00 ; 5.4908999e+01 ; 7.3316658e+01 
3.500e+01 ; 8.000e-01 ; 2.400e+00 ; 5.4916999e+01 ; 7.3350288e+01 
3.500e+01 ; 8.000e-01 ; 2.400e+00 ; 5.4932999e+01 ; 7.3429337e+01 
3.500e+01 ; 8.000e-01 ; 2.400e+00 ; 5.4964999e+01 ; 7.3630020e+01 
3.500e+01 ; 8.000e-01 ; 2.400e+00 ; 5.5028999e+01 ; 7.4169891e+01 
3.500e+01 ; 8.000e-01 ; 2.400e+00 ; 5.5156999e+01 ; 7.5606842e+01 
3.500e+01 ; 8.000e-01 ; 2.400e+00 ; 5.5412999e+01 ; 7.8953979e+01 
3.500e+01 ; 8.000e-01 ; 2.400e+00 ; 5.5799999e+01 ; 8.3481880e+01 
3.500e+01 ; 8.000e-01 ; 2.400e+00 ; 5.5799999e+01 ; 8.3481880e+01 
3.500e+01 ; 8.000e-01 ; 2.400e+00 ; 5.5800999e+01 ; 8.3496971e+01 
3.500e+01 ; 8.000e-01 ; 2.400e+00 ; 5.5801999e+01 ; 8.3512054e+01 
3.500e+01 ; 8.000e-01 ; 2.400e+00 ; 5.5802999e+01 ; 8.3527138e+01 
3.500e+01 ; 8.000e-01 ; 2.400e+00 ; 5.5804999e+01 ; 8.3557297e+01 
3.500e+01 ; 8.000e-01 ; 2.400e+00 ; 5.5808999e+01 ; 8.3617561e+01 
3.500e+01 ; 8.000e-01 ; 2.400e+00 ; 5.5816999e+01 ; 8.3737892e+01 
3.500e+01 ; 8.000e-01 ; 2.400e+00 ; 5.5832999e+01 ; 8.3977638e+01 
3.500e+01 ; 8.000e-01 ; 2.400e+00 ; 5.5864999e+01 ; 8.4452789e+01 
3.500e+01 ; 8.000e-01 ; 2.400e+00 ; 5.5928999e+01 ; 8.5380966e+01 
3.500e+01 ; 8.000e-01 ; 2.400e+00 ; 5.6056999e+01 ; 8.7121536e+01 
3.500e+01 ; 8.000e-01 ; 2.400e+00 ; 5.6312999e+01 ; 9.0037895e+01 
3.500e+01 ; 8.000e-01 ; 2.400e+00 ; 5.6699998e+01 ; 9.3087868e+01 
3.500e+01 ; 8.000e-01 ; 2.400e+00 ; 5.6699998e+01 ; 9.3087868e+01 
3.500e+01 ; 8.000e-01 ; 2.400e+00 ; 5.6700998e+01 ; 9.3095734e+01 
3.500e+01 ; 8.000e-01 ; 2.400e+00 ; 5.6701998e+01 ; 9.3103577e+01 
3.500e+01 ; 8.000e-01 ; 2.400e+00 ; 5.6702998e+01 ; 9.3111412e+01 
3.500e+01 ; 8.000e-01 ; 2.400e+00 ; 5.6704998e+01 ; 9.3127007e+01 
3.500e+01 ; 8.000e-01 ; 2.400e+00 ; 5.6708998e+01 ; 9.3157936e+01 
3.500e+01 ; 8.000e-01 ; 2.400e+00 ; 5.6716998e+01 ; 9.3218750e+01 
3.500e+01 ; 8.000e-01 ; 2.400e+00 ; 5.6732998e+01 ; 9.3336288e+01 
3.500e+01 ; 8.000e-01 ; 2.400e+00 ; 5.6764998e+01 ; 9.3555733e+01 
3.500e+01 ; 8.000e-01 ; 2.400e+00 ; 5.6828998e+01 ; 9.3937279e+01 
3.500e+01 ; 8.000e-01 ; 2.400e+00 ; 5.6956998e+01 ; 9.4506805e+01 
3.500e+01 ; 8.000e-01 ; 2.400e+00 ; 5.7212999e+01 ; 9.5087357e+01 
3.500e+01 ; 8.000e-01 ; 2.400e+00 ; 5.7599998e+01 ; 9.5180824e+01 
3.500e+01 ; 8.000e-01 ; 2.400e+00 ; 5.7599998e+01 ; 9.5180824e+01 
3.500e+01 ; 8.000e-01 ; 2.400e+00 ; 5.7600998e+01 ; 9.5181061e+01 
3.500e+01 ; 8.000e-01 ; 2.400e+00 ; 5.7601998e+01 ; 9.5181290e+01 
3.500e+01 ; 8.000e-01 ; 2.400e+00 ; 5.7602998e+01 ; 9.5181519e+01 
3.500e+01 ; 8.000e-01 ; 2.400e+00 ; 5.7604998e+01 ; 9.5181946e+01 
3.500e+01 ; 8.000e-01 ; 2.400e+00 ; 5.7608998e+01 ; 9.5182724e+01 
3.500e+01 ; 8.000e-01 ; 2.400e+00 ; 5.7616998e+01 ; 9.5183960e+01 
3.500e+01 ; 8.000e-01 ; 2.400e+00 ; 5.7632998e+01 ; 9.5185158e+01 
3.500e+01 ; 8.000e-01 ; 2.400e+00 ; 5.7664998e+01 ; 9.5182724e+01 
3.500e+01 ; 8.000e-01 ; 2.400e+00 ; 5.7728998e+01 ; 9.5160431e+01 
3.500e+01 ; 8.000e-01 ; 2.400e+00 ; 5.7856998e+01 ; 9.5058952e+01 
3.500e+01 ; 8.000e-01 ; 2.400e+00 ; 5.8112998e+01 ; 9.4702896e+01 
3.500e+01 ; 8.000e-01 ; 2.400e+00 ; 5.8499998e+01 ; 9.3977432e+01 
3.500e+01 ; 8.000e-01 ; 2.400e+00 ; 5.8499998e+01 ; 9.3977432e+01 
3.500e+01 ; 8.000e-01 ; 2.400e+00 ; 5.8500998e+01 ; 9.3975563e+01 
3.500e+01 ; 8.000e-01 ; 2.400e+00 ; 5.8501998e+01 ; 9.3973686e+01 
3.500e+01 ; 8.000e-01 ; 2.400e+00 ; 5.8502998e+01 ; 9.3971802e+01 
3.500e+01 ; 8.000e-01 ; 2.400e+00 ; 5.8504998e+01 ; 9.3968040e+01 
3.500e+01 ; 8.000e-01 ; 2.400e+00 ; 5.8508998e+01 ; 9.3960503e+01 
3.500e+01 ; 8.000e-01 ; 2.400e+00 ; 5.8516998e+01 ; 9.3945335e+01 
3.500e+01 ; 8.000e-01 ; 2.400e+00 ; 5.8532998e+01 ; 9.3914719e+01 
3.500e+01 ; 8.000e-01 ; 2.400e+00 ; 5.8564998e+01 ; 9.3852364e+01 
3.500e+01 ; 8.000e-01 ; 2.400e+00 ; 5.8628998e+01 ; 9.3723854e+01 
3.500e+01 ; 8.000e-01 ; 2.400e+00 ; 5.8756998e+01 ; 9.3455566e+01 
3.500e+01 ; 8.000e-01 ; 2.400e+00 ; 5.9012998e+01 ; 9.2896515e+01 
3.500e+01 ; 8.000e-01 ; 2.400e+00 ; 5.9399998e+01 ; 9.2046379e+01 
3.500e+01 ; 8.000e-01 ; 2.400e+00 ; 5.9399998e+01 ; 9.2046379e+01 
3.500e+01 ; 8.000e-01 ; 2.400e+00 ; 5.9400998e+01 ; 9.2044182e+01 
3.500e+01 ; 8.000e-01 ; 2.400e+00 ; 5.9401998e+01 ; 9.2041985e+01 
3.500e+01 ; 8.000e-01 ; 2.400e+00 ; 5.9402998e+01 ; 9.2039787e+01 
3.500e+01 ; 8.000e-01 ; 2.400e+00 ; 5.9404998e+01 ; 9.2035393e+01 
3.500e+01 ; 8.000e-01 ; 2.400e+00 ; 5.9408998e+01 ; 9.2026611e+01 
3.500e+01 ; 8.000e-01 ; 2.400e+00 ; 5.9416998e+01 ; 9.2009033e+01 
3.500e+01 ; 8.000e-01 ; 2.400e+00 ; 5.9432998e+01 ; 9.1973877e+01 
3.500e+01 ; 8.000e-01 ; 2.400e+00 ; 5.9464998e+01 ; 9.1903580e+01 
3.500e+01 ; 8.000e-01 ; 2.400e+00 ; 5.9528998e+01 ; 9.1763214e+01 
3.500e+01 ; 8.000e-01 ; 2.400e+00 ; 5.9656998e+01 ; 9.1484482e+01 
3.500e+01 ; 8.000e-01 ; 2.400e+00 ; 5.9912998e+01 ; 9.0940704e+01 
3.500e+01 ; 8.000e-01 ; 2.400e+00 ; 6.0299998e+01 ; 9.0159981e+01 
3.500e+01 ; 8.000e-01 ; 2.400e+00 ; 6.0299998e+01 ; 9.0159981e+01 
3.500e+01 ; 8.000e-01 ; 2.400e+00 ; 6.0300998e+01 ; 9.0157967e+01 
3.500e+01 ; 8.000e-01 ; 2.400e+00 ; 6.0301998e+01 ; 9.0155945e+01 
3.500e+01 ; 8.000e-01 ; 2.400e+00 ; 6.0302998e+01 ; 9.0153931e+01 
3.500e+01 ; 8.000e-01 ; 2.400e+00 ; 6.0304998e+01 ; 9.0149902e+01 
3.500e+01 ; 8.000e-01 ; 2.400e+00 ; 6.0308998e+01 ; 9.0141838e+01 
3.500e+01 ; 8.000e-01 ; 2.400e+00 ; 6.0316998e+01 ; 9.0125740e+01 
3.500e+01 ; 8.000e-01 ; 2.400e+00 ; 6.0332998e+01 ; 9.0093605e+01 
3.500e+01 ; 8.000e-01 ; 2.400e+00 ; 6.0364998e+01 ; 9.0029640e+01 
3.500e+01 ; 8.000e-01 ; 2.400e+00 ; 6.0428998e+01 ; 8.9902908e+01 
3.500e+01 ; 8.000e-01 ; 2.400e+00 ; 6.0556998e+01 ; 8.9654442e+01 
3.500e+01 ; 8.000e-01 ; 2.400e+00 ; 6.0812998e+01 ; 8.9178131e+01 
3.500e+01 ; 8.000e-01 ; 2.400e+00 ; 6.1199998e+01 ; 8.8504662e+01 
3.500e+01 ; 8.000e-01 ; 2.400e+00 ; 6.1199998e+01 ; 8.8504662e+01 
3.500e+01 ; 8.000e-01 ; 2.400e+00 ; 6.1200998e+01 ; 8.8502922e+01 
3.500e+01 ; 8.000e-01 ; 2.400e+00 ; 6.1201998e+01 ; 8.8501183e+01 
3.500e+01 ; 8.000e-01 ; 2.400e+00 ; 6.1202998e+01 ; 8.8499443e+01 
3.500e+01 ; 8.000e-01 ; 2.400e+00 ; 6.1204998e+01 ; 8.8495964e+01 
3.500e+01 ; 8.000e-01 ; 2.400e+00 ; 6.1208998e+01 ; 8.8489014e+01 
3.500e+01 ; 8.000e-01 ; 2.400e+00 ; 6.1216998e+01 ; 8.8475136e+01 
3.500e+01 ; 8.000e-01 ; 2.400e+00 ; 6.1232998e+01 ; 8.8447456e+01 
3.500e+01 ; 8.000e-01 ; 2.400e+00 ; 6.1264998e+01 ; 8.8392418e+01 
3.500e+01 ; 8.000e-01 ; 2.400e+00 ; 6.1328998e+01 ; 8.8283600e+01 
3.500e+01 ; 8.000e-01 ; 2.400e+00 ; 6.1456998e+01 ; 8.8070953e+01 
3.500e+01 ; 8.000e-01 ; 2.400e+00 ; 6.1712998e+01 ; 8.7664902e+01 
3.500e+01 ; 8.000e-01 ; 2.400e+00 ; 6.2099998e+01 ; 8.7092033e+01 
3.500e+01 ; 8.000e-01 ; 2.400e+00 ; 6.2099998e+01 ; 8.7092033e+01 
3.500e+01 ; 8.000e-01 ; 2.400e+00 ; 6.2100998e+01 ; 8.7090553e+01 
3.500e+01 ; 8.000e-01 ; 2.400e+00 ; 6.2101998e+01 ; 8.7089081e+01 
3.500e+01 ; 8.000e-01 ; 2.400e+00 ; 6.2102998e+01 ; 8.7087601e+01 
3.500e+01 ; 8.000e-01 ; 2.400e+00 ; 6.2104998e+01 ; 8.7084641e+01 
3.500e+01 ; 8.000e-01 ; 2.400e+00 ; 6.2108998e+01 ; 8.7078728e+01 
3.500e+01 ; 8.000e-01 ; 2.400e+00 ; 6.2116998e+01 ; 8.7066925e+01 
3.500e+01 ; 8.000e-01 ; 2.400e+00 ; 6.2132998e+01 ; 8.7043381e+01 
3.500e+01 ; 8.000e-01 ; 2.400e+00 ; 6.2164998e+01 ; 8.6996582e+01 
3.500e+01 ; 8.000e-01 ; 2.400e+00 ; 6.2228998e+01 ; 8.6904060e+01 
3.500e+01 ; 8.000e-01 ; 2.400e+00 ; 6.2356998e+01 ; 8.6723282e+01 
3.500e+01 ; 8.000e-01 ; 2.400e+00 ; 6.2612998e+01 ; 8.6377815e+01 
3.500e+01 ; 8.000e-01 ; 2.400e+00 ; 6.2999998e+01 ; 8.5889229e+01 
3.500e+01 ; 8.000e-01 ; 2.400e+00 ; 6.2999998e+01 ; 8.5889229e+01 
3.500e+01 ; 8.000e-01 ; 2.400e+00 ; 6.3000998e+01 ; 8.5887970e+01 
3.500e+01 ; 8.000e-01 ; 2.400e+00 ; 6.3001998e+01 ; 8.5886703e+01 
3.500e+01 ; 8.000e-01 ; 2.400e+00 ; 6.3002998e+01 ; 8.5885445e+01 
3.500e+01 ; 8.000e-01 ; 2.400e+00 ; 6.3004998e+01 ; 8.5882919e+01 
3.500e+01 ; 8.000e-01 ; 2.400e+00 ; 6.3008998e+01 ; 8.5877876e+01 
3.500e+01 ; 8.000e-01 ; 2.400e+00 ; 6.3016998e+01 ; 8.5867805e+01 
3.500e+01 ; 8.000e-01 ; 2.400e+00 ; 6.3032998e+01 ; 8.5847725e+01 
3.500e+01 ; 8.000e-01 ; 2.400e+00 ; 6.3064998e+01 ; 8.5807793e+01 
3.500e+01 ; 8.000e-01 ; 2.400e+00 ; 6.3128998e+01 ; 8.5728806e+01 
3.500e+01 ; 8.000e-01 ; 2.400e+00 ; 6.3256998e+01 ; 8.5574310e+01 
3.500e+01 ; 8.000e-01 ; 2.400e+00 ; 6.3512998e+01 ; 8.5278336e+01 
3.500e+01 ; 8.000e-01 ; 2.400e+00 ; 6.3899998e+01 ; 8.4858070e+01 
3.500e+01 ; 8.000e-01 ; 2.400e+00 ; 6.3899998e+01 ; 8.4858070e+01 
3.500e+01 ; 8.000e-01 ; 2.400e+00 ; 6.3900998e+01 ; 8.4856987e+01 
3.500e+01 ; 8.000e-01 ; 2.400e+00 ; 6.3901998e+01 ; 8.4855896e+01 
3.500e+01 ; 8.000e-01 ; 2.400e+00 ; 6.3902998e+01 ; 8.4854813e+01 
3.500e+01 ; 8.000e-01 ; 2.400e+00 ; 6.3904998e+01 ; 8.4852646e+01 
3.500e+01 ; 8.000e-01 ; 2.400e+00 ; 6.3908998e+01 ; 8.4848305e+01 
3.500e+01 ; 8.000e-01 ; 2.400e+00 ; 6.3916998e+01 ; 8.4839645e+01 
3.500e+01 ; 8.000e-01 ; 2.400e+00 ; 6.3932998e+01 ; 8.4822365e+01 
3.500e+01 ; 8.000e-01 ; 2.400e+00 ; 6.3964998e+01 ; 8.4787987e+01 
3.500e+01 ; 8.000e-01 ; 2.400e+00 ; 6.4028998e+01 ; 8.4719948e+01 
3.500e+01 ; 8.000e-01 ; 2.400e+00 ; 6.4156998e+01 ; 8.4586670e+01 
3.500e+01 ; 8.000e-01 ; 2.400e+00 ; 6.4412998e+01 ; 8.4330597e+01 
3.500e+01 ; 8.000e-01 ; 2.400e+00 ; 6.4799998e+01 ; 8.3965408e+01 
3.500e+01 ; 8.000e-01 ; 2.400e+00 ; 6.4799998e+01 ; 8.3965408e+01 
3.500e+01 ; 8.000e-01 ; 2.400e+00 ; 6.4800998e+01 ; 8.3964462e+01 
3.500e+01 ; 8.000e-01 ; 2.400e+00 ; 6.4801998e+01 ; 8.3963516e+01 
3.500e+01 ; 8.000e-01 ; 2.400e+00 ; 6.4802998e+01 ; 8.3962578e+01 
3.500e+01 ; 8.000e-01 ; 2.400e+00 ; 6.4804998e+01 ; 8.3960693e+01 
3.500e+01 ; 8.000e-01 ; 2.400e+00 ; 6.4808998e+01 ; 8.3956924e+01 
3.500e+01 ; 8.000e-01 ; 2.400e+00 ; 6.4816998e+01 ; 8.3949394e+01 
3.500e+01 ; 8.000e-01 ; 2.400e+00 ; 6.4832998e+01 ; 8.3934372e+01 
3.500e+01 ; 8.000e-01 ; 2.400e+00 ; 6.4864998e+01 ; 8.3904472e+01 
3.500e+01 ; 8.000e-01 ; 2.400e+00 ; 6.4928998e+01 ; 8.3845261e+01 
3.500e+01 ; 8.000e-01 ; 2.400e+00 ; 6.5056998e+01 ; 8.3729095e+01 
3.500e+01 ; 8.000e-01 ; 2.400e+00 ; 6.5312998e+01 ; 8.3505249e+01 
3.500e+01 ; 8.000e-01 ; 2.400e+00 ; 6.5699998e+01 ; 8.3184662e+01 
3.500e+01 ; 8.000e-01 ; 2.400e+00 ; 6.5699998e+01 ; 8.3184662e+01 
3.500e+01 ; 8.000e-01 ; 2.400e+00 ; 6.5700998e+01 ; 8.3183830e+01 
3.500e+01 ; 8.000e-01 ; 2.400e+00 ; 6.5701998e+01 ; 8.3183006e+01 
3.500e+01 ; 8.000e-01 ; 2.400e+00 ; 6.5702998e+01 ; 8.3182175e+01 
3.500e+01 ; 8.000e-01 ; 2.400e+00 ; 6.5704998e+01 ; 8.3180519e+01 
3.500e+01 ; 8.000e-01 ; 2.400e+00 ; 6.5708998e+01 ; 8.3177208e+01 
3.500e+01 ; 8.000e-01 ; 2.400e+00 ; 6.5716998e+01 ; 8.3170601e+01 
3.500e+01 ; 8.000e-01 ; 2.400e+00 ; 6.5732998e+01 ; 8.3157410e+01 
3.500e+01 ; 8.000e-01 ; 2.400e+00 ; 6.5764998e+01 ; 8.3131142e+01 
3.500e+01 ; 8.000e-01 ; 2.400e+00 ; 6.5828998e+01 ; 8.3079086e+01 
3.500e+01 ; 8.000e-01 ; 2.400e+00 ; 6.5956998e+01 ; 8.2976807e+01 
3.500e+01 ; 8.000e-01 ; 2.400e+00 ; 6.6212998e+01 ; 8.2779190e+01 
3.500e+01 ; 8.000e-01 ; 2.400e+00 ; 6.6599998e+01 ; 8.2495041e+01 
3.500e+01 ; 8.000e-01 ; 2.400e+00 ; 6.6599998e+01 ; 8.2495041e+01 
3.500e+01 ; 8.000e-01 ; 2.400e+00 ; 6.6600998e+01 ; 8.2494308e+01 
3.500e+01 ; 8.000e-01 ; 2.400e+00 ; 6.6601998e+01 ; 8.2493568e+01 
3.500e+01 ; 8.000e-01 ; 2.400e+00 ; 6.6602998e+01 ; 8.2492836e+01 
3.500e+01 ; 8.000e-01 ; 2.400e+00 ; 6.6604998e+01 ; 8.2491371e+01 
3.500e+01 ; 8.000e-01 ; 2.400e+00 ; 6.6608998e+01 ; 8.2488434e+01 
3.500e+01 ; 8.000e-01 ; 2.400e+00 ; 6.6616998e+01 ; 8.2482574e+01 
3.500e+01 ; 8.000e-01 ; 2.400e+00 ; 6.6632998e+01 ; 8.2470879e+01 
3.500e+01 ; 8.000e-01 ; 2.400e+00 ; 6.6664998e+01 ; 8.2447586e+01 
3.500e+01 ; 8.000e-01 ; 2.400e+00 ; 6.6728998e+01 ; 8.2401382e+01 
3.500e+01 ; 8.000e-01 ; 2.400e+00 ; 6.6856998e+01 ; 8.2310486e+01 
3.500e+01 ; 8.000e-01 ; 2.400e+00 ; 6.7112998e+01 ; 8.2134422e+01 
3.500e+01 ; 8.000e-01 ; 2.400e+00 ; 6.7499998e+01 ; 8.1880356e+01 
3.500e+01 ; 8.000e-01 ; 2.400e+00 ; 6.7499998e+01 ; 8.1880356e+01 
3.500e+01 ; 8.000e-01 ; 2.400e+00 ; 6.7500998e+01 ; 8.1879700e+01 
3.500e+01 ; 8.000e-01 ; 2.400e+00 ; 6.7501998e+01 ; 8.1879044e+01 
3.500e+01 ; 8.000e-01 ; 2.400e+00 ; 6.7502998e+01 ; 8.1878387e+01 
3.500e+01 ; 8.000e-01 ; 2.400e+00 ; 6.7504998e+01 ; 8.1877075e+01 
3.500e+01 ; 8.000e-01 ; 2.400e+00 ; 6.7508998e+01 ; 8.1874451e+01 
3.500e+01 ; 8.000e-01 ; 2.400e+00 ; 6.7516998e+01 ; 8.1869209e+01 
3.500e+01 ; 8.000e-01 ; 2.400e+00 ; 6.7532998e+01 ; 8.1858749e+01 
3.500e+01 ; 8.000e-01 ; 2.400e+00 ; 6.7564998e+01 ; 8.1837906e+01 
3.500e+01 ; 8.000e-01 ; 2.400e+00 ; 6.7628998e+01 ; 8.1796539e+01 
3.500e+01 ; 8.000e-01 ; 2.400e+00 ; 6.7756998e+01 ; 8.1715073e+01 
3.500e+01 ; 8.000e-01 ; 2.400e+00 ; 6.8012998e+01 ; 8.1556915e+01 
3.500e+01 ; 8.000e-01 ; 2.400e+00 ; 6.8399998e+01 ; 8.1327950e+01 
3.500e+01 ; 8.000e-01 ; 2.400e+00 ; 6.8399998e+01 ; 8.1327950e+01 
3.500e+01 ; 8.000e-01 ; 2.400e+00 ; 6.8400998e+01 ; 8.1327354e+01 
3.500e+01 ; 8.000e-01 ; 2.400e+00 ; 6.8401998e+01 ; 8.1326767e+01 
3.500e+01 ; 8.000e-01 ; 2.400e+00 ; 6.8402998e+01 ; 8.1326180e+01 
3.500e+01 ; 8.000e-01 ; 2.400e+00 ; 6.8404998e+01 ; 8.1325012e+01 
3.500e+01 ; 8.000e-01 ; 2.400e+00 ; 6.8408998e+01 ; 8.1322685e+01 
3.500e+01 ; 8.000e-01 ; 2.400e+00 ; 6.8416998e+01 ; 8.1318138e+01 
3.500e+01 ; 8.000e-01 ; 2.400e+00 ; 6.8432998e+01 ; 8.1309456e+01 
3.500e+01 ; 8.000e-01 ; 2.400e+00 ; 6.8464998e+01 ; 8.1294136e+01 
3.500e+01 ; 8.000e-01 ; 2.400e+00 ; 6.8528998e+01 ; 8.1273949e+01 
3.500e+01 ; 8.000e-01 ; 2.400e+00 ; 6.8656998e+01 ; 8.1284317e+01 
3.500e+01 ; 8.000e-01 ; 2.400e+00 ; 6.8912998e+01 ; 8.1505981e+01 
3.500e+01 ; 8.000e-01 ; 2.400e+00 ; 6.9299998e+01 ; 8.2155418e+01 
3.500e+01 ; 8.000e-01 ; 2.400e+00 ; 6.9299998e+01 ; 8.2155418e+01 
3.500e+01 ; 8.000e-01 ; 2.400e+00 ; 6.9300998e+01 ; 8.2157097e+01 
3.500e+01 ; 8.000e-01 ; 2.400e+00 ; 6.9301998e+01 ; 8.2158783e+01 
3.500e+01 ; 8.000e-01 ; 2.400e+00 ; 6.9302998e+01 ; 8.2160469e+01 
3.500e+01 ; 8.000e-01 ; 2.400e+00 ; 6.9304998e+01 ; 8.2163849e+01 
3.500e+01 ; 8.000e-01 ; 2.400e+00 ; 6.9308998e+01 ; 8.2170670e+01 
3.500e+01 ; 8.000e-01 ; 2.400e+00 ; 6.9316998e+01 ; 8.2184479e+01 
3.500e+01 ; 8.000e-01 ; 2.400e+00 ; 6.9332998e+01 ; 8.2212822e+01 
3.500e+01 ; 8.000e-01 ; 2.400e+00 ; 6.9364998e+01 ; 8.2272308e+01 
3.500e+01 ; 8.000e-01 ; 2.400e+00 ; 6.9428998e+01 ; 8.2401894e+01 
3.500e+01 ; 8.000e-01 ; 2.400e+00 ; 6.9556998e+01 ; 8.2697701e+01 
3.500e+01 ; 8.000e-01 ; 2.400e+00 ; 6.9812998e+01 ; 8.3386734e+01 
3.500e+01 ; 8.000e-01 ; 2.400e+00 ; 7.0199998e+01 ; 8.4502266e+01 
3.500e+01 ; 8.000e-01 ; 2.400e+00 ; 7.0199998e+01 ; 8.4502266e+01 
3.500e+01 ; 8.000e-01 ; 2.400e+00 ; 7.0200998e+01 ; 8.4505150e+01 
3.500e+01 ; 8.000e-01 ; 2.400e+00 ; 7.0201998e+01 ; 8.4508034e+01 
3.500e+01 ; 8.000e-01 ; 2.400e+00 ; 7.0202998e+01 ; 8.4510918e+01 
3.500e+01 ; 8.000e-01 ; 2.400e+00 ; 7.0204998e+01 ; 8.4516693e+01 
3.500e+01 ; 8.000e-01 ; 2.400e+00 ; 7.0208998e+01 ; 8.4528252e+01 
3.500e+01 ; 8.000e-01 ; 2.400e+00 ; 7.0216998e+01 ; 8.4551407e+01 
3.500e+01 ; 8.000e-01 ; 2.400e+00 ; 7.0232998e+01 ; 8.4597878e+01 
3.500e+01 ; 8.000e-01 ; 2.400e+00 ; 7.0264998e+01 ; 8.4691368e+01 
3.500e+01 ; 8.000e-01 ; 2.400e+00 ; 7.0328998e+01 ; 8.4879807e+01 
3.500e+01 ; 8.000e-01 ; 2.400e+00 ; 7.0456998e+01 ; 8.5257378e+01 
3.500e+01 ; 8.000e-01 ; 2.400e+00 ; 7.0712998e+01 ; 8.5986122e+01 
3.500e+01 ; 8.000e-01 ; 2.400e+00 ; 7.1099998e+01 ; 8.6968140e+01 
3.500e+01 ; 8.000e-01 ; 2.400e+00 ; 7.1099998e+01 ; 8.6968140e+01 
3.500e+01 ; 8.000e-01 ; 2.400e+00 ; 7.1100998e+01 ; 8.6970673e+01 
3.500e+01 ; 8.000e-01 ; 2.400e+00 ; 7.1101998e+01 ; 8.6973213e+01 
3.500e+01 ; 8.000e-01 ; 2.400e+00 ; 7.1102998e+01 ; 8.6975746e+01 
3.500e+01 ; 8.000e-01 ; 2.400e+00 ; 7.1104998e+01 ; 8.6980812e+01 
3.500e+01 ; 8.000e-01 ; 2.400e+00 ; 7.1108998e+01 ; 8.6990936e+01 
3.500e+01 ; 8.000e-01 ; 2.400e+00 ; 7.1116998e+01 ; 8.7011124e+01 
3.500e+01 ; 8.000e-01 ; 2.400e+00 ; 7.1132998e+01 ; 8.7051285e+01 
3.500e+01 ; 8.000e-01 ; 2.400e+00 ; 7.1164998e+01 ; 8.7130684e+01 
3.500e+01 ; 8.000e-01 ; 2.400e+00 ; 7.1228998e+01 ; 8.7285492e+01 
3.500e+01 ; 8.000e-01 ; 2.400e+00 ; 7.1356998e+01 ; 8.7577408e+01 
3.500e+01 ; 8.000e-01 ; 2.400e+00 ; 7.1612998e+01 ; 8.8084984e+01 
3.500e+01 ; 8.000e-01 ; 2.400e+00 ; 7.1999998e+01 ; 8.8683105e+01 
3.500e+01 ; 8.000e-01 ; 2.400e+00 ; 7.1999998e+01 ; 8.8683105e+01 
3.500e+01 ; 8.000e-01 ; 2.400e+00 ; 7.2000998e+01 ; 8.8684654e+01 
3.500e+01 ; 8.000e-01 ; 2.400e+00 ; 7.2001998e+01 ; 8.8686195e+01 
3.500e+01 ; 8.000e-01 ; 2.400e+00 ; 7.2002998e+01 ; 8.8687737e+01 
3.500e+01 ; 8.000e-01 ; 2.400e+00 ; 7.2004998e+01 ; 8.8690819e+01 
3.500e+01 ; 8.000e-01 ; 2.400e+00 ; 7.2008998e+01 ; 8.8696960e+01 
3.500e+01 ; 8.000e-01 ; 2.400e+00 ; 7.2016998e+01 ; 8.8709167e+01 
3.500e+01 ; 8.000e-01 ; 2.400e+00 ; 7.2032998e+01 ; 8.8733299e+01 
3.500e+01 ; 8.000e-01 ; 2.400e+00 ; 7.2064998e+01 ; 8.8780418e+01 
3.500e+01 ; 8.000e-01 ; 2.400e+00 ; 7.2128998e+01 ; 8.8870117e+01 
3.500e+01 ; 8.000e-01 ; 2.400e+00 ; 7.2256998e+01 ; 8.9031921e+01 
3.500e+01 ; 8.000e-01 ; 2.400e+00 ; 7.2512998e+01 ; 8.9291138e+01 
3.500e+01 ; 8.000e-01 ; 2.400e+00 ; 7.2899998e+01 ; 8.9558250e+01 
3.500e+01 ; 8.000e-01 ; 2.400e+00 ; 7.2899998e+01 ; 8.9558250e+01 
3.500e+01 ; 8.000e-01 ; 2.400e+00 ; 7.2900998e+01 ; 8.9558945e+01 
3.500e+01 ; 8.000e-01 ; 2.400e+00 ; 7.2901998e+01 ; 8.9559631e+01 
3.500e+01 ; 8.000e-01 ; 2.400e+00 ; 7.2902998e+01 ; 8.9560318e+01 
3.500e+01 ; 8.000e-01 ; 2.400e+00 ; 7.2904998e+01 ; 8.9561691e+01 
3.500e+01 ; 8.000e-01 ; 2.400e+00 ; 7.2908998e+01 ; 8.9564423e+01 
3.500e+01 ; 8.000e-01 ; 2.400e+00 ; 7.2916998e+01 ; 8.9569832e+01 
3.500e+01 ; 8.000e-01 ; 2.400e+00 ; 7.2932998e+01 ; 8.9580437e+01 
3.500e+01 ; 8.000e-01 ; 2.400e+00 ; 7.2964998e+01 ; 8.9600830e+01 
3.500e+01 ; 8.000e-01 ; 2.400e+00 ; 7.3028998e+01 ; 8.9638397e+01 
3.500e+01 ; 8.000e-01 ; 2.400e+00 ; 7.3156998e+01 ; 8.9701538e+01 
3.500e+01 ; 8.000e-01 ; 2.400e+00 ; 7.3412998e+01 ; 8.9785896e+01 
3.500e+01 ; 8.000e-01 ; 2.400e+00 ; 7.3799998e+01 ; 8.9836136e+01 
3.500e+01 ; 8.000e-01 ; 2.400e+00 ; 7.3799998e+01 ; 8.9836136e+01 
3.500e+01 ; 8.000e-01 ; 2.400e+00 ; 7.3800998e+01 ; 8.9836266e+01 
3.500e+01 ; 8.000e-01 ; 2.400e+00 ; 7.3801998e+01 ; 8.9836395e+01 
3.500e+01 ; 8.000e-01 ; 2.400e+00 ; 7.3802998e+01 ; 8.9836525e+01 
3.500e+01 ; 8.000e-01 ; 2.400e+00 ; 7.3804998e+01 ; 8.9836777e+01 
3.500e+01 ; 8.000e-01 ; 2.400e+00 ; 7.3808998e+01 ; 8.9837280e+01 
3.500e+01 ; 8.000e-01 ; 2.400e+00 ; 7.3816998e+01 ; 8.9838249e+01 
3.500e+01 ; 8.000e-01 ; 2.400e+00 ; 7.3832998e+01 ; 8.9840057e+01 
3.500e+01 ; 8.000e-01 ; 2.400e+00 ; 7.3864998e+01 ; 8.9843170e+01 
3.500e+01 ; 8.000e-01 ; 2.400e+00 ; 7.3928998e+01 ; 8.9847435e+01 
3.500e+01 ; 8.000e-01 ; 2.400e+00 ; 7.4056998e+01 ; 8.9848770e+01 
3.500e+01 ; 8.000e-01 ; 2.400e+00 ; 7.4312998e+01 ; 8.9826904e+01 
3.500e+01 ; 8.000e-01 ; 2.400e+00 ; 7.4699998e+01 ; 8.9749908e+01 
3.500e+01 ; 8.000e-01 ; 2.400e+00 ; 7.4699998e+01 ; 8.9749908e+01 
3.500e+01 ; 8.000e-01 ; 2.400e+00 ; 7.4700998e+01 ; 8.9749710e+01 
3.500e+01 ; 8.000e-01 ; 2.400e+00 ; 7.4701998e+01 ; 8.9749504e+01 
3.500e+01 ; 8.000e-01 ; 2.400e+00 ; 7.4702998e+01 ; 8.9749306e+01 
3.500e+01 ; 8.000e-01 ; 2.400e+00 ; 7.4704998e+01 ; 8.9748909e+01 
3.500e+01 ; 8.000e-01 ; 2.400e+00 ; 7.4708998e+01 ; 8.9748100e+01 
3.500e+01 ; 8.000e-01 ; 2.400e+00 ; 7.4716998e+01 ; 8.9746468e+01 
3.500e+01 ; 8.000e-01 ; 2.400e+00 ; 7.4732998e+01 ; 8.9743134e+01 
3.500e+01 ; 8.000e-01 ; 2.400e+00 ; 7.4764998e+01 ; 8.9736176e+01 
3.500e+01 ; 8.000e-01 ; 2.400e+00 ; 7.4828998e+01 ; 8.9721161e+01 
3.500e+01 ; 8.000e-01 ; 2.400e+00 ; 7.4956998e+01 ; 8.9687126e+01 
3.500e+01 ; 8.000e-01 ; 2.400e+00 ; 7.5212998e+01 ; 8.9605675e+01 
3.500e+01 ; 8.000e-01 ; 2.400e+00 ; 7.5599998e+01 ; 8.9459282e+01 
3.500e+01 ; 8.000e-01 ; 2.400e+00 ; 7.5599998e+01 ; 8.9459282e+01 
3.500e+01 ; 8.000e-01 ; 2.400e+00 ; 7.5600998e+01 ; 8.9458908e+01 
3.500e+01 ; 8.000e-01 ; 2.400e+00 ; 7.5601998e+01 ; 8.9458527e+01 
3.500e+01 ; 8.000e-01 ; 2.400e+00 ; 7.5602998e+01 ; 8.9458145e+01 
3.500e+01 ; 8.000e-01 ; 2.400e+00 ; 7.5604998e+01 ; 8.9457390e+01 
3.500e+01 ; 8.000e-01 ; 2.400e+00 ; 7.5608998e+01 ; 8.9455872e+01 
3.500e+01 ; 8.000e-01 ; 2.400e+00 ; 7.5616998e+01 ; 8.9452827e+01 
3.500e+01 ; 8.000e-01 ; 2.400e+00 ; 7.5632998e+01 ; 8.9446693e+01 
3.500e+01 ; 8.000e-01 ; 2.400e+00 ; 7.5664998e+01 ; 8.9434273e+01 
3.500e+01 ; 8.000e-01 ; 2.400e+00 ; 7.5728998e+01 ; 8.9408867e+01 
3.500e+01 ; 8.000e-01 ; 2.400e+00 ; 7.5856998e+01 ; 8.9355995e+01 
3.500e+01 ; 8.000e-01 ; 2.400e+00 ; 7.6112998e+01 ; 8.9243530e+01 
3.500e+01 ; 8.000e-01 ; 2.400e+00 ; 7.6499998e+01 ; 8.9062447e+01 
3.500e+01 ; 8.000e-01 ; 2.400e+00 ; 7.6499998e+01 ; 8.9062447e+01 
3.500e+01 ; 8.000e-01 ; 2.400e+00 ; 7.6500998e+01 ; 8.9061974e+01 
3.500e+01 ; 8.000e-01 ; 2.400e+00 ; 7.6501998e+01 ; 8.9061508e+01 
3.500e+01 ; 8.000e-01 ; 2.400e+00 ; 7.6502998e+01 ; 8.9061043e+01 
3.500e+01 ; 8.000e-01 ; 2.400e+00 ; 7.6504998e+01 ; 8.9060104e+01 
3.500e+01 ; 8.000e-01 ; 2.400e+00 ; 7.6508998e+01 ; 8.9058228e+01 
3.500e+01 ; 8.000e-01 ; 2.400e+00 ; 7.6516998e+01 ; 8.9054474e+01 
3.500e+01 ; 8.000e-01 ; 2.400e+00 ; 7.6532998e+01 ; 8.9046951e+01 
3.500e+01 ; 8.000e-01 ; 2.400e+00 ; 7.6564998e+01 ; 8.9031830e+01 
3.500e+01 ; 8.000e-01 ; 2.400e+00 ; 7.6628998e+01 ; 8.9001328e+01 
3.500e+01 ; 8.000e-01 ; 2.400e+00 ; 7.6756998e+01 ; 8.8939377e+01 
3.500e+01 ; 8.000e-01 ; 2.400e+00 ; 7.7012998e+01 ; 8.8812630e+01 
3.500e+01 ; 8.000e-01 ; 2.400e+00 ; 7.7399998e+01 ; 8.8616951e+01 
3.500e+01 ; 8.000e-01 ; 2.400e+00 ; 7.7399998e+01 ; 8.8616951e+01 
3.500e+01 ; 8.000e-01 ; 2.400e+00 ; 7.7400998e+01 ; 8.8616447e+01 
3.500e+01 ; 8.000e-01 ; 2.400e+00 ; 7.7401998e+01 ; 8.8615944e+01 
3.500e+01 ; 8.000e-01 ; 2.400e+00 ; 7.7402998e+01 ; 8.8615433e+01 
3.500e+01 ; 8.000e-01 ; 2.400e+00 ; 7.7404998e+01 ; 8.8614426e+01 
3.500e+01 ; 8.000e-01 ; 2.400e+00 ; 7.7408998e+01 ; 8.8612396e+01 
3.500e+01 ; 8.000e-01 ; 2.400e+00 ; 7.7416998e+01 ; 8.8608353e+01 
3.500e+01 ; 8.000e-01 ; 2.400e+00 ; 7.7432998e+01 ; 8.8600250e+01 
3.500e+01 ; 8.000e-01 ; 2.400e+00 ; 7.7464998e+01 ; 8.8584015e+01 
3.500e+01 ; 8.000e-01 ; 2.400e+00 ; 7.7528998e+01 ; 8.8551453e+01 
3.500e+01 ; 8.000e-01 ; 2.400e+00 ; 7.7656998e+01 ; 8.8486053e+01 
3.500e+01 ; 8.000e-01 ; 2.400e+00 ; 7.7912998e+01 ; 8.8354584e+01 
3.500e+01 ; 8.000e-01 ; 2.400e+00 ; 7.8299998e+01 ; 8.8155678e+01 
3.500e+01 ; 8.000e-01 ; 2.400e+00 ; 7.8299998e+01 ; 8.8155678e+01 
3.500e+01 ; 8.000e-01 ; 2.400e+00 ; 7.8300998e+01 ; 8.8155167e+01 
3.500e+01 ; 8.000e-01 ; 2.400e+00 ; 7.8301998e+01 ; 8.8154648e+01 
3.500e+01 ; 8.000e-01 ; 2.400e+00 ; 7.8302998e+01 ; 8.8154137e+01 
3.500e+01 ; 8.000e-01 ; 2.400e+00 ; 7.8304998e+01 ; 8.8153107e+01 
3.500e+01 ; 8.000e-01 ; 2.400e+00 ; 7.8308998e+01 ; 8.8151054e+01 
3.500e+01 ; 8.000e-01 ; 2.400e+00 ; 7.8316998e+01 ; 8.8146942e+01 
3.500e+01 ; 8.000e-01 ; 2.400e+00 ; 7.8332998e+01 ; 8.8138718e+01 
3.500e+01 ; 8.000e-01 ; 2.400e+00 ; 7.8364998e+01 ; 8.8122269e+01 
3.500e+01 ; 8.000e-01 ; 2.400e+00 ; 7.8428998e+01 ; 8.8089386e+01 
3.500e+01 ; 8.000e-01 ; 2.400e+00 ; 7.8556998e+01 ; 8.8023682e+01 
3.500e+01 ; 8.000e-01 ; 2.400e+00 ; 7.8812998e+01 ; 8.7892822e+01 
3.500e+01 ; 8.000e-01 ; 2.400e+00 ; 7.9199998e+01 ; 8.7696968e+01 
3.500e+01 ; 8.000e-01 ; 2.400e+00 ; 7.9199998e+01 ; 8.7696968e+01 
3.500e+01 ; 8.000e-01 ; 2.400e+00 ; 7.9200998e+01 ; 8.7696465e+01 
3.500e+01 ; 8.000e-01 ; 2.400e+00 ; 7.9201998e+01 ; 8.7695953e+01 
3.500e+01 ; 8.000e-01 ; 2.400e+00 ; 7.9202998e+01 ; 8.7695450e+01 
3.500e+01 ; 8.000e-01 ; 2.400e+00 ; 7.9204998e+01 ; 8.7694435e+01 
3.500e+01 ; 8.000e-01 ; 2.400e+00 ; 7.9208998e+01 ; 8.7692413e+01 
3.500e+01 ; 8.000e-01 ; 2.400e+00 ; 7.9216998e+01 ; 8.7688370e+01 
3.500e+01 ; 8.000e-01 ; 2.400e+00 ; 7.9232998e+01 ; 8.7680275e+01 
3.500e+01 ; 8.000e-01 ; 2.400e+00 ; 7.9264998e+01 ; 8.7664108e+01 
3.500e+01 ; 8.000e-01 ; 2.400e+00 ; 7.9328998e+01 ; 8.7631844e+01 
3.500e+01 ; 8.000e-01 ; 2.400e+00 ; 7.9456998e+01 ; 8.7567558e+01 
3.500e+01 ; 8.000e-01 ; 2.400e+00 ; 7.9712998e+01 ; 8.7440186e+01 
3.500e+01 ; 8.000e-01 ; 2.400e+00 ; 8.0099998e+01 ; 8.7250702e+01 
3.500e+01 ; 8.000e-01 ; 2.400e+00 ; 8.0099998e+01 ; 8.7250702e+01 
3.500e+01 ; 8.000e-01 ; 2.400e+00 ; 8.0100998e+01 ; 8.7250214e+01 
3.500e+01 ; 8.000e-01 ; 2.400e+00 ; 8.0101998e+01 ; 8.7249725e+01 
3.500e+01 ; 8.000e-01 ; 2.400e+00 ; 8.0102998e+01 ; 8.7249237e+01 
3.500e+01 ; 8.000e-01 ; 2.400e+00 ; 8.0104998e+01 ; 8.7248260e+01 
3.500e+01 ; 8.000e-01 ; 2.400e+00 ; 8.0108998e+01 ; 8.7246300e+01 
3.500e+01 ; 8.000e-01 ; 2.400e+00 ; 8.0116998e+01 ; 8.7242386e+01 
3.500e+01 ; 8.000e-01 ; 2.400e+00 ; 8.0132998e+01 ; 8.7234566e+01 
3.500e+01 ; 8.000e-01 ; 2.400e+00 ; 8.0164998e+01 ; 8.7218941e+01 
3.500e+01 ; 8.000e-01 ; 2.400e+00 ; 8.0228998e+01 ; 8.7187775e+01 
3.500e+01 ; 8.000e-01 ; 2.400e+00 ; 8.0356998e+01 ; 8.7125816e+01 
3.500e+01 ; 8.000e-01 ; 2.400e+00 ; 8.0612998e+01 ; 8.7003387e+01 
3.500e+01 ; 8.000e-01 ; 2.400e+00 ; 8.0999998e+01 ; 8.6821884e+01 
3.500e+01 ; 8.000e-01 ; 2.400e+00 ; 8.0999998e+01 ; 8.6821884e+01 
3.500e+01 ; 8.000e-01 ; 2.400e+00 ; 8.1000998e+01 ; 8.6821419e+01 
3.500e+01 ; 8.000e-01 ; 2.400e+00 ; 8.1001998e+01 ; 8.6820946e+01 
3.500e+01 ; 8.000e-01 ; 2.400e+00 ; 8.1002998e+01 ; 8.6820480e+01 
3.500e+01 ; 8.000e-01 ; 2.400e+00 ; 8.1004998e+01 ; 8.6819542e+01 
3.500e+01 ; 8.000e-01 ; 2.400e+00 ; 8.1008998e+01 ; 8.6817665e+01 
3.500e+01 ; 8.000e-01 ; 2.400e+00 ; 8.1016998e+01 ; 8.6813919e+01 
3.500e+01 ; 8.000e-01 ; 2.400e+00 ; 8.1032998e+01 ; 8.6806427e+01 
3.500e+01 ; 8.000e-01 ; 2.400e+00 ; 8.1064998e+01 ; 8.6791466e+01 
3.500e+01 ; 8.000e-01 ; 2.400e+00 ; 8.1128998e+01 ; 8.6761650e+01 
3.500e+01 ; 8.000e-01 ; 2.400e+00 ; 8.1256998e+01 ; 8.6702423e+01 
3.500e+01 ; 8.000e-01 ; 2.400e+00 ; 8.1512998e+01 ; 8.6585579e+01 
3.500e+01 ; 8.000e-01 ; 2.400e+00 ; 8.1899998e+01 ; 8.6412689e+01 
3.500e+01 ; 8.000e-01 ; 2.400e+00 ; 8.1899998e+01 ; 8.6412689e+01 
3.500e+01 ; 8.000e-01 ; 2.400e+00 ; 8.1900998e+01 ; 8.6412247e+01 
3.500e+01 ; 8.000e-01 ; 2.400e+00 ; 8.1901998e+01 ; 8.6411797e+01 
3.500e+01 ; 8.000e-01 ; 2.400e+00 ; 8.1902998e+01 ; 8.6411354e+01 
3.500e+01 ; 8.000e-01 ; 2.400e+00 ; 8.1904998e+01 ; 8.6410461e+01 
3.500e+01 ; 8.000e-01 ; 2.400e+00 ; 8.1908998e+01 ; 8.6408676e+01 
3.500e+01 ; 8.000e-01 ; 2.400e+00 ; 8.1916998e+01 ; 8.6405106e+01 
3.500e+01 ; 8.000e-01 ; 2.400e+00 ; 8.1932998e+01 ; 8.6397972e+01 
3.500e+01 ; 8.000e-01 ; 2.400e+00 ; 8.1964998e+01 ; 8.6383743e+01 
3.500e+01 ; 8.000e-01 ; 2.400e+00 ; 8.2028998e+01 ; 8.6355553e+01 
3.500e+01 ; 8.000e-01 ; 2.400e+00 ; 8.2156998e+01 ; 8.6301537e+01 
3.500e+01 ; 8.000e-01 ; 2.400e+00 ; 8.2412998e+01 ; 8.6212646e+01 
3.500e+01 ; 8.000e-01 ; 2.400e+00 ; 8.2799998e+01 ; 8.6139099e+01 
3.500e+01 ; 8.000e-01 ; 2.400e+00 ; 8.2799998e+01 ; 8.6139099e+01 
3.500e+01 ; 8.000e-01 ; 2.400e+00 ; 8.2800998e+01 ; 8.6138908e+01 
3.500e+01 ; 8.000e-01 ; 2.400e+00 ; 8.2801998e+01 ; 8.6138718e+01 
3.500e+01 ; 8.000e-01 ; 2.400e+00 ; 8.2802998e+01 ; 8.6138527e+01 
3.500e+01 ; 8.000e-01 ; 2.400e+00 ; 8.2804998e+01 ; 8.6138153e+01 
3.500e+01 ; 8.000e-01 ; 2.400e+00 ; 8.2808998e+01 ; 8.6137405e+01 
3.500e+01 ; 8.000e-01 ; 2.400e+00 ; 8.2816998e+01 ; 8.6135941e+01 
3.500e+01 ; 8.000e-01 ; 2.400e+00 ; 8.2832998e+01 ; 8.6133118e+01 
3.500e+01 ; 8.000e-01 ; 2.400e+00 ; 8.2864998e+01 ; 8.6127907e+01 
3.500e+01 ; 8.000e-01 ; 2.400e+00 ; 8.2928998e+01 ; 8.6119293e+01 
3.500e+01 ; 8.000e-01 ; 2.400e+00 ; 8.3056998e+01 ; 8.6109642e+01 
3.500e+01 ; 8.000e-01 ; 2.400e+00 ; 8.3312998e+01 ; 8.6121056e+01 
3.500e+01 ; 8.000e-01 ; 2.400e+00 ; 8.3699998e+01 ; 8.6199524e+01 
3.500e+01 ; 8.000e-01 ; 2.400e+00 ; 8.3699998e+01 ; 8.6199524e+01 
3.500e+01 ; 8.000e-01 ; 2.400e+00 ; 8.3700998e+01 ; 8.6199730e+01 
3.500e+01 ; 8.000e-01 ; 2.400e+00 ; 8.3701998e+01 ; 8.6199936e+01 
3.500e+01 ; 8.000e-01 ; 2.400e+00 ; 8.3702998e+01 ; 8.6200142e+01 
3.500e+01 ; 8.000e-01 ; 2.400e+00 ; 8.3704998e+01 ; 8.6200546e+01 
3.500e+01 ; 8.000e-01 ; 2.400e+00 ; 8.3708998e+01 ; 8.6201370e+01 
3.500e+01 ; 8.000e-01 ; 2.400e+00 ; 8.3716998e+01 ; 8.6203049e+01 
3.500e+01 ; 8.000e-01 ; 2.400e+00 ; 8.3732998e+01 ; 8.6206512e+01 
3.500e+01 ; 8.000e-01 ; 2.400e+00 ; 8.3764998e+01 ; 8.6213837e+01 
3.500e+01 ; 8.000e-01 ; 2.400e+00 ; 8.3828998e+01 ; 8.6230057e+01 
3.500e+01 ; 8.000e-01 ; 2.400e+00 ; 8.3956998e+01 ; 8.6268326e+01 
3.500e+01 ; 8.000e-01 ; 2.400e+00 ; 8.4212998e+01 ; 8.6363487e+01 
3.500e+01 ; 8.000e-01 ; 2.400e+00 ; 8.4599998e+01 ; 8.6532768e+01 
3.500e+01 ; 8.000e-01 ; 2.400e+00 ; 8.4599998e+01 ; 8.6532768e+01 
3.500e+01 ; 8.000e-01 ; 2.400e+00 ; 8.4600998e+01 ; 8.6533203e+01 
3.500e+01 ; 8.000e-01 ; 2.400e+00 ; 8.4601998e+01 ; 8.6533638e+01 
3.500e+01 ; 8.000e-01 ; 2.400e+00 ; 8.4602998e+01 ; 8.6534081e+01 
3.500e+01 ; 8.000e-01 ; 2.400e+00 ; 8.4604998e+01 ; 8.6534958e+01 
3.500e+01 ; 8.000e-01 ; 2.400e+00 ; 8.4608998e+01 ; 8.6536713e+01 
3.500e+01 ; 8.000e-01 ; 2.400e+00 ; 8.4616998e+01 ; 8.6540237e+01 
3.500e+01 ; 8.000e-01 ; 2.400e+00 ; 8.4632998e+01 ; 8.6547318e+01 
3.500e+01 ; 8.000e-01 ; 2.400e+00 ; 8.4664998e+01 ; 8.6561646e+01 
3.500e+01 ; 8.000e-01 ; 2.400e+00 ; 8.4728998e+01 ; 8.6590820e+01 
3.500e+01 ; 8.000e-01 ; 2.400e+00 ; 8.4856998e+01 ; 8.6650642e+01 
3.500e+01 ; 8.000e-01 ; 2.400e+00 ; 8.5112998e+01 ; 8.6771233e+01 
3.500e+01 ; 8.000e-01 ; 2.400e+00 ; 8.5499998e+01 ; 8.6942062e+01 
3.500e+01 ; 8.000e-01 ; 2.400e+00 ; 8.5499998e+01 ; 8.6942062e+01 
3.500e+01 ; 8.000e-01 ; 2.400e+00 ; 8.5500998e+01 ; 8.6942505e+01 
3.500e+01 ; 8.000e-01 ; 2.400e+00 ; 8.5501998e+01 ; 8.6942947e+01 
3.500e+01 ; 8.000e-01 ; 2.400e+00 ; 8.5502998e+01 ; 8.6943390e+01 
3.500e+01 ; 8.000e-01 ; 2.400e+00 ; 8.5504998e+01 ; 8.6944267e+01 
3.500e+01 ; 8.000e-01 ; 2.400e+00 ; 8.5508998e+01 ; 8.6946030e+01 
3.500e+01 ; 8.000e-01 ; 2.400e+00 ; 8.5516998e+01 ; 8.6949554e+01 
3.500e+01 ; 8.000e-01 ; 2.400e+00 ; 8.5532998e+01 ; 8.6956573e+01 
3.500e+01 ; 8.000e-01 ; 2.400e+00 ; 8.5564998e+01 ; 8.6970520e+01 
3.500e+01 ; 8.000e-01 ; 2.400e+00 ; 8.5628998e+01 ; 8.6997978e+01 
3.500e+01 ; 8.000e-01 ; 2.400e+00 ; 8.5756998e+01 ; 8.7050743e+01 
3.500e+01 ; 8.000e-01 ; 2.400e+00 ; 8.6012998e+01 ; 8.7145035e+01 
3.500e+01 ; 8.000e-01 ; 2.400e+00 ; 8.6399998e+01 ; 8.7256203e+01 
3.500e+01 ; 8.000e-01 ; 2.400e+00 ; 8.6399998e+01 ; 8.7256203e+01 
3.500e+01 ; 8.000e-01 ; 2.400e+00 ; 8.6400998e+01 ; 8.7256493e+01 
3.500e+01 ; 8.000e-01 ; 2.400e+00 ; 8.6401998e+01 ; 8.7256783e+01 
3.500e+01 ; 8.000e-01 ; 2.400e+00 ; 8.6402998e+01 ; 8.7257065e+01 
3.500e+01 ; 8.000e-01 ; 2.400e+00 ; 8.6404998e+01 ; 8.7257637e+01 
3.500e+01 ; 8.000e-01 ; 2.400e+00 ; 8.6408998e+01 ; 8.7258781e+01 
3.500e+01 ; 8.000e-01 ; 2.400e+00 ; 8.6416998e+01 ; 8.7261047e+01 
3.500e+01 ; 8.000e-01 ; 2.400e+00 ; 8.6432998e+01 ; 8.7265533e+01 
3.500e+01 ; 8.000e-01 ; 2.400e+00 ; 8.6464998e+01 ; 8.7274284e+01 
3.500e+01 ; 8.000e-01 ; 2.400e+00 ; 8.6528998e+01 ; 8.7290878e+01 
3.500e+01 ; 8.000e-01 ; 2.400e+00 ; 8.6656998e+01 ; 8.7320335e+01 
3.500e+01 ; 8.000e-01 ; 2.400e+00 ; 8.6912998e+01 ; 8.7363792e+01 
3.500e+01 ; 8.000e-01 ; 2.400e+00 ; 8.7299998e+01 ; 8.7394341e+01 
3.500e+01 ; 8.000e-01 ; 2.400e+00 ; 8.7299998e+01 ; 8.7394341e+01 
3.500e+01 ; 8.000e-01 ; 2.400e+00 ; 8.7300998e+01 ; 8.7394417e+01 
3.500e+01 ; 8.000e-01 ; 2.400e+00 ; 8.7301998e+01 ; 8.7394501e+01 
3.500e+01 ; 8.000e-01 ; 2.400e+00 ; 8.7302998e+01 ; 8.7394577e+01 
3.500e+01 ; 8.000e-01 ; 2.400e+00 ; 8.7304998e+01 ; 8.7394730e+01 
3.500e+01 ; 8.000e-01 ; 2.400e+00 ; 8.7308998e+01 ; 8.7395042e+01 
3.500e+01 ; 8.000e-01 ; 2.400e+00 ; 8.7316998e+01 ; 8.7395638e+01 
3.500e+01 ; 8.000e-01 ; 2.400e+00 ; 8.7332998e+01 ; 8.7396782e+01 
3.500e+01 ; 8.000e-01 ; 2.400e+00 ; 8.7364998e+01 ; 8.7398819e+01 
3.500e+01 ; 8.000e-01 ; 2.400e+00 ; 8.7428998e+01 ; 8.7401939e+01 
3.500e+01 ; 8.000e-01 ; 2.400e+00 ; 8.7556998e+01 ; 8.7404404e+01 
3.500e+01 ; 8.000e-01 ; 2.400e+00 ; 8.7812998e+01 ; 8.7394791e+01 
3.500e+01 ; 8.000e-01 ; 2.400e+00 ; 8.8199998e+01 ; 8.7349686e+01 
3.500e+01 ; 8.000e-01 ; 2.400e+00 ; 8.8199998e+01 ; 8.7349686e+01 
3.500e+01 ; 8.000e-01 ; 2.400e+00 ; 8.8200998e+01 ; 8.7349571e+01 
3.500e+01 ; 8.000e-01 ; 2.400e+00 ; 8.8201998e+01 ; 8.7349457e+01 
3.500e+01 ; 8.000e-01 ; 2.400e+00 ; 8.8202998e+01 ; 8.7349335e+01 
3.500e+01 ; 8.000e-01 ; 2.400e+00 ; 8.8204998e+01 ; 8.7349098e+01 
3.500e+01 ; 8.000e-01 ; 2.400e+00 ; 8.8208998e+01 ; 8.7348625e+01 
3.500e+01 ; 8.000e-01 ; 2.400e+00 ; 8.8216998e+01 ; 8.7347672e+01 
3.500e+01 ; 8.000e-01 ; 2.400e+00 ; 8.8232998e+01 ; 8.7345695e+01 
3.500e+01 ; 8.000e-01 ; 2.400e+00 ; 8.8264998e+01 ; 8.7341545e+01 
3.500e+01 ; 8.000e-01 ; 2.400e+00 ; 8.8328998e+01 ; 8.7332436e+01 
3.500e+01 ; 8.000e-01 ; 2.400e+00 ; 8.8456998e+01 ; 8.7311073e+01 
3.500e+01 ; 8.000e-01 ; 2.400e+00 ; 8.8712998e+01 ; 8.7256721e+01 
3.500e+01 ; 8.000e-01 ; 2.400e+00 ; 8.9099998e+01 ; 8.7151108e+01 
3.500e+01 ; 8.000e-01 ; 2.400e+00 ; 8.9099998e+01 ; 8.7151108e+01 
3.500e+01 ; 8.000e-01 ; 2.400e+00 ; 8.9100998e+01 ; 8.7150833e+01 
3.500e+01 ; 8.000e-01 ; 2.400e+00 ; 8.9101998e+01 ; 8.7150558e+01 
3.500e+01 ; 8.000e-01 ; 2.400e+00 ; 8.9102998e+01 ; 8.7150284e+01 
3.500e+01 ; 8.000e-01 ; 2.400e+00 ; 8.9104998e+01 ; 8.7149742e+01 
3.500e+01 ; 8.000e-01 ; 2.400e+00 ; 8.9108998e+01 ; 8.7148643e+01 
3.500e+01 ; 8.000e-01 ; 2.400e+00 ; 8.9116998e+01 ; 8.7146439e+01 
3.500e+01 ; 8.000e-01 ; 2.400e+00 ; 8.9132998e+01 ; 8.7141991e+01 
3.500e+01 ; 8.000e-01 ; 2.400e+00 ; 8.9164998e+01 ; 8.7132935e+01 
3.500e+01 ; 8.000e-01 ; 2.400e+00 ; 8.9228998e+01 ; 8.7114220e+01 
3.500e+01 ; 8.000e-01 ; 2.400e+00 ; 8.9356998e+01 ; 8.7074440e+01 
3.500e+01 ; 8.000e-01 ; 2.400e+00 ; 8.9612998e+01 ; 8.6986435e+01 
3.500e+01 ; 8.000e-01 ; 2.400e+00 ; 8.9999998e+01 ; 8.6836876e+01 
3.500e+01 ; 8.000e-01 ; 2.400e+00 ; 8.9999998e+01 ; 8.6836876e+01 
3.500e+01 ; 8.000e-01 ; 2.400e+00 ; 9.0000998e+01 ; 8.6836487e+01 
3.500e+01 ; 8.000e-01 ; 2.400e+00 ; 9.0001998e+01 ; 8.6836098e+01 
3.500e+01 ; 8.000e-01 ; 2.400e+00 ; 9.0002998e+01 ; 8.6835716e+01 
3.500e+01 ; 8.000e-01 ; 2.400e+00 ; 9.0004998e+01 ; 8.6834938e+01 
3.500e+01 ; 8.000e-01 ; 2.400e+00 ; 9.0008998e+01 ; 8.6833389e+01 
3.500e+01 ; 8.000e-01 ; 2.400e+00 ; 9.0016998e+01 ; 8.6830284e+01 
3.500e+01 ; 8.000e-01 ; 2.400e+00 ; 9.0032998e+01 ; 8.6824043e+01 
3.500e+01 ; 8.000e-01 ; 2.400e+00 ; 9.0064998e+01 ; 8.6811447e+01 
3.500e+01 ; 8.000e-01 ; 2.400e+00 ; 9.0128998e+01 ; 8.6785843e+01 
3.500e+01 ; 8.000e-01 ; 2.400e+00 ; 9.0256998e+01 ; 8.6733017e+01 
3.500e+01 ; 8.000e-01 ; 2.400e+00 ; 9.0512998e+01 ; 8.6621658e+01 
3.500e+01 ; 8.000e-01 ; 2.400e+00 ; 9.0899998e+01 ; 8.6442528e+01 
3.500e+01 ; 8.000e-01 ; 2.400e+00 ; 9.0899998e+01 ; 8.6442528e+01 
3.500e+01 ; 8.000e-01 ; 2.400e+00 ; 9.0900998e+01 ; 8.6442070e+01 
3.500e+01 ; 8.000e-01 ; 2.400e+00 ; 9.0901998e+01 ; 8.6441605e+01 
3.500e+01 ; 8.000e-01 ; 2.400e+00 ; 9.0902998e+01 ; 8.6441139e+01 
3.500e+01 ; 8.000e-01 ; 2.400e+00 ; 9.0904998e+01 ; 8.6440216e+01 
3.500e+01 ; 8.000e-01 ; 2.400e+00 ; 9.0908998e+01 ; 8.6438362e+01 
3.500e+01 ; 8.000e-01 ; 2.400e+00 ; 9.0916998e+01 ; 8.6434647e+01 
3.500e+01 ; 8.000e-01 ; 2.400e+00 ; 9.0932998e+01 ; 8.6427208e+01 
3.500e+01 ; 8.000e-01 ; 2.400e+00 ; 9.0964998e+01 ; 8.6412247e+01 
3.500e+01 ; 8.000e-01 ; 2.400e+00 ; 9.1028998e+01 ; 8.6382057e+01 
3.500e+01 ; 8.000e-01 ; 2.400e+00 ; 9.1156998e+01 ; 8.6320656e+01 
3.500e+01 ; 8.000e-01 ; 2.400e+00 ; 9.1412998e+01 ; 8.6194305e+01 
3.500e+01 ; 8.000e-01 ; 2.400e+00 ; 9.1799998e+01 ; 8.5996895e+01 
3.500e+01 ; 8.000e-01 ; 2.400e+00 ; 9.1799998e+01 ; 8.5996895e+01 
3.500e+01 ; 8.000e-01 ; 2.400e+00 ; 9.1800998e+01 ; 8.5996384e+01 
3.500e+01 ; 8.000e-01 ; 2.400e+00 ; 9.1801998e+01 ; 8.5995872e+01 
3.500e+01 ; 8.000e-01 ; 2.400e+00 ; 9.1802998e+01 ; 8.5995361e+01 
3.500e+01 ; 8.000e-01 ; 2.400e+00 ; 9.1804998e+01 ; 8.5994339e+01 
3.500e+01 ; 8.000e-01 ; 2.400e+00 ; 9.1808998e+01 ; 8.5992294e+01 
3.500e+01 ; 8.000e-01 ; 2.400e+00 ; 9.1816998e+01 ; 8.5988213e+01 
3.500e+01 ; 8.000e-01 ; 2.400e+00 ; 9.1832998e+01 ; 8.5980026e+01 
3.500e+01 ; 8.000e-01 ; 2.400e+00 ; 9.1864998e+01 ; 8.5963615e+01 
3.500e+01 ; 8.000e-01 ; 2.400e+00 ; 9.1928998e+01 ; 8.5930641e+01 
3.500e+01 ; 8.000e-01 ; 2.400e+00 ; 9.2056998e+01 ; 8.5864090e+01 
3.500e+01 ; 8.000e-01 ; 2.400e+00 ; 9.2312998e+01 ; 8.5729065e+01 
3.500e+01 ; 8.000e-01 ; 2.400e+00 ; 9.2699998e+01 ; 8.5521744e+01 
3.500e+01 ; 8.000e-01 ; 2.400e+00 ; 9.2699998e+01 ; 8.5521744e+01 
3.500e+01 ; 8.000e-01 ; 2.400e+00 ; 9.2700998e+01 ; 8.5521202e+01 
3.500e+01 ; 8.000e-01 ; 2.400e+00 ; 9.2701998e+01 ; 8.5520668e+01 
3.500e+01 ; 8.000e-01 ; 2.400e+00 ; 9.2702998e+01 ; 8.5520134e+01 
3.500e+01 ; 8.000e-01 ; 2.400e+00 ; 9.2704998e+01 ; 8.5519058e+01 
3.500e+01 ; 8.000e-01 ; 2.400e+00 ; 9.2708998e+01 ; 8.5516914e+01 
3.500e+01 ; 8.000e-01 ; 2.400e+00 ; 9.2716998e+01 ; 8.5512627e+01 
3.500e+01 ; 8.000e-01 ; 2.400e+00 ; 9.2732998e+01 ; 8.5504044e+01 
3.500e+01 ; 8.000e-01 ; 2.400e+00 ; 9.2764998e+01 ; 8.5486862e+01 
3.500e+01 ; 8.000e-01 ; 2.400e+00 ; 9.2828998e+01 ; 8.5452408e+01 
3.500e+01 ; 8.000e-01 ; 2.400e+00 ; 9.2956998e+01 ; 8.5383247e+01 
3.500e+01 ; 8.000e-01 ; 2.400e+00 ; 9.3212998e+01 ; 8.5244125e+01 
3.500e+01 ; 8.000e-01 ; 2.400e+00 ; 9.3599998e+01 ; 8.5032875e+01 
3.500e+01 ; 8.000e-01 ; 2.400e+00 ; 9.3599998e+01 ; 8.5032875e+01 
3.500e+01 ; 8.000e-01 ; 2.400e+00 ; 9.3600998e+01 ; 8.5032326e+01 
3.500e+01 ; 8.000e-01 ; 2.400e+00 ; 9.3601998e+01 ; 8.5031784e+01 
3.500e+01 ; 8.000e-01 ; 2.400e+00 ; 9.3602998e+01 ; 8.5031235e+01 
3.500e+01 ; 8.000e-01 ; 2.400e+00 ; 9.3604998e+01 ; 8.5030144e+01 
3.500e+01 ; 8.000e-01 ; 2.400e+00 ; 9.3608998e+01 ; 8.5027962e+01 
3.500e+01 ; 8.000e-01 ; 2.400e+00 ; 9.3616998e+01 ; 8.5023590e+01 
3.500e+01 ; 8.000e-01 ; 2.400e+00 ; 9.3632998e+01 ; 8.5014854e+01 
3.500e+01 ; 8.000e-01 ; 2.400e+00 ; 9.3664998e+01 ; 8.4997375e+01 
3.500e+01 ; 8.000e-01 ; 2.400e+00 ; 9.3728998e+01 ; 8.4962395e+01 
3.500e+01 ; 8.000e-01 ; 2.400e+00 ; 9.3856998e+01 ; 8.4892395e+01 
3.500e+01 ; 8.000e-01 ; 2.400e+00 ; 9.4112998e+01 ; 8.4752411e+01 
3.500e+01 ; 8.000e-01 ; 2.400e+00 ; 9.4499997e+01 ; 8.4541405e+01 
3.500e+01 ; 8.000e-01 ; 2.400e+00 ; 9.4499997e+01 ; 8.4541405e+01 
3.500e+01 ; 8.000e-01 ; 2.400e+00 ; 9.4500997e+01 ; 8.4540863e+01 
3.500e+01 ; 8.000e-01 ; 2.400e+00 ; 9.4501997e+01 ; 8.4540314e+01 
3.500e+01 ; 8.000e-01 ; 2.400e+00 ; 9.4502997e+01 ; 8.4539772e+01 
3.500e+01 ; 8.000e-01 ; 2.400e+00 ; 9.4504997e+01 ; 8.4538681e+01 
3.500e+01 ; 8.000e-01 ; 2.400e+00 ; 9.4508997e+01 ; 8.4536499e+01 
3.500e+01 ; 8.000e-01 ; 2.400e+00 ; 9.4516997e+01 ; 8.4532135e+01 
3.500e+01 ; 8.000e-01 ; 2.400e+00 ; 9.4532997e+01 ; 8.4523415e+01 
3.500e+01 ; 8.000e-01 ; 2.400e+00 ; 9.4564997e+01 ; 8.4505981e+01 
3.500e+01 ; 8.000e-01 ; 2.400e+00 ; 9.4628997e+01 ; 8.4471123e+01 
3.500e+01 ; 8.000e-01 ; 2.400e+00 ; 9.4756997e+01 ; 8.4401520e+01 
3.500e+01 ; 8.000e-01 ; 2.400e+00 ; 9.5012998e+01 ; 8.4262878e+01 
3.500e+01 ; 8.000e-01 ; 2.400e+00 ; 9.5399997e+01 ; 8.4054962e+01 
3.500e+01 ; 8.000e-01 ; 2.400e+00 ; 9.5399997e+01 ; 8.4054962e+01 
3.500e+01 ; 8.000e-01 ; 2.400e+00 ; 9.5409997e+01 ; 8.4049591e+01 
3.500e+01 ; 8.000e-01 ; 2.400e+00 ; 9.5419997e+01 ; 8.4044220e+01 
3.500e+01 ; 8.000e-01 ; 2.400e+00 ; 9.5429997e+01 ; 8.4038849e+01 
3.500e+01 ; 8.000e-01 ; 2.400e+00 ; 9.5449997e+01 ; 8.4028114e+01 
3.500e+01 ; 8.000e-01 ; 2.400e+00 ; 9.5489997e+01 ; 8.4006668e+01 
3.500e+01 ; 8.000e-01 ; 2.400e+00 ; 9.5569997e+01 ; 8.3963844e+01 
3.500e+01 ; 8.000e-01 ; 2.400e+00 ; 9.5729997e+01 ; 8.3878540e+01 
3.500e+01 ; 8.000e-01 ; 2.400e+00 ; 9.6049997e+01 ; 8.3709435e+01 
3.500e+01 ; 8.000e-01 ; 2.400e+00 ; 9.6689997e+01 ; 8.3378159e+01 
3.500e+01 ; 8.000e-01 ; 2.400e+00 ; 9.7969997e+01 ; 8.2747253e+01 
3.500e+01 ; 8.000e-01 ; 2.400e+00 ; 9.9889997e+01 ; 8.1875664e+01 
3.500e+01 ; 8.000e-01 ; 2.400e+00 ; 1.0040000e+02 ; 8.1649445e+01