X ; Y ; Z ; time ; Temperature 
3.500e+01 ; 1.040e+01 ; 1.200e+00 ; 0.0000000e+00 ; 2.3500000e+02 
3.500e+01 ; 1.040e+01 ; 1.200e+00 ; 1.0000000e-03 ; 2.3500000e+02 
3.500e+01 ; 1.040e+01 ; 1.200e+00 ; 2.0000001e-03 ; 2.3500000e+02 
3.500e+01 ; 1.040e+01 ; 1.200e+00 ; 3.0000000e-03 ; 2.3500000e+02 
3.500e+01 ; 1.040e+01 ; 1.200e+00 ; 4.9999999e-03 ; 2.3500000e+02 
3.500e+01 ; 1.040e+01 ; 1.200e+00 ; 8.9999996e-03 ; 2.3500000e+02 
3.500e+01 ; 1.040e+01 ; 1.200e+00 ; 1.7000001e-02 ; 2.3500000e+02 
3.500e+01 ; 1.040e+01 ; 1.200e+00 ; 3.3000000e-02 ; 2.3500000e+02 
3.500e+01 ; 1.040e+01 ; 1.200e+00 ; 6.4999998e-02 ; 2.3500000e+02 
3.500e+01 ; 1.040e+01 ; 1.200e+00 ; 1.2899999e-01 ; 2.3500000e+02 
3.500e+01 ; 1.040e+01 ; 1.200e+00 ; 2.5700000e-01 ; 2.3500000e+02 
3.500e+01 ; 1.040e+01 ; 1.200e+00 ; 5.1300001e-01 ; 2.3500000e+02 
3.500e+01 ; 1.040e+01 ; 1.200e+00 ; 7.6899999e-01 ; 2.3500000e+02 
3.500e+01 ; 1.040e+01 ; 1.200e+00 ; 8.9999998e-01 ; 2.3500000e+02 
3.500e+01 ; 1.040e+01 ; 1.200e+00 ; 8.9999998e-01 ; 2.3500000e+02 
3.500e+01 ; 1.040e+01 ; 1.200e+00 ; 9.0099998e-01 ; 2.3500000e+02 
3.500e+01 ; 1.040e+01 ; 1.200e+00 ; 9.0199998e-01 ; 2.3500000e+02 
3.500e+01 ; 1.040e+01 ; 1.200e+00 ; 9.0299998e-01 ; 2.3500000e+02 
3.500e+01 ; 1.040e+01 ; 1.200e+00 ; 9.0499998e-01 ; 2.3500000e+02 
3.500e+01 ; 1.040e+01 ; 1.200e+00 ; 9.0899998e-01 ; 2.3500000e+02 
3.500e+01 ; 1.040e+01 ; 1.200e+00 ; 9.1699998e-01 ; 2.3500000e+02 
3.500e+01 ; 1.040e+01 ; 1.200e+00 ; 9.3299998e-01 ; 2.3500000e+02 
3.500e+01 ; 1.040e+01 ; 1.200e+00 ; 9.6499997e-01 ; 2.3500000e+02 
3.500e+01 ; 1.040e+01 ; 1.200e+00 ; 1.0290000e+00 ; 2.3500000e+02 
3.500e+01 ; 1.040e+01 ; 1.200e+00 ; 1.1570000e+00 ; 2.3500000e+02 
3.500e+01 ; 1.040e+01 ; 1.200e+00 ; 1.4130000e+00 ; 2.3500000e+02 
3.500e+01 ; 1.040e+01 ; 1.200e+00 ; 1.8000000e+00 ; 2.3500000e+02 
3.500e+01 ; 1.040e+01 ; 1.200e+00 ; 1.8000000e+00 ; 2.3500000e+02 
3.500e+01 ; 1.040e+01 ; 1.200e+00 ; 1.8010000e+00 ; 2.3500000e+02 
3.500e+01 ; 1.040e+01 ; 1.200e+00 ; 1.8020000e+00 ; 2.3500000e+02 
3.500e+01 ; 1.040e+01 ; 1.200e+00 ; 1.8030000e+00 ; 2.3500000e+02 
3.500e+01 ; 1.040e+01 ; 1.200e+00 ; 1.8050000e+00 ; 2.3500000e+02 
3.500e+01 ; 1.040e+01 ; 1.200e+00 ; 1.8090000e+00 ; 2.3500000e+02 
3.500e+01 ; 1.040e+01 ; 1.200e+00 ; 1.8170000e+00 ; 2.3500000e+02 
3.500e+01 ; 1.040e+01 ; 1.200e+00 ; 1.8330000e+00 ; 2.3500000e+02 
3.500e+01 ; 1.040e+01 ; 1.200e+00 ; 1.8649999e+00 ; 2.3500000e+02 
3.500e+01 ; 1.040e+01 ; 1.200e+00 ; 1.9289999e+00 ; 2.3500000e+02 
3.500e+01 ; 1.040e+01 ; 1.200e+00 ; 2.0570000e+00 ; 2.3500000e+02 
3.500e+01 ; 1.040e+01 ; 1.200e+00 ; 2.3130000e+00 ; 2.3500000e+02 
3.500e+01 ; 1.040e+01 ; 1.200e+00 ; 2.6999999e+00 ; 2.3500000e+02 
3.500e+01 ; 1.040e+01 ; 1.200e+00 ; 2.6999999e+00 ; 2.3500000e+02 
3.500e+01 ; 1.040e+01 ; 1.200e+00 ; 2.7009999e+00 ; 2.3500000e+02 
3.500e+01 ; 1.040e+01 ; 1.200e+00 ; 2.7019999e+00 ; 2.3500000e+02 
3.500e+01 ; 1.040e+01 ; 1.200e+00 ; 2.7029999e+00 ; 2.3500000e+02 
3.500e+01 ; 1.040e+01 ; 1.200e+00 ; 2.7049999e+00 ; 2.3500000e+02 
3.500e+01 ; 1.040e+01 ; 1.200e+00 ; 2.7089999e+00 ; 2.3500000e+02 
3.500e+01 ; 1.040e+01 ; 1.200e+00 ; 2.7169999e+00 ; 2.3500000e+02 
3.500e+01 ; 1.040e+01 ; 1.200e+00 ; 2.7329999e+00 ; 2.3500000e+02 
3.500e+01 ; 1.040e+01 ; 1.200e+00 ; 2.7649999e+00 ; 2.3500000e+02 
3.500e+01 ; 1.040e+01 ; 1.200e+00 ; 2.8289999e+00 ; 2.3500000e+02 
3.500e+01 ; 1.040e+01 ; 1.200e+00 ; 2.9569999e+00 ; 2.3500000e+02 
3.500e+01 ; 1.040e+01 ; 1.200e+00 ; 3.2129999e+00 ; 2.3500000e+02 
3.500e+01 ; 1.040e+01 ; 1.200e+00 ; 3.5999999e+00 ; 2.3500000e+02 
3.500e+01 ; 1.040e+01 ; 1.200e+00 ; 3.5999999e+00 ; 2.3500000e+02 
3.500e+01 ; 1.040e+01 ; 1.200e+00 ; 3.6009999e+00 ; 2.3500000e+02 
3.500e+01 ; 1.040e+01 ; 1.200e+00 ; 3.6019999e+00 ; 2.3500000e+02 
3.500e+01 ; 1.040e+01 ; 1.200e+00 ; 3.6029999e+00 ; 2.3500000e+02 
3.500e+01 ; 1.040e+01 ; 1.200e+00 ; 3.6049999e+00 ; 2.3500000e+02 
3.500e+01 ; 1.040e+01 ; 1.200e+00 ; 3.6089999e+00 ; 2.3500000e+02 
3.500e+01 ; 1.040e+01 ; 1.200e+00 ; 3.6169999e+00 ; 2.3500000e+02 
3.500e+01 ; 1.040e+01 ; 1.200e+00 ; 3.6329999e+00 ; 2.3500000e+02 
3.500e+01 ; 1.040e+01 ; 1.200e+00 ; 3.6649999e+00 ; 2.3500000e+02 
3.500e+01 ; 1.040e+01 ; 1.200e+00 ; 3.7289999e+00 ; 2.3500000e+02 
3.500e+01 ; 1.040e+01 ; 1.200e+00 ; 3.8569999e+00 ; 2.3500000e+02 
3.500e+01 ; 1.040e+01 ; 1.200e+00 ; 4.1129999e+00 ; 2.3500000e+02 
3.500e+01 ; 1.040e+01 ; 1.200e+00 ; 4.4999999e+00 ; 2.3500000e+02 
3.500e+01 ; 1.040e+01 ; 1.200e+00 ; 4.4999999e+00 ; 2.3500000e+02 
3.500e+01 ; 1.040e+01 ; 1.200e+00 ; 4.5009999e+00 ; 2.3500000e+02 
3.500e+01 ; 1.040e+01 ; 1.200e+00 ; 4.5019999e+00 ; 2.3500000e+02 
3.500e+01 ; 1.040e+01 ; 1.200e+00 ; 4.5029999e+00 ; 2.3500000e+02 
3.500e+01 ; 1.040e+01 ; 1.200e+00 ; 4.5049999e+00 ; 2.3500000e+02 
3.500e+01 ; 1.040e+01 ; 1.200e+00 ; 4.5089999e+00 ; 2.3500000e+02 
3.500e+01 ; 1.040e+01 ; 1.200e+00 ; 4.5169999e+00 ; 2.3500000e+02 
3.500e+01 ; 1.040e+01 ; 1.200e+00 ; 4.5329999e+00 ; 2.3500000e+02 
3.500e+01 ; 1.040e+01 ; 1.200e+00 ; 4.5649999e+00 ; 2.3500000e+02 
3.500e+01 ; 1.040e+01 ; 1.200e+00 ; 4.6289999e+00 ; 2.3500000e+02 
3.500e+01 ; 1.040e+01 ; 1.200e+00 ; 4.7569999e+00 ; 2.3500000e+02 
3.500e+01 ; 1.040e+01 ; 1.200e+00 ; 5.0129999e+00 ; 2.3500000e+02 
3.500e+01 ; 1.040e+01 ; 1.200e+00 ; 5.3999999e+00 ; 2.3500000e+02 
3.500e+01 ; 1.040e+01 ; 1.200e+00 ; 5.3999999e+00 ; 2.3500000e+02 
3.500e+01 ; 1.040e+01 ; 1.200e+00 ; 5.4009999e+00 ; 2.3500000e+02 
3.500e+01 ; 1.040e+01 ; 1.200e+00 ; 5.4019999e+00 ; 2.3500000e+02 
3.500e+01 ; 1.040e+01 ; 1.200e+00 ; 5.4029999e+00 ; 2.3500000e+02 
3.500e+01 ; 1.040e+01 ; 1.200e+00 ; 5.4049999e+00 ; 2.3500000e+02 
3.500e+01 ; 1.040e+01 ; 1.200e+00 ; 5.4089999e+00 ; 2.3500000e+02 
3.500e+01 ; 1.040e+01 ; 1.200e+00 ; 5.4169999e+00 ; 2.3500000e+02 
3.500e+01 ; 1.040e+01 ; 1.200e+00 ; 5.4329999e+00 ; 2.3500000e+02 
3.500e+01 ; 1.040e+01 ; 1.200e+00 ; 5.4649999e+00 ; 2.3500000e+02 
3.500e+01 ; 1.040e+01 ; 1.200e+00 ; 5.5289999e+00 ; 2.3500000e+02 
3.500e+01 ; 1.040e+01 ; 1.200e+00 ; 5.6569999e+00 ; 2.3500000e+02 
3.500e+01 ; 1.040e+01 ; 1.200e+00 ; 5.9129999e+00 ; 2.3500000e+02 
3.500e+01 ; 1.040e+01 ; 1.200e+00 ; 6.2999998e+00 ; 2.3500000e+02 
3.500e+01 ; 1.040e+01 ; 1.200e+00 ; 6.2999998e+00 ; 2.3500000e+02 
3.500e+01 ; 1.040e+01 ; 1.200e+00 ; 6.3009998e+00 ; 2.3500000e+02 
3.500e+01 ; 1.040e+01 ; 1.200e+00 ; 6.3019998e+00 ; 2.3500000e+02 
3.500e+01 ; 1.040e+01 ; 1.200e+00 ; 6.3029998e+00 ; 2.3500000e+02 
3.500e+01 ; 1.040e+01 ; 1.200e+00 ; 6.3049998e+00 ; 2.3500000e+02 
3.500e+01 ; 1.040e+01 ; 1.200e+00 ; 6.3089998e+00 ; 2.3500000e+02 
3.500e+01 ; 1.040e+01 ; 1.200e+00 ; 6.3169998e+00 ; 2.3500000e+02 
3.500e+01 ; 1.040e+01 ; 1.200e+00 ; 6.3329998e+00 ; 2.3500000e+02 
3.500e+01 ; 1.040e+01 ; 1.200e+00 ; 6.3649998e+00 ; 2.3500000e+02 
3.500e+01 ; 1.040e+01 ; 1.200e+00 ; 6.4289998e+00 ; 2.3500000e+02 
3.500e+01 ; 1.040e+01 ; 1.200e+00 ; 6.5569998e+00 ; 2.3500000e+02 
3.500e+01 ; 1.040e+01 ; 1.200e+00 ; 6.8129998e+00 ; 2.3500000e+02 
3.500e+01 ; 1.040e+01 ; 1.200e+00 ; 7.1999998e+00 ; 2.3500000e+02 
3.500e+01 ; 1.040e+01 ; 1.200e+00 ; 7.1999998e+00 ; 2.3500000e+02 
3.500e+01 ; 1.040e+01 ; 1.200e+00 ; 7.2009998e+00 ; 2.3500000e+02 
3.500e+01 ; 1.040e+01 ; 1.200e+00 ; 7.2019998e+00 ; 2.3500000e+02 
3.500e+01 ; 1.040e+01 ; 1.200e+00 ; 7.2029998e+00 ; 2.3500000e+02 
3.500e+01 ; 1.040e+01 ; 1.200e+00 ; 7.2049998e+00 ; 2.3500000e+02 
3.500e+01 ; 1.040e+01 ; 1.200e+00 ; 7.2089998e+00 ; 2.3500000e+02 
3.500e+01 ; 1.040e+01 ; 1.200e+00 ; 7.2169998e+00 ; 2.3500000e+02 
3.500e+01 ; 1.040e+01 ; 1.200e+00 ; 7.2329998e+00 ; 2.3500000e+02 
3.500e+01 ; 1.040e+01 ; 1.200e+00 ; 7.2649998e+00 ; 2.3500000e+02 
3.500e+01 ; 1.040e+01 ; 1.200e+00 ; 7.3289998e+00 ; 2.3500000e+02 
3.500e+01 ; 1.040e+01 ; 1.200e+00 ; 7.4569998e+00 ; 2.3500000e+02 
3.500e+01 ; 1.040e+01 ; 1.200e+00 ; 7.7129998e+00 ; 2.3500000e+02 
3.500e+01 ; 1.040e+01 ; 1.200e+00 ; 8.0999998e+00 ; 2.3500000e+02 
3.500e+01 ; 1.040e+01 ; 1.200e+00 ; 8.0999998e+00 ; 2.3500000e+02 
3.500e+01 ; 1.040e+01 ; 1.200e+00 ; 8.1009998e+00 ; 2.3500000e+02 
3.500e+01 ; 1.040e+01 ; 1.200e+00 ; 8.1019998e+00 ; 2.3500000e+02 
3.500e+01 ; 1.040e+01 ; 1.200e+00 ; 8.1029998e+00 ; 2.3500000e+02 
3.500e+01 ; 1.040e+01 ; 1.200e+00 ; 8.1049998e+00 ; 2.3500000e+02 
3.500e+01 ; 1.040e+01 ; 1.200e+00 ; 8.1089998e+00 ; 2.3500000e+02 
3.500e+01 ; 1.040e+01 ; 1.200e+00 ; 8.1169998e+00 ; 2.3500000e+02 
3.500e+01 ; 1.040e+01 ; 1.200e+00 ; 8.1329998e+00 ; 2.3500000e+02 
3.500e+01 ; 1.040e+01 ; 1.200e+00 ; 8.1649998e+00 ; 2.3500000e+02 
3.500e+01 ; 1.040e+01 ; 1.200e+00 ; 8.2289998e+00 ; 2.3500000e+02 
3.500e+01 ; 1.040e+01 ; 1.200e+00 ; 8.3569998e+00 ; 2.3500000e+02 
3.500e+01 ; 1.040e+01 ; 1.200e+00 ; 8.6129998e+00 ; 2.3500000e+02 
3.500e+01 ; 1.040e+01 ; 1.200e+00 ; 8.9999998e+00 ; 2.3500000e+02 
3.500e+01 ; 1.040e+01 ; 1.200e+00 ; 8.9999998e+00 ; 2.3500000e+02 
3.500e+01 ; 1.040e+01 ; 1.200e+00 ; 9.0009998e+00 ; 2.3500000e+02 
3.500e+01 ; 1.040e+01 ; 1.200e+00 ; 9.0019998e+00 ; 2.3500000e+02 
3.500e+01 ; 1.040e+01 ; 1.200e+00 ; 9.0029998e+00 ; 2.3500000e+02 
3.500e+01 ; 1.040e+01 ; 1.200e+00 ; 9.0049998e+00 ; 2.3500000e+02 
3.500e+01 ; 1.040e+01 ; 1.200e+00 ; 9.0089998e+00 ; 2.3500000e+02 
3.500e+01 ; 1.040e+01 ; 1.200e+00 ; 9.0169998e+00 ; 2.3500000e+02 
3.500e+01 ; 1.040e+01 ; 1.200e+00 ; 9.0329998e+00 ; 2.3500000e+02 
3.500e+01 ; 1.040e+01 ; 1.200e+00 ; 9.0649998e+00 ; 2.3500000e+02 
3.500e+01 ; 1.040e+01 ; 1.200e+00 ; 9.1289998e+00 ; 2.3500000e+02 
3.500e+01 ; 1.040e+01 ; 1.200e+00 ; 9.2569998e+00 ; 2.3500000e+02 
3.500e+01 ; 1.040e+01 ; 1.200e+00 ; 9.5129998e+00 ; 2.3500000e+02 
3.500e+01 ; 1.040e+01 ; 1.200e+00 ; 9.8999997e+00 ; 2.3500000e+02 
3.500e+01 ; 1.040e+01 ; 1.200e+00 ; 9.8999997e+00 ; 2.3500000e+02 
3.500e+01 ; 1.040e+01 ; 1.200e+00 ; 9.9009997e+00 ; 2.3500000e+02 
3.500e+01 ; 1.040e+01 ; 1.200e+00 ; 9.9019997e+00 ; 2.3500000e+02 
3.500e+01 ; 1.040e+01 ; 1.200e+00 ; 9.9029997e+00 ; 2.3500000e+02 
3.500e+01 ; 1.040e+01 ; 1.200e+00 ; 9.9049997e+00 ; 2.3500000e+02 
3.500e+01 ; 1.040e+01 ; 1.200e+00 ; 9.9089997e+00 ; 2.3500000e+02 
3.500e+01 ; 1.040e+01 ; 1.200e+00 ; 9.9169997e+00 ; 2.3500000e+02 
3.500e+01 ; 1.040e+01 ; 1.200e+00 ; 9.9329997e+00 ; 2.3500000e+02 
3.500e+01 ; 1.040e+01 ; 1.200e+00 ; 9.9649997e+00 ; 2.3500000e+02 
3.500e+01 ; 1.040e+01 ; 1.200e+00 ; 1.0029000e+01 ; 2.3500000e+02 
3.500e+01 ; 1.040e+01 ; 1.200e+00 ; 1.0157000e+01 ; 2.3500000e+02 
3.500e+01 ; 1.040e+01 ; 1.200e+00 ; 1.0413000e+01 ; 2.3500000e+02 
3.500e+01 ; 1.040e+01 ; 1.200e+00 ; 1.0800000e+01 ; 2.3500000e+02 
3.500e+01 ; 1.040e+01 ; 1.200e+00 ; 1.0800000e+01 ; 2.3500000e+02 
3.500e+01 ; 1.040e+01 ; 1.200e+00 ; 1.0801000e+01 ; 2.3500000e+02 
3.500e+01 ; 1.040e+01 ; 1.200e+00 ; 1.0802000e+01 ; 2.3500000e+02 
3.500e+01 ; 1.040e+01 ; 1.200e+00 ; 1.0803000e+01 ; 2.3500000e+02 
3.500e+01 ; 1.040e+01 ; 1.200e+00 ; 1.0805000e+01 ; 2.3500000e+02 
3.500e+01 ; 1.040e+01 ; 1.200e+00 ; 1.0809000e+01 ; 2.3500000e+02 
3.500e+01 ; 1.040e+01 ; 1.200e+00 ; 1.0817000e+01 ; 2.3500000e+02 
3.500e+01 ; 1.040e+01 ; 1.200e+00 ; 1.0833000e+01 ; 2.3500000e+02 
3.500e+01 ; 1.040e+01 ; 1.200e+00 ; 1.0865000e+01 ; 2.3500000e+02 
3.500e+01 ; 1.040e+01 ; 1.200e+00 ; 1.0929000e+01 ; 2.3500000e+02 
3.500e+01 ; 1.040e+01 ; 1.200e+00 ; 1.1057000e+01 ; 2.3500000e+02 
3.500e+01 ; 1.040e+01 ; 1.200e+00 ; 1.1313000e+01 ; 2.3500000e+02 
3.500e+01 ; 1.040e+01 ; 1.200e+00 ; 1.1700000e+01 ; 2.3500000e+02 
3.500e+01 ; 1.040e+01 ; 1.200e+00 ; 1.1700000e+01 ; 2.3500000e+02 
3.500e+01 ; 1.040e+01 ; 1.200e+00 ; 1.1701000e+01 ; 2.3500000e+02 
3.500e+01 ; 1.040e+01 ; 1.200e+00 ; 1.1702000e+01 ; 2.3500000e+02 
3.500e+01 ; 1.040e+01 ; 1.200e+00 ; 1.1703000e+01 ; 2.3500000e+02 
3.500e+01 ; 1.040e+01 ; 1.200e+00 ; 1.1705000e+01 ; 2.3500000e+02 
3.500e+01 ; 1.040e+01 ; 1.200e+00 ; 1.1709000e+01 ; 2.3500000e+02 
3.500e+01 ; 1.040e+01 ; 1.200e+00 ; 1.1717000e+01 ; 2.3500000e+02 
3.500e+01 ; 1.040e+01 ; 1.200e+00 ; 1.1733000e+01 ; 2.3500000e+02 
3.500e+01 ; 1.040e+01 ; 1.200e+00 ; 1.1765000e+01 ; 2.3500000e+02 
3.500e+01 ; 1.040e+01 ; 1.200e+00 ; 1.1829000e+01 ; 2.3500000e+02 
3.500e+01 ; 1.040e+01 ; 1.200e+00 ; 1.1957000e+01 ; 2.3500000e+02 
3.500e+01 ; 1.040e+01 ; 1.200e+00 ; 1.2213000e+01 ; 2.3500000e+02 
3.500e+01 ; 1.040e+01 ; 1.200e+00 ; 1.2600000e+01 ; 2.3500000e+02 
3.500e+01 ; 1.040e+01 ; 1.200e+00 ; 1.2600000e+01 ; 2.3500000e+02 
3.500e+01 ; 1.040e+01 ; 1.200e+00 ; 1.2601000e+01 ; 2.3500000e+02 
3.500e+01 ; 1.040e+01 ; 1.200e+00 ; 1.2602000e+01 ; 2.3500000e+02 
3.500e+01 ; 1.040e+01 ; 1.200e+00 ; 1.2603000e+01 ; 2.3500000e+02 
3.500e+01 ; 1.040e+01 ; 1.200e+00 ; 1.2605000e+01 ; 2.3500000e+02 
3.500e+01 ; 1.040e+01 ; 1.200e+00 ; 1.2609000e+01 ; 2.3500000e+02 
3.500e+01 ; 1.040e+01 ; 1.200e+00 ; 1.2617000e+01 ; 2.3500000e+02 
3.500e+01 ; 1.040e+01 ; 1.200e+00 ; 1.2633000e+01 ; 2.3500000e+02 
3.500e+01 ; 1.040e+01 ; 1.200e+00 ; 1.2665000e+01 ; 2.3500000e+02 
3.500e+01 ; 1.040e+01 ; 1.200e+00 ; 1.2729000e+01 ; 2.3500000e+02 
3.500e+01 ; 1.040e+01 ; 1.200e+00 ; 1.2857000e+01 ; 2.3500000e+02 
3.500e+01 ; 1.040e+01 ; 1.200e+00 ; 1.3113000e+01 ; 2.3500000e+02 
3.500e+01 ; 1.040e+01 ; 1.200e+00 ; 1.3500000e+01 ; 2.3500000e+02 
3.500e+01 ; 1.040e+01 ; 1.200e+00 ; 1.3500000e+01 ; 2.3500000e+02 
3.500e+01 ; 1.040e+01 ; 1.200e+00 ; 1.3501000e+01 ; 2.3500000e+02 
3.500e+01 ; 1.040e+01 ; 1.200e+00 ; 1.3502000e+01 ; 2.3500000e+02 
3.500e+01 ; 1.040e+01 ; 1.200e+00 ; 1.3503000e+01 ; 2.3500000e+02 
3.500e+01 ; 1.040e+01 ; 1.200e+00 ; 1.3505000e+01 ; 2.3500000e+02 
3.500e+01 ; 1.040e+01 ; 1.200e+00 ; 1.3509000e+01 ; 2.3500000e+02 
3.500e+01 ; 1.040e+01 ; 1.200e+00 ; 1.3517000e+01 ; 2.3500000e+02 
3.500e+01 ; 1.040e+01 ; 1.200e+00 ; 1.3533000e+01 ; 2.3500000e+02 
3.500e+01 ; 1.040e+01 ; 1.200e+00 ; 1.3565000e+01 ; 2.3500000e+02 
3.500e+01 ; 1.040e+01 ; 1.200e+00 ; 1.3629000e+01 ; 2.3500000e+02 
3.500e+01 ; 1.040e+01 ; 1.200e+00 ; 1.3757000e+01 ; 2.3500000e+02 
3.500e+01 ; 1.040e+01 ; 1.200e+00 ; 1.4013000e+01 ; 2.3500000e+02 
3.500e+01 ; 1.040e+01 ; 1.200e+00 ; 1.4400000e+01 ; 2.3500000e+02 
3.500e+01 ; 1.040e+01 ; 1.200e+00 ; 1.4400000e+01 ; 2.3500000e+02 
3.500e+01 ; 1.040e+01 ; 1.200e+00 ; 1.4401000e+01 ; 2.3500000e+02 
3.500e+01 ; 1.040e+01 ; 1.200e+00 ; 1.4402000e+01 ; 2.3500000e+02 
3.500e+01 ; 1.040e+01 ; 1.200e+00 ; 1.4403000e+01 ; 2.3500000e+02 
3.500e+01 ; 1.040e+01 ; 1.200e+00 ; 1.4405000e+01 ; 2.3500000e+02 
3.500e+01 ; 1.040e+01 ; 1.200e+00 ; 1.4409000e+01 ; 2.3500000e+02 
3.500e+01 ; 1.040e+01 ; 1.200e+00 ; 1.4417000e+01 ; 2.3500000e+02 
3.500e+01 ; 1.040e+01 ; 1.200e+00 ; 1.4433000e+01 ; 2.3500000e+02 
3.500e+01 ; 1.040e+01 ; 1.200e+00 ; 1.4465000e+01 ; 2.3500000e+02 
3.500e+01 ; 1.040e+01 ; 1.200e+00 ; 1.4529000e+01 ; 2.3500000e+02 
3.500e+01 ; 1.040e+01 ; 1.200e+00 ; 1.4657000e+01 ; 2.3500000e+02 
3.500e+01 ; 1.040e+01 ; 1.200e+00 ; 1.4913000e+01 ; 2.3500000e+02 
3.500e+01 ; 1.040e+01 ; 1.200e+00 ; 1.5300000e+01 ; 2.3500000e+02 
3.500e+01 ; 1.040e+01 ; 1.200e+00 ; 1.5300000e+01 ; 2.3500000e+02 
3.500e+01 ; 1.040e+01 ; 1.200e+00 ; 1.5301000e+01 ; 2.3500000e+02 
3.500e+01 ; 1.040e+01 ; 1.200e+00 ; 1.5302000e+01 ; 2.3500000e+02 
3.500e+01 ; 1.040e+01 ; 1.200e+00 ; 1.5303000e+01 ; 2.3500000e+02 
3.500e+01 ; 1.040e+01 ; 1.200e+00 ; 1.5305000e+01 ; 2.3500000e+02 
3.500e+01 ; 1.040e+01 ; 1.200e+00 ; 1.5309000e+01 ; 2.3500000e+02 
3.500e+01 ; 1.040e+01 ; 1.200e+00 ; 1.5317000e+01 ; 2.3500000e+02 
3.500e+01 ; 1.040e+01 ; 1.200e+00 ; 1.5333000e+01 ; 2.3500000e+02 
3.500e+01 ; 1.040e+01 ; 1.200e+00 ; 1.5365000e+01 ; 2.3500000e+02 
3.500e+01 ; 1.040e+01 ; 1.200e+00 ; 1.5429000e+01 ; 2.3500000e+02 
3.500e+01 ; 1.040e+01 ; 1.200e+00 ; 1.5557000e+01 ; 2.3500000e+02 
3.500e+01 ; 1.040e+01 ; 1.200e+00 ; 1.5813000e+01 ; 2.3500000e+02 
3.500e+01 ; 1.040e+01 ; 1.200e+00 ; 1.6200000e+01 ; 2.3500000e+02 
3.500e+01 ; 1.040e+01 ; 1.200e+00 ; 1.6200000e+01 ; 2.3500000e+02 
3.500e+01 ; 1.040e+01 ; 1.200e+00 ; 1.6201000e+01 ; 2.3500000e+02 
3.500e+01 ; 1.040e+01 ; 1.200e+00 ; 1.6202000e+01 ; 2.3500000e+02 
3.500e+01 ; 1.040e+01 ; 1.200e+00 ; 1.6203000e+01 ; 2.3500000e+02 
3.500e+01 ; 1.040e+01 ; 1.200e+00 ; 1.6205000e+01 ; 2.3500000e+02 
3.500e+01 ; 1.040e+01 ; 1.200e+00 ; 1.6209000e+01 ; 2.3500000e+02 
3.500e+01 ; 1.040e+01 ; 1.200e+00 ; 1.6217000e+01 ; 2.3500000e+02 
3.500e+01 ; 1.040e+01 ; 1.200e+00 ; 1.6233000e+01 ; 2.3500000e+02 
3.500e+01 ; 1.040e+01 ; 1.200e+00 ; 1.6265000e+01 ; 2.3500000e+02 
3.500e+01 ; 1.040e+01 ; 1.200e+00 ; 1.6329000e+01 ; 2.3500000e+02 
3.500e+01 ; 1.040e+01 ; 1.200e+00 ; 1.6457000e+01 ; 2.3500000e+02 
3.500e+01 ; 1.040e+01 ; 1.200e+00 ; 1.6713000e+01 ; 2.3500000e+02 
3.500e+01 ; 1.040e+01 ; 1.200e+00 ; 1.7100000e+01 ; 2.3500000e+02 
3.500e+01 ; 1.040e+01 ; 1.200e+00 ; 1.7100000e+01 ; 2.3500000e+02 
3.500e+01 ; 1.040e+01 ; 1.200e+00 ; 1.7101000e+01 ; 2.3500000e+02 
3.500e+01 ; 1.040e+01 ; 1.200e+00 ; 1.7102000e+01 ; 2.3500000e+02 
3.500e+01 ; 1.040e+01 ; 1.200e+00 ; 1.7103000e+01 ; 2.3500000e+02 
3.500e+01 ; 1.040e+01 ; 1.200e+00 ; 1.7105000e+01 ; 2.3500000e+02 
3.500e+01 ; 1.040e+01 ; 1.200e+00 ; 1.7109000e+01 ; 2.3500000e+02 
3.500e+01 ; 1.040e+01 ; 1.200e+00 ; 1.7117000e+01 ; 2.3500000e+02 
3.500e+01 ; 1.040e+01 ; 1.200e+00 ; 1.7133000e+01 ; 2.3500000e+02 
3.500e+01 ; 1.040e+01 ; 1.200e+00 ; 1.7165000e+01 ; 2.3500000e+02 
3.500e+01 ; 1.040e+01 ; 1.200e+00 ; 1.7229000e+01 ; 2.3500000e+02 
3.500e+01 ; 1.040e+01 ; 1.200e+00 ; 1.7357000e+01 ; 2.3500000e+02 
3.500e+01 ; 1.040e+01 ; 1.200e+00 ; 1.7613000e+01 ; 2.3500000e+02 
3.500e+01 ; 1.040e+01 ; 1.200e+00 ; 1.8000000e+01 ; 2.3500000e+02 
3.500e+01 ; 1.040e+01 ; 1.200e+00 ; 1.8000000e+01 ; 2.3500000e+02 
3.500e+01 ; 1.040e+01 ; 1.200e+00 ; 1.8001000e+01 ; 2.3500000e+02 
3.500e+01 ; 1.040e+01 ; 1.200e+00 ; 1.8002000e+01 ; 2.3500000e+02 
3.500e+01 ; 1.040e+01 ; 1.200e+00 ; 1.8003000e+01 ; 2.3500000e+02 
3.500e+01 ; 1.040e+01 ; 1.200e+00 ; 1.8005000e+01 ; 2.3500000e+02 
3.500e+01 ; 1.040e+01 ; 1.200e+00 ; 1.8009000e+01 ; 2.3500000e+02 
3.500e+01 ; 1.040e+01 ; 1.200e+00 ; 1.8017000e+01 ; 2.3500000e+02 
3.500e+01 ; 1.040e+01 ; 1.200e+00 ; 1.8033000e+01 ; 2.3500000e+02 
3.500e+01 ; 1.040e+01 ; 1.200e+00 ; 1.8065000e+01 ; 2.3500000e+02 
3.500e+01 ; 1.040e+01 ; 1.200e+00 ; 1.8129000e+01 ; 2.3500000e+02 
3.500e+01 ; 1.040e+01 ; 1.200e+00 ; 1.8257000e+01 ; 2.3500000e+02 
3.500e+01 ; 1.040e+01 ; 1.200e+00 ; 1.8513000e+01 ; 2.3500000e+02 
3.500e+01 ; 1.040e+01 ; 1.200e+00 ; 1.8899999e+01 ; 2.3500000e+02 
3.500e+01 ; 1.040e+01 ; 1.200e+00 ; 1.8899999e+01 ; 2.3500000e+02 
3.500e+01 ; 1.040e+01 ; 1.200e+00 ; 1.8900999e+01 ; 2.3500000e+02 
3.500e+01 ; 1.040e+01 ; 1.200e+00 ; 1.8901999e+01 ; 2.3500000e+02 
3.500e+01 ; 1.040e+01 ; 1.200e+00 ; 1.8902999e+01 ; 2.3500000e+02 
3.500e+01 ; 1.040e+01 ; 1.200e+00 ; 1.8904999e+01 ; 2.3500000e+02 
3.500e+01 ; 1.040e+01 ; 1.200e+00 ; 1.8908999e+01 ; 2.3500000e+02 
3.500e+01 ; 1.040e+01 ; 1.200e+00 ; 1.8917000e+01 ; 2.3500000e+02 
3.500e+01 ; 1.040e+01 ; 1.200e+00 ; 1.8932999e+01 ; 2.3500000e+02 
3.500e+01 ; 1.040e+01 ; 1.200e+00 ; 1.8964999e+01 ; 2.3500000e+02 
3.500e+01 ; 1.040e+01 ; 1.200e+00 ; 1.9028999e+01 ; 2.3500000e+02 
3.500e+01 ; 1.040e+01 ; 1.200e+00 ; 1.9156999e+01 ; 2.3500000e+02 
3.500e+01 ; 1.040e+01 ; 1.200e+00 ; 1.9413000e+01 ; 2.3500000e+02 
3.500e+01 ; 1.040e+01 ; 1.200e+00 ; 1.9799999e+01 ; 2.3500000e+02 
3.500e+01 ; 1.040e+01 ; 1.200e+00 ; 1.9799999e+01 ; 2.3500000e+02 
3.500e+01 ; 1.040e+01 ; 1.200e+00 ; 1.9800999e+01 ; 2.3500000e+02 
3.500e+01 ; 1.040e+01 ; 1.200e+00 ; 1.9801999e+01 ; 2.3500000e+02 
3.500e+01 ; 1.040e+01 ; 1.200e+00 ; 1.9802999e+01 ; 2.3500000e+02 
3.500e+01 ; 1.040e+01 ; 1.200e+00 ; 1.9804999e+01 ; 2.3500000e+02 
3.500e+01 ; 1.040e+01 ; 1.200e+00 ; 1.9808999e+01 ; 2.3500000e+02 
3.500e+01 ; 1.040e+01 ; 1.200e+00 ; 1.9816999e+01 ; 2.3500000e+02 
3.500e+01 ; 1.040e+01 ; 1.200e+00 ; 1.9832999e+01 ; 2.3500000e+02 
3.500e+01 ; 1.040e+01 ; 1.200e+00 ; 1.9864999e+01 ; 2.3500000e+02 
3.500e+01 ; 1.040e+01 ; 1.200e+00 ; 1.9928999e+01 ; 2.3500000e+02 
3.500e+01 ; 1.040e+01 ; 1.200e+00 ; 2.0056999e+01 ; 2.3500000e+02 
3.500e+01 ; 1.040e+01 ; 1.200e+00 ; 2.0312999e+01 ; 2.3500000e+02 
3.500e+01 ; 1.040e+01 ; 1.200e+00 ; 2.0699999e+01 ; 2.3500000e+02 
3.500e+01 ; 1.040e+01 ; 1.200e+00 ; 2.0699999e+01 ; 2.3500000e+02 
3.500e+01 ; 1.040e+01 ; 1.200e+00 ; 2.0700999e+01 ; 2.3500000e+02 
3.500e+01 ; 1.040e+01 ; 1.200e+00 ; 2.0701999e+01 ; 2.3500000e+02 
3.500e+01 ; 1.040e+01 ; 1.200e+00 ; 2.0702999e+01 ; 2.3500000e+02 
3.500e+01 ; 1.040e+01 ; 1.200e+00 ; 2.0704999e+01 ; 2.3500000e+02 
3.500e+01 ; 1.040e+01 ; 1.200e+00 ; 2.0708999e+01 ; 2.3500000e+02 
3.500e+01 ; 1.040e+01 ; 1.200e+00 ; 2.0716999e+01 ; 2.3500000e+02 
3.500e+01 ; 1.040e+01 ; 1.200e+00 ; 2.0732999e+01 ; 2.3500000e+02 
3.500e+01 ; 1.040e+01 ; 1.200e+00 ; 2.0764999e+01 ; 2.3500000e+02 
3.500e+01 ; 1.040e+01 ; 1.200e+00 ; 2.0828999e+01 ; 2.3500000e+02 
3.500e+01 ; 1.040e+01 ; 1.200e+00 ; 2.0956999e+01 ; 2.3500000e+02 
3.500e+01 ; 1.040e+01 ; 1.200e+00 ; 2.1212999e+01 ; 2.3500000e+02 
3.500e+01 ; 1.040e+01 ; 1.200e+00 ; 2.1599999e+01 ; 2.3500000e+02 
3.500e+01 ; 1.040e+01 ; 1.200e+00 ; 2.1599999e+01 ; 2.3500000e+02 
3.500e+01 ; 1.040e+01 ; 1.200e+00 ; 2.1600999e+01 ; 2.3500000e+02 
3.500e+01 ; 1.040e+01 ; 1.200e+00 ; 2.1601999e+01 ; 2.3500000e+02 
3.500e+01 ; 1.040e+01 ; 1.200e+00 ; 2.1602999e+01 ; 2.3500000e+02 
3.500e+01 ; 1.040e+01 ; 1.200e+00 ; 2.1604999e+01 ; 2.3500000e+02 
3.500e+01 ; 1.040e+01 ; 1.200e+00 ; 2.1608999e+01 ; 2.3500000e+02 
3.500e+01 ; 1.040e+01 ; 1.200e+00 ; 2.1616999e+01 ; 2.3500000e+02 
3.500e+01 ; 1.040e+01 ; 1.200e+00 ; 2.1632999e+01 ; 2.3500000e+02 
3.500e+01 ; 1.040e+01 ; 1.200e+00 ; 2.1664999e+01 ; 2.3500000e+02 
3.500e+01 ; 1.040e+01 ; 1.200e+00 ; 2.1728999e+01 ; 2.3500000e+02 
3.500e+01 ; 1.040e+01 ; 1.200e+00 ; 2.1856999e+01 ; 2.3500000e+02 
3.500e+01 ; 1.040e+01 ; 1.200e+00 ; 2.2112999e+01 ; 2.3500000e+02 
3.500e+01 ; 1.040e+01 ; 1.200e+00 ; 2.2499999e+01 ; 2.3500000e+02 
3.500e+01 ; 1.040e+01 ; 1.200e+00 ; 2.2499999e+01 ; 2.3500000e+02 
3.500e+01 ; 1.040e+01 ; 1.200e+00 ; 2.2500999e+01 ; 2.3500000e+02 
3.500e+01 ; 1.040e+01 ; 1.200e+00 ; 2.2501999e+01 ; 2.3500000e+02 
3.500e+01 ; 1.040e+01 ; 1.200e+00 ; 2.2502999e+01 ; 2.3500000e+02 
3.500e+01 ; 1.040e+01 ; 1.200e+00 ; 2.2504999e+01 ; 2.3500000e+02 
3.500e+01 ; 1.040e+01 ; 1.200e+00 ; 2.2508999e+01 ; 2.3500000e+02 
3.500e+01 ; 1.040e+01 ; 1.200e+00 ; 2.2516999e+01 ; 2.3500000e+02 
3.500e+01 ; 1.040e+01 ; 1.200e+00 ; 2.2532999e+01 ; 2.3500000e+02 
3.500e+01 ; 1.040e+01 ; 1.200e+00 ; 2.2564999e+01 ; 2.3500000e+02 
3.500e+01 ; 1.040e+01 ; 1.200e+00 ; 2.2628999e+01 ; 2.3500000e+02 
3.500e+01 ; 1.040e+01 ; 1.200e+00 ; 2.2756999e+01 ; 2.3500000e+02 
3.500e+01 ; 1.040e+01 ; 1.200e+00 ; 2.3012999e+01 ; 2.3500000e+02 
3.500e+01 ; 1.040e+01 ; 1.200e+00 ; 2.3399999e+01 ; 2.3500000e+02 
3.500e+01 ; 1.040e+01 ; 1.200e+00 ; 2.3399999e+01 ; 2.3500000e+02 
3.500e+01 ; 1.040e+01 ; 1.200e+00 ; 2.3400999e+01 ; 2.3500000e+02 
3.500e+01 ; 1.040e+01 ; 1.200e+00 ; 2.3401999e+01 ; 2.3500000e+02 
3.500e+01 ; 1.040e+01 ; 1.200e+00 ; 2.3402999e+01 ; 2.3500000e+02 
3.500e+01 ; 1.040e+01 ; 1.200e+00 ; 2.3404999e+01 ; 2.3500000e+02 
3.500e+01 ; 1.040e+01 ; 1.200e+00 ; 2.3408999e+01 ; 2.3500000e+02 
3.500e+01 ; 1.040e+01 ; 1.200e+00 ; 2.3416999e+01 ; 2.3500000e+02 
3.500e+01 ; 1.040e+01 ; 1.200e+00 ; 2.3432999e+01 ; 2.3500000e+02 
3.500e+01 ; 1.040e+01 ; 1.200e+00 ; 2.3464999e+01 ; 2.3500000e+02 
3.500e+01 ; 1.040e+01 ; 1.200e+00 ; 2.3528999e+01 ; 2.3500000e+02 
3.500e+01 ; 1.040e+01 ; 1.200e+00 ; 2.3656999e+01 ; 2.3500000e+02 
3.500e+01 ; 1.040e+01 ; 1.200e+00 ; 2.3912999e+01 ; 2.3500000e+02 
3.500e+01 ; 1.040e+01 ; 1.200e+00 ; 2.4299999e+01 ; 2.3500000e+02 
3.500e+01 ; 1.040e+01 ; 1.200e+00 ; 2.4299999e+01 ; 2.3500000e+02 
3.500e+01 ; 1.040e+01 ; 1.200e+00 ; 2.4300999e+01 ; 2.3500000e+02 
3.500e+01 ; 1.040e+01 ; 1.200e+00 ; 2.4301999e+01 ; 2.3500000e+02 
3.500e+01 ; 1.040e+01 ; 1.200e+00 ; 2.4302999e+01 ; 2.3500000e+02 
3.500e+01 ; 1.040e+01 ; 1.200e+00 ; 2.4304999e+01 ; 2.3500000e+02 
3.500e+01 ; 1.040e+01 ; 1.200e+00 ; 2.4308999e+01 ; 2.3500000e+02 
3.500e+01 ; 1.040e+01 ; 1.200e+00 ; 2.4316999e+01 ; 2.3500000e+02 
3.500e+01 ; 1.040e+01 ; 1.200e+00 ; 2.4332999e+01 ; 2.3500000e+02 
3.500e+01 ; 1.040e+01 ; 1.200e+00 ; 2.4364999e+01 ; 2.3500000e+02 
3.500e+01 ; 1.040e+01 ; 1.200e+00 ; 2.4428999e+01 ; 2.3500000e+02 
3.500e+01 ; 1.040e+01 ; 1.200e+00 ; 2.4556999e+01 ; 2.3500000e+02 
3.500e+01 ; 1.040e+01 ; 1.200e+00 ; 2.4812999e+01 ; 2.3500000e+02 
3.500e+01 ; 1.040e+01 ; 1.200e+00 ; 2.5199999e+01 ; 2.3500000e+02 
3.500e+01 ; 1.040e+01 ; 1.200e+00 ; 2.5199999e+01 ; 2.3500000e+02 
3.500e+01 ; 1.040e+01 ; 1.200e+00 ; 2.5200999e+01 ; 2.3486185e+02 
3.500e+01 ; 1.040e+01 ; 1.200e+00 ; 2.5201999e+01 ; 2.3472383e+02 
3.500e+01 ; 1.040e+01 ; 1.200e+00 ; 2.5202999e+01 ; 2.3458595e+02 
3.500e+01 ; 1.040e+01 ; 1.200e+00 ; 2.5204999e+01 ; 2.3431071e+02 
3.500e+01 ; 1.040e+01 ; 1.200e+00 ; 2.5208999e+01 ; 2.3376234e+02 
3.500e+01 ; 1.040e+01 ; 1.200e+00 ; 2.5216999e+01 ; 2.3267401e+02 
3.500e+01 ; 1.040e+01 ; 1.200e+00 ; 2.5232999e+01 ; 2.3053044e+02 
3.500e+01 ; 1.040e+01 ; 1.200e+00 ; 2.5264999e+01 ; 2.2637195e+02 
3.500e+01 ; 1.040e+01 ; 1.200e+00 ; 2.5328999e+01 ; 2.1854083e+02 
3.500e+01 ; 1.040e+01 ; 1.200e+00 ; 2.5456999e+01 ; 2.0461404e+02 
3.500e+01 ; 1.040e+01 ; 1.200e+00 ; 2.5712999e+01 ; 1.8233150e+02 
3.500e+01 ; 1.040e+01 ; 1.200e+00 ; 2.6099999e+01 ; 1.5784128e+02 
3.500e+01 ; 1.040e+01 ; 1.200e+00 ; 2.6099999e+01 ; 1.5784128e+02 
3.500e+01 ; 1.040e+01 ; 1.200e+00 ; 2.6100999e+01 ; 1.5777805e+02 
3.500e+01 ; 1.040e+01 ; 1.200e+00 ; 2.6101999e+01 ; 1.5771486e+02 
3.500e+01 ; 1.040e+01 ; 1.200e+00 ; 2.6102999e+01 ; 1.5765175e+02 
3.500e+01 ; 1.040e+01 ; 1.200e+00 ; 2.6104999e+01 ; 1.5752576e+02 
3.500e+01 ; 1.040e+01 ; 1.200e+00 ; 2.6108999e+01 ; 1.5727472e+02 
3.500e+01 ; 1.040e+01 ; 1.200e+00 ; 2.6116999e+01 ; 1.5677641e+02 
3.500e+01 ; 1.040e+01 ; 1.200e+00 ; 2.6132999e+01 ; 1.5579460e+02 
3.500e+01 ; 1.040e+01 ; 1.200e+00 ; 2.6164999e+01 ; 1.5388852e+02 
3.500e+01 ; 1.040e+01 ; 1.200e+00 ; 2.6228999e+01 ; 1.5029312e+02 
3.500e+01 ; 1.040e+01 ; 1.200e+00 ; 2.6356999e+01 ; 1.4387691e+02 
3.500e+01 ; 1.040e+01 ; 1.200e+00 ; 2.6612999e+01 ; 1.3354881e+02 
3.500e+01 ; 1.040e+01 ; 1.200e+00 ; 2.6999999e+01 ; 1.2212062e+02 
3.500e+01 ; 1.040e+01 ; 1.200e+00 ; 2.6999999e+01 ; 1.2212062e+02 
3.500e+01 ; 1.040e+01 ; 1.200e+00 ; 2.7000999e+01 ; 1.2209112e+02 
3.500e+01 ; 1.040e+01 ; 1.200e+00 ; 2.7001999e+01 ; 1.2206165e+02 
3.500e+01 ; 1.040e+01 ; 1.200e+00 ; 2.7002999e+01 ; 1.2203220e+02 
3.500e+01 ; 1.040e+01 ; 1.200e+00 ; 2.7004999e+01 ; 1.2197343e+02 
3.500e+01 ; 1.040e+01 ; 1.200e+00 ; 2.7008999e+01 ; 1.2185636e+02 
3.500e+01 ; 1.040e+01 ; 1.200e+00 ; 2.7016999e+01 ; 1.2162407e+02 
3.500e+01 ; 1.040e+01 ; 1.200e+00 ; 2.7032999e+01 ; 1.2116679e+02 
3.500e+01 ; 1.040e+01 ; 1.200e+00 ; 2.7064999e+01 ; 1.2028048e+02 
3.500e+01 ; 1.040e+01 ; 1.200e+00 ; 2.7128999e+01 ; 1.1861374e+02 
3.500e+01 ; 1.040e+01 ; 1.200e+00 ; 2.7256999e+01 ; 1.1565295e+02 
3.500e+01 ; 1.040e+01 ; 1.200e+00 ; 2.7512999e+01 ; 1.1089931e+02 
3.500e+01 ; 1.040e+01 ; 1.200e+00 ; 2.7899999e+01 ; 1.0558647e+02 
3.500e+01 ; 1.040e+01 ; 1.200e+00 ; 2.7899999e+01 ; 1.0558647e+02 
3.500e+01 ; 1.040e+01 ; 1.200e+00 ; 2.7900999e+01 ; 1.0557275e+02 
3.500e+01 ; 1.040e+01 ; 1.200e+00 ; 2.7901999e+01 ; 1.0555905e+02 
3.500e+01 ; 1.040e+01 ; 1.200e+00 ; 2.7902999e+01 ; 1.0554536e+02 
3.500e+01 ; 1.040e+01 ; 1.200e+00 ; 2.7904999e+01 ; 1.0551803e+02 
3.500e+01 ; 1.040e+01 ; 1.200e+00 ; 2.7908999e+01 ; 1.0546356e+02 
3.500e+01 ; 1.040e+01 ; 1.200e+00 ; 2.7916999e+01 ; 1.0535541e+02 
3.500e+01 ; 1.040e+01 ; 1.200e+00 ; 2.7932999e+01 ; 1.0514219e+02 
3.500e+01 ; 1.040e+01 ; 1.200e+00 ; 2.7964999e+01 ; 1.0472761e+02 
3.500e+01 ; 1.040e+01 ; 1.200e+00 ; 2.8028999e+01 ; 1.0394262e+02 
3.500e+01 ; 1.040e+01 ; 1.200e+00 ; 2.8156999e+01 ; 1.0252660e+02 
3.500e+01 ; 1.040e+01 ; 1.200e+00 ; 2.8412999e+01 ; 1.0017242e+02 
3.500e+01 ; 1.040e+01 ; 1.200e+00 ; 2.8799999e+01 ; 9.7383430e+01 
3.500e+01 ; 1.040e+01 ; 1.200e+00 ; 2.8799999e+01 ; 9.7383430e+01 
3.500e+01 ; 1.040e+01 ; 1.200e+00 ; 2.8800999e+01 ; 9.7376228e+01 
3.500e+01 ; 1.040e+01 ; 1.200e+00 ; 2.8801999e+01 ; 9.7369034e+01 
3.500e+01 ; 1.040e+01 ; 1.200e+00 ; 2.8802999e+01 ; 9.7361839e+01 
3.500e+01 ; 1.040e+01 ; 1.200e+00 ; 2.8804999e+01 ; 9.7347481e+01 
3.500e+01 ; 1.040e+01 ; 1.200e+00 ; 2.8808999e+01 ; 9.7318840e+01 
3.500e+01 ; 1.040e+01 ; 1.200e+00 ; 2.8816999e+01 ; 9.7261871e+01 
3.500e+01 ; 1.040e+01 ; 1.200e+00 ; 2.8832999e+01 ; 9.7149216e+01 
3.500e+01 ; 1.040e+01 ; 1.200e+00 ; 2.8864999e+01 ; 9.6928810e+01 
3.500e+01 ; 1.040e+01 ; 1.200e+00 ; 2.8928999e+01 ; 9.6506401e+01 
3.500e+01 ; 1.040e+01 ; 1.200e+00 ; 2.9056999e+01 ; 9.5726562e+01 
3.500e+01 ; 1.040e+01 ; 1.200e+00 ; 2.9312999e+01 ; 9.4374207e+01 
3.500e+01 ; 1.040e+01 ; 1.200e+00 ; 2.9699999e+01 ; 9.2679344e+01 
3.500e+01 ; 1.040e+01 ; 1.200e+00 ; 2.9699999e+01 ; 9.2679344e+01 
3.500e+01 ; 1.040e+01 ; 1.200e+00 ; 2.9700999e+01 ; 9.2674973e+01 
3.500e+01 ; 1.040e+01 ; 1.200e+00 ; 2.9701999e+01 ; 9.2670593e+01 
3.500e+01 ; 1.040e+01 ; 1.200e+00 ; 2.9702999e+01 ; 9.2666222e+01 
3.500e+01 ; 1.040e+01 ; 1.200e+00 ; 2.9704999e+01 ; 9.2657486e+01 
3.500e+01 ; 1.040e+01 ; 1.200e+00 ; 2.9708999e+01 ; 9.2640053e+01 
3.500e+01 ; 1.040e+01 ; 1.200e+00 ; 2.9716999e+01 ; 9.2605331e+01 
3.500e+01 ; 1.040e+01 ; 1.200e+00 ; 2.9732999e+01 ; 9.2536469e+01 
3.500e+01 ; 1.040e+01 ; 1.200e+00 ; 2.9764999e+01 ; 9.2400993e+01 
3.500e+01 ; 1.040e+01 ; 1.200e+00 ; 2.9828999e+01 ; 9.2138573e+01 
3.500e+01 ; 1.040e+01 ; 1.200e+00 ; 2.9956999e+01 ; 9.1644478e+01 
3.500e+01 ; 1.040e+01 ; 1.200e+00 ; 3.0212999e+01 ; 9.0758438e+01 
3.500e+01 ; 1.040e+01 ; 1.200e+00 ; 3.0599999e+01 ; 8.9601814e+01 
3.500e+01 ; 1.040e+01 ; 1.200e+00 ; 3.0599999e+01 ; 8.9601814e+01 
3.500e+01 ; 1.040e+01 ; 1.200e+00 ; 3.0600999e+01 ; 8.9598824e+01 
3.500e+01 ; 1.040e+01 ; 1.200e+00 ; 3.0601999e+01 ; 8.9595840e+01 
3.500e+01 ; 1.040e+01 ; 1.200e+00 ; 3.0602999e+01 ; 8.9592857e+01 
3.500e+01 ; 1.040e+01 ; 1.200e+00 ; 3.0604999e+01 ; 8.9586891e+01 
3.500e+01 ; 1.040e+01 ; 1.200e+00 ; 3.0608999e+01 ; 8.9574982e+01 
3.500e+01 ; 1.040e+01 ; 1.200e+00 ; 3.0616999e+01 ; 8.9551231e+01 
3.500e+01 ; 1.040e+01 ; 1.200e+00 ; 3.0632999e+01 ; 8.9504051e+01 
3.500e+01 ; 1.040e+01 ; 1.200e+00 ; 3.0664999e+01 ; 8.9410873e+01 
3.500e+01 ; 1.040e+01 ; 1.200e+00 ; 3.0728999e+01 ; 8.9229103e+01 
3.500e+01 ; 1.040e+01 ; 1.200e+00 ; 3.0856999e+01 ; 8.8882454e+01 
3.500e+01 ; 1.040e+01 ; 1.200e+00 ; 3.1112999e+01 ; 8.8247803e+01 
3.500e+01 ; 1.040e+01 ; 1.200e+00 ; 3.1499999e+01 ; 8.7399628e+01 
3.500e+01 ; 1.040e+01 ; 1.200e+00 ; 3.1499999e+01 ; 8.7399628e+01 
3.500e+01 ; 1.040e+01 ; 1.200e+00 ; 3.1500999e+01 ; 8.7397438e+01 
3.500e+01 ; 1.040e+01 ; 1.200e+00 ; 3.1501999e+01 ; 8.7395248e+01 
3.500e+01 ; 1.040e+01 ; 1.200e+00 ; 3.1502999e+01 ; 8.7393059e+01 
3.500e+01 ; 1.040e+01 ; 1.200e+00 ; 3.1504999e+01 ; 8.7388680e+01 
3.500e+01 ; 1.040e+01 ; 1.200e+00 ; 3.1508999e+01 ; 8.7379944e+01 
3.500e+01 ; 1.040e+01 ; 1.200e+00 ; 3.1516999e+01 ; 8.7362511e+01 
3.500e+01 ; 1.040e+01 ; 1.200e+00 ; 3.1532999e+01 ; 8.7327827e+01 
3.500e+01 ; 1.040e+01 ; 1.200e+00 ; 3.1564999e+01 ; 8.7259209e+01 
3.500e+01 ; 1.040e+01 ; 1.200e+00 ; 3.1628999e+01 ; 8.7124809e+01 
3.500e+01 ; 1.040e+01 ; 1.200e+00 ; 3.1756999e+01 ; 8.6866753e+01 
3.500e+01 ; 1.040e+01 ; 1.200e+00 ; 3.2012999e+01 ; 8.6389206e+01 
3.500e+01 ; 1.040e+01 ; 1.200e+00 ; 3.2399999e+01 ; 8.5743538e+01 
3.500e+01 ; 1.040e+01 ; 1.200e+00 ; 3.2399999e+01 ; 8.5743538e+01 
3.500e+01 ; 1.040e+01 ; 1.200e+00 ; 3.2400999e+01 ; 8.5741867e+01 
3.500e+01 ; 1.040e+01 ; 1.200e+00 ; 3.2401999e+01 ; 8.5740204e+01 
3.500e+01 ; 1.040e+01 ; 1.200e+00 ; 3.2402999e+01 ; 8.5738533e+01 
3.500e+01 ; 1.040e+01 ; 1.200e+00 ; 3.2404999e+01 ; 8.5735207e+01 
3.500e+01 ; 1.040e+01 ; 1.200e+00 ; 3.2408999e+01 ; 8.5728546e+01 
3.500e+01 ; 1.040e+01 ; 1.200e+00 ; 3.2416999e+01 ; 8.5715271e+01 
3.500e+01 ; 1.040e+01 ; 1.200e+00 ; 3.2432999e+01 ; 8.5688843e+01 
3.500e+01 ; 1.040e+01 ; 1.200e+00 ; 3.2464999e+01 ; 8.5636497e+01 
3.500e+01 ; 1.040e+01 ; 1.200e+00 ; 3.2528999e+01 ; 8.5533783e+01 
3.500e+01 ; 1.040e+01 ; 1.200e+00 ; 3.2656999e+01 ; 8.5335930e+01 
3.500e+01 ; 1.040e+01 ; 1.200e+00 ; 3.2912999e+01 ; 8.4967995e+01 
3.500e+01 ; 1.040e+01 ; 1.200e+00 ; 3.3299999e+01 ; 8.4467995e+01 
3.500e+01 ; 1.040e+01 ; 1.200e+00 ; 3.3299999e+01 ; 8.4467995e+01 
3.500e+01 ; 1.040e+01 ; 1.200e+00 ; 3.3300999e+01 ; 8.4466705e+01 
3.500e+01 ; 1.040e+01 ; 1.200e+00 ; 3.3301999e+01 ; 8.4465408e+01 
3.500e+01 ; 1.040e+01 ; 1.200e+00 ; 3.3302999e+01 ; 8.4464119e+01 
3.500e+01 ; 1.040e+01 ; 1.200e+00 ; 3.3304999e+01 ; 8.4461540e+01 
3.500e+01 ; 1.040e+01 ; 1.200e+00 ; 3.3308999e+01 ; 8.4456383e+01 
3.500e+01 ; 1.040e+01 ; 1.200e+00 ; 3.3316999e+01 ; 8.4446098e+01 
3.500e+01 ; 1.040e+01 ; 1.200e+00 ; 3.3332999e+01 ; 8.4425629e+01 
3.500e+01 ; 1.040e+01 ; 1.200e+00 ; 3.3364999e+01 ; 8.4385056e+01 
3.500e+01 ; 1.040e+01 ; 1.200e+00 ; 3.3428999e+01 ; 8.4305382e+01 
3.500e+01 ; 1.040e+01 ; 1.200e+00 ; 3.3556999e+01 ; 8.4151695e+01 
3.500e+01 ; 1.040e+01 ; 1.200e+00 ; 3.3812999e+01 ; 8.3865334e+01 
3.500e+01 ; 1.040e+01 ; 1.200e+00 ; 3.4199999e+01 ; 8.3475433e+01 
3.500e+01 ; 1.040e+01 ; 1.200e+00 ; 3.4199999e+01 ; 8.3475433e+01 
3.500e+01 ; 1.040e+01 ; 1.200e+00 ; 3.4200999e+01 ; 8.3474426e+01 
3.500e+01 ; 1.040e+01 ; 1.200e+00 ; 3.4201999e+01 ; 8.3473419e+01 
3.500e+01 ; 1.040e+01 ; 1.200e+00 ; 3.4202999e+01 ; 8.3472412e+01 
3.500e+01 ; 1.040e+01 ; 1.200e+00 ; 3.4204999e+01 ; 8.3470398e+01 
3.500e+01 ; 1.040e+01 ; 1.200e+00 ; 3.4208999e+01 ; 8.3466377e+01 
3.500e+01 ; 1.040e+01 ; 1.200e+00 ; 3.4216999e+01 ; 8.3458359e+01 
3.500e+01 ; 1.040e+01 ; 1.200e+00 ; 3.4232999e+01 ; 8.3442390e+01 
3.500e+01 ; 1.040e+01 ; 1.200e+00 ; 3.4264999e+01 ; 8.3410736e+01 
3.500e+01 ; 1.040e+01 ; 1.200e+00 ; 3.4328999e+01 ; 8.3348564e+01 
3.500e+01 ; 1.040e+01 ; 1.200e+00 ; 3.4456999e+01 ; 8.3228592e+01 
3.500e+01 ; 1.040e+01 ; 1.200e+00 ; 3.4712999e+01 ; 8.3004890e+01 
3.500e+01 ; 1.040e+01 ; 1.200e+00 ; 3.5099999e+01 ; 8.2700134e+01 
3.500e+01 ; 1.040e+01 ; 1.200e+00 ; 3.5099999e+01 ; 8.2700134e+01 
3.500e+01 ; 1.040e+01 ; 1.200e+00 ; 3.5100999e+01 ; 8.2699348e+01 
3.500e+01 ; 1.040e+01 ; 1.200e+00 ; 3.5101999e+01 ; 8.2698563e+01 
3.500e+01 ; 1.040e+01 ; 1.200e+00 ; 3.5102999e+01 ; 8.2697777e+01 
3.500e+01 ; 1.040e+01 ; 1.200e+00 ; 3.5104999e+01 ; 8.2696205e+01 
3.500e+01 ; 1.040e+01 ; 1.200e+00 ; 3.5108999e+01 ; 8.2693062e+01 
3.500e+01 ; 1.040e+01 ; 1.200e+00 ; 3.5116999e+01 ; 8.2686790e+01 
3.500e+01 ; 1.040e+01 ; 1.200e+00 ; 3.5132999e+01 ; 8.2674309e+01 
3.500e+01 ; 1.040e+01 ; 1.200e+00 ; 3.5164999e+01 ; 8.2649567e+01 
3.500e+01 ; 1.040e+01 ; 1.200e+00 ; 3.5228999e+01 ; 8.2600967e+01 
3.500e+01 ; 1.040e+01 ; 1.200e+00 ; 3.5356999e+01 ; 8.2507172e+01 
3.500e+01 ; 1.040e+01 ; 1.200e+00 ; 3.5612999e+01 ; 8.2332260e+01 
3.500e+01 ; 1.040e+01 ; 1.200e+00 ; 3.5999999e+01 ; 8.2094017e+01 
3.500e+01 ; 1.040e+01 ; 1.200e+00 ; 3.5999999e+01 ; 8.2094017e+01 
3.500e+01 ; 1.040e+01 ; 1.200e+00 ; 3.6000999e+01 ; 8.2093399e+01 
3.500e+01 ; 1.040e+01 ; 1.200e+00 ; 3.6001999e+01 ; 8.2092789e+01 
3.500e+01 ; 1.040e+01 ; 1.200e+00 ; 3.6002999e+01 ; 8.2092171e+01 
3.500e+01 ; 1.040e+01 ; 1.200e+00 ; 3.6004999e+01 ; 8.2090942e+01 
3.500e+01 ; 1.040e+01 ; 1.200e+00 ; 3.6008999e+01 ; 8.2088486e+01 
3.500e+01 ; 1.040e+01 ; 1.200e+00 ; 3.6016999e+01 ; 8.2083580e+01 
3.500e+01 ; 1.040e+01 ; 1.200e+00 ; 3.6032999e+01 ; 8.2073822e+01 
3.500e+01 ; 1.040e+01 ; 1.200e+00 ; 3.6064999e+01 ; 8.2054482e+01 
3.500e+01 ; 1.040e+01 ; 1.200e+00 ; 3.6128999e+01 ; 8.2016495e+01 
3.500e+01 ; 1.040e+01 ; 1.200e+00 ; 3.6256999e+01 ; 8.1943184e+01 
3.500e+01 ; 1.040e+01 ; 1.200e+00 ; 3.6512999e+01 ; 8.1806572e+01 
3.500e+01 ; 1.040e+01 ; 1.200e+00 ; 3.6899999e+01 ; 8.1620911e+01 
3.500e+01 ; 1.040e+01 ; 1.200e+00 ; 3.6899999e+01 ; 8.1620911e+01 
3.500e+01 ; 1.040e+01 ; 1.200e+00 ; 3.6900999e+01 ; 8.1620430e+01 
3.500e+01 ; 1.040e+01 ; 1.200e+00 ; 3.6901999e+01 ; 8.1619949e+01 
3.500e+01 ; 1.040e+01 ; 1.200e+00 ; 3.6902999e+01 ; 8.1619476e+01 
3.500e+01 ; 1.040e+01 ; 1.200e+00 ; 3.6904999e+01 ; 8.1618515e+01 
3.500e+01 ; 1.040e+01 ; 1.200e+00 ; 3.6908999e+01 ; 8.1616600e+01 
3.500e+01 ; 1.040e+01 ; 1.200e+00 ; 3.6916999e+01 ; 8.1612785e+01 
3.500e+01 ; 1.040e+01 ; 1.200e+00 ; 3.6932999e+01 ; 8.1605179e+01 
3.500e+01 ; 1.040e+01 ; 1.200e+00 ; 3.6964999e+01 ; 8.1590126e+01 
3.500e+01 ; 1.040e+01 ; 1.200e+00 ; 3.7028999e+01 ; 8.1560600e+01 
3.500e+01 ; 1.040e+01 ; 1.200e+00 ; 3.7156999e+01 ; 8.1504082e+01 
3.500e+01 ; 1.040e+01 ; 1.200e+00 ; 3.7412999e+01 ; 8.1401871e+01 
3.500e+01 ; 1.040e+01 ; 1.200e+00 ; 3.7799999e+01 ; 8.1272385e+01 
3.500e+01 ; 1.040e+01 ; 1.200e+00 ; 3.7799999e+01 ; 8.1272385e+01 
3.500e+01 ; 1.040e+01 ; 1.200e+00 ; 3.7800999e+01 ; 8.1272049e+01 
3.500e+01 ; 1.040e+01 ; 1.200e+00 ; 3.7801999e+01 ; 8.1271713e+01 
3.500e+01 ; 1.040e+01 ; 1.200e+00 ; 3.7802999e+01 ; 8.1271378e+01 
3.500e+01 ; 1.040e+01 ; 1.200e+00 ; 3.7804999e+01 ; 8.1270714e+01 
3.500e+01 ; 1.040e+01 ; 1.200e+00 ; 3.7808999e+01 ; 8.1269386e+01 
3.500e+01 ; 1.040e+01 ; 1.200e+00 ; 3.7816999e+01 ; 8.1266739e+01 
3.500e+01 ; 1.040e+01 ; 1.200e+00 ; 3.7832999e+01 ; 8.1261513e+01 
3.500e+01 ; 1.040e+01 ; 1.200e+00 ; 3.7864999e+01 ; 8.1251343e+01 
3.500e+01 ; 1.040e+01 ; 1.200e+00 ; 3.7928999e+01 ; 8.1232239e+01 
3.500e+01 ; 1.040e+01 ; 1.200e+00 ; 3.8056999e+01 ; 8.1199944e+01 
3.500e+01 ; 1.040e+01 ; 1.200e+00 ; 3.8312999e+01 ; 8.1162315e+01 
3.500e+01 ; 1.040e+01 ; 1.200e+00 ; 3.8699999e+01 ; 8.1163933e+01 
3.500e+01 ; 1.040e+01 ; 1.200e+00 ; 3.8699999e+01 ; 8.1163933e+01 
3.500e+01 ; 1.040e+01 ; 1.200e+00 ; 3.8700999e+01 ; 8.1168785e+01 
3.500e+01 ; 1.040e+01 ; 1.200e+00 ; 3.8701999e+01 ; 8.1173668e+01 
3.500e+01 ; 1.040e+01 ; 1.200e+00 ; 3.8702999e+01 ; 8.1178581e+01 
3.500e+01 ; 1.040e+01 ; 1.200e+00 ; 3.8704999e+01 ; 8.1188538e+01 
3.500e+01 ; 1.040e+01 ; 1.200e+00 ; 3.8708999e+01 ; 8.1208969e+01 
3.500e+01 ; 1.040e+01 ; 1.200e+00 ; 3.8716999e+01 ; 8.1251808e+01 
3.500e+01 ; 1.040e+01 ; 1.200e+00 ; 3.8732999e+01 ; 8.1345009e+01 
3.500e+01 ; 1.040e+01 ; 1.200e+00 ; 3.8764999e+01 ; 8.1558441e+01 
3.500e+01 ; 1.040e+01 ; 1.200e+00 ; 3.8828999e+01 ; 8.2071869e+01 
3.500e+01 ; 1.040e+01 ; 1.200e+00 ; 3.8956999e+01 ; 8.3312042e+01 
3.500e+01 ; 1.040e+01 ; 1.200e+00 ; 3.9212999e+01 ; 8.6002487e+01 
3.500e+01 ; 1.040e+01 ; 1.200e+00 ; 3.9599999e+01 ; 8.9479431e+01 
3.500e+01 ; 1.040e+01 ; 1.200e+00 ; 3.9599999e+01 ; 8.9479431e+01 
3.500e+01 ; 1.040e+01 ; 1.200e+00 ; 3.9600999e+01 ; 8.9492287e+01 
3.500e+01 ; 1.040e+01 ; 1.200e+00 ; 3.9601999e+01 ; 8.9505150e+01 
3.500e+01 ; 1.040e+01 ; 1.200e+00 ; 3.9602999e+01 ; 8.9518005e+01 
3.500e+01 ; 1.040e+01 ; 1.200e+00 ; 3.9604999e+01 ; 8.9543739e+01 
3.500e+01 ; 1.040e+01 ; 1.200e+00 ; 3.9608999e+01 ; 8.9595238e+01 
3.500e+01 ; 1.040e+01 ; 1.200e+00 ; 3.9616999e+01 ; 8.9698341e+01 
3.500e+01 ; 1.040e+01 ; 1.200e+00 ; 3.9632999e+01 ; 8.9904869e+01 
3.500e+01 ; 1.040e+01 ; 1.200e+00 ; 3.9664999e+01 ; 9.0318253e+01 
3.500e+01 ; 1.040e+01 ; 1.200e+00 ; 3.9728999e+01 ; 9.1139603e+01 
3.500e+01 ; 1.040e+01 ; 1.200e+00 ; 3.9856999e+01 ; 9.2720482e+01 
3.500e+01 ; 1.040e+01 ; 1.200e+00 ; 4.0112999e+01 ; 9.5460823e+01 
3.500e+01 ; 1.040e+01 ; 1.200e+00 ; 4.0499999e+01 ; 9.8422134e+01 
3.500e+01 ; 1.040e+01 ; 1.200e+00 ; 4.0499999e+01 ; 9.8422134e+01 
3.500e+01 ; 1.040e+01 ; 1.200e+00 ; 4.0500999e+01 ; 9.8429771e+01 
3.500e+01 ; 1.040e+01 ; 1.200e+00 ; 4.0501999e+01 ; 9.8437393e+01 
3.500e+01 ; 1.040e+01 ; 1.200e+00 ; 4.0502999e+01 ; 9.8445000e+01 
3.500e+01 ; 1.040e+01 ; 1.200e+00 ; 4.0504999e+01 ; 9.8460152e+01 
3.500e+01 ; 1.040e+01 ; 1.200e+00 ; 4.0508999e+01 ; 9.8490219e+01 
3.500e+01 ; 1.040e+01 ; 1.200e+00 ; 4.0516999e+01 ; 9.8549408e+01 
3.500e+01 ; 1.040e+01 ; 1.200e+00 ; 4.0532999e+01 ; 9.8664055e+01 
3.500e+01 ; 1.040e+01 ; 1.200e+00 ; 4.0564999e+01 ; 9.8879143e+01 
3.500e+01 ; 1.040e+01 ; 1.200e+00 ; 4.0628999e+01 ; 9.9257095e+01 
3.500e+01 ; 1.040e+01 ; 1.200e+00 ; 4.0756999e+01 ; 9.9836441e+01 
3.500e+01 ; 1.040e+01 ; 1.200e+00 ; 4.1012999e+01 ; 1.0048454e+02 
3.500e+01 ; 1.040e+01 ; 1.200e+00 ; 4.1399999e+01 ; 1.0074413e+02 
3.500e+01 ; 1.040e+01 ; 1.200e+00 ; 4.1399999e+01 ; 1.0074413e+02 
3.500e+01 ; 1.040e+01 ; 1.200e+00 ; 4.1400999e+01 ; 1.0074480e+02 
3.500e+01 ; 1.040e+01 ; 1.200e+00 ; 4.1401999e+01 ; 1.0074546e+02 
3.500e+01 ; 1.040e+01 ; 1.200e+00 ; 4.1402999e+01 ; 1.0074612e+02 
3.500e+01 ; 1.040e+01 ; 1.200e+00 ; 4.1404999e+01 ; 1.0074741e+02 
3.500e+01 ; 1.040e+01 ; 1.200e+00 ; 4.1408999e+01 ; 1.0074992e+02 
3.500e+01 ; 1.040e+01 ; 1.200e+00 ; 4.1416999e+01 ; 1.0075465e+02 
3.500e+01 ; 1.040e+01 ; 1.200e+00 ; 4.1432999e+01 ; 1.0076292e+02 
3.500e+01 ; 1.040e+01 ; 1.200e+00 ; 4.1464999e+01 ; 1.0077504e+02 
3.500e+01 ; 1.040e+01 ; 1.200e+00 ; 4.1528999e+01 ; 1.0078316e+02 
3.500e+01 ; 1.040e+01 ; 1.200e+00 ; 4.1656999e+01 ; 1.0074634e+02 
3.500e+01 ; 1.040e+01 ; 1.200e+00 ; 4.1912999e+01 ; 1.0052626e+02 
3.500e+01 ; 1.040e+01 ; 1.200e+00 ; 4.2299999e+01 ; 1.0000319e+02 
3.500e+01 ; 1.040e+01 ; 1.200e+00 ; 4.2299999e+01 ; 1.0000319e+02 
3.500e+01 ; 1.040e+01 ; 1.200e+00 ; 4.2300999e+01 ; 1.0000184e+02 
3.500e+01 ; 1.040e+01 ; 1.200e+00 ; 4.2301999e+01 ; 1.0000048e+02 
3.500e+01 ; 1.040e+01 ; 1.200e+00 ; 4.2302999e+01 ; 9.9999123e+01 
3.500e+01 ; 1.040e+01 ; 1.200e+00 ; 4.2304999e+01 ; 9.9996407e+01 
3.500e+01 ; 1.040e+01 ; 1.200e+00 ; 4.2308999e+01 ; 9.9990959e+01 
3.500e+01 ; 1.040e+01 ; 1.200e+00 ; 4.2316999e+01 ; 9.9979973e+01 
3.500e+01 ; 1.040e+01 ; 1.200e+00 ; 4.2332999e+01 ; 9.9957710e+01 
3.500e+01 ; 1.040e+01 ; 1.200e+00 ; 4.2364999e+01 ; 9.9912025e+01 
3.500e+01 ; 1.040e+01 ; 1.200e+00 ; 4.2428999e+01 ; 9.9816605e+01 
3.500e+01 ; 1.040e+01 ; 1.200e+00 ; 4.2556999e+01 ; 9.9613213e+01 
3.500e+01 ; 1.040e+01 ; 1.200e+00 ; 4.2812999e+01 ; 9.9176788e+01 
3.500e+01 ; 1.040e+01 ; 1.200e+00 ; 4.3199999e+01 ; 9.8492958e+01 
3.500e+01 ; 1.040e+01 ; 1.200e+00 ; 4.3199999e+01 ; 9.8492958e+01 
3.500e+01 ; 1.040e+01 ; 1.200e+00 ; 4.3200999e+01 ; 9.8491188e+01 
3.500e+01 ; 1.040e+01 ; 1.200e+00 ; 4.3201999e+01 ; 9.8489418e+01 
3.500e+01 ; 1.040e+01 ; 1.200e+00 ; 4.3202999e+01 ; 9.8487656e+01 
3.500e+01 ; 1.040e+01 ; 1.200e+00 ; 4.3204999e+01 ; 9.8484116e+01 
3.500e+01 ; 1.040e+01 ; 1.200e+00 ; 4.3208999e+01 ; 9.8477043e+01 
3.500e+01 ; 1.040e+01 ; 1.200e+00 ; 4.3216999e+01 ; 9.8462891e+01 
3.500e+01 ; 1.040e+01 ; 1.200e+00 ; 4.3232999e+01 ; 9.8434540e+01 
3.500e+01 ; 1.040e+01 ; 1.200e+00 ; 4.3264999e+01 ; 9.8377724e+01 
3.500e+01 ; 1.040e+01 ; 1.200e+00 ; 4.3328999e+01 ; 9.8263779e+01 
3.500e+01 ; 1.040e+01 ; 1.200e+00 ; 4.3456999e+01 ; 9.8035698e+01 
3.500e+01 ; 1.040e+01 ; 1.200e+00 ; 4.3712999e+01 ; 9.7584503e+01 
3.500e+01 ; 1.040e+01 ; 1.200e+00 ; 4.4099999e+01 ; 9.6924881e+01 
3.500e+01 ; 1.040e+01 ; 1.200e+00 ; 4.4099999e+01 ; 9.6924881e+01 
3.500e+01 ; 1.040e+01 ; 1.200e+00 ; 4.4100999e+01 ; 9.6923172e+01 
3.500e+01 ; 1.040e+01 ; 1.200e+00 ; 4.4101999e+01 ; 9.6921471e+01 
3.500e+01 ; 1.040e+01 ; 1.200e+00 ; 4.4102999e+01 ; 9.6919769e+01 
3.500e+01 ; 1.040e+01 ; 1.200e+00 ; 4.4104999e+01 ; 9.6916359e+01 
3.500e+01 ; 1.040e+01 ; 1.200e+00 ; 4.4108999e+01 ; 9.6909546e+01 
3.500e+01 ; 1.040e+01 ; 1.200e+00 ; 4.4116999e+01 ; 9.6895935e+01 
3.500e+01 ; 1.040e+01 ; 1.200e+00 ; 4.4132999e+01 ; 9.6868744e+01 
3.500e+01 ; 1.040e+01 ; 1.200e+00 ; 4.4164999e+01 ; 9.6814529e+01 
3.500e+01 ; 1.040e+01 ; 1.200e+00 ; 4.4228999e+01 ; 9.6706802e+01 
3.500e+01 ; 1.040e+01 ; 1.200e+00 ; 4.4356999e+01 ; 9.6494377e+01 
3.500e+01 ; 1.040e+01 ; 1.200e+00 ; 4.4612999e+01 ; 9.6082802e+01 
3.500e+01 ; 1.040e+01 ; 1.200e+00 ; 4.4999999e+01 ; 9.5492241e+01 
3.500e+01 ; 1.040e+01 ; 1.200e+00 ; 4.4999999e+01 ; 9.5492241e+01 
3.500e+01 ; 1.040e+01 ; 1.200e+00 ; 4.5000999e+01 ; 9.5490715e+01 
3.500e+01 ; 1.040e+01 ; 1.200e+00 ; 4.5001999e+01 ; 9.5489189e+01 
3.500e+01 ; 1.040e+01 ; 1.200e+00 ; 4.5002999e+01 ; 9.5487663e+01 
3.500e+01 ; 1.040e+01 ; 1.200e+00 ; 4.5004999e+01 ; 9.5484612e+01 
3.500e+01 ; 1.040e+01 ; 1.200e+00 ; 4.5008999e+01 ; 9.5478516e+01 
3.500e+01 ; 1.040e+01 ; 1.200e+00 ; 4.5016999e+01 ; 9.5466339e+01 
3.500e+01 ; 1.040e+01 ; 1.200e+00 ; 4.5032999e+01 ; 9.5442032e+01 
3.500e+01 ; 1.040e+01 ; 1.200e+00 ; 4.5064999e+01 ; 9.5393639e+01 
3.500e+01 ; 1.040e+01 ; 1.200e+00 ; 4.5128999e+01 ; 9.5297729e+01 
3.500e+01 ; 1.040e+01 ; 1.200e+00 ; 4.5256999e+01 ; 9.5109406e+01 
3.500e+01 ; 1.040e+01 ; 1.200e+00 ; 4.5512999e+01 ; 9.4746536e+01 
3.500e+01 ; 1.040e+01 ; 1.200e+00 ; 4.5899999e+01 ; 9.4228264e+01 
3.500e+01 ; 1.040e+01 ; 1.200e+00 ; 4.5899999e+01 ; 9.4228264e+01 
3.500e+01 ; 1.040e+01 ; 1.200e+00 ; 4.5900999e+01 ; 9.4226921e+01 
3.500e+01 ; 1.040e+01 ; 1.200e+00 ; 4.5901999e+01 ; 9.4225586e+01 
3.500e+01 ; 1.040e+01 ; 1.200e+00 ; 4.5902999e+01 ; 9.4224251e+01 
3.500e+01 ; 1.040e+01 ; 1.200e+00 ; 4.5904999e+01 ; 9.4221573e+01 
3.500e+01 ; 1.040e+01 ; 1.200e+00 ; 4.5908999e+01 ; 9.4216225e+01 
3.500e+01 ; 1.040e+01 ; 1.200e+00 ; 4.5916999e+01 ; 9.4205536e+01 
3.500e+01 ; 1.040e+01 ; 1.200e+00 ; 4.5932999e+01 ; 9.4184212e+01 
3.500e+01 ; 1.040e+01 ; 1.200e+00 ; 4.5964999e+01 ; 9.4141777e+01 
3.500e+01 ; 1.040e+01 ; 1.200e+00 ; 4.6028999e+01 ; 9.4057724e+01 
3.500e+01 ; 1.040e+01 ; 1.200e+00 ; 4.6156999e+01 ; 9.3892822e+01 
3.500e+01 ; 1.040e+01 ; 1.200e+00 ; 4.6412999e+01 ; 9.3575409e+01 
3.500e+01 ; 1.040e+01 ; 1.200e+00 ; 4.6799999e+01 ; 9.3122269e+01 
3.500e+01 ; 1.040e+01 ; 1.200e+00 ; 4.6799999e+01 ; 9.3122269e+01 
3.500e+01 ; 1.040e+01 ; 1.200e+00 ; 4.6800999e+01 ; 9.3121094e+01 
3.500e+01 ; 1.040e+01 ; 1.200e+00 ; 4.6801999e+01 ; 9.3119926e+01 
3.500e+01 ; 1.040e+01 ; 1.200e+00 ; 4.6802999e+01 ; 9.3118759e+01 
3.500e+01 ; 1.040e+01 ; 1.200e+00 ; 4.6804999e+01 ; 9.3116417e+01 
3.500e+01 ; 1.040e+01 ; 1.200e+00 ; 4.6808999e+01 ; 9.3111740e+01 
3.500e+01 ; 1.040e+01 ; 1.200e+00 ; 4.6816999e+01 ; 9.3102394e+01 
3.500e+01 ; 1.040e+01 ; 1.200e+00 ; 4.6832999e+01 ; 9.3083755e+01 
3.500e+01 ; 1.040e+01 ; 1.200e+00 ; 4.6864999e+01 ; 9.3046654e+01 
3.500e+01 ; 1.040e+01 ; 1.200e+00 ; 4.6928999e+01 ; 9.2973167e+01 
3.500e+01 ; 1.040e+01 ; 1.200e+00 ; 4.7056999e+01 ; 9.2829002e+01 
3.500e+01 ; 1.040e+01 ; 1.200e+00 ; 4.7312999e+01 ; 9.2551430e+01 
3.500e+01 ; 1.040e+01 ; 1.200e+00 ; 4.7699999e+01 ; 9.2154961e+01 
3.500e+01 ; 1.040e+01 ; 1.200e+00 ; 4.7699999e+01 ; 9.2154961e+01 
3.500e+01 ; 1.040e+01 ; 1.200e+00 ; 4.7700999e+01 ; 9.2153938e+01 
3.500e+01 ; 1.040e+01 ; 1.200e+00 ; 4.7701999e+01 ; 9.2152916e+01 
3.500e+01 ; 1.040e+01 ; 1.200e+00 ; 4.7702999e+01 ; 9.2151894e+01 
3.500e+01 ; 1.040e+01 ; 1.200e+00 ; 4.7704999e+01 ; 9.2149841e+01 
3.500e+01 ; 1.040e+01 ; 1.200e+00 ; 4.7708999e+01 ; 9.2145752e+01 
3.500e+01 ; 1.040e+01 ; 1.200e+00 ; 4.7716999e+01 ; 9.2137581e+01 
3.500e+01 ; 1.040e+01 ; 1.200e+00 ; 4.7732999e+01 ; 9.2121269e+01 
3.500e+01 ; 1.040e+01 ; 1.200e+00 ; 4.7764999e+01 ; 9.2088806e+01 
3.500e+01 ; 1.040e+01 ; 1.200e+00 ; 4.7828999e+01 ; 9.2024498e+01 
3.500e+01 ; 1.040e+01 ; 1.200e+00 ; 4.7956999e+01 ; 9.1898308e+01 
3.500e+01 ; 1.040e+01 ; 1.200e+00 ; 4.8212999e+01 ; 9.1655266e+01 
3.500e+01 ; 1.040e+01 ; 1.200e+00 ; 4.8599999e+01 ; 9.1307938e+01 
3.500e+01 ; 1.040e+01 ; 1.200e+00 ; 4.8599999e+01 ; 9.1307938e+01 
3.500e+01 ; 1.040e+01 ; 1.200e+00 ; 4.8600999e+01 ; 9.1307045e+01 
3.500e+01 ; 1.040e+01 ; 1.200e+00 ; 4.8601999e+01 ; 9.1306145e+01 
3.500e+01 ; 1.040e+01 ; 1.200e+00 ; 4.8602999e+01 ; 9.1305244e+01 
3.500e+01 ; 1.040e+01 ; 1.200e+00 ; 4.8604999e+01 ; 9.1303452e+01 
3.500e+01 ; 1.040e+01 ; 1.200e+00 ; 4.8608999e+01 ; 9.1299866e+01 
3.500e+01 ; 1.040e+01 ; 1.200e+00 ; 4.8616999e+01 ; 9.1292709e+01 
3.500e+01 ; 1.040e+01 ; 1.200e+00 ; 4.8632999e+01 ; 9.1278419e+01 
3.500e+01 ; 1.040e+01 ; 1.200e+00 ; 4.8664999e+01 ; 9.1249977e+01 
3.500e+01 ; 1.040e+01 ; 1.200e+00 ; 4.8728999e+01 ; 9.1193626e+01 
3.500e+01 ; 1.040e+01 ; 1.200e+00 ; 4.8856999e+01 ; 9.1083046e+01 
3.500e+01 ; 1.040e+01 ; 1.200e+00 ; 4.9112999e+01 ; 9.0870003e+01 
3.500e+01 ; 1.040e+01 ; 1.200e+00 ; 4.9499999e+01 ; 9.0565483e+01 
3.500e+01 ; 1.040e+01 ; 1.200e+00 ; 4.9499999e+01 ; 9.0565483e+01 
3.500e+01 ; 1.040e+01 ; 1.200e+00 ; 4.9500999e+01 ; 9.0564697e+01 
3.500e+01 ; 1.040e+01 ; 1.200e+00 ; 4.9501999e+01 ; 9.0563911e+01 
3.500e+01 ; 1.040e+01 ; 1.200e+00 ; 4.9502999e+01 ; 9.0563126e+01 
3.500e+01 ; 1.040e+01 ; 1.200e+00 ; 4.9504999e+01 ; 9.0561554e+01 
3.500e+01 ; 1.040e+01 ; 1.200e+00 ; 4.9508999e+01 ; 9.0558411e+01 
3.500e+01 ; 1.040e+01 ; 1.200e+00 ; 4.9516999e+01 ; 9.0552132e+01 
3.500e+01 ; 1.040e+01 ; 1.200e+00 ; 4.9532999e+01 ; 9.0539604e+01 
3.500e+01 ; 1.040e+01 ; 1.200e+00 ; 4.9564999e+01 ; 9.0514664e+01 
3.500e+01 ; 1.040e+01 ; 1.200e+00 ; 4.9628999e+01 ; 9.0465256e+01 
3.500e+01 ; 1.040e+01 ; 1.200e+00 ; 4.9756999e+01 ; 9.0368309e+01 
3.500e+01 ; 1.040e+01 ; 1.200e+00 ; 5.0012999e+01 ; 9.0181641e+01 
3.500e+01 ; 1.040e+01 ; 1.200e+00 ; 5.0399999e+01 ; 8.9915482e+01 
3.500e+01 ; 1.040e+01 ; 1.200e+00 ; 5.0399999e+01 ; 8.9915482e+01 
3.500e+01 ; 1.040e+01 ; 1.200e+00 ; 5.0400999e+01 ; 8.9914787e+01 
3.500e+01 ; 1.040e+01 ; 1.200e+00 ; 5.0401999e+01 ; 8.9914101e+01 
3.500e+01 ; 1.040e+01 ; 1.200e+00 ; 5.0402999e+01 ; 8.9913414e+01 
3.500e+01 ; 1.040e+01 ; 1.200e+00 ; 5.0404999e+01 ; 8.9912041e+01 
3.500e+01 ; 1.040e+01 ; 1.200e+00 ; 5.0408999e+01 ; 8.9909294e+01 
3.500e+01 ; 1.040e+01 ; 1.200e+00 ; 5.0416999e+01 ; 8.9903809e+01 
3.500e+01 ; 1.040e+01 ; 1.200e+00 ; 5.0432999e+01 ; 8.9892860e+01 
3.500e+01 ; 1.040e+01 ; 1.200e+00 ; 5.0464999e+01 ; 8.9871071e+01 
3.500e+01 ; 1.040e+01 ; 1.200e+00 ; 5.0528999e+01 ; 8.9827950e+01 
3.500e+01 ; 1.040e+01 ; 1.200e+00 ; 5.0656999e+01 ; 8.9743507e+01 
3.500e+01 ; 1.040e+01 ; 1.200e+00 ; 5.0912999e+01 ; 8.9582375e+01 
3.500e+01 ; 1.040e+01 ; 1.200e+00 ; 5.1299999e+01 ; 8.9357880e+01 
3.500e+01 ; 1.040e+01 ; 1.200e+00 ; 5.1299999e+01 ; 8.9357880e+01 
3.500e+01 ; 1.040e+01 ; 1.200e+00 ; 5.1300999e+01 ; 8.9357300e+01 
3.500e+01 ; 1.040e+01 ; 1.200e+00 ; 5.1301999e+01 ; 8.9356720e+01 
3.500e+01 ; 1.040e+01 ; 1.200e+00 ; 5.1302999e+01 ; 8.9356140e+01 
3.500e+01 ; 1.040e+01 ; 1.200e+00 ; 5.1304999e+01 ; 8.9354988e+01 
3.500e+01 ; 1.040e+01 ; 1.200e+00 ; 5.1308999e+01 ; 8.9352684e+01 
3.500e+01 ; 1.040e+01 ; 1.200e+00 ; 5.1316999e+01 ; 8.9348106e+01 
3.500e+01 ; 1.040e+01 ; 1.200e+00 ; 5.1332999e+01 ; 8.9339104e+01 
3.500e+01 ; 1.040e+01 ; 1.200e+00 ; 5.1364999e+01 ; 8.9321724e+01 
3.500e+01 ; 1.040e+01 ; 1.200e+00 ; 5.1428999e+01 ; 8.9289864e+01 
3.500e+01 ; 1.040e+01 ; 1.200e+00 ; 5.1556999e+01 ; 8.9239395e+01 
3.500e+01 ; 1.040e+01 ; 1.200e+00 ; 5.1812999e+01 ; 8.9190956e+01 
3.500e+01 ; 1.040e+01 ; 1.200e+00 ; 5.2199999e+01 ; 8.9207634e+01 
3.500e+01 ; 1.040e+01 ; 1.200e+00 ; 5.2199999e+01 ; 8.9207634e+01 
3.500e+01 ; 1.040e+01 ; 1.200e+00 ; 5.2200999e+01 ; 8.9207672e+01 
3.500e+01 ; 1.040e+01 ; 1.200e+00 ; 5.2201999e+01 ; 8.9207718e+01 
3.500e+01 ; 1.040e+01 ; 1.200e+00 ; 5.2202999e+01 ; 8.9207771e+01 
3.500e+01 ; 1.040e+01 ; 1.200e+00 ; 5.2204999e+01 ; 8.9207870e+01 
3.500e+01 ; 1.040e+01 ; 1.200e+00 ; 5.2208999e+01 ; 8.9208099e+01 
3.500e+01 ; 1.040e+01 ; 1.200e+00 ; 5.2216999e+01 ; 8.9208656e+01 
3.500e+01 ; 1.040e+01 ; 1.200e+00 ; 5.2232999e+01 ; 8.9210190e+01 
3.500e+01 ; 1.040e+01 ; 1.200e+00 ; 5.2264999e+01 ; 8.9215057e+01 
3.500e+01 ; 1.040e+01 ; 1.200e+00 ; 5.2328999e+01 ; 8.9232567e+01 
3.500e+01 ; 1.040e+01 ; 1.200e+00 ; 5.2456999e+01 ; 8.9300255e+01 
3.500e+01 ; 1.040e+01 ; 1.200e+00 ; 5.2712999e+01 ; 8.9551857e+01 
3.500e+01 ; 1.040e+01 ; 1.200e+00 ; 5.3099999e+01 ; 9.0098618e+01 
3.500e+01 ; 1.040e+01 ; 1.200e+00 ; 5.3099999e+01 ; 9.0098618e+01 
3.500e+01 ; 1.040e+01 ; 1.200e+00 ; 5.3100999e+01 ; 9.0100037e+01 
3.500e+01 ; 1.040e+01 ; 1.200e+00 ; 5.3101999e+01 ; 9.0101448e+01 
3.500e+01 ; 1.040e+01 ; 1.200e+00 ; 5.3102999e+01 ; 9.0102867e+01 
3.500e+01 ; 1.040e+01 ; 1.200e+00 ; 5.3104999e+01 ; 9.0105713e+01 
3.500e+01 ; 1.040e+01 ; 1.200e+00 ; 5.3108999e+01 ; 9.0111435e+01 
3.500e+01 ; 1.040e+01 ; 1.200e+00 ; 5.3116999e+01 ; 9.0123009e+01 
3.500e+01 ; 1.040e+01 ; 1.200e+00 ; 5.3132999e+01 ; 9.0146660e+01 
3.500e+01 ; 1.040e+01 ; 1.200e+00 ; 5.3164999e+01 ; 9.0196007e+01 
3.500e+01 ; 1.040e+01 ; 1.200e+00 ; 5.3228999e+01 ; 9.0302773e+01 
3.500e+01 ; 1.040e+01 ; 1.200e+00 ; 5.3356999e+01 ; 9.0546021e+01 
3.500e+01 ; 1.040e+01 ; 1.200e+00 ; 5.3612999e+01 ; 9.1119194e+01 
3.500e+01 ; 1.040e+01 ; 1.200e+00 ; 5.3999999e+01 ; 9.2065117e+01 
3.500e+01 ; 1.040e+01 ; 1.200e+00 ; 5.3999999e+01 ; 9.2065117e+01 
3.500e+01 ; 1.040e+01 ; 1.200e+00 ; 5.4000999e+01 ; 9.2067566e+01 
3.500e+01 ; 1.040e+01 ; 1.200e+00 ; 5.4001999e+01 ; 9.2070007e+01 
3.500e+01 ; 1.040e+01 ; 1.200e+00 ; 5.4002999e+01 ; 9.2072456e+01 
3.500e+01 ; 1.040e+01 ; 1.200e+00 ; 5.4004999e+01 ; 9.2077354e+01 
3.500e+01 ; 1.040e+01 ; 1.200e+00 ; 5.4008999e+01 ; 9.2087158e+01 
3.500e+01 ; 1.040e+01 ; 1.200e+00 ; 5.4016999e+01 ; 9.2106819e+01 
3.500e+01 ; 1.040e+01 ; 1.200e+00 ; 5.4032999e+01 ; 9.2146324e+01 
3.500e+01 ; 1.040e+01 ; 1.200e+00 ; 5.4064999e+01 ; 9.2225983e+01 
3.500e+01 ; 1.040e+01 ; 1.200e+00 ; 5.4128999e+01 ; 9.2387245e+01 
3.500e+01 ; 1.040e+01 ; 1.200e+00 ; 5.4256999e+01 ; 9.2713081e+01 
3.500e+01 ; 1.040e+01 ; 1.200e+00 ; 5.4512999e+01 ; 9.3351334e+01 
3.500e+01 ; 1.040e+01 ; 1.200e+00 ; 5.4899999e+01 ; 9.4229118e+01 
3.500e+01 ; 1.040e+01 ; 1.200e+00 ; 5.4899999e+01 ; 9.4229118e+01 
3.500e+01 ; 1.040e+01 ; 1.200e+00 ; 5.4900999e+01 ; 9.4231384e+01 
3.500e+01 ; 1.040e+01 ; 1.200e+00 ; 5.4901999e+01 ; 9.4233650e+01 
3.500e+01 ; 1.040e+01 ; 1.200e+00 ; 5.4902999e+01 ; 9.4235916e+01 
3.500e+01 ; 1.040e+01 ; 1.200e+00 ; 5.4904999e+01 ; 9.4240448e+01 
3.500e+01 ; 1.040e+01 ; 1.200e+00 ; 5.4908999e+01 ; 9.4249504e+01 
3.500e+01 ; 1.040e+01 ; 1.200e+00 ; 5.4916999e+01 ; 9.4267563e+01 
3.500e+01 ; 1.040e+01 ; 1.200e+00 ; 5.4932999e+01 ; 9.4303528e+01 
3.500e+01 ; 1.040e+01 ; 1.200e+00 ; 5.4964999e+01 ; 9.4374771e+01 
3.500e+01 ; 1.040e+01 ; 1.200e+00 ; 5.5028999e+01 ; 9.4514175e+01 
3.500e+01 ; 1.040e+01 ; 1.200e+00 ; 5.5156999e+01 ; 9.4778938e+01 
3.500e+01 ; 1.040e+01 ; 1.200e+00 ; 5.5412999e+01 ; 9.5245857e+01 
3.500e+01 ; 1.040e+01 ; 1.200e+00 ; 5.5799999e+01 ; 9.5808151e+01 
3.500e+01 ; 1.040e+01 ; 1.200e+00 ; 5.5799999e+01 ; 9.5808151e+01 
3.500e+01 ; 1.040e+01 ; 1.200e+00 ; 5.5800999e+01 ; 9.5809601e+01 
3.500e+01 ; 1.040e+01 ; 1.200e+00 ; 5.5801999e+01 ; 9.5811058e+01 
3.500e+01 ; 1.040e+01 ; 1.200e+00 ; 5.5802999e+01 ; 9.5812508e+01 
3.500e+01 ; 1.040e+01 ; 1.200e+00 ; 5.5804999e+01 ; 9.5815399e+01 
3.500e+01 ; 1.040e+01 ; 1.200e+00 ; 5.5808999e+01 ; 9.5821175e+01 
3.500e+01 ; 1.040e+01 ; 1.200e+00 ; 5.5816999e+01 ; 9.5832672e+01 
3.500e+01 ; 1.040e+01 ; 1.200e+00 ; 5.5832999e+01 ; 9.5855415e+01 
3.500e+01 ; 1.040e+01 ; 1.200e+00 ; 5.5864999e+01 ; 9.5899918e+01 
3.500e+01 ; 1.040e+01 ; 1.200e+00 ; 5.5928999e+01 ; 9.5985031e+01 
3.500e+01 ; 1.040e+01 ; 1.200e+00 ; 5.6056999e+01 ; 9.6140045e+01 
3.500e+01 ; 1.040e+01 ; 1.200e+00 ; 5.6312999e+01 ; 9.6393471e+01 
3.500e+01 ; 1.040e+01 ; 1.200e+00 ; 5.6699998e+01 ; 9.6664467e+01 
3.500e+01 ; 1.040e+01 ; 1.200e+00 ; 5.6699998e+01 ; 9.6664467e+01 
3.500e+01 ; 1.040e+01 ; 1.200e+00 ; 5.6700998e+01 ; 9.6665169e+01 
3.500e+01 ; 1.040e+01 ; 1.200e+00 ; 5.6701998e+01 ; 9.6665871e+01 
3.500e+01 ; 1.040e+01 ; 1.200e+00 ; 5.6702998e+01 ; 9.6666565e+01 
3.500e+01 ; 1.040e+01 ; 1.200e+00 ; 5.6704998e+01 ; 9.6667961e+01 
3.500e+01 ; 1.040e+01 ; 1.200e+00 ; 5.6708998e+01 ; 9.6670731e+01 
3.500e+01 ; 1.040e+01 ; 1.200e+00 ; 5.6716998e+01 ; 9.6676231e+01 
3.500e+01 ; 1.040e+01 ; 1.200e+00 ; 5.6732998e+01 ; 9.6687042e+01 
3.500e+01 ; 1.040e+01 ; 1.200e+00 ; 5.6764998e+01 ; 9.6707924e+01 
3.500e+01 ; 1.040e+01 ; 1.200e+00 ; 5.6828998e+01 ; 9.6746773e+01 
3.500e+01 ; 1.040e+01 ; 1.200e+00 ; 5.6956998e+01 ; 9.6813507e+01 
3.500e+01 ; 1.040e+01 ; 1.200e+00 ; 5.7212999e+01 ; 9.6908104e+01 
3.500e+01 ; 1.040e+01 ; 1.200e+00 ; 5.7599998e+01 ; 9.6977921e+01 
3.500e+01 ; 1.040e+01 ; 1.200e+00 ; 5.7599998e+01 ; 9.6977921e+01 
3.500e+01 ; 1.040e+01 ; 1.200e+00 ; 5.7600998e+01 ; 9.6978104e+01 
3.500e+01 ; 1.040e+01 ; 1.200e+00 ; 5.7601998e+01 ; 9.6978279e+01 
3.500e+01 ; 1.040e+01 ; 1.200e+00 ; 5.7602998e+01 ; 9.6978462e+01 
3.500e+01 ; 1.040e+01 ; 1.200e+00 ; 5.7604998e+01 ; 9.6978813e+01 
3.500e+01 ; 1.040e+01 ; 1.200e+00 ; 5.7608998e+01 ; 9.6979523e+01 
3.500e+01 ; 1.040e+01 ; 1.200e+00 ; 5.7616998e+01 ; 9.6980896e+01 
3.500e+01 ; 1.040e+01 ; 1.200e+00 ; 5.7632998e+01 ; 9.6983528e+01 
3.500e+01 ; 1.040e+01 ; 1.200e+00 ; 5.7664998e+01 ; 9.6988312e+01 
3.500e+01 ; 1.040e+01 ; 1.200e+00 ; 5.7728998e+01 ; 9.6996010e+01 
3.500e+01 ; 1.040e+01 ; 1.200e+00 ; 5.7856998e+01 ; 9.7004471e+01 
3.500e+01 ; 1.040e+01 ; 1.200e+00 ; 5.8112998e+01 ; 9.6997391e+01 
3.500e+01 ; 1.040e+01 ; 1.200e+00 ; 5.8499998e+01 ; 9.6942703e+01 
3.500e+01 ; 1.040e+01 ; 1.200e+00 ; 5.8499998e+01 ; 9.6942703e+01 
3.500e+01 ; 1.040e+01 ; 1.200e+00 ; 5.8500998e+01 ; 9.6942558e+01 
3.500e+01 ; 1.040e+01 ; 1.200e+00 ; 5.8501998e+01 ; 9.6942413e+01 
3.500e+01 ; 1.040e+01 ; 1.200e+00 ; 5.8502998e+01 ; 9.6942276e+01 
3.500e+01 ; 1.040e+01 ; 1.200e+00 ; 5.8504998e+01 ; 9.6941986e+01 
3.500e+01 ; 1.040e+01 ; 1.200e+00 ; 5.8508998e+01 ; 9.6941414e+01 
3.500e+01 ; 1.040e+01 ; 1.200e+00 ; 5.8516998e+01 ; 9.6940247e+01 
3.500e+01 ; 1.040e+01 ; 1.200e+00 ; 5.8532998e+01 ; 9.6937828e+01 
3.500e+01 ; 1.040e+01 ; 1.200e+00 ; 5.8564998e+01 ; 9.6932716e+01 
3.500e+01 ; 1.040e+01 ; 1.200e+00 ; 5.8628998e+01 ; 9.6921371e+01 
3.500e+01 ; 1.040e+01 ; 1.200e+00 ; 5.8756998e+01 ; 9.6894608e+01 
3.500e+01 ; 1.040e+01 ; 1.200e+00 ; 5.9012998e+01 ; 9.6827164e+01 
3.500e+01 ; 1.040e+01 ; 1.200e+00 ; 5.9399998e+01 ; 9.6700363e+01 
3.500e+01 ; 1.040e+01 ; 1.200e+00 ; 5.9399998e+01 ; 9.6700363e+01 
3.500e+01 ; 1.040e+01 ; 1.200e+00 ; 5.9400998e+01 ; 9.6700035e+01 
3.500e+01 ; 1.040e+01 ; 1.200e+00 ; 5.9401998e+01 ; 9.6699707e+01 
3.500e+01 ; 1.040e+01 ; 1.200e+00 ; 5.9402998e+01 ; 9.6699379e+01 
3.500e+01 ; 1.040e+01 ; 1.200e+00 ; 5.9404998e+01 ; 9.6698723e+01 
3.500e+01 ; 1.040e+01 ; 1.200e+00 ; 5.9408998e+01 ; 9.6697411e+01 
3.500e+01 ; 1.040e+01 ; 1.200e+00 ; 5.9416998e+01 ; 9.6694763e+01 
3.500e+01 ; 1.040e+01 ; 1.200e+00 ; 5.9432998e+01 ; 9.6689438e+01 
3.500e+01 ; 1.040e+01 ; 1.200e+00 ; 5.9464998e+01 ; 9.6678619e+01 
3.500e+01 ; 1.040e+01 ; 1.200e+00 ; 5.9528998e+01 ; 9.6656357e+01 
3.500e+01 ; 1.040e+01 ; 1.200e+00 ; 5.9656998e+01 ; 9.6609581e+01 
3.500e+01 ; 1.040e+01 ; 1.200e+00 ; 5.9912998e+01 ; 9.6508507e+01 
3.500e+01 ; 1.040e+01 ; 1.200e+00 ; 6.0299998e+01 ; 9.6342796e+01 
3.500e+01 ; 1.040e+01 ; 1.200e+00 ; 6.0299998e+01 ; 9.6342796e+01 
3.500e+01 ; 1.040e+01 ; 1.200e+00 ; 6.0300998e+01 ; 9.6342369e+01 
3.500e+01 ; 1.040e+01 ; 1.200e+00 ; 6.0301998e+01 ; 9.6341934e+01 
3.500e+01 ; 1.040e+01 ; 1.200e+00 ; 6.0302998e+01 ; 9.6341507e+01 
3.500e+01 ; 1.040e+01 ; 1.200e+00 ; 6.0304998e+01 ; 9.6340652e+01 
3.500e+01 ; 1.040e+01 ; 1.200e+00 ; 6.0308998e+01 ; 9.6338936e+01 
3.500e+01 ; 1.040e+01 ; 1.200e+00 ; 6.0316998e+01 ; 9.6335503e+01 
3.500e+01 ; 1.040e+01 ; 1.200e+00 ; 6.0332998e+01 ; 9.6328606e+01 
3.500e+01 ; 1.040e+01 ; 1.200e+00 ; 6.0364998e+01 ; 9.6314728e+01 
3.500e+01 ; 1.040e+01 ; 1.200e+00 ; 6.0428998e+01 ; 9.6286659e+01 
3.500e+01 ; 1.040e+01 ; 1.200e+00 ; 6.0556998e+01 ; 9.6229393e+01 
3.500e+01 ; 1.040e+01 ; 1.200e+00 ; 6.0812998e+01 ; 9.6111259e+01 
3.500e+01 ; 1.040e+01 ; 1.200e+00 ; 6.1199998e+01 ; 9.5927040e+01 
3.500e+01 ; 1.040e+01 ; 1.200e+00 ; 6.1199998e+01 ; 9.5927040e+01 
3.500e+01 ; 1.040e+01 ; 1.200e+00 ; 6.1200998e+01 ; 9.5926567e+01 
3.500e+01 ; 1.040e+01 ; 1.200e+00 ; 6.1201998e+01 ; 9.5926086e+01 
3.500e+01 ; 1.040e+01 ; 1.200e+00 ; 6.1202998e+01 ; 9.5925613e+01 
3.500e+01 ; 1.040e+01 ; 1.200e+00 ; 6.1204998e+01 ; 9.5924660e+01 
3.500e+01 ; 1.040e+01 ; 1.200e+00 ; 6.1208998e+01 ; 9.5922752e+01 
3.500e+01 ; 1.040e+01 ; 1.200e+00 ; 6.1216998e+01 ; 9.5918938e+01 
3.500e+01 ; 1.040e+01 ; 1.200e+00 ; 6.1232998e+01 ; 9.5911308e+01 
3.500e+01 ; 1.040e+01 ; 1.200e+00 ; 6.1264998e+01 ; 9.5895996e+01 
3.500e+01 ; 1.040e+01 ; 1.200e+00 ; 6.1328998e+01 ; 9.5865250e+01 
3.500e+01 ; 1.040e+01 ; 1.200e+00 ; 6.1456998e+01 ; 9.5803322e+01 
3.500e+01 ; 1.040e+01 ; 1.200e+00 ; 6.1712998e+01 ; 9.5678230e+01 
3.500e+01 ; 1.040e+01 ; 1.200e+00 ; 6.2099998e+01 ; 9.5487930e+01 
3.500e+01 ; 1.040e+01 ; 1.200e+00 ; 6.2099998e+01 ; 9.5487930e+01 
3.500e+01 ; 1.040e+01 ; 1.200e+00 ; 6.2100998e+01 ; 9.5487434e+01 
3.500e+01 ; 1.040e+01 ; 1.200e+00 ; 6.2101998e+01 ; 9.5486946e+01 
3.500e+01 ; 1.040e+01 ; 1.200e+00 ; 6.2102998e+01 ; 9.5486450e+01 
3.500e+01 ; 1.040e+01 ; 1.200e+00 ; 6.2104998e+01 ; 9.5485466e+01 
3.500e+01 ; 1.040e+01 ; 1.200e+00 ; 6.2108998e+01 ; 9.5483505e+01 
3.500e+01 ; 1.040e+01 ; 1.200e+00 ; 6.2116998e+01 ; 9.5479568e+01 
3.500e+01 ; 1.040e+01 ; 1.200e+00 ; 6.2132998e+01 ; 9.5471695e+01 
3.500e+01 ; 1.040e+01 ; 1.200e+00 ; 6.2164998e+01 ; 9.5455948e+01 
3.500e+01 ; 1.040e+01 ; 1.200e+00 ; 6.2228998e+01 ; 9.5424423e+01 
3.500e+01 ; 1.040e+01 ; 1.200e+00 ; 6.2356998e+01 ; 9.5361359e+01 
3.500e+01 ; 1.040e+01 ; 1.200e+00 ; 6.2612998e+01 ; 9.5235443e+01 
3.500e+01 ; 1.040e+01 ; 1.200e+00 ; 6.2999998e+01 ; 9.5046585e+01 
3.500e+01 ; 1.040e+01 ; 1.200e+00 ; 6.2999998e+01 ; 9.5046585e+01 
3.500e+01 ; 1.040e+01 ; 1.200e+00 ; 6.3000998e+01 ; 9.5046097e+01 
3.500e+01 ; 1.040e+01 ; 1.200e+00 ; 6.3001998e+01 ; 9.5045609e+01 
3.500e+01 ; 1.040e+01 ; 1.200e+00 ; 6.3002998e+01 ; 9.5045120e+01 
3.500e+01 ; 1.040e+01 ; 1.200e+00 ; 6.3004998e+01 ; 9.5044144e+01 
3.500e+01 ; 1.040e+01 ; 1.200e+00 ; 6.3008998e+01 ; 9.5042198e+01 
3.500e+01 ; 1.040e+01 ; 1.200e+00 ; 6.3016998e+01 ; 9.5038292e+01 
3.500e+01 ; 1.040e+01 ; 1.200e+00 ; 6.3032998e+01 ; 9.5030487e+01 
3.500e+01 ; 1.040e+01 ; 1.200e+00 ; 6.3064998e+01 ; 9.5014893e+01 
3.500e+01 ; 1.040e+01 ; 1.200e+00 ; 6.3128998e+01 ; 9.4983757e+01 
3.500e+01 ; 1.040e+01 ; 1.200e+00 ; 6.3256998e+01 ; 9.4921707e+01 
3.500e+01 ; 1.040e+01 ; 1.200e+00 ; 6.3512998e+01 ; 9.4798752e+01 
3.500e+01 ; 1.040e+01 ; 1.200e+00 ; 6.3899998e+01 ; 9.4616272e+01 
3.500e+01 ; 1.040e+01 ; 1.200e+00 ; 6.3899998e+01 ; 9.4616272e+01 
3.500e+01 ; 1.040e+01 ; 1.200e+00 ; 6.3900998e+01 ; 9.4615807e+01 
3.500e+01 ; 1.040e+01 ; 1.200e+00 ; 6.3901998e+01 ; 9.4615334e+01 
3.500e+01 ; 1.040e+01 ; 1.200e+00 ; 6.3902998e+01 ; 9.4614861e+01 
3.500e+01 ; 1.040e+01 ; 1.200e+00 ; 6.3904998e+01 ; 9.4613914e+01 
3.500e+01 ; 1.040e+01 ; 1.200e+00 ; 6.3908998e+01 ; 9.4612030e+01 
3.500e+01 ; 1.040e+01 ; 1.200e+00 ; 6.3916998e+01 ; 9.4608261e+01 
3.500e+01 ; 1.040e+01 ; 1.200e+00 ; 6.3932998e+01 ; 9.4600731e+01 
3.500e+01 ; 1.040e+01 ; 1.200e+00 ; 6.3964998e+01 ; 9.4585693e+01 
3.500e+01 ; 1.040e+01 ; 1.200e+00 ; 6.4028998e+01 ; 9.4555740e+01 
3.500e+01 ; 1.040e+01 ; 1.200e+00 ; 6.4156998e+01 ; 9.4496437e+01 
3.500e+01 ; 1.040e+01 ; 1.200e+00 ; 6.4412998e+01 ; 9.4381187e+01 
3.500e+01 ; 1.040e+01 ; 1.200e+00 ; 6.4799998e+01 ; 9.4216728e+01 
3.500e+01 ; 1.040e+01 ; 1.200e+00 ; 6.4799998e+01 ; 9.4216728e+01 
3.500e+01 ; 1.040e+01 ; 1.200e+00 ; 6.4800998e+01 ; 9.4216309e+01 
3.500e+01 ; 1.040e+01 ; 1.200e+00 ; 6.4801998e+01 ; 9.4215881e+01 
3.500e+01 ; 1.040e+01 ; 1.200e+00 ; 6.4802998e+01 ; 9.4215454e+01 
3.500e+01 ; 1.040e+01 ; 1.200e+00 ; 6.4804998e+01 ; 9.4214607e+01 
3.500e+01 ; 1.040e+01 ; 1.200e+00 ; 6.4808998e+01 ; 9.4212914e+01 
3.500e+01 ; 1.040e+01 ; 1.200e+00 ; 6.4816998e+01 ; 9.4209518e+01 
3.500e+01 ; 1.040e+01 ; 1.200e+00 ; 6.4832998e+01 ; 9.4202759e+01 
3.500e+01 ; 1.040e+01 ; 1.200e+00 ; 6.4864998e+01 ; 9.4189308e+01 
3.500e+01 ; 1.040e+01 ; 1.200e+00 ; 6.4928998e+01 ; 9.4162781e+01 
3.500e+01 ; 1.040e+01 ; 1.200e+00 ; 6.5056998e+01 ; 9.4111649e+01 
3.500e+01 ; 1.040e+01 ; 1.200e+00 ; 6.5312998e+01 ; 9.4020073e+01 
3.500e+01 ; 1.040e+01 ; 1.200e+00 ; 6.5699998e+01 ; 9.3910774e+01 
3.500e+01 ; 1.040e+01 ; 1.200e+00 ; 6.5699998e+01 ; 9.3910774e+01 
3.500e+01 ; 1.040e+01 ; 1.200e+00 ; 6.5700998e+01 ; 9.3910492e+01 
3.500e+01 ; 1.040e+01 ; 1.200e+00 ; 6.5701998e+01 ; 9.3910210e+01 
3.500e+01 ; 1.040e+01 ; 1.200e+00 ; 6.5702998e+01 ; 9.3909927e+01 
3.500e+01 ; 1.040e+01 ; 1.200e+00 ; 6.5704998e+01 ; 9.3909363e+01 
3.500e+01 ; 1.040e+01 ; 1.200e+00 ; 6.5708998e+01 ; 9.3908241e+01 
3.500e+01 ; 1.040e+01 ; 1.200e+00 ; 6.5716998e+01 ; 9.3906013e+01 
3.500e+01 ; 1.040e+01 ; 1.200e+00 ; 6.5732998e+01 ; 9.3901596e+01 
3.500e+01 ; 1.040e+01 ; 1.200e+00 ; 6.5764998e+01 ; 9.3892998e+01 
3.500e+01 ; 1.040e+01 ; 1.200e+00 ; 6.5828998e+01 ; 9.3876762e+01 
3.500e+01 ; 1.040e+01 ; 1.200e+00 ; 6.5956998e+01 ; 9.3848923e+01 
3.500e+01 ; 1.040e+01 ; 1.200e+00 ; 6.6212998e+01 ; 9.3815765e+01 
3.500e+01 ; 1.040e+01 ; 1.200e+00 ; 6.6599998e+01 ; 9.3820465e+01 
3.500e+01 ; 1.040e+01 ; 1.200e+00 ; 6.6599998e+01 ; 9.3820465e+01 
3.500e+01 ; 1.040e+01 ; 1.200e+00 ; 6.6600998e+01 ; 9.3820473e+01 
3.500e+01 ; 1.040e+01 ; 1.200e+00 ; 6.6601998e+01 ; 9.3820488e+01 
3.500e+01 ; 1.040e+01 ; 1.200e+00 ; 6.6602998e+01 ; 9.3820503e+01 
3.500e+01 ; 1.040e+01 ; 1.200e+00 ; 6.6604998e+01 ; 9.3820526e+01 
3.500e+01 ; 1.040e+01 ; 1.200e+00 ; 6.6608998e+01 ; 9.3820587e+01 
3.500e+01 ; 1.040e+01 ; 1.200e+00 ; 6.6616998e+01 ; 9.3820740e+01 
3.500e+01 ; 1.040e+01 ; 1.200e+00 ; 6.6632998e+01 ; 9.3821129e+01 
3.500e+01 ; 1.040e+01 ; 1.200e+00 ; 6.6664998e+01 ; 9.3822304e+01 
3.500e+01 ; 1.040e+01 ; 1.200e+00 ; 6.6728998e+01 ; 9.3826286e+01 
3.500e+01 ; 1.040e+01 ; 1.200e+00 ; 6.6856998e+01 ; 9.3841225e+01 
3.500e+01 ; 1.040e+01 ; 1.200e+00 ; 6.7112998e+01 ; 9.3900337e+01 
3.500e+01 ; 1.040e+01 ; 1.200e+00 ; 6.7499998e+01 ; 9.4051086e+01 
3.500e+01 ; 1.040e+01 ; 1.200e+00 ; 6.7499998e+01 ; 9.4051086e+01 
3.500e+01 ; 1.040e+01 ; 1.200e+00 ; 6.7500998e+01 ; 9.4051476e+01 
3.500e+01 ; 1.040e+01 ; 1.200e+00 ; 6.7501998e+01 ; 9.4051872e+01 
3.500e+01 ; 1.040e+01 ; 1.200e+00 ; 6.7502998e+01 ; 9.4052261e+01 
3.500e+01 ; 1.040e+01 ; 1.200e+00 ; 6.7504998e+01 ; 9.4053040e+01 
3.500e+01 ; 1.040e+01 ; 1.200e+00 ; 6.7508998e+01 ; 9.4054619e+01 
3.500e+01 ; 1.040e+01 ; 1.200e+00 ; 6.7516998e+01 ; 9.4057785e+01 
3.500e+01 ; 1.040e+01 ; 1.200e+00 ; 6.7532998e+01 ; 9.4064240e+01 
3.500e+01 ; 1.040e+01 ; 1.200e+00 ; 6.7564998e+01 ; 9.4077560e+01 
3.500e+01 ; 1.040e+01 ; 1.200e+00 ; 6.7628998e+01 ; 9.4105881e+01 
3.500e+01 ; 1.040e+01 ; 1.200e+00 ; 6.7756998e+01 ; 9.4169113e+01 
3.500e+01 ; 1.040e+01 ; 1.200e+00 ; 6.8012998e+01 ; 9.4319458e+01 
3.500e+01 ; 1.040e+01 ; 1.200e+00 ; 6.8399998e+01 ; 9.4588043e+01 
3.500e+01 ; 1.040e+01 ; 1.200e+00 ; 6.8399998e+01 ; 9.4588043e+01 
3.500e+01 ; 1.040e+01 ; 1.200e+00 ; 6.8400998e+01 ; 9.4588737e+01 
3.500e+01 ; 1.040e+01 ; 1.200e+00 ; 6.8401998e+01 ; 9.4589432e+01 
3.500e+01 ; 1.040e+01 ; 1.200e+00 ; 6.8402998e+01 ; 9.4590134e+01 
3.500e+01 ; 1.040e+01 ; 1.200e+00 ; 6.8404998e+01 ; 9.4591522e+01 
3.500e+01 ; 1.040e+01 ; 1.200e+00 ; 6.8408998e+01 ; 9.4594307e+01 
3.500e+01 ; 1.040e+01 ; 1.200e+00 ; 6.8416998e+01 ; 9.4599899e+01 
3.500e+01 ; 1.040e+01 ; 1.200e+00 ; 6.8432998e+01 ; 9.4611145e+01 
3.500e+01 ; 1.040e+01 ; 1.200e+00 ; 6.8464998e+01 ; 9.4633904e+01 
3.500e+01 ; 1.040e+01 ; 1.200e+00 ; 6.8528998e+01 ; 9.4680420e+01 
3.500e+01 ; 1.040e+01 ; 1.200e+00 ; 6.8656998e+01 ; 9.4776787e+01 
3.500e+01 ; 1.040e+01 ; 1.200e+00 ; 6.8912998e+01 ; 9.4977821e+01 
3.500e+01 ; 1.040e+01 ; 1.200e+00 ; 6.9299998e+01 ; 9.5285522e+01 
3.500e+01 ; 1.040e+01 ; 1.200e+00 ; 6.9299998e+01 ; 9.5285522e+01 
3.500e+01 ; 1.040e+01 ; 1.200e+00 ; 6.9300998e+01 ; 9.5286316e+01 
3.500e+01 ; 1.040e+01 ; 1.200e+00 ; 6.9301998e+01 ; 9.5287117e+01 
3.500e+01 ; 1.040e+01 ; 1.200e+00 ; 6.9302998e+01 ; 9.5287910e+01 
3.500e+01 ; 1.040e+01 ; 1.200e+00 ; 6.9304998e+01 ; 9.5289497e+01 
3.500e+01 ; 1.040e+01 ; 1.200e+00 ; 6.9308998e+01 ; 9.5292679e+01 
3.500e+01 ; 1.040e+01 ; 1.200e+00 ; 6.9316998e+01 ; 9.5299042e+01 
3.500e+01 ; 1.040e+01 ; 1.200e+00 ; 6.9332998e+01 ; 9.5311775e+01 
3.500e+01 ; 1.040e+01 ; 1.200e+00 ; 6.9364998e+01 ; 9.5337250e+01 
3.500e+01 ; 1.040e+01 ; 1.200e+00 ; 6.9428998e+01 ; 9.5388168e+01 
3.500e+01 ; 1.040e+01 ; 1.200e+00 ; 6.9556998e+01 ; 9.5489403e+01 
3.500e+01 ; 1.040e+01 ; 1.200e+00 ; 6.9812998e+01 ; 9.5686363e+01 
3.500e+01 ; 1.040e+01 ; 1.200e+00 ; 7.0199998e+01 ; 9.5963852e+01 
3.500e+01 ; 1.040e+01 ; 1.200e+00 ; 7.0199998e+01 ; 9.5963852e+01 
3.500e+01 ; 1.040e+01 ; 1.200e+00 ; 7.0200998e+01 ; 9.5964569e+01 
3.500e+01 ; 1.040e+01 ; 1.200e+00 ; 7.0201998e+01 ; 9.5965286e+01 
3.500e+01 ; 1.040e+01 ; 1.200e+00 ; 7.0202998e+01 ; 9.5966003e+01 
3.500e+01 ; 1.040e+01 ; 1.200e+00 ; 7.0204998e+01 ; 9.5967438e+01 
3.500e+01 ; 1.040e+01 ; 1.200e+00 ; 7.0208998e+01 ; 9.5970299e+01 
3.500e+01 ; 1.040e+01 ; 1.200e+00 ; 7.0216998e+01 ; 9.5976021e+01 
3.500e+01 ; 1.040e+01 ; 1.200e+00 ; 7.0232998e+01 ; 9.5987419e+01 
3.500e+01 ; 1.040e+01 ; 1.200e+00 ; 7.0264998e+01 ; 9.6010071e+01 
3.500e+01 ; 1.040e+01 ; 1.200e+00 ; 7.0328998e+01 ; 9.6054756e+01 
3.500e+01 ; 1.040e+01 ; 1.200e+00 ; 7.0456998e+01 ; 9.6141457e+01 
3.500e+01 ; 1.040e+01 ; 1.200e+00 ; 7.0712998e+01 ; 9.6303040e+01 
3.500e+01 ; 1.040e+01 ; 1.200e+00 ; 7.1099998e+01 ; 9.6518326e+01 
3.500e+01 ; 1.040e+01 ; 1.200e+00 ; 7.1099998e+01 ; 9.6518326e+01 
3.500e+01 ; 1.040e+01 ; 1.200e+00 ; 7.1100998e+01 ; 9.6518875e+01 
3.500e+01 ; 1.040e+01 ; 1.200e+00 ; 7.1101998e+01 ; 9.6519432e+01 
3.500e+01 ; 1.040e+01 ; 1.200e+00 ; 7.1102998e+01 ; 9.6519989e+01 
3.500e+01 ; 1.040e+01 ; 1.200e+00 ; 7.1104998e+01 ; 9.6521103e+01 
3.500e+01 ; 1.040e+01 ; 1.200e+00 ; 7.1108998e+01 ; 9.6523315e+01 
3.500e+01 ; 1.040e+01 ; 1.200e+00 ; 7.1116998e+01 ; 9.6527740e+01 
3.500e+01 ; 1.040e+01 ; 1.200e+00 ; 7.1132998e+01 ; 9.6536537e+01 
3.500e+01 ; 1.040e+01 ; 1.200e+00 ; 7.1164998e+01 ; 9.6553932e+01 
3.500e+01 ; 1.040e+01 ; 1.200e+00 ; 7.1228998e+01 ; 9.6587921e+01 
3.500e+01 ; 1.040e+01 ; 1.200e+00 ; 7.1356998e+01 ; 9.6652634e+01 
3.500e+01 ; 1.040e+01 ; 1.200e+00 ; 7.1612998e+01 ; 9.6769035e+01 
3.500e+01 ; 1.040e+01 ; 1.200e+00 ; 7.1999998e+01 ; 9.6916153e+01 
3.500e+01 ; 1.040e+01 ; 1.200e+00 ; 7.1999998e+01 ; 9.6916153e+01 
3.500e+01 ; 1.040e+01 ; 1.200e+00 ; 7.2000998e+01 ; 9.6916527e+01 
3.500e+01 ; 1.040e+01 ; 1.200e+00 ; 7.2001998e+01 ; 9.6916908e+01 
3.500e+01 ; 1.040e+01 ; 1.200e+00 ; 7.2002998e+01 ; 9.6917290e+01 
3.500e+01 ; 1.040e+01 ; 1.200e+00 ; 7.2004998e+01 ; 9.6918045e+01 
3.500e+01 ; 1.040e+01 ; 1.200e+00 ; 7.2008998e+01 ; 9.6919563e+01 
3.500e+01 ; 1.040e+01 ; 1.200e+00 ; 7.2016998e+01 ; 9.6922577e+01 
3.500e+01 ; 1.040e+01 ; 1.200e+00 ; 7.2032998e+01 ; 9.6928558e+01 
3.500e+01 ; 1.040e+01 ; 1.200e+00 ; 7.2064998e+01 ; 9.6940323e+01 
3.500e+01 ; 1.040e+01 ; 1.200e+00 ; 7.2128998e+01 ; 9.6963074e+01 
3.500e+01 ; 1.040e+01 ; 1.200e+00 ; 7.2256998e+01 ; 9.7005516e+01 
3.500e+01 ; 1.040e+01 ; 1.200e+00 ; 7.2512998e+01 ; 9.7078629e+01 
3.500e+01 ; 1.040e+01 ; 1.200e+00 ; 7.2899998e+01 ; 9.7164246e+01 
3.500e+01 ; 1.040e+01 ; 1.200e+00 ; 7.2899998e+01 ; 9.7164246e+01 
3.500e+01 ; 1.040e+01 ; 1.200e+00 ; 7.2900998e+01 ; 9.7164467e+01 
3.500e+01 ; 1.040e+01 ; 1.200e+00 ; 7.2901998e+01 ; 9.7164688e+01 
3.500e+01 ; 1.040e+01 ; 1.200e+00 ; 7.2902998e+01 ; 9.7164909e+01 
3.500e+01 ; 1.040e+01 ; 1.200e+00 ; 7.2904998e+01 ; 9.7165344e+01 
3.500e+01 ; 1.040e+01 ; 1.200e+00 ; 7.2908998e+01 ; 9.7166229e+01 
3.500e+01 ; 1.040e+01 ; 1.200e+00 ; 7.2916998e+01 ; 9.7167976e+01 
3.500e+01 ; 1.040e+01 ; 1.200e+00 ; 7.2932998e+01 ; 9.7171425e+01 
3.500e+01 ; 1.040e+01 ; 1.200e+00 ; 7.2964998e+01 ; 9.7178162e+01 
3.500e+01 ; 1.040e+01 ; 1.200e+00 ; 7.3028998e+01 ; 9.7190971e+01 
3.500e+01 ; 1.040e+01 ; 1.200e+00 ; 7.3156998e+01 ; 9.7214020e+01 
3.500e+01 ; 1.040e+01 ; 1.200e+00 ; 7.3412998e+01 ; 9.7250435e+01 
3.500e+01 ; 1.040e+01 ; 1.200e+00 ; 7.3799998e+01 ; 9.7285530e+01 
3.500e+01 ; 1.040e+01 ; 1.200e+00 ; 7.3799998e+01 ; 9.7285530e+01 
3.500e+01 ; 1.040e+01 ; 1.200e+00 ; 7.3800998e+01 ; 9.7285622e+01 
3.500e+01 ; 1.040e+01 ; 1.200e+00 ; 7.3801998e+01 ; 9.7285713e+01 
3.500e+01 ; 1.040e+01 ; 1.200e+00 ; 7.3802998e+01 ; 9.7285805e+01 
3.500e+01 ; 1.040e+01 ; 1.200e+00 ; 7.3804998e+01 ; 9.7285980e+01 
3.500e+01 ; 1.040e+01 ; 1.200e+00 ; 7.3808998e+01 ; 9.7286339e+01 
3.500e+01 ; 1.040e+01 ; 1.200e+00 ; 7.3816998e+01 ; 9.7287048e+01 
3.500e+01 ; 1.040e+01 ; 1.200e+00 ; 7.3832998e+01 ; 9.7288429e+01 
3.500e+01 ; 1.040e+01 ; 1.200e+00 ; 7.3864998e+01 ; 9.7291054e+01 
3.500e+01 ; 1.040e+01 ; 1.200e+00 ; 7.3928998e+01 ; 9.7295784e+01 
3.500e+01 ; 1.040e+01 ; 1.200e+00 ; 7.4056998e+01 ; 9.7303215e+01 
3.500e+01 ; 1.040e+01 ; 1.200e+00 ; 7.4312998e+01 ; 9.7310539e+01 
3.500e+01 ; 1.040e+01 ; 1.200e+00 ; 7.4699998e+01 ; 9.7306343e+01 
3.500e+01 ; 1.040e+01 ; 1.200e+00 ; 7.4699998e+01 ; 9.7306343e+01 
3.500e+01 ; 1.040e+01 ; 1.200e+00 ; 7.4700998e+01 ; 9.7306335e+01 
3.500e+01 ; 1.040e+01 ; 1.200e+00 ; 7.4701998e+01 ; 9.7306328e+01 
3.500e+01 ; 1.040e+01 ; 1.200e+00 ; 7.4702998e+01 ; 9.7306313e+01 
3.500e+01 ; 1.040e+01 ; 1.200e+00 ; 7.4704998e+01 ; 9.7306290e+01 
3.500e+01 ; 1.040e+01 ; 1.200e+00 ; 7.4708998e+01 ; 9.7306244e+01 
3.500e+01 ; 1.040e+01 ; 1.200e+00 ; 7.4716998e+01 ; 9.7306145e+01 
3.500e+01 ; 1.040e+01 ; 1.200e+00 ; 7.4732998e+01 ; 9.7305916e+01 
3.500e+01 ; 1.040e+01 ; 1.200e+00 ; 7.4764998e+01 ; 9.7305359e+01 
3.500e+01 ; 1.040e+01 ; 1.200e+00 ; 7.4828998e+01 ; 9.7303848e+01 
3.500e+01 ; 1.040e+01 ; 1.200e+00 ; 7.4956998e+01 ; 9.7299286e+01 
3.500e+01 ; 1.040e+01 ; 1.200e+00 ; 7.5212998e+01 ; 9.7284531e+01 
3.500e+01 ; 1.040e+01 ; 1.200e+00 ; 7.5599998e+01 ; 9.7250931e+01 
3.500e+01 ; 1.040e+01 ; 1.200e+00 ; 7.5599998e+01 ; 9.7250931e+01 
3.500e+01 ; 1.040e+01 ; 1.200e+00 ; 7.5600998e+01 ; 9.7250847e+01 
3.500e+01 ; 1.040e+01 ; 1.200e+00 ; 7.5601998e+01 ; 9.7250763e+01 
3.500e+01 ; 1.040e+01 ; 1.200e+00 ; 7.5602998e+01 ; 9.7250671e+01 
3.500e+01 ; 1.040e+01 ; 1.200e+00 ; 7.5604998e+01 ; 9.7250496e+01 
3.500e+01 ; 1.040e+01 ; 1.200e+00 ; 7.5608998e+01 ; 9.7250153e+01 
3.500e+01 ; 1.040e+01 ; 1.200e+00 ; 7.5616998e+01 ; 9.7249443e+01 
3.500e+01 ; 1.040e+01 ; 1.200e+00 ; 7.5632998e+01 ; 9.7248016e+01 
3.500e+01 ; 1.040e+01 ; 1.200e+00 ; 7.5664998e+01 ; 9.7245087e+01 
3.500e+01 ; 1.040e+01 ; 1.200e+00 ; 7.5728998e+01 ; 9.7238922e+01 
3.500e+01 ; 1.040e+01 ; 1.200e+00 ; 7.5856998e+01 ; 9.7225487e+01 
3.500e+01 ; 1.040e+01 ; 1.200e+00 ; 7.6112998e+01 ; 9.7194519e+01 
3.500e+01 ; 1.040e+01 ; 1.200e+00 ; 7.6499998e+01 ; 9.7139648e+01 
3.500e+01 ; 1.040e+01 ; 1.200e+00 ; 7.6499998e+01 ; 9.7139648e+01 
3.500e+01 ; 1.040e+01 ; 1.200e+00 ; 7.6500998e+01 ; 9.7139503e+01 
3.500e+01 ; 1.040e+01 ; 1.200e+00 ; 7.6501998e+01 ; 9.7139366e+01 
3.500e+01 ; 1.040e+01 ; 1.200e+00 ; 7.6502998e+01 ; 9.7139221e+01 
3.500e+01 ; 1.040e+01 ; 1.200e+00 ; 7.6504998e+01 ; 9.7138939e+01 
3.500e+01 ; 1.040e+01 ; 1.200e+00 ; 7.6508998e+01 ; 9.7138367e+01 
3.500e+01 ; 1.040e+01 ; 1.200e+00 ; 7.6516998e+01 ; 9.7137230e+01 
3.500e+01 ; 1.040e+01 ; 1.200e+00 ; 7.6532998e+01 ; 9.7134926e+01 
3.500e+01 ; 1.040e+01 ; 1.200e+00 ; 7.6564998e+01 ; 9.7130280e+01 
3.500e+01 ; 1.040e+01 ; 1.200e+00 ; 7.6628998e+01 ; 9.7120781e+01 
3.500e+01 ; 1.040e+01 ; 1.200e+00 ; 7.6756998e+01 ; 9.7100983e+01 
3.500e+01 ; 1.040e+01 ; 1.200e+00 ; 7.7012998e+01 ; 9.7058586e+01 
3.500e+01 ; 1.040e+01 ; 1.200e+00 ; 7.7399998e+01 ; 9.6989220e+01 
3.500e+01 ; 1.040e+01 ; 1.200e+00 ; 7.7399998e+01 ; 9.6989220e+01 
3.500e+01 ; 1.040e+01 ; 1.200e+00 ; 7.7400998e+01 ; 9.6989044e+01 
3.500e+01 ; 1.040e+01 ; 1.200e+00 ; 7.7401998e+01 ; 9.6988861e+01 
3.500e+01 ; 1.040e+01 ; 1.200e+00 ; 7.7402998e+01 ; 9.6988686e+01 
3.500e+01 ; 1.040e+01 ; 1.200e+00 ; 7.7404998e+01 ; 9.6988327e+01 
3.500e+01 ; 1.040e+01 ; 1.200e+00 ; 7.7408998e+01 ; 9.6987610e+01 
3.500e+01 ; 1.040e+01 ; 1.200e+00 ; 7.7416998e+01 ; 9.6986168e+01 
3.500e+01 ; 1.040e+01 ; 1.200e+00 ; 7.7432998e+01 ; 9.6983284e+01 
3.500e+01 ; 1.040e+01 ; 1.200e+00 ; 7.7464998e+01 ; 9.6977478e+01 
3.500e+01 ; 1.040e+01 ; 1.200e+00 ; 7.7528998e+01 ; 9.6965729e+01 
3.500e+01 ; 1.040e+01 ; 1.200e+00 ; 7.7656998e+01 ; 9.6941750e+01 
3.500e+01 ; 1.040e+01 ; 1.200e+00 ; 7.7912998e+01 ; 9.6892303e+01 
3.500e+01 ; 1.040e+01 ; 1.200e+00 ; 7.8299998e+01 ; 9.6815689e+01 
3.500e+01 ; 1.040e+01 ; 1.200e+00 ; 7.8299998e+01 ; 9.6815689e+01 
3.500e+01 ; 1.040e+01 ; 1.200e+00 ; 7.8300998e+01 ; 9.6815491e+01 
3.500e+01 ; 1.040e+01 ; 1.200e+00 ; 7.8301998e+01 ; 9.6815292e+01 
3.500e+01 ; 1.040e+01 ; 1.200e+00 ; 7.8302998e+01 ; 9.6815094e+01 
3.500e+01 ; 1.040e+01 ; 1.200e+00 ; 7.8304998e+01 ; 9.6814697e+01 
3.500e+01 ; 1.040e+01 ; 1.200e+00 ; 7.8308998e+01 ; 9.6813911e+01 
3.500e+01 ; 1.040e+01 ; 1.200e+00 ; 7.8316998e+01 ; 9.6812325e+01 
3.500e+01 ; 1.040e+01 ; 1.200e+00 ; 7.8332998e+01 ; 9.6809151e+01 
3.500e+01 ; 1.040e+01 ; 1.200e+00 ; 7.8364998e+01 ; 9.6802788e+01 
3.500e+01 ; 1.040e+01 ; 1.200e+00 ; 7.8428998e+01 ; 9.6790039e+01 
3.500e+01 ; 1.040e+01 ; 1.200e+00 ; 7.8556998e+01 ; 9.6764473e+01 
3.500e+01 ; 1.040e+01 ; 1.200e+00 ; 7.8812998e+01 ; 9.6713852e+01 
3.500e+01 ; 1.040e+01 ; 1.200e+00 ; 7.9199998e+01 ; 9.6641029e+01 
3.500e+01 ; 1.040e+01 ; 1.200e+00 ; 7.9199998e+01 ; 9.6641029e+01 
3.500e+01 ; 1.040e+01 ; 1.200e+00 ; 7.9200998e+01 ; 9.6640846e+01 
3.500e+01 ; 1.040e+01 ; 1.200e+00 ; 7.9201998e+01 ; 9.6640656e+01 
3.500e+01 ; 1.040e+01 ; 1.200e+00 ; 7.9202998e+01 ; 9.6640465e+01 
3.500e+01 ; 1.040e+01 ; 1.200e+00 ; 7.9204998e+01 ; 9.6640091e+01 
3.500e+01 ; 1.040e+01 ; 1.200e+00 ; 7.9208998e+01 ; 9.6639336e+01 
3.500e+01 ; 1.040e+01 ; 1.200e+00 ; 7.9216998e+01 ; 9.6637840e+01 
3.500e+01 ; 1.040e+01 ; 1.200e+00 ; 7.9232998e+01 ; 9.6634842e+01 
3.500e+01 ; 1.040e+01 ; 1.200e+00 ; 7.9264998e+01 ; 9.6628876e+01 
3.500e+01 ; 1.040e+01 ; 1.200e+00 ; 7.9328998e+01 ; 9.6617073e+01 
3.500e+01 ; 1.040e+01 ; 1.200e+00 ; 7.9456998e+01 ; 9.6594093e+01 
3.500e+01 ; 1.040e+01 ; 1.200e+00 ; 7.9712998e+01 ; 9.6551750e+01 
3.500e+01 ; 1.040e+01 ; 1.200e+00 ; 8.0099998e+01 ; 9.6499229e+01 
3.500e+01 ; 1.040e+01 ; 1.200e+00 ; 8.0099998e+01 ; 9.6499229e+01 
3.500e+01 ; 1.040e+01 ; 1.200e+00 ; 8.0100998e+01 ; 9.6499092e+01 
3.500e+01 ; 1.040e+01 ; 1.200e+00 ; 8.0101998e+01 ; 9.6498955e+01 
3.500e+01 ; 1.040e+01 ; 1.200e+00 ; 8.0102998e+01 ; 9.6498817e+01 
3.500e+01 ; 1.040e+01 ; 1.200e+00 ; 8.0104998e+01 ; 9.6498550e+01 
3.500e+01 ; 1.040e+01 ; 1.200e+00 ; 8.0108998e+01 ; 9.6498009e+01 
3.500e+01 ; 1.040e+01 ; 1.200e+00 ; 8.0116998e+01 ; 9.6496933e+01 
3.500e+01 ; 1.040e+01 ; 1.200e+00 ; 8.0132998e+01 ; 9.6494804e+01 
3.500e+01 ; 1.040e+01 ; 1.200e+00 ; 8.0164998e+01 ; 9.6490623e+01 
3.500e+01 ; 1.040e+01 ; 1.200e+00 ; 8.0228998e+01 ; 9.6482613e+01 
3.500e+01 ; 1.040e+01 ; 1.200e+00 ; 8.0356998e+01 ; 9.6468109e+01 
3.500e+01 ; 1.040e+01 ; 1.200e+00 ; 8.0612998e+01 ; 9.6446175e+01 
3.500e+01 ; 1.040e+01 ; 1.200e+00 ; 8.0999998e+01 ; 9.6431664e+01 
3.500e+01 ; 1.040e+01 ; 1.200e+00 ; 8.0999998e+01 ; 9.6431664e+01 
3.500e+01 ; 1.040e+01 ; 1.200e+00 ; 8.1000998e+01 ; 9.6431625e+01 
3.500e+01 ; 1.040e+01 ; 1.200e+00 ; 8.1001998e+01 ; 9.6431587e+01 
3.500e+01 ; 1.040e+01 ; 1.200e+00 ; 8.1002998e+01 ; 9.6431557e+01 
3.500e+01 ; 1.040e+01 ; 1.200e+00 ; 8.1004998e+01 ; 9.6431480e+01 
3.500e+01 ; 1.040e+01 ; 1.200e+00 ; 8.1008998e+01 ; 9.6431335e+01 
3.500e+01 ; 1.040e+01 ; 1.200e+00 ; 8.1016998e+01 ; 9.6431053e+01 
3.500e+01 ; 1.040e+01 ; 1.200e+00 ; 8.1032998e+01 ; 9.6430519e+01 
3.500e+01 ; 1.040e+01 ; 1.200e+00 ; 8.1064998e+01 ; 9.6429581e+01 
3.500e+01 ; 1.040e+01 ; 1.200e+00 ; 8.1128998e+01 ; 9.6428238e+01 
3.500e+01 ; 1.040e+01 ; 1.200e+00 ; 8.1256998e+01 ; 9.6427773e+01 
3.500e+01 ; 1.040e+01 ; 1.200e+00 ; 8.1512998e+01 ; 9.6436172e+01 
3.500e+01 ; 1.040e+01 ; 1.200e+00 ; 8.1899998e+01 ; 9.6470657e+01 
3.500e+01 ; 1.040e+01 ; 1.200e+00 ; 8.1899998e+01 ; 9.6470657e+01 
3.500e+01 ; 1.040e+01 ; 1.200e+00 ; 8.1900998e+01 ; 9.6470749e+01 
3.500e+01 ; 1.040e+01 ; 1.200e+00 ; 8.1901998e+01 ; 9.6470840e+01 
3.500e+01 ; 1.040e+01 ; 1.200e+00 ; 8.1902998e+01 ; 9.6470924e+01 
3.500e+01 ; 1.040e+01 ; 1.200e+00 ; 8.1904998e+01 ; 9.6471107e+01 
3.500e+01 ; 1.040e+01 ; 1.200e+00 ; 8.1908998e+01 ; 9.6471466e+01 
3.500e+01 ; 1.040e+01 ; 1.200e+00 ; 8.1916998e+01 ; 9.6472198e+01 
3.500e+01 ; 1.040e+01 ; 1.200e+00 ; 8.1932998e+01 ; 9.6473701e+01 
3.500e+01 ; 1.040e+01 ; 1.200e+00 ; 8.1964998e+01 ; 9.6476860e+01 
3.500e+01 ; 1.040e+01 ; 1.200e+00 ; 8.2028998e+01 ; 9.6483765e+01 
3.500e+01 ; 1.040e+01 ; 1.200e+00 ; 8.2156998e+01 ; 9.6499939e+01 
3.500e+01 ; 1.040e+01 ; 1.200e+00 ; 8.2412998e+01 ; 9.6541267e+01 
3.500e+01 ; 1.040e+01 ; 1.200e+00 ; 8.2799998e+01 ; 9.6621529e+01 
3.500e+01 ; 1.040e+01 ; 1.200e+00 ; 8.2799998e+01 ; 9.6621529e+01 
3.500e+01 ; 1.040e+01 ; 1.200e+00 ; 8.2800998e+01 ; 9.6621735e+01 
3.500e+01 ; 1.040e+01 ; 1.200e+00 ; 8.2801998e+01 ; 9.6621948e+01 
3.500e+01 ; 1.040e+01 ; 1.200e+00 ; 8.2802998e+01 ; 9.6622154e+01 
3.500e+01 ; 1.040e+01 ; 1.200e+00 ; 8.2804998e+01 ; 9.6622566e+01 
3.500e+01 ; 1.040e+01 ; 1.200e+00 ; 8.2808998e+01 ; 9.6623405e+01 
3.500e+01 ; 1.040e+01 ; 1.200e+00 ; 8.2816998e+01 ; 9.6625076e+01 
3.500e+01 ; 1.040e+01 ; 1.200e+00 ; 8.2832998e+01 ; 9.6628456e+01 
3.500e+01 ; 1.040e+01 ; 1.200e+00 ; 8.2864998e+01 ; 9.6635338e+01 
3.500e+01 ; 1.040e+01 ; 1.200e+00 ; 8.2928998e+01 ; 9.6649559e+01 
3.500e+01 ; 1.040e+01 ; 1.200e+00 ; 8.3056998e+01 ; 9.6679710e+01 
3.500e+01 ; 1.040e+01 ; 1.200e+00 ; 8.3312998e+01 ; 9.6745827e+01 
3.500e+01 ; 1.040e+01 ; 1.200e+00 ; 8.3699998e+01 ; 9.6855316e+01 
3.500e+01 ; 1.040e+01 ; 1.200e+00 ; 8.3699998e+01 ; 9.6855316e+01 
3.500e+01 ; 1.040e+01 ; 1.200e+00 ; 8.3700998e+01 ; 9.6855598e+01 
3.500e+01 ; 1.040e+01 ; 1.200e+00 ; 8.3701998e+01 ; 9.6855888e+01 
3.500e+01 ; 1.040e+01 ; 1.200e+00 ; 8.3702998e+01 ; 9.6856171e+01 
3.500e+01 ; 1.040e+01 ; 1.200e+00 ; 8.3704998e+01 ; 9.6856735e+01 
3.500e+01 ; 1.040e+01 ; 1.200e+00 ; 8.3708998e+01 ; 9.6857872e+01 
3.500e+01 ; 1.040e+01 ; 1.200e+00 ; 8.3716998e+01 ; 9.6860138e+01 
3.500e+01 ; 1.040e+01 ; 1.200e+00 ; 8.3732998e+01 ; 9.6864700e+01 
3.500e+01 ; 1.040e+01 ; 1.200e+00 ; 8.3764998e+01 ; 9.6873878e+01 
3.500e+01 ; 1.040e+01 ; 1.200e+00 ; 8.3828998e+01 ; 9.6892471e+01 
3.500e+01 ; 1.040e+01 ; 1.200e+00 ; 8.3956998e+01 ; 9.6930420e+01 
3.500e+01 ; 1.040e+01 ; 1.200e+00 ; 8.4212998e+01 ; 9.7008385e+01 
3.500e+01 ; 1.040e+01 ; 1.200e+00 ; 8.4599998e+01 ; 9.7127831e+01 
3.500e+01 ; 1.040e+01 ; 1.200e+00 ; 8.4599998e+01 ; 9.7127831e+01 
3.500e+01 ; 1.040e+01 ; 1.200e+00 ; 8.4600998e+01 ; 9.7128136e+01 
3.500e+01 ; 1.040e+01 ; 1.200e+00 ; 8.4601998e+01 ; 9.7128448e+01 
3.500e+01 ; 1.040e+01 ; 1.200e+00 ; 8.4602998e+01 ; 9.7128754e+01 
3.500e+01 ; 1.040e+01 ; 1.200e+00 ; 8.4604998e+01 ; 9.7129372e+01 
3.500e+01 ; 1.040e+01 ; 1.200e+00 ; 8.4608998e+01 ; 9.7130608e+01 
3.500e+01 ; 1.040e+01 ; 1.200e+00 ; 8.4616998e+01 ; 9.7133080e+01 
3.500e+01 ; 1.040e+01 ; 1.200e+00 ; 8.4632998e+01 ; 9.7138023e+01 
3.500e+01 ; 1.040e+01 ; 1.200e+00 ; 8.4664998e+01 ; 9.7147911e+01 
3.500e+01 ; 1.040e+01 ; 1.200e+00 ; 8.4728998e+01 ; 9.7167717e+01 
3.500e+01 ; 1.040e+01 ; 1.200e+00 ; 8.4856998e+01 ; 9.7207283e+01 
3.500e+01 ; 1.040e+01 ; 1.200e+00 ; 8.5112998e+01 ; 9.7285500e+01 
3.500e+01 ; 1.040e+01 ; 1.200e+00 ; 8.5499998e+01 ; 9.7399620e+01 
3.500e+01 ; 1.040e+01 ; 1.200e+00 ; 8.5499998e+01 ; 9.7399620e+01 
3.500e+01 ; 1.040e+01 ; 1.200e+00 ; 8.5500998e+01 ; 9.7399910e+01 
3.500e+01 ; 1.040e+01 ; 1.200e+00 ; 8.5501998e+01 ; 9.7400208e+01 
3.500e+01 ; 1.040e+01 ; 1.200e+00 ; 8.5502998e+01 ; 9.7400505e+01 
3.500e+01 ; 1.040e+01 ; 1.200e+00 ; 8.5504998e+01 ; 9.7401093e+01 
3.500e+01 ; 1.040e+01 ; 1.200e+00 ; 8.5508998e+01 ; 9.7402267e+01 
3.500e+01 ; 1.040e+01 ; 1.200e+00 ; 8.5516998e+01 ; 9.7404625e+01 
3.500e+01 ; 1.040e+01 ; 1.200e+00 ; 8.5532998e+01 ; 9.7409325e+01 
3.500e+01 ; 1.040e+01 ; 1.200e+00 ; 8.5564998e+01 ; 9.7418701e+01 
3.500e+01 ; 1.040e+01 ; 1.200e+00 ; 8.5628998e+01 ; 9.7437325e+01 
3.500e+01 ; 1.040e+01 ; 1.200e+00 ; 8.5756998e+01 ; 9.7473976e+01 
3.500e+01 ; 1.040e+01 ; 1.200e+00 ; 8.6012998e+01 ; 9.7544502e+01 
3.500e+01 ; 1.040e+01 ; 1.200e+00 ; 8.6399998e+01 ; 9.7643684e+01 
3.500e+01 ; 1.040e+01 ; 1.200e+00 ; 8.6399998e+01 ; 9.7643684e+01 
3.500e+01 ; 1.040e+01 ; 1.200e+00 ; 8.6400998e+01 ; 9.7643944e+01 
3.500e+01 ; 1.040e+01 ; 1.200e+00 ; 8.6401998e+01 ; 9.7644196e+01 
3.500e+01 ; 1.040e+01 ; 1.200e+00 ; 8.6402998e+01 ; 9.7644455e+01 
3.500e+01 ; 1.040e+01 ; 1.200e+00 ; 8.6404998e+01 ; 9.7644966e+01 
3.500e+01 ; 1.040e+01 ; 1.200e+00 ; 8.6408998e+01 ; 9.7645988e+01 
3.500e+01 ; 1.040e+01 ; 1.200e+00 ; 8.6416998e+01 ; 9.7648033e+01 
3.500e+01 ; 1.040e+01 ; 1.200e+00 ; 8.6432998e+01 ; 9.7652107e+01 
3.500e+01 ; 1.040e+01 ; 1.200e+00 ; 8.6464998e+01 ; 9.7660202e+01 
3.500e+01 ; 1.040e+01 ; 1.200e+00 ; 8.6528998e+01 ; 9.7676186e+01 
3.500e+01 ; 1.040e+01 ; 1.200e+00 ; 8.6656998e+01 ; 9.7707268e+01 
3.500e+01 ; 1.040e+01 ; 1.200e+00 ; 8.6912998e+01 ; 9.7765724e+01 
3.500e+01 ; 1.040e+01 ; 1.200e+00 ; 8.7299998e+01 ; 9.7845253e+01 
3.500e+01 ; 1.040e+01 ; 1.200e+00 ; 8.7299998e+01 ; 9.7845253e+01 
3.500e+01 ; 1.040e+01 ; 1.200e+00 ; 8.7300998e+01 ; 9.7845459e+01 
3.500e+01 ; 1.040e+01 ; 1.200e+00 ; 8.7301998e+01 ; 9.7845665e+01 
3.500e+01 ; 1.040e+01 ; 1.200e+00 ; 8.7302998e+01 ; 9.7845871e+01 
3.500e+01 ; 1.040e+01 ; 1.200e+00 ; 8.7304998e+01 ; 9.7846283e+01 
3.500e+01 ; 1.040e+01 ; 1.200e+00 ; 8.7308998e+01 ; 9.7847099e+01 
3.500e+01 ; 1.040e+01 ; 1.200e+00 ; 8.7316998e+01 ; 9.7848740e+01 
3.500e+01 ; 1.040e+01 ; 1.200e+00 ; 8.7332998e+01 ; 9.7851997e+01 
3.500e+01 ; 1.040e+01 ; 1.200e+00 ; 8.7364998e+01 ; 9.7858452e+01 
3.500e+01 ; 1.040e+01 ; 1.200e+00 ; 8.7428998e+01 ; 9.7871109e+01 
3.500e+01 ; 1.040e+01 ; 1.200e+00 ; 8.7556998e+01 ; 9.7895447e+01 
3.500e+01 ; 1.040e+01 ; 1.200e+00 ; 8.7812998e+01 ; 9.7940147e+01 
3.500e+01 ; 1.040e+01 ; 1.200e+00 ; 8.8199998e+01 ; 9.7998726e+01 
3.500e+01 ; 1.040e+01 ; 1.200e+00 ; 8.8199998e+01 ; 9.7998726e+01 
3.500e+01 ; 1.040e+01 ; 1.200e+00 ; 8.8200998e+01 ; 9.7998878e+01 
3.500e+01 ; 1.040e+01 ; 1.200e+00 ; 8.8201998e+01 ; 9.7999031e+01 
3.500e+01 ; 1.040e+01 ; 1.200e+00 ; 8.8202998e+01 ; 9.7999184e+01 
3.500e+01 ; 1.040e+01 ; 1.200e+00 ; 8.8204998e+01 ; 9.7999481e+01 
3.500e+01 ; 1.040e+01 ; 1.200e+00 ; 8.8208998e+01 ; 9.8000084e+01 
3.500e+01 ; 1.040e+01 ; 1.200e+00 ; 8.8216998e+01 ; 9.8001289e+01 
3.500e+01 ; 1.040e+01 ; 1.200e+00 ; 8.8232998e+01 ; 9.8003677e+01 
3.500e+01 ; 1.040e+01 ; 1.200e+00 ; 8.8264998e+01 ; 9.8008400e+01 
3.500e+01 ; 1.040e+01 ; 1.200e+00 ; 8.8328998e+01 ; 9.8017593e+01 
3.500e+01 ; 1.040e+01 ; 1.200e+00 ; 8.8456998e+01 ; 9.8035004e+01 
3.500e+01 ; 1.040e+01 ; 1.200e+00 ; 8.8712998e+01 ; 9.8065994e+01 
3.500e+01 ; 1.040e+01 ; 1.200e+00 ; 8.9099998e+01 ; 9.8104408e+01 
3.500e+01 ; 1.040e+01 ; 1.200e+00 ; 8.9099998e+01 ; 9.8104408e+01 
3.500e+01 ; 1.040e+01 ; 1.200e+00 ; 8.9100998e+01 ; 9.8104507e+01 
3.500e+01 ; 1.040e+01 ; 1.200e+00 ; 8.9101998e+01 ; 9.8104607e+01 
3.500e+01 ; 1.040e+01 ; 1.200e+00 ; 8.9102998e+01 ; 9.8104706e+01 
3.500e+01 ; 1.040e+01 ; 1.200e+00 ; 8.9104998e+01 ; 9.8104904e+01 
3.500e+01 ; 1.040e+01 ; 1.200e+00 ; 8.9108998e+01 ; 9.8105301e+01 
3.500e+01 ; 1.040e+01 ; 1.200e+00 ; 8.9116998e+01 ; 9.8106087e+01 
3.500e+01 ; 1.040e+01 ; 1.200e+00 ; 8.9132998e+01 ; 9.8107643e+01 
3.500e+01 ; 1.040e+01 ; 1.200e+00 ; 8.9164998e+01 ; 9.8110703e+01 
3.500e+01 ; 1.040e+01 ; 1.200e+00 ; 8.9228998e+01 ; 9.8116600e+01 
3.500e+01 ; 1.040e+01 ; 1.200e+00 ; 8.9356998e+01 ; 9.8127487e+01 
3.500e+01 ; 1.040e+01 ; 1.200e+00 ; 8.9612998e+01 ; 9.8145790e+01 
3.500e+01 ; 1.040e+01 ; 1.200e+00 ; 8.9999998e+01 ; 9.8165970e+01 
3.500e+01 ; 1.040e+01 ; 1.200e+00 ; 8.9999998e+01 ; 9.8165970e+01 
3.500e+01 ; 1.040e+01 ; 1.200e+00 ; 9.0000998e+01 ; 9.8166023e+01 
3.500e+01 ; 1.040e+01 ; 1.200e+00 ; 9.0001998e+01 ; 9.8166077e+01 
3.500e+01 ; 1.040e+01 ; 1.200e+00 ; 9.0002998e+01 ; 9.8166122e+01 
3.500e+01 ; 1.040e+01 ; 1.200e+00 ; 9.0004998e+01 ; 9.8166229e+01 
3.500e+01 ; 1.040e+01 ; 1.200e+00 ; 9.0008998e+01 ; 9.8166435e+01 
3.500e+01 ; 1.040e+01 ; 1.200e+00 ; 9.0016998e+01 ; 9.8166847e+01 
3.500e+01 ; 1.040e+01 ; 1.200e+00 ; 9.0032998e+01 ; 9.8167656e+01 
3.500e+01 ; 1.040e+01 ; 1.200e+00 ; 9.0064998e+01 ; 9.8169220e+01 
3.500e+01 ; 1.040e+01 ; 1.200e+00 ; 9.0128998e+01 ; 9.8172150e+01 
3.500e+01 ; 1.040e+01 ; 1.200e+00 ; 9.0256998e+01 ; 9.8177223e+01 
3.500e+01 ; 1.040e+01 ; 1.200e+00 ; 9.0512998e+01 ; 9.8184357e+01 
3.500e+01 ; 1.040e+01 ; 1.200e+00 ; 9.0899998e+01 ; 9.8188774e+01 
3.500e+01 ; 1.040e+01 ; 1.200e+00 ; 9.0899998e+01 ; 9.8188774e+01 
3.500e+01 ; 1.040e+01 ; 1.200e+00 ; 9.0900998e+01 ; 9.8188789e+01 
3.500e+01 ; 1.040e+01 ; 1.200e+00 ; 9.0901998e+01 ; 9.8188797e+01 
3.500e+01 ; 1.040e+01 ; 1.200e+00 ; 9.0902998e+01 ; 9.8188812e+01 
3.500e+01 ; 1.040e+01 ; 1.200e+00 ; 9.0904998e+01 ; 9.8188828e+01 
3.500e+01 ; 1.040e+01 ; 1.200e+00 ; 9.0908998e+01 ; 9.8188873e+01 
3.500e+01 ; 1.040e+01 ; 1.200e+00 ; 9.0916998e+01 ; 9.8188957e+01 
3.500e+01 ; 1.040e+01 ; 1.200e+00 ; 9.0932998e+01 ; 9.8189117e+01 
3.500e+01 ; 1.040e+01 ; 1.200e+00 ; 9.0964998e+01 ; 9.8189400e+01 
3.500e+01 ; 1.040e+01 ; 1.200e+00 ; 9.1028998e+01 ; 9.8189781e+01 
3.500e+01 ; 1.040e+01 ; 1.200e+00 ; 9.1156998e+01 ; 9.8189896e+01 
3.500e+01 ; 1.040e+01 ; 1.200e+00 ; 9.1412998e+01 ; 9.8187645e+01 
3.500e+01 ; 1.040e+01 ; 1.200e+00 ; 9.1799998e+01 ; 9.8179192e+01 
3.500e+01 ; 1.040e+01 ; 1.200e+00 ; 9.1799998e+01 ; 9.8179192e+01 
3.500e+01 ; 1.040e+01 ; 1.200e+00 ; 9.1800998e+01 ; 9.8179176e+01 
3.500e+01 ; 1.040e+01 ; 1.200e+00 ; 9.1801998e+01 ; 9.8179153e+01 
3.500e+01 ; 1.040e+01 ; 1.200e+00 ; 9.1802998e+01 ; 9.8179131e+01 
3.500e+01 ; 1.040e+01 ; 1.200e+00 ; 9.1804998e+01 ; 9.8179085e+01 
3.500e+01 ; 1.040e+01 ; 1.200e+00 ; 9.1808998e+01 ; 9.8178993e+01 
3.500e+01 ; 1.040e+01 ; 1.200e+00 ; 9.1816998e+01 ; 9.8178818e+01 
3.500e+01 ; 1.040e+01 ; 1.200e+00 ; 9.1832998e+01 ; 9.8178452e+01 
3.500e+01 ; 1.040e+01 ; 1.200e+00 ; 9.1864998e+01 ; 9.8177681e+01 
3.500e+01 ; 1.040e+01 ; 1.200e+00 ; 9.1928998e+01 ; 9.8176010e+01 
3.500e+01 ; 1.040e+01 ; 1.200e+00 ; 9.2056998e+01 ; 9.8172165e+01 
3.500e+01 ; 1.040e+01 ; 1.200e+00 ; 9.2312998e+01 ; 9.8162651e+01 
3.500e+01 ; 1.040e+01 ; 1.200e+00 ; 9.2699998e+01 ; 9.8144882e+01 
3.500e+01 ; 1.040e+01 ; 1.200e+00 ; 9.2699998e+01 ; 9.8144882e+01 
3.500e+01 ; 1.040e+01 ; 1.200e+00 ; 9.2700998e+01 ; 9.8144836e+01 
3.500e+01 ; 1.040e+01 ; 1.200e+00 ; 9.2701998e+01 ; 9.8144791e+01 
3.500e+01 ; 1.040e+01 ; 1.200e+00 ; 9.2702998e+01 ; 9.8144737e+01 
3.500e+01 ; 1.040e+01 ; 1.200e+00 ; 9.2704998e+01 ; 9.8144646e+01 
3.500e+01 ; 1.040e+01 ; 1.200e+00 ; 9.2708998e+01 ; 9.8144463e+01 
3.500e+01 ; 1.040e+01 ; 1.200e+00 ; 9.2716998e+01 ; 9.8144096e+01 
3.500e+01 ; 1.040e+01 ; 1.200e+00 ; 9.2732998e+01 ; 9.8143349e+01 
3.500e+01 ; 1.040e+01 ; 1.200e+00 ; 9.2764998e+01 ; 9.8141830e+01 
3.500e+01 ; 1.040e+01 ; 1.200e+00 ; 9.2828998e+01 ; 9.8138718e+01 
3.500e+01 ; 1.040e+01 ; 1.200e+00 ; 9.2956998e+01 ; 9.8132172e+01 
3.500e+01 ; 1.040e+01 ; 1.200e+00 ; 9.3212998e+01 ; 9.8118095e+01 
3.500e+01 ; 1.040e+01 ; 1.200e+00 ; 9.3599998e+01 ; 9.8095520e+01 
3.500e+01 ; 1.040e+01 ; 1.200e+00 ; 9.3599998e+01 ; 9.8095520e+01 
3.500e+01 ; 1.040e+01 ; 1.200e+00 ; 9.3600998e+01 ; 9.8095459e+01 
3.500e+01 ; 1.040e+01 ; 1.200e+00 ; 9.3601998e+01 ; 9.8095398e+01 
3.500e+01 ; 1.040e+01 ; 1.200e+00 ; 9.3602998e+01 ; 9.8095345e+01 
3.500e+01 ; 1.040e+01 ; 1.200e+00 ; 9.3604998e+01 ; 9.8095222e+01 
3.500e+01 ; 1.040e+01 ; 1.200e+00 ; 9.3608998e+01 ; 9.8094994e+01 
3.500e+01 ; 1.040e+01 ; 1.200e+00 ; 9.3616998e+01 ; 9.8094521e+01 
3.500e+01 ; 1.040e+01 ; 1.200e+00 ; 9.3632998e+01 ; 9.8093590e+01 
3.500e+01 ; 1.040e+01 ; 1.200e+00 ; 9.3664998e+01 ; 9.8091705e+01 
3.500e+01 ; 1.040e+01 ; 1.200e+00 ; 9.3728998e+01 ; 9.8087914e+01 
3.500e+01 ; 1.040e+01 ; 1.200e+00 ; 9.3856998e+01 ; 9.8080254e+01 
3.500e+01 ; 1.040e+01 ; 1.200e+00 ; 9.4112998e+01 ; 9.8064957e+01 
3.500e+01 ; 1.040e+01 ; 1.200e+00 ; 9.4499997e+01 ; 9.8042847e+01 
3.500e+01 ; 1.040e+01 ; 1.200e+00 ; 9.4499997e+01 ; 9.8042847e+01 
3.500e+01 ; 1.040e+01 ; 1.200e+00 ; 9.4500997e+01 ; 9.8042793e+01 
3.500e+01 ; 1.040e+01 ; 1.200e+00 ; 9.4501997e+01 ; 9.8042740e+01 
3.500e+01 ; 1.040e+01 ; 1.200e+00 ; 9.4502997e+01 ; 9.8042679e+01 
3.500e+01 ; 1.040e+01 ; 1.200e+00 ; 9.4504997e+01 ; 9.8042564e+01 
3.500e+01 ; 1.040e+01 ; 1.200e+00 ; 9.4508997e+01 ; 9.8042336e+01 
3.500e+01 ; 1.040e+01 ; 1.200e+00 ; 9.4516997e+01 ; 9.8041878e+01 
3.500e+01 ; 1.040e+01 ; 1.200e+00 ; 9.4532997e+01 ; 9.8040970e+01 
3.500e+01 ; 1.040e+01 ; 1.200e+00 ; 9.4564997e+01 ; 9.8039162e+01 
3.500e+01 ; 1.040e+01 ; 1.200e+00 ; 9.4628997e+01 ; 9.8035568e+01 
3.500e+01 ; 1.040e+01 ; 1.200e+00 ; 9.4756997e+01 ; 9.8028580e+01 
3.500e+01 ; 1.040e+01 ; 1.200e+00 ; 9.5012998e+01 ; 9.8015579e+01 
3.500e+01 ; 1.040e+01 ; 1.200e+00 ; 9.5399997e+01 ; 9.7998932e+01 
3.500e+01 ; 1.040e+01 ; 1.200e+00 ; 9.5399997e+01 ; 9.7998932e+01 
3.500e+01 ; 1.040e+01 ; 1.200e+00 ; 9.5409997e+01 ; 9.7998505e+01 
3.500e+01 ; 1.040e+01 ; 1.200e+00 ; 9.5419997e+01 ; 9.7998077e+01 
3.500e+01 ; 1.040e+01 ; 1.200e+00 ; 9.5429997e+01 ; 9.7997650e+01 
3.500e+01 ; 1.040e+01 ; 1.200e+00 ; 9.5449997e+01 ; 9.7996811e+01 
3.500e+01 ; 1.040e+01 ; 1.200e+00 ; 9.5489997e+01 ; 9.7995171e+01 
3.500e+01 ; 1.040e+01 ; 1.200e+00 ; 9.5569997e+01 ; 9.7992020e+01 
3.500e+01 ; 1.040e+01 ; 1.200e+00 ; 9.5729997e+01 ; 9.7986328e+01 
3.500e+01 ; 1.040e+01 ; 1.200e+00 ; 9.6049997e+01 ; 9.7977577e+01 
3.500e+01 ; 1.040e+01 ; 1.200e+00 ; 9.6689997e+01 ; 9.7970001e+01 
3.500e+01 ; 1.040e+01 ; 1.200e+00 ; 9.7969997e+01 ; 9.7973564e+01 
3.500e+01 ; 1.040e+01 ; 1.200e+00 ; 9.9889997e+01 ; 9.7952377e+01 
3.500e+01 ; 1.040e+01 ; 1.200e+00 ; 1.0040000e+02 ; 9.7943695e+01