X ; Y ; Z ; time ; Temperature 
3.500e+01 ; 7.200e+00 ; 7.000e-01 ; 0.0000000e+00 ; 2.2200000e+02 
3.500e+01 ; 7.200e+00 ; 7.000e-01 ; 1.0000000e-03 ; 2.2200000e+02 
3.500e+01 ; 7.200e+00 ; 7.000e-01 ; 2.0000001e-03 ; 2.2200000e+02 
3.500e+01 ; 7.200e+00 ; 7.000e-01 ; 3.0000000e-03 ; 2.2200000e+02 
3.500e+01 ; 7.200e+00 ; 7.000e-01 ; 4.9999999e-03 ; 2.2200000e+02 
3.500e+01 ; 7.200e+00 ; 7.000e-01 ; 8.9999996e-03 ; 2.2200000e+02 
3.500e+01 ; 7.200e+00 ; 7.000e-01 ; 1.7000001e-02 ; 2.2200000e+02 
3.500e+01 ; 7.200e+00 ; 7.000e-01 ; 3.3000000e-02 ; 2.2200000e+02 
3.500e+01 ; 7.200e+00 ; 7.000e-01 ; 6.4999998e-02 ; 2.2200000e+02 
3.500e+01 ; 7.200e+00 ; 7.000e-01 ; 1.2899999e-01 ; 2.2200000e+02 
3.500e+01 ; 7.200e+00 ; 7.000e-01 ; 2.5700000e-01 ; 2.2200000e+02 
3.500e+01 ; 7.200e+00 ; 7.000e-01 ; 5.1300001e-01 ; 2.2200000e+02 
3.500e+01 ; 7.200e+00 ; 7.000e-01 ; 7.6899999e-01 ; 2.2200000e+02 
3.500e+01 ; 7.200e+00 ; 7.000e-01 ; 8.5000002e-01 ; 2.2200000e+02 
3.500e+01 ; 7.200e+00 ; 7.000e-01 ; 8.5000002e-01 ; 2.2200000e+02 
3.500e+01 ; 7.200e+00 ; 7.000e-01 ; 8.5100002e-01 ; 2.2200000e+02 
3.500e+01 ; 7.200e+00 ; 7.000e-01 ; 8.5200002e-01 ; 2.2200000e+02 
3.500e+01 ; 7.200e+00 ; 7.000e-01 ; 8.5300002e-01 ; 2.2200000e+02 
3.500e+01 ; 7.200e+00 ; 7.000e-01 ; 8.5500002e-01 ; 2.2200000e+02 
3.500e+01 ; 7.200e+00 ; 7.000e-01 ; 8.5900002e-01 ; 2.2200000e+02 
3.500e+01 ; 7.200e+00 ; 7.000e-01 ; 8.6700002e-01 ; 2.2200000e+02 
3.500e+01 ; 7.200e+00 ; 7.000e-01 ; 8.8300002e-01 ; 2.2200000e+02 
3.500e+01 ; 7.200e+00 ; 7.000e-01 ; 9.1500002e-01 ; 2.2200000e+02 
3.500e+01 ; 7.200e+00 ; 7.000e-01 ; 9.7900002e-01 ; 2.2200000e+02 
3.500e+01 ; 7.200e+00 ; 7.000e-01 ; 1.1070000e+00 ; 2.2200000e+02 
3.500e+01 ; 7.200e+00 ; 7.000e-01 ; 1.3630000e+00 ; 2.2200000e+02 
3.500e+01 ; 7.200e+00 ; 7.000e-01 ; 1.7000000e+00 ; 2.2200000e+02 
3.500e+01 ; 7.200e+00 ; 7.000e-01 ; 1.7000000e+00 ; 2.2200000e+02 
3.500e+01 ; 7.200e+00 ; 7.000e-01 ; 1.7010000e+00 ; 2.2200000e+02 
3.500e+01 ; 7.200e+00 ; 7.000e-01 ; 1.7020000e+00 ; 2.2200000e+02 
3.500e+01 ; 7.200e+00 ; 7.000e-01 ; 1.7030000e+00 ; 2.2200000e+02 
3.500e+01 ; 7.200e+00 ; 7.000e-01 ; 1.7050000e+00 ; 2.2200000e+02 
3.500e+01 ; 7.200e+00 ; 7.000e-01 ; 1.7090000e+00 ; 2.2200000e+02 
3.500e+01 ; 7.200e+00 ; 7.000e-01 ; 1.7170000e+00 ; 2.2200000e+02 
3.500e+01 ; 7.200e+00 ; 7.000e-01 ; 1.7330000e+00 ; 2.2200000e+02 
3.500e+01 ; 7.200e+00 ; 7.000e-01 ; 1.7650000e+00 ; 2.2200000e+02 
3.500e+01 ; 7.200e+00 ; 7.000e-01 ; 1.8290000e+00 ; 2.2200000e+02 
3.500e+01 ; 7.200e+00 ; 7.000e-01 ; 1.9570000e+00 ; 2.2200000e+02 
3.500e+01 ; 7.200e+00 ; 7.000e-01 ; 2.2130001e+00 ; 2.2200000e+02 
3.500e+01 ; 7.200e+00 ; 7.000e-01 ; 2.5500001e+00 ; 2.2200000e+02 
3.500e+01 ; 7.200e+00 ; 7.000e-01 ; 2.5500001e+00 ; 2.2200000e+02 
3.500e+01 ; 7.200e+00 ; 7.000e-01 ; 2.5510001e+00 ; 2.2200000e+02 
3.500e+01 ; 7.200e+00 ; 7.000e-01 ; 2.5520001e+00 ; 2.2200000e+02 
3.500e+01 ; 7.200e+00 ; 7.000e-01 ; 2.5530001e+00 ; 2.2200000e+02 
3.500e+01 ; 7.200e+00 ; 7.000e-01 ; 2.5550001e+00 ; 2.2200000e+02 
3.500e+01 ; 7.200e+00 ; 7.000e-01 ; 2.5590001e+00 ; 2.2200000e+02 
3.500e+01 ; 7.200e+00 ; 7.000e-01 ; 2.5670001e+00 ; 2.2200000e+02 
3.500e+01 ; 7.200e+00 ; 7.000e-01 ; 2.5830001e+00 ; 2.2200000e+02 
3.500e+01 ; 7.200e+00 ; 7.000e-01 ; 2.6150001e+00 ; 2.2200000e+02 
3.500e+01 ; 7.200e+00 ; 7.000e-01 ; 2.6790001e+00 ; 2.2200000e+02 
3.500e+01 ; 7.200e+00 ; 7.000e-01 ; 2.8070001e+00 ; 2.2200000e+02 
3.500e+01 ; 7.200e+00 ; 7.000e-01 ; 3.0630001e+00 ; 2.2200000e+02 
3.500e+01 ; 7.200e+00 ; 7.000e-01 ; 3.4000001e+00 ; 2.2200000e+02 
3.500e+01 ; 7.200e+00 ; 7.000e-01 ; 3.4000001e+00 ; 2.2200000e+02 
3.500e+01 ; 7.200e+00 ; 7.000e-01 ; 3.4010001e+00 ; 2.2200000e+02 
3.500e+01 ; 7.200e+00 ; 7.000e-01 ; 3.4020001e+00 ; 2.2200000e+02 
3.500e+01 ; 7.200e+00 ; 7.000e-01 ; 3.4030001e+00 ; 2.2200000e+02 
3.500e+01 ; 7.200e+00 ; 7.000e-01 ; 3.4050001e+00 ; 2.2200000e+02 
3.500e+01 ; 7.200e+00 ; 7.000e-01 ; 3.4090001e+00 ; 2.2200000e+02 
3.500e+01 ; 7.200e+00 ; 7.000e-01 ; 3.4170001e+00 ; 2.2200000e+02 
3.500e+01 ; 7.200e+00 ; 7.000e-01 ; 3.4330001e+00 ; 2.2200000e+02 
3.500e+01 ; 7.200e+00 ; 7.000e-01 ; 3.4650001e+00 ; 2.2200000e+02 
3.500e+01 ; 7.200e+00 ; 7.000e-01 ; 3.5290001e+00 ; 2.2200000e+02 
3.500e+01 ; 7.200e+00 ; 7.000e-01 ; 3.6570001e+00 ; 2.2200000e+02 
3.500e+01 ; 7.200e+00 ; 7.000e-01 ; 3.9130001e+00 ; 2.2200000e+02 
3.500e+01 ; 7.200e+00 ; 7.000e-01 ; 4.2500001e+00 ; 2.2200000e+02 
3.500e+01 ; 7.200e+00 ; 7.000e-01 ; 4.2500001e+00 ; 2.2200000e+02 
3.500e+01 ; 7.200e+00 ; 7.000e-01 ; 4.2510001e+00 ; 2.2200000e+02 
3.500e+01 ; 7.200e+00 ; 7.000e-01 ; 4.2520001e+00 ; 2.2200000e+02 
3.500e+01 ; 7.200e+00 ; 7.000e-01 ; 4.2530001e+00 ; 2.2200000e+02 
3.500e+01 ; 7.200e+00 ; 7.000e-01 ; 4.2550001e+00 ; 2.2200000e+02 
3.500e+01 ; 7.200e+00 ; 7.000e-01 ; 4.2590001e+00 ; 2.2200000e+02 
3.500e+01 ; 7.200e+00 ; 7.000e-01 ; 4.2670001e+00 ; 2.2200000e+02 
3.500e+01 ; 7.200e+00 ; 7.000e-01 ; 4.2830001e+00 ; 2.2200000e+02 
3.500e+01 ; 7.200e+00 ; 7.000e-01 ; 4.3150001e+00 ; 2.2200000e+02 
3.500e+01 ; 7.200e+00 ; 7.000e-01 ; 4.3790001e+00 ; 2.2200000e+02 
3.500e+01 ; 7.200e+00 ; 7.000e-01 ; 4.5070001e+00 ; 2.2200000e+02 
3.500e+01 ; 7.200e+00 ; 7.000e-01 ; 4.7630001e+00 ; 2.2200000e+02 
3.500e+01 ; 7.200e+00 ; 7.000e-01 ; 5.1000001e+00 ; 2.2200000e+02 
3.500e+01 ; 7.200e+00 ; 7.000e-01 ; 5.1000001e+00 ; 2.2200000e+02 
3.500e+01 ; 7.200e+00 ; 7.000e-01 ; 5.1010001e+00 ; 2.2200000e+02 
3.500e+01 ; 7.200e+00 ; 7.000e-01 ; 5.1020001e+00 ; 2.2200000e+02 
3.500e+01 ; 7.200e+00 ; 7.000e-01 ; 5.1030001e+00 ; 2.2200000e+02 
3.500e+01 ; 7.200e+00 ; 7.000e-01 ; 5.1050001e+00 ; 2.2200000e+02 
3.500e+01 ; 7.200e+00 ; 7.000e-01 ; 5.1090001e+00 ; 2.2200000e+02 
3.500e+01 ; 7.200e+00 ; 7.000e-01 ; 5.1170001e+00 ; 2.2200000e+02 
3.500e+01 ; 7.200e+00 ; 7.000e-01 ; 5.1330001e+00 ; 2.2200000e+02 
3.500e+01 ; 7.200e+00 ; 7.000e-01 ; 5.1650001e+00 ; 2.2200000e+02 
3.500e+01 ; 7.200e+00 ; 7.000e-01 ; 5.2290001e+00 ; 2.2200000e+02 
3.500e+01 ; 7.200e+00 ; 7.000e-01 ; 5.3570001e+00 ; 2.2200000e+02 
3.500e+01 ; 7.200e+00 ; 7.000e-01 ; 5.6130002e+00 ; 2.2200000e+02 
3.500e+01 ; 7.200e+00 ; 7.000e-01 ; 5.9500002e+00 ; 2.2200000e+02 
3.500e+01 ; 7.200e+00 ; 7.000e-01 ; 5.9500002e+00 ; 2.2200000e+02 
3.500e+01 ; 7.200e+00 ; 7.000e-01 ; 5.9510002e+00 ; 2.2200000e+02 
3.500e+01 ; 7.200e+00 ; 7.000e-01 ; 5.9520002e+00 ; 2.2200000e+02 
3.500e+01 ; 7.200e+00 ; 7.000e-01 ; 5.9530002e+00 ; 2.2200000e+02 
3.500e+01 ; 7.200e+00 ; 7.000e-01 ; 5.9550002e+00 ; 2.2200000e+02 
3.500e+01 ; 7.200e+00 ; 7.000e-01 ; 5.9590002e+00 ; 2.2200000e+02 
3.500e+01 ; 7.200e+00 ; 7.000e-01 ; 5.9670002e+00 ; 2.2200000e+02 
3.500e+01 ; 7.200e+00 ; 7.000e-01 ; 5.9830002e+00 ; 2.2200000e+02 
3.500e+01 ; 7.200e+00 ; 7.000e-01 ; 6.0150002e+00 ; 2.2200000e+02 
3.500e+01 ; 7.200e+00 ; 7.000e-01 ; 6.0790002e+00 ; 2.2200000e+02 
3.500e+01 ; 7.200e+00 ; 7.000e-01 ; 6.2070002e+00 ; 2.2200000e+02 
3.500e+01 ; 7.200e+00 ; 7.000e-01 ; 6.4630002e+00 ; 2.2200000e+02 
3.500e+01 ; 7.200e+00 ; 7.000e-01 ; 6.8000002e+00 ; 2.2200000e+02 
3.500e+01 ; 7.200e+00 ; 7.000e-01 ; 6.8000002e+00 ; 2.2200000e+02 
3.500e+01 ; 7.200e+00 ; 7.000e-01 ; 6.8010002e+00 ; 2.2200000e+02 
3.500e+01 ; 7.200e+00 ; 7.000e-01 ; 6.8020002e+00 ; 2.2200000e+02 
3.500e+01 ; 7.200e+00 ; 7.000e-01 ; 6.8030002e+00 ; 2.2200000e+02 
3.500e+01 ; 7.200e+00 ; 7.000e-01 ; 6.8050002e+00 ; 2.2200000e+02 
3.500e+01 ; 7.200e+00 ; 7.000e-01 ; 6.8090002e+00 ; 2.2200000e+02 
3.500e+01 ; 7.200e+00 ; 7.000e-01 ; 6.8170002e+00 ; 2.2200000e+02 
3.500e+01 ; 7.200e+00 ; 7.000e-01 ; 6.8330002e+00 ; 2.2200000e+02 
3.500e+01 ; 7.200e+00 ; 7.000e-01 ; 6.8650002e+00 ; 2.2200000e+02 
3.500e+01 ; 7.200e+00 ; 7.000e-01 ; 6.9290002e+00 ; 2.2200000e+02 
3.500e+01 ; 7.200e+00 ; 7.000e-01 ; 7.0570002e+00 ; 2.2200000e+02 
3.500e+01 ; 7.200e+00 ; 7.000e-01 ; 7.3130002e+00 ; 2.2200000e+02 
3.500e+01 ; 7.200e+00 ; 7.000e-01 ; 7.6500002e+00 ; 2.2200000e+02 
3.500e+01 ; 7.200e+00 ; 7.000e-01 ; 7.6500002e+00 ; 2.2200000e+02 
3.500e+01 ; 7.200e+00 ; 7.000e-01 ; 7.6510002e+00 ; 2.2190518e+02 
3.500e+01 ; 7.200e+00 ; 7.000e-01 ; 7.6520002e+00 ; 2.2181042e+02 
3.500e+01 ; 7.200e+00 ; 7.000e-01 ; 7.6530002e+00 ; 2.2171573e+02 
3.500e+01 ; 7.200e+00 ; 7.000e-01 ; 7.6550002e+00 ; 2.2152664e+02 
3.500e+01 ; 7.200e+00 ; 7.000e-01 ; 7.6590002e+00 ; 2.2114955e+02 
3.500e+01 ; 7.200e+00 ; 7.000e-01 ; 7.6670002e+00 ; 2.2039975e+02 
3.500e+01 ; 7.200e+00 ; 7.000e-01 ; 7.6830002e+00 ; 2.1891748e+02 
3.500e+01 ; 7.200e+00 ; 7.000e-01 ; 7.7150002e+00 ; 2.1602057e+02 
3.500e+01 ; 7.200e+00 ; 7.000e-01 ; 7.7790002e+00 ; 2.1048486e+02 
3.500e+01 ; 7.200e+00 ; 7.000e-01 ; 7.9070002e+00 ; 2.0035532e+02 
3.500e+01 ; 7.200e+00 ; 7.000e-01 ; 8.1630002e+00 ; 1.8325902e+02 
3.500e+01 ; 7.200e+00 ; 7.000e-01 ; 8.5000002e+00 ; 1.6513574e+02 
3.500e+01 ; 7.200e+00 ; 7.000e-01 ; 8.5000002e+00 ; 1.6513574e+02 
3.500e+01 ; 7.200e+00 ; 7.000e-01 ; 8.5010002e+00 ; 1.6508200e+02 
3.500e+01 ; 7.200e+00 ; 7.000e-01 ; 8.5020002e+00 ; 1.6502832e+02 
3.500e+01 ; 7.200e+00 ; 7.000e-01 ; 8.5030002e+00 ; 1.6497469e+02 
3.500e+01 ; 7.200e+00 ; 7.000e-01 ; 8.5050002e+00 ; 1.6486758e+02 
3.500e+01 ; 7.200e+00 ; 7.000e-01 ; 8.5090002e+00 ; 1.6465413e+02 
3.500e+01 ; 7.200e+00 ; 7.000e-01 ; 8.5170002e+00 ; 1.6423018e+02 
3.500e+01 ; 7.200e+00 ; 7.000e-01 ; 8.5330002e+00 ; 1.6339375e+02 
3.500e+01 ; 7.200e+00 ; 7.000e-01 ; 8.5650002e+00 ; 1.6176526e+02 
3.500e+01 ; 7.200e+00 ; 7.000e-01 ; 8.6290002e+00 ; 1.5867313e+02 
3.500e+01 ; 7.200e+00 ; 7.000e-01 ; 8.7570002e+00 ; 1.5306580e+02 
3.500e+01 ; 7.200e+00 ; 7.000e-01 ; 9.0130002e+00 ; 1.4368047e+02 
3.500e+01 ; 7.200e+00 ; 7.000e-01 ; 9.3500003e+00 ; 1.3373039e+02 
3.500e+01 ; 7.200e+00 ; 7.000e-01 ; 9.3500003e+00 ; 1.3373039e+02 
3.500e+01 ; 7.200e+00 ; 7.000e-01 ; 9.3510003e+00 ; 1.3370088e+02 
3.500e+01 ; 7.200e+00 ; 7.000e-01 ; 9.3520003e+00 ; 1.3367140e+02 
3.500e+01 ; 7.200e+00 ; 7.000e-01 ; 9.3530003e+00 ; 1.3364192e+02 
3.500e+01 ; 7.200e+00 ; 7.000e-01 ; 9.3550003e+00 ; 1.3358307e+02 
3.500e+01 ; 7.200e+00 ; 7.000e-01 ; 9.3590003e+00 ; 1.3346565e+02 
3.500e+01 ; 7.200e+00 ; 7.000e-01 ; 9.3670003e+00 ; 1.3323206e+02 
3.500e+01 ; 7.200e+00 ; 7.000e-01 ; 9.3830003e+00 ; 1.3276968e+02 
3.500e+01 ; 7.200e+00 ; 7.000e-01 ; 9.4150003e+00 ; 1.3186394e+02 
3.500e+01 ; 7.200e+00 ; 7.000e-01 ; 9.4790003e+00 ; 1.3012531e+02 
3.500e+01 ; 7.200e+00 ; 7.000e-01 ; 9.6070003e+00 ; 1.2691730e+02 
3.500e+01 ; 7.200e+00 ; 7.000e-01 ; 9.8630003e+00 ; 1.2142424e+02 
3.500e+01 ; 7.200e+00 ; 7.000e-01 ; 1.0200000e+01 ; 1.1550265e+02 
3.500e+01 ; 7.200e+00 ; 7.000e-01 ; 1.0200000e+01 ; 1.1550265e+02 
3.500e+01 ; 7.200e+00 ; 7.000e-01 ; 1.0201000e+01 ; 1.1548509e+02 
3.500e+01 ; 7.200e+00 ; 7.000e-01 ; 1.0202000e+01 ; 1.1546754e+02 
3.500e+01 ; 7.200e+00 ; 7.000e-01 ; 1.0203000e+01 ; 1.1545000e+02 
3.500e+01 ; 7.200e+00 ; 7.000e-01 ; 1.0205000e+01 ; 1.1541498e+02 
3.500e+01 ; 7.200e+00 ; 7.000e-01 ; 1.0209000e+01 ; 1.1534510e+02 
3.500e+01 ; 7.200e+00 ; 7.000e-01 ; 1.0217000e+01 ; 1.1520609e+02 
3.500e+01 ; 7.200e+00 ; 7.000e-01 ; 1.0233000e+01 ; 1.1493093e+02 
3.500e+01 ; 7.200e+00 ; 7.000e-01 ; 1.0265000e+01 ; 1.1439194e+02 
3.500e+01 ; 7.200e+00 ; 7.000e-01 ; 1.0329000e+01 ; 1.1335733e+02 
3.500e+01 ; 7.200e+00 ; 7.000e-01 ; 1.0457000e+01 ; 1.1144816e+02 
3.500e+01 ; 7.200e+00 ; 7.000e-01 ; 1.0713000e+01 ; 1.0817771e+02 
3.500e+01 ; 7.200e+00 ; 7.000e-01 ; 1.1050000e+01 ; 1.0464973e+02 
3.500e+01 ; 7.200e+00 ; 7.000e-01 ; 1.1050000e+01 ; 1.0464973e+02 
3.500e+01 ; 7.200e+00 ; 7.000e-01 ; 1.1051000e+01 ; 1.0463927e+02 
3.500e+01 ; 7.200e+00 ; 7.000e-01 ; 1.1052000e+01 ; 1.0462882e+02 
3.500e+01 ; 7.200e+00 ; 7.000e-01 ; 1.1053000e+01 ; 1.0461837e+02 
3.500e+01 ; 7.200e+00 ; 7.000e-01 ; 1.1055000e+01 ; 1.0459750e+02 
3.500e+01 ; 7.200e+00 ; 7.000e-01 ; 1.1059000e+01 ; 1.0455587e+02 
3.500e+01 ; 7.200e+00 ; 7.000e-01 ; 1.1067000e+01 ; 1.0447305e+02 
3.500e+01 ; 7.200e+00 ; 7.000e-01 ; 1.1083000e+01 ; 1.0430910e+02 
3.500e+01 ; 7.200e+00 ; 7.000e-01 ; 1.1115000e+01 ; 1.0398794e+02 
3.500e+01 ; 7.200e+00 ; 7.000e-01 ; 1.1179000e+01 ; 1.0337138e+02 
3.500e+01 ; 7.200e+00 ; 7.000e-01 ; 1.1307000e+01 ; 1.0223340e+02 
3.500e+01 ; 7.200e+00 ; 7.000e-01 ; 1.1563000e+01 ; 1.0028331e+02 
3.500e+01 ; 7.200e+00 ; 7.000e-01 ; 1.1900000e+01 ; 9.8178879e+01 
3.500e+01 ; 7.200e+00 ; 7.000e-01 ; 1.1900000e+01 ; 9.8178879e+01 
3.500e+01 ; 7.200e+00 ; 7.000e-01 ; 1.1901000e+01 ; 9.8172638e+01 
3.500e+01 ; 7.200e+00 ; 7.000e-01 ; 1.1902000e+01 ; 9.8166405e+01 
3.500e+01 ; 7.200e+00 ; 7.000e-01 ; 1.1903000e+01 ; 9.8160172e+01 
3.500e+01 ; 7.200e+00 ; 7.000e-01 ; 1.1905000e+01 ; 9.8147720e+01 
3.500e+01 ; 7.200e+00 ; 7.000e-01 ; 1.1909000e+01 ; 9.8122887e+01 
3.500e+01 ; 7.200e+00 ; 7.000e-01 ; 1.1917000e+01 ; 9.8073486e+01 
3.500e+01 ; 7.200e+00 ; 7.000e-01 ; 1.1933000e+01 ; 9.7975693e+01 
3.500e+01 ; 7.200e+00 ; 7.000e-01 ; 1.1965000e+01 ; 9.7784103e+01 
3.500e+01 ; 7.200e+00 ; 7.000e-01 ; 1.2029000e+01 ; 9.7416275e+01 
3.500e+01 ; 7.200e+00 ; 7.000e-01 ; 1.2157000e+01 ; 9.6737289e+01 
3.500e+01 ; 7.200e+00 ; 7.000e-01 ; 1.2413000e+01 ; 9.5573509e+01 
3.500e+01 ; 7.200e+00 ; 7.000e-01 ; 1.2750000e+01 ; 9.4317360e+01 
3.500e+01 ; 7.200e+00 ; 7.000e-01 ; 1.2750000e+01 ; 9.4317360e+01 
3.500e+01 ; 7.200e+00 ; 7.000e-01 ; 1.2751000e+01 ; 9.4313637e+01 
3.500e+01 ; 7.200e+00 ; 7.000e-01 ; 1.2752000e+01 ; 9.4309914e+01 
3.500e+01 ; 7.200e+00 ; 7.000e-01 ; 1.2753000e+01 ; 9.4306190e+01 
3.500e+01 ; 7.200e+00 ; 7.000e-01 ; 1.2755000e+01 ; 9.4298759e+01 
3.500e+01 ; 7.200e+00 ; 7.000e-01 ; 1.2759000e+01 ; 9.4283936e+01 
3.500e+01 ; 7.200e+00 ; 7.000e-01 ; 1.2767000e+01 ; 9.4254448e+01 
3.500e+01 ; 7.200e+00 ; 7.000e-01 ; 1.2783000e+01 ; 9.4196068e+01 
3.500e+01 ; 7.200e+00 ; 7.000e-01 ; 1.2815000e+01 ; 9.4081703e+01 
3.500e+01 ; 7.200e+00 ; 7.000e-01 ; 1.2879000e+01 ; 9.3862129e+01 
3.500e+01 ; 7.200e+00 ; 7.000e-01 ; 1.3007000e+01 ; 9.3456772e+01 
3.500e+01 ; 7.200e+00 ; 7.000e-01 ; 1.3263000e+01 ; 9.2761909e+01 
3.500e+01 ; 7.200e+00 ; 7.000e-01 ; 1.3600000e+01 ; 9.2011803e+01 
3.500e+01 ; 7.200e+00 ; 7.000e-01 ; 1.3600000e+01 ; 9.2011803e+01 
3.500e+01 ; 7.200e+00 ; 7.000e-01 ; 1.3601000e+01 ; 9.2009583e+01 
3.500e+01 ; 7.200e+00 ; 7.000e-01 ; 1.3602000e+01 ; 9.2007355e+01 
3.500e+01 ; 7.200e+00 ; 7.000e-01 ; 1.3603000e+01 ; 9.2005135e+01 
3.500e+01 ; 7.200e+00 ; 7.000e-01 ; 1.3605000e+01 ; 9.2000694e+01 
3.500e+01 ; 7.200e+00 ; 7.000e-01 ; 1.3609000e+01 ; 9.1991844e+01 
3.500e+01 ; 7.200e+00 ; 7.000e-01 ; 1.3617000e+01 ; 9.1974236e+01 
3.500e+01 ; 7.200e+00 ; 7.000e-01 ; 1.3633000e+01 ; 9.1939377e+01 
3.500e+01 ; 7.200e+00 ; 7.000e-01 ; 1.3665000e+01 ; 9.1871078e+01 
3.500e+01 ; 7.200e+00 ; 7.000e-01 ; 1.3729000e+01 ; 9.1739952e+01 
3.500e+01 ; 7.200e+00 ; 7.000e-01 ; 1.3857000e+01 ; 9.1497871e+01 
3.500e+01 ; 7.200e+00 ; 7.000e-01 ; 1.4113000e+01 ; 9.1082870e+01 
3.500e+01 ; 7.200e+00 ; 7.000e-01 ; 1.4450000e+01 ; 9.0634842e+01 
3.500e+01 ; 7.200e+00 ; 7.000e-01 ; 1.4450000e+01 ; 9.0634842e+01 
3.500e+01 ; 7.200e+00 ; 7.000e-01 ; 1.4451000e+01 ; 9.0633507e+01 
3.500e+01 ; 7.200e+00 ; 7.000e-01 ; 1.4452000e+01 ; 9.0632179e+01 
3.500e+01 ; 7.200e+00 ; 7.000e-01 ; 1.4453000e+01 ; 9.0630852e+01 
3.500e+01 ; 7.200e+00 ; 7.000e-01 ; 1.4455000e+01 ; 9.0628204e+01 
3.500e+01 ; 7.200e+00 ; 7.000e-01 ; 1.4459000e+01 ; 9.0622917e+01 
3.500e+01 ; 7.200e+00 ; 7.000e-01 ; 1.4467000e+01 ; 9.0612396e+01 
3.500e+01 ; 7.200e+00 ; 7.000e-01 ; 1.4483000e+01 ; 9.0591576e+01 
3.500e+01 ; 7.200e+00 ; 7.000e-01 ; 1.4515000e+01 ; 9.0550789e+01 
3.500e+01 ; 7.200e+00 ; 7.000e-01 ; 1.4579000e+01 ; 9.0472466e+01 
3.500e+01 ; 7.200e+00 ; 7.000e-01 ; 1.4707000e+01 ; 9.0327866e+01 
3.500e+01 ; 7.200e+00 ; 7.000e-01 ; 1.4963000e+01 ; 9.0079964e+01 
3.500e+01 ; 7.200e+00 ; 7.000e-01 ; 1.5300000e+01 ; 8.9812317e+01 
3.500e+01 ; 7.200e+00 ; 7.000e-01 ; 1.5300000e+01 ; 8.9812317e+01 
3.500e+01 ; 7.200e+00 ; 7.000e-01 ; 1.5301000e+01 ; 8.9811523e+01 
3.500e+01 ; 7.200e+00 ; 7.000e-01 ; 1.5302000e+01 ; 8.9810730e+01 
3.500e+01 ; 7.200e+00 ; 7.000e-01 ; 1.5303000e+01 ; 8.9809937e+01 
3.500e+01 ; 7.200e+00 ; 7.000e-01 ; 1.5305000e+01 ; 8.9808357e+01 
3.500e+01 ; 7.200e+00 ; 7.000e-01 ; 1.5309000e+01 ; 8.9805199e+01 
3.500e+01 ; 7.200e+00 ; 7.000e-01 ; 1.5317000e+01 ; 8.9798912e+01 
3.500e+01 ; 7.200e+00 ; 7.000e-01 ; 1.5333000e+01 ; 8.9786476e+01 
3.500e+01 ; 7.200e+00 ; 7.000e-01 ; 1.5365000e+01 ; 8.9762108e+01 
3.500e+01 ; 7.200e+00 ; 7.000e-01 ; 1.5429000e+01 ; 8.9715317e+01 
3.500e+01 ; 7.200e+00 ; 7.000e-01 ; 1.5557000e+01 ; 8.9628937e+01 
3.500e+01 ; 7.200e+00 ; 7.000e-01 ; 1.5813000e+01 ; 8.9480835e+01 
3.500e+01 ; 7.200e+00 ; 7.000e-01 ; 1.6150000e+01 ; 8.9320938e+01 
3.500e+01 ; 7.200e+00 ; 7.000e-01 ; 1.6150000e+01 ; 8.9320938e+01 
3.500e+01 ; 7.200e+00 ; 7.000e-01 ; 1.6151000e+01 ; 8.9320465e+01 
3.500e+01 ; 7.200e+00 ; 7.000e-01 ; 1.6152000e+01 ; 8.9319992e+01 
3.500e+01 ; 7.200e+00 ; 7.000e-01 ; 1.6153000e+01 ; 8.9319519e+01 
3.500e+01 ; 7.200e+00 ; 7.000e-01 ; 1.6155000e+01 ; 8.9318573e+01 
3.500e+01 ; 7.200e+00 ; 7.000e-01 ; 1.6159000e+01 ; 8.9316689e+01 
3.500e+01 ; 7.200e+00 ; 7.000e-01 ; 1.6167000e+01 ; 8.9312935e+01 
3.500e+01 ; 7.200e+00 ; 7.000e-01 ; 1.6183000e+01 ; 8.9305504e+01 
3.500e+01 ; 7.200e+00 ; 7.000e-01 ; 1.6215000e+01 ; 8.9290939e+01 
3.500e+01 ; 7.200e+00 ; 7.000e-01 ; 1.6279000e+01 ; 8.9262985e+01 
3.500e+01 ; 7.200e+00 ; 7.000e-01 ; 1.6407000e+01 ; 8.9211380e+01 
3.500e+01 ; 7.200e+00 ; 7.000e-01 ; 1.6663000e+01 ; 8.9122902e+01 
3.500e+01 ; 7.200e+00 ; 7.000e-01 ; 1.7000000e+01 ; 8.9027367e+01 
3.500e+01 ; 7.200e+00 ; 7.000e-01 ; 1.7000000e+01 ; 8.9027367e+01 
3.500e+01 ; 7.200e+00 ; 7.000e-01 ; 1.7001000e+01 ; 8.9027084e+01 
3.500e+01 ; 7.200e+00 ; 7.000e-01 ; 1.7002000e+01 ; 8.9026802e+01 
3.500e+01 ; 7.200e+00 ; 7.000e-01 ; 1.7003000e+01 ; 8.9026520e+01 
3.500e+01 ; 7.200e+00 ; 7.000e-01 ; 1.7005000e+01 ; 8.9025955e+01 
3.500e+01 ; 7.200e+00 ; 7.000e-01 ; 1.7009000e+01 ; 8.9024826e+01 
3.500e+01 ; 7.200e+00 ; 7.000e-01 ; 1.7017000e+01 ; 8.9022583e+01 
3.500e+01 ; 7.200e+00 ; 7.000e-01 ; 1.7033000e+01 ; 8.9018143e+01 
3.500e+01 ; 7.200e+00 ; 7.000e-01 ; 1.7065000e+01 ; 8.9009445e+01 
3.500e+01 ; 7.200e+00 ; 7.000e-01 ; 1.7129000e+01 ; 8.8992744e+01 
3.500e+01 ; 7.200e+00 ; 7.000e-01 ; 1.7257000e+01 ; 8.8961914e+01 
3.500e+01 ; 7.200e+00 ; 7.000e-01 ; 1.7513000e+01 ; 8.8909050e+01 
3.500e+01 ; 7.200e+00 ; 7.000e-01 ; 1.7850001e+01 ; 8.8851974e+01 
3.500e+01 ; 7.200e+00 ; 7.000e-01 ; 1.7850001e+01 ; 8.8851974e+01 
3.500e+01 ; 7.200e+00 ; 7.000e-01 ; 1.7851001e+01 ; 8.8851799e+01 
3.500e+01 ; 7.200e+00 ; 7.000e-01 ; 1.7852001e+01 ; 8.8851631e+01 
3.500e+01 ; 7.200e+00 ; 7.000e-01 ; 1.7853001e+01 ; 8.8851463e+01 
3.500e+01 ; 7.200e+00 ; 7.000e-01 ; 1.7855001e+01 ; 8.8851128e+01 
3.500e+01 ; 7.200e+00 ; 7.000e-01 ; 1.7859001e+01 ; 8.8850456e+01 
3.500e+01 ; 7.200e+00 ; 7.000e-01 ; 1.7867001e+01 ; 8.8849113e+01 
3.500e+01 ; 7.200e+00 ; 7.000e-01 ; 1.7883001e+01 ; 8.8846458e+01 
3.500e+01 ; 7.200e+00 ; 7.000e-01 ; 1.7915000e+01 ; 8.8841263e+01 
3.500e+01 ; 7.200e+00 ; 7.000e-01 ; 1.7979000e+01 ; 8.8831284e+01 
3.500e+01 ; 7.200e+00 ; 7.000e-01 ; 1.8107000e+01 ; 8.8812866e+01 
3.500e+01 ; 7.200e+00 ; 7.000e-01 ; 1.8363001e+01 ; 8.8781281e+01 
3.500e+01 ; 7.200e+00 ; 7.000e-01 ; 1.8700001e+01 ; 8.8747200e+01 
3.500e+01 ; 7.200e+00 ; 7.000e-01 ; 1.8700001e+01 ; 8.8747200e+01 
3.500e+01 ; 7.200e+00 ; 7.000e-01 ; 1.8701001e+01 ; 8.8747093e+01 
3.500e+01 ; 7.200e+00 ; 7.000e-01 ; 1.8702001e+01 ; 8.8746994e+01 
3.500e+01 ; 7.200e+00 ; 7.000e-01 ; 1.8703001e+01 ; 8.8746895e+01 
3.500e+01 ; 7.200e+00 ; 7.000e-01 ; 1.8705001e+01 ; 8.8746689e+01 
3.500e+01 ; 7.200e+00 ; 7.000e-01 ; 1.8709001e+01 ; 8.8746292e+01 
3.500e+01 ; 7.200e+00 ; 7.000e-01 ; 1.8717001e+01 ; 8.8745491e+01 
3.500e+01 ; 7.200e+00 ; 7.000e-01 ; 1.8733001e+01 ; 8.8743904e+01 
3.500e+01 ; 7.200e+00 ; 7.000e-01 ; 1.8765001e+01 ; 8.8740807e+01 
3.500e+01 ; 7.200e+00 ; 7.000e-01 ; 1.8829001e+01 ; 8.8734856e+01 
3.500e+01 ; 7.200e+00 ; 7.000e-01 ; 1.8957001e+01 ; 8.8723907e+01 
3.500e+01 ; 7.200e+00 ; 7.000e-01 ; 1.9213001e+01 ; 8.8705444e+01 
3.500e+01 ; 7.200e+00 ; 7.000e-01 ; 1.9550001e+01 ; 8.8686226e+01 
3.500e+01 ; 7.200e+00 ; 7.000e-01 ; 1.9550001e+01 ; 8.8686226e+01 
3.500e+01 ; 7.200e+00 ; 7.000e-01 ; 1.9551001e+01 ; 8.8686172e+01 
3.500e+01 ; 7.200e+00 ; 7.000e-01 ; 1.9552001e+01 ; 8.8686119e+01 
3.500e+01 ; 7.200e+00 ; 7.000e-01 ; 1.9553001e+01 ; 8.8686058e+01 
3.500e+01 ; 7.200e+00 ; 7.000e-01 ; 1.9555001e+01 ; 8.8685951e+01 
3.500e+01 ; 7.200e+00 ; 7.000e-01 ; 1.9559001e+01 ; 8.8685730e+01 
3.500e+01 ; 7.200e+00 ; 7.000e-01 ; 1.9567001e+01 ; 8.8685310e+01 
3.500e+01 ; 7.200e+00 ; 7.000e-01 ; 1.9583001e+01 ; 8.8684532e+01 
3.500e+01 ; 7.200e+00 ; 7.000e-01 ; 1.9615001e+01 ; 8.8683258e+01 
3.500e+01 ; 7.200e+00 ; 7.000e-01 ; 1.9679001e+01 ; 8.8681946e+01 
3.500e+01 ; 7.200e+00 ; 7.000e-01 ; 1.9807001e+01 ; 8.8684502e+01 
3.500e+01 ; 7.200e+00 ; 7.000e-01 ; 2.0063001e+01 ; 8.8708397e+01 
3.500e+01 ; 7.200e+00 ; 7.000e-01 ; 2.0400001e+01 ; 8.8762901e+01 
3.500e+01 ; 7.200e+00 ; 7.000e-01 ; 2.0400001e+01 ; 8.8762901e+01 
3.500e+01 ; 7.200e+00 ; 7.000e-01 ; 2.0401001e+01 ; 8.8767990e+01 
3.500e+01 ; 7.200e+00 ; 7.000e-01 ; 2.0402001e+01 ; 8.8773094e+01 
3.500e+01 ; 7.200e+00 ; 7.000e-01 ; 2.0403001e+01 ; 8.8778221e+01 
3.500e+01 ; 7.200e+00 ; 7.000e-01 ; 2.0405001e+01 ; 8.8788551e+01 
3.500e+01 ; 7.200e+00 ; 7.000e-01 ; 2.0409001e+01 ; 8.8809547e+01 
3.500e+01 ; 7.200e+00 ; 7.000e-01 ; 2.0417001e+01 ; 8.8852798e+01 
3.500e+01 ; 7.200e+00 ; 7.000e-01 ; 2.0433001e+01 ; 8.8944115e+01 
3.500e+01 ; 7.200e+00 ; 7.000e-01 ; 2.0465001e+01 ; 8.9144173e+01 
3.500e+01 ; 7.200e+00 ; 7.000e-01 ; 2.0529001e+01 ; 8.9600937e+01 
3.500e+01 ; 7.200e+00 ; 7.000e-01 ; 2.0657001e+01 ; 9.0658730e+01 
3.500e+01 ; 7.200e+00 ; 7.000e-01 ; 2.0913001e+01 ; 9.2933792e+01 
3.500e+01 ; 7.200e+00 ; 7.000e-01 ; 2.1250001e+01 ; 9.5646271e+01 
3.500e+01 ; 7.200e+00 ; 7.000e-01 ; 2.1250001e+01 ; 9.5646271e+01 
3.500e+01 ; 7.200e+00 ; 7.000e-01 ; 2.1251001e+01 ; 9.5658058e+01 
3.500e+01 ; 7.200e+00 ; 7.000e-01 ; 2.1252001e+01 ; 9.5669853e+01 
3.500e+01 ; 7.200e+00 ; 7.000e-01 ; 2.1253001e+01 ; 9.5681641e+01 
3.500e+01 ; 7.200e+00 ; 7.000e-01 ; 2.1255001e+01 ; 9.5705238e+01 
3.500e+01 ; 7.200e+00 ; 7.000e-01 ; 2.1259001e+01 ; 9.5752441e+01 
3.500e+01 ; 7.200e+00 ; 7.000e-01 ; 2.1267001e+01 ; 9.5846909e+01 
3.500e+01 ; 7.200e+00 ; 7.000e-01 ; 2.1283001e+01 ; 9.6036011e+01 
3.500e+01 ; 7.200e+00 ; 7.000e-01 ; 2.1315001e+01 ; 9.6414253e+01 
3.500e+01 ; 7.200e+00 ; 7.000e-01 ; 2.1379001e+01 ; 9.7166267e+01 
3.500e+01 ; 7.200e+00 ; 7.000e-01 ; 2.1507001e+01 ; 9.8623817e+01 
3.500e+01 ; 7.200e+00 ; 7.000e-01 ; 2.1763001e+01 ; 1.0121806e+02 
3.500e+01 ; 7.200e+00 ; 7.000e-01 ; 2.2100001e+01 ; 1.0391008e+02 
3.500e+01 ; 7.200e+00 ; 7.000e-01 ; 2.2100001e+01 ; 1.0391008e+02 
3.500e+01 ; 7.200e+00 ; 7.000e-01 ; 2.2101001e+01 ; 1.0391805e+02 
3.500e+01 ; 7.200e+00 ; 7.000e-01 ; 2.2102001e+01 ; 1.0392602e+02 
3.500e+01 ; 7.200e+00 ; 7.000e-01 ; 2.2103001e+01 ; 1.0393398e+02 
3.500e+01 ; 7.200e+00 ; 7.000e-01 ; 2.2105001e+01 ; 1.0394984e+02 
3.500e+01 ; 7.200e+00 ; 7.000e-01 ; 2.2109001e+01 ; 1.0398138e+02 
3.500e+01 ; 7.200e+00 ; 7.000e-01 ; 2.2117001e+01 ; 1.0404375e+02 
3.500e+01 ; 7.200e+00 ; 7.000e-01 ; 2.2133001e+01 ; 1.0416566e+02 
3.500e+01 ; 7.200e+00 ; 7.000e-01 ; 2.2165001e+01 ; 1.0439857e+02 
3.500e+01 ; 7.200e+00 ; 7.000e-01 ; 2.2229001e+01 ; 1.0482348e+02 
3.500e+01 ; 7.200e+00 ; 7.000e-01 ; 2.2357001e+01 ; 1.0552934e+02 
3.500e+01 ; 7.200e+00 ; 7.000e-01 ; 2.2613001e+01 ; 1.0648957e+02 
3.500e+01 ; 7.200e+00 ; 7.000e-01 ; 2.2950001e+01 ; 1.0718117e+02 
3.500e+01 ; 7.200e+00 ; 7.000e-01 ; 2.2950001e+01 ; 1.0718117e+02 
3.500e+01 ; 7.200e+00 ; 7.000e-01 ; 2.2951001e+01 ; 1.0718321e+02 
3.500e+01 ; 7.200e+00 ; 7.000e-01 ; 2.2952001e+01 ; 1.0718526e+02 
3.500e+01 ; 7.200e+00 ; 7.000e-01 ; 2.2953001e+01 ; 1.0718729e+02 
3.500e+01 ; 7.200e+00 ; 7.000e-01 ; 2.2955001e+01 ; 1.0719135e+02 
3.500e+01 ; 7.200e+00 ; 7.000e-01 ; 2.2959001e+01 ; 1.0719937e+02 
3.500e+01 ; 7.200e+00 ; 7.000e-01 ; 2.2967001e+01 ; 1.0721511e+02 
3.500e+01 ; 7.200e+00 ; 7.000e-01 ; 2.2983001e+01 ; 1.0724535e+02 
3.500e+01 ; 7.200e+00 ; 7.000e-01 ; 2.3015001e+01 ; 1.0730099e+02 
3.500e+01 ; 7.200e+00 ; 7.000e-01 ; 2.3079001e+01 ; 1.0739421e+02 
3.500e+01 ; 7.200e+00 ; 7.000e-01 ; 2.3207001e+01 ; 1.0751721e+02 
3.500e+01 ; 7.200e+00 ; 7.000e-01 ; 2.3463001e+01 ; 1.0756629e+02 
3.500e+01 ; 7.200e+00 ; 7.000e-01 ; 2.3800001e+01 ; 1.0738759e+02 
3.500e+01 ; 7.200e+00 ; 7.000e-01 ; 2.3800001e+01 ; 1.0738759e+02 
3.500e+01 ; 7.200e+00 ; 7.000e-01 ; 2.3801001e+01 ; 1.0738705e+02 
3.500e+01 ; 7.200e+00 ; 7.000e-01 ; 2.3802001e+01 ; 1.0738652e+02 
3.500e+01 ; 7.200e+00 ; 7.000e-01 ; 2.3803001e+01 ; 1.0738599e+02 
3.500e+01 ; 7.200e+00 ; 7.000e-01 ; 2.3805001e+01 ; 1.0738490e+02 
3.500e+01 ; 7.200e+00 ; 7.000e-01 ; 2.3809001e+01 ; 1.0738271e+02 
3.500e+01 ; 7.200e+00 ; 7.000e-01 ; 2.3817001e+01 ; 1.0737817e+02 
3.500e+01 ; 7.200e+00 ; 7.000e-01 ; 2.3833001e+01 ; 1.0736859e+02 
3.500e+01 ; 7.200e+00 ; 7.000e-01 ; 2.3865001e+01 ; 1.0734739e+02 
3.500e+01 ; 7.200e+00 ; 7.000e-01 ; 2.3929001e+01 ; 1.0729745e+02 
3.500e+01 ; 7.200e+00 ; 7.000e-01 ; 2.4057001e+01 ; 1.0717166e+02 
3.500e+01 ; 7.200e+00 ; 7.000e-01 ; 2.4313001e+01 ; 1.0684322e+02 
3.500e+01 ; 7.200e+00 ; 7.000e-01 ; 2.4650001e+01 ; 1.0632327e+02 
3.500e+01 ; 7.200e+00 ; 7.000e-01 ; 2.4650001e+01 ; 1.0632327e+02 
3.500e+01 ; 7.200e+00 ; 7.000e-01 ; 2.4651001e+01 ; 1.0632172e+02 
3.500e+01 ; 7.200e+00 ; 7.000e-01 ; 2.4652001e+01 ; 1.0632018e+02 
3.500e+01 ; 7.200e+00 ; 7.000e-01 ; 2.4653001e+01 ; 1.0631863e+02 
3.500e+01 ; 7.200e+00 ; 7.000e-01 ; 2.4655001e+01 ; 1.0631554e+02 
3.500e+01 ; 7.200e+00 ; 7.000e-01 ; 2.4659001e+01 ; 1.0630934e+02 
3.500e+01 ; 7.200e+00 ; 7.000e-01 ; 2.4667001e+01 ; 1.0629689e+02 
3.500e+01 ; 7.200e+00 ; 7.000e-01 ; 2.4683001e+01 ; 1.0627181e+02 
3.500e+01 ; 7.200e+00 ; 7.000e-01 ; 2.4715001e+01 ; 1.0622094e+02 
3.500e+01 ; 7.200e+00 ; 7.000e-01 ; 2.4779001e+01 ; 1.0611660e+02 
3.500e+01 ; 7.200e+00 ; 7.000e-01 ; 2.4907001e+01 ; 1.0589955e+02 
3.500e+01 ; 7.200e+00 ; 7.000e-01 ; 2.5163001e+01 ; 1.0544410e+02 
3.500e+01 ; 7.200e+00 ; 7.000e-01 ; 2.5500001e+01 ; 1.0482793e+02 
3.500e+01 ; 7.200e+00 ; 7.000e-01 ; 2.5500001e+01 ; 1.0482793e+02 
3.500e+01 ; 7.200e+00 ; 7.000e-01 ; 2.5501001e+01 ; 1.0482611e+02 
3.500e+01 ; 7.200e+00 ; 7.000e-01 ; 2.5502001e+01 ; 1.0482428e+02 
3.500e+01 ; 7.200e+00 ; 7.000e-01 ; 2.5503001e+01 ; 1.0482245e+02 
3.500e+01 ; 7.200e+00 ; 7.000e-01 ; 2.5505001e+01 ; 1.0481879e+02 
3.500e+01 ; 7.200e+00 ; 7.000e-01 ; 2.5509001e+01 ; 1.0481147e+02 
3.500e+01 ; 7.200e+00 ; 7.000e-01 ; 2.5517001e+01 ; 1.0479683e+02 
3.500e+01 ; 7.200e+00 ; 7.000e-01 ; 2.5533001e+01 ; 1.0476750e+02 
3.500e+01 ; 7.200e+00 ; 7.000e-01 ; 2.5565001e+01 ; 1.0470873e+02 
3.500e+01 ; 7.200e+00 ; 7.000e-01 ; 2.5629001e+01 ; 1.0459086e+02 
3.500e+01 ; 7.200e+00 ; 7.000e-01 ; 2.5757001e+01 ; 1.0435460e+02 
3.500e+01 ; 7.200e+00 ; 7.000e-01 ; 2.6013001e+01 ; 1.0388522e+02 
3.500e+01 ; 7.200e+00 ; 7.000e-01 ; 2.6350001e+01 ; 1.0328119e+02 
3.500e+01 ; 7.200e+00 ; 7.000e-01 ; 2.6350001e+01 ; 1.0328119e+02 
3.500e+01 ; 7.200e+00 ; 7.000e-01 ; 2.6351001e+01 ; 1.0327940e+02 
3.500e+01 ; 7.200e+00 ; 7.000e-01 ; 2.6352001e+01 ; 1.0327760e+02 
3.500e+01 ; 7.200e+00 ; 7.000e-01 ; 2.6353001e+01 ; 1.0327581e+02 
3.500e+01 ; 7.200e+00 ; 7.000e-01 ; 2.6355001e+01 ; 1.0327223e+02 
3.500e+01 ; 7.200e+00 ; 7.000e-01 ; 2.6359001e+01 ; 1.0326507e+02 
3.500e+01 ; 7.200e+00 ; 7.000e-01 ; 2.6367001e+01 ; 1.0325074e+02 
3.500e+01 ; 7.200e+00 ; 7.000e-01 ; 2.6383001e+01 ; 1.0322213e+02 
3.500e+01 ; 7.200e+00 ; 7.000e-01 ; 2.6415001e+01 ; 1.0316505e+02 
3.500e+01 ; 7.200e+00 ; 7.000e-01 ; 2.6479001e+01 ; 1.0305148e+02 
3.500e+01 ; 7.200e+00 ; 7.000e-01 ; 2.6607001e+01 ; 1.0282710e+02 
3.500e+01 ; 7.200e+00 ; 7.000e-01 ; 2.6863001e+01 ; 1.0239127e+02 
3.500e+01 ; 7.200e+00 ; 7.000e-01 ; 2.7200001e+01 ; 1.0184269e+02 
3.500e+01 ; 7.200e+00 ; 7.000e-01 ; 2.7200001e+01 ; 1.0184269e+02 
3.500e+01 ; 7.200e+00 ; 7.000e-01 ; 2.7201001e+01 ; 1.0184106e+02 
3.500e+01 ; 7.200e+00 ; 7.000e-01 ; 2.7202001e+01 ; 1.0183944e+02 
3.500e+01 ; 7.200e+00 ; 7.000e-01 ; 2.7203001e+01 ; 1.0183781e+02 
3.500e+01 ; 7.200e+00 ; 7.000e-01 ; 2.7205001e+01 ; 1.0183456e+02 
3.500e+01 ; 7.200e+00 ; 7.000e-01 ; 2.7209001e+01 ; 1.0182806e+02 
3.500e+01 ; 7.200e+00 ; 7.000e-01 ; 2.7217001e+01 ; 1.0181506e+02 
3.500e+01 ; 7.200e+00 ; 7.000e-01 ; 2.7233001e+01 ; 1.0178913e+02 
3.500e+01 ; 7.200e+00 ; 7.000e-01 ; 2.7265001e+01 ; 1.0173751e+02 
3.500e+01 ; 7.200e+00 ; 7.000e-01 ; 2.7329001e+01 ; 1.0163521e+02 
3.500e+01 ; 7.200e+00 ; 7.000e-01 ; 2.7457001e+01 ; 1.0143445e+02 
3.500e+01 ; 7.200e+00 ; 7.000e-01 ; 2.7713001e+01 ; 1.0104877e+02 
3.500e+01 ; 7.200e+00 ; 7.000e-01 ; 2.8050001e+01 ; 1.0056876e+02 
3.500e+01 ; 7.200e+00 ; 7.000e-01 ; 2.8050001e+01 ; 1.0056876e+02 
3.500e+01 ; 7.200e+00 ; 7.000e-01 ; 2.8051001e+01 ; 1.0056734e+02 
3.500e+01 ; 7.200e+00 ; 7.000e-01 ; 2.8052001e+01 ; 1.0056592e+02 
3.500e+01 ; 7.200e+00 ; 7.000e-01 ; 2.8053001e+01 ; 1.0056450e+02 
3.500e+01 ; 7.200e+00 ; 7.000e-01 ; 2.8055001e+01 ; 1.0056165e+02 
3.500e+01 ; 7.200e+00 ; 7.000e-01 ; 2.8059001e+01 ; 1.0055596e+02 
3.500e+01 ; 7.200e+00 ; 7.000e-01 ; 2.8067001e+01 ; 1.0054460e+02 
3.500e+01 ; 7.200e+00 ; 7.000e-01 ; 2.8083001e+01 ; 1.0052193e+02 
3.500e+01 ; 7.200e+00 ; 7.000e-01 ; 2.8115001e+01 ; 1.0047687e+02 
3.500e+01 ; 7.200e+00 ; 7.000e-01 ; 2.8179001e+01 ; 1.0038772e+02 
3.500e+01 ; 7.200e+00 ; 7.000e-01 ; 2.8307001e+01 ; 1.0021342e+02 
3.500e+01 ; 7.200e+00 ; 7.000e-01 ; 2.8563001e+01 ; 9.9880524e+01 
3.500e+01 ; 7.200e+00 ; 7.000e-01 ; 2.8900001e+01 ; 9.9468712e+01 
3.500e+01 ; 7.200e+00 ; 7.000e-01 ; 2.8900001e+01 ; 9.9468712e+01 
3.500e+01 ; 7.200e+00 ; 7.000e-01 ; 2.8901001e+01 ; 9.9467491e+01 
3.500e+01 ; 7.200e+00 ; 7.000e-01 ; 2.8902001e+01 ; 9.9466270e+01 
3.500e+01 ; 7.200e+00 ; 7.000e-01 ; 2.8903001e+01 ; 9.9465050e+01 
3.500e+01 ; 7.200e+00 ; 7.000e-01 ; 2.8905001e+01 ; 9.9462608e+01 
3.500e+01 ; 7.200e+00 ; 7.000e-01 ; 2.8909001e+01 ; 9.9457726e+01 
3.500e+01 ; 7.200e+00 ; 7.000e-01 ; 2.8917001e+01 ; 9.9447983e+01 
3.500e+01 ; 7.200e+00 ; 7.000e-01 ; 2.8933001e+01 ; 9.9428551e+01 
3.500e+01 ; 7.200e+00 ; 7.000e-01 ; 2.8965001e+01 ; 9.9389931e+01 
3.500e+01 ; 7.200e+00 ; 7.000e-01 ; 2.9029001e+01 ; 9.9313629e+01 
3.500e+01 ; 7.200e+00 ; 7.000e-01 ; 2.9157001e+01 ; 9.9164726e+01 
3.500e+01 ; 7.200e+00 ; 7.000e-01 ; 2.9413001e+01 ; 9.8881264e+01 
3.500e+01 ; 7.200e+00 ; 7.000e-01 ; 2.9750001e+01 ; 9.8531799e+01 
3.500e+01 ; 7.200e+00 ; 7.000e-01 ; 2.9750001e+01 ; 9.8531799e+01 
3.500e+01 ; 7.200e+00 ; 7.000e-01 ; 2.9751001e+01 ; 9.8530762e+01 
3.500e+01 ; 7.200e+00 ; 7.000e-01 ; 2.9752001e+01 ; 9.8529724e+01 
3.500e+01 ; 7.200e+00 ; 7.000e-01 ; 2.9753001e+01 ; 9.8528687e+01 
3.500e+01 ; 7.200e+00 ; 7.000e-01 ; 2.9755001e+01 ; 9.8526619e+01 
3.500e+01 ; 7.200e+00 ; 7.000e-01 ; 2.9759001e+01 ; 9.8522476e+01 
3.500e+01 ; 7.200e+00 ; 7.000e-01 ; 2.9767001e+01 ; 9.8514206e+01 
3.500e+01 ; 7.200e+00 ; 7.000e-01 ; 2.9783001e+01 ; 9.8497726e+01 
3.500e+01 ; 7.200e+00 ; 7.000e-01 ; 2.9815001e+01 ; 9.8464973e+01 
3.500e+01 ; 7.200e+00 ; 7.000e-01 ; 2.9879001e+01 ; 9.8400307e+01 
3.500e+01 ; 7.200e+00 ; 7.000e-01 ; 3.0007001e+01 ; 9.8274254e+01 
3.500e+01 ; 7.200e+00 ; 7.000e-01 ; 3.0263001e+01 ; 9.8034729e+01 
3.500e+01 ; 7.200e+00 ; 7.000e-01 ; 3.0600001e+01 ; 9.7740013e+01 
3.500e+01 ; 7.200e+00 ; 7.000e-01 ; 3.0600001e+01 ; 9.7740013e+01 
3.500e+01 ; 7.200e+00 ; 7.000e-01 ; 3.0601001e+01 ; 9.7739143e+01 
3.500e+01 ; 7.200e+00 ; 7.000e-01 ; 3.0602001e+01 ; 9.7738266e+01 
3.500e+01 ; 7.200e+00 ; 7.000e-01 ; 3.0603001e+01 ; 9.7737396e+01 
3.500e+01 ; 7.200e+00 ; 7.000e-01 ; 3.0605001e+01 ; 9.7735649e+01 
3.500e+01 ; 7.200e+00 ; 7.000e-01 ; 3.0609001e+01 ; 9.7732155e+01 
3.500e+01 ; 7.200e+00 ; 7.000e-01 ; 3.0617001e+01 ; 9.7725182e+01 
3.500e+01 ; 7.200e+00 ; 7.000e-01 ; 3.0633001e+01 ; 9.7711288e+01 
3.500e+01 ; 7.200e+00 ; 7.000e-01 ; 3.0665001e+01 ; 9.7683678e+01 
3.500e+01 ; 7.200e+00 ; 7.000e-01 ; 3.0729001e+01 ; 9.7629181e+01 
3.500e+01 ; 7.200e+00 ; 7.000e-01 ; 3.0857001e+01 ; 9.7523033e+01 
3.500e+01 ; 7.200e+00 ; 7.000e-01 ; 3.1113001e+01 ; 9.7321625e+01 
3.500e+01 ; 7.200e+00 ; 7.000e-01 ; 3.1450001e+01 ; 9.7074356e+01 
3.500e+01 ; 7.200e+00 ; 7.000e-01 ; 3.1450001e+01 ; 9.7074356e+01 
3.500e+01 ; 7.200e+00 ; 7.000e-01 ; 3.1451001e+01 ; 9.7073624e+01 
3.500e+01 ; 7.200e+00 ; 7.000e-01 ; 3.1452001e+01 ; 9.7072891e+01 
3.500e+01 ; 7.200e+00 ; 7.000e-01 ; 3.1453001e+01 ; 9.7072159e+01 
3.500e+01 ; 7.200e+00 ; 7.000e-01 ; 3.1455001e+01 ; 9.7070694e+01 
3.500e+01 ; 7.200e+00 ; 7.000e-01 ; 3.1459001e+01 ; 9.7067764e+01 
3.500e+01 ; 7.200e+00 ; 7.000e-01 ; 3.1467001e+01 ; 9.7061913e+01 
3.500e+01 ; 7.200e+00 ; 7.000e-01 ; 3.1483001e+01 ; 9.7050255e+01 
3.500e+01 ; 7.200e+00 ; 7.000e-01 ; 3.1515001e+01 ; 9.7027107e+01 
3.500e+01 ; 7.200e+00 ; 7.000e-01 ; 3.1579001e+01 ; 9.6981445e+01 
3.500e+01 ; 7.200e+00 ; 7.000e-01 ; 3.1707001e+01 ; 9.6892738e+01 
3.500e+01 ; 7.200e+00 ; 7.000e-01 ; 3.1963001e+01 ; 9.6725975e+01 
3.500e+01 ; 7.200e+00 ; 7.000e-01 ; 3.2300001e+01 ; 9.6525017e+01 
3.500e+01 ; 7.200e+00 ; 7.000e-01 ; 3.2300001e+01 ; 9.6525017e+01 
3.500e+01 ; 7.200e+00 ; 7.000e-01 ; 3.2301001e+01 ; 9.6524422e+01 
3.500e+01 ; 7.200e+00 ; 7.000e-01 ; 3.2302001e+01 ; 9.6523827e+01 
3.500e+01 ; 7.200e+00 ; 7.000e-01 ; 3.2303001e+01 ; 9.6523232e+01 
3.500e+01 ; 7.200e+00 ; 7.000e-01 ; 3.2305001e+01 ; 9.6522041e+01 
3.500e+01 ; 7.200e+00 ; 7.000e-01 ; 3.2309001e+01 ; 9.6519676e+01 
3.500e+01 ; 7.200e+00 ; 7.000e-01 ; 3.2317001e+01 ; 9.6514961e+01 
3.500e+01 ; 7.200e+00 ; 7.000e-01 ; 3.2333001e+01 ; 9.6505669e+01 
3.500e+01 ; 7.200e+00 ; 7.000e-01 ; 3.2365001e+01 ; 9.6487602e+01 
3.500e+01 ; 7.200e+00 ; 7.000e-01 ; 3.2429001e+01 ; 9.6453835e+01 
3.500e+01 ; 7.200e+00 ; 7.000e-01 ; 3.2557001e+01 ; 9.6396820e+01 
3.500e+01 ; 7.200e+00 ; 7.000e-01 ; 3.2813001e+01 ; 9.6325691e+01 
3.500e+01 ; 7.200e+00 ; 7.000e-01 ; 3.3150001e+01 ; 9.6295143e+01 
3.500e+01 ; 7.200e+00 ; 7.000e-01 ; 3.3150001e+01 ; 9.6295143e+01 
3.500e+01 ; 7.200e+00 ; 7.000e-01 ; 3.3151001e+01 ; 9.6295052e+01 
3.500e+01 ; 7.200e+00 ; 7.000e-01 ; 3.3152001e+01 ; 9.6294968e+01 
3.500e+01 ; 7.200e+00 ; 7.000e-01 ; 3.3153001e+01 ; 9.6294876e+01 
3.500e+01 ; 7.200e+00 ; 7.000e-01 ; 3.3155001e+01 ; 9.6294708e+01 
3.500e+01 ; 7.200e+00 ; 7.000e-01 ; 3.3159001e+01 ; 9.6294388e+01 
3.500e+01 ; 7.200e+00 ; 7.000e-01 ; 3.3167001e+01 ; 9.6293816e+01 
3.500e+01 ; 7.200e+00 ; 7.000e-01 ; 3.3183001e+01 ; 9.6292992e+01 
3.500e+01 ; 7.200e+00 ; 7.000e-01 ; 3.3215001e+01 ; 9.6292618e+01 
3.500e+01 ; 7.200e+00 ; 7.000e-01 ; 3.3279001e+01 ; 9.6297234e+01 
3.500e+01 ; 7.200e+00 ; 7.000e-01 ; 3.3407001e+01 ; 9.6328651e+01 
3.500e+01 ; 7.200e+00 ; 7.000e-01 ; 3.3663001e+01 ; 9.6472923e+01 
3.500e+01 ; 7.200e+00 ; 7.000e-01 ; 3.4000001e+01 ; 9.6768021e+01 
3.500e+01 ; 7.200e+00 ; 7.000e-01 ; 3.4000001e+01 ; 9.6768021e+01 
3.500e+01 ; 7.200e+00 ; 7.000e-01 ; 3.4001001e+01 ; 9.6768898e+01 
3.500e+01 ; 7.200e+00 ; 7.000e-01 ; 3.4002001e+01 ; 9.6769783e+01 
3.500e+01 ; 7.200e+00 ; 7.000e-01 ; 3.4003001e+01 ; 9.6770660e+01 
3.500e+01 ; 7.200e+00 ; 7.000e-01 ; 3.4005001e+01 ; 9.6772423e+01 
3.500e+01 ; 7.200e+00 ; 7.000e-01 ; 3.4009001e+01 ; 9.6775986e+01 
3.500e+01 ; 7.200e+00 ; 7.000e-01 ; 3.4017001e+01 ; 9.6783188e+01 
3.500e+01 ; 7.200e+00 ; 7.000e-01 ; 3.4033001e+01 ; 9.6797989e+01 
3.500e+01 ; 7.200e+00 ; 7.000e-01 ; 3.4065001e+01 ; 9.6829132e+01 
3.500e+01 ; 7.200e+00 ; 7.000e-01 ; 3.4129001e+01 ; 9.6897491e+01 
3.500e+01 ; 7.200e+00 ; 7.000e-01 ; 3.4257001e+01 ; 9.7057144e+01 
3.500e+01 ; 7.200e+00 ; 7.000e-01 ; 3.4513001e+01 ; 9.7449806e+01 
3.500e+01 ; 7.200e+00 ; 7.000e-01 ; 3.4850001e+01 ; 9.8043823e+01 
3.500e+01 ; 7.200e+00 ; 7.000e-01 ; 3.4850001e+01 ; 9.8043823e+01 
3.500e+01 ; 7.200e+00 ; 7.000e-01 ; 3.4851001e+01 ; 9.8045586e+01 
3.500e+01 ; 7.200e+00 ; 7.000e-01 ; 3.4852001e+01 ; 9.8047348e+01 
3.500e+01 ; 7.200e+00 ; 7.000e-01 ; 3.4853001e+01 ; 9.8049118e+01 
3.500e+01 ; 7.200e+00 ; 7.000e-01 ; 3.4855001e+01 ; 9.8052650e+01 
3.500e+01 ; 7.200e+00 ; 7.000e-01 ; 3.4859001e+01 ; 9.8059731e+01 
3.500e+01 ; 7.200e+00 ; 7.000e-01 ; 3.4867001e+01 ; 9.8073952e+01 
3.500e+01 ; 7.200e+00 ; 7.000e-01 ; 3.4883001e+01 ; 9.8102608e+01 
3.500e+01 ; 7.200e+00 ; 7.000e-01 ; 3.4915001e+01 ; 9.8160721e+01 
3.500e+01 ; 7.200e+00 ; 7.000e-01 ; 3.4979001e+01 ; 9.8279755e+01 
3.500e+01 ; 7.200e+00 ; 7.000e-01 ; 3.5107001e+01 ; 9.8526093e+01 
3.500e+01 ; 7.200e+00 ; 7.000e-01 ; 3.5363001e+01 ; 9.9031837e+01 
3.500e+01 ; 7.200e+00 ; 7.000e-01 ; 3.5700001e+01 ; 9.9684601e+01 
3.500e+01 ; 7.200e+00 ; 7.000e-01 ; 3.5700001e+01 ; 9.9684601e+01 
3.500e+01 ; 7.200e+00 ; 7.000e-01 ; 3.5701001e+01 ; 9.9686539e+01 
3.500e+01 ; 7.200e+00 ; 7.000e-01 ; 3.5702001e+01 ; 9.9688477e+01 
3.500e+01 ; 7.200e+00 ; 7.000e-01 ; 3.5703001e+01 ; 9.9690414e+01 
3.500e+01 ; 7.200e+00 ; 7.000e-01 ; 3.5705001e+01 ; 9.9694283e+01 
3.500e+01 ; 7.200e+00 ; 7.000e-01 ; 3.5709001e+01 ; 9.9702026e+01 
3.500e+01 ; 7.200e+00 ; 7.000e-01 ; 3.5717001e+01 ; 9.9717506e+01 
3.500e+01 ; 7.200e+00 ; 7.000e-01 ; 3.5733001e+01 ; 9.9748421e+01 
3.500e+01 ; 7.200e+00 ; 7.000e-01 ; 3.5765001e+01 ; 9.9810059e+01 
3.500e+01 ; 7.200e+00 ; 7.000e-01 ; 3.5829001e+01 ; 9.9932251e+01 
3.500e+01 ; 7.200e+00 ; 7.000e-01 ; 3.5957001e+01 ; 1.0017052e+02 
3.500e+01 ; 7.200e+00 ; 7.000e-01 ; 3.6213001e+01 ; 1.0061324e+02 
3.500e+01 ; 7.200e+00 ; 7.000e-01 ; 3.6550001e+01 ; 1.0112650e+02 
3.500e+01 ; 7.200e+00 ; 7.000e-01 ; 3.6550001e+01 ; 1.0112650e+02 
3.500e+01 ; 7.200e+00 ; 7.000e-01 ; 3.6551001e+01 ; 1.0112801e+02 
3.500e+01 ; 7.200e+00 ; 7.000e-01 ; 3.6552001e+01 ; 1.0112954e+02 
3.500e+01 ; 7.200e+00 ; 7.000e-01 ; 3.6553001e+01 ; 1.0113106e+02 
3.500e+01 ; 7.200e+00 ; 7.000e-01 ; 3.6555001e+01 ; 1.0113409e+02 
3.500e+01 ; 7.200e+00 ; 7.000e-01 ; 3.6559001e+01 ; 1.0114017e+02 
3.500e+01 ; 7.200e+00 ; 7.000e-01 ; 3.6567001e+01 ; 1.0115227e+02 
3.500e+01 ; 7.200e+00 ; 7.000e-01 ; 3.6583001e+01 ; 1.0117631e+02 
3.500e+01 ; 7.200e+00 ; 7.000e-01 ; 3.6615001e+01 ; 1.0122375e+02 
3.500e+01 ; 7.200e+00 ; 7.000e-01 ; 3.6679001e+01 ; 1.0131599e+02 
3.500e+01 ; 7.200e+00 ; 7.000e-01 ; 3.6807001e+01 ; 1.0148973e+02 
3.500e+01 ; 7.200e+00 ; 7.000e-01 ; 3.7063001e+01 ; 1.0179378e+02 
3.500e+01 ; 7.200e+00 ; 7.000e-01 ; 3.7400001e+01 ; 1.0212146e+02 
3.500e+01 ; 7.200e+00 ; 7.000e-01 ; 3.7400001e+01 ; 1.0212146e+02 
3.500e+01 ; 7.200e+00 ; 7.000e-01 ; 3.7401001e+01 ; 1.0212244e+02 
3.500e+01 ; 7.200e+00 ; 7.000e-01 ; 3.7402001e+01 ; 1.0212341e+02 
3.500e+01 ; 7.200e+00 ; 7.000e-01 ; 3.7403001e+01 ; 1.0212437e+02 
3.500e+01 ; 7.200e+00 ; 7.000e-01 ; 3.7405001e+01 ; 1.0212631e+02 
3.500e+01 ; 7.200e+00 ; 7.000e-01 ; 3.7409001e+01 ; 1.0213018e+02 
3.500e+01 ; 7.200e+00 ; 7.000e-01 ; 3.7417001e+01 ; 1.0213787e+02 
3.500e+01 ; 7.200e+00 ; 7.000e-01 ; 3.7433001e+01 ; 1.0215309e+02 
3.500e+01 ; 7.200e+00 ; 7.000e-01 ; 3.7465001e+01 ; 1.0218288e+02 
3.500e+01 ; 7.200e+00 ; 7.000e-01 ; 3.7529001e+01 ; 1.0223991e+02 
3.500e+01 ; 7.200e+00 ; 7.000e-01 ; 3.7657001e+01 ; 1.0234391e+02 
3.500e+01 ; 7.200e+00 ; 7.000e-01 ; 3.7913001e+01 ; 1.0251432e+02 
3.500e+01 ; 7.200e+00 ; 7.000e-01 ; 3.8250001e+01 ; 1.0267986e+02 
3.500e+01 ; 7.200e+00 ; 7.000e-01 ; 3.8250001e+01 ; 1.0267986e+02 
3.500e+01 ; 7.200e+00 ; 7.000e-01 ; 3.8251001e+01 ; 1.0268035e+02 
3.500e+01 ; 7.200e+00 ; 7.000e-01 ; 3.8252001e+01 ; 1.0268084e+02 
3.500e+01 ; 7.200e+00 ; 7.000e-01 ; 3.8253001e+01 ; 1.0268133e+02 
3.500e+01 ; 7.200e+00 ; 7.000e-01 ; 3.8255001e+01 ; 1.0268231e+02 
3.500e+01 ; 7.200e+00 ; 7.000e-01 ; 3.8259001e+01 ; 1.0268426e+02 
3.500e+01 ; 7.200e+00 ; 7.000e-01 ; 3.8267001e+01 ; 1.0268812e+02 
3.500e+01 ; 7.200e+00 ; 7.000e-01 ; 3.8283001e+01 ; 1.0269570e+02 
3.500e+01 ; 7.200e+00 ; 7.000e-01 ; 3.8315001e+01 ; 1.0271036e+02 
3.500e+01 ; 7.200e+00 ; 7.000e-01 ; 3.8379001e+01 ; 1.0273764e+02 
3.500e+01 ; 7.200e+00 ; 7.000e-01 ; 3.8507001e+01 ; 1.0278445e+02 
3.500e+01 ; 7.200e+00 ; 7.000e-01 ; 3.8763001e+01 ; 1.0284995e+02 
3.500e+01 ; 7.200e+00 ; 7.000e-01 ; 3.9100001e+01 ; 1.0289377e+02 
3.500e+01 ; 7.200e+00 ; 7.000e-01 ; 3.9100001e+01 ; 1.0289377e+02 
3.500e+01 ; 7.200e+00 ; 7.000e-01 ; 3.9101001e+01 ; 1.0289390e+02 
3.500e+01 ; 7.200e+00 ; 7.000e-01 ; 3.9102001e+01 ; 1.0289403e+02 
3.500e+01 ; 7.200e+00 ; 7.000e-01 ; 3.9103001e+01 ; 1.0289416e+02 
3.500e+01 ; 7.200e+00 ; 7.000e-01 ; 3.9105001e+01 ; 1.0289442e+02 
3.500e+01 ; 7.200e+00 ; 7.000e-01 ; 3.9109001e+01 ; 1.0289492e+02 
3.500e+01 ; 7.200e+00 ; 7.000e-01 ; 3.9117001e+01 ; 1.0289591e+02 
3.500e+01 ; 7.200e+00 ; 7.000e-01 ; 3.9133001e+01 ; 1.0289780e+02 
3.500e+01 ; 7.200e+00 ; 7.000e-01 ; 3.9165001e+01 ; 1.0290119e+02 
3.500e+01 ; 7.200e+00 ; 7.000e-01 ; 3.9229001e+01 ; 1.0290655e+02 
3.500e+01 ; 7.200e+00 ; 7.000e-01 ; 3.9357001e+01 ; 1.0291182e+02 
3.500e+01 ; 7.200e+00 ; 7.000e-01 ; 3.9613001e+01 ; 1.0290308e+02 
3.500e+01 ; 7.200e+00 ; 7.000e-01 ; 3.9950001e+01 ; 1.0286328e+02 
3.500e+01 ; 7.200e+00 ; 7.000e-01 ; 3.9950001e+01 ; 1.0286328e+02 
3.500e+01 ; 7.200e+00 ; 7.000e-01 ; 3.9951001e+01 ; 1.0286317e+02 
3.500e+01 ; 7.200e+00 ; 7.000e-01 ; 3.9952001e+01 ; 1.0286304e+02 
3.500e+01 ; 7.200e+00 ; 7.000e-01 ; 3.9953001e+01 ; 1.0286293e+02 
3.500e+01 ; 7.200e+00 ; 7.000e-01 ; 3.9955001e+01 ; 1.0286269e+02 
3.500e+01 ; 7.200e+00 ; 7.000e-01 ; 3.9959001e+01 ; 1.0286221e+02 
3.500e+01 ; 7.200e+00 ; 7.000e-01 ; 3.9967001e+01 ; 1.0286123e+02 
3.500e+01 ; 7.200e+00 ; 7.000e-01 ; 3.9983001e+01 ; 1.0285921e+02 
3.500e+01 ; 7.200e+00 ; 7.000e-01 ; 4.0015001e+01 ; 1.0285493e+02 
3.500e+01 ; 7.200e+00 ; 7.000e-01 ; 4.0079001e+01 ; 1.0284541e+02 
3.500e+01 ; 7.200e+00 ; 7.000e-01 ; 4.0207001e+01 ; 1.0282282e+02 
3.500e+01 ; 7.200e+00 ; 7.000e-01 ; 4.0463001e+01 ; 1.0276536e+02 
3.500e+01 ; 7.200e+00 ; 7.000e-01 ; 4.0800001e+01 ; 1.0267220e+02 
3.500e+01 ; 7.200e+00 ; 7.000e-01 ; 4.0800001e+01 ; 1.0267220e+02 
3.500e+01 ; 7.200e+00 ; 7.000e-01 ; 4.0801001e+01 ; 1.0267193e+02 
3.500e+01 ; 7.200e+00 ; 7.000e-01 ; 4.0802001e+01 ; 1.0267165e+02 
3.500e+01 ; 7.200e+00 ; 7.000e-01 ; 4.0803001e+01 ; 1.0267137e+02 
3.500e+01 ; 7.200e+00 ; 7.000e-01 ; 4.0805001e+01 ; 1.0267081e+02 
3.500e+01 ; 7.200e+00 ; 7.000e-01 ; 4.0809001e+01 ; 1.0266971e+02 
3.500e+01 ; 7.200e+00 ; 7.000e-01 ; 4.0817001e+01 ; 1.0266747e+02 
3.500e+01 ; 7.200e+00 ; 7.000e-01 ; 4.0833001e+01 ; 1.0266297e+02 
3.500e+01 ; 7.200e+00 ; 7.000e-01 ; 4.0865001e+01 ; 1.0265382e+02 
3.500e+01 ; 7.200e+00 ; 7.000e-01 ; 4.0929001e+01 ; 1.0263492e+02 
3.500e+01 ; 7.200e+00 ; 7.000e-01 ; 4.1057001e+01 ; 1.0259499e+02 
3.500e+01 ; 7.200e+00 ; 7.000e-01 ; 4.1313001e+01 ; 1.0250791e+02 
3.500e+01 ; 7.200e+00 ; 7.000e-01 ; 4.1650001e+01 ; 1.0238346e+02 
3.500e+01 ; 7.200e+00 ; 7.000e-01 ; 4.1650001e+01 ; 1.0238346e+02 
3.500e+01 ; 7.200e+00 ; 7.000e-01 ; 4.1651001e+01 ; 1.0238309e+02 
3.500e+01 ; 7.200e+00 ; 7.000e-01 ; 4.1652001e+01 ; 1.0238272e+02 
3.500e+01 ; 7.200e+00 ; 7.000e-01 ; 4.1653001e+01 ; 1.0238235e+02 
3.500e+01 ; 7.200e+00 ; 7.000e-01 ; 4.1655001e+01 ; 1.0238161e+02 
3.500e+01 ; 7.200e+00 ; 7.000e-01 ; 4.1659001e+01 ; 1.0238013e+02 
3.500e+01 ; 7.200e+00 ; 7.000e-01 ; 4.1667001e+01 ; 1.0237717e+02 
3.500e+01 ; 7.200e+00 ; 7.000e-01 ; 4.1683001e+01 ; 1.0237121e+02 
3.500e+01 ; 7.200e+00 ; 7.000e-01 ; 4.1715001e+01 ; 1.0235921e+02 
3.500e+01 ; 7.200e+00 ; 7.000e-01 ; 4.1779001e+01 ; 1.0233492e+02 
3.500e+01 ; 7.200e+00 ; 7.000e-01 ; 4.1907001e+01 ; 1.0228516e+02 
3.500e+01 ; 7.200e+00 ; 7.000e-01 ; 4.2163001e+01 ; 1.0218195e+02 
3.500e+01 ; 7.200e+00 ; 7.000e-01 ; 4.2500001e+01 ; 1.0204150e+02 
3.500e+01 ; 7.200e+00 ; 7.000e-01 ; 4.2500001e+01 ; 1.0204150e+02 
3.500e+01 ; 7.200e+00 ; 7.000e-01 ; 4.2501001e+01 ; 1.0204108e+02 
3.500e+01 ; 7.200e+00 ; 7.000e-01 ; 4.2502001e+01 ; 1.0204066e+02 
3.500e+01 ; 7.200e+00 ; 7.000e-01 ; 4.2503001e+01 ; 1.0204025e+02 
3.500e+01 ; 7.200e+00 ; 7.000e-01 ; 4.2505001e+01 ; 1.0203941e+02 
3.500e+01 ; 7.200e+00 ; 7.000e-01 ; 4.2509001e+01 ; 1.0203774e+02 
3.500e+01 ; 7.200e+00 ; 7.000e-01 ; 4.2517001e+01 ; 1.0203440e+02 
3.500e+01 ; 7.200e+00 ; 7.000e-01 ; 4.2533001e+01 ; 1.0202771e+02 
3.500e+01 ; 7.200e+00 ; 7.000e-01 ; 4.2565001e+01 ; 1.0201430e+02 
3.500e+01 ; 7.200e+00 ; 7.000e-01 ; 4.2629001e+01 ; 1.0198732e+02 
3.500e+01 ; 7.200e+00 ; 7.000e-01 ; 4.2757001e+01 ; 1.0193288e+02 
3.500e+01 ; 7.200e+00 ; 7.000e-01 ; 4.3013001e+01 ; 1.0182265e+02 
3.500e+01 ; 7.200e+00 ; 7.000e-01 ; 4.3350001e+01 ; 1.0167641e+02 
3.500e+01 ; 7.200e+00 ; 7.000e-01 ; 4.3350001e+01 ; 1.0167641e+02 
3.500e+01 ; 7.200e+00 ; 7.000e-01 ; 4.3351001e+01 ; 1.0167598e+02 
3.500e+01 ; 7.200e+00 ; 7.000e-01 ; 4.3352001e+01 ; 1.0167554e+02 
3.500e+01 ; 7.200e+00 ; 7.000e-01 ; 4.3353001e+01 ; 1.0167511e+02 
3.500e+01 ; 7.200e+00 ; 7.000e-01 ; 4.3355001e+01 ; 1.0167424e+02 
3.500e+01 ; 7.200e+00 ; 7.000e-01 ; 4.3359001e+01 ; 1.0167251e+02 
3.500e+01 ; 7.200e+00 ; 7.000e-01 ; 4.3367001e+01 ; 1.0166903e+02 
3.500e+01 ; 7.200e+00 ; 7.000e-01 ; 4.3383001e+01 ; 1.0166209e+02 
3.500e+01 ; 7.200e+00 ; 7.000e-01 ; 4.3415001e+01 ; 1.0164818e+02 
3.500e+01 ; 7.200e+00 ; 7.000e-01 ; 4.3479001e+01 ; 1.0162034e+02 
3.500e+01 ; 7.200e+00 ; 7.000e-01 ; 4.3607001e+01 ; 1.0156462e+02 
3.500e+01 ; 7.200e+00 ; 7.000e-01 ; 4.3863001e+01 ; 1.0145340e+02 
3.500e+01 ; 7.200e+00 ; 7.000e-01 ; 4.4200001e+01 ; 1.0130822e+02 
3.500e+01 ; 7.200e+00 ; 7.000e-01 ; 4.4200001e+01 ; 1.0130822e+02 
3.500e+01 ; 7.200e+00 ; 7.000e-01 ; 4.4201001e+01 ; 1.0130779e+02 
3.500e+01 ; 7.200e+00 ; 7.000e-01 ; 4.4202001e+01 ; 1.0130736e+02 
3.500e+01 ; 7.200e+00 ; 7.000e-01 ; 4.4203001e+01 ; 1.0130692e+02 
3.500e+01 ; 7.200e+00 ; 7.000e-01 ; 4.4205001e+01 ; 1.0130606e+02 
3.500e+01 ; 7.200e+00 ; 7.000e-01 ; 4.4209001e+01 ; 1.0130434e+02 
3.500e+01 ; 7.200e+00 ; 7.000e-01 ; 4.4217001e+01 ; 1.0130090e+02 
3.500e+01 ; 7.200e+00 ; 7.000e-01 ; 4.4233001e+01 ; 1.0129401e+02 
3.500e+01 ; 7.200e+00 ; 7.000e-01 ; 4.4265001e+01 ; 1.0128025e+02 
3.500e+01 ; 7.200e+00 ; 7.000e-01 ; 4.4329001e+01 ; 1.0125279e+02 
3.500e+01 ; 7.200e+00 ; 7.000e-01 ; 4.4457001e+01 ; 1.0119827e+02 
3.500e+01 ; 7.200e+00 ; 7.000e-01 ; 4.4713001e+01 ; 1.0109147e+02 
3.500e+01 ; 7.200e+00 ; 7.000e-01 ; 4.5050001e+01 ; 1.0095621e+02 
3.500e+01 ; 7.200e+00 ; 7.000e-01 ; 4.5050001e+01 ; 1.0095621e+02 
3.500e+01 ; 7.200e+00 ; 7.000e-01 ; 4.5051001e+01 ; 1.0095582e+02 
3.500e+01 ; 7.200e+00 ; 7.000e-01 ; 4.5052001e+01 ; 1.0095541e+02 
3.500e+01 ; 7.200e+00 ; 7.000e-01 ; 4.5053001e+01 ; 1.0095502e+02 
3.500e+01 ; 7.200e+00 ; 7.000e-01 ; 4.5055001e+01 ; 1.0095421e+02 
3.500e+01 ; 7.200e+00 ; 7.000e-01 ; 4.5059001e+01 ; 1.0095261e+02 
3.500e+01 ; 7.200e+00 ; 7.000e-01 ; 4.5067001e+01 ; 1.0094940e+02 
3.500e+01 ; 7.200e+00 ; 7.000e-01 ; 4.5083001e+01 ; 1.0094301e+02 
3.500e+01 ; 7.200e+00 ; 7.000e-01 ; 4.5115001e+01 ; 1.0093027e+02 
3.500e+01 ; 7.200e+00 ; 7.000e-01 ; 4.5179001e+01 ; 1.0090505e+02 
3.500e+01 ; 7.200e+00 ; 7.000e-01 ; 4.5307001e+01 ; 1.0085587e+02 
3.500e+01 ; 7.200e+00 ; 7.000e-01 ; 4.5563001e+01 ; 1.0076430e+02 
3.500e+01 ; 7.200e+00 ; 7.000e-01 ; 4.5900001e+01 ; 1.0065820e+02 
3.500e+01 ; 7.200e+00 ; 7.000e-01 ; 4.5900001e+01 ; 1.0065820e+02 
3.500e+01 ; 7.200e+00 ; 7.000e-01 ; 4.5901001e+01 ; 1.0065788e+02 
3.500e+01 ; 7.200e+00 ; 7.000e-01 ; 4.5902001e+01 ; 1.0065756e+02 
3.500e+01 ; 7.200e+00 ; 7.000e-01 ; 4.5903001e+01 ; 1.0065725e+02 
3.500e+01 ; 7.200e+00 ; 7.000e-01 ; 4.5905001e+01 ; 1.0065662e+02 
3.500e+01 ; 7.200e+00 ; 7.000e-01 ; 4.5909001e+01 ; 1.0065536e+02 
3.500e+01 ; 7.200e+00 ; 7.000e-01 ; 4.5917001e+01 ; 1.0065286e+02 
3.500e+01 ; 7.200e+00 ; 7.000e-01 ; 4.5933001e+01 ; 1.0064790e+02 
3.500e+01 ; 7.200e+00 ; 7.000e-01 ; 4.5965001e+01 ; 1.0063810e+02 
3.500e+01 ; 7.200e+00 ; 7.000e-01 ; 4.6029001e+01 ; 1.0061913e+02 
3.500e+01 ; 7.200e+00 ; 7.000e-01 ; 4.6157001e+01 ; 1.0058403e+02 
3.500e+01 ; 7.200e+00 ; 7.000e-01 ; 4.6413001e+01 ; 1.0052762e+02 
3.500e+01 ; 7.200e+00 ; 7.000e-01 ; 4.6750001e+01 ; 1.0047993e+02 
3.500e+01 ; 7.200e+00 ; 7.000e-01 ; 4.6750001e+01 ; 1.0047993e+02 
3.500e+01 ; 7.200e+00 ; 7.000e-01 ; 4.6751001e+01 ; 1.0047979e+02 
3.500e+01 ; 7.200e+00 ; 7.000e-01 ; 4.6752001e+01 ; 1.0047965e+02 
3.500e+01 ; 7.200e+00 ; 7.000e-01 ; 4.6753001e+01 ; 1.0047951e+02 
3.500e+01 ; 7.200e+00 ; 7.000e-01 ; 4.6755001e+01 ; 1.0047923e+02 
3.500e+01 ; 7.200e+00 ; 7.000e-01 ; 4.6759001e+01 ; 1.0047867e+02 
3.500e+01 ; 7.200e+00 ; 7.000e-01 ; 4.6767001e+01 ; 1.0047757e+02 
3.500e+01 ; 7.200e+00 ; 7.000e-01 ; 4.6783001e+01 ; 1.0047543e+02 
3.500e+01 ; 7.200e+00 ; 7.000e-01 ; 4.6815001e+01 ; 1.0047141e+02 
3.500e+01 ; 7.200e+00 ; 7.000e-01 ; 4.6879001e+01 ; 1.0046439e+02 
3.500e+01 ; 7.200e+00 ; 7.000e-01 ; 4.7007001e+01 ; 1.0045483e+02 
3.500e+01 ; 7.200e+00 ; 7.000e-01 ; 4.7263001e+01 ; 1.0045480e+02 
3.500e+01 ; 7.200e+00 ; 7.000e-01 ; 4.7600001e+01 ; 1.0048772e+02 
3.500e+01 ; 7.200e+00 ; 7.000e-01 ; 4.7600001e+01 ; 1.0048772e+02 
3.500e+01 ; 7.200e+00 ; 7.000e-01 ; 4.7601001e+01 ; 1.0048782e+02 
3.500e+01 ; 7.200e+00 ; 7.000e-01 ; 4.7602001e+01 ; 1.0048792e+02 
3.500e+01 ; 7.200e+00 ; 7.000e-01 ; 4.7603001e+01 ; 1.0048801e+02 
3.500e+01 ; 7.200e+00 ; 7.000e-01 ; 4.7605001e+01 ; 1.0048821e+02 
3.500e+01 ; 7.200e+00 ; 7.000e-01 ; 4.7609001e+01 ; 1.0048861e+02 
3.500e+01 ; 7.200e+00 ; 7.000e-01 ; 4.7617001e+01 ; 1.0048943e+02 
3.500e+01 ; 7.200e+00 ; 7.000e-01 ; 4.7633001e+01 ; 1.0049115e+02 
3.500e+01 ; 7.200e+00 ; 7.000e-01 ; 4.7665001e+01 ; 1.0049488e+02 
3.500e+01 ; 7.200e+00 ; 7.000e-01 ; 4.7729001e+01 ; 1.0050356e+02 
3.500e+01 ; 7.200e+00 ; 7.000e-01 ; 4.7857001e+01 ; 1.0052570e+02 
3.500e+01 ; 7.200e+00 ; 7.000e-01 ; 4.8113001e+01 ; 1.0058823e+02 
3.500e+01 ; 7.200e+00 ; 7.000e-01 ; 4.8450001e+01 ; 1.0069822e+02 
3.500e+01 ; 7.200e+00 ; 7.000e-01 ; 4.8450001e+01 ; 1.0069822e+02 
3.500e+01 ; 7.200e+00 ; 7.000e-01 ; 4.8451001e+01 ; 1.0069855e+02 
3.500e+01 ; 7.200e+00 ; 7.000e-01 ; 4.8452001e+01 ; 1.0069888e+02 
3.500e+01 ; 7.200e+00 ; 7.000e-01 ; 4.8453001e+01 ; 1.0069920e+02 
3.500e+01 ; 7.200e+00 ; 7.000e-01 ; 4.8455001e+01 ; 1.0069986e+02 
3.500e+01 ; 7.200e+00 ; 7.000e-01 ; 4.8459001e+01 ; 1.0070117e+02 
3.500e+01 ; 7.200e+00 ; 7.000e-01 ; 4.8467001e+01 ; 1.0070382e+02 
3.500e+01 ; 7.200e+00 ; 7.000e-01 ; 4.8483001e+01 ; 1.0070917e+02 
3.500e+01 ; 7.200e+00 ; 7.000e-01 ; 4.8515001e+01 ; 1.0072011e+02 
3.500e+01 ; 7.200e+00 ; 7.000e-01 ; 4.8579001e+01 ; 1.0074294e+02 
3.500e+01 ; 7.200e+00 ; 7.000e-01 ; 4.8707001e+01 ; 1.0079209e+02 
3.500e+01 ; 7.200e+00 ; 7.000e-01 ; 4.8963001e+01 ; 1.0090195e+02 
3.500e+01 ; 7.200e+00 ; 7.000e-01 ; 4.9300001e+01 ; 1.0106088e+02 
3.500e+01 ; 7.200e+00 ; 7.000e-01 ; 4.9300001e+01 ; 1.0106088e+02 
3.500e+01 ; 7.200e+00 ; 7.000e-01 ; 4.9301001e+01 ; 1.0106136e+02 
3.500e+01 ; 7.200e+00 ; 7.000e-01 ; 4.9302001e+01 ; 1.0106183e+02 
3.500e+01 ; 7.200e+00 ; 7.000e-01 ; 4.9303001e+01 ; 1.0106229e+02 
3.500e+01 ; 7.200e+00 ; 7.000e-01 ; 4.9305001e+01 ; 1.0106324e+02 
3.500e+01 ; 7.200e+00 ; 7.000e-01 ; 4.9309001e+01 ; 1.0106513e+02 
3.500e+01 ; 7.200e+00 ; 7.000e-01 ; 4.9317001e+01 ; 1.0106892e+02 
3.500e+01 ; 7.200e+00 ; 7.000e-01 ; 4.9333001e+01 ; 1.0107653e+02 
3.500e+01 ; 7.200e+00 ; 7.000e-01 ; 4.9365001e+01 ; 1.0109187e+02 
3.500e+01 ; 7.200e+00 ; 7.000e-01 ; 4.9429001e+01 ; 1.0112299e+02 
3.500e+01 ; 7.200e+00 ; 7.000e-01 ; 4.9557001e+01 ; 1.0118663e+02 
3.500e+01 ; 7.200e+00 ; 7.000e-01 ; 4.9813001e+01 ; 1.0131721e+02 
3.500e+01 ; 7.200e+00 ; 7.000e-01 ; 5.0150001e+01 ; 1.0148998e+02 
3.500e+01 ; 7.200e+00 ; 7.000e-01 ; 5.0150001e+01 ; 1.0148998e+02 
3.500e+01 ; 7.200e+00 ; 7.000e-01 ; 5.0151001e+01 ; 1.0149049e+02 
3.500e+01 ; 7.200e+00 ; 7.000e-01 ; 5.0152001e+01 ; 1.0149100e+02 
3.500e+01 ; 7.200e+00 ; 7.000e-01 ; 5.0153001e+01 ; 1.0149152e+02 
3.500e+01 ; 7.200e+00 ; 7.000e-01 ; 5.0155001e+01 ; 1.0149255e+02 
3.500e+01 ; 7.200e+00 ; 7.000e-01 ; 5.0159001e+01 ; 1.0149460e+02 
3.500e+01 ; 7.200e+00 ; 7.000e-01 ; 5.0167001e+01 ; 1.0149870e+02 
3.500e+01 ; 7.200e+00 ; 7.000e-01 ; 5.0183001e+01 ; 1.0150690e+02 
3.500e+01 ; 7.200e+00 ; 7.000e-01 ; 5.0215001e+01 ; 1.0152332e+02 
3.500e+01 ; 7.200e+00 ; 7.000e-01 ; 5.0279001e+01 ; 1.0155611e+02 
3.500e+01 ; 7.200e+00 ; 7.000e-01 ; 5.0407001e+01 ; 1.0162132e+02 
3.500e+01 ; 7.200e+00 ; 7.000e-01 ; 5.0663001e+01 ; 1.0174874e+02 
3.500e+01 ; 7.200e+00 ; 7.000e-01 ; 5.1000001e+01 ; 1.0190838e+02 
3.500e+01 ; 7.200e+00 ; 7.000e-01 ; 5.1000001e+01 ; 1.0190838e+02 
3.500e+01 ; 7.200e+00 ; 7.000e-01 ; 5.1001001e+01 ; 1.0190885e+02 
3.500e+01 ; 7.200e+00 ; 7.000e-01 ; 5.1002001e+01 ; 1.0190932e+02 
3.500e+01 ; 7.200e+00 ; 7.000e-01 ; 5.1003001e+01 ; 1.0190980e+02 
3.500e+01 ; 7.200e+00 ; 7.000e-01 ; 5.1005001e+01 ; 1.0191074e+02 
3.500e+01 ; 7.200e+00 ; 7.000e-01 ; 5.1009001e+01 ; 1.0191264e+02 
3.500e+01 ; 7.200e+00 ; 7.000e-01 ; 5.1017001e+01 ; 1.0191641e+02 
3.500e+01 ; 7.200e+00 ; 7.000e-01 ; 5.1033001e+01 ; 1.0192396e+02 
3.500e+01 ; 7.200e+00 ; 7.000e-01 ; 5.1065001e+01 ; 1.0193896e+02 
3.500e+01 ; 7.200e+00 ; 7.000e-01 ; 5.1129001e+01 ; 1.0196864e+02 
3.500e+01 ; 7.200e+00 ; 7.000e-01 ; 5.1257001e+01 ; 1.0202656e+02 
3.500e+01 ; 7.200e+00 ; 7.000e-01 ; 5.1513001e+01 ; 1.0213586e+02 
3.500e+01 ; 7.200e+00 ; 7.000e-01 ; 5.1850001e+01 ; 1.0226720e+02 
3.500e+01 ; 7.200e+00 ; 7.000e-01 ; 5.1850001e+01 ; 1.0226720e+02 
3.500e+01 ; 7.200e+00 ; 7.000e-01 ; 5.1851001e+01 ; 1.0226759e+02 
3.500e+01 ; 7.200e+00 ; 7.000e-01 ; 5.1852001e+01 ; 1.0226798e+02 
3.500e+01 ; 7.200e+00 ; 7.000e-01 ; 5.1853001e+01 ; 1.0226837e+02 
3.500e+01 ; 7.200e+00 ; 7.000e-01 ; 5.1855001e+01 ; 1.0226915e+02 
3.500e+01 ; 7.200e+00 ; 7.000e-01 ; 5.1859001e+01 ; 1.0227071e+02 
3.500e+01 ; 7.200e+00 ; 7.000e-01 ; 5.1867001e+01 ; 1.0227381e+02 
3.500e+01 ; 7.200e+00 ; 7.000e-01 ; 5.1883001e+01 ; 1.0227998e+02 
3.500e+01 ; 7.200e+00 ; 7.000e-01 ; 5.1915001e+01 ; 1.0229223e+02 
3.500e+01 ; 7.200e+00 ; 7.000e-01 ; 5.1979001e+01 ; 1.0231624e+02 
3.500e+01 ; 7.200e+00 ; 7.000e-01 ; 5.2107001e+01 ; 1.0236235e+02 
3.500e+01 ; 7.200e+00 ; 7.000e-01 ; 5.2363001e+01 ; 1.0244672e+02 
3.500e+01 ; 7.200e+00 ; 7.000e-01 ; 5.2700001e+01 ; 1.0254405e+02 
3.500e+01 ; 7.200e+00 ; 7.000e-01 ; 5.2700001e+01 ; 1.0254405e+02 
3.500e+01 ; 7.200e+00 ; 7.000e-01 ; 5.2701001e+01 ; 1.0254434e+02 
3.500e+01 ; 7.200e+00 ; 7.000e-01 ; 5.2702001e+01 ; 1.0254462e+02 
3.500e+01 ; 7.200e+00 ; 7.000e-01 ; 5.2703001e+01 ; 1.0254491e+02 
3.500e+01 ; 7.200e+00 ; 7.000e-01 ; 5.2705001e+01 ; 1.0254549e+02 
3.500e+01 ; 7.200e+00 ; 7.000e-01 ; 5.2709001e+01 ; 1.0254665e+02 
3.500e+01 ; 7.200e+00 ; 7.000e-01 ; 5.2717001e+01 ; 1.0254893e+02 
3.500e+01 ; 7.200e+00 ; 7.000e-01 ; 5.2733001e+01 ; 1.0255350e+02 
3.500e+01 ; 7.200e+00 ; 7.000e-01 ; 5.2765001e+01 ; 1.0256248e+02 
3.500e+01 ; 7.200e+00 ; 7.000e-01 ; 5.2829001e+01 ; 1.0257996e+02 
3.500e+01 ; 7.200e+00 ; 7.000e-01 ; 5.2957001e+01 ; 1.0261295e+02 
3.500e+01 ; 7.200e+00 ; 7.000e-01 ; 5.3213001e+01 ; 1.0267113e+02 
3.500e+01 ; 7.200e+00 ; 7.000e-01 ; 5.3550002e+01 ; 1.0273469e+02 
3.500e+01 ; 7.200e+00 ; 7.000e-01 ; 5.3550002e+01 ; 1.0273469e+02 
3.500e+01 ; 7.200e+00 ; 7.000e-01 ; 5.3551002e+01 ; 1.0273487e+02 
3.500e+01 ; 7.200e+00 ; 7.000e-01 ; 5.3552002e+01 ; 1.0273506e+02 
3.500e+01 ; 7.200e+00 ; 7.000e-01 ; 5.3553002e+01 ; 1.0273525e+02 
3.500e+01 ; 7.200e+00 ; 7.000e-01 ; 5.3555002e+01 ; 1.0273563e+02 
3.500e+01 ; 7.200e+00 ; 7.000e-01 ; 5.3559002e+01 ; 1.0273637e+02 
3.500e+01 ; 7.200e+00 ; 7.000e-01 ; 5.3567002e+01 ; 1.0273787e+02 
3.500e+01 ; 7.200e+00 ; 7.000e-01 ; 5.3583002e+01 ; 1.0274083e+02 
3.500e+01 ; 7.200e+00 ; 7.000e-01 ; 5.3615001e+01 ; 1.0274662e+02 
3.500e+01 ; 7.200e+00 ; 7.000e-01 ; 5.3679001e+01 ; 1.0275775e+02 
3.500e+01 ; 7.200e+00 ; 7.000e-01 ; 5.3807002e+01 ; 1.0277820e+02 
3.500e+01 ; 7.200e+00 ; 7.000e-01 ; 5.4063002e+01 ; 1.0281209e+02 
3.500e+01 ; 7.200e+00 ; 7.000e-01 ; 5.4400002e+01 ; 1.0284532e+02 
3.500e+01 ; 7.200e+00 ; 7.000e-01 ; 5.4400002e+01 ; 1.0284532e+02 
3.500e+01 ; 7.200e+00 ; 7.000e-01 ; 5.4401002e+01 ; 1.0284542e+02 
3.500e+01 ; 7.200e+00 ; 7.000e-01 ; 5.4402002e+01 ; 1.0284552e+02 
3.500e+01 ; 7.200e+00 ; 7.000e-01 ; 5.4403002e+01 ; 1.0284562e+02 
3.500e+01 ; 7.200e+00 ; 7.000e-01 ; 5.4405002e+01 ; 1.0284581e+02 
3.500e+01 ; 7.200e+00 ; 7.000e-01 ; 5.4409002e+01 ; 1.0284620e+02 
3.500e+01 ; 7.200e+00 ; 7.000e-01 ; 5.4417002e+01 ; 1.0284698e+02 
3.500e+01 ; 7.200e+00 ; 7.000e-01 ; 5.4433002e+01 ; 1.0284850e+02 
3.500e+01 ; 7.200e+00 ; 7.000e-01 ; 5.4465002e+01 ; 1.0285146e+02 
3.500e+01 ; 7.200e+00 ; 7.000e-01 ; 5.4529002e+01 ; 1.0285695e+02 
3.500e+01 ; 7.200e+00 ; 7.000e-01 ; 5.4657002e+01 ; 1.0286639e+02 
3.500e+01 ; 7.200e+00 ; 7.000e-01 ; 5.4913002e+01 ; 1.0287938e+02 
3.500e+01 ; 7.200e+00 ; 7.000e-01 ; 5.5250002e+01 ; 1.0288708e+02 
3.500e+01 ; 7.200e+00 ; 7.000e-01 ; 5.5250002e+01 ; 1.0288708e+02 
3.500e+01 ; 7.200e+00 ; 7.000e-01 ; 5.5251002e+01 ; 1.0288711e+02 
3.500e+01 ; 7.200e+00 ; 7.000e-01 ; 5.5252002e+01 ; 1.0288713e+02 
3.500e+01 ; 7.200e+00 ; 7.000e-01 ; 5.5253002e+01 ; 1.0288715e+02 
3.500e+01 ; 7.200e+00 ; 7.000e-01 ; 5.5255002e+01 ; 1.0288720e+02 
3.500e+01 ; 7.200e+00 ; 7.000e-01 ; 5.5259002e+01 ; 1.0288728e+02 
3.500e+01 ; 7.200e+00 ; 7.000e-01 ; 5.5267002e+01 ; 1.0288746e+02 
3.500e+01 ; 7.200e+00 ; 7.000e-01 ; 5.5283002e+01 ; 1.0288778e+02 
3.500e+01 ; 7.200e+00 ; 7.000e-01 ; 5.5315002e+01 ; 1.0288834e+02 
3.500e+01 ; 7.200e+00 ; 7.000e-01 ; 5.5379002e+01 ; 1.0288914e+02 
3.500e+01 ; 7.200e+00 ; 7.000e-01 ; 5.5507002e+01 ; 1.0288946e+02 
3.500e+01 ; 7.200e+00 ; 7.000e-01 ; 5.5763002e+01 ; 1.0288538e+02 
3.500e+01 ; 7.200e+00 ; 7.000e-01 ; 5.6100002e+01 ; 1.0287260e+02 
3.500e+01 ; 7.200e+00 ; 7.000e-01 ; 5.6100002e+01 ; 1.0287260e+02 
3.500e+01 ; 7.200e+00 ; 7.000e-01 ; 5.6101002e+01 ; 1.0287256e+02 
3.500e+01 ; 7.200e+00 ; 7.000e-01 ; 5.6102002e+01 ; 1.0287252e+02 
3.500e+01 ; 7.200e+00 ; 7.000e-01 ; 5.6103002e+01 ; 1.0287248e+02 
3.500e+01 ; 7.200e+00 ; 7.000e-01 ; 5.6105002e+01 ; 1.0287241e+02 
3.500e+01 ; 7.200e+00 ; 7.000e-01 ; 5.6109002e+01 ; 1.0287225e+02 
3.500e+01 ; 7.200e+00 ; 7.000e-01 ; 5.6117002e+01 ; 1.0287194e+02 
3.500e+01 ; 7.200e+00 ; 7.000e-01 ; 5.6133002e+01 ; 1.0287130e+02 
3.500e+01 ; 7.200e+00 ; 7.000e-01 ; 5.6165002e+01 ; 1.0286995e+02 
3.500e+01 ; 7.200e+00 ; 7.000e-01 ; 5.6229002e+01 ; 1.0286700e+02 
3.500e+01 ; 7.200e+00 ; 7.000e-01 ; 5.6357002e+01 ; 1.0286010e+02 
3.500e+01 ; 7.200e+00 ; 7.000e-01 ; 5.6613002e+01 ; 1.0284270e+02 
3.500e+01 ; 7.200e+00 ; 7.000e-01 ; 5.6950002e+01 ; 1.0281425e+02 
3.500e+01 ; 7.200e+00 ; 7.000e-01 ; 5.6950002e+01 ; 1.0281425e+02 
3.500e+01 ; 7.200e+00 ; 7.000e-01 ; 5.6951002e+01 ; 1.0281417e+02 
3.500e+01 ; 7.200e+00 ; 7.000e-01 ; 5.6952002e+01 ; 1.0281409e+02 
3.500e+01 ; 7.200e+00 ; 7.000e-01 ; 5.6953002e+01 ; 1.0281400e+02 
3.500e+01 ; 7.200e+00 ; 7.000e-01 ; 5.6955002e+01 ; 1.0281384e+02 
3.500e+01 ; 7.200e+00 ; 7.000e-01 ; 5.6959002e+01 ; 1.0281350e+02 
3.500e+01 ; 7.200e+00 ; 7.000e-01 ; 5.6967002e+01 ; 1.0281281e+02 
3.500e+01 ; 7.200e+00 ; 7.000e-01 ; 5.6983002e+01 ; 1.0281144e+02 
3.500e+01 ; 7.200e+00 ; 7.000e-01 ; 5.7015002e+01 ; 1.0280864e+02 
3.500e+01 ; 7.200e+00 ; 7.000e-01 ; 5.7079002e+01 ; 1.0280285e+02 
3.500e+01 ; 7.200e+00 ; 7.000e-01 ; 5.7207002e+01 ; 1.0279056e+02 
3.500e+01 ; 7.200e+00 ; 7.000e-01 ; 5.7463002e+01 ; 1.0276348e+02 
3.500e+01 ; 7.200e+00 ; 7.000e-01 ; 5.7800002e+01 ; 1.0272437e+02 
3.500e+01 ; 7.200e+00 ; 7.000e-01 ; 5.7800002e+01 ; 1.0272437e+02 
3.500e+01 ; 7.200e+00 ; 7.000e-01 ; 5.7801002e+01 ; 1.0272425e+02 
3.500e+01 ; 7.200e+00 ; 7.000e-01 ; 5.7802002e+01 ; 1.0272414e+02 
3.500e+01 ; 7.200e+00 ; 7.000e-01 ; 5.7803002e+01 ; 1.0272401e+02 
3.500e+01 ; 7.200e+00 ; 7.000e-01 ; 5.7805002e+01 ; 1.0272379e+02 
3.500e+01 ; 7.200e+00 ; 7.000e-01 ; 5.7809002e+01 ; 1.0272332e+02 
3.500e+01 ; 7.200e+00 ; 7.000e-01 ; 5.7817002e+01 ; 1.0272239e+02 
3.500e+01 ; 7.200e+00 ; 7.000e-01 ; 5.7833002e+01 ; 1.0272051e+02 
3.500e+01 ; 7.200e+00 ; 7.000e-01 ; 5.7865002e+01 ; 1.0271674e+02 
3.500e+01 ; 7.200e+00 ; 7.000e-01 ; 5.7929002e+01 ; 1.0270908e+02 
3.500e+01 ; 7.200e+00 ; 7.000e-01 ; 5.8057002e+01 ; 1.0269334e+02 
3.500e+01 ; 7.200e+00 ; 7.000e-01 ; 5.8313002e+01 ; 1.0266079e+02 
3.500e+01 ; 7.200e+00 ; 7.000e-01 ; 5.8650002e+01 ; 1.0261716e+02 
3.500e+01 ; 7.200e+00 ; 7.000e-01 ; 5.8650002e+01 ; 1.0261716e+02 
3.500e+01 ; 7.200e+00 ; 7.000e-01 ; 5.8651002e+01 ; 1.0261703e+02 
3.500e+01 ; 7.200e+00 ; 7.000e-01 ; 5.8652002e+01 ; 1.0261690e+02 
3.500e+01 ; 7.200e+00 ; 7.000e-01 ; 5.8653002e+01 ; 1.0261677e+02 
3.500e+01 ; 7.200e+00 ; 7.000e-01 ; 5.8655002e+01 ; 1.0261651e+02 
3.500e+01 ; 7.200e+00 ; 7.000e-01 ; 5.8659002e+01 ; 1.0261599e+02 
3.500e+01 ; 7.200e+00 ; 7.000e-01 ; 5.8667002e+01 ; 1.0261495e+02 
3.500e+01 ; 7.200e+00 ; 7.000e-01 ; 5.8683002e+01 ; 1.0261288e+02 
3.500e+01 ; 7.200e+00 ; 7.000e-01 ; 5.8715002e+01 ; 1.0260872e+02 
3.500e+01 ; 7.200e+00 ; 7.000e-01 ; 5.8779002e+01 ; 1.0260040e+02 
3.500e+01 ; 7.200e+00 ; 7.000e-01 ; 5.8907002e+01 ; 1.0258378e+02 
3.500e+01 ; 7.200e+00 ; 7.000e-01 ; 5.9163002e+01 ; 1.0255128e+02 
3.500e+01 ; 7.200e+00 ; 7.000e-01 ; 5.9500002e+01 ; 1.0251118e+02 
3.500e+01 ; 7.200e+00 ; 7.000e-01 ; 5.9500002e+01 ; 1.0251118e+02 
3.500e+01 ; 7.200e+00 ; 7.000e-01 ; 5.9501002e+01 ; 1.0251106e+02 
3.500e+01 ; 7.200e+00 ; 7.000e-01 ; 5.9502002e+01 ; 1.0251095e+02 
3.500e+01 ; 7.200e+00 ; 7.000e-01 ; 5.9503002e+01 ; 1.0251083e+02 
3.500e+01 ; 7.200e+00 ; 7.000e-01 ; 5.9505002e+01 ; 1.0251059e+02 
3.500e+01 ; 7.200e+00 ; 7.000e-01 ; 5.9509002e+01 ; 1.0251012e+02 
3.500e+01 ; 7.200e+00 ; 7.000e-01 ; 5.9517002e+01 ; 1.0250916e+02 
3.500e+01 ; 7.200e+00 ; 7.000e-01 ; 5.9533002e+01 ; 1.0250728e+02 
3.500e+01 ; 7.200e+00 ; 7.000e-01 ; 5.9565002e+01 ; 1.0250352e+02 
3.500e+01 ; 7.200e+00 ; 7.000e-01 ; 5.9629002e+01 ; 1.0249612e+02 
3.500e+01 ; 7.200e+00 ; 7.000e-01 ; 5.9757002e+01 ; 1.0248188e+02 
3.500e+01 ; 7.200e+00 ; 7.000e-01 ; 6.0013002e+01 ; 1.0245623e+02 
3.500e+01 ; 7.200e+00 ; 7.000e-01 ; 6.0350002e+01 ; 1.0242866e+02 
3.500e+01 ; 7.200e+00 ; 7.000e-01 ; 6.0350002e+01 ; 1.0242866e+02 
3.500e+01 ; 7.200e+00 ; 7.000e-01 ; 6.0351002e+01 ; 1.0242858e+02 
3.500e+01 ; 7.200e+00 ; 7.000e-01 ; 6.0352002e+01 ; 1.0242850e+02 
3.500e+01 ; 7.200e+00 ; 7.000e-01 ; 6.0353002e+01 ; 1.0242841e+02 
3.500e+01 ; 7.200e+00 ; 7.000e-01 ; 6.0355002e+01 ; 1.0242825e+02 
3.500e+01 ; 7.200e+00 ; 7.000e-01 ; 6.0359002e+01 ; 1.0242793e+02 
3.500e+01 ; 7.200e+00 ; 7.000e-01 ; 6.0367002e+01 ; 1.0242728e+02 
3.500e+01 ; 7.200e+00 ; 7.000e-01 ; 6.0383002e+01 ; 1.0242600e+02 
3.500e+01 ; 7.200e+00 ; 7.000e-01 ; 6.0415002e+01 ; 1.0242350e+02 
3.500e+01 ; 7.200e+00 ; 7.000e-01 ; 6.0479002e+01 ; 1.0241873e+02 
3.500e+01 ; 7.200e+00 ; 7.000e-01 ; 6.0607002e+01 ; 1.0241024e+02 
3.500e+01 ; 7.200e+00 ; 7.000e-01 ; 6.0863002e+01 ; 1.0239778e+02 
3.500e+01 ; 7.200e+00 ; 7.000e-01 ; 6.1200002e+01 ; 1.0238992e+02 
3.500e+01 ; 7.200e+00 ; 7.000e-01 ; 6.1200002e+01 ; 1.0238992e+02 
3.500e+01 ; 7.200e+00 ; 7.000e-01 ; 6.1201002e+01 ; 1.0238990e+02 
3.500e+01 ; 7.200e+00 ; 7.000e-01 ; 6.1202002e+01 ; 1.0238988e+02 
3.500e+01 ; 7.200e+00 ; 7.000e-01 ; 6.1203002e+01 ; 1.0238985e+02 
3.500e+01 ; 7.200e+00 ; 7.000e-01 ; 6.1205002e+01 ; 1.0238981e+02 
3.500e+01 ; 7.200e+00 ; 7.000e-01 ; 6.1209002e+01 ; 1.0238972e+02 
3.500e+01 ; 7.200e+00 ; 7.000e-01 ; 6.1217002e+01 ; 1.0238954e+02 
3.500e+01 ; 7.200e+00 ; 7.000e-01 ; 6.1233002e+01 ; 1.0238921e+02 
3.500e+01 ; 7.200e+00 ; 7.000e-01 ; 6.1265002e+01 ; 1.0238862e+02 
3.500e+01 ; 7.200e+00 ; 7.000e-01 ; 6.1329002e+01 ; 1.0238776e+02 
3.500e+01 ; 7.200e+00 ; 7.000e-01 ; 6.1457002e+01 ; 1.0238732e+02 
3.500e+01 ; 7.200e+00 ; 7.000e-01 ; 6.1713002e+01 ; 1.0239167e+02 
3.500e+01 ; 7.200e+00 ; 7.000e-01 ; 6.2050002e+01 ; 1.0240627e+02 
3.500e+01 ; 7.200e+00 ; 7.000e-01 ; 6.2050002e+01 ; 1.0240627e+02 
3.500e+01 ; 7.200e+00 ; 7.000e-01 ; 6.2051002e+01 ; 1.0240631e+02 
3.500e+01 ; 7.200e+00 ; 7.000e-01 ; 6.2052002e+01 ; 1.0240635e+02 
3.500e+01 ; 7.200e+00 ; 7.000e-01 ; 6.2053002e+01 ; 1.0240639e+02 
3.500e+01 ; 7.200e+00 ; 7.000e-01 ; 6.2055002e+01 ; 1.0240649e+02 
3.500e+01 ; 7.200e+00 ; 7.000e-01 ; 6.2059002e+01 ; 1.0240666e+02 
3.500e+01 ; 7.200e+00 ; 7.000e-01 ; 6.2067002e+01 ; 1.0240701e+02 
3.500e+01 ; 7.200e+00 ; 7.000e-01 ; 6.2083002e+01 ; 1.0240775e+02 
3.500e+01 ; 7.200e+00 ; 7.000e-01 ; 6.2115002e+01 ; 1.0240930e+02 
3.500e+01 ; 7.200e+00 ; 7.000e-01 ; 6.2179002e+01 ; 1.0241271e+02 
3.500e+01 ; 7.200e+00 ; 7.000e-01 ; 6.2307002e+01 ; 1.0242078e+02 
3.500e+01 ; 7.200e+00 ; 7.000e-01 ; 6.2563002e+01 ; 1.0244163e+02 
3.500e+01 ; 7.200e+00 ; 7.000e-01 ; 6.2900002e+01 ; 1.0247643e+02 
3.500e+01 ; 7.200e+00 ; 7.000e-01 ; 6.2900002e+01 ; 1.0247643e+02 
3.500e+01 ; 7.200e+00 ; 7.000e-01 ; 6.2901002e+01 ; 1.0247653e+02 
3.500e+01 ; 7.200e+00 ; 7.000e-01 ; 6.2902002e+01 ; 1.0247663e+02 
3.500e+01 ; 7.200e+00 ; 7.000e-01 ; 6.2903002e+01 ; 1.0247674e+02 
3.500e+01 ; 7.200e+00 ; 7.000e-01 ; 6.2905002e+01 ; 1.0247694e+02 
3.500e+01 ; 7.200e+00 ; 7.000e-01 ; 6.2909002e+01 ; 1.0247736e+02 
3.500e+01 ; 7.200e+00 ; 7.000e-01 ; 6.2917002e+01 ; 1.0247820e+02 
3.500e+01 ; 7.200e+00 ; 7.000e-01 ; 6.2933002e+01 ; 1.0247988e+02 
3.500e+01 ; 7.200e+00 ; 7.000e-01 ; 6.2965002e+01 ; 1.0248331e+02 
3.500e+01 ; 7.200e+00 ; 7.000e-01 ; 6.3029002e+01 ; 1.0249044e+02 
3.500e+01 ; 7.200e+00 ; 7.000e-01 ; 6.3157002e+01 ; 1.0250565e+02 
3.500e+01 ; 7.200e+00 ; 7.000e-01 ; 6.3413002e+01 ; 1.0253947e+02 
3.500e+01 ; 7.200e+00 ; 7.000e-01 ; 6.3750002e+01 ; 1.0258878e+02 
3.500e+01 ; 7.200e+00 ; 7.000e-01 ; 6.3750002e+01 ; 1.0258878e+02 
3.500e+01 ; 7.200e+00 ; 7.000e-01 ; 6.3751002e+01 ; 1.0258893e+02 
3.500e+01 ; 7.200e+00 ; 7.000e-01 ; 6.3752002e+01 ; 1.0258907e+02 
3.500e+01 ; 7.200e+00 ; 7.000e-01 ; 6.3753002e+01 ; 1.0258923e+02 
3.500e+01 ; 7.200e+00 ; 7.000e-01 ; 6.3755002e+01 ; 1.0258952e+02 
3.500e+01 ; 7.200e+00 ; 7.000e-01 ; 6.3759002e+01 ; 1.0259010e+02 
3.500e+01 ; 7.200e+00 ; 7.000e-01 ; 6.3767002e+01 ; 1.0259128e+02 
3.500e+01 ; 7.200e+00 ; 7.000e-01 ; 6.3783002e+01 ; 1.0259364e+02 
3.500e+01 ; 7.200e+00 ; 7.000e-01 ; 6.3815002e+01 ; 1.0259841e+02 
3.500e+01 ; 7.200e+00 ; 7.000e-01 ; 6.3879002e+01 ; 1.0260810e+02 
3.500e+01 ; 7.200e+00 ; 7.000e-01 ; 6.4007002e+01 ; 1.0262806e+02 
3.500e+01 ; 7.200e+00 ; 7.000e-01 ; 6.4263002e+01 ; 1.0266976e+02 
3.500e+01 ; 7.200e+00 ; 7.000e-01 ; 6.4600002e+01 ; 1.0272674e+02 
3.500e+01 ; 7.200e+00 ; 7.000e-01 ; 6.4600002e+01 ; 1.0272674e+02 
3.500e+01 ; 7.200e+00 ; 7.000e-01 ; 6.4601002e+01 ; 1.0272691e+02 
3.500e+01 ; 7.200e+00 ; 7.000e-01 ; 6.4602002e+01 ; 1.0272707e+02 
3.500e+01 ; 7.200e+00 ; 7.000e-01 ; 6.4603002e+01 ; 1.0272724e+02 
3.500e+01 ; 7.200e+00 ; 7.000e-01 ; 6.4605002e+01 ; 1.0272758e+02 
3.500e+01 ; 7.200e+00 ; 7.000e-01 ; 6.4609002e+01 ; 1.0272826e+02 
3.500e+01 ; 7.200e+00 ; 7.000e-01 ; 6.4617002e+01 ; 1.0272961e+02 
3.500e+01 ; 7.200e+00 ; 7.000e-01 ; 6.4633002e+01 ; 1.0273233e+02 
3.500e+01 ; 7.200e+00 ; 7.000e-01 ; 6.4665002e+01 ; 1.0273778e+02 
3.500e+01 ; 7.200e+00 ; 7.000e-01 ; 6.4729002e+01 ; 1.0274873e+02 
3.500e+01 ; 7.200e+00 ; 7.000e-01 ; 6.4857002e+01 ; 1.0277081e+02 
3.500e+01 ; 7.200e+00 ; 7.000e-01 ; 6.5113002e+01 ; 1.0281532e+02 
3.500e+01 ; 7.200e+00 ; 7.000e-01 ; 6.5450002e+01 ; 1.0287366e+02 
3.500e+01 ; 7.200e+00 ; 7.000e-01 ; 6.5450002e+01 ; 1.0287366e+02 
3.500e+01 ; 7.200e+00 ; 7.000e-01 ; 6.5451002e+01 ; 1.0287383e+02 
3.500e+01 ; 7.200e+00 ; 7.000e-01 ; 6.5452002e+01 ; 1.0287400e+02 
3.500e+01 ; 7.200e+00 ; 7.000e-01 ; 6.5453002e+01 ; 1.0287418e+02 
3.500e+01 ; 7.200e+00 ; 7.000e-01 ; 6.5455002e+01 ; 1.0287452e+02 
3.500e+01 ; 7.200e+00 ; 7.000e-01 ; 6.5459002e+01 ; 1.0287521e+02 
3.500e+01 ; 7.200e+00 ; 7.000e-01 ; 6.5467002e+01 ; 1.0287660e+02 
3.500e+01 ; 7.200e+00 ; 7.000e-01 ; 6.5483002e+01 ; 1.0287936e+02 
3.500e+01 ; 7.200e+00 ; 7.000e-01 ; 6.5515002e+01 ; 1.0288490e+02 
3.500e+01 ; 7.200e+00 ; 7.000e-01 ; 6.5579002e+01 ; 1.0289594e+02 
3.500e+01 ; 7.200e+00 ; 7.000e-01 ; 6.5707002e+01 ; 1.0291790e+02 
3.500e+01 ; 7.200e+00 ; 7.000e-01 ; 6.5963002e+01 ; 1.0296102e+02 
3.500e+01 ; 7.200e+00 ; 7.000e-01 ; 6.6300002e+01 ; 1.0301579e+02 
3.500e+01 ; 7.200e+00 ; 7.000e-01 ; 6.6300002e+01 ; 1.0301579e+02 
3.500e+01 ; 7.200e+00 ; 7.000e-01 ; 6.6301002e+01 ; 1.0301596e+02 
3.500e+01 ; 7.200e+00 ; 7.000e-01 ; 6.6302002e+01 ; 1.0301612e+02 
3.500e+01 ; 7.200e+00 ; 7.000e-01 ; 6.6303002e+01 ; 1.0301628e+02 
3.500e+01 ; 7.200e+00 ; 7.000e-01 ; 6.6305002e+01 ; 1.0301661e+02 
3.500e+01 ; 7.200e+00 ; 7.000e-01 ; 6.6309002e+01 ; 1.0301726e+02 
3.500e+01 ; 7.200e+00 ; 7.000e-01 ; 6.6317002e+01 ; 1.0301855e+02 
3.500e+01 ; 7.200e+00 ; 7.000e-01 ; 6.6333002e+01 ; 1.0302115e+02 
3.500e+01 ; 7.200e+00 ; 7.000e-01 ; 6.6365002e+01 ; 1.0302631e+02 
3.500e+01 ; 7.200e+00 ; 7.000e-01 ; 6.6429002e+01 ; 1.0303655e+02 
3.500e+01 ; 7.200e+00 ; 7.000e-01 ; 6.6557002e+01 ; 1.0305670e+02 
3.500e+01 ; 7.200e+00 ; 7.000e-01 ; 6.6813002e+01 ; 1.0309542e+02 
3.500e+01 ; 7.200e+00 ; 7.000e-01 ; 6.7150002e+01 ; 1.0314330e+02 
3.500e+01 ; 7.200e+00 ; 7.000e-01 ; 6.7150002e+01 ; 1.0314330e+02 
3.500e+01 ; 7.200e+00 ; 7.000e-01 ; 6.7151002e+01 ; 1.0314345e+02 
3.500e+01 ; 7.200e+00 ; 7.000e-01 ; 6.7152002e+01 ; 1.0314359e+02 
3.500e+01 ; 7.200e+00 ; 7.000e-01 ; 6.7153002e+01 ; 1.0314373e+02 
3.500e+01 ; 7.200e+00 ; 7.000e-01 ; 6.7155002e+01 ; 1.0314402e+02 
3.500e+01 ; 7.200e+00 ; 7.000e-01 ; 6.7159002e+01 ; 1.0314458e+02 
3.500e+01 ; 7.200e+00 ; 7.000e-01 ; 6.7167002e+01 ; 1.0314571e+02 
3.500e+01 ; 7.200e+00 ; 7.000e-01 ; 6.7183002e+01 ; 1.0314798e+02 
3.500e+01 ; 7.200e+00 ; 7.000e-01 ; 6.7215002e+01 ; 1.0315247e+02 
3.500e+01 ; 7.200e+00 ; 7.000e-01 ; 6.7279002e+01 ; 1.0316133e+02 
3.500e+01 ; 7.200e+00 ; 7.000e-01 ; 6.7407002e+01 ; 1.0317857e+02 
3.500e+01 ; 7.200e+00 ; 7.000e-01 ; 6.7663002e+01 ; 1.0321104e+02 
3.500e+01 ; 7.200e+00 ; 7.000e-01 ; 6.8000002e+01 ; 1.0325012e+02 
3.500e+01 ; 7.200e+00 ; 7.000e-01 ; 6.8000002e+01 ; 1.0325012e+02 
3.500e+01 ; 7.200e+00 ; 7.000e-01 ; 6.8001002e+01 ; 1.0325024e+02 
3.500e+01 ; 7.200e+00 ; 7.000e-01 ; 6.8002002e+01 ; 1.0325036e+02 
3.500e+01 ; 7.200e+00 ; 7.000e-01 ; 6.8003002e+01 ; 1.0325047e+02 
3.500e+01 ; 7.200e+00 ; 7.000e-01 ; 6.8005002e+01 ; 1.0325070e+02 
3.500e+01 ; 7.200e+00 ; 7.000e-01 ; 6.8009002e+01 ; 1.0325117e+02 
3.500e+01 ; 7.200e+00 ; 7.000e-01 ; 6.8017002e+01 ; 1.0325209e+02 
3.500e+01 ; 7.200e+00 ; 7.000e-01 ; 6.8033002e+01 ; 1.0325393e+02 
3.500e+01 ; 7.200e+00 ; 7.000e-01 ; 6.8065002e+01 ; 1.0325758e+02 
3.500e+01 ; 7.200e+00 ; 7.000e-01 ; 6.8129002e+01 ; 1.0326472e+02 
3.500e+01 ; 7.200e+00 ; 7.000e-01 ; 6.8257002e+01 ; 1.0327849e+02 
3.500e+01 ; 7.200e+00 ; 7.000e-01 ; 6.8513002e+01 ; 1.0330381e+02 
3.500e+01 ; 7.200e+00 ; 7.000e-01 ; 6.8850002e+01 ; 1.0333330e+02 
3.500e+01 ; 7.200e+00 ; 7.000e-01 ; 6.8850002e+01 ; 1.0333330e+02 
3.500e+01 ; 7.200e+00 ; 7.000e-01 ; 6.8851002e+01 ; 1.0333339e+02 
3.500e+01 ; 7.200e+00 ; 7.000e-01 ; 6.8852002e+01 ; 1.0333347e+02 
3.500e+01 ; 7.200e+00 ; 7.000e-01 ; 6.8853002e+01 ; 1.0333356e+02 
3.500e+01 ; 7.200e+00 ; 7.000e-01 ; 6.8855002e+01 ; 1.0333373e+02 
3.500e+01 ; 7.200e+00 ; 7.000e-01 ; 6.8859002e+01 ; 1.0333408e+02 
3.500e+01 ; 7.200e+00 ; 7.000e-01 ; 6.8867002e+01 ; 1.0333478e+02 
3.500e+01 ; 7.200e+00 ; 7.000e-01 ; 6.8883002e+01 ; 1.0333616e+02 
3.500e+01 ; 7.200e+00 ; 7.000e-01 ; 6.8915002e+01 ; 1.0333889e+02 
3.500e+01 ; 7.200e+00 ; 7.000e-01 ; 6.8979002e+01 ; 1.0334422e+02 
3.500e+01 ; 7.200e+00 ; 7.000e-01 ; 6.9107002e+01 ; 1.0335430e+02 
3.500e+01 ; 7.200e+00 ; 7.000e-01 ; 6.9363002e+01 ; 1.0337228e+02 
3.500e+01 ; 7.200e+00 ; 7.000e-01 ; 6.9700002e+01 ; 1.0339222e+02 
3.500e+01 ; 7.200e+00 ; 7.000e-01 ; 6.9700002e+01 ; 1.0339222e+02 
3.500e+01 ; 7.200e+00 ; 7.000e-01 ; 6.9701002e+01 ; 1.0339228e+02 
3.500e+01 ; 7.200e+00 ; 7.000e-01 ; 6.9702002e+01 ; 1.0339234e+02 
3.500e+01 ; 7.200e+00 ; 7.000e-01 ; 6.9703002e+01 ; 1.0339240e+02 
3.500e+01 ; 7.200e+00 ; 7.000e-01 ; 6.9705002e+01 ; 1.0339252e+02 
3.500e+01 ; 7.200e+00 ; 7.000e-01 ; 6.9709002e+01 ; 1.0339275e+02 
3.500e+01 ; 7.200e+00 ; 7.000e-01 ; 6.9717002e+01 ; 1.0339322e+02 
3.500e+01 ; 7.200e+00 ; 7.000e-01 ; 6.9733002e+01 ; 1.0339415e+02 
3.500e+01 ; 7.200e+00 ; 7.000e-01 ; 6.9765002e+01 ; 1.0339597e+02 
3.500e+01 ; 7.200e+00 ; 7.000e-01 ; 6.9829002e+01 ; 1.0339950e+02 
3.500e+01 ; 7.200e+00 ; 7.000e-01 ; 6.9957002e+01 ; 1.0340601e+02 
3.500e+01 ; 7.200e+00 ; 7.000e-01 ; 7.0213002e+01 ; 1.0341697e+02 
3.500e+01 ; 7.200e+00 ; 7.000e-01 ; 7.0550002e+01 ; 1.0342802e+02 
3.500e+01 ; 7.200e+00 ; 7.000e-01 ; 7.0550002e+01 ; 1.0342802e+02 
3.500e+01 ; 7.200e+00 ; 7.000e-01 ; 7.0551002e+01 ; 1.0342805e+02 
3.500e+01 ; 7.200e+00 ; 7.000e-01 ; 7.0552002e+01 ; 1.0342809e+02 
3.500e+01 ; 7.200e+00 ; 7.000e-01 ; 7.0553002e+01 ; 1.0342812e+02 
3.500e+01 ; 7.200e+00 ; 7.000e-01 ; 7.0555002e+01 ; 1.0342818e+02 
3.500e+01 ; 7.200e+00 ; 7.000e-01 ; 7.0559002e+01 ; 1.0342831e+02 
3.500e+01 ; 7.200e+00 ; 7.000e-01 ; 7.0567002e+01 ; 1.0342857e+02 
3.500e+01 ; 7.200e+00 ; 7.000e-01 ; 7.0583002e+01 ; 1.0342908e+02 
3.500e+01 ; 7.200e+00 ; 7.000e-01 ; 7.0615002e+01 ; 1.0343008e+02 
3.500e+01 ; 7.200e+00 ; 7.000e-01 ; 7.0679002e+01 ; 1.0343193e+02 
3.500e+01 ; 7.200e+00 ; 7.000e-01 ; 7.0807002e+01 ; 1.0343517e+02 
3.500e+01 ; 7.200e+00 ; 7.000e-01 ; 7.1063002e+01 ; 1.0343988e+02 
3.500e+01 ; 7.200e+00 ; 7.000e-01 ; 7.1400002e+01 ; 1.0344324e+02 
3.500e+01 ; 7.200e+00 ; 7.000e-01 ; 7.1400002e+01 ; 1.0344324e+02 
3.500e+01 ; 7.200e+00 ; 7.000e-01 ; 7.1401002e+01 ; 1.0344326e+02 
3.500e+01 ; 7.200e+00 ; 7.000e-01 ; 7.1402002e+01 ; 1.0344327e+02 
3.500e+01 ; 7.200e+00 ; 7.000e-01 ; 7.1403002e+01 ; 1.0344328e+02 
3.500e+01 ; 7.200e+00 ; 7.000e-01 ; 7.1405002e+01 ; 1.0344330e+02 
3.500e+01 ; 7.200e+00 ; 7.000e-01 ; 7.1409002e+01 ; 1.0344334e+02 
3.500e+01 ; 7.200e+00 ; 7.000e-01 ; 7.1417002e+01 ; 1.0344341e+02 
3.500e+01 ; 7.200e+00 ; 7.000e-01 ; 7.1433002e+01 ; 1.0344356e+02 
3.500e+01 ; 7.200e+00 ; 7.000e-01 ; 7.1465002e+01 ; 1.0344382e+02 
3.500e+01 ; 7.200e+00 ; 7.000e-01 ; 7.1529002e+01 ; 1.0344427e+02 
3.500e+01 ; 7.200e+00 ; 7.000e-01 ; 7.1657002e+01 ; 1.0344476e+02 
3.500e+01 ; 7.200e+00 ; 7.000e-01 ; 7.1913002e+01 ; 1.0344437e+02 
3.500e+01 ; 7.200e+00 ; 7.000e-01 ; 7.2250002e+01 ; 1.0344178e+02 
3.500e+01 ; 7.200e+00 ; 7.000e-01 ; 7.2250002e+01 ; 1.0344178e+02 
3.500e+01 ; 7.200e+00 ; 7.000e-01 ; 7.2251002e+01 ; 1.0344177e+02 
3.500e+01 ; 7.200e+00 ; 7.000e-01 ; 7.2252002e+01 ; 1.0344176e+02 
3.500e+01 ; 7.200e+00 ; 7.000e-01 ; 7.2253002e+01 ; 1.0344176e+02 
3.500e+01 ; 7.200e+00 ; 7.000e-01 ; 7.2255002e+01 ; 1.0344174e+02 
3.500e+01 ; 7.200e+00 ; 7.000e-01 ; 7.2259002e+01 ; 1.0344171e+02 
3.500e+01 ; 7.200e+00 ; 7.000e-01 ; 7.2267002e+01 ; 1.0344164e+02 
3.500e+01 ; 7.200e+00 ; 7.000e-01 ; 7.2283002e+01 ; 1.0344151e+02 
3.500e+01 ; 7.200e+00 ; 7.000e-01 ; 7.2315002e+01 ; 1.0344123e+02 
3.500e+01 ; 7.200e+00 ; 7.000e-01 ; 7.2379002e+01 ; 1.0344059e+02 
3.500e+01 ; 7.200e+00 ; 7.000e-01 ; 7.2507002e+01 ; 1.0343906e+02 
3.500e+01 ; 7.200e+00 ; 7.000e-01 ; 7.2763002e+01 ; 1.0343510e+02 
3.500e+01 ; 7.200e+00 ; 7.000e-01 ; 7.3100002e+01 ; 1.0342873e+02 
3.500e+01 ; 7.200e+00 ; 7.000e-01 ; 7.3100002e+01 ; 1.0342873e+02 
3.500e+01 ; 7.200e+00 ; 7.000e-01 ; 7.3101002e+01 ; 1.0342871e+02 
3.500e+01 ; 7.200e+00 ; 7.000e-01 ; 7.3102002e+01 ; 1.0342870e+02 
3.500e+01 ; 7.200e+00 ; 7.000e-01 ; 7.3103002e+01 ; 1.0342867e+02 
3.500e+01 ; 7.200e+00 ; 7.000e-01 ; 7.3105002e+01 ; 1.0342863e+02 
3.500e+01 ; 7.200e+00 ; 7.000e-01 ; 7.3109002e+01 ; 1.0342856e+02 
3.500e+01 ; 7.200e+00 ; 7.000e-01 ; 7.3117002e+01 ; 1.0342841e+02 
3.500e+01 ; 7.200e+00 ; 7.000e-01 ; 7.3133002e+01 ; 1.0342810e+02 
3.500e+01 ; 7.200e+00 ; 7.000e-01 ; 7.3165002e+01 ; 1.0342747e+02 
3.500e+01 ; 7.200e+00 ; 7.000e-01 ; 7.3229002e+01 ; 1.0342619e+02 
3.500e+01 ; 7.200e+00 ; 7.000e-01 ; 7.3357002e+01 ; 1.0342348e+02 
3.500e+01 ; 7.200e+00 ; 7.000e-01 ; 7.3613002e+01 ; 1.0341773e+02 
3.500e+01 ; 7.200e+00 ; 7.000e-01 ; 7.3950002e+01 ; 1.0340990e+02 
3.500e+01 ; 7.200e+00 ; 7.000e-01 ; 7.3950002e+01 ; 1.0340990e+02 
3.500e+01 ; 7.200e+00 ; 7.000e-01 ; 7.3951002e+01 ; 1.0340987e+02 
3.500e+01 ; 7.200e+00 ; 7.000e-01 ; 7.3952002e+01 ; 1.0340985e+02 
3.500e+01 ; 7.200e+00 ; 7.000e-01 ; 7.3953002e+01 ; 1.0340983e+02 
3.500e+01 ; 7.200e+00 ; 7.000e-01 ; 7.3955002e+01 ; 1.0340978e+02 
3.500e+01 ; 7.200e+00 ; 7.000e-01 ; 7.3959002e+01 ; 1.0340969e+02 
3.500e+01 ; 7.200e+00 ; 7.000e-01 ; 7.3967002e+01 ; 1.0340951e+02 
3.500e+01 ; 7.200e+00 ; 7.000e-01 ; 7.3983002e+01 ; 1.0340913e+02 
3.500e+01 ; 7.200e+00 ; 7.000e-01 ; 7.4015002e+01 ; 1.0340839e+02 
3.500e+01 ; 7.200e+00 ; 7.000e-01 ; 7.4079002e+01 ; 1.0340688e+02 
3.500e+01 ; 7.200e+00 ; 7.000e-01 ; 7.4207002e+01 ; 1.0340388e+02 
3.500e+01 ; 7.200e+00 ; 7.000e-01 ; 7.4463002e+01 ; 1.0339801e+02 
3.500e+01 ; 7.200e+00 ; 7.000e-01 ; 7.4800002e+01 ; 1.0339072e+02 
3.500e+01 ; 7.200e+00 ; 7.000e-01 ; 7.4800002e+01 ; 1.0339072e+02 
3.500e+01 ; 7.200e+00 ; 7.000e-01 ; 7.4801002e+01 ; 1.0339070e+02 
3.500e+01 ; 7.200e+00 ; 7.000e-01 ; 7.4802002e+01 ; 1.0339069e+02 
3.500e+01 ; 7.200e+00 ; 7.000e-01 ; 7.4803002e+01 ; 1.0339066e+02 
3.500e+01 ; 7.200e+00 ; 7.000e-01 ; 7.4805002e+01 ; 1.0339062e+02 
3.500e+01 ; 7.200e+00 ; 7.000e-01 ; 7.4809002e+01 ; 1.0339053e+02 
3.500e+01 ; 7.200e+00 ; 7.000e-01 ; 7.4817002e+01 ; 1.0339036e+02 
3.500e+01 ; 7.200e+00 ; 7.000e-01 ; 7.4833002e+01 ; 1.0339001e+02 
3.500e+01 ; 7.200e+00 ; 7.000e-01 ; 7.4865002e+01 ; 1.0338934e+02 
3.500e+01 ; 7.200e+00 ; 7.000e-01 ; 7.4929002e+01 ; 1.0338799e+02 
3.500e+01 ; 7.200e+00 ; 7.000e-01 ; 7.5057002e+01 ; 1.0338538e+02 
3.500e+01 ; 7.200e+00 ; 7.000e-01 ; 7.5313002e+01 ; 1.0338061e+02 
3.500e+01 ; 7.200e+00 ; 7.000e-01 ; 7.5650002e+01 ; 1.0337514e+02 
3.500e+01 ; 7.200e+00 ; 7.000e-01 ; 7.5650002e+01 ; 1.0337514e+02 
3.500e+01 ; 7.200e+00 ; 7.000e-01 ; 7.5651002e+01 ; 1.0337512e+02 
3.500e+01 ; 7.200e+00 ; 7.000e-01 ; 7.5652002e+01 ; 1.0337511e+02 
3.500e+01 ; 7.200e+00 ; 7.000e-01 ; 7.5653002e+01 ; 1.0337509e+02 
3.500e+01 ; 7.200e+00 ; 7.000e-01 ; 7.5655002e+01 ; 1.0337506e+02 
3.500e+01 ; 7.200e+00 ; 7.000e-01 ; 7.5659002e+01 ; 1.0337499e+02 
3.500e+01 ; 7.200e+00 ; 7.000e-01 ; 7.5667002e+01 ; 1.0337486e+02 
3.500e+01 ; 7.200e+00 ; 7.000e-01 ; 7.5683002e+01 ; 1.0337461e+02 
3.500e+01 ; 7.200e+00 ; 7.000e-01 ; 7.5715002e+01 ; 1.0337411e+02 
3.500e+01 ; 7.200e+00 ; 7.000e-01 ; 7.5779002e+01 ; 1.0337313e+02 
3.500e+01 ; 7.200e+00 ; 7.000e-01 ; 7.5907002e+01 ; 1.0337130e+02 
3.500e+01 ; 7.200e+00 ; 7.000e-01 ; 7.6163002e+01 ; 1.0336815e+02 
3.500e+01 ; 7.200e+00 ; 7.000e-01 ; 7.6500002e+01 ; 1.0336483e+02 
3.500e+01 ; 7.200e+00 ; 7.000e-01 ; 7.6500002e+01 ; 1.0336483e+02 
3.500e+01 ; 7.200e+00 ; 7.000e-01 ; 7.6501002e+01 ; 1.0336482e+02 
3.500e+01 ; 7.200e+00 ; 7.000e-01 ; 7.6502002e+01 ; 1.0336481e+02 
3.500e+01 ; 7.200e+00 ; 7.000e-01 ; 7.6503002e+01 ; 1.0336480e+02 
3.500e+01 ; 7.200e+00 ; 7.000e-01 ; 7.6505002e+01 ; 1.0336478e+02 
3.500e+01 ; 7.200e+00 ; 7.000e-01 ; 7.6509002e+01 ; 1.0336475e+02 
3.500e+01 ; 7.200e+00 ; 7.000e-01 ; 7.6517002e+01 ; 1.0336466e+02 
3.500e+01 ; 7.200e+00 ; 7.000e-01 ; 7.6533002e+01 ; 1.0336451e+02 
3.500e+01 ; 7.200e+00 ; 7.000e-01 ; 7.6565002e+01 ; 1.0336421e+02 
3.500e+01 ; 7.200e+00 ; 7.000e-01 ; 7.6629002e+01 ; 1.0336364e+02 
3.500e+01 ; 7.200e+00 ; 7.000e-01 ; 7.6757002e+01 ; 1.0336260e+02 
3.500e+01 ; 7.200e+00 ; 7.000e-01 ; 7.7013002e+01 ; 1.0336093e+02 
3.500e+01 ; 7.200e+00 ; 7.000e-01 ; 7.7350002e+01 ; 1.0335925e+02 
3.500e+01 ; 7.200e+00 ; 7.000e-01 ; 7.7350002e+01 ; 1.0335925e+02 
3.500e+01 ; 7.200e+00 ; 7.000e-01 ; 7.7360002e+01 ; 1.0335919e+02 
3.500e+01 ; 7.200e+00 ; 7.000e-01 ; 7.7370002e+01 ; 1.0335915e+02 
3.500e+01 ; 7.200e+00 ; 7.000e-01 ; 7.7380002e+01 ; 1.0335909e+02 
3.500e+01 ; 7.200e+00 ; 7.000e-01 ; 7.7400002e+01 ; 1.0335900e+02 
3.500e+01 ; 7.200e+00 ; 7.000e-01 ; 7.7440002e+01 ; 1.0335882e+02 
3.500e+01 ; 7.200e+00 ; 7.000e-01 ; 7.7520002e+01 ; 1.0335847e+02 
3.500e+01 ; 7.200e+00 ; 7.000e-01 ; 7.7680002e+01 ; 1.0335786e+02 
3.500e+01 ; 7.200e+00 ; 7.000e-01 ; 7.8000002e+01 ; 1.0335681e+02 
3.500e+01 ; 7.200e+00 ; 7.000e-01 ; 7.8640002e+01 ; 1.0335393e+02 
3.500e+01 ; 7.200e+00 ; 7.000e-01 ; 7.9920002e+01 ; 1.0333615e+02 
3.500e+01 ; 7.200e+00 ; 7.000e-01 ; 8.1840002e+01 ; 1.0326717e+02 
3.500e+01 ; 7.200e+00 ; 7.000e-01 ; 8.2350002e+01 ; 1.0324566e+02