X ; Y ; Z ; time ; Temperature 
3.500e+01 ; 9.600e+00 ; 1.400e+00 ; 0.0000000e+00 ; 2.2200000e+02 
3.500e+01 ; 9.600e+00 ; 1.400e+00 ; 1.0000000e-03 ; 2.2200000e+02 
3.500e+01 ; 9.600e+00 ; 1.400e+00 ; 2.0000001e-03 ; 2.2200000e+02 
3.500e+01 ; 9.600e+00 ; 1.400e+00 ; 3.0000000e-03 ; 2.2200000e+02 
3.500e+01 ; 9.600e+00 ; 1.400e+00 ; 4.9999999e-03 ; 2.2200000e+02 
3.500e+01 ; 9.600e+00 ; 1.400e+00 ; 8.9999996e-03 ; 2.2200000e+02 
3.500e+01 ; 9.600e+00 ; 1.400e+00 ; 1.7000001e-02 ; 2.2200000e+02 
3.500e+01 ; 9.600e+00 ; 1.400e+00 ; 3.3000000e-02 ; 2.2200000e+02 
3.500e+01 ; 9.600e+00 ; 1.400e+00 ; 6.4999998e-02 ; 2.2200000e+02 
3.500e+01 ; 9.600e+00 ; 1.400e+00 ; 1.2899999e-01 ; 2.2200000e+02 
3.500e+01 ; 9.600e+00 ; 1.400e+00 ; 2.5700000e-01 ; 2.2200000e+02 
3.500e+01 ; 9.600e+00 ; 1.400e+00 ; 5.1300001e-01 ; 2.2200000e+02 
3.500e+01 ; 9.600e+00 ; 1.400e+00 ; 7.6899999e-01 ; 2.2200000e+02 
3.500e+01 ; 9.600e+00 ; 1.400e+00 ; 8.5000002e-01 ; 2.2200000e+02 
3.500e+01 ; 9.600e+00 ; 1.400e+00 ; 8.5000002e-01 ; 2.2200000e+02 
3.500e+01 ; 9.600e+00 ; 1.400e+00 ; 8.5100002e-01 ; 2.2200000e+02 
3.500e+01 ; 9.600e+00 ; 1.400e+00 ; 8.5200002e-01 ; 2.2200000e+02 
3.500e+01 ; 9.600e+00 ; 1.400e+00 ; 8.5300002e-01 ; 2.2200000e+02 
3.500e+01 ; 9.600e+00 ; 1.400e+00 ; 8.5500002e-01 ; 2.2200000e+02 
3.500e+01 ; 9.600e+00 ; 1.400e+00 ; 8.5900002e-01 ; 2.2200000e+02 
3.500e+01 ; 9.600e+00 ; 1.400e+00 ; 8.6700002e-01 ; 2.2200000e+02 
3.500e+01 ; 9.600e+00 ; 1.400e+00 ; 8.8300002e-01 ; 2.2200000e+02 
3.500e+01 ; 9.600e+00 ; 1.400e+00 ; 9.1500002e-01 ; 2.2200000e+02 
3.500e+01 ; 9.600e+00 ; 1.400e+00 ; 9.7900002e-01 ; 2.2200000e+02 
3.500e+01 ; 9.600e+00 ; 1.400e+00 ; 1.1070000e+00 ; 2.2200000e+02 
3.500e+01 ; 9.600e+00 ; 1.400e+00 ; 1.3630000e+00 ; 2.2200000e+02 
3.500e+01 ; 9.600e+00 ; 1.400e+00 ; 1.7000000e+00 ; 2.2200000e+02 
3.500e+01 ; 9.600e+00 ; 1.400e+00 ; 1.7000000e+00 ; 2.2200000e+02 
3.500e+01 ; 9.600e+00 ; 1.400e+00 ; 1.7010000e+00 ; 2.2200000e+02 
3.500e+01 ; 9.600e+00 ; 1.400e+00 ; 1.7020000e+00 ; 2.2200000e+02 
3.500e+01 ; 9.600e+00 ; 1.400e+00 ; 1.7030000e+00 ; 2.2200000e+02 
3.500e+01 ; 9.600e+00 ; 1.400e+00 ; 1.7050000e+00 ; 2.2200000e+02 
3.500e+01 ; 9.600e+00 ; 1.400e+00 ; 1.7090000e+00 ; 2.2200000e+02 
3.500e+01 ; 9.600e+00 ; 1.400e+00 ; 1.7170000e+00 ; 2.2200000e+02 
3.500e+01 ; 9.600e+00 ; 1.400e+00 ; 1.7330000e+00 ; 2.2200000e+02 
3.500e+01 ; 9.600e+00 ; 1.400e+00 ; 1.7650000e+00 ; 2.2200000e+02 
3.500e+01 ; 9.600e+00 ; 1.400e+00 ; 1.8290000e+00 ; 2.2200000e+02 
3.500e+01 ; 9.600e+00 ; 1.400e+00 ; 1.9570000e+00 ; 2.2200000e+02 
3.500e+01 ; 9.600e+00 ; 1.400e+00 ; 2.2130001e+00 ; 2.2200000e+02 
3.500e+01 ; 9.600e+00 ; 1.400e+00 ; 2.5500001e+00 ; 2.2200000e+02 
3.500e+01 ; 9.600e+00 ; 1.400e+00 ; 2.5500001e+00 ; 2.2200000e+02 
3.500e+01 ; 9.600e+00 ; 1.400e+00 ; 2.5510001e+00 ; 2.2200000e+02 
3.500e+01 ; 9.600e+00 ; 1.400e+00 ; 2.5520001e+00 ; 2.2200000e+02 
3.500e+01 ; 9.600e+00 ; 1.400e+00 ; 2.5530001e+00 ; 2.2200000e+02 
3.500e+01 ; 9.600e+00 ; 1.400e+00 ; 2.5550001e+00 ; 2.2200000e+02 
3.500e+01 ; 9.600e+00 ; 1.400e+00 ; 2.5590001e+00 ; 2.2200000e+02 
3.500e+01 ; 9.600e+00 ; 1.400e+00 ; 2.5670001e+00 ; 2.2200000e+02 
3.500e+01 ; 9.600e+00 ; 1.400e+00 ; 2.5830001e+00 ; 2.2200000e+02 
3.500e+01 ; 9.600e+00 ; 1.400e+00 ; 2.6150001e+00 ; 2.2200000e+02 
3.500e+01 ; 9.600e+00 ; 1.400e+00 ; 2.6790001e+00 ; 2.2200000e+02 
3.500e+01 ; 9.600e+00 ; 1.400e+00 ; 2.8070001e+00 ; 2.2200000e+02 
3.500e+01 ; 9.600e+00 ; 1.400e+00 ; 3.0630001e+00 ; 2.2200000e+02 
3.500e+01 ; 9.600e+00 ; 1.400e+00 ; 3.4000001e+00 ; 2.2200000e+02 
3.500e+01 ; 9.600e+00 ; 1.400e+00 ; 3.4000001e+00 ; 2.2200000e+02 
3.500e+01 ; 9.600e+00 ; 1.400e+00 ; 3.4010001e+00 ; 2.2200000e+02 
3.500e+01 ; 9.600e+00 ; 1.400e+00 ; 3.4020001e+00 ; 2.2200000e+02 
3.500e+01 ; 9.600e+00 ; 1.400e+00 ; 3.4030001e+00 ; 2.2200000e+02 
3.500e+01 ; 9.600e+00 ; 1.400e+00 ; 3.4050001e+00 ; 2.2200000e+02 
3.500e+01 ; 9.600e+00 ; 1.400e+00 ; 3.4090001e+00 ; 2.2200000e+02 
3.500e+01 ; 9.600e+00 ; 1.400e+00 ; 3.4170001e+00 ; 2.2200000e+02 
3.500e+01 ; 9.600e+00 ; 1.400e+00 ; 3.4330001e+00 ; 2.2200000e+02 
3.500e+01 ; 9.600e+00 ; 1.400e+00 ; 3.4650001e+00 ; 2.2200000e+02 
3.500e+01 ; 9.600e+00 ; 1.400e+00 ; 3.5290001e+00 ; 2.2200000e+02 
3.500e+01 ; 9.600e+00 ; 1.400e+00 ; 3.6570001e+00 ; 2.2200000e+02 
3.500e+01 ; 9.600e+00 ; 1.400e+00 ; 3.9130001e+00 ; 2.2200000e+02 
3.500e+01 ; 9.600e+00 ; 1.400e+00 ; 4.2500001e+00 ; 2.2200000e+02 
3.500e+01 ; 9.600e+00 ; 1.400e+00 ; 4.2500001e+00 ; 2.2200000e+02 
3.500e+01 ; 9.600e+00 ; 1.400e+00 ; 4.2510001e+00 ; 2.2200000e+02 
3.500e+01 ; 9.600e+00 ; 1.400e+00 ; 4.2520001e+00 ; 2.2200000e+02 
3.500e+01 ; 9.600e+00 ; 1.400e+00 ; 4.2530001e+00 ; 2.2200000e+02 
3.500e+01 ; 9.600e+00 ; 1.400e+00 ; 4.2550001e+00 ; 2.2200000e+02 
3.500e+01 ; 9.600e+00 ; 1.400e+00 ; 4.2590001e+00 ; 2.2200000e+02 
3.500e+01 ; 9.600e+00 ; 1.400e+00 ; 4.2670001e+00 ; 2.2200000e+02 
3.500e+01 ; 9.600e+00 ; 1.400e+00 ; 4.2830001e+00 ; 2.2200000e+02 
3.500e+01 ; 9.600e+00 ; 1.400e+00 ; 4.3150001e+00 ; 2.2200000e+02 
3.500e+01 ; 9.600e+00 ; 1.400e+00 ; 4.3790001e+00 ; 2.2200000e+02 
3.500e+01 ; 9.600e+00 ; 1.400e+00 ; 4.5070001e+00 ; 2.2200000e+02 
3.500e+01 ; 9.600e+00 ; 1.400e+00 ; 4.7630001e+00 ; 2.2200000e+02 
3.500e+01 ; 9.600e+00 ; 1.400e+00 ; 5.1000001e+00 ; 2.2200000e+02 
3.500e+01 ; 9.600e+00 ; 1.400e+00 ; 5.1000001e+00 ; 2.2200000e+02 
3.500e+01 ; 9.600e+00 ; 1.400e+00 ; 5.1010001e+00 ; 2.2200000e+02 
3.500e+01 ; 9.600e+00 ; 1.400e+00 ; 5.1020001e+00 ; 2.2200000e+02 
3.500e+01 ; 9.600e+00 ; 1.400e+00 ; 5.1030001e+00 ; 2.2200000e+02 
3.500e+01 ; 9.600e+00 ; 1.400e+00 ; 5.1050001e+00 ; 2.2200000e+02 
3.500e+01 ; 9.600e+00 ; 1.400e+00 ; 5.1090001e+00 ; 2.2200000e+02 
3.500e+01 ; 9.600e+00 ; 1.400e+00 ; 5.1170001e+00 ; 2.2200000e+02 
3.500e+01 ; 9.600e+00 ; 1.400e+00 ; 5.1330001e+00 ; 2.2200000e+02 
3.500e+01 ; 9.600e+00 ; 1.400e+00 ; 5.1650001e+00 ; 2.2200000e+02 
3.500e+01 ; 9.600e+00 ; 1.400e+00 ; 5.2290001e+00 ; 2.2200000e+02 
3.500e+01 ; 9.600e+00 ; 1.400e+00 ; 5.3570001e+00 ; 2.2200000e+02 
3.500e+01 ; 9.600e+00 ; 1.400e+00 ; 5.6130002e+00 ; 2.2200000e+02 
3.500e+01 ; 9.600e+00 ; 1.400e+00 ; 5.9500002e+00 ; 2.2200000e+02 
3.500e+01 ; 9.600e+00 ; 1.400e+00 ; 5.9500002e+00 ; 2.2200000e+02 
3.500e+01 ; 9.600e+00 ; 1.400e+00 ; 5.9510002e+00 ; 2.2200000e+02 
3.500e+01 ; 9.600e+00 ; 1.400e+00 ; 5.9520002e+00 ; 2.2200000e+02 
3.500e+01 ; 9.600e+00 ; 1.400e+00 ; 5.9530002e+00 ; 2.2200000e+02 
3.500e+01 ; 9.600e+00 ; 1.400e+00 ; 5.9550002e+00 ; 2.2200000e+02 
3.500e+01 ; 9.600e+00 ; 1.400e+00 ; 5.9590002e+00 ; 2.2200000e+02 
3.500e+01 ; 9.600e+00 ; 1.400e+00 ; 5.9670002e+00 ; 2.2200000e+02 
3.500e+01 ; 9.600e+00 ; 1.400e+00 ; 5.9830002e+00 ; 2.2200000e+02 
3.500e+01 ; 9.600e+00 ; 1.400e+00 ; 6.0150002e+00 ; 2.2200000e+02 
3.500e+01 ; 9.600e+00 ; 1.400e+00 ; 6.0790002e+00 ; 2.2200000e+02 
3.500e+01 ; 9.600e+00 ; 1.400e+00 ; 6.2070002e+00 ; 2.2200000e+02 
3.500e+01 ; 9.600e+00 ; 1.400e+00 ; 6.4630002e+00 ; 2.2200000e+02 
3.500e+01 ; 9.600e+00 ; 1.400e+00 ; 6.8000002e+00 ; 2.2200000e+02 
3.500e+01 ; 9.600e+00 ; 1.400e+00 ; 6.8000002e+00 ; 2.2200000e+02 
3.500e+01 ; 9.600e+00 ; 1.400e+00 ; 6.8010002e+00 ; 2.2200000e+02 
3.500e+01 ; 9.600e+00 ; 1.400e+00 ; 6.8020002e+00 ; 2.2200000e+02 
3.500e+01 ; 9.600e+00 ; 1.400e+00 ; 6.8030002e+00 ; 2.2200000e+02 
3.500e+01 ; 9.600e+00 ; 1.400e+00 ; 6.8050002e+00 ; 2.2200000e+02 
3.500e+01 ; 9.600e+00 ; 1.400e+00 ; 6.8090002e+00 ; 2.2200000e+02 
3.500e+01 ; 9.600e+00 ; 1.400e+00 ; 6.8170002e+00 ; 2.2200000e+02 
3.500e+01 ; 9.600e+00 ; 1.400e+00 ; 6.8330002e+00 ; 2.2200000e+02 
3.500e+01 ; 9.600e+00 ; 1.400e+00 ; 6.8650002e+00 ; 2.2200000e+02 
3.500e+01 ; 9.600e+00 ; 1.400e+00 ; 6.9290002e+00 ; 2.2200000e+02 
3.500e+01 ; 9.600e+00 ; 1.400e+00 ; 7.0570002e+00 ; 2.2200000e+02 
3.500e+01 ; 9.600e+00 ; 1.400e+00 ; 7.3130002e+00 ; 2.2200000e+02 
3.500e+01 ; 9.600e+00 ; 1.400e+00 ; 7.6500002e+00 ; 2.2200000e+02 
3.500e+01 ; 9.600e+00 ; 1.400e+00 ; 7.6500002e+00 ; 2.2200000e+02 
3.500e+01 ; 9.600e+00 ; 1.400e+00 ; 7.6510002e+00 ; 2.2200000e+02 
3.500e+01 ; 9.600e+00 ; 1.400e+00 ; 7.6520002e+00 ; 2.2200000e+02 
3.500e+01 ; 9.600e+00 ; 1.400e+00 ; 7.6530002e+00 ; 2.2200000e+02 
3.500e+01 ; 9.600e+00 ; 1.400e+00 ; 7.6550002e+00 ; 2.2200000e+02 
3.500e+01 ; 9.600e+00 ; 1.400e+00 ; 7.6590002e+00 ; 2.2200000e+02 
3.500e+01 ; 9.600e+00 ; 1.400e+00 ; 7.6670002e+00 ; 2.2200000e+02 
3.500e+01 ; 9.600e+00 ; 1.400e+00 ; 7.6830002e+00 ; 2.2200000e+02 
3.500e+01 ; 9.600e+00 ; 1.400e+00 ; 7.7150002e+00 ; 2.2200000e+02 
3.500e+01 ; 9.600e+00 ; 1.400e+00 ; 7.7790002e+00 ; 2.2200000e+02 
3.500e+01 ; 9.600e+00 ; 1.400e+00 ; 7.9070002e+00 ; 2.2200000e+02 
3.500e+01 ; 9.600e+00 ; 1.400e+00 ; 8.1630002e+00 ; 2.2200000e+02 
3.500e+01 ; 9.600e+00 ; 1.400e+00 ; 8.5000002e+00 ; 2.2200000e+02 
3.500e+01 ; 9.600e+00 ; 1.400e+00 ; 8.5000002e+00 ; 2.2200000e+02 
3.500e+01 ; 9.600e+00 ; 1.400e+00 ; 8.5010002e+00 ; 2.2200000e+02 
3.500e+01 ; 9.600e+00 ; 1.400e+00 ; 8.5020002e+00 ; 2.2200000e+02 
3.500e+01 ; 9.600e+00 ; 1.400e+00 ; 8.5030002e+00 ; 2.2200000e+02 
3.500e+01 ; 9.600e+00 ; 1.400e+00 ; 8.5050002e+00 ; 2.2200000e+02 
3.500e+01 ; 9.600e+00 ; 1.400e+00 ; 8.5090002e+00 ; 2.2200000e+02 
3.500e+01 ; 9.600e+00 ; 1.400e+00 ; 8.5170002e+00 ; 2.2200000e+02 
3.500e+01 ; 9.600e+00 ; 1.400e+00 ; 8.5330002e+00 ; 2.2200000e+02 
3.500e+01 ; 9.600e+00 ; 1.400e+00 ; 8.5650002e+00 ; 2.2200000e+02 
3.500e+01 ; 9.600e+00 ; 1.400e+00 ; 8.6290002e+00 ; 2.2200000e+02 
3.500e+01 ; 9.600e+00 ; 1.400e+00 ; 8.7570002e+00 ; 2.2200000e+02 
3.500e+01 ; 9.600e+00 ; 1.400e+00 ; 9.0130002e+00 ; 2.2200000e+02 
3.500e+01 ; 9.600e+00 ; 1.400e+00 ; 9.3500003e+00 ; 2.2200000e+02 
3.500e+01 ; 9.600e+00 ; 1.400e+00 ; 9.3500003e+00 ; 2.2200000e+02 
3.500e+01 ; 9.600e+00 ; 1.400e+00 ; 9.3510003e+00 ; 2.2200000e+02 
3.500e+01 ; 9.600e+00 ; 1.400e+00 ; 9.3520003e+00 ; 2.2200000e+02 
3.500e+01 ; 9.600e+00 ; 1.400e+00 ; 9.3530003e+00 ; 2.2200000e+02 
3.500e+01 ; 9.600e+00 ; 1.400e+00 ; 9.3550003e+00 ; 2.2200000e+02 
3.500e+01 ; 9.600e+00 ; 1.400e+00 ; 9.3590003e+00 ; 2.2200000e+02 
3.500e+01 ; 9.600e+00 ; 1.400e+00 ; 9.3670003e+00 ; 2.2200000e+02 
3.500e+01 ; 9.600e+00 ; 1.400e+00 ; 9.3830003e+00 ; 2.2200000e+02 
3.500e+01 ; 9.600e+00 ; 1.400e+00 ; 9.4150003e+00 ; 2.2200000e+02 
3.500e+01 ; 9.600e+00 ; 1.400e+00 ; 9.4790003e+00 ; 2.2200000e+02 
3.500e+01 ; 9.600e+00 ; 1.400e+00 ; 9.6070003e+00 ; 2.2200000e+02 
3.500e+01 ; 9.600e+00 ; 1.400e+00 ; 9.8630003e+00 ; 2.2200000e+02 
3.500e+01 ; 9.600e+00 ; 1.400e+00 ; 1.0200000e+01 ; 2.2200000e+02 
3.500e+01 ; 9.600e+00 ; 1.400e+00 ; 1.0200000e+01 ; 2.2200000e+02 
3.500e+01 ; 9.600e+00 ; 1.400e+00 ; 1.0201000e+01 ; 2.2200000e+02 
3.500e+01 ; 9.600e+00 ; 1.400e+00 ; 1.0202000e+01 ; 2.2200000e+02 
3.500e+01 ; 9.600e+00 ; 1.400e+00 ; 1.0203000e+01 ; 2.2200000e+02 
3.500e+01 ; 9.600e+00 ; 1.400e+00 ; 1.0205000e+01 ; 2.2200000e+02 
3.500e+01 ; 9.600e+00 ; 1.400e+00 ; 1.0209000e+01 ; 2.2200000e+02 
3.500e+01 ; 9.600e+00 ; 1.400e+00 ; 1.0217000e+01 ; 2.2200000e+02 
3.500e+01 ; 9.600e+00 ; 1.400e+00 ; 1.0233000e+01 ; 2.2200000e+02 
3.500e+01 ; 9.600e+00 ; 1.400e+00 ; 1.0265000e+01 ; 2.2200000e+02 
3.500e+01 ; 9.600e+00 ; 1.400e+00 ; 1.0329000e+01 ; 2.2200000e+02 
3.500e+01 ; 9.600e+00 ; 1.400e+00 ; 1.0457000e+01 ; 2.2200000e+02 
3.500e+01 ; 9.600e+00 ; 1.400e+00 ; 1.0713000e+01 ; 2.2200000e+02 
3.500e+01 ; 9.600e+00 ; 1.400e+00 ; 1.1050000e+01 ; 2.2200000e+02 
3.500e+01 ; 9.600e+00 ; 1.400e+00 ; 1.1050000e+01 ; 2.2200000e+02 
3.500e+01 ; 9.600e+00 ; 1.400e+00 ; 1.1051000e+01 ; 2.2200000e+02 
3.500e+01 ; 9.600e+00 ; 1.400e+00 ; 1.1052000e+01 ; 2.2200000e+02 
3.500e+01 ; 9.600e+00 ; 1.400e+00 ; 1.1053000e+01 ; 2.2200000e+02 
3.500e+01 ; 9.600e+00 ; 1.400e+00 ; 1.1055000e+01 ; 2.2200000e+02 
3.500e+01 ; 9.600e+00 ; 1.400e+00 ; 1.1059000e+01 ; 2.2200000e+02 
3.500e+01 ; 9.600e+00 ; 1.400e+00 ; 1.1067000e+01 ; 2.2200000e+02 
3.500e+01 ; 9.600e+00 ; 1.400e+00 ; 1.1083000e+01 ; 2.2200000e+02 
3.500e+01 ; 9.600e+00 ; 1.400e+00 ; 1.1115000e+01 ; 2.2200000e+02 
3.500e+01 ; 9.600e+00 ; 1.400e+00 ; 1.1179000e+01 ; 2.2200000e+02 
3.500e+01 ; 9.600e+00 ; 1.400e+00 ; 1.1307000e+01 ; 2.2200000e+02 
3.500e+01 ; 9.600e+00 ; 1.400e+00 ; 1.1563000e+01 ; 2.2200000e+02 
3.500e+01 ; 9.600e+00 ; 1.400e+00 ; 1.1900000e+01 ; 2.2200000e+02 
3.500e+01 ; 9.600e+00 ; 1.400e+00 ; 1.1900000e+01 ; 2.2200000e+02 
3.500e+01 ; 9.600e+00 ; 1.400e+00 ; 1.1901000e+01 ; 2.2200000e+02 
3.500e+01 ; 9.600e+00 ; 1.400e+00 ; 1.1902000e+01 ; 2.2200000e+02 
3.500e+01 ; 9.600e+00 ; 1.400e+00 ; 1.1903000e+01 ; 2.2200000e+02 
3.500e+01 ; 9.600e+00 ; 1.400e+00 ; 1.1905000e+01 ; 2.2200000e+02 
3.500e+01 ; 9.600e+00 ; 1.400e+00 ; 1.1909000e+01 ; 2.2200000e+02 
3.500e+01 ; 9.600e+00 ; 1.400e+00 ; 1.1917000e+01 ; 2.2200000e+02 
3.500e+01 ; 9.600e+00 ; 1.400e+00 ; 1.1933000e+01 ; 2.2200000e+02 
3.500e+01 ; 9.600e+00 ; 1.400e+00 ; 1.1965000e+01 ; 2.2200000e+02 
3.500e+01 ; 9.600e+00 ; 1.400e+00 ; 1.2029000e+01 ; 2.2200000e+02 
3.500e+01 ; 9.600e+00 ; 1.400e+00 ; 1.2157000e+01 ; 2.2200000e+02 
3.500e+01 ; 9.600e+00 ; 1.400e+00 ; 1.2413000e+01 ; 2.2200000e+02 
3.500e+01 ; 9.600e+00 ; 1.400e+00 ; 1.2750000e+01 ; 2.2200000e+02 
3.500e+01 ; 9.600e+00 ; 1.400e+00 ; 1.2750000e+01 ; 2.2200000e+02 
3.500e+01 ; 9.600e+00 ; 1.400e+00 ; 1.2751000e+01 ; 2.2200000e+02 
3.500e+01 ; 9.600e+00 ; 1.400e+00 ; 1.2752000e+01 ; 2.2200000e+02 
3.500e+01 ; 9.600e+00 ; 1.400e+00 ; 1.2753000e+01 ; 2.2200000e+02 
3.500e+01 ; 9.600e+00 ; 1.400e+00 ; 1.2755000e+01 ; 2.2200000e+02 
3.500e+01 ; 9.600e+00 ; 1.400e+00 ; 1.2759000e+01 ; 2.2200000e+02 
3.500e+01 ; 9.600e+00 ; 1.400e+00 ; 1.2767000e+01 ; 2.2200000e+02 
3.500e+01 ; 9.600e+00 ; 1.400e+00 ; 1.2783000e+01 ; 2.2200000e+02 
3.500e+01 ; 9.600e+00 ; 1.400e+00 ; 1.2815000e+01 ; 2.2200000e+02 
3.500e+01 ; 9.600e+00 ; 1.400e+00 ; 1.2879000e+01 ; 2.2200000e+02 
3.500e+01 ; 9.600e+00 ; 1.400e+00 ; 1.3007000e+01 ; 2.2200000e+02 
3.500e+01 ; 9.600e+00 ; 1.400e+00 ; 1.3263000e+01 ; 2.2200000e+02 
3.500e+01 ; 9.600e+00 ; 1.400e+00 ; 1.3600000e+01 ; 2.2200000e+02 
3.500e+01 ; 9.600e+00 ; 1.400e+00 ; 1.3600000e+01 ; 2.2200000e+02 
3.500e+01 ; 9.600e+00 ; 1.400e+00 ; 1.3601000e+01 ; 2.2200000e+02 
3.500e+01 ; 9.600e+00 ; 1.400e+00 ; 1.3602000e+01 ; 2.2200000e+02 
3.500e+01 ; 9.600e+00 ; 1.400e+00 ; 1.3603000e+01 ; 2.2200000e+02 
3.500e+01 ; 9.600e+00 ; 1.400e+00 ; 1.3605000e+01 ; 2.2200000e+02 
3.500e+01 ; 9.600e+00 ; 1.400e+00 ; 1.3609000e+01 ; 2.2200000e+02 
3.500e+01 ; 9.600e+00 ; 1.400e+00 ; 1.3617000e+01 ; 2.2200000e+02 
3.500e+01 ; 9.600e+00 ; 1.400e+00 ; 1.3633000e+01 ; 2.2200000e+02 
3.500e+01 ; 9.600e+00 ; 1.400e+00 ; 1.3665000e+01 ; 2.2200000e+02 
3.500e+01 ; 9.600e+00 ; 1.400e+00 ; 1.3729000e+01 ; 2.2200000e+02 
3.500e+01 ; 9.600e+00 ; 1.400e+00 ; 1.3857000e+01 ; 2.2200000e+02 
3.500e+01 ; 9.600e+00 ; 1.400e+00 ; 1.4113000e+01 ; 2.2200000e+02 
3.500e+01 ; 9.600e+00 ; 1.400e+00 ; 1.4450000e+01 ; 2.2200000e+02 
3.500e+01 ; 9.600e+00 ; 1.400e+00 ; 1.4450000e+01 ; 2.2200000e+02 
3.500e+01 ; 9.600e+00 ; 1.400e+00 ; 1.4451000e+01 ; 2.2200000e+02 
3.500e+01 ; 9.600e+00 ; 1.400e+00 ; 1.4452000e+01 ; 2.2200000e+02 
3.500e+01 ; 9.600e+00 ; 1.400e+00 ; 1.4453000e+01 ; 2.2200000e+02 
3.500e+01 ; 9.600e+00 ; 1.400e+00 ; 1.4455000e+01 ; 2.2200000e+02 
3.500e+01 ; 9.600e+00 ; 1.400e+00 ; 1.4459000e+01 ; 2.2200000e+02 
3.500e+01 ; 9.600e+00 ; 1.400e+00 ; 1.4467000e+01 ; 2.2200000e+02 
3.500e+01 ; 9.600e+00 ; 1.400e+00 ; 1.4483000e+01 ; 2.2200000e+02 
3.500e+01 ; 9.600e+00 ; 1.400e+00 ; 1.4515000e+01 ; 2.2200000e+02 
3.500e+01 ; 9.600e+00 ; 1.400e+00 ; 1.4579000e+01 ; 2.2200000e+02 
3.500e+01 ; 9.600e+00 ; 1.400e+00 ; 1.4707000e+01 ; 2.2200000e+02 
3.500e+01 ; 9.600e+00 ; 1.400e+00 ; 1.4963000e+01 ; 2.2200000e+02 
3.500e+01 ; 9.600e+00 ; 1.400e+00 ; 1.5300000e+01 ; 2.2200000e+02 
3.500e+01 ; 9.600e+00 ; 1.400e+00 ; 1.5300000e+01 ; 2.2200000e+02 
3.500e+01 ; 9.600e+00 ; 1.400e+00 ; 1.5301000e+01 ; 2.2200000e+02 
3.500e+01 ; 9.600e+00 ; 1.400e+00 ; 1.5302000e+01 ; 2.2200000e+02 
3.500e+01 ; 9.600e+00 ; 1.400e+00 ; 1.5303000e+01 ; 2.2200000e+02 
3.500e+01 ; 9.600e+00 ; 1.400e+00 ; 1.5305000e+01 ; 2.2200000e+02 
3.500e+01 ; 9.600e+00 ; 1.400e+00 ; 1.5309000e+01 ; 2.2200000e+02 
3.500e+01 ; 9.600e+00 ; 1.400e+00 ; 1.5317000e+01 ; 2.2200000e+02 
3.500e+01 ; 9.600e+00 ; 1.400e+00 ; 1.5333000e+01 ; 2.2200000e+02 
3.500e+01 ; 9.600e+00 ; 1.400e+00 ; 1.5365000e+01 ; 2.2200000e+02 
3.500e+01 ; 9.600e+00 ; 1.400e+00 ; 1.5429000e+01 ; 2.2200000e+02 
3.500e+01 ; 9.600e+00 ; 1.400e+00 ; 1.5557000e+01 ; 2.2200000e+02 
3.500e+01 ; 9.600e+00 ; 1.400e+00 ; 1.5813000e+01 ; 2.2200000e+02 
3.500e+01 ; 9.600e+00 ; 1.400e+00 ; 1.6150000e+01 ; 2.2200000e+02 
3.500e+01 ; 9.600e+00 ; 1.400e+00 ; 1.6150000e+01 ; 2.2200000e+02 
3.500e+01 ; 9.600e+00 ; 1.400e+00 ; 1.6151000e+01 ; 2.2200000e+02 
3.500e+01 ; 9.600e+00 ; 1.400e+00 ; 1.6152000e+01 ; 2.2200000e+02 
3.500e+01 ; 9.600e+00 ; 1.400e+00 ; 1.6153000e+01 ; 2.2200000e+02 
3.500e+01 ; 9.600e+00 ; 1.400e+00 ; 1.6155000e+01 ; 2.2200000e+02 
3.500e+01 ; 9.600e+00 ; 1.400e+00 ; 1.6159000e+01 ; 2.2200000e+02 
3.500e+01 ; 9.600e+00 ; 1.400e+00 ; 1.6167000e+01 ; 2.2200000e+02 
3.500e+01 ; 9.600e+00 ; 1.400e+00 ; 1.6183000e+01 ; 2.2200000e+02 
3.500e+01 ; 9.600e+00 ; 1.400e+00 ; 1.6215000e+01 ; 2.2200000e+02 
3.500e+01 ; 9.600e+00 ; 1.400e+00 ; 1.6279000e+01 ; 2.2200000e+02 
3.500e+01 ; 9.600e+00 ; 1.400e+00 ; 1.6407000e+01 ; 2.2200000e+02 
3.500e+01 ; 9.600e+00 ; 1.400e+00 ; 1.6663000e+01 ; 2.2200000e+02 
3.500e+01 ; 9.600e+00 ; 1.400e+00 ; 1.7000000e+01 ; 2.2200000e+02 
3.500e+01 ; 9.600e+00 ; 1.400e+00 ; 1.7000000e+01 ; 2.2200000e+02 
3.500e+01 ; 9.600e+00 ; 1.400e+00 ; 1.7001000e+01 ; 2.2200000e+02 
3.500e+01 ; 9.600e+00 ; 1.400e+00 ; 1.7002000e+01 ; 2.2200000e+02 
3.500e+01 ; 9.600e+00 ; 1.400e+00 ; 1.7003000e+01 ; 2.2200000e+02 
3.500e+01 ; 9.600e+00 ; 1.400e+00 ; 1.7005000e+01 ; 2.2200000e+02 
3.500e+01 ; 9.600e+00 ; 1.400e+00 ; 1.7009000e+01 ; 2.2200000e+02 
3.500e+01 ; 9.600e+00 ; 1.400e+00 ; 1.7017000e+01 ; 2.2200000e+02 
3.500e+01 ; 9.600e+00 ; 1.400e+00 ; 1.7033000e+01 ; 2.2200000e+02 
3.500e+01 ; 9.600e+00 ; 1.400e+00 ; 1.7065000e+01 ; 2.2200000e+02 
3.500e+01 ; 9.600e+00 ; 1.400e+00 ; 1.7129000e+01 ; 2.2200000e+02 
3.500e+01 ; 9.600e+00 ; 1.400e+00 ; 1.7257000e+01 ; 2.2200000e+02 
3.500e+01 ; 9.600e+00 ; 1.400e+00 ; 1.7513000e+01 ; 2.2200000e+02 
3.500e+01 ; 9.600e+00 ; 1.400e+00 ; 1.7850001e+01 ; 2.2200000e+02 
3.500e+01 ; 9.600e+00 ; 1.400e+00 ; 1.7850001e+01 ; 2.2200000e+02 
3.500e+01 ; 9.600e+00 ; 1.400e+00 ; 1.7851001e+01 ; 2.2200000e+02 
3.500e+01 ; 9.600e+00 ; 1.400e+00 ; 1.7852001e+01 ; 2.2200000e+02 
3.500e+01 ; 9.600e+00 ; 1.400e+00 ; 1.7853001e+01 ; 2.2200000e+02 
3.500e+01 ; 9.600e+00 ; 1.400e+00 ; 1.7855001e+01 ; 2.2200000e+02 
3.500e+01 ; 9.600e+00 ; 1.400e+00 ; 1.7859001e+01 ; 2.2200000e+02 
3.500e+01 ; 9.600e+00 ; 1.400e+00 ; 1.7867001e+01 ; 2.2200000e+02 
3.500e+01 ; 9.600e+00 ; 1.400e+00 ; 1.7883001e+01 ; 2.2200000e+02 
3.500e+01 ; 9.600e+00 ; 1.400e+00 ; 1.7915000e+01 ; 2.2200000e+02 
3.500e+01 ; 9.600e+00 ; 1.400e+00 ; 1.7979000e+01 ; 2.2200000e+02 
3.500e+01 ; 9.600e+00 ; 1.400e+00 ; 1.8107000e+01 ; 2.2200000e+02 
3.500e+01 ; 9.600e+00 ; 1.400e+00 ; 1.8363001e+01 ; 2.2200000e+02 
3.500e+01 ; 9.600e+00 ; 1.400e+00 ; 1.8700001e+01 ; 2.2200000e+02 
3.500e+01 ; 9.600e+00 ; 1.400e+00 ; 1.8700001e+01 ; 2.2200000e+02 
3.500e+01 ; 9.600e+00 ; 1.400e+00 ; 1.8701001e+01 ; 2.2200000e+02 
3.500e+01 ; 9.600e+00 ; 1.400e+00 ; 1.8702001e+01 ; 2.2200000e+02 
3.500e+01 ; 9.600e+00 ; 1.400e+00 ; 1.8703001e+01 ; 2.2200000e+02 
3.500e+01 ; 9.600e+00 ; 1.400e+00 ; 1.8705001e+01 ; 2.2200000e+02 
3.500e+01 ; 9.600e+00 ; 1.400e+00 ; 1.8709001e+01 ; 2.2200000e+02 
3.500e+01 ; 9.600e+00 ; 1.400e+00 ; 1.8717001e+01 ; 2.2200000e+02 
3.500e+01 ; 9.600e+00 ; 1.400e+00 ; 1.8733001e+01 ; 2.2200000e+02 
3.500e+01 ; 9.600e+00 ; 1.400e+00 ; 1.8765001e+01 ; 2.2200000e+02 
3.500e+01 ; 9.600e+00 ; 1.400e+00 ; 1.8829001e+01 ; 2.2200000e+02 
3.500e+01 ; 9.600e+00 ; 1.400e+00 ; 1.8957001e+01 ; 2.2200000e+02 
3.500e+01 ; 9.600e+00 ; 1.400e+00 ; 1.9213001e+01 ; 2.2200000e+02 
3.500e+01 ; 9.600e+00 ; 1.400e+00 ; 1.9550001e+01 ; 2.2200000e+02 
3.500e+01 ; 9.600e+00 ; 1.400e+00 ; 1.9550001e+01 ; 2.2200000e+02 
3.500e+01 ; 9.600e+00 ; 1.400e+00 ; 1.9551001e+01 ; 2.2200000e+02 
3.500e+01 ; 9.600e+00 ; 1.400e+00 ; 1.9552001e+01 ; 2.2200000e+02 
3.500e+01 ; 9.600e+00 ; 1.400e+00 ; 1.9553001e+01 ; 2.2200000e+02 
3.500e+01 ; 9.600e+00 ; 1.400e+00 ; 1.9555001e+01 ; 2.2200000e+02 
3.500e+01 ; 9.600e+00 ; 1.400e+00 ; 1.9559001e+01 ; 2.2200000e+02 
3.500e+01 ; 9.600e+00 ; 1.400e+00 ; 1.9567001e+01 ; 2.2200000e+02 
3.500e+01 ; 9.600e+00 ; 1.400e+00 ; 1.9583001e+01 ; 2.2200000e+02 
3.500e+01 ; 9.600e+00 ; 1.400e+00 ; 1.9615001e+01 ; 2.2200000e+02 
3.500e+01 ; 9.600e+00 ; 1.400e+00 ; 1.9679001e+01 ; 2.2200000e+02 
3.500e+01 ; 9.600e+00 ; 1.400e+00 ; 1.9807001e+01 ; 2.2200000e+02 
3.500e+01 ; 9.600e+00 ; 1.400e+00 ; 2.0063001e+01 ; 2.2200000e+02 
3.500e+01 ; 9.600e+00 ; 1.400e+00 ; 2.0400001e+01 ; 2.2200000e+02 
3.500e+01 ; 9.600e+00 ; 1.400e+00 ; 2.0400001e+01 ; 2.2200000e+02 
3.500e+01 ; 9.600e+00 ; 1.400e+00 ; 2.0401001e+01 ; 2.2200000e+02 
3.500e+01 ; 9.600e+00 ; 1.400e+00 ; 2.0402001e+01 ; 2.2200000e+02 
3.500e+01 ; 9.600e+00 ; 1.400e+00 ; 2.0403001e+01 ; 2.2200000e+02 
3.500e+01 ; 9.600e+00 ; 1.400e+00 ; 2.0405001e+01 ; 2.2200000e+02 
3.500e+01 ; 9.600e+00 ; 1.400e+00 ; 2.0409001e+01 ; 2.2200000e+02 
3.500e+01 ; 9.600e+00 ; 1.400e+00 ; 2.0417001e+01 ; 2.2200000e+02 
3.500e+01 ; 9.600e+00 ; 1.400e+00 ; 2.0433001e+01 ; 2.2200000e+02 
3.500e+01 ; 9.600e+00 ; 1.400e+00 ; 2.0465001e+01 ; 2.2200000e+02 
3.500e+01 ; 9.600e+00 ; 1.400e+00 ; 2.0529001e+01 ; 2.2200000e+02 
3.500e+01 ; 9.600e+00 ; 1.400e+00 ; 2.0657001e+01 ; 2.2200000e+02 
3.500e+01 ; 9.600e+00 ; 1.400e+00 ; 2.0913001e+01 ; 2.2200000e+02 
3.500e+01 ; 9.600e+00 ; 1.400e+00 ; 2.1250001e+01 ; 2.2200000e+02 
3.500e+01 ; 9.600e+00 ; 1.400e+00 ; 2.1250001e+01 ; 2.2200000e+02 
3.500e+01 ; 9.600e+00 ; 1.400e+00 ; 2.1251001e+01 ; 2.2200000e+02 
3.500e+01 ; 9.600e+00 ; 1.400e+00 ; 2.1252001e+01 ; 2.2200000e+02 
3.500e+01 ; 9.600e+00 ; 1.400e+00 ; 2.1253001e+01 ; 2.2200000e+02 
3.500e+01 ; 9.600e+00 ; 1.400e+00 ; 2.1255001e+01 ; 2.2200000e+02 
3.500e+01 ; 9.600e+00 ; 1.400e+00 ; 2.1259001e+01 ; 2.2200000e+02 
3.500e+01 ; 9.600e+00 ; 1.400e+00 ; 2.1267001e+01 ; 2.2200000e+02 
3.500e+01 ; 9.600e+00 ; 1.400e+00 ; 2.1283001e+01 ; 2.2200000e+02 
3.500e+01 ; 9.600e+00 ; 1.400e+00 ; 2.1315001e+01 ; 2.2200000e+02 
3.500e+01 ; 9.600e+00 ; 1.400e+00 ; 2.1379001e+01 ; 2.2200000e+02 
3.500e+01 ; 9.600e+00 ; 1.400e+00 ; 2.1507001e+01 ; 2.2200000e+02 
3.500e+01 ; 9.600e+00 ; 1.400e+00 ; 2.1763001e+01 ; 2.2200000e+02 
3.500e+01 ; 9.600e+00 ; 1.400e+00 ; 2.2100001e+01 ; 2.2200000e+02 
3.500e+01 ; 9.600e+00 ; 1.400e+00 ; 2.2100001e+01 ; 2.2200000e+02 
3.500e+01 ; 9.600e+00 ; 1.400e+00 ; 2.2101001e+01 ; 2.2200000e+02 
3.500e+01 ; 9.600e+00 ; 1.400e+00 ; 2.2102001e+01 ; 2.2200000e+02 
3.500e+01 ; 9.600e+00 ; 1.400e+00 ; 2.2103001e+01 ; 2.2200000e+02 
3.500e+01 ; 9.600e+00 ; 1.400e+00 ; 2.2105001e+01 ; 2.2200000e+02 
3.500e+01 ; 9.600e+00 ; 1.400e+00 ; 2.2109001e+01 ; 2.2200000e+02 
3.500e+01 ; 9.600e+00 ; 1.400e+00 ; 2.2117001e+01 ; 2.2200000e+02 
3.500e+01 ; 9.600e+00 ; 1.400e+00 ; 2.2133001e+01 ; 2.2200000e+02 
3.500e+01 ; 9.600e+00 ; 1.400e+00 ; 2.2165001e+01 ; 2.2200000e+02 
3.500e+01 ; 9.600e+00 ; 1.400e+00 ; 2.2229001e+01 ; 2.2200000e+02 
3.500e+01 ; 9.600e+00 ; 1.400e+00 ; 2.2357001e+01 ; 2.2200000e+02 
3.500e+01 ; 9.600e+00 ; 1.400e+00 ; 2.2613001e+01 ; 2.2200000e+02 
3.500e+01 ; 9.600e+00 ; 1.400e+00 ; 2.2950001e+01 ; 2.2200000e+02 
3.500e+01 ; 9.600e+00 ; 1.400e+00 ; 2.2950001e+01 ; 2.2200000e+02 
3.500e+01 ; 9.600e+00 ; 1.400e+00 ; 2.2951001e+01 ; 2.2189706e+02 
3.500e+01 ; 9.600e+00 ; 1.400e+00 ; 2.2952001e+01 ; 2.2179422e+02 
3.500e+01 ; 9.600e+00 ; 1.400e+00 ; 2.2953001e+01 ; 2.2169145e+02 
3.500e+01 ; 9.600e+00 ; 1.400e+00 ; 2.2955001e+01 ; 2.2148622e+02 
3.500e+01 ; 9.600e+00 ; 1.400e+00 ; 2.2959001e+01 ; 2.2107704e+02 
3.500e+01 ; 9.600e+00 ; 1.400e+00 ; 2.2967001e+01 ; 2.2026372e+02 
3.500e+01 ; 9.600e+00 ; 1.400e+00 ; 2.2983001e+01 ; 2.1865695e+02 
3.500e+01 ; 9.600e+00 ; 1.400e+00 ; 2.3015001e+01 ; 2.1552127e+02 
3.500e+01 ; 9.600e+00 ; 1.400e+00 ; 2.3079001e+01 ; 2.0954741e+02 
3.500e+01 ; 9.600e+00 ; 1.400e+00 ; 2.3207001e+01 ; 1.9868651e+02 
3.500e+01 ; 9.600e+00 ; 1.400e+00 ; 2.3463001e+01 ; 1.8060062e+02 
3.500e+01 ; 9.600e+00 ; 1.400e+00 ; 2.3800001e+01 ; 1.6176335e+02 
3.500e+01 ; 9.600e+00 ; 1.400e+00 ; 2.3800001e+01 ; 1.6176335e+02 
3.500e+01 ; 9.600e+00 ; 1.400e+00 ; 2.3801001e+01 ; 1.6170750e+02 
3.500e+01 ; 9.600e+00 ; 1.400e+00 ; 2.3802001e+01 ; 1.6165169e+02 
3.500e+01 ; 9.600e+00 ; 1.400e+00 ; 2.3803001e+01 ; 1.6159593e+02 
3.500e+01 ; 9.600e+00 ; 1.400e+00 ; 2.3805001e+01 ; 1.6148462e+02 
3.500e+01 ; 9.600e+00 ; 1.400e+00 ; 2.3809001e+01 ; 1.6126274e+02 
3.500e+01 ; 9.600e+00 ; 1.400e+00 ; 2.3817001e+01 ; 1.6082204e+02 
3.500e+01 ; 9.600e+00 ; 1.400e+00 ; 2.3833001e+01 ; 1.5995253e+02 
3.500e+01 ; 9.600e+00 ; 1.400e+00 ; 2.3865001e+01 ; 1.5825949e+02 
3.500e+01 ; 9.600e+00 ; 1.400e+00 ; 2.3929001e+01 ; 1.5504538e+02 
3.500e+01 ; 9.600e+00 ; 1.400e+00 ; 2.4057001e+01 ; 1.4922552e+02 
3.500e+01 ; 9.600e+00 ; 1.400e+00 ; 2.4313001e+01 ; 1.3954863e+02 
3.500e+01 ; 9.600e+00 ; 1.400e+00 ; 2.4650001e+01 ; 1.2942696e+02 
3.500e+01 ; 9.600e+00 ; 1.400e+00 ; 2.4650001e+01 ; 1.2942696e+02 
3.500e+01 ; 9.600e+00 ; 1.400e+00 ; 2.4651001e+01 ; 1.2939694e+02 
3.500e+01 ; 9.600e+00 ; 1.400e+00 ; 2.4652001e+01 ; 1.2936696e+02 
3.500e+01 ; 9.600e+00 ; 1.400e+00 ; 2.4653001e+01 ; 1.2933699e+02 
3.500e+01 ; 9.600e+00 ; 1.400e+00 ; 2.4655001e+01 ; 1.2927715e+02 
3.500e+01 ; 9.600e+00 ; 1.400e+00 ; 2.4659001e+01 ; 1.2915782e+02 
3.500e+01 ; 9.600e+00 ; 1.400e+00 ; 2.4667001e+01 ; 1.2892064e+02 
3.500e+01 ; 9.600e+00 ; 1.400e+00 ; 2.4683001e+01 ; 1.2845201e+02 
3.500e+01 ; 9.600e+00 ; 1.400e+00 ; 2.4715001e+01 ; 1.2753711e+02 
3.500e+01 ; 9.600e+00 ; 1.400e+00 ; 2.4779001e+01 ; 1.2579259e+02 
3.500e+01 ; 9.600e+00 ; 1.400e+00 ; 2.4907001e+01 ; 1.2261330e+02 
3.500e+01 ; 9.600e+00 ; 1.400e+00 ; 2.5163001e+01 ; 1.1728179e+02 
3.500e+01 ; 9.600e+00 ; 1.400e+00 ; 2.5500001e+01 ; 1.1165530e+02 
3.500e+01 ; 9.600e+00 ; 1.400e+00 ; 2.5500001e+01 ; 1.1165530e+02 
3.500e+01 ; 9.600e+00 ; 1.400e+00 ; 2.5501001e+01 ; 1.1163861e+02 
3.500e+01 ; 9.600e+00 ; 1.400e+00 ; 2.5502001e+01 ; 1.1162194e+02 
3.500e+01 ; 9.600e+00 ; 1.400e+00 ; 2.5503001e+01 ; 1.1160529e+02 
3.500e+01 ; 9.600e+00 ; 1.400e+00 ; 2.5505001e+01 ; 1.1157201e+02 
3.500e+01 ; 9.600e+00 ; 1.400e+00 ; 2.5509001e+01 ; 1.1150567e+02 
3.500e+01 ; 9.600e+00 ; 1.400e+00 ; 2.5517001e+01 ; 1.1137375e+02 
3.500e+01 ; 9.600e+00 ; 1.400e+00 ; 2.5533001e+01 ; 1.1111295e+02 
3.500e+01 ; 9.600e+00 ; 1.400e+00 ; 2.5565001e+01 ; 1.1060323e+02 
3.500e+01 ; 9.600e+00 ; 1.400e+00 ; 2.5629001e+01 ; 1.0962865e+02 
3.500e+01 ; 9.600e+00 ; 1.400e+00 ; 2.5757001e+01 ; 1.0784120e+02 
3.500e+01 ; 9.600e+00 ; 1.400e+00 ; 2.6013001e+01 ; 1.0479718e+02 
3.500e+01 ; 9.600e+00 ; 1.400e+00 ; 2.6350001e+01 ; 1.0150800e+02 
3.500e+01 ; 9.600e+00 ; 1.400e+00 ; 2.6350001e+01 ; 1.0150800e+02 
3.500e+01 ; 9.600e+00 ; 1.400e+00 ; 2.6351001e+01 ; 1.0149825e+02 
3.500e+01 ; 9.600e+00 ; 1.400e+00 ; 2.6352001e+01 ; 1.0148850e+02 
3.500e+01 ; 9.600e+00 ; 1.400e+00 ; 2.6353001e+01 ; 1.0147876e+02 
3.500e+01 ; 9.600e+00 ; 1.400e+00 ; 2.6355001e+01 ; 1.0145930e+02 
3.500e+01 ; 9.600e+00 ; 1.400e+00 ; 2.6359001e+01 ; 1.0142049e+02 
3.500e+01 ; 9.600e+00 ; 1.400e+00 ; 2.6367001e+01 ; 1.0134326e+02 
3.500e+01 ; 9.600e+00 ; 1.400e+00 ; 2.6383001e+01 ; 1.0119038e+02 
3.500e+01 ; 9.600e+00 ; 1.400e+00 ; 2.6415001e+01 ; 1.0089073e+02 
3.500e+01 ; 9.600e+00 ; 1.400e+00 ; 2.6479001e+01 ; 1.0031476e+02 
3.500e+01 ; 9.600e+00 ; 1.400e+00 ; 2.6607001e+01 ; 9.9247169e+01 
3.500e+01 ; 9.600e+00 ; 1.400e+00 ; 2.6863001e+01 ; 9.7391907e+01 
3.500e+01 ; 9.600e+00 ; 1.400e+00 ; 2.7200001e+01 ; 9.5333519e+01 
3.500e+01 ; 9.600e+00 ; 1.400e+00 ; 2.7200001e+01 ; 9.5333519e+01 
3.500e+01 ; 9.600e+00 ; 1.400e+00 ; 2.7201001e+01 ; 9.5327415e+01 
3.500e+01 ; 9.600e+00 ; 1.400e+00 ; 2.7202001e+01 ; 9.5321312e+01 
3.500e+01 ; 9.600e+00 ; 1.400e+00 ; 2.7203001e+01 ; 9.5315216e+01 
3.500e+01 ; 9.600e+00 ; 1.400e+00 ; 2.7205001e+01 ; 9.5303032e+01 
3.500e+01 ; 9.600e+00 ; 1.400e+00 ; 2.7209001e+01 ; 9.5278725e+01 
3.500e+01 ; 9.600e+00 ; 1.400e+00 ; 2.7217001e+01 ; 9.5230316e+01 
3.500e+01 ; 9.600e+00 ; 1.400e+00 ; 2.7233001e+01 ; 9.5134346e+01 
3.500e+01 ; 9.600e+00 ; 1.400e+00 ; 2.7265001e+01 ; 9.4945686e+01 
3.500e+01 ; 9.600e+00 ; 1.400e+00 ; 2.7329001e+01 ; 9.4580925e+01 
3.500e+01 ; 9.600e+00 ; 1.400e+00 ; 2.7457001e+01 ; 9.3897125e+01 
3.500e+01 ; 9.600e+00 ; 1.400e+00 ; 2.7713001e+01 ; 9.2683342e+01 
3.500e+01 ; 9.600e+00 ; 1.400e+00 ; 2.8050001e+01 ; 9.1300552e+01 
3.500e+01 ; 9.600e+00 ; 1.400e+00 ; 2.8050001e+01 ; 9.1300552e+01 
3.500e+01 ; 9.600e+00 ; 1.400e+00 ; 2.8051001e+01 ; 9.1296448e+01 
3.500e+01 ; 9.600e+00 ; 1.400e+00 ; 2.8052001e+01 ; 9.1292351e+01 
3.500e+01 ; 9.600e+00 ; 1.400e+00 ; 2.8053001e+01 ; 9.1288254e+01 
3.500e+01 ; 9.600e+00 ; 1.400e+00 ; 2.8055001e+01 ; 9.1280067e+01 
3.500e+01 ; 9.600e+00 ; 1.400e+00 ; 2.8059001e+01 ; 9.1263718e+01 
3.500e+01 ; 9.600e+00 ; 1.400e+00 ; 2.8067001e+01 ; 9.1231148e+01 
3.500e+01 ; 9.600e+00 ; 1.400e+00 ; 2.8083001e+01 ; 9.1166481e+01 
3.500e+01 ; 9.600e+00 ; 1.400e+00 ; 2.8115001e+01 ; 9.1039001e+01 
3.500e+01 ; 9.600e+00 ; 1.400e+00 ; 2.8179001e+01 ; 9.0791122e+01 
3.500e+01 ; 9.600e+00 ; 1.400e+00 ; 2.8307001e+01 ; 9.0321465e+01 
3.500e+01 ; 9.600e+00 ; 1.400e+00 ; 2.8563001e+01 ; 8.9471458e+01 
3.500e+01 ; 9.600e+00 ; 1.400e+00 ; 2.8900001e+01 ; 8.8480408e+01 
3.500e+01 ; 9.600e+00 ; 1.400e+00 ; 2.8900001e+01 ; 8.8480408e+01 
3.500e+01 ; 9.600e+00 ; 1.400e+00 ; 2.8901001e+01 ; 8.8477470e+01 
3.500e+01 ; 9.600e+00 ; 1.400e+00 ; 2.8902001e+01 ; 8.8474533e+01 
3.500e+01 ; 9.600e+00 ; 1.400e+00 ; 2.8903001e+01 ; 8.8471596e+01 
3.500e+01 ; 9.600e+00 ; 1.400e+00 ; 2.8905001e+01 ; 8.8465721e+01 
3.500e+01 ; 9.600e+00 ; 1.400e+00 ; 2.8909001e+01 ; 8.8454002e+01 
3.500e+01 ; 9.600e+00 ; 1.400e+00 ; 2.8917001e+01 ; 8.8430626e+01 
3.500e+01 ; 9.600e+00 ; 1.400e+00 ; 2.8933001e+01 ; 8.8384155e+01 
3.500e+01 ; 9.600e+00 ; 1.400e+00 ; 2.8965001e+01 ; 8.8292336e+01 
3.500e+01 ; 9.600e+00 ; 1.400e+00 ; 2.9029001e+01 ; 8.8112953e+01 
3.500e+01 ; 9.600e+00 ; 1.400e+00 ; 2.9157001e+01 ; 8.7770042e+01 
3.500e+01 ; 9.600e+00 ; 1.400e+00 ; 2.9413001e+01 ; 8.7139671e+01 
3.500e+01 ; 9.600e+00 ; 1.400e+00 ; 2.9750001e+01 ; 8.6391396e+01 
3.500e+01 ; 9.600e+00 ; 1.400e+00 ; 2.9750001e+01 ; 8.6391396e+01 
3.500e+01 ; 9.600e+00 ; 1.400e+00 ; 2.9751001e+01 ; 8.6389175e+01 
3.500e+01 ; 9.600e+00 ; 1.400e+00 ; 2.9752001e+01 ; 8.6386963e+01 
3.500e+01 ; 9.600e+00 ; 1.400e+00 ; 2.9753001e+01 ; 8.6384743e+01 
3.500e+01 ; 9.600e+00 ; 1.400e+00 ; 2.9755001e+01 ; 8.6380310e+01 
3.500e+01 ; 9.600e+00 ; 1.400e+00 ; 2.9759001e+01 ; 8.6371452e+01 
3.500e+01 ; 9.600e+00 ; 1.400e+00 ; 2.9767001e+01 ; 8.6353783e+01 
3.500e+01 ; 9.600e+00 ; 1.400e+00 ; 2.9783001e+01 ; 8.6318634e+01 
3.500e+01 ; 9.600e+00 ; 1.400e+00 ; 2.9815001e+01 ; 8.6249039e+01 
3.500e+01 ; 9.600e+00 ; 1.400e+00 ; 2.9879001e+01 ; 8.6112610e+01 
3.500e+01 ; 9.600e+00 ; 1.400e+00 ; 3.0007001e+01 ; 8.5850098e+01 
3.500e+01 ; 9.600e+00 ; 1.400e+00 ; 3.0263001e+01 ; 8.5362015e+01 
3.500e+01 ; 9.600e+00 ; 1.400e+00 ; 3.0600001e+01 ; 8.4775299e+01 
3.500e+01 ; 9.600e+00 ; 1.400e+00 ; 3.0600001e+01 ; 8.4775299e+01 
3.500e+01 ; 9.600e+00 ; 1.400e+00 ; 3.0601001e+01 ; 8.4773560e+01 
3.500e+01 ; 9.600e+00 ; 1.400e+00 ; 3.0602001e+01 ; 8.4771820e+01 
3.500e+01 ; 9.600e+00 ; 1.400e+00 ; 3.0603001e+01 ; 8.4770081e+01 
3.500e+01 ; 9.600e+00 ; 1.400e+00 ; 3.0605001e+01 ; 8.4766602e+01 
3.500e+01 ; 9.600e+00 ; 1.400e+00 ; 3.0609001e+01 ; 8.4759651e+01 
3.500e+01 ; 9.600e+00 ; 1.400e+00 ; 3.0617001e+01 ; 8.4745789e+01 
3.500e+01 ; 9.600e+00 ; 1.400e+00 ; 3.0633001e+01 ; 8.4718193e+01 
3.500e+01 ; 9.600e+00 ; 1.400e+00 ; 3.0665001e+01 ; 8.4663483e+01 
3.500e+01 ; 9.600e+00 ; 1.400e+00 ; 3.0729001e+01 ; 8.4555969e+01 
3.500e+01 ; 9.600e+00 ; 1.400e+00 ; 3.0857001e+01 ; 8.4348175e+01 
3.500e+01 ; 9.600e+00 ; 1.400e+00 ; 3.1113001e+01 ; 8.3958900e+01 
3.500e+01 ; 9.600e+00 ; 1.400e+00 ; 3.1450001e+01 ; 8.3487068e+01 
3.500e+01 ; 9.600e+00 ; 1.400e+00 ; 3.1450001e+01 ; 8.3487068e+01 
3.500e+01 ; 9.600e+00 ; 1.400e+00 ; 3.1451001e+01 ; 8.3485664e+01 
3.500e+01 ; 9.600e+00 ; 1.400e+00 ; 3.1452001e+01 ; 8.3484268e+01 
3.500e+01 ; 9.600e+00 ; 1.400e+00 ; 3.1453001e+01 ; 8.3482872e+01 
3.500e+01 ; 9.600e+00 ; 1.400e+00 ; 3.1455001e+01 ; 8.3480072e+01 
3.500e+01 ; 9.600e+00 ; 1.400e+00 ; 3.1459001e+01 ; 8.3474487e+01 
3.500e+01 ; 9.600e+00 ; 1.400e+00 ; 3.1467001e+01 ; 8.3463333e+01 
3.500e+01 ; 9.600e+00 ; 1.400e+00 ; 3.1483001e+01 ; 8.3441116e+01 
3.500e+01 ; 9.600e+00 ; 1.400e+00 ; 3.1515001e+01 ; 8.3397049e+01 
3.500e+01 ; 9.600e+00 ; 1.400e+00 ; 3.1579001e+01 ; 8.3310303e+01 
3.500e+01 ; 9.600e+00 ; 1.400e+00 ; 3.1707001e+01 ; 8.3142181e+01 
3.500e+01 ; 9.600e+00 ; 1.400e+00 ; 3.1963001e+01 ; 8.2825714e+01 
3.500e+01 ; 9.600e+00 ; 1.400e+00 ; 3.2300001e+01 ; 8.2440170e+01 
3.500e+01 ; 9.600e+00 ; 1.400e+00 ; 3.2300001e+01 ; 8.2440170e+01 
3.500e+01 ; 9.600e+00 ; 1.400e+00 ; 3.2301001e+01 ; 8.2439026e+01 
3.500e+01 ; 9.600e+00 ; 1.400e+00 ; 3.2302001e+01 ; 8.2437881e+01 
3.500e+01 ; 9.600e+00 ; 1.400e+00 ; 3.2303001e+01 ; 8.2436737e+01 
3.500e+01 ; 9.600e+00 ; 1.400e+00 ; 3.2305001e+01 ; 8.2434448e+01 
3.500e+01 ; 9.600e+00 ; 1.400e+00 ; 3.2309001e+01 ; 8.2429886e+01 
3.500e+01 ; 9.600e+00 ; 1.400e+00 ; 3.2317001e+01 ; 8.2420769e+01 
3.500e+01 ; 9.600e+00 ; 1.400e+00 ; 3.2333001e+01 ; 8.2402611e+01 
3.500e+01 ; 9.600e+00 ; 1.400e+00 ; 3.2365001e+01 ; 8.2366562e+01 
3.500e+01 ; 9.600e+00 ; 1.400e+00 ; 3.2429001e+01 ; 8.2295540e+01 
3.500e+01 ; 9.600e+00 ; 1.400e+00 ; 3.2557001e+01 ; 8.2157646e+01 
3.500e+01 ; 9.600e+00 ; 1.400e+00 ; 3.2813001e+01 ; 8.1897339e+01 
3.500e+01 ; 9.600e+00 ; 1.400e+00 ; 3.3150001e+01 ; 8.1579254e+01 
3.500e+01 ; 9.600e+00 ; 1.400e+00 ; 3.3150001e+01 ; 8.1579254e+01 
3.500e+01 ; 9.600e+00 ; 1.400e+00 ; 3.3151001e+01 ; 8.1578308e+01 
3.500e+01 ; 9.600e+00 ; 1.400e+00 ; 3.3152001e+01 ; 8.1577362e+01 
3.500e+01 ; 9.600e+00 ; 1.400e+00 ; 3.3153001e+01 ; 8.1576424e+01 
3.500e+01 ; 9.600e+00 ; 1.400e+00 ; 3.3155001e+01 ; 8.1574539e+01 
3.500e+01 ; 9.600e+00 ; 1.400e+00 ; 3.3159001e+01 ; 8.1570770e+01 
3.500e+01 ; 9.600e+00 ; 1.400e+00 ; 3.3167001e+01 ; 8.1563248e+01 
3.500e+01 ; 9.600e+00 ; 1.400e+00 ; 3.3183001e+01 ; 8.1548256e+01 
3.500e+01 ; 9.600e+00 ; 1.400e+00 ; 3.3215001e+01 ; 8.1518501e+01 
3.500e+01 ; 9.600e+00 ; 1.400e+00 ; 3.3279001e+01 ; 8.1459839e+01 
3.500e+01 ; 9.600e+00 ; 1.400e+00 ; 3.3407001e+01 ; 8.1345833e+01 
3.500e+01 ; 9.600e+00 ; 1.400e+00 ; 3.3663001e+01 ; 8.1130363e+01 
3.500e+01 ; 9.600e+00 ; 1.400e+00 ; 3.4000001e+01 ; 8.0866936e+01 
3.500e+01 ; 9.600e+00 ; 1.400e+00 ; 3.4000001e+01 ; 8.0866936e+01 
3.500e+01 ; 9.600e+00 ; 1.400e+00 ; 3.4001001e+01 ; 8.0866158e+01 
3.500e+01 ; 9.600e+00 ; 1.400e+00 ; 3.4002001e+01 ; 8.0865372e+01 
3.500e+01 ; 9.600e+00 ; 1.400e+00 ; 3.4003001e+01 ; 8.0864594e+01 
3.500e+01 ; 9.600e+00 ; 1.400e+00 ; 3.4005001e+01 ; 8.0863029e+01 
3.500e+01 ; 9.600e+00 ; 1.400e+00 ; 3.4009001e+01 ; 8.0859909e+01 
3.500e+01 ; 9.600e+00 ; 1.400e+00 ; 3.4017001e+01 ; 8.0853683e+01 
3.500e+01 ; 9.600e+00 ; 1.400e+00 ; 3.4033001e+01 ; 8.0841270e+01 
3.500e+01 ; 9.600e+00 ; 1.400e+00 ; 3.4065001e+01 ; 8.0816628e+01 
3.500e+01 ; 9.600e+00 ; 1.400e+00 ; 3.4129001e+01 ; 8.0768082e+01 
3.500e+01 ; 9.600e+00 ; 1.400e+00 ; 3.4257001e+01 ; 8.0674011e+01 
3.500e+01 ; 9.600e+00 ; 1.400e+00 ; 3.4513001e+01 ; 8.0498451e+01 
3.500e+01 ; 9.600e+00 ; 1.400e+00 ; 3.4850001e+01 ; 8.0289474e+01 
3.500e+01 ; 9.600e+00 ; 1.400e+00 ; 3.4850001e+01 ; 8.0289474e+01 
3.500e+01 ; 9.600e+00 ; 1.400e+00 ; 3.4851001e+01 ; 8.0288857e+01 
3.500e+01 ; 9.600e+00 ; 1.400e+00 ; 3.4852001e+01 ; 8.0288239e+01 
3.500e+01 ; 9.600e+00 ; 1.400e+00 ; 3.4853001e+01 ; 8.0287613e+01 
3.500e+01 ; 9.600e+00 ; 1.400e+00 ; 3.4855001e+01 ; 8.0286377e+01 
3.500e+01 ; 9.600e+00 ; 1.400e+00 ; 3.4859001e+01 ; 8.0283913e+01 
3.500e+01 ; 9.600e+00 ; 1.400e+00 ; 3.4867001e+01 ; 8.0278999e+01 
3.500e+01 ; 9.600e+00 ; 1.400e+00 ; 3.4883001e+01 ; 8.0269279e+01 
3.500e+01 ; 9.600e+00 ; 1.400e+00 ; 3.4915001e+01 ; 8.0250259e+01 
3.500e+01 ; 9.600e+00 ; 1.400e+00 ; 3.4979001e+01 ; 8.0214073e+01 
3.500e+01 ; 9.600e+00 ; 1.400e+00 ; 3.5107001e+01 ; 8.0150009e+01 
3.500e+01 ; 9.600e+00 ; 1.400e+00 ; 3.5363001e+01 ; 8.0056671e+01 
3.500e+01 ; 9.600e+00 ; 1.400e+00 ; 3.5700001e+01 ; 7.9988190e+01 
3.500e+01 ; 9.600e+00 ; 1.400e+00 ; 3.5700001e+01 ; 7.9988190e+01 
3.500e+01 ; 9.600e+00 ; 1.400e+00 ; 3.5701001e+01 ; 7.9992012e+01 
3.500e+01 ; 9.600e+00 ; 1.400e+00 ; 3.5702001e+01 ; 7.9995865e+01 
3.500e+01 ; 9.600e+00 ; 1.400e+00 ; 3.5703001e+01 ; 7.9999741e+01 
3.500e+01 ; 9.600e+00 ; 1.400e+00 ; 3.5705001e+01 ; 8.0007584e+01 
3.500e+01 ; 9.600e+00 ; 1.400e+00 ; 3.5709001e+01 ; 8.0023659e+01 
3.500e+01 ; 9.600e+00 ; 1.400e+00 ; 3.5717001e+01 ; 8.0057281e+01 
3.500e+01 ; 9.600e+00 ; 1.400e+00 ; 3.5733001e+01 ; 8.0130188e+01 
3.500e+01 ; 9.600e+00 ; 1.400e+00 ; 3.5765001e+01 ; 8.0296646e+01 
3.500e+01 ; 9.600e+00 ; 1.400e+00 ; 3.5829001e+01 ; 8.0697952e+01 
3.500e+01 ; 9.600e+00 ; 1.400e+00 ; 3.5957001e+01 ; 8.1683945e+01 
3.500e+01 ; 9.600e+00 ; 1.400e+00 ; 3.6213001e+01 ; 8.3926933e+01 
3.500e+01 ; 9.600e+00 ; 1.400e+00 ; 3.6550001e+01 ; 8.6715179e+01 
3.500e+01 ; 9.600e+00 ; 1.400e+00 ; 3.6550001e+01 ; 8.6715179e+01 
3.500e+01 ; 9.600e+00 ; 1.400e+00 ; 3.6551001e+01 ; 8.6726585e+01 
3.500e+01 ; 9.600e+00 ; 1.400e+00 ; 3.6552001e+01 ; 8.6737999e+01 
3.500e+01 ; 9.600e+00 ; 1.400e+00 ; 3.6553001e+01 ; 8.6749405e+01 
3.500e+01 ; 9.600e+00 ; 1.400e+00 ; 3.6555001e+01 ; 8.6772240e+01 
3.500e+01 ; 9.600e+00 ; 1.400e+00 ; 3.6559001e+01 ; 8.6817955e+01 
3.500e+01 ; 9.600e+00 ; 1.400e+00 ; 3.6567001e+01 ; 8.6909561e+01 
3.500e+01 ; 9.600e+00 ; 1.400e+00 ; 3.6583001e+01 ; 8.7093376e+01 
3.500e+01 ; 9.600e+00 ; 1.400e+00 ; 3.6615001e+01 ; 8.7462692e+01 
3.500e+01 ; 9.600e+00 ; 1.400e+00 ; 3.6679001e+01 ; 8.8202980e+01 
3.500e+01 ; 9.600e+00 ; 1.400e+00 ; 3.6807001e+01 ; 8.9658226e+01 
3.500e+01 ; 9.600e+00 ; 1.400e+00 ; 3.7063001e+01 ; 9.2310944e+01 
3.500e+01 ; 9.600e+00 ; 1.400e+00 ; 3.7400001e+01 ; 9.5149086e+01 
3.500e+01 ; 9.600e+00 ; 1.400e+00 ; 3.7400001e+01 ; 9.5149086e+01 
3.500e+01 ; 9.600e+00 ; 1.400e+00 ; 3.7401001e+01 ; 9.5157494e+01 
3.500e+01 ; 9.600e+00 ; 1.400e+00 ; 3.7402001e+01 ; 9.5165894e+01 
3.500e+01 ; 9.600e+00 ; 1.400e+00 ; 3.7403001e+01 ; 9.5174278e+01 
3.500e+01 ; 9.600e+00 ; 1.400e+00 ; 3.7405001e+01 ; 9.5191010e+01 
3.500e+01 ; 9.600e+00 ; 1.400e+00 ; 3.7409001e+01 ; 9.5224274e+01 
3.500e+01 ; 9.600e+00 ; 1.400e+00 ; 3.7417001e+01 ; 9.5290085e+01 
3.500e+01 ; 9.600e+00 ; 1.400e+00 ; 3.7433001e+01 ; 9.5418839e+01 
3.500e+01 ; 9.600e+00 ; 1.400e+00 ; 3.7465001e+01 ; 9.5665245e+01 
3.500e+01 ; 9.600e+00 ; 1.400e+00 ; 3.7529001e+01 ; 9.6116585e+01 
3.500e+01 ; 9.600e+00 ; 1.400e+00 ; 3.7657001e+01 ; 9.6874008e+01 
3.500e+01 ; 9.600e+00 ; 1.400e+00 ; 3.7913001e+01 ; 9.7936867e+01 
3.500e+01 ; 9.600e+00 ; 1.400e+00 ; 3.8250001e+01 ; 9.8768524e+01 
3.500e+01 ; 9.600e+00 ; 1.400e+00 ; 3.8250001e+01 ; 9.8768524e+01 
3.500e+01 ; 9.600e+00 ; 1.400e+00 ; 3.8251001e+01 ; 9.8770988e+01 
3.500e+01 ; 9.600e+00 ; 1.400e+00 ; 3.8252001e+01 ; 9.8773445e+01 
3.500e+01 ; 9.600e+00 ; 1.400e+00 ; 3.8253001e+01 ; 9.8775894e+01 
3.500e+01 ; 9.600e+00 ; 1.400e+00 ; 3.8255001e+01 ; 9.8780785e+01 
3.500e+01 ; 9.600e+00 ; 1.400e+00 ; 3.8259001e+01 ; 9.8790474e+01 
3.500e+01 ; 9.600e+00 ; 1.400e+00 ; 3.8267001e+01 ; 9.8809547e+01 
3.500e+01 ; 9.600e+00 ; 1.400e+00 ; 3.8283001e+01 ; 9.8846451e+01 
3.500e+01 ; 9.600e+00 ; 1.400e+00 ; 3.8315001e+01 ; 9.8915497e+01 
3.500e+01 ; 9.600e+00 ; 1.400e+00 ; 3.8379001e+01 ; 9.9035751e+01 
3.500e+01 ; 9.600e+00 ; 1.400e+00 ; 3.8507001e+01 ; 9.9213844e+01 
3.500e+01 ; 9.600e+00 ; 1.400e+00 ; 3.8763001e+01 ; 9.9377251e+01 
3.500e+01 ; 9.600e+00 ; 1.400e+00 ; 3.9100001e+01 ; 9.9354965e+01 
3.500e+01 ; 9.600e+00 ; 1.400e+00 ; 3.9100001e+01 ; 9.9354965e+01 
3.500e+01 ; 9.600e+00 ; 1.400e+00 ; 3.9101001e+01 ; 9.9354897e+01 
3.500e+01 ; 9.600e+00 ; 1.400e+00 ; 3.9102001e+01 ; 9.9354828e+01 
3.500e+01 ; 9.600e+00 ; 1.400e+00 ; 3.9103001e+01 ; 9.9354752e+01 
3.500e+01 ; 9.600e+00 ; 1.400e+00 ; 3.9105001e+01 ; 9.9354599e+01 
3.500e+01 ; 9.600e+00 ; 1.400e+00 ; 3.9109001e+01 ; 9.9354263e+01 
3.500e+01 ; 9.600e+00 ; 1.400e+00 ; 3.9117001e+01 ; 9.9353455e+01 
3.500e+01 ; 9.600e+00 ; 1.400e+00 ; 3.9133001e+01 ; 9.9351318e+01 
3.500e+01 ; 9.600e+00 ; 1.400e+00 ; 3.9165001e+01 ; 9.9345070e+01 
3.500e+01 ; 9.600e+00 ; 1.400e+00 ; 3.9229001e+01 ; 9.9325241e+01 
3.500e+01 ; 9.600e+00 ; 1.400e+00 ; 3.9357001e+01 ; 9.9260292e+01 
3.500e+01 ; 9.600e+00 ; 1.400e+00 ; 3.9613001e+01 ; 9.9054848e+01 
3.500e+01 ; 9.600e+00 ; 1.400e+00 ; 3.9950001e+01 ; 9.8696152e+01 
3.500e+01 ; 9.600e+00 ; 1.400e+00 ; 3.9950001e+01 ; 9.8696152e+01 
3.500e+01 ; 9.600e+00 ; 1.400e+00 ; 3.9951001e+01 ; 9.8695091e+01 
3.500e+01 ; 9.600e+00 ; 1.400e+00 ; 3.9952001e+01 ; 9.8694023e+01 
3.500e+01 ; 9.600e+00 ; 1.400e+00 ; 3.9953001e+01 ; 9.8692955e+01 
3.500e+01 ; 9.600e+00 ; 1.400e+00 ; 3.9955001e+01 ; 9.8690819e+01 
3.500e+01 ; 9.600e+00 ; 1.400e+00 ; 3.9959001e+01 ; 9.8686539e+01 
3.500e+01 ; 9.600e+00 ; 1.400e+00 ; 3.9967001e+01 ; 9.8677917e+01 
3.500e+01 ; 9.600e+00 ; 1.400e+00 ; 3.9983001e+01 ; 9.8660492e+01 
3.500e+01 ; 9.600e+00 ; 1.400e+00 ; 4.0015001e+01 ; 9.8624908e+01 
3.500e+01 ; 9.600e+00 ; 1.400e+00 ; 4.0079001e+01 ; 9.8551102e+01 
3.500e+01 ; 9.600e+00 ; 1.400e+00 ; 4.0207001e+01 ; 9.8394691e+01 
3.500e+01 ; 9.600e+00 ; 1.400e+00 ; 4.0463001e+01 ; 9.8057747e+01 
3.500e+01 ; 9.600e+00 ; 1.400e+00 ; 4.0800001e+01 ; 9.7590553e+01 
3.500e+01 ; 9.600e+00 ; 1.400e+00 ; 4.0800001e+01 ; 9.7590553e+01 
3.500e+01 ; 9.600e+00 ; 1.400e+00 ; 4.0801001e+01 ; 9.7589165e+01 
3.500e+01 ; 9.600e+00 ; 1.400e+00 ; 4.0802001e+01 ; 9.7587776e+01 
3.500e+01 ; 9.600e+00 ; 1.400e+00 ; 4.0803001e+01 ; 9.7586395e+01 
3.500e+01 ; 9.600e+00 ; 1.400e+00 ; 4.0805001e+01 ; 9.7583618e+01 
3.500e+01 ; 9.600e+00 ; 1.400e+00 ; 4.0809001e+01 ; 9.7578064e+01 
3.500e+01 ; 9.600e+00 ; 1.400e+00 ; 4.0817001e+01 ; 9.7566948e+01 
3.500e+01 ; 9.600e+00 ; 1.400e+00 ; 4.0833001e+01 ; 9.7544662e+01 
3.500e+01 ; 9.600e+00 ; 1.400e+00 ; 4.0865001e+01 ; 9.7499901e+01 
3.500e+01 ; 9.600e+00 ; 1.400e+00 ; 4.0929001e+01 ; 9.7409767e+01 
3.500e+01 ; 9.600e+00 ; 1.400e+00 ; 4.1057001e+01 ; 9.7227745e+01 
3.500e+01 ; 9.600e+00 ; 1.400e+00 ; 4.1313001e+01 ; 9.6861206e+01 
3.500e+01 ; 9.600e+00 ; 1.400e+00 ; 4.1650001e+01 ; 9.6381607e+01 
3.500e+01 ; 9.600e+00 ; 1.400e+00 ; 4.1650001e+01 ; 9.6381607e+01 
3.500e+01 ; 9.600e+00 ; 1.400e+00 ; 4.1651001e+01 ; 9.6380188e+01 
3.500e+01 ; 9.600e+00 ; 1.400e+00 ; 4.1652001e+01 ; 9.6378761e+01 
3.500e+01 ; 9.600e+00 ; 1.400e+00 ; 4.1653001e+01 ; 9.6377342e+01 
3.500e+01 ; 9.600e+00 ; 1.400e+00 ; 4.1655001e+01 ; 9.6374496e+01 
3.500e+01 ; 9.600e+00 ; 1.400e+00 ; 4.1659001e+01 ; 9.6368805e+01 
3.500e+01 ; 9.600e+00 ; 1.400e+00 ; 4.1667001e+01 ; 9.6357422e+01 
3.500e+01 ; 9.600e+00 ; 1.400e+00 ; 4.1683001e+01 ; 9.6334671e+01 
3.500e+01 ; 9.600e+00 ; 1.400e+00 ; 4.1715001e+01 ; 9.6289200e+01 
3.500e+01 ; 9.600e+00 ; 1.400e+00 ; 4.1779001e+01 ; 9.6198448e+01 
3.500e+01 ; 9.600e+00 ; 1.400e+00 ; 4.1907001e+01 ; 9.6018021e+01 
3.500e+01 ; 9.600e+00 ; 1.400e+00 ; 4.2163001e+01 ; 9.5663078e+01 
3.500e+01 ; 9.600e+00 ; 1.400e+00 ; 4.2500001e+01 ; 9.5208549e+01 
3.500e+01 ; 9.600e+00 ; 1.400e+00 ; 4.2500001e+01 ; 9.5208549e+01 
3.500e+01 ; 9.600e+00 ; 1.400e+00 ; 4.2501001e+01 ; 9.5207199e+01 
3.500e+01 ; 9.600e+00 ; 1.400e+00 ; 4.2502001e+01 ; 9.5205856e+01 
3.500e+01 ; 9.600e+00 ; 1.400e+00 ; 4.2503001e+01 ; 9.5204506e+01 
3.500e+01 ; 9.600e+00 ; 1.400e+00 ; 4.2505001e+01 ; 9.5201805e+01 
3.500e+01 ; 9.600e+00 ; 1.400e+00 ; 4.2509001e+01 ; 9.5196419e+01 
3.500e+01 ; 9.600e+00 ; 1.400e+00 ; 4.2517001e+01 ; 9.5185646e+01 
3.500e+01 ; 9.600e+00 ; 1.400e+00 ; 4.2533001e+01 ; 9.5164124e+01 
3.500e+01 ; 9.600e+00 ; 1.400e+00 ; 4.2565001e+01 ; 9.5121201e+01 
3.500e+01 ; 9.600e+00 ; 1.400e+00 ; 4.2629001e+01 ; 9.5035843e+01 
3.500e+01 ; 9.600e+00 ; 1.400e+00 ; 4.2757001e+01 ; 9.4867172e+01 
3.500e+01 ; 9.600e+00 ; 1.400e+00 ; 4.3013001e+01 ; 9.4538437e+01 
3.500e+01 ; 9.600e+00 ; 1.400e+00 ; 4.3350001e+01 ; 9.4121071e+01 
3.500e+01 ; 9.600e+00 ; 1.400e+00 ; 4.3350001e+01 ; 9.4121071e+01 
3.500e+01 ; 9.600e+00 ; 1.400e+00 ; 4.3351001e+01 ; 9.4119835e+01 
3.500e+01 ; 9.600e+00 ; 1.400e+00 ; 4.3352001e+01 ; 9.4118599e+01 
3.500e+01 ; 9.600e+00 ; 1.400e+00 ; 4.3353001e+01 ; 9.4117355e+01 
3.500e+01 ; 9.600e+00 ; 1.400e+00 ; 4.3355001e+01 ; 9.4114883e+01 
3.500e+01 ; 9.600e+00 ; 1.400e+00 ; 4.3359001e+01 ; 9.4109932e+01 
3.500e+01 ; 9.600e+00 ; 1.400e+00 ; 4.3367001e+01 ; 9.4100044e+01 
3.500e+01 ; 9.600e+00 ; 1.400e+00 ; 4.3383001e+01 ; 9.4080299e+01 
3.500e+01 ; 9.600e+00 ; 1.400e+00 ; 4.3415001e+01 ; 9.4040955e+01 
3.500e+01 ; 9.600e+00 ; 1.400e+00 ; 4.3479001e+01 ; 9.3962814e+01 
3.500e+01 ; 9.600e+00 ; 1.400e+00 ; 4.3607001e+01 ; 9.3808784e+01 
3.500e+01 ; 9.600e+00 ; 1.400e+00 ; 4.3863001e+01 ; 9.3509674e+01 
3.500e+01 ; 9.600e+00 ; 1.400e+00 ; 4.4200001e+01 ; 9.3131134e+01 
3.500e+01 ; 9.600e+00 ; 1.400e+00 ; 4.4200001e+01 ; 9.3131134e+01 
3.500e+01 ; 9.600e+00 ; 1.400e+00 ; 4.4201001e+01 ; 9.3130013e+01 
3.500e+01 ; 9.600e+00 ; 1.400e+00 ; 4.4202001e+01 ; 9.3128891e+01 
3.500e+01 ; 9.600e+00 ; 1.400e+00 ; 4.4203001e+01 ; 9.3127769e+01 
3.500e+01 ; 9.600e+00 ; 1.400e+00 ; 4.4205001e+01 ; 9.3125526e+01 
3.500e+01 ; 9.600e+00 ; 1.400e+00 ; 4.4209001e+01 ; 9.3121033e+01 
3.500e+01 ; 9.600e+00 ; 1.400e+00 ; 4.4217001e+01 ; 9.3112068e+01 
3.500e+01 ; 9.600e+00 ; 1.400e+00 ; 4.4233001e+01 ; 9.3094170e+01 
3.500e+01 ; 9.600e+00 ; 1.400e+00 ; 4.4265001e+01 ; 9.3058502e+01 
3.500e+01 ; 9.600e+00 ; 1.400e+00 ; 4.4329001e+01 ; 9.2987709e+01 
3.500e+01 ; 9.600e+00 ; 1.400e+00 ; 4.4457001e+01 ; 9.2848289e+01 
3.500e+01 ; 9.600e+00 ; 1.400e+00 ; 4.4713001e+01 ; 9.2577850e+01 
3.500e+01 ; 9.600e+00 ; 1.400e+00 ; 4.5050001e+01 ; 9.2235886e+01 
3.500e+01 ; 9.600e+00 ; 1.400e+00 ; 4.5050001e+01 ; 9.2235886e+01 
3.500e+01 ; 9.600e+00 ; 1.400e+00 ; 4.5051001e+01 ; 9.2234871e+01 
3.500e+01 ; 9.600e+00 ; 1.400e+00 ; 4.5052001e+01 ; 9.2233856e+01 
3.500e+01 ; 9.600e+00 ; 1.400e+00 ; 4.5053001e+01 ; 9.2232841e+01 
3.500e+01 ; 9.600e+00 ; 1.400e+00 ; 4.5055001e+01 ; 9.2230812e+01 
3.500e+01 ; 9.600e+00 ; 1.400e+00 ; 4.5059001e+01 ; 9.2226761e+01 
3.500e+01 ; 9.600e+00 ; 1.400e+00 ; 4.5067001e+01 ; 9.2218658e+01 
3.500e+01 ; 9.600e+00 ; 1.400e+00 ; 4.5083001e+01 ; 9.2202484e+01 
3.500e+01 ; 9.600e+00 ; 1.400e+00 ; 4.5115001e+01 ; 9.2170273e+01 
3.500e+01 ; 9.600e+00 ; 1.400e+00 ; 4.5179001e+01 ; 9.2106339e+01 
3.500e+01 ; 9.600e+00 ; 1.400e+00 ; 4.5307001e+01 ; 9.1980446e+01 
3.500e+01 ; 9.600e+00 ; 1.400e+00 ; 4.5563001e+01 ; 9.1736275e+01 
3.500e+01 ; 9.600e+00 ; 1.400e+00 ; 4.5900001e+01 ; 9.1427513e+01 
3.500e+01 ; 9.600e+00 ; 1.400e+00 ; 4.5900001e+01 ; 9.1427513e+01 
3.500e+01 ; 9.600e+00 ; 1.400e+00 ; 4.5901001e+01 ; 9.1426598e+01 
3.500e+01 ; 9.600e+00 ; 1.400e+00 ; 4.5902001e+01 ; 9.1425674e+01 
3.500e+01 ; 9.600e+00 ; 1.400e+00 ; 4.5903001e+01 ; 9.1424759e+01 
3.500e+01 ; 9.600e+00 ; 1.400e+00 ; 4.5905001e+01 ; 9.1422928e+01 
3.500e+01 ; 9.600e+00 ; 1.400e+00 ; 4.5909001e+01 ; 9.1419273e+01 
3.500e+01 ; 9.600e+00 ; 1.400e+00 ; 4.5917001e+01 ; 9.1411957e+01 
3.500e+01 ; 9.600e+00 ; 1.400e+00 ; 4.5933001e+01 ; 9.1397354e+01 
3.500e+01 ; 9.600e+00 ; 1.400e+00 ; 4.5965001e+01 ; 9.1368263e+01 
3.500e+01 ; 9.600e+00 ; 1.400e+00 ; 4.6029001e+01 ; 9.1310539e+01 
3.500e+01 ; 9.600e+00 ; 1.400e+00 ; 4.6157001e+01 ; 9.1196861e+01 
3.500e+01 ; 9.600e+00 ; 1.400e+00 ; 4.6413001e+01 ; 9.0976425e+01 
3.500e+01 ; 9.600e+00 ; 1.400e+00 ; 4.6750001e+01 ; 9.0697945e+01 
3.500e+01 ; 9.600e+00 ; 1.400e+00 ; 4.6750001e+01 ; 9.0697945e+01 
3.500e+01 ; 9.600e+00 ; 1.400e+00 ; 4.6751001e+01 ; 9.0697113e+01 
3.500e+01 ; 9.600e+00 ; 1.400e+00 ; 4.6752001e+01 ; 9.0696289e+01 
3.500e+01 ; 9.600e+00 ; 1.400e+00 ; 4.6753001e+01 ; 9.0695465e+01 
3.500e+01 ; 9.600e+00 ; 1.400e+00 ; 4.6755001e+01 ; 9.0693810e+01 
3.500e+01 ; 9.600e+00 ; 1.400e+00 ; 4.6759001e+01 ; 9.0690514e+01 
3.500e+01 ; 9.600e+00 ; 1.400e+00 ; 4.6767001e+01 ; 9.0683914e+01 
3.500e+01 ; 9.600e+00 ; 1.400e+00 ; 4.6783001e+01 ; 9.0670746e+01 
3.500e+01 ; 9.600e+00 ; 1.400e+00 ; 4.6815001e+01 ; 9.0644516e+01 
3.500e+01 ; 9.600e+00 ; 1.400e+00 ; 4.6879001e+01 ; 9.0592499e+01 
3.500e+01 ; 9.600e+00 ; 1.400e+00 ; 4.7007001e+01 ; 9.0490250e+01 
3.500e+01 ; 9.600e+00 ; 1.400e+00 ; 4.7263001e+01 ; 9.0293518e+01 
3.500e+01 ; 9.600e+00 ; 1.400e+00 ; 4.7600001e+01 ; 9.0049004e+01 
3.500e+01 ; 9.600e+00 ; 1.400e+00 ; 4.7600001e+01 ; 9.0049004e+01 
3.500e+01 ; 9.600e+00 ; 1.400e+00 ; 4.7601001e+01 ; 9.0048279e+01 
3.500e+01 ; 9.600e+00 ; 1.400e+00 ; 4.7602001e+01 ; 9.0047554e+01 
3.500e+01 ; 9.600e+00 ; 1.400e+00 ; 4.7603001e+01 ; 9.0046829e+01 
3.500e+01 ; 9.600e+00 ; 1.400e+00 ; 4.7605001e+01 ; 9.0045380e+01 
3.500e+01 ; 9.600e+00 ; 1.400e+00 ; 4.7609001e+01 ; 9.0042488e+01 
3.500e+01 ; 9.600e+00 ; 1.400e+00 ; 4.7617001e+01 ; 9.0036743e+01 
3.500e+01 ; 9.600e+00 ; 1.400e+00 ; 4.7633001e+01 ; 9.0025345e+01 
3.500e+01 ; 9.600e+00 ; 1.400e+00 ; 4.7665001e+01 ; 9.0003014e+01 
3.500e+01 ; 9.600e+00 ; 1.400e+00 ; 4.7729001e+01 ; 8.9960510e+01 
3.500e+01 ; 9.600e+00 ; 1.400e+00 ; 4.7857001e+01 ; 8.9885406e+01 
3.500e+01 ; 9.600e+00 ; 1.400e+00 ; 4.8113001e+01 ; 8.9776833e+01 
3.500e+01 ; 9.600e+00 ; 1.400e+00 ; 4.8450001e+01 ; 8.9696785e+01 
3.500e+01 ; 9.600e+00 ; 1.400e+00 ; 4.8450001e+01 ; 8.9696785e+01 
3.500e+01 ; 9.600e+00 ; 1.400e+00 ; 4.8451001e+01 ; 8.9696548e+01 
3.500e+01 ; 9.600e+00 ; 1.400e+00 ; 4.8452001e+01 ; 8.9696312e+01 
3.500e+01 ; 9.600e+00 ; 1.400e+00 ; 4.8453001e+01 ; 8.9696083e+01 
3.500e+01 ; 9.600e+00 ; 1.400e+00 ; 4.8455001e+01 ; 8.9695618e+01 
3.500e+01 ; 9.600e+00 ; 1.400e+00 ; 4.8459001e+01 ; 8.9694710e+01 
3.500e+01 ; 9.600e+00 ; 1.400e+00 ; 4.8467001e+01 ; 8.9692955e+01 
3.500e+01 ; 9.600e+00 ; 1.400e+00 ; 4.8483001e+01 ; 8.9689751e+01 
3.500e+01 ; 9.600e+00 ; 1.400e+00 ; 4.8515001e+01 ; 8.9684555e+01 
3.500e+01 ; 9.600e+00 ; 1.400e+00 ; 4.8579001e+01 ; 8.9679398e+01 
3.500e+01 ; 9.600e+00 ; 1.400e+00 ; 4.8707001e+01 ; 8.9691025e+01 
3.500e+01 ; 9.600e+00 ; 1.400e+00 ; 4.8963001e+01 ; 8.9796799e+01 
3.500e+01 ; 9.600e+00 ; 1.400e+00 ; 4.9300001e+01 ; 9.0046074e+01 
3.500e+01 ; 9.600e+00 ; 1.400e+00 ; 4.9300001e+01 ; 9.0046074e+01 
3.500e+01 ; 9.600e+00 ; 1.400e+00 ; 4.9301001e+01 ; 9.0046814e+01 
3.500e+01 ; 9.600e+00 ; 1.400e+00 ; 4.9302001e+01 ; 9.0047554e+01 
3.500e+01 ; 9.600e+00 ; 1.400e+00 ; 4.9303001e+01 ; 9.0048302e+01 
3.500e+01 ; 9.600e+00 ; 1.400e+00 ; 4.9305001e+01 ; 9.0049789e+01 
3.500e+01 ; 9.600e+00 ; 1.400e+00 ; 4.9309001e+01 ; 9.0052803e+01 
3.500e+01 ; 9.600e+00 ; 1.400e+00 ; 4.9317001e+01 ; 9.0058922e+01 
3.500e+01 ; 9.600e+00 ; 1.400e+00 ; 4.9333001e+01 ; 9.0071541e+01 
3.500e+01 ; 9.600e+00 ; 1.400e+00 ; 4.9365001e+01 ; 9.0098305e+01 
3.500e+01 ; 9.600e+00 ; 1.400e+00 ; 4.9429001e+01 ; 9.0157959e+01 
3.500e+01 ; 9.600e+00 ; 1.400e+00 ; 4.9557001e+01 ; 9.0300621e+01 
3.500e+01 ; 9.600e+00 ; 1.400e+00 ; 4.9813001e+01 ; 9.0662758e+01 
3.500e+01 ; 9.600e+00 ; 1.400e+00 ; 5.0150001e+01 ; 9.1225014e+01 
3.500e+01 ; 9.600e+00 ; 1.400e+00 ; 5.0150001e+01 ; 9.1225014e+01 
3.500e+01 ; 9.600e+00 ; 1.400e+00 ; 5.0151001e+01 ; 9.1226685e+01 
3.500e+01 ; 9.600e+00 ; 1.400e+00 ; 5.0152001e+01 ; 9.1228355e+01 
3.500e+01 ; 9.600e+00 ; 1.400e+00 ; 5.0153001e+01 ; 9.1230026e+01 
3.500e+01 ; 9.600e+00 ; 1.400e+00 ; 5.0155001e+01 ; 9.1233368e+01 
3.500e+01 ; 9.600e+00 ; 1.400e+00 ; 5.0159001e+01 ; 9.1240082e+01 
3.500e+01 ; 9.600e+00 ; 1.400e+00 ; 5.0167001e+01 ; 9.1253548e+01 
3.500e+01 ; 9.600e+00 ; 1.400e+00 ; 5.0183001e+01 ; 9.1280724e+01 
3.500e+01 ; 9.600e+00 ; 1.400e+00 ; 5.0215001e+01 ; 9.1335938e+01 
3.500e+01 ; 9.600e+00 ; 1.400e+00 ; 5.0279001e+01 ; 9.1449409e+01 
3.500e+01 ; 9.600e+00 ; 1.400e+00 ; 5.0407001e+01 ; 9.1685684e+01 
3.500e+01 ; 9.600e+00 ; 1.400e+00 ; 5.0663001e+01 ; 9.2176102e+01 
3.500e+01 ; 9.600e+00 ; 1.400e+00 ; 5.1000001e+01 ; 9.2817650e+01 
3.500e+01 ; 9.600e+00 ; 1.400e+00 ; 5.1000001e+01 ; 9.2817650e+01 
3.500e+01 ; 9.600e+00 ; 1.400e+00 ; 5.1001001e+01 ; 9.2819557e+01 
3.500e+01 ; 9.600e+00 ; 1.400e+00 ; 5.1002001e+01 ; 9.2821457e+01 
3.500e+01 ; 9.600e+00 ; 1.400e+00 ; 5.1003001e+01 ; 9.2823364e+01 
3.500e+01 ; 9.600e+00 ; 1.400e+00 ; 5.1005001e+01 ; 9.2827171e+01 
3.500e+01 ; 9.600e+00 ; 1.400e+00 ; 5.1009001e+01 ; 9.2834778e+01 
3.500e+01 ; 9.600e+00 ; 1.400e+00 ; 5.1017001e+01 ; 9.2850006e+01 
3.500e+01 ; 9.600e+00 ; 1.400e+00 ; 5.1033001e+01 ; 9.2880432e+01 
3.500e+01 ; 9.600e+00 ; 1.400e+00 ; 5.1065001e+01 ; 9.2941162e+01 
3.500e+01 ; 9.600e+00 ; 1.400e+00 ; 5.1129001e+01 ; 9.3061874e+01 
3.500e+01 ; 9.600e+00 ; 1.400e+00 ; 5.1257001e+01 ; 9.3298431e+01 
3.500e+01 ; 9.600e+00 ; 1.400e+00 ; 5.1513001e+01 ; 9.3742668e+01 
3.500e+01 ; 9.600e+00 ; 1.400e+00 ; 5.1850001e+01 ; 9.4266212e+01 
3.500e+01 ; 9.600e+00 ; 1.400e+00 ; 5.1850001e+01 ; 9.4266212e+01 
3.500e+01 ; 9.600e+00 ; 1.400e+00 ; 5.1851001e+01 ; 9.4267769e+01 
3.500e+01 ; 9.600e+00 ; 1.400e+00 ; 5.1852001e+01 ; 9.4269318e+01 
3.500e+01 ; 9.600e+00 ; 1.400e+00 ; 5.1853001e+01 ; 9.4270874e+01 
3.500e+01 ; 9.600e+00 ; 1.400e+00 ; 5.1855001e+01 ; 9.4273972e+01 
3.500e+01 ; 9.600e+00 ; 1.400e+00 ; 5.1859001e+01 ; 9.4280167e+01 
3.500e+01 ; 9.600e+00 ; 1.400e+00 ; 5.1867001e+01 ; 9.4292519e+01 
3.500e+01 ; 9.600e+00 ; 1.400e+00 ; 5.1883001e+01 ; 9.4317093e+01 
3.500e+01 ; 9.600e+00 ; 1.400e+00 ; 5.1915001e+01 ; 9.4365662e+01 
3.500e+01 ; 9.600e+00 ; 1.400e+00 ; 5.1979001e+01 ; 9.4460464e+01 
3.500e+01 ; 9.600e+00 ; 1.400e+00 ; 5.2107001e+01 ; 9.4640465e+01 
3.500e+01 ; 9.600e+00 ; 1.400e+00 ; 5.2363001e+01 ; 9.4961433e+01 
3.500e+01 ; 9.600e+00 ; 1.400e+00 ; 5.2700001e+01 ; 9.5318199e+01 
3.500e+01 ; 9.600e+00 ; 1.400e+00 ; 5.2700001e+01 ; 9.5318199e+01 
3.500e+01 ; 9.600e+00 ; 1.400e+00 ; 5.2701001e+01 ; 9.5319260e+01 
3.500e+01 ; 9.600e+00 ; 1.400e+00 ; 5.2702001e+01 ; 9.5320312e+01 
3.500e+01 ; 9.600e+00 ; 1.400e+00 ; 5.2703001e+01 ; 9.5321373e+01 
3.500e+01 ; 9.600e+00 ; 1.400e+00 ; 5.2705001e+01 ; 9.5323479e+01 
3.500e+01 ; 9.600e+00 ; 1.400e+00 ; 5.2709001e+01 ; 9.5327698e+01 
3.500e+01 ; 9.600e+00 ; 1.400e+00 ; 5.2717001e+01 ; 9.5336090e+01 
3.500e+01 ; 9.600e+00 ; 1.400e+00 ; 5.2733001e+01 ; 9.5352722e+01 
3.500e+01 ; 9.600e+00 ; 1.400e+00 ; 5.2765001e+01 ; 9.5385399e+01 
3.500e+01 ; 9.600e+00 ; 1.400e+00 ; 5.2829001e+01 ; 9.5448418e+01 
3.500e+01 ; 9.600e+00 ; 1.400e+00 ; 5.2957001e+01 ; 9.5565315e+01 
3.500e+01 ; 9.600e+00 ; 1.400e+00 ; 5.3213001e+01 ; 9.5764595e+01 
3.500e+01 ; 9.600e+00 ; 1.400e+00 ; 5.3550002e+01 ; 9.5972473e+01 
3.500e+01 ; 9.600e+00 ; 1.400e+00 ; 5.3550002e+01 ; 9.5972473e+01 
3.500e+01 ; 9.600e+00 ; 1.400e+00 ; 5.3551002e+01 ; 9.5973091e+01 
3.500e+01 ; 9.600e+00 ; 1.400e+00 ; 5.3552002e+01 ; 9.5973709e+01 
3.500e+01 ; 9.600e+00 ; 1.400e+00 ; 5.3553002e+01 ; 9.5974319e+01 
3.500e+01 ; 9.600e+00 ; 1.400e+00 ; 5.3555002e+01 ; 9.5975548e+01 
3.500e+01 ; 9.600e+00 ; 1.400e+00 ; 5.3559002e+01 ; 9.5978004e+01 
3.500e+01 ; 9.600e+00 ; 1.400e+00 ; 5.3567002e+01 ; 9.5982872e+01 
3.500e+01 ; 9.600e+00 ; 1.400e+00 ; 5.3583002e+01 ; 9.5992485e+01 
3.500e+01 ; 9.600e+00 ; 1.400e+00 ; 5.3615001e+01 ; 9.6011246e+01 
3.500e+01 ; 9.600e+00 ; 1.400e+00 ; 5.3679001e+01 ; 9.6046860e+01 
3.500e+01 ; 9.600e+00 ; 1.400e+00 ; 5.3807002e+01 ; 9.6110847e+01 
3.500e+01 ; 9.600e+00 ; 1.400e+00 ; 5.4063002e+01 ; 9.6212273e+01 
3.500e+01 ; 9.600e+00 ; 1.400e+00 ; 5.4400002e+01 ; 9.6305115e+01 
3.500e+01 ; 9.600e+00 ; 1.400e+00 ; 5.4400002e+01 ; 9.6305115e+01 
3.500e+01 ; 9.600e+00 ; 1.400e+00 ; 5.4401002e+01 ; 9.6305389e+01 
3.500e+01 ; 9.600e+00 ; 1.400e+00 ; 5.4402002e+01 ; 9.6305664e+01 
3.500e+01 ; 9.600e+00 ; 1.400e+00 ; 5.4403002e+01 ; 9.6305939e+01 
3.500e+01 ; 9.600e+00 ; 1.400e+00 ; 5.4405002e+01 ; 9.6306488e+01 
3.500e+01 ; 9.600e+00 ; 1.400e+00 ; 5.4409002e+01 ; 9.6307571e+01 
3.500e+01 ; 9.600e+00 ; 1.400e+00 ; 5.4417002e+01 ; 9.6309731e+01 
3.500e+01 ; 9.600e+00 ; 1.400e+00 ; 5.4433002e+01 ; 9.6313950e+01 
3.500e+01 ; 9.600e+00 ; 1.400e+00 ; 5.4465002e+01 ; 9.6322037e+01 
3.500e+01 ; 9.600e+00 ; 1.400e+00 ; 5.4529002e+01 ; 9.6336807e+01 
3.500e+01 ; 9.600e+00 ; 1.400e+00 ; 5.4657002e+01 ; 9.6361053e+01 
3.500e+01 ; 9.600e+00 ; 1.400e+00 ; 5.4913002e+01 ; 9.6390450e+01 
3.500e+01 ; 9.600e+00 ; 1.400e+00 ; 5.5250002e+01 ; 9.6400398e+01 
3.500e+01 ; 9.600e+00 ; 1.400e+00 ; 5.5250002e+01 ; 9.6400398e+01 
3.500e+01 ; 9.600e+00 ; 1.400e+00 ; 5.5251002e+01 ; 9.6400429e+01 
3.500e+01 ; 9.600e+00 ; 1.400e+00 ; 5.5252002e+01 ; 9.6400452e+01 
3.500e+01 ; 9.600e+00 ; 1.400e+00 ; 5.5253002e+01 ; 9.6400482e+01 
3.500e+01 ; 9.600e+00 ; 1.400e+00 ; 5.5255002e+01 ; 9.6400543e+01 
3.500e+01 ; 9.600e+00 ; 1.400e+00 ; 5.5259002e+01 ; 9.6400650e+01 
3.500e+01 ; 9.600e+00 ; 1.400e+00 ; 5.5267002e+01 ; 9.6400848e+01 
3.500e+01 ; 9.600e+00 ; 1.400e+00 ; 5.5283002e+01 ; 9.6401192e+01 
3.500e+01 ; 9.600e+00 ; 1.400e+00 ; 5.5315002e+01 ; 9.6401619e+01 
3.500e+01 ; 9.600e+00 ; 1.400e+00 ; 5.5379002e+01 ; 9.6401497e+01 
3.500e+01 ; 9.600e+00 ; 1.400e+00 ; 5.5507002e+01 ; 9.6397560e+01 
3.500e+01 ; 9.600e+00 ; 1.400e+00 ; 5.5763002e+01 ; 9.6376511e+01 
3.500e+01 ; 9.600e+00 ; 1.400e+00 ; 5.6100002e+01 ; 9.6329224e+01 
3.500e+01 ; 9.600e+00 ; 1.400e+00 ; 5.6100002e+01 ; 9.6329224e+01 
3.500e+01 ; 9.600e+00 ; 1.400e+00 ; 5.6101002e+01 ; 9.6329086e+01 
3.500e+01 ; 9.600e+00 ; 1.400e+00 ; 5.6102002e+01 ; 9.6328941e+01 
3.500e+01 ; 9.600e+00 ; 1.400e+00 ; 5.6103002e+01 ; 9.6328804e+01 
3.500e+01 ; 9.600e+00 ; 1.400e+00 ; 5.6105002e+01 ; 9.6328522e+01 
3.500e+01 ; 9.600e+00 ; 1.400e+00 ; 5.6109002e+01 ; 9.6327950e+01 
3.500e+01 ; 9.600e+00 ; 1.400e+00 ; 5.6117002e+01 ; 9.6326805e+01 
3.500e+01 ; 9.600e+00 ; 1.400e+00 ; 5.6133002e+01 ; 9.6324471e+01 
3.500e+01 ; 9.600e+00 ; 1.400e+00 ; 5.6165002e+01 ; 9.6319633e+01 
3.500e+01 ; 9.600e+00 ; 1.400e+00 ; 5.6229002e+01 ; 9.6309288e+01 
3.500e+01 ; 9.600e+00 ; 1.400e+00 ; 5.6357002e+01 ; 9.6286110e+01 
3.500e+01 ; 9.600e+00 ; 1.400e+00 ; 5.6613002e+01 ; 9.6230957e+01 
3.500e+01 ; 9.600e+00 ; 1.400e+00 ; 5.6950002e+01 ; 9.6145462e+01 
3.500e+01 ; 9.600e+00 ; 1.400e+00 ; 5.6950002e+01 ; 9.6145462e+01 
3.500e+01 ; 9.600e+00 ; 1.400e+00 ; 5.6951002e+01 ; 9.6145203e+01 
3.500e+01 ; 9.600e+00 ; 1.400e+00 ; 5.6952002e+01 ; 9.6144951e+01 
3.500e+01 ; 9.600e+00 ; 1.400e+00 ; 5.6953002e+01 ; 9.6144699e+01 
3.500e+01 ; 9.600e+00 ; 1.400e+00 ; 5.6955002e+01 ; 9.6144188e+01 
3.500e+01 ; 9.600e+00 ; 1.400e+00 ; 5.6959002e+01 ; 9.6143173e+01 
3.500e+01 ; 9.600e+00 ; 1.400e+00 ; 5.6967002e+01 ; 9.6141129e+01 
3.500e+01 ; 9.600e+00 ; 1.400e+00 ; 5.6983002e+01 ; 9.6137009e+01 
3.500e+01 ; 9.600e+00 ; 1.400e+00 ; 5.7015002e+01 ; 9.6128654e+01 
3.500e+01 ; 9.600e+00 ; 1.400e+00 ; 5.7079002e+01 ; 9.6111526e+01 
3.500e+01 ; 9.600e+00 ; 1.400e+00 ; 5.7207002e+01 ; 9.6075638e+01 
3.500e+01 ; 9.600e+00 ; 1.400e+00 ; 5.7463002e+01 ; 9.5998207e+01 
3.500e+01 ; 9.600e+00 ; 1.400e+00 ; 5.7800002e+01 ; 9.5888115e+01 
3.500e+01 ; 9.600e+00 ; 1.400e+00 ; 5.7800002e+01 ; 9.5888115e+01 
3.500e+01 ; 9.600e+00 ; 1.400e+00 ; 5.7801002e+01 ; 9.5887787e+01 
3.500e+01 ; 9.600e+00 ; 1.400e+00 ; 5.7802002e+01 ; 9.5887459e+01 
3.500e+01 ; 9.600e+00 ; 1.400e+00 ; 5.7803002e+01 ; 9.5887131e+01 
3.500e+01 ; 9.600e+00 ; 1.400e+00 ; 5.7805002e+01 ; 9.5886475e+01 
3.500e+01 ; 9.600e+00 ; 1.400e+00 ; 5.7809002e+01 ; 9.5885170e+01 
3.500e+01 ; 9.600e+00 ; 1.400e+00 ; 5.7817002e+01 ; 9.5882545e+01 
3.500e+01 ; 9.600e+00 ; 1.400e+00 ; 5.7833002e+01 ; 9.5877281e+01 
3.500e+01 ; 9.600e+00 ; 1.400e+00 ; 5.7865002e+01 ; 9.5866684e+01 
3.500e+01 ; 9.600e+00 ; 1.400e+00 ; 5.7929002e+01 ; 9.5845207e+01 
3.500e+01 ; 9.600e+00 ; 1.400e+00 ; 5.8057002e+01 ; 9.5801254e+01 
3.500e+01 ; 9.600e+00 ; 1.400e+00 ; 5.8313002e+01 ; 9.5709900e+01 
3.500e+01 ; 9.600e+00 ; 1.400e+00 ; 5.8650002e+01 ; 9.5584808e+01 
3.500e+01 ; 9.600e+00 ; 1.400e+00 ; 5.8650002e+01 ; 9.5584808e+01 
3.500e+01 ; 9.600e+00 ; 1.400e+00 ; 5.8651002e+01 ; 9.5584435e+01 
3.500e+01 ; 9.600e+00 ; 1.400e+00 ; 5.8652002e+01 ; 9.5584061e+01 
3.500e+01 ; 9.600e+00 ; 1.400e+00 ; 5.8653002e+01 ; 9.5583694e+01 
3.500e+01 ; 9.600e+00 ; 1.400e+00 ; 5.8655002e+01 ; 9.5582947e+01 
3.500e+01 ; 9.600e+00 ; 1.400e+00 ; 5.8659002e+01 ; 9.5581467e+01 
3.500e+01 ; 9.600e+00 ; 1.400e+00 ; 5.8667002e+01 ; 9.5578491e+01 
3.500e+01 ; 9.600e+00 ; 1.400e+00 ; 5.8683002e+01 ; 9.5572525e+01 
3.500e+01 ; 9.600e+00 ; 1.400e+00 ; 5.8715002e+01 ; 9.5560562e+01 
3.500e+01 ; 9.600e+00 ; 1.400e+00 ; 5.8779002e+01 ; 9.5536476e+01 
3.500e+01 ; 9.600e+00 ; 1.400e+00 ; 5.8907002e+01 ; 9.5487732e+01 
3.500e+01 ; 9.600e+00 ; 1.400e+00 ; 5.9163002e+01 ; 9.5388374e+01 
3.500e+01 ; 9.600e+00 ; 1.400e+00 ; 5.9500002e+01 ; 9.5255295e+01 
3.500e+01 ; 9.600e+00 ; 1.400e+00 ; 5.9500002e+01 ; 9.5255295e+01 
3.500e+01 ; 9.600e+00 ; 1.400e+00 ; 5.9501002e+01 ; 9.5254906e+01 
3.500e+01 ; 9.600e+00 ; 1.400e+00 ; 5.9502002e+01 ; 9.5254509e+01 
3.500e+01 ; 9.600e+00 ; 1.400e+00 ; 5.9503002e+01 ; 9.5254112e+01 
3.500e+01 ; 9.600e+00 ; 1.400e+00 ; 5.9505002e+01 ; 9.5253326e+01 
3.500e+01 ; 9.600e+00 ; 1.400e+00 ; 5.9509002e+01 ; 9.5251740e+01 
3.500e+01 ; 9.600e+00 ; 1.400e+00 ; 5.9517002e+01 ; 9.5248581e+01 
3.500e+01 ; 9.600e+00 ; 1.400e+00 ; 5.9533002e+01 ; 9.5242249e+01 
3.500e+01 ; 9.600e+00 ; 1.400e+00 ; 5.9565002e+01 ; 9.5229576e+01 
3.500e+01 ; 9.600e+00 ; 1.400e+00 ; 5.9629002e+01 ; 9.5204170e+01 
3.500e+01 ; 9.600e+00 ; 1.400e+00 ; 5.9757002e+01 ; 9.5153229e+01 
3.500e+01 ; 9.600e+00 ; 1.400e+00 ; 6.0013002e+01 ; 9.5051697e+01 
3.500e+01 ; 9.600e+00 ; 1.400e+00 ; 6.0350002e+01 ; 9.4920250e+01 
3.500e+01 ; 9.600e+00 ; 1.400e+00 ; 6.0350002e+01 ; 9.4920250e+01 
3.500e+01 ; 9.600e+00 ; 1.400e+00 ; 6.0351002e+01 ; 9.4919861e+01 
3.500e+01 ; 9.600e+00 ; 1.400e+00 ; 6.0352002e+01 ; 9.4919472e+01 
3.500e+01 ; 9.600e+00 ; 1.400e+00 ; 6.0353002e+01 ; 9.4919083e+01 
3.500e+01 ; 9.600e+00 ; 1.400e+00 ; 6.0355002e+01 ; 9.4918304e+01 
3.500e+01 ; 9.600e+00 ; 1.400e+00 ; 6.0359002e+01 ; 9.4916740e+01 
3.500e+01 ; 9.600e+00 ; 1.400e+00 ; 6.0367002e+01 ; 9.4913628e+01 
3.500e+01 ; 9.600e+00 ; 1.400e+00 ; 6.0383002e+01 ; 9.4907394e+01 
3.500e+01 ; 9.600e+00 ; 1.400e+00 ; 6.0415002e+01 ; 9.4894966e+01 
3.500e+01 ; 9.600e+00 ; 1.400e+00 ; 6.0479002e+01 ; 9.4870239e+01 
3.500e+01 ; 9.600e+00 ; 1.400e+00 ; 6.0607002e+01 ; 9.4821609e+01 
3.500e+01 ; 9.600e+00 ; 1.400e+00 ; 6.0863002e+01 ; 9.4729530e+01 
3.500e+01 ; 9.600e+00 ; 1.400e+00 ; 6.1200002e+01 ; 9.4620262e+01 
3.500e+01 ; 9.600e+00 ; 1.400e+00 ; 6.1200002e+01 ; 9.4620262e+01 
3.500e+01 ; 9.600e+00 ; 1.400e+00 ; 6.1201002e+01 ; 9.4619942e+01 
3.500e+01 ; 9.600e+00 ; 1.400e+00 ; 6.1202002e+01 ; 9.4619614e+01 
3.500e+01 ; 9.600e+00 ; 1.400e+00 ; 6.1203002e+01 ; 9.4619293e+01 
3.500e+01 ; 9.600e+00 ; 1.400e+00 ; 6.1205002e+01 ; 9.4618645e+01 
3.500e+01 ; 9.600e+00 ; 1.400e+00 ; 6.1209002e+01 ; 9.4617355e+01 
3.500e+01 ; 9.600e+00 ; 1.400e+00 ; 6.1217002e+01 ; 9.4614777e+01 
3.500e+01 ; 9.600e+00 ; 1.400e+00 ; 6.1233002e+01 ; 9.4609642e+01 
3.500e+01 ; 9.600e+00 ; 1.400e+00 ; 6.1265002e+01 ; 9.4599503e+01 
3.500e+01 ; 9.600e+00 ; 1.400e+00 ; 6.1329002e+01 ; 9.4579750e+01 
3.500e+01 ; 9.600e+00 ; 1.400e+00 ; 6.1457002e+01 ; 9.4542763e+01 
3.500e+01 ; 9.600e+00 ; 1.400e+00 ; 6.1713002e+01 ; 9.4481400e+01 
3.500e+01 ; 9.600e+00 ; 1.400e+00 ; 6.2050002e+01 ; 9.4425659e+01 
3.500e+01 ; 9.600e+00 ; 1.400e+00 ; 6.2050002e+01 ; 9.4425659e+01 
3.500e+01 ; 9.600e+00 ; 1.400e+00 ; 6.2051002e+01 ; 9.4425499e+01 
3.500e+01 ; 9.600e+00 ; 1.400e+00 ; 6.2052002e+01 ; 9.4425331e+01 
3.500e+01 ; 9.600e+00 ; 1.400e+00 ; 6.2053002e+01 ; 9.4425171e+01 
3.500e+01 ; 9.600e+00 ; 1.400e+00 ; 6.2055002e+01 ; 9.4424843e+01 
3.500e+01 ; 9.600e+00 ; 1.400e+00 ; 6.2059002e+01 ; 9.4424187e+01 
3.500e+01 ; 9.600e+00 ; 1.400e+00 ; 6.2067002e+01 ; 9.4422890e+01 
3.500e+01 ; 9.600e+00 ; 1.400e+00 ; 6.2083002e+01 ; 9.4420364e+01 
3.500e+01 ; 9.600e+00 ; 1.400e+00 ; 6.2115002e+01 ; 9.4415543e+01 
3.500e+01 ; 9.600e+00 ; 1.400e+00 ; 6.2179002e+01 ; 9.4406898e+01 
3.500e+01 ; 9.600e+00 ; 1.400e+00 ; 6.2307002e+01 ; 9.4393875e+01 
3.500e+01 ; 9.600e+00 ; 1.400e+00 ; 6.2563002e+01 ; 9.4386398e+01 
3.500e+01 ; 9.600e+00 ; 1.400e+00 ; 6.2900002e+01 ; 9.4409157e+01 
3.500e+01 ; 9.600e+00 ; 1.400e+00 ; 6.2900002e+01 ; 9.4409157e+01 
3.500e+01 ; 9.600e+00 ; 1.400e+00 ; 6.2901002e+01 ; 9.4409225e+01 
3.500e+01 ; 9.600e+00 ; 1.400e+00 ; 6.2902002e+01 ; 9.4409294e+01 
3.500e+01 ; 9.600e+00 ; 1.400e+00 ; 6.2903002e+01 ; 9.4409363e+01 
3.500e+01 ; 9.600e+00 ; 1.400e+00 ; 6.2905002e+01 ; 9.4409500e+01 
3.500e+01 ; 9.600e+00 ; 1.400e+00 ; 6.2909002e+01 ; 9.4409775e+01 
3.500e+01 ; 9.600e+00 ; 1.400e+00 ; 6.2917002e+01 ; 9.4410355e+01 
3.500e+01 ; 9.600e+00 ; 1.400e+00 ; 6.2933002e+01 ; 9.4411591e+01 
3.500e+01 ; 9.600e+00 ; 1.400e+00 ; 6.2965002e+01 ; 9.4414352e+01 
3.500e+01 ; 9.600e+00 ; 1.400e+00 ; 6.3029002e+01 ; 9.4421074e+01 
3.500e+01 ; 9.600e+00 ; 1.400e+00 ; 6.3157002e+01 ; 9.4439308e+01 
3.500e+01 ; 9.600e+00 ; 1.400e+00 ; 6.3413002e+01 ; 9.4494232e+01 
3.500e+01 ; 9.600e+00 ; 1.400e+00 ; 6.3750002e+01 ; 9.4595032e+01 
3.500e+01 ; 9.600e+00 ; 1.400e+00 ; 6.3750002e+01 ; 9.4595032e+01 
3.500e+01 ; 9.600e+00 ; 1.400e+00 ; 6.3751002e+01 ; 9.4595329e+01 
3.500e+01 ; 9.600e+00 ; 1.400e+00 ; 6.3752002e+01 ; 9.4595634e+01 
3.500e+01 ; 9.600e+00 ; 1.400e+00 ; 6.3753002e+01 ; 9.4595932e+01 
3.500e+01 ; 9.600e+00 ; 1.400e+00 ; 6.3755002e+01 ; 9.4596535e+01 
3.500e+01 ; 9.600e+00 ; 1.400e+00 ; 6.3759002e+01 ; 9.4597740e+01 
3.500e+01 ; 9.600e+00 ; 1.400e+00 ; 6.3767002e+01 ; 9.4600166e+01 
3.500e+01 ; 9.600e+00 ; 1.400e+00 ; 6.3783002e+01 ; 9.4605080e+01 
3.500e+01 ; 9.600e+00 ; 1.400e+00 ; 6.3815002e+01 ; 9.4615166e+01 
3.500e+01 ; 9.600e+00 ; 1.400e+00 ; 6.3879002e+01 ; 9.4636314e+01 
3.500e+01 ; 9.600e+00 ; 1.400e+00 ; 6.4007002e+01 ; 9.4682281e+01 
3.500e+01 ; 9.600e+00 ; 1.400e+00 ; 6.4263002e+01 ; 9.4786644e+01 
3.500e+01 ; 9.600e+00 ; 1.400e+00 ; 6.4600002e+01 ; 9.4940247e+01 
3.500e+01 ; 9.600e+00 ; 1.400e+00 ; 6.4600002e+01 ; 9.4940247e+01 
3.500e+01 ; 9.600e+00 ; 1.400e+00 ; 6.4601002e+01 ; 9.4940697e+01 
3.500e+01 ; 9.600e+00 ; 1.400e+00 ; 6.4602002e+01 ; 9.4941154e+01 
3.500e+01 ; 9.600e+00 ; 1.400e+00 ; 6.4603002e+01 ; 9.4941612e+01 
3.500e+01 ; 9.600e+00 ; 1.400e+00 ; 6.4605002e+01 ; 9.4942528e+01 
3.500e+01 ; 9.600e+00 ; 1.400e+00 ; 6.4609002e+01 ; 9.4944351e+01 
3.500e+01 ; 9.600e+00 ; 1.400e+00 ; 6.4617002e+01 ; 9.4948021e+01 
3.500e+01 ; 9.600e+00 ; 1.400e+00 ; 6.4633002e+01 ; 9.4955383e+01 
3.500e+01 ; 9.600e+00 ; 1.400e+00 ; 6.4665002e+01 ; 9.4970253e+01 
3.500e+01 ; 9.600e+00 ; 1.400e+00 ; 6.4729002e+01 ; 9.5000504e+01 
3.500e+01 ; 9.600e+00 ; 1.400e+00 ; 6.4857002e+01 ; 9.5062744e+01 
3.500e+01 ; 9.600e+00 ; 1.400e+00 ; 6.5113002e+01 ; 9.5191902e+01 
3.500e+01 ; 9.600e+00 ; 1.400e+00 ; 6.5450002e+01 ; 9.5365387e+01 
3.500e+01 ; 9.600e+00 ; 1.400e+00 ; 6.5450002e+01 ; 9.5365387e+01 
3.500e+01 ; 9.600e+00 ; 1.400e+00 ; 6.5451002e+01 ; 9.5365906e+01 
3.500e+01 ; 9.600e+00 ; 1.400e+00 ; 6.5452002e+01 ; 9.5366417e+01 
3.500e+01 ; 9.600e+00 ; 1.400e+00 ; 6.5453002e+01 ; 9.5366936e+01 
3.500e+01 ; 9.600e+00 ; 1.400e+00 ; 6.5455002e+01 ; 9.5367966e+01 
3.500e+01 ; 9.600e+00 ; 1.400e+00 ; 6.5459002e+01 ; 9.5370026e+01 
3.500e+01 ; 9.600e+00 ; 1.400e+00 ; 6.5467002e+01 ; 9.5374146e+01 
3.500e+01 ; 9.600e+00 ; 1.400e+00 ; 6.5483002e+01 ; 9.5382401e+01 
3.500e+01 ; 9.600e+00 ; 1.400e+00 ; 6.5515002e+01 ; 9.5398926e+01 
3.500e+01 ; 9.600e+00 ; 1.400e+00 ; 6.5579002e+01 ; 9.5432045e+01 
3.500e+01 ; 9.600e+00 ; 1.400e+00 ; 6.5707002e+01 ; 9.5498299e+01 
3.500e+01 ; 9.600e+00 ; 1.400e+00 ; 6.5963002e+01 ; 9.5629349e+01 
3.500e+01 ; 9.600e+00 ; 1.400e+00 ; 6.6300002e+01 ; 9.5796425e+01 
3.500e+01 ; 9.600e+00 ; 1.400e+00 ; 6.6300002e+01 ; 9.5796425e+01 
3.500e+01 ; 9.600e+00 ; 1.400e+00 ; 6.6301002e+01 ; 9.5796921e+01 
3.500e+01 ; 9.600e+00 ; 1.400e+00 ; 6.6302002e+01 ; 9.5797417e+01 
3.500e+01 ; 9.600e+00 ; 1.400e+00 ; 6.6303002e+01 ; 9.5797913e+01 
3.500e+01 ; 9.600e+00 ; 1.400e+00 ; 6.6305002e+01 ; 9.5798904e+01 
3.500e+01 ; 9.600e+00 ; 1.400e+00 ; 6.6309002e+01 ; 9.5800880e+01 
3.500e+01 ; 9.600e+00 ; 1.400e+00 ; 6.6317002e+01 ; 9.5804840e+01 
3.500e+01 ; 9.600e+00 ; 1.400e+00 ; 6.6333002e+01 ; 9.5812752e+01 
3.500e+01 ; 9.600e+00 ; 1.400e+00 ; 6.6365002e+01 ; 9.5828506e+01 
3.500e+01 ; 9.600e+00 ; 1.400e+00 ; 6.6429002e+01 ; 9.5859787e+01 
3.500e+01 ; 9.600e+00 ; 1.400e+00 ; 6.6557002e+01 ; 9.5921288e+01 
3.500e+01 ; 9.600e+00 ; 1.400e+00 ; 6.6813002e+01 ; 9.6039177e+01 
3.500e+01 ; 9.600e+00 ; 1.400e+00 ; 6.7150002e+01 ; 9.6184120e+01 
3.500e+01 ; 9.600e+00 ; 1.400e+00 ; 6.7150002e+01 ; 9.6184120e+01 
3.500e+01 ; 9.600e+00 ; 1.400e+00 ; 6.7151002e+01 ; 9.6184547e+01 
3.500e+01 ; 9.600e+00 ; 1.400e+00 ; 6.7152002e+01 ; 9.6184975e+01 
3.500e+01 ; 9.600e+00 ; 1.400e+00 ; 6.7153002e+01 ; 9.6185410e+01 
3.500e+01 ; 9.600e+00 ; 1.400e+00 ; 6.7155002e+01 ; 9.6186264e+01 
3.500e+01 ; 9.600e+00 ; 1.400e+00 ; 6.7159002e+01 ; 9.6187981e+01 
3.500e+01 ; 9.600e+00 ; 1.400e+00 ; 6.7167002e+01 ; 9.6191414e+01 
3.500e+01 ; 9.600e+00 ; 1.400e+00 ; 6.7183002e+01 ; 9.6198242e+01 
3.500e+01 ; 9.600e+00 ; 1.400e+00 ; 6.7215002e+01 ; 9.6211815e+01 
3.500e+01 ; 9.600e+00 ; 1.400e+00 ; 6.7279002e+01 ; 9.6238571e+01 
3.500e+01 ; 9.600e+00 ; 1.400e+00 ; 6.7407002e+01 ; 9.6290482e+01 
3.500e+01 ; 9.600e+00 ; 1.400e+00 ; 6.7663002e+01 ; 9.6387566e+01 
3.500e+01 ; 9.600e+00 ; 1.400e+00 ; 6.8000002e+01 ; 9.6503296e+01 
3.500e+01 ; 9.600e+00 ; 1.400e+00 ; 6.8000002e+01 ; 9.6503296e+01 
3.500e+01 ; 9.600e+00 ; 1.400e+00 ; 6.8001002e+01 ; 9.6503639e+01 
3.500e+01 ; 9.600e+00 ; 1.400e+00 ; 6.8002002e+01 ; 9.6503983e+01 
3.500e+01 ; 9.600e+00 ; 1.400e+00 ; 6.8003002e+01 ; 9.6504326e+01 
3.500e+01 ; 9.600e+00 ; 1.400e+00 ; 6.8005002e+01 ; 9.6505013e+01 
3.500e+01 ; 9.600e+00 ; 1.400e+00 ; 6.8009002e+01 ; 9.6506386e+01 
3.500e+01 ; 9.600e+00 ; 1.400e+00 ; 6.8017002e+01 ; 9.6509117e+01 
3.500e+01 ; 9.600e+00 ; 1.400e+00 ; 6.8033002e+01 ; 9.6514557e+01 
3.500e+01 ; 9.600e+00 ; 1.400e+00 ; 6.8065002e+01 ; 9.6525322e+01 
3.500e+01 ; 9.600e+00 ; 1.400e+00 ; 6.8129002e+01 ; 9.6546417e+01 
3.500e+01 ; 9.600e+00 ; 1.400e+00 ; 6.8257002e+01 ; 9.6586838e+01 
3.500e+01 ; 9.600e+00 ; 1.400e+00 ; 6.8513002e+01 ; 9.6660622e+01 
3.500e+01 ; 9.600e+00 ; 1.400e+00 ; 6.8850002e+01 ; 9.6745689e+01 
3.500e+01 ; 9.600e+00 ; 1.400e+00 ; 6.8850002e+01 ; 9.6745689e+01 
3.500e+01 ; 9.600e+00 ; 1.400e+00 ; 6.8851002e+01 ; 9.6745941e+01 
3.500e+01 ; 9.600e+00 ; 1.400e+00 ; 6.8852002e+01 ; 9.6746201e+01 
3.500e+01 ; 9.600e+00 ; 1.400e+00 ; 6.8853002e+01 ; 9.6746452e+01 
3.500e+01 ; 9.600e+00 ; 1.400e+00 ; 6.8855002e+01 ; 9.6746956e+01 
3.500e+01 ; 9.600e+00 ; 1.400e+00 ; 6.8859002e+01 ; 9.6747955e+01 
3.500e+01 ; 9.600e+00 ; 1.400e+00 ; 6.8867002e+01 ; 9.6749962e+01 
3.500e+01 ; 9.600e+00 ; 1.400e+00 ; 6.8883002e+01 ; 9.6753944e+01 
3.500e+01 ; 9.600e+00 ; 1.400e+00 ; 6.8915002e+01 ; 9.6761803e+01 
3.500e+01 ; 9.600e+00 ; 1.400e+00 ; 6.8979002e+01 ; 9.6777084e+01 
3.500e+01 ; 9.600e+00 ; 1.400e+00 ; 6.9107002e+01 ; 9.6805946e+01 
3.500e+01 ; 9.600e+00 ; 1.400e+00 ; 6.9363002e+01 ; 9.6856995e+01 
3.500e+01 ; 9.600e+00 ; 1.400e+00 ; 6.9700002e+01 ; 9.6913116e+01 
3.500e+01 ; 9.600e+00 ; 1.400e+00 ; 6.9700002e+01 ; 9.6913116e+01 
3.500e+01 ; 9.600e+00 ; 1.400e+00 ; 6.9701002e+01 ; 9.6913284e+01 
3.500e+01 ; 9.600e+00 ; 1.400e+00 ; 6.9702002e+01 ; 9.6913445e+01 
3.500e+01 ; 9.600e+00 ; 1.400e+00 ; 6.9703002e+01 ; 9.6913612e+01 
3.500e+01 ; 9.600e+00 ; 1.400e+00 ; 6.9705002e+01 ; 9.6913948e+01 
3.500e+01 ; 9.600e+00 ; 1.400e+00 ; 6.9709002e+01 ; 9.6914612e+01 
3.500e+01 ; 9.600e+00 ; 1.400e+00 ; 6.9717002e+01 ; 9.6915924e+01 
3.500e+01 ; 9.600e+00 ; 1.400e+00 ; 6.9733002e+01 ; 9.6918541e+01 
3.500e+01 ; 9.600e+00 ; 1.400e+00 ; 6.9765002e+01 ; 9.6923668e+01 
3.500e+01 ; 9.600e+00 ; 1.400e+00 ; 6.9829002e+01 ; 9.6933533e+01 
3.500e+01 ; 9.600e+00 ; 1.400e+00 ; 6.9957002e+01 ; 9.6951714e+01 
3.500e+01 ; 9.600e+00 ; 1.400e+00 ; 7.0213002e+01 ; 9.6982155e+01 
3.500e+01 ; 9.600e+00 ; 1.400e+00 ; 7.0550002e+01 ; 9.7012558e+01 
3.500e+01 ; 9.600e+00 ; 1.400e+00 ; 7.0550002e+01 ; 9.7012558e+01 
3.500e+01 ; 9.600e+00 ; 1.400e+00 ; 7.0551002e+01 ; 9.7012642e+01 
3.500e+01 ; 9.600e+00 ; 1.400e+00 ; 7.0552002e+01 ; 9.7012733e+01 
3.500e+01 ; 9.600e+00 ; 1.400e+00 ; 7.0553002e+01 ; 9.7012825e+01 
3.500e+01 ; 9.600e+00 ; 1.400e+00 ; 7.0555002e+01 ; 9.7013008e+01 
3.500e+01 ; 9.600e+00 ; 1.400e+00 ; 7.0559002e+01 ; 9.7013367e+01 
3.500e+01 ; 9.600e+00 ; 1.400e+00 ; 7.0567002e+01 ; 9.7014076e+01 
3.500e+01 ; 9.600e+00 ; 1.400e+00 ; 7.0583002e+01 ; 9.7015472e+01 
3.500e+01 ; 9.600e+00 ; 1.400e+00 ; 7.0615002e+01 ; 9.7018181e+01 
3.500e+01 ; 9.600e+00 ; 1.400e+00 ; 7.0679002e+01 ; 9.7023262e+01 
3.500e+01 ; 9.600e+00 ; 1.400e+00 ; 7.0807002e+01 ; 9.7032097e+01 
3.500e+01 ; 9.600e+00 ; 1.400e+00 ; 7.1063002e+01 ; 9.7044701e+01 
3.500e+01 ; 9.600e+00 ; 1.400e+00 ; 7.1400002e+01 ; 9.7053123e+01 
3.500e+01 ; 9.600e+00 ; 1.400e+00 ; 7.1400002e+01 ; 9.7053123e+01 
3.500e+01 ; 9.600e+00 ; 1.400e+00 ; 7.1401002e+01 ; 9.7053146e+01 
3.500e+01 ; 9.600e+00 ; 1.400e+00 ; 7.1402002e+01 ; 9.7053177e+01 
3.500e+01 ; 9.600e+00 ; 1.400e+00 ; 7.1403002e+01 ; 9.7053200e+01 
3.500e+01 ; 9.600e+00 ; 1.400e+00 ; 7.1405002e+01 ; 9.7053246e+01 
3.500e+01 ; 9.600e+00 ; 1.400e+00 ; 7.1409002e+01 ; 9.7053345e+01 
3.500e+01 ; 9.600e+00 ; 1.400e+00 ; 7.1417002e+01 ; 9.7053535e+01 
3.500e+01 ; 9.600e+00 ; 1.400e+00 ; 7.1433002e+01 ; 9.7053894e+01 
3.500e+01 ; 9.600e+00 ; 1.400e+00 ; 7.1465002e+01 ; 9.7054550e+01 
3.500e+01 ; 9.600e+00 ; 1.400e+00 ; 7.1529002e+01 ; 9.7055565e+01 
3.500e+01 ; 9.600e+00 ; 1.400e+00 ; 7.1657002e+01 ; 9.7056488e+01 
3.500e+01 ; 9.600e+00 ; 1.400e+00 ; 7.1913002e+01 ; 9.7054153e+01 
3.500e+01 ; 9.600e+00 ; 1.400e+00 ; 7.2250002e+01 ; 9.7044441e+01 
3.500e+01 ; 9.600e+00 ; 1.400e+00 ; 7.2250002e+01 ; 9.7044441e+01 
3.500e+01 ; 9.600e+00 ; 1.400e+00 ; 7.2251002e+01 ; 9.7044411e+01 
3.500e+01 ; 9.600e+00 ; 1.400e+00 ; 7.2252002e+01 ; 9.7044380e+01 
3.500e+01 ; 9.600e+00 ; 1.400e+00 ; 7.2253002e+01 ; 9.7044350e+01 
3.500e+01 ; 9.600e+00 ; 1.400e+00 ; 7.2255002e+01 ; 9.7044296e+01 
3.500e+01 ; 9.600e+00 ; 1.400e+00 ; 7.2259002e+01 ; 9.7044174e+01 
3.500e+01 ; 9.600e+00 ; 1.400e+00 ; 7.2267002e+01 ; 9.7043938e+01 
3.500e+01 ; 9.600e+00 ; 1.400e+00 ; 7.2283002e+01 ; 9.7043442e+01 
3.500e+01 ; 9.600e+00 ; 1.400e+00 ; 7.2315002e+01 ; 9.7042404e+01 
3.500e+01 ; 9.600e+00 ; 1.400e+00 ; 7.2379002e+01 ; 9.7040085e+01 
3.500e+01 ; 9.600e+00 ; 1.400e+00 ; 7.2507002e+01 ; 9.7034561e+01 
3.500e+01 ; 9.600e+00 ; 1.400e+00 ; 7.2763002e+01 ; 9.7020256e+01 
3.500e+01 ; 9.600e+00 ; 1.400e+00 ; 7.3100002e+01 ; 9.6996490e+01 
3.500e+01 ; 9.600e+00 ; 1.400e+00 ; 7.3100002e+01 ; 9.6996490e+01 
3.500e+01 ; 9.600e+00 ; 1.400e+00 ; 7.3101002e+01 ; 9.6996422e+01 
3.500e+01 ; 9.600e+00 ; 1.400e+00 ; 7.3102002e+01 ; 9.6996353e+01 
3.500e+01 ; 9.600e+00 ; 1.400e+00 ; 7.3103002e+01 ; 9.6996277e+01 
3.500e+01 ; 9.600e+00 ; 1.400e+00 ; 7.3105002e+01 ; 9.6996140e+01 
3.500e+01 ; 9.600e+00 ; 1.400e+00 ; 7.3109002e+01 ; 9.6995857e+01 
3.500e+01 ; 9.600e+00 ; 1.400e+00 ; 7.3117002e+01 ; 9.6995285e+01 
3.500e+01 ; 9.600e+00 ; 1.400e+00 ; 7.3133002e+01 ; 9.6994133e+01 
3.500e+01 ; 9.600e+00 ; 1.400e+00 ; 7.3165002e+01 ; 9.6991791e+01 
3.500e+01 ; 9.600e+00 ; 1.400e+00 ; 7.3229002e+01 ; 9.6986931e+01 
3.500e+01 ; 9.600e+00 ; 1.400e+00 ; 7.3357002e+01 ; 9.6976578e+01 
3.500e+01 ; 9.600e+00 ; 1.400e+00 ; 7.3613002e+01 ; 9.6953766e+01 
3.500e+01 ; 9.600e+00 ; 1.400e+00 ; 7.3950002e+01 ; 9.6920998e+01 
3.500e+01 ; 9.600e+00 ; 1.400e+00 ; 7.3950002e+01 ; 9.6920998e+01 
3.500e+01 ; 9.600e+00 ; 1.400e+00 ; 7.3951002e+01 ; 9.6920906e+01 
3.500e+01 ; 9.600e+00 ; 1.400e+00 ; 7.3952002e+01 ; 9.6920807e+01 
3.500e+01 ; 9.600e+00 ; 1.400e+00 ; 7.3953002e+01 ; 9.6920708e+01 
3.500e+01 ; 9.600e+00 ; 1.400e+00 ; 7.3955002e+01 ; 9.6920517e+01 
3.500e+01 ; 9.600e+00 ; 1.400e+00 ; 7.3959002e+01 ; 9.6920128e+01 
3.500e+01 ; 9.600e+00 ; 1.400e+00 ; 7.3967002e+01 ; 9.6919342e+01 
3.500e+01 ; 9.600e+00 ; 1.400e+00 ; 7.3983002e+01 ; 9.6917778e+01 
3.500e+01 ; 9.600e+00 ; 1.400e+00 ; 7.4015002e+01 ; 9.6914619e+01 
3.500e+01 ; 9.600e+00 ; 1.400e+00 ; 7.4079002e+01 ; 9.6908211e+01 
3.500e+01 ; 9.600e+00 ; 1.400e+00 ; 7.4207002e+01 ; 9.6895119e+01 
3.500e+01 ; 9.600e+00 ; 1.400e+00 ; 7.4463002e+01 ; 9.6868301e+01 
3.500e+01 ; 9.600e+00 ; 1.400e+00 ; 7.4800002e+01 ; 9.6833015e+01 
3.500e+01 ; 9.600e+00 ; 1.400e+00 ; 7.4800002e+01 ; 9.6833015e+01 
3.500e+01 ; 9.600e+00 ; 1.400e+00 ; 7.4801002e+01 ; 9.6832909e+01 
3.500e+01 ; 9.600e+00 ; 1.400e+00 ; 7.4802002e+01 ; 9.6832802e+01 
3.500e+01 ; 9.600e+00 ; 1.400e+00 ; 7.4803002e+01 ; 9.6832703e+01 
3.500e+01 ; 9.600e+00 ; 1.400e+00 ; 7.4805002e+01 ; 9.6832489e+01 
3.500e+01 ; 9.600e+00 ; 1.400e+00 ; 7.4809002e+01 ; 9.6832069e+01 
3.500e+01 ; 9.600e+00 ; 1.400e+00 ; 7.4817002e+01 ; 9.6831230e+01 
3.500e+01 ; 9.600e+00 ; 1.400e+00 ; 7.4833002e+01 ; 9.6829559e+01 
3.500e+01 ; 9.600e+00 ; 1.400e+00 ; 7.4865002e+01 ; 9.6826210e+01 
3.500e+01 ; 9.600e+00 ; 1.400e+00 ; 7.4929002e+01 ; 9.6819534e+01 
3.500e+01 ; 9.600e+00 ; 1.400e+00 ; 7.5057002e+01 ; 9.6806297e+01 
3.500e+01 ; 9.600e+00 ; 1.400e+00 ; 7.5313002e+01 ; 9.6780846e+01 
3.500e+01 ; 9.600e+00 ; 1.400e+00 ; 7.5650002e+01 ; 9.6750069e+01 
3.500e+01 ; 9.600e+00 ; 1.400e+00 ; 7.5650002e+01 ; 9.6750069e+01 
3.500e+01 ; 9.600e+00 ; 1.400e+00 ; 7.5651002e+01 ; 9.6749977e+01 
3.500e+01 ; 9.600e+00 ; 1.400e+00 ; 7.5652002e+01 ; 9.6749886e+01 
3.500e+01 ; 9.600e+00 ; 1.400e+00 ; 7.5653002e+01 ; 9.6749794e+01 
3.500e+01 ; 9.600e+00 ; 1.400e+00 ; 7.5655002e+01 ; 9.6749611e+01 
3.500e+01 ; 9.600e+00 ; 1.400e+00 ; 7.5659002e+01 ; 9.6749245e+01 
3.500e+01 ; 9.600e+00 ; 1.400e+00 ; 7.5667002e+01 ; 9.6748520e+01 
3.500e+01 ; 9.600e+00 ; 1.400e+00 ; 7.5683002e+01 ; 9.6747070e+01 
3.500e+01 ; 9.600e+00 ; 1.400e+00 ; 7.5715002e+01 ; 9.6744202e+01 
3.500e+01 ; 9.600e+00 ; 1.400e+00 ; 7.5779002e+01 ; 9.6738571e+01 
3.500e+01 ; 9.600e+00 ; 1.400e+00 ; 7.5907002e+01 ; 9.6727806e+01 
3.500e+01 ; 9.600e+00 ; 1.400e+00 ; 7.6163002e+01 ; 9.6708565e+01 
3.500e+01 ; 9.600e+00 ; 1.400e+00 ; 7.6500002e+01 ; 9.6687675e+01 
3.500e+01 ; 9.600e+00 ; 1.400e+00 ; 7.6500002e+01 ; 9.6687675e+01 
3.500e+01 ; 9.600e+00 ; 1.400e+00 ; 7.6501002e+01 ; 9.6687614e+01 
3.500e+01 ; 9.600e+00 ; 1.400e+00 ; 7.6502002e+01 ; 9.6687553e+01 
3.500e+01 ; 9.600e+00 ; 1.400e+00 ; 7.6503002e+01 ; 9.6687485e+01 
3.500e+01 ; 9.600e+00 ; 1.400e+00 ; 7.6505002e+01 ; 9.6687363e+01 
3.500e+01 ; 9.600e+00 ; 1.400e+00 ; 7.6509002e+01 ; 9.6687119e+01 
3.500e+01 ; 9.600e+00 ; 1.400e+00 ; 7.6517002e+01 ; 9.6686630e+01 
3.500e+01 ; 9.600e+00 ; 1.400e+00 ; 7.6533002e+01 ; 9.6685654e+01 
3.500e+01 ; 9.600e+00 ; 1.400e+00 ; 7.6565002e+01 ; 9.6683754e+01 
3.500e+01 ; 9.600e+00 ; 1.400e+00 ; 7.6629002e+01 ; 9.6680115e+01 
3.500e+01 ; 9.600e+00 ; 1.400e+00 ; 7.6757002e+01 ; 9.6673515e+01 
3.500e+01 ; 9.600e+00 ; 1.400e+00 ; 7.7013002e+01 ; 9.6663048e+01 
3.500e+01 ; 9.600e+00 ; 1.400e+00 ; 7.7350002e+01 ; 9.6653824e+01 
3.500e+01 ; 9.600e+00 ; 1.400e+00 ; 7.7350002e+01 ; 9.6653824e+01 
3.500e+01 ; 9.600e+00 ; 1.400e+00 ; 7.7360002e+01 ; 9.6653549e+01 
3.500e+01 ; 9.600e+00 ; 1.400e+00 ; 7.7370002e+01 ; 9.6653290e+01 
3.500e+01 ; 9.600e+00 ; 1.400e+00 ; 7.7380002e+01 ; 9.6653023e+01 
3.500e+01 ; 9.600e+00 ; 1.400e+00 ; 7.7400002e+01 ; 9.6652519e+01 
3.500e+01 ; 9.600e+00 ; 1.400e+00 ; 7.7440002e+01 ; 9.6651566e+01 
3.500e+01 ; 9.600e+00 ; 1.400e+00 ; 7.7520002e+01 ; 9.6649910e+01 
3.500e+01 ; 9.600e+00 ; 1.400e+00 ; 7.7680002e+01 ; 9.6647560e+01 
3.500e+01 ; 9.600e+00 ; 1.400e+00 ; 7.8000002e+01 ; 9.6646156e+01 
3.500e+01 ; 9.600e+00 ; 1.400e+00 ; 7.8640002e+01 ; 9.6651207e+01 
3.500e+01 ; 9.600e+00 ; 1.400e+00 ; 7.9920002e+01 ; 9.6653793e+01 
3.500e+01 ; 9.600e+00 ; 1.400e+00 ; 8.1840002e+01 ; 9.6569427e+01 
3.500e+01 ; 9.600e+00 ; 1.400e+00 ; 8.2350002e+01 ; 9.6539772e+01