X ; Y ; Z ; time ; Temperature 
3.500e+01 ; 8.800e+00 ; 2.100e+00 ; 0.0000000e+00 ; 2.2200000e+02 
3.500e+01 ; 8.800e+00 ; 2.100e+00 ; 1.0000000e-03 ; 2.2200000e+02 
3.500e+01 ; 8.800e+00 ; 2.100e+00 ; 2.0000001e-03 ; 2.2200000e+02 
3.500e+01 ; 8.800e+00 ; 2.100e+00 ; 3.0000000e-03 ; 2.2200000e+02 
3.500e+01 ; 8.800e+00 ; 2.100e+00 ; 4.9999999e-03 ; 2.2200000e+02 
3.500e+01 ; 8.800e+00 ; 2.100e+00 ; 8.9999996e-03 ; 2.2200000e+02 
3.500e+01 ; 8.800e+00 ; 2.100e+00 ; 1.7000001e-02 ; 2.2200000e+02 
3.500e+01 ; 8.800e+00 ; 2.100e+00 ; 3.3000000e-02 ; 2.2200000e+02 
3.500e+01 ; 8.800e+00 ; 2.100e+00 ; 6.4999998e-02 ; 2.2200000e+02 
3.500e+01 ; 8.800e+00 ; 2.100e+00 ; 1.2899999e-01 ; 2.2200000e+02 
3.500e+01 ; 8.800e+00 ; 2.100e+00 ; 2.5700000e-01 ; 2.2200000e+02 
3.500e+01 ; 8.800e+00 ; 2.100e+00 ; 5.1300001e-01 ; 2.2200000e+02 
3.500e+01 ; 8.800e+00 ; 2.100e+00 ; 7.6899999e-01 ; 2.2200000e+02 
3.500e+01 ; 8.800e+00 ; 2.100e+00 ; 8.5000002e-01 ; 2.2200000e+02 
3.500e+01 ; 8.800e+00 ; 2.100e+00 ; 8.5000002e-01 ; 2.2200000e+02 
3.500e+01 ; 8.800e+00 ; 2.100e+00 ; 8.5100002e-01 ; 2.2200000e+02 
3.500e+01 ; 8.800e+00 ; 2.100e+00 ; 8.5200002e-01 ; 2.2200000e+02 
3.500e+01 ; 8.800e+00 ; 2.100e+00 ; 8.5300002e-01 ; 2.2200000e+02 
3.500e+01 ; 8.800e+00 ; 2.100e+00 ; 8.5500002e-01 ; 2.2200000e+02 
3.500e+01 ; 8.800e+00 ; 2.100e+00 ; 8.5900002e-01 ; 2.2200000e+02 
3.500e+01 ; 8.800e+00 ; 2.100e+00 ; 8.6700002e-01 ; 2.2200000e+02 
3.500e+01 ; 8.800e+00 ; 2.100e+00 ; 8.8300002e-01 ; 2.2200000e+02 
3.500e+01 ; 8.800e+00 ; 2.100e+00 ; 9.1500002e-01 ; 2.2200000e+02 
3.500e+01 ; 8.800e+00 ; 2.100e+00 ; 9.7900002e-01 ; 2.2200000e+02 
3.500e+01 ; 8.800e+00 ; 2.100e+00 ; 1.1070000e+00 ; 2.2200000e+02 
3.500e+01 ; 8.800e+00 ; 2.100e+00 ; 1.3630000e+00 ; 2.2200000e+02 
3.500e+01 ; 8.800e+00 ; 2.100e+00 ; 1.7000000e+00 ; 2.2200000e+02 
3.500e+01 ; 8.800e+00 ; 2.100e+00 ; 1.7000000e+00 ; 2.2200000e+02 
3.500e+01 ; 8.800e+00 ; 2.100e+00 ; 1.7010000e+00 ; 2.2200000e+02 
3.500e+01 ; 8.800e+00 ; 2.100e+00 ; 1.7020000e+00 ; 2.2200000e+02 
3.500e+01 ; 8.800e+00 ; 2.100e+00 ; 1.7030000e+00 ; 2.2200000e+02 
3.500e+01 ; 8.800e+00 ; 2.100e+00 ; 1.7050000e+00 ; 2.2200000e+02 
3.500e+01 ; 8.800e+00 ; 2.100e+00 ; 1.7090000e+00 ; 2.2200000e+02 
3.500e+01 ; 8.800e+00 ; 2.100e+00 ; 1.7170000e+00 ; 2.2200000e+02 
3.500e+01 ; 8.800e+00 ; 2.100e+00 ; 1.7330000e+00 ; 2.2200000e+02 
3.500e+01 ; 8.800e+00 ; 2.100e+00 ; 1.7650000e+00 ; 2.2200000e+02 
3.500e+01 ; 8.800e+00 ; 2.100e+00 ; 1.8290000e+00 ; 2.2200000e+02 
3.500e+01 ; 8.800e+00 ; 2.100e+00 ; 1.9570000e+00 ; 2.2200000e+02 
3.500e+01 ; 8.800e+00 ; 2.100e+00 ; 2.2130001e+00 ; 2.2200000e+02 
3.500e+01 ; 8.800e+00 ; 2.100e+00 ; 2.5500001e+00 ; 2.2200000e+02 
3.500e+01 ; 8.800e+00 ; 2.100e+00 ; 2.5500001e+00 ; 2.2200000e+02 
3.500e+01 ; 8.800e+00 ; 2.100e+00 ; 2.5510001e+00 ; 2.2200000e+02 
3.500e+01 ; 8.800e+00 ; 2.100e+00 ; 2.5520001e+00 ; 2.2200000e+02 
3.500e+01 ; 8.800e+00 ; 2.100e+00 ; 2.5530001e+00 ; 2.2200000e+02 
3.500e+01 ; 8.800e+00 ; 2.100e+00 ; 2.5550001e+00 ; 2.2200000e+02 
3.500e+01 ; 8.800e+00 ; 2.100e+00 ; 2.5590001e+00 ; 2.2200000e+02 
3.500e+01 ; 8.800e+00 ; 2.100e+00 ; 2.5670001e+00 ; 2.2200000e+02 
3.500e+01 ; 8.800e+00 ; 2.100e+00 ; 2.5830001e+00 ; 2.2200000e+02 
3.500e+01 ; 8.800e+00 ; 2.100e+00 ; 2.6150001e+00 ; 2.2200000e+02 
3.500e+01 ; 8.800e+00 ; 2.100e+00 ; 2.6790001e+00 ; 2.2200000e+02 
3.500e+01 ; 8.800e+00 ; 2.100e+00 ; 2.8070001e+00 ; 2.2200000e+02 
3.500e+01 ; 8.800e+00 ; 2.100e+00 ; 3.0630001e+00 ; 2.2200000e+02 
3.500e+01 ; 8.800e+00 ; 2.100e+00 ; 3.4000001e+00 ; 2.2200000e+02 
3.500e+01 ; 8.800e+00 ; 2.100e+00 ; 3.4000001e+00 ; 2.2200000e+02 
3.500e+01 ; 8.800e+00 ; 2.100e+00 ; 3.4010001e+00 ; 2.2200000e+02 
3.500e+01 ; 8.800e+00 ; 2.100e+00 ; 3.4020001e+00 ; 2.2200000e+02 
3.500e+01 ; 8.800e+00 ; 2.100e+00 ; 3.4030001e+00 ; 2.2200000e+02 
3.500e+01 ; 8.800e+00 ; 2.100e+00 ; 3.4050001e+00 ; 2.2200000e+02 
3.500e+01 ; 8.800e+00 ; 2.100e+00 ; 3.4090001e+00 ; 2.2200000e+02 
3.500e+01 ; 8.800e+00 ; 2.100e+00 ; 3.4170001e+00 ; 2.2200000e+02 
3.500e+01 ; 8.800e+00 ; 2.100e+00 ; 3.4330001e+00 ; 2.2200000e+02 
3.500e+01 ; 8.800e+00 ; 2.100e+00 ; 3.4650001e+00 ; 2.2200000e+02 
3.500e+01 ; 8.800e+00 ; 2.100e+00 ; 3.5290001e+00 ; 2.2200000e+02 
3.500e+01 ; 8.800e+00 ; 2.100e+00 ; 3.6570001e+00 ; 2.2200000e+02 
3.500e+01 ; 8.800e+00 ; 2.100e+00 ; 3.9130001e+00 ; 2.2200000e+02 
3.500e+01 ; 8.800e+00 ; 2.100e+00 ; 4.2500001e+00 ; 2.2200000e+02 
3.500e+01 ; 8.800e+00 ; 2.100e+00 ; 4.2500001e+00 ; 2.2200000e+02 
3.500e+01 ; 8.800e+00 ; 2.100e+00 ; 4.2510001e+00 ; 2.2200000e+02 
3.500e+01 ; 8.800e+00 ; 2.100e+00 ; 4.2520001e+00 ; 2.2200000e+02 
3.500e+01 ; 8.800e+00 ; 2.100e+00 ; 4.2530001e+00 ; 2.2200000e+02 
3.500e+01 ; 8.800e+00 ; 2.100e+00 ; 4.2550001e+00 ; 2.2200000e+02 
3.500e+01 ; 8.800e+00 ; 2.100e+00 ; 4.2590001e+00 ; 2.2200000e+02 
3.500e+01 ; 8.800e+00 ; 2.100e+00 ; 4.2670001e+00 ; 2.2200000e+02 
3.500e+01 ; 8.800e+00 ; 2.100e+00 ; 4.2830001e+00 ; 2.2200000e+02 
3.500e+01 ; 8.800e+00 ; 2.100e+00 ; 4.3150001e+00 ; 2.2200000e+02 
3.500e+01 ; 8.800e+00 ; 2.100e+00 ; 4.3790001e+00 ; 2.2200000e+02 
3.500e+01 ; 8.800e+00 ; 2.100e+00 ; 4.5070001e+00 ; 2.2200000e+02 
3.500e+01 ; 8.800e+00 ; 2.100e+00 ; 4.7630001e+00 ; 2.2200000e+02 
3.500e+01 ; 8.800e+00 ; 2.100e+00 ; 5.1000001e+00 ; 2.2200000e+02 
3.500e+01 ; 8.800e+00 ; 2.100e+00 ; 5.1000001e+00 ; 2.2200000e+02 
3.500e+01 ; 8.800e+00 ; 2.100e+00 ; 5.1010001e+00 ; 2.2200000e+02 
3.500e+01 ; 8.800e+00 ; 2.100e+00 ; 5.1020001e+00 ; 2.2200000e+02 
3.500e+01 ; 8.800e+00 ; 2.100e+00 ; 5.1030001e+00 ; 2.2200000e+02 
3.500e+01 ; 8.800e+00 ; 2.100e+00 ; 5.1050001e+00 ; 2.2200000e+02 
3.500e+01 ; 8.800e+00 ; 2.100e+00 ; 5.1090001e+00 ; 2.2200000e+02 
3.500e+01 ; 8.800e+00 ; 2.100e+00 ; 5.1170001e+00 ; 2.2200000e+02 
3.500e+01 ; 8.800e+00 ; 2.100e+00 ; 5.1330001e+00 ; 2.2200000e+02 
3.500e+01 ; 8.800e+00 ; 2.100e+00 ; 5.1650001e+00 ; 2.2200000e+02 
3.500e+01 ; 8.800e+00 ; 2.100e+00 ; 5.2290001e+00 ; 2.2200000e+02 
3.500e+01 ; 8.800e+00 ; 2.100e+00 ; 5.3570001e+00 ; 2.2200000e+02 
3.500e+01 ; 8.800e+00 ; 2.100e+00 ; 5.6130002e+00 ; 2.2200000e+02 
3.500e+01 ; 8.800e+00 ; 2.100e+00 ; 5.9500002e+00 ; 2.2200000e+02 
3.500e+01 ; 8.800e+00 ; 2.100e+00 ; 5.9500002e+00 ; 2.2200000e+02 
3.500e+01 ; 8.800e+00 ; 2.100e+00 ; 5.9510002e+00 ; 2.2200000e+02 
3.500e+01 ; 8.800e+00 ; 2.100e+00 ; 5.9520002e+00 ; 2.2200000e+02 
3.500e+01 ; 8.800e+00 ; 2.100e+00 ; 5.9530002e+00 ; 2.2200000e+02 
3.500e+01 ; 8.800e+00 ; 2.100e+00 ; 5.9550002e+00 ; 2.2200000e+02 
3.500e+01 ; 8.800e+00 ; 2.100e+00 ; 5.9590002e+00 ; 2.2200000e+02 
3.500e+01 ; 8.800e+00 ; 2.100e+00 ; 5.9670002e+00 ; 2.2200000e+02 
3.500e+01 ; 8.800e+00 ; 2.100e+00 ; 5.9830002e+00 ; 2.2200000e+02 
3.500e+01 ; 8.800e+00 ; 2.100e+00 ; 6.0150002e+00 ; 2.2200000e+02 
3.500e+01 ; 8.800e+00 ; 2.100e+00 ; 6.0790002e+00 ; 2.2200000e+02 
3.500e+01 ; 8.800e+00 ; 2.100e+00 ; 6.2070002e+00 ; 2.2200000e+02 
3.500e+01 ; 8.800e+00 ; 2.100e+00 ; 6.4630002e+00 ; 2.2200000e+02 
3.500e+01 ; 8.800e+00 ; 2.100e+00 ; 6.8000002e+00 ; 2.2200000e+02 
3.500e+01 ; 8.800e+00 ; 2.100e+00 ; 6.8000002e+00 ; 2.2200000e+02 
3.500e+01 ; 8.800e+00 ; 2.100e+00 ; 6.8010002e+00 ; 2.2200000e+02 
3.500e+01 ; 8.800e+00 ; 2.100e+00 ; 6.8020002e+00 ; 2.2200000e+02 
3.500e+01 ; 8.800e+00 ; 2.100e+00 ; 6.8030002e+00 ; 2.2200000e+02 
3.500e+01 ; 8.800e+00 ; 2.100e+00 ; 6.8050002e+00 ; 2.2200000e+02 
3.500e+01 ; 8.800e+00 ; 2.100e+00 ; 6.8090002e+00 ; 2.2200000e+02 
3.500e+01 ; 8.800e+00 ; 2.100e+00 ; 6.8170002e+00 ; 2.2200000e+02 
3.500e+01 ; 8.800e+00 ; 2.100e+00 ; 6.8330002e+00 ; 2.2200000e+02 
3.500e+01 ; 8.800e+00 ; 2.100e+00 ; 6.8650002e+00 ; 2.2200000e+02 
3.500e+01 ; 8.800e+00 ; 2.100e+00 ; 6.9290002e+00 ; 2.2200000e+02 
3.500e+01 ; 8.800e+00 ; 2.100e+00 ; 7.0570002e+00 ; 2.2200000e+02 
3.500e+01 ; 8.800e+00 ; 2.100e+00 ; 7.3130002e+00 ; 2.2200000e+02 
3.500e+01 ; 8.800e+00 ; 2.100e+00 ; 7.6500002e+00 ; 2.2200000e+02 
3.500e+01 ; 8.800e+00 ; 2.100e+00 ; 7.6500002e+00 ; 2.2200000e+02 
3.500e+01 ; 8.800e+00 ; 2.100e+00 ; 7.6510002e+00 ; 2.2200000e+02 
3.500e+01 ; 8.800e+00 ; 2.100e+00 ; 7.6520002e+00 ; 2.2200000e+02 
3.500e+01 ; 8.800e+00 ; 2.100e+00 ; 7.6530002e+00 ; 2.2200000e+02 
3.500e+01 ; 8.800e+00 ; 2.100e+00 ; 7.6550002e+00 ; 2.2200000e+02 
3.500e+01 ; 8.800e+00 ; 2.100e+00 ; 7.6590002e+00 ; 2.2200000e+02 
3.500e+01 ; 8.800e+00 ; 2.100e+00 ; 7.6670002e+00 ; 2.2200000e+02 
3.500e+01 ; 8.800e+00 ; 2.100e+00 ; 7.6830002e+00 ; 2.2200000e+02 
3.500e+01 ; 8.800e+00 ; 2.100e+00 ; 7.7150002e+00 ; 2.2200000e+02 
3.500e+01 ; 8.800e+00 ; 2.100e+00 ; 7.7790002e+00 ; 2.2200000e+02 
3.500e+01 ; 8.800e+00 ; 2.100e+00 ; 7.9070002e+00 ; 2.2200000e+02 
3.500e+01 ; 8.800e+00 ; 2.100e+00 ; 8.1630002e+00 ; 2.2200000e+02 
3.500e+01 ; 8.800e+00 ; 2.100e+00 ; 8.5000002e+00 ; 2.2200000e+02 
3.500e+01 ; 8.800e+00 ; 2.100e+00 ; 8.5000002e+00 ; 2.2200000e+02 
3.500e+01 ; 8.800e+00 ; 2.100e+00 ; 8.5010002e+00 ; 2.2200000e+02 
3.500e+01 ; 8.800e+00 ; 2.100e+00 ; 8.5020002e+00 ; 2.2200000e+02 
3.500e+01 ; 8.800e+00 ; 2.100e+00 ; 8.5030002e+00 ; 2.2200000e+02 
3.500e+01 ; 8.800e+00 ; 2.100e+00 ; 8.5050002e+00 ; 2.2200000e+02 
3.500e+01 ; 8.800e+00 ; 2.100e+00 ; 8.5090002e+00 ; 2.2200000e+02 
3.500e+01 ; 8.800e+00 ; 2.100e+00 ; 8.5170002e+00 ; 2.2200000e+02 
3.500e+01 ; 8.800e+00 ; 2.100e+00 ; 8.5330002e+00 ; 2.2200000e+02 
3.500e+01 ; 8.800e+00 ; 2.100e+00 ; 8.5650002e+00 ; 2.2200000e+02 
3.500e+01 ; 8.800e+00 ; 2.100e+00 ; 8.6290002e+00 ; 2.2200000e+02 
3.500e+01 ; 8.800e+00 ; 2.100e+00 ; 8.7570002e+00 ; 2.2200000e+02 
3.500e+01 ; 8.800e+00 ; 2.100e+00 ; 9.0130002e+00 ; 2.2200000e+02 
3.500e+01 ; 8.800e+00 ; 2.100e+00 ; 9.3500003e+00 ; 2.2200000e+02 
3.500e+01 ; 8.800e+00 ; 2.100e+00 ; 9.3500003e+00 ; 2.2200000e+02 
3.500e+01 ; 8.800e+00 ; 2.100e+00 ; 9.3510003e+00 ; 2.2200000e+02 
3.500e+01 ; 8.800e+00 ; 2.100e+00 ; 9.3520003e+00 ; 2.2200000e+02 
3.500e+01 ; 8.800e+00 ; 2.100e+00 ; 9.3530003e+00 ; 2.2200000e+02 
3.500e+01 ; 8.800e+00 ; 2.100e+00 ; 9.3550003e+00 ; 2.2200000e+02 
3.500e+01 ; 8.800e+00 ; 2.100e+00 ; 9.3590003e+00 ; 2.2200000e+02 
3.500e+01 ; 8.800e+00 ; 2.100e+00 ; 9.3670003e+00 ; 2.2200000e+02 
3.500e+01 ; 8.800e+00 ; 2.100e+00 ; 9.3830003e+00 ; 2.2200000e+02 
3.500e+01 ; 8.800e+00 ; 2.100e+00 ; 9.4150003e+00 ; 2.2200000e+02 
3.500e+01 ; 8.800e+00 ; 2.100e+00 ; 9.4790003e+00 ; 2.2200000e+02 
3.500e+01 ; 8.800e+00 ; 2.100e+00 ; 9.6070003e+00 ; 2.2200000e+02 
3.500e+01 ; 8.800e+00 ; 2.100e+00 ; 9.8630003e+00 ; 2.2200000e+02 
3.500e+01 ; 8.800e+00 ; 2.100e+00 ; 1.0200000e+01 ; 2.2200000e+02 
3.500e+01 ; 8.800e+00 ; 2.100e+00 ; 1.0200000e+01 ; 2.2200000e+02 
3.500e+01 ; 8.800e+00 ; 2.100e+00 ; 1.0201000e+01 ; 2.2200000e+02 
3.500e+01 ; 8.800e+00 ; 2.100e+00 ; 1.0202000e+01 ; 2.2200000e+02 
3.500e+01 ; 8.800e+00 ; 2.100e+00 ; 1.0203000e+01 ; 2.2200000e+02 
3.500e+01 ; 8.800e+00 ; 2.100e+00 ; 1.0205000e+01 ; 2.2200000e+02 
3.500e+01 ; 8.800e+00 ; 2.100e+00 ; 1.0209000e+01 ; 2.2200000e+02 
3.500e+01 ; 8.800e+00 ; 2.100e+00 ; 1.0217000e+01 ; 2.2200000e+02 
3.500e+01 ; 8.800e+00 ; 2.100e+00 ; 1.0233000e+01 ; 2.2200000e+02 
3.500e+01 ; 8.800e+00 ; 2.100e+00 ; 1.0265000e+01 ; 2.2200000e+02 
3.500e+01 ; 8.800e+00 ; 2.100e+00 ; 1.0329000e+01 ; 2.2200000e+02 
3.500e+01 ; 8.800e+00 ; 2.100e+00 ; 1.0457000e+01 ; 2.2200000e+02 
3.500e+01 ; 8.800e+00 ; 2.100e+00 ; 1.0713000e+01 ; 2.2200000e+02 
3.500e+01 ; 8.800e+00 ; 2.100e+00 ; 1.1050000e+01 ; 2.2200000e+02 
3.500e+01 ; 8.800e+00 ; 2.100e+00 ; 1.1050000e+01 ; 2.2200000e+02 
3.500e+01 ; 8.800e+00 ; 2.100e+00 ; 1.1051000e+01 ; 2.2200000e+02 
3.500e+01 ; 8.800e+00 ; 2.100e+00 ; 1.1052000e+01 ; 2.2200000e+02 
3.500e+01 ; 8.800e+00 ; 2.100e+00 ; 1.1053000e+01 ; 2.2200000e+02 
3.500e+01 ; 8.800e+00 ; 2.100e+00 ; 1.1055000e+01 ; 2.2200000e+02 
3.500e+01 ; 8.800e+00 ; 2.100e+00 ; 1.1059000e+01 ; 2.2200000e+02 
3.500e+01 ; 8.800e+00 ; 2.100e+00 ; 1.1067000e+01 ; 2.2200000e+02 
3.500e+01 ; 8.800e+00 ; 2.100e+00 ; 1.1083000e+01 ; 2.2200000e+02 
3.500e+01 ; 8.800e+00 ; 2.100e+00 ; 1.1115000e+01 ; 2.2200000e+02 
3.500e+01 ; 8.800e+00 ; 2.100e+00 ; 1.1179000e+01 ; 2.2200000e+02 
3.500e+01 ; 8.800e+00 ; 2.100e+00 ; 1.1307000e+01 ; 2.2200000e+02 
3.500e+01 ; 8.800e+00 ; 2.100e+00 ; 1.1563000e+01 ; 2.2200000e+02 
3.500e+01 ; 8.800e+00 ; 2.100e+00 ; 1.1900000e+01 ; 2.2200000e+02 
3.500e+01 ; 8.800e+00 ; 2.100e+00 ; 1.1900000e+01 ; 2.2200000e+02 
3.500e+01 ; 8.800e+00 ; 2.100e+00 ; 1.1901000e+01 ; 2.2200000e+02 
3.500e+01 ; 8.800e+00 ; 2.100e+00 ; 1.1902000e+01 ; 2.2200000e+02 
3.500e+01 ; 8.800e+00 ; 2.100e+00 ; 1.1903000e+01 ; 2.2200000e+02 
3.500e+01 ; 8.800e+00 ; 2.100e+00 ; 1.1905000e+01 ; 2.2200000e+02 
3.500e+01 ; 8.800e+00 ; 2.100e+00 ; 1.1909000e+01 ; 2.2200000e+02 
3.500e+01 ; 8.800e+00 ; 2.100e+00 ; 1.1917000e+01 ; 2.2200000e+02 
3.500e+01 ; 8.800e+00 ; 2.100e+00 ; 1.1933000e+01 ; 2.2200000e+02 
3.500e+01 ; 8.800e+00 ; 2.100e+00 ; 1.1965000e+01 ; 2.2200000e+02 
3.500e+01 ; 8.800e+00 ; 2.100e+00 ; 1.2029000e+01 ; 2.2200000e+02 
3.500e+01 ; 8.800e+00 ; 2.100e+00 ; 1.2157000e+01 ; 2.2200000e+02 
3.500e+01 ; 8.800e+00 ; 2.100e+00 ; 1.2413000e+01 ; 2.2200000e+02 
3.500e+01 ; 8.800e+00 ; 2.100e+00 ; 1.2750000e+01 ; 2.2200000e+02 
3.500e+01 ; 8.800e+00 ; 2.100e+00 ; 1.2750000e+01 ; 2.2200000e+02 
3.500e+01 ; 8.800e+00 ; 2.100e+00 ; 1.2751000e+01 ; 2.2200000e+02 
3.500e+01 ; 8.800e+00 ; 2.100e+00 ; 1.2752000e+01 ; 2.2200000e+02 
3.500e+01 ; 8.800e+00 ; 2.100e+00 ; 1.2753000e+01 ; 2.2200000e+02 
3.500e+01 ; 8.800e+00 ; 2.100e+00 ; 1.2755000e+01 ; 2.2200000e+02 
3.500e+01 ; 8.800e+00 ; 2.100e+00 ; 1.2759000e+01 ; 2.2200000e+02 
3.500e+01 ; 8.800e+00 ; 2.100e+00 ; 1.2767000e+01 ; 2.2200000e+02 
3.500e+01 ; 8.800e+00 ; 2.100e+00 ; 1.2783000e+01 ; 2.2200000e+02 
3.500e+01 ; 8.800e+00 ; 2.100e+00 ; 1.2815000e+01 ; 2.2200000e+02 
3.500e+01 ; 8.800e+00 ; 2.100e+00 ; 1.2879000e+01 ; 2.2200000e+02 
3.500e+01 ; 8.800e+00 ; 2.100e+00 ; 1.3007000e+01 ; 2.2200000e+02 
3.500e+01 ; 8.800e+00 ; 2.100e+00 ; 1.3263000e+01 ; 2.2200000e+02 
3.500e+01 ; 8.800e+00 ; 2.100e+00 ; 1.3600000e+01 ; 2.2200000e+02 
3.500e+01 ; 8.800e+00 ; 2.100e+00 ; 1.3600000e+01 ; 2.2200000e+02 
3.500e+01 ; 8.800e+00 ; 2.100e+00 ; 1.3601000e+01 ; 2.2200000e+02 
3.500e+01 ; 8.800e+00 ; 2.100e+00 ; 1.3602000e+01 ; 2.2200000e+02 
3.500e+01 ; 8.800e+00 ; 2.100e+00 ; 1.3603000e+01 ; 2.2200000e+02 
3.500e+01 ; 8.800e+00 ; 2.100e+00 ; 1.3605000e+01 ; 2.2200000e+02 
3.500e+01 ; 8.800e+00 ; 2.100e+00 ; 1.3609000e+01 ; 2.2200000e+02 
3.500e+01 ; 8.800e+00 ; 2.100e+00 ; 1.3617000e+01 ; 2.2200000e+02 
3.500e+01 ; 8.800e+00 ; 2.100e+00 ; 1.3633000e+01 ; 2.2200000e+02 
3.500e+01 ; 8.800e+00 ; 2.100e+00 ; 1.3665000e+01 ; 2.2200000e+02 
3.500e+01 ; 8.800e+00 ; 2.100e+00 ; 1.3729000e+01 ; 2.2200000e+02 
3.500e+01 ; 8.800e+00 ; 2.100e+00 ; 1.3857000e+01 ; 2.2200000e+02 
3.500e+01 ; 8.800e+00 ; 2.100e+00 ; 1.4113000e+01 ; 2.2200000e+02 
3.500e+01 ; 8.800e+00 ; 2.100e+00 ; 1.4450000e+01 ; 2.2200000e+02 
3.500e+01 ; 8.800e+00 ; 2.100e+00 ; 1.4450000e+01 ; 2.2200000e+02 
3.500e+01 ; 8.800e+00 ; 2.100e+00 ; 1.4451000e+01 ; 2.2200000e+02 
3.500e+01 ; 8.800e+00 ; 2.100e+00 ; 1.4452000e+01 ; 2.2200000e+02 
3.500e+01 ; 8.800e+00 ; 2.100e+00 ; 1.4453000e+01 ; 2.2200000e+02 
3.500e+01 ; 8.800e+00 ; 2.100e+00 ; 1.4455000e+01 ; 2.2200000e+02 
3.500e+01 ; 8.800e+00 ; 2.100e+00 ; 1.4459000e+01 ; 2.2200000e+02 
3.500e+01 ; 8.800e+00 ; 2.100e+00 ; 1.4467000e+01 ; 2.2200000e+02 
3.500e+01 ; 8.800e+00 ; 2.100e+00 ; 1.4483000e+01 ; 2.2200000e+02 
3.500e+01 ; 8.800e+00 ; 2.100e+00 ; 1.4515000e+01 ; 2.2200000e+02 
3.500e+01 ; 8.800e+00 ; 2.100e+00 ; 1.4579000e+01 ; 2.2200000e+02 
3.500e+01 ; 8.800e+00 ; 2.100e+00 ; 1.4707000e+01 ; 2.2200000e+02 
3.500e+01 ; 8.800e+00 ; 2.100e+00 ; 1.4963000e+01 ; 2.2200000e+02 
3.500e+01 ; 8.800e+00 ; 2.100e+00 ; 1.5300000e+01 ; 2.2200000e+02 
3.500e+01 ; 8.800e+00 ; 2.100e+00 ; 1.5300000e+01 ; 2.2200000e+02 
3.500e+01 ; 8.800e+00 ; 2.100e+00 ; 1.5301000e+01 ; 2.2200000e+02 
3.500e+01 ; 8.800e+00 ; 2.100e+00 ; 1.5302000e+01 ; 2.2200000e+02 
3.500e+01 ; 8.800e+00 ; 2.100e+00 ; 1.5303000e+01 ; 2.2200000e+02 
3.500e+01 ; 8.800e+00 ; 2.100e+00 ; 1.5305000e+01 ; 2.2200000e+02 
3.500e+01 ; 8.800e+00 ; 2.100e+00 ; 1.5309000e+01 ; 2.2200000e+02 
3.500e+01 ; 8.800e+00 ; 2.100e+00 ; 1.5317000e+01 ; 2.2200000e+02 
3.500e+01 ; 8.800e+00 ; 2.100e+00 ; 1.5333000e+01 ; 2.2200000e+02 
3.500e+01 ; 8.800e+00 ; 2.100e+00 ; 1.5365000e+01 ; 2.2200000e+02 
3.500e+01 ; 8.800e+00 ; 2.100e+00 ; 1.5429000e+01 ; 2.2200000e+02 
3.500e+01 ; 8.800e+00 ; 2.100e+00 ; 1.5557000e+01 ; 2.2200000e+02 
3.500e+01 ; 8.800e+00 ; 2.100e+00 ; 1.5813000e+01 ; 2.2200000e+02 
3.500e+01 ; 8.800e+00 ; 2.100e+00 ; 1.6150000e+01 ; 2.2200000e+02 
3.500e+01 ; 8.800e+00 ; 2.100e+00 ; 1.6150000e+01 ; 2.2200000e+02 
3.500e+01 ; 8.800e+00 ; 2.100e+00 ; 1.6151000e+01 ; 2.2200000e+02 
3.500e+01 ; 8.800e+00 ; 2.100e+00 ; 1.6152000e+01 ; 2.2200000e+02 
3.500e+01 ; 8.800e+00 ; 2.100e+00 ; 1.6153000e+01 ; 2.2200000e+02 
3.500e+01 ; 8.800e+00 ; 2.100e+00 ; 1.6155000e+01 ; 2.2200000e+02 
3.500e+01 ; 8.800e+00 ; 2.100e+00 ; 1.6159000e+01 ; 2.2200000e+02 
3.500e+01 ; 8.800e+00 ; 2.100e+00 ; 1.6167000e+01 ; 2.2200000e+02 
3.500e+01 ; 8.800e+00 ; 2.100e+00 ; 1.6183000e+01 ; 2.2200000e+02 
3.500e+01 ; 8.800e+00 ; 2.100e+00 ; 1.6215000e+01 ; 2.2200000e+02 
3.500e+01 ; 8.800e+00 ; 2.100e+00 ; 1.6279000e+01 ; 2.2200000e+02 
3.500e+01 ; 8.800e+00 ; 2.100e+00 ; 1.6407000e+01 ; 2.2200000e+02 
3.500e+01 ; 8.800e+00 ; 2.100e+00 ; 1.6663000e+01 ; 2.2200000e+02 
3.500e+01 ; 8.800e+00 ; 2.100e+00 ; 1.7000000e+01 ; 2.2200000e+02 
3.500e+01 ; 8.800e+00 ; 2.100e+00 ; 1.7000000e+01 ; 2.2200000e+02 
3.500e+01 ; 8.800e+00 ; 2.100e+00 ; 1.7001000e+01 ; 2.2200000e+02 
3.500e+01 ; 8.800e+00 ; 2.100e+00 ; 1.7002000e+01 ; 2.2200000e+02 
3.500e+01 ; 8.800e+00 ; 2.100e+00 ; 1.7003000e+01 ; 2.2200000e+02 
3.500e+01 ; 8.800e+00 ; 2.100e+00 ; 1.7005000e+01 ; 2.2200000e+02 
3.500e+01 ; 8.800e+00 ; 2.100e+00 ; 1.7009000e+01 ; 2.2200000e+02 
3.500e+01 ; 8.800e+00 ; 2.100e+00 ; 1.7017000e+01 ; 2.2200000e+02 
3.500e+01 ; 8.800e+00 ; 2.100e+00 ; 1.7033000e+01 ; 2.2200000e+02 
3.500e+01 ; 8.800e+00 ; 2.100e+00 ; 1.7065000e+01 ; 2.2200000e+02 
3.500e+01 ; 8.800e+00 ; 2.100e+00 ; 1.7129000e+01 ; 2.2200000e+02 
3.500e+01 ; 8.800e+00 ; 2.100e+00 ; 1.7257000e+01 ; 2.2200000e+02 
3.500e+01 ; 8.800e+00 ; 2.100e+00 ; 1.7513000e+01 ; 2.2200000e+02 
3.500e+01 ; 8.800e+00 ; 2.100e+00 ; 1.7850001e+01 ; 2.2200000e+02 
3.500e+01 ; 8.800e+00 ; 2.100e+00 ; 1.7850001e+01 ; 2.2200000e+02 
3.500e+01 ; 8.800e+00 ; 2.100e+00 ; 1.7851001e+01 ; 2.2200000e+02 
3.500e+01 ; 8.800e+00 ; 2.100e+00 ; 1.7852001e+01 ; 2.2200000e+02 
3.500e+01 ; 8.800e+00 ; 2.100e+00 ; 1.7853001e+01 ; 2.2200000e+02 
3.500e+01 ; 8.800e+00 ; 2.100e+00 ; 1.7855001e+01 ; 2.2200000e+02 
3.500e+01 ; 8.800e+00 ; 2.100e+00 ; 1.7859001e+01 ; 2.2200000e+02 
3.500e+01 ; 8.800e+00 ; 2.100e+00 ; 1.7867001e+01 ; 2.2200000e+02 
3.500e+01 ; 8.800e+00 ; 2.100e+00 ; 1.7883001e+01 ; 2.2200000e+02 
3.500e+01 ; 8.800e+00 ; 2.100e+00 ; 1.7915000e+01 ; 2.2200000e+02 
3.500e+01 ; 8.800e+00 ; 2.100e+00 ; 1.7979000e+01 ; 2.2200000e+02 
3.500e+01 ; 8.800e+00 ; 2.100e+00 ; 1.8107000e+01 ; 2.2200000e+02 
3.500e+01 ; 8.800e+00 ; 2.100e+00 ; 1.8363001e+01 ; 2.2200000e+02 
3.500e+01 ; 8.800e+00 ; 2.100e+00 ; 1.8700001e+01 ; 2.2200000e+02 
3.500e+01 ; 8.800e+00 ; 2.100e+00 ; 1.8700001e+01 ; 2.2200000e+02 
3.500e+01 ; 8.800e+00 ; 2.100e+00 ; 1.8701001e+01 ; 2.2200000e+02 
3.500e+01 ; 8.800e+00 ; 2.100e+00 ; 1.8702001e+01 ; 2.2200000e+02 
3.500e+01 ; 8.800e+00 ; 2.100e+00 ; 1.8703001e+01 ; 2.2200000e+02 
3.500e+01 ; 8.800e+00 ; 2.100e+00 ; 1.8705001e+01 ; 2.2200000e+02 
3.500e+01 ; 8.800e+00 ; 2.100e+00 ; 1.8709001e+01 ; 2.2200000e+02 
3.500e+01 ; 8.800e+00 ; 2.100e+00 ; 1.8717001e+01 ; 2.2200000e+02 
3.500e+01 ; 8.800e+00 ; 2.100e+00 ; 1.8733001e+01 ; 2.2200000e+02 
3.500e+01 ; 8.800e+00 ; 2.100e+00 ; 1.8765001e+01 ; 2.2200000e+02 
3.500e+01 ; 8.800e+00 ; 2.100e+00 ; 1.8829001e+01 ; 2.2200000e+02 
3.500e+01 ; 8.800e+00 ; 2.100e+00 ; 1.8957001e+01 ; 2.2200000e+02 
3.500e+01 ; 8.800e+00 ; 2.100e+00 ; 1.9213001e+01 ; 2.2200000e+02 
3.500e+01 ; 8.800e+00 ; 2.100e+00 ; 1.9550001e+01 ; 2.2200000e+02 
3.500e+01 ; 8.800e+00 ; 2.100e+00 ; 1.9550001e+01 ; 2.2200000e+02 
3.500e+01 ; 8.800e+00 ; 2.100e+00 ; 1.9551001e+01 ; 2.2200000e+02 
3.500e+01 ; 8.800e+00 ; 2.100e+00 ; 1.9552001e+01 ; 2.2200000e+02 
3.500e+01 ; 8.800e+00 ; 2.100e+00 ; 1.9553001e+01 ; 2.2200000e+02 
3.500e+01 ; 8.800e+00 ; 2.100e+00 ; 1.9555001e+01 ; 2.2200000e+02 
3.500e+01 ; 8.800e+00 ; 2.100e+00 ; 1.9559001e+01 ; 2.2200000e+02 
3.500e+01 ; 8.800e+00 ; 2.100e+00 ; 1.9567001e+01 ; 2.2200000e+02 
3.500e+01 ; 8.800e+00 ; 2.100e+00 ; 1.9583001e+01 ; 2.2200000e+02 
3.500e+01 ; 8.800e+00 ; 2.100e+00 ; 1.9615001e+01 ; 2.2200000e+02 
3.500e+01 ; 8.800e+00 ; 2.100e+00 ; 1.9679001e+01 ; 2.2200000e+02 
3.500e+01 ; 8.800e+00 ; 2.100e+00 ; 1.9807001e+01 ; 2.2200000e+02 
3.500e+01 ; 8.800e+00 ; 2.100e+00 ; 2.0063001e+01 ; 2.2200000e+02 
3.500e+01 ; 8.800e+00 ; 2.100e+00 ; 2.0400001e+01 ; 2.2200000e+02 
3.500e+01 ; 8.800e+00 ; 2.100e+00 ; 2.0400001e+01 ; 2.2200000e+02 
3.500e+01 ; 8.800e+00 ; 2.100e+00 ; 2.0401001e+01 ; 2.2200000e+02 
3.500e+01 ; 8.800e+00 ; 2.100e+00 ; 2.0402001e+01 ; 2.2200000e+02 
3.500e+01 ; 8.800e+00 ; 2.100e+00 ; 2.0403001e+01 ; 2.2200000e+02 
3.500e+01 ; 8.800e+00 ; 2.100e+00 ; 2.0405001e+01 ; 2.2200000e+02 
3.500e+01 ; 8.800e+00 ; 2.100e+00 ; 2.0409001e+01 ; 2.2200000e+02 
3.500e+01 ; 8.800e+00 ; 2.100e+00 ; 2.0417001e+01 ; 2.2200000e+02 
3.500e+01 ; 8.800e+00 ; 2.100e+00 ; 2.0433001e+01 ; 2.2200000e+02 
3.500e+01 ; 8.800e+00 ; 2.100e+00 ; 2.0465001e+01 ; 2.2200000e+02 
3.500e+01 ; 8.800e+00 ; 2.100e+00 ; 2.0529001e+01 ; 2.2200000e+02 
3.500e+01 ; 8.800e+00 ; 2.100e+00 ; 2.0657001e+01 ; 2.2200000e+02 
3.500e+01 ; 8.800e+00 ; 2.100e+00 ; 2.0913001e+01 ; 2.2200000e+02 
3.500e+01 ; 8.800e+00 ; 2.100e+00 ; 2.1250001e+01 ; 2.2200000e+02 
3.500e+01 ; 8.800e+00 ; 2.100e+00 ; 2.1250001e+01 ; 2.2200000e+02 
3.500e+01 ; 8.800e+00 ; 2.100e+00 ; 2.1251001e+01 ; 2.2200000e+02 
3.500e+01 ; 8.800e+00 ; 2.100e+00 ; 2.1252001e+01 ; 2.2200000e+02 
3.500e+01 ; 8.800e+00 ; 2.100e+00 ; 2.1253001e+01 ; 2.2200000e+02 
3.500e+01 ; 8.800e+00 ; 2.100e+00 ; 2.1255001e+01 ; 2.2200000e+02 
3.500e+01 ; 8.800e+00 ; 2.100e+00 ; 2.1259001e+01 ; 2.2200000e+02 
3.500e+01 ; 8.800e+00 ; 2.100e+00 ; 2.1267001e+01 ; 2.2200000e+02 
3.500e+01 ; 8.800e+00 ; 2.100e+00 ; 2.1283001e+01 ; 2.2200000e+02 
3.500e+01 ; 8.800e+00 ; 2.100e+00 ; 2.1315001e+01 ; 2.2200000e+02 
3.500e+01 ; 8.800e+00 ; 2.100e+00 ; 2.1379001e+01 ; 2.2200000e+02 
3.500e+01 ; 8.800e+00 ; 2.100e+00 ; 2.1507001e+01 ; 2.2200000e+02 
3.500e+01 ; 8.800e+00 ; 2.100e+00 ; 2.1763001e+01 ; 2.2200000e+02 
3.500e+01 ; 8.800e+00 ; 2.100e+00 ; 2.2100001e+01 ; 2.2200000e+02 
3.500e+01 ; 8.800e+00 ; 2.100e+00 ; 2.2100001e+01 ; 2.2200000e+02 
3.500e+01 ; 8.800e+00 ; 2.100e+00 ; 2.2101001e+01 ; 2.2200000e+02 
3.500e+01 ; 8.800e+00 ; 2.100e+00 ; 2.2102001e+01 ; 2.2200000e+02 
3.500e+01 ; 8.800e+00 ; 2.100e+00 ; 2.2103001e+01 ; 2.2200000e+02 
3.500e+01 ; 8.800e+00 ; 2.100e+00 ; 2.2105001e+01 ; 2.2200000e+02 
3.500e+01 ; 8.800e+00 ; 2.100e+00 ; 2.2109001e+01 ; 2.2200000e+02 
3.500e+01 ; 8.800e+00 ; 2.100e+00 ; 2.2117001e+01 ; 2.2200000e+02 
3.500e+01 ; 8.800e+00 ; 2.100e+00 ; 2.2133001e+01 ; 2.2200000e+02 
3.500e+01 ; 8.800e+00 ; 2.100e+00 ; 2.2165001e+01 ; 2.2200000e+02 
3.500e+01 ; 8.800e+00 ; 2.100e+00 ; 2.2229001e+01 ; 2.2200000e+02 
3.500e+01 ; 8.800e+00 ; 2.100e+00 ; 2.2357001e+01 ; 2.2200000e+02 
3.500e+01 ; 8.800e+00 ; 2.100e+00 ; 2.2613001e+01 ; 2.2200000e+02 
3.500e+01 ; 8.800e+00 ; 2.100e+00 ; 2.2950001e+01 ; 2.2200000e+02 
3.500e+01 ; 8.800e+00 ; 2.100e+00 ; 2.2950001e+01 ; 2.2200000e+02 
3.500e+01 ; 8.800e+00 ; 2.100e+00 ; 2.2951001e+01 ; 2.2200000e+02 
3.500e+01 ; 8.800e+00 ; 2.100e+00 ; 2.2952001e+01 ; 2.2200000e+02 
3.500e+01 ; 8.800e+00 ; 2.100e+00 ; 2.2953001e+01 ; 2.2200000e+02 
3.500e+01 ; 8.800e+00 ; 2.100e+00 ; 2.2955001e+01 ; 2.2200000e+02 
3.500e+01 ; 8.800e+00 ; 2.100e+00 ; 2.2959001e+01 ; 2.2200000e+02 
3.500e+01 ; 8.800e+00 ; 2.100e+00 ; 2.2967001e+01 ; 2.2200000e+02 
3.500e+01 ; 8.800e+00 ; 2.100e+00 ; 2.2983001e+01 ; 2.2200000e+02 
3.500e+01 ; 8.800e+00 ; 2.100e+00 ; 2.3015001e+01 ; 2.2200000e+02 
3.500e+01 ; 8.800e+00 ; 2.100e+00 ; 2.3079001e+01 ; 2.2200000e+02 
3.500e+01 ; 8.800e+00 ; 2.100e+00 ; 2.3207001e+01 ; 2.2200000e+02 
3.500e+01 ; 8.800e+00 ; 2.100e+00 ; 2.3463001e+01 ; 2.2200000e+02 
3.500e+01 ; 8.800e+00 ; 2.100e+00 ; 2.3800001e+01 ; 2.2200000e+02 
3.500e+01 ; 8.800e+00 ; 2.100e+00 ; 2.3800001e+01 ; 2.2200000e+02 
3.500e+01 ; 8.800e+00 ; 2.100e+00 ; 2.3801001e+01 ; 2.2200000e+02 
3.500e+01 ; 8.800e+00 ; 2.100e+00 ; 2.3802001e+01 ; 2.2200000e+02 
3.500e+01 ; 8.800e+00 ; 2.100e+00 ; 2.3803001e+01 ; 2.2200000e+02 
3.500e+01 ; 8.800e+00 ; 2.100e+00 ; 2.3805001e+01 ; 2.2200000e+02 
3.500e+01 ; 8.800e+00 ; 2.100e+00 ; 2.3809001e+01 ; 2.2200000e+02 
3.500e+01 ; 8.800e+00 ; 2.100e+00 ; 2.3817001e+01 ; 2.2200000e+02 
3.500e+01 ; 8.800e+00 ; 2.100e+00 ; 2.3833001e+01 ; 2.2200000e+02 
3.500e+01 ; 8.800e+00 ; 2.100e+00 ; 2.3865001e+01 ; 2.2200000e+02 
3.500e+01 ; 8.800e+00 ; 2.100e+00 ; 2.3929001e+01 ; 2.2200000e+02 
3.500e+01 ; 8.800e+00 ; 2.100e+00 ; 2.4057001e+01 ; 2.2200000e+02 
3.500e+01 ; 8.800e+00 ; 2.100e+00 ; 2.4313001e+01 ; 2.2200000e+02 
3.500e+01 ; 8.800e+00 ; 2.100e+00 ; 2.4650001e+01 ; 2.2200000e+02 
3.500e+01 ; 8.800e+00 ; 2.100e+00 ; 2.4650001e+01 ; 2.2200000e+02 
3.500e+01 ; 8.800e+00 ; 2.100e+00 ; 2.4651001e+01 ; 2.2200000e+02 
3.500e+01 ; 8.800e+00 ; 2.100e+00 ; 2.4652001e+01 ; 2.2200000e+02 
3.500e+01 ; 8.800e+00 ; 2.100e+00 ; 2.4653001e+01 ; 2.2200000e+02 
3.500e+01 ; 8.800e+00 ; 2.100e+00 ; 2.4655001e+01 ; 2.2200000e+02 
3.500e+01 ; 8.800e+00 ; 2.100e+00 ; 2.4659001e+01 ; 2.2200000e+02 
3.500e+01 ; 8.800e+00 ; 2.100e+00 ; 2.4667001e+01 ; 2.2200000e+02 
3.500e+01 ; 8.800e+00 ; 2.100e+00 ; 2.4683001e+01 ; 2.2200000e+02 
3.500e+01 ; 8.800e+00 ; 2.100e+00 ; 2.4715001e+01 ; 2.2200000e+02 
3.500e+01 ; 8.800e+00 ; 2.100e+00 ; 2.4779001e+01 ; 2.2200000e+02 
3.500e+01 ; 8.800e+00 ; 2.100e+00 ; 2.4907001e+01 ; 2.2200000e+02 
3.500e+01 ; 8.800e+00 ; 2.100e+00 ; 2.5163001e+01 ; 2.2200000e+02 
3.500e+01 ; 8.800e+00 ; 2.100e+00 ; 2.5500001e+01 ; 2.2200000e+02 
3.500e+01 ; 8.800e+00 ; 2.100e+00 ; 2.5500001e+01 ; 2.2200000e+02 
3.500e+01 ; 8.800e+00 ; 2.100e+00 ; 2.5501001e+01 ; 2.2200000e+02 
3.500e+01 ; 8.800e+00 ; 2.100e+00 ; 2.5502001e+01 ; 2.2200000e+02 
3.500e+01 ; 8.800e+00 ; 2.100e+00 ; 2.5503001e+01 ; 2.2200000e+02 
3.500e+01 ; 8.800e+00 ; 2.100e+00 ; 2.5505001e+01 ; 2.2200000e+02 
3.500e+01 ; 8.800e+00 ; 2.100e+00 ; 2.5509001e+01 ; 2.2200000e+02 
3.500e+01 ; 8.800e+00 ; 2.100e+00 ; 2.5517001e+01 ; 2.2200000e+02 
3.500e+01 ; 8.800e+00 ; 2.100e+00 ; 2.5533001e+01 ; 2.2200000e+02 
3.500e+01 ; 8.800e+00 ; 2.100e+00 ; 2.5565001e+01 ; 2.2200000e+02 
3.500e+01 ; 8.800e+00 ; 2.100e+00 ; 2.5629001e+01 ; 2.2200000e+02 
3.500e+01 ; 8.800e+00 ; 2.100e+00 ; 2.5757001e+01 ; 2.2200000e+02 
3.500e+01 ; 8.800e+00 ; 2.100e+00 ; 2.6013001e+01 ; 2.2200000e+02 
3.500e+01 ; 8.800e+00 ; 2.100e+00 ; 2.6350001e+01 ; 2.2200000e+02 
3.500e+01 ; 8.800e+00 ; 2.100e+00 ; 2.6350001e+01 ; 2.2200000e+02 
3.500e+01 ; 8.800e+00 ; 2.100e+00 ; 2.6351001e+01 ; 2.2200000e+02 
3.500e+01 ; 8.800e+00 ; 2.100e+00 ; 2.6352001e+01 ; 2.2200000e+02 
3.500e+01 ; 8.800e+00 ; 2.100e+00 ; 2.6353001e+01 ; 2.2200000e+02 
3.500e+01 ; 8.800e+00 ; 2.100e+00 ; 2.6355001e+01 ; 2.2200000e+02 
3.500e+01 ; 8.800e+00 ; 2.100e+00 ; 2.6359001e+01 ; 2.2200000e+02 
3.500e+01 ; 8.800e+00 ; 2.100e+00 ; 2.6367001e+01 ; 2.2200000e+02 
3.500e+01 ; 8.800e+00 ; 2.100e+00 ; 2.6383001e+01 ; 2.2200000e+02 
3.500e+01 ; 8.800e+00 ; 2.100e+00 ; 2.6415001e+01 ; 2.2200000e+02 
3.500e+01 ; 8.800e+00 ; 2.100e+00 ; 2.6479001e+01 ; 2.2200000e+02 
3.500e+01 ; 8.800e+00 ; 2.100e+00 ; 2.6607001e+01 ; 2.2200000e+02 
3.500e+01 ; 8.800e+00 ; 2.100e+00 ; 2.6863001e+01 ; 2.2200000e+02 
3.500e+01 ; 8.800e+00 ; 2.100e+00 ; 2.7200001e+01 ; 2.2200000e+02 
3.500e+01 ; 8.800e+00 ; 2.100e+00 ; 2.7200001e+01 ; 2.2200000e+02 
3.500e+01 ; 8.800e+00 ; 2.100e+00 ; 2.7201001e+01 ; 2.2200000e+02 
3.500e+01 ; 8.800e+00 ; 2.100e+00 ; 2.7202001e+01 ; 2.2200000e+02 
3.500e+01 ; 8.800e+00 ; 2.100e+00 ; 2.7203001e+01 ; 2.2200000e+02 
3.500e+01 ; 8.800e+00 ; 2.100e+00 ; 2.7205001e+01 ; 2.2200000e+02 
3.500e+01 ; 8.800e+00 ; 2.100e+00 ; 2.7209001e+01 ; 2.2200000e+02 
3.500e+01 ; 8.800e+00 ; 2.100e+00 ; 2.7217001e+01 ; 2.2200000e+02 
3.500e+01 ; 8.800e+00 ; 2.100e+00 ; 2.7233001e+01 ; 2.2200000e+02 
3.500e+01 ; 8.800e+00 ; 2.100e+00 ; 2.7265001e+01 ; 2.2200000e+02 
3.500e+01 ; 8.800e+00 ; 2.100e+00 ; 2.7329001e+01 ; 2.2200000e+02 
3.500e+01 ; 8.800e+00 ; 2.100e+00 ; 2.7457001e+01 ; 2.2200000e+02 
3.500e+01 ; 8.800e+00 ; 2.100e+00 ; 2.7713001e+01 ; 2.2200000e+02 
3.500e+01 ; 8.800e+00 ; 2.100e+00 ; 2.8050001e+01 ; 2.2200000e+02 
3.500e+01 ; 8.800e+00 ; 2.100e+00 ; 2.8050001e+01 ; 2.2200000e+02 
3.500e+01 ; 8.800e+00 ; 2.100e+00 ; 2.8051001e+01 ; 2.2200000e+02 
3.500e+01 ; 8.800e+00 ; 2.100e+00 ; 2.8052001e+01 ; 2.2200000e+02 
3.500e+01 ; 8.800e+00 ; 2.100e+00 ; 2.8053001e+01 ; 2.2200000e+02 
3.500e+01 ; 8.800e+00 ; 2.100e+00 ; 2.8055001e+01 ; 2.2200000e+02 
3.500e+01 ; 8.800e+00 ; 2.100e+00 ; 2.8059001e+01 ; 2.2200000e+02 
3.500e+01 ; 8.800e+00 ; 2.100e+00 ; 2.8067001e+01 ; 2.2200000e+02 
3.500e+01 ; 8.800e+00 ; 2.100e+00 ; 2.8083001e+01 ; 2.2200000e+02 
3.500e+01 ; 8.800e+00 ; 2.100e+00 ; 2.8115001e+01 ; 2.2200000e+02 
3.500e+01 ; 8.800e+00 ; 2.100e+00 ; 2.8179001e+01 ; 2.2200000e+02 
3.500e+01 ; 8.800e+00 ; 2.100e+00 ; 2.8307001e+01 ; 2.2200000e+02 
3.500e+01 ; 8.800e+00 ; 2.100e+00 ; 2.8563001e+01 ; 2.2200000e+02 
3.500e+01 ; 8.800e+00 ; 2.100e+00 ; 2.8900001e+01 ; 2.2200000e+02 
3.500e+01 ; 8.800e+00 ; 2.100e+00 ; 2.8900001e+01 ; 2.2200000e+02 
3.500e+01 ; 8.800e+00 ; 2.100e+00 ; 2.8901001e+01 ; 2.2200000e+02 
3.500e+01 ; 8.800e+00 ; 2.100e+00 ; 2.8902001e+01 ; 2.2200000e+02 
3.500e+01 ; 8.800e+00 ; 2.100e+00 ; 2.8903001e+01 ; 2.2200000e+02 
3.500e+01 ; 8.800e+00 ; 2.100e+00 ; 2.8905001e+01 ; 2.2200000e+02 
3.500e+01 ; 8.800e+00 ; 2.100e+00 ; 2.8909001e+01 ; 2.2200000e+02 
3.500e+01 ; 8.800e+00 ; 2.100e+00 ; 2.8917001e+01 ; 2.2200000e+02 
3.500e+01 ; 8.800e+00 ; 2.100e+00 ; 2.8933001e+01 ; 2.2200000e+02 
3.500e+01 ; 8.800e+00 ; 2.100e+00 ; 2.8965001e+01 ; 2.2200000e+02 
3.500e+01 ; 8.800e+00 ; 2.100e+00 ; 2.9029001e+01 ; 2.2200000e+02 
3.500e+01 ; 8.800e+00 ; 2.100e+00 ; 2.9157001e+01 ; 2.2200000e+02 
3.500e+01 ; 8.800e+00 ; 2.100e+00 ; 2.9413001e+01 ; 2.2200000e+02 
3.500e+01 ; 8.800e+00 ; 2.100e+00 ; 2.9750001e+01 ; 2.2200000e+02 
3.500e+01 ; 8.800e+00 ; 2.100e+00 ; 2.9750001e+01 ; 2.2200000e+02 
3.500e+01 ; 8.800e+00 ; 2.100e+00 ; 2.9751001e+01 ; 2.2200000e+02 
3.500e+01 ; 8.800e+00 ; 2.100e+00 ; 2.9752001e+01 ; 2.2200000e+02 
3.500e+01 ; 8.800e+00 ; 2.100e+00 ; 2.9753001e+01 ; 2.2200000e+02 
3.500e+01 ; 8.800e+00 ; 2.100e+00 ; 2.9755001e+01 ; 2.2200000e+02 
3.500e+01 ; 8.800e+00 ; 2.100e+00 ; 2.9759001e+01 ; 2.2200000e+02 
3.500e+01 ; 8.800e+00 ; 2.100e+00 ; 2.9767001e+01 ; 2.2200000e+02 
3.500e+01 ; 8.800e+00 ; 2.100e+00 ; 2.9783001e+01 ; 2.2200000e+02 
3.500e+01 ; 8.800e+00 ; 2.100e+00 ; 2.9815001e+01 ; 2.2200000e+02 
3.500e+01 ; 8.800e+00 ; 2.100e+00 ; 2.9879001e+01 ; 2.2200000e+02 
3.500e+01 ; 8.800e+00 ; 2.100e+00 ; 3.0007001e+01 ; 2.2200000e+02 
3.500e+01 ; 8.800e+00 ; 2.100e+00 ; 3.0263001e+01 ; 2.2200000e+02 
3.500e+01 ; 8.800e+00 ; 2.100e+00 ; 3.0600001e+01 ; 2.2200000e+02 
3.500e+01 ; 8.800e+00 ; 2.100e+00 ; 3.0600001e+01 ; 2.2200000e+02 
3.500e+01 ; 8.800e+00 ; 2.100e+00 ; 3.0601001e+01 ; 2.2200000e+02 
3.500e+01 ; 8.800e+00 ; 2.100e+00 ; 3.0602001e+01 ; 2.2200000e+02 
3.500e+01 ; 8.800e+00 ; 2.100e+00 ; 3.0603001e+01 ; 2.2200000e+02 
3.500e+01 ; 8.800e+00 ; 2.100e+00 ; 3.0605001e+01 ; 2.2200000e+02 
3.500e+01 ; 8.800e+00 ; 2.100e+00 ; 3.0609001e+01 ; 2.2200000e+02 
3.500e+01 ; 8.800e+00 ; 2.100e+00 ; 3.0617001e+01 ; 2.2200000e+02 
3.500e+01 ; 8.800e+00 ; 2.100e+00 ; 3.0633001e+01 ; 2.2200000e+02 
3.500e+01 ; 8.800e+00 ; 2.100e+00 ; 3.0665001e+01 ; 2.2200000e+02 
3.500e+01 ; 8.800e+00 ; 2.100e+00 ; 3.0729001e+01 ; 2.2200000e+02 
3.500e+01 ; 8.800e+00 ; 2.100e+00 ; 3.0857001e+01 ; 2.2200000e+02 
3.500e+01 ; 8.800e+00 ; 2.100e+00 ; 3.1113001e+01 ; 2.2200000e+02 
3.500e+01 ; 8.800e+00 ; 2.100e+00 ; 3.1450001e+01 ; 2.2200000e+02 
3.500e+01 ; 8.800e+00 ; 2.100e+00 ; 3.1450001e+01 ; 2.2200000e+02 
3.500e+01 ; 8.800e+00 ; 2.100e+00 ; 3.1451001e+01 ; 2.2200000e+02 
3.500e+01 ; 8.800e+00 ; 2.100e+00 ; 3.1452001e+01 ; 2.2200000e+02 
3.500e+01 ; 8.800e+00 ; 2.100e+00 ; 3.1453001e+01 ; 2.2200000e+02 
3.500e+01 ; 8.800e+00 ; 2.100e+00 ; 3.1455001e+01 ; 2.2200000e+02 
3.500e+01 ; 8.800e+00 ; 2.100e+00 ; 3.1459001e+01 ; 2.2200000e+02 
3.500e+01 ; 8.800e+00 ; 2.100e+00 ; 3.1467001e+01 ; 2.2200000e+02 
3.500e+01 ; 8.800e+00 ; 2.100e+00 ; 3.1483001e+01 ; 2.2200000e+02 
3.500e+01 ; 8.800e+00 ; 2.100e+00 ; 3.1515001e+01 ; 2.2200000e+02 
3.500e+01 ; 8.800e+00 ; 2.100e+00 ; 3.1579001e+01 ; 2.2200000e+02 
3.500e+01 ; 8.800e+00 ; 2.100e+00 ; 3.1707001e+01 ; 2.2200000e+02 
3.500e+01 ; 8.800e+00 ; 2.100e+00 ; 3.1963001e+01 ; 2.2200000e+02 
3.500e+01 ; 8.800e+00 ; 2.100e+00 ; 3.2300001e+01 ; 2.2200000e+02 
3.500e+01 ; 8.800e+00 ; 2.100e+00 ; 3.2300001e+01 ; 2.2200000e+02 
3.500e+01 ; 8.800e+00 ; 2.100e+00 ; 3.2301001e+01 ; 2.2200000e+02 
3.500e+01 ; 8.800e+00 ; 2.100e+00 ; 3.2302001e+01 ; 2.2200000e+02 
3.500e+01 ; 8.800e+00 ; 2.100e+00 ; 3.2303001e+01 ; 2.2200000e+02 
3.500e+01 ; 8.800e+00 ; 2.100e+00 ; 3.2305001e+01 ; 2.2200000e+02 
3.500e+01 ; 8.800e+00 ; 2.100e+00 ; 3.2309001e+01 ; 2.2200000e+02 
3.500e+01 ; 8.800e+00 ; 2.100e+00 ; 3.2317001e+01 ; 2.2200000e+02 
3.500e+01 ; 8.800e+00 ; 2.100e+00 ; 3.2333001e+01 ; 2.2200000e+02 
3.500e+01 ; 8.800e+00 ; 2.100e+00 ; 3.2365001e+01 ; 2.2200000e+02 
3.500e+01 ; 8.800e+00 ; 2.100e+00 ; 3.2429001e+01 ; 2.2200000e+02 
3.500e+01 ; 8.800e+00 ; 2.100e+00 ; 3.2557001e+01 ; 2.2200000e+02 
3.500e+01 ; 8.800e+00 ; 2.100e+00 ; 3.2813001e+01 ; 2.2200000e+02 
3.500e+01 ; 8.800e+00 ; 2.100e+00 ; 3.3150001e+01 ; 2.2200000e+02 
3.500e+01 ; 8.800e+00 ; 2.100e+00 ; 3.3150001e+01 ; 2.2200000e+02 
3.500e+01 ; 8.800e+00 ; 2.100e+00 ; 3.3151001e+01 ; 2.2200000e+02 
3.500e+01 ; 8.800e+00 ; 2.100e+00 ; 3.3152001e+01 ; 2.2200000e+02 
3.500e+01 ; 8.800e+00 ; 2.100e+00 ; 3.3153001e+01 ; 2.2200000e+02 
3.500e+01 ; 8.800e+00 ; 2.100e+00 ; 3.3155001e+01 ; 2.2200000e+02 
3.500e+01 ; 8.800e+00 ; 2.100e+00 ; 3.3159001e+01 ; 2.2200000e+02 
3.500e+01 ; 8.800e+00 ; 2.100e+00 ; 3.3167001e+01 ; 2.2200000e+02 
3.500e+01 ; 8.800e+00 ; 2.100e+00 ; 3.3183001e+01 ; 2.2200000e+02 
3.500e+01 ; 8.800e+00 ; 2.100e+00 ; 3.3215001e+01 ; 2.2200000e+02 
3.500e+01 ; 8.800e+00 ; 2.100e+00 ; 3.3279001e+01 ; 2.2200000e+02 
3.500e+01 ; 8.800e+00 ; 2.100e+00 ; 3.3407001e+01 ; 2.2200000e+02 
3.500e+01 ; 8.800e+00 ; 2.100e+00 ; 3.3663001e+01 ; 2.2200000e+02 
3.500e+01 ; 8.800e+00 ; 2.100e+00 ; 3.4000001e+01 ; 2.2200000e+02 
3.500e+01 ; 8.800e+00 ; 2.100e+00 ; 3.4000001e+01 ; 2.2200000e+02 
3.500e+01 ; 8.800e+00 ; 2.100e+00 ; 3.4001001e+01 ; 2.2200000e+02 
3.500e+01 ; 8.800e+00 ; 2.100e+00 ; 3.4002001e+01 ; 2.2200000e+02 
3.500e+01 ; 8.800e+00 ; 2.100e+00 ; 3.4003001e+01 ; 2.2200000e+02 
3.500e+01 ; 8.800e+00 ; 2.100e+00 ; 3.4005001e+01 ; 2.2200000e+02 
3.500e+01 ; 8.800e+00 ; 2.100e+00 ; 3.4009001e+01 ; 2.2200000e+02 
3.500e+01 ; 8.800e+00 ; 2.100e+00 ; 3.4017001e+01 ; 2.2200000e+02 
3.500e+01 ; 8.800e+00 ; 2.100e+00 ; 3.4033001e+01 ; 2.2200000e+02 
3.500e+01 ; 8.800e+00 ; 2.100e+00 ; 3.4065001e+01 ; 2.2200000e+02 
3.500e+01 ; 8.800e+00 ; 2.100e+00 ; 3.4129001e+01 ; 2.2200000e+02 
3.500e+01 ; 8.800e+00 ; 2.100e+00 ; 3.4257001e+01 ; 2.2200000e+02 
3.500e+01 ; 8.800e+00 ; 2.100e+00 ; 3.4513001e+01 ; 2.2200000e+02 
3.500e+01 ; 8.800e+00 ; 2.100e+00 ; 3.4850001e+01 ; 2.2200000e+02 
3.500e+01 ; 8.800e+00 ; 2.100e+00 ; 3.4850001e+01 ; 2.2200000e+02 
3.500e+01 ; 8.800e+00 ; 2.100e+00 ; 3.4851001e+01 ; 2.2189282e+02 
3.500e+01 ; 8.800e+00 ; 2.100e+00 ; 3.4852001e+01 ; 2.2178574e+02 
3.500e+01 ; 8.800e+00 ; 2.100e+00 ; 3.4853001e+01 ; 2.2167873e+02 
3.500e+01 ; 8.800e+00 ; 2.100e+00 ; 3.4855001e+01 ; 2.2146503e+02 
3.500e+01 ; 8.800e+00 ; 2.100e+00 ; 3.4859001e+01 ; 2.2103896e+02 
3.500e+01 ; 8.800e+00 ; 2.100e+00 ; 3.4867001e+01 ; 2.2019203e+02 
3.500e+01 ; 8.800e+00 ; 2.100e+00 ; 3.4883001e+01 ; 2.1851875e+02 
3.500e+01 ; 8.800e+00 ; 2.100e+00 ; 3.4915001e+01 ; 2.1525281e+02 
3.500e+01 ; 8.800e+00 ; 2.100e+00 ; 3.4979001e+01 ; 2.0902916e+02 
3.500e+01 ; 8.800e+00 ; 2.100e+00 ; 3.5107001e+01 ; 1.9770923e+02 
3.500e+01 ; 8.800e+00 ; 2.100e+00 ; 3.5363001e+01 ; 1.7884908e+02 
3.500e+01 ; 8.800e+00 ; 2.100e+00 ; 3.5700001e+01 ; 1.5920250e+02 
3.500e+01 ; 8.800e+00 ; 2.100e+00 ; 3.5700001e+01 ; 1.5920250e+02 
3.500e+01 ; 8.800e+00 ; 2.100e+00 ; 3.5701001e+01 ; 1.5914424e+02 
3.500e+01 ; 8.800e+00 ; 2.100e+00 ; 3.5702001e+01 ; 1.5908604e+02 
3.500e+01 ; 8.800e+00 ; 2.100e+00 ; 3.5703001e+01 ; 1.5902789e+02 
3.500e+01 ; 8.800e+00 ; 2.100e+00 ; 3.5705001e+01 ; 1.5891179e+02 
3.500e+01 ; 8.800e+00 ; 2.100e+00 ; 3.5709001e+01 ; 1.5868039e+02 
3.500e+01 ; 8.800e+00 ; 2.100e+00 ; 3.5717001e+01 ; 1.5822073e+02 
3.500e+01 ; 8.800e+00 ; 2.100e+00 ; 3.5733001e+01 ; 1.5731387e+02 
3.500e+01 ; 8.800e+00 ; 2.100e+00 ; 3.5765001e+01 ; 1.5554807e+02 
3.500e+01 ; 8.800e+00 ; 2.100e+00 ; 3.5829001e+01 ; 1.5219563e+02 
3.500e+01 ; 8.800e+00 ; 2.100e+00 ; 3.5957001e+01 ; 1.4612445e+02 
3.500e+01 ; 8.800e+00 ; 2.100e+00 ; 3.6213001e+01 ; 1.3602777e+02 
3.500e+01 ; 8.800e+00 ; 2.100e+00 ; 3.6550001e+01 ; 1.2546981e+02 
3.500e+01 ; 8.800e+00 ; 2.100e+00 ; 3.6550001e+01 ; 1.2546981e+02 
3.500e+01 ; 8.800e+00 ; 2.100e+00 ; 3.6551001e+01 ; 1.2543851e+02 
3.500e+01 ; 8.800e+00 ; 2.100e+00 ; 3.6552001e+01 ; 1.2540722e+02 
3.500e+01 ; 8.800e+00 ; 2.100e+00 ; 3.6553001e+01 ; 1.2537596e+02 
3.500e+01 ; 8.800e+00 ; 2.100e+00 ; 3.6555001e+01 ; 1.2531354e+02 
3.500e+01 ; 8.800e+00 ; 2.100e+00 ; 3.6559001e+01 ; 1.2518908e+02 
3.500e+01 ; 8.800e+00 ; 2.100e+00 ; 3.6567001e+01 ; 1.2494166e+02 
3.500e+01 ; 8.800e+00 ; 2.100e+00 ; 3.6583001e+01 ; 1.2445277e+02 
3.500e+01 ; 8.800e+00 ; 2.100e+00 ; 3.6615001e+01 ; 1.2349830e+02 
3.500e+01 ; 8.800e+00 ; 2.100e+00 ; 3.6679001e+01 ; 1.2167815e+02 
3.500e+01 ; 8.800e+00 ; 2.100e+00 ; 3.6807001e+01 ; 1.1836093e+02 
3.500e+01 ; 8.800e+00 ; 2.100e+00 ; 3.7063001e+01 ; 1.1280138e+02 
3.500e+01 ; 8.800e+00 ; 2.100e+00 ; 3.7400001e+01 ; 1.0694582e+02 
3.500e+01 ; 8.800e+00 ; 2.100e+00 ; 3.7400001e+01 ; 1.0694582e+02 
3.500e+01 ; 8.800e+00 ; 2.100e+00 ; 3.7401001e+01 ; 1.0692845e+02 
3.500e+01 ; 8.800e+00 ; 2.100e+00 ; 3.7402001e+01 ; 1.0691110e+02 
3.500e+01 ; 8.800e+00 ; 2.100e+00 ; 3.7403001e+01 ; 1.0689377e+02 
3.500e+01 ; 8.800e+00 ; 2.100e+00 ; 3.7405001e+01 ; 1.0685914e+02 
3.500e+01 ; 8.800e+00 ; 2.100e+00 ; 3.7409001e+01 ; 1.0679010e+02 
3.500e+01 ; 8.800e+00 ; 2.100e+00 ; 3.7417001e+01 ; 1.0665282e+02 
3.500e+01 ; 8.800e+00 ; 2.100e+00 ; 3.7433001e+01 ; 1.0638148e+02 
3.500e+01 ; 8.800e+00 ; 2.100e+00 ; 3.7465001e+01 ; 1.0585126e+02 
3.500e+01 ; 8.800e+00 ; 2.100e+00 ; 3.7529001e+01 ; 1.0483809e+02 
3.500e+01 ; 8.800e+00 ; 2.100e+00 ; 3.7657001e+01 ; 1.0298212e+02 
3.500e+01 ; 8.800e+00 ; 2.100e+00 ; 3.7913001e+01 ; 9.9831177e+01 
3.500e+01 ; 8.800e+00 ; 2.100e+00 ; 3.8250001e+01 ; 9.6444412e+01 
3.500e+01 ; 8.800e+00 ; 2.100e+00 ; 3.8250001e+01 ; 9.6444412e+01 
3.500e+01 ; 8.800e+00 ; 2.100e+00 ; 3.8251001e+01 ; 9.6434364e+01 
3.500e+01 ; 8.800e+00 ; 2.100e+00 ; 3.8252001e+01 ; 9.6424332e+01 
3.500e+01 ; 8.800e+00 ; 2.100e+00 ; 3.8253001e+01 ; 9.6414299e+01 
3.500e+01 ; 8.800e+00 ; 2.100e+00 ; 3.8255001e+01 ; 9.6394264e+01 
3.500e+01 ; 8.800e+00 ; 2.100e+00 ; 3.8259001e+01 ; 9.6354309e+01 
3.500e+01 ; 8.800e+00 ; 2.100e+00 ; 3.8267001e+01 ; 9.6274811e+01 
3.500e+01 ; 8.800e+00 ; 2.100e+00 ; 3.8283001e+01 ; 9.6117493e+01 
3.500e+01 ; 8.800e+00 ; 2.100e+00 ; 3.8315001e+01 ; 9.5809357e+01 
3.500e+01 ; 8.800e+00 ; 2.100e+00 ; 3.8379001e+01 ; 9.5217819e+01 
3.500e+01 ; 8.800e+00 ; 2.100e+00 ; 3.8507001e+01 ; 9.4124451e+01 
3.500e+01 ; 8.800e+00 ; 2.100e+00 ; 3.8763001e+01 ; 9.2236015e+01 
3.500e+01 ; 8.800e+00 ; 2.100e+00 ; 3.9100001e+01 ; 9.0160095e+01 
3.500e+01 ; 8.800e+00 ; 2.100e+00 ; 3.9100001e+01 ; 9.0160095e+01 
3.500e+01 ; 8.800e+00 ; 2.100e+00 ; 3.9101001e+01 ; 9.0153938e+01 
3.500e+01 ; 8.800e+00 ; 2.100e+00 ; 3.9102001e+01 ; 9.0147789e+01 
3.500e+01 ; 8.800e+00 ; 2.100e+00 ; 3.9103001e+01 ; 9.0141640e+01 
3.500e+01 ; 8.800e+00 ; 2.100e+00 ; 3.9105001e+01 ; 9.0129356e+01 
3.500e+01 ; 8.800e+00 ; 2.100e+00 ; 3.9109001e+01 ; 9.0104843e+01 
3.500e+01 ; 8.800e+00 ; 2.100e+00 ; 3.9117001e+01 ; 9.0056053e+01 
3.500e+01 ; 8.800e+00 ; 2.100e+00 ; 3.9133001e+01 ; 8.9959366e+01 
3.500e+01 ; 8.800e+00 ; 2.100e+00 ; 3.9165001e+01 ; 8.9769508e+01 
3.500e+01 ; 8.800e+00 ; 2.100e+00 ; 3.9229001e+01 ; 8.9403214e+01 
3.500e+01 ; 8.800e+00 ; 2.100e+00 ; 3.9357001e+01 ; 8.8719543e+01 
3.500e+01 ; 8.800e+00 ; 2.100e+00 ; 3.9613001e+01 ; 8.7516777e+01 
3.500e+01 ; 8.800e+00 ; 2.100e+00 ; 3.9950001e+01 ; 8.6163139e+01 
3.500e+01 ; 8.800e+00 ; 2.100e+00 ; 3.9950001e+01 ; 8.6163139e+01 
3.500e+01 ; 8.800e+00 ; 2.100e+00 ; 3.9951001e+01 ; 8.6159119e+01 
3.500e+01 ; 8.800e+00 ; 2.100e+00 ; 3.9952001e+01 ; 8.6155106e+01 
3.500e+01 ; 8.800e+00 ; 2.100e+00 ; 3.9953001e+01 ; 8.6151100e+01 
3.500e+01 ; 8.800e+00 ; 2.100e+00 ; 3.9955001e+01 ; 8.6143082e+01 
3.500e+01 ; 8.800e+00 ; 2.100e+00 ; 3.9959001e+01 ; 8.6127090e+01 
3.500e+01 ; 8.800e+00 ; 2.100e+00 ; 3.9967001e+01 ; 8.6095230e+01 
3.500e+01 ; 8.800e+00 ; 2.100e+00 ; 3.9983001e+01 ; 8.6032013e+01 
3.500e+01 ; 8.800e+00 ; 2.100e+00 ; 4.0015001e+01 ; 8.5907555e+01 
3.500e+01 ; 8.800e+00 ; 2.100e+00 ; 4.0079001e+01 ; 8.5666214e+01 
3.500e+01 ; 8.800e+00 ; 2.100e+00 ; 4.0207001e+01 ; 8.5211319e+01 
3.500e+01 ; 8.800e+00 ; 2.100e+00 ; 4.0463001e+01 ; 8.4396240e+01 
3.500e+01 ; 8.800e+00 ; 2.100e+00 ; 4.0800001e+01 ; 8.3457703e+01 
3.500e+01 ; 8.800e+00 ; 2.100e+00 ; 4.0800001e+01 ; 8.3457703e+01 
3.500e+01 ; 8.800e+00 ; 2.100e+00 ; 4.0801001e+01 ; 8.3454918e+01 
3.500e+01 ; 8.800e+00 ; 2.100e+00 ; 4.0802001e+01 ; 8.3452133e+01 
3.500e+01 ; 8.800e+00 ; 2.100e+00 ; 4.0803001e+01 ; 8.3449348e+01 
3.500e+01 ; 8.800e+00 ; 2.100e+00 ; 4.0805001e+01 ; 8.3443794e+01 
3.500e+01 ; 8.800e+00 ; 2.100e+00 ; 4.0809001e+01 ; 8.3432693e+01 
3.500e+01 ; 8.800e+00 ; 2.100e+00 ; 4.0817001e+01 ; 8.3410576e+01 
3.500e+01 ; 8.800e+00 ; 2.100e+00 ; 4.0833001e+01 ; 8.3366631e+01 
3.500e+01 ; 8.800e+00 ; 2.100e+00 ; 4.0865001e+01 ; 8.3279907e+01 
3.500e+01 ; 8.800e+00 ; 2.100e+00 ; 4.0929001e+01 ; 8.3110924e+01 
3.500e+01 ; 8.800e+00 ; 2.100e+00 ; 4.1057001e+01 ; 8.2789467e+01 
3.500e+01 ; 8.800e+00 ; 2.100e+00 ; 4.1313001e+01 ; 8.2203636e+01 
3.500e+01 ; 8.800e+00 ; 2.100e+00 ; 4.1650001e+01 ; 8.1514938e+01 
3.500e+01 ; 8.800e+00 ; 2.100e+00 ; 4.1650001e+01 ; 8.1514938e+01 
3.500e+01 ; 8.800e+00 ; 2.100e+00 ; 4.1651001e+01 ; 8.1512901e+01 
3.500e+01 ; 8.800e+00 ; 2.100e+00 ; 4.1652001e+01 ; 8.1510857e+01 
3.500e+01 ; 8.800e+00 ; 2.100e+00 ; 4.1653001e+01 ; 8.1508812e+01 
3.500e+01 ; 8.800e+00 ; 2.100e+00 ; 4.1655001e+01 ; 8.1504738e+01 
3.500e+01 ; 8.800e+00 ; 2.100e+00 ; 4.1659001e+01 ; 8.1496590e+01 
3.500e+01 ; 8.800e+00 ; 2.100e+00 ; 4.1667001e+01 ; 8.1480339e+01 
3.500e+01 ; 8.800e+00 ; 2.100e+00 ; 4.1683001e+01 ; 8.1448021e+01 
3.500e+01 ; 8.800e+00 ; 2.100e+00 ; 4.1715001e+01 ; 8.1384094e+01 
3.500e+01 ; 8.800e+00 ; 2.100e+00 ; 4.1779001e+01 ; 8.1259010e+01 
3.500e+01 ; 8.800e+00 ; 2.100e+00 ; 4.1907001e+01 ; 8.1019150e+01 
3.500e+01 ; 8.800e+00 ; 2.100e+00 ; 4.2163001e+01 ; 8.0575531e+01 
3.500e+01 ; 8.800e+00 ; 2.100e+00 ; 4.2500001e+01 ; 8.0044724e+01 
3.500e+01 ; 8.800e+00 ; 2.100e+00 ; 4.2500001e+01 ; 8.0044724e+01 
3.500e+01 ; 8.800e+00 ; 2.100e+00 ; 4.2501001e+01 ; 8.0043152e+01 
3.500e+01 ; 8.800e+00 ; 2.100e+00 ; 4.2502001e+01 ; 8.0041573e+01 
3.500e+01 ; 8.800e+00 ; 2.100e+00 ; 4.2503001e+01 ; 8.0040001e+01 
3.500e+01 ; 8.800e+00 ; 2.100e+00 ; 4.2505001e+01 ; 8.0036858e+01 
3.500e+01 ; 8.800e+00 ; 2.100e+00 ; 4.2509001e+01 ; 8.0030571e+01 
3.500e+01 ; 8.800e+00 ; 2.100e+00 ; 4.2517001e+01 ; 8.0018036e+01 
3.500e+01 ; 8.800e+00 ; 2.100e+00 ; 4.2533001e+01 ; 7.9993080e+01 
3.500e+01 ; 8.800e+00 ; 2.100e+00 ; 4.2565001e+01 ; 7.9943626e+01 
3.500e+01 ; 8.800e+00 ; 2.100e+00 ; 4.2629001e+01 ; 7.9846519e+01 
3.500e+01 ; 8.800e+00 ; 2.100e+00 ; 4.2757001e+01 ; 7.9659050e+01 
3.500e+01 ; 8.800e+00 ; 2.100e+00 ; 4.3013001e+01 ; 7.9308105e+01 
3.500e+01 ; 8.800e+00 ; 2.100e+00 ; 4.3350001e+01 ; 7.8882111e+01 
3.500e+01 ; 8.800e+00 ; 2.100e+00 ; 4.3350001e+01 ; 7.8882111e+01 
3.500e+01 ; 8.800e+00 ; 2.100e+00 ; 4.3351001e+01 ; 7.8880852e+01 
3.500e+01 ; 8.800e+00 ; 2.100e+00 ; 4.3352001e+01 ; 7.8879585e+01 
3.500e+01 ; 8.800e+00 ; 2.100e+00 ; 4.3353001e+01 ; 7.8878319e+01 
3.500e+01 ; 8.800e+00 ; 2.100e+00 ; 4.3355001e+01 ; 7.8875801e+01 
3.500e+01 ; 8.800e+00 ; 2.100e+00 ; 4.3359001e+01 ; 7.8870750e+01 
3.500e+01 ; 8.800e+00 ; 2.100e+00 ; 4.3367001e+01 ; 7.8860680e+01 
3.500e+01 ; 8.800e+00 ; 2.100e+00 ; 4.3383001e+01 ; 7.8840622e+01 
3.500e+01 ; 8.800e+00 ; 2.100e+00 ; 4.3415001e+01 ; 7.8800819e+01 
3.500e+01 ; 8.800e+00 ; 2.100e+00 ; 4.3479001e+01 ; 7.8722435e+01 
3.500e+01 ; 8.800e+00 ; 2.100e+00 ; 4.3607001e+01 ; 7.8570305e+01 
3.500e+01 ; 8.800e+00 ; 2.100e+00 ; 4.3863001e+01 ; 7.8282768e+01 
3.500e+01 ; 8.800e+00 ; 2.100e+00 ; 4.4200001e+01 ; 7.7929779e+01 
3.500e+01 ; 8.800e+00 ; 2.100e+00 ; 4.4200001e+01 ; 7.7929779e+01 
3.500e+01 ; 8.800e+00 ; 2.100e+00 ; 4.4201001e+01 ; 7.7928734e+01 
3.500e+01 ; 8.800e+00 ; 2.100e+00 ; 4.4202001e+01 ; 7.7927689e+01 
3.500e+01 ; 8.800e+00 ; 2.100e+00 ; 4.4203001e+01 ; 7.7926643e+01 
3.500e+01 ; 8.800e+00 ; 2.100e+00 ; 4.4205001e+01 ; 7.7924545e+01 
3.500e+01 ; 8.800e+00 ; 2.100e+00 ; 4.4209001e+01 ; 7.7920364e+01 
3.500e+01 ; 8.800e+00 ; 2.100e+00 ; 4.4217001e+01 ; 7.7912018e+01 
3.500e+01 ; 8.800e+00 ; 2.100e+00 ; 4.4233001e+01 ; 7.7895378e+01 
3.500e+01 ; 8.800e+00 ; 2.100e+00 ; 4.4265001e+01 ; 7.7862320e+01 
3.500e+01 ; 8.800e+00 ; 2.100e+00 ; 4.4329001e+01 ; 7.7797081e+01 
3.500e+01 ; 8.800e+00 ; 2.100e+00 ; 4.4457001e+01 ; 7.7669937e+01 
3.500e+01 ; 8.800e+00 ; 2.100e+00 ; 4.4713001e+01 ; 7.7427849e+01 
3.500e+01 ; 8.800e+00 ; 2.100e+00 ; 4.5050001e+01 ; 7.7128120e+01 
3.500e+01 ; 8.800e+00 ; 2.100e+00 ; 4.5050001e+01 ; 7.7128120e+01 
3.500e+01 ; 8.800e+00 ; 2.100e+00 ; 4.5051001e+01 ; 7.7127235e+01 
3.500e+01 ; 8.800e+00 ; 2.100e+00 ; 4.5052001e+01 ; 7.7126343e+01 
3.500e+01 ; 8.800e+00 ; 2.100e+00 ; 4.5053001e+01 ; 7.7125458e+01 
3.500e+01 ; 8.800e+00 ; 2.100e+00 ; 4.5055001e+01 ; 7.7123680e+01 
3.500e+01 ; 8.800e+00 ; 2.100e+00 ; 4.5059001e+01 ; 7.7120125e+01 
3.500e+01 ; 8.800e+00 ; 2.100e+00 ; 4.5067001e+01 ; 7.7113037e+01 
3.500e+01 ; 8.800e+00 ; 2.100e+00 ; 4.5083001e+01 ; 7.7098892e+01 
3.500e+01 ; 8.800e+00 ; 2.100e+00 ; 4.5115001e+01 ; 7.7070770e+01 
3.500e+01 ; 8.800e+00 ; 2.100e+00 ; 4.5179001e+01 ; 7.7015190e+01 
3.500e+01 ; 8.800e+00 ; 2.100e+00 ; 4.5307001e+01 ; 7.6906540e+01 
3.500e+01 ; 8.800e+00 ; 2.100e+00 ; 4.5563001e+01 ; 7.6698631e+01 
3.500e+01 ; 8.800e+00 ; 2.100e+00 ; 4.5900001e+01 ; 7.6439926e+01 
3.500e+01 ; 8.800e+00 ; 2.100e+00 ; 4.5900001e+01 ; 7.6439926e+01 
3.500e+01 ; 8.800e+00 ; 2.100e+00 ; 4.5901001e+01 ; 7.6439156e+01 
3.500e+01 ; 8.800e+00 ; 2.100e+00 ; 4.5902001e+01 ; 7.6438385e+01 
3.500e+01 ; 8.800e+00 ; 2.100e+00 ; 4.5903001e+01 ; 7.6437622e+01 
3.500e+01 ; 8.800e+00 ; 2.100e+00 ; 4.5905001e+01 ; 7.6436089e+01 
3.500e+01 ; 8.800e+00 ; 2.100e+00 ; 4.5909001e+01 ; 7.6433022e+01 
3.500e+01 ; 8.800e+00 ; 2.100e+00 ; 4.5917001e+01 ; 7.6426895e+01 
3.500e+01 ; 8.800e+00 ; 2.100e+00 ; 4.5933001e+01 ; 7.6414688e+01 
3.500e+01 ; 8.800e+00 ; 2.100e+00 ; 4.5965001e+01 ; 7.6390396e+01 
3.500e+01 ; 8.800e+00 ; 2.100e+00 ; 4.6029001e+01 ; 7.6342369e+01 
3.500e+01 ; 8.800e+00 ; 2.100e+00 ; 4.6157001e+01 ; 7.6248596e+01 
3.500e+01 ; 8.800e+00 ; 2.100e+00 ; 4.6413001e+01 ; 7.6070839e+01 
3.500e+01 ; 8.800e+00 ; 2.100e+00 ; 4.6750001e+01 ; 7.5854561e+01 
3.500e+01 ; 8.800e+00 ; 2.100e+00 ; 4.6750001e+01 ; 7.5854561e+01 
3.500e+01 ; 8.800e+00 ; 2.100e+00 ; 4.6751001e+01 ; 7.5853920e+01 
3.500e+01 ; 8.800e+00 ; 2.100e+00 ; 4.6752001e+01 ; 7.5853279e+01 
3.500e+01 ; 8.800e+00 ; 2.100e+00 ; 4.6753001e+01 ; 7.5852638e+01 
3.500e+01 ; 8.800e+00 ; 2.100e+00 ; 4.6755001e+01 ; 7.5851357e+01 
3.500e+01 ; 8.800e+00 ; 2.100e+00 ; 4.6759001e+01 ; 7.5848801e+01 
3.500e+01 ; 8.800e+00 ; 2.100e+00 ; 4.6767001e+01 ; 7.5843712e+01 
3.500e+01 ; 8.800e+00 ; 2.100e+00 ; 4.6783001e+01 ; 7.5833611e+01 
3.500e+01 ; 8.800e+00 ; 2.100e+00 ; 4.6815001e+01 ; 7.5813782e+01 
3.500e+01 ; 8.800e+00 ; 2.100e+00 ; 4.6879001e+01 ; 7.5775787e+01 
3.500e+01 ; 8.800e+00 ; 2.100e+00 ; 4.7007001e+01 ; 7.5707413e+01 
3.500e+01 ; 8.800e+00 ; 2.100e+00 ; 4.7263001e+01 ; 7.5603371e+01 
3.500e+01 ; 8.800e+00 ; 2.100e+00 ; 4.7600001e+01 ; 7.5518326e+01 
3.500e+01 ; 8.800e+00 ; 2.100e+00 ; 4.7600001e+01 ; 7.5518326e+01 
3.500e+01 ; 8.800e+00 ; 2.100e+00 ; 4.7601001e+01 ; 7.5521652e+01 
3.500e+01 ; 8.800e+00 ; 2.100e+00 ; 4.7602001e+01 ; 7.5525009e+01 
3.500e+01 ; 8.800e+00 ; 2.100e+00 ; 4.7603001e+01 ; 7.5528381e+01 
3.500e+01 ; 8.800e+00 ; 2.100e+00 ; 4.7605001e+01 ; 7.5535240e+01 
3.500e+01 ; 8.800e+00 ; 2.100e+00 ; 4.7609001e+01 ; 7.5549347e+01 
3.500e+01 ; 8.800e+00 ; 2.100e+00 ; 4.7617001e+01 ; 7.5579155e+01 
3.500e+01 ; 8.800e+00 ; 2.100e+00 ; 4.7633001e+01 ; 7.5644791e+01 
3.500e+01 ; 8.800e+00 ; 2.100e+00 ; 4.7665001e+01 ; 7.5798111e+01 
3.500e+01 ; 8.800e+00 ; 2.100e+00 ; 4.7729001e+01 ; 7.6178146e+01 
3.500e+01 ; 8.800e+00 ; 2.100e+00 ; 4.7857001e+01 ; 7.7137772e+01 
3.500e+01 ; 8.800e+00 ; 2.100e+00 ; 4.8113001e+01 ; 7.9370743e+01 
3.500e+01 ; 8.800e+00 ; 2.100e+00 ; 4.8450001e+01 ; 8.2185936e+01 
3.500e+01 ; 8.800e+00 ; 2.100e+00 ; 4.8450001e+01 ; 8.2185936e+01 
3.500e+01 ; 8.800e+00 ; 2.100e+00 ; 4.8451001e+01 ; 8.2197113e+01 
3.500e+01 ; 8.800e+00 ; 2.100e+00 ; 4.8452001e+01 ; 8.2208298e+01 
3.500e+01 ; 8.800e+00 ; 2.100e+00 ; 4.8453001e+01 ; 8.2219482e+01 
3.500e+01 ; 8.800e+00 ; 2.100e+00 ; 4.8455001e+01 ; 8.2241867e+01 
3.500e+01 ; 8.800e+00 ; 2.100e+00 ; 4.8459001e+01 ; 8.2286697e+01 
3.500e+01 ; 8.800e+00 ; 2.100e+00 ; 4.8467001e+01 ; 8.2376572e+01 
3.500e+01 ; 8.800e+00 ; 2.100e+00 ; 4.8483001e+01 ; 8.2557106e+01 
3.500e+01 ; 8.800e+00 ; 2.100e+00 ; 4.8515001e+01 ; 8.2920555e+01 
3.500e+01 ; 8.800e+00 ; 2.100e+00 ; 4.8579001e+01 ; 8.3651627e+01 
3.500e+01 ; 8.800e+00 ; 2.100e+00 ; 4.8707001e+01 ; 8.5096718e+01 
3.500e+01 ; 8.800e+00 ; 2.100e+00 ; 4.8963001e+01 ; 8.7752235e+01 
3.500e+01 ; 8.800e+00 ; 2.100e+00 ; 4.9300001e+01 ; 9.0617111e+01 
3.500e+01 ; 8.800e+00 ; 2.100e+00 ; 4.9300001e+01 ; 9.0617111e+01 
3.500e+01 ; 8.800e+00 ; 2.100e+00 ; 4.9301001e+01 ; 9.0625595e+01 
3.500e+01 ; 8.800e+00 ; 2.100e+00 ; 4.9302001e+01 ; 9.0634071e+01 
3.500e+01 ; 8.800e+00 ; 2.100e+00 ; 4.9303001e+01 ; 9.0642540e+01 
3.500e+01 ; 8.800e+00 ; 2.100e+00 ; 4.9305001e+01 ; 9.0659424e+01 
3.500e+01 ; 8.800e+00 ; 2.100e+00 ; 4.9309001e+01 ; 9.0693001e+01 
3.500e+01 ; 8.800e+00 ; 2.100e+00 ; 4.9317001e+01 ; 9.0759415e+01 
3.500e+01 ; 8.800e+00 ; 2.100e+00 ; 4.9333001e+01 ; 9.0889305e+01 
3.500e+01 ; 8.800e+00 ; 2.100e+00 ; 4.9365001e+01 ; 9.1137756e+01 
3.500e+01 ; 8.800e+00 ; 2.100e+00 ; 4.9429001e+01 ; 9.1592323e+01 
3.500e+01 ; 8.800e+00 ; 2.100e+00 ; 4.9557001e+01 ; 9.2353157e+01 
3.500e+01 ; 8.800e+00 ; 2.100e+00 ; 4.9813001e+01 ; 9.3413895e+01 
3.500e+01 ; 8.800e+00 ; 2.100e+00 ; 5.0150001e+01 ; 9.4232567e+01 
3.500e+01 ; 8.800e+00 ; 2.100e+00 ; 5.0150001e+01 ; 9.4232567e+01 
3.500e+01 ; 8.800e+00 ; 2.100e+00 ; 5.0151001e+01 ; 9.4234985e+01 
3.500e+01 ; 8.800e+00 ; 2.100e+00 ; 5.0152001e+01 ; 9.4237411e+01 
3.500e+01 ; 8.800e+00 ; 2.100e+00 ; 5.0153001e+01 ; 9.4239822e+01 
3.500e+01 ; 8.800e+00 ; 2.100e+00 ; 5.0155001e+01 ; 9.4244629e+01 
3.500e+01 ; 8.800e+00 ; 2.100e+00 ; 5.0159001e+01 ; 9.4254166e+01 
3.500e+01 ; 8.800e+00 ; 2.100e+00 ; 5.0167001e+01 ; 9.4272919e+01 
3.500e+01 ; 8.800e+00 ; 2.100e+00 ; 5.0183001e+01 ; 9.4309158e+01 
3.500e+01 ; 8.800e+00 ; 2.100e+00 ; 5.0215001e+01 ; 9.4376793e+01 
3.500e+01 ; 8.800e+00 ; 2.100e+00 ; 5.0279001e+01 ; 9.4493919e+01 
3.500e+01 ; 8.800e+00 ; 2.100e+00 ; 5.0407001e+01 ; 9.4664688e+01 
3.500e+01 ; 8.800e+00 ; 2.100e+00 ; 5.0663001e+01 ; 9.4810486e+01 
3.500e+01 ; 8.800e+00 ; 2.100e+00 ; 5.1000001e+01 ; 9.4761993e+01 
3.500e+01 ; 8.800e+00 ; 2.100e+00 ; 5.1000001e+01 ; 9.4761993e+01 
3.500e+01 ; 8.800e+00 ; 2.100e+00 ; 5.1001001e+01 ; 9.4761848e+01 
3.500e+01 ; 8.800e+00 ; 2.100e+00 ; 5.1002001e+01 ; 9.4761703e+01 
3.500e+01 ; 8.800e+00 ; 2.100e+00 ; 5.1003001e+01 ; 9.4761551e+01 
3.500e+01 ; 8.800e+00 ; 2.100e+00 ; 5.1005001e+01 ; 9.4761238e+01 
3.500e+01 ; 8.800e+00 ; 2.100e+00 ; 5.1009001e+01 ; 9.4760590e+01 
3.500e+01 ; 8.800e+00 ; 2.100e+00 ; 5.1017001e+01 ; 9.4759155e+01 
3.500e+01 ; 8.800e+00 ; 2.100e+00 ; 5.1033001e+01 ; 9.4755760e+01 
3.500e+01 ; 8.800e+00 ; 2.100e+00 ; 5.1065001e+01 ; 9.4746979e+01 
3.500e+01 ; 8.800e+00 ; 2.100e+00 ; 5.1129001e+01 ; 9.4721985e+01 
3.500e+01 ; 8.800e+00 ; 2.100e+00 ; 5.1257001e+01 ; 9.4646484e+01 
3.500e+01 ; 8.800e+00 ; 2.100e+00 ; 5.1513001e+01 ; 9.4419624e+01 
3.500e+01 ; 8.800e+00 ; 2.100e+00 ; 5.1850001e+01 ; 9.4033340e+01 
3.500e+01 ; 8.800e+00 ; 2.100e+00 ; 5.1850001e+01 ; 9.4033340e+01 
3.500e+01 ; 8.800e+00 ; 2.100e+00 ; 5.1851001e+01 ; 9.4032196e+01 
3.500e+01 ; 8.800e+00 ; 2.100e+00 ; 5.1852001e+01 ; 9.4031044e+01 
3.500e+01 ; 8.800e+00 ; 2.100e+00 ; 5.1853001e+01 ; 9.4029900e+01 
3.500e+01 ; 8.800e+00 ; 2.100e+00 ; 5.1855001e+01 ; 9.4027596e+01 
3.500e+01 ; 8.800e+00 ; 2.100e+00 ; 5.1859001e+01 ; 9.4022987e+01 
3.500e+01 ; 8.800e+00 ; 2.100e+00 ; 5.1867001e+01 ; 9.4013710e+01 
3.500e+01 ; 8.800e+00 ; 2.100e+00 ; 5.1883001e+01 ; 9.3994980e+01 
3.500e+01 ; 8.800e+00 ; 2.100e+00 ; 5.1915001e+01 ; 9.3956795e+01 
3.500e+01 ; 8.800e+00 ; 2.100e+00 ; 5.1979001e+01 ; 9.3877808e+01 
3.500e+01 ; 8.800e+00 ; 2.100e+00 ; 5.2107001e+01 ; 9.3711243e+01 
3.500e+01 ; 8.800e+00 ; 2.100e+00 ; 5.2363001e+01 ; 9.3355110e+01 
3.500e+01 ; 8.800e+00 ; 2.100e+00 ; 5.2700001e+01 ; 9.2865135e+01 
3.500e+01 ; 8.800e+00 ; 2.100e+00 ; 5.2700001e+01 ; 9.2865135e+01 
3.500e+01 ; 8.800e+00 ; 2.100e+00 ; 5.2701001e+01 ; 9.2863678e+01 
3.500e+01 ; 8.800e+00 ; 2.100e+00 ; 5.2702001e+01 ; 9.2862228e+01 
3.500e+01 ; 8.800e+00 ; 2.100e+00 ; 5.2703001e+01 ; 9.2860771e+01 
3.500e+01 ; 8.800e+00 ; 2.100e+00 ; 5.2705001e+01 ; 9.2857864e+01 
3.500e+01 ; 8.800e+00 ; 2.100e+00 ; 5.2709001e+01 ; 9.2852043e+01 
3.500e+01 ; 8.800e+00 ; 2.100e+00 ; 5.2717001e+01 ; 9.2840385e+01 
3.500e+01 ; 8.800e+00 ; 2.100e+00 ; 5.2733001e+01 ; 9.2817024e+01 
3.500e+01 ; 8.800e+00 ; 2.100e+00 ; 5.2765001e+01 ; 9.2770157e+01 
3.500e+01 ; 8.800e+00 ; 2.100e+00 ; 5.2829001e+01 ; 9.2675880e+01 
3.500e+01 ; 8.800e+00 ; 2.100e+00 ; 5.2957001e+01 ; 9.2485992e+01 
3.500e+01 ; 8.800e+00 ; 2.100e+00 ; 5.3213001e+01 ; 9.2105476e+01 
3.500e+01 ; 8.800e+00 ; 2.100e+00 ; 5.3550002e+01 ; 9.1610641e+01 
3.500e+01 ; 8.800e+00 ; 2.100e+00 ; 5.3550002e+01 ; 9.1610641e+01 
3.500e+01 ; 8.800e+00 ; 2.100e+00 ; 5.3551002e+01 ; 9.1609169e+01 
3.500e+01 ; 8.800e+00 ; 2.100e+00 ; 5.3552002e+01 ; 9.1607704e+01 
3.500e+01 ; 8.800e+00 ; 2.100e+00 ; 5.3553002e+01 ; 9.1606232e+01 
3.500e+01 ; 8.800e+00 ; 2.100e+00 ; 5.3555002e+01 ; 9.1603294e+01 
3.500e+01 ; 8.800e+00 ; 2.100e+00 ; 5.3559002e+01 ; 9.1597427e+01 
3.500e+01 ; 8.800e+00 ; 2.100e+00 ; 5.3567002e+01 ; 9.1585686e+01 
3.500e+01 ; 8.800e+00 ; 2.100e+00 ; 5.3583002e+01 ; 9.1562225e+01 
3.500e+01 ; 8.800e+00 ; 2.100e+00 ; 5.3615001e+01 ; 9.1515366e+01 
3.500e+01 ; 8.800e+00 ; 2.100e+00 ; 5.3679001e+01 ; 9.1421951e+01 
3.500e+01 ; 8.800e+00 ; 2.100e+00 ; 5.3807002e+01 ; 9.1236664e+01 
3.500e+01 ; 8.800e+00 ; 2.100e+00 ; 5.4063002e+01 ; 9.0873840e+01 
3.500e+01 ; 8.800e+00 ; 2.100e+00 ; 5.4400002e+01 ; 9.0412010e+01 
3.500e+01 ; 8.800e+00 ; 2.100e+00 ; 5.4400002e+01 ; 9.0412010e+01 
3.500e+01 ; 8.800e+00 ; 2.100e+00 ; 5.4401002e+01 ; 9.0410645e+01 
3.500e+01 ; 8.800e+00 ; 2.100e+00 ; 5.4402002e+01 ; 9.0409271e+01 
3.500e+01 ; 8.800e+00 ; 2.100e+00 ; 5.4403002e+01 ; 9.0407898e+01 
3.500e+01 ; 8.800e+00 ; 2.100e+00 ; 5.4405002e+01 ; 9.0405159e+01 
3.500e+01 ; 8.800e+00 ; 2.100e+00 ; 5.4409002e+01 ; 9.0399689e+01 
3.500e+01 ; 8.800e+00 ; 2.100e+00 ; 5.4417002e+01 ; 9.0388741e+01 
3.500e+01 ; 8.800e+00 ; 2.100e+00 ; 5.4433002e+01 ; 9.0366890e+01 
3.500e+01 ; 8.800e+00 ; 2.100e+00 ; 5.4465002e+01 ; 9.0323326e+01 
3.500e+01 ; 8.800e+00 ; 2.100e+00 ; 5.4529002e+01 ; 9.0236809e+01 
3.500e+01 ; 8.800e+00 ; 2.100e+00 ; 5.4657002e+01 ; 9.0066231e+01 
3.500e+01 ; 8.800e+00 ; 2.100e+00 ; 5.4913002e+01 ; 8.9735298e+01 
3.500e+01 ; 8.800e+00 ; 2.100e+00 ; 5.5250002e+01 ; 8.9317589e+01 
3.500e+01 ; 8.800e+00 ; 2.100e+00 ; 5.5250002e+01 ; 8.9317589e+01 
3.500e+01 ; 8.800e+00 ; 2.100e+00 ; 5.5251002e+01 ; 8.9316353e+01 
3.500e+01 ; 8.800e+00 ; 2.100e+00 ; 5.5252002e+01 ; 8.9315109e+01 
3.500e+01 ; 8.800e+00 ; 2.100e+00 ; 5.5253002e+01 ; 8.9313873e+01 
3.500e+01 ; 8.800e+00 ; 2.100e+00 ; 5.5255002e+01 ; 8.9311394e+01 
3.500e+01 ; 8.800e+00 ; 2.100e+00 ; 5.5259002e+01 ; 8.9306442e+01 
3.500e+01 ; 8.800e+00 ; 2.100e+00 ; 5.5267002e+01 ; 8.9296547e+01 
3.500e+01 ; 8.800e+00 ; 2.100e+00 ; 5.5283002e+01 ; 8.9276802e+01 
3.500e+01 ; 8.800e+00 ; 2.100e+00 ; 5.5315002e+01 ; 8.9237465e+01 
3.500e+01 ; 8.800e+00 ; 2.100e+00 ; 5.5379002e+01 ; 8.9159447e+01 
3.500e+01 ; 8.800e+00 ; 2.100e+00 ; 5.5507002e+01 ; 8.9005989e+01 
3.500e+01 ; 8.800e+00 ; 2.100e+00 ; 5.5763002e+01 ; 8.8709244e+01 
3.500e+01 ; 8.800e+00 ; 2.100e+00 ; 5.6100002e+01 ; 8.8335663e+01 
3.500e+01 ; 8.800e+00 ; 2.100e+00 ; 5.6100002e+01 ; 8.8335663e+01 
3.500e+01 ; 8.800e+00 ; 2.100e+00 ; 5.6101002e+01 ; 8.8334557e+01 
3.500e+01 ; 8.800e+00 ; 2.100e+00 ; 5.6102002e+01 ; 8.8333450e+01 
3.500e+01 ; 8.800e+00 ; 2.100e+00 ; 5.6103002e+01 ; 8.8332344e+01 
3.500e+01 ; 8.800e+00 ; 2.100e+00 ; 5.6105002e+01 ; 8.8330124e+01 
3.500e+01 ; 8.800e+00 ; 2.100e+00 ; 5.6109002e+01 ; 8.8325699e+01 
3.500e+01 ; 8.800e+00 ; 2.100e+00 ; 5.6117002e+01 ; 8.8316849e+01 
3.500e+01 ; 8.800e+00 ; 2.100e+00 ; 5.6133002e+01 ; 8.8299194e+01 
3.500e+01 ; 8.800e+00 ; 2.100e+00 ; 5.6165002e+01 ; 8.8264030e+01 
3.500e+01 ; 8.800e+00 ; 2.100e+00 ; 5.6229002e+01 ; 8.8194313e+01 
3.500e+01 ; 8.800e+00 ; 2.100e+00 ; 5.6357002e+01 ; 8.8057259e+01 
3.500e+01 ; 8.800e+00 ; 2.100e+00 ; 5.6613002e+01 ; 8.7792374e+01 
3.500e+01 ; 8.800e+00 ; 2.100e+00 ; 5.6950002e+01 ; 8.7458824e+01 
3.500e+01 ; 8.800e+00 ; 2.100e+00 ; 5.6950002e+01 ; 8.7458824e+01 
3.500e+01 ; 8.800e+00 ; 2.100e+00 ; 5.6951002e+01 ; 8.7457832e+01 
3.500e+01 ; 8.800e+00 ; 2.100e+00 ; 5.6952002e+01 ; 8.7456848e+01 
3.500e+01 ; 8.800e+00 ; 2.100e+00 ; 5.6953002e+01 ; 8.7455856e+01 
3.500e+01 ; 8.800e+00 ; 2.100e+00 ; 5.6955002e+01 ; 8.7453880e+01 
3.500e+01 ; 8.800e+00 ; 2.100e+00 ; 5.6959002e+01 ; 8.7449921e+01 
3.500e+01 ; 8.800e+00 ; 2.100e+00 ; 5.6967002e+01 ; 8.7442024e+01 
3.500e+01 ; 8.800e+00 ; 2.100e+00 ; 5.6983002e+01 ; 8.7426254e+01 
3.500e+01 ; 8.800e+00 ; 2.100e+00 ; 5.7015002e+01 ; 8.7394859e+01 
3.500e+01 ; 8.800e+00 ; 2.100e+00 ; 5.7079002e+01 ; 8.7332603e+01 
3.500e+01 ; 8.800e+00 ; 2.100e+00 ; 5.7207002e+01 ; 8.7210182e+01 
3.500e+01 ; 8.800e+00 ; 2.100e+00 ; 5.7463002e+01 ; 8.6973366e+01 
3.500e+01 ; 8.800e+00 ; 2.100e+00 ; 5.7800002e+01 ; 8.6674728e+01 
3.500e+01 ; 8.800e+00 ; 2.100e+00 ; 5.7800002e+01 ; 8.6674728e+01 
3.500e+01 ; 8.800e+00 ; 2.100e+00 ; 5.7801002e+01 ; 8.6673843e+01 
3.500e+01 ; 8.800e+00 ; 2.100e+00 ; 5.7802002e+01 ; 8.6672951e+01 
3.500e+01 ; 8.800e+00 ; 2.100e+00 ; 5.7803002e+01 ; 8.6672066e+01 
3.500e+01 ; 8.800e+00 ; 2.100e+00 ; 5.7805002e+01 ; 8.6670296e+01 
3.500e+01 ; 8.800e+00 ; 2.100e+00 ; 5.7809002e+01 ; 8.6666756e+01 
3.500e+01 ; 8.800e+00 ; 2.100e+00 ; 5.7817002e+01 ; 8.6659683e+01 
3.500e+01 ; 8.800e+00 ; 2.100e+00 ; 5.7833002e+01 ; 8.6645561e+01 
3.500e+01 ; 8.800e+00 ; 2.100e+00 ; 5.7865002e+01 ; 8.6617447e+01 
3.500e+01 ; 8.800e+00 ; 2.100e+00 ; 5.7929002e+01 ; 8.6561668e+01 
3.500e+01 ; 8.800e+00 ; 2.100e+00 ; 5.8057002e+01 ; 8.6451927e+01 
3.500e+01 ; 8.800e+00 ; 2.100e+00 ; 5.8313002e+01 ; 8.6239433e+01 
3.500e+01 ; 8.800e+00 ; 2.100e+00 ; 5.8650002e+01 ; 8.5971291e+01 
3.500e+01 ; 8.800e+00 ; 2.100e+00 ; 5.8650002e+01 ; 8.5971291e+01 
3.500e+01 ; 8.800e+00 ; 2.100e+00 ; 5.8651002e+01 ; 8.5970497e+01 
3.500e+01 ; 8.800e+00 ; 2.100e+00 ; 5.8652002e+01 ; 8.5969696e+01 
3.500e+01 ; 8.800e+00 ; 2.100e+00 ; 5.8653002e+01 ; 8.5968903e+01 
3.500e+01 ; 8.800e+00 ; 2.100e+00 ; 5.8655002e+01 ; 8.5967316e+01 
3.500e+01 ; 8.800e+00 ; 2.100e+00 ; 5.8659002e+01 ; 8.5964134e+01 
3.500e+01 ; 8.800e+00 ; 2.100e+00 ; 5.8667002e+01 ; 8.5957779e+01 
3.500e+01 ; 8.800e+00 ; 2.100e+00 ; 5.8683002e+01 ; 8.5945107e+01 
3.500e+01 ; 8.800e+00 ; 2.100e+00 ; 5.8715002e+01 ; 8.5919861e+01 
3.500e+01 ; 8.800e+00 ; 2.100e+00 ; 5.8779002e+01 ; 8.5869789e+01 
3.500e+01 ; 8.800e+00 ; 2.100e+00 ; 5.8907002e+01 ; 8.5771408e+01 
3.500e+01 ; 8.800e+00 ; 2.100e+00 ; 5.9163002e+01 ; 8.5582184e+01 
3.500e+01 ; 8.800e+00 ; 2.100e+00 ; 5.9500002e+01 ; 8.5347046e+01 
3.500e+01 ; 8.800e+00 ; 2.100e+00 ; 5.9500002e+01 ; 8.5347046e+01 
3.500e+01 ; 8.800e+00 ; 2.100e+00 ; 5.9501002e+01 ; 8.5346344e+01 
3.500e+01 ; 8.800e+00 ; 2.100e+00 ; 5.9502002e+01 ; 8.5345650e+01 
3.500e+01 ; 8.800e+00 ; 2.100e+00 ; 5.9503002e+01 ; 8.5344955e+01 
3.500e+01 ; 8.800e+00 ; 2.100e+00 ; 5.9505002e+01 ; 8.5343559e+01 
3.500e+01 ; 8.800e+00 ; 2.100e+00 ; 5.9509002e+01 ; 8.5340782e+01 
3.500e+01 ; 8.800e+00 ; 2.100e+00 ; 5.9517002e+01 ; 8.5335251e+01 
3.500e+01 ; 8.800e+00 ; 2.100e+00 ; 5.9533002e+01 ; 8.5324280e+01 
3.500e+01 ; 8.800e+00 ; 2.100e+00 ; 5.9565002e+01 ; 8.5302795e+01 
3.500e+01 ; 8.800e+00 ; 2.100e+00 ; 5.9629002e+01 ; 8.5261902e+01 
3.500e+01 ; 8.800e+00 ; 2.100e+00 ; 5.9757002e+01 ; 8.5189819e+01 
3.500e+01 ; 8.800e+00 ; 2.100e+00 ; 6.0013002e+01 ; 8.5087006e+01 
3.500e+01 ; 8.800e+00 ; 2.100e+00 ; 6.0350002e+01 ; 8.5014496e+01 
3.500e+01 ; 8.800e+00 ; 2.100e+00 ; 6.0350002e+01 ; 8.5014496e+01 
3.500e+01 ; 8.800e+00 ; 2.100e+00 ; 6.0351002e+01 ; 8.5014282e+01 
3.500e+01 ; 8.800e+00 ; 2.100e+00 ; 6.0352002e+01 ; 8.5014069e+01 
3.500e+01 ; 8.800e+00 ; 2.100e+00 ; 6.0353002e+01 ; 8.5013855e+01 
3.500e+01 ; 8.800e+00 ; 2.100e+00 ; 6.0355002e+01 ; 8.5013435e+01 
3.500e+01 ; 8.800e+00 ; 2.100e+00 ; 6.0359002e+01 ; 8.5012611e+01 
3.500e+01 ; 8.800e+00 ; 2.100e+00 ; 6.0367002e+01 ; 8.5011032e+01 
3.500e+01 ; 8.800e+00 ; 2.100e+00 ; 6.0383002e+01 ; 8.5008163e+01 
3.500e+01 ; 8.800e+00 ; 2.100e+00 ; 6.0415002e+01 ; 8.5003601e+01 
3.500e+01 ; 8.800e+00 ; 2.100e+00 ; 6.0479002e+01 ; 8.4999588e+01 
3.500e+01 ; 8.800e+00 ; 2.100e+00 ; 6.0607002e+01 ; 8.5013222e+01 
3.500e+01 ; 8.800e+00 ; 2.100e+00 ; 6.0863002e+01 ; 8.5122864e+01 
3.500e+01 ; 8.800e+00 ; 2.100e+00 ; 6.1200002e+01 ; 8.5377930e+01 
3.500e+01 ; 8.800e+00 ; 2.100e+00 ; 6.1200002e+01 ; 8.5377930e+01 
3.500e+01 ; 8.800e+00 ; 2.100e+00 ; 6.1201002e+01 ; 8.5378693e+01 
3.500e+01 ; 8.800e+00 ; 2.100e+00 ; 6.1202002e+01 ; 8.5379448e+01 
3.500e+01 ; 8.800e+00 ; 2.100e+00 ; 6.1203002e+01 ; 8.5380211e+01 
3.500e+01 ; 8.800e+00 ; 2.100e+00 ; 6.1205002e+01 ; 8.5381737e+01 
3.500e+01 ; 8.800e+00 ; 2.100e+00 ; 6.1209002e+01 ; 8.5384819e+01 
3.500e+01 ; 8.800e+00 ; 2.100e+00 ; 6.1217002e+01 ; 8.5391068e+01 
3.500e+01 ; 8.800e+00 ; 2.100e+00 ; 6.1233002e+01 ; 8.5403946e+01 
3.500e+01 ; 8.800e+00 ; 2.100e+00 ; 6.1265002e+01 ; 8.5431198e+01 
3.500e+01 ; 8.800e+00 ; 2.100e+00 ; 6.1329002e+01 ; 8.5491722e+01 
3.500e+01 ; 8.800e+00 ; 2.100e+00 ; 6.1457002e+01 ; 8.5635925e+01 
3.500e+01 ; 8.800e+00 ; 2.100e+00 ; 6.1713002e+01 ; 8.6001038e+01 
3.500e+01 ; 8.800e+00 ; 2.100e+00 ; 6.2050002e+01 ; 8.6567802e+01 
3.500e+01 ; 8.800e+00 ; 2.100e+00 ; 6.2050002e+01 ; 8.6567802e+01 
3.500e+01 ; 8.800e+00 ; 2.100e+00 ; 6.2051002e+01 ; 8.6569481e+01 
3.500e+01 ; 8.800e+00 ; 2.100e+00 ; 6.2052002e+01 ; 8.6571167e+01 
3.500e+01 ; 8.800e+00 ; 2.100e+00 ; 6.2053002e+01 ; 8.6572853e+01 
3.500e+01 ; 8.800e+00 ; 2.100e+00 ; 6.2055002e+01 ; 8.6576225e+01 
3.500e+01 ; 8.800e+00 ; 2.100e+00 ; 6.2059002e+01 ; 8.6582985e+01 
3.500e+01 ; 8.800e+00 ; 2.100e+00 ; 6.2067002e+01 ; 8.6596565e+01 
3.500e+01 ; 8.800e+00 ; 2.100e+00 ; 6.2083002e+01 ; 8.6623947e+01 
3.500e+01 ; 8.800e+00 ; 2.100e+00 ; 6.2115002e+01 ; 8.6679565e+01 
3.500e+01 ; 8.800e+00 ; 2.100e+00 ; 6.2179002e+01 ; 8.6793823e+01 
3.500e+01 ; 8.800e+00 ; 2.100e+00 ; 6.2307002e+01 ; 8.7031570e+01 
3.500e+01 ; 8.800e+00 ; 2.100e+00 ; 6.2563002e+01 ; 8.7524605e+01 
3.500e+01 ; 8.800e+00 ; 2.100e+00 ; 6.2900002e+01 ; 8.8169167e+01 
3.500e+01 ; 8.800e+00 ; 2.100e+00 ; 6.2900002e+01 ; 8.8169167e+01 
3.500e+01 ; 8.800e+00 ; 2.100e+00 ; 6.2901002e+01 ; 8.8171082e+01 
3.500e+01 ; 8.800e+00 ; 2.100e+00 ; 6.2902002e+01 ; 8.8172997e+01 
3.500e+01 ; 8.800e+00 ; 2.100e+00 ; 6.2903002e+01 ; 8.8174911e+01 
3.500e+01 ; 8.800e+00 ; 2.100e+00 ; 6.2905002e+01 ; 8.8178734e+01 
3.500e+01 ; 8.800e+00 ; 2.100e+00 ; 6.2909002e+01 ; 8.8186378e+01 
3.500e+01 ; 8.800e+00 ; 2.100e+00 ; 6.2917002e+01 ; 8.8201675e+01 
3.500e+01 ; 8.800e+00 ; 2.100e+00 ; 6.2933002e+01 ; 8.8232239e+01 
3.500e+01 ; 8.800e+00 ; 2.100e+00 ; 6.2965002e+01 ; 8.8293251e+01 
3.500e+01 ; 8.800e+00 ; 2.100e+00 ; 6.3029002e+01 ; 8.8414490e+01 
3.500e+01 ; 8.800e+00 ; 2.100e+00 ; 6.3157002e+01 ; 8.8651985e+01 
3.500e+01 ; 8.800e+00 ; 2.100e+00 ; 6.3413002e+01 ; 8.9097466e+01 
3.500e+01 ; 8.800e+00 ; 2.100e+00 ; 6.3750002e+01 ; 8.9621338e+01 
3.500e+01 ; 8.800e+00 ; 2.100e+00 ; 6.3750002e+01 ; 8.9621338e+01 
3.500e+01 ; 8.800e+00 ; 2.100e+00 ; 6.3751002e+01 ; 8.9622887e+01 
3.500e+01 ; 8.800e+00 ; 2.100e+00 ; 6.3752002e+01 ; 8.9624443e+01 
3.500e+01 ; 8.800e+00 ; 2.100e+00 ; 6.3753002e+01 ; 8.9625992e+01 
3.500e+01 ; 8.800e+00 ; 2.100e+00 ; 6.3755002e+01 ; 8.9629097e+01 
3.500e+01 ; 8.800e+00 ; 2.100e+00 ; 6.3759002e+01 ; 8.9635300e+01 
3.500e+01 ; 8.800e+00 ; 2.100e+00 ; 6.3767002e+01 ; 8.9647659e+01 
3.500e+01 ; 8.800e+00 ; 2.100e+00 ; 6.3783002e+01 ; 8.9672234e+01 
3.500e+01 ; 8.800e+00 ; 2.100e+00 ; 6.3815002e+01 ; 8.9720810e+01 
3.500e+01 ; 8.800e+00 ; 2.100e+00 ; 6.3879002e+01 ; 8.9815575e+01 
3.500e+01 ; 8.800e+00 ; 2.100e+00 ; 6.4007002e+01 ; 8.9995300e+01 
3.500e+01 ; 8.800e+00 ; 2.100e+00 ; 6.4263002e+01 ; 9.0314941e+01 
3.500e+01 ; 8.800e+00 ; 2.100e+00 ; 6.4600002e+01 ; 9.0668793e+01 
3.500e+01 ; 8.800e+00 ; 2.100e+00 ; 6.4600002e+01 ; 9.0668793e+01 
3.500e+01 ; 8.800e+00 ; 2.100e+00 ; 6.4601002e+01 ; 9.0669838e+01 
3.500e+01 ; 8.800e+00 ; 2.100e+00 ; 6.4602002e+01 ; 9.0670891e+01 
3.500e+01 ; 8.800e+00 ; 2.100e+00 ; 6.4603002e+01 ; 9.0671936e+01 
3.500e+01 ; 8.800e+00 ; 2.100e+00 ; 6.4605002e+01 ; 9.0674034e+01 
3.500e+01 ; 8.800e+00 ; 2.100e+00 ; 6.4609002e+01 ; 9.0678207e+01 
3.500e+01 ; 8.800e+00 ; 2.100e+00 ; 6.4617002e+01 ; 9.0686531e+01 
3.500e+01 ; 8.800e+00 ; 2.100e+00 ; 6.4633002e+01 ; 9.0703018e+01 
3.500e+01 ; 8.800e+00 ; 2.100e+00 ; 6.4665002e+01 ; 9.0735397e+01 
3.500e+01 ; 8.800e+00 ; 2.100e+00 ; 6.4729002e+01 ; 9.0797783e+01 
3.500e+01 ; 8.800e+00 ; 2.100e+00 ; 6.4857002e+01 ; 9.0913277e+01 
3.500e+01 ; 8.800e+00 ; 2.100e+00 ; 6.5113002e+01 ; 9.1109314e+01 
3.500e+01 ; 8.800e+00 ; 2.100e+00 ; 6.5450002e+01 ; 9.1312462e+01 
3.500e+01 ; 8.800e+00 ; 2.100e+00 ; 6.5450002e+01 ; 9.1312462e+01 
3.500e+01 ; 8.800e+00 ; 2.100e+00 ; 6.5451002e+01 ; 9.1313065e+01 
3.500e+01 ; 8.800e+00 ; 2.100e+00 ; 6.5452002e+01 ; 9.1313660e+01 
3.500e+01 ; 8.800e+00 ; 2.100e+00 ; 6.5453002e+01 ; 9.1314262e+01 
3.500e+01 ; 8.800e+00 ; 2.100e+00 ; 6.5455002e+01 ; 9.1315468e+01 
3.500e+01 ; 8.800e+00 ; 2.100e+00 ; 6.5459002e+01 ; 9.1317856e+01 
3.500e+01 ; 8.800e+00 ; 2.100e+00 ; 6.5467002e+01 ; 9.1322617e+01 
3.500e+01 ; 8.800e+00 ; 2.100e+00 ; 6.5483002e+01 ; 9.1332008e+01 
3.500e+01 ; 8.800e+00 ; 2.100e+00 ; 6.5515002e+01 ; 9.1350304e+01 
3.500e+01 ; 8.800e+00 ; 2.100e+00 ; 6.5579002e+01 ; 9.1384995e+01 
3.500e+01 ; 8.800e+00 ; 2.100e+00 ; 6.5707002e+01 ; 9.1447098e+01 
3.500e+01 ; 8.800e+00 ; 2.100e+00 ; 6.5963002e+01 ; 9.1544731e+01 
3.500e+01 ; 8.800e+00 ; 2.100e+00 ; 6.6300002e+01 ; 9.1632790e+01 
3.500e+01 ; 8.800e+00 ; 2.100e+00 ; 6.6300002e+01 ; 9.1632790e+01 
3.500e+01 ; 8.800e+00 ; 2.100e+00 ; 6.6301002e+01 ; 9.1633049e+01 
3.500e+01 ; 8.800e+00 ; 2.100e+00 ; 6.6302002e+01 ; 9.1633308e+01 
3.500e+01 ; 8.800e+00 ; 2.100e+00 ; 6.6303002e+01 ; 9.1633568e+01 
3.500e+01 ; 8.800e+00 ; 2.100e+00 ; 6.6305002e+01 ; 9.1634087e+01 
3.500e+01 ; 8.800e+00 ; 2.100e+00 ; 6.6309002e+01 ; 9.1635117e+01 
3.500e+01 ; 8.800e+00 ; 2.100e+00 ; 6.6317002e+01 ; 9.1637161e+01 
3.500e+01 ; 8.800e+00 ; 2.100e+00 ; 6.6333002e+01 ; 9.1641159e+01 
3.500e+01 ; 8.800e+00 ; 2.100e+00 ; 6.6365002e+01 ; 9.1648788e+01 
3.500e+01 ; 8.800e+00 ; 2.100e+00 ; 6.6429002e+01 ; 9.1662674e+01 
3.500e+01 ; 8.800e+00 ; 2.100e+00 ; 6.6557002e+01 ; 9.1685188e+01 
3.500e+01 ; 8.800e+00 ; 2.100e+00 ; 6.6813002e+01 ; 9.1711433e+01 
3.500e+01 ; 8.800e+00 ; 2.100e+00 ; 6.7150002e+01 ; 9.1717873e+01 
3.500e+01 ; 8.800e+00 ; 2.100e+00 ; 6.7150002e+01 ; 9.1717873e+01 
3.500e+01 ; 8.800e+00 ; 2.100e+00 ; 6.7151002e+01 ; 9.1717888e+01 
3.500e+01 ; 8.800e+00 ; 2.100e+00 ; 6.7152002e+01 ; 9.1717911e+01 
3.500e+01 ; 8.800e+00 ; 2.100e+00 ; 6.7153002e+01 ; 9.1717926e+01 
3.500e+01 ; 8.800e+00 ; 2.100e+00 ; 6.7155002e+01 ; 9.1717964e+01 
3.500e+01 ; 8.800e+00 ; 2.100e+00 ; 6.7159002e+01 ; 9.1718033e+01 
3.500e+01 ; 8.800e+00 ; 2.100e+00 ; 6.7167002e+01 ; 9.1718147e+01 
3.500e+01 ; 8.800e+00 ; 2.100e+00 ; 6.7183002e+01 ; 9.1718330e+01 
3.500e+01 ; 8.800e+00 ; 2.100e+00 ; 6.7215002e+01 ; 9.1718437e+01 
3.500e+01 ; 8.800e+00 ; 2.100e+00 ; 6.7279002e+01 ; 9.1717697e+01 
3.500e+01 ; 8.800e+00 ; 2.100e+00 ; 6.7407002e+01 ; 9.1712631e+01 
3.500e+01 ; 8.800e+00 ; 2.100e+00 ; 6.7663002e+01 ; 9.1689796e+01 
3.500e+01 ; 8.800e+00 ; 2.100e+00 ; 6.8000002e+01 ; 9.1641014e+01 
3.500e+01 ; 8.800e+00 ; 2.100e+00 ; 6.8000002e+01 ; 9.1641014e+01 
3.500e+01 ; 8.800e+00 ; 2.100e+00 ; 6.8001002e+01 ; 9.1640869e+01 
3.500e+01 ; 8.800e+00 ; 2.100e+00 ; 6.8002002e+01 ; 9.1640724e+01 
3.500e+01 ; 8.800e+00 ; 2.100e+00 ; 6.8003002e+01 ; 9.1640579e+01 
3.500e+01 ; 8.800e+00 ; 2.100e+00 ; 6.8005002e+01 ; 9.1640289e+01 
3.500e+01 ; 8.800e+00 ; 2.100e+00 ; 6.8009002e+01 ; 9.1639702e+01 
3.500e+01 ; 8.800e+00 ; 2.100e+00 ; 6.8017002e+01 ; 9.1638519e+01 
3.500e+01 ; 8.800e+00 ; 2.100e+00 ; 6.8033002e+01 ; 9.1636124e+01 
3.500e+01 ; 8.800e+00 ; 2.100e+00 ; 6.8065002e+01 ; 9.1631157e+01 
3.500e+01 ; 8.800e+00 ; 2.100e+00 ; 6.8129002e+01 ; 9.1620590e+01 
3.500e+01 ; 8.800e+00 ; 2.100e+00 ; 6.8257002e+01 ; 9.1597092e+01 
3.500e+01 ; 8.800e+00 ; 2.100e+00 ; 6.8513002e+01 ; 9.1541840e+01 
3.500e+01 ; 8.800e+00 ; 2.100e+00 ; 6.8850002e+01 ; 9.1457077e+01 
3.500e+01 ; 8.800e+00 ; 2.100e+00 ; 6.8850002e+01 ; 9.1457077e+01 
3.500e+01 ; 8.800e+00 ; 2.100e+00 ; 6.8851002e+01 ; 9.1456825e+01 
3.500e+01 ; 8.800e+00 ; 2.100e+00 ; 6.8852002e+01 ; 9.1456573e+01 
3.500e+01 ; 8.800e+00 ; 2.100e+00 ; 6.8853002e+01 ; 9.1456322e+01 
3.500e+01 ; 8.800e+00 ; 2.100e+00 ; 6.8855002e+01 ; 9.1455818e+01 
3.500e+01 ; 8.800e+00 ; 2.100e+00 ; 6.8859002e+01 ; 9.1454811e+01 
3.500e+01 ; 8.800e+00 ; 2.100e+00 ; 6.8867002e+01 ; 9.1452782e+01 
3.500e+01 ; 8.800e+00 ; 2.100e+00 ; 6.8883002e+01 ; 9.1448700e+01 
3.500e+01 ; 8.800e+00 ; 2.100e+00 ; 6.8915002e+01 ; 9.1440437e+01 
3.500e+01 ; 8.800e+00 ; 2.100e+00 ; 6.8979002e+01 ; 9.1423515e+01 
3.500e+01 ; 8.800e+00 ; 2.100e+00 ; 6.9107002e+01 ; 9.1388161e+01 
3.500e+01 ; 8.800e+00 ; 2.100e+00 ; 6.9363002e+01 ; 9.1312279e+01 
3.500e+01 ; 8.800e+00 ; 2.100e+00 ; 6.9700002e+01 ; 9.1205009e+01 
3.500e+01 ; 8.800e+00 ; 2.100e+00 ; 6.9700002e+01 ; 9.1205009e+01 
3.500e+01 ; 8.800e+00 ; 2.100e+00 ; 6.9701002e+01 ; 9.1204689e+01 
3.500e+01 ; 8.800e+00 ; 2.100e+00 ; 6.9702002e+01 ; 9.1204369e+01 
3.500e+01 ; 8.800e+00 ; 2.100e+00 ; 6.9703002e+01 ; 9.1204048e+01 
3.500e+01 ; 8.800e+00 ; 2.100e+00 ; 6.9705002e+01 ; 9.1203415e+01 
3.500e+01 ; 8.800e+00 ; 2.100e+00 ; 6.9709002e+01 ; 9.1202141e+01 
3.500e+01 ; 8.800e+00 ; 2.100e+00 ; 6.9717002e+01 ; 9.1199585e+01 
3.500e+01 ; 8.800e+00 ; 2.100e+00 ; 6.9733002e+01 ; 9.1194458e+01 
3.500e+01 ; 8.800e+00 ; 2.100e+00 ; 6.9765002e+01 ; 9.1184135e+01 
3.500e+01 ; 8.800e+00 ; 2.100e+00 ; 6.9829002e+01 ; 9.1163261e+01 
3.500e+01 ; 8.800e+00 ; 2.100e+00 ; 6.9957002e+01 ; 9.1120598e+01 
3.500e+01 ; 8.800e+00 ; 2.100e+00 ; 7.0213002e+01 ; 9.1032211e+01 
3.500e+01 ; 8.800e+00 ; 2.100e+00 ; 7.0550002e+01 ; 9.0911644e+01 
3.500e+01 ; 8.800e+00 ; 2.100e+00 ; 7.0550002e+01 ; 9.0911644e+01 
3.500e+01 ; 8.800e+00 ; 2.100e+00 ; 7.0551002e+01 ; 9.0911285e+01 
3.500e+01 ; 8.800e+00 ; 2.100e+00 ; 7.0552002e+01 ; 9.0910927e+01 
3.500e+01 ; 8.800e+00 ; 2.100e+00 ; 7.0553002e+01 ; 9.0910568e+01 
3.500e+01 ; 8.800e+00 ; 2.100e+00 ; 7.0555002e+01 ; 9.0909859e+01 
3.500e+01 ; 8.800e+00 ; 2.100e+00 ; 7.0559002e+01 ; 9.0908424e+01 
3.500e+01 ; 8.800e+00 ; 2.100e+00 ; 7.0567002e+01 ; 9.0905556e+01 
3.500e+01 ; 8.800e+00 ; 2.100e+00 ; 7.0583002e+01 ; 9.0899811e+01 
3.500e+01 ; 8.800e+00 ; 2.100e+00 ; 7.0615002e+01 ; 9.0888290e+01 
3.500e+01 ; 8.800e+00 ; 2.100e+00 ; 7.0679002e+01 ; 9.0865105e+01 
3.500e+01 ; 8.800e+00 ; 2.100e+00 ; 7.0807002e+01 ; 9.0818237e+01 
3.500e+01 ; 8.800e+00 ; 2.100e+00 ; 7.1063002e+01 ; 9.0722908e+01 
3.500e+01 ; 8.800e+00 ; 2.100e+00 ; 7.1400002e+01 ; 9.0595459e+01 
3.500e+01 ; 8.800e+00 ; 2.100e+00 ; 7.1400002e+01 ; 9.0595459e+01 
3.500e+01 ; 8.800e+00 ; 2.100e+00 ; 7.1401002e+01 ; 9.0595078e+01 
3.500e+01 ; 8.800e+00 ; 2.100e+00 ; 7.1402002e+01 ; 9.0594704e+01 
3.500e+01 ; 8.800e+00 ; 2.100e+00 ; 7.1403002e+01 ; 9.0594322e+01 
3.500e+01 ; 8.800e+00 ; 2.100e+00 ; 7.1405002e+01 ; 9.0593567e+01 
3.500e+01 ; 8.800e+00 ; 2.100e+00 ; 7.1409002e+01 ; 9.0592049e+01 
3.500e+01 ; 8.800e+00 ; 2.100e+00 ; 7.1417002e+01 ; 9.0589027e+01 
3.500e+01 ; 8.800e+00 ; 2.100e+00 ; 7.1433002e+01 ; 9.0582962e+01 
3.500e+01 ; 8.800e+00 ; 2.100e+00 ; 7.1465002e+01 ; 9.0570831e+01 
3.500e+01 ; 8.800e+00 ; 2.100e+00 ; 7.1529002e+01 ; 9.0546501e+01 
3.500e+01 ; 8.800e+00 ; 2.100e+00 ; 7.1657002e+01 ; 9.0497719e+01 
3.500e+01 ; 8.800e+00 ; 2.100e+00 ; 7.1913002e+01 ; 9.0400314e+01 
3.500e+01 ; 8.800e+00 ; 2.100e+00 ; 7.2250002e+01 ; 9.0273712e+01 
3.500e+01 ; 8.800e+00 ; 2.100e+00 ; 7.2250002e+01 ; 9.0273712e+01 
3.500e+01 ; 8.800e+00 ; 2.100e+00 ; 7.2251002e+01 ; 9.0273338e+01 
3.500e+01 ; 8.800e+00 ; 2.100e+00 ; 7.2252002e+01 ; 9.0272964e+01 
3.500e+01 ; 8.800e+00 ; 2.100e+00 ; 7.2253002e+01 ; 9.0272583e+01 
3.500e+01 ; 8.800e+00 ; 2.100e+00 ; 7.2255002e+01 ; 9.0271835e+01 
3.500e+01 ; 8.800e+00 ; 2.100e+00 ; 7.2259002e+01 ; 9.0270332e+01 
3.500e+01 ; 8.800e+00 ; 2.100e+00 ; 7.2267002e+01 ; 9.0267326e+01 
3.500e+01 ; 8.800e+00 ; 2.100e+00 ; 7.2283002e+01 ; 9.0261330e+01 
3.500e+01 ; 8.800e+00 ; 2.100e+00 ; 7.2315002e+01 ; 9.0249344e+01 
3.500e+01 ; 8.800e+00 ; 2.100e+00 ; 7.2379002e+01 ; 9.0225456e+01 
3.500e+01 ; 8.800e+00 ; 2.100e+00 ; 7.2507002e+01 ; 9.0178246e+01 
3.500e+01 ; 8.800e+00 ; 2.100e+00 ; 7.2763002e+01 ; 9.0087532e+01 
3.500e+01 ; 8.800e+00 ; 2.100e+00 ; 7.3100002e+01 ; 8.9977066e+01 
3.500e+01 ; 8.800e+00 ; 2.100e+00 ; 7.3100002e+01 ; 8.9977066e+01 
3.500e+01 ; 8.800e+00 ; 2.100e+00 ; 7.3101002e+01 ; 8.9976738e+01 
3.500e+01 ; 8.800e+00 ; 2.100e+00 ; 7.3102002e+01 ; 8.9976410e+01 
3.500e+01 ; 8.800e+00 ; 2.100e+00 ; 7.3103002e+01 ; 8.9976089e+01 
3.500e+01 ; 8.800e+00 ; 2.100e+00 ; 7.3105002e+01 ; 8.9975433e+01 
3.500e+01 ; 8.800e+00 ; 2.100e+00 ; 7.3109002e+01 ; 8.9974121e+01 
3.500e+01 ; 8.800e+00 ; 2.100e+00 ; 7.3117002e+01 ; 8.9971512e+01 
3.500e+01 ; 8.800e+00 ; 2.100e+00 ; 7.3133002e+01 ; 8.9966309e+01 
3.500e+01 ; 8.800e+00 ; 2.100e+00 ; 7.3165002e+01 ; 8.9955994e+01 
3.500e+01 ; 8.800e+00 ; 2.100e+00 ; 7.3229002e+01 ; 8.9935730e+01 
3.500e+01 ; 8.800e+00 ; 2.100e+00 ; 7.3357002e+01 ; 8.9896973e+01 
3.500e+01 ; 8.800e+00 ; 2.100e+00 ; 7.3613002e+01 ; 8.9828484e+01 
3.500e+01 ; 8.800e+00 ; 2.100e+00 ; 7.3950002e+01 ; 8.9756554e+01 
3.500e+01 ; 8.800e+00 ; 2.100e+00 ; 7.3950002e+01 ; 8.9756554e+01 
3.500e+01 ; 8.800e+00 ; 2.100e+00 ; 7.3951002e+01 ; 8.9756340e+01 
3.500e+01 ; 8.800e+00 ; 2.100e+00 ; 7.3952002e+01 ; 8.9756126e+01 
3.500e+01 ; 8.800e+00 ; 2.100e+00 ; 7.3953002e+01 ; 8.9755913e+01 
3.500e+01 ; 8.800e+00 ; 2.100e+00 ; 7.3955002e+01 ; 8.9755486e+01 
3.500e+01 ; 8.800e+00 ; 2.100e+00 ; 7.3959002e+01 ; 8.9754639e+01 
3.500e+01 ; 8.800e+00 ; 2.100e+00 ; 7.3967002e+01 ; 8.9752953e+01 
3.500e+01 ; 8.800e+00 ; 2.100e+00 ; 7.3983002e+01 ; 8.9749626e+01 
3.500e+01 ; 8.800e+00 ; 2.100e+00 ; 7.4015002e+01 ; 8.9743134e+01 
3.500e+01 ; 8.800e+00 ; 2.100e+00 ; 7.4079002e+01 ; 8.9730858e+01 
3.500e+01 ; 8.800e+00 ; 2.100e+00 ; 7.4207002e+01 ; 8.9709282e+01 
3.500e+01 ; 8.800e+00 ; 2.100e+00 ; 7.4463002e+01 ; 8.9679008e+01 
3.500e+01 ; 8.800e+00 ; 2.100e+00 ; 7.4800002e+01 ; 8.9661583e+01 
3.500e+01 ; 8.800e+00 ; 2.100e+00 ; 7.4800002e+01 ; 8.9661583e+01 
3.500e+01 ; 8.800e+00 ; 2.100e+00 ; 7.4801002e+01 ; 8.9661537e+01 
3.500e+01 ; 8.800e+00 ; 2.100e+00 ; 7.4802002e+01 ; 8.9661484e+01 
3.500e+01 ; 8.800e+00 ; 2.100e+00 ; 7.4803002e+01 ; 8.9661430e+01 
3.500e+01 ; 8.800e+00 ; 2.100e+00 ; 7.4805002e+01 ; 8.9661331e+01 
3.500e+01 ; 8.800e+00 ; 2.100e+00 ; 7.4809002e+01 ; 8.9661133e+01 
3.500e+01 ; 8.800e+00 ; 2.100e+00 ; 7.4817002e+01 ; 8.9660744e+01 
3.500e+01 ; 8.800e+00 ; 2.100e+00 ; 7.4833002e+01 ; 8.9660019e+01 
3.500e+01 ; 8.800e+00 ; 2.100e+00 ; 7.4865002e+01 ; 8.9658775e+01 
3.500e+01 ; 8.800e+00 ; 2.100e+00 ; 7.4929002e+01 ; 8.9657097e+01 
3.500e+01 ; 8.800e+00 ; 2.100e+00 ; 7.5057002e+01 ; 8.9656906e+01 
3.500e+01 ; 8.800e+00 ; 2.100e+00 ; 7.5313002e+01 ; 8.9668304e+01 
3.500e+01 ; 8.800e+00 ; 2.100e+00 ; 7.5650002e+01 ; 8.9700470e+01 
3.500e+01 ; 8.800e+00 ; 2.100e+00 ; 7.5650002e+01 ; 8.9700470e+01 
3.500e+01 ; 8.800e+00 ; 2.100e+00 ; 7.5651002e+01 ; 8.9700569e+01 
3.500e+01 ; 8.800e+00 ; 2.100e+00 ; 7.5652002e+01 ; 8.9700661e+01 
3.500e+01 ; 8.800e+00 ; 2.100e+00 ; 7.5653002e+01 ; 8.9700760e+01 
3.500e+01 ; 8.800e+00 ; 2.100e+00 ; 7.5655002e+01 ; 8.9700951e+01 
3.500e+01 ; 8.800e+00 ; 2.100e+00 ; 7.5659002e+01 ; 8.9701340e+01 
3.500e+01 ; 8.800e+00 ; 2.100e+00 ; 7.5667002e+01 ; 8.9702118e+01 
3.500e+01 ; 8.800e+00 ; 2.100e+00 ; 7.5683002e+01 ; 8.9703728e+01 
3.500e+01 ; 8.800e+00 ; 2.100e+00 ; 7.5715002e+01 ; 8.9707092e+01 
3.500e+01 ; 8.800e+00 ; 2.100e+00 ; 7.5779002e+01 ; 8.9714378e+01 
3.500e+01 ; 8.800e+00 ; 2.100e+00 ; 7.5907002e+01 ; 8.9730995e+01 
3.500e+01 ; 8.800e+00 ; 2.100e+00 ; 7.6163002e+01 ; 8.9770294e+01 
3.500e+01 ; 8.800e+00 ; 2.100e+00 ; 7.6500002e+01 ; 8.9827888e+01 
3.500e+01 ; 8.800e+00 ; 2.100e+00 ; 7.6500002e+01 ; 8.9827888e+01 
3.500e+01 ; 8.800e+00 ; 2.100e+00 ; 7.6501002e+01 ; 8.9828064e+01 
3.500e+01 ; 8.800e+00 ; 2.100e+00 ; 7.6502002e+01 ; 8.9828232e+01 
3.500e+01 ; 8.800e+00 ; 2.100e+00 ; 7.6503002e+01 ; 8.9828407e+01 
3.500e+01 ; 8.800e+00 ; 2.100e+00 ; 7.6505002e+01 ; 8.9828751e+01 
3.500e+01 ; 8.800e+00 ; 2.100e+00 ; 7.6509002e+01 ; 8.9829430e+01 
3.500e+01 ; 8.800e+00 ; 2.100e+00 ; 7.6517002e+01 ; 8.9830811e+01 
3.500e+01 ; 8.800e+00 ; 2.100e+00 ; 7.6533002e+01 ; 8.9833565e+01 
3.500e+01 ; 8.800e+00 ; 2.100e+00 ; 7.6565002e+01 ; 8.9839134e+01 
3.500e+01 ; 8.800e+00 ; 2.100e+00 ; 7.6629002e+01 ; 8.9850410e+01 
3.500e+01 ; 8.800e+00 ; 2.100e+00 ; 7.6757002e+01 ; 8.9873283e+01 
3.500e+01 ; 8.800e+00 ; 2.100e+00 ; 7.7013002e+01 ; 8.9918434e+01 
3.500e+01 ; 8.800e+00 ; 2.100e+00 ; 7.7350002e+01 ; 8.9973160e+01 
3.500e+01 ; 8.800e+00 ; 2.100e+00 ; 7.7350002e+01 ; 8.9973160e+01 
3.500e+01 ; 8.800e+00 ; 2.100e+00 ; 7.7360002e+01 ; 8.9974785e+01 
3.500e+01 ; 8.800e+00 ; 2.100e+00 ; 7.7370002e+01 ; 8.9976395e+01 
3.500e+01 ; 8.800e+00 ; 2.100e+00 ; 7.7380002e+01 ; 8.9978004e+01 
3.500e+01 ; 8.800e+00 ; 2.100e+00 ; 7.7400002e+01 ; 8.9981209e+01 
3.500e+01 ; 8.800e+00 ; 2.100e+00 ; 7.7440002e+01 ; 8.9987534e+01 
3.500e+01 ; 8.800e+00 ; 2.100e+00 ; 7.7520002e+01 ; 8.9999825e+01 
3.500e+01 ; 8.800e+00 ; 2.100e+00 ; 7.7680002e+01 ; 9.0022636e+01 
3.500e+01 ; 8.800e+00 ; 2.100e+00 ; 7.8000002e+01 ; 9.0059242e+01 
3.500e+01 ; 8.800e+00 ; 2.100e+00 ; 7.8640002e+01 ; 9.0088295e+01 
3.500e+01 ; 8.800e+00 ; 2.100e+00 ; 7.9920002e+01 ; 8.9969421e+01 
3.500e+01 ; 8.800e+00 ; 2.100e+00 ; 8.1840002e+01 ; 8.9493179e+01 
3.500e+01 ; 8.800e+00 ; 2.100e+00 ; 8.2350002e+01 ; 8.9347816e+01