X ; Y ; Z ; time ; Temperature 
3.500e+01 ; 4.800e+00 ; 3.000e+00 ; 0.0000000e+00 ; 2.2700000e+02 
3.500e+01 ; 4.800e+00 ; 3.000e+00 ; 1.0000000e-03 ; 2.2700000e+02 
3.500e+01 ; 4.800e+00 ; 3.000e+00 ; 2.0000001e-03 ; 2.2700000e+02 
3.500e+01 ; 4.800e+00 ; 3.000e+00 ; 3.0000000e-03 ; 2.2700000e+02 
3.500e+01 ; 4.800e+00 ; 3.000e+00 ; 4.9999999e-03 ; 2.2700000e+02 
3.500e+01 ; 4.800e+00 ; 3.000e+00 ; 8.9999996e-03 ; 2.2700000e+02 
3.500e+01 ; 4.800e+00 ; 3.000e+00 ; 1.7000001e-02 ; 2.2700000e+02 
3.500e+01 ; 4.800e+00 ; 3.000e+00 ; 3.3000000e-02 ; 2.2700000e+02 
3.500e+01 ; 4.800e+00 ; 3.000e+00 ; 6.4999998e-02 ; 2.2700000e+02 
3.500e+01 ; 4.800e+00 ; 3.000e+00 ; 1.2899999e-01 ; 2.2700000e+02 
3.500e+01 ; 4.800e+00 ; 3.000e+00 ; 2.5700000e-01 ; 2.2700000e+02 
3.500e+01 ; 4.800e+00 ; 3.000e+00 ; 5.1300001e-01 ; 2.2700000e+02 
3.500e+01 ; 4.800e+00 ; 3.000e+00 ; 7.6899999e-01 ; 2.2700000e+02 
3.500e+01 ; 4.800e+00 ; 3.000e+00 ; 8.5000002e-01 ; 2.2700000e+02 
3.500e+01 ; 4.800e+00 ; 3.000e+00 ; 8.5000002e-01 ; 2.2700000e+02 
3.500e+01 ; 4.800e+00 ; 3.000e+00 ; 8.5100002e-01 ; 2.2700000e+02 
3.500e+01 ; 4.800e+00 ; 3.000e+00 ; 8.5200002e-01 ; 2.2700000e+02 
3.500e+01 ; 4.800e+00 ; 3.000e+00 ; 8.5300002e-01 ; 2.2700000e+02 
3.500e+01 ; 4.800e+00 ; 3.000e+00 ; 8.5500002e-01 ; 2.2700000e+02 
3.500e+01 ; 4.800e+00 ; 3.000e+00 ; 8.5900002e-01 ; 2.2700000e+02 
3.500e+01 ; 4.800e+00 ; 3.000e+00 ; 8.6700002e-01 ; 2.2700000e+02 
3.500e+01 ; 4.800e+00 ; 3.000e+00 ; 8.8300002e-01 ; 2.2700000e+02 
3.500e+01 ; 4.800e+00 ; 3.000e+00 ; 9.1500002e-01 ; 2.2700000e+02 
3.500e+01 ; 4.800e+00 ; 3.000e+00 ; 9.7900002e-01 ; 2.2700000e+02 
3.500e+01 ; 4.800e+00 ; 3.000e+00 ; 1.1070000e+00 ; 2.2700000e+02 
3.500e+01 ; 4.800e+00 ; 3.000e+00 ; 1.3630000e+00 ; 2.2700000e+02 
3.500e+01 ; 4.800e+00 ; 3.000e+00 ; 1.7000000e+00 ; 2.2700000e+02 
3.500e+01 ; 4.800e+00 ; 3.000e+00 ; 1.7000000e+00 ; 2.2700000e+02 
3.500e+01 ; 4.800e+00 ; 3.000e+00 ; 1.7010000e+00 ; 2.2700000e+02 
3.500e+01 ; 4.800e+00 ; 3.000e+00 ; 1.7020000e+00 ; 2.2700000e+02 
3.500e+01 ; 4.800e+00 ; 3.000e+00 ; 1.7030000e+00 ; 2.2700000e+02 
3.500e+01 ; 4.800e+00 ; 3.000e+00 ; 1.7050000e+00 ; 2.2700000e+02 
3.500e+01 ; 4.800e+00 ; 3.000e+00 ; 1.7090000e+00 ; 2.2700000e+02 
3.500e+01 ; 4.800e+00 ; 3.000e+00 ; 1.7170000e+00 ; 2.2700000e+02 
3.500e+01 ; 4.800e+00 ; 3.000e+00 ; 1.7330000e+00 ; 2.2700000e+02 
3.500e+01 ; 4.800e+00 ; 3.000e+00 ; 1.7650000e+00 ; 2.2700000e+02 
3.500e+01 ; 4.800e+00 ; 3.000e+00 ; 1.8290000e+00 ; 2.2700000e+02 
3.500e+01 ; 4.800e+00 ; 3.000e+00 ; 1.9570000e+00 ; 2.2700000e+02 
3.500e+01 ; 4.800e+00 ; 3.000e+00 ; 2.2130001e+00 ; 2.2700000e+02 
3.500e+01 ; 4.800e+00 ; 3.000e+00 ; 2.5500001e+00 ; 2.2700000e+02 
3.500e+01 ; 4.800e+00 ; 3.000e+00 ; 2.5500001e+00 ; 2.2700000e+02 
3.500e+01 ; 4.800e+00 ; 3.000e+00 ; 2.5510001e+00 ; 2.2700000e+02 
3.500e+01 ; 4.800e+00 ; 3.000e+00 ; 2.5520001e+00 ; 2.2700000e+02 
3.500e+01 ; 4.800e+00 ; 3.000e+00 ; 2.5530001e+00 ; 2.2700000e+02 
3.500e+01 ; 4.800e+00 ; 3.000e+00 ; 2.5550001e+00 ; 2.2700000e+02 
3.500e+01 ; 4.800e+00 ; 3.000e+00 ; 2.5590001e+00 ; 2.2700000e+02 
3.500e+01 ; 4.800e+00 ; 3.000e+00 ; 2.5670001e+00 ; 2.2700000e+02 
3.500e+01 ; 4.800e+00 ; 3.000e+00 ; 2.5830001e+00 ; 2.2700000e+02 
3.500e+01 ; 4.800e+00 ; 3.000e+00 ; 2.6150001e+00 ; 2.2700000e+02 
3.500e+01 ; 4.800e+00 ; 3.000e+00 ; 2.6790001e+00 ; 2.2700000e+02 
3.500e+01 ; 4.800e+00 ; 3.000e+00 ; 2.8070001e+00 ; 2.2700000e+02 
3.500e+01 ; 4.800e+00 ; 3.000e+00 ; 3.0630001e+00 ; 2.2700000e+02 
3.500e+01 ; 4.800e+00 ; 3.000e+00 ; 3.4000001e+00 ; 2.2700000e+02 
3.500e+01 ; 4.800e+00 ; 3.000e+00 ; 3.4000001e+00 ; 2.2700000e+02 
3.500e+01 ; 4.800e+00 ; 3.000e+00 ; 3.4010001e+00 ; 2.2700000e+02 
3.500e+01 ; 4.800e+00 ; 3.000e+00 ; 3.4020001e+00 ; 2.2700000e+02 
3.500e+01 ; 4.800e+00 ; 3.000e+00 ; 3.4030001e+00 ; 2.2700000e+02 
3.500e+01 ; 4.800e+00 ; 3.000e+00 ; 3.4050001e+00 ; 2.2700000e+02 
3.500e+01 ; 4.800e+00 ; 3.000e+00 ; 3.4090001e+00 ; 2.2700000e+02 
3.500e+01 ; 4.800e+00 ; 3.000e+00 ; 3.4170001e+00 ; 2.2700000e+02 
3.500e+01 ; 4.800e+00 ; 3.000e+00 ; 3.4330001e+00 ; 2.2700000e+02 
3.500e+01 ; 4.800e+00 ; 3.000e+00 ; 3.4650001e+00 ; 2.2700000e+02 
3.500e+01 ; 4.800e+00 ; 3.000e+00 ; 3.5290001e+00 ; 2.2700000e+02 
3.500e+01 ; 4.800e+00 ; 3.000e+00 ; 3.6570001e+00 ; 2.2700000e+02 
3.500e+01 ; 4.800e+00 ; 3.000e+00 ; 3.9130001e+00 ; 2.2700000e+02 
3.500e+01 ; 4.800e+00 ; 3.000e+00 ; 4.2500001e+00 ; 2.2700000e+02 
3.500e+01 ; 4.800e+00 ; 3.000e+00 ; 4.2500001e+00 ; 2.2700000e+02 
3.500e+01 ; 4.800e+00 ; 3.000e+00 ; 4.2510001e+00 ; 2.2700000e+02 
3.500e+01 ; 4.800e+00 ; 3.000e+00 ; 4.2520001e+00 ; 2.2700000e+02 
3.500e+01 ; 4.800e+00 ; 3.000e+00 ; 4.2530001e+00 ; 2.2700000e+02 
3.500e+01 ; 4.800e+00 ; 3.000e+00 ; 4.2550001e+00 ; 2.2700000e+02 
3.500e+01 ; 4.800e+00 ; 3.000e+00 ; 4.2590001e+00 ; 2.2700000e+02 
3.500e+01 ; 4.800e+00 ; 3.000e+00 ; 4.2670001e+00 ; 2.2700000e+02 
3.500e+01 ; 4.800e+00 ; 3.000e+00 ; 4.2830001e+00 ; 2.2700000e+02 
3.500e+01 ; 4.800e+00 ; 3.000e+00 ; 4.3150001e+00 ; 2.2700000e+02 
3.500e+01 ; 4.800e+00 ; 3.000e+00 ; 4.3790001e+00 ; 2.2700000e+02 
3.500e+01 ; 4.800e+00 ; 3.000e+00 ; 4.5070001e+00 ; 2.2700000e+02 
3.500e+01 ; 4.800e+00 ; 3.000e+00 ; 4.7630001e+00 ; 2.2700000e+02 
3.500e+01 ; 4.800e+00 ; 3.000e+00 ; 5.1000001e+00 ; 2.2700000e+02 
3.500e+01 ; 4.800e+00 ; 3.000e+00 ; 5.1000001e+00 ; 2.2700000e+02 
3.500e+01 ; 4.800e+00 ; 3.000e+00 ; 5.1010001e+00 ; 2.2700000e+02 
3.500e+01 ; 4.800e+00 ; 3.000e+00 ; 5.1020001e+00 ; 2.2700000e+02 
3.500e+01 ; 4.800e+00 ; 3.000e+00 ; 5.1030001e+00 ; 2.2700000e+02 
3.500e+01 ; 4.800e+00 ; 3.000e+00 ; 5.1050001e+00 ; 2.2700000e+02 
3.500e+01 ; 4.800e+00 ; 3.000e+00 ; 5.1090001e+00 ; 2.2700000e+02 
3.500e+01 ; 4.800e+00 ; 3.000e+00 ; 5.1170001e+00 ; 2.2700000e+02 
3.500e+01 ; 4.800e+00 ; 3.000e+00 ; 5.1330001e+00 ; 2.2700000e+02 
3.500e+01 ; 4.800e+00 ; 3.000e+00 ; 5.1650001e+00 ; 2.2700000e+02 
3.500e+01 ; 4.800e+00 ; 3.000e+00 ; 5.2290001e+00 ; 2.2700000e+02 
3.500e+01 ; 4.800e+00 ; 3.000e+00 ; 5.3570001e+00 ; 2.2700000e+02 
3.500e+01 ; 4.800e+00 ; 3.000e+00 ; 5.6130002e+00 ; 2.2700000e+02 
3.500e+01 ; 4.800e+00 ; 3.000e+00 ; 5.9500002e+00 ; 2.2700000e+02 
3.500e+01 ; 4.800e+00 ; 3.000e+00 ; 5.9500002e+00 ; 2.2700000e+02 
3.500e+01 ; 4.800e+00 ; 3.000e+00 ; 5.9510002e+00 ; 2.2700000e+02 
3.500e+01 ; 4.800e+00 ; 3.000e+00 ; 5.9520002e+00 ; 2.2700000e+02 
3.500e+01 ; 4.800e+00 ; 3.000e+00 ; 5.9530002e+00 ; 2.2700000e+02 
3.500e+01 ; 4.800e+00 ; 3.000e+00 ; 5.9550002e+00 ; 2.2700000e+02 
3.500e+01 ; 4.800e+00 ; 3.000e+00 ; 5.9590002e+00 ; 2.2700000e+02 
3.500e+01 ; 4.800e+00 ; 3.000e+00 ; 5.9670002e+00 ; 2.2700000e+02 
3.500e+01 ; 4.800e+00 ; 3.000e+00 ; 5.9830002e+00 ; 2.2700000e+02 
3.500e+01 ; 4.800e+00 ; 3.000e+00 ; 6.0150002e+00 ; 2.2700000e+02 
3.500e+01 ; 4.800e+00 ; 3.000e+00 ; 6.0790002e+00 ; 2.2700000e+02 
3.500e+01 ; 4.800e+00 ; 3.000e+00 ; 6.2070002e+00 ; 2.2700000e+02 
3.500e+01 ; 4.800e+00 ; 3.000e+00 ; 6.4630002e+00 ; 2.2700000e+02 
3.500e+01 ; 4.800e+00 ; 3.000e+00 ; 6.8000002e+00 ; 2.2700000e+02 
3.500e+01 ; 4.800e+00 ; 3.000e+00 ; 6.8000002e+00 ; 2.2700000e+02 
3.500e+01 ; 4.800e+00 ; 3.000e+00 ; 6.8010002e+00 ; 2.2700000e+02 
3.500e+01 ; 4.800e+00 ; 3.000e+00 ; 6.8020002e+00 ; 2.2700000e+02 
3.500e+01 ; 4.800e+00 ; 3.000e+00 ; 6.8030002e+00 ; 2.2700000e+02 
3.500e+01 ; 4.800e+00 ; 3.000e+00 ; 6.8050002e+00 ; 2.2700000e+02 
3.500e+01 ; 4.800e+00 ; 3.000e+00 ; 6.8090002e+00 ; 2.2700000e+02 
3.500e+01 ; 4.800e+00 ; 3.000e+00 ; 6.8170002e+00 ; 2.2700000e+02 
3.500e+01 ; 4.800e+00 ; 3.000e+00 ; 6.8330002e+00 ; 2.2700000e+02 
3.500e+01 ; 4.800e+00 ; 3.000e+00 ; 6.8650002e+00 ; 2.2700000e+02 
3.500e+01 ; 4.800e+00 ; 3.000e+00 ; 6.9290002e+00 ; 2.2700000e+02 
3.500e+01 ; 4.800e+00 ; 3.000e+00 ; 7.0570002e+00 ; 2.2700000e+02 
3.500e+01 ; 4.800e+00 ; 3.000e+00 ; 7.3130002e+00 ; 2.2700000e+02 
3.500e+01 ; 4.800e+00 ; 3.000e+00 ; 7.6500002e+00 ; 2.2700000e+02 
3.500e+01 ; 4.800e+00 ; 3.000e+00 ; 7.6500002e+00 ; 2.2700000e+02 
3.500e+01 ; 4.800e+00 ; 3.000e+00 ; 7.6510002e+00 ; 2.2700000e+02 
3.500e+01 ; 4.800e+00 ; 3.000e+00 ; 7.6520002e+00 ; 2.2700000e+02 
3.500e+01 ; 4.800e+00 ; 3.000e+00 ; 7.6530002e+00 ; 2.2700000e+02 
3.500e+01 ; 4.800e+00 ; 3.000e+00 ; 7.6550002e+00 ; 2.2700000e+02 
3.500e+01 ; 4.800e+00 ; 3.000e+00 ; 7.6590002e+00 ; 2.2700000e+02 
3.500e+01 ; 4.800e+00 ; 3.000e+00 ; 7.6670002e+00 ; 2.2700000e+02 
3.500e+01 ; 4.800e+00 ; 3.000e+00 ; 7.6830002e+00 ; 2.2700000e+02 
3.500e+01 ; 4.800e+00 ; 3.000e+00 ; 7.7150002e+00 ; 2.2700000e+02 
3.500e+01 ; 4.800e+00 ; 3.000e+00 ; 7.7790002e+00 ; 2.2700000e+02 
3.500e+01 ; 4.800e+00 ; 3.000e+00 ; 7.9070002e+00 ; 2.2700000e+02 
3.500e+01 ; 4.800e+00 ; 3.000e+00 ; 8.1630002e+00 ; 2.2700000e+02 
3.500e+01 ; 4.800e+00 ; 3.000e+00 ; 8.5000002e+00 ; 2.2700000e+02 
3.500e+01 ; 4.800e+00 ; 3.000e+00 ; 8.5000002e+00 ; 2.2700000e+02 
3.500e+01 ; 4.800e+00 ; 3.000e+00 ; 8.5010002e+00 ; 2.2700000e+02 
3.500e+01 ; 4.800e+00 ; 3.000e+00 ; 8.5020002e+00 ; 2.2700000e+02 
3.500e+01 ; 4.800e+00 ; 3.000e+00 ; 8.5030002e+00 ; 2.2700000e+02 
3.500e+01 ; 4.800e+00 ; 3.000e+00 ; 8.5050002e+00 ; 2.2700000e+02 
3.500e+01 ; 4.800e+00 ; 3.000e+00 ; 8.5090002e+00 ; 2.2700000e+02 
3.500e+01 ; 4.800e+00 ; 3.000e+00 ; 8.5170002e+00 ; 2.2700000e+02 
3.500e+01 ; 4.800e+00 ; 3.000e+00 ; 8.5330002e+00 ; 2.2700000e+02 
3.500e+01 ; 4.800e+00 ; 3.000e+00 ; 8.5650002e+00 ; 2.2700000e+02 
3.500e+01 ; 4.800e+00 ; 3.000e+00 ; 8.6290002e+00 ; 2.2700000e+02 
3.500e+01 ; 4.800e+00 ; 3.000e+00 ; 8.7570002e+00 ; 2.2700000e+02 
3.500e+01 ; 4.800e+00 ; 3.000e+00 ; 9.0130002e+00 ; 2.2700000e+02 
3.500e+01 ; 4.800e+00 ; 3.000e+00 ; 9.3500003e+00 ; 2.2700000e+02 
3.500e+01 ; 4.800e+00 ; 3.000e+00 ; 9.3500003e+00 ; 2.2700000e+02 
3.500e+01 ; 4.800e+00 ; 3.000e+00 ; 9.3510003e+00 ; 2.2700000e+02 
3.500e+01 ; 4.800e+00 ; 3.000e+00 ; 9.3520003e+00 ; 2.2700000e+02 
3.500e+01 ; 4.800e+00 ; 3.000e+00 ; 9.3530003e+00 ; 2.2700000e+02 
3.500e+01 ; 4.800e+00 ; 3.000e+00 ; 9.3550003e+00 ; 2.2700000e+02 
3.500e+01 ; 4.800e+00 ; 3.000e+00 ; 9.3590003e+00 ; 2.2700000e+02 
3.500e+01 ; 4.800e+00 ; 3.000e+00 ; 9.3670003e+00 ; 2.2700000e+02 
3.500e+01 ; 4.800e+00 ; 3.000e+00 ; 9.3830003e+00 ; 2.2700000e+02 
3.500e+01 ; 4.800e+00 ; 3.000e+00 ; 9.4150003e+00 ; 2.2700000e+02 
3.500e+01 ; 4.800e+00 ; 3.000e+00 ; 9.4790003e+00 ; 2.2700000e+02 
3.500e+01 ; 4.800e+00 ; 3.000e+00 ; 9.6070003e+00 ; 2.2700000e+02 
3.500e+01 ; 4.800e+00 ; 3.000e+00 ; 9.8630003e+00 ; 2.2700000e+02 
3.500e+01 ; 4.800e+00 ; 3.000e+00 ; 1.0200000e+01 ; 2.2700000e+02 
3.500e+01 ; 4.800e+00 ; 3.000e+00 ; 1.0200000e+01 ; 2.2700000e+02 
3.500e+01 ; 4.800e+00 ; 3.000e+00 ; 1.0201000e+01 ; 2.2700000e+02 
3.500e+01 ; 4.800e+00 ; 3.000e+00 ; 1.0202000e+01 ; 2.2700000e+02 
3.500e+01 ; 4.800e+00 ; 3.000e+00 ; 1.0203000e+01 ; 2.2700000e+02 
3.500e+01 ; 4.800e+00 ; 3.000e+00 ; 1.0205000e+01 ; 2.2700000e+02 
3.500e+01 ; 4.800e+00 ; 3.000e+00 ; 1.0209000e+01 ; 2.2700000e+02 
3.500e+01 ; 4.800e+00 ; 3.000e+00 ; 1.0217000e+01 ; 2.2700000e+02 
3.500e+01 ; 4.800e+00 ; 3.000e+00 ; 1.0233000e+01 ; 2.2700000e+02 
3.500e+01 ; 4.800e+00 ; 3.000e+00 ; 1.0265000e+01 ; 2.2700000e+02 
3.500e+01 ; 4.800e+00 ; 3.000e+00 ; 1.0329000e+01 ; 2.2700000e+02 
3.500e+01 ; 4.800e+00 ; 3.000e+00 ; 1.0457000e+01 ; 2.2700000e+02 
3.500e+01 ; 4.800e+00 ; 3.000e+00 ; 1.0713000e+01 ; 2.2700000e+02 
3.500e+01 ; 4.800e+00 ; 3.000e+00 ; 1.1050000e+01 ; 2.2700000e+02 
3.500e+01 ; 4.800e+00 ; 3.000e+00 ; 1.1050000e+01 ; 2.2700000e+02 
3.500e+01 ; 4.800e+00 ; 3.000e+00 ; 1.1051000e+01 ; 2.2700000e+02 
3.500e+01 ; 4.800e+00 ; 3.000e+00 ; 1.1052000e+01 ; 2.2700000e+02 
3.500e+01 ; 4.800e+00 ; 3.000e+00 ; 1.1053000e+01 ; 2.2700000e+02 
3.500e+01 ; 4.800e+00 ; 3.000e+00 ; 1.1055000e+01 ; 2.2700000e+02 
3.500e+01 ; 4.800e+00 ; 3.000e+00 ; 1.1059000e+01 ; 2.2700000e+02 
3.500e+01 ; 4.800e+00 ; 3.000e+00 ; 1.1067000e+01 ; 2.2700000e+02 
3.500e+01 ; 4.800e+00 ; 3.000e+00 ; 1.1083000e+01 ; 2.2700000e+02 
3.500e+01 ; 4.800e+00 ; 3.000e+00 ; 1.1115000e+01 ; 2.2700000e+02 
3.500e+01 ; 4.800e+00 ; 3.000e+00 ; 1.1179000e+01 ; 2.2700000e+02 
3.500e+01 ; 4.800e+00 ; 3.000e+00 ; 1.1307000e+01 ; 2.2700000e+02 
3.500e+01 ; 4.800e+00 ; 3.000e+00 ; 1.1563000e+01 ; 2.2700000e+02 
3.500e+01 ; 4.800e+00 ; 3.000e+00 ; 1.1900000e+01 ; 2.2700000e+02 
3.500e+01 ; 4.800e+00 ; 3.000e+00 ; 1.1900000e+01 ; 2.2700000e+02 
3.500e+01 ; 4.800e+00 ; 3.000e+00 ; 1.1901000e+01 ; 2.2700000e+02 
3.500e+01 ; 4.800e+00 ; 3.000e+00 ; 1.1902000e+01 ; 2.2700000e+02 
3.500e+01 ; 4.800e+00 ; 3.000e+00 ; 1.1903000e+01 ; 2.2700000e+02 
3.500e+01 ; 4.800e+00 ; 3.000e+00 ; 1.1905000e+01 ; 2.2700000e+02 
3.500e+01 ; 4.800e+00 ; 3.000e+00 ; 1.1909000e+01 ; 2.2700000e+02 
3.500e+01 ; 4.800e+00 ; 3.000e+00 ; 1.1917000e+01 ; 2.2700000e+02 
3.500e+01 ; 4.800e+00 ; 3.000e+00 ; 1.1933000e+01 ; 2.2700000e+02 
3.500e+01 ; 4.800e+00 ; 3.000e+00 ; 1.1965000e+01 ; 2.2700000e+02 
3.500e+01 ; 4.800e+00 ; 3.000e+00 ; 1.2029000e+01 ; 2.2700000e+02 
3.500e+01 ; 4.800e+00 ; 3.000e+00 ; 1.2157000e+01 ; 2.2700000e+02 
3.500e+01 ; 4.800e+00 ; 3.000e+00 ; 1.2413000e+01 ; 2.2700000e+02 
3.500e+01 ; 4.800e+00 ; 3.000e+00 ; 1.2750000e+01 ; 2.2700000e+02 
3.500e+01 ; 4.800e+00 ; 3.000e+00 ; 1.2750000e+01 ; 2.2700000e+02 
3.500e+01 ; 4.800e+00 ; 3.000e+00 ; 1.2751000e+01 ; 2.2700000e+02 
3.500e+01 ; 4.800e+00 ; 3.000e+00 ; 1.2752000e+01 ; 2.2700000e+02 
3.500e+01 ; 4.800e+00 ; 3.000e+00 ; 1.2753000e+01 ; 2.2700000e+02 
3.500e+01 ; 4.800e+00 ; 3.000e+00 ; 1.2755000e+01 ; 2.2700000e+02 
3.500e+01 ; 4.800e+00 ; 3.000e+00 ; 1.2759000e+01 ; 2.2700000e+02 
3.500e+01 ; 4.800e+00 ; 3.000e+00 ; 1.2767000e+01 ; 2.2700000e+02 
3.500e+01 ; 4.800e+00 ; 3.000e+00 ; 1.2783000e+01 ; 2.2700000e+02 
3.500e+01 ; 4.800e+00 ; 3.000e+00 ; 1.2815000e+01 ; 2.2700000e+02 
3.500e+01 ; 4.800e+00 ; 3.000e+00 ; 1.2879000e+01 ; 2.2700000e+02 
3.500e+01 ; 4.800e+00 ; 3.000e+00 ; 1.3007000e+01 ; 2.2700000e+02 
3.500e+01 ; 4.800e+00 ; 3.000e+00 ; 1.3263000e+01 ; 2.2700000e+02 
3.500e+01 ; 4.800e+00 ; 3.000e+00 ; 1.3600000e+01 ; 2.2700000e+02 
3.500e+01 ; 4.800e+00 ; 3.000e+00 ; 1.3600000e+01 ; 2.2700000e+02 
3.500e+01 ; 4.800e+00 ; 3.000e+00 ; 1.3601000e+01 ; 2.2700000e+02 
3.500e+01 ; 4.800e+00 ; 3.000e+00 ; 1.3602000e+01 ; 2.2700000e+02 
3.500e+01 ; 4.800e+00 ; 3.000e+00 ; 1.3603000e+01 ; 2.2700000e+02 
3.500e+01 ; 4.800e+00 ; 3.000e+00 ; 1.3605000e+01 ; 2.2700000e+02 
3.500e+01 ; 4.800e+00 ; 3.000e+00 ; 1.3609000e+01 ; 2.2700000e+02 
3.500e+01 ; 4.800e+00 ; 3.000e+00 ; 1.3617000e+01 ; 2.2700000e+02 
3.500e+01 ; 4.800e+00 ; 3.000e+00 ; 1.3633000e+01 ; 2.2700000e+02 
3.500e+01 ; 4.800e+00 ; 3.000e+00 ; 1.3665000e+01 ; 2.2700000e+02 
3.500e+01 ; 4.800e+00 ; 3.000e+00 ; 1.3729000e+01 ; 2.2700000e+02 
3.500e+01 ; 4.800e+00 ; 3.000e+00 ; 1.3857000e+01 ; 2.2700000e+02 
3.500e+01 ; 4.800e+00 ; 3.000e+00 ; 1.4113000e+01 ; 2.2700000e+02 
3.500e+01 ; 4.800e+00 ; 3.000e+00 ; 1.4450000e+01 ; 2.2700000e+02 
3.500e+01 ; 4.800e+00 ; 3.000e+00 ; 1.4450000e+01 ; 2.2700000e+02 
3.500e+01 ; 4.800e+00 ; 3.000e+00 ; 1.4451000e+01 ; 2.2700000e+02 
3.500e+01 ; 4.800e+00 ; 3.000e+00 ; 1.4452000e+01 ; 2.2700000e+02 
3.500e+01 ; 4.800e+00 ; 3.000e+00 ; 1.4453000e+01 ; 2.2700000e+02 
3.500e+01 ; 4.800e+00 ; 3.000e+00 ; 1.4455000e+01 ; 2.2700000e+02 
3.500e+01 ; 4.800e+00 ; 3.000e+00 ; 1.4459000e+01 ; 2.2700000e+02 
3.500e+01 ; 4.800e+00 ; 3.000e+00 ; 1.4467000e+01 ; 2.2700000e+02 
3.500e+01 ; 4.800e+00 ; 3.000e+00 ; 1.4483000e+01 ; 2.2700000e+02 
3.500e+01 ; 4.800e+00 ; 3.000e+00 ; 1.4515000e+01 ; 2.2700000e+02 
3.500e+01 ; 4.800e+00 ; 3.000e+00 ; 1.4579000e+01 ; 2.2700000e+02 
3.500e+01 ; 4.800e+00 ; 3.000e+00 ; 1.4707000e+01 ; 2.2700000e+02 
3.500e+01 ; 4.800e+00 ; 3.000e+00 ; 1.4963000e+01 ; 2.2700000e+02 
3.500e+01 ; 4.800e+00 ; 3.000e+00 ; 1.5300000e+01 ; 2.2700000e+02 
3.500e+01 ; 4.800e+00 ; 3.000e+00 ; 1.5300000e+01 ; 2.2700000e+02 
3.500e+01 ; 4.800e+00 ; 3.000e+00 ; 1.5301000e+01 ; 2.2700000e+02 
3.500e+01 ; 4.800e+00 ; 3.000e+00 ; 1.5302000e+01 ; 2.2700000e+02 
3.500e+01 ; 4.800e+00 ; 3.000e+00 ; 1.5303000e+01 ; 2.2700000e+02 
3.500e+01 ; 4.800e+00 ; 3.000e+00 ; 1.5305000e+01 ; 2.2700000e+02 
3.500e+01 ; 4.800e+00 ; 3.000e+00 ; 1.5309000e+01 ; 2.2700000e+02 
3.500e+01 ; 4.800e+00 ; 3.000e+00 ; 1.5317000e+01 ; 2.2700000e+02 
3.500e+01 ; 4.800e+00 ; 3.000e+00 ; 1.5333000e+01 ; 2.2700000e+02 
3.500e+01 ; 4.800e+00 ; 3.000e+00 ; 1.5365000e+01 ; 2.2700000e+02 
3.500e+01 ; 4.800e+00 ; 3.000e+00 ; 1.5429000e+01 ; 2.2700000e+02 
3.500e+01 ; 4.800e+00 ; 3.000e+00 ; 1.5557000e+01 ; 2.2700000e+02 
3.500e+01 ; 4.800e+00 ; 3.000e+00 ; 1.5813000e+01 ; 2.2700000e+02 
3.500e+01 ; 4.800e+00 ; 3.000e+00 ; 1.6150000e+01 ; 2.2700000e+02 
3.500e+01 ; 4.800e+00 ; 3.000e+00 ; 1.6150000e+01 ; 2.2700000e+02 
3.500e+01 ; 4.800e+00 ; 3.000e+00 ; 1.6151000e+01 ; 2.2700000e+02 
3.500e+01 ; 4.800e+00 ; 3.000e+00 ; 1.6152000e+01 ; 2.2700000e+02 
3.500e+01 ; 4.800e+00 ; 3.000e+00 ; 1.6153000e+01 ; 2.2700000e+02 
3.500e+01 ; 4.800e+00 ; 3.000e+00 ; 1.6155000e+01 ; 2.2700000e+02 
3.500e+01 ; 4.800e+00 ; 3.000e+00 ; 1.6159000e+01 ; 2.2700000e+02 
3.500e+01 ; 4.800e+00 ; 3.000e+00 ; 1.6167000e+01 ; 2.2700000e+02 
3.500e+01 ; 4.800e+00 ; 3.000e+00 ; 1.6183000e+01 ; 2.2700000e+02 
3.500e+01 ; 4.800e+00 ; 3.000e+00 ; 1.6215000e+01 ; 2.2700000e+02 
3.500e+01 ; 4.800e+00 ; 3.000e+00 ; 1.6279000e+01 ; 2.2700000e+02 
3.500e+01 ; 4.800e+00 ; 3.000e+00 ; 1.6407000e+01 ; 2.2700000e+02 
3.500e+01 ; 4.800e+00 ; 3.000e+00 ; 1.6663000e+01 ; 2.2700000e+02 
3.500e+01 ; 4.800e+00 ; 3.000e+00 ; 1.7000000e+01 ; 2.2700000e+02 
3.500e+01 ; 4.800e+00 ; 3.000e+00 ; 1.7000000e+01 ; 2.2700000e+02 
3.500e+01 ; 4.800e+00 ; 3.000e+00 ; 1.7001000e+01 ; 2.2700000e+02 
3.500e+01 ; 4.800e+00 ; 3.000e+00 ; 1.7002000e+01 ; 2.2700000e+02 
3.500e+01 ; 4.800e+00 ; 3.000e+00 ; 1.7003000e+01 ; 2.2700000e+02 
3.500e+01 ; 4.800e+00 ; 3.000e+00 ; 1.7005000e+01 ; 2.2700000e+02 
3.500e+01 ; 4.800e+00 ; 3.000e+00 ; 1.7009000e+01 ; 2.2700000e+02 
3.500e+01 ; 4.800e+00 ; 3.000e+00 ; 1.7017000e+01 ; 2.2700000e+02 
3.500e+01 ; 4.800e+00 ; 3.000e+00 ; 1.7033000e+01 ; 2.2700000e+02 
3.500e+01 ; 4.800e+00 ; 3.000e+00 ; 1.7065000e+01 ; 2.2700000e+02 
3.500e+01 ; 4.800e+00 ; 3.000e+00 ; 1.7129000e+01 ; 2.2700000e+02 
3.500e+01 ; 4.800e+00 ; 3.000e+00 ; 1.7257000e+01 ; 2.2700000e+02 
3.500e+01 ; 4.800e+00 ; 3.000e+00 ; 1.7513000e+01 ; 2.2700000e+02 
3.500e+01 ; 4.800e+00 ; 3.000e+00 ; 1.7850001e+01 ; 2.2700000e+02 
3.500e+01 ; 4.800e+00 ; 3.000e+00 ; 1.7850001e+01 ; 2.2700000e+02 
3.500e+01 ; 4.800e+00 ; 3.000e+00 ; 1.7851001e+01 ; 2.2700000e+02 
3.500e+01 ; 4.800e+00 ; 3.000e+00 ; 1.7852001e+01 ; 2.2700000e+02 
3.500e+01 ; 4.800e+00 ; 3.000e+00 ; 1.7853001e+01 ; 2.2700000e+02 
3.500e+01 ; 4.800e+00 ; 3.000e+00 ; 1.7855001e+01 ; 2.2700000e+02 
3.500e+01 ; 4.800e+00 ; 3.000e+00 ; 1.7859001e+01 ; 2.2700000e+02 
3.500e+01 ; 4.800e+00 ; 3.000e+00 ; 1.7867001e+01 ; 2.2700000e+02 
3.500e+01 ; 4.800e+00 ; 3.000e+00 ; 1.7883001e+01 ; 2.2700000e+02 
3.500e+01 ; 4.800e+00 ; 3.000e+00 ; 1.7915000e+01 ; 2.2700000e+02 
3.500e+01 ; 4.800e+00 ; 3.000e+00 ; 1.7979000e+01 ; 2.2700000e+02 
3.500e+01 ; 4.800e+00 ; 3.000e+00 ; 1.8107000e+01 ; 2.2700000e+02 
3.500e+01 ; 4.800e+00 ; 3.000e+00 ; 1.8363001e+01 ; 2.2700000e+02 
3.500e+01 ; 4.800e+00 ; 3.000e+00 ; 1.8700001e+01 ; 2.2700000e+02 
3.500e+01 ; 4.800e+00 ; 3.000e+00 ; 1.8700001e+01 ; 2.2700000e+02 
3.500e+01 ; 4.800e+00 ; 3.000e+00 ; 1.8701001e+01 ; 2.2700000e+02 
3.500e+01 ; 4.800e+00 ; 3.000e+00 ; 1.8702001e+01 ; 2.2700000e+02 
3.500e+01 ; 4.800e+00 ; 3.000e+00 ; 1.8703001e+01 ; 2.2700000e+02 
3.500e+01 ; 4.800e+00 ; 3.000e+00 ; 1.8705001e+01 ; 2.2700000e+02 
3.500e+01 ; 4.800e+00 ; 3.000e+00 ; 1.8709001e+01 ; 2.2700000e+02 
3.500e+01 ; 4.800e+00 ; 3.000e+00 ; 1.8717001e+01 ; 2.2700000e+02 
3.500e+01 ; 4.800e+00 ; 3.000e+00 ; 1.8733001e+01 ; 2.2700000e+02 
3.500e+01 ; 4.800e+00 ; 3.000e+00 ; 1.8765001e+01 ; 2.2700000e+02 
3.500e+01 ; 4.800e+00 ; 3.000e+00 ; 1.8829001e+01 ; 2.2700000e+02 
3.500e+01 ; 4.800e+00 ; 3.000e+00 ; 1.8957001e+01 ; 2.2700000e+02 
3.500e+01 ; 4.800e+00 ; 3.000e+00 ; 1.9213001e+01 ; 2.2700000e+02 
3.500e+01 ; 4.800e+00 ; 3.000e+00 ; 1.9550001e+01 ; 2.2700000e+02 
3.500e+01 ; 4.800e+00 ; 3.000e+00 ; 1.9550001e+01 ; 2.2700000e+02 
3.500e+01 ; 4.800e+00 ; 3.000e+00 ; 1.9551001e+01 ; 2.2700000e+02 
3.500e+01 ; 4.800e+00 ; 3.000e+00 ; 1.9552001e+01 ; 2.2700000e+02 
3.500e+01 ; 4.800e+00 ; 3.000e+00 ; 1.9553001e+01 ; 2.2700000e+02 
3.500e+01 ; 4.800e+00 ; 3.000e+00 ; 1.9555001e+01 ; 2.2700000e+02 
3.500e+01 ; 4.800e+00 ; 3.000e+00 ; 1.9559001e+01 ; 2.2700000e+02 
3.500e+01 ; 4.800e+00 ; 3.000e+00 ; 1.9567001e+01 ; 2.2700000e+02 
3.500e+01 ; 4.800e+00 ; 3.000e+00 ; 1.9583001e+01 ; 2.2700000e+02 
3.500e+01 ; 4.800e+00 ; 3.000e+00 ; 1.9615001e+01 ; 2.2700000e+02 
3.500e+01 ; 4.800e+00 ; 3.000e+00 ; 1.9679001e+01 ; 2.2700000e+02 
3.500e+01 ; 4.800e+00 ; 3.000e+00 ; 1.9807001e+01 ; 2.2700000e+02 
3.500e+01 ; 4.800e+00 ; 3.000e+00 ; 2.0063001e+01 ; 2.2700000e+02 
3.500e+01 ; 4.800e+00 ; 3.000e+00 ; 2.0400001e+01 ; 2.2700000e+02 
3.500e+01 ; 4.800e+00 ; 3.000e+00 ; 2.0400001e+01 ; 2.2700000e+02 
3.500e+01 ; 4.800e+00 ; 3.000e+00 ; 2.0401001e+01 ; 2.2700000e+02 
3.500e+01 ; 4.800e+00 ; 3.000e+00 ; 2.0402001e+01 ; 2.2700000e+02 
3.500e+01 ; 4.800e+00 ; 3.000e+00 ; 2.0403001e+01 ; 2.2700000e+02 
3.500e+01 ; 4.800e+00 ; 3.000e+00 ; 2.0405001e+01 ; 2.2700000e+02 
3.500e+01 ; 4.800e+00 ; 3.000e+00 ; 2.0409001e+01 ; 2.2700000e+02 
3.500e+01 ; 4.800e+00 ; 3.000e+00 ; 2.0417001e+01 ; 2.2700000e+02 
3.500e+01 ; 4.800e+00 ; 3.000e+00 ; 2.0433001e+01 ; 2.2700000e+02 
3.500e+01 ; 4.800e+00 ; 3.000e+00 ; 2.0465001e+01 ; 2.2700000e+02 
3.500e+01 ; 4.800e+00 ; 3.000e+00 ; 2.0529001e+01 ; 2.2700000e+02 
3.500e+01 ; 4.800e+00 ; 3.000e+00 ; 2.0657001e+01 ; 2.2700000e+02 
3.500e+01 ; 4.800e+00 ; 3.000e+00 ; 2.0913001e+01 ; 2.2700000e+02 
3.500e+01 ; 4.800e+00 ; 3.000e+00 ; 2.1250001e+01 ; 2.2700000e+02 
3.500e+01 ; 4.800e+00 ; 3.000e+00 ; 2.1250001e+01 ; 2.2700000e+02 
3.500e+01 ; 4.800e+00 ; 3.000e+00 ; 2.1251001e+01 ; 2.2700000e+02 
3.500e+01 ; 4.800e+00 ; 3.000e+00 ; 2.1252001e+01 ; 2.2700000e+02 
3.500e+01 ; 4.800e+00 ; 3.000e+00 ; 2.1253001e+01 ; 2.2700000e+02 
3.500e+01 ; 4.800e+00 ; 3.000e+00 ; 2.1255001e+01 ; 2.2700000e+02 
3.500e+01 ; 4.800e+00 ; 3.000e+00 ; 2.1259001e+01 ; 2.2700000e+02 
3.500e+01 ; 4.800e+00 ; 3.000e+00 ; 2.1267001e+01 ; 2.2700000e+02 
3.500e+01 ; 4.800e+00 ; 3.000e+00 ; 2.1283001e+01 ; 2.2700000e+02 
3.500e+01 ; 4.800e+00 ; 3.000e+00 ; 2.1315001e+01 ; 2.2700000e+02 
3.500e+01 ; 4.800e+00 ; 3.000e+00 ; 2.1379001e+01 ; 2.2700000e+02 
3.500e+01 ; 4.800e+00 ; 3.000e+00 ; 2.1507001e+01 ; 2.2700000e+02 
3.500e+01 ; 4.800e+00 ; 3.000e+00 ; 2.1763001e+01 ; 2.2700000e+02 
3.500e+01 ; 4.800e+00 ; 3.000e+00 ; 2.2100001e+01 ; 2.2700000e+02 
3.500e+01 ; 4.800e+00 ; 3.000e+00 ; 2.2100001e+01 ; 2.2700000e+02 
3.500e+01 ; 4.800e+00 ; 3.000e+00 ; 2.2101001e+01 ; 2.2700000e+02 
3.500e+01 ; 4.800e+00 ; 3.000e+00 ; 2.2102001e+01 ; 2.2700000e+02 
3.500e+01 ; 4.800e+00 ; 3.000e+00 ; 2.2103001e+01 ; 2.2700000e+02 
3.500e+01 ; 4.800e+00 ; 3.000e+00 ; 2.2105001e+01 ; 2.2700000e+02 
3.500e+01 ; 4.800e+00 ; 3.000e+00 ; 2.2109001e+01 ; 2.2700000e+02 
3.500e+01 ; 4.800e+00 ; 3.000e+00 ; 2.2117001e+01 ; 2.2700000e+02 
3.500e+01 ; 4.800e+00 ; 3.000e+00 ; 2.2133001e+01 ; 2.2700000e+02 
3.500e+01 ; 4.800e+00 ; 3.000e+00 ; 2.2165001e+01 ; 2.2700000e+02 
3.500e+01 ; 4.800e+00 ; 3.000e+00 ; 2.2229001e+01 ; 2.2700000e+02 
3.500e+01 ; 4.800e+00 ; 3.000e+00 ; 2.2357001e+01 ; 2.2700000e+02 
3.500e+01 ; 4.800e+00 ; 3.000e+00 ; 2.2613001e+01 ; 2.2700000e+02 
3.500e+01 ; 4.800e+00 ; 3.000e+00 ; 2.2950001e+01 ; 2.2700000e+02 
3.500e+01 ; 4.800e+00 ; 3.000e+00 ; 2.2950001e+01 ; 2.2700000e+02 
3.500e+01 ; 4.800e+00 ; 3.000e+00 ; 2.2951001e+01 ; 2.2700000e+02 
3.500e+01 ; 4.800e+00 ; 3.000e+00 ; 2.2952001e+01 ; 2.2700000e+02 
3.500e+01 ; 4.800e+00 ; 3.000e+00 ; 2.2953001e+01 ; 2.2700000e+02 
3.500e+01 ; 4.800e+00 ; 3.000e+00 ; 2.2955001e+01 ; 2.2700000e+02 
3.500e+01 ; 4.800e+00 ; 3.000e+00 ; 2.2959001e+01 ; 2.2700000e+02 
3.500e+01 ; 4.800e+00 ; 3.000e+00 ; 2.2967001e+01 ; 2.2700000e+02 
3.500e+01 ; 4.800e+00 ; 3.000e+00 ; 2.2983001e+01 ; 2.2700000e+02 
3.500e+01 ; 4.800e+00 ; 3.000e+00 ; 2.3015001e+01 ; 2.2700000e+02 
3.500e+01 ; 4.800e+00 ; 3.000e+00 ; 2.3079001e+01 ; 2.2700000e+02 
3.500e+01 ; 4.800e+00 ; 3.000e+00 ; 2.3207001e+01 ; 2.2700000e+02 
3.500e+01 ; 4.800e+00 ; 3.000e+00 ; 2.3463001e+01 ; 2.2700000e+02 
3.500e+01 ; 4.800e+00 ; 3.000e+00 ; 2.3800001e+01 ; 2.2700000e+02 
3.500e+01 ; 4.800e+00 ; 3.000e+00 ; 2.3800001e+01 ; 2.2700000e+02 
3.500e+01 ; 4.800e+00 ; 3.000e+00 ; 2.3801001e+01 ; 2.2700000e+02 
3.500e+01 ; 4.800e+00 ; 3.000e+00 ; 2.3802001e+01 ; 2.2700000e+02 
3.500e+01 ; 4.800e+00 ; 3.000e+00 ; 2.3803001e+01 ; 2.2700000e+02 
3.500e+01 ; 4.800e+00 ; 3.000e+00 ; 2.3805001e+01 ; 2.2700000e+02 
3.500e+01 ; 4.800e+00 ; 3.000e+00 ; 2.3809001e+01 ; 2.2700000e+02 
3.500e+01 ; 4.800e+00 ; 3.000e+00 ; 2.3817001e+01 ; 2.2700000e+02 
3.500e+01 ; 4.800e+00 ; 3.000e+00 ; 2.3833001e+01 ; 2.2700000e+02 
3.500e+01 ; 4.800e+00 ; 3.000e+00 ; 2.3865001e+01 ; 2.2700000e+02 
3.500e+01 ; 4.800e+00 ; 3.000e+00 ; 2.3929001e+01 ; 2.2700000e+02 
3.500e+01 ; 4.800e+00 ; 3.000e+00 ; 2.4057001e+01 ; 2.2700000e+02 
3.500e+01 ; 4.800e+00 ; 3.000e+00 ; 2.4313001e+01 ; 2.2700000e+02 
3.500e+01 ; 4.800e+00 ; 3.000e+00 ; 2.4650001e+01 ; 2.2700000e+02 
3.500e+01 ; 4.800e+00 ; 3.000e+00 ; 2.4650001e+01 ; 2.2700000e+02 
3.500e+01 ; 4.800e+00 ; 3.000e+00 ; 2.4651001e+01 ; 2.2700000e+02 
3.500e+01 ; 4.800e+00 ; 3.000e+00 ; 2.4652001e+01 ; 2.2700000e+02 
3.500e+01 ; 4.800e+00 ; 3.000e+00 ; 2.4653001e+01 ; 2.2700000e+02 
3.500e+01 ; 4.800e+00 ; 3.000e+00 ; 2.4655001e+01 ; 2.2700000e+02 
3.500e+01 ; 4.800e+00 ; 3.000e+00 ; 2.4659001e+01 ; 2.2700000e+02 
3.500e+01 ; 4.800e+00 ; 3.000e+00 ; 2.4667001e+01 ; 2.2700000e+02 
3.500e+01 ; 4.800e+00 ; 3.000e+00 ; 2.4683001e+01 ; 2.2700000e+02 
3.500e+01 ; 4.800e+00 ; 3.000e+00 ; 2.4715001e+01 ; 2.2700000e+02 
3.500e+01 ; 4.800e+00 ; 3.000e+00 ; 2.4779001e+01 ; 2.2700000e+02 
3.500e+01 ; 4.800e+00 ; 3.000e+00 ; 2.4907001e+01 ; 2.2700000e+02 
3.500e+01 ; 4.800e+00 ; 3.000e+00 ; 2.5163001e+01 ; 2.2700000e+02 
3.500e+01 ; 4.800e+00 ; 3.000e+00 ; 2.5500001e+01 ; 2.2700000e+02 
3.500e+01 ; 4.800e+00 ; 3.000e+00 ; 2.5500001e+01 ; 2.2700000e+02 
3.500e+01 ; 4.800e+00 ; 3.000e+00 ; 2.5501001e+01 ; 2.2700000e+02 
3.500e+01 ; 4.800e+00 ; 3.000e+00 ; 2.5502001e+01 ; 2.2700000e+02 
3.500e+01 ; 4.800e+00 ; 3.000e+00 ; 2.5503001e+01 ; 2.2700000e+02 
3.500e+01 ; 4.800e+00 ; 3.000e+00 ; 2.5505001e+01 ; 2.2700000e+02 
3.500e+01 ; 4.800e+00 ; 3.000e+00 ; 2.5509001e+01 ; 2.2700000e+02 
3.500e+01 ; 4.800e+00 ; 3.000e+00 ; 2.5517001e+01 ; 2.2700000e+02 
3.500e+01 ; 4.800e+00 ; 3.000e+00 ; 2.5533001e+01 ; 2.2700000e+02 
3.500e+01 ; 4.800e+00 ; 3.000e+00 ; 2.5565001e+01 ; 2.2700000e+02 
3.500e+01 ; 4.800e+00 ; 3.000e+00 ; 2.5629001e+01 ; 2.2700000e+02 
3.500e+01 ; 4.800e+00 ; 3.000e+00 ; 2.5757001e+01 ; 2.2700000e+02 
3.500e+01 ; 4.800e+00 ; 3.000e+00 ; 2.6013001e+01 ; 2.2700000e+02 
3.500e+01 ; 4.800e+00 ; 3.000e+00 ; 2.6350001e+01 ; 2.2700000e+02 
3.500e+01 ; 4.800e+00 ; 3.000e+00 ; 2.6350001e+01 ; 2.2700000e+02 
3.500e+01 ; 4.800e+00 ; 3.000e+00 ; 2.6351001e+01 ; 2.2700000e+02 
3.500e+01 ; 4.800e+00 ; 3.000e+00 ; 2.6352001e+01 ; 2.2700000e+02 
3.500e+01 ; 4.800e+00 ; 3.000e+00 ; 2.6353001e+01 ; 2.2700000e+02 
3.500e+01 ; 4.800e+00 ; 3.000e+00 ; 2.6355001e+01 ; 2.2700000e+02 
3.500e+01 ; 4.800e+00 ; 3.000e+00 ; 2.6359001e+01 ; 2.2700000e+02 
3.500e+01 ; 4.800e+00 ; 3.000e+00 ; 2.6367001e+01 ; 2.2700000e+02 
3.500e+01 ; 4.800e+00 ; 3.000e+00 ; 2.6383001e+01 ; 2.2700000e+02 
3.500e+01 ; 4.800e+00 ; 3.000e+00 ; 2.6415001e+01 ; 2.2700000e+02 
3.500e+01 ; 4.800e+00 ; 3.000e+00 ; 2.6479001e+01 ; 2.2700000e+02 
3.500e+01 ; 4.800e+00 ; 3.000e+00 ; 2.6607001e+01 ; 2.2700000e+02 
3.500e+01 ; 4.800e+00 ; 3.000e+00 ; 2.6863001e+01 ; 2.2700000e+02 
3.500e+01 ; 4.800e+00 ; 3.000e+00 ; 2.7200001e+01 ; 2.2700000e+02 
3.500e+01 ; 4.800e+00 ; 3.000e+00 ; 2.7200001e+01 ; 2.2700000e+02 
3.500e+01 ; 4.800e+00 ; 3.000e+00 ; 2.7201001e+01 ; 2.2700000e+02 
3.500e+01 ; 4.800e+00 ; 3.000e+00 ; 2.7202001e+01 ; 2.2700000e+02 
3.500e+01 ; 4.800e+00 ; 3.000e+00 ; 2.7203001e+01 ; 2.2700000e+02 
3.500e+01 ; 4.800e+00 ; 3.000e+00 ; 2.7205001e+01 ; 2.2700000e+02 
3.500e+01 ; 4.800e+00 ; 3.000e+00 ; 2.7209001e+01 ; 2.2700000e+02 
3.500e+01 ; 4.800e+00 ; 3.000e+00 ; 2.7217001e+01 ; 2.2700000e+02 
3.500e+01 ; 4.800e+00 ; 3.000e+00 ; 2.7233001e+01 ; 2.2700000e+02 
3.500e+01 ; 4.800e+00 ; 3.000e+00 ; 2.7265001e+01 ; 2.2700000e+02 
3.500e+01 ; 4.800e+00 ; 3.000e+00 ; 2.7329001e+01 ; 2.2700000e+02 
3.500e+01 ; 4.800e+00 ; 3.000e+00 ; 2.7457001e+01 ; 2.2700000e+02 
3.500e+01 ; 4.800e+00 ; 3.000e+00 ; 2.7713001e+01 ; 2.2700000e+02 
3.500e+01 ; 4.800e+00 ; 3.000e+00 ; 2.8050001e+01 ; 2.2700000e+02 
3.500e+01 ; 4.800e+00 ; 3.000e+00 ; 2.8050001e+01 ; 2.2700000e+02 
3.500e+01 ; 4.800e+00 ; 3.000e+00 ; 2.8051001e+01 ; 2.2700000e+02 
3.500e+01 ; 4.800e+00 ; 3.000e+00 ; 2.8052001e+01 ; 2.2700000e+02 
3.500e+01 ; 4.800e+00 ; 3.000e+00 ; 2.8053001e+01 ; 2.2700000e+02 
3.500e+01 ; 4.800e+00 ; 3.000e+00 ; 2.8055001e+01 ; 2.2700000e+02 
3.500e+01 ; 4.800e+00 ; 3.000e+00 ; 2.8059001e+01 ; 2.2700000e+02 
3.500e+01 ; 4.800e+00 ; 3.000e+00 ; 2.8067001e+01 ; 2.2700000e+02 
3.500e+01 ; 4.800e+00 ; 3.000e+00 ; 2.8083001e+01 ; 2.2700000e+02 
3.500e+01 ; 4.800e+00 ; 3.000e+00 ; 2.8115001e+01 ; 2.2700000e+02 
3.500e+01 ; 4.800e+00 ; 3.000e+00 ; 2.8179001e+01 ; 2.2700000e+02 
3.500e+01 ; 4.800e+00 ; 3.000e+00 ; 2.8307001e+01 ; 2.2700000e+02 
3.500e+01 ; 4.800e+00 ; 3.000e+00 ; 2.8563001e+01 ; 2.2700000e+02 
3.500e+01 ; 4.800e+00 ; 3.000e+00 ; 2.8900001e+01 ; 2.2700000e+02 
3.500e+01 ; 4.800e+00 ; 3.000e+00 ; 2.8900001e+01 ; 2.2700000e+02 
3.500e+01 ; 4.800e+00 ; 3.000e+00 ; 2.8901001e+01 ; 2.2700000e+02 
3.500e+01 ; 4.800e+00 ; 3.000e+00 ; 2.8902001e+01 ; 2.2700000e+02 
3.500e+01 ; 4.800e+00 ; 3.000e+00 ; 2.8903001e+01 ; 2.2700000e+02 
3.500e+01 ; 4.800e+00 ; 3.000e+00 ; 2.8905001e+01 ; 2.2700000e+02 
3.500e+01 ; 4.800e+00 ; 3.000e+00 ; 2.8909001e+01 ; 2.2700000e+02 
3.500e+01 ; 4.800e+00 ; 3.000e+00 ; 2.8917001e+01 ; 2.2700000e+02 
3.500e+01 ; 4.800e+00 ; 3.000e+00 ; 2.8933001e+01 ; 2.2700000e+02 
3.500e+01 ; 4.800e+00 ; 3.000e+00 ; 2.8965001e+01 ; 2.2700000e+02 
3.500e+01 ; 4.800e+00 ; 3.000e+00 ; 2.9029001e+01 ; 2.2700000e+02 
3.500e+01 ; 4.800e+00 ; 3.000e+00 ; 2.9157001e+01 ; 2.2700000e+02 
3.500e+01 ; 4.800e+00 ; 3.000e+00 ; 2.9413001e+01 ; 2.2700000e+02 
3.500e+01 ; 4.800e+00 ; 3.000e+00 ; 2.9750001e+01 ; 2.2700000e+02 
3.500e+01 ; 4.800e+00 ; 3.000e+00 ; 2.9750001e+01 ; 2.2700000e+02 
3.500e+01 ; 4.800e+00 ; 3.000e+00 ; 2.9751001e+01 ; 2.2700000e+02 
3.500e+01 ; 4.800e+00 ; 3.000e+00 ; 2.9752001e+01 ; 2.2700000e+02 
3.500e+01 ; 4.800e+00 ; 3.000e+00 ; 2.9753001e+01 ; 2.2700000e+02 
3.500e+01 ; 4.800e+00 ; 3.000e+00 ; 2.9755001e+01 ; 2.2700000e+02 
3.500e+01 ; 4.800e+00 ; 3.000e+00 ; 2.9759001e+01 ; 2.2700000e+02 
3.500e+01 ; 4.800e+00 ; 3.000e+00 ; 2.9767001e+01 ; 2.2700000e+02 
3.500e+01 ; 4.800e+00 ; 3.000e+00 ; 2.9783001e+01 ; 2.2700000e+02 
3.500e+01 ; 4.800e+00 ; 3.000e+00 ; 2.9815001e+01 ; 2.2700000e+02 
3.500e+01 ; 4.800e+00 ; 3.000e+00 ; 2.9879001e+01 ; 2.2700000e+02 
3.500e+01 ; 4.800e+00 ; 3.000e+00 ; 3.0007001e+01 ; 2.2700000e+02 
3.500e+01 ; 4.800e+00 ; 3.000e+00 ; 3.0263001e+01 ; 2.2700000e+02 
3.500e+01 ; 4.800e+00 ; 3.000e+00 ; 3.0600001e+01 ; 2.2700000e+02 
3.500e+01 ; 4.800e+00 ; 3.000e+00 ; 3.0600001e+01 ; 2.2700000e+02 
3.500e+01 ; 4.800e+00 ; 3.000e+00 ; 3.0601001e+01 ; 2.2700000e+02 
3.500e+01 ; 4.800e+00 ; 3.000e+00 ; 3.0602001e+01 ; 2.2700000e+02 
3.500e+01 ; 4.800e+00 ; 3.000e+00 ; 3.0603001e+01 ; 2.2700000e+02 
3.500e+01 ; 4.800e+00 ; 3.000e+00 ; 3.0605001e+01 ; 2.2700000e+02 
3.500e+01 ; 4.800e+00 ; 3.000e+00 ; 3.0609001e+01 ; 2.2700000e+02 
3.500e+01 ; 4.800e+00 ; 3.000e+00 ; 3.0617001e+01 ; 2.2700000e+02 
3.500e+01 ; 4.800e+00 ; 3.000e+00 ; 3.0633001e+01 ; 2.2700000e+02 
3.500e+01 ; 4.800e+00 ; 3.000e+00 ; 3.0665001e+01 ; 2.2700000e+02 
3.500e+01 ; 4.800e+00 ; 3.000e+00 ; 3.0729001e+01 ; 2.2700000e+02 
3.500e+01 ; 4.800e+00 ; 3.000e+00 ; 3.0857001e+01 ; 2.2700000e+02 
3.500e+01 ; 4.800e+00 ; 3.000e+00 ; 3.1113001e+01 ; 2.2700000e+02 
3.500e+01 ; 4.800e+00 ; 3.000e+00 ; 3.1450001e+01 ; 2.2700000e+02 
3.500e+01 ; 4.800e+00 ; 3.000e+00 ; 3.1450001e+01 ; 2.2700000e+02 
3.500e+01 ; 4.800e+00 ; 3.000e+00 ; 3.1451001e+01 ; 2.2700000e+02 
3.500e+01 ; 4.800e+00 ; 3.000e+00 ; 3.1452001e+01 ; 2.2700000e+02 
3.500e+01 ; 4.800e+00 ; 3.000e+00 ; 3.1453001e+01 ; 2.2700000e+02 
3.500e+01 ; 4.800e+00 ; 3.000e+00 ; 3.1455001e+01 ; 2.2700000e+02 
3.500e+01 ; 4.800e+00 ; 3.000e+00 ; 3.1459001e+01 ; 2.2700000e+02 
3.500e+01 ; 4.800e+00 ; 3.000e+00 ; 3.1467001e+01 ; 2.2700000e+02 
3.500e+01 ; 4.800e+00 ; 3.000e+00 ; 3.1483001e+01 ; 2.2700000e+02 
3.500e+01 ; 4.800e+00 ; 3.000e+00 ; 3.1515001e+01 ; 2.2700000e+02 
3.500e+01 ; 4.800e+00 ; 3.000e+00 ; 3.1579001e+01 ; 2.2700000e+02 
3.500e+01 ; 4.800e+00 ; 3.000e+00 ; 3.1707001e+01 ; 2.2700000e+02 
3.500e+01 ; 4.800e+00 ; 3.000e+00 ; 3.1963001e+01 ; 2.2700000e+02 
3.500e+01 ; 4.800e+00 ; 3.000e+00 ; 3.2300001e+01 ; 2.2700000e+02 
3.500e+01 ; 4.800e+00 ; 3.000e+00 ; 3.2300001e+01 ; 2.2700000e+02 
3.500e+01 ; 4.800e+00 ; 3.000e+00 ; 3.2301001e+01 ; 2.2700000e+02 
3.500e+01 ; 4.800e+00 ; 3.000e+00 ; 3.2302001e+01 ; 2.2700000e+02 
3.500e+01 ; 4.800e+00 ; 3.000e+00 ; 3.2303001e+01 ; 2.2700000e+02 
3.500e+01 ; 4.800e+00 ; 3.000e+00 ; 3.2305001e+01 ; 2.2700000e+02 
3.500e+01 ; 4.800e+00 ; 3.000e+00 ; 3.2309001e+01 ; 2.2700000e+02 
3.500e+01 ; 4.800e+00 ; 3.000e+00 ; 3.2317001e+01 ; 2.2700000e+02 
3.500e+01 ; 4.800e+00 ; 3.000e+00 ; 3.2333001e+01 ; 2.2700000e+02 
3.500e+01 ; 4.800e+00 ; 3.000e+00 ; 3.2365001e+01 ; 2.2700000e+02 
3.500e+01 ; 4.800e+00 ; 3.000e+00 ; 3.2429001e+01 ; 2.2700000e+02 
3.500e+01 ; 4.800e+00 ; 3.000e+00 ; 3.2557001e+01 ; 2.2700000e+02 
3.500e+01 ; 4.800e+00 ; 3.000e+00 ; 3.2813001e+01 ; 2.2700000e+02 
3.500e+01 ; 4.800e+00 ; 3.000e+00 ; 3.3150001e+01 ; 2.2700000e+02 
3.500e+01 ; 4.800e+00 ; 3.000e+00 ; 3.3150001e+01 ; 2.2700000e+02 
3.500e+01 ; 4.800e+00 ; 3.000e+00 ; 3.3151001e+01 ; 2.2700000e+02 
3.500e+01 ; 4.800e+00 ; 3.000e+00 ; 3.3152001e+01 ; 2.2700000e+02 
3.500e+01 ; 4.800e+00 ; 3.000e+00 ; 3.3153001e+01 ; 2.2700000e+02 
3.500e+01 ; 4.800e+00 ; 3.000e+00 ; 3.3155001e+01 ; 2.2700000e+02 
3.500e+01 ; 4.800e+00 ; 3.000e+00 ; 3.3159001e+01 ; 2.2700000e+02 
3.500e+01 ; 4.800e+00 ; 3.000e+00 ; 3.3167001e+01 ; 2.2700000e+02 
3.500e+01 ; 4.800e+00 ; 3.000e+00 ; 3.3183001e+01 ; 2.2700000e+02 
3.500e+01 ; 4.800e+00 ; 3.000e+00 ; 3.3215001e+01 ; 2.2700000e+02 
3.500e+01 ; 4.800e+00 ; 3.000e+00 ; 3.3279001e+01 ; 2.2700000e+02 
3.500e+01 ; 4.800e+00 ; 3.000e+00 ; 3.3407001e+01 ; 2.2700000e+02 
3.500e+01 ; 4.800e+00 ; 3.000e+00 ; 3.3663001e+01 ; 2.2700000e+02 
3.500e+01 ; 4.800e+00 ; 3.000e+00 ; 3.4000001e+01 ; 2.2700000e+02 
3.500e+01 ; 4.800e+00 ; 3.000e+00 ; 3.4000001e+01 ; 2.2700000e+02 
3.500e+01 ; 4.800e+00 ; 3.000e+00 ; 3.4001001e+01 ; 2.2700000e+02 
3.500e+01 ; 4.800e+00 ; 3.000e+00 ; 3.4002001e+01 ; 2.2700000e+02 
3.500e+01 ; 4.800e+00 ; 3.000e+00 ; 3.4003001e+01 ; 2.2700000e+02 
3.500e+01 ; 4.800e+00 ; 3.000e+00 ; 3.4005001e+01 ; 2.2700000e+02 
3.500e+01 ; 4.800e+00 ; 3.000e+00 ; 3.4009001e+01 ; 2.2700000e+02 
3.500e+01 ; 4.800e+00 ; 3.000e+00 ; 3.4017001e+01 ; 2.2700000e+02 
3.500e+01 ; 4.800e+00 ; 3.000e+00 ; 3.4033001e+01 ; 2.2700000e+02 
3.500e+01 ; 4.800e+00 ; 3.000e+00 ; 3.4065001e+01 ; 2.2700000e+02 
3.500e+01 ; 4.800e+00 ; 3.000e+00 ; 3.4129001e+01 ; 2.2700000e+02 
3.500e+01 ; 4.800e+00 ; 3.000e+00 ; 3.4257001e+01 ; 2.2700000e+02 
3.500e+01 ; 4.800e+00 ; 3.000e+00 ; 3.4513001e+01 ; 2.2700000e+02 
3.500e+01 ; 4.800e+00 ; 3.000e+00 ; 3.4850001e+01 ; 2.2700000e+02 
3.500e+01 ; 4.800e+00 ; 3.000e+00 ; 3.4850001e+01 ; 2.2700000e+02 
3.500e+01 ; 4.800e+00 ; 3.000e+00 ; 3.4851001e+01 ; 2.2700000e+02 
3.500e+01 ; 4.800e+00 ; 3.000e+00 ; 3.4852001e+01 ; 2.2700000e+02 
3.500e+01 ; 4.800e+00 ; 3.000e+00 ; 3.4853001e+01 ; 2.2700000e+02 
3.500e+01 ; 4.800e+00 ; 3.000e+00 ; 3.4855001e+01 ; 2.2700000e+02 
3.500e+01 ; 4.800e+00 ; 3.000e+00 ; 3.4859001e+01 ; 2.2700000e+02 
3.500e+01 ; 4.800e+00 ; 3.000e+00 ; 3.4867001e+01 ; 2.2700000e+02 
3.500e+01 ; 4.800e+00 ; 3.000e+00 ; 3.4883001e+01 ; 2.2700000e+02 
3.500e+01 ; 4.800e+00 ; 3.000e+00 ; 3.4915001e+01 ; 2.2700000e+02 
3.500e+01 ; 4.800e+00 ; 3.000e+00 ; 3.4979001e+01 ; 2.2700000e+02 
3.500e+01 ; 4.800e+00 ; 3.000e+00 ; 3.5107001e+01 ; 2.2700000e+02 
3.500e+01 ; 4.800e+00 ; 3.000e+00 ; 3.5363001e+01 ; 2.2700000e+02 
3.500e+01 ; 4.800e+00 ; 3.000e+00 ; 3.5700001e+01 ; 2.2700000e+02 
3.500e+01 ; 4.800e+00 ; 3.000e+00 ; 3.5700001e+01 ; 2.2700000e+02 
3.500e+01 ; 4.800e+00 ; 3.000e+00 ; 3.5701001e+01 ; 2.2700000e+02 
3.500e+01 ; 4.800e+00 ; 3.000e+00 ; 3.5702001e+01 ; 2.2700000e+02 
3.500e+01 ; 4.800e+00 ; 3.000e+00 ; 3.5703001e+01 ; 2.2700000e+02 
3.500e+01 ; 4.800e+00 ; 3.000e+00 ; 3.5705001e+01 ; 2.2700000e+02 
3.500e+01 ; 4.800e+00 ; 3.000e+00 ; 3.5709001e+01 ; 2.2700000e+02 
3.500e+01 ; 4.800e+00 ; 3.000e+00 ; 3.5717001e+01 ; 2.2700000e+02 
3.500e+01 ; 4.800e+00 ; 3.000e+00 ; 3.5733001e+01 ; 2.2700000e+02 
3.500e+01 ; 4.800e+00 ; 3.000e+00 ; 3.5765001e+01 ; 2.2700000e+02 
3.500e+01 ; 4.800e+00 ; 3.000e+00 ; 3.5829001e+01 ; 2.2700000e+02 
3.500e+01 ; 4.800e+00 ; 3.000e+00 ; 3.5957001e+01 ; 2.2700000e+02 
3.500e+01 ; 4.800e+00 ; 3.000e+00 ; 3.6213001e+01 ; 2.2700000e+02 
3.500e+01 ; 4.800e+00 ; 3.000e+00 ; 3.6550001e+01 ; 2.2700000e+02 
3.500e+01 ; 4.800e+00 ; 3.000e+00 ; 3.6550001e+01 ; 2.2700000e+02 
3.500e+01 ; 4.800e+00 ; 3.000e+00 ; 3.6551001e+01 ; 2.2700000e+02 
3.500e+01 ; 4.800e+00 ; 3.000e+00 ; 3.6552001e+01 ; 2.2700000e+02 
3.500e+01 ; 4.800e+00 ; 3.000e+00 ; 3.6553001e+01 ; 2.2700000e+02 
3.500e+01 ; 4.800e+00 ; 3.000e+00 ; 3.6555001e+01 ; 2.2700000e+02 
3.500e+01 ; 4.800e+00 ; 3.000e+00 ; 3.6559001e+01 ; 2.2700000e+02 
3.500e+01 ; 4.800e+00 ; 3.000e+00 ; 3.6567001e+01 ; 2.2700000e+02 
3.500e+01 ; 4.800e+00 ; 3.000e+00 ; 3.6583001e+01 ; 2.2700000e+02 
3.500e+01 ; 4.800e+00 ; 3.000e+00 ; 3.6615001e+01 ; 2.2700000e+02 
3.500e+01 ; 4.800e+00 ; 3.000e+00 ; 3.6679001e+01 ; 2.2700000e+02 
3.500e+01 ; 4.800e+00 ; 3.000e+00 ; 3.6807001e+01 ; 2.2700000e+02 
3.500e+01 ; 4.800e+00 ; 3.000e+00 ; 3.7063001e+01 ; 2.2700000e+02 
3.500e+01 ; 4.800e+00 ; 3.000e+00 ; 3.7400001e+01 ; 2.2700000e+02 
3.500e+01 ; 4.800e+00 ; 3.000e+00 ; 3.7400001e+01 ; 2.2700000e+02 
3.500e+01 ; 4.800e+00 ; 3.000e+00 ; 3.7401001e+01 ; 2.2700000e+02 
3.500e+01 ; 4.800e+00 ; 3.000e+00 ; 3.7402001e+01 ; 2.2700000e+02 
3.500e+01 ; 4.800e+00 ; 3.000e+00 ; 3.7403001e+01 ; 2.2700000e+02 
3.500e+01 ; 4.800e+00 ; 3.000e+00 ; 3.7405001e+01 ; 2.2700000e+02 
3.500e+01 ; 4.800e+00 ; 3.000e+00 ; 3.7409001e+01 ; 2.2700000e+02 
3.500e+01 ; 4.800e+00 ; 3.000e+00 ; 3.7417001e+01 ; 2.2700000e+02 
3.500e+01 ; 4.800e+00 ; 3.000e+00 ; 3.7433001e+01 ; 2.2700000e+02 
3.500e+01 ; 4.800e+00 ; 3.000e+00 ; 3.7465001e+01 ; 2.2700000e+02 
3.500e+01 ; 4.800e+00 ; 3.000e+00 ; 3.7529001e+01 ; 2.2700000e+02 
3.500e+01 ; 4.800e+00 ; 3.000e+00 ; 3.7657001e+01 ; 2.2700000e+02 
3.500e+01 ; 4.800e+00 ; 3.000e+00 ; 3.7913001e+01 ; 2.2700000e+02 
3.500e+01 ; 4.800e+00 ; 3.000e+00 ; 3.8250001e+01 ; 2.2700000e+02 
3.500e+01 ; 4.800e+00 ; 3.000e+00 ; 3.8250001e+01 ; 2.2700000e+02 
3.500e+01 ; 4.800e+00 ; 3.000e+00 ; 3.8251001e+01 ; 2.2700000e+02 
3.500e+01 ; 4.800e+00 ; 3.000e+00 ; 3.8252001e+01 ; 2.2700000e+02 
3.500e+01 ; 4.800e+00 ; 3.000e+00 ; 3.8253001e+01 ; 2.2700000e+02 
3.500e+01 ; 4.800e+00 ; 3.000e+00 ; 3.8255001e+01 ; 2.2700000e+02 
3.500e+01 ; 4.800e+00 ; 3.000e+00 ; 3.8259001e+01 ; 2.2700000e+02 
3.500e+01 ; 4.800e+00 ; 3.000e+00 ; 3.8267001e+01 ; 2.2700000e+02 
3.500e+01 ; 4.800e+00 ; 3.000e+00 ; 3.8283001e+01 ; 2.2700000e+02 
3.500e+01 ; 4.800e+00 ; 3.000e+00 ; 3.8315001e+01 ; 2.2700000e+02 
3.500e+01 ; 4.800e+00 ; 3.000e+00 ; 3.8379001e+01 ; 2.2700000e+02 
3.500e+01 ; 4.800e+00 ; 3.000e+00 ; 3.8507001e+01 ; 2.2700000e+02 
3.500e+01 ; 4.800e+00 ; 3.000e+00 ; 3.8763001e+01 ; 2.2700000e+02 
3.500e+01 ; 4.800e+00 ; 3.000e+00 ; 3.9100001e+01 ; 2.2700000e+02 
3.500e+01 ; 4.800e+00 ; 3.000e+00 ; 3.9100001e+01 ; 2.2700000e+02 
3.500e+01 ; 4.800e+00 ; 3.000e+00 ; 3.9101001e+01 ; 2.2700000e+02 
3.500e+01 ; 4.800e+00 ; 3.000e+00 ; 3.9102001e+01 ; 2.2700000e+02 
3.500e+01 ; 4.800e+00 ; 3.000e+00 ; 3.9103001e+01 ; 2.2700000e+02 
3.500e+01 ; 4.800e+00 ; 3.000e+00 ; 3.9105001e+01 ; 2.2700000e+02 
3.500e+01 ; 4.800e+00 ; 3.000e+00 ; 3.9109001e+01 ; 2.2700000e+02 
3.500e+01 ; 4.800e+00 ; 3.000e+00 ; 3.9117001e+01 ; 2.2700000e+02 
3.500e+01 ; 4.800e+00 ; 3.000e+00 ; 3.9133001e+01 ; 2.2700000e+02 
3.500e+01 ; 4.800e+00 ; 3.000e+00 ; 3.9165001e+01 ; 2.2700000e+02 
3.500e+01 ; 4.800e+00 ; 3.000e+00 ; 3.9229001e+01 ; 2.2700000e+02 
3.500e+01 ; 4.800e+00 ; 3.000e+00 ; 3.9357001e+01 ; 2.2700000e+02 
3.500e+01 ; 4.800e+00 ; 3.000e+00 ; 3.9613001e+01 ; 2.2700000e+02 
3.500e+01 ; 4.800e+00 ; 3.000e+00 ; 3.9950001e+01 ; 2.2700000e+02 
3.500e+01 ; 4.800e+00 ; 3.000e+00 ; 3.9950001e+01 ; 2.2700000e+02 
3.500e+01 ; 4.800e+00 ; 3.000e+00 ; 3.9951001e+01 ; 2.2700000e+02 
3.500e+01 ; 4.800e+00 ; 3.000e+00 ; 3.9952001e+01 ; 2.2700000e+02 
3.500e+01 ; 4.800e+00 ; 3.000e+00 ; 3.9953001e+01 ; 2.2700000e+02 
3.500e+01 ; 4.800e+00 ; 3.000e+00 ; 3.9955001e+01 ; 2.2700000e+02 
3.500e+01 ; 4.800e+00 ; 3.000e+00 ; 3.9959001e+01 ; 2.2700000e+02 
3.500e+01 ; 4.800e+00 ; 3.000e+00 ; 3.9967001e+01 ; 2.2700000e+02 
3.500e+01 ; 4.800e+00 ; 3.000e+00 ; 3.9983001e+01 ; 2.2700000e+02 
3.500e+01 ; 4.800e+00 ; 3.000e+00 ; 4.0015001e+01 ; 2.2700000e+02 
3.500e+01 ; 4.800e+00 ; 3.000e+00 ; 4.0079001e+01 ; 2.2700000e+02 
3.500e+01 ; 4.800e+00 ; 3.000e+00 ; 4.0207001e+01 ; 2.2700000e+02 
3.500e+01 ; 4.800e+00 ; 3.000e+00 ; 4.0463001e+01 ; 2.2700000e+02 
3.500e+01 ; 4.800e+00 ; 3.000e+00 ; 4.0800001e+01 ; 2.2700000e+02 
3.500e+01 ; 4.800e+00 ; 3.000e+00 ; 4.0800001e+01 ; 2.2700000e+02 
3.500e+01 ; 4.800e+00 ; 3.000e+00 ; 4.0801001e+01 ; 2.2700000e+02 
3.500e+01 ; 4.800e+00 ; 3.000e+00 ; 4.0802001e+01 ; 2.2700000e+02 
3.500e+01 ; 4.800e+00 ; 3.000e+00 ; 4.0803001e+01 ; 2.2700000e+02 
3.500e+01 ; 4.800e+00 ; 3.000e+00 ; 4.0805001e+01 ; 2.2700000e+02 
3.500e+01 ; 4.800e+00 ; 3.000e+00 ; 4.0809001e+01 ; 2.2700000e+02 
3.500e+01 ; 4.800e+00 ; 3.000e+00 ; 4.0817001e+01 ; 2.2700000e+02 
3.500e+01 ; 4.800e+00 ; 3.000e+00 ; 4.0833001e+01 ; 2.2700000e+02 
3.500e+01 ; 4.800e+00 ; 3.000e+00 ; 4.0865001e+01 ; 2.2700000e+02 
3.500e+01 ; 4.800e+00 ; 3.000e+00 ; 4.0929001e+01 ; 2.2700000e+02 
3.500e+01 ; 4.800e+00 ; 3.000e+00 ; 4.1057001e+01 ; 2.2700000e+02 
3.500e+01 ; 4.800e+00 ; 3.000e+00 ; 4.1313001e+01 ; 2.2700000e+02 
3.500e+01 ; 4.800e+00 ; 3.000e+00 ; 4.1650001e+01 ; 2.2700000e+02 
3.500e+01 ; 4.800e+00 ; 3.000e+00 ; 4.1650001e+01 ; 2.2700000e+02 
3.500e+01 ; 4.800e+00 ; 3.000e+00 ; 4.1651001e+01 ; 2.2700000e+02 
3.500e+01 ; 4.800e+00 ; 3.000e+00 ; 4.1652001e+01 ; 2.2700000e+02 
3.500e+01 ; 4.800e+00 ; 3.000e+00 ; 4.1653001e+01 ; 2.2700000e+02 
3.500e+01 ; 4.800e+00 ; 3.000e+00 ; 4.1655001e+01 ; 2.2700000e+02 
3.500e+01 ; 4.800e+00 ; 3.000e+00 ; 4.1659001e+01 ; 2.2700000e+02 
3.500e+01 ; 4.800e+00 ; 3.000e+00 ; 4.1667001e+01 ; 2.2700000e+02 
3.500e+01 ; 4.800e+00 ; 3.000e+00 ; 4.1683001e+01 ; 2.2700000e+02 
3.500e+01 ; 4.800e+00 ; 3.000e+00 ; 4.1715001e+01 ; 2.2700000e+02 
3.500e+01 ; 4.800e+00 ; 3.000e+00 ; 4.1779001e+01 ; 2.2700000e+02 
3.500e+01 ; 4.800e+00 ; 3.000e+00 ; 4.1907001e+01 ; 2.2700000e+02 
3.500e+01 ; 4.800e+00 ; 3.000e+00 ; 4.2163001e+01 ; 2.2700000e+02 
3.500e+01 ; 4.800e+00 ; 3.000e+00 ; 4.2500001e+01 ; 2.2700000e+02 
3.500e+01 ; 4.800e+00 ; 3.000e+00 ; 4.2500001e+01 ; 2.2700000e+02 
3.500e+01 ; 4.800e+00 ; 3.000e+00 ; 4.2501001e+01 ; 2.2700000e+02 
3.500e+01 ; 4.800e+00 ; 3.000e+00 ; 4.2502001e+01 ; 2.2700000e+02 
3.500e+01 ; 4.800e+00 ; 3.000e+00 ; 4.2503001e+01 ; 2.2700000e+02 
3.500e+01 ; 4.800e+00 ; 3.000e+00 ; 4.2505001e+01 ; 2.2700000e+02 
3.500e+01 ; 4.800e+00 ; 3.000e+00 ; 4.2509001e+01 ; 2.2700000e+02 
3.500e+01 ; 4.800e+00 ; 3.000e+00 ; 4.2517001e+01 ; 2.2700000e+02 
3.500e+01 ; 4.800e+00 ; 3.000e+00 ; 4.2533001e+01 ; 2.2700000e+02 
3.500e+01 ; 4.800e+00 ; 3.000e+00 ; 4.2565001e+01 ; 2.2700000e+02 
3.500e+01 ; 4.800e+00 ; 3.000e+00 ; 4.2629001e+01 ; 2.2700000e+02 
3.500e+01 ; 4.800e+00 ; 3.000e+00 ; 4.2757001e+01 ; 2.2700000e+02 
3.500e+01 ; 4.800e+00 ; 3.000e+00 ; 4.3013001e+01 ; 2.2700000e+02 
3.500e+01 ; 4.800e+00 ; 3.000e+00 ; 4.3350001e+01 ; 2.2700000e+02 
3.500e+01 ; 4.800e+00 ; 3.000e+00 ; 4.3350001e+01 ; 2.2700000e+02 
3.500e+01 ; 4.800e+00 ; 3.000e+00 ; 4.3351001e+01 ; 2.2700000e+02 
3.500e+01 ; 4.800e+00 ; 3.000e+00 ; 4.3352001e+01 ; 2.2700000e+02 
3.500e+01 ; 4.800e+00 ; 3.000e+00 ; 4.3353001e+01 ; 2.2700000e+02 
3.500e+01 ; 4.800e+00 ; 3.000e+00 ; 4.3355001e+01 ; 2.2700000e+02 
3.500e+01 ; 4.800e+00 ; 3.000e+00 ; 4.3359001e+01 ; 2.2700000e+02 
3.500e+01 ; 4.800e+00 ; 3.000e+00 ; 4.3367001e+01 ; 2.2700000e+02 
3.500e+01 ; 4.800e+00 ; 3.000e+00 ; 4.3383001e+01 ; 2.2700000e+02 
3.500e+01 ; 4.800e+00 ; 3.000e+00 ; 4.3415001e+01 ; 2.2700000e+02 
3.500e+01 ; 4.800e+00 ; 3.000e+00 ; 4.3479001e+01 ; 2.2700000e+02 
3.500e+01 ; 4.800e+00 ; 3.000e+00 ; 4.3607001e+01 ; 2.2700000e+02 
3.500e+01 ; 4.800e+00 ; 3.000e+00 ; 4.3863001e+01 ; 2.2700000e+02 
3.500e+01 ; 4.800e+00 ; 3.000e+00 ; 4.4200001e+01 ; 2.2700000e+02 
3.500e+01 ; 4.800e+00 ; 3.000e+00 ; 4.4200001e+01 ; 2.2700000e+02 
3.500e+01 ; 4.800e+00 ; 3.000e+00 ; 4.4201001e+01 ; 2.2700000e+02 
3.500e+01 ; 4.800e+00 ; 3.000e+00 ; 4.4202001e+01 ; 2.2700000e+02 
3.500e+01 ; 4.800e+00 ; 3.000e+00 ; 4.4203001e+01 ; 2.2700000e+02 
3.500e+01 ; 4.800e+00 ; 3.000e+00 ; 4.4205001e+01 ; 2.2700000e+02 
3.500e+01 ; 4.800e+00 ; 3.000e+00 ; 4.4209001e+01 ; 2.2700000e+02 
3.500e+01 ; 4.800e+00 ; 3.000e+00 ; 4.4217001e+01 ; 2.2700000e+02 
3.500e+01 ; 4.800e+00 ; 3.000e+00 ; 4.4233001e+01 ; 2.2700000e+02 
3.500e+01 ; 4.800e+00 ; 3.000e+00 ; 4.4265001e+01 ; 2.2700000e+02 
3.500e+01 ; 4.800e+00 ; 3.000e+00 ; 4.4329001e+01 ; 2.2700000e+02 
3.500e+01 ; 4.800e+00 ; 3.000e+00 ; 4.4457001e+01 ; 2.2700000e+02 
3.500e+01 ; 4.800e+00 ; 3.000e+00 ; 4.4713001e+01 ; 2.2700000e+02 
3.500e+01 ; 4.800e+00 ; 3.000e+00 ; 4.5050001e+01 ; 2.2700000e+02 
3.500e+01 ; 4.800e+00 ; 3.000e+00 ; 4.5050001e+01 ; 2.2700000e+02 
3.500e+01 ; 4.800e+00 ; 3.000e+00 ; 4.5051001e+01 ; 2.2700000e+02 
3.500e+01 ; 4.800e+00 ; 3.000e+00 ; 4.5052001e+01 ; 2.2700000e+02 
3.500e+01 ; 4.800e+00 ; 3.000e+00 ; 4.5053001e+01 ; 2.2700000e+02 
3.500e+01 ; 4.800e+00 ; 3.000e+00 ; 4.5055001e+01 ; 2.2700000e+02 
3.500e+01 ; 4.800e+00 ; 3.000e+00 ; 4.5059001e+01 ; 2.2700000e+02 
3.500e+01 ; 4.800e+00 ; 3.000e+00 ; 4.5067001e+01 ; 2.2700000e+02 
3.500e+01 ; 4.800e+00 ; 3.000e+00 ; 4.5083001e+01 ; 2.2700000e+02 
3.500e+01 ; 4.800e+00 ; 3.000e+00 ; 4.5115001e+01 ; 2.2700000e+02 
3.500e+01 ; 4.800e+00 ; 3.000e+00 ; 4.5179001e+01 ; 2.2700000e+02 
3.500e+01 ; 4.800e+00 ; 3.000e+00 ; 4.5307001e+01 ; 2.2700000e+02 
3.500e+01 ; 4.800e+00 ; 3.000e+00 ; 4.5563001e+01 ; 2.2700000e+02 
3.500e+01 ; 4.800e+00 ; 3.000e+00 ; 4.5900001e+01 ; 2.2700000e+02 
3.500e+01 ; 4.800e+00 ; 3.000e+00 ; 4.5900001e+01 ; 2.2700000e+02 
3.500e+01 ; 4.800e+00 ; 3.000e+00 ; 4.5901001e+01 ; 2.2700000e+02 
3.500e+01 ; 4.800e+00 ; 3.000e+00 ; 4.5902001e+01 ; 2.2700000e+02 
3.500e+01 ; 4.800e+00 ; 3.000e+00 ; 4.5903001e+01 ; 2.2700000e+02 
3.500e+01 ; 4.800e+00 ; 3.000e+00 ; 4.5905001e+01 ; 2.2700000e+02 
3.500e+01 ; 4.800e+00 ; 3.000e+00 ; 4.5909001e+01 ; 2.2700000e+02 
3.500e+01 ; 4.800e+00 ; 3.000e+00 ; 4.5917001e+01 ; 2.2700000e+02 
3.500e+01 ; 4.800e+00 ; 3.000e+00 ; 4.5933001e+01 ; 2.2700000e+02 
3.500e+01 ; 4.800e+00 ; 3.000e+00 ; 4.5965001e+01 ; 2.2700000e+02 
3.500e+01 ; 4.800e+00 ; 3.000e+00 ; 4.6029001e+01 ; 2.2700000e+02 
3.500e+01 ; 4.800e+00 ; 3.000e+00 ; 4.6157001e+01 ; 2.2700000e+02 
3.500e+01 ; 4.800e+00 ; 3.000e+00 ; 4.6413001e+01 ; 2.2700000e+02 
3.500e+01 ; 4.800e+00 ; 3.000e+00 ; 4.6750001e+01 ; 2.2700000e+02 
3.500e+01 ; 4.800e+00 ; 3.000e+00 ; 4.6750001e+01 ; 2.2700000e+02 
3.500e+01 ; 4.800e+00 ; 3.000e+00 ; 4.6751001e+01 ; 2.2700000e+02 
3.500e+01 ; 4.800e+00 ; 3.000e+00 ; 4.6752001e+01 ; 2.2700000e+02 
3.500e+01 ; 4.800e+00 ; 3.000e+00 ; 4.6753001e+01 ; 2.2700000e+02 
3.500e+01 ; 4.800e+00 ; 3.000e+00 ; 4.6755001e+01 ; 2.2700000e+02 
3.500e+01 ; 4.800e+00 ; 3.000e+00 ; 4.6759001e+01 ; 2.2700000e+02 
3.500e+01 ; 4.800e+00 ; 3.000e+00 ; 4.6767001e+01 ; 2.2700000e+02 
3.500e+01 ; 4.800e+00 ; 3.000e+00 ; 4.6783001e+01 ; 2.2700000e+02 
3.500e+01 ; 4.800e+00 ; 3.000e+00 ; 4.6815001e+01 ; 2.2700000e+02 
3.500e+01 ; 4.800e+00 ; 3.000e+00 ; 4.6879001e+01 ; 2.2700000e+02 
3.500e+01 ; 4.800e+00 ; 3.000e+00 ; 4.7007001e+01 ; 2.2700000e+02 
3.500e+01 ; 4.800e+00 ; 3.000e+00 ; 4.7263001e+01 ; 2.2700000e+02 
3.500e+01 ; 4.800e+00 ; 3.000e+00 ; 4.7600001e+01 ; 2.2700000e+02 
3.500e+01 ; 4.800e+00 ; 3.000e+00 ; 4.7600001e+01 ; 2.2700000e+02 
3.500e+01 ; 4.800e+00 ; 3.000e+00 ; 4.7601001e+01 ; 2.2700000e+02 
3.500e+01 ; 4.800e+00 ; 3.000e+00 ; 4.7602001e+01 ; 2.2700000e+02 
3.500e+01 ; 4.800e+00 ; 3.000e+00 ; 4.7603001e+01 ; 2.2700000e+02 
3.500e+01 ; 4.800e+00 ; 3.000e+00 ; 4.7605001e+01 ; 2.2700000e+02 
3.500e+01 ; 4.800e+00 ; 3.000e+00 ; 4.7609001e+01 ; 2.2700000e+02 
3.500e+01 ; 4.800e+00 ; 3.000e+00 ; 4.7617001e+01 ; 2.2700000e+02 
3.500e+01 ; 4.800e+00 ; 3.000e+00 ; 4.7633001e+01 ; 2.2700000e+02 
3.500e+01 ; 4.800e+00 ; 3.000e+00 ; 4.7665001e+01 ; 2.2700000e+02 
3.500e+01 ; 4.800e+00 ; 3.000e+00 ; 4.7729001e+01 ; 2.2700000e+02 
3.500e+01 ; 4.800e+00 ; 3.000e+00 ; 4.7857001e+01 ; 2.2700000e+02 
3.500e+01 ; 4.800e+00 ; 3.000e+00 ; 4.8113001e+01 ; 2.2700000e+02 
3.500e+01 ; 4.800e+00 ; 3.000e+00 ; 4.8450001e+01 ; 2.2700000e+02 
3.500e+01 ; 4.800e+00 ; 3.000e+00 ; 4.8450001e+01 ; 2.2700000e+02 
3.500e+01 ; 4.800e+00 ; 3.000e+00 ; 4.8451001e+01 ; 2.2700000e+02 
3.500e+01 ; 4.800e+00 ; 3.000e+00 ; 4.8452001e+01 ; 2.2700000e+02 
3.500e+01 ; 4.800e+00 ; 3.000e+00 ; 4.8453001e+01 ; 2.2700000e+02 
3.500e+01 ; 4.800e+00 ; 3.000e+00 ; 4.8455001e+01 ; 2.2700000e+02 
3.500e+01 ; 4.800e+00 ; 3.000e+00 ; 4.8459001e+01 ; 2.2700000e+02 
3.500e+01 ; 4.800e+00 ; 3.000e+00 ; 4.8467001e+01 ; 2.2700000e+02 
3.500e+01 ; 4.800e+00 ; 3.000e+00 ; 4.8483001e+01 ; 2.2700000e+02 
3.500e+01 ; 4.800e+00 ; 3.000e+00 ; 4.8515001e+01 ; 2.2700000e+02 
3.500e+01 ; 4.800e+00 ; 3.000e+00 ; 4.8579001e+01 ; 2.2700000e+02 
3.500e+01 ; 4.800e+00 ; 3.000e+00 ; 4.8707001e+01 ; 2.2700000e+02 
3.500e+01 ; 4.800e+00 ; 3.000e+00 ; 4.8963001e+01 ; 2.2700000e+02 
3.500e+01 ; 4.800e+00 ; 3.000e+00 ; 4.9300001e+01 ; 2.2700000e+02 
3.500e+01 ; 4.800e+00 ; 3.000e+00 ; 4.9300001e+01 ; 2.2700000e+02 
3.500e+01 ; 4.800e+00 ; 3.000e+00 ; 4.9301001e+01 ; 2.2700000e+02 
3.500e+01 ; 4.800e+00 ; 3.000e+00 ; 4.9302001e+01 ; 2.2700000e+02 
3.500e+01 ; 4.800e+00 ; 3.000e+00 ; 4.9303001e+01 ; 2.2700000e+02 
3.500e+01 ; 4.800e+00 ; 3.000e+00 ; 4.9305001e+01 ; 2.2700000e+02 
3.500e+01 ; 4.800e+00 ; 3.000e+00 ; 4.9309001e+01 ; 2.2700000e+02 
3.500e+01 ; 4.800e+00 ; 3.000e+00 ; 4.9317001e+01 ; 2.2700000e+02 
3.500e+01 ; 4.800e+00 ; 3.000e+00 ; 4.9333001e+01 ; 2.2700000e+02 
3.500e+01 ; 4.800e+00 ; 3.000e+00 ; 4.9365001e+01 ; 2.2700000e+02 
3.500e+01 ; 4.800e+00 ; 3.000e+00 ; 4.9429001e+01 ; 2.2700000e+02 
3.500e+01 ; 4.800e+00 ; 3.000e+00 ; 4.9557001e+01 ; 2.2700000e+02 
3.500e+01 ; 4.800e+00 ; 3.000e+00 ; 4.9813001e+01 ; 2.2700000e+02 
3.500e+01 ; 4.800e+00 ; 3.000e+00 ; 5.0150001e+01 ; 2.2700000e+02 
3.500e+01 ; 4.800e+00 ; 3.000e+00 ; 5.0150001e+01 ; 2.2700000e+02 
3.500e+01 ; 4.800e+00 ; 3.000e+00 ; 5.0151001e+01 ; 2.2700000e+02 
3.500e+01 ; 4.800e+00 ; 3.000e+00 ; 5.0152001e+01 ; 2.2700000e+02 
3.500e+01 ; 4.800e+00 ; 3.000e+00 ; 5.0153001e+01 ; 2.2700000e+02 
3.500e+01 ; 4.800e+00 ; 3.000e+00 ; 5.0155001e+01 ; 2.2700000e+02 
3.500e+01 ; 4.800e+00 ; 3.000e+00 ; 5.0159001e+01 ; 2.2700000e+02 
3.500e+01 ; 4.800e+00 ; 3.000e+00 ; 5.0167001e+01 ; 2.2700000e+02 
3.500e+01 ; 4.800e+00 ; 3.000e+00 ; 5.0183001e+01 ; 2.2700000e+02 
3.500e+01 ; 4.800e+00 ; 3.000e+00 ; 5.0215001e+01 ; 2.2700000e+02 
3.500e+01 ; 4.800e+00 ; 3.000e+00 ; 5.0279001e+01 ; 2.2700000e+02 
3.500e+01 ; 4.800e+00 ; 3.000e+00 ; 5.0407001e+01 ; 2.2700000e+02 
3.500e+01 ; 4.800e+00 ; 3.000e+00 ; 5.0663001e+01 ; 2.2700000e+02 
3.500e+01 ; 4.800e+00 ; 3.000e+00 ; 5.1000001e+01 ; 2.2700000e+02 
3.500e+01 ; 4.800e+00 ; 3.000e+00 ; 5.1000001e+01 ; 2.2700000e+02 
3.500e+01 ; 4.800e+00 ; 3.000e+00 ; 5.1001001e+01 ; 2.2700000e+02 
3.500e+01 ; 4.800e+00 ; 3.000e+00 ; 5.1002001e+01 ; 2.2700000e+02 
3.500e+01 ; 4.800e+00 ; 3.000e+00 ; 5.1003001e+01 ; 2.2700000e+02 
3.500e+01 ; 4.800e+00 ; 3.000e+00 ; 5.1005001e+01 ; 2.2700000e+02 
3.500e+01 ; 4.800e+00 ; 3.000e+00 ; 5.1009001e+01 ; 2.2700000e+02 
3.500e+01 ; 4.800e+00 ; 3.000e+00 ; 5.1017001e+01 ; 2.2700000e+02 
3.500e+01 ; 4.800e+00 ; 3.000e+00 ; 5.1033001e+01 ; 2.2700000e+02 
3.500e+01 ; 4.800e+00 ; 3.000e+00 ; 5.1065001e+01 ; 2.2700000e+02 
3.500e+01 ; 4.800e+00 ; 3.000e+00 ; 5.1129001e+01 ; 2.2700000e+02 
3.500e+01 ; 4.800e+00 ; 3.000e+00 ; 5.1257001e+01 ; 2.2700000e+02 
3.500e+01 ; 4.800e+00 ; 3.000e+00 ; 5.1513001e+01 ; 2.2700000e+02 
3.500e+01 ; 4.800e+00 ; 3.000e+00 ; 5.1850001e+01 ; 2.2700000e+02 
3.500e+01 ; 4.800e+00 ; 3.000e+00 ; 5.1850001e+01 ; 2.2700000e+02 
3.500e+01 ; 4.800e+00 ; 3.000e+00 ; 5.1851001e+01 ; 2.2700000e+02 
3.500e+01 ; 4.800e+00 ; 3.000e+00 ; 5.1852001e+01 ; 2.2700000e+02 
3.500e+01 ; 4.800e+00 ; 3.000e+00 ; 5.1853001e+01 ; 2.2700000e+02 
3.500e+01 ; 4.800e+00 ; 3.000e+00 ; 5.1855001e+01 ; 2.2700000e+02 
3.500e+01 ; 4.800e+00 ; 3.000e+00 ; 5.1859001e+01 ; 2.2700000e+02 
3.500e+01 ; 4.800e+00 ; 3.000e+00 ; 5.1867001e+01 ; 2.2700000e+02 
3.500e+01 ; 4.800e+00 ; 3.000e+00 ; 5.1883001e+01 ; 2.2700000e+02 
3.500e+01 ; 4.800e+00 ; 3.000e+00 ; 5.1915001e+01 ; 2.2700000e+02 
3.500e+01 ; 4.800e+00 ; 3.000e+00 ; 5.1979001e+01 ; 2.2700000e+02 
3.500e+01 ; 4.800e+00 ; 3.000e+00 ; 5.2107001e+01 ; 2.2700000e+02 
3.500e+01 ; 4.800e+00 ; 3.000e+00 ; 5.2363001e+01 ; 2.2700000e+02 
3.500e+01 ; 4.800e+00 ; 3.000e+00 ; 5.2700001e+01 ; 2.2700000e+02 
3.500e+01 ; 4.800e+00 ; 3.000e+00 ; 5.2700001e+01 ; 2.2700000e+02 
3.500e+01 ; 4.800e+00 ; 3.000e+00 ; 5.2701001e+01 ; 2.2700000e+02 
3.500e+01 ; 4.800e+00 ; 3.000e+00 ; 5.2702001e+01 ; 2.2700000e+02 
3.500e+01 ; 4.800e+00 ; 3.000e+00 ; 5.2703001e+01 ; 2.2700000e+02 
3.500e+01 ; 4.800e+00 ; 3.000e+00 ; 5.2705001e+01 ; 2.2700000e+02 
3.500e+01 ; 4.800e+00 ; 3.000e+00 ; 5.2709001e+01 ; 2.2700000e+02 
3.500e+01 ; 4.800e+00 ; 3.000e+00 ; 5.2717001e+01 ; 2.2700000e+02 
3.500e+01 ; 4.800e+00 ; 3.000e+00 ; 5.2733001e+01 ; 2.2700000e+02 
3.500e+01 ; 4.800e+00 ; 3.000e+00 ; 5.2765001e+01 ; 2.2700000e+02 
3.500e+01 ; 4.800e+00 ; 3.000e+00 ; 5.2829001e+01 ; 2.2700000e+02 
3.500e+01 ; 4.800e+00 ; 3.000e+00 ; 5.2957001e+01 ; 2.2700000e+02 
3.500e+01 ; 4.800e+00 ; 3.000e+00 ; 5.3213001e+01 ; 2.2700000e+02 
3.500e+01 ; 4.800e+00 ; 3.000e+00 ; 5.3550002e+01 ; 2.2700000e+02 
3.500e+01 ; 4.800e+00 ; 3.000e+00 ; 5.3550002e+01 ; 2.2700000e+02 
3.500e+01 ; 4.800e+00 ; 3.000e+00 ; 5.3551002e+01 ; 2.2700000e+02 
3.500e+01 ; 4.800e+00 ; 3.000e+00 ; 5.3552002e+01 ; 2.2700000e+02 
3.500e+01 ; 4.800e+00 ; 3.000e+00 ; 5.3553002e+01 ; 2.2700000e+02 
3.500e+01 ; 4.800e+00 ; 3.000e+00 ; 5.3555002e+01 ; 2.2700000e+02 
3.500e+01 ; 4.800e+00 ; 3.000e+00 ; 5.3559002e+01 ; 2.2700000e+02 
3.500e+01 ; 4.800e+00 ; 3.000e+00 ; 5.3567002e+01 ; 2.2700000e+02 
3.500e+01 ; 4.800e+00 ; 3.000e+00 ; 5.3583002e+01 ; 2.2700000e+02 
3.500e+01 ; 4.800e+00 ; 3.000e+00 ; 5.3615001e+01 ; 2.2700000e+02 
3.500e+01 ; 4.800e+00 ; 3.000e+00 ; 5.3679001e+01 ; 2.2700000e+02 
3.500e+01 ; 4.800e+00 ; 3.000e+00 ; 5.3807002e+01 ; 2.2700000e+02 
3.500e+01 ; 4.800e+00 ; 3.000e+00 ; 5.4063002e+01 ; 2.2700000e+02 
3.500e+01 ; 4.800e+00 ; 3.000e+00 ; 5.4400002e+01 ; 2.2700000e+02 
3.500e+01 ; 4.800e+00 ; 3.000e+00 ; 5.4400002e+01 ; 2.2700000e+02 
3.500e+01 ; 4.800e+00 ; 3.000e+00 ; 5.4401002e+01 ; 2.2700000e+02 
3.500e+01 ; 4.800e+00 ; 3.000e+00 ; 5.4402002e+01 ; 2.2700000e+02 
3.500e+01 ; 4.800e+00 ; 3.000e+00 ; 5.4403002e+01 ; 2.2700000e+02 
3.500e+01 ; 4.800e+00 ; 3.000e+00 ; 5.4405002e+01 ; 2.2700000e+02 
3.500e+01 ; 4.800e+00 ; 3.000e+00 ; 5.4409002e+01 ; 2.2700000e+02 
3.500e+01 ; 4.800e+00 ; 3.000e+00 ; 5.4417002e+01 ; 2.2700000e+02 
3.500e+01 ; 4.800e+00 ; 3.000e+00 ; 5.4433002e+01 ; 2.2700000e+02 
3.500e+01 ; 4.800e+00 ; 3.000e+00 ; 5.4465002e+01 ; 2.2700000e+02 
3.500e+01 ; 4.800e+00 ; 3.000e+00 ; 5.4529002e+01 ; 2.2700000e+02 
3.500e+01 ; 4.800e+00 ; 3.000e+00 ; 5.4657002e+01 ; 2.2700000e+02 
3.500e+01 ; 4.800e+00 ; 3.000e+00 ; 5.4913002e+01 ; 2.2700000e+02 
3.500e+01 ; 4.800e+00 ; 3.000e+00 ; 5.5250002e+01 ; 2.2700000e+02 
3.500e+01 ; 4.800e+00 ; 3.000e+00 ; 5.5250002e+01 ; 2.2700000e+02 
3.500e+01 ; 4.800e+00 ; 3.000e+00 ; 5.5251002e+01 ; 2.2700000e+02 
3.500e+01 ; 4.800e+00 ; 3.000e+00 ; 5.5252002e+01 ; 2.2700000e+02 
3.500e+01 ; 4.800e+00 ; 3.000e+00 ; 5.5253002e+01 ; 2.2700000e+02 
3.500e+01 ; 4.800e+00 ; 3.000e+00 ; 5.5255002e+01 ; 2.2700000e+02 
3.500e+01 ; 4.800e+00 ; 3.000e+00 ; 5.5259002e+01 ; 2.2700000e+02 
3.500e+01 ; 4.800e+00 ; 3.000e+00 ; 5.5267002e+01 ; 2.2700000e+02 
3.500e+01 ; 4.800e+00 ; 3.000e+00 ; 5.5283002e+01 ; 2.2700000e+02 
3.500e+01 ; 4.800e+00 ; 3.000e+00 ; 5.5315002e+01 ; 2.2700000e+02 
3.500e+01 ; 4.800e+00 ; 3.000e+00 ; 5.5379002e+01 ; 2.2700000e+02 
3.500e+01 ; 4.800e+00 ; 3.000e+00 ; 5.5507002e+01 ; 2.2700000e+02 
3.500e+01 ; 4.800e+00 ; 3.000e+00 ; 5.5763002e+01 ; 2.2700000e+02 
3.500e+01 ; 4.800e+00 ; 3.000e+00 ; 5.6100002e+01 ; 2.2700000e+02 
3.500e+01 ; 4.800e+00 ; 3.000e+00 ; 5.6100002e+01 ; 2.2700000e+02 
3.500e+01 ; 4.800e+00 ; 3.000e+00 ; 5.6101002e+01 ; 2.2685789e+02 
3.500e+01 ; 4.800e+00 ; 3.000e+00 ; 5.6102002e+01 ; 2.2671593e+02 
3.500e+01 ; 4.800e+00 ; 3.000e+00 ; 5.6103002e+01 ; 2.2657408e+02 
3.500e+01 ; 4.800e+00 ; 3.000e+00 ; 5.6105002e+01 ; 2.2629095e+02 
3.500e+01 ; 4.800e+00 ; 3.000e+00 ; 5.6109002e+01 ; 2.2572684e+02 
3.500e+01 ; 4.800e+00 ; 3.000e+00 ; 5.6117002e+01 ; 2.2460715e+02 
3.500e+01 ; 4.800e+00 ; 3.000e+00 ; 5.6133002e+01 ; 2.2240144e+02 
3.500e+01 ; 4.800e+00 ; 3.000e+00 ; 5.6165002e+01 ; 2.1812108e+02 
3.500e+01 ; 4.800e+00 ; 3.000e+00 ; 5.6229002e+01 ; 2.1005620e+02 
3.500e+01 ; 4.800e+00 ; 3.000e+00 ; 5.6357002e+01 ; 1.9570251e+02 
3.500e+01 ; 4.800e+00 ; 3.000e+00 ; 5.6613002e+01 ; 1.7272229e+02 
3.500e+01 ; 4.800e+00 ; 3.000e+00 ; 5.6950002e+01 ; 1.4993764e+02 
3.500e+01 ; 4.800e+00 ; 3.000e+00 ; 5.6950002e+01 ; 1.4993764e+02 
3.500e+01 ; 4.800e+00 ; 3.000e+00 ; 5.6951002e+01 ; 1.4987007e+02 
3.500e+01 ; 4.800e+00 ; 3.000e+00 ; 5.6952002e+01 ; 1.4980258e+02 
3.500e+01 ; 4.800e+00 ; 3.000e+00 ; 5.6953002e+01 ; 1.4973515e+02 
3.500e+01 ; 4.800e+00 ; 3.000e+00 ; 5.6955002e+01 ; 1.4960056e+02 
3.500e+01 ; 4.800e+00 ; 3.000e+00 ; 5.6959002e+01 ; 1.4933237e+02 
3.500e+01 ; 4.800e+00 ; 3.000e+00 ; 5.6967002e+01 ; 1.4879997e+02 
3.500e+01 ; 4.800e+00 ; 3.000e+00 ; 5.6983002e+01 ; 1.4775098e+02 
3.500e+01 ; 4.800e+00 ; 3.000e+00 ; 5.7015002e+01 ; 1.4571416e+02 
3.500e+01 ; 4.800e+00 ; 3.000e+00 ; 5.7079002e+01 ; 1.4187117e+02 
3.500e+01 ; 4.800e+00 ; 3.000e+00 ; 5.7207002e+01 ; 1.3501021e+02 
3.500e+01 ; 4.800e+00 ; 3.000e+00 ; 5.7463002e+01 ; 1.2396587e+02 
3.500e+01 ; 4.800e+00 ; 3.000e+00 ; 5.7800002e+01 ; 1.1296538e+02 
3.500e+01 ; 4.800e+00 ; 3.000e+00 ; 5.7800002e+01 ; 1.1296538e+02 
3.500e+01 ; 4.800e+00 ; 3.000e+00 ; 5.7801002e+01 ; 1.1293277e+02 
3.500e+01 ; 4.800e+00 ; 3.000e+00 ; 5.7802002e+01 ; 1.1290018e+02 
3.500e+01 ; 4.800e+00 ; 3.000e+00 ; 5.7803002e+01 ; 1.1286764e+02 
3.500e+01 ; 4.800e+00 ; 3.000e+00 ; 5.7805002e+01 ; 1.1280268e+02 
3.500e+01 ; 4.800e+00 ; 3.000e+00 ; 5.7809002e+01 ; 1.1267327e+02 
3.500e+01 ; 4.800e+00 ; 3.000e+00 ; 5.7817002e+01 ; 1.1241650e+02 
3.500e+01 ; 4.800e+00 ; 3.000e+00 ; 5.7833002e+01 ; 1.1191104e+02 
3.500e+01 ; 4.800e+00 ; 3.000e+00 ; 5.7865002e+01 ; 1.1093138e+02 
3.500e+01 ; 4.800e+00 ; 3.000e+00 ; 5.7929002e+01 ; 1.0908937e+02 
3.500e+01 ; 4.800e+00 ; 3.000e+00 ; 5.8057002e+01 ; 1.0581945e+02 
3.500e+01 ; 4.800e+00 ; 3.000e+00 ; 5.8313002e+01 ; 1.0058401e+02 
3.500e+01 ; 4.800e+00 ; 3.000e+00 ; 5.8650002e+01 ; 9.5351723e+01 
3.500e+01 ; 4.800e+00 ; 3.000e+00 ; 5.8650002e+01 ; 9.5351723e+01 
3.500e+01 ; 4.800e+00 ; 3.000e+00 ; 5.8651002e+01 ; 9.5336212e+01 
3.500e+01 ; 4.800e+00 ; 3.000e+00 ; 5.8652002e+01 ; 9.5320717e+01 
3.500e+01 ; 4.800e+00 ; 3.000e+00 ; 5.8653002e+01 ; 9.5305229e+01 
3.500e+01 ; 4.800e+00 ; 3.000e+00 ; 5.8655002e+01 ; 9.5274323e+01 
3.500e+01 ; 4.800e+00 ; 3.000e+00 ; 5.8659002e+01 ; 9.5212738e+01 
3.500e+01 ; 4.800e+00 ; 3.000e+00 ; 5.8667002e+01 ; 9.5090492e+01 
3.500e+01 ; 4.800e+00 ; 3.000e+00 ; 5.8683002e+01 ; 9.4849594e+01 
3.500e+01 ; 4.800e+00 ; 3.000e+00 ; 5.8715002e+01 ; 9.4381676e+01 
3.500e+01 ; 4.800e+00 ; 3.000e+00 ; 5.8779002e+01 ; 9.3497589e+01 
3.500e+01 ; 4.800e+00 ; 3.000e+00 ; 5.8907002e+01 ; 9.1910156e+01 
3.500e+01 ; 4.800e+00 ; 3.000e+00 ; 5.9163002e+01 ; 8.9298767e+01 
3.500e+01 ; 4.800e+00 ; 3.000e+00 ; 5.9500002e+01 ; 8.6579277e+01 
3.500e+01 ; 4.800e+00 ; 3.000e+00 ; 5.9500002e+01 ; 8.6579277e+01 
3.500e+01 ; 4.800e+00 ; 3.000e+00 ; 5.9501002e+01 ; 8.6571213e+01 
3.500e+01 ; 4.800e+00 ; 3.000e+00 ; 5.9502002e+01 ; 8.6563156e+01 
3.500e+01 ; 4.800e+00 ; 3.000e+00 ; 5.9503002e+01 ; 8.6555107e+01 
3.500e+01 ; 4.800e+00 ; 3.000e+00 ; 5.9505002e+01 ; 8.6539032e+01 
3.500e+01 ; 4.800e+00 ; 3.000e+00 ; 5.9509002e+01 ; 8.6506981e+01 
3.500e+01 ; 4.800e+00 ; 3.000e+00 ; 5.9517002e+01 ; 8.6443268e+01 
3.500e+01 ; 4.800e+00 ; 3.000e+00 ; 5.9533002e+01 ; 8.6317413e+01 
3.500e+01 ; 4.800e+00 ; 3.000e+00 ; 5.9565002e+01 ; 8.6071754e+01 
3.500e+01 ; 4.800e+00 ; 3.000e+00 ; 5.9629002e+01 ; 8.5603104e+01 
3.500e+01 ; 4.800e+00 ; 3.000e+00 ; 5.9757002e+01 ; 8.4745941e+01 
3.500e+01 ; 4.800e+00 ; 3.000e+00 ; 6.0013002e+01 ; 8.3287300e+01 
3.500e+01 ; 4.800e+00 ; 3.000e+00 ; 6.0350002e+01 ; 8.1703285e+01 
3.500e+01 ; 4.800e+00 ; 3.000e+00 ; 6.0350002e+01 ; 8.1703285e+01 
3.500e+01 ; 4.800e+00 ; 3.000e+00 ; 6.0351002e+01 ; 8.1698586e+01 
3.500e+01 ; 4.800e+00 ; 3.000e+00 ; 6.0352002e+01 ; 8.1693893e+01 
3.500e+01 ; 4.800e+00 ; 3.000e+00 ; 6.0353002e+01 ; 8.1689201e+01 
3.500e+01 ; 4.800e+00 ; 3.000e+00 ; 6.0355002e+01 ; 8.1679825e+01 
3.500e+01 ; 4.800e+00 ; 3.000e+00 ; 6.0359002e+01 ; 8.1661133e+01 
3.500e+01 ; 4.800e+00 ; 3.000e+00 ; 6.0367002e+01 ; 8.1623924e+01 
3.500e+01 ; 4.800e+00 ; 3.000e+00 ; 6.0383002e+01 ; 8.1550255e+01 
3.500e+01 ; 4.800e+00 ; 3.000e+00 ; 6.0415002e+01 ; 8.1405754e+01 
3.500e+01 ; 4.800e+00 ; 3.000e+00 ; 6.0479002e+01 ; 8.1127541e+01 
3.500e+01 ; 4.800e+00 ; 3.000e+00 ; 6.0607002e+01 ; 8.0609779e+01 
3.500e+01 ; 4.800e+00 ; 3.000e+00 ; 6.0863002e+01 ; 7.9701035e+01 
3.500e+01 ; 4.800e+00 ; 3.000e+00 ; 6.1200002e+01 ; 7.8677376e+01 
3.500e+01 ; 4.800e+00 ; 3.000e+00 ; 6.1200002e+01 ; 7.8677376e+01 
3.500e+01 ; 4.800e+00 ; 3.000e+00 ; 6.1201002e+01 ; 7.8674339e+01 
3.500e+01 ; 4.800e+00 ; 3.000e+00 ; 6.1202002e+01 ; 7.8671303e+01 
3.500e+01 ; 4.800e+00 ; 3.000e+00 ; 6.1203002e+01 ; 7.8668274e+01 
3.500e+01 ; 4.800e+00 ; 3.000e+00 ; 6.1205002e+01 ; 7.8662209e+01 
3.500e+01 ; 4.800e+00 ; 3.000e+00 ; 6.1209002e+01 ; 7.8650116e+01 
3.500e+01 ; 4.800e+00 ; 3.000e+00 ; 6.1217002e+01 ; 7.8626022e+01 
3.500e+01 ; 4.800e+00 ; 3.000e+00 ; 6.1233002e+01 ; 7.8578209e+01 
3.500e+01 ; 4.800e+00 ; 3.000e+00 ; 6.1265002e+01 ; 7.8484062e+01 
3.500e+01 ; 4.800e+00 ; 3.000e+00 ; 6.1329002e+01 ; 7.8301392e+01 
3.500e+01 ; 4.800e+00 ; 3.000e+00 ; 6.1457002e+01 ; 7.7956558e+01 
3.500e+01 ; 4.800e+00 ; 3.000e+00 ; 6.1713002e+01 ; 7.7336044e+01 
3.500e+01 ; 4.800e+00 ; 3.000e+00 ; 6.2050002e+01 ; 7.6616653e+01 
3.500e+01 ; 4.800e+00 ; 3.000e+00 ; 6.2050002e+01 ; 7.6616653e+01 
3.500e+01 ; 4.800e+00 ; 3.000e+00 ; 6.2051002e+01 ; 7.6614517e+01 
3.500e+01 ; 4.800e+00 ; 3.000e+00 ; 6.2052002e+01 ; 7.6612381e+01 
3.500e+01 ; 4.800e+00 ; 3.000e+00 ; 6.2053002e+01 ; 7.6610252e+01 
3.500e+01 ; 4.800e+00 ; 3.000e+00 ; 6.2055002e+01 ; 7.6605988e+01 
3.500e+01 ; 4.800e+00 ; 3.000e+00 ; 6.2059002e+01 ; 7.6597481e+01 
3.500e+01 ; 4.800e+00 ; 3.000e+00 ; 6.2067002e+01 ; 7.6580521e+01 
3.500e+01 ; 4.800e+00 ; 3.000e+00 ; 6.2083002e+01 ; 7.6546814e+01 
3.500e+01 ; 4.800e+00 ; 3.000e+00 ; 6.2115002e+01 ; 7.6480232e+01 
3.500e+01 ; 4.800e+00 ; 3.000e+00 ; 6.2179002e+01 ; 7.6350311e+01 
3.500e+01 ; 4.800e+00 ; 3.000e+00 ; 6.2307002e+01 ; 7.6102386e+01 
3.500e+01 ; 4.800e+00 ; 3.000e+00 ; 6.2563002e+01 ; 7.5647835e+01 
3.500e+01 ; 4.800e+00 ; 3.000e+00 ; 6.2900002e+01 ; 7.5109444e+01 
3.500e+01 ; 4.800e+00 ; 3.000e+00 ; 6.2900002e+01 ; 7.5109444e+01 
3.500e+01 ; 4.800e+00 ; 3.000e+00 ; 6.2901002e+01 ; 7.5107849e+01 
3.500e+01 ; 4.800e+00 ; 3.000e+00 ; 6.2902002e+01 ; 7.5106255e+01 
3.500e+01 ; 4.800e+00 ; 3.000e+00 ; 6.2903002e+01 ; 7.5104660e+01 
3.500e+01 ; 4.800e+00 ; 3.000e+00 ; 6.2905002e+01 ; 7.5101471e+01 
3.500e+01 ; 4.800e+00 ; 3.000e+00 ; 6.2909002e+01 ; 7.5095093e+01 
3.500e+01 ; 4.800e+00 ; 3.000e+00 ; 6.2917002e+01 ; 7.5082390e+01 
3.500e+01 ; 4.800e+00 ; 3.000e+00 ; 6.2933002e+01 ; 7.5057098e+01 
3.500e+01 ; 4.800e+00 ; 3.000e+00 ; 6.2965002e+01 ; 7.5007050e+01 
3.500e+01 ; 4.800e+00 ; 3.000e+00 ; 6.3029002e+01 ; 7.4908966e+01 
3.500e+01 ; 4.800e+00 ; 3.000e+00 ; 6.3157002e+01 ; 7.4720329e+01 
3.500e+01 ; 4.800e+00 ; 3.000e+00 ; 6.3413002e+01 ; 7.4369698e+01 
3.500e+01 ; 4.800e+00 ; 3.000e+00 ; 6.3750002e+01 ; 7.3947823e+01 
3.500e+01 ; 4.800e+00 ; 3.000e+00 ; 6.3750002e+01 ; 7.3947823e+01 
3.500e+01 ; 4.800e+00 ; 3.000e+00 ; 6.3751002e+01 ; 7.3946571e+01 
3.500e+01 ; 4.800e+00 ; 3.000e+00 ; 6.3752002e+01 ; 7.3945320e+01 
3.500e+01 ; 4.800e+00 ; 3.000e+00 ; 6.3753002e+01 ; 7.3944069e+01 
3.500e+01 ; 4.800e+00 ; 3.000e+00 ; 6.3755002e+01 ; 7.3941566e+01 
3.500e+01 ; 4.800e+00 ; 3.000e+00 ; 6.3759002e+01 ; 7.3936569e+01 
3.500e+01 ; 4.800e+00 ; 3.000e+00 ; 6.3767002e+01 ; 7.3926605e+01 
3.500e+01 ; 4.800e+00 ; 3.000e+00 ; 6.3783002e+01 ; 7.3906761e+01 
3.500e+01 ; 4.800e+00 ; 3.000e+00 ; 6.3815002e+01 ; 7.3867409e+01 
3.500e+01 ; 4.800e+00 ; 3.000e+00 ; 6.3879002e+01 ; 7.3790062e+01 
3.500e+01 ; 4.800e+00 ; 3.000e+00 ; 6.4007002e+01 ; 7.3640457e+01 
3.500e+01 ; 4.800e+00 ; 3.000e+00 ; 6.4263002e+01 ; 7.3359543e+01 
3.500e+01 ; 4.800e+00 ; 3.000e+00 ; 6.4600002e+01 ; 7.3017555e+01 
3.500e+01 ; 4.800e+00 ; 3.000e+00 ; 6.4600002e+01 ; 7.3017555e+01 
3.500e+01 ; 4.800e+00 ; 3.000e+00 ; 6.4601002e+01 ; 7.3016541e+01 
3.500e+01 ; 4.800e+00 ; 3.000e+00 ; 6.4602002e+01 ; 7.3015526e+01 
3.500e+01 ; 4.800e+00 ; 3.000e+00 ; 6.4603002e+01 ; 7.3014511e+01 
3.500e+01 ; 4.800e+00 ; 3.000e+00 ; 6.4605002e+01 ; 7.3012482e+01 
3.500e+01 ; 4.800e+00 ; 3.000e+00 ; 6.4609002e+01 ; 7.3008430e+01 
3.500e+01 ; 4.800e+00 ; 3.000e+00 ; 6.4617002e+01 ; 7.3000351e+01 
3.500e+01 ; 4.800e+00 ; 3.000e+00 ; 6.4633002e+01 ; 7.2984238e+01 
3.500e+01 ; 4.800e+00 ; 3.000e+00 ; 6.4665002e+01 ; 7.2952263e+01 
3.500e+01 ; 4.800e+00 ; 3.000e+00 ; 6.4729002e+01 ; 7.2889267e+01 
3.500e+01 ; 4.800e+00 ; 3.000e+00 ; 6.4857002e+01 ; 7.2766891e+01 
3.500e+01 ; 4.800e+00 ; 3.000e+00 ; 6.5113002e+01 ; 7.2535332e+01 
3.500e+01 ; 4.800e+00 ; 3.000e+00 ; 6.5450002e+01 ; 7.2250847e+01 
3.500e+01 ; 4.800e+00 ; 3.000e+00 ; 6.5450002e+01 ; 7.2250847e+01 
3.500e+01 ; 4.800e+00 ; 3.000e+00 ; 6.5451002e+01 ; 7.2250000e+01 
3.500e+01 ; 4.800e+00 ; 3.000e+00 ; 6.5452002e+01 ; 7.2249161e+01 
3.500e+01 ; 4.800e+00 ; 3.000e+00 ; 6.5453002e+01 ; 7.2248314e+01 
3.500e+01 ; 4.800e+00 ; 3.000e+00 ; 6.5455002e+01 ; 7.2246628e+01 
3.500e+01 ; 4.800e+00 ; 3.000e+00 ; 6.5459002e+01 ; 7.2243256e+01 
3.500e+01 ; 4.800e+00 ; 3.000e+00 ; 6.5467002e+01 ; 7.2236526e+01 
3.500e+01 ; 4.800e+00 ; 3.000e+00 ; 6.5483002e+01 ; 7.2223114e+01 
3.500e+01 ; 4.800e+00 ; 3.000e+00 ; 6.5515002e+01 ; 7.2196472e+01 
3.500e+01 ; 4.800e+00 ; 3.000e+00 ; 6.5579002e+01 ; 7.2143875e+01 
3.500e+01 ; 4.800e+00 ; 3.000e+00 ; 6.5707002e+01 ; 7.2041367e+01 
3.500e+01 ; 4.800e+00 ; 3.000e+00 ; 6.5963002e+01 ; 7.1846222e+01 
3.500e+01 ; 4.800e+00 ; 3.000e+00 ; 6.6300002e+01 ; 7.1604752e+01 
3.500e+01 ; 4.800e+00 ; 3.000e+00 ; 6.6300002e+01 ; 7.1604752e+01 
3.500e+01 ; 4.800e+00 ; 3.000e+00 ; 6.6301002e+01 ; 7.1604034e+01 
3.500e+01 ; 4.800e+00 ; 3.000e+00 ; 6.6302002e+01 ; 7.1603317e+01 
3.500e+01 ; 4.800e+00 ; 3.000e+00 ; 6.6303002e+01 ; 7.1602600e+01 
3.500e+01 ; 4.800e+00 ; 3.000e+00 ; 6.6305002e+01 ; 7.1601166e+01 
3.500e+01 ; 4.800e+00 ; 3.000e+00 ; 6.6309002e+01 ; 7.1598305e+01 
3.500e+01 ; 4.800e+00 ; 3.000e+00 ; 6.6317002e+01 ; 7.1592590e+01 
3.500e+01 ; 4.800e+00 ; 3.000e+00 ; 6.6333002e+01 ; 7.1581200e+01 
3.500e+01 ; 4.800e+00 ; 3.000e+00 ; 6.6365002e+01 ; 7.1558548e+01 
3.500e+01 ; 4.800e+00 ; 3.000e+00 ; 6.6429002e+01 ; 7.1513786e+01 
3.500e+01 ; 4.800e+00 ; 3.000e+00 ; 6.6557002e+01 ; 7.1426308e+01 
3.500e+01 ; 4.800e+00 ; 3.000e+00 ; 6.6813002e+01 ; 7.1259048e+01 
3.500e+01 ; 4.800e+00 ; 3.000e+00 ; 6.7150002e+01 ; 7.1051201e+01 
3.500e+01 ; 4.800e+00 ; 3.000e+00 ; 6.7150002e+01 ; 7.1051201e+01 
3.500e+01 ; 4.800e+00 ; 3.000e+00 ; 6.7151002e+01 ; 7.1050591e+01 
3.500e+01 ; 4.800e+00 ; 3.000e+00 ; 6.7152002e+01 ; 7.1049973e+01 
3.500e+01 ; 4.800e+00 ; 3.000e+00 ; 6.7153002e+01 ; 7.1049355e+01 
3.500e+01 ; 4.800e+00 ; 3.000e+00 ; 6.7155002e+01 ; 7.1048119e+01 
3.500e+01 ; 4.800e+00 ; 3.000e+00 ; 6.7159002e+01 ; 7.1045662e+01 
3.500e+01 ; 4.800e+00 ; 3.000e+00 ; 6.7167002e+01 ; 7.1040741e+01 
3.500e+01 ; 4.800e+00 ; 3.000e+00 ; 6.7183002e+01 ; 7.1030930e+01 
3.500e+01 ; 4.800e+00 ; 3.000e+00 ; 6.7215002e+01 ; 7.1011421e+01 
3.500e+01 ; 4.800e+00 ; 3.000e+00 ; 6.7279002e+01 ; 7.0972878e+01 
3.500e+01 ; 4.800e+00 ; 3.000e+00 ; 6.7407002e+01 ; 7.0897827e+01 
3.500e+01 ; 4.800e+00 ; 3.000e+00 ; 6.7663002e+01 ; 7.0756851e+01 
3.500e+01 ; 4.800e+00 ; 3.000e+00 ; 6.8000002e+01 ; 7.0588142e+01 
3.500e+01 ; 4.800e+00 ; 3.000e+00 ; 6.8000002e+01 ; 7.0588142e+01 
3.500e+01 ; 4.800e+00 ; 3.000e+00 ; 6.8001002e+01 ; 7.0587639e+01 
3.500e+01 ; 4.800e+00 ; 3.000e+00 ; 6.8002002e+01 ; 7.0587143e+01 
3.500e+01 ; 4.800e+00 ; 3.000e+00 ; 6.8003002e+01 ; 7.0586639e+01 
3.500e+01 ; 4.800e+00 ; 3.000e+00 ; 6.8005002e+01 ; 7.0585640e+01 
3.500e+01 ; 4.800e+00 ; 3.000e+00 ; 6.8009002e+01 ; 7.0583649e+01 
3.500e+01 ; 4.800e+00 ; 3.000e+00 ; 6.8017002e+01 ; 7.0579666e+01 
3.500e+01 ; 4.800e+00 ; 3.000e+00 ; 6.8033002e+01 ; 7.0571770e+01 
3.500e+01 ; 4.800e+00 ; 3.000e+00 ; 6.8065002e+01 ; 7.0556213e+01 
3.500e+01 ; 4.800e+00 ; 3.000e+00 ; 6.8129002e+01 ; 7.0526230e+01 
3.500e+01 ; 4.800e+00 ; 3.000e+00 ; 6.8257002e+01 ; 7.0471779e+01 
3.500e+01 ; 4.800e+00 ; 3.000e+00 ; 6.8513002e+01 ; 7.0389229e+01 
3.500e+01 ; 4.800e+00 ; 3.000e+00 ; 6.8850002e+01 ; 7.0326431e+01 
3.500e+01 ; 4.800e+00 ; 3.000e+00 ; 6.8850002e+01 ; 7.0326431e+01 
3.500e+01 ; 4.800e+00 ; 3.000e+00 ; 6.8851002e+01 ; 7.0329811e+01 
3.500e+01 ; 4.800e+00 ; 3.000e+00 ; 6.8852002e+01 ; 7.0333229e+01 
3.500e+01 ; 4.800e+00 ; 3.000e+00 ; 6.8853002e+01 ; 7.0336693e+01 
3.500e+01 ; 4.800e+00 ; 3.000e+00 ; 6.8855002e+01 ; 7.0343758e+01 
3.500e+01 ; 4.800e+00 ; 3.000e+00 ; 6.8859002e+01 ; 7.0358490e+01 
3.500e+01 ; 4.800e+00 ; 3.000e+00 ; 6.8867002e+01 ; 7.0390266e+01 
3.500e+01 ; 4.800e+00 ; 3.000e+00 ; 6.8883002e+01 ; 7.0462646e+01 
3.500e+01 ; 4.800e+00 ; 3.000e+00 ; 6.8915002e+01 ; 7.0639191e+01 
3.500e+01 ; 4.800e+00 ; 3.000e+00 ; 6.8979002e+01 ; 7.1095215e+01 
3.500e+01 ; 4.800e+00 ; 3.000e+00 ; 6.9107002e+01 ; 7.2269279e+01 
3.500e+01 ; 4.800e+00 ; 3.000e+00 ; 6.9363002e+01 ; 7.4939278e+01 
3.500e+01 ; 4.800e+00 ; 3.000e+00 ; 6.9700002e+01 ; 7.8101921e+01 
3.500e+01 ; 4.800e+00 ; 3.000e+00 ; 6.9700002e+01 ; 7.8101921e+01 
3.500e+01 ; 4.800e+00 ; 3.000e+00 ; 6.9701002e+01 ; 7.8114273e+01 
3.500e+01 ; 4.800e+00 ; 3.000e+00 ; 6.9702002e+01 ; 7.8126633e+01 
3.500e+01 ; 4.800e+00 ; 3.000e+00 ; 6.9703002e+01 ; 7.8139000e+01 
3.500e+01 ; 4.800e+00 ; 3.000e+00 ; 6.9705002e+01 ; 7.8163750e+01 
3.500e+01 ; 4.800e+00 ; 3.000e+00 ; 6.9709002e+01 ; 7.8213310e+01 
3.500e+01 ; 4.800e+00 ; 3.000e+00 ; 6.9717002e+01 ; 7.8312683e+01 
3.500e+01 ; 4.800e+00 ; 3.000e+00 ; 6.9733002e+01 ; 7.8512291e+01 
3.500e+01 ; 4.800e+00 ; 3.000e+00 ; 6.9765002e+01 ; 7.8913818e+01 
3.500e+01 ; 4.800e+00 ; 3.000e+00 ; 6.9829002e+01 ; 7.9718391e+01 
3.500e+01 ; 4.800e+00 ; 3.000e+00 ; 6.9957002e+01 ; 8.1286850e+01 
3.500e+01 ; 4.800e+00 ; 3.000e+00 ; 7.0213002e+01 ; 8.4052910e+01 
3.500e+01 ; 4.800e+00 ; 3.000e+00 ; 7.0550002e+01 ; 8.6815041e+01 
3.500e+01 ; 4.800e+00 ; 3.000e+00 ; 7.0550002e+01 ; 8.6815041e+01 
3.500e+01 ; 4.800e+00 ; 3.000e+00 ; 7.0551002e+01 ; 8.6823219e+01 
3.500e+01 ; 4.800e+00 ; 3.000e+00 ; 7.0552002e+01 ; 8.6831383e+01 
3.500e+01 ; 4.800e+00 ; 3.000e+00 ; 7.0553002e+01 ; 8.6839531e+01 
3.500e+01 ; 4.800e+00 ; 3.000e+00 ; 7.0555002e+01 ; 8.6855759e+01 
3.500e+01 ; 4.800e+00 ; 3.000e+00 ; 7.0559002e+01 ; 8.6887970e+01 
3.500e+01 ; 4.800e+00 ; 3.000e+00 ; 7.0567002e+01 ; 8.6951363e+01 
3.500e+01 ; 4.800e+00 ; 3.000e+00 ; 7.0583002e+01 ; 8.7074196e+01 
3.500e+01 ; 4.800e+00 ; 3.000e+00 ; 7.0615002e+01 ; 8.7304634e+01 
3.500e+01 ; 4.800e+00 ; 3.000e+00 ; 7.0679002e+01 ; 8.7709648e+01 
3.500e+01 ; 4.800e+00 ; 3.000e+00 ; 7.0807002e+01 ; 8.8330421e+01 
3.500e+01 ; 4.800e+00 ; 3.000e+00 ; 7.1063002e+01 ; 8.9022484e+01 
3.500e+01 ; 4.800e+00 ; 3.000e+00 ; 7.1400002e+01 ; 8.9310127e+01 
3.500e+01 ; 4.800e+00 ; 3.000e+00 ; 7.1400002e+01 ; 8.9310127e+01 
3.500e+01 ; 4.800e+00 ; 3.000e+00 ; 7.1401002e+01 ; 8.9310974e+01 
3.500e+01 ; 4.800e+00 ; 3.000e+00 ; 7.1402002e+01 ; 8.9311813e+01 
3.500e+01 ; 4.800e+00 ; 3.000e+00 ; 7.1403002e+01 ; 8.9312653e+01 
3.500e+01 ; 4.800e+00 ; 3.000e+00 ; 7.1405002e+01 ; 8.9314308e+01 
3.500e+01 ; 4.800e+00 ; 3.000e+00 ; 7.1409002e+01 ; 8.9317528e+01 
3.500e+01 ; 4.800e+00 ; 3.000e+00 ; 7.1417002e+01 ; 8.9323616e+01 
3.500e+01 ; 4.800e+00 ; 3.000e+00 ; 7.1433002e+01 ; 8.9334473e+01 
3.500e+01 ; 4.800e+00 ; 3.000e+00 ; 7.1465002e+01 ; 8.9351105e+01 
3.500e+01 ; 4.800e+00 ; 3.000e+00 ; 7.1529002e+01 ; 8.9365952e+01 
3.500e+01 ; 4.800e+00 ; 3.000e+00 ; 7.1657002e+01 ; 8.9334953e+01 
3.500e+01 ; 4.800e+00 ; 3.000e+00 ; 7.1913002e+01 ; 8.9106369e+01 
3.500e+01 ; 4.800e+00 ; 3.000e+00 ; 7.2250002e+01 ; 8.8633217e+01 
3.500e+01 ; 4.800e+00 ; 3.000e+00 ; 7.2250002e+01 ; 8.8633217e+01 
3.500e+01 ; 4.800e+00 ; 3.000e+00 ; 7.2251002e+01 ; 8.8631805e+01 
3.500e+01 ; 4.800e+00 ; 3.000e+00 ; 7.2252002e+01 ; 8.8630402e+01 
3.500e+01 ; 4.800e+00 ; 3.000e+00 ; 7.2253002e+01 ; 8.8628990e+01 
3.500e+01 ; 4.800e+00 ; 3.000e+00 ; 7.2255002e+01 ; 8.8626167e+01 
3.500e+01 ; 4.800e+00 ; 3.000e+00 ; 7.2259002e+01 ; 8.8620499e+01 
3.500e+01 ; 4.800e+00 ; 3.000e+00 ; 7.2267002e+01 ; 8.8609062e+01 
3.500e+01 ; 4.800e+00 ; 3.000e+00 ; 7.2283002e+01 ; 8.8585831e+01 
3.500e+01 ; 4.800e+00 ; 3.000e+00 ; 7.2315002e+01 ; 8.8538010e+01 
3.500e+01 ; 4.800e+00 ; 3.000e+00 ; 7.2379002e+01 ; 8.8437561e+01 
3.500e+01 ; 4.800e+00 ; 3.000e+00 ; 7.2507002e+01 ; 8.8221901e+01 
3.500e+01 ; 4.800e+00 ; 3.000e+00 ; 7.2763002e+01 ; 8.7756531e+01 
3.500e+01 ; 4.800e+00 ; 3.000e+00 ; 7.3100002e+01 ; 8.7121628e+01 
3.500e+01 ; 4.800e+00 ; 3.000e+00 ; 7.3100002e+01 ; 8.7121628e+01 
3.500e+01 ; 4.800e+00 ; 3.000e+00 ; 7.3101002e+01 ; 8.7119743e+01 
3.500e+01 ; 4.800e+00 ; 3.000e+00 ; 7.3102002e+01 ; 8.7117859e+01 
3.500e+01 ; 4.800e+00 ; 3.000e+00 ; 7.3103002e+01 ; 8.7115974e+01 
3.500e+01 ; 4.800e+00 ; 3.000e+00 ; 7.3105002e+01 ; 8.7112206e+01 
3.500e+01 ; 4.800e+00 ; 3.000e+00 ; 7.3109002e+01 ; 8.7104660e+01 
3.500e+01 ; 4.800e+00 ; 3.000e+00 ; 7.3117002e+01 ; 8.7089561e+01 
3.500e+01 ; 4.800e+00 ; 3.000e+00 ; 7.3133002e+01 ; 8.7059326e+01 
3.500e+01 ; 4.800e+00 ; 3.000e+00 ; 7.3165002e+01 ; 8.6998711e+01 
3.500e+01 ; 4.800e+00 ; 3.000e+00 ; 7.3229002e+01 ; 8.6877121e+01 
3.500e+01 ; 4.800e+00 ; 3.000e+00 ; 7.3357002e+01 ; 8.6633820e+01 
3.500e+01 ; 4.800e+00 ; 3.000e+00 ; 7.3613002e+01 ; 8.6154037e+01 
3.500e+01 ; 4.800e+00 ; 3.000e+00 ; 7.3950002e+01 ; 8.5544022e+01 
3.500e+01 ; 4.800e+00 ; 3.000e+00 ; 7.3950002e+01 ; 8.5544022e+01 
3.500e+01 ; 4.800e+00 ; 3.000e+00 ; 7.3951002e+01 ; 8.5542213e+01 
3.500e+01 ; 4.800e+00 ; 3.000e+00 ; 7.3952002e+01 ; 8.5540405e+01 
3.500e+01 ; 4.800e+00 ; 3.000e+00 ; 7.3953002e+01 ; 8.5538589e+01 
3.500e+01 ; 4.800e+00 ; 3.000e+00 ; 7.3955002e+01 ; 8.5534973e+01 
3.500e+01 ; 4.800e+00 ; 3.000e+00 ; 7.3959002e+01 ; 8.5527740e+01 
3.500e+01 ; 4.800e+00 ; 3.000e+00 ; 7.3967002e+01 ; 8.5513283e+01 
3.500e+01 ; 4.800e+00 ; 3.000e+00 ; 7.3983002e+01 ; 8.5484428e+01 
3.500e+01 ; 4.800e+00 ; 3.000e+00 ; 7.4015002e+01 ; 8.5426918e+01 
3.500e+01 ; 4.800e+00 ; 3.000e+00 ; 7.4079002e+01 ; 8.5312790e+01 
3.500e+01 ; 4.800e+00 ; 3.000e+00 ; 7.4207002e+01 ; 8.5088425e+01 
3.500e+01 ; 4.800e+00 ; 3.000e+00 ; 7.4463002e+01 ; 8.4656593e+01 
3.500e+01 ; 4.800e+00 ; 3.000e+00 ; 7.4800002e+01 ; 8.4118546e+01 
3.500e+01 ; 4.800e+00 ; 3.000e+00 ; 7.4800002e+01 ; 8.4118546e+01 
3.500e+01 ; 4.800e+00 ; 3.000e+00 ; 7.4801002e+01 ; 8.4116951e+01 
3.500e+01 ; 4.800e+00 ; 3.000e+00 ; 7.4802002e+01 ; 8.4115349e+01 
3.500e+01 ; 4.800e+00 ; 3.000e+00 ; 7.4803002e+01 ; 8.4113754e+01 
3.500e+01 ; 4.800e+00 ; 3.000e+00 ; 7.4805002e+01 ; 8.4110565e+01 
3.500e+01 ; 4.800e+00 ; 3.000e+00 ; 7.4809002e+01 ; 8.4104187e+01 
3.500e+01 ; 4.800e+00 ; 3.000e+00 ; 7.4817002e+01 ; 8.4091454e+01 
3.500e+01 ; 4.800e+00 ; 3.000e+00 ; 7.4833002e+01 ; 8.4066048e+01 
3.500e+01 ; 4.800e+00 ; 3.000e+00 ; 7.4865002e+01 ; 8.4015518e+01 
3.500e+01 ; 4.800e+00 ; 3.000e+00 ; 7.4929002e+01 ; 8.3915558e+01 
3.500e+01 ; 4.800e+00 ; 3.000e+00 ; 7.5057002e+01 ; 8.3720062e+01 
3.500e+01 ; 4.800e+00 ; 3.000e+00 ; 7.5313002e+01 ; 8.3346359e+01 
3.500e+01 ; 4.800e+00 ; 3.000e+00 ; 7.5650002e+01 ; 8.2883034e+01 
3.500e+01 ; 4.800e+00 ; 3.000e+00 ; 7.5650002e+01 ; 8.2883034e+01 
3.500e+01 ; 4.800e+00 ; 3.000e+00 ; 7.5651002e+01 ; 8.2881660e+01 
3.500e+01 ; 4.800e+00 ; 3.000e+00 ; 7.5652002e+01 ; 8.2880287e+01 
3.500e+01 ; 4.800e+00 ; 3.000e+00 ; 7.5653002e+01 ; 8.2878914e+01 
3.500e+01 ; 4.800e+00 ; 3.000e+00 ; 7.5655002e+01 ; 8.2876167e+01 
3.500e+01 ; 4.800e+00 ; 3.000e+00 ; 7.5659002e+01 ; 8.2870674e+01 
3.500e+01 ; 4.800e+00 ; 3.000e+00 ; 7.5667002e+01 ; 8.2859711e+01 
3.500e+01 ; 4.800e+00 ; 3.000e+00 ; 7.5683002e+01 ; 8.2837845e+01 
3.500e+01 ; 4.800e+00 ; 3.000e+00 ; 7.5715002e+01 ; 8.2794373e+01 
3.500e+01 ; 4.800e+00 ; 3.000e+00 ; 7.5779002e+01 ; 8.2708435e+01 
3.500e+01 ; 4.800e+00 ; 3.000e+00 ; 7.5907002e+01 ; 8.2540512e+01 
3.500e+01 ; 4.800e+00 ; 3.000e+00 ; 7.6163002e+01 ; 8.2219734e+01 
3.500e+01 ; 4.800e+00 ; 3.000e+00 ; 7.6500002e+01 ; 8.1821754e+01 
3.500e+01 ; 4.800e+00 ; 3.000e+00 ; 7.6500002e+01 ; 8.1821754e+01 
3.500e+01 ; 4.800e+00 ; 3.000e+00 ; 7.6501002e+01 ; 8.1820572e+01 
3.500e+01 ; 4.800e+00 ; 3.000e+00 ; 7.6502002e+01 ; 8.1819397e+01 
3.500e+01 ; 4.800e+00 ; 3.000e+00 ; 7.6503002e+01 ; 8.1818214e+01 
3.500e+01 ; 4.800e+00 ; 3.000e+00 ; 7.6505002e+01 ; 8.1815857e+01 
3.500e+01 ; 4.800e+00 ; 3.000e+00 ; 7.6509002e+01 ; 8.1811134e+01 
3.500e+01 ; 4.800e+00 ; 3.000e+00 ; 7.6517002e+01 ; 8.1801720e+01 
3.500e+01 ; 4.800e+00 ; 3.000e+00 ; 7.6533002e+01 ; 8.1782936e+01 
3.500e+01 ; 4.800e+00 ; 3.000e+00 ; 7.6565002e+01 ; 8.1745583e+01 
3.500e+01 ; 4.800e+00 ; 3.000e+00 ; 7.6629002e+01 ; 8.1671738e+01 
3.500e+01 ; 4.800e+00 ; 3.000e+00 ; 7.6757002e+01 ; 8.1527351e+01 
3.500e+01 ; 4.800e+00 ; 3.000e+00 ; 7.7013002e+01 ; 8.1251045e+01 
3.500e+01 ; 4.800e+00 ; 3.000e+00 ; 7.7350002e+01 ; 8.0907295e+01 
3.500e+01 ; 4.800e+00 ; 3.000e+00 ; 7.7350002e+01 ; 8.0907295e+01 
3.500e+01 ; 4.800e+00 ; 3.000e+00 ; 7.7351002e+01 ; 8.0906281e+01 
3.500e+01 ; 4.800e+00 ; 3.000e+00 ; 7.7352002e+01 ; 8.0905258e+01 
3.500e+01 ; 4.800e+00 ; 3.000e+00 ; 7.7353002e+01 ; 8.0904243e+01 
3.500e+01 ; 4.800e+00 ; 3.000e+00 ; 7.7355002e+01 ; 8.0902199e+01 
3.500e+01 ; 4.800e+00 ; 3.000e+00 ; 7.7359002e+01 ; 8.0898125e+01 
3.500e+01 ; 4.800e+00 ; 3.000e+00 ; 7.7367002e+01 ; 8.0889992e+01 
3.500e+01 ; 4.800e+00 ; 3.000e+00 ; 7.7383002e+01 ; 8.0873764e+01 
3.500e+01 ; 4.800e+00 ; 3.000e+00 ; 7.7415002e+01 ; 8.0841484e+01 
3.500e+01 ; 4.800e+00 ; 3.000e+00 ; 7.7479002e+01 ; 8.0777626e+01 
3.500e+01 ; 4.800e+00 ; 3.000e+00 ; 7.7607002e+01 ; 8.0652618e+01 
3.500e+01 ; 4.800e+00 ; 3.000e+00 ; 7.7863002e+01 ; 8.0412796e+01 
3.500e+01 ; 4.800e+00 ; 3.000e+00 ; 7.8200002e+01 ; 8.0113411e+01 
3.500e+01 ; 4.800e+00 ; 3.000e+00 ; 7.8200002e+01 ; 8.0113411e+01 
3.500e+01 ; 4.800e+00 ; 3.000e+00 ; 7.8201002e+01 ; 8.0112526e+01 
3.500e+01 ; 4.800e+00 ; 3.000e+00 ; 7.8202002e+01 ; 8.0111641e+01 
3.500e+01 ; 4.800e+00 ; 3.000e+00 ; 7.8203002e+01 ; 8.0110748e+01 
3.500e+01 ; 4.800e+00 ; 3.000e+00 ; 7.8205002e+01 ; 8.0108978e+01 
3.500e+01 ; 4.800e+00 ; 3.000e+00 ; 7.8209002e+01 ; 8.0105423e+01 
3.500e+01 ; 4.800e+00 ; 3.000e+00 ; 7.8217002e+01 ; 8.0098335e+01 
3.500e+01 ; 4.800e+00 ; 3.000e+00 ; 7.8233002e+01 ; 8.0084198e+01 
3.500e+01 ; 4.800e+00 ; 3.000e+00 ; 7.8265002e+01 ; 8.0056068e+01 
3.500e+01 ; 4.800e+00 ; 3.000e+00 ; 7.8329002e+01 ; 8.0000374e+01 
3.500e+01 ; 4.800e+00 ; 3.000e+00 ; 7.8457002e+01 ; 7.9891205e+01 
3.500e+01 ; 4.800e+00 ; 3.000e+00 ; 7.8713002e+01 ; 7.9681198e+01 
3.500e+01 ; 4.800e+00 ; 3.000e+00 ; 7.9050002e+01 ; 7.9418159e+01 
3.500e+01 ; 4.800e+00 ; 3.000e+00 ; 7.9050002e+01 ; 7.9418159e+01 
3.500e+01 ; 4.800e+00 ; 3.000e+00 ; 7.9051002e+01 ; 7.9417374e+01 
3.500e+01 ; 4.800e+00 ; 3.000e+00 ; 7.9052002e+01 ; 7.9416595e+01 
3.500e+01 ; 4.800e+00 ; 3.000e+00 ; 7.9053002e+01 ; 7.9415817e+01 
3.500e+01 ; 4.800e+00 ; 3.000e+00 ; 7.9055002e+01 ; 7.9414253e+01 
3.500e+01 ; 4.800e+00 ; 3.000e+00 ; 7.9059002e+01 ; 7.9411140e+01 
3.500e+01 ; 4.800e+00 ; 3.000e+00 ; 7.9067002e+01 ; 7.9404907e+01 
3.500e+01 ; 4.800e+00 ; 3.000e+00 ; 7.9083002e+01 ; 7.9392479e+01 
3.500e+01 ; 4.800e+00 ; 3.000e+00 ; 7.9115002e+01 ; 7.9367744e+01 
3.500e+01 ; 4.800e+00 ; 3.000e+00 ; 7.9179002e+01 ; 7.9318748e+01 
3.500e+01 ; 4.800e+00 ; 3.000e+00 ; 7.9307002e+01 ; 7.9222572e+01 
3.500e+01 ; 4.800e+00 ; 3.000e+00 ; 7.9563002e+01 ; 7.9037201e+01 
3.500e+01 ; 4.800e+00 ; 3.000e+00 ; 7.9900002e+01 ; 7.8804604e+01 
3.500e+01 ; 4.800e+00 ; 3.000e+00 ; 7.9900002e+01 ; 7.8804604e+01 
3.500e+01 ; 4.800e+00 ; 3.000e+00 ; 7.9901002e+01 ; 7.8803917e+01 
3.500e+01 ; 4.800e+00 ; 3.000e+00 ; 7.9902002e+01 ; 7.8803230e+01 
3.500e+01 ; 4.800e+00 ; 3.000e+00 ; 7.9903002e+01 ; 7.8802536e+01 
3.500e+01 ; 4.800e+00 ; 3.000e+00 ; 7.9905002e+01 ; 7.8801155e+01 
3.500e+01 ; 4.800e+00 ; 3.000e+00 ; 7.9909002e+01 ; 7.8798401e+01 
3.500e+01 ; 4.800e+00 ; 3.000e+00 ; 7.9917002e+01 ; 7.8792892e+01 
3.500e+01 ; 4.800e+00 ; 3.000e+00 ; 7.9933002e+01 ; 7.8781906e+01 
3.500e+01 ; 4.800e+00 ; 3.000e+00 ; 7.9965002e+01 ; 7.8760025e+01 
3.500e+01 ; 4.800e+00 ; 3.000e+00 ; 8.0029002e+01 ; 7.8716675e+01 
3.500e+01 ; 4.800e+00 ; 3.000e+00 ; 8.0157002e+01 ; 7.8631622e+01 
3.500e+01 ; 4.800e+00 ; 3.000e+00 ; 8.0413002e+01 ; 7.8468323e+01 
3.500e+01 ; 4.800e+00 ; 3.000e+00 ; 8.0750002e+01 ; 7.8265709e+01 
3.500e+01 ; 4.800e+00 ; 3.000e+00 ; 8.0750002e+01 ; 7.8265709e+01 
3.500e+01 ; 4.800e+00 ; 3.000e+00 ; 8.0751002e+01 ; 7.8265106e+01 
3.500e+01 ; 4.800e+00 ; 3.000e+00 ; 8.0752002e+01 ; 7.8264511e+01 
3.500e+01 ; 4.800e+00 ; 3.000e+00 ; 8.0753002e+01 ; 7.8263908e+01 
3.500e+01 ; 4.800e+00 ; 3.000e+00 ; 8.0755002e+01 ; 7.8262703e+01 
3.500e+01 ; 4.800e+00 ; 3.000e+00 ; 8.0759002e+01 ; 7.8260307e+01 
3.500e+01 ; 4.800e+00 ; 3.000e+00 ; 8.0767002e+01 ; 7.8255516e+01 
3.500e+01 ; 4.800e+00 ; 3.000e+00 ; 8.0783002e+01 ; 7.8245995e+01 
3.500e+01 ; 4.800e+00 ; 3.000e+00 ; 8.0815002e+01 ; 7.8227249e+01 
3.500e+01 ; 4.800e+00 ; 3.000e+00 ; 8.0879002e+01 ; 7.8191574e+01 
3.500e+01 ; 4.800e+00 ; 3.000e+00 ; 8.1007002e+01 ; 7.8130035e+01 
3.500e+01 ; 4.800e+00 ; 3.000e+00 ; 8.1263002e+01 ; 7.8050346e+01 
3.500e+01 ; 4.800e+00 ; 3.000e+00 ; 8.1600002e+01 ; 7.8006470e+01 
3.500e+01 ; 4.800e+00 ; 3.000e+00 ; 8.1600002e+01 ; 7.8006470e+01 
3.500e+01 ; 4.800e+00 ; 3.000e+00 ; 8.1601002e+01 ; 7.8006340e+01 
3.500e+01 ; 4.800e+00 ; 3.000e+00 ; 8.1602002e+01 ; 7.8006210e+01 
3.500e+01 ; 4.800e+00 ; 3.000e+00 ; 8.1603002e+01 ; 7.8006081e+01 
3.500e+01 ; 4.800e+00 ; 3.000e+00 ; 8.1605002e+01 ; 7.8005829e+01 
3.500e+01 ; 4.800e+00 ; 3.000e+00 ; 8.1609002e+01 ; 7.8005325e+01 
3.500e+01 ; 4.800e+00 ; 3.000e+00 ; 8.1617002e+01 ; 7.8004372e+01 
3.500e+01 ; 4.800e+00 ; 3.000e+00 ; 8.1633002e+01 ; 7.8002640e+01 
3.500e+01 ; 4.800e+00 ; 3.000e+00 ; 8.1665002e+01 ; 7.8000122e+01 
3.500e+01 ; 4.800e+00 ; 3.000e+00 ; 8.1729002e+01 ; 7.7999855e+01 
3.500e+01 ; 4.800e+00 ; 3.000e+00 ; 8.1857002e+01 ; 7.8022682e+01 
3.500e+01 ; 4.800e+00 ; 3.000e+00 ; 8.2113002e+01 ; 7.8161125e+01 
3.500e+01 ; 4.800e+00 ; 3.000e+00 ; 8.2450002e+01 ; 7.8455894e+01 
3.500e+01 ; 4.800e+00 ; 3.000e+00 ; 8.2450002e+01 ; 7.8455894e+01 
3.500e+01 ; 4.800e+00 ; 3.000e+00 ; 8.2451002e+01 ; 7.8456772e+01 
3.500e+01 ; 4.800e+00 ; 3.000e+00 ; 8.2452002e+01 ; 7.8457649e+01 
3.500e+01 ; 4.800e+00 ; 3.000e+00 ; 8.2453002e+01 ; 7.8458527e+01 
3.500e+01 ; 4.800e+00 ; 3.000e+00 ; 8.2455002e+01 ; 7.8460281e+01 
3.500e+01 ; 4.800e+00 ; 3.000e+00 ; 8.2459002e+01 ; 7.8463821e+01 
3.500e+01 ; 4.800e+00 ; 3.000e+00 ; 8.2467002e+01 ; 7.8470955e+01 
3.500e+01 ; 4.800e+00 ; 3.000e+00 ; 8.2483002e+01 ; 7.8485504e+01 
3.500e+01 ; 4.800e+00 ; 3.000e+00 ; 8.2515002e+01 ; 7.8515762e+01 
3.500e+01 ; 4.800e+00 ; 3.000e+00 ; 8.2579002e+01 ; 7.8581238e+01 
3.500e+01 ; 4.800e+00 ; 3.000e+00 ; 8.2707002e+01 ; 7.8732018e+01 
3.500e+01 ; 4.800e+00 ; 3.000e+00 ; 8.2963002e+01 ; 7.9095078e+01 
3.500e+01 ; 4.800e+00 ; 3.000e+00 ; 8.3300002e+01 ; 7.9619240e+01 
3.500e+01 ; 4.800e+00 ; 3.000e+00 ; 8.3300002e+01 ; 7.9619240e+01 
3.500e+01 ; 4.800e+00 ; 3.000e+00 ; 8.3301002e+01 ; 7.9620789e+01 
3.500e+01 ; 4.800e+00 ; 3.000e+00 ; 8.3302002e+01 ; 7.9622345e+01 
3.500e+01 ; 4.800e+00 ; 3.000e+00 ; 8.3303002e+01 ; 7.9623901e+01 
3.500e+01 ; 4.800e+00 ; 3.000e+00 ; 8.3305002e+01 ; 7.9627022e+01 
3.500e+01 ; 4.800e+00 ; 3.000e+00 ; 8.3309002e+01 ; 7.9633255e+01 
3.500e+01 ; 4.800e+00 ; 3.000e+00 ; 8.3317002e+01 ; 7.9645752e+01 
3.500e+01 ; 4.800e+00 ; 3.000e+00 ; 8.3333002e+01 ; 7.9670822e+01 
3.500e+01 ; 4.800e+00 ; 3.000e+00 ; 8.3365002e+01 ; 7.9721245e+01 
3.500e+01 ; 4.800e+00 ; 3.000e+00 ; 8.3429002e+01 ; 7.9822655e+01 
3.500e+01 ; 4.800e+00 ; 3.000e+00 ; 8.3557002e+01 ; 8.0024101e+01 
3.500e+01 ; 4.800e+00 ; 3.000e+00 ; 8.3813002e+01 ; 8.0400482e+01 
3.500e+01 ; 4.800e+00 ; 3.000e+00 ; 8.4150002e+01 ; 8.0819778e+01 
3.500e+01 ; 4.800e+00 ; 3.000e+00 ; 8.4150002e+01 ; 8.0819778e+01 
3.500e+01 ; 4.800e+00 ; 3.000e+00 ; 8.4151002e+01 ; 8.0821022e+01 
3.500e+01 ; 4.800e+00 ; 3.000e+00 ; 8.4152002e+01 ; 8.0822266e+01 
3.500e+01 ; 4.800e+00 ; 3.000e+00 ; 8.4153002e+01 ; 8.0823509e+01 
3.500e+01 ; 4.800e+00 ; 3.000e+00 ; 8.4155002e+01 ; 8.0825989e+01 
3.500e+01 ; 4.800e+00 ; 3.000e+00 ; 8.4159002e+01 ; 8.0830940e+01 
3.500e+01 ; 4.800e+00 ; 3.000e+00 ; 8.4167002e+01 ; 8.0840805e+01 
3.500e+01 ; 4.800e+00 ; 3.000e+00 ; 8.4183002e+01 ; 8.0860336e+01 
3.500e+01 ; 4.800e+00 ; 3.000e+00 ; 8.4215002e+01 ; 8.0898628e+01 
3.500e+01 ; 4.800e+00 ; 3.000e+00 ; 8.4279002e+01 ; 8.0971779e+01 
3.500e+01 ; 4.800e+00 ; 3.000e+00 ; 8.4407002e+01 ; 8.1102776e+01 
3.500e+01 ; 4.800e+00 ; 3.000e+00 ; 8.4663002e+01 ; 8.1298996e+01 
3.500e+01 ; 4.800e+00 ; 3.000e+00 ; 8.5000002e+01 ; 8.1446800e+01 
3.500e+01 ; 4.800e+00 ; 3.000e+00 ; 8.5000002e+01 ; 8.1446800e+01 
3.500e+01 ; 4.800e+00 ; 3.000e+00 ; 8.5001002e+01 ; 8.1447243e+01 
3.500e+01 ; 4.800e+00 ; 3.000e+00 ; 8.5002002e+01 ; 8.1447678e+01 
3.500e+01 ; 4.800e+00 ; 3.000e+00 ; 8.5003002e+01 ; 8.1448112e+01 
3.500e+01 ; 4.800e+00 ; 3.000e+00 ; 8.5005002e+01 ; 8.1448982e+01 
3.500e+01 ; 4.800e+00 ; 3.000e+00 ; 8.5009002e+01 ; 8.1450699e+01 
3.500e+01 ; 4.800e+00 ; 3.000e+00 ; 8.5017002e+01 ; 8.1454079e+01 
3.500e+01 ; 4.800e+00 ; 3.000e+00 ; 8.5033002e+01 ; 8.1460579e+01 
3.500e+01 ; 4.800e+00 ; 3.000e+00 ; 8.5065002e+01 ; 8.1472603e+01 
3.500e+01 ; 4.800e+00 ; 3.000e+00 ; 8.5129002e+01 ; 8.1492752e+01 
3.500e+01 ; 4.800e+00 ; 3.000e+00 ; 8.5257002e+01 ; 8.1518051e+01 
3.500e+01 ; 4.800e+00 ; 3.000e+00 ; 8.5513002e+01 ; 8.1514549e+01 
3.500e+01 ; 4.800e+00 ; 3.000e+00 ; 8.5850002e+01 ; 8.1430840e+01 
3.500e+01 ; 4.800e+00 ; 3.000e+00 ; 8.5850002e+01 ; 8.1430840e+01 
3.500e+01 ; 4.800e+00 ; 3.000e+00 ; 8.5851002e+01 ; 8.1430595e+01 
3.500e+01 ; 4.800e+00 ; 3.000e+00 ; 8.5852002e+01 ; 8.1430344e+01 
3.500e+01 ; 4.800e+00 ; 3.000e+00 ; 8.5853002e+01 ; 8.1430092e+01 
3.500e+01 ; 4.800e+00 ; 3.000e+00 ; 8.5855002e+01 ; 8.1429588e+01 
3.500e+01 ; 4.800e+00 ; 3.000e+00 ; 8.5859002e+01 ; 8.1428574e+01 
3.500e+01 ; 4.800e+00 ; 3.000e+00 ; 8.5867002e+01 ; 8.1426491e+01 
3.500e+01 ; 4.800e+00 ; 3.000e+00 ; 8.5883002e+01 ; 8.1422150e+01 
3.500e+01 ; 4.800e+00 ; 3.000e+00 ; 8.5915002e+01 ; 8.1412788e+01 
3.500e+01 ; 4.800e+00 ; 3.000e+00 ; 8.5979002e+01 ; 8.1391411e+01 
3.500e+01 ; 4.800e+00 ; 3.000e+00 ; 8.6107002e+01 ; 8.1338867e+01 
3.500e+01 ; 4.800e+00 ; 3.000e+00 ; 8.6363002e+01 ; 8.1200584e+01 
3.500e+01 ; 4.800e+00 ; 3.000e+00 ; 8.6700002e+01 ; 8.0973137e+01 
3.500e+01 ; 4.800e+00 ; 3.000e+00 ; 8.6700002e+01 ; 8.0973137e+01 
3.500e+01 ; 4.800e+00 ; 3.000e+00 ; 8.6701002e+01 ; 8.0972466e+01 
3.500e+01 ; 4.800e+00 ; 3.000e+00 ; 8.6702002e+01 ; 8.0971786e+01 
3.500e+01 ; 4.800e+00 ; 3.000e+00 ; 8.6703002e+01 ; 8.0971115e+01 
3.500e+01 ; 4.800e+00 ; 3.000e+00 ; 8.6705002e+01 ; 8.0969757e+01 
3.500e+01 ; 4.800e+00 ; 3.000e+00 ; 8.6709002e+01 ; 8.0967049e+01 
3.500e+01 ; 4.800e+00 ; 3.000e+00 ; 8.6717002e+01 ; 8.0961594e+01 
3.500e+01 ; 4.800e+00 ; 3.000e+00 ; 8.6733002e+01 ; 8.0950584e+01 
3.500e+01 ; 4.800e+00 ; 3.000e+00 ; 8.6765002e+01 ; 8.0928185e+01 
3.500e+01 ; 4.800e+00 ; 3.000e+00 ; 8.6829002e+01 ; 8.0881905e+01 
3.500e+01 ; 4.800e+00 ; 3.000e+00 ; 8.6957002e+01 ; 8.0784027e+01 
3.500e+01 ; 4.800e+00 ; 3.000e+00 ; 8.7213002e+01 ; 8.0571129e+01 
3.500e+01 ; 4.800e+00 ; 3.000e+00 ; 8.7550002e+01 ; 8.0269028e+01 
3.500e+01 ; 4.800e+00 ; 3.000e+00 ; 8.7550002e+01 ; 8.0269028e+01 
3.500e+01 ; 4.800e+00 ; 3.000e+00 ; 8.7551002e+01 ; 8.0268127e+01 
3.500e+01 ; 4.800e+00 ; 3.000e+00 ; 8.7552002e+01 ; 8.0267235e+01 
3.500e+01 ; 4.800e+00 ; 3.000e+00 ; 8.7553002e+01 ; 8.0266335e+01 
3.500e+01 ; 4.800e+00 ; 3.000e+00 ; 8.7555002e+01 ; 8.0264542e+01 
3.500e+01 ; 4.800e+00 ; 3.000e+00 ; 8.7559002e+01 ; 8.0260948e+01 
3.500e+01 ; 4.800e+00 ; 3.000e+00 ; 8.7567002e+01 ; 8.0253746e+01 
3.500e+01 ; 4.800e+00 ; 3.000e+00 ; 8.7583002e+01 ; 8.0239304e+01 
3.500e+01 ; 4.800e+00 ; 3.000e+00 ; 8.7615002e+01 ; 8.0210236e+01 
3.500e+01 ; 4.800e+00 ; 3.000e+00 ; 8.7679002e+01 ; 8.0151413e+01 
3.500e+01 ; 4.800e+00 ; 3.000e+00 ; 8.7807002e+01 ; 8.0031395e+01 
3.500e+01 ; 4.800e+00 ; 3.000e+00 ; 8.8063002e+01 ; 7.9784363e+01 
3.500e+01 ; 4.800e+00 ; 3.000e+00 ; 8.8400002e+01 ; 7.9451660e+01 
3.500e+01 ; 4.800e+00 ; 3.000e+00 ; 8.8400002e+01 ; 7.9451660e+01 
3.500e+01 ; 4.800e+00 ; 3.000e+00 ; 8.8401002e+01 ; 7.9450668e+01 
3.500e+01 ; 4.800e+00 ; 3.000e+00 ; 8.8402002e+01 ; 7.9449684e+01 
3.500e+01 ; 4.800e+00 ; 3.000e+00 ; 8.8403002e+01 ; 7.9448700e+01 
3.500e+01 ; 4.800e+00 ; 3.000e+00 ; 8.8405002e+01 ; 7.9446724e+01 
3.500e+01 ; 4.800e+00 ; 3.000e+00 ; 8.8409002e+01 ; 7.9442772e+01 
3.500e+01 ; 4.800e+00 ; 3.000e+00 ; 8.8417002e+01 ; 7.9434860e+01 
3.500e+01 ; 4.800e+00 ; 3.000e+00 ; 8.8433002e+01 ; 7.9419037e+01 
3.500e+01 ; 4.800e+00 ; 3.000e+00 ; 8.8465002e+01 ; 7.9387314e+01 
3.500e+01 ; 4.800e+00 ; 3.000e+00 ; 8.8529002e+01 ; 7.9323669e+01 
3.500e+01 ; 4.800e+00 ; 3.000e+00 ; 8.8657002e+01 ; 7.9195732e+01 
3.500e+01 ; 4.800e+00 ; 3.000e+00 ; 8.8913002e+01 ; 7.8938744e+01 
3.500e+01 ; 4.800e+00 ; 3.000e+00 ; 8.9250003e+01 ; 7.8601013e+01 
3.500e+01 ; 4.800e+00 ; 3.000e+00 ; 8.9250003e+01 ; 7.8601013e+01 
3.500e+01 ; 4.800e+00 ; 3.000e+00 ; 8.9251003e+01 ; 7.8600006e+01 
3.500e+01 ; 4.800e+00 ; 3.000e+00 ; 8.9252003e+01 ; 7.8599007e+01 
3.500e+01 ; 4.800e+00 ; 3.000e+00 ; 8.9253003e+01 ; 7.8598007e+01 
3.500e+01 ; 4.800e+00 ; 3.000e+00 ; 8.9255003e+01 ; 7.8596001e+01 
3.500e+01 ; 4.800e+00 ; 3.000e+00 ; 8.9259003e+01 ; 7.8591995e+01 
3.500e+01 ; 4.800e+00 ; 3.000e+00 ; 8.9267003e+01 ; 7.8583977e+01 
3.500e+01 ; 4.800e+00 ; 3.000e+00 ; 8.9283003e+01 ; 7.8567947e+01 
3.500e+01 ; 4.800e+00 ; 3.000e+00 ; 8.9315003e+01 ; 7.8535889e+01 
3.500e+01 ; 4.800e+00 ; 3.000e+00 ; 8.9379002e+01 ; 7.8471840e+01 
3.500e+01 ; 4.800e+00 ; 3.000e+00 ; 8.9507003e+01 ; 7.8344055e+01 
3.500e+01 ; 4.800e+00 ; 3.000e+00 ; 8.9763003e+01 ; 7.8090546e+01 
3.500e+01 ; 4.800e+00 ; 3.000e+00 ; 9.0100003e+01 ; 7.7761658e+01 
3.500e+01 ; 4.800e+00 ; 3.000e+00 ; 9.0100003e+01 ; 7.7761658e+01 
3.500e+01 ; 4.800e+00 ; 3.000e+00 ; 9.0110003e+01 ; 7.7751900e+01 
3.500e+01 ; 4.800e+00 ; 3.000e+00 ; 9.0120003e+01 ; 7.7742149e+01 
3.500e+01 ; 4.800e+00 ; 3.000e+00 ; 9.0130003e+01 ; 7.7732407e+01 
3.500e+01 ; 4.800e+00 ; 3.000e+00 ; 9.0150003e+01 ; 7.7712929e+01 
3.500e+01 ; 4.800e+00 ; 3.000e+00 ; 9.0190003e+01 ; 7.7674049e+01 
3.500e+01 ; 4.800e+00 ; 3.000e+00 ; 9.0270003e+01 ; 7.7596603e+01 
3.500e+01 ; 4.800e+00 ; 3.000e+00 ; 9.0430003e+01 ; 7.7443031e+01 
3.500e+01 ; 4.800e+00 ; 3.000e+00 ; 9.0750003e+01 ; 7.7141785e+01 
3.500e+01 ; 4.800e+00 ; 3.000e+00 ; 9.1390002e+01 ; 7.6565491e+01 
3.500e+01 ; 4.800e+00 ; 3.000e+00 ; 9.2670002e+01 ; 7.5520355e+01 
3.500e+01 ; 4.800e+00 ; 3.000e+00 ; 9.4590002e+01 ; 7.4171486e+01 
3.500e+01 ; 4.800e+00 ; 3.000e+00 ; 9.5100003e+01 ; 7.3828102e+01