X ; Y ; Z ; time ; Temperature 
3.500e+01 ; 4.000e+00 ; 3.000e+00 ; 0.0000000e+00 ; 2.2700000e+02 
3.500e+01 ; 4.000e+00 ; 3.000e+00 ; 1.0000000e-03 ; 2.2700000e+02 
3.500e+01 ; 4.000e+00 ; 3.000e+00 ; 2.0000001e-03 ; 2.2700000e+02 
3.500e+01 ; 4.000e+00 ; 3.000e+00 ; 3.0000000e-03 ; 2.2700000e+02 
3.500e+01 ; 4.000e+00 ; 3.000e+00 ; 4.9999999e-03 ; 2.2700000e+02 
3.500e+01 ; 4.000e+00 ; 3.000e+00 ; 8.9999996e-03 ; 2.2700000e+02 
3.500e+01 ; 4.000e+00 ; 3.000e+00 ; 1.7000001e-02 ; 2.2700000e+02 
3.500e+01 ; 4.000e+00 ; 3.000e+00 ; 3.3000000e-02 ; 2.2700000e+02 
3.500e+01 ; 4.000e+00 ; 3.000e+00 ; 6.4999998e-02 ; 2.2700000e+02 
3.500e+01 ; 4.000e+00 ; 3.000e+00 ; 1.2899999e-01 ; 2.2700000e+02 
3.500e+01 ; 4.000e+00 ; 3.000e+00 ; 2.5700000e-01 ; 2.2700000e+02 
3.500e+01 ; 4.000e+00 ; 3.000e+00 ; 5.1300001e-01 ; 2.2700000e+02 
3.500e+01 ; 4.000e+00 ; 3.000e+00 ; 7.6899999e-01 ; 2.2700000e+02 
3.500e+01 ; 4.000e+00 ; 3.000e+00 ; 8.5000002e-01 ; 2.2700000e+02 
3.500e+01 ; 4.000e+00 ; 3.000e+00 ; 8.5000002e-01 ; 2.2700000e+02 
3.500e+01 ; 4.000e+00 ; 3.000e+00 ; 8.5100002e-01 ; 2.2700000e+02 
3.500e+01 ; 4.000e+00 ; 3.000e+00 ; 8.5200002e-01 ; 2.2700000e+02 
3.500e+01 ; 4.000e+00 ; 3.000e+00 ; 8.5300002e-01 ; 2.2700000e+02 
3.500e+01 ; 4.000e+00 ; 3.000e+00 ; 8.5500002e-01 ; 2.2700000e+02 
3.500e+01 ; 4.000e+00 ; 3.000e+00 ; 8.5900002e-01 ; 2.2700000e+02 
3.500e+01 ; 4.000e+00 ; 3.000e+00 ; 8.6700002e-01 ; 2.2700000e+02 
3.500e+01 ; 4.000e+00 ; 3.000e+00 ; 8.8300002e-01 ; 2.2700000e+02 
3.500e+01 ; 4.000e+00 ; 3.000e+00 ; 9.1500002e-01 ; 2.2700000e+02 
3.500e+01 ; 4.000e+00 ; 3.000e+00 ; 9.7900002e-01 ; 2.2700000e+02 
3.500e+01 ; 4.000e+00 ; 3.000e+00 ; 1.1070000e+00 ; 2.2700000e+02 
3.500e+01 ; 4.000e+00 ; 3.000e+00 ; 1.3630000e+00 ; 2.2700000e+02 
3.500e+01 ; 4.000e+00 ; 3.000e+00 ; 1.7000000e+00 ; 2.2700000e+02 
3.500e+01 ; 4.000e+00 ; 3.000e+00 ; 1.7000000e+00 ; 2.2700000e+02 
3.500e+01 ; 4.000e+00 ; 3.000e+00 ; 1.7010000e+00 ; 2.2700000e+02 
3.500e+01 ; 4.000e+00 ; 3.000e+00 ; 1.7020000e+00 ; 2.2700000e+02 
3.500e+01 ; 4.000e+00 ; 3.000e+00 ; 1.7030000e+00 ; 2.2700000e+02 
3.500e+01 ; 4.000e+00 ; 3.000e+00 ; 1.7050000e+00 ; 2.2700000e+02 
3.500e+01 ; 4.000e+00 ; 3.000e+00 ; 1.7090000e+00 ; 2.2700000e+02 
3.500e+01 ; 4.000e+00 ; 3.000e+00 ; 1.7170000e+00 ; 2.2700000e+02 
3.500e+01 ; 4.000e+00 ; 3.000e+00 ; 1.7330000e+00 ; 2.2700000e+02 
3.500e+01 ; 4.000e+00 ; 3.000e+00 ; 1.7650000e+00 ; 2.2700000e+02 
3.500e+01 ; 4.000e+00 ; 3.000e+00 ; 1.8290000e+00 ; 2.2700000e+02 
3.500e+01 ; 4.000e+00 ; 3.000e+00 ; 1.9570000e+00 ; 2.2700000e+02 
3.500e+01 ; 4.000e+00 ; 3.000e+00 ; 2.2130001e+00 ; 2.2700000e+02 
3.500e+01 ; 4.000e+00 ; 3.000e+00 ; 2.5500001e+00 ; 2.2700000e+02 
3.500e+01 ; 4.000e+00 ; 3.000e+00 ; 2.5500001e+00 ; 2.2700000e+02 
3.500e+01 ; 4.000e+00 ; 3.000e+00 ; 2.5510001e+00 ; 2.2700000e+02 
3.500e+01 ; 4.000e+00 ; 3.000e+00 ; 2.5520001e+00 ; 2.2700000e+02 
3.500e+01 ; 4.000e+00 ; 3.000e+00 ; 2.5530001e+00 ; 2.2700000e+02 
3.500e+01 ; 4.000e+00 ; 3.000e+00 ; 2.5550001e+00 ; 2.2700000e+02 
3.500e+01 ; 4.000e+00 ; 3.000e+00 ; 2.5590001e+00 ; 2.2700000e+02 
3.500e+01 ; 4.000e+00 ; 3.000e+00 ; 2.5670001e+00 ; 2.2700000e+02 
3.500e+01 ; 4.000e+00 ; 3.000e+00 ; 2.5830001e+00 ; 2.2700000e+02 
3.500e+01 ; 4.000e+00 ; 3.000e+00 ; 2.6150001e+00 ; 2.2700000e+02 
3.500e+01 ; 4.000e+00 ; 3.000e+00 ; 2.6790001e+00 ; 2.2700000e+02 
3.500e+01 ; 4.000e+00 ; 3.000e+00 ; 2.8070001e+00 ; 2.2700000e+02 
3.500e+01 ; 4.000e+00 ; 3.000e+00 ; 3.0630001e+00 ; 2.2700000e+02 
3.500e+01 ; 4.000e+00 ; 3.000e+00 ; 3.4000001e+00 ; 2.2700000e+02 
3.500e+01 ; 4.000e+00 ; 3.000e+00 ; 3.4000001e+00 ; 2.2700000e+02 
3.500e+01 ; 4.000e+00 ; 3.000e+00 ; 3.4010001e+00 ; 2.2700000e+02 
3.500e+01 ; 4.000e+00 ; 3.000e+00 ; 3.4020001e+00 ; 2.2700000e+02 
3.500e+01 ; 4.000e+00 ; 3.000e+00 ; 3.4030001e+00 ; 2.2700000e+02 
3.500e+01 ; 4.000e+00 ; 3.000e+00 ; 3.4050001e+00 ; 2.2700000e+02 
3.500e+01 ; 4.000e+00 ; 3.000e+00 ; 3.4090001e+00 ; 2.2700000e+02 
3.500e+01 ; 4.000e+00 ; 3.000e+00 ; 3.4170001e+00 ; 2.2700000e+02 
3.500e+01 ; 4.000e+00 ; 3.000e+00 ; 3.4330001e+00 ; 2.2700000e+02 
3.500e+01 ; 4.000e+00 ; 3.000e+00 ; 3.4650001e+00 ; 2.2700000e+02 
3.500e+01 ; 4.000e+00 ; 3.000e+00 ; 3.5290001e+00 ; 2.2700000e+02 
3.500e+01 ; 4.000e+00 ; 3.000e+00 ; 3.6570001e+00 ; 2.2700000e+02 
3.500e+01 ; 4.000e+00 ; 3.000e+00 ; 3.9130001e+00 ; 2.2700000e+02 
3.500e+01 ; 4.000e+00 ; 3.000e+00 ; 4.2500001e+00 ; 2.2700000e+02 
3.500e+01 ; 4.000e+00 ; 3.000e+00 ; 4.2500001e+00 ; 2.2700000e+02 
3.500e+01 ; 4.000e+00 ; 3.000e+00 ; 4.2510001e+00 ; 2.2700000e+02 
3.500e+01 ; 4.000e+00 ; 3.000e+00 ; 4.2520001e+00 ; 2.2700000e+02 
3.500e+01 ; 4.000e+00 ; 3.000e+00 ; 4.2530001e+00 ; 2.2700000e+02 
3.500e+01 ; 4.000e+00 ; 3.000e+00 ; 4.2550001e+00 ; 2.2700000e+02 
3.500e+01 ; 4.000e+00 ; 3.000e+00 ; 4.2590001e+00 ; 2.2700000e+02 
3.500e+01 ; 4.000e+00 ; 3.000e+00 ; 4.2670001e+00 ; 2.2700000e+02 
3.500e+01 ; 4.000e+00 ; 3.000e+00 ; 4.2830001e+00 ; 2.2700000e+02 
3.500e+01 ; 4.000e+00 ; 3.000e+00 ; 4.3150001e+00 ; 2.2700000e+02 
3.500e+01 ; 4.000e+00 ; 3.000e+00 ; 4.3790001e+00 ; 2.2700000e+02 
3.500e+01 ; 4.000e+00 ; 3.000e+00 ; 4.5070001e+00 ; 2.2700000e+02 
3.500e+01 ; 4.000e+00 ; 3.000e+00 ; 4.7630001e+00 ; 2.2700000e+02 
3.500e+01 ; 4.000e+00 ; 3.000e+00 ; 5.1000001e+00 ; 2.2700000e+02 
3.500e+01 ; 4.000e+00 ; 3.000e+00 ; 5.1000001e+00 ; 2.2700000e+02 
3.500e+01 ; 4.000e+00 ; 3.000e+00 ; 5.1010001e+00 ; 2.2700000e+02 
3.500e+01 ; 4.000e+00 ; 3.000e+00 ; 5.1020001e+00 ; 2.2700000e+02 
3.500e+01 ; 4.000e+00 ; 3.000e+00 ; 5.1030001e+00 ; 2.2700000e+02 
3.500e+01 ; 4.000e+00 ; 3.000e+00 ; 5.1050001e+00 ; 2.2700000e+02 
3.500e+01 ; 4.000e+00 ; 3.000e+00 ; 5.1090001e+00 ; 2.2700000e+02 
3.500e+01 ; 4.000e+00 ; 3.000e+00 ; 5.1170001e+00 ; 2.2700000e+02 
3.500e+01 ; 4.000e+00 ; 3.000e+00 ; 5.1330001e+00 ; 2.2700000e+02 
3.500e+01 ; 4.000e+00 ; 3.000e+00 ; 5.1650001e+00 ; 2.2700000e+02 
3.500e+01 ; 4.000e+00 ; 3.000e+00 ; 5.2290001e+00 ; 2.2700000e+02 
3.500e+01 ; 4.000e+00 ; 3.000e+00 ; 5.3570001e+00 ; 2.2700000e+02 
3.500e+01 ; 4.000e+00 ; 3.000e+00 ; 5.6130002e+00 ; 2.2700000e+02 
3.500e+01 ; 4.000e+00 ; 3.000e+00 ; 5.9500002e+00 ; 2.2700000e+02 
3.500e+01 ; 4.000e+00 ; 3.000e+00 ; 5.9500002e+00 ; 2.2700000e+02 
3.500e+01 ; 4.000e+00 ; 3.000e+00 ; 5.9510002e+00 ; 2.2700000e+02 
3.500e+01 ; 4.000e+00 ; 3.000e+00 ; 5.9520002e+00 ; 2.2700000e+02 
3.500e+01 ; 4.000e+00 ; 3.000e+00 ; 5.9530002e+00 ; 2.2700000e+02 
3.500e+01 ; 4.000e+00 ; 3.000e+00 ; 5.9550002e+00 ; 2.2700000e+02 
3.500e+01 ; 4.000e+00 ; 3.000e+00 ; 5.9590002e+00 ; 2.2700000e+02 
3.500e+01 ; 4.000e+00 ; 3.000e+00 ; 5.9670002e+00 ; 2.2700000e+02 
3.500e+01 ; 4.000e+00 ; 3.000e+00 ; 5.9830002e+00 ; 2.2700000e+02 
3.500e+01 ; 4.000e+00 ; 3.000e+00 ; 6.0150002e+00 ; 2.2700000e+02 
3.500e+01 ; 4.000e+00 ; 3.000e+00 ; 6.0790002e+00 ; 2.2700000e+02 
3.500e+01 ; 4.000e+00 ; 3.000e+00 ; 6.2070002e+00 ; 2.2700000e+02 
3.500e+01 ; 4.000e+00 ; 3.000e+00 ; 6.4630002e+00 ; 2.2700000e+02 
3.500e+01 ; 4.000e+00 ; 3.000e+00 ; 6.8000002e+00 ; 2.2700000e+02 
3.500e+01 ; 4.000e+00 ; 3.000e+00 ; 6.8000002e+00 ; 2.2700000e+02 
3.500e+01 ; 4.000e+00 ; 3.000e+00 ; 6.8010002e+00 ; 2.2700000e+02 
3.500e+01 ; 4.000e+00 ; 3.000e+00 ; 6.8020002e+00 ; 2.2700000e+02 
3.500e+01 ; 4.000e+00 ; 3.000e+00 ; 6.8030002e+00 ; 2.2700000e+02 
3.500e+01 ; 4.000e+00 ; 3.000e+00 ; 6.8050002e+00 ; 2.2700000e+02 
3.500e+01 ; 4.000e+00 ; 3.000e+00 ; 6.8090002e+00 ; 2.2700000e+02 
3.500e+01 ; 4.000e+00 ; 3.000e+00 ; 6.8170002e+00 ; 2.2700000e+02 
3.500e+01 ; 4.000e+00 ; 3.000e+00 ; 6.8330002e+00 ; 2.2700000e+02 
3.500e+01 ; 4.000e+00 ; 3.000e+00 ; 6.8650002e+00 ; 2.2700000e+02 
3.500e+01 ; 4.000e+00 ; 3.000e+00 ; 6.9290002e+00 ; 2.2700000e+02 
3.500e+01 ; 4.000e+00 ; 3.000e+00 ; 7.0570002e+00 ; 2.2700000e+02 
3.500e+01 ; 4.000e+00 ; 3.000e+00 ; 7.3130002e+00 ; 2.2700000e+02 
3.500e+01 ; 4.000e+00 ; 3.000e+00 ; 7.6500002e+00 ; 2.2700000e+02 
3.500e+01 ; 4.000e+00 ; 3.000e+00 ; 7.6500002e+00 ; 2.2700000e+02 
3.500e+01 ; 4.000e+00 ; 3.000e+00 ; 7.6510002e+00 ; 2.2700000e+02 
3.500e+01 ; 4.000e+00 ; 3.000e+00 ; 7.6520002e+00 ; 2.2700000e+02 
3.500e+01 ; 4.000e+00 ; 3.000e+00 ; 7.6530002e+00 ; 2.2700000e+02 
3.500e+01 ; 4.000e+00 ; 3.000e+00 ; 7.6550002e+00 ; 2.2700000e+02 
3.500e+01 ; 4.000e+00 ; 3.000e+00 ; 7.6590002e+00 ; 2.2700000e+02 
3.500e+01 ; 4.000e+00 ; 3.000e+00 ; 7.6670002e+00 ; 2.2700000e+02 
3.500e+01 ; 4.000e+00 ; 3.000e+00 ; 7.6830002e+00 ; 2.2700000e+02 
3.500e+01 ; 4.000e+00 ; 3.000e+00 ; 7.7150002e+00 ; 2.2700000e+02 
3.500e+01 ; 4.000e+00 ; 3.000e+00 ; 7.7790002e+00 ; 2.2700000e+02 
3.500e+01 ; 4.000e+00 ; 3.000e+00 ; 7.9070002e+00 ; 2.2700000e+02 
3.500e+01 ; 4.000e+00 ; 3.000e+00 ; 8.1630002e+00 ; 2.2700000e+02 
3.500e+01 ; 4.000e+00 ; 3.000e+00 ; 8.5000002e+00 ; 2.2700000e+02 
3.500e+01 ; 4.000e+00 ; 3.000e+00 ; 8.5000002e+00 ; 2.2700000e+02 
3.500e+01 ; 4.000e+00 ; 3.000e+00 ; 8.5010002e+00 ; 2.2700000e+02 
3.500e+01 ; 4.000e+00 ; 3.000e+00 ; 8.5020002e+00 ; 2.2700000e+02 
3.500e+01 ; 4.000e+00 ; 3.000e+00 ; 8.5030002e+00 ; 2.2700000e+02 
3.500e+01 ; 4.000e+00 ; 3.000e+00 ; 8.5050002e+00 ; 2.2700000e+02 
3.500e+01 ; 4.000e+00 ; 3.000e+00 ; 8.5090002e+00 ; 2.2700000e+02 
3.500e+01 ; 4.000e+00 ; 3.000e+00 ; 8.5170002e+00 ; 2.2700000e+02 
3.500e+01 ; 4.000e+00 ; 3.000e+00 ; 8.5330002e+00 ; 2.2700000e+02 
3.500e+01 ; 4.000e+00 ; 3.000e+00 ; 8.5650002e+00 ; 2.2700000e+02 
3.500e+01 ; 4.000e+00 ; 3.000e+00 ; 8.6290002e+00 ; 2.2700000e+02 
3.500e+01 ; 4.000e+00 ; 3.000e+00 ; 8.7570002e+00 ; 2.2700000e+02 
3.500e+01 ; 4.000e+00 ; 3.000e+00 ; 9.0130002e+00 ; 2.2700000e+02 
3.500e+01 ; 4.000e+00 ; 3.000e+00 ; 9.3500003e+00 ; 2.2700000e+02 
3.500e+01 ; 4.000e+00 ; 3.000e+00 ; 9.3500003e+00 ; 2.2700000e+02 
3.500e+01 ; 4.000e+00 ; 3.000e+00 ; 9.3510003e+00 ; 2.2700000e+02 
3.500e+01 ; 4.000e+00 ; 3.000e+00 ; 9.3520003e+00 ; 2.2700000e+02 
3.500e+01 ; 4.000e+00 ; 3.000e+00 ; 9.3530003e+00 ; 2.2700000e+02 
3.500e+01 ; 4.000e+00 ; 3.000e+00 ; 9.3550003e+00 ; 2.2700000e+02 
3.500e+01 ; 4.000e+00 ; 3.000e+00 ; 9.3590003e+00 ; 2.2700000e+02 
3.500e+01 ; 4.000e+00 ; 3.000e+00 ; 9.3670003e+00 ; 2.2700000e+02 
3.500e+01 ; 4.000e+00 ; 3.000e+00 ; 9.3830003e+00 ; 2.2700000e+02 
3.500e+01 ; 4.000e+00 ; 3.000e+00 ; 9.4150003e+00 ; 2.2700000e+02 
3.500e+01 ; 4.000e+00 ; 3.000e+00 ; 9.4790003e+00 ; 2.2700000e+02 
3.500e+01 ; 4.000e+00 ; 3.000e+00 ; 9.6070003e+00 ; 2.2700000e+02 
3.500e+01 ; 4.000e+00 ; 3.000e+00 ; 9.8630003e+00 ; 2.2700000e+02 
3.500e+01 ; 4.000e+00 ; 3.000e+00 ; 1.0200000e+01 ; 2.2700000e+02 
3.500e+01 ; 4.000e+00 ; 3.000e+00 ; 1.0200000e+01 ; 2.2700000e+02 
3.500e+01 ; 4.000e+00 ; 3.000e+00 ; 1.0201000e+01 ; 2.2700000e+02 
3.500e+01 ; 4.000e+00 ; 3.000e+00 ; 1.0202000e+01 ; 2.2700000e+02 
3.500e+01 ; 4.000e+00 ; 3.000e+00 ; 1.0203000e+01 ; 2.2700000e+02 
3.500e+01 ; 4.000e+00 ; 3.000e+00 ; 1.0205000e+01 ; 2.2700000e+02 
3.500e+01 ; 4.000e+00 ; 3.000e+00 ; 1.0209000e+01 ; 2.2700000e+02 
3.500e+01 ; 4.000e+00 ; 3.000e+00 ; 1.0217000e+01 ; 2.2700000e+02 
3.500e+01 ; 4.000e+00 ; 3.000e+00 ; 1.0233000e+01 ; 2.2700000e+02 
3.500e+01 ; 4.000e+00 ; 3.000e+00 ; 1.0265000e+01 ; 2.2700000e+02 
3.500e+01 ; 4.000e+00 ; 3.000e+00 ; 1.0329000e+01 ; 2.2700000e+02 
3.500e+01 ; 4.000e+00 ; 3.000e+00 ; 1.0457000e+01 ; 2.2700000e+02 
3.500e+01 ; 4.000e+00 ; 3.000e+00 ; 1.0713000e+01 ; 2.2700000e+02 
3.500e+01 ; 4.000e+00 ; 3.000e+00 ; 1.1050000e+01 ; 2.2700000e+02 
3.500e+01 ; 4.000e+00 ; 3.000e+00 ; 1.1050000e+01 ; 2.2700000e+02 
3.500e+01 ; 4.000e+00 ; 3.000e+00 ; 1.1051000e+01 ; 2.2700000e+02 
3.500e+01 ; 4.000e+00 ; 3.000e+00 ; 1.1052000e+01 ; 2.2700000e+02 
3.500e+01 ; 4.000e+00 ; 3.000e+00 ; 1.1053000e+01 ; 2.2700000e+02 
3.500e+01 ; 4.000e+00 ; 3.000e+00 ; 1.1055000e+01 ; 2.2700000e+02 
3.500e+01 ; 4.000e+00 ; 3.000e+00 ; 1.1059000e+01 ; 2.2700000e+02 
3.500e+01 ; 4.000e+00 ; 3.000e+00 ; 1.1067000e+01 ; 2.2700000e+02 
3.500e+01 ; 4.000e+00 ; 3.000e+00 ; 1.1083000e+01 ; 2.2700000e+02 
3.500e+01 ; 4.000e+00 ; 3.000e+00 ; 1.1115000e+01 ; 2.2700000e+02 
3.500e+01 ; 4.000e+00 ; 3.000e+00 ; 1.1179000e+01 ; 2.2700000e+02 
3.500e+01 ; 4.000e+00 ; 3.000e+00 ; 1.1307000e+01 ; 2.2700000e+02 
3.500e+01 ; 4.000e+00 ; 3.000e+00 ; 1.1563000e+01 ; 2.2700000e+02 
3.500e+01 ; 4.000e+00 ; 3.000e+00 ; 1.1900000e+01 ; 2.2700000e+02 
3.500e+01 ; 4.000e+00 ; 3.000e+00 ; 1.1900000e+01 ; 2.2700000e+02 
3.500e+01 ; 4.000e+00 ; 3.000e+00 ; 1.1901000e+01 ; 2.2700000e+02 
3.500e+01 ; 4.000e+00 ; 3.000e+00 ; 1.1902000e+01 ; 2.2700000e+02 
3.500e+01 ; 4.000e+00 ; 3.000e+00 ; 1.1903000e+01 ; 2.2700000e+02 
3.500e+01 ; 4.000e+00 ; 3.000e+00 ; 1.1905000e+01 ; 2.2700000e+02 
3.500e+01 ; 4.000e+00 ; 3.000e+00 ; 1.1909000e+01 ; 2.2700000e+02 
3.500e+01 ; 4.000e+00 ; 3.000e+00 ; 1.1917000e+01 ; 2.2700000e+02 
3.500e+01 ; 4.000e+00 ; 3.000e+00 ; 1.1933000e+01 ; 2.2700000e+02 
3.500e+01 ; 4.000e+00 ; 3.000e+00 ; 1.1965000e+01 ; 2.2700000e+02 
3.500e+01 ; 4.000e+00 ; 3.000e+00 ; 1.2029000e+01 ; 2.2700000e+02 
3.500e+01 ; 4.000e+00 ; 3.000e+00 ; 1.2157000e+01 ; 2.2700000e+02 
3.500e+01 ; 4.000e+00 ; 3.000e+00 ; 1.2413000e+01 ; 2.2700000e+02 
3.500e+01 ; 4.000e+00 ; 3.000e+00 ; 1.2750000e+01 ; 2.2700000e+02 
3.500e+01 ; 4.000e+00 ; 3.000e+00 ; 1.2750000e+01 ; 2.2700000e+02 
3.500e+01 ; 4.000e+00 ; 3.000e+00 ; 1.2751000e+01 ; 2.2700000e+02 
3.500e+01 ; 4.000e+00 ; 3.000e+00 ; 1.2752000e+01 ; 2.2700000e+02 
3.500e+01 ; 4.000e+00 ; 3.000e+00 ; 1.2753000e+01 ; 2.2700000e+02 
3.500e+01 ; 4.000e+00 ; 3.000e+00 ; 1.2755000e+01 ; 2.2700000e+02 
3.500e+01 ; 4.000e+00 ; 3.000e+00 ; 1.2759000e+01 ; 2.2700000e+02 
3.500e+01 ; 4.000e+00 ; 3.000e+00 ; 1.2767000e+01 ; 2.2700000e+02 
3.500e+01 ; 4.000e+00 ; 3.000e+00 ; 1.2783000e+01 ; 2.2700000e+02 
3.500e+01 ; 4.000e+00 ; 3.000e+00 ; 1.2815000e+01 ; 2.2700000e+02 
3.500e+01 ; 4.000e+00 ; 3.000e+00 ; 1.2879000e+01 ; 2.2700000e+02 
3.500e+01 ; 4.000e+00 ; 3.000e+00 ; 1.3007000e+01 ; 2.2700000e+02 
3.500e+01 ; 4.000e+00 ; 3.000e+00 ; 1.3263000e+01 ; 2.2700000e+02 
3.500e+01 ; 4.000e+00 ; 3.000e+00 ; 1.3600000e+01 ; 2.2700000e+02 
3.500e+01 ; 4.000e+00 ; 3.000e+00 ; 1.3600000e+01 ; 2.2700000e+02 
3.500e+01 ; 4.000e+00 ; 3.000e+00 ; 1.3601000e+01 ; 2.2700000e+02 
3.500e+01 ; 4.000e+00 ; 3.000e+00 ; 1.3602000e+01 ; 2.2700000e+02 
3.500e+01 ; 4.000e+00 ; 3.000e+00 ; 1.3603000e+01 ; 2.2700000e+02 
3.500e+01 ; 4.000e+00 ; 3.000e+00 ; 1.3605000e+01 ; 2.2700000e+02 
3.500e+01 ; 4.000e+00 ; 3.000e+00 ; 1.3609000e+01 ; 2.2700000e+02 
3.500e+01 ; 4.000e+00 ; 3.000e+00 ; 1.3617000e+01 ; 2.2700000e+02 
3.500e+01 ; 4.000e+00 ; 3.000e+00 ; 1.3633000e+01 ; 2.2700000e+02 
3.500e+01 ; 4.000e+00 ; 3.000e+00 ; 1.3665000e+01 ; 2.2700000e+02 
3.500e+01 ; 4.000e+00 ; 3.000e+00 ; 1.3729000e+01 ; 2.2700000e+02 
3.500e+01 ; 4.000e+00 ; 3.000e+00 ; 1.3857000e+01 ; 2.2700000e+02 
3.500e+01 ; 4.000e+00 ; 3.000e+00 ; 1.4113000e+01 ; 2.2700000e+02 
3.500e+01 ; 4.000e+00 ; 3.000e+00 ; 1.4450000e+01 ; 2.2700000e+02 
3.500e+01 ; 4.000e+00 ; 3.000e+00 ; 1.4450000e+01 ; 2.2700000e+02 
3.500e+01 ; 4.000e+00 ; 3.000e+00 ; 1.4451000e+01 ; 2.2700000e+02 
3.500e+01 ; 4.000e+00 ; 3.000e+00 ; 1.4452000e+01 ; 2.2700000e+02 
3.500e+01 ; 4.000e+00 ; 3.000e+00 ; 1.4453000e+01 ; 2.2700000e+02 
3.500e+01 ; 4.000e+00 ; 3.000e+00 ; 1.4455000e+01 ; 2.2700000e+02 
3.500e+01 ; 4.000e+00 ; 3.000e+00 ; 1.4459000e+01 ; 2.2700000e+02 
3.500e+01 ; 4.000e+00 ; 3.000e+00 ; 1.4467000e+01 ; 2.2700000e+02 
3.500e+01 ; 4.000e+00 ; 3.000e+00 ; 1.4483000e+01 ; 2.2700000e+02 
3.500e+01 ; 4.000e+00 ; 3.000e+00 ; 1.4515000e+01 ; 2.2700000e+02 
3.500e+01 ; 4.000e+00 ; 3.000e+00 ; 1.4579000e+01 ; 2.2700000e+02 
3.500e+01 ; 4.000e+00 ; 3.000e+00 ; 1.4707000e+01 ; 2.2700000e+02 
3.500e+01 ; 4.000e+00 ; 3.000e+00 ; 1.4963000e+01 ; 2.2700000e+02 
3.500e+01 ; 4.000e+00 ; 3.000e+00 ; 1.5300000e+01 ; 2.2700000e+02 
3.500e+01 ; 4.000e+00 ; 3.000e+00 ; 1.5300000e+01 ; 2.2700000e+02 
3.500e+01 ; 4.000e+00 ; 3.000e+00 ; 1.5301000e+01 ; 2.2700000e+02 
3.500e+01 ; 4.000e+00 ; 3.000e+00 ; 1.5302000e+01 ; 2.2700000e+02 
3.500e+01 ; 4.000e+00 ; 3.000e+00 ; 1.5303000e+01 ; 2.2700000e+02 
3.500e+01 ; 4.000e+00 ; 3.000e+00 ; 1.5305000e+01 ; 2.2700000e+02 
3.500e+01 ; 4.000e+00 ; 3.000e+00 ; 1.5309000e+01 ; 2.2700000e+02 
3.500e+01 ; 4.000e+00 ; 3.000e+00 ; 1.5317000e+01 ; 2.2700000e+02 
3.500e+01 ; 4.000e+00 ; 3.000e+00 ; 1.5333000e+01 ; 2.2700000e+02 
3.500e+01 ; 4.000e+00 ; 3.000e+00 ; 1.5365000e+01 ; 2.2700000e+02 
3.500e+01 ; 4.000e+00 ; 3.000e+00 ; 1.5429000e+01 ; 2.2700000e+02 
3.500e+01 ; 4.000e+00 ; 3.000e+00 ; 1.5557000e+01 ; 2.2700000e+02 
3.500e+01 ; 4.000e+00 ; 3.000e+00 ; 1.5813000e+01 ; 2.2700000e+02 
3.500e+01 ; 4.000e+00 ; 3.000e+00 ; 1.6150000e+01 ; 2.2700000e+02 
3.500e+01 ; 4.000e+00 ; 3.000e+00 ; 1.6150000e+01 ; 2.2700000e+02 
3.500e+01 ; 4.000e+00 ; 3.000e+00 ; 1.6151000e+01 ; 2.2700000e+02 
3.500e+01 ; 4.000e+00 ; 3.000e+00 ; 1.6152000e+01 ; 2.2700000e+02 
3.500e+01 ; 4.000e+00 ; 3.000e+00 ; 1.6153000e+01 ; 2.2700000e+02 
3.500e+01 ; 4.000e+00 ; 3.000e+00 ; 1.6155000e+01 ; 2.2700000e+02 
3.500e+01 ; 4.000e+00 ; 3.000e+00 ; 1.6159000e+01 ; 2.2700000e+02 
3.500e+01 ; 4.000e+00 ; 3.000e+00 ; 1.6167000e+01 ; 2.2700000e+02 
3.500e+01 ; 4.000e+00 ; 3.000e+00 ; 1.6183000e+01 ; 2.2700000e+02 
3.500e+01 ; 4.000e+00 ; 3.000e+00 ; 1.6215000e+01 ; 2.2700000e+02 
3.500e+01 ; 4.000e+00 ; 3.000e+00 ; 1.6279000e+01 ; 2.2700000e+02 
3.500e+01 ; 4.000e+00 ; 3.000e+00 ; 1.6407000e+01 ; 2.2700000e+02 
3.500e+01 ; 4.000e+00 ; 3.000e+00 ; 1.6663000e+01 ; 2.2700000e+02 
3.500e+01 ; 4.000e+00 ; 3.000e+00 ; 1.7000000e+01 ; 2.2700000e+02 
3.500e+01 ; 4.000e+00 ; 3.000e+00 ; 1.7000000e+01 ; 2.2700000e+02 
3.500e+01 ; 4.000e+00 ; 3.000e+00 ; 1.7001000e+01 ; 2.2700000e+02 
3.500e+01 ; 4.000e+00 ; 3.000e+00 ; 1.7002000e+01 ; 2.2700000e+02 
3.500e+01 ; 4.000e+00 ; 3.000e+00 ; 1.7003000e+01 ; 2.2700000e+02 
3.500e+01 ; 4.000e+00 ; 3.000e+00 ; 1.7005000e+01 ; 2.2700000e+02 
3.500e+01 ; 4.000e+00 ; 3.000e+00 ; 1.7009000e+01 ; 2.2700000e+02 
3.500e+01 ; 4.000e+00 ; 3.000e+00 ; 1.7017000e+01 ; 2.2700000e+02 
3.500e+01 ; 4.000e+00 ; 3.000e+00 ; 1.7033000e+01 ; 2.2700000e+02 
3.500e+01 ; 4.000e+00 ; 3.000e+00 ; 1.7065000e+01 ; 2.2700000e+02 
3.500e+01 ; 4.000e+00 ; 3.000e+00 ; 1.7129000e+01 ; 2.2700000e+02 
3.500e+01 ; 4.000e+00 ; 3.000e+00 ; 1.7257000e+01 ; 2.2700000e+02 
3.500e+01 ; 4.000e+00 ; 3.000e+00 ; 1.7513000e+01 ; 2.2700000e+02 
3.500e+01 ; 4.000e+00 ; 3.000e+00 ; 1.7850001e+01 ; 2.2700000e+02 
3.500e+01 ; 4.000e+00 ; 3.000e+00 ; 1.7850001e+01 ; 2.2700000e+02 
3.500e+01 ; 4.000e+00 ; 3.000e+00 ; 1.7851001e+01 ; 2.2700000e+02 
3.500e+01 ; 4.000e+00 ; 3.000e+00 ; 1.7852001e+01 ; 2.2700000e+02 
3.500e+01 ; 4.000e+00 ; 3.000e+00 ; 1.7853001e+01 ; 2.2700000e+02 
3.500e+01 ; 4.000e+00 ; 3.000e+00 ; 1.7855001e+01 ; 2.2700000e+02 
3.500e+01 ; 4.000e+00 ; 3.000e+00 ; 1.7859001e+01 ; 2.2700000e+02 
3.500e+01 ; 4.000e+00 ; 3.000e+00 ; 1.7867001e+01 ; 2.2700000e+02 
3.500e+01 ; 4.000e+00 ; 3.000e+00 ; 1.7883001e+01 ; 2.2700000e+02 
3.500e+01 ; 4.000e+00 ; 3.000e+00 ; 1.7915000e+01 ; 2.2700000e+02 
3.500e+01 ; 4.000e+00 ; 3.000e+00 ; 1.7979000e+01 ; 2.2700000e+02 
3.500e+01 ; 4.000e+00 ; 3.000e+00 ; 1.8107000e+01 ; 2.2700000e+02 
3.500e+01 ; 4.000e+00 ; 3.000e+00 ; 1.8363001e+01 ; 2.2700000e+02 
3.500e+01 ; 4.000e+00 ; 3.000e+00 ; 1.8700001e+01 ; 2.2700000e+02 
3.500e+01 ; 4.000e+00 ; 3.000e+00 ; 1.8700001e+01 ; 2.2700000e+02 
3.500e+01 ; 4.000e+00 ; 3.000e+00 ; 1.8701001e+01 ; 2.2700000e+02 
3.500e+01 ; 4.000e+00 ; 3.000e+00 ; 1.8702001e+01 ; 2.2700000e+02 
3.500e+01 ; 4.000e+00 ; 3.000e+00 ; 1.8703001e+01 ; 2.2700000e+02 
3.500e+01 ; 4.000e+00 ; 3.000e+00 ; 1.8705001e+01 ; 2.2700000e+02 
3.500e+01 ; 4.000e+00 ; 3.000e+00 ; 1.8709001e+01 ; 2.2700000e+02 
3.500e+01 ; 4.000e+00 ; 3.000e+00 ; 1.8717001e+01 ; 2.2700000e+02 
3.500e+01 ; 4.000e+00 ; 3.000e+00 ; 1.8733001e+01 ; 2.2700000e+02 
3.500e+01 ; 4.000e+00 ; 3.000e+00 ; 1.8765001e+01 ; 2.2700000e+02 
3.500e+01 ; 4.000e+00 ; 3.000e+00 ; 1.8829001e+01 ; 2.2700000e+02 
3.500e+01 ; 4.000e+00 ; 3.000e+00 ; 1.8957001e+01 ; 2.2700000e+02 
3.500e+01 ; 4.000e+00 ; 3.000e+00 ; 1.9213001e+01 ; 2.2700000e+02 
3.500e+01 ; 4.000e+00 ; 3.000e+00 ; 1.9550001e+01 ; 2.2700000e+02 
3.500e+01 ; 4.000e+00 ; 3.000e+00 ; 1.9550001e+01 ; 2.2700000e+02 
3.500e+01 ; 4.000e+00 ; 3.000e+00 ; 1.9551001e+01 ; 2.2700000e+02 
3.500e+01 ; 4.000e+00 ; 3.000e+00 ; 1.9552001e+01 ; 2.2700000e+02 
3.500e+01 ; 4.000e+00 ; 3.000e+00 ; 1.9553001e+01 ; 2.2700000e+02 
3.500e+01 ; 4.000e+00 ; 3.000e+00 ; 1.9555001e+01 ; 2.2700000e+02 
3.500e+01 ; 4.000e+00 ; 3.000e+00 ; 1.9559001e+01 ; 2.2700000e+02 
3.500e+01 ; 4.000e+00 ; 3.000e+00 ; 1.9567001e+01 ; 2.2700000e+02 
3.500e+01 ; 4.000e+00 ; 3.000e+00 ; 1.9583001e+01 ; 2.2700000e+02 
3.500e+01 ; 4.000e+00 ; 3.000e+00 ; 1.9615001e+01 ; 2.2700000e+02 
3.500e+01 ; 4.000e+00 ; 3.000e+00 ; 1.9679001e+01 ; 2.2700000e+02 
3.500e+01 ; 4.000e+00 ; 3.000e+00 ; 1.9807001e+01 ; 2.2700000e+02 
3.500e+01 ; 4.000e+00 ; 3.000e+00 ; 2.0063001e+01 ; 2.2700000e+02 
3.500e+01 ; 4.000e+00 ; 3.000e+00 ; 2.0400001e+01 ; 2.2700000e+02 
3.500e+01 ; 4.000e+00 ; 3.000e+00 ; 2.0400001e+01 ; 2.2700000e+02 
3.500e+01 ; 4.000e+00 ; 3.000e+00 ; 2.0401001e+01 ; 2.2700000e+02 
3.500e+01 ; 4.000e+00 ; 3.000e+00 ; 2.0402001e+01 ; 2.2700000e+02 
3.500e+01 ; 4.000e+00 ; 3.000e+00 ; 2.0403001e+01 ; 2.2700000e+02 
3.500e+01 ; 4.000e+00 ; 3.000e+00 ; 2.0405001e+01 ; 2.2700000e+02 
3.500e+01 ; 4.000e+00 ; 3.000e+00 ; 2.0409001e+01 ; 2.2700000e+02 
3.500e+01 ; 4.000e+00 ; 3.000e+00 ; 2.0417001e+01 ; 2.2700000e+02 
3.500e+01 ; 4.000e+00 ; 3.000e+00 ; 2.0433001e+01 ; 2.2700000e+02 
3.500e+01 ; 4.000e+00 ; 3.000e+00 ; 2.0465001e+01 ; 2.2700000e+02 
3.500e+01 ; 4.000e+00 ; 3.000e+00 ; 2.0529001e+01 ; 2.2700000e+02 
3.500e+01 ; 4.000e+00 ; 3.000e+00 ; 2.0657001e+01 ; 2.2700000e+02 
3.500e+01 ; 4.000e+00 ; 3.000e+00 ; 2.0913001e+01 ; 2.2700000e+02 
3.500e+01 ; 4.000e+00 ; 3.000e+00 ; 2.1250001e+01 ; 2.2700000e+02 
3.500e+01 ; 4.000e+00 ; 3.000e+00 ; 2.1250001e+01 ; 2.2700000e+02 
3.500e+01 ; 4.000e+00 ; 3.000e+00 ; 2.1251001e+01 ; 2.2700000e+02 
3.500e+01 ; 4.000e+00 ; 3.000e+00 ; 2.1252001e+01 ; 2.2700000e+02 
3.500e+01 ; 4.000e+00 ; 3.000e+00 ; 2.1253001e+01 ; 2.2700000e+02 
3.500e+01 ; 4.000e+00 ; 3.000e+00 ; 2.1255001e+01 ; 2.2700000e+02 
3.500e+01 ; 4.000e+00 ; 3.000e+00 ; 2.1259001e+01 ; 2.2700000e+02 
3.500e+01 ; 4.000e+00 ; 3.000e+00 ; 2.1267001e+01 ; 2.2700000e+02 
3.500e+01 ; 4.000e+00 ; 3.000e+00 ; 2.1283001e+01 ; 2.2700000e+02 
3.500e+01 ; 4.000e+00 ; 3.000e+00 ; 2.1315001e+01 ; 2.2700000e+02 
3.500e+01 ; 4.000e+00 ; 3.000e+00 ; 2.1379001e+01 ; 2.2700000e+02 
3.500e+01 ; 4.000e+00 ; 3.000e+00 ; 2.1507001e+01 ; 2.2700000e+02 
3.500e+01 ; 4.000e+00 ; 3.000e+00 ; 2.1763001e+01 ; 2.2700000e+02 
3.500e+01 ; 4.000e+00 ; 3.000e+00 ; 2.2100001e+01 ; 2.2700000e+02 
3.500e+01 ; 4.000e+00 ; 3.000e+00 ; 2.2100001e+01 ; 2.2700000e+02 
3.500e+01 ; 4.000e+00 ; 3.000e+00 ; 2.2101001e+01 ; 2.2700000e+02 
3.500e+01 ; 4.000e+00 ; 3.000e+00 ; 2.2102001e+01 ; 2.2700000e+02 
3.500e+01 ; 4.000e+00 ; 3.000e+00 ; 2.2103001e+01 ; 2.2700000e+02 
3.500e+01 ; 4.000e+00 ; 3.000e+00 ; 2.2105001e+01 ; 2.2700000e+02 
3.500e+01 ; 4.000e+00 ; 3.000e+00 ; 2.2109001e+01 ; 2.2700000e+02 
3.500e+01 ; 4.000e+00 ; 3.000e+00 ; 2.2117001e+01 ; 2.2700000e+02 
3.500e+01 ; 4.000e+00 ; 3.000e+00 ; 2.2133001e+01 ; 2.2700000e+02 
3.500e+01 ; 4.000e+00 ; 3.000e+00 ; 2.2165001e+01 ; 2.2700000e+02 
3.500e+01 ; 4.000e+00 ; 3.000e+00 ; 2.2229001e+01 ; 2.2700000e+02 
3.500e+01 ; 4.000e+00 ; 3.000e+00 ; 2.2357001e+01 ; 2.2700000e+02 
3.500e+01 ; 4.000e+00 ; 3.000e+00 ; 2.2613001e+01 ; 2.2700000e+02 
3.500e+01 ; 4.000e+00 ; 3.000e+00 ; 2.2950001e+01 ; 2.2700000e+02 
3.500e+01 ; 4.000e+00 ; 3.000e+00 ; 2.2950001e+01 ; 2.2700000e+02 
3.500e+01 ; 4.000e+00 ; 3.000e+00 ; 2.2951001e+01 ; 2.2700000e+02 
3.500e+01 ; 4.000e+00 ; 3.000e+00 ; 2.2952001e+01 ; 2.2700000e+02 
3.500e+01 ; 4.000e+00 ; 3.000e+00 ; 2.2953001e+01 ; 2.2700000e+02 
3.500e+01 ; 4.000e+00 ; 3.000e+00 ; 2.2955001e+01 ; 2.2700000e+02 
3.500e+01 ; 4.000e+00 ; 3.000e+00 ; 2.2959001e+01 ; 2.2700000e+02 
3.500e+01 ; 4.000e+00 ; 3.000e+00 ; 2.2967001e+01 ; 2.2700000e+02 
3.500e+01 ; 4.000e+00 ; 3.000e+00 ; 2.2983001e+01 ; 2.2700000e+02 
3.500e+01 ; 4.000e+00 ; 3.000e+00 ; 2.3015001e+01 ; 2.2700000e+02 
3.500e+01 ; 4.000e+00 ; 3.000e+00 ; 2.3079001e+01 ; 2.2700000e+02 
3.500e+01 ; 4.000e+00 ; 3.000e+00 ; 2.3207001e+01 ; 2.2700000e+02 
3.500e+01 ; 4.000e+00 ; 3.000e+00 ; 2.3463001e+01 ; 2.2700000e+02 
3.500e+01 ; 4.000e+00 ; 3.000e+00 ; 2.3800001e+01 ; 2.2700000e+02 
3.500e+01 ; 4.000e+00 ; 3.000e+00 ; 2.3800001e+01 ; 2.2700000e+02 
3.500e+01 ; 4.000e+00 ; 3.000e+00 ; 2.3801001e+01 ; 2.2700000e+02 
3.500e+01 ; 4.000e+00 ; 3.000e+00 ; 2.3802001e+01 ; 2.2700000e+02 
3.500e+01 ; 4.000e+00 ; 3.000e+00 ; 2.3803001e+01 ; 2.2700000e+02 
3.500e+01 ; 4.000e+00 ; 3.000e+00 ; 2.3805001e+01 ; 2.2700000e+02 
3.500e+01 ; 4.000e+00 ; 3.000e+00 ; 2.3809001e+01 ; 2.2700000e+02 
3.500e+01 ; 4.000e+00 ; 3.000e+00 ; 2.3817001e+01 ; 2.2700000e+02 
3.500e+01 ; 4.000e+00 ; 3.000e+00 ; 2.3833001e+01 ; 2.2700000e+02 
3.500e+01 ; 4.000e+00 ; 3.000e+00 ; 2.3865001e+01 ; 2.2700000e+02 
3.500e+01 ; 4.000e+00 ; 3.000e+00 ; 2.3929001e+01 ; 2.2700000e+02 
3.500e+01 ; 4.000e+00 ; 3.000e+00 ; 2.4057001e+01 ; 2.2700000e+02 
3.500e+01 ; 4.000e+00 ; 3.000e+00 ; 2.4313001e+01 ; 2.2700000e+02 
3.500e+01 ; 4.000e+00 ; 3.000e+00 ; 2.4650001e+01 ; 2.2700000e+02 
3.500e+01 ; 4.000e+00 ; 3.000e+00 ; 2.4650001e+01 ; 2.2700000e+02 
3.500e+01 ; 4.000e+00 ; 3.000e+00 ; 2.4651001e+01 ; 2.2700000e+02 
3.500e+01 ; 4.000e+00 ; 3.000e+00 ; 2.4652001e+01 ; 2.2700000e+02 
3.500e+01 ; 4.000e+00 ; 3.000e+00 ; 2.4653001e+01 ; 2.2700000e+02 
3.500e+01 ; 4.000e+00 ; 3.000e+00 ; 2.4655001e+01 ; 2.2700000e+02 
3.500e+01 ; 4.000e+00 ; 3.000e+00 ; 2.4659001e+01 ; 2.2700000e+02 
3.500e+01 ; 4.000e+00 ; 3.000e+00 ; 2.4667001e+01 ; 2.2700000e+02 
3.500e+01 ; 4.000e+00 ; 3.000e+00 ; 2.4683001e+01 ; 2.2700000e+02 
3.500e+01 ; 4.000e+00 ; 3.000e+00 ; 2.4715001e+01 ; 2.2700000e+02 
3.500e+01 ; 4.000e+00 ; 3.000e+00 ; 2.4779001e+01 ; 2.2700000e+02 
3.500e+01 ; 4.000e+00 ; 3.000e+00 ; 2.4907001e+01 ; 2.2700000e+02 
3.500e+01 ; 4.000e+00 ; 3.000e+00 ; 2.5163001e+01 ; 2.2700000e+02 
3.500e+01 ; 4.000e+00 ; 3.000e+00 ; 2.5500001e+01 ; 2.2700000e+02 
3.500e+01 ; 4.000e+00 ; 3.000e+00 ; 2.5500001e+01 ; 2.2700000e+02 
3.500e+01 ; 4.000e+00 ; 3.000e+00 ; 2.5501001e+01 ; 2.2700000e+02 
3.500e+01 ; 4.000e+00 ; 3.000e+00 ; 2.5502001e+01 ; 2.2700000e+02 
3.500e+01 ; 4.000e+00 ; 3.000e+00 ; 2.5503001e+01 ; 2.2700000e+02 
3.500e+01 ; 4.000e+00 ; 3.000e+00 ; 2.5505001e+01 ; 2.2700000e+02 
3.500e+01 ; 4.000e+00 ; 3.000e+00 ; 2.5509001e+01 ; 2.2700000e+02 
3.500e+01 ; 4.000e+00 ; 3.000e+00 ; 2.5517001e+01 ; 2.2700000e+02 
3.500e+01 ; 4.000e+00 ; 3.000e+00 ; 2.5533001e+01 ; 2.2700000e+02 
3.500e+01 ; 4.000e+00 ; 3.000e+00 ; 2.5565001e+01 ; 2.2700000e+02 
3.500e+01 ; 4.000e+00 ; 3.000e+00 ; 2.5629001e+01 ; 2.2700000e+02 
3.500e+01 ; 4.000e+00 ; 3.000e+00 ; 2.5757001e+01 ; 2.2700000e+02 
3.500e+01 ; 4.000e+00 ; 3.000e+00 ; 2.6013001e+01 ; 2.2700000e+02 
3.500e+01 ; 4.000e+00 ; 3.000e+00 ; 2.6350001e+01 ; 2.2700000e+02 
3.500e+01 ; 4.000e+00 ; 3.000e+00 ; 2.6350001e+01 ; 2.2700000e+02 
3.500e+01 ; 4.000e+00 ; 3.000e+00 ; 2.6351001e+01 ; 2.2700000e+02 
3.500e+01 ; 4.000e+00 ; 3.000e+00 ; 2.6352001e+01 ; 2.2700000e+02 
3.500e+01 ; 4.000e+00 ; 3.000e+00 ; 2.6353001e+01 ; 2.2700000e+02 
3.500e+01 ; 4.000e+00 ; 3.000e+00 ; 2.6355001e+01 ; 2.2700000e+02 
3.500e+01 ; 4.000e+00 ; 3.000e+00 ; 2.6359001e+01 ; 2.2700000e+02 
3.500e+01 ; 4.000e+00 ; 3.000e+00 ; 2.6367001e+01 ; 2.2700000e+02 
3.500e+01 ; 4.000e+00 ; 3.000e+00 ; 2.6383001e+01 ; 2.2700000e+02 
3.500e+01 ; 4.000e+00 ; 3.000e+00 ; 2.6415001e+01 ; 2.2700000e+02 
3.500e+01 ; 4.000e+00 ; 3.000e+00 ; 2.6479001e+01 ; 2.2700000e+02 
3.500e+01 ; 4.000e+00 ; 3.000e+00 ; 2.6607001e+01 ; 2.2700000e+02 
3.500e+01 ; 4.000e+00 ; 3.000e+00 ; 2.6863001e+01 ; 2.2700000e+02 
3.500e+01 ; 4.000e+00 ; 3.000e+00 ; 2.7200001e+01 ; 2.2700000e+02 
3.500e+01 ; 4.000e+00 ; 3.000e+00 ; 2.7200001e+01 ; 2.2700000e+02 
3.500e+01 ; 4.000e+00 ; 3.000e+00 ; 2.7201001e+01 ; 2.2700000e+02 
3.500e+01 ; 4.000e+00 ; 3.000e+00 ; 2.7202001e+01 ; 2.2700000e+02 
3.500e+01 ; 4.000e+00 ; 3.000e+00 ; 2.7203001e+01 ; 2.2700000e+02 
3.500e+01 ; 4.000e+00 ; 3.000e+00 ; 2.7205001e+01 ; 2.2700000e+02 
3.500e+01 ; 4.000e+00 ; 3.000e+00 ; 2.7209001e+01 ; 2.2700000e+02 
3.500e+01 ; 4.000e+00 ; 3.000e+00 ; 2.7217001e+01 ; 2.2700000e+02 
3.500e+01 ; 4.000e+00 ; 3.000e+00 ; 2.7233001e+01 ; 2.2700000e+02 
3.500e+01 ; 4.000e+00 ; 3.000e+00 ; 2.7265001e+01 ; 2.2700000e+02 
3.500e+01 ; 4.000e+00 ; 3.000e+00 ; 2.7329001e+01 ; 2.2700000e+02 
3.500e+01 ; 4.000e+00 ; 3.000e+00 ; 2.7457001e+01 ; 2.2700000e+02 
3.500e+01 ; 4.000e+00 ; 3.000e+00 ; 2.7713001e+01 ; 2.2700000e+02 
3.500e+01 ; 4.000e+00 ; 3.000e+00 ; 2.8050001e+01 ; 2.2700000e+02 
3.500e+01 ; 4.000e+00 ; 3.000e+00 ; 2.8050001e+01 ; 2.2700000e+02 
3.500e+01 ; 4.000e+00 ; 3.000e+00 ; 2.8051001e+01 ; 2.2700000e+02 
3.500e+01 ; 4.000e+00 ; 3.000e+00 ; 2.8052001e+01 ; 2.2700000e+02 
3.500e+01 ; 4.000e+00 ; 3.000e+00 ; 2.8053001e+01 ; 2.2700000e+02 
3.500e+01 ; 4.000e+00 ; 3.000e+00 ; 2.8055001e+01 ; 2.2700000e+02 
3.500e+01 ; 4.000e+00 ; 3.000e+00 ; 2.8059001e+01 ; 2.2700000e+02 
3.500e+01 ; 4.000e+00 ; 3.000e+00 ; 2.8067001e+01 ; 2.2700000e+02 
3.500e+01 ; 4.000e+00 ; 3.000e+00 ; 2.8083001e+01 ; 2.2700000e+02 
3.500e+01 ; 4.000e+00 ; 3.000e+00 ; 2.8115001e+01 ; 2.2700000e+02 
3.500e+01 ; 4.000e+00 ; 3.000e+00 ; 2.8179001e+01 ; 2.2700000e+02 
3.500e+01 ; 4.000e+00 ; 3.000e+00 ; 2.8307001e+01 ; 2.2700000e+02 
3.500e+01 ; 4.000e+00 ; 3.000e+00 ; 2.8563001e+01 ; 2.2700000e+02 
3.500e+01 ; 4.000e+00 ; 3.000e+00 ; 2.8900001e+01 ; 2.2700000e+02 
3.500e+01 ; 4.000e+00 ; 3.000e+00 ; 2.8900001e+01 ; 2.2700000e+02 
3.500e+01 ; 4.000e+00 ; 3.000e+00 ; 2.8901001e+01 ; 2.2700000e+02 
3.500e+01 ; 4.000e+00 ; 3.000e+00 ; 2.8902001e+01 ; 2.2700000e+02 
3.500e+01 ; 4.000e+00 ; 3.000e+00 ; 2.8903001e+01 ; 2.2700000e+02 
3.500e+01 ; 4.000e+00 ; 3.000e+00 ; 2.8905001e+01 ; 2.2700000e+02 
3.500e+01 ; 4.000e+00 ; 3.000e+00 ; 2.8909001e+01 ; 2.2700000e+02 
3.500e+01 ; 4.000e+00 ; 3.000e+00 ; 2.8917001e+01 ; 2.2700000e+02 
3.500e+01 ; 4.000e+00 ; 3.000e+00 ; 2.8933001e+01 ; 2.2700000e+02 
3.500e+01 ; 4.000e+00 ; 3.000e+00 ; 2.8965001e+01 ; 2.2700000e+02 
3.500e+01 ; 4.000e+00 ; 3.000e+00 ; 2.9029001e+01 ; 2.2700000e+02 
3.500e+01 ; 4.000e+00 ; 3.000e+00 ; 2.9157001e+01 ; 2.2700000e+02 
3.500e+01 ; 4.000e+00 ; 3.000e+00 ; 2.9413001e+01 ; 2.2700000e+02 
3.500e+01 ; 4.000e+00 ; 3.000e+00 ; 2.9750001e+01 ; 2.2700000e+02 
3.500e+01 ; 4.000e+00 ; 3.000e+00 ; 2.9750001e+01 ; 2.2700000e+02 
3.500e+01 ; 4.000e+00 ; 3.000e+00 ; 2.9751001e+01 ; 2.2700000e+02 
3.500e+01 ; 4.000e+00 ; 3.000e+00 ; 2.9752001e+01 ; 2.2700000e+02 
3.500e+01 ; 4.000e+00 ; 3.000e+00 ; 2.9753001e+01 ; 2.2700000e+02 
3.500e+01 ; 4.000e+00 ; 3.000e+00 ; 2.9755001e+01 ; 2.2700000e+02 
3.500e+01 ; 4.000e+00 ; 3.000e+00 ; 2.9759001e+01 ; 2.2700000e+02 
3.500e+01 ; 4.000e+00 ; 3.000e+00 ; 2.9767001e+01 ; 2.2700000e+02 
3.500e+01 ; 4.000e+00 ; 3.000e+00 ; 2.9783001e+01 ; 2.2700000e+02 
3.500e+01 ; 4.000e+00 ; 3.000e+00 ; 2.9815001e+01 ; 2.2700000e+02 
3.500e+01 ; 4.000e+00 ; 3.000e+00 ; 2.9879001e+01 ; 2.2700000e+02 
3.500e+01 ; 4.000e+00 ; 3.000e+00 ; 3.0007001e+01 ; 2.2700000e+02 
3.500e+01 ; 4.000e+00 ; 3.000e+00 ; 3.0263001e+01 ; 2.2700000e+02 
3.500e+01 ; 4.000e+00 ; 3.000e+00 ; 3.0600001e+01 ; 2.2700000e+02 
3.500e+01 ; 4.000e+00 ; 3.000e+00 ; 3.0600001e+01 ; 2.2700000e+02 
3.500e+01 ; 4.000e+00 ; 3.000e+00 ; 3.0601001e+01 ; 2.2700000e+02 
3.500e+01 ; 4.000e+00 ; 3.000e+00 ; 3.0602001e+01 ; 2.2700000e+02 
3.500e+01 ; 4.000e+00 ; 3.000e+00 ; 3.0603001e+01 ; 2.2700000e+02 
3.500e+01 ; 4.000e+00 ; 3.000e+00 ; 3.0605001e+01 ; 2.2700000e+02 
3.500e+01 ; 4.000e+00 ; 3.000e+00 ; 3.0609001e+01 ; 2.2700000e+02 
3.500e+01 ; 4.000e+00 ; 3.000e+00 ; 3.0617001e+01 ; 2.2700000e+02 
3.500e+01 ; 4.000e+00 ; 3.000e+00 ; 3.0633001e+01 ; 2.2700000e+02 
3.500e+01 ; 4.000e+00 ; 3.000e+00 ; 3.0665001e+01 ; 2.2700000e+02 
3.500e+01 ; 4.000e+00 ; 3.000e+00 ; 3.0729001e+01 ; 2.2700000e+02 
3.500e+01 ; 4.000e+00 ; 3.000e+00 ; 3.0857001e+01 ; 2.2700000e+02 
3.500e+01 ; 4.000e+00 ; 3.000e+00 ; 3.1113001e+01 ; 2.2700000e+02 
3.500e+01 ; 4.000e+00 ; 3.000e+00 ; 3.1450001e+01 ; 2.2700000e+02 
3.500e+01 ; 4.000e+00 ; 3.000e+00 ; 3.1450001e+01 ; 2.2700000e+02 
3.500e+01 ; 4.000e+00 ; 3.000e+00 ; 3.1451001e+01 ; 2.2700000e+02 
3.500e+01 ; 4.000e+00 ; 3.000e+00 ; 3.1452001e+01 ; 2.2700000e+02 
3.500e+01 ; 4.000e+00 ; 3.000e+00 ; 3.1453001e+01 ; 2.2700000e+02 
3.500e+01 ; 4.000e+00 ; 3.000e+00 ; 3.1455001e+01 ; 2.2700000e+02 
3.500e+01 ; 4.000e+00 ; 3.000e+00 ; 3.1459001e+01 ; 2.2700000e+02 
3.500e+01 ; 4.000e+00 ; 3.000e+00 ; 3.1467001e+01 ; 2.2700000e+02 
3.500e+01 ; 4.000e+00 ; 3.000e+00 ; 3.1483001e+01 ; 2.2700000e+02 
3.500e+01 ; 4.000e+00 ; 3.000e+00 ; 3.1515001e+01 ; 2.2700000e+02 
3.500e+01 ; 4.000e+00 ; 3.000e+00 ; 3.1579001e+01 ; 2.2700000e+02 
3.500e+01 ; 4.000e+00 ; 3.000e+00 ; 3.1707001e+01 ; 2.2700000e+02 
3.500e+01 ; 4.000e+00 ; 3.000e+00 ; 3.1963001e+01 ; 2.2700000e+02 
3.500e+01 ; 4.000e+00 ; 3.000e+00 ; 3.2300001e+01 ; 2.2700000e+02 
3.500e+01 ; 4.000e+00 ; 3.000e+00 ; 3.2300001e+01 ; 2.2700000e+02 
3.500e+01 ; 4.000e+00 ; 3.000e+00 ; 3.2301001e+01 ; 2.2700000e+02 
3.500e+01 ; 4.000e+00 ; 3.000e+00 ; 3.2302001e+01 ; 2.2700000e+02 
3.500e+01 ; 4.000e+00 ; 3.000e+00 ; 3.2303001e+01 ; 2.2700000e+02 
3.500e+01 ; 4.000e+00 ; 3.000e+00 ; 3.2305001e+01 ; 2.2700000e+02 
3.500e+01 ; 4.000e+00 ; 3.000e+00 ; 3.2309001e+01 ; 2.2700000e+02 
3.500e+01 ; 4.000e+00 ; 3.000e+00 ; 3.2317001e+01 ; 2.2700000e+02 
3.500e+01 ; 4.000e+00 ; 3.000e+00 ; 3.2333001e+01 ; 2.2700000e+02 
3.500e+01 ; 4.000e+00 ; 3.000e+00 ; 3.2365001e+01 ; 2.2700000e+02 
3.500e+01 ; 4.000e+00 ; 3.000e+00 ; 3.2429001e+01 ; 2.2700000e+02 
3.500e+01 ; 4.000e+00 ; 3.000e+00 ; 3.2557001e+01 ; 2.2700000e+02 
3.500e+01 ; 4.000e+00 ; 3.000e+00 ; 3.2813001e+01 ; 2.2700000e+02 
3.500e+01 ; 4.000e+00 ; 3.000e+00 ; 3.3150001e+01 ; 2.2700000e+02 
3.500e+01 ; 4.000e+00 ; 3.000e+00 ; 3.3150001e+01 ; 2.2700000e+02 
3.500e+01 ; 4.000e+00 ; 3.000e+00 ; 3.3151001e+01 ; 2.2700000e+02 
3.500e+01 ; 4.000e+00 ; 3.000e+00 ; 3.3152001e+01 ; 2.2700000e+02 
3.500e+01 ; 4.000e+00 ; 3.000e+00 ; 3.3153001e+01 ; 2.2700000e+02 
3.500e+01 ; 4.000e+00 ; 3.000e+00 ; 3.3155001e+01 ; 2.2700000e+02 
3.500e+01 ; 4.000e+00 ; 3.000e+00 ; 3.3159001e+01 ; 2.2700000e+02 
3.500e+01 ; 4.000e+00 ; 3.000e+00 ; 3.3167001e+01 ; 2.2700000e+02 
3.500e+01 ; 4.000e+00 ; 3.000e+00 ; 3.3183001e+01 ; 2.2700000e+02 
3.500e+01 ; 4.000e+00 ; 3.000e+00 ; 3.3215001e+01 ; 2.2700000e+02 
3.500e+01 ; 4.000e+00 ; 3.000e+00 ; 3.3279001e+01 ; 2.2700000e+02 
3.500e+01 ; 4.000e+00 ; 3.000e+00 ; 3.3407001e+01 ; 2.2700000e+02 
3.500e+01 ; 4.000e+00 ; 3.000e+00 ; 3.3663001e+01 ; 2.2700000e+02 
3.500e+01 ; 4.000e+00 ; 3.000e+00 ; 3.4000001e+01 ; 2.2700000e+02 
3.500e+01 ; 4.000e+00 ; 3.000e+00 ; 3.4000001e+01 ; 2.2700000e+02 
3.500e+01 ; 4.000e+00 ; 3.000e+00 ; 3.4001001e+01 ; 2.2700000e+02 
3.500e+01 ; 4.000e+00 ; 3.000e+00 ; 3.4002001e+01 ; 2.2700000e+02 
3.500e+01 ; 4.000e+00 ; 3.000e+00 ; 3.4003001e+01 ; 2.2700000e+02 
3.500e+01 ; 4.000e+00 ; 3.000e+00 ; 3.4005001e+01 ; 2.2700000e+02 
3.500e+01 ; 4.000e+00 ; 3.000e+00 ; 3.4009001e+01 ; 2.2700000e+02 
3.500e+01 ; 4.000e+00 ; 3.000e+00 ; 3.4017001e+01 ; 2.2700000e+02 
3.500e+01 ; 4.000e+00 ; 3.000e+00 ; 3.4033001e+01 ; 2.2700000e+02 
3.500e+01 ; 4.000e+00 ; 3.000e+00 ; 3.4065001e+01 ; 2.2700000e+02 
3.500e+01 ; 4.000e+00 ; 3.000e+00 ; 3.4129001e+01 ; 2.2700000e+02 
3.500e+01 ; 4.000e+00 ; 3.000e+00 ; 3.4257001e+01 ; 2.2700000e+02 
3.500e+01 ; 4.000e+00 ; 3.000e+00 ; 3.4513001e+01 ; 2.2700000e+02 
3.500e+01 ; 4.000e+00 ; 3.000e+00 ; 3.4850001e+01 ; 2.2700000e+02 
3.500e+01 ; 4.000e+00 ; 3.000e+00 ; 3.4850001e+01 ; 2.2700000e+02 
3.500e+01 ; 4.000e+00 ; 3.000e+00 ; 3.4851001e+01 ; 2.2700000e+02 
3.500e+01 ; 4.000e+00 ; 3.000e+00 ; 3.4852001e+01 ; 2.2700000e+02 
3.500e+01 ; 4.000e+00 ; 3.000e+00 ; 3.4853001e+01 ; 2.2700000e+02 
3.500e+01 ; 4.000e+00 ; 3.000e+00 ; 3.4855001e+01 ; 2.2700000e+02 
3.500e+01 ; 4.000e+00 ; 3.000e+00 ; 3.4859001e+01 ; 2.2700000e+02 
3.500e+01 ; 4.000e+00 ; 3.000e+00 ; 3.4867001e+01 ; 2.2700000e+02 
3.500e+01 ; 4.000e+00 ; 3.000e+00 ; 3.4883001e+01 ; 2.2700000e+02 
3.500e+01 ; 4.000e+00 ; 3.000e+00 ; 3.4915001e+01 ; 2.2700000e+02 
3.500e+01 ; 4.000e+00 ; 3.000e+00 ; 3.4979001e+01 ; 2.2700000e+02 
3.500e+01 ; 4.000e+00 ; 3.000e+00 ; 3.5107001e+01 ; 2.2700000e+02 
3.500e+01 ; 4.000e+00 ; 3.000e+00 ; 3.5363001e+01 ; 2.2700000e+02 
3.500e+01 ; 4.000e+00 ; 3.000e+00 ; 3.5700001e+01 ; 2.2700000e+02 
3.500e+01 ; 4.000e+00 ; 3.000e+00 ; 3.5700001e+01 ; 2.2700000e+02 
3.500e+01 ; 4.000e+00 ; 3.000e+00 ; 3.5701001e+01 ; 2.2700000e+02 
3.500e+01 ; 4.000e+00 ; 3.000e+00 ; 3.5702001e+01 ; 2.2700000e+02 
3.500e+01 ; 4.000e+00 ; 3.000e+00 ; 3.5703001e+01 ; 2.2700000e+02 
3.500e+01 ; 4.000e+00 ; 3.000e+00 ; 3.5705001e+01 ; 2.2700000e+02 
3.500e+01 ; 4.000e+00 ; 3.000e+00 ; 3.5709001e+01 ; 2.2700000e+02 
3.500e+01 ; 4.000e+00 ; 3.000e+00 ; 3.5717001e+01 ; 2.2700000e+02 
3.500e+01 ; 4.000e+00 ; 3.000e+00 ; 3.5733001e+01 ; 2.2700000e+02 
3.500e+01 ; 4.000e+00 ; 3.000e+00 ; 3.5765001e+01 ; 2.2700000e+02 
3.500e+01 ; 4.000e+00 ; 3.000e+00 ; 3.5829001e+01 ; 2.2700000e+02 
3.500e+01 ; 4.000e+00 ; 3.000e+00 ; 3.5957001e+01 ; 2.2700000e+02 
3.500e+01 ; 4.000e+00 ; 3.000e+00 ; 3.6213001e+01 ; 2.2700000e+02 
3.500e+01 ; 4.000e+00 ; 3.000e+00 ; 3.6550001e+01 ; 2.2700000e+02 
3.500e+01 ; 4.000e+00 ; 3.000e+00 ; 3.6550001e+01 ; 2.2700000e+02 
3.500e+01 ; 4.000e+00 ; 3.000e+00 ; 3.6551001e+01 ; 2.2700000e+02 
3.500e+01 ; 4.000e+00 ; 3.000e+00 ; 3.6552001e+01 ; 2.2700000e+02 
3.500e+01 ; 4.000e+00 ; 3.000e+00 ; 3.6553001e+01 ; 2.2700000e+02 
3.500e+01 ; 4.000e+00 ; 3.000e+00 ; 3.6555001e+01 ; 2.2700000e+02 
3.500e+01 ; 4.000e+00 ; 3.000e+00 ; 3.6559001e+01 ; 2.2700000e+02 
3.500e+01 ; 4.000e+00 ; 3.000e+00 ; 3.6567001e+01 ; 2.2700000e+02 
3.500e+01 ; 4.000e+00 ; 3.000e+00 ; 3.6583001e+01 ; 2.2700000e+02 
3.500e+01 ; 4.000e+00 ; 3.000e+00 ; 3.6615001e+01 ; 2.2700000e+02 
3.500e+01 ; 4.000e+00 ; 3.000e+00 ; 3.6679001e+01 ; 2.2700000e+02 
3.500e+01 ; 4.000e+00 ; 3.000e+00 ; 3.6807001e+01 ; 2.2700000e+02 
3.500e+01 ; 4.000e+00 ; 3.000e+00 ; 3.7063001e+01 ; 2.2700000e+02 
3.500e+01 ; 4.000e+00 ; 3.000e+00 ; 3.7400001e+01 ; 2.2700000e+02 
3.500e+01 ; 4.000e+00 ; 3.000e+00 ; 3.7400001e+01 ; 2.2700000e+02 
3.500e+01 ; 4.000e+00 ; 3.000e+00 ; 3.7401001e+01 ; 2.2700000e+02 
3.500e+01 ; 4.000e+00 ; 3.000e+00 ; 3.7402001e+01 ; 2.2700000e+02 
3.500e+01 ; 4.000e+00 ; 3.000e+00 ; 3.7403001e+01 ; 2.2700000e+02 
3.500e+01 ; 4.000e+00 ; 3.000e+00 ; 3.7405001e+01 ; 2.2700000e+02 
3.500e+01 ; 4.000e+00 ; 3.000e+00 ; 3.7409001e+01 ; 2.2700000e+02 
3.500e+01 ; 4.000e+00 ; 3.000e+00 ; 3.7417001e+01 ; 2.2700000e+02 
3.500e+01 ; 4.000e+00 ; 3.000e+00 ; 3.7433001e+01 ; 2.2700000e+02 
3.500e+01 ; 4.000e+00 ; 3.000e+00 ; 3.7465001e+01 ; 2.2700000e+02 
3.500e+01 ; 4.000e+00 ; 3.000e+00 ; 3.7529001e+01 ; 2.2700000e+02 
3.500e+01 ; 4.000e+00 ; 3.000e+00 ; 3.7657001e+01 ; 2.2700000e+02 
3.500e+01 ; 4.000e+00 ; 3.000e+00 ; 3.7913001e+01 ; 2.2700000e+02 
3.500e+01 ; 4.000e+00 ; 3.000e+00 ; 3.8250001e+01 ; 2.2700000e+02 
3.500e+01 ; 4.000e+00 ; 3.000e+00 ; 3.8250001e+01 ; 2.2700000e+02 
3.500e+01 ; 4.000e+00 ; 3.000e+00 ; 3.8251001e+01 ; 2.2700000e+02 
3.500e+01 ; 4.000e+00 ; 3.000e+00 ; 3.8252001e+01 ; 2.2700000e+02 
3.500e+01 ; 4.000e+00 ; 3.000e+00 ; 3.8253001e+01 ; 2.2700000e+02 
3.500e+01 ; 4.000e+00 ; 3.000e+00 ; 3.8255001e+01 ; 2.2700000e+02 
3.500e+01 ; 4.000e+00 ; 3.000e+00 ; 3.8259001e+01 ; 2.2700000e+02 
3.500e+01 ; 4.000e+00 ; 3.000e+00 ; 3.8267001e+01 ; 2.2700000e+02 
3.500e+01 ; 4.000e+00 ; 3.000e+00 ; 3.8283001e+01 ; 2.2700000e+02 
3.500e+01 ; 4.000e+00 ; 3.000e+00 ; 3.8315001e+01 ; 2.2700000e+02 
3.500e+01 ; 4.000e+00 ; 3.000e+00 ; 3.8379001e+01 ; 2.2700000e+02 
3.500e+01 ; 4.000e+00 ; 3.000e+00 ; 3.8507001e+01 ; 2.2700000e+02 
3.500e+01 ; 4.000e+00 ; 3.000e+00 ; 3.8763001e+01 ; 2.2700000e+02 
3.500e+01 ; 4.000e+00 ; 3.000e+00 ; 3.9100001e+01 ; 2.2700000e+02 
3.500e+01 ; 4.000e+00 ; 3.000e+00 ; 3.9100001e+01 ; 2.2700000e+02 
3.500e+01 ; 4.000e+00 ; 3.000e+00 ; 3.9101001e+01 ; 2.2700000e+02 
3.500e+01 ; 4.000e+00 ; 3.000e+00 ; 3.9102001e+01 ; 2.2700000e+02 
3.500e+01 ; 4.000e+00 ; 3.000e+00 ; 3.9103001e+01 ; 2.2700000e+02 
3.500e+01 ; 4.000e+00 ; 3.000e+00 ; 3.9105001e+01 ; 2.2700000e+02 
3.500e+01 ; 4.000e+00 ; 3.000e+00 ; 3.9109001e+01 ; 2.2700000e+02 
3.500e+01 ; 4.000e+00 ; 3.000e+00 ; 3.9117001e+01 ; 2.2700000e+02 
3.500e+01 ; 4.000e+00 ; 3.000e+00 ; 3.9133001e+01 ; 2.2700000e+02 
3.500e+01 ; 4.000e+00 ; 3.000e+00 ; 3.9165001e+01 ; 2.2700000e+02 
3.500e+01 ; 4.000e+00 ; 3.000e+00 ; 3.9229001e+01 ; 2.2700000e+02 
3.500e+01 ; 4.000e+00 ; 3.000e+00 ; 3.9357001e+01 ; 2.2700000e+02 
3.500e+01 ; 4.000e+00 ; 3.000e+00 ; 3.9613001e+01 ; 2.2700000e+02 
3.500e+01 ; 4.000e+00 ; 3.000e+00 ; 3.9950001e+01 ; 2.2700000e+02 
3.500e+01 ; 4.000e+00 ; 3.000e+00 ; 3.9950001e+01 ; 2.2700000e+02 
3.500e+01 ; 4.000e+00 ; 3.000e+00 ; 3.9951001e+01 ; 2.2700000e+02 
3.500e+01 ; 4.000e+00 ; 3.000e+00 ; 3.9952001e+01 ; 2.2700000e+02 
3.500e+01 ; 4.000e+00 ; 3.000e+00 ; 3.9953001e+01 ; 2.2700000e+02 
3.500e+01 ; 4.000e+00 ; 3.000e+00 ; 3.9955001e+01 ; 2.2700000e+02 
3.500e+01 ; 4.000e+00 ; 3.000e+00 ; 3.9959001e+01 ; 2.2700000e+02 
3.500e+01 ; 4.000e+00 ; 3.000e+00 ; 3.9967001e+01 ; 2.2700000e+02 
3.500e+01 ; 4.000e+00 ; 3.000e+00 ; 3.9983001e+01 ; 2.2700000e+02 
3.500e+01 ; 4.000e+00 ; 3.000e+00 ; 4.0015001e+01 ; 2.2700000e+02 
3.500e+01 ; 4.000e+00 ; 3.000e+00 ; 4.0079001e+01 ; 2.2700000e+02 
3.500e+01 ; 4.000e+00 ; 3.000e+00 ; 4.0207001e+01 ; 2.2700000e+02 
3.500e+01 ; 4.000e+00 ; 3.000e+00 ; 4.0463001e+01 ; 2.2700000e+02 
3.500e+01 ; 4.000e+00 ; 3.000e+00 ; 4.0800001e+01 ; 2.2700000e+02 
3.500e+01 ; 4.000e+00 ; 3.000e+00 ; 4.0800001e+01 ; 2.2700000e+02 
3.500e+01 ; 4.000e+00 ; 3.000e+00 ; 4.0801001e+01 ; 2.2700000e+02 
3.500e+01 ; 4.000e+00 ; 3.000e+00 ; 4.0802001e+01 ; 2.2700000e+02 
3.500e+01 ; 4.000e+00 ; 3.000e+00 ; 4.0803001e+01 ; 2.2700000e+02 
3.500e+01 ; 4.000e+00 ; 3.000e+00 ; 4.0805001e+01 ; 2.2700000e+02 
3.500e+01 ; 4.000e+00 ; 3.000e+00 ; 4.0809001e+01 ; 2.2700000e+02 
3.500e+01 ; 4.000e+00 ; 3.000e+00 ; 4.0817001e+01 ; 2.2700000e+02 
3.500e+01 ; 4.000e+00 ; 3.000e+00 ; 4.0833001e+01 ; 2.2700000e+02 
3.500e+01 ; 4.000e+00 ; 3.000e+00 ; 4.0865001e+01 ; 2.2700000e+02 
3.500e+01 ; 4.000e+00 ; 3.000e+00 ; 4.0929001e+01 ; 2.2700000e+02 
3.500e+01 ; 4.000e+00 ; 3.000e+00 ; 4.1057001e+01 ; 2.2700000e+02 
3.500e+01 ; 4.000e+00 ; 3.000e+00 ; 4.1313001e+01 ; 2.2700000e+02 
3.500e+01 ; 4.000e+00 ; 3.000e+00 ; 4.1650001e+01 ; 2.2700000e+02 
3.500e+01 ; 4.000e+00 ; 3.000e+00 ; 4.1650001e+01 ; 2.2700000e+02 
3.500e+01 ; 4.000e+00 ; 3.000e+00 ; 4.1651001e+01 ; 2.2700000e+02 
3.500e+01 ; 4.000e+00 ; 3.000e+00 ; 4.1652001e+01 ; 2.2700000e+02 
3.500e+01 ; 4.000e+00 ; 3.000e+00 ; 4.1653001e+01 ; 2.2700000e+02 
3.500e+01 ; 4.000e+00 ; 3.000e+00 ; 4.1655001e+01 ; 2.2700000e+02 
3.500e+01 ; 4.000e+00 ; 3.000e+00 ; 4.1659001e+01 ; 2.2700000e+02 
3.500e+01 ; 4.000e+00 ; 3.000e+00 ; 4.1667001e+01 ; 2.2700000e+02 
3.500e+01 ; 4.000e+00 ; 3.000e+00 ; 4.1683001e+01 ; 2.2700000e+02 
3.500e+01 ; 4.000e+00 ; 3.000e+00 ; 4.1715001e+01 ; 2.2700000e+02 
3.500e+01 ; 4.000e+00 ; 3.000e+00 ; 4.1779001e+01 ; 2.2700000e+02 
3.500e+01 ; 4.000e+00 ; 3.000e+00 ; 4.1907001e+01 ; 2.2700000e+02 
3.500e+01 ; 4.000e+00 ; 3.000e+00 ; 4.2163001e+01 ; 2.2700000e+02 
3.500e+01 ; 4.000e+00 ; 3.000e+00 ; 4.2500001e+01 ; 2.2700000e+02 
3.500e+01 ; 4.000e+00 ; 3.000e+00 ; 4.2500001e+01 ; 2.2700000e+02 
3.500e+01 ; 4.000e+00 ; 3.000e+00 ; 4.2501001e+01 ; 2.2700000e+02 
3.500e+01 ; 4.000e+00 ; 3.000e+00 ; 4.2502001e+01 ; 2.2700000e+02 
3.500e+01 ; 4.000e+00 ; 3.000e+00 ; 4.2503001e+01 ; 2.2700000e+02 
3.500e+01 ; 4.000e+00 ; 3.000e+00 ; 4.2505001e+01 ; 2.2700000e+02 
3.500e+01 ; 4.000e+00 ; 3.000e+00 ; 4.2509001e+01 ; 2.2700000e+02 
3.500e+01 ; 4.000e+00 ; 3.000e+00 ; 4.2517001e+01 ; 2.2700000e+02 
3.500e+01 ; 4.000e+00 ; 3.000e+00 ; 4.2533001e+01 ; 2.2700000e+02 
3.500e+01 ; 4.000e+00 ; 3.000e+00 ; 4.2565001e+01 ; 2.2700000e+02 
3.500e+01 ; 4.000e+00 ; 3.000e+00 ; 4.2629001e+01 ; 2.2700000e+02 
3.500e+01 ; 4.000e+00 ; 3.000e+00 ; 4.2757001e+01 ; 2.2700000e+02 
3.500e+01 ; 4.000e+00 ; 3.000e+00 ; 4.3013001e+01 ; 2.2700000e+02 
3.500e+01 ; 4.000e+00 ; 3.000e+00 ; 4.3350001e+01 ; 2.2700000e+02 
3.500e+01 ; 4.000e+00 ; 3.000e+00 ; 4.3350001e+01 ; 2.2700000e+02 
3.500e+01 ; 4.000e+00 ; 3.000e+00 ; 4.3351001e+01 ; 2.2700000e+02 
3.500e+01 ; 4.000e+00 ; 3.000e+00 ; 4.3352001e+01 ; 2.2700000e+02 
3.500e+01 ; 4.000e+00 ; 3.000e+00 ; 4.3353001e+01 ; 2.2700000e+02 
3.500e+01 ; 4.000e+00 ; 3.000e+00 ; 4.3355001e+01 ; 2.2700000e+02 
3.500e+01 ; 4.000e+00 ; 3.000e+00 ; 4.3359001e+01 ; 2.2700000e+02 
3.500e+01 ; 4.000e+00 ; 3.000e+00 ; 4.3367001e+01 ; 2.2700000e+02 
3.500e+01 ; 4.000e+00 ; 3.000e+00 ; 4.3383001e+01 ; 2.2700000e+02 
3.500e+01 ; 4.000e+00 ; 3.000e+00 ; 4.3415001e+01 ; 2.2700000e+02 
3.500e+01 ; 4.000e+00 ; 3.000e+00 ; 4.3479001e+01 ; 2.2700000e+02 
3.500e+01 ; 4.000e+00 ; 3.000e+00 ; 4.3607001e+01 ; 2.2700000e+02 
3.500e+01 ; 4.000e+00 ; 3.000e+00 ; 4.3863001e+01 ; 2.2700000e+02 
3.500e+01 ; 4.000e+00 ; 3.000e+00 ; 4.4200001e+01 ; 2.2700000e+02 
3.500e+01 ; 4.000e+00 ; 3.000e+00 ; 4.4200001e+01 ; 2.2700000e+02 
3.500e+01 ; 4.000e+00 ; 3.000e+00 ; 4.4201001e+01 ; 2.2700000e+02 
3.500e+01 ; 4.000e+00 ; 3.000e+00 ; 4.4202001e+01 ; 2.2700000e+02 
3.500e+01 ; 4.000e+00 ; 3.000e+00 ; 4.4203001e+01 ; 2.2700000e+02 
3.500e+01 ; 4.000e+00 ; 3.000e+00 ; 4.4205001e+01 ; 2.2700000e+02 
3.500e+01 ; 4.000e+00 ; 3.000e+00 ; 4.4209001e+01 ; 2.2700000e+02 
3.500e+01 ; 4.000e+00 ; 3.000e+00 ; 4.4217001e+01 ; 2.2700000e+02 
3.500e+01 ; 4.000e+00 ; 3.000e+00 ; 4.4233001e+01 ; 2.2700000e+02 
3.500e+01 ; 4.000e+00 ; 3.000e+00 ; 4.4265001e+01 ; 2.2700000e+02 
3.500e+01 ; 4.000e+00 ; 3.000e+00 ; 4.4329001e+01 ; 2.2700000e+02 
3.500e+01 ; 4.000e+00 ; 3.000e+00 ; 4.4457001e+01 ; 2.2700000e+02 
3.500e+01 ; 4.000e+00 ; 3.000e+00 ; 4.4713001e+01 ; 2.2700000e+02 
3.500e+01 ; 4.000e+00 ; 3.000e+00 ; 4.5050001e+01 ; 2.2700000e+02 
3.500e+01 ; 4.000e+00 ; 3.000e+00 ; 4.5050001e+01 ; 2.2700000e+02 
3.500e+01 ; 4.000e+00 ; 3.000e+00 ; 4.5051001e+01 ; 2.2700000e+02 
3.500e+01 ; 4.000e+00 ; 3.000e+00 ; 4.5052001e+01 ; 2.2700000e+02 
3.500e+01 ; 4.000e+00 ; 3.000e+00 ; 4.5053001e+01 ; 2.2700000e+02 
3.500e+01 ; 4.000e+00 ; 3.000e+00 ; 4.5055001e+01 ; 2.2700000e+02 
3.500e+01 ; 4.000e+00 ; 3.000e+00 ; 4.5059001e+01 ; 2.2700000e+02 
3.500e+01 ; 4.000e+00 ; 3.000e+00 ; 4.5067001e+01 ; 2.2700000e+02 
3.500e+01 ; 4.000e+00 ; 3.000e+00 ; 4.5083001e+01 ; 2.2700000e+02 
3.500e+01 ; 4.000e+00 ; 3.000e+00 ; 4.5115001e+01 ; 2.2700000e+02 
3.500e+01 ; 4.000e+00 ; 3.000e+00 ; 4.5179001e+01 ; 2.2700000e+02 
3.500e+01 ; 4.000e+00 ; 3.000e+00 ; 4.5307001e+01 ; 2.2700000e+02 
3.500e+01 ; 4.000e+00 ; 3.000e+00 ; 4.5563001e+01 ; 2.2700000e+02 
3.500e+01 ; 4.000e+00 ; 3.000e+00 ; 4.5900001e+01 ; 2.2700000e+02 
3.500e+01 ; 4.000e+00 ; 3.000e+00 ; 4.5900001e+01 ; 2.2700000e+02 
3.500e+01 ; 4.000e+00 ; 3.000e+00 ; 4.5901001e+01 ; 2.2700000e+02 
3.500e+01 ; 4.000e+00 ; 3.000e+00 ; 4.5902001e+01 ; 2.2700000e+02 
3.500e+01 ; 4.000e+00 ; 3.000e+00 ; 4.5903001e+01 ; 2.2700000e+02 
3.500e+01 ; 4.000e+00 ; 3.000e+00 ; 4.5905001e+01 ; 2.2700000e+02 
3.500e+01 ; 4.000e+00 ; 3.000e+00 ; 4.5909001e+01 ; 2.2700000e+02 
3.500e+01 ; 4.000e+00 ; 3.000e+00 ; 4.5917001e+01 ; 2.2700000e+02 
3.500e+01 ; 4.000e+00 ; 3.000e+00 ; 4.5933001e+01 ; 2.2700000e+02 
3.500e+01 ; 4.000e+00 ; 3.000e+00 ; 4.5965001e+01 ; 2.2700000e+02 
3.500e+01 ; 4.000e+00 ; 3.000e+00 ; 4.6029001e+01 ; 2.2700000e+02 
3.500e+01 ; 4.000e+00 ; 3.000e+00 ; 4.6157001e+01 ; 2.2700000e+02 
3.500e+01 ; 4.000e+00 ; 3.000e+00 ; 4.6413001e+01 ; 2.2700000e+02 
3.500e+01 ; 4.000e+00 ; 3.000e+00 ; 4.6750001e+01 ; 2.2700000e+02 
3.500e+01 ; 4.000e+00 ; 3.000e+00 ; 4.6750001e+01 ; 2.2700000e+02 
3.500e+01 ; 4.000e+00 ; 3.000e+00 ; 4.6751001e+01 ; 2.2700000e+02 
3.500e+01 ; 4.000e+00 ; 3.000e+00 ; 4.6752001e+01 ; 2.2700000e+02 
3.500e+01 ; 4.000e+00 ; 3.000e+00 ; 4.6753001e+01 ; 2.2700000e+02 
3.500e+01 ; 4.000e+00 ; 3.000e+00 ; 4.6755001e+01 ; 2.2700000e+02 
3.500e+01 ; 4.000e+00 ; 3.000e+00 ; 4.6759001e+01 ; 2.2700000e+02 
3.500e+01 ; 4.000e+00 ; 3.000e+00 ; 4.6767001e+01 ; 2.2700000e+02 
3.500e+01 ; 4.000e+00 ; 3.000e+00 ; 4.6783001e+01 ; 2.2700000e+02 
3.500e+01 ; 4.000e+00 ; 3.000e+00 ; 4.6815001e+01 ; 2.2700000e+02 
3.500e+01 ; 4.000e+00 ; 3.000e+00 ; 4.6879001e+01 ; 2.2700000e+02 
3.500e+01 ; 4.000e+00 ; 3.000e+00 ; 4.7007001e+01 ; 2.2700000e+02 
3.500e+01 ; 4.000e+00 ; 3.000e+00 ; 4.7263001e+01 ; 2.2700000e+02 
3.500e+01 ; 4.000e+00 ; 3.000e+00 ; 4.7600001e+01 ; 2.2700000e+02 
3.500e+01 ; 4.000e+00 ; 3.000e+00 ; 4.7600001e+01 ; 2.2700000e+02 
3.500e+01 ; 4.000e+00 ; 3.000e+00 ; 4.7601001e+01 ; 2.2700000e+02 
3.500e+01 ; 4.000e+00 ; 3.000e+00 ; 4.7602001e+01 ; 2.2700000e+02 
3.500e+01 ; 4.000e+00 ; 3.000e+00 ; 4.7603001e+01 ; 2.2700000e+02 
3.500e+01 ; 4.000e+00 ; 3.000e+00 ; 4.7605001e+01 ; 2.2700000e+02 
3.500e+01 ; 4.000e+00 ; 3.000e+00 ; 4.7609001e+01 ; 2.2700000e+02 
3.500e+01 ; 4.000e+00 ; 3.000e+00 ; 4.7617001e+01 ; 2.2700000e+02 
3.500e+01 ; 4.000e+00 ; 3.000e+00 ; 4.7633001e+01 ; 2.2700000e+02 
3.500e+01 ; 4.000e+00 ; 3.000e+00 ; 4.7665001e+01 ; 2.2700000e+02 
3.500e+01 ; 4.000e+00 ; 3.000e+00 ; 4.7729001e+01 ; 2.2700000e+02 
3.500e+01 ; 4.000e+00 ; 3.000e+00 ; 4.7857001e+01 ; 2.2700000e+02 
3.500e+01 ; 4.000e+00 ; 3.000e+00 ; 4.8113001e+01 ; 2.2700000e+02 
3.500e+01 ; 4.000e+00 ; 3.000e+00 ; 4.8450001e+01 ; 2.2700000e+02 
3.500e+01 ; 4.000e+00 ; 3.000e+00 ; 4.8450001e+01 ; 2.2700000e+02 
3.500e+01 ; 4.000e+00 ; 3.000e+00 ; 4.8451001e+01 ; 2.2700000e+02 
3.500e+01 ; 4.000e+00 ; 3.000e+00 ; 4.8452001e+01 ; 2.2700000e+02 
3.500e+01 ; 4.000e+00 ; 3.000e+00 ; 4.8453001e+01 ; 2.2700000e+02 
3.500e+01 ; 4.000e+00 ; 3.000e+00 ; 4.8455001e+01 ; 2.2700000e+02 
3.500e+01 ; 4.000e+00 ; 3.000e+00 ; 4.8459001e+01 ; 2.2700000e+02 
3.500e+01 ; 4.000e+00 ; 3.000e+00 ; 4.8467001e+01 ; 2.2700000e+02 
3.500e+01 ; 4.000e+00 ; 3.000e+00 ; 4.8483001e+01 ; 2.2700000e+02 
3.500e+01 ; 4.000e+00 ; 3.000e+00 ; 4.8515001e+01 ; 2.2700000e+02 
3.500e+01 ; 4.000e+00 ; 3.000e+00 ; 4.8579001e+01 ; 2.2700000e+02 
3.500e+01 ; 4.000e+00 ; 3.000e+00 ; 4.8707001e+01 ; 2.2700000e+02 
3.500e+01 ; 4.000e+00 ; 3.000e+00 ; 4.8963001e+01 ; 2.2700000e+02 
3.500e+01 ; 4.000e+00 ; 3.000e+00 ; 4.9300001e+01 ; 2.2700000e+02 
3.500e+01 ; 4.000e+00 ; 3.000e+00 ; 4.9300001e+01 ; 2.2700000e+02 
3.500e+01 ; 4.000e+00 ; 3.000e+00 ; 4.9301001e+01 ; 2.2700000e+02 
3.500e+01 ; 4.000e+00 ; 3.000e+00 ; 4.9302001e+01 ; 2.2700000e+02 
3.500e+01 ; 4.000e+00 ; 3.000e+00 ; 4.9303001e+01 ; 2.2700000e+02 
3.500e+01 ; 4.000e+00 ; 3.000e+00 ; 4.9305001e+01 ; 2.2700000e+02 
3.500e+01 ; 4.000e+00 ; 3.000e+00 ; 4.9309001e+01 ; 2.2700000e+02 
3.500e+01 ; 4.000e+00 ; 3.000e+00 ; 4.9317001e+01 ; 2.2700000e+02 
3.500e+01 ; 4.000e+00 ; 3.000e+00 ; 4.9333001e+01 ; 2.2700000e+02 
3.500e+01 ; 4.000e+00 ; 3.000e+00 ; 4.9365001e+01 ; 2.2700000e+02 
3.500e+01 ; 4.000e+00 ; 3.000e+00 ; 4.9429001e+01 ; 2.2700000e+02 
3.500e+01 ; 4.000e+00 ; 3.000e+00 ; 4.9557001e+01 ; 2.2700000e+02 
3.500e+01 ; 4.000e+00 ; 3.000e+00 ; 4.9813001e+01 ; 2.2700000e+02 
3.500e+01 ; 4.000e+00 ; 3.000e+00 ; 5.0150001e+01 ; 2.2700000e+02 
3.500e+01 ; 4.000e+00 ; 3.000e+00 ; 5.0150001e+01 ; 2.2700000e+02 
3.500e+01 ; 4.000e+00 ; 3.000e+00 ; 5.0151001e+01 ; 2.2700000e+02 
3.500e+01 ; 4.000e+00 ; 3.000e+00 ; 5.0152001e+01 ; 2.2700000e+02 
3.500e+01 ; 4.000e+00 ; 3.000e+00 ; 5.0153001e+01 ; 2.2700000e+02 
3.500e+01 ; 4.000e+00 ; 3.000e+00 ; 5.0155001e+01 ; 2.2700000e+02 
3.500e+01 ; 4.000e+00 ; 3.000e+00 ; 5.0159001e+01 ; 2.2700000e+02 
3.500e+01 ; 4.000e+00 ; 3.000e+00 ; 5.0167001e+01 ; 2.2700000e+02 
3.500e+01 ; 4.000e+00 ; 3.000e+00 ; 5.0183001e+01 ; 2.2700000e+02 
3.500e+01 ; 4.000e+00 ; 3.000e+00 ; 5.0215001e+01 ; 2.2700000e+02 
3.500e+01 ; 4.000e+00 ; 3.000e+00 ; 5.0279001e+01 ; 2.2700000e+02 
3.500e+01 ; 4.000e+00 ; 3.000e+00 ; 5.0407001e+01 ; 2.2700000e+02 
3.500e+01 ; 4.000e+00 ; 3.000e+00 ; 5.0663001e+01 ; 2.2700000e+02 
3.500e+01 ; 4.000e+00 ; 3.000e+00 ; 5.1000001e+01 ; 2.2700000e+02 
3.500e+01 ; 4.000e+00 ; 3.000e+00 ; 5.1000001e+01 ; 2.2700000e+02 
3.500e+01 ; 4.000e+00 ; 3.000e+00 ; 5.1001001e+01 ; 2.2700000e+02 
3.500e+01 ; 4.000e+00 ; 3.000e+00 ; 5.1002001e+01 ; 2.2700000e+02 
3.500e+01 ; 4.000e+00 ; 3.000e+00 ; 5.1003001e+01 ; 2.2700000e+02 
3.500e+01 ; 4.000e+00 ; 3.000e+00 ; 5.1005001e+01 ; 2.2700000e+02 
3.500e+01 ; 4.000e+00 ; 3.000e+00 ; 5.1009001e+01 ; 2.2700000e+02 
3.500e+01 ; 4.000e+00 ; 3.000e+00 ; 5.1017001e+01 ; 2.2700000e+02 
3.500e+01 ; 4.000e+00 ; 3.000e+00 ; 5.1033001e+01 ; 2.2700000e+02 
3.500e+01 ; 4.000e+00 ; 3.000e+00 ; 5.1065001e+01 ; 2.2700000e+02 
3.500e+01 ; 4.000e+00 ; 3.000e+00 ; 5.1129001e+01 ; 2.2700000e+02 
3.500e+01 ; 4.000e+00 ; 3.000e+00 ; 5.1257001e+01 ; 2.2700000e+02 
3.500e+01 ; 4.000e+00 ; 3.000e+00 ; 5.1513001e+01 ; 2.2700000e+02 
3.500e+01 ; 4.000e+00 ; 3.000e+00 ; 5.1850001e+01 ; 2.2700000e+02 
3.500e+01 ; 4.000e+00 ; 3.000e+00 ; 5.1850001e+01 ; 2.2700000e+02 
3.500e+01 ; 4.000e+00 ; 3.000e+00 ; 5.1851001e+01 ; 2.2700000e+02 
3.500e+01 ; 4.000e+00 ; 3.000e+00 ; 5.1852001e+01 ; 2.2700000e+02 
3.500e+01 ; 4.000e+00 ; 3.000e+00 ; 5.1853001e+01 ; 2.2700000e+02 
3.500e+01 ; 4.000e+00 ; 3.000e+00 ; 5.1855001e+01 ; 2.2700000e+02 
3.500e+01 ; 4.000e+00 ; 3.000e+00 ; 5.1859001e+01 ; 2.2700000e+02 
3.500e+01 ; 4.000e+00 ; 3.000e+00 ; 5.1867001e+01 ; 2.2700000e+02 
3.500e+01 ; 4.000e+00 ; 3.000e+00 ; 5.1883001e+01 ; 2.2700000e+02 
3.500e+01 ; 4.000e+00 ; 3.000e+00 ; 5.1915001e+01 ; 2.2700000e+02 
3.500e+01 ; 4.000e+00 ; 3.000e+00 ; 5.1979001e+01 ; 2.2700000e+02 
3.500e+01 ; 4.000e+00 ; 3.000e+00 ; 5.2107001e+01 ; 2.2700000e+02 
3.500e+01 ; 4.000e+00 ; 3.000e+00 ; 5.2363001e+01 ; 2.2700000e+02 
3.500e+01 ; 4.000e+00 ; 3.000e+00 ; 5.2700001e+01 ; 2.2700000e+02 
3.500e+01 ; 4.000e+00 ; 3.000e+00 ; 5.2700001e+01 ; 2.2700000e+02 
3.500e+01 ; 4.000e+00 ; 3.000e+00 ; 5.2701001e+01 ; 2.2700000e+02 
3.500e+01 ; 4.000e+00 ; 3.000e+00 ; 5.2702001e+01 ; 2.2700000e+02 
3.500e+01 ; 4.000e+00 ; 3.000e+00 ; 5.2703001e+01 ; 2.2700000e+02 
3.500e+01 ; 4.000e+00 ; 3.000e+00 ; 5.2705001e+01 ; 2.2700000e+02 
3.500e+01 ; 4.000e+00 ; 3.000e+00 ; 5.2709001e+01 ; 2.2700000e+02 
3.500e+01 ; 4.000e+00 ; 3.000e+00 ; 5.2717001e+01 ; 2.2700000e+02 
3.500e+01 ; 4.000e+00 ; 3.000e+00 ; 5.2733001e+01 ; 2.2700000e+02 
3.500e+01 ; 4.000e+00 ; 3.000e+00 ; 5.2765001e+01 ; 2.2700000e+02 
3.500e+01 ; 4.000e+00 ; 3.000e+00 ; 5.2829001e+01 ; 2.2700000e+02 
3.500e+01 ; 4.000e+00 ; 3.000e+00 ; 5.2957001e+01 ; 2.2700000e+02 
3.500e+01 ; 4.000e+00 ; 3.000e+00 ; 5.3213001e+01 ; 2.2700000e+02 
3.500e+01 ; 4.000e+00 ; 3.000e+00 ; 5.3550002e+01 ; 2.2700000e+02 
3.500e+01 ; 4.000e+00 ; 3.000e+00 ; 5.3550002e+01 ; 2.2700000e+02 
3.500e+01 ; 4.000e+00 ; 3.000e+00 ; 5.3551002e+01 ; 2.2700000e+02 
3.500e+01 ; 4.000e+00 ; 3.000e+00 ; 5.3552002e+01 ; 2.2700000e+02 
3.500e+01 ; 4.000e+00 ; 3.000e+00 ; 5.3553002e+01 ; 2.2700000e+02 
3.500e+01 ; 4.000e+00 ; 3.000e+00 ; 5.3555002e+01 ; 2.2700000e+02 
3.500e+01 ; 4.000e+00 ; 3.000e+00 ; 5.3559002e+01 ; 2.2700000e+02 
3.500e+01 ; 4.000e+00 ; 3.000e+00 ; 5.3567002e+01 ; 2.2700000e+02 
3.500e+01 ; 4.000e+00 ; 3.000e+00 ; 5.3583002e+01 ; 2.2700000e+02 
3.500e+01 ; 4.000e+00 ; 3.000e+00 ; 5.3615001e+01 ; 2.2700000e+02 
3.500e+01 ; 4.000e+00 ; 3.000e+00 ; 5.3679001e+01 ; 2.2700000e+02 
3.500e+01 ; 4.000e+00 ; 3.000e+00 ; 5.3807002e+01 ; 2.2700000e+02 
3.500e+01 ; 4.000e+00 ; 3.000e+00 ; 5.4063002e+01 ; 2.2700000e+02 
3.500e+01 ; 4.000e+00 ; 3.000e+00 ; 5.4400002e+01 ; 2.2700000e+02 
3.500e+01 ; 4.000e+00 ; 3.000e+00 ; 5.4400002e+01 ; 2.2700000e+02 
3.500e+01 ; 4.000e+00 ; 3.000e+00 ; 5.4401002e+01 ; 2.2700000e+02 
3.500e+01 ; 4.000e+00 ; 3.000e+00 ; 5.4402002e+01 ; 2.2700000e+02 
3.500e+01 ; 4.000e+00 ; 3.000e+00 ; 5.4403002e+01 ; 2.2700000e+02 
3.500e+01 ; 4.000e+00 ; 3.000e+00 ; 5.4405002e+01 ; 2.2700000e+02 
3.500e+01 ; 4.000e+00 ; 3.000e+00 ; 5.4409002e+01 ; 2.2700000e+02 
3.500e+01 ; 4.000e+00 ; 3.000e+00 ; 5.4417002e+01 ; 2.2700000e+02 
3.500e+01 ; 4.000e+00 ; 3.000e+00 ; 5.4433002e+01 ; 2.2700000e+02 
3.500e+01 ; 4.000e+00 ; 3.000e+00 ; 5.4465002e+01 ; 2.2700000e+02 
3.500e+01 ; 4.000e+00 ; 3.000e+00 ; 5.4529002e+01 ; 2.2700000e+02 
3.500e+01 ; 4.000e+00 ; 3.000e+00 ; 5.4657002e+01 ; 2.2700000e+02 
3.500e+01 ; 4.000e+00 ; 3.000e+00 ; 5.4913002e+01 ; 2.2700000e+02 
3.500e+01 ; 4.000e+00 ; 3.000e+00 ; 5.5250002e+01 ; 2.2700000e+02 
3.500e+01 ; 4.000e+00 ; 3.000e+00 ; 5.5250002e+01 ; 2.2700000e+02 
3.500e+01 ; 4.000e+00 ; 3.000e+00 ; 5.5251002e+01 ; 2.2685793e+02 
3.500e+01 ; 4.000e+00 ; 3.000e+00 ; 5.5252002e+01 ; 2.2671597e+02 
3.500e+01 ; 4.000e+00 ; 3.000e+00 ; 5.5253002e+01 ; 2.2657417e+02 
3.500e+01 ; 4.000e+00 ; 3.000e+00 ; 5.5255002e+01 ; 2.2629109e+02 
3.500e+01 ; 4.000e+00 ; 3.000e+00 ; 5.5259002e+01 ; 2.2572708e+02 
3.500e+01 ; 4.000e+00 ; 3.000e+00 ; 5.5267002e+01 ; 2.2460760e+02 
3.500e+01 ; 4.000e+00 ; 3.000e+00 ; 5.5283002e+01 ; 2.2240234e+02 
3.500e+01 ; 4.000e+00 ; 3.000e+00 ; 5.5315002e+01 ; 2.1812282e+02 
3.500e+01 ; 4.000e+00 ; 3.000e+00 ; 5.5379002e+01 ; 2.1005956e+02 
3.500e+01 ; 4.000e+00 ; 3.000e+00 ; 5.5507002e+01 ; 1.9570883e+02 
3.500e+01 ; 4.000e+00 ; 3.000e+00 ; 5.5763002e+01 ; 1.7273360e+02 
3.500e+01 ; 4.000e+00 ; 3.000e+00 ; 5.6100002e+01 ; 1.4995424e+02 
3.500e+01 ; 4.000e+00 ; 3.000e+00 ; 5.6100002e+01 ; 1.4995424e+02 
3.500e+01 ; 4.000e+00 ; 3.000e+00 ; 5.6101002e+01 ; 1.4988670e+02 
3.500e+01 ; 4.000e+00 ; 3.000e+00 ; 5.6102002e+01 ; 1.4981923e+02 
3.500e+01 ; 4.000e+00 ; 3.000e+00 ; 5.6103002e+01 ; 1.4975182e+02 
3.500e+01 ; 4.000e+00 ; 3.000e+00 ; 5.6105002e+01 ; 1.4961725e+02 
3.500e+01 ; 4.000e+00 ; 3.000e+00 ; 5.6109002e+01 ; 1.4934911e+02 
3.500e+01 ; 4.000e+00 ; 3.000e+00 ; 5.6117002e+01 ; 1.4881685e+02 
3.500e+01 ; 4.000e+00 ; 3.000e+00 ; 5.6133002e+01 ; 1.4776808e+02 
3.500e+01 ; 4.000e+00 ; 3.000e+00 ; 5.6165002e+01 ; 1.4573170e+02 
3.500e+01 ; 4.000e+00 ; 3.000e+00 ; 5.6229002e+01 ; 1.4188950e+02 
3.500e+01 ; 4.000e+00 ; 3.000e+00 ; 5.6357002e+01 ; 1.3502977e+02 
3.500e+01 ; 4.000e+00 ; 3.000e+00 ; 5.6613002e+01 ; 1.2398699e+02 
3.500e+01 ; 4.000e+00 ; 3.000e+00 ; 5.6950002e+01 ; 1.1298763e+02 
3.500e+01 ; 4.000e+00 ; 3.000e+00 ; 5.6950002e+01 ; 1.1298763e+02 
3.500e+01 ; 4.000e+00 ; 3.000e+00 ; 5.6951002e+01 ; 1.1295502e+02 
3.500e+01 ; 4.000e+00 ; 3.000e+00 ; 5.6952002e+01 ; 1.1292245e+02 
3.500e+01 ; 4.000e+00 ; 3.000e+00 ; 5.6953002e+01 ; 1.1288991e+02 
3.500e+01 ; 4.000e+00 ; 3.000e+00 ; 5.6955002e+01 ; 1.1282495e+02 
3.500e+01 ; 4.000e+00 ; 3.000e+00 ; 5.6959002e+01 ; 1.1269556e+02 
3.500e+01 ; 4.000e+00 ; 3.000e+00 ; 5.6967002e+01 ; 1.1243881e+02 
3.500e+01 ; 4.000e+00 ; 3.000e+00 ; 5.6983002e+01 ; 1.1193341e+02 
3.500e+01 ; 4.000e+00 ; 3.000e+00 ; 5.7015002e+01 ; 1.1095386e+02 
3.500e+01 ; 4.000e+00 ; 3.000e+00 ; 5.7079002e+01 ; 1.0911205e+02 
3.500e+01 ; 4.000e+00 ; 3.000e+00 ; 5.7207002e+01 ; 1.0584254e+02 
3.500e+01 ; 4.000e+00 ; 3.000e+00 ; 5.7463002e+01 ; 1.0060786e+02 
3.500e+01 ; 4.000e+00 ; 3.000e+00 ; 5.7800002e+01 ; 9.5376526e+01 
3.500e+01 ; 4.000e+00 ; 3.000e+00 ; 5.7800002e+01 ; 9.5376526e+01 
3.500e+01 ; 4.000e+00 ; 3.000e+00 ; 5.7801002e+01 ; 9.5361023e+01 
3.500e+01 ; 4.000e+00 ; 3.000e+00 ; 5.7802002e+01 ; 9.5345528e+01 
3.500e+01 ; 4.000e+00 ; 3.000e+00 ; 5.7803002e+01 ; 9.5330048e+01 
3.500e+01 ; 4.000e+00 ; 3.000e+00 ; 5.7805002e+01 ; 9.5299149e+01 
3.500e+01 ; 4.000e+00 ; 3.000e+00 ; 5.7809002e+01 ; 9.5237572e+01 
3.500e+01 ; 4.000e+00 ; 3.000e+00 ; 5.7817002e+01 ; 9.5115349e+01 
3.500e+01 ; 4.000e+00 ; 3.000e+00 ; 5.7833002e+01 ; 9.4874489e+01 
3.500e+01 ; 4.000e+00 ; 3.000e+00 ; 5.7865002e+01 ; 9.4406662e+01 
3.500e+01 ; 4.000e+00 ; 3.000e+00 ; 5.7929002e+01 ; 9.3522751e+01 
3.500e+01 ; 4.000e+00 ; 3.000e+00 ; 5.8057002e+01 ; 9.1935661e+01 
3.500e+01 ; 4.000e+00 ; 3.000e+00 ; 5.8313002e+01 ; 8.9324921e+01 
3.500e+01 ; 4.000e+00 ; 3.000e+00 ; 5.8650002e+01 ; 8.6606255e+01 
3.500e+01 ; 4.000e+00 ; 3.000e+00 ; 5.8650002e+01 ; 8.6606255e+01 
3.500e+01 ; 4.000e+00 ; 3.000e+00 ; 5.8651002e+01 ; 8.6598198e+01 
3.500e+01 ; 4.000e+00 ; 3.000e+00 ; 5.8652002e+01 ; 8.6590141e+01 
3.500e+01 ; 4.000e+00 ; 3.000e+00 ; 5.8653002e+01 ; 8.6582092e+01 
3.500e+01 ; 4.000e+00 ; 3.000e+00 ; 5.8655002e+01 ; 8.6566017e+01 
3.500e+01 ; 4.000e+00 ; 3.000e+00 ; 5.8659002e+01 ; 8.6533974e+01 
3.500e+01 ; 4.000e+00 ; 3.000e+00 ; 5.8667002e+01 ; 8.6470291e+01 
3.500e+01 ; 4.000e+00 ; 3.000e+00 ; 5.8683002e+01 ; 8.6344475e+01 
3.500e+01 ; 4.000e+00 ; 3.000e+00 ; 5.8715002e+01 ; 8.6098892e+01 
3.500e+01 ; 4.000e+00 ; 3.000e+00 ; 5.8779002e+01 ; 8.5630386e+01 
3.500e+01 ; 4.000e+00 ; 3.000e+00 ; 5.8907002e+01 ; 8.4773521e+01 
3.500e+01 ; 4.000e+00 ; 3.000e+00 ; 5.9163002e+01 ; 8.3315460e+01 
3.500e+01 ; 4.000e+00 ; 3.000e+00 ; 5.9500002e+01 ; 8.1732162e+01 
3.500e+01 ; 4.000e+00 ; 3.000e+00 ; 5.9500002e+01 ; 8.1732162e+01 
3.500e+01 ; 4.000e+00 ; 3.000e+00 ; 5.9501002e+01 ; 8.1727470e+01 
3.500e+01 ; 4.000e+00 ; 3.000e+00 ; 5.9502002e+01 ; 8.1722778e+01 
3.500e+01 ; 4.000e+00 ; 3.000e+00 ; 5.9503002e+01 ; 8.1718086e+01 
3.500e+01 ; 4.000e+00 ; 3.000e+00 ; 5.9505002e+01 ; 8.1708725e+01 
3.500e+01 ; 4.000e+00 ; 3.000e+00 ; 5.9509002e+01 ; 8.1690033e+01 
3.500e+01 ; 4.000e+00 ; 3.000e+00 ; 5.9517002e+01 ; 8.1652847e+01 
3.500e+01 ; 4.000e+00 ; 3.000e+00 ; 5.9533002e+01 ; 8.1579208e+01 
3.500e+01 ; 4.000e+00 ; 3.000e+00 ; 5.9565002e+01 ; 8.1434776e+01 
3.500e+01 ; 4.000e+00 ; 3.000e+00 ; 5.9629002e+01 ; 8.1156700e+01 
3.500e+01 ; 4.000e+00 ; 3.000e+00 ; 5.9757002e+01 ; 8.0639198e+01 
3.500e+01 ; 4.000e+00 ; 3.000e+00 ; 6.0013002e+01 ; 7.9730965e+01 
3.500e+01 ; 4.000e+00 ; 3.000e+00 ; 6.0350002e+01 ; 7.8707939e+01 
3.500e+01 ; 4.000e+00 ; 3.000e+00 ; 6.0350002e+01 ; 7.8707939e+01 
3.500e+01 ; 4.000e+00 ; 3.000e+00 ; 6.0351002e+01 ; 7.8704903e+01 
3.500e+01 ; 4.000e+00 ; 3.000e+00 ; 6.0352002e+01 ; 7.8701874e+01 
3.500e+01 ; 4.000e+00 ; 3.000e+00 ; 6.0353002e+01 ; 7.8698845e+01 
3.500e+01 ; 4.000e+00 ; 3.000e+00 ; 6.0355002e+01 ; 7.8692787e+01 
3.500e+01 ; 4.000e+00 ; 3.000e+00 ; 6.0359002e+01 ; 7.8680695e+01 
3.500e+01 ; 4.000e+00 ; 3.000e+00 ; 6.0367002e+01 ; 7.8656616e+01 
3.500e+01 ; 4.000e+00 ; 3.000e+00 ; 6.0383002e+01 ; 7.8608833e+01 
3.500e+01 ; 4.000e+00 ; 3.000e+00 ; 6.0415002e+01 ; 7.8514748e+01 
3.500e+01 ; 4.000e+00 ; 3.000e+00 ; 6.0479002e+01 ; 7.8332199e+01 
3.500e+01 ; 4.000e+00 ; 3.000e+00 ; 6.0607002e+01 ; 7.7987595e+01 
3.500e+01 ; 4.000e+00 ; 3.000e+00 ; 6.0863002e+01 ; 7.7367523e+01 
3.500e+01 ; 4.000e+00 ; 3.000e+00 ; 6.1200002e+01 ; 7.6648666e+01 
3.500e+01 ; 4.000e+00 ; 3.000e+00 ; 6.1200002e+01 ; 7.6648666e+01 
3.500e+01 ; 4.000e+00 ; 3.000e+00 ; 6.1201002e+01 ; 7.6646538e+01 
3.500e+01 ; 4.000e+00 ; 3.000e+00 ; 6.1202002e+01 ; 7.6644409e+01 
3.500e+01 ; 4.000e+00 ; 3.000e+00 ; 6.1203002e+01 ; 7.6642273e+01 
3.500e+01 ; 4.000e+00 ; 3.000e+00 ; 6.1205002e+01 ; 7.6638016e+01 
3.500e+01 ; 4.000e+00 ; 3.000e+00 ; 6.1209002e+01 ; 7.6629517e+01 
3.500e+01 ; 4.000e+00 ; 3.000e+00 ; 6.1217002e+01 ; 7.6612564e+01 
3.500e+01 ; 4.000e+00 ; 3.000e+00 ; 6.1233002e+01 ; 7.6578880e+01 
3.500e+01 ; 4.000e+00 ; 3.000e+00 ; 6.1265002e+01 ; 7.6512360e+01 
3.500e+01 ; 4.000e+00 ; 3.000e+00 ; 6.1329002e+01 ; 7.6382530e+01 
3.500e+01 ; 4.000e+00 ; 3.000e+00 ; 6.1457002e+01 ; 7.6134811e+01 
3.500e+01 ; 4.000e+00 ; 3.000e+00 ; 6.1713002e+01 ; 7.5680626e+01 
3.500e+01 ; 4.000e+00 ; 3.000e+00 ; 6.2050002e+01 ; 7.5142693e+01 
3.500e+01 ; 4.000e+00 ; 3.000e+00 ; 6.2050002e+01 ; 7.5142693e+01 
3.500e+01 ; 4.000e+00 ; 3.000e+00 ; 6.2051002e+01 ; 7.5141098e+01 
3.500e+01 ; 4.000e+00 ; 3.000e+00 ; 6.2052002e+01 ; 7.5139496e+01 
3.500e+01 ; 4.000e+00 ; 3.000e+00 ; 6.2053002e+01 ; 7.5137901e+01 
3.500e+01 ; 4.000e+00 ; 3.000e+00 ; 6.2055002e+01 ; 7.5134720e+01 
3.500e+01 ; 4.000e+00 ; 3.000e+00 ; 6.2059002e+01 ; 7.5128349e+01 
3.500e+01 ; 4.000e+00 ; 3.000e+00 ; 6.2067002e+01 ; 7.5115654e+01 
3.500e+01 ; 4.000e+00 ; 3.000e+00 ; 6.2083002e+01 ; 7.5090385e+01 
3.500e+01 ; 4.000e+00 ; 3.000e+00 ; 6.2115002e+01 ; 7.5040382e+01 
3.500e+01 ; 4.000e+00 ; 3.000e+00 ; 6.2179002e+01 ; 7.4942375e+01 
3.500e+01 ; 4.000e+00 ; 3.000e+00 ; 6.2307002e+01 ; 7.4753899e+01 
3.500e+01 ; 4.000e+00 ; 3.000e+00 ; 6.2563002e+01 ; 7.4403572e+01 
3.500e+01 ; 4.000e+00 ; 3.000e+00 ; 6.2900002e+01 ; 7.3982056e+01 
3.500e+01 ; 4.000e+00 ; 3.000e+00 ; 6.2900002e+01 ; 7.3982056e+01 
3.500e+01 ; 4.000e+00 ; 3.000e+00 ; 6.2901002e+01 ; 7.3980804e+01 
3.500e+01 ; 4.000e+00 ; 3.000e+00 ; 6.2902002e+01 ; 7.3979553e+01 
3.500e+01 ; 4.000e+00 ; 3.000e+00 ; 6.2903002e+01 ; 7.3978302e+01 
3.500e+01 ; 4.000e+00 ; 3.000e+00 ; 6.2905002e+01 ; 7.3975807e+01 
3.500e+01 ; 4.000e+00 ; 3.000e+00 ; 6.2909002e+01 ; 7.3970818e+01 
3.500e+01 ; 4.000e+00 ; 3.000e+00 ; 6.2917002e+01 ; 7.3960861e+01 
3.500e+01 ; 4.000e+00 ; 3.000e+00 ; 6.2933002e+01 ; 7.3941025e+01 
3.500e+01 ; 4.000e+00 ; 3.000e+00 ; 6.2965002e+01 ; 7.3901711e+01 
3.500e+01 ; 4.000e+00 ; 3.000e+00 ; 6.3029002e+01 ; 7.3824432e+01 
3.500e+01 ; 4.000e+00 ; 3.000e+00 ; 6.3157002e+01 ; 7.3674957e+01 
3.500e+01 ; 4.000e+00 ; 3.000e+00 ; 6.3413002e+01 ; 7.3394272e+01 
3.500e+01 ; 4.000e+00 ; 3.000e+00 ; 6.3750002e+01 ; 7.3052551e+01 
3.500e+01 ; 4.000e+00 ; 3.000e+00 ; 6.3750002e+01 ; 7.3052551e+01 
3.500e+01 ; 4.000e+00 ; 3.000e+00 ; 6.3751002e+01 ; 7.3051537e+01 
3.500e+01 ; 4.000e+00 ; 3.000e+00 ; 6.3752002e+01 ; 7.3050522e+01 
3.500e+01 ; 4.000e+00 ; 3.000e+00 ; 6.3753002e+01 ; 7.3049507e+01 
3.500e+01 ; 4.000e+00 ; 3.000e+00 ; 6.3755002e+01 ; 7.3047485e+01 
3.500e+01 ; 4.000e+00 ; 3.000e+00 ; 6.3759002e+01 ; 7.3043434e+01 
3.500e+01 ; 4.000e+00 ; 3.000e+00 ; 6.3767002e+01 ; 7.3035355e+01 
3.500e+01 ; 4.000e+00 ; 3.000e+00 ; 6.3783002e+01 ; 7.3019264e+01 
3.500e+01 ; 4.000e+00 ; 3.000e+00 ; 6.3815002e+01 ; 7.2987312e+01 
3.500e+01 ; 4.000e+00 ; 3.000e+00 ; 6.3879002e+01 ; 7.2924362e+01 
3.500e+01 ; 4.000e+00 ; 3.000e+00 ; 6.4007002e+01 ; 7.2802086e+01 
3.500e+01 ; 4.000e+00 ; 3.000e+00 ; 6.4263002e+01 ; 7.2570686e+01 
3.500e+01 ; 4.000e+00 ; 3.000e+00 ; 6.4600002e+01 ; 7.2286385e+01 
3.500e+01 ; 4.000e+00 ; 3.000e+00 ; 6.4600002e+01 ; 7.2286385e+01 
3.500e+01 ; 4.000e+00 ; 3.000e+00 ; 6.4601002e+01 ; 7.2285538e+01 
3.500e+01 ; 4.000e+00 ; 3.000e+00 ; 6.4602002e+01 ; 7.2284691e+01 
3.500e+01 ; 4.000e+00 ; 3.000e+00 ; 6.4603002e+01 ; 7.2283852e+01 
3.500e+01 ; 4.000e+00 ; 3.000e+00 ; 6.4605002e+01 ; 7.2282166e+01 
3.500e+01 ; 4.000e+00 ; 3.000e+00 ; 6.4609002e+01 ; 7.2278801e+01 
3.500e+01 ; 4.000e+00 ; 3.000e+00 ; 6.4617002e+01 ; 7.2272072e+01 
3.500e+01 ; 4.000e+00 ; 3.000e+00 ; 6.4633002e+01 ; 7.2258667e+01 
3.500e+01 ; 4.000e+00 ; 3.000e+00 ; 6.4665002e+01 ; 7.2232040e+01 
3.500e+01 ; 4.000e+00 ; 3.000e+00 ; 6.4729002e+01 ; 7.2179474e+01 
3.500e+01 ; 4.000e+00 ; 3.000e+00 ; 6.4857002e+01 ; 7.2077026e+01 
3.500e+01 ; 4.000e+00 ; 3.000e+00 ; 6.5113002e+01 ; 7.1881981e+01 
3.500e+01 ; 4.000e+00 ; 3.000e+00 ; 6.5450002e+01 ; 7.1640602e+01 
3.500e+01 ; 4.000e+00 ; 3.000e+00 ; 6.5450002e+01 ; 7.1640602e+01 
3.500e+01 ; 4.000e+00 ; 3.000e+00 ; 6.5451002e+01 ; 7.1639885e+01 
3.500e+01 ; 4.000e+00 ; 3.000e+00 ; 6.5452002e+01 ; 7.1639175e+01 
3.500e+01 ; 4.000e+00 ; 3.000e+00 ; 6.5453002e+01 ; 7.1638458e+01 
3.500e+01 ; 4.000e+00 ; 3.000e+00 ; 6.5455002e+01 ; 7.1637024e+01 
3.500e+01 ; 4.000e+00 ; 3.000e+00 ; 6.5459002e+01 ; 7.1634163e+01 
3.500e+01 ; 4.000e+00 ; 3.000e+00 ; 6.5467002e+01 ; 7.1628456e+01 
3.500e+01 ; 4.000e+00 ; 3.000e+00 ; 6.5483002e+01 ; 7.1617065e+01 
3.500e+01 ; 4.000e+00 ; 3.000e+00 ; 6.5515002e+01 ; 7.1594421e+01 
3.500e+01 ; 4.000e+00 ; 3.000e+00 ; 6.5579002e+01 ; 7.1549675e+01 
3.500e+01 ; 4.000e+00 ; 3.000e+00 ; 6.5707002e+01 ; 7.1462219e+01 
3.500e+01 ; 4.000e+00 ; 3.000e+00 ; 6.5963002e+01 ; 7.1295006e+01 
3.500e+01 ; 4.000e+00 ; 3.000e+00 ; 6.6300002e+01 ; 7.1087189e+01 
3.500e+01 ; 4.000e+00 ; 3.000e+00 ; 6.6300002e+01 ; 7.1087189e+01 
3.500e+01 ; 4.000e+00 ; 3.000e+00 ; 6.6301002e+01 ; 7.1086571e+01 
3.500e+01 ; 4.000e+00 ; 3.000e+00 ; 6.6302002e+01 ; 7.1085953e+01 
3.500e+01 ; 4.000e+00 ; 3.000e+00 ; 6.6303002e+01 ; 7.1085342e+01 
3.500e+01 ; 4.000e+00 ; 3.000e+00 ; 6.6305002e+01 ; 7.1084106e+01 
3.500e+01 ; 4.000e+00 ; 3.000e+00 ; 6.6309002e+01 ; 7.1081642e+01 
3.500e+01 ; 4.000e+00 ; 3.000e+00 ; 6.6317002e+01 ; 7.1076729e+01 
3.500e+01 ; 4.000e+00 ; 3.000e+00 ; 6.6333002e+01 ; 7.1066917e+01 
3.500e+01 ; 4.000e+00 ; 3.000e+00 ; 6.6365002e+01 ; 7.1047417e+01 
3.500e+01 ; 4.000e+00 ; 3.000e+00 ; 6.6429002e+01 ; 7.1008873e+01 
3.500e+01 ; 4.000e+00 ; 3.000e+00 ; 6.6557002e+01 ; 7.0933823e+01 
3.500e+01 ; 4.000e+00 ; 3.000e+00 ; 6.6813002e+01 ; 7.0792870e+01 
3.500e+01 ; 4.000e+00 ; 3.000e+00 ; 6.7150002e+01 ; 7.0624191e+01 
3.500e+01 ; 4.000e+00 ; 3.000e+00 ; 6.7150002e+01 ; 7.0624191e+01 
3.500e+01 ; 4.000e+00 ; 3.000e+00 ; 6.7151002e+01 ; 7.0623688e+01 
3.500e+01 ; 4.000e+00 ; 3.000e+00 ; 6.7152002e+01 ; 7.0623192e+01 
3.500e+01 ; 4.000e+00 ; 3.000e+00 ; 6.7153002e+01 ; 7.0622688e+01 
3.500e+01 ; 4.000e+00 ; 3.000e+00 ; 6.7155002e+01 ; 7.0621689e+01 
3.500e+01 ; 4.000e+00 ; 3.000e+00 ; 6.7159002e+01 ; 7.0619698e+01 
3.500e+01 ; 4.000e+00 ; 3.000e+00 ; 6.7167002e+01 ; 7.0615715e+01 
3.500e+01 ; 4.000e+00 ; 3.000e+00 ; 6.7183002e+01 ; 7.0607819e+01 
3.500e+01 ; 4.000e+00 ; 3.000e+00 ; 6.7215002e+01 ; 7.0592270e+01 
3.500e+01 ; 4.000e+00 ; 3.000e+00 ; 6.7279002e+01 ; 7.0562286e+01 
3.500e+01 ; 4.000e+00 ; 3.000e+00 ; 6.7407002e+01 ; 7.0507858e+01 
3.500e+01 ; 4.000e+00 ; 3.000e+00 ; 6.7663002e+01 ; 7.0425369e+01 
3.500e+01 ; 4.000e+00 ; 3.000e+00 ; 6.8000002e+01 ; 7.0362701e+01 
3.500e+01 ; 4.000e+00 ; 3.000e+00 ; 6.8000002e+01 ; 7.0362701e+01 
3.500e+01 ; 4.000e+00 ; 3.000e+00 ; 6.8001002e+01 ; 7.0366089e+01 
3.500e+01 ; 4.000e+00 ; 3.000e+00 ; 6.8002002e+01 ; 7.0369514e+01 
3.500e+01 ; 4.000e+00 ; 3.000e+00 ; 6.8003002e+01 ; 7.0372978e+01 
3.500e+01 ; 4.000e+00 ; 3.000e+00 ; 6.8005002e+01 ; 7.0380051e+01 
3.500e+01 ; 4.000e+00 ; 3.000e+00 ; 6.8009002e+01 ; 7.0394798e+01 
3.500e+01 ; 4.000e+00 ; 3.000e+00 ; 6.8017002e+01 ; 7.0426620e+01 
3.500e+01 ; 4.000e+00 ; 3.000e+00 ; 6.8033002e+01 ; 7.0499062e+01 
3.500e+01 ; 4.000e+00 ; 3.000e+00 ; 6.8065002e+01 ; 7.0675735e+01 
3.500e+01 ; 4.000e+00 ; 3.000e+00 ; 6.8129002e+01 ; 7.1132004e+01 
3.500e+01 ; 4.000e+00 ; 3.000e+00 ; 6.8257002e+01 ; 7.2306496e+01 
3.500e+01 ; 4.000e+00 ; 3.000e+00 ; 6.8513002e+01 ; 7.4977272e+01 
3.500e+01 ; 4.000e+00 ; 3.000e+00 ; 6.8850002e+01 ; 7.8140991e+01 
3.500e+01 ; 4.000e+00 ; 3.000e+00 ; 6.8850002e+01 ; 7.8140991e+01 
3.500e+01 ; 4.000e+00 ; 3.000e+00 ; 6.8851002e+01 ; 7.8153351e+01 
3.500e+01 ; 4.000e+00 ; 3.000e+00 ; 6.8852002e+01 ; 7.8165718e+01 
3.500e+01 ; 4.000e+00 ; 3.000e+00 ; 6.8853002e+01 ; 7.8178085e+01 
3.500e+01 ; 4.000e+00 ; 3.000e+00 ; 6.8855002e+01 ; 7.8202850e+01 
3.500e+01 ; 4.000e+00 ; 3.000e+00 ; 6.8859002e+01 ; 7.8252434e+01 
3.500e+01 ; 4.000e+00 ; 3.000e+00 ; 6.8867002e+01 ; 7.8351860e+01 
3.500e+01 ; 4.000e+00 ; 3.000e+00 ; 6.8883002e+01 ; 7.8551559e+01 
3.500e+01 ; 4.000e+00 ; 3.000e+00 ; 6.8915002e+01 ; 7.8953270e+01 
3.500e+01 ; 4.000e+00 ; 3.000e+00 ; 6.8979002e+01 ; 7.9758171e+01 
3.500e+01 ; 4.000e+00 ; 3.000e+00 ; 6.9107002e+01 ; 8.1327164e+01 
3.500e+01 ; 4.000e+00 ; 3.000e+00 ; 6.9363002e+01 ; 8.4093941e+01 
3.500e+01 ; 4.000e+00 ; 3.000e+00 ; 6.9700002e+01 ; 8.6856598e+01 
3.500e+01 ; 4.000e+00 ; 3.000e+00 ; 6.9700002e+01 ; 8.6856598e+01 
3.500e+01 ; 4.000e+00 ; 3.000e+00 ; 6.9701002e+01 ; 8.6864784e+01 
3.500e+01 ; 4.000e+00 ; 3.000e+00 ; 6.9702002e+01 ; 8.6872948e+01 
3.500e+01 ; 4.000e+00 ; 3.000e+00 ; 6.9703002e+01 ; 8.6881096e+01 
3.500e+01 ; 4.000e+00 ; 3.000e+00 ; 6.9705002e+01 ; 8.6897331e+01 
3.500e+01 ; 4.000e+00 ; 3.000e+00 ; 6.9709002e+01 ; 8.6929543e+01 
3.500e+01 ; 4.000e+00 ; 3.000e+00 ; 6.9717002e+01 ; 8.6992950e+01 
3.500e+01 ; 4.000e+00 ; 3.000e+00 ; 6.9733002e+01 ; 8.7115807e+01 
3.500e+01 ; 4.000e+00 ; 3.000e+00 ; 6.9765002e+01 ; 8.7346306e+01 
3.500e+01 ; 4.000e+00 ; 3.000e+00 ; 6.9829002e+01 ; 8.7751427e+01 
3.500e+01 ; 4.000e+00 ; 3.000e+00 ; 6.9957002e+01 ; 8.8372444e+01 
3.500e+01 ; 4.000e+00 ; 3.000e+00 ; 7.0213002e+01 ; 8.9065041e+01 
3.500e+01 ; 4.000e+00 ; 3.000e+00 ; 7.0550002e+01 ; 8.9353439e+01 
3.500e+01 ; 4.000e+00 ; 3.000e+00 ; 7.0550002e+01 ; 8.9353439e+01 
3.500e+01 ; 4.000e+00 ; 3.000e+00 ; 7.0551002e+01 ; 8.9354286e+01 
3.500e+01 ; 4.000e+00 ; 3.000e+00 ; 7.0552002e+01 ; 8.9355133e+01 
3.500e+01 ; 4.000e+00 ; 3.000e+00 ; 7.0553002e+01 ; 8.9355972e+01 
3.500e+01 ; 4.000e+00 ; 3.000e+00 ; 7.0555002e+01 ; 8.9357628e+01 
3.500e+01 ; 4.000e+00 ; 3.000e+00 ; 7.0559002e+01 ; 8.9360855e+01 
3.500e+01 ; 4.000e+00 ; 3.000e+00 ; 7.0567002e+01 ; 8.9366966e+01 
3.500e+01 ; 4.000e+00 ; 3.000e+00 ; 7.0583002e+01 ; 8.9377861e+01 
3.500e+01 ; 4.000e+00 ; 3.000e+00 ; 7.0615002e+01 ; 8.9394562e+01 
3.500e+01 ; 4.000e+00 ; 3.000e+00 ; 7.0679002e+01 ; 8.9409554e+01 
3.500e+01 ; 4.000e+00 ; 3.000e+00 ; 7.0807002e+01 ; 8.9378853e+01 
3.500e+01 ; 4.000e+00 ; 3.000e+00 ; 7.1063002e+01 ; 8.9150871e+01 
3.500e+01 ; 4.000e+00 ; 3.000e+00 ; 7.1400002e+01 ; 8.8678513e+01 
3.500e+01 ; 4.000e+00 ; 3.000e+00 ; 7.1400002e+01 ; 8.8678513e+01 
3.500e+01 ; 4.000e+00 ; 3.000e+00 ; 7.1401002e+01 ; 8.8677109e+01 
3.500e+01 ; 4.000e+00 ; 3.000e+00 ; 7.1402002e+01 ; 8.8675705e+01 
3.500e+01 ; 4.000e+00 ; 3.000e+00 ; 7.1403002e+01 ; 8.8674301e+01 
3.500e+01 ; 4.000e+00 ; 3.000e+00 ; 7.1405002e+01 ; 8.8671486e+01 
3.500e+01 ; 4.000e+00 ; 3.000e+00 ; 7.1409002e+01 ; 8.8665825e+01 
3.500e+01 ; 4.000e+00 ; 3.000e+00 ; 7.1417002e+01 ; 8.8654404e+01 
3.500e+01 ; 4.000e+00 ; 3.000e+00 ; 7.1433002e+01 ; 8.8631218e+01 
3.500e+01 ; 4.000e+00 ; 3.000e+00 ; 7.1465002e+01 ; 8.8583466e+01 
3.500e+01 ; 4.000e+00 ; 3.000e+00 ; 7.1529002e+01 ; 8.8483170e+01 
3.500e+01 ; 4.000e+00 ; 3.000e+00 ; 7.1657002e+01 ; 8.8267815e+01 
3.500e+01 ; 4.000e+00 ; 3.000e+00 ; 7.1913002e+01 ; 8.7803047e+01 
3.500e+01 ; 4.000e+00 ; 3.000e+00 ; 7.2250002e+01 ; 8.7168922e+01 
3.500e+01 ; 4.000e+00 ; 3.000e+00 ; 7.2250002e+01 ; 8.7168922e+01 
3.500e+01 ; 4.000e+00 ; 3.000e+00 ; 7.2251002e+01 ; 8.7167038e+01 
3.500e+01 ; 4.000e+00 ; 3.000e+00 ; 7.2252002e+01 ; 8.7165161e+01 
3.500e+01 ; 4.000e+00 ; 3.000e+00 ; 7.2253002e+01 ; 8.7163277e+01 
3.500e+01 ; 4.000e+00 ; 3.000e+00 ; 7.2255002e+01 ; 8.7159515e+01 
3.500e+01 ; 4.000e+00 ; 3.000e+00 ; 7.2259002e+01 ; 8.7151978e+01 
3.500e+01 ; 4.000e+00 ; 3.000e+00 ; 7.2267002e+01 ; 8.7136902e+01 
3.500e+01 ; 4.000e+00 ; 3.000e+00 ; 7.2283002e+01 ; 8.7106697e+01 
3.500e+01 ; 4.000e+00 ; 3.000e+00 ; 7.2315002e+01 ; 8.7046158e+01 
3.500e+01 ; 4.000e+00 ; 3.000e+00 ; 7.2379002e+01 ; 8.6924713e+01 
3.500e+01 ; 4.000e+00 ; 3.000e+00 ; 7.2507002e+01 ; 8.6681709e+01 
3.500e+01 ; 4.000e+00 ; 3.000e+00 ; 7.2763002e+01 ; 8.6202499e+01 
3.500e+01 ; 4.000e+00 ; 3.000e+00 ; 7.3100002e+01 ; 8.5593208e+01 
3.500e+01 ; 4.000e+00 ; 3.000e+00 ; 7.3100002e+01 ; 8.5593208e+01 
3.500e+01 ; 4.000e+00 ; 3.000e+00 ; 7.3101002e+01 ; 8.5591400e+01 
3.500e+01 ; 4.000e+00 ; 3.000e+00 ; 7.3102002e+01 ; 8.5589592e+01 
3.500e+01 ; 4.000e+00 ; 3.000e+00 ; 7.3103002e+01 ; 8.5587784e+01 
3.500e+01 ; 4.000e+00 ; 3.000e+00 ; 7.3105002e+01 ; 8.5584175e+01 
3.500e+01 ; 4.000e+00 ; 3.000e+00 ; 7.3109002e+01 ; 8.5576950e+01 
3.500e+01 ; 4.000e+00 ; 3.000e+00 ; 7.3117002e+01 ; 8.5562508e+01 
3.500e+01 ; 4.000e+00 ; 3.000e+00 ; 7.3133002e+01 ; 8.5533684e+01 
3.500e+01 ; 4.000e+00 ; 3.000e+00 ; 7.3165002e+01 ; 8.5476242e+01 
3.500e+01 ; 4.000e+00 ; 3.000e+00 ; 7.3229002e+01 ; 8.5362251e+01 
3.500e+01 ; 4.000e+00 ; 3.000e+00 ; 7.3357002e+01 ; 8.5138153e+01 
3.500e+01 ; 4.000e+00 ; 3.000e+00 ; 7.3613002e+01 ; 8.4706841e+01 
3.500e+01 ; 4.000e+00 ; 3.000e+00 ; 7.3950002e+01 ; 8.4169441e+01 
3.500e+01 ; 4.000e+00 ; 3.000e+00 ; 7.3950002e+01 ; 8.4169441e+01 
3.500e+01 ; 4.000e+00 ; 3.000e+00 ; 7.3951002e+01 ; 8.4167847e+01 
3.500e+01 ; 4.000e+00 ; 3.000e+00 ; 7.3952002e+01 ; 8.4166252e+01 
3.500e+01 ; 4.000e+00 ; 3.000e+00 ; 7.3953002e+01 ; 8.4164658e+01 
3.500e+01 ; 4.000e+00 ; 3.000e+00 ; 7.3955002e+01 ; 8.4161469e+01 
3.500e+01 ; 4.000e+00 ; 3.000e+00 ; 7.3959002e+01 ; 8.4155098e+01 
3.500e+01 ; 4.000e+00 ; 3.000e+00 ; 7.3967002e+01 ; 8.4142380e+01 
3.500e+01 ; 4.000e+00 ; 3.000e+00 ; 7.3983002e+01 ; 8.4117004e+01 
3.500e+01 ; 4.000e+00 ; 3.000e+00 ; 7.4015002e+01 ; 8.4066536e+01 
3.500e+01 ; 4.000e+00 ; 3.000e+00 ; 7.4079002e+01 ; 8.3966698e+01 
3.500e+01 ; 4.000e+00 ; 3.000e+00 ; 7.4207002e+01 ; 8.3771439e+01 
3.500e+01 ; 4.000e+00 ; 3.000e+00 ; 7.4463002e+01 ; 8.3398186e+01 
3.500e+01 ; 4.000e+00 ; 3.000e+00 ; 7.4800002e+01 ; 8.2935417e+01 
3.500e+01 ; 4.000e+00 ; 3.000e+00 ; 7.4800002e+01 ; 8.2935417e+01 
3.500e+01 ; 4.000e+00 ; 3.000e+00 ; 7.4801002e+01 ; 8.2934044e+01 
3.500e+01 ; 4.000e+00 ; 3.000e+00 ; 7.4802002e+01 ; 8.2932671e+01 
3.500e+01 ; 4.000e+00 ; 3.000e+00 ; 7.4803002e+01 ; 8.2931297e+01 
3.500e+01 ; 4.000e+00 ; 3.000e+00 ; 7.4805002e+01 ; 8.2928558e+01 
3.500e+01 ; 4.000e+00 ; 3.000e+00 ; 7.4809002e+01 ; 8.2923073e+01 
3.500e+01 ; 4.000e+00 ; 3.000e+00 ; 7.4817002e+01 ; 8.2912125e+01 
3.500e+01 ; 4.000e+00 ; 3.000e+00 ; 7.4833002e+01 ; 8.2890282e+01 
3.500e+01 ; 4.000e+00 ; 3.000e+00 ; 7.4865002e+01 ; 8.2846863e+01 
3.500e+01 ; 4.000e+00 ; 3.000e+00 ; 7.4929002e+01 ; 8.2761024e+01 
3.500e+01 ; 4.000e+00 ; 3.000e+00 ; 7.5057002e+01 ; 8.2593307e+01 
3.500e+01 ; 4.000e+00 ; 3.000e+00 ; 7.5313002e+01 ; 8.2272903e+01 
3.500e+01 ; 4.000e+00 ; 3.000e+00 ; 7.5650002e+01 ; 8.1875381e+01 
3.500e+01 ; 4.000e+00 ; 3.000e+00 ; 7.5650002e+01 ; 8.1875381e+01 
3.500e+01 ; 4.000e+00 ; 3.000e+00 ; 7.5651002e+01 ; 8.1874207e+01 
3.500e+01 ; 4.000e+00 ; 3.000e+00 ; 7.5652002e+01 ; 8.1873024e+01 
3.500e+01 ; 4.000e+00 ; 3.000e+00 ; 7.5653002e+01 ; 8.1871841e+01 
3.500e+01 ; 4.000e+00 ; 3.000e+00 ; 7.5655002e+01 ; 8.1869492e+01 
3.500e+01 ; 4.000e+00 ; 3.000e+00 ; 7.5659002e+01 ; 8.1864777e+01 
3.500e+01 ; 4.000e+00 ; 3.000e+00 ; 7.5667002e+01 ; 8.1855370e+01 
3.500e+01 ; 4.000e+00 ; 3.000e+00 ; 7.5683002e+01 ; 8.1836609e+01 
3.500e+01 ; 4.000e+00 ; 3.000e+00 ; 7.5715002e+01 ; 8.1799301e+01 
3.500e+01 ; 4.000e+00 ; 3.000e+00 ; 7.5779002e+01 ; 8.1725540e+01 
3.500e+01 ; 4.000e+00 ; 3.000e+00 ; 7.5907002e+01 ; 8.1581314e+01 
3.500e+01 ; 4.000e+00 ; 3.000e+00 ; 7.6163002e+01 ; 8.1305305e+01 
3.500e+01 ; 4.000e+00 ; 3.000e+00 ; 7.6500002e+01 ; 8.0961914e+01 
3.500e+01 ; 4.000e+00 ; 3.000e+00 ; 7.6500002e+01 ; 8.0961914e+01 
3.500e+01 ; 4.000e+00 ; 3.000e+00 ; 7.6501002e+01 ; 8.0960899e+01 
3.500e+01 ; 4.000e+00 ; 3.000e+00 ; 7.6502002e+01 ; 8.0959877e+01 
3.500e+01 ; 4.000e+00 ; 3.000e+00 ; 7.6503002e+01 ; 8.0958862e+01 
3.500e+01 ; 4.000e+00 ; 3.000e+00 ; 7.6505002e+01 ; 8.0956825e+01 
3.500e+01 ; 4.000e+00 ; 3.000e+00 ; 7.6509002e+01 ; 8.0952751e+01 
3.500e+01 ; 4.000e+00 ; 3.000e+00 ; 7.6517002e+01 ; 8.0944626e+01 
3.500e+01 ; 4.000e+00 ; 3.000e+00 ; 7.6533002e+01 ; 8.0928413e+01 
3.500e+01 ; 4.000e+00 ; 3.000e+00 ; 7.6565002e+01 ; 8.0896172e+01 
3.500e+01 ; 4.000e+00 ; 3.000e+00 ; 7.6629002e+01 ; 8.0832375e+01 
3.500e+01 ; 4.000e+00 ; 3.000e+00 ; 7.6757002e+01 ; 8.0707489e+01 
3.500e+01 ; 4.000e+00 ; 3.000e+00 ; 7.7013002e+01 ; 8.0467888e+01 
3.500e+01 ; 4.000e+00 ; 3.000e+00 ; 7.7350002e+01 ; 8.0168762e+01 
3.500e+01 ; 4.000e+00 ; 3.000e+00 ; 7.7350002e+01 ; 8.0168762e+01 
3.500e+01 ; 4.000e+00 ; 3.000e+00 ; 7.7351002e+01 ; 8.0167870e+01 
3.500e+01 ; 4.000e+00 ; 3.000e+00 ; 7.7352002e+01 ; 8.0166985e+01 
3.500e+01 ; 4.000e+00 ; 3.000e+00 ; 7.7353002e+01 ; 8.0166100e+01 
3.500e+01 ; 4.000e+00 ; 3.000e+00 ; 7.7355002e+01 ; 8.0164322e+01 
3.500e+01 ; 4.000e+00 ; 3.000e+00 ; 7.7359002e+01 ; 8.0160782e+01 
3.500e+01 ; 4.000e+00 ; 3.000e+00 ; 7.7367002e+01 ; 8.0153694e+01 
3.500e+01 ; 4.000e+00 ; 3.000e+00 ; 7.7383002e+01 ; 8.0139572e+01 
3.500e+01 ; 4.000e+00 ; 3.000e+00 ; 7.7415002e+01 ; 8.0111465e+01 
3.500e+01 ; 4.000e+00 ; 3.000e+00 ; 7.7479002e+01 ; 8.0055817e+01 
3.500e+01 ; 4.000e+00 ; 3.000e+00 ; 7.7607002e+01 ; 7.9946724e+01 
3.500e+01 ; 4.000e+00 ; 3.000e+00 ; 7.7863002e+01 ; 7.9736870e+01 
3.500e+01 ; 4.000e+00 ; 3.000e+00 ; 7.8200002e+01 ; 7.9473969e+01 
3.500e+01 ; 4.000e+00 ; 3.000e+00 ; 7.8200002e+01 ; 7.9473969e+01 
3.500e+01 ; 4.000e+00 ; 3.000e+00 ; 7.8201002e+01 ; 7.9473190e+01 
3.500e+01 ; 4.000e+00 ; 3.000e+00 ; 7.8202002e+01 ; 7.9472412e+01 
3.500e+01 ; 4.000e+00 ; 3.000e+00 ; 7.8203002e+01 ; 7.9471634e+01 
3.500e+01 ; 4.000e+00 ; 3.000e+00 ; 7.8205002e+01 ; 7.9470070e+01 
3.500e+01 ; 4.000e+00 ; 3.000e+00 ; 7.8209002e+01 ; 7.9466957e+01 
3.500e+01 ; 4.000e+00 ; 3.000e+00 ; 7.8217002e+01 ; 7.9460732e+01 
3.500e+01 ; 4.000e+00 ; 3.000e+00 ; 7.8233002e+01 ; 7.9448311e+01 
3.500e+01 ; 4.000e+00 ; 3.000e+00 ; 7.8265002e+01 ; 7.9423592e+01 
3.500e+01 ; 4.000e+00 ; 3.000e+00 ; 7.8329002e+01 ; 7.9374611e+01 
3.500e+01 ; 4.000e+00 ; 3.000e+00 ; 7.8457002e+01 ; 7.9278488e+01 
3.500e+01 ; 4.000e+00 ; 3.000e+00 ; 7.8713002e+01 ; 7.9093178e+01 
3.500e+01 ; 4.000e+00 ; 3.000e+00 ; 7.9050002e+01 ; 7.8860649e+01 
3.500e+01 ; 4.000e+00 ; 3.000e+00 ; 7.9050002e+01 ; 7.8860649e+01 
3.500e+01 ; 4.000e+00 ; 3.000e+00 ; 7.9051002e+01 ; 7.8859962e+01 
3.500e+01 ; 4.000e+00 ; 3.000e+00 ; 7.9052002e+01 ; 7.8859268e+01 
3.500e+01 ; 4.000e+00 ; 3.000e+00 ; 7.9053002e+01 ; 7.8858582e+01 
3.500e+01 ; 4.000e+00 ; 3.000e+00 ; 7.9055002e+01 ; 7.8857201e+01 
3.500e+01 ; 4.000e+00 ; 3.000e+00 ; 7.9059002e+01 ; 7.8854446e+01 
3.500e+01 ; 4.000e+00 ; 3.000e+00 ; 7.9067002e+01 ; 7.8848938e+01 
3.500e+01 ; 4.000e+00 ; 3.000e+00 ; 7.9083002e+01 ; 7.8837952e+01 
3.500e+01 ; 4.000e+00 ; 3.000e+00 ; 7.9115002e+01 ; 7.8816078e+01 
3.500e+01 ; 4.000e+00 ; 3.000e+00 ; 7.9179002e+01 ; 7.8772743e+01 
3.500e+01 ; 4.000e+00 ; 3.000e+00 ; 7.9307002e+01 ; 7.8687706e+01 
3.500e+01 ; 4.000e+00 ; 3.000e+00 ; 7.9563002e+01 ; 7.8524429e+01 
3.500e+01 ; 4.000e+00 ; 3.000e+00 ; 7.9900002e+01 ; 7.8321838e+01 
3.500e+01 ; 4.000e+00 ; 3.000e+00 ; 7.9900002e+01 ; 7.8321838e+01 
3.500e+01 ; 4.000e+00 ; 3.000e+00 ; 7.9901002e+01 ; 7.8321236e+01 
3.500e+01 ; 4.000e+00 ; 3.000e+00 ; 7.9902002e+01 ; 7.8320633e+01 
3.500e+01 ; 4.000e+00 ; 3.000e+00 ; 7.9903002e+01 ; 7.8320030e+01 
3.500e+01 ; 4.000e+00 ; 3.000e+00 ; 7.9905002e+01 ; 7.8318832e+01 
3.500e+01 ; 4.000e+00 ; 3.000e+00 ; 7.9909002e+01 ; 7.8316429e+01 
3.500e+01 ; 4.000e+00 ; 3.000e+00 ; 7.9917002e+01 ; 7.8311646e+01 
3.500e+01 ; 4.000e+00 ; 3.000e+00 ; 7.9933002e+01 ; 7.8302116e+01 
3.500e+01 ; 4.000e+00 ; 3.000e+00 ; 7.9965002e+01 ; 7.8283379e+01 
3.500e+01 ; 4.000e+00 ; 3.000e+00 ; 8.0029002e+01 ; 7.8247711e+01 
3.500e+01 ; 4.000e+00 ; 3.000e+00 ; 8.0157002e+01 ; 7.8186172e+01 
3.500e+01 ; 4.000e+00 ; 3.000e+00 ; 8.0413002e+01 ; 7.8106514e+01 
3.500e+01 ; 4.000e+00 ; 3.000e+00 ; 8.0750002e+01 ; 7.8062691e+01 
3.500e+01 ; 4.000e+00 ; 3.000e+00 ; 8.0750002e+01 ; 7.8062691e+01 
3.500e+01 ; 4.000e+00 ; 3.000e+00 ; 8.0751002e+01 ; 7.8062561e+01 
3.500e+01 ; 4.000e+00 ; 3.000e+00 ; 8.0752002e+01 ; 7.8062431e+01 
3.500e+01 ; 4.000e+00 ; 3.000e+00 ; 8.0753002e+01 ; 7.8062302e+01 
3.500e+01 ; 4.000e+00 ; 3.000e+00 ; 8.0755002e+01 ; 7.8062050e+01 
3.500e+01 ; 4.000e+00 ; 3.000e+00 ; 8.0759002e+01 ; 7.8061546e+01 
3.500e+01 ; 4.000e+00 ; 3.000e+00 ; 8.0767002e+01 ; 7.8060593e+01 
3.500e+01 ; 4.000e+00 ; 3.000e+00 ; 8.0783002e+01 ; 7.8058868e+01 
3.500e+01 ; 4.000e+00 ; 3.000e+00 ; 8.0815002e+01 ; 7.8056351e+01 
3.500e+01 ; 4.000e+00 ; 3.000e+00 ; 8.0879002e+01 ; 7.8056099e+01 
3.500e+01 ; 4.000e+00 ; 3.000e+00 ; 8.1007002e+01 ; 7.8078941e+01 
3.500e+01 ; 4.000e+00 ; 3.000e+00 ; 8.1263002e+01 ; 7.8217430e+01 
3.500e+01 ; 4.000e+00 ; 3.000e+00 ; 8.1600002e+01 ; 7.8512260e+01 
3.500e+01 ; 4.000e+00 ; 3.000e+00 ; 8.1600002e+01 ; 7.8512260e+01 
3.500e+01 ; 4.000e+00 ; 3.000e+00 ; 8.1601002e+01 ; 7.8513138e+01 
3.500e+01 ; 4.000e+00 ; 3.000e+00 ; 8.1602002e+01 ; 7.8514015e+01 
3.500e+01 ; 4.000e+00 ; 3.000e+00 ; 8.1603002e+01 ; 7.8514893e+01 
3.500e+01 ; 4.000e+00 ; 3.000e+00 ; 8.1605002e+01 ; 7.8516647e+01 
3.500e+01 ; 4.000e+00 ; 3.000e+00 ; 8.1609002e+01 ; 7.8520187e+01 
3.500e+01 ; 4.000e+00 ; 3.000e+00 ; 8.1617002e+01 ; 7.8527321e+01 
3.500e+01 ; 4.000e+00 ; 3.000e+00 ; 8.1633002e+01 ; 7.8541878e+01 
3.500e+01 ; 4.000e+00 ; 3.000e+00 ; 8.1665002e+01 ; 7.8572144e+01 
3.500e+01 ; 4.000e+00 ; 3.000e+00 ; 8.1729002e+01 ; 7.8637619e+01 
3.500e+01 ; 4.000e+00 ; 3.000e+00 ; 8.1857002e+01 ; 7.8788422e+01 
3.500e+01 ; 4.000e+00 ; 3.000e+00 ; 8.2113002e+01 ; 7.9151520e+01 
3.500e+01 ; 4.000e+00 ; 3.000e+00 ; 8.2450002e+01 ; 7.9675720e+01 
3.500e+01 ; 4.000e+00 ; 3.000e+00 ; 8.2450002e+01 ; 7.9675720e+01 
3.500e+01 ; 4.000e+00 ; 3.000e+00 ; 8.2451002e+01 ; 7.9677269e+01 
3.500e+01 ; 4.000e+00 ; 3.000e+00 ; 8.2452002e+01 ; 7.9678825e+01 
3.500e+01 ; 4.000e+00 ; 3.000e+00 ; 8.2453002e+01 ; 7.9680382e+01 
3.500e+01 ; 4.000e+00 ; 3.000e+00 ; 8.2455002e+01 ; 7.9683502e+01 
3.500e+01 ; 4.000e+00 ; 3.000e+00 ; 8.2459002e+01 ; 7.9689735e+01 
3.500e+01 ; 4.000e+00 ; 3.000e+00 ; 8.2467002e+01 ; 7.9702232e+01 
3.500e+01 ; 4.000e+00 ; 3.000e+00 ; 8.2483002e+01 ; 7.9727310e+01 
3.500e+01 ; 4.000e+00 ; 3.000e+00 ; 8.2515002e+01 ; 7.9777733e+01 
3.500e+01 ; 4.000e+00 ; 3.000e+00 ; 8.2579002e+01 ; 7.9879150e+01 
3.500e+01 ; 4.000e+00 ; 3.000e+00 ; 8.2707002e+01 ; 8.0080605e+01 
3.500e+01 ; 4.000e+00 ; 3.000e+00 ; 8.2963002e+01 ; 8.0457031e+01 
3.500e+01 ; 4.000e+00 ; 3.000e+00 ; 8.3300002e+01 ; 8.0876381e+01 
3.500e+01 ; 4.000e+00 ; 3.000e+00 ; 8.3300002e+01 ; 8.0876381e+01 
3.500e+01 ; 4.000e+00 ; 3.000e+00 ; 8.3301002e+01 ; 8.0877625e+01 
3.500e+01 ; 4.000e+00 ; 3.000e+00 ; 8.3302002e+01 ; 8.0878868e+01 
3.500e+01 ; 4.000e+00 ; 3.000e+00 ; 8.3303002e+01 ; 8.0880112e+01 
3.500e+01 ; 4.000e+00 ; 3.000e+00 ; 8.3305002e+01 ; 8.0882591e+01 
3.500e+01 ; 4.000e+00 ; 3.000e+00 ; 8.3309002e+01 ; 8.0887543e+01 
3.500e+01 ; 4.000e+00 ; 3.000e+00 ; 8.3317002e+01 ; 8.0897408e+01 
3.500e+01 ; 4.000e+00 ; 3.000e+00 ; 8.3333002e+01 ; 8.0916946e+01 
3.500e+01 ; 4.000e+00 ; 3.000e+00 ; 8.3365002e+01 ; 8.0955238e+01 
3.500e+01 ; 4.000e+00 ; 3.000e+00 ; 8.3429002e+01 ; 8.1028397e+01 
3.500e+01 ; 4.000e+00 ; 3.000e+00 ; 8.3557002e+01 ; 8.1159424e+01 
3.500e+01 ; 4.000e+00 ; 3.000e+00 ; 8.3813002e+01 ; 8.1355705e+01 
3.500e+01 ; 4.000e+00 ; 3.000e+00 ; 8.4150002e+01 ; 8.1503601e+01 
3.500e+01 ; 4.000e+00 ; 3.000e+00 ; 8.4150002e+01 ; 8.1503601e+01 
3.500e+01 ; 4.000e+00 ; 3.000e+00 ; 8.4151002e+01 ; 8.1504044e+01 
3.500e+01 ; 4.000e+00 ; 3.000e+00 ; 8.4152002e+01 ; 8.1504478e+01 
3.500e+01 ; 4.000e+00 ; 3.000e+00 ; 8.4153002e+01 ; 8.1504913e+01 
3.500e+01 ; 4.000e+00 ; 3.000e+00 ; 8.4155002e+01 ; 8.1505783e+01 
3.500e+01 ; 4.000e+00 ; 3.000e+00 ; 8.4159002e+01 ; 8.1507500e+01 
3.500e+01 ; 4.000e+00 ; 3.000e+00 ; 8.4167002e+01 ; 8.1510880e+01 
3.500e+01 ; 4.000e+00 ; 3.000e+00 ; 8.4183002e+01 ; 8.1517395e+01 
3.500e+01 ; 4.000e+00 ; 3.000e+00 ; 8.4215002e+01 ; 8.1529427e+01 
3.500e+01 ; 4.000e+00 ; 3.000e+00 ; 8.4279002e+01 ; 8.1549591e+01 
3.500e+01 ; 4.000e+00 ; 3.000e+00 ; 8.4407002e+01 ; 8.1574928e+01 
3.500e+01 ; 4.000e+00 ; 3.000e+00 ; 8.4663002e+01 ; 8.1571510e+01 
3.500e+01 ; 4.000e+00 ; 3.000e+00 ; 8.5000002e+01 ; 8.1487923e+01 
3.500e+01 ; 4.000e+00 ; 3.000e+00 ; 8.5000002e+01 ; 8.1487923e+01 
3.500e+01 ; 4.000e+00 ; 3.000e+00 ; 8.5001002e+01 ; 8.1487671e+01 
3.500e+01 ; 4.000e+00 ; 3.000e+00 ; 8.5002002e+01 ; 8.1487419e+01 
3.500e+01 ; 4.000e+00 ; 3.000e+00 ; 8.5003002e+01 ; 8.1487175e+01 
3.500e+01 ; 4.000e+00 ; 3.000e+00 ; 8.5005002e+01 ; 8.1486671e+01 
3.500e+01 ; 4.000e+00 ; 3.000e+00 ; 8.5009002e+01 ; 8.1485649e+01 
3.500e+01 ; 4.000e+00 ; 3.000e+00 ; 8.5017002e+01 ; 8.1483574e+01 
3.500e+01 ; 4.000e+00 ; 3.000e+00 ; 8.5033002e+01 ; 8.1479240e+01 
3.500e+01 ; 4.000e+00 ; 3.000e+00 ; 8.5065002e+01 ; 8.1469887e+01 
3.500e+01 ; 4.000e+00 ; 3.000e+00 ; 8.5129002e+01 ; 8.1448532e+01 
3.500e+01 ; 4.000e+00 ; 3.000e+00 ; 8.5257002e+01 ; 8.1396034e+01 
3.500e+01 ; 4.000e+00 ; 3.000e+00 ; 8.5513002e+01 ; 8.1257851e+01 
3.500e+01 ; 4.000e+00 ; 3.000e+00 ; 8.5850002e+01 ; 8.1030518e+01 
3.500e+01 ; 4.000e+00 ; 3.000e+00 ; 8.5850002e+01 ; 8.1030518e+01 
3.500e+01 ; 4.000e+00 ; 3.000e+00 ; 8.5851002e+01 ; 8.1029839e+01 
3.500e+01 ; 4.000e+00 ; 3.000e+00 ; 8.5852002e+01 ; 8.1029167e+01 
3.500e+01 ; 4.000e+00 ; 3.000e+00 ; 8.5853002e+01 ; 8.1028488e+01 
3.500e+01 ; 4.000e+00 ; 3.000e+00 ; 8.5855002e+01 ; 8.1027138e+01 
3.500e+01 ; 4.000e+00 ; 3.000e+00 ; 8.5859002e+01 ; 8.1024422e+01 
3.500e+01 ; 4.000e+00 ; 3.000e+00 ; 8.5867002e+01 ; 8.1018974e+01 
3.500e+01 ; 4.000e+00 ; 3.000e+00 ; 8.5883002e+01 ; 8.1007973e+01 
3.500e+01 ; 4.000e+00 ; 3.000e+00 ; 8.5915002e+01 ; 8.0985580e+01 
3.500e+01 ; 4.000e+00 ; 3.000e+00 ; 8.5979002e+01 ; 8.0939323e+01 
3.500e+01 ; 4.000e+00 ; 3.000e+00 ; 8.6107002e+01 ; 8.0841484e+01 
3.500e+01 ; 4.000e+00 ; 3.000e+00 ; 8.6363002e+01 ; 8.0628670e+01 
3.500e+01 ; 4.000e+00 ; 3.000e+00 ; 8.6700002e+01 ; 8.0326660e+01 
3.500e+01 ; 4.000e+00 ; 3.000e+00 ; 8.6700002e+01 ; 8.0326660e+01 
3.500e+01 ; 4.000e+00 ; 3.000e+00 ; 8.6701002e+01 ; 8.0325760e+01 
3.500e+01 ; 4.000e+00 ; 3.000e+00 ; 8.6702002e+01 ; 8.0324867e+01 
3.500e+01 ; 4.000e+00 ; 3.000e+00 ; 8.6703002e+01 ; 8.0323967e+01 
3.500e+01 ; 4.000e+00 ; 3.000e+00 ; 8.6705002e+01 ; 8.0322174e+01 
3.500e+01 ; 4.000e+00 ; 3.000e+00 ; 8.6709002e+01 ; 8.0318581e+01 
3.500e+01 ; 4.000e+00 ; 3.000e+00 ; 8.6717002e+01 ; 8.0311386e+01 
3.500e+01 ; 4.000e+00 ; 3.000e+00 ; 8.6733002e+01 ; 8.0296951e+01 
3.500e+01 ; 4.000e+00 ; 3.000e+00 ; 8.6765002e+01 ; 8.0267891e+01 
3.500e+01 ; 4.000e+00 ; 3.000e+00 ; 8.6829002e+01 ; 8.0209084e+01 
3.500e+01 ; 4.000e+00 ; 3.000e+00 ; 8.6957002e+01 ; 8.0089096e+01 
3.500e+01 ; 4.000e+00 ; 3.000e+00 ; 8.7213002e+01 ; 7.9842117e+01 
3.500e+01 ; 4.000e+00 ; 3.000e+00 ; 8.7550002e+01 ; 7.9509468e+01 
3.500e+01 ; 4.000e+00 ; 3.000e+00 ; 8.7550002e+01 ; 7.9509468e+01 
3.500e+01 ; 4.000e+00 ; 3.000e+00 ; 8.7551002e+01 ; 7.9508484e+01 
3.500e+01 ; 4.000e+00 ; 3.000e+00 ; 8.7552002e+01 ; 7.9507492e+01 
3.500e+01 ; 4.000e+00 ; 3.000e+00 ; 8.7553002e+01 ; 7.9506508e+01 
3.500e+01 ; 4.000e+00 ; 3.000e+00 ; 8.7555002e+01 ; 7.9504532e+01 
3.500e+01 ; 4.000e+00 ; 3.000e+00 ; 8.7559002e+01 ; 7.9500580e+01 
3.500e+01 ; 4.000e+00 ; 3.000e+00 ; 8.7567002e+01 ; 7.9492676e+01 
3.500e+01 ; 4.000e+00 ; 3.000e+00 ; 8.7583002e+01 ; 7.9476852e+01 
3.500e+01 ; 4.000e+00 ; 3.000e+00 ; 8.7615002e+01 ; 7.9445137e+01 
3.500e+01 ; 4.000e+00 ; 3.000e+00 ; 8.7679002e+01 ; 7.9381493e+01 
3.500e+01 ; 4.000e+00 ; 3.000e+00 ; 8.7807002e+01 ; 7.9253578e+01 
3.500e+01 ; 4.000e+00 ; 3.000e+00 ; 8.8063002e+01 ; 7.8996605e+01 
3.500e+01 ; 4.000e+00 ; 3.000e+00 ; 8.8400002e+01 ; 7.8658882e+01 
3.500e+01 ; 4.000e+00 ; 3.000e+00 ; 8.8400002e+01 ; 7.8658882e+01 
3.500e+01 ; 4.000e+00 ; 3.000e+00 ; 8.8401002e+01 ; 7.8657883e+01 
3.500e+01 ; 4.000e+00 ; 3.000e+00 ; 8.8402002e+01 ; 7.8656876e+01 
3.500e+01 ; 4.000e+00 ; 3.000e+00 ; 8.8403002e+01 ; 7.8655876e+01 
3.500e+01 ; 4.000e+00 ; 3.000e+00 ; 8.8405002e+01 ; 7.8653870e+01 
3.500e+01 ; 4.000e+00 ; 3.000e+00 ; 8.8409002e+01 ; 7.8649864e+01 
3.500e+01 ; 4.000e+00 ; 3.000e+00 ; 8.8417002e+01 ; 7.8641846e+01 
3.500e+01 ; 4.000e+00 ; 3.000e+00 ; 8.8433002e+01 ; 7.8625816e+01 
3.500e+01 ; 4.000e+00 ; 3.000e+00 ; 8.8465002e+01 ; 7.8593765e+01 
3.500e+01 ; 4.000e+00 ; 3.000e+00 ; 8.8529002e+01 ; 7.8529709e+01 
3.500e+01 ; 4.000e+00 ; 3.000e+00 ; 8.8657002e+01 ; 7.8401924e+01 
3.500e+01 ; 4.000e+00 ; 3.000e+00 ; 8.8913002e+01 ; 7.8148392e+01 
3.500e+01 ; 4.000e+00 ; 3.000e+00 ; 8.9250003e+01 ; 7.7819458e+01 
3.500e+01 ; 4.000e+00 ; 3.000e+00 ; 8.9250003e+01 ; 7.7819458e+01 
3.500e+01 ; 4.000e+00 ; 3.000e+00 ; 8.9251003e+01 ; 7.7818481e+01 
3.500e+01 ; 4.000e+00 ; 3.000e+00 ; 8.9252003e+01 ; 7.7817505e+01 
3.500e+01 ; 4.000e+00 ; 3.000e+00 ; 8.9253003e+01 ; 7.7816528e+01 
3.500e+01 ; 4.000e+00 ; 3.000e+00 ; 8.9255003e+01 ; 7.7814575e+01 
3.500e+01 ; 4.000e+00 ; 3.000e+00 ; 8.9259003e+01 ; 7.7810669e+01 
3.500e+01 ; 4.000e+00 ; 3.000e+00 ; 8.9267003e+01 ; 7.7802872e+01 
3.500e+01 ; 4.000e+00 ; 3.000e+00 ; 8.9283003e+01 ; 7.7787277e+01 
3.500e+01 ; 4.000e+00 ; 3.000e+00 ; 8.9315003e+01 ; 7.7756134e+01 
3.500e+01 ; 4.000e+00 ; 3.000e+00 ; 8.9379002e+01 ; 7.7694038e+01 
3.500e+01 ; 4.000e+00 ; 3.000e+00 ; 8.9507003e+01 ; 7.7570656e+01 
3.500e+01 ; 4.000e+00 ; 3.000e+00 ; 8.9763003e+01 ; 7.7327522e+01 
3.500e+01 ; 4.000e+00 ; 3.000e+00 ; 9.0100003e+01 ; 7.7014297e+01 
3.500e+01 ; 4.000e+00 ; 3.000e+00 ; 9.0100003e+01 ; 7.7014297e+01 
3.500e+01 ; 4.000e+00 ; 3.000e+00 ; 9.0110003e+01 ; 7.7005013e+01 
3.500e+01 ; 4.000e+00 ; 3.000e+00 ; 9.0120003e+01 ; 7.6995728e+01 
3.500e+01 ; 4.000e+00 ; 3.000e+00 ; 9.0130003e+01 ; 7.6986450e+01 
3.500e+01 ; 4.000e+00 ; 3.000e+00 ; 9.0150003e+01 ; 7.6967926e+01 
3.500e+01 ; 4.000e+00 ; 3.000e+00 ; 9.0190003e+01 ; 7.6930969e+01 
3.500e+01 ; 4.000e+00 ; 3.000e+00 ; 9.0270003e+01 ; 7.6857452e+01 
3.500e+01 ; 4.000e+00 ; 3.000e+00 ; 9.0430003e+01 ; 7.6712067e+01 
3.500e+01 ; 4.000e+00 ; 3.000e+00 ; 9.0750003e+01 ; 7.6428078e+01 
3.500e+01 ; 4.000e+00 ; 3.000e+00 ; 9.1390002e+01 ; 7.5887756e+01 
3.500e+01 ; 4.000e+00 ; 3.000e+00 ; 9.2670002e+01 ; 7.4912468e+01 
3.500e+01 ; 4.000e+00 ; 3.000e+00 ; 9.4590002e+01 ; 7.3655075e+01 
3.500e+01 ; 4.000e+00 ; 3.000e+00 ; 9.5100003e+01 ; 7.3334961e+01