X ; Y ; Z ; time ; Temperature 
3.500e+01 ; 4.800e+00 ; 6.000e-01 ; 0.0000000e+00 ; 2.2700000e+02 
3.500e+01 ; 4.800e+00 ; 6.000e-01 ; 1.0000000e-03 ; 2.2700000e+02 
3.500e+01 ; 4.800e+00 ; 6.000e-01 ; 2.0000001e-03 ; 2.2700000e+02 
3.500e+01 ; 4.800e+00 ; 6.000e-01 ; 3.0000000e-03 ; 2.2700000e+02 
3.500e+01 ; 4.800e+00 ; 6.000e-01 ; 4.9999999e-03 ; 2.2700000e+02 
3.500e+01 ; 4.800e+00 ; 6.000e-01 ; 8.9999996e-03 ; 2.2700000e+02 
3.500e+01 ; 4.800e+00 ; 6.000e-01 ; 1.7000001e-02 ; 2.2700000e+02 
3.500e+01 ; 4.800e+00 ; 6.000e-01 ; 3.3000000e-02 ; 2.2700000e+02 
3.500e+01 ; 4.800e+00 ; 6.000e-01 ; 6.4999998e-02 ; 2.2700000e+02 
3.500e+01 ; 4.800e+00 ; 6.000e-01 ; 1.2899999e-01 ; 2.2700000e+02 
3.500e+01 ; 4.800e+00 ; 6.000e-01 ; 2.5700000e-01 ; 2.2700000e+02 
3.500e+01 ; 4.800e+00 ; 6.000e-01 ; 5.1300001e-01 ; 2.2700000e+02 
3.500e+01 ; 4.800e+00 ; 6.000e-01 ; 7.6899999e-01 ; 2.2700000e+02 
3.500e+01 ; 4.800e+00 ; 6.000e-01 ; 8.5000002e-01 ; 2.2700000e+02 
3.500e+01 ; 4.800e+00 ; 6.000e-01 ; 8.5000002e-01 ; 2.2700000e+02 
3.500e+01 ; 4.800e+00 ; 6.000e-01 ; 8.5100002e-01 ; 2.2700000e+02 
3.500e+01 ; 4.800e+00 ; 6.000e-01 ; 8.5200002e-01 ; 2.2700000e+02 
3.500e+01 ; 4.800e+00 ; 6.000e-01 ; 8.5300002e-01 ; 2.2700000e+02 
3.500e+01 ; 4.800e+00 ; 6.000e-01 ; 8.5500002e-01 ; 2.2700000e+02 
3.500e+01 ; 4.800e+00 ; 6.000e-01 ; 8.5900002e-01 ; 2.2700000e+02 
3.500e+01 ; 4.800e+00 ; 6.000e-01 ; 8.6700002e-01 ; 2.2700000e+02 
3.500e+01 ; 4.800e+00 ; 6.000e-01 ; 8.8300002e-01 ; 2.2700000e+02 
3.500e+01 ; 4.800e+00 ; 6.000e-01 ; 9.1500002e-01 ; 2.2700000e+02 
3.500e+01 ; 4.800e+00 ; 6.000e-01 ; 9.7900002e-01 ; 2.2700000e+02 
3.500e+01 ; 4.800e+00 ; 6.000e-01 ; 1.1070000e+00 ; 2.2700000e+02 
3.500e+01 ; 4.800e+00 ; 6.000e-01 ; 1.3630000e+00 ; 2.2700000e+02 
3.500e+01 ; 4.800e+00 ; 6.000e-01 ; 1.7000000e+00 ; 2.2700000e+02 
3.500e+01 ; 4.800e+00 ; 6.000e-01 ; 1.7000000e+00 ; 2.2700000e+02 
3.500e+01 ; 4.800e+00 ; 6.000e-01 ; 1.7010000e+00 ; 2.2700000e+02 
3.500e+01 ; 4.800e+00 ; 6.000e-01 ; 1.7020000e+00 ; 2.2700000e+02 
3.500e+01 ; 4.800e+00 ; 6.000e-01 ; 1.7030000e+00 ; 2.2700000e+02 
3.500e+01 ; 4.800e+00 ; 6.000e-01 ; 1.7050000e+00 ; 2.2700000e+02 
3.500e+01 ; 4.800e+00 ; 6.000e-01 ; 1.7090000e+00 ; 2.2700000e+02 
3.500e+01 ; 4.800e+00 ; 6.000e-01 ; 1.7170000e+00 ; 2.2700000e+02 
3.500e+01 ; 4.800e+00 ; 6.000e-01 ; 1.7330000e+00 ; 2.2700000e+02 
3.500e+01 ; 4.800e+00 ; 6.000e-01 ; 1.7650000e+00 ; 2.2700000e+02 
3.500e+01 ; 4.800e+00 ; 6.000e-01 ; 1.8290000e+00 ; 2.2700000e+02 
3.500e+01 ; 4.800e+00 ; 6.000e-01 ; 1.9570000e+00 ; 2.2700000e+02 
3.500e+01 ; 4.800e+00 ; 6.000e-01 ; 2.2130001e+00 ; 2.2700000e+02 
3.500e+01 ; 4.800e+00 ; 6.000e-01 ; 2.5500001e+00 ; 2.2700000e+02 
3.500e+01 ; 4.800e+00 ; 6.000e-01 ; 2.5500001e+00 ; 2.2700000e+02 
3.500e+01 ; 4.800e+00 ; 6.000e-01 ; 2.5510001e+00 ; 2.2700000e+02 
3.500e+01 ; 4.800e+00 ; 6.000e-01 ; 2.5520001e+00 ; 2.2700000e+02 
3.500e+01 ; 4.800e+00 ; 6.000e-01 ; 2.5530001e+00 ; 2.2700000e+02 
3.500e+01 ; 4.800e+00 ; 6.000e-01 ; 2.5550001e+00 ; 2.2700000e+02 
3.500e+01 ; 4.800e+00 ; 6.000e-01 ; 2.5590001e+00 ; 2.2700000e+02 
3.500e+01 ; 4.800e+00 ; 6.000e-01 ; 2.5670001e+00 ; 2.2700000e+02 
3.500e+01 ; 4.800e+00 ; 6.000e-01 ; 2.5830001e+00 ; 2.2700000e+02 
3.500e+01 ; 4.800e+00 ; 6.000e-01 ; 2.6150001e+00 ; 2.2700000e+02 
3.500e+01 ; 4.800e+00 ; 6.000e-01 ; 2.6790001e+00 ; 2.2700000e+02 
3.500e+01 ; 4.800e+00 ; 6.000e-01 ; 2.8070001e+00 ; 2.2700000e+02 
3.500e+01 ; 4.800e+00 ; 6.000e-01 ; 3.0630001e+00 ; 2.2700000e+02 
3.500e+01 ; 4.800e+00 ; 6.000e-01 ; 3.4000001e+00 ; 2.2700000e+02 
3.500e+01 ; 4.800e+00 ; 6.000e-01 ; 3.4000001e+00 ; 2.2700000e+02 
3.500e+01 ; 4.800e+00 ; 6.000e-01 ; 3.4010001e+00 ; 2.2700000e+02 
3.500e+01 ; 4.800e+00 ; 6.000e-01 ; 3.4020001e+00 ; 2.2700000e+02 
3.500e+01 ; 4.800e+00 ; 6.000e-01 ; 3.4030001e+00 ; 2.2700000e+02 
3.500e+01 ; 4.800e+00 ; 6.000e-01 ; 3.4050001e+00 ; 2.2700000e+02 
3.500e+01 ; 4.800e+00 ; 6.000e-01 ; 3.4090001e+00 ; 2.2700000e+02 
3.500e+01 ; 4.800e+00 ; 6.000e-01 ; 3.4170001e+00 ; 2.2700000e+02 
3.500e+01 ; 4.800e+00 ; 6.000e-01 ; 3.4330001e+00 ; 2.2700000e+02 
3.500e+01 ; 4.800e+00 ; 6.000e-01 ; 3.4650001e+00 ; 2.2700000e+02 
3.500e+01 ; 4.800e+00 ; 6.000e-01 ; 3.5290001e+00 ; 2.2700000e+02 
3.500e+01 ; 4.800e+00 ; 6.000e-01 ; 3.6570001e+00 ; 2.2700000e+02 
3.500e+01 ; 4.800e+00 ; 6.000e-01 ; 3.9130001e+00 ; 2.2700000e+02 
3.500e+01 ; 4.800e+00 ; 6.000e-01 ; 4.2500001e+00 ; 2.2700000e+02 
3.500e+01 ; 4.800e+00 ; 6.000e-01 ; 4.2500001e+00 ; 2.2700000e+02 
3.500e+01 ; 4.800e+00 ; 6.000e-01 ; 4.2510001e+00 ; 2.2700000e+02 
3.500e+01 ; 4.800e+00 ; 6.000e-01 ; 4.2520001e+00 ; 2.2700000e+02 
3.500e+01 ; 4.800e+00 ; 6.000e-01 ; 4.2530001e+00 ; 2.2700000e+02 
3.500e+01 ; 4.800e+00 ; 6.000e-01 ; 4.2550001e+00 ; 2.2700000e+02 
3.500e+01 ; 4.800e+00 ; 6.000e-01 ; 4.2590001e+00 ; 2.2700000e+02 
3.500e+01 ; 4.800e+00 ; 6.000e-01 ; 4.2670001e+00 ; 2.2700000e+02 
3.500e+01 ; 4.800e+00 ; 6.000e-01 ; 4.2830001e+00 ; 2.2700000e+02 
3.500e+01 ; 4.800e+00 ; 6.000e-01 ; 4.3150001e+00 ; 2.2700000e+02 
3.500e+01 ; 4.800e+00 ; 6.000e-01 ; 4.3790001e+00 ; 2.2700000e+02 
3.500e+01 ; 4.800e+00 ; 6.000e-01 ; 4.5070001e+00 ; 2.2700000e+02 
3.500e+01 ; 4.800e+00 ; 6.000e-01 ; 4.7630001e+00 ; 2.2700000e+02 
3.500e+01 ; 4.800e+00 ; 6.000e-01 ; 5.1000001e+00 ; 2.2700000e+02 
3.500e+01 ; 4.800e+00 ; 6.000e-01 ; 5.1000001e+00 ; 2.2700000e+02 
3.500e+01 ; 4.800e+00 ; 6.000e-01 ; 5.1010001e+00 ; 2.2687857e+02 
3.500e+01 ; 4.800e+00 ; 6.000e-01 ; 5.1020001e+00 ; 2.2675725e+02 
3.500e+01 ; 4.800e+00 ; 6.000e-01 ; 5.1030001e+00 ; 2.2663605e+02 
3.500e+01 ; 4.800e+00 ; 6.000e-01 ; 5.1050001e+00 ; 2.2639407e+02 
3.500e+01 ; 4.800e+00 ; 6.000e-01 ; 5.1090001e+00 ; 2.2591188e+02 
3.500e+01 ; 4.800e+00 ; 6.000e-01 ; 5.1170001e+00 ; 2.2495453e+02 
3.500e+01 ; 4.800e+00 ; 6.000e-01 ; 5.1330001e+00 ; 2.2306741e+02 
3.500e+01 ; 4.800e+00 ; 6.000e-01 ; 5.1650001e+00 ; 2.1940034e+02 
3.500e+01 ; 4.800e+00 ; 6.000e-01 ; 5.2290001e+00 ; 2.1247032e+02 
3.500e+01 ; 4.800e+00 ; 6.000e-01 ; 5.3570001e+00 ; 2.0005272e+02 
3.500e+01 ; 4.800e+00 ; 6.000e-01 ; 5.6130002e+00 ; 1.7987547e+02 
3.500e+01 ; 4.800e+00 ; 6.000e-01 ; 5.9500002e+00 ; 1.5946854e+02 
3.500e+01 ; 4.800e+00 ; 6.000e-01 ; 5.9500002e+00 ; 1.5946854e+02 
3.500e+01 ; 4.800e+00 ; 6.000e-01 ; 5.9510002e+00 ; 1.5940804e+02 
3.500e+01 ; 4.800e+00 ; 6.000e-01 ; 5.9520002e+00 ; 1.5934760e+02 
3.500e+01 ; 4.800e+00 ; 6.000e-01 ; 5.9530002e+00 ; 1.5928720e+02 
3.500e+01 ; 4.800e+00 ; 6.000e-01 ; 5.9550002e+00 ; 1.5916666e+02 
3.500e+01 ; 4.800e+00 ; 6.000e-01 ; 5.9590002e+00 ; 1.5892645e+02 
3.500e+01 ; 4.800e+00 ; 6.000e-01 ; 5.9670002e+00 ; 1.5844965e+02 
3.500e+01 ; 4.800e+00 ; 6.000e-01 ; 5.9830002e+00 ; 1.5751012e+02 
3.500e+01 ; 4.800e+00 ; 6.000e-01 ; 6.0150002e+00 ; 1.5568565e+02 
3.500e+01 ; 4.800e+00 ; 6.000e-01 ; 6.0790002e+00 ; 1.5224136e+02 
3.500e+01 ; 4.800e+00 ; 6.000e-01 ; 6.2070002e+00 ; 1.4607660e+02 
3.500e+01 ; 4.800e+00 ; 6.000e-01 ; 6.4630002e+00 ; 1.3605902e+02 
3.500e+01 ; 4.800e+00 ; 6.000e-01 ; 6.8000002e+00 ; 1.2590013e+02 
3.500e+01 ; 4.800e+00 ; 6.000e-01 ; 6.8000002e+00 ; 1.2590013e+02 
3.500e+01 ; 4.800e+00 ; 6.000e-01 ; 6.8010002e+00 ; 1.2587001e+02 
3.500e+01 ; 4.800e+00 ; 6.000e-01 ; 6.8020002e+00 ; 1.2583992e+02 
3.500e+01 ; 4.800e+00 ; 6.000e-01 ; 6.8030002e+00 ; 1.2580985e+02 
3.500e+01 ; 4.800e+00 ; 6.000e-01 ; 6.8050002e+00 ; 1.2574982e+02 
3.500e+01 ; 4.800e+00 ; 6.000e-01 ; 6.8090002e+00 ; 1.2563017e+02 
3.500e+01 ; 4.800e+00 ; 6.000e-01 ; 6.8170002e+00 ; 1.2539249e+02 
3.500e+01 ; 4.800e+00 ; 6.000e-01 ; 6.8330002e+00 ; 1.2492363e+02 
3.500e+01 ; 4.800e+00 ; 6.000e-01 ; 6.8650002e+00 ; 1.2401107e+02 
3.500e+01 ; 4.800e+00 ; 6.000e-01 ; 6.9290002e+00 ; 1.2228138e+02 
3.500e+01 ; 4.800e+00 ; 6.000e-01 ; 7.0570002e+00 ; 1.1916560e+02 
3.500e+01 ; 4.800e+00 ; 6.000e-01 ; 7.3130002e+00 ; 1.1405920e+02 
3.500e+01 ; 4.800e+00 ; 6.000e-01 ; 7.6500002e+00 ; 1.0884704e+02 
3.500e+01 ; 4.800e+00 ; 6.000e-01 ; 7.6500002e+00 ; 1.0884704e+02 
3.500e+01 ; 4.800e+00 ; 6.000e-01 ; 7.6510002e+00 ; 1.0883158e+02 
3.500e+01 ; 4.800e+00 ; 6.000e-01 ; 7.6520002e+00 ; 1.0881615e+02 
3.500e+01 ; 4.800e+00 ; 6.000e-01 ; 7.6530002e+00 ; 1.0880072e+02 
3.500e+01 ; 4.800e+00 ; 6.000e-01 ; 7.6550002e+00 ; 1.0876991e+02 
3.500e+01 ; 4.800e+00 ; 6.000e-01 ; 7.6590002e+00 ; 1.0870853e+02 
3.500e+01 ; 4.800e+00 ; 6.000e-01 ; 7.6670002e+00 ; 1.0858658e+02 
3.500e+01 ; 4.800e+00 ; 6.000e-01 ; 7.6830002e+00 ; 1.0834600e+02 
3.500e+01 ; 4.800e+00 ; 6.000e-01 ; 7.7150002e+00 ; 1.0787771e+02 
3.500e+01 ; 4.800e+00 ; 6.000e-01 ; 7.7790002e+00 ; 1.0698992e+02 
3.500e+01 ; 4.800e+00 ; 6.000e-01 ; 7.9070002e+00 ; 1.0539011e+02 
3.500e+01 ; 4.800e+00 ; 6.000e-01 ; 8.1630002e+00 ; 1.0276666e+02 
3.500e+01 ; 4.800e+00 ; 6.000e-01 ; 8.5000002e+00 ; 1.0008726e+02 
3.500e+01 ; 4.800e+00 ; 6.000e-01 ; 8.5000002e+00 ; 1.0008726e+02 
3.500e+01 ; 4.800e+00 ; 6.000e-01 ; 8.5010002e+00 ; 1.0007932e+02 
3.500e+01 ; 4.800e+00 ; 6.000e-01 ; 8.5020002e+00 ; 1.0007137e+02 
3.500e+01 ; 4.800e+00 ; 6.000e-01 ; 8.5030002e+00 ; 1.0006345e+02 
3.500e+01 ; 4.800e+00 ; 6.000e-01 ; 8.5050002e+00 ; 1.0004762e+02 
3.500e+01 ; 4.800e+00 ; 6.000e-01 ; 8.5090002e+00 ; 1.0001605e+02 
3.500e+01 ; 4.800e+00 ; 6.000e-01 ; 8.5170002e+00 ; 9.9953362e+01 
3.500e+01 ; 4.800e+00 ; 6.000e-01 ; 8.5330002e+00 ; 9.9829681e+01 
3.500e+01 ; 4.800e+00 ; 6.000e-01 ; 8.5650002e+00 ; 9.9588921e+01 
3.500e+01 ; 4.800e+00 ; 6.000e-01 ; 8.6290002e+00 ; 9.9132431e+01 
3.500e+01 ; 4.800e+00 ; 6.000e-01 ; 8.7570002e+00 ; 9.8309677e+01 
3.500e+01 ; 4.800e+00 ; 6.000e-01 ; 9.0130002e+00 ; 9.6960075e+01 
3.500e+01 ; 4.800e+00 ; 6.000e-01 ; 9.3500003e+00 ; 9.5581284e+01 
3.500e+01 ; 4.800e+00 ; 6.000e-01 ; 9.3500003e+00 ; 9.5581284e+01 
3.500e+01 ; 4.800e+00 ; 6.000e-01 ; 9.3510003e+00 ; 9.5577194e+01 
3.500e+01 ; 4.800e+00 ; 6.000e-01 ; 9.3520003e+00 ; 9.5573105e+01 
3.500e+01 ; 4.800e+00 ; 6.000e-01 ; 9.3530003e+00 ; 9.5569031e+01 
3.500e+01 ; 4.800e+00 ; 6.000e-01 ; 9.3550003e+00 ; 9.5560883e+01 
3.500e+01 ; 4.800e+00 ; 6.000e-01 ; 9.3590003e+00 ; 9.5544640e+01 
3.500e+01 ; 4.800e+00 ; 6.000e-01 ; 9.3670003e+00 ; 9.5512383e+01 
3.500e+01 ; 4.800e+00 ; 6.000e-01 ; 9.3830003e+00 ; 9.5448730e+01 
3.500e+01 ; 4.800e+00 ; 6.000e-01 ; 9.4150003e+00 ; 9.5324829e+01 
3.500e+01 ; 4.800e+00 ; 6.000e-01 ; 9.4790003e+00 ; 9.5089905e+01 
3.500e+01 ; 4.800e+00 ; 6.000e-01 ; 9.6070003e+00 ; 9.4666428e+01 
3.500e+01 ; 4.800e+00 ; 6.000e-01 ; 9.8630003e+00 ; 9.3971687e+01 
3.500e+01 ; 4.800e+00 ; 6.000e-01 ; 1.0200000e+01 ; 9.3261810e+01 
3.500e+01 ; 4.800e+00 ; 6.000e-01 ; 1.0200000e+01 ; 9.3261810e+01 
3.500e+01 ; 4.800e+00 ; 6.000e-01 ; 1.0201000e+01 ; 9.3259705e+01 
3.500e+01 ; 4.800e+00 ; 6.000e-01 ; 1.0202000e+01 ; 9.3257599e+01 
3.500e+01 ; 4.800e+00 ; 6.000e-01 ; 1.0203000e+01 ; 9.3255501e+01 
3.500e+01 ; 4.800e+00 ; 6.000e-01 ; 1.0205000e+01 ; 9.3251305e+01 
3.500e+01 ; 4.800e+00 ; 6.000e-01 ; 1.0209000e+01 ; 9.3242943e+01 
3.500e+01 ; 4.800e+00 ; 6.000e-01 ; 1.0217000e+01 ; 9.3226334e+01 
3.500e+01 ; 4.800e+00 ; 6.000e-01 ; 1.0233000e+01 ; 9.3193565e+01 
3.500e+01 ; 4.800e+00 ; 6.000e-01 ; 1.0265000e+01 ; 9.3129768e+01 
3.500e+01 ; 4.800e+00 ; 6.000e-01 ; 1.0329000e+01 ; 9.3008812e+01 
3.500e+01 ; 4.800e+00 ; 6.000e-01 ; 1.0457000e+01 ; 9.2790756e+01 
3.500e+01 ; 4.800e+00 ; 6.000e-01 ; 1.0713000e+01 ; 9.2433006e+01 
3.500e+01 ; 4.800e+00 ; 6.000e-01 ; 1.1050000e+01 ; 9.2067421e+01 
3.500e+01 ; 4.800e+00 ; 6.000e-01 ; 1.1050000e+01 ; 9.2067421e+01 
3.500e+01 ; 4.800e+00 ; 6.000e-01 ; 1.1051000e+01 ; 9.2066338e+01 
3.500e+01 ; 4.800e+00 ; 6.000e-01 ; 1.1052000e+01 ; 9.2065254e+01 
3.500e+01 ; 4.800e+00 ; 6.000e-01 ; 1.1053000e+01 ; 9.2064171e+01 
3.500e+01 ; 4.800e+00 ; 6.000e-01 ; 1.1055000e+01 ; 9.2062012e+01 
3.500e+01 ; 4.800e+00 ; 6.000e-01 ; 1.1059000e+01 ; 9.2057709e+01 
3.500e+01 ; 4.800e+00 ; 6.000e-01 ; 1.1067000e+01 ; 9.2049156e+01 
3.500e+01 ; 4.800e+00 ; 6.000e-01 ; 1.1083000e+01 ; 9.2032280e+01 
3.500e+01 ; 4.800e+00 ; 6.000e-01 ; 1.1115000e+01 ; 9.1999428e+01 
3.500e+01 ; 4.800e+00 ; 6.000e-01 ; 1.1179000e+01 ; 9.1937126e+01 
3.500e+01 ; 4.800e+00 ; 6.000e-01 ; 1.1307000e+01 ; 9.1824829e+01 
3.500e+01 ; 4.800e+00 ; 6.000e-01 ; 1.1563000e+01 ; 9.1640572e+01 
3.500e+01 ; 4.800e+00 ; 6.000e-01 ; 1.1900000e+01 ; 9.1452278e+01 
3.500e+01 ; 4.800e+00 ; 6.000e-01 ; 1.1900000e+01 ; 9.1452278e+01 
3.500e+01 ; 4.800e+00 ; 6.000e-01 ; 1.1901000e+01 ; 9.1451721e+01 
3.500e+01 ; 4.800e+00 ; 6.000e-01 ; 1.1902000e+01 ; 9.1451164e+01 
3.500e+01 ; 4.800e+00 ; 6.000e-01 ; 1.1903000e+01 ; 9.1450607e+01 
3.500e+01 ; 4.800e+00 ; 6.000e-01 ; 1.1905000e+01 ; 9.1449493e+01 
3.500e+01 ; 4.800e+00 ; 6.000e-01 ; 1.1909000e+01 ; 9.1447273e+01 
3.500e+01 ; 4.800e+00 ; 6.000e-01 ; 1.1917000e+01 ; 9.1442871e+01 
3.500e+01 ; 4.800e+00 ; 6.000e-01 ; 1.1933000e+01 ; 9.1434181e+01 
3.500e+01 ; 4.800e+00 ; 6.000e-01 ; 1.1965000e+01 ; 9.1417259e+01 
3.500e+01 ; 4.800e+00 ; 6.000e-01 ; 1.2029000e+01 ; 9.1385170e+01 
3.500e+01 ; 4.800e+00 ; 6.000e-01 ; 1.2157000e+01 ; 9.1327332e+01 
3.500e+01 ; 4.800e+00 ; 6.000e-01 ; 1.2413000e+01 ; 9.1232422e+01 
3.500e+01 ; 4.800e+00 ; 6.000e-01 ; 1.2750000e+01 ; 9.1135429e+01 
3.500e+01 ; 4.800e+00 ; 6.000e-01 ; 1.2750000e+01 ; 9.1135429e+01 
3.500e+01 ; 4.800e+00 ; 6.000e-01 ; 1.2751000e+01 ; 9.1135147e+01 
3.500e+01 ; 4.800e+00 ; 6.000e-01 ; 1.2752000e+01 ; 9.1134857e+01 
3.500e+01 ; 4.800e+00 ; 6.000e-01 ; 1.2753000e+01 ; 9.1134567e+01 
3.500e+01 ; 4.800e+00 ; 6.000e-01 ; 1.2755000e+01 ; 9.1133995e+01 
3.500e+01 ; 4.800e+00 ; 6.000e-01 ; 1.2759000e+01 ; 9.1132858e+01 
3.500e+01 ; 4.800e+00 ; 6.000e-01 ; 1.2767000e+01 ; 9.1130585e+01 
3.500e+01 ; 4.800e+00 ; 6.000e-01 ; 1.2783000e+01 ; 9.1126106e+01 
3.500e+01 ; 4.800e+00 ; 6.000e-01 ; 1.2815000e+01 ; 9.1117393e+01 
3.500e+01 ; 4.800e+00 ; 6.000e-01 ; 1.2879000e+01 ; 9.1100868e+01 
3.500e+01 ; 4.800e+00 ; 6.000e-01 ; 1.3007000e+01 ; 9.1071068e+01 
3.500e+01 ; 4.800e+00 ; 6.000e-01 ; 1.3263000e+01 ; 9.1022186e+01 
3.500e+01 ; 4.800e+00 ; 6.000e-01 ; 1.3600000e+01 ; 9.0972221e+01 
3.500e+01 ; 4.800e+00 ; 6.000e-01 ; 1.3600000e+01 ; 9.0972221e+01 
3.500e+01 ; 4.800e+00 ; 6.000e-01 ; 1.3601000e+01 ; 9.0972076e+01 
3.500e+01 ; 4.800e+00 ; 6.000e-01 ; 1.3602000e+01 ; 9.0971931e+01 
3.500e+01 ; 4.800e+00 ; 6.000e-01 ; 1.3603000e+01 ; 9.0971779e+01 
3.500e+01 ; 4.800e+00 ; 6.000e-01 ; 1.3605000e+01 ; 9.0971489e+01 
3.500e+01 ; 4.800e+00 ; 6.000e-01 ; 1.3609000e+01 ; 9.0970894e+01 
3.500e+01 ; 4.800e+00 ; 6.000e-01 ; 1.3617000e+01 ; 9.0969727e+01 
3.500e+01 ; 4.800e+00 ; 6.000e-01 ; 1.3633000e+01 ; 9.0967422e+01 
3.500e+01 ; 4.800e+00 ; 6.000e-01 ; 1.3665000e+01 ; 9.0962929e+01 
3.500e+01 ; 4.800e+00 ; 6.000e-01 ; 1.3729000e+01 ; 9.0954422e+01 
3.500e+01 ; 4.800e+00 ; 6.000e-01 ; 1.3857000e+01 ; 9.0939072e+01 
3.500e+01 ; 4.800e+00 ; 6.000e-01 ; 1.4113000e+01 ; 9.0913887e+01 
3.500e+01 ; 4.800e+00 ; 6.000e-01 ; 1.4450000e+01 ; 9.0888153e+01 
3.500e+01 ; 4.800e+00 ; 6.000e-01 ; 1.4450000e+01 ; 9.0888153e+01 
3.500e+01 ; 4.800e+00 ; 6.000e-01 ; 1.4451000e+01 ; 9.0888077e+01 
3.500e+01 ; 4.800e+00 ; 6.000e-01 ; 1.4452000e+01 ; 9.0888000e+01 
3.500e+01 ; 4.800e+00 ; 6.000e-01 ; 1.4453000e+01 ; 9.0887924e+01 
3.500e+01 ; 4.800e+00 ; 6.000e-01 ; 1.4455000e+01 ; 9.0887772e+01 
3.500e+01 ; 4.800e+00 ; 6.000e-01 ; 1.4459000e+01 ; 9.0887466e+01 
3.500e+01 ; 4.800e+00 ; 6.000e-01 ; 1.4467000e+01 ; 9.0886864e+01 
3.500e+01 ; 4.800e+00 ; 6.000e-01 ; 1.4483000e+01 ; 9.0885681e+01 
3.500e+01 ; 4.800e+00 ; 6.000e-01 ; 1.4515000e+01 ; 9.0883369e+01 
3.500e+01 ; 4.800e+00 ; 6.000e-01 ; 1.4579000e+01 ; 9.0878983e+01 
3.500e+01 ; 4.800e+00 ; 6.000e-01 ; 1.4707000e+01 ; 9.0871078e+01 
3.500e+01 ; 4.800e+00 ; 6.000e-01 ; 1.4963000e+01 ; 9.0858101e+01 
3.500e+01 ; 4.800e+00 ; 6.000e-01 ; 1.5300000e+01 ; 9.0844849e+01 
3.500e+01 ; 4.800e+00 ; 6.000e-01 ; 1.5300000e+01 ; 9.0844849e+01 
3.500e+01 ; 4.800e+00 ; 6.000e-01 ; 1.5301000e+01 ; 9.0844810e+01 
3.500e+01 ; 4.800e+00 ; 6.000e-01 ; 1.5302000e+01 ; 9.0844765e+01 
3.500e+01 ; 4.800e+00 ; 6.000e-01 ; 1.5303000e+01 ; 9.0844727e+01 
3.500e+01 ; 4.800e+00 ; 6.000e-01 ; 1.5305000e+01 ; 9.0844650e+01 
3.500e+01 ; 4.800e+00 ; 6.000e-01 ; 1.5309000e+01 ; 9.0844498e+01 
3.500e+01 ; 4.800e+00 ; 6.000e-01 ; 1.5317000e+01 ; 9.0844185e+01 
3.500e+01 ; 4.800e+00 ; 6.000e-01 ; 1.5333000e+01 ; 9.0843575e+01 
3.500e+01 ; 4.800e+00 ; 6.000e-01 ; 1.5365000e+01 ; 9.0842384e+01 
3.500e+01 ; 4.800e+00 ; 6.000e-01 ; 1.5429000e+01 ; 9.0840118e+01 
3.500e+01 ; 4.800e+00 ; 6.000e-01 ; 1.5557000e+01 ; 9.0836052e+01 
3.500e+01 ; 4.800e+00 ; 6.000e-01 ; 1.5813000e+01 ; 9.0829369e+01 
3.500e+01 ; 4.800e+00 ; 6.000e-01 ; 1.6150000e+01 ; 9.0822540e+01 
3.500e+01 ; 4.800e+00 ; 6.000e-01 ; 1.6150000e+01 ; 9.0822540e+01 
3.500e+01 ; 4.800e+00 ; 6.000e-01 ; 1.6151000e+01 ; 9.0822517e+01 
3.500e+01 ; 4.800e+00 ; 6.000e-01 ; 1.6152000e+01 ; 9.0822495e+01 
3.500e+01 ; 4.800e+00 ; 6.000e-01 ; 1.6153000e+01 ; 9.0822479e+01 
3.500e+01 ; 4.800e+00 ; 6.000e-01 ; 1.6155000e+01 ; 9.0822441e+01 
3.500e+01 ; 4.800e+00 ; 6.000e-01 ; 1.6159000e+01 ; 9.0822357e+01 
3.500e+01 ; 4.800e+00 ; 6.000e-01 ; 1.6167000e+01 ; 9.0822197e+01 
3.500e+01 ; 4.800e+00 ; 6.000e-01 ; 1.6183000e+01 ; 9.0821884e+01 
3.500e+01 ; 4.800e+00 ; 6.000e-01 ; 1.6215000e+01 ; 9.0821266e+01 
3.500e+01 ; 4.800e+00 ; 6.000e-01 ; 1.6279000e+01 ; 9.0820107e+01 
3.500e+01 ; 4.800e+00 ; 6.000e-01 ; 1.6407000e+01 ; 9.0818016e+01 
3.500e+01 ; 4.800e+00 ; 6.000e-01 ; 1.6663000e+01 ; 9.0814621e+01 
3.500e+01 ; 4.800e+00 ; 6.000e-01 ; 1.7000000e+01 ; 9.0811218e+01 
3.500e+01 ; 4.800e+00 ; 6.000e-01 ; 1.7000000e+01 ; 9.0811218e+01 
3.500e+01 ; 4.800e+00 ; 6.000e-01 ; 1.7001000e+01 ; 9.0811211e+01 
3.500e+01 ; 4.800e+00 ; 6.000e-01 ; 1.7002000e+01 ; 9.0811203e+01 
3.500e+01 ; 4.800e+00 ; 6.000e-01 ; 1.7003000e+01 ; 9.0811188e+01 
3.500e+01 ; 4.800e+00 ; 6.000e-01 ; 1.7005000e+01 ; 9.0811172e+01 
3.500e+01 ; 4.800e+00 ; 6.000e-01 ; 1.7009000e+01 ; 9.0811134e+01 
3.500e+01 ; 4.800e+00 ; 6.000e-01 ; 1.7017000e+01 ; 9.0811066e+01 
3.500e+01 ; 4.800e+00 ; 6.000e-01 ; 1.7033000e+01 ; 9.0810951e+01 
3.500e+01 ; 4.800e+00 ; 6.000e-01 ; 1.7065000e+01 ; 9.0810829e+01 
3.500e+01 ; 4.800e+00 ; 6.000e-01 ; 1.7129000e+01 ; 9.0811035e+01 
3.500e+01 ; 4.800e+00 ; 6.000e-01 ; 1.7257000e+01 ; 9.0813309e+01 
3.500e+01 ; 4.800e+00 ; 6.000e-01 ; 1.7513000e+01 ; 9.0824051e+01 
3.500e+01 ; 4.800e+00 ; 6.000e-01 ; 1.7850001e+01 ; 9.0844498e+01 
3.500e+01 ; 4.800e+00 ; 6.000e-01 ; 1.7850001e+01 ; 9.0844498e+01 
3.500e+01 ; 4.800e+00 ; 6.000e-01 ; 1.7851001e+01 ; 9.0850555e+01 
3.500e+01 ; 4.800e+00 ; 6.000e-01 ; 1.7852001e+01 ; 9.0856644e+01 
3.500e+01 ; 4.800e+00 ; 6.000e-01 ; 1.7853001e+01 ; 9.0862755e+01 
3.500e+01 ; 4.800e+00 ; 6.000e-01 ; 1.7855001e+01 ; 9.0875092e+01 
3.500e+01 ; 4.800e+00 ; 6.000e-01 ; 1.7859001e+01 ; 9.0900215e+01 
3.500e+01 ; 4.800e+00 ; 6.000e-01 ; 1.7867001e+01 ; 9.0952156e+01 
3.500e+01 ; 4.800e+00 ; 6.000e-01 ; 1.7883001e+01 ; 9.1062485e+01 
3.500e+01 ; 4.800e+00 ; 6.000e-01 ; 1.7915000e+01 ; 9.1305977e+01 
3.500e+01 ; 4.800e+00 ; 6.000e-01 ; 1.7979000e+01 ; 9.1864105e+01 
3.500e+01 ; 4.800e+00 ; 6.000e-01 ; 1.8107000e+01 ; 9.3141037e+01 
3.500e+01 ; 4.800e+00 ; 6.000e-01 ; 1.8363001e+01 ; 9.5753700e+01 
3.500e+01 ; 4.800e+00 ; 6.000e-01 ; 1.8700001e+01 ; 9.8603027e+01 
3.500e+01 ; 4.800e+00 ; 6.000e-01 ; 1.8700001e+01 ; 9.8603027e+01 
3.500e+01 ; 4.800e+00 ; 6.000e-01 ; 1.8701001e+01 ; 9.8616081e+01 
3.500e+01 ; 4.800e+00 ; 6.000e-01 ; 1.8702001e+01 ; 9.8629135e+01 
3.500e+01 ; 4.800e+00 ; 6.000e-01 ; 1.8703001e+01 ; 9.8642197e+01 
3.500e+01 ; 4.800e+00 ; 6.000e-01 ; 1.8705001e+01 ; 9.8668312e+01 
3.500e+01 ; 4.800e+00 ; 6.000e-01 ; 1.8709001e+01 ; 9.8720535e+01 
3.500e+01 ; 4.800e+00 ; 6.000e-01 ; 1.8717001e+01 ; 9.8824959e+01 
3.500e+01 ; 4.800e+00 ; 6.000e-01 ; 1.8733001e+01 ; 9.9033577e+01 
3.500e+01 ; 4.800e+00 ; 6.000e-01 ; 1.8765001e+01 ; 9.9449043e+01 
3.500e+01 ; 4.800e+00 ; 6.000e-01 ; 1.8829001e+01 ; 1.0026669e+02 
3.500e+01 ; 4.800e+00 ; 6.000e-01 ; 1.8957001e+01 ; 1.0181267e+02 
3.500e+01 ; 4.800e+00 ; 6.000e-01 ; 1.9213001e+01 ; 1.0440155e+02 
3.500e+01 ; 4.800e+00 ; 6.000e-01 ; 1.9550001e+01 ; 1.0680721e+02 
3.500e+01 ; 4.800e+00 ; 6.000e-01 ; 1.9550001e+01 ; 1.0680721e+02 
3.500e+01 ; 4.800e+00 ; 6.000e-01 ; 1.9551001e+01 ; 1.0681433e+02 
3.500e+01 ; 4.800e+00 ; 6.000e-01 ; 1.9552001e+01 ; 1.0682143e+02 
3.500e+01 ; 4.800e+00 ; 6.000e-01 ; 1.9553001e+01 ; 1.0682853e+02 
3.500e+01 ; 4.800e+00 ; 6.000e-01 ; 1.9555001e+01 ; 1.0684266e+02 
3.500e+01 ; 4.800e+00 ; 6.000e-01 ; 1.9559001e+01 ; 1.0687067e+02 
3.500e+01 ; 4.800e+00 ; 6.000e-01 ; 1.9567001e+01 ; 1.0692576e+02 
3.500e+01 ; 4.800e+00 ; 6.000e-01 ; 1.9583001e+01 ; 1.0703223e+02 
3.500e+01 ; 4.800e+00 ; 6.000e-01 ; 1.9615001e+01 ; 1.0723098e+02 
3.500e+01 ; 4.800e+00 ; 6.000e-01 ; 1.9679001e+01 ; 1.0757624e+02 
3.500e+01 ; 4.800e+00 ; 6.000e-01 ; 1.9807001e+01 ; 1.0808903e+02 
3.500e+01 ; 4.800e+00 ; 6.000e-01 ; 2.0063001e+01 ; 1.0859433e+02 
3.500e+01 ; 4.800e+00 ; 6.000e-01 ; 2.0400001e+01 ; 1.0866360e+02 
3.500e+01 ; 4.800e+00 ; 6.000e-01 ; 2.0400001e+01 ; 1.0866360e+02 
3.500e+01 ; 4.800e+00 ; 6.000e-01 ; 2.0401001e+01 ; 1.0866380e+02 
3.500e+01 ; 4.800e+00 ; 6.000e-01 ; 2.0402001e+01 ; 1.0866399e+02 
3.500e+01 ; 4.800e+00 ; 6.000e-01 ; 2.0403001e+01 ; 1.0866418e+02 
3.500e+01 ; 4.800e+00 ; 6.000e-01 ; 2.0405001e+01 ; 1.0866454e+02 
3.500e+01 ; 4.800e+00 ; 6.000e-01 ; 2.0409001e+01 ; 1.0866518e+02 
3.500e+01 ; 4.800e+00 ; 6.000e-01 ; 2.0417001e+01 ; 1.0866611e+02 
3.500e+01 ; 4.800e+00 ; 6.000e-01 ; 2.0433001e+01 ; 1.0866673e+02 
3.500e+01 ; 4.800e+00 ; 6.000e-01 ; 2.0465001e+01 ; 1.0866307e+02 
3.500e+01 ; 4.800e+00 ; 6.000e-01 ; 2.0529001e+01 ; 1.0863809e+02 
3.500e+01 ; 4.800e+00 ; 6.000e-01 ; 2.0657001e+01 ; 1.0852972e+02 
3.500e+01 ; 4.800e+00 ; 6.000e-01 ; 2.0913001e+01 ; 1.0815259e+02 
3.500e+01 ; 4.800e+00 ; 6.000e-01 ; 2.1250001e+01 ; 1.0749237e+02 
3.500e+01 ; 4.800e+00 ; 6.000e-01 ; 2.1250001e+01 ; 1.0749237e+02 
3.500e+01 ; 4.800e+00 ; 6.000e-01 ; 2.1251001e+01 ; 1.0749041e+02 
3.500e+01 ; 4.800e+00 ; 6.000e-01 ; 2.1252001e+01 ; 1.0748845e+02 
3.500e+01 ; 4.800e+00 ; 6.000e-01 ; 2.1253001e+01 ; 1.0748649e+02 
3.500e+01 ; 4.800e+00 ; 6.000e-01 ; 2.1255001e+01 ; 1.0748255e+02 
3.500e+01 ; 4.800e+00 ; 6.000e-01 ; 2.1259001e+01 ; 1.0747466e+02 
3.500e+01 ; 4.800e+00 ; 6.000e-01 ; 2.1267001e+01 ; 1.0745880e+02 
3.500e+01 ; 4.800e+00 ; 6.000e-01 ; 2.1283001e+01 ; 1.0742673e+02 
3.500e+01 ; 4.800e+00 ; 6.000e-01 ; 2.1315001e+01 ; 1.0736129e+02 
3.500e+01 ; 4.800e+00 ; 6.000e-01 ; 2.1379001e+01 ; 1.0722591e+02 
3.500e+01 ; 4.800e+00 ; 6.000e-01 ; 2.1507001e+01 ; 1.0694159e+02 
3.500e+01 ; 4.800e+00 ; 6.000e-01 ; 2.1763001e+01 ; 1.0634432e+02 
3.500e+01 ; 4.800e+00 ; 6.000e-01 ; 2.2100001e+01 ; 1.0554713e+02 
3.500e+01 ; 4.800e+00 ; 6.000e-01 ; 2.2100001e+01 ; 1.0554713e+02 
3.500e+01 ; 4.800e+00 ; 6.000e-01 ; 2.2101001e+01 ; 1.0554477e+02 
3.500e+01 ; 4.800e+00 ; 6.000e-01 ; 2.2102001e+01 ; 1.0554240e+02 
3.500e+01 ; 4.800e+00 ; 6.000e-01 ; 2.2103001e+01 ; 1.0554004e+02 
3.500e+01 ; 4.800e+00 ; 6.000e-01 ; 2.2105001e+01 ; 1.0553530e+02 
3.500e+01 ; 4.800e+00 ; 6.000e-01 ; 2.2109001e+01 ; 1.0552584e+02 
3.500e+01 ; 4.800e+00 ; 6.000e-01 ; 2.2117001e+01 ; 1.0550690e+02 
3.500e+01 ; 4.800e+00 ; 6.000e-01 ; 2.2133001e+01 ; 1.0546902e+02 
3.500e+01 ; 4.800e+00 ; 6.000e-01 ; 2.2165001e+01 ; 1.0539320e+02 
3.500e+01 ; 4.800e+00 ; 6.000e-01 ; 2.2229001e+01 ; 1.0524165e+02 
3.500e+01 ; 4.800e+00 ; 6.000e-01 ; 2.2357001e+01 ; 1.0494028e+02 
3.500e+01 ; 4.800e+00 ; 6.000e-01 ; 2.2613001e+01 ; 1.0435240e+02 
3.500e+01 ; 4.800e+00 ; 6.000e-01 ; 2.2950001e+01 ; 1.0361515e+02 
3.500e+01 ; 4.800e+00 ; 6.000e-01 ; 2.2950001e+01 ; 1.0361515e+02 
3.500e+01 ; 4.800e+00 ; 6.000e-01 ; 2.2951001e+01 ; 1.0361296e+02 
3.500e+01 ; 4.800e+00 ; 6.000e-01 ; 2.2952001e+01 ; 1.0361077e+02 
3.500e+01 ; 4.800e+00 ; 6.000e-01 ; 2.2953001e+01 ; 1.0360859e+02 
3.500e+01 ; 4.800e+00 ; 6.000e-01 ; 2.2955001e+01 ; 1.0360422e+02 
3.500e+01 ; 4.800e+00 ; 6.000e-01 ; 2.2959001e+01 ; 1.0359547e+02 
3.500e+01 ; 4.800e+00 ; 6.000e-01 ; 2.2967001e+01 ; 1.0357802e+02 
3.500e+01 ; 4.800e+00 ; 6.000e-01 ; 2.2983001e+01 ; 1.0354319e+02 
3.500e+01 ; 4.800e+00 ; 6.000e-01 ; 2.3015001e+01 ; 1.0347388e+02 
3.500e+01 ; 4.800e+00 ; 6.000e-01 ; 2.3079001e+01 ; 1.0333670e+02 
3.500e+01 ; 4.800e+00 ; 6.000e-01 ; 2.3207001e+01 ; 1.0306849e+02 
3.500e+01 ; 4.800e+00 ; 6.000e-01 ; 2.3463001e+01 ; 1.0255818e+02 
3.500e+01 ; 4.800e+00 ; 6.000e-01 ; 2.3800001e+01 ; 1.0193276e+02 
3.500e+01 ; 4.800e+00 ; 6.000e-01 ; 2.3800001e+01 ; 1.0193276e+02 
3.500e+01 ; 4.800e+00 ; 6.000e-01 ; 2.3801001e+01 ; 1.0193091e+02 
3.500e+01 ; 4.800e+00 ; 6.000e-01 ; 2.3802001e+01 ; 1.0192905e+02 
3.500e+01 ; 4.800e+00 ; 6.000e-01 ; 2.3803001e+01 ; 1.0192720e+02 
3.500e+01 ; 4.800e+00 ; 6.000e-01 ; 2.3805001e+01 ; 1.0192349e+02 
3.500e+01 ; 4.800e+00 ; 6.000e-01 ; 2.3809001e+01 ; 1.0191608e+02 
3.500e+01 ; 4.800e+00 ; 6.000e-01 ; 2.3817001e+01 ; 1.0190129e+02 
3.500e+01 ; 4.800e+00 ; 6.000e-01 ; 2.3833001e+01 ; 1.0187181e+02 
3.500e+01 ; 4.800e+00 ; 6.000e-01 ; 2.3865001e+01 ; 1.0181328e+02 
3.500e+01 ; 4.800e+00 ; 6.000e-01 ; 2.3929001e+01 ; 1.0169788e+02 
3.500e+01 ; 4.800e+00 ; 6.000e-01 ; 2.4057001e+01 ; 1.0147379e+02 
3.500e+01 ; 4.800e+00 ; 6.000e-01 ; 2.4313001e+01 ; 1.0105180e+02 
3.500e+01 ; 4.800e+00 ; 6.000e-01 ; 2.4650001e+01 ; 1.0053968e+02 
3.500e+01 ; 4.800e+00 ; 6.000e-01 ; 2.4650001e+01 ; 1.0053968e+02 
3.500e+01 ; 4.800e+00 ; 6.000e-01 ; 2.4651001e+01 ; 1.0053816e+02 
3.500e+01 ; 4.800e+00 ; 6.000e-01 ; 2.4652001e+01 ; 1.0053664e+02 
3.500e+01 ; 4.800e+00 ; 6.000e-01 ; 2.4653001e+01 ; 1.0053513e+02 
3.500e+01 ; 4.800e+00 ; 6.000e-01 ; 2.4655001e+01 ; 1.0053209e+02 
3.500e+01 ; 4.800e+00 ; 6.000e-01 ; 2.4659001e+01 ; 1.0052602e+02 
3.500e+01 ; 4.800e+00 ; 6.000e-01 ; 2.4667001e+01 ; 1.0051392e+02 
3.500e+01 ; 4.800e+00 ; 6.000e-01 ; 2.4683001e+01 ; 1.0048981e+02 
3.500e+01 ; 4.800e+00 ; 6.000e-01 ; 2.4715001e+01 ; 1.0044196e+02 
3.500e+01 ; 4.800e+00 ; 6.000e-01 ; 2.4779001e+01 ; 1.0034782e+02 
3.500e+01 ; 4.800e+00 ; 6.000e-01 ; 2.4907001e+01 ; 1.0016555e+02 
3.500e+01 ; 4.800e+00 ; 6.000e-01 ; 2.5163001e+01 ; 9.9823891e+01 
3.500e+01 ; 4.800e+00 ; 6.000e-01 ; 2.5500001e+01 ; 9.9411110e+01 
3.500e+01 ; 4.800e+00 ; 6.000e-01 ; 2.5500001e+01 ; 9.9411110e+01 
3.500e+01 ; 4.800e+00 ; 6.000e-01 ; 2.5501001e+01 ; 9.9409882e+01 
3.500e+01 ; 4.800e+00 ; 6.000e-01 ; 2.5502001e+01 ; 9.9408661e+01 
3.500e+01 ; 4.800e+00 ; 6.000e-01 ; 2.5503001e+01 ; 9.9407433e+01 
3.500e+01 ; 4.800e+00 ; 6.000e-01 ; 2.5505001e+01 ; 9.9404984e+01 
3.500e+01 ; 4.800e+00 ; 6.000e-01 ; 2.5509001e+01 ; 9.9400101e+01 
3.500e+01 ; 4.800e+00 ; 6.000e-01 ; 2.5517001e+01 ; 9.9390343e+01 
3.500e+01 ; 4.800e+00 ; 6.000e-01 ; 2.5533001e+01 ; 9.9370918e+01 
3.500e+01 ; 4.800e+00 ; 6.000e-01 ; 2.5565001e+01 ; 9.9332390e+01 
3.500e+01 ; 4.800e+00 ; 6.000e-01 ; 2.5629001e+01 ; 9.9256638e+01 
3.500e+01 ; 4.800e+00 ; 6.000e-01 ; 2.5757001e+01 ; 9.9110168e+01 
3.500e+01 ; 4.800e+00 ; 6.000e-01 ; 2.6013001e+01 ; 9.8836212e+01 
3.500e+01 ; 4.800e+00 ; 6.000e-01 ; 2.6350001e+01 ; 9.8505913e+01 
3.500e+01 ; 4.800e+00 ; 6.000e-01 ; 2.6350001e+01 ; 9.8505913e+01 
3.500e+01 ; 4.800e+00 ; 6.000e-01 ; 2.6351001e+01 ; 9.8504929e+01 
3.500e+01 ; 4.800e+00 ; 6.000e-01 ; 2.6352001e+01 ; 9.8503952e+01 
3.500e+01 ; 4.800e+00 ; 6.000e-01 ; 2.6353001e+01 ; 9.8502968e+01 
3.500e+01 ; 4.800e+00 ; 6.000e-01 ; 2.6355001e+01 ; 9.8501015e+01 
3.500e+01 ; 4.800e+00 ; 6.000e-01 ; 2.6359001e+01 ; 9.8497101e+01 
3.500e+01 ; 4.800e+00 ; 6.000e-01 ; 2.6367001e+01 ; 9.8489296e+01 
3.500e+01 ; 4.800e+00 ; 6.000e-01 ; 2.6383001e+01 ; 9.8473755e+01 
3.500e+01 ; 4.800e+00 ; 6.000e-01 ; 2.6415001e+01 ; 9.8442940e+01 
3.500e+01 ; 4.800e+00 ; 6.000e-01 ; 2.6479001e+01 ; 9.8382370e+01 
3.500e+01 ; 4.800e+00 ; 6.000e-01 ; 2.6607001e+01 ; 9.8265335e+01 
3.500e+01 ; 4.800e+00 ; 6.000e-01 ; 2.6863001e+01 ; 9.8046654e+01 
3.500e+01 ; 4.800e+00 ; 6.000e-01 ; 2.7200001e+01 ; 9.7783249e+01 
3.500e+01 ; 4.800e+00 ; 6.000e-01 ; 2.7200001e+01 ; 9.7783249e+01 
3.500e+01 ; 4.800e+00 ; 6.000e-01 ; 2.7201001e+01 ; 9.7782471e+01 
3.500e+01 ; 4.800e+00 ; 6.000e-01 ; 2.7202001e+01 ; 9.7781685e+01 
3.500e+01 ; 4.800e+00 ; 6.000e-01 ; 2.7203001e+01 ; 9.7780907e+01 
3.500e+01 ; 4.800e+00 ; 6.000e-01 ; 2.7205001e+01 ; 9.7779343e+01 
3.500e+01 ; 4.800e+00 ; 6.000e-01 ; 2.7209001e+01 ; 9.7776230e+01 
3.500e+01 ; 4.800e+00 ; 6.000e-01 ; 2.7217001e+01 ; 9.7770004e+01 
3.500e+01 ; 4.800e+00 ; 6.000e-01 ; 2.7233001e+01 ; 9.7757614e+01 
3.500e+01 ; 4.800e+00 ; 6.000e-01 ; 2.7265001e+01 ; 9.7733040e+01 
3.500e+01 ; 4.800e+00 ; 6.000e-01 ; 2.7329001e+01 ; 9.7684761e+01 
3.500e+01 ; 4.800e+00 ; 6.000e-01 ; 2.7457001e+01 ; 9.7591492e+01 
3.500e+01 ; 4.800e+00 ; 6.000e-01 ; 2.7713001e+01 ; 9.7417305e+01 
3.500e+01 ; 4.800e+00 ; 6.000e-01 ; 2.8050001e+01 ; 9.7207596e+01 
3.500e+01 ; 4.800e+00 ; 6.000e-01 ; 2.8050001e+01 ; 9.7207596e+01 
3.500e+01 ; 4.800e+00 ; 6.000e-01 ; 2.8051001e+01 ; 9.7206978e+01 
3.500e+01 ; 4.800e+00 ; 6.000e-01 ; 2.8052001e+01 ; 9.7206352e+01 
3.500e+01 ; 4.800e+00 ; 6.000e-01 ; 2.8053001e+01 ; 9.7205734e+01 
3.500e+01 ; 4.800e+00 ; 6.000e-01 ; 2.8055001e+01 ; 9.7204491e+01 
3.500e+01 ; 4.800e+00 ; 6.000e-01 ; 2.8059001e+01 ; 9.7202003e+01 
3.500e+01 ; 4.800e+00 ; 6.000e-01 ; 2.8067001e+01 ; 9.7197052e+01 
3.500e+01 ; 4.800e+00 ; 6.000e-01 ; 2.8083001e+01 ; 9.7187187e+01 
3.500e+01 ; 4.800e+00 ; 6.000e-01 ; 2.8115001e+01 ; 9.7167625e+01 
3.500e+01 ; 4.800e+00 ; 6.000e-01 ; 2.8179001e+01 ; 9.7129196e+01 
3.500e+01 ; 4.800e+00 ; 6.000e-01 ; 2.8307001e+01 ; 9.7054977e+01 
3.500e+01 ; 4.800e+00 ; 6.000e-01 ; 2.8563001e+01 ; 9.6916473e+01 
3.500e+01 ; 4.800e+00 ; 6.000e-01 ; 2.8900001e+01 ; 9.6750076e+01 
3.500e+01 ; 4.800e+00 ; 6.000e-01 ; 2.8900001e+01 ; 9.6750076e+01 
3.500e+01 ; 4.800e+00 ; 6.000e-01 ; 2.8901001e+01 ; 9.6749580e+01 
3.500e+01 ; 4.800e+00 ; 6.000e-01 ; 2.8902001e+01 ; 9.6749084e+01 
3.500e+01 ; 4.800e+00 ; 6.000e-01 ; 2.8903001e+01 ; 9.6748596e+01 
3.500e+01 ; 4.800e+00 ; 6.000e-01 ; 2.8905001e+01 ; 9.6747604e+01 
3.500e+01 ; 4.800e+00 ; 6.000e-01 ; 2.8909001e+01 ; 9.6745636e+01 
3.500e+01 ; 4.800e+00 ; 6.000e-01 ; 2.8917001e+01 ; 9.6741707e+01 
3.500e+01 ; 4.800e+00 ; 6.000e-01 ; 2.8933001e+01 ; 9.6733879e+01 
3.500e+01 ; 4.800e+00 ; 6.000e-01 ; 2.8965001e+01 ; 9.6718369e+01 
3.500e+01 ; 4.800e+00 ; 6.000e-01 ; 2.9029001e+01 ; 9.6687912e+01 
3.500e+01 ; 4.800e+00 ; 6.000e-01 ; 2.9157001e+01 ; 9.6629242e+01 
3.500e+01 ; 4.800e+00 ; 6.000e-01 ; 2.9413001e+01 ; 9.6520859e+01 
3.500e+01 ; 4.800e+00 ; 6.000e-01 ; 2.9750001e+01 ; 9.6393463e+01 
3.500e+01 ; 4.800e+00 ; 6.000e-01 ; 2.9750001e+01 ; 9.6393463e+01 
3.500e+01 ; 4.800e+00 ; 6.000e-01 ; 2.9751001e+01 ; 9.6393082e+01 
3.500e+01 ; 4.800e+00 ; 6.000e-01 ; 2.9752001e+01 ; 9.6392708e+01 
3.500e+01 ; 4.800e+00 ; 6.000e-01 ; 2.9753001e+01 ; 9.6392326e+01 
3.500e+01 ; 4.800e+00 ; 6.000e-01 ; 2.9755001e+01 ; 9.6391579e+01 
3.500e+01 ; 4.800e+00 ; 6.000e-01 ; 2.9759001e+01 ; 9.6390083e+01 
3.500e+01 ; 4.800e+00 ; 6.000e-01 ; 2.9767001e+01 ; 9.6387138e+01 
3.500e+01 ; 4.800e+00 ; 6.000e-01 ; 2.9783001e+01 ; 9.6381393e+01 
3.500e+01 ; 4.800e+00 ; 6.000e-01 ; 2.9815001e+01 ; 9.6370567e+01 
3.500e+01 ; 4.800e+00 ; 6.000e-01 ; 2.9879001e+01 ; 9.6351967e+01 
3.500e+01 ; 4.800e+00 ; 6.000e-01 ; 3.0007001e+01 ; 9.6328171e+01 
3.500e+01 ; 4.800e+00 ; 6.000e-01 ; 3.0263001e+01 ; 9.6331566e+01 
3.500e+01 ; 4.800e+00 ; 6.000e-01 ; 3.0600001e+01 ; 9.6401184e+01 
3.500e+01 ; 4.800e+00 ; 6.000e-01 ; 3.0600001e+01 ; 9.6401184e+01 
3.500e+01 ; 4.800e+00 ; 6.000e-01 ; 3.0601001e+01 ; 9.6401390e+01 
3.500e+01 ; 4.800e+00 ; 6.000e-01 ; 3.0602001e+01 ; 9.6401596e+01 
3.500e+01 ; 4.800e+00 ; 6.000e-01 ; 3.0603001e+01 ; 9.6401810e+01 
3.500e+01 ; 4.800e+00 ; 6.000e-01 ; 3.0605001e+01 ; 9.6402237e+01 
3.500e+01 ; 4.800e+00 ; 6.000e-01 ; 3.0609001e+01 ; 9.6403122e+01 
3.500e+01 ; 4.800e+00 ; 6.000e-01 ; 3.0617001e+01 ; 9.6404999e+01 
3.500e+01 ; 4.800e+00 ; 6.000e-01 ; 3.0633001e+01 ; 9.6409195e+01 
3.500e+01 ; 4.800e+00 ; 6.000e-01 ; 3.0665001e+01 ; 9.6419449e+01 
3.500e+01 ; 4.800e+00 ; 6.000e-01 ; 3.0729001e+01 ; 9.6447884e+01 
3.500e+01 ; 4.800e+00 ; 6.000e-01 ; 3.0857001e+01 ; 9.6537270e+01 
3.500e+01 ; 4.800e+00 ; 6.000e-01 ; 3.1113001e+01 ; 9.6827301e+01 
3.500e+01 ; 4.800e+00 ; 6.000e-01 ; 3.1450001e+01 ; 9.7329086e+01 
3.500e+01 ; 4.800e+00 ; 6.000e-01 ; 3.1450001e+01 ; 9.7329086e+01 
3.500e+01 ; 4.800e+00 ; 6.000e-01 ; 3.1451001e+01 ; 9.7330574e+01 
3.500e+01 ; 4.800e+00 ; 6.000e-01 ; 3.1452001e+01 ; 9.7332069e+01 
3.500e+01 ; 4.800e+00 ; 6.000e-01 ; 3.1453001e+01 ; 9.7333565e+01 
3.500e+01 ; 4.800e+00 ; 6.000e-01 ; 3.1455001e+01 ; 9.7336563e+01 
3.500e+01 ; 4.800e+00 ; 6.000e-01 ; 3.1459001e+01 ; 9.7342590e+01 
3.500e+01 ; 4.800e+00 ; 6.000e-01 ; 3.1467001e+01 ; 9.7354774e+01 
3.500e+01 ; 4.800e+00 ; 6.000e-01 ; 3.1483001e+01 ; 9.7379669e+01 
3.500e+01 ; 4.800e+00 ; 6.000e-01 ; 3.1515001e+01 ; 9.7431526e+01 
3.500e+01 ; 4.800e+00 ; 6.000e-01 ; 3.1579001e+01 ; 9.7543312e+01 
3.500e+01 ; 4.800e+00 ; 6.000e-01 ; 3.1707001e+01 ; 9.7795929e+01 
3.500e+01 ; 4.800e+00 ; 6.000e-01 ; 3.1963001e+01 ; 9.8381218e+01 
3.500e+01 ; 4.800e+00 ; 6.000e-01 ; 3.2300001e+01 ; 9.9203728e+01 
3.500e+01 ; 4.800e+00 ; 6.000e-01 ; 3.2300001e+01 ; 9.9203728e+01 
3.500e+01 ; 4.800e+00 ; 6.000e-01 ; 3.2301001e+01 ; 9.9206169e+01 
3.500e+01 ; 4.800e+00 ; 6.000e-01 ; 3.2302001e+01 ; 9.9208611e+01 
3.500e+01 ; 4.800e+00 ; 6.000e-01 ; 3.2303001e+01 ; 9.9211052e+01 
3.500e+01 ; 4.800e+00 ; 6.000e-01 ; 3.2305001e+01 ; 9.9215942e+01 
3.500e+01 ; 4.800e+00 ; 6.000e-01 ; 3.2309001e+01 ; 9.9225731e+01 
3.500e+01 ; 4.800e+00 ; 6.000e-01 ; 3.2317001e+01 ; 9.9245354e+01 
3.500e+01 ; 4.800e+00 ; 6.000e-01 ; 3.2333001e+01 ; 9.9284782e+01 
3.500e+01 ; 4.800e+00 ; 6.000e-01 ; 3.2365001e+01 ; 9.9364220e+01 
3.500e+01 ; 4.800e+00 ; 6.000e-01 ; 3.2429001e+01 ; 9.9524796e+01 
3.500e+01 ; 4.800e+00 ; 6.000e-01 ; 3.2557001e+01 ; 9.9847878e+01 
3.500e+01 ; 4.800e+00 ; 6.000e-01 ; 3.2813001e+01 ; 1.0047309e+02 
3.500e+01 ; 4.800e+00 ; 6.000e-01 ; 3.3150001e+01 ; 1.0121689e+02 
3.500e+01 ; 4.800e+00 ; 6.000e-01 ; 3.3150001e+01 ; 1.0121689e+02 
3.500e+01 ; 4.800e+00 ; 6.000e-01 ; 3.3151001e+01 ; 1.0121909e+02 
3.500e+01 ; 4.800e+00 ; 6.000e-01 ; 3.3152001e+01 ; 1.0122130e+02 
3.500e+01 ; 4.800e+00 ; 6.000e-01 ; 3.3153001e+01 ; 1.0122350e+02 
3.500e+01 ; 4.800e+00 ; 6.000e-01 ; 3.3155001e+01 ; 1.0122791e+02 
3.500e+01 ; 4.800e+00 ; 6.000e-01 ; 3.3159001e+01 ; 1.0123672e+02 
3.500e+01 ; 4.800e+00 ; 6.000e-01 ; 3.3167001e+01 ; 1.0125427e+02 
3.500e+01 ; 4.800e+00 ; 6.000e-01 ; 3.3183001e+01 ; 1.0128920e+02 
3.500e+01 ; 4.800e+00 ; 6.000e-01 ; 3.3215001e+01 ; 1.0135824e+02 
3.500e+01 ; 4.800e+00 ; 6.000e-01 ; 3.3279001e+01 ; 1.0149273e+02 
3.500e+01 ; 4.800e+00 ; 6.000e-01 ; 3.3407001e+01 ; 1.0174555e+02 
3.500e+01 ; 4.800e+00 ; 6.000e-01 ; 3.3663001e+01 ; 1.0218035e+02 
3.500e+01 ; 4.800e+00 ; 6.000e-01 ; 3.4000001e+01 ; 1.0263042e+02 
3.500e+01 ; 4.800e+00 ; 6.000e-01 ; 3.4000001e+01 ; 1.0263042e+02 
3.500e+01 ; 4.800e+00 ; 6.000e-01 ; 3.4001001e+01 ; 1.0263175e+02 
3.500e+01 ; 4.800e+00 ; 6.000e-01 ; 3.4002001e+01 ; 1.0263308e+02 
3.500e+01 ; 4.800e+00 ; 6.000e-01 ; 3.4003001e+01 ; 1.0263441e+02 
3.500e+01 ; 4.800e+00 ; 6.000e-01 ; 3.4005001e+01 ; 1.0263708e+02 
3.500e+01 ; 4.800e+00 ; 6.000e-01 ; 3.4009001e+01 ; 1.0264238e+02 
3.500e+01 ; 4.800e+00 ; 6.000e-01 ; 3.4017001e+01 ; 1.0265292e+02 
3.500e+01 ; 4.800e+00 ; 6.000e-01 ; 3.4033001e+01 ; 1.0267371e+02 
3.500e+01 ; 4.800e+00 ; 6.000e-01 ; 3.4065001e+01 ; 1.0271422e+02 
3.500e+01 ; 4.800e+00 ; 6.000e-01 ; 3.4129001e+01 ; 1.0279086e+02 
3.500e+01 ; 4.800e+00 ; 6.000e-01 ; 3.4257001e+01 ; 1.0292716e+02 
3.500e+01 ; 4.800e+00 ; 6.000e-01 ; 3.4513001e+01 ; 1.0313722e+02 
3.500e+01 ; 4.800e+00 ; 6.000e-01 ; 3.4850001e+01 ; 1.0331954e+02 
3.500e+01 ; 4.800e+00 ; 6.000e-01 ; 3.4850001e+01 ; 1.0331954e+02 
3.500e+01 ; 4.800e+00 ; 6.000e-01 ; 3.4851001e+01 ; 1.0332008e+02 
3.500e+01 ; 4.800e+00 ; 6.000e-01 ; 3.4852001e+01 ; 1.0332063e+02 
3.500e+01 ; 4.800e+00 ; 6.000e-01 ; 3.4853001e+01 ; 1.0332116e+02 
3.500e+01 ; 4.800e+00 ; 6.000e-01 ; 3.4855001e+01 ; 1.0332224e+02 
3.500e+01 ; 4.800e+00 ; 6.000e-01 ; 3.4859001e+01 ; 1.0332437e+02 
3.500e+01 ; 4.800e+00 ; 6.000e-01 ; 3.4867001e+01 ; 1.0332858e+02 
3.500e+01 ; 4.800e+00 ; 6.000e-01 ; 3.4883001e+01 ; 1.0333681e+02 
3.500e+01 ; 4.800e+00 ; 6.000e-01 ; 3.4915001e+01 ; 1.0335242e+02 
3.500e+01 ; 4.800e+00 ; 6.000e-01 ; 3.4979001e+01 ; 1.0338047e+02 
3.500e+01 ; 4.800e+00 ; 6.000e-01 ; 3.5107001e+01 ; 1.0342458e+02 
3.500e+01 ; 4.800e+00 ; 6.000e-01 ; 3.5363001e+01 ; 1.0347115e+02 
3.500e+01 ; 4.800e+00 ; 6.000e-01 ; 3.5700001e+01 ; 1.0347329e+02 
3.500e+01 ; 4.800e+00 ; 6.000e-01 ; 3.5700001e+01 ; 1.0347329e+02 
3.500e+01 ; 4.800e+00 ; 6.000e-01 ; 3.5701001e+01 ; 1.0347330e+02 
3.500e+01 ; 4.800e+00 ; 6.000e-01 ; 3.5702001e+01 ; 1.0347330e+02 
3.500e+01 ; 4.800e+00 ; 6.000e-01 ; 3.5703001e+01 ; 1.0347330e+02 
3.500e+01 ; 4.800e+00 ; 6.000e-01 ; 3.5705001e+01 ; 1.0347331e+02 
3.500e+01 ; 4.800e+00 ; 6.000e-01 ; 3.5709001e+01 ; 1.0347332e+02 
3.500e+01 ; 4.800e+00 ; 6.000e-01 ; 3.5717001e+01 ; 1.0347330e+02 
3.500e+01 ; 4.800e+00 ; 6.000e-01 ; 3.5733001e+01 ; 1.0347313e+02 
3.500e+01 ; 4.800e+00 ; 6.000e-01 ; 3.5765001e+01 ; 1.0347228e+02 
3.500e+01 ; 4.800e+00 ; 6.000e-01 ; 3.5829001e+01 ; 1.0346862e+02 
3.500e+01 ; 4.800e+00 ; 6.000e-01 ; 3.5957001e+01 ; 1.0345412e+02 
3.500e+01 ; 4.800e+00 ; 6.000e-01 ; 3.6213001e+01 ; 1.0340106e+02 
3.500e+01 ; 4.800e+00 ; 6.000e-01 ; 3.6550001e+01 ; 1.0329859e+02 
3.500e+01 ; 4.800e+00 ; 6.000e-01 ; 3.6550001e+01 ; 1.0329859e+02 
3.500e+01 ; 4.800e+00 ; 6.000e-01 ; 3.6551001e+01 ; 1.0329829e+02 
3.500e+01 ; 4.800e+00 ; 6.000e-01 ; 3.6552001e+01 ; 1.0329798e+02 
3.500e+01 ; 4.800e+00 ; 6.000e-01 ; 3.6553001e+01 ; 1.0329768e+02 
3.500e+01 ; 4.800e+00 ; 6.000e-01 ; 3.6555001e+01 ; 1.0329707e+02 
3.500e+01 ; 4.800e+00 ; 6.000e-01 ; 3.6559001e+01 ; 1.0329584e+02 
3.500e+01 ; 4.800e+00 ; 6.000e-01 ; 3.6567001e+01 ; 1.0329337e+02 
3.500e+01 ; 4.800e+00 ; 6.000e-01 ; 3.6583001e+01 ; 1.0328835e+02 
3.500e+01 ; 4.800e+00 ; 6.000e-01 ; 3.6615001e+01 ; 1.0327805e+02 
3.500e+01 ; 4.800e+00 ; 6.000e-01 ; 3.6679001e+01 ; 1.0325638e+02 
3.500e+01 ; 4.800e+00 ; 6.000e-01 ; 3.6807001e+01 ; 1.0320924e+02 
3.500e+01 ; 4.800e+00 ; 6.000e-01 ; 3.7063001e+01 ; 1.0310282e+02 
3.500e+01 ; 4.800e+00 ; 6.000e-01 ; 3.7400001e+01 ; 1.0294732e+02 
3.500e+01 ; 4.800e+00 ; 6.000e-01 ; 3.7400001e+01 ; 1.0294732e+02 
3.500e+01 ; 4.800e+00 ; 6.000e-01 ; 3.7401001e+01 ; 1.0294685e+02 
3.500e+01 ; 4.800e+00 ; 6.000e-01 ; 3.7402001e+01 ; 1.0294640e+02 
3.500e+01 ; 4.800e+00 ; 6.000e-01 ; 3.7403001e+01 ; 1.0294593e+02 
3.500e+01 ; 4.800e+00 ; 6.000e-01 ; 3.7405001e+01 ; 1.0294501e+02 
3.500e+01 ; 4.800e+00 ; 6.000e-01 ; 3.7409001e+01 ; 1.0294316e+02 
3.500e+01 ; 4.800e+00 ; 6.000e-01 ; 3.7417001e+01 ; 1.0293945e+02 
3.500e+01 ; 4.800e+00 ; 6.000e-01 ; 3.7433001e+01 ; 1.0293200e+02 
3.500e+01 ; 4.800e+00 ; 6.000e-01 ; 3.7465001e+01 ; 1.0291696e+02 
3.500e+01 ; 4.800e+00 ; 6.000e-01 ; 3.7529001e+01 ; 1.0288641e+02 
3.500e+01 ; 4.800e+00 ; 6.000e-01 ; 3.7657001e+01 ; 1.0282365e+02 
3.500e+01 ; 4.800e+00 ; 6.000e-01 ; 3.7913001e+01 ; 1.0269325e+02 
3.500e+01 ; 4.800e+00 ; 6.000e-01 ; 3.8250001e+01 ; 1.0251649e+02 
3.500e+01 ; 4.800e+00 ; 6.000e-01 ; 3.8250001e+01 ; 1.0251649e+02 
3.500e+01 ; 4.800e+00 ; 6.000e-01 ; 3.8251001e+01 ; 1.0251596e+02 
3.500e+01 ; 4.800e+00 ; 6.000e-01 ; 3.8252001e+01 ; 1.0251543e+02 
3.500e+01 ; 4.800e+00 ; 6.000e-01 ; 3.8253001e+01 ; 1.0251491e+02 
3.500e+01 ; 4.800e+00 ; 6.000e-01 ; 3.8255001e+01 ; 1.0251386e+02 
3.500e+01 ; 4.800e+00 ; 6.000e-01 ; 3.8259001e+01 ; 1.0251176e+02 
3.500e+01 ; 4.800e+00 ; 6.000e-01 ; 3.8267001e+01 ; 1.0250756e+02 
3.500e+01 ; 4.800e+00 ; 6.000e-01 ; 3.8283001e+01 ; 1.0249915e+02 
3.500e+01 ; 4.800e+00 ; 6.000e-01 ; 3.8315001e+01 ; 1.0248227e+02 
3.500e+01 ; 4.800e+00 ; 6.000e-01 ; 3.8379001e+01 ; 1.0244839e+02 
3.500e+01 ; 4.800e+00 ; 6.000e-01 ; 3.8507001e+01 ; 1.0238020e+02 
3.500e+01 ; 4.800e+00 ; 6.000e-01 ; 3.8763001e+01 ; 1.0224316e+02 
3.500e+01 ; 4.800e+00 ; 6.000e-01 ; 3.9100001e+01 ; 1.0206342e+02 
3.500e+01 ; 4.800e+00 ; 6.000e-01 ; 3.9100001e+01 ; 1.0206342e+02 
3.500e+01 ; 4.800e+00 ; 6.000e-01 ; 3.9101001e+01 ; 1.0206289e+02 
3.500e+01 ; 4.800e+00 ; 6.000e-01 ; 3.9102001e+01 ; 1.0206236e+02 
3.500e+01 ; 4.800e+00 ; 6.000e-01 ; 3.9103001e+01 ; 1.0206182e+02 
3.500e+01 ; 4.800e+00 ; 6.000e-01 ; 3.9105001e+01 ; 1.0206076e+02 
3.500e+01 ; 4.800e+00 ; 6.000e-01 ; 3.9109001e+01 ; 1.0205862e+02 
3.500e+01 ; 4.800e+00 ; 6.000e-01 ; 3.9117001e+01 ; 1.0205436e+02 
3.500e+01 ; 4.800e+00 ; 6.000e-01 ; 3.9133001e+01 ; 1.0204583e+02 
3.500e+01 ; 4.800e+00 ; 6.000e-01 ; 3.9165001e+01 ; 1.0202878e+02 
3.500e+01 ; 4.800e+00 ; 6.000e-01 ; 3.9229001e+01 ; 1.0199472e+02 
3.500e+01 ; 4.800e+00 ; 6.000e-01 ; 3.9357001e+01 ; 1.0192688e+02 
3.500e+01 ; 4.800e+00 ; 6.000e-01 ; 3.9613001e+01 ; 1.0179279e+02 
3.500e+01 ; 4.800e+00 ; 6.000e-01 ; 3.9950001e+01 ; 1.0161994e+02 
3.500e+01 ; 4.800e+00 ; 6.000e-01 ; 3.9950001e+01 ; 1.0161994e+02 
3.500e+01 ; 4.800e+00 ; 6.000e-01 ; 3.9951001e+01 ; 1.0161943e+02 
3.500e+01 ; 4.800e+00 ; 6.000e-01 ; 3.9952001e+01 ; 1.0161892e+02 
3.500e+01 ; 4.800e+00 ; 6.000e-01 ; 3.9953001e+01 ; 1.0161840e+02 
3.500e+01 ; 4.800e+00 ; 6.000e-01 ; 3.9955001e+01 ; 1.0161738e+02 
3.500e+01 ; 4.800e+00 ; 6.000e-01 ; 3.9959001e+01 ; 1.0161533e+02 
3.500e+01 ; 4.800e+00 ; 6.000e-01 ; 3.9967001e+01 ; 1.0161123e+02 
3.500e+01 ; 4.800e+00 ; 6.000e-01 ; 3.9983001e+01 ; 1.0160304e+02 
3.500e+01 ; 4.800e+00 ; 6.000e-01 ; 4.0015001e+01 ; 1.0158670e+02 
3.500e+01 ; 4.800e+00 ; 6.000e-01 ; 4.0079001e+01 ; 1.0155415e+02 
3.500e+01 ; 4.800e+00 ; 6.000e-01 ; 4.0207001e+01 ; 1.0148969e+02 
3.500e+01 ; 4.800e+00 ; 6.000e-01 ; 4.0463001e+01 ; 1.0136346e+02 
3.500e+01 ; 4.800e+00 ; 6.000e-01 ; 4.0800001e+01 ; 1.0120239e+02 
3.500e+01 ; 4.800e+00 ; 6.000e-01 ; 4.0800001e+01 ; 1.0120239e+02 
3.500e+01 ; 4.800e+00 ; 6.000e-01 ; 4.0801001e+01 ; 1.0120191e+02 
3.500e+01 ; 4.800e+00 ; 6.000e-01 ; 4.0802001e+01 ; 1.0120144e+02 
3.500e+01 ; 4.800e+00 ; 6.000e-01 ; 4.0803001e+01 ; 1.0120096e+02 
3.500e+01 ; 4.800e+00 ; 6.000e-01 ; 4.0805001e+01 ; 1.0120000e+02 
3.500e+01 ; 4.800e+00 ; 6.000e-01 ; 4.0809001e+01 ; 1.0119810e+02 
3.500e+01 ; 4.800e+00 ; 6.000e-01 ; 4.0817001e+01 ; 1.0119427e+02 
3.500e+01 ; 4.800e+00 ; 6.000e-01 ; 4.0833001e+01 ; 1.0118665e+02 
3.500e+01 ; 4.800e+00 ; 6.000e-01 ; 4.0865001e+01 ; 1.0117146e+02 
3.500e+01 ; 4.800e+00 ; 6.000e-01 ; 4.0929001e+01 ; 1.0114124e+02 
3.500e+01 ; 4.800e+00 ; 6.000e-01 ; 4.1057001e+01 ; 1.0108160e+02 
3.500e+01 ; 4.800e+00 ; 6.000e-01 ; 4.1313001e+01 ; 1.0096551e+02 
3.500e+01 ; 4.800e+00 ; 6.000e-01 ; 4.1650001e+01 ; 1.0081847e+02 
3.500e+01 ; 4.800e+00 ; 6.000e-01 ; 4.1650001e+01 ; 1.0081847e+02 
3.500e+01 ; 4.800e+00 ; 6.000e-01 ; 4.1651001e+01 ; 1.0081803e+02 
3.500e+01 ; 4.800e+00 ; 6.000e-01 ; 4.1652001e+01 ; 1.0081760e+02 
3.500e+01 ; 4.800e+00 ; 6.000e-01 ; 4.1653001e+01 ; 1.0081715e+02 
3.500e+01 ; 4.800e+00 ; 6.000e-01 ; 4.1655001e+01 ; 1.0081628e+02 
3.500e+01 ; 4.800e+00 ; 6.000e-01 ; 4.1659001e+01 ; 1.0081454e+02 
3.500e+01 ; 4.800e+00 ; 6.000e-01 ; 4.1667001e+01 ; 1.0081106e+02 
3.500e+01 ; 4.800e+00 ; 6.000e-01 ; 4.1683001e+01 ; 1.0080411e+02 
3.500e+01 ; 4.800e+00 ; 6.000e-01 ; 4.1715001e+01 ; 1.0079025e+02 
3.500e+01 ; 4.800e+00 ; 6.000e-01 ; 4.1779001e+01 ; 1.0076278e+02 
3.500e+01 ; 4.800e+00 ; 6.000e-01 ; 4.1907001e+01 ; 1.0070887e+02 
3.500e+01 ; 4.800e+00 ; 6.000e-01 ; 4.2163001e+01 ; 1.0060600e+02 
3.500e+01 ; 4.800e+00 ; 6.000e-01 ; 4.2500001e+01 ; 1.0048016e+02 
3.500e+01 ; 4.800e+00 ; 6.000e-01 ; 4.2500001e+01 ; 1.0048016e+02 
3.500e+01 ; 4.800e+00 ; 6.000e-01 ; 4.2501001e+01 ; 1.0047978e+02 
3.500e+01 ; 4.800e+00 ; 6.000e-01 ; 4.2502001e+01 ; 1.0047941e+02 
3.500e+01 ; 4.800e+00 ; 6.000e-01 ; 4.2503001e+01 ; 1.0047903e+02 
3.500e+01 ; 4.800e+00 ; 6.000e-01 ; 4.2505001e+01 ; 1.0047829e+02 
3.500e+01 ; 4.800e+00 ; 6.000e-01 ; 4.2509001e+01 ; 1.0047680e+02 
3.500e+01 ; 4.800e+00 ; 6.000e-01 ; 4.2517001e+01 ; 1.0047382e+02 
3.500e+01 ; 4.800e+00 ; 6.000e-01 ; 4.2533001e+01 ; 1.0046790e+02 
3.500e+01 ; 4.800e+00 ; 6.000e-01 ; 4.2565001e+01 ; 1.0045614e+02 
3.500e+01 ; 4.800e+00 ; 6.000e-01 ; 4.2629001e+01 ; 1.0043307e+02 
3.500e+01 ; 4.800e+00 ; 6.000e-01 ; 4.2757001e+01 ; 1.0038916e+02 
3.500e+01 ; 4.800e+00 ; 6.000e-01 ; 4.3013001e+01 ; 1.0031299e+02 
3.500e+01 ; 4.800e+00 ; 6.000e-01 ; 4.3350001e+01 ; 1.0023569e+02 
3.500e+01 ; 4.800e+00 ; 6.000e-01 ; 4.3350001e+01 ; 1.0023569e+02 
3.500e+01 ; 4.800e+00 ; 6.000e-01 ; 4.3351001e+01 ; 1.0023547e+02 
3.500e+01 ; 4.800e+00 ; 6.000e-01 ; 4.3352001e+01 ; 1.0023524e+02 
3.500e+01 ; 4.800e+00 ; 6.000e-01 ; 4.3353001e+01 ; 1.0023501e+02 
3.500e+01 ; 4.800e+00 ; 6.000e-01 ; 4.3355001e+01 ; 1.0023455e+02 
3.500e+01 ; 4.800e+00 ; 6.000e-01 ; 4.3359001e+01 ; 1.0023364e+02 
3.500e+01 ; 4.800e+00 ; 6.000e-01 ; 4.3367001e+01 ; 1.0023183e+02 
3.500e+01 ; 4.800e+00 ; 6.000e-01 ; 4.3383001e+01 ; 1.0022828e+02 
3.500e+01 ; 4.800e+00 ; 6.000e-01 ; 4.3415001e+01 ; 1.0022139e+02 
3.500e+01 ; 4.800e+00 ; 6.000e-01 ; 4.3479001e+01 ; 1.0020862e+02 
3.500e+01 ; 4.800e+00 ; 6.000e-01 ; 4.3607001e+01 ; 1.0018784e+02 
3.500e+01 ; 4.800e+00 ; 6.000e-01 ; 4.3863001e+01 ; 1.0016900e+02 
3.500e+01 ; 4.800e+00 ; 6.000e-01 ; 4.4200001e+01 ; 1.0018546e+02 
3.500e+01 ; 4.800e+00 ; 6.000e-01 ; 4.4200001e+01 ; 1.0018546e+02 
3.500e+01 ; 4.800e+00 ; 6.000e-01 ; 4.4201001e+01 ; 1.0018550e+02 
3.500e+01 ; 4.800e+00 ; 6.000e-01 ; 4.4202001e+01 ; 1.0018555e+02 
3.500e+01 ; 4.800e+00 ; 6.000e-01 ; 4.4203001e+01 ; 1.0018560e+02 
3.500e+01 ; 4.800e+00 ; 6.000e-01 ; 4.4205001e+01 ; 1.0018571e+02 
3.500e+01 ; 4.800e+00 ; 6.000e-01 ; 4.4209001e+01 ; 1.0018591e+02 
3.500e+01 ; 4.800e+00 ; 6.000e-01 ; 4.4217001e+01 ; 1.0018636e+02 
3.500e+01 ; 4.800e+00 ; 6.000e-01 ; 4.4233001e+01 ; 1.0018733e+02 
3.500e+01 ; 4.800e+00 ; 6.000e-01 ; 4.4265001e+01 ; 1.0018967e+02 
3.500e+01 ; 4.800e+00 ; 6.000e-01 ; 4.4329001e+01 ; 1.0019598e+02 
3.500e+01 ; 4.800e+00 ; 6.000e-01 ; 4.4457001e+01 ; 1.0021552e+02 
3.500e+01 ; 4.800e+00 ; 6.000e-01 ; 4.4713001e+01 ; 1.0028324e+02 
3.500e+01 ; 4.800e+00 ; 6.000e-01 ; 4.5050001e+01 ; 1.0041783e+02 
3.500e+01 ; 4.800e+00 ; 6.000e-01 ; 4.5050001e+01 ; 1.0041783e+02 
3.500e+01 ; 4.800e+00 ; 6.000e-01 ; 4.5051001e+01 ; 1.0041824e+02 
3.500e+01 ; 4.800e+00 ; 6.000e-01 ; 4.5052001e+01 ; 1.0041863e+02 
3.500e+01 ; 4.800e+00 ; 6.000e-01 ; 4.5053001e+01 ; 1.0041904e+02 
3.500e+01 ; 4.800e+00 ; 6.000e-01 ; 4.5055001e+01 ; 1.0041984e+02 
3.500e+01 ; 4.800e+00 ; 6.000e-01 ; 4.5059001e+01 ; 1.0042145e+02 
3.500e+01 ; 4.800e+00 ; 6.000e-01 ; 4.5067001e+01 ; 1.0042470e+02 
3.500e+01 ; 4.800e+00 ; 6.000e-01 ; 4.5083001e+01 ; 1.0043130e+02 
3.500e+01 ; 4.800e+00 ; 6.000e-01 ; 4.5115001e+01 ; 1.0044491e+02 
3.500e+01 ; 4.800e+00 ; 6.000e-01 ; 4.5179001e+01 ; 1.0047375e+02 
3.500e+01 ; 4.800e+00 ; 6.000e-01 ; 4.5307001e+01 ; 1.0053765e+02 
3.500e+01 ; 4.800e+00 ; 6.000e-01 ; 4.5563001e+01 ; 1.0068696e+02 
3.500e+01 ; 4.800e+00 ; 6.000e-01 ; 4.5900001e+01 ; 1.0091072e+02 
3.500e+01 ; 4.800e+00 ; 6.000e-01 ; 4.5900001e+01 ; 1.0091072e+02 
3.500e+01 ; 4.800e+00 ; 6.000e-01 ; 4.5901001e+01 ; 1.0091138e+02 
3.500e+01 ; 4.800e+00 ; 6.000e-01 ; 4.5902001e+01 ; 1.0091205e+02 
3.500e+01 ; 4.800e+00 ; 6.000e-01 ; 4.5903001e+01 ; 1.0091271e+02 
3.500e+01 ; 4.800e+00 ; 6.000e-01 ; 4.5905001e+01 ; 1.0091404e+02 
3.500e+01 ; 4.800e+00 ; 6.000e-01 ; 4.5909001e+01 ; 1.0091671e+02 
3.500e+01 ; 4.800e+00 ; 6.000e-01 ; 4.5917001e+01 ; 1.0092205e+02 
3.500e+01 ; 4.800e+00 ; 6.000e-01 ; 4.5933001e+01 ; 1.0093280e+02 
3.500e+01 ; 4.800e+00 ; 6.000e-01 ; 4.5965001e+01 ; 1.0095452e+02 
3.500e+01 ; 4.800e+00 ; 6.000e-01 ; 4.6029001e+01 ; 1.0099881e+02 
3.500e+01 ; 4.800e+00 ; 6.000e-01 ; 4.6157001e+01 ; 1.0109015e+02 
3.500e+01 ; 4.800e+00 ; 6.000e-01 ; 4.6413001e+01 ; 1.0127902e+02 
3.500e+01 ; 4.800e+00 ; 6.000e-01 ; 4.6750001e+01 ; 1.0152850e+02 
3.500e+01 ; 4.800e+00 ; 6.000e-01 ; 4.6750001e+01 ; 1.0152850e+02 
3.500e+01 ; 4.800e+00 ; 6.000e-01 ; 4.6751001e+01 ; 1.0152924e+02 
3.500e+01 ; 4.800e+00 ; 6.000e-01 ; 4.6752001e+01 ; 1.0152998e+02 
3.500e+01 ; 4.800e+00 ; 6.000e-01 ; 4.6753001e+01 ; 1.0153072e+02 
3.500e+01 ; 4.800e+00 ; 6.000e-01 ; 4.6755001e+01 ; 1.0153220e+02 
3.500e+01 ; 4.800e+00 ; 6.000e-01 ; 4.6759001e+01 ; 1.0153516e+02 
3.500e+01 ; 4.800e+00 ; 6.000e-01 ; 4.6767001e+01 ; 1.0154108e+02 
3.500e+01 ; 4.800e+00 ; 6.000e-01 ; 4.6783001e+01 ; 1.0155293e+02 
3.500e+01 ; 4.800e+00 ; 6.000e-01 ; 4.6815001e+01 ; 1.0157661e+02 
3.500e+01 ; 4.800e+00 ; 6.000e-01 ; 4.6879001e+01 ; 1.0162387e+02 
3.500e+01 ; 4.800e+00 ; 6.000e-01 ; 4.7007001e+01 ; 1.0171749e+02 
3.500e+01 ; 4.800e+00 ; 6.000e-01 ; 4.7263001e+01 ; 1.0189787e+02 
3.500e+01 ; 4.800e+00 ; 6.000e-01 ; 4.7600001e+01 ; 1.0211798e+02 
3.500e+01 ; 4.800e+00 ; 6.000e-01 ; 4.7600001e+01 ; 1.0211798e+02 
3.500e+01 ; 4.800e+00 ; 6.000e-01 ; 4.7601001e+01 ; 1.0211863e+02 
3.500e+01 ; 4.800e+00 ; 6.000e-01 ; 4.7602001e+01 ; 1.0211929e+02 
3.500e+01 ; 4.800e+00 ; 6.000e-01 ; 4.7603001e+01 ; 1.0211993e+02 
3.500e+01 ; 4.800e+00 ; 6.000e-01 ; 4.7605001e+01 ; 1.0212124e+02 
3.500e+01 ; 4.800e+00 ; 6.000e-01 ; 4.7609001e+01 ; 1.0212385e+02 
3.500e+01 ; 4.800e+00 ; 6.000e-01 ; 4.7617001e+01 ; 1.0212905e+02 
3.500e+01 ; 4.800e+00 ; 6.000e-01 ; 4.7633001e+01 ; 1.0213942e+02 
3.500e+01 ; 4.800e+00 ; 6.000e-01 ; 4.7665001e+01 ; 1.0215999e+02 
3.500e+01 ; 4.800e+00 ; 6.000e-01 ; 4.7729001e+01 ; 1.0220044e+02 
3.500e+01 ; 4.800e+00 ; 6.000e-01 ; 4.7857001e+01 ; 1.0227835e+02 
3.500e+01 ; 4.800e+00 ; 6.000e-01 ; 4.8113001e+01 ; 1.0242106e+02 
3.500e+01 ; 4.800e+00 ; 6.000e-01 ; 4.8450001e+01 ; 1.0258488e+02 
3.500e+01 ; 4.800e+00 ; 6.000e-01 ; 4.8450001e+01 ; 1.0258488e+02 
3.500e+01 ; 4.800e+00 ; 6.000e-01 ; 4.8451001e+01 ; 1.0258536e+02 
3.500e+01 ; 4.800e+00 ; 6.000e-01 ; 4.8452001e+01 ; 1.0258585e+02 
3.500e+01 ; 4.800e+00 ; 6.000e-01 ; 4.8453001e+01 ; 1.0258633e+02 
3.500e+01 ; 4.800e+00 ; 6.000e-01 ; 4.8455001e+01 ; 1.0258730e+02 
3.500e+01 ; 4.800e+00 ; 6.000e-01 ; 4.8459001e+01 ; 1.0258924e+02 
3.500e+01 ; 4.800e+00 ; 6.000e-01 ; 4.8467001e+01 ; 1.0259310e+02 
3.500e+01 ; 4.800e+00 ; 6.000e-01 ; 4.8483001e+01 ; 1.0260076e+02 
3.500e+01 ; 4.800e+00 ; 6.000e-01 ; 4.8515001e+01 ; 1.0261588e+02 
3.500e+01 ; 4.800e+00 ; 6.000e-01 ; 4.8579001e+01 ; 1.0264523e+02 
3.500e+01 ; 4.800e+00 ; 6.000e-01 ; 4.8707001e+01 ; 1.0270037e+02 
3.500e+01 ; 4.800e+00 ; 6.000e-01 ; 4.8963001e+01 ; 1.0279662e+02 
3.500e+01 ; 4.800e+00 ; 6.000e-01 ; 4.9300001e+01 ; 1.0289993e+02 
3.500e+01 ; 4.800e+00 ; 6.000e-01 ; 4.9300001e+01 ; 1.0289993e+02 
3.500e+01 ; 4.800e+00 ; 6.000e-01 ; 4.9301001e+01 ; 1.0290023e+02 
3.500e+01 ; 4.800e+00 ; 6.000e-01 ; 4.9302001e+01 ; 1.0290054e+02 
3.500e+01 ; 4.800e+00 ; 6.000e-01 ; 4.9303001e+01 ; 1.0290084e+02 
3.500e+01 ; 4.800e+00 ; 6.000e-01 ; 4.9305001e+01 ; 1.0290145e+02 
3.500e+01 ; 4.800e+00 ; 6.000e-01 ; 4.9309001e+01 ; 1.0290267e+02 
3.500e+01 ; 4.800e+00 ; 6.000e-01 ; 4.9317001e+01 ; 1.0290510e+02 
3.500e+01 ; 4.800e+00 ; 6.000e-01 ; 4.9333001e+01 ; 1.0290989e+02 
3.500e+01 ; 4.800e+00 ; 6.000e-01 ; 4.9365001e+01 ; 1.0291927e+02 
3.500e+01 ; 4.800e+00 ; 6.000e-01 ; 4.9429001e+01 ; 1.0293721e+02 
3.500e+01 ; 4.800e+00 ; 6.000e-01 ; 4.9557001e+01 ; 1.0296984e+02 
3.500e+01 ; 4.800e+00 ; 6.000e-01 ; 4.9813001e+01 ; 1.0302280e+02 
3.500e+01 ; 4.800e+00 ; 6.000e-01 ; 5.0150001e+01 ; 1.0307297e+02 
3.500e+01 ; 4.800e+00 ; 6.000e-01 ; 5.0150001e+01 ; 1.0307297e+02 
3.500e+01 ; 4.800e+00 ; 6.000e-01 ; 5.0151001e+01 ; 1.0307312e+02 
3.500e+01 ; 4.800e+00 ; 6.000e-01 ; 5.0152001e+01 ; 1.0307327e+02 
3.500e+01 ; 4.800e+00 ; 6.000e-01 ; 5.0153001e+01 ; 1.0307342e+02 
3.500e+01 ; 4.800e+00 ; 6.000e-01 ; 5.0155001e+01 ; 1.0307372e+02 
3.500e+01 ; 4.800e+00 ; 6.000e-01 ; 5.0159001e+01 ; 1.0307430e+02 
3.500e+01 ; 4.800e+00 ; 6.000e-01 ; 5.0167001e+01 ; 1.0307547e+02 
3.500e+01 ; 4.800e+00 ; 6.000e-01 ; 5.0183001e+01 ; 1.0307776e+02 
3.500e+01 ; 4.800e+00 ; 6.000e-01 ; 5.0215001e+01 ; 1.0308217e+02 
3.500e+01 ; 4.800e+00 ; 6.000e-01 ; 5.0279001e+01 ; 1.0309031e+02 
3.500e+01 ; 4.800e+00 ; 6.000e-01 ; 5.0407001e+01 ; 1.0310397e+02 
3.500e+01 ; 4.800e+00 ; 6.000e-01 ; 5.0663001e+01 ; 1.0312162e+02 
3.500e+01 ; 4.800e+00 ; 6.000e-01 ; 5.1000001e+01 ; 1.0312993e+02 
3.500e+01 ; 4.800e+00 ; 6.000e-01 ; 5.1000001e+01 ; 1.0312993e+02 
3.500e+01 ; 4.800e+00 ; 6.000e-01 ; 5.1001001e+01 ; 1.0312996e+02 
3.500e+01 ; 4.800e+00 ; 6.000e-01 ; 5.1002001e+01 ; 1.0312998e+02 
3.500e+01 ; 4.800e+00 ; 6.000e-01 ; 5.1003001e+01 ; 1.0313000e+02 
3.500e+01 ; 4.800e+00 ; 6.000e-01 ; 5.1005001e+01 ; 1.0313005e+02 
3.500e+01 ; 4.800e+00 ; 6.000e-01 ; 5.1009001e+01 ; 1.0313015e+02 
3.500e+01 ; 4.800e+00 ; 6.000e-01 ; 5.1017001e+01 ; 1.0313033e+02 
3.500e+01 ; 4.800e+00 ; 6.000e-01 ; 5.1033001e+01 ; 1.0313065e+02 
3.500e+01 ; 4.800e+00 ; 6.000e-01 ; 5.1065001e+01 ; 1.0313117e+02 
3.500e+01 ; 4.800e+00 ; 6.000e-01 ; 5.1129001e+01 ; 1.0313170e+02 
3.500e+01 ; 4.800e+00 ; 6.000e-01 ; 5.1257001e+01 ; 1.0313080e+02 
3.500e+01 ; 4.800e+00 ; 6.000e-01 ; 5.1513001e+01 ; 1.0312193e+02 
3.500e+01 ; 4.800e+00 ; 6.000e-01 ; 5.1850001e+01 ; 1.0309958e+02 
3.500e+01 ; 4.800e+00 ; 6.000e-01 ; 5.1850001e+01 ; 1.0309958e+02 
3.500e+01 ; 4.800e+00 ; 6.000e-01 ; 5.1851001e+01 ; 1.0309952e+02 
3.500e+01 ; 4.800e+00 ; 6.000e-01 ; 5.1852001e+01 ; 1.0309945e+02 
3.500e+01 ; 4.800e+00 ; 6.000e-01 ; 5.1853001e+01 ; 1.0309938e+02 
3.500e+01 ; 4.800e+00 ; 6.000e-01 ; 5.1855001e+01 ; 1.0309925e+02 
3.500e+01 ; 4.800e+00 ; 6.000e-01 ; 5.1859001e+01 ; 1.0309898e+02 
3.500e+01 ; 4.800e+00 ; 6.000e-01 ; 5.1867001e+01 ; 1.0309843e+02 
3.500e+01 ; 4.800e+00 ; 6.000e-01 ; 5.1883001e+01 ; 1.0309733e+02 
3.500e+01 ; 4.800e+00 ; 6.000e-01 ; 5.1915001e+01 ; 1.0309502e+02 
3.500e+01 ; 4.800e+00 ; 6.000e-01 ; 5.1979001e+01 ; 1.0309003e+02 
3.500e+01 ; 4.800e+00 ; 6.000e-01 ; 5.2107001e+01 ; 1.0307867e+02 
3.500e+01 ; 4.800e+00 ; 6.000e-01 ; 5.2363001e+01 ; 1.0305109e+02 
3.500e+01 ; 4.800e+00 ; 6.000e-01 ; 5.2700001e+01 ; 1.0300761e+02 
3.500e+01 ; 4.800e+00 ; 6.000e-01 ; 5.2700001e+01 ; 1.0300761e+02 
3.500e+01 ; 4.800e+00 ; 6.000e-01 ; 5.2701001e+01 ; 1.0300748e+02 
3.500e+01 ; 4.800e+00 ; 6.000e-01 ; 5.2702001e+01 ; 1.0300735e+02 
3.500e+01 ; 4.800e+00 ; 6.000e-01 ; 5.2703001e+01 ; 1.0300723e+02 
3.500e+01 ; 4.800e+00 ; 6.000e-01 ; 5.2705001e+01 ; 1.0300697e+02 
3.500e+01 ; 4.800e+00 ; 6.000e-01 ; 5.2709001e+01 ; 1.0300645e+02 
3.500e+01 ; 4.800e+00 ; 6.000e-01 ; 5.2717001e+01 ; 1.0300540e+02 
3.500e+01 ; 4.800e+00 ; 6.000e-01 ; 5.2733001e+01 ; 1.0300330e+02 
3.500e+01 ; 4.800e+00 ; 6.000e-01 ; 5.2765001e+01 ; 1.0299905e+02 
3.500e+01 ; 4.800e+00 ; 6.000e-01 ; 5.2829001e+01 ; 1.0299029e+02 
3.500e+01 ; 4.800e+00 ; 6.000e-01 ; 5.2957001e+01 ; 1.0297187e+02 
3.500e+01 ; 4.800e+00 ; 6.000e-01 ; 5.3213001e+01 ; 1.0293188e+02 
3.500e+01 ; 4.800e+00 ; 6.000e-01 ; 5.3550002e+01 ; 1.0287474e+02 
3.500e+01 ; 4.800e+00 ; 6.000e-01 ; 5.3550002e+01 ; 1.0287474e+02 
3.500e+01 ; 4.800e+00 ; 6.000e-01 ; 5.3551002e+01 ; 1.0287457e+02 
3.500e+01 ; 4.800e+00 ; 6.000e-01 ; 5.3552002e+01 ; 1.0287440e+02 
3.500e+01 ; 4.800e+00 ; 6.000e-01 ; 5.3553002e+01 ; 1.0287423e+02 
3.500e+01 ; 4.800e+00 ; 6.000e-01 ; 5.3555002e+01 ; 1.0287389e+02 
3.500e+01 ; 4.800e+00 ; 6.000e-01 ; 5.3559002e+01 ; 1.0287321e+02 
3.500e+01 ; 4.800e+00 ; 6.000e-01 ; 5.3567002e+01 ; 1.0287185e+02 
3.500e+01 ; 4.800e+00 ; 6.000e-01 ; 5.3583002e+01 ; 1.0286912e+02 
3.500e+01 ; 4.800e+00 ; 6.000e-01 ; 5.3615001e+01 ; 1.0286361e+02 
3.500e+01 ; 4.800e+00 ; 6.000e-01 ; 5.3679001e+01 ; 1.0285245e+02 
3.500e+01 ; 4.800e+00 ; 6.000e-01 ; 5.3807002e+01 ; 1.0282957e+02 
3.500e+01 ; 4.800e+00 ; 6.000e-01 ; 5.4063002e+01 ; 1.0278202e+02 
3.500e+01 ; 4.800e+00 ; 6.000e-01 ; 5.4400002e+01 ; 1.0271706e+02 
3.500e+01 ; 4.800e+00 ; 6.000e-01 ; 5.4400002e+01 ; 1.0271706e+02 
3.500e+01 ; 4.800e+00 ; 6.000e-01 ; 5.4401002e+01 ; 1.0271686e+02 
3.500e+01 ; 4.800e+00 ; 6.000e-01 ; 5.4402002e+01 ; 1.0271667e+02 
3.500e+01 ; 4.800e+00 ; 6.000e-01 ; 5.4403002e+01 ; 1.0271648e+02 
3.500e+01 ; 4.800e+00 ; 6.000e-01 ; 5.4405002e+01 ; 1.0271609e+02 
3.500e+01 ; 4.800e+00 ; 6.000e-01 ; 5.4409002e+01 ; 1.0271532e+02 
3.500e+01 ; 4.800e+00 ; 6.000e-01 ; 5.4417002e+01 ; 1.0271378e+02 
3.500e+01 ; 4.800e+00 ; 6.000e-01 ; 5.4433002e+01 ; 1.0271068e+02 
3.500e+01 ; 4.800e+00 ; 6.000e-01 ; 5.4465002e+01 ; 1.0270447e+02 
3.500e+01 ; 4.800e+00 ; 6.000e-01 ; 5.4529002e+01 ; 1.0269197e+02 
3.500e+01 ; 4.800e+00 ; 6.000e-01 ; 5.4657002e+01 ; 1.0266674e+02 
3.500e+01 ; 4.800e+00 ; 6.000e-01 ; 5.4913002e+01 ; 1.0261573e+02 
3.500e+01 ; 4.800e+00 ; 6.000e-01 ; 5.5250002e+01 ; 1.0254862e+02 
3.500e+01 ; 4.800e+00 ; 6.000e-01 ; 5.5250002e+01 ; 1.0254862e+02 
3.500e+01 ; 4.800e+00 ; 6.000e-01 ; 5.5251002e+01 ; 1.0254842e+02 
3.500e+01 ; 4.800e+00 ; 6.000e-01 ; 5.5252002e+01 ; 1.0254823e+02 
3.500e+01 ; 4.800e+00 ; 6.000e-01 ; 5.5253002e+01 ; 1.0254803e+02 
3.500e+01 ; 4.800e+00 ; 6.000e-01 ; 5.5255002e+01 ; 1.0254762e+02 
3.500e+01 ; 4.800e+00 ; 6.000e-01 ; 5.5259002e+01 ; 1.0254683e+02 
3.500e+01 ; 4.800e+00 ; 6.000e-01 ; 5.5267002e+01 ; 1.0254523e+02 
3.500e+01 ; 4.800e+00 ; 6.000e-01 ; 5.5283002e+01 ; 1.0254205e+02 
3.500e+01 ; 4.800e+00 ; 6.000e-01 ; 5.5315002e+01 ; 1.0253568e+02 
3.500e+01 ; 4.800e+00 ; 6.000e-01 ; 5.5379002e+01 ; 1.0252296e+02 
3.500e+01 ; 4.800e+00 ; 6.000e-01 ; 5.5507002e+01 ; 1.0249766e+02 
3.500e+01 ; 4.800e+00 ; 6.000e-01 ; 5.5763002e+01 ; 1.0244836e+02 
3.500e+01 ; 4.800e+00 ; 6.000e-01 ; 5.6100002e+01 ; 1.0238731e+02 
3.500e+01 ; 4.800e+00 ; 6.000e-01 ; 5.6100002e+01 ; 1.0238731e+02 
3.500e+01 ; 4.800e+00 ; 6.000e-01 ; 5.6101002e+01 ; 1.0238714e+02 
3.500e+01 ; 4.800e+00 ; 6.000e-01 ; 5.6102002e+01 ; 1.0238696e+02 
3.500e+01 ; 4.800e+00 ; 6.000e-01 ; 5.6103002e+01 ; 1.0238677e+02 
3.500e+01 ; 4.800e+00 ; 6.000e-01 ; 5.6105002e+01 ; 1.0238641e+02 
3.500e+01 ; 4.800e+00 ; 6.000e-01 ; 5.6109002e+01 ; 1.0238569e+02 
3.500e+01 ; 4.800e+00 ; 6.000e-01 ; 5.6117002e+01 ; 1.0238425e+02 
3.500e+01 ; 4.800e+00 ; 6.000e-01 ; 5.6133002e+01 ; 1.0238136e+02 
3.500e+01 ; 4.800e+00 ; 6.000e-01 ; 5.6165002e+01 ; 1.0237564e+02 
3.500e+01 ; 4.800e+00 ; 6.000e-01 ; 5.6229002e+01 ; 1.0236436e+02 
3.500e+01 ; 4.800e+00 ; 6.000e-01 ; 5.6357002e+01 ; 1.0234258e+02 
3.500e+01 ; 4.800e+00 ; 6.000e-01 ; 5.6613002e+01 ; 1.0230312e+02 
3.500e+01 ; 4.800e+00 ; 6.000e-01 ; 5.6950002e+01 ; 1.0226039e+02 
3.500e+01 ; 4.800e+00 ; 6.000e-01 ; 5.6950002e+01 ; 1.0226039e+02 
3.500e+01 ; 4.800e+00 ; 6.000e-01 ; 5.6951002e+01 ; 1.0226027e+02 
3.500e+01 ; 4.800e+00 ; 6.000e-01 ; 5.6952002e+01 ; 1.0226014e+02 
3.500e+01 ; 4.800e+00 ; 6.000e-01 ; 5.6953002e+01 ; 1.0226002e+02 
3.500e+01 ; 4.800e+00 ; 6.000e-01 ; 5.6955002e+01 ; 1.0225977e+02 
3.500e+01 ; 4.800e+00 ; 6.000e-01 ; 5.6959002e+01 ; 1.0225925e+02 
3.500e+01 ; 4.800e+00 ; 6.000e-01 ; 5.6967002e+01 ; 1.0225826e+02 
3.500e+01 ; 4.800e+00 ; 6.000e-01 ; 5.6983002e+01 ; 1.0225627e+02 
3.500e+01 ; 4.800e+00 ; 6.000e-01 ; 5.7015002e+01 ; 1.0225239e+02 
3.500e+01 ; 4.800e+00 ; 6.000e-01 ; 5.7079002e+01 ; 1.0224498e+02 
3.500e+01 ; 4.800e+00 ; 6.000e-01 ; 5.7207002e+01 ; 1.0223174e+02 
3.500e+01 ; 4.800e+00 ; 6.000e-01 ; 5.7463002e+01 ; 1.0221247e+02 
3.500e+01 ; 4.800e+00 ; 6.000e-01 ; 5.7800002e+01 ; 1.0220107e+02 
3.500e+01 ; 4.800e+00 ; 6.000e-01 ; 5.7800002e+01 ; 1.0220107e+02 
3.500e+01 ; 4.800e+00 ; 6.000e-01 ; 5.7801002e+01 ; 1.0220103e+02 
3.500e+01 ; 4.800e+00 ; 6.000e-01 ; 5.7802002e+01 ; 1.0220100e+02 
3.500e+01 ; 4.800e+00 ; 6.000e-01 ; 5.7803002e+01 ; 1.0220097e+02 
3.500e+01 ; 4.800e+00 ; 6.000e-01 ; 5.7805002e+01 ; 1.0220090e+02 
3.500e+01 ; 4.800e+00 ; 6.000e-01 ; 5.7809002e+01 ; 1.0220078e+02 
3.500e+01 ; 4.800e+00 ; 6.000e-01 ; 5.7817002e+01 ; 1.0220052e+02 
3.500e+01 ; 4.800e+00 ; 6.000e-01 ; 5.7833002e+01 ; 1.0220004e+02 
3.500e+01 ; 4.800e+00 ; 6.000e-01 ; 5.7865002e+01 ; 1.0219922e+02 
3.500e+01 ; 4.800e+00 ; 6.000e-01 ; 5.7929002e+01 ; 1.0219810e+02 
3.500e+01 ; 4.800e+00 ; 6.000e-01 ; 5.8057002e+01 ; 1.0219800e+02 
3.500e+01 ; 4.800e+00 ; 6.000e-01 ; 5.8313002e+01 ; 1.0220670e+02 
3.500e+01 ; 4.800e+00 ; 6.000e-01 ; 5.8650002e+01 ; 1.0223339e+02 
3.500e+01 ; 4.800e+00 ; 6.000e-01 ; 5.8650002e+01 ; 1.0223339e+02 
3.500e+01 ; 4.800e+00 ; 6.000e-01 ; 5.8651002e+01 ; 1.0223347e+02 
3.500e+01 ; 4.800e+00 ; 6.000e-01 ; 5.8652002e+01 ; 1.0223355e+02 
3.500e+01 ; 4.800e+00 ; 6.000e-01 ; 5.8653002e+01 ; 1.0223363e+02 
3.500e+01 ; 4.800e+00 ; 6.000e-01 ; 5.8655002e+01 ; 1.0223379e+02 
3.500e+01 ; 4.800e+00 ; 6.000e-01 ; 5.8659002e+01 ; 1.0223411e+02 
3.500e+01 ; 4.800e+00 ; 6.000e-01 ; 5.8667002e+01 ; 1.0223476e+02 
3.500e+01 ; 4.800e+00 ; 6.000e-01 ; 5.8683002e+01 ; 1.0223610e+02 
3.500e+01 ; 4.800e+00 ; 6.000e-01 ; 5.8715002e+01 ; 1.0223891e+02 
3.500e+01 ; 4.800e+00 ; 6.000e-01 ; 5.8779002e+01 ; 1.0224509e+02 
3.500e+01 ; 4.800e+00 ; 6.000e-01 ; 5.8907002e+01 ; 1.0225957e+02 
3.500e+01 ; 4.800e+00 ; 6.000e-01 ; 5.9163002e+01 ; 1.0229655e+02 
3.500e+01 ; 4.800e+00 ; 6.000e-01 ; 5.9500002e+01 ; 1.0235740e+02 
3.500e+01 ; 4.800e+00 ; 6.000e-01 ; 5.9500002e+01 ; 1.0235740e+02 
3.500e+01 ; 4.800e+00 ; 6.000e-01 ; 5.9501002e+01 ; 1.0235757e+02 
3.500e+01 ; 4.800e+00 ; 6.000e-01 ; 5.9502002e+01 ; 1.0235776e+02 
3.500e+01 ; 4.800e+00 ; 6.000e-01 ; 5.9503002e+01 ; 1.0235794e+02 
3.500e+01 ; 4.800e+00 ; 6.000e-01 ; 5.9505002e+01 ; 1.0235830e+02 
3.500e+01 ; 4.800e+00 ; 6.000e-01 ; 5.9509002e+01 ; 1.0235902e+02 
3.500e+01 ; 4.800e+00 ; 6.000e-01 ; 5.9517002e+01 ; 1.0236049e+02 
3.500e+01 ; 4.800e+00 ; 6.000e-01 ; 5.9533002e+01 ; 1.0236343e+02 
3.500e+01 ; 4.800e+00 ; 6.000e-01 ; 5.9565002e+01 ; 1.0236942e+02 
3.500e+01 ; 4.800e+00 ; 6.000e-01 ; 5.9629002e+01 ; 1.0238183e+02 
3.500e+01 ; 4.800e+00 ; 6.000e-01 ; 5.9757002e+01 ; 1.0240817e+02 
3.500e+01 ; 4.800e+00 ; 6.000e-01 ; 6.0013002e+01 ; 1.0246599e+02 
3.500e+01 ; 4.800e+00 ; 6.000e-01 ; 6.0350002e+01 ; 1.0254858e+02 
3.500e+01 ; 4.800e+00 ; 6.000e-01 ; 6.0350002e+01 ; 1.0254858e+02 
3.500e+01 ; 4.800e+00 ; 6.000e-01 ; 6.0351002e+01 ; 1.0254883e+02 
3.500e+01 ; 4.800e+00 ; 6.000e-01 ; 6.0352002e+01 ; 1.0254908e+02 
3.500e+01 ; 4.800e+00 ; 6.000e-01 ; 6.0353002e+01 ; 1.0254932e+02 
3.500e+01 ; 4.800e+00 ; 6.000e-01 ; 6.0355002e+01 ; 1.0254981e+02 
3.500e+01 ; 4.800e+00 ; 6.000e-01 ; 6.0359002e+01 ; 1.0255080e+02 
3.500e+01 ; 4.800e+00 ; 6.000e-01 ; 6.0367002e+01 ; 1.0255276e+02 
3.500e+01 ; 4.800e+00 ; 6.000e-01 ; 6.0383002e+01 ; 1.0255672e+02 
3.500e+01 ; 4.800e+00 ; 6.000e-01 ; 6.0415002e+01 ; 1.0256467e+02 
3.500e+01 ; 4.800e+00 ; 6.000e-01 ; 6.0479002e+01 ; 1.0258079e+02 
3.500e+01 ; 4.800e+00 ; 6.000e-01 ; 6.0607002e+01 ; 1.0261369e+02 
3.500e+01 ; 4.800e+00 ; 6.000e-01 ; 6.0863002e+01 ; 1.0268115e+02 
3.500e+01 ; 4.800e+00 ; 6.000e-01 ; 6.1200002e+01 ; 1.0277075e+02 
3.500e+01 ; 4.800e+00 ; 6.000e-01 ; 6.1200002e+01 ; 1.0277075e+02 
3.500e+01 ; 4.800e+00 ; 6.000e-01 ; 6.1201002e+01 ; 1.0277101e+02 
3.500e+01 ; 4.800e+00 ; 6.000e-01 ; 6.1202002e+01 ; 1.0277128e+02 
3.500e+01 ; 4.800e+00 ; 6.000e-01 ; 6.1203002e+01 ; 1.0277155e+02 
3.500e+01 ; 4.800e+00 ; 6.000e-01 ; 6.1205002e+01 ; 1.0277208e+02 
3.500e+01 ; 4.800e+00 ; 6.000e-01 ; 6.1209002e+01 ; 1.0277314e+02 
3.500e+01 ; 4.800e+00 ; 6.000e-01 ; 6.1217002e+01 ; 1.0277527e+02 
3.500e+01 ; 4.800e+00 ; 6.000e-01 ; 6.1233002e+01 ; 1.0277953e+02 
3.500e+01 ; 4.800e+00 ; 6.000e-01 ; 6.1265002e+01 ; 1.0278804e+02 
3.500e+01 ; 4.800e+00 ; 6.000e-01 ; 6.1329002e+01 ; 1.0280508e+02 
3.500e+01 ; 4.800e+00 ; 6.000e-01 ; 6.1457002e+01 ; 1.0283904e+02 
3.500e+01 ; 4.800e+00 ; 6.000e-01 ; 6.1713002e+01 ; 1.0290578e+02 
3.500e+01 ; 4.800e+00 ; 6.000e-01 ; 6.2050002e+01 ; 1.0299019e+02 
3.500e+01 ; 4.800e+00 ; 6.000e-01 ; 6.2050002e+01 ; 1.0299019e+02 
3.500e+01 ; 4.800e+00 ; 6.000e-01 ; 6.2051002e+01 ; 1.0299044e+02 
3.500e+01 ; 4.800e+00 ; 6.000e-01 ; 6.2052002e+01 ; 1.0299069e+02 
3.500e+01 ; 4.800e+00 ; 6.000e-01 ; 6.2053002e+01 ; 1.0299094e+02 
3.500e+01 ; 4.800e+00 ; 6.000e-01 ; 6.2055002e+01 ; 1.0299144e+02 
3.500e+01 ; 4.800e+00 ; 6.000e-01 ; 6.2059002e+01 ; 1.0299245e+02 
3.500e+01 ; 4.800e+00 ; 6.000e-01 ; 6.2067002e+01 ; 1.0299445e+02 
3.500e+01 ; 4.800e+00 ; 6.000e-01 ; 6.2083002e+01 ; 1.0299844e+02 
3.500e+01 ; 4.800e+00 ; 6.000e-01 ; 6.2115002e+01 ; 1.0300639e+02 
3.500e+01 ; 4.800e+00 ; 6.000e-01 ; 6.2179002e+01 ; 1.0302213e+02 
3.500e+01 ; 4.800e+00 ; 6.000e-01 ; 6.2307002e+01 ; 1.0305301e+02 
3.500e+01 ; 4.800e+00 ; 6.000e-01 ; 6.2563002e+01 ; 1.0311176e+02 
3.500e+01 ; 4.800e+00 ; 6.000e-01 ; 6.2900002e+01 ; 1.0318324e+02 
3.500e+01 ; 4.800e+00 ; 6.000e-01 ; 6.2900002e+01 ; 1.0318324e+02 
3.500e+01 ; 4.800e+00 ; 6.000e-01 ; 6.2901002e+01 ; 1.0318345e+02 
3.500e+01 ; 4.800e+00 ; 6.000e-01 ; 6.2902002e+01 ; 1.0318366e+02 
3.500e+01 ; 4.800e+00 ; 6.000e-01 ; 6.2903002e+01 ; 1.0318387e+02 
3.500e+01 ; 4.800e+00 ; 6.000e-01 ; 6.2905002e+01 ; 1.0318430e+02 
3.500e+01 ; 4.800e+00 ; 6.000e-01 ; 6.2909002e+01 ; 1.0318514e+02 
3.500e+01 ; 4.800e+00 ; 6.000e-01 ; 6.2917002e+01 ; 1.0318683e+02 
3.500e+01 ; 4.800e+00 ; 6.000e-01 ; 6.2933002e+01 ; 1.0319019e+02 
3.500e+01 ; 4.800e+00 ; 6.000e-01 ; 6.2965002e+01 ; 1.0319688e+02 
3.500e+01 ; 4.800e+00 ; 6.000e-01 ; 6.3029002e+01 ; 1.0321001e+02 
3.500e+01 ; 4.800e+00 ; 6.000e-01 ; 6.3157002e+01 ; 1.0323536e+02 
3.500e+01 ; 4.800e+00 ; 6.000e-01 ; 6.3413002e+01 ; 1.0328223e+02 
3.500e+01 ; 4.800e+00 ; 6.000e-01 ; 6.3750002e+01 ; 1.0333712e+02 
3.500e+01 ; 4.800e+00 ; 6.000e-01 ; 6.3750002e+01 ; 1.0333712e+02 
3.500e+01 ; 4.800e+00 ; 6.000e-01 ; 6.3751002e+01 ; 1.0333728e+02 
3.500e+01 ; 4.800e+00 ; 6.000e-01 ; 6.3752002e+01 ; 1.0333745e+02 
3.500e+01 ; 4.800e+00 ; 6.000e-01 ; 6.3753002e+01 ; 1.0333761e+02 
3.500e+01 ; 4.800e+00 ; 6.000e-01 ; 6.3755002e+01 ; 1.0333794e+02 
3.500e+01 ; 4.800e+00 ; 6.000e-01 ; 6.3759002e+01 ; 1.0333858e+02 
3.500e+01 ; 4.800e+00 ; 6.000e-01 ; 6.3767002e+01 ; 1.0333987e+02 
3.500e+01 ; 4.800e+00 ; 6.000e-01 ; 6.3783002e+01 ; 1.0334245e+02 
3.500e+01 ; 4.800e+00 ; 6.000e-01 ; 6.3815002e+01 ; 1.0334754e+02 
3.500e+01 ; 4.800e+00 ; 6.000e-01 ; 6.3879002e+01 ; 1.0335746e+02 
3.500e+01 ; 4.800e+00 ; 6.000e-01 ; 6.4007002e+01 ; 1.0337631e+02 
3.500e+01 ; 4.800e+00 ; 6.000e-01 ; 6.4263002e+01 ; 1.0341003e+02 
3.500e+01 ; 4.800e+00 ; 6.000e-01 ; 6.4600002e+01 ; 1.0344766e+02 
3.500e+01 ; 4.800e+00 ; 6.000e-01 ; 6.4600002e+01 ; 1.0344766e+02 
3.500e+01 ; 4.800e+00 ; 6.000e-01 ; 6.4601002e+01 ; 1.0344778e+02 
3.500e+01 ; 4.800e+00 ; 6.000e-01 ; 6.4602002e+01 ; 1.0344788e+02 
3.500e+01 ; 4.800e+00 ; 6.000e-01 ; 6.4603002e+01 ; 1.0344800e+02 
3.500e+01 ; 4.800e+00 ; 6.000e-01 ; 6.4605002e+01 ; 1.0344822e+02 
3.500e+01 ; 4.800e+00 ; 6.000e-01 ; 6.4609002e+01 ; 1.0344866e+02 
3.500e+01 ; 4.800e+00 ; 6.000e-01 ; 6.4617002e+01 ; 1.0344955e+02 
3.500e+01 ; 4.800e+00 ; 6.000e-01 ; 6.4633002e+01 ; 1.0345131e+02 
3.500e+01 ; 4.800e+00 ; 6.000e-01 ; 6.4665002e+01 ; 1.0345476e+02 
3.500e+01 ; 4.800e+00 ; 6.000e-01 ; 6.4729002e+01 ; 1.0346141e+02 
3.500e+01 ; 4.800e+00 ; 6.000e-01 ; 6.4857002e+01 ; 1.0347377e+02 
3.500e+01 ; 4.800e+00 ; 6.000e-01 ; 6.5113002e+01 ; 1.0349476e+02 
3.500e+01 ; 4.800e+00 ; 6.000e-01 ; 6.5450002e+01 ; 1.0351626e+02 
3.500e+01 ; 4.800e+00 ; 6.000e-01 ; 6.5450002e+01 ; 1.0351626e+02 
3.500e+01 ; 4.800e+00 ; 6.000e-01 ; 6.5451002e+01 ; 1.0351632e+02 
3.500e+01 ; 4.800e+00 ; 6.000e-01 ; 6.5452002e+01 ; 1.0351639e+02 
3.500e+01 ; 4.800e+00 ; 6.000e-01 ; 6.5453002e+01 ; 1.0351645e+02 
3.500e+01 ; 4.800e+00 ; 6.000e-01 ; 6.5455002e+01 ; 1.0351658e+02 
3.500e+01 ; 4.800e+00 ; 6.000e-01 ; 6.5459002e+01 ; 1.0351683e+02 
3.500e+01 ; 4.800e+00 ; 6.000e-01 ; 6.5467002e+01 ; 1.0351733e+02 
3.500e+01 ; 4.800e+00 ; 6.000e-01 ; 6.5483002e+01 ; 1.0351833e+02 
3.500e+01 ; 4.800e+00 ; 6.000e-01 ; 6.5515002e+01 ; 1.0352026e+02 
3.500e+01 ; 4.800e+00 ; 6.000e-01 ; 6.5579002e+01 ; 1.0352390e+02 
3.500e+01 ; 4.800e+00 ; 6.000e-01 ; 6.5707002e+01 ; 1.0353033e+02 
3.500e+01 ; 4.800e+00 ; 6.000e-01 ; 6.5963002e+01 ; 1.0353995e+02 
3.500e+01 ; 4.800e+00 ; 6.000e-01 ; 6.6300002e+01 ; 1.0354736e+02 
3.500e+01 ; 4.800e+00 ; 6.000e-01 ; 6.6300002e+01 ; 1.0354736e+02 
3.500e+01 ; 4.800e+00 ; 6.000e-01 ; 6.6301002e+01 ; 1.0354739e+02 
3.500e+01 ; 4.800e+00 ; 6.000e-01 ; 6.6302002e+01 ; 1.0354741e+02 
3.500e+01 ; 4.800e+00 ; 6.000e-01 ; 6.6303002e+01 ; 1.0354743e+02 
3.500e+01 ; 4.800e+00 ; 6.000e-01 ; 6.6305002e+01 ; 1.0354747e+02 
3.500e+01 ; 4.800e+00 ; 6.000e-01 ; 6.6309002e+01 ; 1.0354756e+02 
3.500e+01 ; 4.800e+00 ; 6.000e-01 ; 6.6317002e+01 ; 1.0354773e+02 
3.500e+01 ; 4.800e+00 ; 6.000e-01 ; 6.6333002e+01 ; 1.0354806e+02 
3.500e+01 ; 4.800e+00 ; 6.000e-01 ; 6.6365002e+01 ; 1.0354867e+02 
3.500e+01 ; 4.800e+00 ; 6.000e-01 ; 6.6429002e+01 ; 1.0354970e+02 
3.500e+01 ; 4.800e+00 ; 6.000e-01 ; 6.6557002e+01 ; 1.0355105e+02 
3.500e+01 ; 4.800e+00 ; 6.000e-01 ; 6.6813002e+01 ; 1.0355106e+02 
3.500e+01 ; 4.800e+00 ; 6.000e-01 ; 6.7150002e+01 ; 1.0354683e+02 
3.500e+01 ; 4.800e+00 ; 6.000e-01 ; 6.7150002e+01 ; 1.0354683e+02 
3.500e+01 ; 4.800e+00 ; 6.000e-01 ; 6.7151002e+01 ; 1.0354682e+02 
3.500e+01 ; 4.800e+00 ; 6.000e-01 ; 6.7152002e+01 ; 1.0354681e+02 
3.500e+01 ; 4.800e+00 ; 6.000e-01 ; 6.7153002e+01 ; 1.0354679e+02 
3.500e+01 ; 4.800e+00 ; 6.000e-01 ; 6.7155002e+01 ; 1.0354677e+02 
3.500e+01 ; 4.800e+00 ; 6.000e-01 ; 6.7159002e+01 ; 1.0354671e+02 
3.500e+01 ; 4.800e+00 ; 6.000e-01 ; 6.7167002e+01 ; 1.0354662e+02 
3.500e+01 ; 4.800e+00 ; 6.000e-01 ; 6.7183002e+01 ; 1.0354639e+02 
3.500e+01 ; 4.800e+00 ; 6.000e-01 ; 6.7215002e+01 ; 1.0354591e+02 
3.500e+01 ; 4.800e+00 ; 6.000e-01 ; 6.7279002e+01 ; 1.0354481e+02 
3.500e+01 ; 4.800e+00 ; 6.000e-01 ; 6.7407002e+01 ; 1.0354203e+02 
3.500e+01 ; 4.800e+00 ; 6.000e-01 ; 6.7663002e+01 ; 1.0353440e+02 
3.500e+01 ; 4.800e+00 ; 6.000e-01 ; 6.8000002e+01 ; 1.0352123e+02 
3.500e+01 ; 4.800e+00 ; 6.000e-01 ; 6.8000002e+01 ; 1.0352123e+02 
3.500e+01 ; 4.800e+00 ; 6.000e-01 ; 6.8001002e+01 ; 1.0352119e+02 
3.500e+01 ; 4.800e+00 ; 6.000e-01 ; 6.8002002e+01 ; 1.0352116e+02 
3.500e+01 ; 4.800e+00 ; 6.000e-01 ; 6.8003002e+01 ; 1.0352112e+02 
3.500e+01 ; 4.800e+00 ; 6.000e-01 ; 6.8005002e+01 ; 1.0352103e+02 
3.500e+01 ; 4.800e+00 ; 6.000e-01 ; 6.8009002e+01 ; 1.0352088e+02 
3.500e+01 ; 4.800e+00 ; 6.000e-01 ; 6.8017002e+01 ; 1.0352056e+02 
3.500e+01 ; 4.800e+00 ; 6.000e-01 ; 6.8033002e+01 ; 1.0351992e+02 
3.500e+01 ; 4.800e+00 ; 6.000e-01 ; 6.8065002e+01 ; 1.0351862e+02 
3.500e+01 ; 4.800e+00 ; 6.000e-01 ; 6.8129002e+01 ; 1.0351590e+02 
3.500e+01 ; 4.800e+00 ; 6.000e-01 ; 6.8257002e+01 ; 1.0351006e+02 
3.500e+01 ; 4.800e+00 ; 6.000e-01 ; 6.8513002e+01 ; 1.0349706e+02 
3.500e+01 ; 4.800e+00 ; 6.000e-01 ; 6.8850002e+01 ; 1.0347822e+02 
3.500e+01 ; 4.800e+00 ; 6.000e-01 ; 6.8850002e+01 ; 1.0347822e+02 
3.500e+01 ; 4.800e+00 ; 6.000e-01 ; 6.8851002e+01 ; 1.0347816e+02 
3.500e+01 ; 4.800e+00 ; 6.000e-01 ; 6.8852002e+01 ; 1.0347810e+02 
3.500e+01 ; 4.800e+00 ; 6.000e-01 ; 6.8853002e+01 ; 1.0347805e+02 
3.500e+01 ; 4.800e+00 ; 6.000e-01 ; 6.8855002e+01 ; 1.0347794e+02 
3.500e+01 ; 4.800e+00 ; 6.000e-01 ; 6.8859002e+01 ; 1.0347771e+02 
3.500e+01 ; 4.800e+00 ; 6.000e-01 ; 6.8867002e+01 ; 1.0347726e+02 
3.500e+01 ; 4.800e+00 ; 6.000e-01 ; 6.8883002e+01 ; 1.0347636e+02 
3.500e+01 ; 4.800e+00 ; 6.000e-01 ; 6.8915002e+01 ; 1.0347454e+02 
3.500e+01 ; 4.800e+00 ; 6.000e-01 ; 6.8979002e+01 ; 1.0347086e+02 
3.500e+01 ; 4.800e+00 ; 6.000e-01 ; 6.9107002e+01 ; 1.0346329e+02 
3.500e+01 ; 4.800e+00 ; 6.000e-01 ; 6.9363002e+01 ; 1.0344781e+02 
3.500e+01 ; 4.800e+00 ; 6.000e-01 ; 6.9700002e+01 ; 1.0342755e+02 
3.500e+01 ; 4.800e+00 ; 6.000e-01 ; 6.9700002e+01 ; 1.0342755e+02 
3.500e+01 ; 4.800e+00 ; 6.000e-01 ; 6.9701002e+01 ; 1.0342749e+02 
3.500e+01 ; 4.800e+00 ; 6.000e-01 ; 6.9702002e+01 ; 1.0342743e+02 
3.500e+01 ; 4.800e+00 ; 6.000e-01 ; 6.9703002e+01 ; 1.0342738e+02 
3.500e+01 ; 4.800e+00 ; 6.000e-01 ; 6.9705002e+01 ; 1.0342725e+02 
3.500e+01 ; 4.800e+00 ; 6.000e-01 ; 6.9709002e+01 ; 1.0342701e+02 
3.500e+01 ; 4.800e+00 ; 6.000e-01 ; 6.9717002e+01 ; 1.0342653e+02 
3.500e+01 ; 4.800e+00 ; 6.000e-01 ; 6.9733002e+01 ; 1.0342557e+02 
3.500e+01 ; 4.800e+00 ; 6.000e-01 ; 6.9765002e+01 ; 1.0342365e+02 
3.500e+01 ; 4.800e+00 ; 6.000e-01 ; 6.9829002e+01 ; 1.0341983e+02 
3.500e+01 ; 4.800e+00 ; 6.000e-01 ; 6.9957002e+01 ; 1.0341229e+02 
3.500e+01 ; 4.800e+00 ; 6.000e-01 ; 7.0213002e+01 ; 1.0339802e+02 
3.500e+01 ; 4.800e+00 ; 6.000e-01 ; 7.0550002e+01 ; 1.0338147e+02 
3.500e+01 ; 4.800e+00 ; 6.000e-01 ; 7.0550002e+01 ; 1.0338147e+02 
3.500e+01 ; 4.800e+00 ; 6.000e-01 ; 7.0551002e+01 ; 1.0338142e+02 
3.500e+01 ; 4.800e+00 ; 6.000e-01 ; 7.0552002e+01 ; 1.0338137e+02 
3.500e+01 ; 4.800e+00 ; 6.000e-01 ; 7.0553002e+01 ; 1.0338132e+02 
3.500e+01 ; 4.800e+00 ; 6.000e-01 ; 7.0555002e+01 ; 1.0338123e+02 
3.500e+01 ; 4.800e+00 ; 6.000e-01 ; 7.0559002e+01 ; 1.0338103e+02 
3.500e+01 ; 4.800e+00 ; 6.000e-01 ; 7.0567002e+01 ; 1.0338064e+02 
3.500e+01 ; 4.800e+00 ; 6.000e-01 ; 7.0583002e+01 ; 1.0337986e+02 
3.500e+01 ; 4.800e+00 ; 6.000e-01 ; 7.0615002e+01 ; 1.0337833e+02 
3.500e+01 ; 4.800e+00 ; 6.000e-01 ; 7.0679002e+01 ; 1.0337537e+02 
3.500e+01 ; 4.800e+00 ; 6.000e-01 ; 7.0807002e+01 ; 1.0336985e+02 
3.500e+01 ; 4.800e+00 ; 6.000e-01 ; 7.1063002e+01 ; 1.0336079e+02 
3.500e+01 ; 4.800e+00 ; 6.000e-01 ; 7.1400002e+01 ; 1.0335294e+02 
3.500e+01 ; 4.800e+00 ; 6.000e-01 ; 7.1400002e+01 ; 1.0335294e+02 
3.500e+01 ; 4.800e+00 ; 6.000e-01 ; 7.1401002e+01 ; 1.0335291e+02 
3.500e+01 ; 4.800e+00 ; 6.000e-01 ; 7.1402002e+01 ; 1.0335289e+02 
3.500e+01 ; 4.800e+00 ; 6.000e-01 ; 7.1403002e+01 ; 1.0335287e+02 
3.500e+01 ; 4.800e+00 ; 6.000e-01 ; 7.1405002e+01 ; 1.0335282e+02 
3.500e+01 ; 4.800e+00 ; 6.000e-01 ; 7.1409002e+01 ; 1.0335273e+02 
3.500e+01 ; 4.800e+00 ; 6.000e-01 ; 7.1417002e+01 ; 1.0335255e+02 
3.500e+01 ; 4.800e+00 ; 6.000e-01 ; 7.1433002e+01 ; 1.0335219e+02 
3.500e+01 ; 4.800e+00 ; 6.000e-01 ; 7.1465002e+01 ; 1.0335152e+02 
3.500e+01 ; 4.800e+00 ; 6.000e-01 ; 7.1529002e+01 ; 1.0335033e+02 
3.500e+01 ; 4.800e+00 ; 6.000e-01 ; 7.1657002e+01 ; 1.0334862e+02 
3.500e+01 ; 4.800e+00 ; 6.000e-01 ; 7.1913002e+01 ; 1.0334795e+02 
3.500e+01 ; 4.800e+00 ; 6.000e-01 ; 7.2250002e+01 ; 1.0335213e+02 
3.500e+01 ; 4.800e+00 ; 6.000e-01 ; 7.2250002e+01 ; 1.0335213e+02 
3.500e+01 ; 4.800e+00 ; 6.000e-01 ; 7.2251002e+01 ; 1.0335215e+02 
3.500e+01 ; 4.800e+00 ; 6.000e-01 ; 7.2252002e+01 ; 1.0335216e+02 
3.500e+01 ; 4.800e+00 ; 6.000e-01 ; 7.2253002e+01 ; 1.0335217e+02 
3.500e+01 ; 4.800e+00 ; 6.000e-01 ; 7.2255002e+01 ; 1.0335220e+02 
3.500e+01 ; 4.800e+00 ; 6.000e-01 ; 7.2259002e+01 ; 1.0335225e+02 
3.500e+01 ; 4.800e+00 ; 6.000e-01 ; 7.2267002e+01 ; 1.0335236e+02 
3.500e+01 ; 4.800e+00 ; 6.000e-01 ; 7.2283002e+01 ; 1.0335258e+02 
3.500e+01 ; 4.800e+00 ; 6.000e-01 ; 7.2315002e+01 ; 1.0335307e+02 
3.500e+01 ; 4.800e+00 ; 6.000e-01 ; 7.2379002e+01 ; 1.0335423e+02 
3.500e+01 ; 4.800e+00 ; 6.000e-01 ; 7.2507002e+01 ; 1.0335730e+02 
3.500e+01 ; 4.800e+00 ; 6.000e-01 ; 7.2763002e+01 ; 1.0336640e+02 
3.500e+01 ; 4.800e+00 ; 6.000e-01 ; 7.3100002e+01 ; 1.0338329e+02 
3.500e+01 ; 4.800e+00 ; 6.000e-01 ; 7.3100002e+01 ; 1.0338329e+02 
3.500e+01 ; 4.800e+00 ; 6.000e-01 ; 7.3101002e+01 ; 1.0338334e+02 
3.500e+01 ; 4.800e+00 ; 6.000e-01 ; 7.3102002e+01 ; 1.0338338e+02 
3.500e+01 ; 4.800e+00 ; 6.000e-01 ; 7.3103002e+01 ; 1.0338344e+02 
3.500e+01 ; 4.800e+00 ; 6.000e-01 ; 7.3105002e+01 ; 1.0338354e+02 
3.500e+01 ; 4.800e+00 ; 6.000e-01 ; 7.3109002e+01 ; 1.0338374e+02 
3.500e+01 ; 4.800e+00 ; 6.000e-01 ; 7.3117002e+01 ; 1.0338415e+02 
3.500e+01 ; 4.800e+00 ; 6.000e-01 ; 7.3133002e+01 ; 1.0338497e+02 
3.500e+01 ; 4.800e+00 ; 6.000e-01 ; 7.3165002e+01 ; 1.0338667e+02 
3.500e+01 ; 4.800e+00 ; 6.000e-01 ; 7.3229002e+01 ; 1.0339022e+02 
3.500e+01 ; 4.800e+00 ; 6.000e-01 ; 7.3357002e+01 ; 1.0339802e+02 
3.500e+01 ; 4.800e+00 ; 6.000e-01 ; 7.3613002e+01 ; 1.0341614e+02 
3.500e+01 ; 4.800e+00 ; 6.000e-01 ; 7.3950002e+01 ; 1.0344384e+02 
3.500e+01 ; 4.800e+00 ; 6.000e-01 ; 7.3950002e+01 ; 1.0344384e+02 
3.500e+01 ; 4.800e+00 ; 6.000e-01 ; 7.3951002e+01 ; 1.0344392e+02 
3.500e+01 ; 4.800e+00 ; 6.000e-01 ; 7.3952002e+01 ; 1.0344400e+02 
3.500e+01 ; 4.800e+00 ; 6.000e-01 ; 7.3953002e+01 ; 1.0344408e+02 
3.500e+01 ; 4.800e+00 ; 6.000e-01 ; 7.3955002e+01 ; 1.0344424e+02 
3.500e+01 ; 4.800e+00 ; 6.000e-01 ; 7.3959002e+01 ; 1.0344458e+02 
3.500e+01 ; 4.800e+00 ; 6.000e-01 ; 7.3967002e+01 ; 1.0344524e+02 
3.500e+01 ; 4.800e+00 ; 6.000e-01 ; 7.3983002e+01 ; 1.0344657e+02 
3.500e+01 ; 4.800e+00 ; 6.000e-01 ; 7.4015002e+01 ; 1.0344927e+02 
3.500e+01 ; 4.800e+00 ; 6.000e-01 ; 7.4079002e+01 ; 1.0345480e+02 
3.500e+01 ; 4.800e+00 ; 6.000e-01 ; 7.4207002e+01 ; 1.0346636e+02 
3.500e+01 ; 4.800e+00 ; 6.000e-01 ; 7.4463002e+01 ; 1.0349118e+02 
3.500e+01 ; 4.800e+00 ; 6.000e-01 ; 7.4800002e+01 ; 1.0352618e+02 
3.500e+01 ; 4.800e+00 ; 6.000e-01 ; 7.4800002e+01 ; 1.0352618e+02 
3.500e+01 ; 4.800e+00 ; 6.000e-01 ; 7.4801002e+01 ; 1.0352628e+02 
3.500e+01 ; 4.800e+00 ; 6.000e-01 ; 7.4802002e+01 ; 1.0352638e+02 
3.500e+01 ; 4.800e+00 ; 6.000e-01 ; 7.4803002e+01 ; 1.0352649e+02 
3.500e+01 ; 4.800e+00 ; 6.000e-01 ; 7.4805002e+01 ; 1.0352670e+02 
3.500e+01 ; 4.800e+00 ; 6.000e-01 ; 7.4809002e+01 ; 1.0352711e+02 
3.500e+01 ; 4.800e+00 ; 6.000e-01 ; 7.4817002e+01 ; 1.0352795e+02 
3.500e+01 ; 4.800e+00 ; 6.000e-01 ; 7.4833002e+01 ; 1.0352962e+02 
3.500e+01 ; 4.800e+00 ; 6.000e-01 ; 7.4865002e+01 ; 1.0353298e+02 
3.500e+01 ; 4.800e+00 ; 6.000e-01 ; 7.4929002e+01 ; 1.0353979e+02 
3.500e+01 ; 4.800e+00 ; 6.000e-01 ; 7.5057002e+01 ; 1.0355366e+02 
3.500e+01 ; 4.800e+00 ; 6.000e-01 ; 7.5313002e+01 ; 1.0358218e+02 
3.500e+01 ; 4.800e+00 ; 6.000e-01 ; 7.5650002e+01 ; 1.0362050e+02 
3.500e+01 ; 4.800e+00 ; 6.000e-01 ; 7.5650002e+01 ; 1.0362050e+02 
3.500e+01 ; 4.800e+00 ; 6.000e-01 ; 7.5651002e+01 ; 1.0362061e+02 
3.500e+01 ; 4.800e+00 ; 6.000e-01 ; 7.5652002e+01 ; 1.0362073e+02 
3.500e+01 ; 4.800e+00 ; 6.000e-01 ; 7.5653002e+01 ; 1.0362084e+02 
3.500e+01 ; 4.800e+00 ; 6.000e-01 ; 7.5655002e+01 ; 1.0362106e+02 
3.500e+01 ; 4.800e+00 ; 6.000e-01 ; 7.5659002e+01 ; 1.0362152e+02 
3.500e+01 ; 4.800e+00 ; 6.000e-01 ; 7.5667002e+01 ; 1.0362243e+02 
3.500e+01 ; 4.800e+00 ; 6.000e-01 ; 7.5683002e+01 ; 1.0362425e+02 
3.500e+01 ; 4.800e+00 ; 6.000e-01 ; 7.5715002e+01 ; 1.0362791e+02 
3.500e+01 ; 4.800e+00 ; 6.000e-01 ; 7.5779002e+01 ; 1.0363522e+02 
3.500e+01 ; 4.800e+00 ; 6.000e-01 ; 7.5907002e+01 ; 1.0364991e+02 
3.500e+01 ; 4.800e+00 ; 6.000e-01 ; 7.6163002e+01 ; 1.0367923e+02 
3.500e+01 ; 4.800e+00 ; 6.000e-01 ; 7.6500002e+01 ; 1.0371726e+02 
3.500e+01 ; 4.800e+00 ; 6.000e-01 ; 7.6500002e+01 ; 1.0371726e+02 
3.500e+01 ; 4.800e+00 ; 6.000e-01 ; 7.6501002e+01 ; 1.0371738e+02 
3.500e+01 ; 4.800e+00 ; 6.000e-01 ; 7.6502002e+01 ; 1.0371748e+02 
3.500e+01 ; 4.800e+00 ; 6.000e-01 ; 7.6503002e+01 ; 1.0371760e+02 
3.500e+01 ; 4.800e+00 ; 6.000e-01 ; 7.6505002e+01 ; 1.0371783e+02 
3.500e+01 ; 4.800e+00 ; 6.000e-01 ; 7.6509002e+01 ; 1.0371828e+02 
3.500e+01 ; 4.800e+00 ; 6.000e-01 ; 7.6517002e+01 ; 1.0371918e+02 
3.500e+01 ; 4.800e+00 ; 6.000e-01 ; 7.6533002e+01 ; 1.0372098e+02 
3.500e+01 ; 4.800e+00 ; 6.000e-01 ; 7.6565002e+01 ; 1.0372458e+02 
3.500e+01 ; 4.800e+00 ; 6.000e-01 ; 7.6629002e+01 ; 1.0373176e+02 
3.500e+01 ; 4.800e+00 ; 6.000e-01 ; 7.6757002e+01 ; 1.0374597e+02 
3.500e+01 ; 4.800e+00 ; 6.000e-01 ; 7.7013002e+01 ; 1.0377370e+02 
3.500e+01 ; 4.800e+00 ; 6.000e-01 ; 7.7350002e+01 ; 1.0380869e+02 
3.500e+01 ; 4.800e+00 ; 6.000e-01 ; 7.7350002e+01 ; 1.0380869e+02 
3.500e+01 ; 4.800e+00 ; 6.000e-01 ; 7.7351002e+01 ; 1.0380880e+02 
3.500e+01 ; 4.800e+00 ; 6.000e-01 ; 7.7352002e+01 ; 1.0380890e+02 
3.500e+01 ; 4.800e+00 ; 6.000e-01 ; 7.7353002e+01 ; 1.0380901e+02 
3.500e+01 ; 4.800e+00 ; 6.000e-01 ; 7.7355002e+01 ; 1.0380921e+02 
3.500e+01 ; 4.800e+00 ; 6.000e-01 ; 7.7359002e+01 ; 1.0380963e+02 
3.500e+01 ; 4.800e+00 ; 6.000e-01 ; 7.7367002e+01 ; 1.0381046e+02 
3.500e+01 ; 4.800e+00 ; 6.000e-01 ; 7.7383002e+01 ; 1.0381211e+02 
3.500e+01 ; 4.800e+00 ; 6.000e-01 ; 7.7415002e+01 ; 1.0381541e+02 
3.500e+01 ; 4.800e+00 ; 6.000e-01 ; 7.7479002e+01 ; 1.0382193e+02 
3.500e+01 ; 4.800e+00 ; 6.000e-01 ; 7.7607002e+01 ; 1.0383473e+02 
3.500e+01 ; 4.800e+00 ; 6.000e-01 ; 7.7863002e+01 ; 1.0385921e+02 
3.500e+01 ; 4.800e+00 ; 6.000e-01 ; 7.8200002e+01 ; 1.0388931e+02 
3.500e+01 ; 4.800e+00 ; 6.000e-01 ; 7.8200002e+01 ; 1.0388931e+02 
3.500e+01 ; 4.800e+00 ; 6.000e-01 ; 7.8201002e+01 ; 1.0388940e+02 
3.500e+01 ; 4.800e+00 ; 6.000e-01 ; 7.8202002e+01 ; 1.0388950e+02 
3.500e+01 ; 4.800e+00 ; 6.000e-01 ; 7.8203002e+01 ; 1.0388958e+02 
3.500e+01 ; 4.800e+00 ; 6.000e-01 ; 7.8205002e+01 ; 1.0388976e+02 
3.500e+01 ; 4.800e+00 ; 6.000e-01 ; 7.8209002e+01 ; 1.0389011e+02 
3.500e+01 ; 4.800e+00 ; 6.000e-01 ; 7.8217002e+01 ; 1.0389083e+02 
3.500e+01 ; 4.800e+00 ; 6.000e-01 ; 7.8233002e+01 ; 1.0389225e+02 
3.500e+01 ; 4.800e+00 ; 6.000e-01 ; 7.8265002e+01 ; 1.0389507e+02 
3.500e+01 ; 4.800e+00 ; 6.000e-01 ; 7.8329002e+01 ; 1.0390063e+02 
3.500e+01 ; 4.800e+00 ; 6.000e-01 ; 7.8457002e+01 ; 1.0391142e+02 
3.500e+01 ; 4.800e+00 ; 6.000e-01 ; 7.8713002e+01 ; 1.0393164e+02 
3.500e+01 ; 4.800e+00 ; 6.000e-01 ; 7.9050002e+01 ; 1.0395584e+02 
3.500e+01 ; 4.800e+00 ; 6.000e-01 ; 7.9050002e+01 ; 1.0395584e+02 
3.500e+01 ; 4.800e+00 ; 6.000e-01 ; 7.9051002e+01 ; 1.0395591e+02 
3.500e+01 ; 4.800e+00 ; 6.000e-01 ; 7.9052002e+01 ; 1.0395598e+02 
3.500e+01 ; 4.800e+00 ; 6.000e-01 ; 7.9053002e+01 ; 1.0395605e+02 
3.500e+01 ; 4.800e+00 ; 6.000e-01 ; 7.9055002e+01 ; 1.0395620e+02 
3.500e+01 ; 4.800e+00 ; 6.000e-01 ; 7.9059002e+01 ; 1.0395648e+02 
3.500e+01 ; 4.800e+00 ; 6.000e-01 ; 7.9067002e+01 ; 1.0395705e+02 
3.500e+01 ; 4.800e+00 ; 6.000e-01 ; 7.9083002e+01 ; 1.0395819e+02 
3.500e+01 ; 4.800e+00 ; 6.000e-01 ; 7.9115002e+01 ; 1.0396045e+02 
3.500e+01 ; 4.800e+00 ; 6.000e-01 ; 7.9179002e+01 ; 1.0396487e+02 
3.500e+01 ; 4.800e+00 ; 6.000e-01 ; 7.9307002e+01 ; 1.0397334e+02 
3.500e+01 ; 4.800e+00 ; 6.000e-01 ; 7.9563002e+01 ; 1.0398886e+02 
3.500e+01 ; 4.800e+00 ; 6.000e-01 ; 7.9900002e+01 ; 1.0400681e+02 
3.500e+01 ; 4.800e+00 ; 6.000e-01 ; 7.9900002e+01 ; 1.0400681e+02 
3.500e+01 ; 4.800e+00 ; 6.000e-01 ; 7.9901002e+01 ; 1.0400686e+02 
3.500e+01 ; 4.800e+00 ; 6.000e-01 ; 7.9902002e+01 ; 1.0400691e+02 
3.500e+01 ; 4.800e+00 ; 6.000e-01 ; 7.9903002e+01 ; 1.0400697e+02 
3.500e+01 ; 4.800e+00 ; 6.000e-01 ; 7.9905002e+01 ; 1.0400707e+02 
3.500e+01 ; 4.800e+00 ; 6.000e-01 ; 7.9909002e+01 ; 1.0400729e+02 
3.500e+01 ; 4.800e+00 ; 6.000e-01 ; 7.9917002e+01 ; 1.0400771e+02 
3.500e+01 ; 4.800e+00 ; 6.000e-01 ; 7.9933002e+01 ; 1.0400855e+02 
3.500e+01 ; 4.800e+00 ; 6.000e-01 ; 7.9965002e+01 ; 1.0401021e+02 
3.500e+01 ; 4.800e+00 ; 6.000e-01 ; 8.0029002e+01 ; 1.0401344e+02 
3.500e+01 ; 4.800e+00 ; 6.000e-01 ; 8.0157002e+01 ; 1.0401954e+02 
3.500e+01 ; 4.800e+00 ; 6.000e-01 ; 8.0413002e+01 ; 1.0403033e+02 
3.500e+01 ; 4.800e+00 ; 6.000e-01 ; 8.0750002e+01 ; 1.0404219e+02 
3.500e+01 ; 4.800e+00 ; 6.000e-01 ; 8.0750002e+01 ; 1.0404219e+02 
3.500e+01 ; 4.800e+00 ; 6.000e-01 ; 8.0751002e+01 ; 1.0404222e+02 
3.500e+01 ; 4.800e+00 ; 6.000e-01 ; 8.0752002e+01 ; 1.0404226e+02 
3.500e+01 ; 4.800e+00 ; 6.000e-01 ; 8.0753002e+01 ; 1.0404230e+02 
3.500e+01 ; 4.800e+00 ; 6.000e-01 ; 8.0755002e+01 ; 1.0404237e+02 
3.500e+01 ; 4.800e+00 ; 6.000e-01 ; 8.0759002e+01 ; 1.0404250e+02 
3.500e+01 ; 4.800e+00 ; 6.000e-01 ; 8.0767002e+01 ; 1.0404279e+02 
3.500e+01 ; 4.800e+00 ; 6.000e-01 ; 8.0783002e+01 ; 1.0404333e+02 
3.500e+01 ; 4.800e+00 ; 6.000e-01 ; 8.0815002e+01 ; 1.0404442e+02 
3.500e+01 ; 4.800e+00 ; 6.000e-01 ; 8.0879002e+01 ; 1.0404650e+02 
3.500e+01 ; 4.800e+00 ; 6.000e-01 ; 8.1007002e+01 ; 1.0405033e+02 
3.500e+01 ; 4.800e+00 ; 6.000e-01 ; 8.1263002e+01 ; 1.0405672e+02 
3.500e+01 ; 4.800e+00 ; 6.000e-01 ; 8.1600002e+01 ; 1.0406306e+02 
3.500e+01 ; 4.800e+00 ; 6.000e-01 ; 8.1600002e+01 ; 1.0406306e+02 
3.500e+01 ; 4.800e+00 ; 6.000e-01 ; 8.1601002e+01 ; 1.0406309e+02 
3.500e+01 ; 4.800e+00 ; 6.000e-01 ; 8.1602002e+01 ; 1.0406310e+02 
3.500e+01 ; 4.800e+00 ; 6.000e-01 ; 8.1603002e+01 ; 1.0406313e+02 
3.500e+01 ; 4.800e+00 ; 6.000e-01 ; 8.1605002e+01 ; 1.0406316e+02 
3.500e+01 ; 4.800e+00 ; 6.000e-01 ; 8.1609002e+01 ; 1.0406324e+02 
3.500e+01 ; 4.800e+00 ; 6.000e-01 ; 8.1617002e+01 ; 1.0406339e+02 
3.500e+01 ; 4.800e+00 ; 6.000e-01 ; 8.1633002e+01 ; 1.0406367e+02 
3.500e+01 ; 4.800e+00 ; 6.000e-01 ; 8.1665002e+01 ; 1.0406424e+02 
3.500e+01 ; 4.800e+00 ; 6.000e-01 ; 8.1729002e+01 ; 1.0406530e+02 
3.500e+01 ; 4.800e+00 ; 6.000e-01 ; 8.1857002e+01 ; 1.0406713e+02 
3.500e+01 ; 4.800e+00 ; 6.000e-01 ; 8.2113002e+01 ; 1.0406974e+02 
3.500e+01 ; 4.800e+00 ; 6.000e-01 ; 8.2450002e+01 ; 1.0407155e+02 
3.500e+01 ; 4.800e+00 ; 6.000e-01 ; 8.2450002e+01 ; 1.0407155e+02 
3.500e+01 ; 4.800e+00 ; 6.000e-01 ; 8.2451002e+01 ; 1.0407156e+02 
3.500e+01 ; 4.800e+00 ; 6.000e-01 ; 8.2452002e+01 ; 1.0407156e+02 
3.500e+01 ; 4.800e+00 ; 6.000e-01 ; 8.2453002e+01 ; 1.0407157e+02 
3.500e+01 ; 4.800e+00 ; 6.000e-01 ; 8.2455002e+01 ; 1.0407158e+02 
3.500e+01 ; 4.800e+00 ; 6.000e-01 ; 8.2459002e+01 ; 1.0407160e+02 
3.500e+01 ; 4.800e+00 ; 6.000e-01 ; 8.2467002e+01 ; 1.0407164e+02 
3.500e+01 ; 4.800e+00 ; 6.000e-01 ; 8.2483002e+01 ; 1.0407172e+02 
3.500e+01 ; 4.800e+00 ; 6.000e-01 ; 8.2515002e+01 ; 1.0407186e+02 
3.500e+01 ; 4.800e+00 ; 6.000e-01 ; 8.2579002e+01 ; 1.0407209e+02 
3.500e+01 ; 4.800e+00 ; 6.000e-01 ; 8.2707002e+01 ; 1.0407233e+02 
3.500e+01 ; 4.800e+00 ; 6.000e-01 ; 8.2963002e+01 ; 1.0407208e+02 
3.500e+01 ; 4.800e+00 ; 6.000e-01 ; 8.3300002e+01 ; 1.0407069e+02 
3.500e+01 ; 4.800e+00 ; 6.000e-01 ; 8.3300002e+01 ; 1.0407069e+02 
3.500e+01 ; 4.800e+00 ; 6.000e-01 ; 8.3301002e+01 ; 1.0407068e+02 
3.500e+01 ; 4.800e+00 ; 6.000e-01 ; 8.3302002e+01 ; 1.0407067e+02 
3.500e+01 ; 4.800e+00 ; 6.000e-01 ; 8.3303002e+01 ; 1.0407067e+02 
3.500e+01 ; 4.800e+00 ; 6.000e-01 ; 8.3305002e+01 ; 1.0407066e+02 
3.500e+01 ; 4.800e+00 ; 6.000e-01 ; 8.3309002e+01 ; 1.0407065e+02 
3.500e+01 ; 4.800e+00 ; 6.000e-01 ; 8.3317002e+01 ; 1.0407061e+02 
3.500e+01 ; 4.800e+00 ; 6.000e-01 ; 8.3333002e+01 ; 1.0407054e+02 
3.500e+01 ; 4.800e+00 ; 6.000e-01 ; 8.3365002e+01 ; 1.0407039e+02 
3.500e+01 ; 4.800e+00 ; 6.000e-01 ; 8.3429002e+01 ; 1.0407005e+02 
3.500e+01 ; 4.800e+00 ; 6.000e-01 ; 8.3557002e+01 ; 1.0406925e+02 
3.500e+01 ; 4.800e+00 ; 6.000e-01 ; 8.3813002e+01 ; 1.0406725e+02 
3.500e+01 ; 4.800e+00 ; 6.000e-01 ; 8.4150002e+01 ; 1.0406419e+02 
3.500e+01 ; 4.800e+00 ; 6.000e-01 ; 8.4150002e+01 ; 1.0406419e+02 
3.500e+01 ; 4.800e+00 ; 6.000e-01 ; 8.4151002e+01 ; 1.0406418e+02 
3.500e+01 ; 4.800e+00 ; 6.000e-01 ; 8.4152002e+01 ; 1.0406417e+02 
3.500e+01 ; 4.800e+00 ; 6.000e-01 ; 8.4153002e+01 ; 1.0406416e+02 
3.500e+01 ; 4.800e+00 ; 6.000e-01 ; 8.4155002e+01 ; 1.0406415e+02 
3.500e+01 ; 4.800e+00 ; 6.000e-01 ; 8.4159002e+01 ; 1.0406411e+02 
3.500e+01 ; 4.800e+00 ; 6.000e-01 ; 8.4167002e+01 ; 1.0406403e+02 
3.500e+01 ; 4.800e+00 ; 6.000e-01 ; 8.4183002e+01 ; 1.0406389e+02 
3.500e+01 ; 4.800e+00 ; 6.000e-01 ; 8.4215002e+01 ; 1.0406359e+02 
3.500e+01 ; 4.800e+00 ; 6.000e-01 ; 8.4279002e+01 ; 1.0406298e+02 
3.500e+01 ; 4.800e+00 ; 6.000e-01 ; 8.4407002e+01 ; 1.0406172e+02 
3.500e+01 ; 4.800e+00 ; 6.000e-01 ; 8.4663002e+01 ; 1.0405917e+02 
3.500e+01 ; 4.800e+00 ; 6.000e-01 ; 8.5000002e+01 ; 1.0405590e+02 
3.500e+01 ; 4.800e+00 ; 6.000e-01 ; 8.5000002e+01 ; 1.0405590e+02 
3.500e+01 ; 4.800e+00 ; 6.000e-01 ; 8.5001002e+01 ; 1.0405589e+02 
3.500e+01 ; 4.800e+00 ; 6.000e-01 ; 8.5002002e+01 ; 1.0405589e+02 
3.500e+01 ; 4.800e+00 ; 6.000e-01 ; 8.5003002e+01 ; 1.0405587e+02 
3.500e+01 ; 4.800e+00 ; 6.000e-01 ; 8.5005002e+01 ; 1.0405585e+02 
3.500e+01 ; 4.800e+00 ; 6.000e-01 ; 8.5009002e+01 ; 1.0405582e+02 
3.500e+01 ; 4.800e+00 ; 6.000e-01 ; 8.5017002e+01 ; 1.0405574e+02 
3.500e+01 ; 4.800e+00 ; 6.000e-01 ; 8.5033002e+01 ; 1.0405558e+02 
3.500e+01 ; 4.800e+00 ; 6.000e-01 ; 8.5065002e+01 ; 1.0405527e+02 
3.500e+01 ; 4.800e+00 ; 6.000e-01 ; 8.5129002e+01 ; 1.0405466e+02 
3.500e+01 ; 4.800e+00 ; 6.000e-01 ; 8.5257002e+01 ; 1.0405349e+02 
3.500e+01 ; 4.800e+00 ; 6.000e-01 ; 8.5513002e+01 ; 1.0405133e+02 
3.500e+01 ; 4.800e+00 ; 6.000e-01 ; 8.5850002e+01 ; 1.0404896e+02 
3.500e+01 ; 4.800e+00 ; 6.000e-01 ; 8.5850002e+01 ; 1.0404896e+02 
3.500e+01 ; 4.800e+00 ; 6.000e-01 ; 8.5851002e+01 ; 1.0404895e+02 
3.500e+01 ; 4.800e+00 ; 6.000e-01 ; 8.5852002e+01 ; 1.0404894e+02 
3.500e+01 ; 4.800e+00 ; 6.000e-01 ; 8.5853002e+01 ; 1.0404893e+02 
3.500e+01 ; 4.800e+00 ; 6.000e-01 ; 8.5855002e+01 ; 1.0404892e+02 
3.500e+01 ; 4.800e+00 ; 6.000e-01 ; 8.5859002e+01 ; 1.0404890e+02 
3.500e+01 ; 4.800e+00 ; 6.000e-01 ; 8.5867002e+01 ; 1.0404884e+02 
3.500e+01 ; 4.800e+00 ; 6.000e-01 ; 8.5883002e+01 ; 1.0404873e+02 
3.500e+01 ; 4.800e+00 ; 6.000e-01 ; 8.5915002e+01 ; 1.0404851e+02 
3.500e+01 ; 4.800e+00 ; 6.000e-01 ; 8.5979002e+01 ; 1.0404810e+02 
3.500e+01 ; 4.800e+00 ; 6.000e-01 ; 8.6107002e+01 ; 1.0404733e+02 
3.500e+01 ; 4.800e+00 ; 6.000e-01 ; 8.6363002e+01 ; 1.0404614e+02 
3.500e+01 ; 4.800e+00 ; 6.000e-01 ; 8.6700002e+01 ; 1.0404512e+02 
3.500e+01 ; 4.800e+00 ; 6.000e-01 ; 8.6700002e+01 ; 1.0404512e+02 
3.500e+01 ; 4.800e+00 ; 6.000e-01 ; 8.6701002e+01 ; 1.0404512e+02 
3.500e+01 ; 4.800e+00 ; 6.000e-01 ; 8.6702002e+01 ; 1.0404511e+02 
3.500e+01 ; 4.800e+00 ; 6.000e-01 ; 8.6703002e+01 ; 1.0404511e+02 
3.500e+01 ; 4.800e+00 ; 6.000e-01 ; 8.6705002e+01 ; 1.0404510e+02 
3.500e+01 ; 4.800e+00 ; 6.000e-01 ; 8.6709002e+01 ; 1.0404510e+02 
3.500e+01 ; 4.800e+00 ; 6.000e-01 ; 8.6717002e+01 ; 1.0404507e+02 
3.500e+01 ; 4.800e+00 ; 6.000e-01 ; 8.6733002e+01 ; 1.0404502e+02 
3.500e+01 ; 4.800e+00 ; 6.000e-01 ; 8.6765002e+01 ; 1.0404494e+02 
3.500e+01 ; 4.800e+00 ; 6.000e-01 ; 8.6829002e+01 ; 1.0404478e+02 
3.500e+01 ; 4.800e+00 ; 6.000e-01 ; 8.6957002e+01 ; 1.0404456e+02 
3.500e+01 ; 4.800e+00 ; 6.000e-01 ; 8.7213002e+01 ; 1.0404437e+02 
3.500e+01 ; 4.800e+00 ; 6.000e-01 ; 8.7550002e+01 ; 1.0404454e+02 
3.500e+01 ; 4.800e+00 ; 6.000e-01 ; 8.7550002e+01 ; 1.0404454e+02 
3.500e+01 ; 4.800e+00 ; 6.000e-01 ; 8.7551002e+01 ; 1.0404454e+02 
3.500e+01 ; 4.800e+00 ; 6.000e-01 ; 8.7552002e+01 ; 1.0404454e+02 
3.500e+01 ; 4.800e+00 ; 6.000e-01 ; 8.7553002e+01 ; 1.0404454e+02 
3.500e+01 ; 4.800e+00 ; 6.000e-01 ; 8.7555002e+01 ; 1.0404454e+02 
3.500e+01 ; 4.800e+00 ; 6.000e-01 ; 8.7559002e+01 ; 1.0404454e+02 
3.500e+01 ; 4.800e+00 ; 6.000e-01 ; 8.7567002e+01 ; 1.0404455e+02 
3.500e+01 ; 4.800e+00 ; 6.000e-01 ; 8.7583002e+01 ; 1.0404456e+02 
3.500e+01 ; 4.800e+00 ; 6.000e-01 ; 8.7615002e+01 ; 1.0404458e+02 
3.500e+01 ; 4.800e+00 ; 6.000e-01 ; 8.7679002e+01 ; 1.0404464e+02 
3.500e+01 ; 4.800e+00 ; 6.000e-01 ; 8.7807002e+01 ; 1.0404480e+02 
3.500e+01 ; 4.800e+00 ; 6.000e-01 ; 8.8063002e+01 ; 1.0404526e+02 
3.500e+01 ; 4.800e+00 ; 6.000e-01 ; 8.8400002e+01 ; 1.0404594e+02 
3.500e+01 ; 4.800e+00 ; 6.000e-01 ; 8.8400002e+01 ; 1.0404594e+02 
3.500e+01 ; 4.800e+00 ; 6.000e-01 ; 8.8401002e+01 ; 1.0404594e+02 
3.500e+01 ; 4.800e+00 ; 6.000e-01 ; 8.8402002e+01 ; 1.0404594e+02 
3.500e+01 ; 4.800e+00 ; 6.000e-01 ; 8.8403002e+01 ; 1.0404594e+02 
3.500e+01 ; 4.800e+00 ; 6.000e-01 ; 8.8405002e+01 ; 1.0404595e+02 
3.500e+01 ; 4.800e+00 ; 6.000e-01 ; 8.8409002e+01 ; 1.0404596e+02 
3.500e+01 ; 4.800e+00 ; 6.000e-01 ; 8.8417002e+01 ; 1.0404597e+02 
3.500e+01 ; 4.800e+00 ; 6.000e-01 ; 8.8433002e+01 ; 1.0404601e+02 
3.500e+01 ; 4.800e+00 ; 6.000e-01 ; 8.8465002e+01 ; 1.0404607e+02 
3.500e+01 ; 4.800e+00 ; 6.000e-01 ; 8.8529002e+01 ; 1.0404621e+02 
3.500e+01 ; 4.800e+00 ; 6.000e-01 ; 8.8657002e+01 ; 1.0404647e+02 
3.500e+01 ; 4.800e+00 ; 6.000e-01 ; 8.8913002e+01 ; 1.0404691e+02 
3.500e+01 ; 4.800e+00 ; 6.000e-01 ; 8.9250003e+01 ; 1.0404718e+02 
3.500e+01 ; 4.800e+00 ; 6.000e-01 ; 8.9250003e+01 ; 1.0404718e+02 
3.500e+01 ; 4.800e+00 ; 6.000e-01 ; 8.9251003e+01 ; 1.0404718e+02 
3.500e+01 ; 4.800e+00 ; 6.000e-01 ; 8.9252003e+01 ; 1.0404718e+02 
3.500e+01 ; 4.800e+00 ; 6.000e-01 ; 8.9253003e+01 ; 1.0404718e+02 
3.500e+01 ; 4.800e+00 ; 6.000e-01 ; 8.9255003e+01 ; 1.0404719e+02 
3.500e+01 ; 4.800e+00 ; 6.000e-01 ; 8.9259003e+01 ; 1.0404719e+02 
3.500e+01 ; 4.800e+00 ; 6.000e-01 ; 8.9267003e+01 ; 1.0404720e+02 
3.500e+01 ; 4.800e+00 ; 6.000e-01 ; 8.9283003e+01 ; 1.0404720e+02 
3.500e+01 ; 4.800e+00 ; 6.000e-01 ; 8.9315003e+01 ; 1.0404723e+02 
3.500e+01 ; 4.800e+00 ; 6.000e-01 ; 8.9379002e+01 ; 1.0404725e+02 
3.500e+01 ; 4.800e+00 ; 6.000e-01 ; 8.9507003e+01 ; 1.0404724e+02 
3.500e+01 ; 4.800e+00 ; 6.000e-01 ; 8.9763003e+01 ; 1.0404692e+02 
3.500e+01 ; 4.800e+00 ; 6.000e-01 ; 9.0100003e+01 ; 1.0404581e+02 
3.500e+01 ; 4.800e+00 ; 6.000e-01 ; 9.0100003e+01 ; 1.0404581e+02 
3.500e+01 ; 4.800e+00 ; 6.000e-01 ; 9.0110003e+01 ; 1.0404578e+02 
3.500e+01 ; 4.800e+00 ; 6.000e-01 ; 9.0120003e+01 ; 1.0404574e+02 
3.500e+01 ; 4.800e+00 ; 6.000e-01 ; 9.0130003e+01 ; 1.0404571e+02 
3.500e+01 ; 4.800e+00 ; 6.000e-01 ; 9.0150003e+01 ; 1.0404563e+02 
3.500e+01 ; 4.800e+00 ; 6.000e-01 ; 9.0190003e+01 ; 1.0404548e+02 
3.500e+01 ; 4.800e+00 ; 6.000e-01 ; 9.0270003e+01 ; 1.0404513e+02 
3.500e+01 ; 4.800e+00 ; 6.000e-01 ; 9.0430003e+01 ; 1.0404424e+02 
3.500e+01 ; 4.800e+00 ; 6.000e-01 ; 9.0750003e+01 ; 1.0404164e+02 
3.500e+01 ; 4.800e+00 ; 6.000e-01 ; 9.1390002e+01 ; 1.0403248e+02 
3.500e+01 ; 4.800e+00 ; 6.000e-01 ; 9.2670002e+01 ; 1.0399616e+02 
3.500e+01 ; 4.800e+00 ; 6.000e-01 ; 9.4590002e+01 ; 1.0390309e+02 
3.500e+01 ; 4.800e+00 ; 6.000e-01 ; 9.5100003e+01 ; 1.0387572e+02