X ; Y ; Z ; time ; Temperature 
3.500e+01 ; 8.000e-01 ; 6.000e-01 ; 0.0000000e+00 ; 2.2700000e+02 
3.500e+01 ; 8.000e-01 ; 6.000e-01 ; 1.0000000e-03 ; 2.2700000e+02 
3.500e+01 ; 8.000e-01 ; 6.000e-01 ; 2.0000001e-03 ; 2.2700000e+02 
3.500e+01 ; 8.000e-01 ; 6.000e-01 ; 3.0000000e-03 ; 2.2700000e+02 
3.500e+01 ; 8.000e-01 ; 6.000e-01 ; 4.9999999e-03 ; 2.2700000e+02 
3.500e+01 ; 8.000e-01 ; 6.000e-01 ; 8.9999996e-03 ; 2.2700000e+02 
3.500e+01 ; 8.000e-01 ; 6.000e-01 ; 1.7000001e-02 ; 2.2700000e+02 
3.500e+01 ; 8.000e-01 ; 6.000e-01 ; 3.3000000e-02 ; 2.2700000e+02 
3.500e+01 ; 8.000e-01 ; 6.000e-01 ; 6.4999998e-02 ; 2.2700000e+02 
3.500e+01 ; 8.000e-01 ; 6.000e-01 ; 1.2899999e-01 ; 2.2700000e+02 
3.500e+01 ; 8.000e-01 ; 6.000e-01 ; 2.5700000e-01 ; 2.2700000e+02 
3.500e+01 ; 8.000e-01 ; 6.000e-01 ; 5.1300001e-01 ; 2.2700000e+02 
3.500e+01 ; 8.000e-01 ; 6.000e-01 ; 7.6899999e-01 ; 2.2700000e+02 
3.500e+01 ; 8.000e-01 ; 6.000e-01 ; 8.5000002e-01 ; 2.2700000e+02 
3.500e+01 ; 8.000e-01 ; 6.000e-01 ; 8.5000002e-01 ; 2.2700000e+02 
3.500e+01 ; 8.000e-01 ; 6.000e-01 ; 8.5100002e-01 ; 2.2688031e+02 
3.500e+01 ; 8.000e-01 ; 6.000e-01 ; 8.5200002e-01 ; 2.2676074e+02 
3.500e+01 ; 8.000e-01 ; 6.000e-01 ; 8.5300002e-01 ; 2.2664127e+02 
3.500e+01 ; 8.000e-01 ; 6.000e-01 ; 8.5500002e-01 ; 2.2640276e+02 
3.500e+01 ; 8.000e-01 ; 6.000e-01 ; 8.5900002e-01 ; 2.2592744e+02 
3.500e+01 ; 8.000e-01 ; 6.000e-01 ; 8.6700002e-01 ; 2.2498366e+02 
3.500e+01 ; 8.000e-01 ; 6.000e-01 ; 8.8300002e-01 ; 2.2312289e+02 
3.500e+01 ; 8.000e-01 ; 6.000e-01 ; 9.1500002e-01 ; 2.1950555e+02 
3.500e+01 ; 8.000e-01 ; 6.000e-01 ; 9.7900002e-01 ; 2.1266418e+02 
3.500e+01 ; 8.000e-01 ; 6.000e-01 ; 1.1070000e+00 ; 2.0038718e+02 
3.500e+01 ; 8.000e-01 ; 6.000e-01 ; 1.3630000e+00 ; 1.8038480e+02 
3.500e+01 ; 8.000e-01 ; 6.000e-01 ; 1.7000000e+00 ; 1.6008733e+02 
3.500e+01 ; 8.000e-01 ; 6.000e-01 ; 1.7000000e+00 ; 1.6008733e+02 
3.500e+01 ; 8.000e-01 ; 6.000e-01 ; 1.7010000e+00 ; 1.6002715e+02 
3.500e+01 ; 8.000e-01 ; 6.000e-01 ; 1.7020000e+00 ; 1.5996703e+02 
3.500e+01 ; 8.000e-01 ; 6.000e-01 ; 1.7030000e+00 ; 1.5990695e+02 
3.500e+01 ; 8.000e-01 ; 6.000e-01 ; 1.7050000e+00 ; 1.5978703e+02 
3.500e+01 ; 8.000e-01 ; 6.000e-01 ; 1.7090000e+00 ; 1.5954807e+02 
3.500e+01 ; 8.000e-01 ; 6.000e-01 ; 1.7170000e+00 ; 1.5907356e+02 
3.500e+01 ; 8.000e-01 ; 6.000e-01 ; 1.7330000e+00 ; 1.5813821e+02 
3.500e+01 ; 8.000e-01 ; 6.000e-01 ; 1.7650000e+00 ; 1.5632025e+02 
3.500e+01 ; 8.000e-01 ; 6.000e-01 ; 1.8290000e+00 ; 1.5288289e+02 
3.500e+01 ; 8.000e-01 ; 6.000e-01 ; 1.9570000e+00 ; 1.4671454e+02 
3.500e+01 ; 8.000e-01 ; 6.000e-01 ; 2.2130001e+00 ; 1.3665321e+02 
3.500e+01 ; 8.000e-01 ; 6.000e-01 ; 2.5500001e+00 ; 1.2641479e+02 
3.500e+01 ; 8.000e-01 ; 6.000e-01 ; 2.5500001e+00 ; 1.2641479e+02 
3.500e+01 ; 8.000e-01 ; 6.000e-01 ; 2.5510001e+00 ; 1.2638444e+02 
3.500e+01 ; 8.000e-01 ; 6.000e-01 ; 2.5520001e+00 ; 1.2635411e+02 
3.500e+01 ; 8.000e-01 ; 6.000e-01 ; 2.5530001e+00 ; 1.2632381e+02 
3.500e+01 ; 8.000e-01 ; 6.000e-01 ; 2.5550001e+00 ; 1.2626330e+02 
3.500e+01 ; 8.000e-01 ; 6.000e-01 ; 2.5590001e+00 ; 1.2614270e+02 
3.500e+01 ; 8.000e-01 ; 6.000e-01 ; 2.5670001e+00 ; 1.2590315e+02 
3.500e+01 ; 8.000e-01 ; 6.000e-01 ; 2.5830001e+00 ; 1.2543052e+02 
3.500e+01 ; 8.000e-01 ; 6.000e-01 ; 2.6150001e+00 ; 1.2451047e+02 
3.500e+01 ; 8.000e-01 ; 6.000e-01 ; 2.6790001e+00 ; 1.2276592e+02 
3.500e+01 ; 8.000e-01 ; 6.000e-01 ; 2.8070001e+00 ; 1.1962121e+02 
3.500e+01 ; 8.000e-01 ; 6.000e-01 ; 3.0630001e+00 ; 1.1446095e+02 
3.500e+01 ; 8.000e-01 ; 6.000e-01 ; 3.4000001e+00 ; 1.0918571e+02 
3.500e+01 ; 8.000e-01 ; 6.000e-01 ; 3.4000001e+00 ; 1.0918571e+02 
3.500e+01 ; 8.000e-01 ; 6.000e-01 ; 3.4010001e+00 ; 1.0917007e+02 
3.500e+01 ; 8.000e-01 ; 6.000e-01 ; 3.4020001e+00 ; 1.0915445e+02 
3.500e+01 ; 8.000e-01 ; 6.000e-01 ; 3.4030001e+00 ; 1.0913883e+02 
3.500e+01 ; 8.000e-01 ; 6.000e-01 ; 3.4050001e+00 ; 1.0910766e+02 
3.500e+01 ; 8.000e-01 ; 6.000e-01 ; 3.4090001e+00 ; 1.0904552e+02 
3.500e+01 ; 8.000e-01 ; 6.000e-01 ; 3.4170001e+00 ; 1.0892209e+02 
3.500e+01 ; 8.000e-01 ; 6.000e-01 ; 3.4330001e+00 ; 1.0867855e+02 
3.500e+01 ; 8.000e-01 ; 6.000e-01 ; 3.4650001e+00 ; 1.0820441e+02 
3.500e+01 ; 8.000e-01 ; 6.000e-01 ; 3.5290001e+00 ; 1.0730522e+02 
3.500e+01 ; 8.000e-01 ; 6.000e-01 ; 3.6570001e+00 ; 1.0568377e+02 
3.500e+01 ; 8.000e-01 ; 6.000e-01 ; 3.9130001e+00 ; 1.0302161e+02 
3.500e+01 ; 8.000e-01 ; 6.000e-01 ; 4.2500001e+00 ; 1.0029861e+02 
3.500e+01 ; 8.000e-01 ; 6.000e-01 ; 4.2500001e+00 ; 1.0029861e+02 
3.500e+01 ; 8.000e-01 ; 6.000e-01 ; 4.2510001e+00 ; 1.0029053e+02 
3.500e+01 ; 8.000e-01 ; 6.000e-01 ; 4.2520001e+00 ; 1.0028246e+02 
3.500e+01 ; 8.000e-01 ; 6.000e-01 ; 4.2530001e+00 ; 1.0027441e+02 
3.500e+01 ; 8.000e-01 ; 6.000e-01 ; 4.2550001e+00 ; 1.0025832e+02 
3.500e+01 ; 8.000e-01 ; 6.000e-01 ; 4.2590001e+00 ; 1.0022624e+02 
3.500e+01 ; 8.000e-01 ; 6.000e-01 ; 4.2670001e+00 ; 1.0016252e+02 
3.500e+01 ; 8.000e-01 ; 6.000e-01 ; 4.2830001e+00 ; 1.0003680e+02 
3.500e+01 ; 8.000e-01 ; 6.000e-01 ; 4.3150001e+00 ; 9.9792038e+01 
3.500e+01 ; 8.000e-01 ; 6.000e-01 ; 4.3790001e+00 ; 9.9327797e+01 
3.500e+01 ; 8.000e-01 ; 6.000e-01 ; 4.5070001e+00 ; 9.8490509e+01 
3.500e+01 ; 8.000e-01 ; 6.000e-01 ; 4.7630001e+00 ; 9.7115463e+01 
3.500e+01 ; 8.000e-01 ; 6.000e-01 ; 5.1000001e+00 ; 9.5708633e+01 
3.500e+01 ; 8.000e-01 ; 6.000e-01 ; 5.1000001e+00 ; 9.5708633e+01 
3.500e+01 ; 8.000e-01 ; 6.000e-01 ; 5.1010001e+00 ; 9.5704460e+01 
3.500e+01 ; 8.000e-01 ; 6.000e-01 ; 5.1020001e+00 ; 9.5700294e+01 
3.500e+01 ; 8.000e-01 ; 6.000e-01 ; 5.1030001e+00 ; 9.5696129e+01 
3.500e+01 ; 8.000e-01 ; 6.000e-01 ; 5.1050001e+00 ; 9.5687813e+01 
3.500e+01 ; 8.000e-01 ; 6.000e-01 ; 5.1090001e+00 ; 9.5671242e+01 
3.500e+01 ; 8.000e-01 ; 6.000e-01 ; 5.1170001e+00 ; 9.5638329e+01 
3.500e+01 ; 8.000e-01 ; 6.000e-01 ; 5.1330001e+00 ; 9.5573372e+01 
3.500e+01 ; 8.000e-01 ; 6.000e-01 ; 5.1650001e+00 ; 9.5446907e+01 
3.500e+01 ; 8.000e-01 ; 6.000e-01 ; 5.2290001e+00 ; 9.5207039e+01 
3.500e+01 ; 8.000e-01 ; 6.000e-01 ; 5.3570001e+00 ; 9.4774384e+01 
3.500e+01 ; 8.000e-01 ; 6.000e-01 ; 5.6130002e+00 ; 9.4063774e+01 
3.500e+01 ; 8.000e-01 ; 6.000e-01 ; 5.9500002e+00 ; 9.3336662e+01 
3.500e+01 ; 8.000e-01 ; 6.000e-01 ; 5.9500002e+00 ; 9.3336662e+01 
3.500e+01 ; 8.000e-01 ; 6.000e-01 ; 5.9510002e+00 ; 9.3334503e+01 
3.500e+01 ; 8.000e-01 ; 6.000e-01 ; 5.9520002e+00 ; 9.3332352e+01 
3.500e+01 ; 8.000e-01 ; 6.000e-01 ; 5.9530002e+00 ; 9.3330200e+01 
3.500e+01 ; 8.000e-01 ; 6.000e-01 ; 5.9550002e+00 ; 9.3325897e+01 
3.500e+01 ; 8.000e-01 ; 6.000e-01 ; 5.9590002e+00 ; 9.3317337e+01 
3.500e+01 ; 8.000e-01 ; 6.000e-01 ; 5.9670002e+00 ; 9.3300323e+01 
3.500e+01 ; 8.000e-01 ; 6.000e-01 ; 5.9830002e+00 ; 9.3266754e+01 
3.500e+01 ; 8.000e-01 ; 6.000e-01 ; 6.0150002e+00 ; 9.3201385e+01 
3.500e+01 ; 8.000e-01 ; 6.000e-01 ; 6.0790002e+00 ; 9.3077408e+01 
3.500e+01 ; 8.000e-01 ; 6.000e-01 ; 6.2070002e+00 ; 9.2853783e+01 
3.500e+01 ; 8.000e-01 ; 6.000e-01 ; 6.4630002e+00 ; 9.2486465e+01 
3.500e+01 ; 8.000e-01 ; 6.000e-01 ; 6.8000002e+00 ; 9.2110611e+01 
3.500e+01 ; 8.000e-01 ; 6.000e-01 ; 6.8000002e+00 ; 9.2110611e+01 
3.500e+01 ; 8.000e-01 ; 6.000e-01 ; 6.8010002e+00 ; 9.2109497e+01 
3.500e+01 ; 8.000e-01 ; 6.000e-01 ; 6.8020002e+00 ; 9.2108383e+01 
3.500e+01 ; 8.000e-01 ; 6.000e-01 ; 6.8030002e+00 ; 9.2107269e+01 
3.500e+01 ; 8.000e-01 ; 6.000e-01 ; 6.8050002e+00 ; 9.2105049e+01 
3.500e+01 ; 8.000e-01 ; 6.000e-01 ; 6.8090002e+00 ; 9.2100624e+01 
3.500e+01 ; 8.000e-01 ; 6.000e-01 ; 6.8170002e+00 ; 9.2091827e+01 
3.500e+01 ; 8.000e-01 ; 6.000e-01 ; 6.8330002e+00 ; 9.2074471e+01 
3.500e+01 ; 8.000e-01 ; 6.000e-01 ; 6.8650002e+00 ; 9.2040688e+01 
3.500e+01 ; 8.000e-01 ; 6.000e-01 ; 6.9290002e+00 ; 9.1976601e+01 
3.500e+01 ; 8.000e-01 ; 6.000e-01 ; 7.0570002e+00 ; 9.1861000e+01 
3.500e+01 ; 8.000e-01 ; 6.000e-01 ; 7.3130002e+00 ; 9.1671127e+01 
3.500e+01 ; 8.000e-01 ; 6.000e-01 ; 7.6500002e+00 ; 9.1476845e+01 
3.500e+01 ; 8.000e-01 ; 6.000e-01 ; 7.6500002e+00 ; 9.1476845e+01 
3.500e+01 ; 8.000e-01 ; 6.000e-01 ; 7.6510002e+00 ; 9.1476265e+01 
3.500e+01 ; 8.000e-01 ; 6.000e-01 ; 7.6520002e+00 ; 9.1475693e+01 
3.500e+01 ; 8.000e-01 ; 6.000e-01 ; 7.6530002e+00 ; 9.1475113e+01 
3.500e+01 ; 8.000e-01 ; 6.000e-01 ; 7.6550002e+00 ; 9.1473969e+01 
3.500e+01 ; 8.000e-01 ; 6.000e-01 ; 7.6590002e+00 ; 9.1471680e+01 
3.500e+01 ; 8.000e-01 ; 6.000e-01 ; 7.6670002e+00 ; 9.1467133e+01 
3.500e+01 ; 8.000e-01 ; 6.000e-01 ; 7.6830002e+00 ; 9.1458160e+01 
3.500e+01 ; 8.000e-01 ; 6.000e-01 ; 7.7150002e+00 ; 9.1440697e+01 
3.500e+01 ; 8.000e-01 ; 6.000e-01 ; 7.7790002e+00 ; 9.1407570e+01 
3.500e+01 ; 8.000e-01 ; 6.000e-01 ; 7.9070002e+00 ; 9.1347816e+01 
3.500e+01 ; 8.000e-01 ; 6.000e-01 ; 8.1630002e+00 ; 9.1249672e+01 
3.500e+01 ; 8.000e-01 ; 6.000e-01 ; 8.5000002e+00 ; 9.1149246e+01 
3.500e+01 ; 8.000e-01 ; 6.000e-01 ; 8.5000002e+00 ; 9.1149246e+01 
3.500e+01 ; 8.000e-01 ; 6.000e-01 ; 8.5010002e+00 ; 9.1148949e+01 
3.500e+01 ; 8.000e-01 ; 6.000e-01 ; 8.5020002e+00 ; 9.1148651e+01 
3.500e+01 ; 8.000e-01 ; 6.000e-01 ; 8.5030002e+00 ; 9.1148354e+01 
3.500e+01 ; 8.000e-01 ; 6.000e-01 ; 8.5050002e+00 ; 9.1147758e+01 
3.500e+01 ; 8.000e-01 ; 6.000e-01 ; 8.5090002e+00 ; 9.1146576e+01 
3.500e+01 ; 8.000e-01 ; 6.000e-01 ; 8.5170002e+00 ; 9.1144226e+01 
3.500e+01 ; 8.000e-01 ; 6.000e-01 ; 8.5330002e+00 ; 9.1139587e+01 
3.500e+01 ; 8.000e-01 ; 6.000e-01 ; 8.5650002e+00 ; 9.1130562e+01 
3.500e+01 ; 8.000e-01 ; 6.000e-01 ; 8.6290002e+00 ; 9.1113434e+01 
3.500e+01 ; 8.000e-01 ; 6.000e-01 ; 8.7570002e+00 ; 9.1082550e+01 
3.500e+01 ; 8.000e-01 ; 6.000e-01 ; 9.0130002e+00 ; 9.1031822e+01 
3.500e+01 ; 8.000e-01 ; 6.000e-01 ; 9.3500003e+00 ; 9.0979919e+01 
3.500e+01 ; 8.000e-01 ; 6.000e-01 ; 9.3500003e+00 ; 9.0979919e+01 
3.500e+01 ; 8.000e-01 ; 6.000e-01 ; 9.3510003e+00 ; 9.0979767e+01 
3.500e+01 ; 8.000e-01 ; 6.000e-01 ; 9.3520003e+00 ; 9.0979607e+01 
3.500e+01 ; 8.000e-01 ; 6.000e-01 ; 9.3530003e+00 ; 9.0979454e+01 
3.500e+01 ; 8.000e-01 ; 6.000e-01 ; 9.3550003e+00 ; 9.0979149e+01 
3.500e+01 ; 8.000e-01 ; 6.000e-01 ; 9.3590003e+00 ; 9.0978539e+01 
3.500e+01 ; 8.000e-01 ; 6.000e-01 ; 9.3670003e+00 ; 9.0977325e+01 
3.500e+01 ; 8.000e-01 ; 6.000e-01 ; 9.3830003e+00 ; 9.0974930e+01 
3.500e+01 ; 8.000e-01 ; 6.000e-01 ; 9.4150003e+00 ; 9.0970261e+01 
3.500e+01 ; 8.000e-01 ; 6.000e-01 ; 9.4790003e+00 ; 9.0961411e+01 
3.500e+01 ; 8.000e-01 ; 6.000e-01 ; 9.6070003e+00 ; 9.0945450e+01 
3.500e+01 ; 8.000e-01 ; 6.000e-01 ; 9.8630003e+00 ; 9.0919228e+01 
3.500e+01 ; 8.000e-01 ; 6.000e-01 ; 1.0200000e+01 ; 9.0892403e+01 
3.500e+01 ; 8.000e-01 ; 6.000e-01 ; 1.0200000e+01 ; 9.0892403e+01 
3.500e+01 ; 8.000e-01 ; 6.000e-01 ; 1.0201000e+01 ; 9.0892326e+01 
3.500e+01 ; 8.000e-01 ; 6.000e-01 ; 1.0202000e+01 ; 9.0892250e+01 
3.500e+01 ; 8.000e-01 ; 6.000e-01 ; 1.0203000e+01 ; 9.0892166e+01 
3.500e+01 ; 8.000e-01 ; 6.000e-01 ; 1.0205000e+01 ; 9.0892006e+01 
3.500e+01 ; 8.000e-01 ; 6.000e-01 ; 1.0209000e+01 ; 9.0891693e+01 
3.500e+01 ; 8.000e-01 ; 6.000e-01 ; 1.0217000e+01 ; 9.0891068e+01 
3.500e+01 ; 8.000e-01 ; 6.000e-01 ; 1.0233000e+01 ; 9.0889824e+01 
3.500e+01 ; 8.000e-01 ; 6.000e-01 ; 1.0265000e+01 ; 9.0887413e+01 
3.500e+01 ; 8.000e-01 ; 6.000e-01 ; 1.0329000e+01 ; 9.0882843e+01 
3.500e+01 ; 8.000e-01 ; 6.000e-01 ; 1.0457000e+01 ; 9.0874596e+01 
3.500e+01 ; 8.000e-01 ; 6.000e-01 ; 1.0713000e+01 ; 9.0861046e+01 
3.500e+01 ; 8.000e-01 ; 6.000e-01 ; 1.1050000e+01 ; 9.0847183e+01 
3.500e+01 ; 8.000e-01 ; 6.000e-01 ; 1.1050000e+01 ; 9.0847183e+01 
3.500e+01 ; 8.000e-01 ; 6.000e-01 ; 1.1051000e+01 ; 9.0847137e+01 
3.500e+01 ; 8.000e-01 ; 6.000e-01 ; 1.1052000e+01 ; 9.0847099e+01 
3.500e+01 ; 8.000e-01 ; 6.000e-01 ; 1.1053000e+01 ; 9.0847061e+01 
3.500e+01 ; 8.000e-01 ; 6.000e-01 ; 1.1055000e+01 ; 9.0846977e+01 
3.500e+01 ; 8.000e-01 ; 6.000e-01 ; 1.1059000e+01 ; 9.0846817e+01 
3.500e+01 ; 8.000e-01 ; 6.000e-01 ; 1.1067000e+01 ; 9.0846489e+01 
3.500e+01 ; 8.000e-01 ; 6.000e-01 ; 1.1083000e+01 ; 9.0845848e+01 
3.500e+01 ; 8.000e-01 ; 6.000e-01 ; 1.1115000e+01 ; 9.0844604e+01 
3.500e+01 ; 8.000e-01 ; 6.000e-01 ; 1.1179000e+01 ; 9.0842239e+01 
3.500e+01 ; 8.000e-01 ; 6.000e-01 ; 1.1307000e+01 ; 9.0837975e+01 
3.500e+01 ; 8.000e-01 ; 6.000e-01 ; 1.1563000e+01 ; 9.0830978e+01 
3.500e+01 ; 8.000e-01 ; 6.000e-01 ; 1.1900000e+01 ; 9.0823814e+01 
3.500e+01 ; 8.000e-01 ; 6.000e-01 ; 1.1900000e+01 ; 9.0823814e+01 
3.500e+01 ; 8.000e-01 ; 6.000e-01 ; 1.1901000e+01 ; 9.0823792e+01 
3.500e+01 ; 8.000e-01 ; 6.000e-01 ; 1.1902000e+01 ; 9.0823769e+01 
3.500e+01 ; 8.000e-01 ; 6.000e-01 ; 1.1903000e+01 ; 9.0823753e+01 
3.500e+01 ; 8.000e-01 ; 6.000e-01 ; 1.1905000e+01 ; 9.0823708e+01 
3.500e+01 ; 8.000e-01 ; 6.000e-01 ; 1.1909000e+01 ; 9.0823624e+01 
3.500e+01 ; 8.000e-01 ; 6.000e-01 ; 1.1917000e+01 ; 9.0823456e+01 
3.500e+01 ; 8.000e-01 ; 6.000e-01 ; 1.1933000e+01 ; 9.0823128e+01 
3.500e+01 ; 8.000e-01 ; 6.000e-01 ; 1.1965000e+01 ; 9.0822479e+01 
3.500e+01 ; 8.000e-01 ; 6.000e-01 ; 1.2029000e+01 ; 9.0821259e+01 
3.500e+01 ; 8.000e-01 ; 6.000e-01 ; 1.2157000e+01 ; 9.0819061e+01 
3.500e+01 ; 8.000e-01 ; 6.000e-01 ; 1.2413000e+01 ; 9.0815437e+01 
3.500e+01 ; 8.000e-01 ; 6.000e-01 ; 1.2750000e+01 ; 9.0811737e+01 
3.500e+01 ; 8.000e-01 ; 6.000e-01 ; 1.2750000e+01 ; 9.0811737e+01 
3.500e+01 ; 8.000e-01 ; 6.000e-01 ; 1.2751000e+01 ; 9.0811729e+01 
3.500e+01 ; 8.000e-01 ; 6.000e-01 ; 1.2752000e+01 ; 9.0811714e+01 
3.500e+01 ; 8.000e-01 ; 6.000e-01 ; 1.2753000e+01 ; 9.0811707e+01 
3.500e+01 ; 8.000e-01 ; 6.000e-01 ; 1.2755000e+01 ; 9.0811684e+01 
3.500e+01 ; 8.000e-01 ; 6.000e-01 ; 1.2759000e+01 ; 9.0811638e+01 
3.500e+01 ; 8.000e-01 ; 6.000e-01 ; 1.2767000e+01 ; 9.0811554e+01 
3.500e+01 ; 8.000e-01 ; 6.000e-01 ; 1.2783000e+01 ; 9.0811386e+01 
3.500e+01 ; 8.000e-01 ; 6.000e-01 ; 1.2815000e+01 ; 9.0811050e+01 
3.500e+01 ; 8.000e-01 ; 6.000e-01 ; 1.2879000e+01 ; 9.0810417e+01 
3.500e+01 ; 8.000e-01 ; 6.000e-01 ; 1.3007000e+01 ; 9.0809280e+01 
3.500e+01 ; 8.000e-01 ; 6.000e-01 ; 1.3263000e+01 ; 9.0807411e+01 
3.500e+01 ; 8.000e-01 ; 6.000e-01 ; 1.3600000e+01 ; 9.0805504e+01 
3.500e+01 ; 8.000e-01 ; 6.000e-01 ; 1.3600000e+01 ; 9.0805504e+01 
3.500e+01 ; 8.000e-01 ; 6.000e-01 ; 1.3601000e+01 ; 9.0811501e+01 
3.500e+01 ; 8.000e-01 ; 6.000e-01 ; 1.3602000e+01 ; 9.0817543e+01 
3.500e+01 ; 8.000e-01 ; 6.000e-01 ; 1.3603000e+01 ; 9.0823624e+01 
3.500e+01 ; 8.000e-01 ; 6.000e-01 ; 1.3605000e+01 ; 9.0835960e+01 
3.500e+01 ; 8.000e-01 ; 6.000e-01 ; 1.3609000e+01 ; 9.0861267e+01 
3.500e+01 ; 8.000e-01 ; 6.000e-01 ; 1.3617000e+01 ; 9.0914413e+01 
3.500e+01 ; 8.000e-01 ; 6.000e-01 ; 1.3633000e+01 ; 9.1030243e+01 
3.500e+01 ; 8.000e-01 ; 6.000e-01 ; 1.3665000e+01 ; 9.1296013e+01 
3.500e+01 ; 8.000e-01 ; 6.000e-01 ; 1.3729000e+01 ; 9.1935425e+01 
3.500e+01 ; 8.000e-01 ; 6.000e-01 ; 1.3857000e+01 ; 9.3470909e+01 
3.500e+01 ; 8.000e-01 ; 6.000e-01 ; 1.4113000e+01 ; 9.6741066e+01 
3.500e+01 ; 8.000e-01 ; 6.000e-01 ; 1.4450000e+01 ; 1.0040226e+02 
3.500e+01 ; 8.000e-01 ; 6.000e-01 ; 1.4450000e+01 ; 1.0040226e+02 
3.500e+01 ; 8.000e-01 ; 6.000e-01 ; 1.4451000e+01 ; 1.0041786e+02 
3.500e+01 ; 8.000e-01 ; 6.000e-01 ; 1.4452000e+01 ; 1.0043346e+02 
3.500e+01 ; 8.000e-01 ; 6.000e-01 ; 1.4453000e+01 ; 1.0044905e+02 
3.500e+01 ; 8.000e-01 ; 6.000e-01 ; 1.4455000e+01 ; 1.0048021e+02 
3.500e+01 ; 8.000e-01 ; 6.000e-01 ; 1.4459000e+01 ; 1.0054243e+02 
3.500e+01 ; 8.000e-01 ; 6.000e-01 ; 1.4467000e+01 ; 1.0066647e+02 
3.500e+01 ; 8.000e-01 ; 6.000e-01 ; 1.4483000e+01 ; 1.0091281e+02 
3.500e+01 ; 8.000e-01 ; 6.000e-01 ; 1.4515000e+01 ; 1.0139806e+02 
3.500e+01 ; 8.000e-01 ; 6.000e-01 ; 1.4579000e+01 ; 1.0233488e+02 
3.500e+01 ; 8.000e-01 ; 6.000e-01 ; 1.4707000e+01 ; 1.0405284e+02 
3.500e+01 ; 8.000e-01 ; 6.000e-01 ; 1.4963000e+01 ; 1.0680672e+02 
3.500e+01 ; 8.000e-01 ; 6.000e-01 ; 1.5300000e+01 ; 1.0925016e+02 
3.500e+01 ; 8.000e-01 ; 6.000e-01 ; 1.5300000e+01 ; 1.0925016e+02 
3.500e+01 ; 8.000e-01 ; 6.000e-01 ; 1.5301000e+01 ; 1.0925739e+02 
3.500e+01 ; 8.000e-01 ; 6.000e-01 ; 1.5302000e+01 ; 1.0926461e+02 
3.500e+01 ; 8.000e-01 ; 6.000e-01 ; 1.5303000e+01 ; 1.0927181e+02 
3.500e+01 ; 8.000e-01 ; 6.000e-01 ; 1.5305000e+01 ; 1.0928616e+02 
3.500e+01 ; 8.000e-01 ; 6.000e-01 ; 1.5309000e+01 ; 1.0931458e+02 
3.500e+01 ; 8.000e-01 ; 6.000e-01 ; 1.5317000e+01 ; 1.0937042e+02 
3.500e+01 ; 8.000e-01 ; 6.000e-01 ; 1.5333000e+01 ; 1.0947816e+02 
3.500e+01 ; 8.000e-01 ; 6.000e-01 ; 1.5365000e+01 ; 1.0967848e+02 
3.500e+01 ; 8.000e-01 ; 6.000e-01 ; 1.5429000e+01 ; 1.1002342e+02 
3.500e+01 ; 8.000e-01 ; 6.000e-01 ; 1.5557000e+01 ; 1.1052412e+02 
3.500e+01 ; 8.000e-01 ; 6.000e-01 ; 1.5813000e+01 ; 1.1097386e+02 
3.500e+01 ; 8.000e-01 ; 6.000e-01 ; 1.6150000e+01 ; 1.1093757e+02 
3.500e+01 ; 8.000e-01 ; 6.000e-01 ; 1.6150000e+01 ; 1.1093757e+02 
3.500e+01 ; 8.000e-01 ; 6.000e-01 ; 1.6151000e+01 ; 1.1093745e+02 
3.500e+01 ; 8.000e-01 ; 6.000e-01 ; 1.6152000e+01 ; 1.1093733e+02 
3.500e+01 ; 8.000e-01 ; 6.000e-01 ; 1.6153000e+01 ; 1.1093721e+02 
3.500e+01 ; 8.000e-01 ; 6.000e-01 ; 1.6155000e+01 ; 1.1093694e+02 
3.500e+01 ; 8.000e-01 ; 6.000e-01 ; 1.6159000e+01 ; 1.1093631e+02 
3.500e+01 ; 8.000e-01 ; 6.000e-01 ; 1.6167000e+01 ; 1.1093471e+02 
3.500e+01 ; 8.000e-01 ; 6.000e-01 ; 1.6183000e+01 ; 1.1093016e+02 
3.500e+01 ; 8.000e-01 ; 6.000e-01 ; 1.6215000e+01 ; 1.1091595e+02 
3.500e+01 ; 8.000e-01 ; 6.000e-01 ; 1.6279000e+01 ; 1.1086894e+02 
3.500e+01 ; 8.000e-01 ; 6.000e-01 ; 1.6407000e+01 ; 1.1071384e+02 
3.500e+01 ; 8.000e-01 ; 6.000e-01 ; 1.6663000e+01 ; 1.1023740e+02 
3.500e+01 ; 8.000e-01 ; 6.000e-01 ; 1.7000000e+01 ; 1.0944356e+02 
3.500e+01 ; 8.000e-01 ; 6.000e-01 ; 1.7000000e+01 ; 1.0944356e+02 
3.500e+01 ; 8.000e-01 ; 6.000e-01 ; 1.7001000e+01 ; 1.0944120e+02 
3.500e+01 ; 8.000e-01 ; 6.000e-01 ; 1.7002000e+01 ; 1.0943884e+02 
3.500e+01 ; 8.000e-01 ; 6.000e-01 ; 1.7003000e+01 ; 1.0943649e+02 
3.500e+01 ; 8.000e-01 ; 6.000e-01 ; 1.7005000e+01 ; 1.0943176e+02 
3.500e+01 ; 8.000e-01 ; 6.000e-01 ; 1.7009000e+01 ; 1.0942228e+02 
3.500e+01 ; 8.000e-01 ; 6.000e-01 ; 1.7017000e+01 ; 1.0940324e+02 
3.500e+01 ; 8.000e-01 ; 6.000e-01 ; 1.7033000e+01 ; 1.0936481e+02 
3.500e+01 ; 8.000e-01 ; 6.000e-01 ; 1.7065000e+01 ; 1.0928665e+02 
3.500e+01 ; 8.000e-01 ; 6.000e-01 ; 1.7129000e+01 ; 1.0912581e+02 
3.500e+01 ; 8.000e-01 ; 6.000e-01 ; 1.7257000e+01 ; 1.0879073e+02 
3.500e+01 ; 8.000e-01 ; 6.000e-01 ; 1.7513000e+01 ; 1.0809417e+02 
3.500e+01 ; 8.000e-01 ; 6.000e-01 ; 1.7850001e+01 ; 1.0717192e+02 
3.500e+01 ; 8.000e-01 ; 6.000e-01 ; 1.7850001e+01 ; 1.0717192e+02 
3.500e+01 ; 8.000e-01 ; 6.000e-01 ; 1.7851001e+01 ; 1.0716918e+02 
3.500e+01 ; 8.000e-01 ; 6.000e-01 ; 1.7852001e+01 ; 1.0716645e+02 
3.500e+01 ; 8.000e-01 ; 6.000e-01 ; 1.7853001e+01 ; 1.0716371e+02 
3.500e+01 ; 8.000e-01 ; 6.000e-01 ; 1.7855001e+01 ; 1.0715823e+02 
3.500e+01 ; 8.000e-01 ; 6.000e-01 ; 1.7859001e+01 ; 1.0714729e+02 
3.500e+01 ; 8.000e-01 ; 6.000e-01 ; 1.7867001e+01 ; 1.0712539e+02 
3.500e+01 ; 8.000e-01 ; 6.000e-01 ; 1.7883001e+01 ; 1.0708159e+02 
3.500e+01 ; 8.000e-01 ; 6.000e-01 ; 1.7915000e+01 ; 1.0699401e+02 
3.500e+01 ; 8.000e-01 ; 6.000e-01 ; 1.7979000e+01 ; 1.0681915e+02 
3.500e+01 ; 8.000e-01 ; 6.000e-01 ; 1.8107000e+01 ; 1.0647213e+02 
3.500e+01 ; 8.000e-01 ; 6.000e-01 ; 1.8363001e+01 ; 1.0579709e+02 
3.500e+01 ; 8.000e-01 ; 6.000e-01 ; 1.8700001e+01 ; 1.0495239e+02 
3.500e+01 ; 8.000e-01 ; 6.000e-01 ; 1.8700001e+01 ; 1.0495239e+02 
3.500e+01 ; 8.000e-01 ; 6.000e-01 ; 1.8701001e+01 ; 1.0494988e+02 
3.500e+01 ; 8.000e-01 ; 6.000e-01 ; 1.8702001e+01 ; 1.0494738e+02 
3.500e+01 ; 8.000e-01 ; 6.000e-01 ; 1.8703001e+01 ; 1.0494488e+02 
3.500e+01 ; 8.000e-01 ; 6.000e-01 ; 1.8705001e+01 ; 1.0493987e+02 
3.500e+01 ; 8.000e-01 ; 6.000e-01 ; 1.8709001e+01 ; 1.0492986e+02 
3.500e+01 ; 8.000e-01 ; 6.000e-01 ; 1.8717001e+01 ; 1.0490985e+02 
3.500e+01 ; 8.000e-01 ; 6.000e-01 ; 1.8733001e+01 ; 1.0486996e+02 
3.500e+01 ; 8.000e-01 ; 6.000e-01 ; 1.8765001e+01 ; 1.0479058e+02 
3.500e+01 ; 8.000e-01 ; 6.000e-01 ; 1.8829001e+01 ; 1.0463353e+02 
3.500e+01 ; 8.000e-01 ; 6.000e-01 ; 1.8957001e+01 ; 1.0432664e+02 
3.500e+01 ; 8.000e-01 ; 6.000e-01 ; 1.9213001e+01 ; 1.0374310e+02 
3.500e+01 ; 8.000e-01 ; 6.000e-01 ; 1.9550001e+01 ; 1.0302814e+02 
3.500e+01 ; 8.000e-01 ; 6.000e-01 ; 1.9550001e+01 ; 1.0302814e+02 
3.500e+01 ; 8.000e-01 ; 6.000e-01 ; 1.9551001e+01 ; 1.0302602e+02 
3.500e+01 ; 8.000e-01 ; 6.000e-01 ; 1.9552001e+01 ; 1.0302390e+02 
3.500e+01 ; 8.000e-01 ; 6.000e-01 ; 1.9553001e+01 ; 1.0302177e+02 
3.500e+01 ; 8.000e-01 ; 6.000e-01 ; 1.9555001e+01 ; 1.0301753e+02 
3.500e+01 ; 8.000e-01 ; 6.000e-01 ; 1.9559001e+01 ; 1.0300906e+02 
3.500e+01 ; 8.000e-01 ; 6.000e-01 ; 1.9567001e+01 ; 1.0299216e+02 
3.500e+01 ; 8.000e-01 ; 6.000e-01 ; 1.9583001e+01 ; 1.0295846e+02 
3.500e+01 ; 8.000e-01 ; 6.000e-01 ; 1.9615001e+01 ; 1.0289155e+02 
3.500e+01 ; 8.000e-01 ; 6.000e-01 ; 1.9679001e+01 ; 1.0275964e+02 
3.500e+01 ; 8.000e-01 ; 6.000e-01 ; 1.9807001e+01 ; 1.0250346e+02 
3.500e+01 ; 8.000e-01 ; 6.000e-01 ; 2.0063001e+01 ; 1.0202095e+02 
3.500e+01 ; 8.000e-01 ; 6.000e-01 ; 2.0400001e+01 ; 1.0143504e+02 
3.500e+01 ; 8.000e-01 ; 6.000e-01 ; 2.0400001e+01 ; 1.0143504e+02 
3.500e+01 ; 8.000e-01 ; 6.000e-01 ; 2.0401001e+01 ; 1.0143330e+02 
3.500e+01 ; 8.000e-01 ; 6.000e-01 ; 2.0402001e+01 ; 1.0143156e+02 
3.500e+01 ; 8.000e-01 ; 6.000e-01 ; 2.0403001e+01 ; 1.0142982e+02 
3.500e+01 ; 8.000e-01 ; 6.000e-01 ; 2.0405001e+01 ; 1.0142635e+02 
3.500e+01 ; 8.000e-01 ; 6.000e-01 ; 2.0409001e+01 ; 1.0141942e+02 
3.500e+01 ; 8.000e-01 ; 6.000e-01 ; 2.0417001e+01 ; 1.0140556e+02 
3.500e+01 ; 8.000e-01 ; 6.000e-01 ; 2.0433001e+01 ; 1.0137798e+02 
3.500e+01 ; 8.000e-01 ; 6.000e-01 ; 2.0465001e+01 ; 1.0132323e+02 
3.500e+01 ; 8.000e-01 ; 6.000e-01 ; 2.0529001e+01 ; 1.0121550e+02 
3.500e+01 ; 8.000e-01 ; 6.000e-01 ; 2.0657001e+01 ; 1.0100684e+02 
3.500e+01 ; 8.000e-01 ; 6.000e-01 ; 2.0913001e+01 ; 1.0061546e+02 
3.500e+01 ; 8.000e-01 ; 6.000e-01 ; 2.1250001e+01 ; 1.0014213e+02 
3.500e+01 ; 8.000e-01 ; 6.000e-01 ; 2.1250001e+01 ; 1.0014213e+02 
3.500e+01 ; 8.000e-01 ; 6.000e-01 ; 2.1251001e+01 ; 1.0014072e+02 
3.500e+01 ; 8.000e-01 ; 6.000e-01 ; 2.1252001e+01 ; 1.0013932e+02 
3.500e+01 ; 8.000e-01 ; 6.000e-01 ; 2.1253001e+01 ; 1.0013792e+02 
3.500e+01 ; 8.000e-01 ; 6.000e-01 ; 2.1255001e+01 ; 1.0013512e+02 
3.500e+01 ; 8.000e-01 ; 6.000e-01 ; 2.1259001e+01 ; 1.0012951e+02 
3.500e+01 ; 8.000e-01 ; 6.000e-01 ; 2.1267001e+01 ; 1.0011832e+02 
3.500e+01 ; 8.000e-01 ; 6.000e-01 ; 2.1283001e+01 ; 1.0009605e+02 
3.500e+01 ; 8.000e-01 ; 6.000e-01 ; 2.1315001e+01 ; 1.0005186e+02 
3.500e+01 ; 8.000e-01 ; 6.000e-01 ; 2.1379001e+01 ; 9.9964958e+01 
3.500e+01 ; 8.000e-01 ; 6.000e-01 ; 2.1507001e+01 ; 9.9796852e+01 
3.500e+01 ; 8.000e-01 ; 6.000e-01 ; 2.1763001e+01 ; 9.9482147e+01 
3.500e+01 ; 8.000e-01 ; 6.000e-01 ; 2.2100001e+01 ; 9.9102257e+01 
3.500e+01 ; 8.000e-01 ; 6.000e-01 ; 2.2100001e+01 ; 9.9102257e+01 
3.500e+01 ; 8.000e-01 ; 6.000e-01 ; 2.2101001e+01 ; 9.9101128e+01 
3.500e+01 ; 8.000e-01 ; 6.000e-01 ; 2.2102001e+01 ; 9.9099998e+01 
3.500e+01 ; 8.000e-01 ; 6.000e-01 ; 2.2103001e+01 ; 9.9098877e+01 
3.500e+01 ; 8.000e-01 ; 6.000e-01 ; 2.2105001e+01 ; 9.9096626e+01 
3.500e+01 ; 8.000e-01 ; 6.000e-01 ; 2.2109001e+01 ; 9.9092125e+01 
3.500e+01 ; 8.000e-01 ; 6.000e-01 ; 2.2117001e+01 ; 9.9083145e+01 
3.500e+01 ; 8.000e-01 ; 6.000e-01 ; 2.2133001e+01 ; 9.9065269e+01 
3.500e+01 ; 8.000e-01 ; 6.000e-01 ; 2.2165001e+01 ; 9.9029823e+01 
3.500e+01 ; 8.000e-01 ; 6.000e-01 ; 2.2229001e+01 ; 9.8960121e+01 
3.500e+01 ; 8.000e-01 ; 6.000e-01 ; 2.2357001e+01 ; 9.8825371e+01 
3.500e+01 ; 8.000e-01 ; 6.000e-01 ; 2.2613001e+01 ; 9.8573341e+01 
3.500e+01 ; 8.000e-01 ; 6.000e-01 ; 2.2950001e+01 ; 9.8269356e+01 
3.500e+01 ; 8.000e-01 ; 6.000e-01 ; 2.2950001e+01 ; 9.8269356e+01 
3.500e+01 ; 8.000e-01 ; 6.000e-01 ; 2.2951001e+01 ; 9.8268456e+01 
3.500e+01 ; 8.000e-01 ; 6.000e-01 ; 2.2952001e+01 ; 9.8267548e+01 
3.500e+01 ; 8.000e-01 ; 6.000e-01 ; 2.2953001e+01 ; 9.8266647e+01 
3.500e+01 ; 8.000e-01 ; 6.000e-01 ; 2.2955001e+01 ; 9.8264847e+01 
3.500e+01 ; 8.000e-01 ; 6.000e-01 ; 2.2959001e+01 ; 9.8261246e+01 
3.500e+01 ; 8.000e-01 ; 6.000e-01 ; 2.2967001e+01 ; 9.8254066e+01 
3.500e+01 ; 8.000e-01 ; 6.000e-01 ; 2.2983001e+01 ; 9.8239761e+01 
3.500e+01 ; 8.000e-01 ; 6.000e-01 ; 2.3015001e+01 ; 9.8211403e+01 
3.500e+01 ; 8.000e-01 ; 6.000e-01 ; 2.3079001e+01 ; 9.8155647e+01 
3.500e+01 ; 8.000e-01 ; 6.000e-01 ; 2.3207001e+01 ; 9.8047890e+01 
3.500e+01 ; 8.000e-01 ; 6.000e-01 ; 2.3463001e+01 ; 9.7846420e+01 
3.500e+01 ; 8.000e-01 ; 6.000e-01 ; 2.3800001e+01 ; 9.7603516e+01 
3.500e+01 ; 8.000e-01 ; 6.000e-01 ; 2.3800001e+01 ; 9.7603516e+01 
3.500e+01 ; 8.000e-01 ; 6.000e-01 ; 2.3801001e+01 ; 9.7602798e+01 
3.500e+01 ; 8.000e-01 ; 6.000e-01 ; 2.3802001e+01 ; 9.7602074e+01 
3.500e+01 ; 8.000e-01 ; 6.000e-01 ; 2.3803001e+01 ; 9.7601357e+01 
3.500e+01 ; 8.000e-01 ; 6.000e-01 ; 2.3805001e+01 ; 9.7599915e+01 
3.500e+01 ; 8.000e-01 ; 6.000e-01 ; 2.3809001e+01 ; 9.7597038e+01 
3.500e+01 ; 8.000e-01 ; 6.000e-01 ; 2.3817001e+01 ; 9.7591301e+01 
3.500e+01 ; 8.000e-01 ; 6.000e-01 ; 2.3833001e+01 ; 9.7579872e+01 
3.500e+01 ; 8.000e-01 ; 6.000e-01 ; 2.3865001e+01 ; 9.7557213e+01 
3.500e+01 ; 8.000e-01 ; 6.000e-01 ; 2.3929001e+01 ; 9.7512665e+01 
3.500e+01 ; 8.000e-01 ; 6.000e-01 ; 2.4057001e+01 ; 9.7426590e+01 
3.500e+01 ; 8.000e-01 ; 6.000e-01 ; 2.4313001e+01 ; 9.7265678e+01 
3.500e+01 ; 8.000e-01 ; 6.000e-01 ; 2.4650001e+01 ; 9.7071716e+01 
3.500e+01 ; 8.000e-01 ; 6.000e-01 ; 2.4650001e+01 ; 9.7071716e+01 
3.500e+01 ; 8.000e-01 ; 6.000e-01 ; 2.4651001e+01 ; 9.7071136e+01 
3.500e+01 ; 8.000e-01 ; 6.000e-01 ; 2.4652001e+01 ; 9.7070564e+01 
3.500e+01 ; 8.000e-01 ; 6.000e-01 ; 2.4653001e+01 ; 9.7069992e+01 
3.500e+01 ; 8.000e-01 ; 6.000e-01 ; 2.4655001e+01 ; 9.7068840e+01 
3.500e+01 ; 8.000e-01 ; 6.000e-01 ; 2.4659001e+01 ; 9.7066544e+01 
3.500e+01 ; 8.000e-01 ; 6.000e-01 ; 2.4667001e+01 ; 9.7061958e+01 
3.500e+01 ; 8.000e-01 ; 6.000e-01 ; 2.4683001e+01 ; 9.7052834e+01 
3.500e+01 ; 8.000e-01 ; 6.000e-01 ; 2.4715001e+01 ; 9.7034737e+01 
3.500e+01 ; 8.000e-01 ; 6.000e-01 ; 2.4779001e+01 ; 9.6999168e+01 
3.500e+01 ; 8.000e-01 ; 6.000e-01 ; 2.4907001e+01 ; 9.6930443e+01 
3.500e+01 ; 8.000e-01 ; 6.000e-01 ; 2.5163001e+01 ; 9.6801979e+01 
3.500e+01 ; 8.000e-01 ; 6.000e-01 ; 2.5500001e+01 ; 9.6647148e+01 
3.500e+01 ; 8.000e-01 ; 6.000e-01 ; 2.5500001e+01 ; 9.6647148e+01 
3.500e+01 ; 8.000e-01 ; 6.000e-01 ; 2.5501001e+01 ; 9.6646690e+01 
3.500e+01 ; 8.000e-01 ; 6.000e-01 ; 2.5502001e+01 ; 9.6646225e+01 
3.500e+01 ; 8.000e-01 ; 6.000e-01 ; 2.5503001e+01 ; 9.6645767e+01 
3.500e+01 ; 8.000e-01 ; 6.000e-01 ; 2.5505001e+01 ; 9.6644852e+01 
3.500e+01 ; 8.000e-01 ; 6.000e-01 ; 2.5509001e+01 ; 9.6643021e+01 
3.500e+01 ; 8.000e-01 ; 6.000e-01 ; 2.5517001e+01 ; 9.6639359e+01 
3.500e+01 ; 8.000e-01 ; 6.000e-01 ; 2.5533001e+01 ; 9.6632072e+01 
3.500e+01 ; 8.000e-01 ; 6.000e-01 ; 2.5565001e+01 ; 9.6617630e+01 
3.500e+01 ; 8.000e-01 ; 6.000e-01 ; 2.5629001e+01 ; 9.6589241e+01 
3.500e+01 ; 8.000e-01 ; 6.000e-01 ; 2.5757001e+01 ; 9.6534378e+01 
3.500e+01 ; 8.000e-01 ; 6.000e-01 ; 2.6013001e+01 ; 9.6431839e+01 
3.500e+01 ; 8.000e-01 ; 6.000e-01 ; 2.6350001e+01 ; 9.6308266e+01 
3.500e+01 ; 8.000e-01 ; 6.000e-01 ; 2.6350001e+01 ; 9.6308266e+01 
3.500e+01 ; 8.000e-01 ; 6.000e-01 ; 2.6351001e+01 ; 9.6307899e+01 
3.500e+01 ; 8.000e-01 ; 6.000e-01 ; 2.6352001e+01 ; 9.6307533e+01 
3.500e+01 ; 8.000e-01 ; 6.000e-01 ; 2.6353001e+01 ; 9.6307175e+01 
3.500e+01 ; 8.000e-01 ; 6.000e-01 ; 2.6355001e+01 ; 9.6306458e+01 
3.500e+01 ; 8.000e-01 ; 6.000e-01 ; 2.6359001e+01 ; 9.6305046e+01 
3.500e+01 ; 8.000e-01 ; 6.000e-01 ; 2.6367001e+01 ; 9.6302353e+01 
3.500e+01 ; 8.000e-01 ; 6.000e-01 ; 2.6383001e+01 ; 9.6297470e+01 
3.500e+01 ; 8.000e-01 ; 6.000e-01 ; 2.6415001e+01 ; 9.6290070e+01 
3.500e+01 ; 8.000e-01 ; 6.000e-01 ; 2.6479001e+01 ; 9.6286552e+01 
3.500e+01 ; 8.000e-01 ; 6.000e-01 ; 2.6607001e+01 ; 9.6331139e+01 
3.500e+01 ; 8.000e-01 ; 6.000e-01 ; 2.6863001e+01 ; 9.6613014e+01 
3.500e+01 ; 8.000e-01 ; 6.000e-01 ; 2.7200001e+01 ; 9.7209702e+01 
3.500e+01 ; 8.000e-01 ; 6.000e-01 ; 2.7200001e+01 ; 9.7209702e+01 
3.500e+01 ; 8.000e-01 ; 6.000e-01 ; 2.7201001e+01 ; 9.7211479e+01 
3.500e+01 ; 8.000e-01 ; 6.000e-01 ; 2.7202001e+01 ; 9.7213257e+01 
3.500e+01 ; 8.000e-01 ; 6.000e-01 ; 2.7203001e+01 ; 9.7215034e+01 
3.500e+01 ; 8.000e-01 ; 6.000e-01 ; 2.7205001e+01 ; 9.7218605e+01 
3.500e+01 ; 8.000e-01 ; 6.000e-01 ; 2.7209001e+01 ; 9.7225792e+01 
3.500e+01 ; 8.000e-01 ; 6.000e-01 ; 2.7217001e+01 ; 9.7240356e+01 
3.500e+01 ; 8.000e-01 ; 6.000e-01 ; 2.7233001e+01 ; 9.7270233e+01 
3.500e+01 ; 8.000e-01 ; 6.000e-01 ; 2.7265001e+01 ; 9.7332855e+01 
3.500e+01 ; 8.000e-01 ; 6.000e-01 ; 2.7329001e+01 ; 9.7468864e+01 
3.500e+01 ; 8.000e-01 ; 6.000e-01 ; 2.7457001e+01 ; 9.7777138e+01 
3.500e+01 ; 8.000e-01 ; 6.000e-01 ; 2.7713001e+01 ; 9.8484230e+01 
3.500e+01 ; 8.000e-01 ; 6.000e-01 ; 2.8050001e+01 ; 9.9462364e+01 
3.500e+01 ; 8.000e-01 ; 6.000e-01 ; 2.8050001e+01 ; 9.9462364e+01 
3.500e+01 ; 8.000e-01 ; 6.000e-01 ; 2.8051001e+01 ; 9.9465271e+01 
3.500e+01 ; 8.000e-01 ; 6.000e-01 ; 2.8052001e+01 ; 9.9468178e+01 
3.500e+01 ; 8.000e-01 ; 6.000e-01 ; 2.8053001e+01 ; 9.9471077e+01 
3.500e+01 ; 8.000e-01 ; 6.000e-01 ; 2.8055001e+01 ; 9.9476891e+01 
3.500e+01 ; 8.000e-01 ; 6.000e-01 ; 2.8059001e+01 ; 9.9488525e+01 
3.500e+01 ; 8.000e-01 ; 6.000e-01 ; 2.8067001e+01 ; 9.9511841e+01 
3.500e+01 ; 8.000e-01 ; 6.000e-01 ; 2.8083001e+01 ; 9.9558624e+01 
3.500e+01 ; 8.000e-01 ; 6.000e-01 ; 2.8115001e+01 ; 9.9652718e+01 
3.500e+01 ; 8.000e-01 ; 6.000e-01 ; 2.8179001e+01 ; 9.9842194e+01 
3.500e+01 ; 8.000e-01 ; 6.000e-01 ; 2.8307001e+01 ; 1.0022086e+02 
3.500e+01 ; 8.000e-01 ; 6.000e-01 ; 2.8563001e+01 ; 1.0094566e+02 
3.500e+01 ; 8.000e-01 ; 6.000e-01 ; 2.8900001e+01 ; 1.0179848e+02 
3.500e+01 ; 8.000e-01 ; 6.000e-01 ; 2.8900001e+01 ; 1.0179848e+02 
3.500e+01 ; 8.000e-01 ; 6.000e-01 ; 2.8901001e+01 ; 1.0180101e+02 
3.500e+01 ; 8.000e-01 ; 6.000e-01 ; 2.8902001e+01 ; 1.0180354e+02 
3.500e+01 ; 8.000e-01 ; 6.000e-01 ; 2.8903001e+01 ; 1.0180607e+02 
3.500e+01 ; 8.000e-01 ; 6.000e-01 ; 2.8905001e+01 ; 1.0181112e+02 
3.500e+01 ; 8.000e-01 ; 6.000e-01 ; 2.8909001e+01 ; 1.0182121e+02 
3.500e+01 ; 8.000e-01 ; 6.000e-01 ; 2.8917001e+01 ; 1.0184133e+02 
3.500e+01 ; 8.000e-01 ; 6.000e-01 ; 2.8933001e+01 ; 1.0188133e+02 
3.500e+01 ; 8.000e-01 ; 6.000e-01 ; 2.8965001e+01 ; 1.0196031e+02 
3.500e+01 ; 8.000e-01 ; 6.000e-01 ; 2.9029001e+01 ; 1.0211388e+02 
3.500e+01 ; 8.000e-01 ; 6.000e-01 ; 2.9157001e+01 ; 1.0240165e+02 
3.500e+01 ; 8.000e-01 ; 6.000e-01 ; 2.9413001e+01 ; 1.0289416e+02 
3.500e+01 ; 8.000e-01 ; 6.000e-01 ; 2.9750001e+01 ; 1.0340140e+02 
3.500e+01 ; 8.000e-01 ; 6.000e-01 ; 2.9750001e+01 ; 1.0340140e+02 
3.500e+01 ; 8.000e-01 ; 6.000e-01 ; 2.9751001e+01 ; 1.0340291e+02 
3.500e+01 ; 8.000e-01 ; 6.000e-01 ; 2.9752001e+01 ; 1.0340441e+02 
3.500e+01 ; 8.000e-01 ; 6.000e-01 ; 2.9753001e+01 ; 1.0340591e+02 
3.500e+01 ; 8.000e-01 ; 6.000e-01 ; 2.9755001e+01 ; 1.0340891e+02 
3.500e+01 ; 8.000e-01 ; 6.000e-01 ; 2.9759001e+01 ; 1.0341489e+02 
3.500e+01 ; 8.000e-01 ; 6.000e-01 ; 2.9767001e+01 ; 1.0342676e+02 
3.500e+01 ; 8.000e-01 ; 6.000e-01 ; 2.9783001e+01 ; 1.0345018e+02 
3.500e+01 ; 8.000e-01 ; 6.000e-01 ; 2.9815001e+01 ; 1.0349577e+02 
3.500e+01 ; 8.000e-01 ; 6.000e-01 ; 2.9879001e+01 ; 1.0358195e+02 
3.500e+01 ; 8.000e-01 ; 6.000e-01 ; 3.0007001e+01 ; 1.0373490e+02 
3.500e+01 ; 8.000e-01 ; 6.000e-01 ; 3.0263001e+01 ; 1.0396964e+02 
3.500e+01 ; 8.000e-01 ; 6.000e-01 ; 3.0600001e+01 ; 1.0417203e+02 
3.500e+01 ; 8.000e-01 ; 6.000e-01 ; 3.0600001e+01 ; 1.0417203e+02 
3.500e+01 ; 8.000e-01 ; 6.000e-01 ; 3.0601001e+01 ; 1.0417262e+02 
3.500e+01 ; 8.000e-01 ; 6.000e-01 ; 3.0602001e+01 ; 1.0417323e+02 
3.500e+01 ; 8.000e-01 ; 6.000e-01 ; 3.0603001e+01 ; 1.0417382e+02 
3.500e+01 ; 8.000e-01 ; 6.000e-01 ; 3.0605001e+01 ; 1.0417501e+02 
3.500e+01 ; 8.000e-01 ; 6.000e-01 ; 3.0609001e+01 ; 1.0417738e+02 
3.500e+01 ; 8.000e-01 ; 6.000e-01 ; 3.0617001e+01 ; 1.0418206e+02 
3.500e+01 ; 8.000e-01 ; 6.000e-01 ; 3.0633001e+01 ; 1.0419118e+02 
3.500e+01 ; 8.000e-01 ; 6.000e-01 ; 3.0665001e+01 ; 1.0420848e+02 
3.500e+01 ; 8.000e-01 ; 6.000e-01 ; 3.0729001e+01 ; 1.0423947e+02 
3.500e+01 ; 8.000e-01 ; 6.000e-01 ; 3.0857001e+01 ; 1.0428795e+02 
3.500e+01 ; 8.000e-01 ; 6.000e-01 ; 3.1113001e+01 ; 1.0433801e+02 
3.500e+01 ; 8.000e-01 ; 6.000e-01 ; 3.1450001e+01 ; 1.0433743e+02 
3.500e+01 ; 8.000e-01 ; 6.000e-01 ; 3.1450001e+01 ; 1.0433743e+02 
3.500e+01 ; 8.000e-01 ; 6.000e-01 ; 3.1451001e+01 ; 1.0433743e+02 
3.500e+01 ; 8.000e-01 ; 6.000e-01 ; 3.1452001e+01 ; 1.0433743e+02 
3.500e+01 ; 8.000e-01 ; 6.000e-01 ; 3.1453001e+01 ; 1.0433743e+02 
3.500e+01 ; 8.000e-01 ; 6.000e-01 ; 3.1455001e+01 ; 1.0433742e+02 
3.500e+01 ; 8.000e-01 ; 6.000e-01 ; 3.1459001e+01 ; 1.0433739e+02 
3.500e+01 ; 8.000e-01 ; 6.000e-01 ; 3.1467001e+01 ; 1.0433730e+02 
3.500e+01 ; 8.000e-01 ; 6.000e-01 ; 3.1483001e+01 ; 1.0433697e+02 
3.500e+01 ; 8.000e-01 ; 6.000e-01 ; 3.1515001e+01 ; 1.0433573e+02 
3.500e+01 ; 8.000e-01 ; 6.000e-01 ; 3.1579001e+01 ; 1.0433105e+02 
3.500e+01 ; 8.000e-01 ; 6.000e-01 ; 3.1707001e+01 ; 1.0431365e+02 
3.500e+01 ; 8.000e-01 ; 6.000e-01 ; 3.1963001e+01 ; 1.0425189e+02 
3.500e+01 ; 8.000e-01 ; 6.000e-01 ; 3.2300001e+01 ; 1.0413409e+02 
3.500e+01 ; 8.000e-01 ; 6.000e-01 ; 3.2300001e+01 ; 1.0413409e+02 
3.500e+01 ; 8.000e-01 ; 6.000e-01 ; 3.2301001e+01 ; 1.0413374e+02 
3.500e+01 ; 8.000e-01 ; 6.000e-01 ; 3.2302001e+01 ; 1.0413338e+02 
3.500e+01 ; 8.000e-01 ; 6.000e-01 ; 3.2303001e+01 ; 1.0413303e+02 
3.500e+01 ; 8.000e-01 ; 6.000e-01 ; 3.2305001e+01 ; 1.0413233e+02 
3.500e+01 ; 8.000e-01 ; 6.000e-01 ; 3.2309001e+01 ; 1.0413092e+02 
3.500e+01 ; 8.000e-01 ; 6.000e-01 ; 3.2317001e+01 ; 1.0412808e+02 
3.500e+01 ; 8.000e-01 ; 6.000e-01 ; 3.2333001e+01 ; 1.0412232e+02 
3.500e+01 ; 8.000e-01 ; 6.000e-01 ; 3.2365001e+01 ; 1.0411049e+02 
3.500e+01 ; 8.000e-01 ; 6.000e-01 ; 3.2429001e+01 ; 1.0408565e+02 
3.500e+01 ; 8.000e-01 ; 6.000e-01 ; 3.2557001e+01 ; 1.0403172e+02 
3.500e+01 ; 8.000e-01 ; 6.000e-01 ; 3.2813001e+01 ; 1.0391027e+02 
3.500e+01 ; 8.000e-01 ; 6.000e-01 ; 3.3150001e+01 ; 1.0373319e+02 
3.500e+01 ; 8.000e-01 ; 6.000e-01 ; 3.3150001e+01 ; 1.0373319e+02 
3.500e+01 ; 8.000e-01 ; 6.000e-01 ; 3.3151001e+01 ; 1.0373267e+02 
3.500e+01 ; 8.000e-01 ; 6.000e-01 ; 3.3152001e+01 ; 1.0373215e+02 
3.500e+01 ; 8.000e-01 ; 6.000e-01 ; 3.3153001e+01 ; 1.0373162e+02 
3.500e+01 ; 8.000e-01 ; 6.000e-01 ; 3.3155001e+01 ; 1.0373057e+02 
3.500e+01 ; 8.000e-01 ; 6.000e-01 ; 3.3159001e+01 ; 1.0372845e+02 
3.500e+01 ; 8.000e-01 ; 6.000e-01 ; 3.3167001e+01 ; 1.0372424e+02 
3.500e+01 ; 8.000e-01 ; 6.000e-01 ; 3.3183001e+01 ; 1.0371575e+02 
3.500e+01 ; 8.000e-01 ; 6.000e-01 ; 3.3215001e+01 ; 1.0369863e+02 
3.500e+01 ; 8.000e-01 ; 6.000e-01 ; 3.3279001e+01 ; 1.0366386e+02 
3.500e+01 ; 8.000e-01 ; 6.000e-01 ; 3.3407001e+01 ; 1.0359248e+02 
3.500e+01 ; 8.000e-01 ; 6.000e-01 ; 3.3663001e+01 ; 1.0344427e+02 
3.500e+01 ; 8.000e-01 ; 6.000e-01 ; 3.4000001e+01 ; 1.0324348e+02 
3.500e+01 ; 8.000e-01 ; 6.000e-01 ; 3.4000001e+01 ; 1.0324348e+02 
3.500e+01 ; 8.000e-01 ; 6.000e-01 ; 3.4001001e+01 ; 1.0324289e+02 
3.500e+01 ; 8.000e-01 ; 6.000e-01 ; 3.4002001e+01 ; 1.0324229e+02 
3.500e+01 ; 8.000e-01 ; 6.000e-01 ; 3.4003001e+01 ; 1.0324170e+02 
3.500e+01 ; 8.000e-01 ; 6.000e-01 ; 3.4005001e+01 ; 1.0324050e+02 
3.500e+01 ; 8.000e-01 ; 6.000e-01 ; 3.4009001e+01 ; 1.0323812e+02 
3.500e+01 ; 8.000e-01 ; 6.000e-01 ; 3.4017001e+01 ; 1.0323335e+02 
3.500e+01 ; 8.000e-01 ; 6.000e-01 ; 3.4033001e+01 ; 1.0322379e+02 
3.500e+01 ; 8.000e-01 ; 6.000e-01 ; 3.4065001e+01 ; 1.0320463e+02 
3.500e+01 ; 8.000e-01 ; 6.000e-01 ; 3.4129001e+01 ; 1.0316614e+02 
3.500e+01 ; 8.000e-01 ; 6.000e-01 ; 3.4257001e+01 ; 1.0308871e+02 
3.500e+01 ; 8.000e-01 ; 6.000e-01 ; 3.4513001e+01 ; 1.0293312e+02 
3.500e+01 ; 8.000e-01 ; 6.000e-01 ; 3.4850001e+01 ; 1.0272903e+02 
3.500e+01 ; 8.000e-01 ; 6.000e-01 ; 3.4850001e+01 ; 1.0272903e+02 
3.500e+01 ; 8.000e-01 ; 6.000e-01 ; 3.4851001e+01 ; 1.0272843e+02 
3.500e+01 ; 8.000e-01 ; 6.000e-01 ; 3.4852001e+01 ; 1.0272783e+02 
3.500e+01 ; 8.000e-01 ; 6.000e-01 ; 3.4853001e+01 ; 1.0272722e+02 
3.500e+01 ; 8.000e-01 ; 6.000e-01 ; 3.4855001e+01 ; 1.0272601e+02 
3.500e+01 ; 8.000e-01 ; 6.000e-01 ; 3.4859001e+01 ; 1.0272359e+02 
3.500e+01 ; 8.000e-01 ; 6.000e-01 ; 3.4867001e+01 ; 1.0271874e+02 
3.500e+01 ; 8.000e-01 ; 6.000e-01 ; 3.4883001e+01 ; 1.0270906e+02 
3.500e+01 ; 8.000e-01 ; 6.000e-01 ; 3.4915001e+01 ; 1.0268970e+02 
3.500e+01 ; 8.000e-01 ; 6.000e-01 ; 3.4979001e+01 ; 1.0265103e+02 
3.500e+01 ; 8.000e-01 ; 6.000e-01 ; 3.5107001e+01 ; 1.0257400e+02 
3.500e+01 ; 8.000e-01 ; 6.000e-01 ; 3.5363001e+01 ; 1.0242171e+02 
3.500e+01 ; 8.000e-01 ; 6.000e-01 ; 3.5700001e+01 ; 1.0222537e+02 
3.500e+01 ; 8.000e-01 ; 6.000e-01 ; 3.5700001e+01 ; 1.0222537e+02 
3.500e+01 ; 8.000e-01 ; 6.000e-01 ; 3.5701001e+01 ; 1.0222479e+02 
3.500e+01 ; 8.000e-01 ; 6.000e-01 ; 3.5702001e+01 ; 1.0222421e+02 
3.500e+01 ; 8.000e-01 ; 6.000e-01 ; 3.5703001e+01 ; 1.0222363e+02 
3.500e+01 ; 8.000e-01 ; 6.000e-01 ; 3.5705001e+01 ; 1.0222247e+02 
3.500e+01 ; 8.000e-01 ; 6.000e-01 ; 3.5709001e+01 ; 1.0222013e+02 
3.500e+01 ; 8.000e-01 ; 6.000e-01 ; 3.5717001e+01 ; 1.0221548e+02 
3.500e+01 ; 8.000e-01 ; 6.000e-01 ; 3.5733001e+01 ; 1.0220618e+02 
3.500e+01 ; 8.000e-01 ; 6.000e-01 ; 3.5765001e+01 ; 1.0218761e+02 
3.500e+01 ; 8.000e-01 ; 6.000e-01 ; 3.5829001e+01 ; 1.0215063e+02 
3.500e+01 ; 8.000e-01 ; 6.000e-01 ; 3.5957001e+01 ; 1.0207738e+02 
3.500e+01 ; 8.000e-01 ; 6.000e-01 ; 3.6213001e+01 ; 1.0193391e+02 
3.500e+01 ; 8.000e-01 ; 6.000e-01 ; 3.6550001e+01 ; 1.0175074e+02 
3.500e+01 ; 8.000e-01 ; 6.000e-01 ; 3.6550001e+01 ; 1.0175074e+02 
3.500e+01 ; 8.000e-01 ; 6.000e-01 ; 3.6551001e+01 ; 1.0175019e+02 
3.500e+01 ; 8.000e-01 ; 6.000e-01 ; 3.6552001e+01 ; 1.0174965e+02 
3.500e+01 ; 8.000e-01 ; 6.000e-01 ; 3.6553001e+01 ; 1.0174911e+02 
3.500e+01 ; 8.000e-01 ; 6.000e-01 ; 3.6555001e+01 ; 1.0174802e+02 
3.500e+01 ; 8.000e-01 ; 6.000e-01 ; 3.6559001e+01 ; 1.0174585e+02 
3.500e+01 ; 8.000e-01 ; 6.000e-01 ; 3.6567001e+01 ; 1.0174151e+02 
3.500e+01 ; 8.000e-01 ; 6.000e-01 ; 3.6583001e+01 ; 1.0173283e+02 
3.500e+01 ; 8.000e-01 ; 6.000e-01 ; 3.6615001e+01 ; 1.0171555e+02 
3.500e+01 ; 8.000e-01 ; 6.000e-01 ; 3.6679001e+01 ; 1.0168118e+02 
3.500e+01 ; 8.000e-01 ; 6.000e-01 ; 3.6807001e+01 ; 1.0161331e+02 
3.500e+01 ; 8.000e-01 ; 6.000e-01 ; 3.7063001e+01 ; 1.0148110e+02 
3.500e+01 ; 8.000e-01 ; 6.000e-01 ; 3.7400001e+01 ; 1.0131330e+02 
3.500e+01 ; 8.000e-01 ; 6.000e-01 ; 3.7400001e+01 ; 1.0131330e+02 
3.500e+01 ; 8.000e-01 ; 6.000e-01 ; 3.7401001e+01 ; 1.0131281e+02 
3.500e+01 ; 8.000e-01 ; 6.000e-01 ; 3.7402001e+01 ; 1.0131231e+02 
3.500e+01 ; 8.000e-01 ; 6.000e-01 ; 3.7403001e+01 ; 1.0131181e+02 
3.500e+01 ; 8.000e-01 ; 6.000e-01 ; 3.7405001e+01 ; 1.0131081e+02 
3.500e+01 ; 8.000e-01 ; 6.000e-01 ; 3.7409001e+01 ; 1.0130882e+02 
3.500e+01 ; 8.000e-01 ; 6.000e-01 ; 3.7417001e+01 ; 1.0130485e+02 
3.500e+01 ; 8.000e-01 ; 6.000e-01 ; 3.7433001e+01 ; 1.0129691e+02 
3.500e+01 ; 8.000e-01 ; 6.000e-01 ; 3.7465001e+01 ; 1.0128109e+02 
3.500e+01 ; 8.000e-01 ; 6.000e-01 ; 3.7529001e+01 ; 1.0124968e+02 
3.500e+01 ; 8.000e-01 ; 6.000e-01 ; 3.7657001e+01 ; 1.0118777e+02 
3.500e+01 ; 8.000e-01 ; 6.000e-01 ; 3.7913001e+01 ; 1.0106757e+02 
3.500e+01 ; 8.000e-01 ; 6.000e-01 ; 3.8250001e+01 ; 1.0091557e+02 
3.500e+01 ; 8.000e-01 ; 6.000e-01 ; 3.8250001e+01 ; 1.0091557e+02 
3.500e+01 ; 8.000e-01 ; 6.000e-01 ; 3.8251001e+01 ; 1.0091512e+02 
3.500e+01 ; 8.000e-01 ; 6.000e-01 ; 3.8252001e+01 ; 1.0091467e+02 
3.500e+01 ; 8.000e-01 ; 6.000e-01 ; 3.8253001e+01 ; 1.0091422e+02 
3.500e+01 ; 8.000e-01 ; 6.000e-01 ; 3.8255001e+01 ; 1.0091332e+02 
3.500e+01 ; 8.000e-01 ; 6.000e-01 ; 3.8259001e+01 ; 1.0091152e+02 
3.500e+01 ; 8.000e-01 ; 6.000e-01 ; 3.8267001e+01 ; 1.0090792e+02 
3.500e+01 ; 8.000e-01 ; 6.000e-01 ; 3.8283001e+01 ; 1.0090073e+02 
3.500e+01 ; 8.000e-01 ; 6.000e-01 ; 3.8315001e+01 ; 1.0088641e+02 
3.500e+01 ; 8.000e-01 ; 6.000e-01 ; 3.8379001e+01 ; 1.0085800e+02 
3.500e+01 ; 8.000e-01 ; 6.000e-01 ; 3.8507001e+01 ; 1.0080206e+02 
3.500e+01 ; 8.000e-01 ; 6.000e-01 ; 3.8763001e+01 ; 1.0069370e+02 
3.500e+01 ; 8.000e-01 ; 6.000e-01 ; 3.9100001e+01 ; 1.0055699e+02 
3.500e+01 ; 8.000e-01 ; 6.000e-01 ; 3.9100001e+01 ; 1.0055699e+02 
3.500e+01 ; 8.000e-01 ; 6.000e-01 ; 3.9101001e+01 ; 1.0055659e+02 
3.500e+01 ; 8.000e-01 ; 6.000e-01 ; 3.9102001e+01 ; 1.0055618e+02 
3.500e+01 ; 8.000e-01 ; 6.000e-01 ; 3.9103001e+01 ; 1.0055578e+02 
3.500e+01 ; 8.000e-01 ; 6.000e-01 ; 3.9105001e+01 ; 1.0055497e+02 
3.500e+01 ; 8.000e-01 ; 6.000e-01 ; 3.9109001e+01 ; 1.0055334e+02 
3.500e+01 ; 8.000e-01 ; 6.000e-01 ; 3.9117001e+01 ; 1.0055011e+02 
3.500e+01 ; 8.000e-01 ; 6.000e-01 ; 3.9133001e+01 ; 1.0054365e+02 
3.500e+01 ; 8.000e-01 ; 6.000e-01 ; 3.9165001e+01 ; 1.0053082e+02 
3.500e+01 ; 8.000e-01 ; 6.000e-01 ; 3.9229001e+01 ; 1.0050570e+02 
3.500e+01 ; 8.000e-01 ; 6.000e-01 ; 3.9357001e+01 ; 1.0045921e+02 
3.500e+01 ; 8.000e-01 ; 6.000e-01 ; 3.9613001e+01 ; 1.0039172e+02 
3.500e+01 ; 8.000e-01 ; 6.000e-01 ; 3.9950001e+01 ; 1.0035873e+02 
3.500e+01 ; 8.000e-01 ; 6.000e-01 ; 3.9950001e+01 ; 1.0035873e+02 
3.500e+01 ; 8.000e-01 ; 6.000e-01 ; 3.9951001e+01 ; 1.0035864e+02 
3.500e+01 ; 8.000e-01 ; 6.000e-01 ; 3.9952001e+01 ; 1.0035854e+02 
3.500e+01 ; 8.000e-01 ; 6.000e-01 ; 3.9953001e+01 ; 1.0035844e+02 
3.500e+01 ; 8.000e-01 ; 6.000e-01 ; 3.9955001e+01 ; 1.0035825e+02 
3.500e+01 ; 8.000e-01 ; 6.000e-01 ; 3.9959001e+01 ; 1.0035788e+02 
3.500e+01 ; 8.000e-01 ; 6.000e-01 ; 3.9967001e+01 ; 1.0035717e+02 
3.500e+01 ; 8.000e-01 ; 6.000e-01 ; 3.9983001e+01 ; 1.0035587e+02 
3.500e+01 ; 8.000e-01 ; 6.000e-01 ; 4.0015001e+01 ; 1.0035381e+02 
3.500e+01 ; 8.000e-01 ; 6.000e-01 ; 4.0079001e+01 ; 1.0035194e+02 
3.500e+01 ; 8.000e-01 ; 6.000e-01 ; 4.0207001e+01 ; 1.0035793e+02 
3.500e+01 ; 8.000e-01 ; 6.000e-01 ; 4.0463001e+01 ; 1.0040977e+02 
3.500e+01 ; 8.000e-01 ; 6.000e-01 ; 4.0800001e+01 ; 1.0054071e+02 
3.500e+01 ; 8.000e-01 ; 6.000e-01 ; 4.0800001e+01 ; 1.0054071e+02 
3.500e+01 ; 8.000e-01 ; 6.000e-01 ; 4.0801001e+01 ; 1.0054110e+02 
3.500e+01 ; 8.000e-01 ; 6.000e-01 ; 4.0802001e+01 ; 1.0054149e+02 
3.500e+01 ; 8.000e-01 ; 6.000e-01 ; 4.0803001e+01 ; 1.0054188e+02 
3.500e+01 ; 8.000e-01 ; 6.000e-01 ; 4.0805001e+01 ; 1.0054266e+02 
3.500e+01 ; 8.000e-01 ; 6.000e-01 ; 4.0809001e+01 ; 1.0054424e+02 
3.500e+01 ; 8.000e-01 ; 6.000e-01 ; 4.0817001e+01 ; 1.0054742e+02 
3.500e+01 ; 8.000e-01 ; 6.000e-01 ; 4.0833001e+01 ; 1.0055392e+02 
3.500e+01 ; 8.000e-01 ; 6.000e-01 ; 4.0865001e+01 ; 1.0056750e+02 
3.500e+01 ; 8.000e-01 ; 6.000e-01 ; 4.0929001e+01 ; 1.0059686e+02 
3.500e+01 ; 8.000e-01 ; 6.000e-01 ; 4.1057001e+01 ; 1.0066391e+02 
3.500e+01 ; 8.000e-01 ; 6.000e-01 ; 4.1313001e+01 ; 1.0082639e+02 
3.500e+01 ; 8.000e-01 ; 6.000e-01 ; 4.1650001e+01 ; 1.0107575e+02 
3.500e+01 ; 8.000e-01 ; 6.000e-01 ; 4.1650001e+01 ; 1.0107575e+02 
3.500e+01 ; 8.000e-01 ; 6.000e-01 ; 4.1651001e+01 ; 1.0107649e+02 
3.500e+01 ; 8.000e-01 ; 6.000e-01 ; 4.1652001e+01 ; 1.0107723e+02 
3.500e+01 ; 8.000e-01 ; 6.000e-01 ; 4.1653001e+01 ; 1.0107797e+02 
3.500e+01 ; 8.000e-01 ; 6.000e-01 ; 4.1655001e+01 ; 1.0107945e+02 
3.500e+01 ; 8.000e-01 ; 6.000e-01 ; 4.1659001e+01 ; 1.0108243e+02 
3.500e+01 ; 8.000e-01 ; 6.000e-01 ; 4.1667001e+01 ; 1.0108839e+02 
3.500e+01 ; 8.000e-01 ; 6.000e-01 ; 4.1683001e+01 ; 1.0110039e+02 
3.500e+01 ; 8.000e-01 ; 6.000e-01 ; 4.1715001e+01 ; 1.0112469e+02 
3.500e+01 ; 8.000e-01 ; 6.000e-01 ; 4.1779001e+01 ; 1.0117437e+02 
3.500e+01 ; 8.000e-01 ; 6.000e-01 ; 4.1907001e+01 ; 1.0127731e+02 
3.500e+01 ; 8.000e-01 ; 6.000e-01 ; 4.2163001e+01 ; 1.0149140e+02 
3.500e+01 ; 8.000e-01 ; 6.000e-01 ; 4.2500001e+01 ; 1.0177534e+02 
3.500e+01 ; 8.000e-01 ; 6.000e-01 ; 4.2500001e+01 ; 1.0177534e+02 
3.500e+01 ; 8.000e-01 ; 6.000e-01 ; 4.2501001e+01 ; 1.0177618e+02 
3.500e+01 ; 8.000e-01 ; 6.000e-01 ; 4.2502001e+01 ; 1.0177702e+02 
3.500e+01 ; 8.000e-01 ; 6.000e-01 ; 4.2503001e+01 ; 1.0177786e+02 
3.500e+01 ; 8.000e-01 ; 6.000e-01 ; 4.2505001e+01 ; 1.0177955e+02 
3.500e+01 ; 8.000e-01 ; 6.000e-01 ; 4.2509001e+01 ; 1.0178292e+02 
3.500e+01 ; 8.000e-01 ; 6.000e-01 ; 4.2517001e+01 ; 1.0178966e+02 
3.500e+01 ; 8.000e-01 ; 6.000e-01 ; 4.2533001e+01 ; 1.0180315e+02 
3.500e+01 ; 8.000e-01 ; 6.000e-01 ; 4.2565001e+01 ; 1.0183012e+02 
3.500e+01 ; 8.000e-01 ; 6.000e-01 ; 4.2629001e+01 ; 1.0188397e+02 
3.500e+01 ; 8.000e-01 ; 6.000e-01 ; 4.2757001e+01 ; 1.0199076e+02 
3.500e+01 ; 8.000e-01 ; 6.000e-01 ; 4.3013001e+01 ; 1.0219675e+02 
3.500e+01 ; 8.000e-01 ; 6.000e-01 ; 4.3350001e+01 ; 1.0244844e+02 
3.500e+01 ; 8.000e-01 ; 6.000e-01 ; 4.3350001e+01 ; 1.0244844e+02 
3.500e+01 ; 8.000e-01 ; 6.000e-01 ; 4.3351001e+01 ; 1.0244918e+02 
3.500e+01 ; 8.000e-01 ; 6.000e-01 ; 4.3352001e+01 ; 1.0244993e+02 
3.500e+01 ; 8.000e-01 ; 6.000e-01 ; 4.3353001e+01 ; 1.0245068e+02 
3.500e+01 ; 8.000e-01 ; 6.000e-01 ; 4.3355001e+01 ; 1.0245217e+02 
3.500e+01 ; 8.000e-01 ; 6.000e-01 ; 4.3359001e+01 ; 1.0245515e+02 
3.500e+01 ; 8.000e-01 ; 6.000e-01 ; 4.3367001e+01 ; 1.0246110e+02 
3.500e+01 ; 8.000e-01 ; 6.000e-01 ; 4.3383001e+01 ; 1.0247296e+02 
3.500e+01 ; 8.000e-01 ; 6.000e-01 ; 4.3415001e+01 ; 1.0249648e+02 
3.500e+01 ; 8.000e-01 ; 6.000e-01 ; 4.3479001e+01 ; 1.0254276e+02 
3.500e+01 ; 8.000e-01 ; 6.000e-01 ; 4.3607001e+01 ; 1.0263192e+02 
3.500e+01 ; 8.000e-01 ; 6.000e-01 ; 4.3863001e+01 ; 1.0279536e+02 
3.500e+01 ; 8.000e-01 ; 6.000e-01 ; 4.4200001e+01 ; 1.0298324e+02 
3.500e+01 ; 8.000e-01 ; 6.000e-01 ; 4.4200001e+01 ; 1.0298324e+02 
3.500e+01 ; 8.000e-01 ; 6.000e-01 ; 4.4201001e+01 ; 1.0298380e+02 
3.500e+01 ; 8.000e-01 ; 6.000e-01 ; 4.4202001e+01 ; 1.0298435e+02 
3.500e+01 ; 8.000e-01 ; 6.000e-01 ; 4.4203001e+01 ; 1.0298491e+02 
3.500e+01 ; 8.000e-01 ; 6.000e-01 ; 4.4205001e+01 ; 1.0298602e+02 
3.500e+01 ; 8.000e-01 ; 6.000e-01 ; 4.4209001e+01 ; 1.0298824e+02 
3.500e+01 ; 8.000e-01 ; 6.000e-01 ; 4.4217001e+01 ; 1.0299267e+02 
3.500e+01 ; 8.000e-01 ; 6.000e-01 ; 4.4233001e+01 ; 1.0300146e+02 
3.500e+01 ; 8.000e-01 ; 6.000e-01 ; 4.4265001e+01 ; 1.0301880e+02 
3.500e+01 ; 8.000e-01 ; 6.000e-01 ; 4.4329001e+01 ; 1.0305247e+02 
3.500e+01 ; 8.000e-01 ; 6.000e-01 ; 4.4457001e+01 ; 1.0311579e+02 
3.500e+01 ; 8.000e-01 ; 6.000e-01 ; 4.4713001e+01 ; 1.0322649e+02 
3.500e+01 ; 8.000e-01 ; 6.000e-01 ; 4.5050001e+01 ; 1.0334561e+02 
3.500e+01 ; 8.000e-01 ; 6.000e-01 ; 4.5050001e+01 ; 1.0334561e+02 
3.500e+01 ; 8.000e-01 ; 6.000e-01 ; 4.5051001e+01 ; 1.0334596e+02 
3.500e+01 ; 8.000e-01 ; 6.000e-01 ; 4.5052001e+01 ; 1.0334631e+02 
3.500e+01 ; 8.000e-01 ; 6.000e-01 ; 4.5053001e+01 ; 1.0334666e+02 
3.500e+01 ; 8.000e-01 ; 6.000e-01 ; 4.5055001e+01 ; 1.0334737e+02 
3.500e+01 ; 8.000e-01 ; 6.000e-01 ; 4.5059001e+01 ; 1.0334878e+02 
3.500e+01 ; 8.000e-01 ; 6.000e-01 ; 4.5067001e+01 ; 1.0335158e+02 
3.500e+01 ; 8.000e-01 ; 6.000e-01 ; 4.5083001e+01 ; 1.0335711e+02 
3.500e+01 ; 8.000e-01 ; 6.000e-01 ; 4.5115001e+01 ; 1.0336794e+02 
3.500e+01 ; 8.000e-01 ; 6.000e-01 ; 4.5179001e+01 ; 1.0338865e+02 
3.500e+01 ; 8.000e-01 ; 6.000e-01 ; 4.5307001e+01 ; 1.0342638e+02 
3.500e+01 ; 8.000e-01 ; 6.000e-01 ; 4.5563001e+01 ; 1.0348789e+02 
3.500e+01 ; 8.000e-01 ; 6.000e-01 ; 4.5900001e+01 ; 1.0354665e+02 
3.500e+01 ; 8.000e-01 ; 6.000e-01 ; 4.5900001e+01 ; 1.0354665e+02 
3.500e+01 ; 8.000e-01 ; 6.000e-01 ; 4.5901001e+01 ; 1.0354681e+02 
3.500e+01 ; 8.000e-01 ; 6.000e-01 ; 4.5902001e+01 ; 1.0354699e+02 
3.500e+01 ; 8.000e-01 ; 6.000e-01 ; 4.5903001e+01 ; 1.0354716e+02 
3.500e+01 ; 8.000e-01 ; 6.000e-01 ; 4.5905001e+01 ; 1.0354751e+02 
3.500e+01 ; 8.000e-01 ; 6.000e-01 ; 4.5909001e+01 ; 1.0354820e+02 
3.500e+01 ; 8.000e-01 ; 6.000e-01 ; 4.5917001e+01 ; 1.0354957e+02 
3.500e+01 ; 8.000e-01 ; 6.000e-01 ; 4.5933001e+01 ; 1.0355225e+02 
3.500e+01 ; 8.000e-01 ; 6.000e-01 ; 4.5965001e+01 ; 1.0355743e+02 
3.500e+01 ; 8.000e-01 ; 6.000e-01 ; 4.6029001e+01 ; 1.0356701e+02 
3.500e+01 ; 8.000e-01 ; 6.000e-01 ; 4.6157001e+01 ; 1.0358319e+02 
3.500e+01 ; 8.000e-01 ; 6.000e-01 ; 4.6413001e+01 ; 1.0360456e+02 
3.500e+01 ; 8.000e-01 ; 6.000e-01 ; 4.6750001e+01 ; 1.0361572e+02 
3.500e+01 ; 8.000e-01 ; 6.000e-01 ; 4.6750001e+01 ; 1.0361572e+02 
3.500e+01 ; 8.000e-01 ; 6.000e-01 ; 4.6751001e+01 ; 1.0361575e+02 
3.500e+01 ; 8.000e-01 ; 6.000e-01 ; 4.6752001e+01 ; 1.0361578e+02 
3.500e+01 ; 8.000e-01 ; 6.000e-01 ; 4.6753001e+01 ; 1.0361582e+02 
3.500e+01 ; 8.000e-01 ; 6.000e-01 ; 4.6755001e+01 ; 1.0361588e+02 
3.500e+01 ; 8.000e-01 ; 6.000e-01 ; 4.6759001e+01 ; 1.0361601e+02 
3.500e+01 ; 8.000e-01 ; 6.000e-01 ; 4.6767001e+01 ; 1.0361626e+02 
3.500e+01 ; 8.000e-01 ; 6.000e-01 ; 4.6783001e+01 ; 1.0361671e+02 
3.500e+01 ; 8.000e-01 ; 6.000e-01 ; 4.6815001e+01 ; 1.0361746e+02 
3.500e+01 ; 8.000e-01 ; 6.000e-01 ; 4.6879001e+01 ; 1.0361839e+02 
3.500e+01 ; 8.000e-01 ; 6.000e-01 ; 4.7007001e+01 ; 1.0361800e+02 
3.500e+01 ; 8.000e-01 ; 6.000e-01 ; 4.7263001e+01 ; 1.0360918e+02 
3.500e+01 ; 8.000e-01 ; 6.000e-01 ; 4.7600001e+01 ; 1.0358543e+02 
3.500e+01 ; 8.000e-01 ; 6.000e-01 ; 4.7600001e+01 ; 1.0358543e+02 
3.500e+01 ; 8.000e-01 ; 6.000e-01 ; 4.7601001e+01 ; 1.0358535e+02 
3.500e+01 ; 8.000e-01 ; 6.000e-01 ; 4.7602001e+01 ; 1.0358528e+02 
3.500e+01 ; 8.000e-01 ; 6.000e-01 ; 4.7603001e+01 ; 1.0358521e+02 
3.500e+01 ; 8.000e-01 ; 6.000e-01 ; 4.7605001e+01 ; 1.0358507e+02 
3.500e+01 ; 8.000e-01 ; 6.000e-01 ; 4.7609001e+01 ; 1.0358479e+02 
3.500e+01 ; 8.000e-01 ; 6.000e-01 ; 4.7617001e+01 ; 1.0358421e+02 
3.500e+01 ; 8.000e-01 ; 6.000e-01 ; 4.7633001e+01 ; 1.0358302e+02 
3.500e+01 ; 8.000e-01 ; 6.000e-01 ; 4.7665001e+01 ; 1.0358054e+02 
3.500e+01 ; 8.000e-01 ; 6.000e-01 ; 4.7729001e+01 ; 1.0357518e+02 
3.500e+01 ; 8.000e-01 ; 6.000e-01 ; 4.7857001e+01 ; 1.0356289e+02 
3.500e+01 ; 8.000e-01 ; 6.000e-01 ; 4.8113001e+01 ; 1.0353274e+02 
3.500e+01 ; 8.000e-01 ; 6.000e-01 ; 4.8450001e+01 ; 1.0348483e+02 
3.500e+01 ; 8.000e-01 ; 6.000e-01 ; 4.8450001e+01 ; 1.0348483e+02 
3.500e+01 ; 8.000e-01 ; 6.000e-01 ; 4.8451001e+01 ; 1.0348468e+02 
3.500e+01 ; 8.000e-01 ; 6.000e-01 ; 4.8452001e+01 ; 1.0348454e+02 
3.500e+01 ; 8.000e-01 ; 6.000e-01 ; 4.8453001e+01 ; 1.0348440e+02 
3.500e+01 ; 8.000e-01 ; 6.000e-01 ; 4.8455001e+01 ; 1.0348412e+02 
3.500e+01 ; 8.000e-01 ; 6.000e-01 ; 4.8459001e+01 ; 1.0348354e+02 
3.500e+01 ; 8.000e-01 ; 6.000e-01 ; 4.8467001e+01 ; 1.0348240e+02 
3.500e+01 ; 8.000e-01 ; 6.000e-01 ; 4.8483001e+01 ; 1.0348008e+02 
3.500e+01 ; 8.000e-01 ; 6.000e-01 ; 4.8515001e+01 ; 1.0347539e+02 
3.500e+01 ; 8.000e-01 ; 6.000e-01 ; 4.8579001e+01 ; 1.0346571e+02 
3.500e+01 ; 8.000e-01 ; 6.000e-01 ; 4.8707001e+01 ; 1.0344534e+02 
3.500e+01 ; 8.000e-01 ; 6.000e-01 ; 4.8963001e+01 ; 1.0340097e+02 
3.500e+01 ; 8.000e-01 ; 6.000e-01 ; 4.9300001e+01 ; 1.0333736e+02 
3.500e+01 ; 8.000e-01 ; 6.000e-01 ; 4.9300001e+01 ; 1.0333736e+02 
3.500e+01 ; 8.000e-01 ; 6.000e-01 ; 4.9301001e+01 ; 1.0333717e+02 
3.500e+01 ; 8.000e-01 ; 6.000e-01 ; 4.9302001e+01 ; 1.0333699e+02 
3.500e+01 ; 8.000e-01 ; 6.000e-01 ; 4.9303001e+01 ; 1.0333680e+02 
3.500e+01 ; 8.000e-01 ; 6.000e-01 ; 4.9305001e+01 ; 1.0333642e+02 
3.500e+01 ; 8.000e-01 ; 6.000e-01 ; 4.9309001e+01 ; 1.0333566e+02 
3.500e+01 ; 8.000e-01 ; 6.000e-01 ; 4.9317001e+01 ; 1.0333415e+02 
3.500e+01 ; 8.000e-01 ; 6.000e-01 ; 4.9333001e+01 ; 1.0333111e+02 
3.500e+01 ; 8.000e-01 ; 6.000e-01 ; 4.9365001e+01 ; 1.0332497e+02 
3.500e+01 ; 8.000e-01 ; 6.000e-01 ; 4.9429001e+01 ; 1.0331254e+02 
3.500e+01 ; 8.000e-01 ; 6.000e-01 ; 4.9557001e+01 ; 1.0328703e+02 
3.500e+01 ; 8.000e-01 ; 6.000e-01 ; 4.9813001e+01 ; 1.0323384e+02 
3.500e+01 ; 8.000e-01 ; 6.000e-01 ; 5.0150001e+01 ; 1.0316087e+02 
3.500e+01 ; 8.000e-01 ; 6.000e-01 ; 5.0150001e+01 ; 1.0316087e+02 
3.500e+01 ; 8.000e-01 ; 6.000e-01 ; 5.0151001e+01 ; 1.0316065e+02 
3.500e+01 ; 8.000e-01 ; 6.000e-01 ; 5.0152001e+01 ; 1.0316043e+02 
3.500e+01 ; 8.000e-01 ; 6.000e-01 ; 5.0153001e+01 ; 1.0316022e+02 
3.500e+01 ; 8.000e-01 ; 6.000e-01 ; 5.0155001e+01 ; 1.0315978e+02 
3.500e+01 ; 8.000e-01 ; 6.000e-01 ; 5.0159001e+01 ; 1.0315891e+02 
3.500e+01 ; 8.000e-01 ; 6.000e-01 ; 5.0167001e+01 ; 1.0315718e+02 
3.500e+01 ; 8.000e-01 ; 6.000e-01 ; 5.0183001e+01 ; 1.0315370e+02 
3.500e+01 ; 8.000e-01 ; 6.000e-01 ; 5.0215001e+01 ; 1.0314672e+02 
3.500e+01 ; 8.000e-01 ; 6.000e-01 ; 5.0279001e+01 ; 1.0313266e+02 
3.500e+01 ; 8.000e-01 ; 6.000e-01 ; 5.0407001e+01 ; 1.0310419e+02 
3.500e+01 ; 8.000e-01 ; 6.000e-01 ; 5.0663001e+01 ; 1.0304614e+02 
3.500e+01 ; 8.000e-01 ; 6.000e-01 ; 5.1000001e+01 ; 1.0296836e+02 
3.500e+01 ; 8.000e-01 ; 6.000e-01 ; 5.1000001e+01 ; 1.0296836e+02 
3.500e+01 ; 8.000e-01 ; 6.000e-01 ; 5.1001001e+01 ; 1.0296812e+02 
3.500e+01 ; 8.000e-01 ; 6.000e-01 ; 5.1002001e+01 ; 1.0296790e+02 
3.500e+01 ; 8.000e-01 ; 6.000e-01 ; 5.1003001e+01 ; 1.0296767e+02 
3.500e+01 ; 8.000e-01 ; 6.000e-01 ; 5.1005001e+01 ; 1.0296720e+02 
3.500e+01 ; 8.000e-01 ; 6.000e-01 ; 5.1009001e+01 ; 1.0296628e+02 
3.500e+01 ; 8.000e-01 ; 6.000e-01 ; 5.1017001e+01 ; 1.0296443e+02 
3.500e+01 ; 8.000e-01 ; 6.000e-01 ; 5.1033001e+01 ; 1.0296073e+02 
3.500e+01 ; 8.000e-01 ; 6.000e-01 ; 5.1065001e+01 ; 1.0295332e+02 
3.500e+01 ; 8.000e-01 ; 6.000e-01 ; 5.1129001e+01 ; 1.0293846e+02 
3.500e+01 ; 8.000e-01 ; 6.000e-01 ; 5.1257001e+01 ; 1.0290859e+02 
3.500e+01 ; 8.000e-01 ; 6.000e-01 ; 5.1513001e+01 ; 1.0284848e+02 
3.500e+01 ; 8.000e-01 ; 6.000e-01 ; 5.1850001e+01 ; 1.0276909e+02 
3.500e+01 ; 8.000e-01 ; 6.000e-01 ; 5.1850001e+01 ; 1.0276909e+02 
3.500e+01 ; 8.000e-01 ; 6.000e-01 ; 5.1851001e+01 ; 1.0276885e+02 
3.500e+01 ; 8.000e-01 ; 6.000e-01 ; 5.1852001e+01 ; 1.0276862e+02 
3.500e+01 ; 8.000e-01 ; 6.000e-01 ; 5.1853001e+01 ; 1.0276838e+02 
3.500e+01 ; 8.000e-01 ; 6.000e-01 ; 5.1855001e+01 ; 1.0276791e+02 
3.500e+01 ; 8.000e-01 ; 6.000e-01 ; 5.1859001e+01 ; 1.0276697e+02 
3.500e+01 ; 8.000e-01 ; 6.000e-01 ; 5.1867001e+01 ; 1.0276508e+02 
3.500e+01 ; 8.000e-01 ; 6.000e-01 ; 5.1883001e+01 ; 1.0276131e+02 
3.500e+01 ; 8.000e-01 ; 6.000e-01 ; 5.1915001e+01 ; 1.0275377e+02 
3.500e+01 ; 8.000e-01 ; 6.000e-01 ; 5.1979001e+01 ; 1.0273869e+02 
3.500e+01 ; 8.000e-01 ; 6.000e-01 ; 5.2107001e+01 ; 1.0270864e+02 
3.500e+01 ; 8.000e-01 ; 6.000e-01 ; 5.2363001e+01 ; 1.0265054e+02 
3.500e+01 ; 8.000e-01 ; 6.000e-01 ; 5.2700001e+01 ; 1.0258130e+02 
3.500e+01 ; 8.000e-01 ; 6.000e-01 ; 5.2700001e+01 ; 1.0258130e+02 
3.500e+01 ; 8.000e-01 ; 6.000e-01 ; 5.2701001e+01 ; 1.0258109e+02 
3.500e+01 ; 8.000e-01 ; 6.000e-01 ; 5.2702001e+01 ; 1.0258089e+02 
3.500e+01 ; 8.000e-01 ; 6.000e-01 ; 5.2703001e+01 ; 1.0258068e+02 
3.500e+01 ; 8.000e-01 ; 6.000e-01 ; 5.2705001e+01 ; 1.0258028e+02 
3.500e+01 ; 8.000e-01 ; 6.000e-01 ; 5.2709001e+01 ; 1.0257945e+02 
3.500e+01 ; 8.000e-01 ; 6.000e-01 ; 5.2717001e+01 ; 1.0257782e+02 
3.500e+01 ; 8.000e-01 ; 6.000e-01 ; 5.2733001e+01 ; 1.0257457e+02 
3.500e+01 ; 8.000e-01 ; 6.000e-01 ; 5.2765001e+01 ; 1.0256814e+02 
3.500e+01 ; 8.000e-01 ; 6.000e-01 ; 5.2829001e+01 ; 1.0255559e+02 
3.500e+01 ; 8.000e-01 ; 6.000e-01 ; 5.2957001e+01 ; 1.0253201e+02 
3.500e+01 ; 8.000e-01 ; 6.000e-01 ; 5.3213001e+01 ; 1.0249268e+02 
3.500e+01 ; 8.000e-01 ; 6.000e-01 ; 5.3550002e+01 ; 1.0245737e+02 
3.500e+01 ; 8.000e-01 ; 6.000e-01 ; 5.3550002e+01 ; 1.0245737e+02 
3.500e+01 ; 8.000e-01 ; 6.000e-01 ; 5.3551002e+01 ; 1.0245726e+02 
3.500e+01 ; 8.000e-01 ; 6.000e-01 ; 5.3552002e+01 ; 1.0245716e+02 
3.500e+01 ; 8.000e-01 ; 6.000e-01 ; 5.3553002e+01 ; 1.0245705e+02 
3.500e+01 ; 8.000e-01 ; 6.000e-01 ; 5.3555002e+01 ; 1.0245685e+02 
3.500e+01 ; 8.000e-01 ; 6.000e-01 ; 5.3559002e+01 ; 1.0245643e+02 
3.500e+01 ; 8.000e-01 ; 6.000e-01 ; 5.3567002e+01 ; 1.0245561e+02 
3.500e+01 ; 8.000e-01 ; 6.000e-01 ; 5.3583002e+01 ; 1.0245402e+02 
3.500e+01 ; 8.000e-01 ; 6.000e-01 ; 5.3615001e+01 ; 1.0245097e+02 
3.500e+01 ; 8.000e-01 ; 6.000e-01 ; 5.3679001e+01 ; 1.0244552e+02 
3.500e+01 ; 8.000e-01 ; 6.000e-01 ; 5.3807002e+01 ; 1.0243726e+02 
3.500e+01 ; 8.000e-01 ; 6.000e-01 ; 5.4063002e+01 ; 1.0243195e+02 
3.500e+01 ; 8.000e-01 ; 6.000e-01 ; 5.4400002e+01 ; 1.0244450e+02 
3.500e+01 ; 8.000e-01 ; 6.000e-01 ; 5.4400002e+01 ; 1.0244450e+02 
3.500e+01 ; 8.000e-01 ; 6.000e-01 ; 5.4401002e+01 ; 1.0244453e+02 
3.500e+01 ; 8.000e-01 ; 6.000e-01 ; 5.4402002e+01 ; 1.0244457e+02 
3.500e+01 ; 8.000e-01 ; 6.000e-01 ; 5.4403002e+01 ; 1.0244460e+02 
3.500e+01 ; 8.000e-01 ; 6.000e-01 ; 5.4405002e+01 ; 1.0244468e+02 
3.500e+01 ; 8.000e-01 ; 6.000e-01 ; 5.4409002e+01 ; 1.0244484e+02 
3.500e+01 ; 8.000e-01 ; 6.000e-01 ; 5.4417002e+01 ; 1.0244516e+02 
3.500e+01 ; 8.000e-01 ; 6.000e-01 ; 5.4433002e+01 ; 1.0244585e+02 
3.500e+01 ; 8.000e-01 ; 6.000e-01 ; 5.4465002e+01 ; 1.0244740e+02 
3.500e+01 ; 8.000e-01 ; 6.000e-01 ; 5.4529002e+01 ; 1.0245119e+02 
3.500e+01 ; 8.000e-01 ; 6.000e-01 ; 5.4657002e+01 ; 1.0246157e+02 
3.500e+01 ; 8.000e-01 ; 6.000e-01 ; 5.4913002e+01 ; 1.0249277e+02 
3.500e+01 ; 8.000e-01 ; 6.000e-01 ; 5.5250002e+01 ; 1.0254982e+02 
3.500e+01 ; 8.000e-01 ; 6.000e-01 ; 5.5250002e+01 ; 1.0254982e+02 
3.500e+01 ; 8.000e-01 ; 6.000e-01 ; 5.5251002e+01 ; 1.0254999e+02 
3.500e+01 ; 8.000e-01 ; 6.000e-01 ; 5.5252002e+01 ; 1.0255016e+02 
3.500e+01 ; 8.000e-01 ; 6.000e-01 ; 5.5253002e+01 ; 1.0255033e+02 
3.500e+01 ; 8.000e-01 ; 6.000e-01 ; 5.5255002e+01 ; 1.0255067e+02 
3.500e+01 ; 8.000e-01 ; 6.000e-01 ; 5.5259002e+01 ; 1.0255135e+02 
3.500e+01 ; 8.000e-01 ; 6.000e-01 ; 5.5267002e+01 ; 1.0255273e+02 
3.500e+01 ; 8.000e-01 ; 6.000e-01 ; 5.5283002e+01 ; 1.0255550e+02 
3.500e+01 ; 8.000e-01 ; 6.000e-01 ; 5.5315002e+01 ; 1.0256121e+02 
3.500e+01 ; 8.000e-01 ; 6.000e-01 ; 5.5379002e+01 ; 1.0257317e+02 
3.500e+01 ; 8.000e-01 ; 6.000e-01 ; 5.5507002e+01 ; 1.0259911e+02 
3.500e+01 ; 8.000e-01 ; 6.000e-01 ; 5.5763002e+01 ; 1.0265787e+02 
3.500e+01 ; 8.000e-01 ; 6.000e-01 ; 5.6100002e+01 ; 1.0274421e+02 
3.500e+01 ; 8.000e-01 ; 6.000e-01 ; 5.6100002e+01 ; 1.0274421e+02 
3.500e+01 ; 8.000e-01 ; 6.000e-01 ; 5.6101002e+01 ; 1.0274446e+02 
3.500e+01 ; 8.000e-01 ; 6.000e-01 ; 5.6102002e+01 ; 1.0274472e+02 
3.500e+01 ; 8.000e-01 ; 6.000e-01 ; 5.6103002e+01 ; 1.0274498e+02 
3.500e+01 ; 8.000e-01 ; 6.000e-01 ; 5.6105002e+01 ; 1.0274549e+02 
3.500e+01 ; 8.000e-01 ; 6.000e-01 ; 5.6109002e+01 ; 1.0274652e+02 
3.500e+01 ; 8.000e-01 ; 6.000e-01 ; 5.6117002e+01 ; 1.0274858e+02 
3.500e+01 ; 8.000e-01 ; 6.000e-01 ; 5.6133002e+01 ; 1.0275272e+02 
3.500e+01 ; 8.000e-01 ; 6.000e-01 ; 5.6165002e+01 ; 1.0276108e+02 
3.500e+01 ; 8.000e-01 ; 6.000e-01 ; 5.6229002e+01 ; 1.0277807e+02 
3.500e+01 ; 8.000e-01 ; 6.000e-01 ; 5.6357002e+01 ; 1.0281303e+02 
3.500e+01 ; 8.000e-01 ; 6.000e-01 ; 5.6613002e+01 ; 1.0288557e+02 
3.500e+01 ; 8.000e-01 ; 6.000e-01 ; 5.6950002e+01 ; 1.0298306e+02 
3.500e+01 ; 8.000e-01 ; 6.000e-01 ; 5.6950002e+01 ; 1.0298306e+02 
3.500e+01 ; 8.000e-01 ; 6.000e-01 ; 5.6951002e+01 ; 1.0298335e+02 
3.500e+01 ; 8.000e-01 ; 6.000e-01 ; 5.6952002e+01 ; 1.0298363e+02 
3.500e+01 ; 8.000e-01 ; 6.000e-01 ; 5.6953002e+01 ; 1.0298392e+02 
3.500e+01 ; 8.000e-01 ; 6.000e-01 ; 5.6955002e+01 ; 1.0298450e+02 
3.500e+01 ; 8.000e-01 ; 6.000e-01 ; 5.6959002e+01 ; 1.0298566e+02 
3.500e+01 ; 8.000e-01 ; 6.000e-01 ; 5.6967002e+01 ; 1.0298798e+02 
3.500e+01 ; 8.000e-01 ; 6.000e-01 ; 5.6983002e+01 ; 1.0299261e+02 
3.500e+01 ; 8.000e-01 ; 6.000e-01 ; 5.7015002e+01 ; 1.0300190e+02 
3.500e+01 ; 8.000e-01 ; 6.000e-01 ; 5.7079002e+01 ; 1.0302051e+02 
3.500e+01 ; 8.000e-01 ; 6.000e-01 ; 5.7207002e+01 ; 1.0305774e+02 
3.500e+01 ; 8.000e-01 ; 6.000e-01 ; 5.7463002e+01 ; 1.0313136e+02 
3.500e+01 ; 8.000e-01 ; 6.000e-01 ; 5.7800002e+01 ; 1.0322507e+02 
3.500e+01 ; 8.000e-01 ; 6.000e-01 ; 5.7800002e+01 ; 1.0322507e+02 
3.500e+01 ; 8.000e-01 ; 6.000e-01 ; 5.7801002e+01 ; 1.0322534e+02 
3.500e+01 ; 8.000e-01 ; 6.000e-01 ; 5.7802002e+01 ; 1.0322562e+02 
3.500e+01 ; 8.000e-01 ; 6.000e-01 ; 5.7803002e+01 ; 1.0322590e+02 
3.500e+01 ; 8.000e-01 ; 6.000e-01 ; 5.7805002e+01 ; 1.0322646e+02 
3.500e+01 ; 8.000e-01 ; 6.000e-01 ; 5.7809002e+01 ; 1.0322757e+02 
3.500e+01 ; 8.000e-01 ; 6.000e-01 ; 5.7817002e+01 ; 1.0322979e+02 
3.500e+01 ; 8.000e-01 ; 6.000e-01 ; 5.7833002e+01 ; 1.0323422e+02 
3.500e+01 ; 8.000e-01 ; 6.000e-01 ; 5.7865002e+01 ; 1.0324306e+02 
3.500e+01 ; 8.000e-01 ; 6.000e-01 ; 5.7929002e+01 ; 1.0326059e+02 
3.500e+01 ; 8.000e-01 ; 6.000e-01 ; 5.8057002e+01 ; 1.0329502e+02 
3.500e+01 ; 8.000e-01 ; 6.000e-01 ; 5.8313002e+01 ; 1.0336082e+02 
3.500e+01 ; 8.000e-01 ; 6.000e-01 ; 5.8650002e+01 ; 1.0344122e+02 
3.500e+01 ; 8.000e-01 ; 6.000e-01 ; 5.8650002e+01 ; 1.0344122e+02 
3.500e+01 ; 8.000e-01 ; 6.000e-01 ; 5.8651002e+01 ; 1.0344147e+02 
3.500e+01 ; 8.000e-01 ; 6.000e-01 ; 5.8652002e+01 ; 1.0344170e+02 
3.500e+01 ; 8.000e-01 ; 6.000e-01 ; 5.8653002e+01 ; 1.0344194e+02 
3.500e+01 ; 8.000e-01 ; 6.000e-01 ; 5.8655002e+01 ; 1.0344242e+02 
3.500e+01 ; 8.000e-01 ; 6.000e-01 ; 5.8659002e+01 ; 1.0344337e+02 
3.500e+01 ; 8.000e-01 ; 6.000e-01 ; 5.8667002e+01 ; 1.0344527e+02 
3.500e+01 ; 8.000e-01 ; 6.000e-01 ; 5.8683002e+01 ; 1.0344906e+02 
3.500e+01 ; 8.000e-01 ; 6.000e-01 ; 5.8715002e+01 ; 1.0345658e+02 
3.500e+01 ; 8.000e-01 ; 6.000e-01 ; 5.8779002e+01 ; 1.0347138e+02 
3.500e+01 ; 8.000e-01 ; 6.000e-01 ; 5.8907002e+01 ; 1.0350001e+02 
3.500e+01 ; 8.000e-01 ; 6.000e-01 ; 5.9163002e+01 ; 1.0355312e+02 
3.500e+01 ; 8.000e-01 ; 6.000e-01 ; 5.9500002e+01 ; 1.0361561e+02 
3.500e+01 ; 8.000e-01 ; 6.000e-01 ; 5.9500002e+01 ; 1.0361561e+02 
3.500e+01 ; 8.000e-01 ; 6.000e-01 ; 5.9501002e+01 ; 1.0361579e+02 
3.500e+01 ; 8.000e-01 ; 6.000e-01 ; 5.9502002e+01 ; 1.0361597e+02 
3.500e+01 ; 8.000e-01 ; 6.000e-01 ; 5.9503002e+01 ; 1.0361617e+02 
3.500e+01 ; 8.000e-01 ; 6.000e-01 ; 5.9505002e+01 ; 1.0361653e+02 
3.500e+01 ; 8.000e-01 ; 6.000e-01 ; 5.9509002e+01 ; 1.0361727e+02 
3.500e+01 ; 8.000e-01 ; 6.000e-01 ; 5.9517002e+01 ; 1.0361874e+02 
3.500e+01 ; 8.000e-01 ; 6.000e-01 ; 5.9533002e+01 ; 1.0362168e+02 
3.500e+01 ; 8.000e-01 ; 6.000e-01 ; 5.9565002e+01 ; 1.0362747e+02 
3.500e+01 ; 8.000e-01 ; 6.000e-01 ; 5.9629002e+01 ; 1.0363879e+02 
3.500e+01 ; 8.000e-01 ; 6.000e-01 ; 5.9757002e+01 ; 1.0366034e+02 
3.500e+01 ; 8.000e-01 ; 6.000e-01 ; 6.0013002e+01 ; 1.0369904e+02 
3.500e+01 ; 8.000e-01 ; 6.000e-01 ; 6.0350002e+01 ; 1.0374250e+02 
3.500e+01 ; 8.000e-01 ; 6.000e-01 ; 6.0350002e+01 ; 1.0374250e+02 
3.500e+01 ; 8.000e-01 ; 6.000e-01 ; 6.0351002e+01 ; 1.0374263e+02 
3.500e+01 ; 8.000e-01 ; 6.000e-01 ; 6.0352002e+01 ; 1.0374275e+02 
3.500e+01 ; 8.000e-01 ; 6.000e-01 ; 6.0353002e+01 ; 1.0374288e+02 
3.500e+01 ; 8.000e-01 ; 6.000e-01 ; 6.0355002e+01 ; 1.0374314e+02 
3.500e+01 ; 8.000e-01 ; 6.000e-01 ; 6.0359002e+01 ; 1.0374365e+02 
3.500e+01 ; 8.000e-01 ; 6.000e-01 ; 6.0367002e+01 ; 1.0374467e+02 
3.500e+01 ; 8.000e-01 ; 6.000e-01 ; 6.0383002e+01 ; 1.0374670e+02 
3.500e+01 ; 8.000e-01 ; 6.000e-01 ; 6.0415002e+01 ; 1.0375069e+02 
3.500e+01 ; 8.000e-01 ; 6.000e-01 ; 6.0479002e+01 ; 1.0375841e+02 
3.500e+01 ; 8.000e-01 ; 6.000e-01 ; 6.0607002e+01 ; 1.0377277e+02 
3.500e+01 ; 8.000e-01 ; 6.000e-01 ; 6.0863002e+01 ; 1.0379734e+02 
3.500e+01 ; 8.000e-01 ; 6.000e-01 ; 6.1200002e+01 ; 1.0382283e+02 
3.500e+01 ; 8.000e-01 ; 6.000e-01 ; 6.1200002e+01 ; 1.0382283e+02 
3.500e+01 ; 8.000e-01 ; 6.000e-01 ; 6.1201002e+01 ; 1.0382291e+02 
3.500e+01 ; 8.000e-01 ; 6.000e-01 ; 6.1202002e+01 ; 1.0382298e+02 
3.500e+01 ; 8.000e-01 ; 6.000e-01 ; 6.1203002e+01 ; 1.0382305e+02 
3.500e+01 ; 8.000e-01 ; 6.000e-01 ; 6.1205002e+01 ; 1.0382320e+02 
3.500e+01 ; 8.000e-01 ; 6.000e-01 ; 6.1209002e+01 ; 1.0382351e+02 
3.500e+01 ; 8.000e-01 ; 6.000e-01 ; 6.1217002e+01 ; 1.0382410e+02 
3.500e+01 ; 8.000e-01 ; 6.000e-01 ; 6.1233002e+01 ; 1.0382528e+02 
3.500e+01 ; 8.000e-01 ; 6.000e-01 ; 6.1265002e+01 ; 1.0382758e+02 
3.500e+01 ; 8.000e-01 ; 6.000e-01 ; 6.1329002e+01 ; 1.0383192e+02 
3.500e+01 ; 8.000e-01 ; 6.000e-01 ; 6.1457002e+01 ; 1.0383967e+02 
3.500e+01 ; 8.000e-01 ; 6.000e-01 ; 6.1713002e+01 ; 1.0385152e+02 
3.500e+01 ; 8.000e-01 ; 6.000e-01 ; 6.2050002e+01 ; 1.0386120e+02 
3.500e+01 ; 8.000e-01 ; 6.000e-01 ; 6.2050002e+01 ; 1.0386120e+02 
3.500e+01 ; 8.000e-01 ; 6.000e-01 ; 6.2051002e+01 ; 1.0386122e+02 
3.500e+01 ; 8.000e-01 ; 6.000e-01 ; 6.2052002e+01 ; 1.0386125e+02 
3.500e+01 ; 8.000e-01 ; 6.000e-01 ; 6.2053002e+01 ; 1.0386128e+02 
3.500e+01 ; 8.000e-01 ; 6.000e-01 ; 6.2055002e+01 ; 1.0386134e+02 
3.500e+01 ; 8.000e-01 ; 6.000e-01 ; 6.2059002e+01 ; 1.0386145e+02 
3.500e+01 ; 8.000e-01 ; 6.000e-01 ; 6.2067002e+01 ; 1.0386167e+02 
3.500e+01 ; 8.000e-01 ; 6.000e-01 ; 6.2083002e+01 ; 1.0386211e+02 
3.500e+01 ; 8.000e-01 ; 6.000e-01 ; 6.2115002e+01 ; 1.0386292e+02 
3.500e+01 ; 8.000e-01 ; 6.000e-01 ; 6.2179002e+01 ; 1.0386433e+02 
3.500e+01 ; 8.000e-01 ; 6.000e-01 ; 6.2307002e+01 ; 1.0386636e+02 
3.500e+01 ; 8.000e-01 ; 6.000e-01 ; 6.2563002e+01 ; 1.0386736e+02 
3.500e+01 ; 8.000e-01 ; 6.000e-01 ; 6.2900002e+01 ; 1.0386380e+02 
3.500e+01 ; 8.000e-01 ; 6.000e-01 ; 6.2900002e+01 ; 1.0386380e+02 
3.500e+01 ; 8.000e-01 ; 6.000e-01 ; 6.2901002e+01 ; 1.0386379e+02 
3.500e+01 ; 8.000e-01 ; 6.000e-01 ; 6.2902002e+01 ; 1.0386378e+02 
3.500e+01 ; 8.000e-01 ; 6.000e-01 ; 6.2903002e+01 ; 1.0386377e+02 
3.500e+01 ; 8.000e-01 ; 6.000e-01 ; 6.2905002e+01 ; 1.0386375e+02 
3.500e+01 ; 8.000e-01 ; 6.000e-01 ; 6.2909002e+01 ; 1.0386370e+02 
3.500e+01 ; 8.000e-01 ; 6.000e-01 ; 6.2917002e+01 ; 1.0386362e+02 
3.500e+01 ; 8.000e-01 ; 6.000e-01 ; 6.2933002e+01 ; 1.0386342e+02 
3.500e+01 ; 8.000e-01 ; 6.000e-01 ; 6.2965002e+01 ; 1.0386300e+02 
3.500e+01 ; 8.000e-01 ; 6.000e-01 ; 6.3029002e+01 ; 1.0386198e+02 
3.500e+01 ; 8.000e-01 ; 6.000e-01 ; 6.3157002e+01 ; 1.0385927e+02 
3.500e+01 ; 8.000e-01 ; 6.000e-01 ; 6.3413002e+01 ; 1.0385141e+02 
3.500e+01 ; 8.000e-01 ; 6.000e-01 ; 6.3750002e+01 ; 1.0383717e+02 
3.500e+01 ; 8.000e-01 ; 6.000e-01 ; 6.3750002e+01 ; 1.0383717e+02 
3.500e+01 ; 8.000e-01 ; 6.000e-01 ; 6.3751002e+01 ; 1.0383714e+02 
3.500e+01 ; 8.000e-01 ; 6.000e-01 ; 6.3752002e+01 ; 1.0383709e+02 
3.500e+01 ; 8.000e-01 ; 6.000e-01 ; 6.3753002e+01 ; 1.0383705e+02 
3.500e+01 ; 8.000e-01 ; 6.000e-01 ; 6.3755002e+01 ; 1.0383697e+02 
3.500e+01 ; 8.000e-01 ; 6.000e-01 ; 6.3759002e+01 ; 1.0383679e+02 
3.500e+01 ; 8.000e-01 ; 6.000e-01 ; 6.3767002e+01 ; 1.0383645e+02 
3.500e+01 ; 8.000e-01 ; 6.000e-01 ; 6.3783002e+01 ; 1.0383576e+02 
3.500e+01 ; 8.000e-01 ; 6.000e-01 ; 6.3815002e+01 ; 1.0383434e+02 
3.500e+01 ; 8.000e-01 ; 6.000e-01 ; 6.3879002e+01 ; 1.0383136e+02 
3.500e+01 ; 8.000e-01 ; 6.000e-01 ; 6.4007002e+01 ; 1.0382489e+02 
3.500e+01 ; 8.000e-01 ; 6.000e-01 ; 6.4263002e+01 ; 1.0381003e+02 
3.500e+01 ; 8.000e-01 ; 6.000e-01 ; 6.4600002e+01 ; 1.0378748e+02 
3.500e+01 ; 8.000e-01 ; 6.000e-01 ; 6.4600002e+01 ; 1.0378748e+02 
3.500e+01 ; 8.000e-01 ; 6.000e-01 ; 6.4601002e+01 ; 1.0378741e+02 
3.500e+01 ; 8.000e-01 ; 6.000e-01 ; 6.4602002e+01 ; 1.0378734e+02 
3.500e+01 ; 8.000e-01 ; 6.000e-01 ; 6.4603002e+01 ; 1.0378728e+02 
3.500e+01 ; 8.000e-01 ; 6.000e-01 ; 6.4605002e+01 ; 1.0378714e+02 
3.500e+01 ; 8.000e-01 ; 6.000e-01 ; 6.4609002e+01 ; 1.0378687e+02 
3.500e+01 ; 8.000e-01 ; 6.000e-01 ; 6.4617002e+01 ; 1.0378633e+02 
3.500e+01 ; 8.000e-01 ; 6.000e-01 ; 6.4633002e+01 ; 1.0378525e+02 
3.500e+01 ; 8.000e-01 ; 6.000e-01 ; 6.4665002e+01 ; 1.0378305e+02 
3.500e+01 ; 8.000e-01 ; 6.000e-01 ; 6.4729002e+01 ; 1.0377856e+02 
3.500e+01 ; 8.000e-01 ; 6.000e-01 ; 6.4857002e+01 ; 1.0376918e+02 
3.500e+01 ; 8.000e-01 ; 6.000e-01 ; 6.5113002e+01 ; 1.0374911e+02 
3.500e+01 ; 8.000e-01 ; 6.000e-01 ; 6.5450002e+01 ; 1.0372123e+02 
3.500e+01 ; 8.000e-01 ; 6.000e-01 ; 6.5450002e+01 ; 1.0372123e+02 
3.500e+01 ; 8.000e-01 ; 6.000e-01 ; 6.5451002e+01 ; 1.0372115e+02 
3.500e+01 ; 8.000e-01 ; 6.000e-01 ; 6.5452002e+01 ; 1.0372107e+02 
3.500e+01 ; 8.000e-01 ; 6.000e-01 ; 6.5453002e+01 ; 1.0372099e+02 
3.500e+01 ; 8.000e-01 ; 6.000e-01 ; 6.5455002e+01 ; 1.0372082e+02 
3.500e+01 ; 8.000e-01 ; 6.000e-01 ; 6.5459002e+01 ; 1.0372049e+02 
3.500e+01 ; 8.000e-01 ; 6.000e-01 ; 6.5467002e+01 ; 1.0371983e+02 
3.500e+01 ; 8.000e-01 ; 6.000e-01 ; 6.5483002e+01 ; 1.0371849e+02 
3.500e+01 ; 8.000e-01 ; 6.000e-01 ; 6.5515002e+01 ; 1.0371582e+02 
3.500e+01 ; 8.000e-01 ; 6.000e-01 ; 6.5579002e+01 ; 1.0371043e+02 
3.500e+01 ; 8.000e-01 ; 6.000e-01 ; 6.5707002e+01 ; 1.0369955e+02 
3.500e+01 ; 8.000e-01 ; 6.000e-01 ; 6.5963002e+01 ; 1.0367783e+02 
3.500e+01 ; 8.000e-01 ; 6.000e-01 ; 6.6300002e+01 ; 1.0365054e+02 
3.500e+01 ; 8.000e-01 ; 6.000e-01 ; 6.6300002e+01 ; 1.0365054e+02 
3.500e+01 ; 8.000e-01 ; 6.000e-01 ; 6.6301002e+01 ; 1.0365046e+02 
3.500e+01 ; 8.000e-01 ; 6.000e-01 ; 6.6302002e+01 ; 1.0365038e+02 
3.500e+01 ; 8.000e-01 ; 6.000e-01 ; 6.6303002e+01 ; 1.0365030e+02 
3.500e+01 ; 8.000e-01 ; 6.000e-01 ; 6.6305002e+01 ; 1.0365014e+02 
3.500e+01 ; 8.000e-01 ; 6.000e-01 ; 6.6309002e+01 ; 1.0364981e+02 
3.500e+01 ; 8.000e-01 ; 6.000e-01 ; 6.6317002e+01 ; 1.0364917e+02 
3.500e+01 ; 8.000e-01 ; 6.000e-01 ; 6.6333002e+01 ; 1.0364788e+02 
3.500e+01 ; 8.000e-01 ; 6.000e-01 ; 6.6365002e+01 ; 1.0364532e+02 
3.500e+01 ; 8.000e-01 ; 6.000e-01 ; 6.6429002e+01 ; 1.0364025e+02 
3.500e+01 ; 8.000e-01 ; 6.000e-01 ; 6.6557002e+01 ; 1.0363045e+02 
3.500e+01 ; 8.000e-01 ; 6.000e-01 ; 6.6813002e+01 ; 1.0361265e+02 
3.500e+01 ; 8.000e-01 ; 6.000e-01 ; 6.7150002e+01 ; 1.0359341e+02 
3.500e+01 ; 8.000e-01 ; 6.000e-01 ; 6.7150002e+01 ; 1.0359341e+02 
3.500e+01 ; 8.000e-01 ; 6.000e-01 ; 6.7151002e+01 ; 1.0359336e+02 
3.500e+01 ; 8.000e-01 ; 6.000e-01 ; 6.7152002e+01 ; 1.0359330e+02 
3.500e+01 ; 8.000e-01 ; 6.000e-01 ; 6.7153002e+01 ; 1.0359325e+02 
3.500e+01 ; 8.000e-01 ; 6.000e-01 ; 6.7155002e+01 ; 1.0359313e+02 
3.500e+01 ; 8.000e-01 ; 6.000e-01 ; 6.7159002e+01 ; 1.0359290e+02 
3.500e+01 ; 8.000e-01 ; 6.000e-01 ; 6.7167002e+01 ; 1.0359245e+02 
3.500e+01 ; 8.000e-01 ; 6.000e-01 ; 6.7183002e+01 ; 1.0359156e+02 
3.500e+01 ; 8.000e-01 ; 6.000e-01 ; 6.7215002e+01 ; 1.0358981e+02 
3.500e+01 ; 8.000e-01 ; 6.000e-01 ; 6.7279002e+01 ; 1.0358648e+02 
3.500e+01 ; 8.000e-01 ; 6.000e-01 ; 6.7407002e+01 ; 1.0358054e+02 
3.500e+01 ; 8.000e-01 ; 6.000e-01 ; 6.7663002e+01 ; 1.0357180e+02 
3.500e+01 ; 8.000e-01 ; 6.000e-01 ; 6.8000002e+01 ; 1.0356626e+02 
3.500e+01 ; 8.000e-01 ; 6.000e-01 ; 6.8000002e+01 ; 1.0356626e+02 
3.500e+01 ; 8.000e-01 ; 6.000e-01 ; 6.8001002e+01 ; 1.0356625e+02 
3.500e+01 ; 8.000e-01 ; 6.000e-01 ; 6.8002002e+01 ; 1.0356623e+02 
3.500e+01 ; 8.000e-01 ; 6.000e-01 ; 6.8003002e+01 ; 1.0356622e+02 
3.500e+01 ; 8.000e-01 ; 6.000e-01 ; 6.8005002e+01 ; 1.0356618e+02 
3.500e+01 ; 8.000e-01 ; 6.000e-01 ; 6.8009002e+01 ; 1.0356612e+02 
3.500e+01 ; 8.000e-01 ; 6.000e-01 ; 6.8017002e+01 ; 1.0356599e+02 
3.500e+01 ; 8.000e-01 ; 6.000e-01 ; 6.8033002e+01 ; 1.0356576e+02 
3.500e+01 ; 8.000e-01 ; 6.000e-01 ; 6.8065002e+01 ; 1.0356535e+02 
3.500e+01 ; 8.000e-01 ; 6.000e-01 ; 6.8129002e+01 ; 1.0356474e+02 
3.500e+01 ; 8.000e-01 ; 6.000e-01 ; 6.8257002e+01 ; 1.0356441e+02 
3.500e+01 ; 8.000e-01 ; 6.000e-01 ; 6.8513002e+01 ; 1.0356739e+02 
3.500e+01 ; 8.000e-01 ; 6.000e-01 ; 6.8850002e+01 ; 1.0357747e+02 
3.500e+01 ; 8.000e-01 ; 6.000e-01 ; 6.8850002e+01 ; 1.0357747e+02 
3.500e+01 ; 8.000e-01 ; 6.000e-01 ; 6.8851002e+01 ; 1.0357750e+02 
3.500e+01 ; 8.000e-01 ; 6.000e-01 ; 6.8852002e+01 ; 1.0357753e+02 
3.500e+01 ; 8.000e-01 ; 6.000e-01 ; 6.8853002e+01 ; 1.0357756e+02 
3.500e+01 ; 8.000e-01 ; 6.000e-01 ; 6.8855002e+01 ; 1.0357761e+02 
3.500e+01 ; 8.000e-01 ; 6.000e-01 ; 6.8859002e+01 ; 1.0357774e+02 
3.500e+01 ; 8.000e-01 ; 6.000e-01 ; 6.8867002e+01 ; 1.0357799e+02 
3.500e+01 ; 8.000e-01 ; 6.000e-01 ; 6.8883002e+01 ; 1.0357849e+02 
3.500e+01 ; 8.000e-01 ; 6.000e-01 ; 6.8915002e+01 ; 1.0357956e+02 
3.500e+01 ; 8.000e-01 ; 6.000e-01 ; 6.8979002e+01 ; 1.0358192e+02 
3.500e+01 ; 8.000e-01 ; 6.000e-01 ; 6.9107002e+01 ; 1.0358749e+02 
3.500e+01 ; 8.000e-01 ; 6.000e-01 ; 6.9363002e+01 ; 1.0360188e+02 
3.500e+01 ; 8.000e-01 ; 6.000e-01 ; 6.9700002e+01 ; 1.0362588e+02 
3.500e+01 ; 8.000e-01 ; 6.000e-01 ; 6.9700002e+01 ; 1.0362588e+02 
3.500e+01 ; 8.000e-01 ; 6.000e-01 ; 6.9701002e+01 ; 1.0362595e+02 
3.500e+01 ; 8.000e-01 ; 6.000e-01 ; 6.9702002e+01 ; 1.0362602e+02 
3.500e+01 ; 8.000e-01 ; 6.000e-01 ; 6.9703002e+01 ; 1.0362609e+02 
3.500e+01 ; 8.000e-01 ; 6.000e-01 ; 6.9705002e+01 ; 1.0362624e+02 
3.500e+01 ; 8.000e-01 ; 6.000e-01 ; 6.9709002e+01 ; 1.0362652e+02 
3.500e+01 ; 8.000e-01 ; 6.000e-01 ; 6.9717002e+01 ; 1.0362710e+02 
3.500e+01 ; 8.000e-01 ; 6.000e-01 ; 6.9733002e+01 ; 1.0362826e+02 
3.500e+01 ; 8.000e-01 ; 6.000e-01 ; 6.9765002e+01 ; 1.0363063e+02 
3.500e+01 ; 8.000e-01 ; 6.000e-01 ; 6.9829002e+01 ; 1.0363554e+02 
3.500e+01 ; 8.000e-01 ; 6.000e-01 ; 6.9957002e+01 ; 1.0364603e+02 
3.500e+01 ; 8.000e-01 ; 6.000e-01 ; 7.0213002e+01 ; 1.0366933e+02 
3.500e+01 ; 8.000e-01 ; 6.000e-01 ; 7.0550002e+01 ; 1.0370329e+02 
3.500e+01 ; 8.000e-01 ; 6.000e-01 ; 7.0550002e+01 ; 1.0370329e+02 
3.500e+01 ; 8.000e-01 ; 6.000e-01 ; 7.0551002e+01 ; 1.0370338e+02 
3.500e+01 ; 8.000e-01 ; 6.000e-01 ; 7.0552002e+01 ; 1.0370349e+02 
3.500e+01 ; 8.000e-01 ; 6.000e-01 ; 7.0553002e+01 ; 1.0370359e+02 
3.500e+01 ; 8.000e-01 ; 6.000e-01 ; 7.0555002e+01 ; 1.0370379e+02 
3.500e+01 ; 8.000e-01 ; 6.000e-01 ; 7.0559002e+01 ; 1.0370419e+02 
3.500e+01 ; 8.000e-01 ; 6.000e-01 ; 7.0567002e+01 ; 1.0370500e+02 
3.500e+01 ; 8.000e-01 ; 6.000e-01 ; 7.0583002e+01 ; 1.0370663e+02 
3.500e+01 ; 8.000e-01 ; 6.000e-01 ; 7.0615002e+01 ; 1.0370992e+02 
3.500e+01 ; 8.000e-01 ; 6.000e-01 ; 7.0679002e+01 ; 1.0371659e+02 
3.500e+01 ; 8.000e-01 ; 6.000e-01 ; 7.0807002e+01 ; 1.0373033e+02 
3.500e+01 ; 8.000e-01 ; 6.000e-01 ; 7.1063002e+01 ; 1.0375905e+02 
3.500e+01 ; 8.000e-01 ; 6.000e-01 ; 7.1400002e+01 ; 1.0379828e+02 
3.500e+01 ; 8.000e-01 ; 6.000e-01 ; 7.1400002e+01 ; 1.0379828e+02 
3.500e+01 ; 8.000e-01 ; 6.000e-01 ; 7.1401002e+01 ; 1.0379839e+02 
3.500e+01 ; 8.000e-01 ; 6.000e-01 ; 7.1402002e+01 ; 1.0379851e+02 
3.500e+01 ; 8.000e-01 ; 6.000e-01 ; 7.1403002e+01 ; 1.0379862e+02 
3.500e+01 ; 8.000e-01 ; 6.000e-01 ; 7.1405002e+01 ; 1.0379886e+02 
3.500e+01 ; 8.000e-01 ; 6.000e-01 ; 7.1409002e+01 ; 1.0379932e+02 
3.500e+01 ; 8.000e-01 ; 6.000e-01 ; 7.1417002e+01 ; 1.0380025e+02 
3.500e+01 ; 8.000e-01 ; 6.000e-01 ; 7.1433002e+01 ; 1.0380212e+02 
3.500e+01 ; 8.000e-01 ; 6.000e-01 ; 7.1465002e+01 ; 1.0380588e+02 
3.500e+01 ; 8.000e-01 ; 6.000e-01 ; 7.1529002e+01 ; 1.0381342e+02 
3.500e+01 ; 8.000e-01 ; 6.000e-01 ; 7.1657002e+01 ; 1.0382863e+02 
3.500e+01 ; 8.000e-01 ; 6.000e-01 ; 7.1913002e+01 ; 1.0385928e+02 
3.500e+01 ; 8.000e-01 ; 6.000e-01 ; 7.2250002e+01 ; 1.0389947e+02 
3.500e+01 ; 8.000e-01 ; 6.000e-01 ; 7.2250002e+01 ; 1.0389947e+02 
3.500e+01 ; 8.000e-01 ; 6.000e-01 ; 7.2251002e+01 ; 1.0389958e+02 
3.500e+01 ; 8.000e-01 ; 6.000e-01 ; 7.2252002e+01 ; 1.0389970e+02 
3.500e+01 ; 8.000e-01 ; 6.000e-01 ; 7.2253002e+01 ; 1.0389983e+02 
3.500e+01 ; 8.000e-01 ; 6.000e-01 ; 7.2255002e+01 ; 1.0390006e+02 
3.500e+01 ; 8.000e-01 ; 6.000e-01 ; 7.2259002e+01 ; 1.0390054e+02 
3.500e+01 ; 8.000e-01 ; 6.000e-01 ; 7.2267002e+01 ; 1.0390149e+02 
3.500e+01 ; 8.000e-01 ; 6.000e-01 ; 7.2283002e+01 ; 1.0390340e+02 
3.500e+01 ; 8.000e-01 ; 6.000e-01 ; 7.2315002e+01 ; 1.0390721e+02 
3.500e+01 ; 8.000e-01 ; 6.000e-01 ; 7.2379002e+01 ; 1.0391482e+02 
3.500e+01 ; 8.000e-01 ; 6.000e-01 ; 7.2507002e+01 ; 1.0392995e+02 
3.500e+01 ; 8.000e-01 ; 6.000e-01 ; 7.2763002e+01 ; 1.0395966e+02 
3.500e+01 ; 8.000e-01 ; 6.000e-01 ; 7.3100002e+01 ; 1.0399741e+02 
3.500e+01 ; 8.000e-01 ; 6.000e-01 ; 7.3100002e+01 ; 1.0399741e+02 
3.500e+01 ; 8.000e-01 ; 6.000e-01 ; 7.3101002e+01 ; 1.0399753e+02 
3.500e+01 ; 8.000e-01 ; 6.000e-01 ; 7.3102002e+01 ; 1.0399764e+02 
3.500e+01 ; 8.000e-01 ; 6.000e-01 ; 7.3103002e+01 ; 1.0399775e+02 
3.500e+01 ; 8.000e-01 ; 6.000e-01 ; 7.3105002e+01 ; 1.0399798e+02 
3.500e+01 ; 8.000e-01 ; 6.000e-01 ; 7.3109002e+01 ; 1.0399842e+02 
3.500e+01 ; 8.000e-01 ; 6.000e-01 ; 7.3117002e+01 ; 1.0399932e+02 
3.500e+01 ; 8.000e-01 ; 6.000e-01 ; 7.3133002e+01 ; 1.0400111e+02 
3.500e+01 ; 8.000e-01 ; 6.000e-01 ; 7.3165002e+01 ; 1.0400466e+02 
3.500e+01 ; 8.000e-01 ; 6.000e-01 ; 7.3229002e+01 ; 1.0401173e+02 
3.500e+01 ; 8.000e-01 ; 6.000e-01 ; 7.3357002e+01 ; 1.0402562e+02 
3.500e+01 ; 8.000e-01 ; 6.000e-01 ; 7.3613002e+01 ; 1.0405231e+02 
3.500e+01 ; 8.000e-01 ; 6.000e-01 ; 7.3950002e+01 ; 1.0408533e+02 
3.500e+01 ; 8.000e-01 ; 6.000e-01 ; 7.3950002e+01 ; 1.0408533e+02 
3.500e+01 ; 8.000e-01 ; 6.000e-01 ; 7.3951002e+01 ; 1.0408543e+02 
3.500e+01 ; 8.000e-01 ; 6.000e-01 ; 7.3952002e+01 ; 1.0408553e+02 
3.500e+01 ; 8.000e-01 ; 6.000e-01 ; 7.3953002e+01 ; 1.0408562e+02 
3.500e+01 ; 8.000e-01 ; 6.000e-01 ; 7.3955002e+01 ; 1.0408582e+02 
3.500e+01 ; 8.000e-01 ; 6.000e-01 ; 7.3959002e+01 ; 1.0408621e+02 
3.500e+01 ; 8.000e-01 ; 6.000e-01 ; 7.3967002e+01 ; 1.0408699e+02 
3.500e+01 ; 8.000e-01 ; 6.000e-01 ; 7.3983002e+01 ; 1.0408855e+02 
3.500e+01 ; 8.000e-01 ; 6.000e-01 ; 7.4015002e+01 ; 1.0409164e+02 
3.500e+01 ; 8.000e-01 ; 6.000e-01 ; 7.4079002e+01 ; 1.0409776e+02 
3.500e+01 ; 8.000e-01 ; 6.000e-01 ; 7.4207002e+01 ; 1.0410964e+02 
3.500e+01 ; 8.000e-01 ; 6.000e-01 ; 7.4463002e+01 ; 1.0413203e+02 
3.500e+01 ; 8.000e-01 ; 6.000e-01 ; 7.4800002e+01 ; 1.0415897e+02 
3.500e+01 ; 8.000e-01 ; 6.000e-01 ; 7.4800002e+01 ; 1.0415897e+02 
3.500e+01 ; 8.000e-01 ; 6.000e-01 ; 7.4801002e+01 ; 1.0415905e+02 
3.500e+01 ; 8.000e-01 ; 6.000e-01 ; 7.4802002e+01 ; 1.0415913e+02 
3.500e+01 ; 8.000e-01 ; 6.000e-01 ; 7.4803002e+01 ; 1.0415921e+02 
3.500e+01 ; 8.000e-01 ; 6.000e-01 ; 7.4805002e+01 ; 1.0415937e+02 
3.500e+01 ; 8.000e-01 ; 6.000e-01 ; 7.4809002e+01 ; 1.0415969e+02 
3.500e+01 ; 8.000e-01 ; 6.000e-01 ; 7.4817002e+01 ; 1.0416032e+02 
3.500e+01 ; 8.000e-01 ; 6.000e-01 ; 7.4833002e+01 ; 1.0416159e+02 
3.500e+01 ; 8.000e-01 ; 6.000e-01 ; 7.4865002e+01 ; 1.0416410e+02 
3.500e+01 ; 8.000e-01 ; 6.000e-01 ; 7.4929002e+01 ; 1.0416904e+02 
3.500e+01 ; 8.000e-01 ; 6.000e-01 ; 7.5057002e+01 ; 1.0417852e+02 
3.500e+01 ; 8.000e-01 ; 6.000e-01 ; 7.5313002e+01 ; 1.0419595e+02 
3.500e+01 ; 8.000e-01 ; 6.000e-01 ; 7.5650002e+01 ; 1.0421625e+02 
3.500e+01 ; 8.000e-01 ; 6.000e-01 ; 7.5650002e+01 ; 1.0421625e+02 
3.500e+01 ; 8.000e-01 ; 6.000e-01 ; 7.5651002e+01 ; 1.0421631e+02 
3.500e+01 ; 8.000e-01 ; 6.000e-01 ; 7.5652002e+01 ; 1.0421637e+02 
3.500e+01 ; 8.000e-01 ; 6.000e-01 ; 7.5653002e+01 ; 1.0421643e+02 
3.500e+01 ; 8.000e-01 ; 6.000e-01 ; 7.5655002e+01 ; 1.0421655e+02 
3.500e+01 ; 8.000e-01 ; 6.000e-01 ; 7.5659002e+01 ; 1.0421679e+02 
3.500e+01 ; 8.000e-01 ; 6.000e-01 ; 7.5667002e+01 ; 1.0421727e+02 
3.500e+01 ; 8.000e-01 ; 6.000e-01 ; 7.5683002e+01 ; 1.0421822e+02 
3.500e+01 ; 8.000e-01 ; 6.000e-01 ; 7.5715002e+01 ; 1.0422009e+02 
3.500e+01 ; 8.000e-01 ; 6.000e-01 ; 7.5779002e+01 ; 1.0422375e+02 
3.500e+01 ; 8.000e-01 ; 6.000e-01 ; 7.5907002e+01 ; 1.0423069e+02 
3.500e+01 ; 8.000e-01 ; 6.000e-01 ; 7.6163002e+01 ; 1.0424303e+02 
3.500e+01 ; 8.000e-01 ; 6.000e-01 ; 7.6500002e+01 ; 1.0425665e+02 
3.500e+01 ; 8.000e-01 ; 6.000e-01 ; 7.6500002e+01 ; 1.0425665e+02 
3.500e+01 ; 8.000e-01 ; 6.000e-01 ; 7.6501002e+01 ; 1.0425669e+02 
3.500e+01 ; 8.000e-01 ; 6.000e-01 ; 7.6502002e+01 ; 1.0425674e+02 
3.500e+01 ; 8.000e-01 ; 6.000e-01 ; 7.6503002e+01 ; 1.0425677e+02 
3.500e+01 ; 8.000e-01 ; 6.000e-01 ; 7.6505002e+01 ; 1.0425686e+02 
3.500e+01 ; 8.000e-01 ; 6.000e-01 ; 7.6509002e+01 ; 1.0425702e+02 
3.500e+01 ; 8.000e-01 ; 6.000e-01 ; 7.6517002e+01 ; 1.0425734e+02 
3.500e+01 ; 8.000e-01 ; 6.000e-01 ; 7.6533002e+01 ; 1.0425797e+02 
3.500e+01 ; 8.000e-01 ; 6.000e-01 ; 7.6565002e+01 ; 1.0425922e+02 
3.500e+01 ; 8.000e-01 ; 6.000e-01 ; 7.6629002e+01 ; 1.0426162e+02 
3.500e+01 ; 8.000e-01 ; 6.000e-01 ; 7.6757002e+01 ; 1.0426604e+02 
3.500e+01 ; 8.000e-01 ; 6.000e-01 ; 7.7013002e+01 ; 1.0427345e+02 
3.500e+01 ; 8.000e-01 ; 6.000e-01 ; 7.7350002e+01 ; 1.0428076e+02 
3.500e+01 ; 8.000e-01 ; 6.000e-01 ; 7.7350002e+01 ; 1.0428076e+02 
3.500e+01 ; 8.000e-01 ; 6.000e-01 ; 7.7351002e+01 ; 1.0428078e+02 
3.500e+01 ; 8.000e-01 ; 6.000e-01 ; 7.7352002e+01 ; 1.0428081e+02 
3.500e+01 ; 8.000e-01 ; 6.000e-01 ; 7.7353002e+01 ; 1.0428083e+02 
3.500e+01 ; 8.000e-01 ; 6.000e-01 ; 7.7355002e+01 ; 1.0428088e+02 
3.500e+01 ; 8.000e-01 ; 6.000e-01 ; 7.7359002e+01 ; 1.0428096e+02 
3.500e+01 ; 8.000e-01 ; 6.000e-01 ; 7.7367002e+01 ; 1.0428113e+02 
3.500e+01 ; 8.000e-01 ; 6.000e-01 ; 7.7383002e+01 ; 1.0428146e+02 
3.500e+01 ; 8.000e-01 ; 6.000e-01 ; 7.7415002e+01 ; 1.0428212e+02 
3.500e+01 ; 8.000e-01 ; 6.000e-01 ; 7.7479002e+01 ; 1.0428333e+02 
3.500e+01 ; 8.000e-01 ; 6.000e-01 ; 7.7607002e+01 ; 1.0428542e+02 
3.500e+01 ; 8.000e-01 ; 6.000e-01 ; 7.7863002e+01 ; 1.0428828e+02 
3.500e+01 ; 8.000e-01 ; 6.000e-01 ; 7.8200002e+01 ; 1.0428990e+02 
3.500e+01 ; 8.000e-01 ; 6.000e-01 ; 7.8200002e+01 ; 1.0428990e+02 
3.500e+01 ; 8.000e-01 ; 6.000e-01 ; 7.8201002e+01 ; 1.0428991e+02 
3.500e+01 ; 8.000e-01 ; 6.000e-01 ; 7.8202002e+01 ; 1.0428991e+02 
3.500e+01 ; 8.000e-01 ; 6.000e-01 ; 7.8203002e+01 ; 1.0428992e+02 
3.500e+01 ; 8.000e-01 ; 6.000e-01 ; 7.8205002e+01 ; 1.0428992e+02 
3.500e+01 ; 8.000e-01 ; 6.000e-01 ; 7.8209002e+01 ; 1.0428995e+02 
3.500e+01 ; 8.000e-01 ; 6.000e-01 ; 7.8217002e+01 ; 1.0428998e+02 
3.500e+01 ; 8.000e-01 ; 6.000e-01 ; 7.8233002e+01 ; 1.0429005e+02 
3.500e+01 ; 8.000e-01 ; 6.000e-01 ; 7.8265002e+01 ; 1.0429016e+02 
3.500e+01 ; 8.000e-01 ; 6.000e-01 ; 7.8329002e+01 ; 1.0429032e+02 
3.500e+01 ; 8.000e-01 ; 6.000e-01 ; 7.8457002e+01 ; 1.0429035e+02 
3.500e+01 ; 8.000e-01 ; 6.000e-01 ; 7.8713002e+01 ; 1.0428934e+02 
3.500e+01 ; 8.000e-01 ; 6.000e-01 ; 7.9050002e+01 ; 1.0428645e+02 
3.500e+01 ; 8.000e-01 ; 6.000e-01 ; 7.9050002e+01 ; 1.0428645e+02 
3.500e+01 ; 8.000e-01 ; 6.000e-01 ; 7.9051002e+01 ; 1.0428644e+02 
3.500e+01 ; 8.000e-01 ; 6.000e-01 ; 7.9052002e+01 ; 1.0428643e+02 
3.500e+01 ; 8.000e-01 ; 6.000e-01 ; 7.9053002e+01 ; 1.0428642e+02 
3.500e+01 ; 8.000e-01 ; 6.000e-01 ; 7.9055002e+01 ; 1.0428640e+02 
3.500e+01 ; 8.000e-01 ; 6.000e-01 ; 7.9059002e+01 ; 1.0428637e+02 
3.500e+01 ; 8.000e-01 ; 6.000e-01 ; 7.9067002e+01 ; 1.0428630e+02 
3.500e+01 ; 8.000e-01 ; 6.000e-01 ; 7.9083002e+01 ; 1.0428616e+02 
3.500e+01 ; 8.000e-01 ; 6.000e-01 ; 7.9115002e+01 ; 1.0428585e+02 
3.500e+01 ; 8.000e-01 ; 6.000e-01 ; 7.9179002e+01 ; 1.0428519e+02 
3.500e+01 ; 8.000e-01 ; 6.000e-01 ; 7.9307002e+01 ; 1.0428368e+02 
3.500e+01 ; 8.000e-01 ; 6.000e-01 ; 7.9563002e+01 ; 1.0428001e+02 
3.500e+01 ; 8.000e-01 ; 6.000e-01 ; 7.9900002e+01 ; 1.0427441e+02 
3.500e+01 ; 8.000e-01 ; 6.000e-01 ; 7.9900002e+01 ; 1.0427441e+02 
3.500e+01 ; 8.000e-01 ; 6.000e-01 ; 7.9901002e+01 ; 1.0427440e+02 
3.500e+01 ; 8.000e-01 ; 6.000e-01 ; 7.9902002e+01 ; 1.0427438e+02 
3.500e+01 ; 8.000e-01 ; 6.000e-01 ; 7.9903002e+01 ; 1.0427436e+02 
3.500e+01 ; 8.000e-01 ; 6.000e-01 ; 7.9905002e+01 ; 1.0427433e+02 
3.500e+01 ; 8.000e-01 ; 6.000e-01 ; 7.9909002e+01 ; 1.0427426e+02 
3.500e+01 ; 8.000e-01 ; 6.000e-01 ; 7.9917002e+01 ; 1.0427413e+02 
3.500e+01 ; 8.000e-01 ; 6.000e-01 ; 7.9933002e+01 ; 1.0427386e+02 
3.500e+01 ; 8.000e-01 ; 6.000e-01 ; 7.9965002e+01 ; 1.0427332e+02 
3.500e+01 ; 8.000e-01 ; 6.000e-01 ; 8.0029002e+01 ; 1.0427220e+02 
3.500e+01 ; 8.000e-01 ; 6.000e-01 ; 8.0157002e+01 ; 1.0426991e+02 
3.500e+01 ; 8.000e-01 ; 6.000e-01 ; 8.0413002e+01 ; 1.0426515e+02 
3.500e+01 ; 8.000e-01 ; 6.000e-01 ; 8.0750002e+01 ; 1.0425894e+02 
3.500e+01 ; 8.000e-01 ; 6.000e-01 ; 8.0750002e+01 ; 1.0425894e+02 
3.500e+01 ; 8.000e-01 ; 6.000e-01 ; 8.0751002e+01 ; 1.0425892e+02 
3.500e+01 ; 8.000e-01 ; 6.000e-01 ; 8.0752002e+01 ; 1.0425890e+02 
3.500e+01 ; 8.000e-01 ; 6.000e-01 ; 8.0753002e+01 ; 1.0425889e+02 
3.500e+01 ; 8.000e-01 ; 6.000e-01 ; 8.0755002e+01 ; 1.0425885e+02 
3.500e+01 ; 8.000e-01 ; 6.000e-01 ; 8.0759002e+01 ; 1.0425877e+02 
3.500e+01 ; 8.000e-01 ; 6.000e-01 ; 8.0767002e+01 ; 1.0425863e+02 
3.500e+01 ; 8.000e-01 ; 6.000e-01 ; 8.0783002e+01 ; 1.0425833e+02 
3.500e+01 ; 8.000e-01 ; 6.000e-01 ; 8.0815002e+01 ; 1.0425774e+02 
3.500e+01 ; 8.000e-01 ; 6.000e-01 ; 8.0879002e+01 ; 1.0425658e+02 
3.500e+01 ; 8.000e-01 ; 6.000e-01 ; 8.1007002e+01 ; 1.0425427e+02 
3.500e+01 ; 8.000e-01 ; 6.000e-01 ; 8.1263002e+01 ; 1.0424992e+02 
3.500e+01 ; 8.000e-01 ; 6.000e-01 ; 8.1600002e+01 ; 1.0424485e+02 
3.500e+01 ; 8.000e-01 ; 6.000e-01 ; 8.1600002e+01 ; 1.0424485e+02 
3.500e+01 ; 8.000e-01 ; 6.000e-01 ; 8.1601002e+01 ; 1.0424483e+02 
3.500e+01 ; 8.000e-01 ; 6.000e-01 ; 8.1602002e+01 ; 1.0424482e+02 
3.500e+01 ; 8.000e-01 ; 6.000e-01 ; 8.1603002e+01 ; 1.0424480e+02 
3.500e+01 ; 8.000e-01 ; 6.000e-01 ; 8.1605002e+01 ; 1.0424477e+02 
3.500e+01 ; 8.000e-01 ; 6.000e-01 ; 8.1609002e+01 ; 1.0424471e+02 
3.500e+01 ; 8.000e-01 ; 6.000e-01 ; 8.1617002e+01 ; 1.0424459e+02 
3.500e+01 ; 8.000e-01 ; 6.000e-01 ; 8.1633002e+01 ; 1.0424435e+02 
3.500e+01 ; 8.000e-01 ; 6.000e-01 ; 8.1665002e+01 ; 1.0424388e+02 
3.500e+01 ; 8.000e-01 ; 6.000e-01 ; 8.1729002e+01 ; 1.0424297e+02 
3.500e+01 ; 8.000e-01 ; 6.000e-01 ; 8.1857002e+01 ; 1.0424125e+02 
3.500e+01 ; 8.000e-01 ; 6.000e-01 ; 8.2113002e+01 ; 1.0423830e+02 
3.500e+01 ; 8.000e-01 ; 6.000e-01 ; 8.2450002e+01 ; 1.0423533e+02 
3.500e+01 ; 8.000e-01 ; 6.000e-01 ; 8.2450002e+01 ; 1.0423533e+02 
3.500e+01 ; 8.000e-01 ; 6.000e-01 ; 8.2451002e+01 ; 1.0423531e+02 
3.500e+01 ; 8.000e-01 ; 6.000e-01 ; 8.2452002e+01 ; 1.0423531e+02 
3.500e+01 ; 8.000e-01 ; 6.000e-01 ; 8.2453002e+01 ; 1.0423530e+02 
3.500e+01 ; 8.000e-01 ; 6.000e-01 ; 8.2455002e+01 ; 1.0423528e+02 
3.500e+01 ; 8.000e-01 ; 6.000e-01 ; 8.2459002e+01 ; 1.0423524e+02 
3.500e+01 ; 8.000e-01 ; 6.000e-01 ; 8.2467002e+01 ; 1.0423518e+02 
3.500e+01 ; 8.000e-01 ; 6.000e-01 ; 8.2483002e+01 ; 1.0423504e+02 
3.500e+01 ; 8.000e-01 ; 6.000e-01 ; 8.2515002e+01 ; 1.0423477e+02 
3.500e+01 ; 8.000e-01 ; 6.000e-01 ; 8.2579002e+01 ; 1.0423427e+02 
3.500e+01 ; 8.000e-01 ; 6.000e-01 ; 8.2707002e+01 ; 1.0423340e+02 
3.500e+01 ; 8.000e-01 ; 6.000e-01 ; 8.2963002e+01 ; 1.0423217e+02 
3.500e+01 ; 8.000e-01 ; 6.000e-01 ; 8.3300002e+01 ; 1.0423135e+02 
3.500e+01 ; 8.000e-01 ; 6.000e-01 ; 8.3300002e+01 ; 1.0423135e+02 
3.500e+01 ; 8.000e-01 ; 6.000e-01 ; 8.3301002e+01 ; 1.0423135e+02 
3.500e+01 ; 8.000e-01 ; 6.000e-01 ; 8.3302002e+01 ; 1.0423135e+02 
3.500e+01 ; 8.000e-01 ; 6.000e-01 ; 8.3303002e+01 ; 1.0423135e+02 
3.500e+01 ; 8.000e-01 ; 6.000e-01 ; 8.3305002e+01 ; 1.0423134e+02 
3.500e+01 ; 8.000e-01 ; 6.000e-01 ; 8.3309002e+01 ; 1.0423133e+02 
3.500e+01 ; 8.000e-01 ; 6.000e-01 ; 8.3317002e+01 ; 1.0423131e+02 
3.500e+01 ; 8.000e-01 ; 6.000e-01 ; 8.3333002e+01 ; 1.0423128e+02 
3.500e+01 ; 8.000e-01 ; 6.000e-01 ; 8.3365002e+01 ; 1.0423121e+02 
3.500e+01 ; 8.000e-01 ; 6.000e-01 ; 8.3429002e+01 ; 1.0423112e+02 
3.500e+01 ; 8.000e-01 ; 6.000e-01 ; 8.3557002e+01 ; 1.0423102e+02 
3.500e+01 ; 8.000e-01 ; 6.000e-01 ; 8.3813002e+01 ; 1.0423119e+02 
3.500e+01 ; 8.000e-01 ; 6.000e-01 ; 8.4150002e+01 ; 1.0423189e+02 
3.500e+01 ; 8.000e-01 ; 6.000e-01 ; 8.4150002e+01 ; 1.0423189e+02 
3.500e+01 ; 8.000e-01 ; 6.000e-01 ; 8.4151002e+01 ; 1.0423189e+02 
3.500e+01 ; 8.000e-01 ; 6.000e-01 ; 8.4152002e+01 ; 1.0423190e+02 
3.500e+01 ; 8.000e-01 ; 6.000e-01 ; 8.4153002e+01 ; 1.0423190e+02 
3.500e+01 ; 8.000e-01 ; 6.000e-01 ; 8.4155002e+01 ; 1.0423190e+02 
3.500e+01 ; 8.000e-01 ; 6.000e-01 ; 8.4159002e+01 ; 1.0423190e+02 
3.500e+01 ; 8.000e-01 ; 6.000e-01 ; 8.4167002e+01 ; 1.0423193e+02 
3.500e+01 ; 8.000e-01 ; 6.000e-01 ; 8.4183002e+01 ; 1.0423196e+02 
3.500e+01 ; 8.000e-01 ; 6.000e-01 ; 8.4215002e+01 ; 1.0423203e+02 
3.500e+01 ; 8.000e-01 ; 6.000e-01 ; 8.4279002e+01 ; 1.0423219e+02 
3.500e+01 ; 8.000e-01 ; 6.000e-01 ; 8.4407002e+01 ; 1.0423257e+02 
3.500e+01 ; 8.000e-01 ; 6.000e-01 ; 8.4663002e+01 ; 1.0423343e+02 
3.500e+01 ; 8.000e-01 ; 6.000e-01 ; 8.5000002e+01 ; 1.0423456e+02 
3.500e+01 ; 8.000e-01 ; 6.000e-01 ; 8.5000002e+01 ; 1.0423456e+02 
3.500e+01 ; 8.000e-01 ; 6.000e-01 ; 8.5001002e+01 ; 1.0423457e+02 
3.500e+01 ; 8.000e-01 ; 6.000e-01 ; 8.5002002e+01 ; 1.0423457e+02 
3.500e+01 ; 8.000e-01 ; 6.000e-01 ; 8.5003002e+01 ; 1.0423457e+02 
3.500e+01 ; 8.000e-01 ; 6.000e-01 ; 8.5005002e+01 ; 1.0423458e+02 
3.500e+01 ; 8.000e-01 ; 6.000e-01 ; 8.5009002e+01 ; 1.0423459e+02 
3.500e+01 ; 8.000e-01 ; 6.000e-01 ; 8.5017002e+01 ; 1.0423462e+02 
3.500e+01 ; 8.000e-01 ; 6.000e-01 ; 8.5033002e+01 ; 1.0423467e+02 
3.500e+01 ; 8.000e-01 ; 6.000e-01 ; 8.5065002e+01 ; 1.0423478e+02 
3.500e+01 ; 8.000e-01 ; 6.000e-01 ; 8.5129002e+01 ; 1.0423499e+02 
3.500e+01 ; 8.000e-01 ; 6.000e-01 ; 8.5257002e+01 ; 1.0423540e+02 
3.500e+01 ; 8.000e-01 ; 6.000e-01 ; 8.5513002e+01 ; 1.0423605e+02 
3.500e+01 ; 8.000e-01 ; 6.000e-01 ; 8.5850002e+01 ; 1.0423643e+02 
3.500e+01 ; 8.000e-01 ; 6.000e-01 ; 8.5850002e+01 ; 1.0423643e+02 
3.500e+01 ; 8.000e-01 ; 6.000e-01 ; 8.5851002e+01 ; 1.0423643e+02 
3.500e+01 ; 8.000e-01 ; 6.000e-01 ; 8.5852002e+01 ; 1.0423643e+02 
3.500e+01 ; 8.000e-01 ; 6.000e-01 ; 8.5853002e+01 ; 1.0423643e+02 
3.500e+01 ; 8.000e-01 ; 6.000e-01 ; 8.5855002e+01 ; 1.0423643e+02 
3.500e+01 ; 8.000e-01 ; 6.000e-01 ; 8.5859002e+01 ; 1.0423644e+02 
3.500e+01 ; 8.000e-01 ; 6.000e-01 ; 8.5867002e+01 ; 1.0423645e+02 
3.500e+01 ; 8.000e-01 ; 6.000e-01 ; 8.5883002e+01 ; 1.0423647e+02 
3.500e+01 ; 8.000e-01 ; 6.000e-01 ; 8.5915002e+01 ; 1.0423650e+02 
3.500e+01 ; 8.000e-01 ; 6.000e-01 ; 8.5979002e+01 ; 1.0423653e+02 
3.500e+01 ; 8.000e-01 ; 6.000e-01 ; 8.6107002e+01 ; 1.0423652e+02 
3.500e+01 ; 8.000e-01 ; 6.000e-01 ; 8.6363002e+01 ; 1.0423608e+02 
3.500e+01 ; 8.000e-01 ; 6.000e-01 ; 8.6700002e+01 ; 1.0423463e+02 
3.500e+01 ; 8.000e-01 ; 6.000e-01 ; 8.6700002e+01 ; 1.0423463e+02 
3.500e+01 ; 8.000e-01 ; 6.000e-01 ; 8.6701002e+01 ; 1.0423463e+02 
3.500e+01 ; 8.000e-01 ; 6.000e-01 ; 8.6702002e+01 ; 1.0423463e+02 
3.500e+01 ; 8.000e-01 ; 6.000e-01 ; 8.6703002e+01 ; 1.0423462e+02 
3.500e+01 ; 8.000e-01 ; 6.000e-01 ; 8.6705002e+01 ; 1.0423461e+02 
3.500e+01 ; 8.000e-01 ; 6.000e-01 ; 8.6709002e+01 ; 1.0423460e+02 
3.500e+01 ; 8.000e-01 ; 6.000e-01 ; 8.6717002e+01 ; 1.0423456e+02 
3.500e+01 ; 8.000e-01 ; 6.000e-01 ; 8.6733002e+01 ; 1.0423449e+02 
3.500e+01 ; 8.000e-01 ; 6.000e-01 ; 8.6765002e+01 ; 1.0423434e+02 
3.500e+01 ; 8.000e-01 ; 6.000e-01 ; 8.6829002e+01 ; 1.0423399e+02 
3.500e+01 ; 8.000e-01 ; 6.000e-01 ; 8.6957002e+01 ; 1.0423318e+02 
3.500e+01 ; 8.000e-01 ; 6.000e-01 ; 8.7213002e+01 ; 1.0423093e+02 
3.500e+01 ; 8.000e-01 ; 6.000e-01 ; 8.7550002e+01 ; 1.0422680e+02 
3.500e+01 ; 8.000e-01 ; 6.000e-01 ; 8.7550002e+01 ; 1.0422680e+02 
3.500e+01 ; 8.000e-01 ; 6.000e-01 ; 8.7551002e+01 ; 1.0422678e+02 
3.500e+01 ; 8.000e-01 ; 6.000e-01 ; 8.7552002e+01 ; 1.0422677e+02 
3.500e+01 ; 8.000e-01 ; 6.000e-01 ; 8.7553002e+01 ; 1.0422676e+02 
3.500e+01 ; 8.000e-01 ; 6.000e-01 ; 8.7555002e+01 ; 1.0422673e+02 
3.500e+01 ; 8.000e-01 ; 6.000e-01 ; 8.7559002e+01 ; 1.0422668e+02 
3.500e+01 ; 8.000e-01 ; 6.000e-01 ; 8.7567002e+01 ; 1.0422659e+02 
3.500e+01 ; 8.000e-01 ; 6.000e-01 ; 8.7583002e+01 ; 1.0422639e+02 
3.500e+01 ; 8.000e-01 ; 6.000e-01 ; 8.7615002e+01 ; 1.0422597e+02 
3.500e+01 ; 8.000e-01 ; 6.000e-01 ; 8.7679002e+01 ; 1.0422510e+02 
3.500e+01 ; 8.000e-01 ; 6.000e-01 ; 8.7807002e+01 ; 1.0422318e+02 
3.500e+01 ; 8.000e-01 ; 6.000e-01 ; 8.8063002e+01 ; 1.0421860e+02 
3.500e+01 ; 8.000e-01 ; 6.000e-01 ; 8.8400002e+01 ; 1.0421120e+02 
3.500e+01 ; 8.000e-01 ; 6.000e-01 ; 8.8400002e+01 ; 1.0421120e+02 
3.500e+01 ; 8.000e-01 ; 6.000e-01 ; 8.8401002e+01 ; 1.0421119e+02 
3.500e+01 ; 8.000e-01 ; 6.000e-01 ; 8.8402002e+01 ; 1.0421117e+02 
3.500e+01 ; 8.000e-01 ; 6.000e-01 ; 8.8403002e+01 ; 1.0421114e+02 
3.500e+01 ; 8.000e-01 ; 6.000e-01 ; 8.8405002e+01 ; 1.0421110e+02 
3.500e+01 ; 8.000e-01 ; 6.000e-01 ; 8.8409002e+01 ; 1.0421101e+02 
3.500e+01 ; 8.000e-01 ; 6.000e-01 ; 8.8417002e+01 ; 1.0421083e+02 
3.500e+01 ; 8.000e-01 ; 6.000e-01 ; 8.8433002e+01 ; 1.0421048e+02 
3.500e+01 ; 8.000e-01 ; 6.000e-01 ; 8.8465002e+01 ; 1.0420975e+02 
3.500e+01 ; 8.000e-01 ; 6.000e-01 ; 8.8529002e+01 ; 1.0420824e+02 
3.500e+01 ; 8.000e-01 ; 6.000e-01 ; 8.8657002e+01 ; 1.0420504e+02 
3.500e+01 ; 8.000e-01 ; 6.000e-01 ; 8.8913002e+01 ; 1.0419781e+02 
3.500e+01 ; 8.000e-01 ; 6.000e-01 ; 8.9250003e+01 ; 1.0418687e+02 
3.500e+01 ; 8.000e-01 ; 6.000e-01 ; 8.9250003e+01 ; 1.0418687e+02 
3.500e+01 ; 8.000e-01 ; 6.000e-01 ; 8.9251003e+01 ; 1.0418684e+02 
3.500e+01 ; 8.000e-01 ; 6.000e-01 ; 8.9252003e+01 ; 1.0418681e+02 
3.500e+01 ; 8.000e-01 ; 6.000e-01 ; 8.9253003e+01 ; 1.0418677e+02 
3.500e+01 ; 8.000e-01 ; 6.000e-01 ; 8.9255003e+01 ; 1.0418671e+02 
3.500e+01 ; 8.000e-01 ; 6.000e-01 ; 8.9259003e+01 ; 1.0418658e+02 
3.500e+01 ; 8.000e-01 ; 6.000e-01 ; 8.9267003e+01 ; 1.0418632e+02 
3.500e+01 ; 8.000e-01 ; 6.000e-01 ; 8.9283003e+01 ; 1.0418579e+02 
3.500e+01 ; 8.000e-01 ; 6.000e-01 ; 8.9315003e+01 ; 1.0418472e+02 
3.500e+01 ; 8.000e-01 ; 6.000e-01 ; 8.9379002e+01 ; 1.0418254e+02 
3.500e+01 ; 8.000e-01 ; 6.000e-01 ; 8.9507003e+01 ; 1.0417796e+02 
3.500e+01 ; 8.000e-01 ; 6.000e-01 ; 8.9763003e+01 ; 1.0416798e+02 
3.500e+01 ; 8.000e-01 ; 6.000e-01 ; 9.0100003e+01 ; 1.0415340e+02 
3.500e+01 ; 8.000e-01 ; 6.000e-01 ; 9.0100003e+01 ; 1.0415340e+02 
3.500e+01 ; 8.000e-01 ; 6.000e-01 ; 9.0110003e+01 ; 1.0415297e+02 
3.500e+01 ; 8.000e-01 ; 6.000e-01 ; 9.0120003e+01 ; 1.0415253e+02 
3.500e+01 ; 8.000e-01 ; 6.000e-01 ; 9.0130003e+01 ; 1.0415210e+02 
3.500e+01 ; 8.000e-01 ; 6.000e-01 ; 9.0150003e+01 ; 1.0415122e+02 
3.500e+01 ; 8.000e-01 ; 6.000e-01 ; 9.0190003e+01 ; 1.0414944e+02 
3.500e+01 ; 8.000e-01 ; 6.000e-01 ; 9.0270003e+01 ; 1.0414581e+02 
3.500e+01 ; 8.000e-01 ; 6.000e-01 ; 9.0430003e+01 ; 1.0413823e+02 
3.500e+01 ; 8.000e-01 ; 6.000e-01 ; 9.0750003e+01 ; 1.0412182e+02 
3.500e+01 ; 8.000e-01 ; 6.000e-01 ; 9.1390002e+01 ; 1.0408428e+02 
3.500e+01 ; 8.000e-01 ; 6.000e-01 ; 9.2670002e+01 ; 1.0399335e+02 
3.500e+01 ; 8.000e-01 ; 6.000e-01 ; 9.4590002e+01 ; 1.0383170e+02 
3.500e+01 ; 8.000e-01 ; 6.000e-01 ; 9.5100003e+01 ; 1.0378718e+02