X ; Y ; Z ; time ; Temperature 
3.500e+01 ; 9.600e+00 ; 1.200e+00 ; 0.0000000e+00 ; 2.2700000e+02 
3.500e+01 ; 9.600e+00 ; 1.200e+00 ; 1.0000000e-03 ; 2.2700000e+02 
3.500e+01 ; 9.600e+00 ; 1.200e+00 ; 2.0000001e-03 ; 2.2700000e+02 
3.500e+01 ; 9.600e+00 ; 1.200e+00 ; 3.0000000e-03 ; 2.2700000e+02 
3.500e+01 ; 9.600e+00 ; 1.200e+00 ; 4.9999999e-03 ; 2.2700000e+02 
3.500e+01 ; 9.600e+00 ; 1.200e+00 ; 8.9999996e-03 ; 2.2700000e+02 
3.500e+01 ; 9.600e+00 ; 1.200e+00 ; 1.7000001e-02 ; 2.2700000e+02 
3.500e+01 ; 9.600e+00 ; 1.200e+00 ; 3.3000000e-02 ; 2.2700000e+02 
3.500e+01 ; 9.600e+00 ; 1.200e+00 ; 6.4999998e-02 ; 2.2700000e+02 
3.500e+01 ; 9.600e+00 ; 1.200e+00 ; 1.2899999e-01 ; 2.2700000e+02 
3.500e+01 ; 9.600e+00 ; 1.200e+00 ; 2.5700000e-01 ; 2.2700000e+02 
3.500e+01 ; 9.600e+00 ; 1.200e+00 ; 5.1300001e-01 ; 2.2700000e+02 
3.500e+01 ; 9.600e+00 ; 1.200e+00 ; 7.6899999e-01 ; 2.2700000e+02 
3.500e+01 ; 9.600e+00 ; 1.200e+00 ; 8.5000002e-01 ; 2.2700000e+02 
3.500e+01 ; 9.600e+00 ; 1.200e+00 ; 8.5000002e-01 ; 2.2700000e+02 
3.500e+01 ; 9.600e+00 ; 1.200e+00 ; 8.5100002e-01 ; 2.2700000e+02 
3.500e+01 ; 9.600e+00 ; 1.200e+00 ; 8.5200002e-01 ; 2.2700000e+02 
3.500e+01 ; 9.600e+00 ; 1.200e+00 ; 8.5300002e-01 ; 2.2700000e+02 
3.500e+01 ; 9.600e+00 ; 1.200e+00 ; 8.5500002e-01 ; 2.2700000e+02 
3.500e+01 ; 9.600e+00 ; 1.200e+00 ; 8.5900002e-01 ; 2.2700000e+02 
3.500e+01 ; 9.600e+00 ; 1.200e+00 ; 8.6700002e-01 ; 2.2700000e+02 
3.500e+01 ; 9.600e+00 ; 1.200e+00 ; 8.8300002e-01 ; 2.2700000e+02 
3.500e+01 ; 9.600e+00 ; 1.200e+00 ; 9.1500002e-01 ; 2.2700000e+02 
3.500e+01 ; 9.600e+00 ; 1.200e+00 ; 9.7900002e-01 ; 2.2700000e+02 
3.500e+01 ; 9.600e+00 ; 1.200e+00 ; 1.1070000e+00 ; 2.2700000e+02 
3.500e+01 ; 9.600e+00 ; 1.200e+00 ; 1.3630000e+00 ; 2.2700000e+02 
3.500e+01 ; 9.600e+00 ; 1.200e+00 ; 1.7000000e+00 ; 2.2700000e+02 
3.500e+01 ; 9.600e+00 ; 1.200e+00 ; 1.7000000e+00 ; 2.2700000e+02 
3.500e+01 ; 9.600e+00 ; 1.200e+00 ; 1.7010000e+00 ; 2.2700000e+02 
3.500e+01 ; 9.600e+00 ; 1.200e+00 ; 1.7020000e+00 ; 2.2700000e+02 
3.500e+01 ; 9.600e+00 ; 1.200e+00 ; 1.7030000e+00 ; 2.2700000e+02 
3.500e+01 ; 9.600e+00 ; 1.200e+00 ; 1.7050000e+00 ; 2.2700000e+02 
3.500e+01 ; 9.600e+00 ; 1.200e+00 ; 1.7090000e+00 ; 2.2700000e+02 
3.500e+01 ; 9.600e+00 ; 1.200e+00 ; 1.7170000e+00 ; 2.2700000e+02 
3.500e+01 ; 9.600e+00 ; 1.200e+00 ; 1.7330000e+00 ; 2.2700000e+02 
3.500e+01 ; 9.600e+00 ; 1.200e+00 ; 1.7650000e+00 ; 2.2700000e+02 
3.500e+01 ; 9.600e+00 ; 1.200e+00 ; 1.8290000e+00 ; 2.2700000e+02 
3.500e+01 ; 9.600e+00 ; 1.200e+00 ; 1.9570000e+00 ; 2.2700000e+02 
3.500e+01 ; 9.600e+00 ; 1.200e+00 ; 2.2130001e+00 ; 2.2700000e+02 
3.500e+01 ; 9.600e+00 ; 1.200e+00 ; 2.5500001e+00 ; 2.2700000e+02 
3.500e+01 ; 9.600e+00 ; 1.200e+00 ; 2.5500001e+00 ; 2.2700000e+02 
3.500e+01 ; 9.600e+00 ; 1.200e+00 ; 2.5510001e+00 ; 2.2700000e+02 
3.500e+01 ; 9.600e+00 ; 1.200e+00 ; 2.5520001e+00 ; 2.2700000e+02 
3.500e+01 ; 9.600e+00 ; 1.200e+00 ; 2.5530001e+00 ; 2.2700000e+02 
3.500e+01 ; 9.600e+00 ; 1.200e+00 ; 2.5550001e+00 ; 2.2700000e+02 
3.500e+01 ; 9.600e+00 ; 1.200e+00 ; 2.5590001e+00 ; 2.2700000e+02 
3.500e+01 ; 9.600e+00 ; 1.200e+00 ; 2.5670001e+00 ; 2.2700000e+02 
3.500e+01 ; 9.600e+00 ; 1.200e+00 ; 2.5830001e+00 ; 2.2700000e+02 
3.500e+01 ; 9.600e+00 ; 1.200e+00 ; 2.6150001e+00 ; 2.2700000e+02 
3.500e+01 ; 9.600e+00 ; 1.200e+00 ; 2.6790001e+00 ; 2.2700000e+02 
3.500e+01 ; 9.600e+00 ; 1.200e+00 ; 2.8070001e+00 ; 2.2700000e+02 
3.500e+01 ; 9.600e+00 ; 1.200e+00 ; 3.0630001e+00 ; 2.2700000e+02 
3.500e+01 ; 9.600e+00 ; 1.200e+00 ; 3.4000001e+00 ; 2.2700000e+02 
3.500e+01 ; 9.600e+00 ; 1.200e+00 ; 3.4000001e+00 ; 2.2700000e+02 
3.500e+01 ; 9.600e+00 ; 1.200e+00 ; 3.4010001e+00 ; 2.2700000e+02 
3.500e+01 ; 9.600e+00 ; 1.200e+00 ; 3.4020001e+00 ; 2.2700000e+02 
3.500e+01 ; 9.600e+00 ; 1.200e+00 ; 3.4030001e+00 ; 2.2700000e+02 
3.500e+01 ; 9.600e+00 ; 1.200e+00 ; 3.4050001e+00 ; 2.2700000e+02 
3.500e+01 ; 9.600e+00 ; 1.200e+00 ; 3.4090001e+00 ; 2.2700000e+02 
3.500e+01 ; 9.600e+00 ; 1.200e+00 ; 3.4170001e+00 ; 2.2700000e+02 
3.500e+01 ; 9.600e+00 ; 1.200e+00 ; 3.4330001e+00 ; 2.2700000e+02 
3.500e+01 ; 9.600e+00 ; 1.200e+00 ; 3.4650001e+00 ; 2.2700000e+02 
3.500e+01 ; 9.600e+00 ; 1.200e+00 ; 3.5290001e+00 ; 2.2700000e+02 
3.500e+01 ; 9.600e+00 ; 1.200e+00 ; 3.6570001e+00 ; 2.2700000e+02 
3.500e+01 ; 9.600e+00 ; 1.200e+00 ; 3.9130001e+00 ; 2.2700000e+02 
3.500e+01 ; 9.600e+00 ; 1.200e+00 ; 4.2500001e+00 ; 2.2700000e+02 
3.500e+01 ; 9.600e+00 ; 1.200e+00 ; 4.2500001e+00 ; 2.2700000e+02 
3.500e+01 ; 9.600e+00 ; 1.200e+00 ; 4.2510001e+00 ; 2.2700000e+02 
3.500e+01 ; 9.600e+00 ; 1.200e+00 ; 4.2520001e+00 ; 2.2700000e+02 
3.500e+01 ; 9.600e+00 ; 1.200e+00 ; 4.2530001e+00 ; 2.2700000e+02 
3.500e+01 ; 9.600e+00 ; 1.200e+00 ; 4.2550001e+00 ; 2.2700000e+02 
3.500e+01 ; 9.600e+00 ; 1.200e+00 ; 4.2590001e+00 ; 2.2700000e+02 
3.500e+01 ; 9.600e+00 ; 1.200e+00 ; 4.2670001e+00 ; 2.2700000e+02 
3.500e+01 ; 9.600e+00 ; 1.200e+00 ; 4.2830001e+00 ; 2.2700000e+02 
3.500e+01 ; 9.600e+00 ; 1.200e+00 ; 4.3150001e+00 ; 2.2700000e+02 
3.500e+01 ; 9.600e+00 ; 1.200e+00 ; 4.3790001e+00 ; 2.2700000e+02 
3.500e+01 ; 9.600e+00 ; 1.200e+00 ; 4.5070001e+00 ; 2.2700000e+02 
3.500e+01 ; 9.600e+00 ; 1.200e+00 ; 4.7630001e+00 ; 2.2700000e+02 
3.500e+01 ; 9.600e+00 ; 1.200e+00 ; 5.1000001e+00 ; 2.2700000e+02 
3.500e+01 ; 9.600e+00 ; 1.200e+00 ; 5.1000001e+00 ; 2.2700000e+02 
3.500e+01 ; 9.600e+00 ; 1.200e+00 ; 5.1010001e+00 ; 2.2700000e+02 
3.500e+01 ; 9.600e+00 ; 1.200e+00 ; 5.1020001e+00 ; 2.2700000e+02 
3.500e+01 ; 9.600e+00 ; 1.200e+00 ; 5.1030001e+00 ; 2.2700000e+02 
3.500e+01 ; 9.600e+00 ; 1.200e+00 ; 5.1050001e+00 ; 2.2700000e+02 
3.500e+01 ; 9.600e+00 ; 1.200e+00 ; 5.1090001e+00 ; 2.2700000e+02 
3.500e+01 ; 9.600e+00 ; 1.200e+00 ; 5.1170001e+00 ; 2.2700000e+02 
3.500e+01 ; 9.600e+00 ; 1.200e+00 ; 5.1330001e+00 ; 2.2700000e+02 
3.500e+01 ; 9.600e+00 ; 1.200e+00 ; 5.1650001e+00 ; 2.2700000e+02 
3.500e+01 ; 9.600e+00 ; 1.200e+00 ; 5.2290001e+00 ; 2.2700000e+02 
3.500e+01 ; 9.600e+00 ; 1.200e+00 ; 5.3570001e+00 ; 2.2700000e+02 
3.500e+01 ; 9.600e+00 ; 1.200e+00 ; 5.6130002e+00 ; 2.2700000e+02 
3.500e+01 ; 9.600e+00 ; 1.200e+00 ; 5.9500002e+00 ; 2.2700000e+02 
3.500e+01 ; 9.600e+00 ; 1.200e+00 ; 5.9500002e+00 ; 2.2700000e+02 
3.500e+01 ; 9.600e+00 ; 1.200e+00 ; 5.9510002e+00 ; 2.2700000e+02 
3.500e+01 ; 9.600e+00 ; 1.200e+00 ; 5.9520002e+00 ; 2.2700000e+02 
3.500e+01 ; 9.600e+00 ; 1.200e+00 ; 5.9530002e+00 ; 2.2700000e+02 
3.500e+01 ; 9.600e+00 ; 1.200e+00 ; 5.9550002e+00 ; 2.2700000e+02 
3.500e+01 ; 9.600e+00 ; 1.200e+00 ; 5.9590002e+00 ; 2.2700000e+02 
3.500e+01 ; 9.600e+00 ; 1.200e+00 ; 5.9670002e+00 ; 2.2700000e+02 
3.500e+01 ; 9.600e+00 ; 1.200e+00 ; 5.9830002e+00 ; 2.2700000e+02 
3.500e+01 ; 9.600e+00 ; 1.200e+00 ; 6.0150002e+00 ; 2.2700000e+02 
3.500e+01 ; 9.600e+00 ; 1.200e+00 ; 6.0790002e+00 ; 2.2700000e+02 
3.500e+01 ; 9.600e+00 ; 1.200e+00 ; 6.2070002e+00 ; 2.2700000e+02 
3.500e+01 ; 9.600e+00 ; 1.200e+00 ; 6.4630002e+00 ; 2.2700000e+02 
3.500e+01 ; 9.600e+00 ; 1.200e+00 ; 6.8000002e+00 ; 2.2700000e+02 
3.500e+01 ; 9.600e+00 ; 1.200e+00 ; 6.8000002e+00 ; 2.2700000e+02 
3.500e+01 ; 9.600e+00 ; 1.200e+00 ; 6.8010002e+00 ; 2.2700000e+02 
3.500e+01 ; 9.600e+00 ; 1.200e+00 ; 6.8020002e+00 ; 2.2700000e+02 
3.500e+01 ; 9.600e+00 ; 1.200e+00 ; 6.8030002e+00 ; 2.2700000e+02 
3.500e+01 ; 9.600e+00 ; 1.200e+00 ; 6.8050002e+00 ; 2.2700000e+02 
3.500e+01 ; 9.600e+00 ; 1.200e+00 ; 6.8090002e+00 ; 2.2700000e+02 
3.500e+01 ; 9.600e+00 ; 1.200e+00 ; 6.8170002e+00 ; 2.2700000e+02 
3.500e+01 ; 9.600e+00 ; 1.200e+00 ; 6.8330002e+00 ; 2.2700000e+02 
3.500e+01 ; 9.600e+00 ; 1.200e+00 ; 6.8650002e+00 ; 2.2700000e+02 
3.500e+01 ; 9.600e+00 ; 1.200e+00 ; 6.9290002e+00 ; 2.2700000e+02 
3.500e+01 ; 9.600e+00 ; 1.200e+00 ; 7.0570002e+00 ; 2.2700000e+02 
3.500e+01 ; 9.600e+00 ; 1.200e+00 ; 7.3130002e+00 ; 2.2700000e+02 
3.500e+01 ; 9.600e+00 ; 1.200e+00 ; 7.6500002e+00 ; 2.2700000e+02 
3.500e+01 ; 9.600e+00 ; 1.200e+00 ; 7.6500002e+00 ; 2.2700000e+02 
3.500e+01 ; 9.600e+00 ; 1.200e+00 ; 7.6510002e+00 ; 2.2700000e+02 
3.500e+01 ; 9.600e+00 ; 1.200e+00 ; 7.6520002e+00 ; 2.2700000e+02 
3.500e+01 ; 9.600e+00 ; 1.200e+00 ; 7.6530002e+00 ; 2.2700000e+02 
3.500e+01 ; 9.600e+00 ; 1.200e+00 ; 7.6550002e+00 ; 2.2700000e+02 
3.500e+01 ; 9.600e+00 ; 1.200e+00 ; 7.6590002e+00 ; 2.2700000e+02 
3.500e+01 ; 9.600e+00 ; 1.200e+00 ; 7.6670002e+00 ; 2.2700000e+02 
3.500e+01 ; 9.600e+00 ; 1.200e+00 ; 7.6830002e+00 ; 2.2700000e+02 
3.500e+01 ; 9.600e+00 ; 1.200e+00 ; 7.7150002e+00 ; 2.2700000e+02 
3.500e+01 ; 9.600e+00 ; 1.200e+00 ; 7.7790002e+00 ; 2.2700000e+02 
3.500e+01 ; 9.600e+00 ; 1.200e+00 ; 7.9070002e+00 ; 2.2700000e+02 
3.500e+01 ; 9.600e+00 ; 1.200e+00 ; 8.1630002e+00 ; 2.2700000e+02 
3.500e+01 ; 9.600e+00 ; 1.200e+00 ; 8.5000002e+00 ; 2.2700000e+02 
3.500e+01 ; 9.600e+00 ; 1.200e+00 ; 8.5000002e+00 ; 2.2700000e+02 
3.500e+01 ; 9.600e+00 ; 1.200e+00 ; 8.5010002e+00 ; 2.2700000e+02 
3.500e+01 ; 9.600e+00 ; 1.200e+00 ; 8.5020002e+00 ; 2.2700000e+02 
3.500e+01 ; 9.600e+00 ; 1.200e+00 ; 8.5030002e+00 ; 2.2700000e+02 
3.500e+01 ; 9.600e+00 ; 1.200e+00 ; 8.5050002e+00 ; 2.2700000e+02 
3.500e+01 ; 9.600e+00 ; 1.200e+00 ; 8.5090002e+00 ; 2.2700000e+02 
3.500e+01 ; 9.600e+00 ; 1.200e+00 ; 8.5170002e+00 ; 2.2700000e+02 
3.500e+01 ; 9.600e+00 ; 1.200e+00 ; 8.5330002e+00 ; 2.2700000e+02 
3.500e+01 ; 9.600e+00 ; 1.200e+00 ; 8.5650002e+00 ; 2.2700000e+02 
3.500e+01 ; 9.600e+00 ; 1.200e+00 ; 8.6290002e+00 ; 2.2700000e+02 
3.500e+01 ; 9.600e+00 ; 1.200e+00 ; 8.7570002e+00 ; 2.2700000e+02 
3.500e+01 ; 9.600e+00 ; 1.200e+00 ; 9.0130002e+00 ; 2.2700000e+02 
3.500e+01 ; 9.600e+00 ; 1.200e+00 ; 9.3500003e+00 ; 2.2700000e+02 
3.500e+01 ; 9.600e+00 ; 1.200e+00 ; 9.3500003e+00 ; 2.2700000e+02 
3.500e+01 ; 9.600e+00 ; 1.200e+00 ; 9.3510003e+00 ; 2.2700000e+02 
3.500e+01 ; 9.600e+00 ; 1.200e+00 ; 9.3520003e+00 ; 2.2700000e+02 
3.500e+01 ; 9.600e+00 ; 1.200e+00 ; 9.3530003e+00 ; 2.2700000e+02 
3.500e+01 ; 9.600e+00 ; 1.200e+00 ; 9.3550003e+00 ; 2.2700000e+02 
3.500e+01 ; 9.600e+00 ; 1.200e+00 ; 9.3590003e+00 ; 2.2700000e+02 
3.500e+01 ; 9.600e+00 ; 1.200e+00 ; 9.3670003e+00 ; 2.2700000e+02 
3.500e+01 ; 9.600e+00 ; 1.200e+00 ; 9.3830003e+00 ; 2.2700000e+02 
3.500e+01 ; 9.600e+00 ; 1.200e+00 ; 9.4150003e+00 ; 2.2700000e+02 
3.500e+01 ; 9.600e+00 ; 1.200e+00 ; 9.4790003e+00 ; 2.2700000e+02 
3.500e+01 ; 9.600e+00 ; 1.200e+00 ; 9.6070003e+00 ; 2.2700000e+02 
3.500e+01 ; 9.600e+00 ; 1.200e+00 ; 9.8630003e+00 ; 2.2700000e+02 
3.500e+01 ; 9.600e+00 ; 1.200e+00 ; 1.0200000e+01 ; 2.2700000e+02 
3.500e+01 ; 9.600e+00 ; 1.200e+00 ; 1.0200000e+01 ; 2.2700000e+02 
3.500e+01 ; 9.600e+00 ; 1.200e+00 ; 1.0201000e+01 ; 2.2700000e+02 
3.500e+01 ; 9.600e+00 ; 1.200e+00 ; 1.0202000e+01 ; 2.2700000e+02 
3.500e+01 ; 9.600e+00 ; 1.200e+00 ; 1.0203000e+01 ; 2.2700000e+02 
3.500e+01 ; 9.600e+00 ; 1.200e+00 ; 1.0205000e+01 ; 2.2700000e+02 
3.500e+01 ; 9.600e+00 ; 1.200e+00 ; 1.0209000e+01 ; 2.2700000e+02 
3.500e+01 ; 9.600e+00 ; 1.200e+00 ; 1.0217000e+01 ; 2.2700000e+02 
3.500e+01 ; 9.600e+00 ; 1.200e+00 ; 1.0233000e+01 ; 2.2700000e+02 
3.500e+01 ; 9.600e+00 ; 1.200e+00 ; 1.0265000e+01 ; 2.2700000e+02 
3.500e+01 ; 9.600e+00 ; 1.200e+00 ; 1.0329000e+01 ; 2.2700000e+02 
3.500e+01 ; 9.600e+00 ; 1.200e+00 ; 1.0457000e+01 ; 2.2700000e+02 
3.500e+01 ; 9.600e+00 ; 1.200e+00 ; 1.0713000e+01 ; 2.2700000e+02 
3.500e+01 ; 9.600e+00 ; 1.200e+00 ; 1.1050000e+01 ; 2.2700000e+02 
3.500e+01 ; 9.600e+00 ; 1.200e+00 ; 1.1050000e+01 ; 2.2700000e+02 
3.500e+01 ; 9.600e+00 ; 1.200e+00 ; 1.1051000e+01 ; 2.2700000e+02 
3.500e+01 ; 9.600e+00 ; 1.200e+00 ; 1.1052000e+01 ; 2.2700000e+02 
3.500e+01 ; 9.600e+00 ; 1.200e+00 ; 1.1053000e+01 ; 2.2700000e+02 
3.500e+01 ; 9.600e+00 ; 1.200e+00 ; 1.1055000e+01 ; 2.2700000e+02 
3.500e+01 ; 9.600e+00 ; 1.200e+00 ; 1.1059000e+01 ; 2.2700000e+02 
3.500e+01 ; 9.600e+00 ; 1.200e+00 ; 1.1067000e+01 ; 2.2700000e+02 
3.500e+01 ; 9.600e+00 ; 1.200e+00 ; 1.1083000e+01 ; 2.2700000e+02 
3.500e+01 ; 9.600e+00 ; 1.200e+00 ; 1.1115000e+01 ; 2.2700000e+02 
3.500e+01 ; 9.600e+00 ; 1.200e+00 ; 1.1179000e+01 ; 2.2700000e+02 
3.500e+01 ; 9.600e+00 ; 1.200e+00 ; 1.1307000e+01 ; 2.2700000e+02 
3.500e+01 ; 9.600e+00 ; 1.200e+00 ; 1.1563000e+01 ; 2.2700000e+02 
3.500e+01 ; 9.600e+00 ; 1.200e+00 ; 1.1900000e+01 ; 2.2700000e+02 
3.500e+01 ; 9.600e+00 ; 1.200e+00 ; 1.1900000e+01 ; 2.2700000e+02 
3.500e+01 ; 9.600e+00 ; 1.200e+00 ; 1.1901000e+01 ; 2.2700000e+02 
3.500e+01 ; 9.600e+00 ; 1.200e+00 ; 1.1902000e+01 ; 2.2700000e+02 
3.500e+01 ; 9.600e+00 ; 1.200e+00 ; 1.1903000e+01 ; 2.2700000e+02 
3.500e+01 ; 9.600e+00 ; 1.200e+00 ; 1.1905000e+01 ; 2.2700000e+02 
3.500e+01 ; 9.600e+00 ; 1.200e+00 ; 1.1909000e+01 ; 2.2700000e+02 
3.500e+01 ; 9.600e+00 ; 1.200e+00 ; 1.1917000e+01 ; 2.2700000e+02 
3.500e+01 ; 9.600e+00 ; 1.200e+00 ; 1.1933000e+01 ; 2.2700000e+02 
3.500e+01 ; 9.600e+00 ; 1.200e+00 ; 1.1965000e+01 ; 2.2700000e+02 
3.500e+01 ; 9.600e+00 ; 1.200e+00 ; 1.2029000e+01 ; 2.2700000e+02 
3.500e+01 ; 9.600e+00 ; 1.200e+00 ; 1.2157000e+01 ; 2.2700000e+02 
3.500e+01 ; 9.600e+00 ; 1.200e+00 ; 1.2413000e+01 ; 2.2700000e+02 
3.500e+01 ; 9.600e+00 ; 1.200e+00 ; 1.2750000e+01 ; 2.2700000e+02 
3.500e+01 ; 9.600e+00 ; 1.200e+00 ; 1.2750000e+01 ; 2.2700000e+02 
3.500e+01 ; 9.600e+00 ; 1.200e+00 ; 1.2751000e+01 ; 2.2700000e+02 
3.500e+01 ; 9.600e+00 ; 1.200e+00 ; 1.2752000e+01 ; 2.2700000e+02 
3.500e+01 ; 9.600e+00 ; 1.200e+00 ; 1.2753000e+01 ; 2.2700000e+02 
3.500e+01 ; 9.600e+00 ; 1.200e+00 ; 1.2755000e+01 ; 2.2700000e+02 
3.500e+01 ; 9.600e+00 ; 1.200e+00 ; 1.2759000e+01 ; 2.2700000e+02 
3.500e+01 ; 9.600e+00 ; 1.200e+00 ; 1.2767000e+01 ; 2.2700000e+02 
3.500e+01 ; 9.600e+00 ; 1.200e+00 ; 1.2783000e+01 ; 2.2700000e+02 
3.500e+01 ; 9.600e+00 ; 1.200e+00 ; 1.2815000e+01 ; 2.2700000e+02 
3.500e+01 ; 9.600e+00 ; 1.200e+00 ; 1.2879000e+01 ; 2.2700000e+02 
3.500e+01 ; 9.600e+00 ; 1.200e+00 ; 1.3007000e+01 ; 2.2700000e+02 
3.500e+01 ; 9.600e+00 ; 1.200e+00 ; 1.3263000e+01 ; 2.2700000e+02 
3.500e+01 ; 9.600e+00 ; 1.200e+00 ; 1.3600000e+01 ; 2.2700000e+02 
3.500e+01 ; 9.600e+00 ; 1.200e+00 ; 1.3600000e+01 ; 2.2700000e+02 
3.500e+01 ; 9.600e+00 ; 1.200e+00 ; 1.3601000e+01 ; 2.2700000e+02 
3.500e+01 ; 9.600e+00 ; 1.200e+00 ; 1.3602000e+01 ; 2.2700000e+02 
3.500e+01 ; 9.600e+00 ; 1.200e+00 ; 1.3603000e+01 ; 2.2700000e+02 
3.500e+01 ; 9.600e+00 ; 1.200e+00 ; 1.3605000e+01 ; 2.2700000e+02 
3.500e+01 ; 9.600e+00 ; 1.200e+00 ; 1.3609000e+01 ; 2.2700000e+02 
3.500e+01 ; 9.600e+00 ; 1.200e+00 ; 1.3617000e+01 ; 2.2700000e+02 
3.500e+01 ; 9.600e+00 ; 1.200e+00 ; 1.3633000e+01 ; 2.2700000e+02 
3.500e+01 ; 9.600e+00 ; 1.200e+00 ; 1.3665000e+01 ; 2.2700000e+02 
3.500e+01 ; 9.600e+00 ; 1.200e+00 ; 1.3729000e+01 ; 2.2700000e+02 
3.500e+01 ; 9.600e+00 ; 1.200e+00 ; 1.3857000e+01 ; 2.2700000e+02 
3.500e+01 ; 9.600e+00 ; 1.200e+00 ; 1.4113000e+01 ; 2.2700000e+02 
3.500e+01 ; 9.600e+00 ; 1.200e+00 ; 1.4450000e+01 ; 2.2700000e+02 
3.500e+01 ; 9.600e+00 ; 1.200e+00 ; 1.4450000e+01 ; 2.2700000e+02 
3.500e+01 ; 9.600e+00 ; 1.200e+00 ; 1.4451000e+01 ; 2.2700000e+02 
3.500e+01 ; 9.600e+00 ; 1.200e+00 ; 1.4452000e+01 ; 2.2700000e+02 
3.500e+01 ; 9.600e+00 ; 1.200e+00 ; 1.4453000e+01 ; 2.2700000e+02 
3.500e+01 ; 9.600e+00 ; 1.200e+00 ; 1.4455000e+01 ; 2.2700000e+02 
3.500e+01 ; 9.600e+00 ; 1.200e+00 ; 1.4459000e+01 ; 2.2700000e+02 
3.500e+01 ; 9.600e+00 ; 1.200e+00 ; 1.4467000e+01 ; 2.2700000e+02 
3.500e+01 ; 9.600e+00 ; 1.200e+00 ; 1.4483000e+01 ; 2.2700000e+02 
3.500e+01 ; 9.600e+00 ; 1.200e+00 ; 1.4515000e+01 ; 2.2700000e+02 
3.500e+01 ; 9.600e+00 ; 1.200e+00 ; 1.4579000e+01 ; 2.2700000e+02 
3.500e+01 ; 9.600e+00 ; 1.200e+00 ; 1.4707000e+01 ; 2.2700000e+02 
3.500e+01 ; 9.600e+00 ; 1.200e+00 ; 1.4963000e+01 ; 2.2700000e+02 
3.500e+01 ; 9.600e+00 ; 1.200e+00 ; 1.5300000e+01 ; 2.2700000e+02 
3.500e+01 ; 9.600e+00 ; 1.200e+00 ; 1.5300000e+01 ; 2.2700000e+02 
3.500e+01 ; 9.600e+00 ; 1.200e+00 ; 1.5301000e+01 ; 2.2700000e+02 
3.500e+01 ; 9.600e+00 ; 1.200e+00 ; 1.5302000e+01 ; 2.2700000e+02 
3.500e+01 ; 9.600e+00 ; 1.200e+00 ; 1.5303000e+01 ; 2.2700000e+02 
3.500e+01 ; 9.600e+00 ; 1.200e+00 ; 1.5305000e+01 ; 2.2700000e+02 
3.500e+01 ; 9.600e+00 ; 1.200e+00 ; 1.5309000e+01 ; 2.2700000e+02 
3.500e+01 ; 9.600e+00 ; 1.200e+00 ; 1.5317000e+01 ; 2.2700000e+02 
3.500e+01 ; 9.600e+00 ; 1.200e+00 ; 1.5333000e+01 ; 2.2700000e+02 
3.500e+01 ; 9.600e+00 ; 1.200e+00 ; 1.5365000e+01 ; 2.2700000e+02 
3.500e+01 ; 9.600e+00 ; 1.200e+00 ; 1.5429000e+01 ; 2.2700000e+02 
3.500e+01 ; 9.600e+00 ; 1.200e+00 ; 1.5557000e+01 ; 2.2700000e+02 
3.500e+01 ; 9.600e+00 ; 1.200e+00 ; 1.5813000e+01 ; 2.2700000e+02 
3.500e+01 ; 9.600e+00 ; 1.200e+00 ; 1.6150000e+01 ; 2.2700000e+02 
3.500e+01 ; 9.600e+00 ; 1.200e+00 ; 1.6150000e+01 ; 2.2700000e+02 
3.500e+01 ; 9.600e+00 ; 1.200e+00 ; 1.6151000e+01 ; 2.2700000e+02 
3.500e+01 ; 9.600e+00 ; 1.200e+00 ; 1.6152000e+01 ; 2.2700000e+02 
3.500e+01 ; 9.600e+00 ; 1.200e+00 ; 1.6153000e+01 ; 2.2700000e+02 
3.500e+01 ; 9.600e+00 ; 1.200e+00 ; 1.6155000e+01 ; 2.2700000e+02 
3.500e+01 ; 9.600e+00 ; 1.200e+00 ; 1.6159000e+01 ; 2.2700000e+02 
3.500e+01 ; 9.600e+00 ; 1.200e+00 ; 1.6167000e+01 ; 2.2700000e+02 
3.500e+01 ; 9.600e+00 ; 1.200e+00 ; 1.6183000e+01 ; 2.2700000e+02 
3.500e+01 ; 9.600e+00 ; 1.200e+00 ; 1.6215000e+01 ; 2.2700000e+02 
3.500e+01 ; 9.600e+00 ; 1.200e+00 ; 1.6279000e+01 ; 2.2700000e+02 
3.500e+01 ; 9.600e+00 ; 1.200e+00 ; 1.6407000e+01 ; 2.2700000e+02 
3.500e+01 ; 9.600e+00 ; 1.200e+00 ; 1.6663000e+01 ; 2.2700000e+02 
3.500e+01 ; 9.600e+00 ; 1.200e+00 ; 1.7000000e+01 ; 2.2700000e+02 
3.500e+01 ; 9.600e+00 ; 1.200e+00 ; 1.7000000e+01 ; 2.2700000e+02 
3.500e+01 ; 9.600e+00 ; 1.200e+00 ; 1.7001000e+01 ; 2.2700000e+02 
3.500e+01 ; 9.600e+00 ; 1.200e+00 ; 1.7002000e+01 ; 2.2700000e+02 
3.500e+01 ; 9.600e+00 ; 1.200e+00 ; 1.7003000e+01 ; 2.2700000e+02 
3.500e+01 ; 9.600e+00 ; 1.200e+00 ; 1.7005000e+01 ; 2.2700000e+02 
3.500e+01 ; 9.600e+00 ; 1.200e+00 ; 1.7009000e+01 ; 2.2700000e+02 
3.500e+01 ; 9.600e+00 ; 1.200e+00 ; 1.7017000e+01 ; 2.2700000e+02 
3.500e+01 ; 9.600e+00 ; 1.200e+00 ; 1.7033000e+01 ; 2.2700000e+02 
3.500e+01 ; 9.600e+00 ; 1.200e+00 ; 1.7065000e+01 ; 2.2700000e+02 
3.500e+01 ; 9.600e+00 ; 1.200e+00 ; 1.7129000e+01 ; 2.2700000e+02 
3.500e+01 ; 9.600e+00 ; 1.200e+00 ; 1.7257000e+01 ; 2.2700000e+02 
3.500e+01 ; 9.600e+00 ; 1.200e+00 ; 1.7513000e+01 ; 2.2700000e+02 
3.500e+01 ; 9.600e+00 ; 1.200e+00 ; 1.7850001e+01 ; 2.2700000e+02 
3.500e+01 ; 9.600e+00 ; 1.200e+00 ; 1.7850001e+01 ; 2.2700000e+02 
3.500e+01 ; 9.600e+00 ; 1.200e+00 ; 1.7851001e+01 ; 2.2700000e+02 
3.500e+01 ; 9.600e+00 ; 1.200e+00 ; 1.7852001e+01 ; 2.2700000e+02 
3.500e+01 ; 9.600e+00 ; 1.200e+00 ; 1.7853001e+01 ; 2.2700000e+02 
3.500e+01 ; 9.600e+00 ; 1.200e+00 ; 1.7855001e+01 ; 2.2700000e+02 
3.500e+01 ; 9.600e+00 ; 1.200e+00 ; 1.7859001e+01 ; 2.2700000e+02 
3.500e+01 ; 9.600e+00 ; 1.200e+00 ; 1.7867001e+01 ; 2.2700000e+02 
3.500e+01 ; 9.600e+00 ; 1.200e+00 ; 1.7883001e+01 ; 2.2700000e+02 
3.500e+01 ; 9.600e+00 ; 1.200e+00 ; 1.7915000e+01 ; 2.2700000e+02 
3.500e+01 ; 9.600e+00 ; 1.200e+00 ; 1.7979000e+01 ; 2.2700000e+02 
3.500e+01 ; 9.600e+00 ; 1.200e+00 ; 1.8107000e+01 ; 2.2700000e+02 
3.500e+01 ; 9.600e+00 ; 1.200e+00 ; 1.8363001e+01 ; 2.2700000e+02 
3.500e+01 ; 9.600e+00 ; 1.200e+00 ; 1.8700001e+01 ; 2.2700000e+02 
3.500e+01 ; 9.600e+00 ; 1.200e+00 ; 1.8700001e+01 ; 2.2700000e+02 
3.500e+01 ; 9.600e+00 ; 1.200e+00 ; 1.8701001e+01 ; 2.2700000e+02 
3.500e+01 ; 9.600e+00 ; 1.200e+00 ; 1.8702001e+01 ; 2.2700000e+02 
3.500e+01 ; 9.600e+00 ; 1.200e+00 ; 1.8703001e+01 ; 2.2700000e+02 
3.500e+01 ; 9.600e+00 ; 1.200e+00 ; 1.8705001e+01 ; 2.2700000e+02 
3.500e+01 ; 9.600e+00 ; 1.200e+00 ; 1.8709001e+01 ; 2.2700000e+02 
3.500e+01 ; 9.600e+00 ; 1.200e+00 ; 1.8717001e+01 ; 2.2700000e+02 
3.500e+01 ; 9.600e+00 ; 1.200e+00 ; 1.8733001e+01 ; 2.2700000e+02 
3.500e+01 ; 9.600e+00 ; 1.200e+00 ; 1.8765001e+01 ; 2.2700000e+02 
3.500e+01 ; 9.600e+00 ; 1.200e+00 ; 1.8829001e+01 ; 2.2700000e+02 
3.500e+01 ; 9.600e+00 ; 1.200e+00 ; 1.8957001e+01 ; 2.2700000e+02 
3.500e+01 ; 9.600e+00 ; 1.200e+00 ; 1.9213001e+01 ; 2.2700000e+02 
3.500e+01 ; 9.600e+00 ; 1.200e+00 ; 1.9550001e+01 ; 2.2700000e+02 
3.500e+01 ; 9.600e+00 ; 1.200e+00 ; 1.9550001e+01 ; 2.2700000e+02 
3.500e+01 ; 9.600e+00 ; 1.200e+00 ; 1.9551001e+01 ; 2.2700000e+02 
3.500e+01 ; 9.600e+00 ; 1.200e+00 ; 1.9552001e+01 ; 2.2700000e+02 
3.500e+01 ; 9.600e+00 ; 1.200e+00 ; 1.9553001e+01 ; 2.2700000e+02 
3.500e+01 ; 9.600e+00 ; 1.200e+00 ; 1.9555001e+01 ; 2.2700000e+02 
3.500e+01 ; 9.600e+00 ; 1.200e+00 ; 1.9559001e+01 ; 2.2700000e+02 
3.500e+01 ; 9.600e+00 ; 1.200e+00 ; 1.9567001e+01 ; 2.2700000e+02 
3.500e+01 ; 9.600e+00 ; 1.200e+00 ; 1.9583001e+01 ; 2.2700000e+02 
3.500e+01 ; 9.600e+00 ; 1.200e+00 ; 1.9615001e+01 ; 2.2700000e+02 
3.500e+01 ; 9.600e+00 ; 1.200e+00 ; 1.9679001e+01 ; 2.2700000e+02 
3.500e+01 ; 9.600e+00 ; 1.200e+00 ; 1.9807001e+01 ; 2.2700000e+02 
3.500e+01 ; 9.600e+00 ; 1.200e+00 ; 2.0063001e+01 ; 2.2700000e+02 
3.500e+01 ; 9.600e+00 ; 1.200e+00 ; 2.0400001e+01 ; 2.2700000e+02 
3.500e+01 ; 9.600e+00 ; 1.200e+00 ; 2.0400001e+01 ; 2.2700000e+02 
3.500e+01 ; 9.600e+00 ; 1.200e+00 ; 2.0401001e+01 ; 2.2700000e+02 
3.500e+01 ; 9.600e+00 ; 1.200e+00 ; 2.0402001e+01 ; 2.2700000e+02 
3.500e+01 ; 9.600e+00 ; 1.200e+00 ; 2.0403001e+01 ; 2.2700000e+02 
3.500e+01 ; 9.600e+00 ; 1.200e+00 ; 2.0405001e+01 ; 2.2700000e+02 
3.500e+01 ; 9.600e+00 ; 1.200e+00 ; 2.0409001e+01 ; 2.2700000e+02 
3.500e+01 ; 9.600e+00 ; 1.200e+00 ; 2.0417001e+01 ; 2.2700000e+02 
3.500e+01 ; 9.600e+00 ; 1.200e+00 ; 2.0433001e+01 ; 2.2700000e+02 
3.500e+01 ; 9.600e+00 ; 1.200e+00 ; 2.0465001e+01 ; 2.2700000e+02 
3.500e+01 ; 9.600e+00 ; 1.200e+00 ; 2.0529001e+01 ; 2.2700000e+02 
3.500e+01 ; 9.600e+00 ; 1.200e+00 ; 2.0657001e+01 ; 2.2700000e+02 
3.500e+01 ; 9.600e+00 ; 1.200e+00 ; 2.0913001e+01 ; 2.2700000e+02 
3.500e+01 ; 9.600e+00 ; 1.200e+00 ; 2.1250001e+01 ; 2.2700000e+02 
3.500e+01 ; 9.600e+00 ; 1.200e+00 ; 2.1250001e+01 ; 2.2700000e+02 
3.500e+01 ; 9.600e+00 ; 1.200e+00 ; 2.1251001e+01 ; 2.2700000e+02 
3.500e+01 ; 9.600e+00 ; 1.200e+00 ; 2.1252001e+01 ; 2.2700000e+02 
3.500e+01 ; 9.600e+00 ; 1.200e+00 ; 2.1253001e+01 ; 2.2700000e+02 
3.500e+01 ; 9.600e+00 ; 1.200e+00 ; 2.1255001e+01 ; 2.2700000e+02 
3.500e+01 ; 9.600e+00 ; 1.200e+00 ; 2.1259001e+01 ; 2.2700000e+02 
3.500e+01 ; 9.600e+00 ; 1.200e+00 ; 2.1267001e+01 ; 2.2700000e+02 
3.500e+01 ; 9.600e+00 ; 1.200e+00 ; 2.1283001e+01 ; 2.2700000e+02 
3.500e+01 ; 9.600e+00 ; 1.200e+00 ; 2.1315001e+01 ; 2.2700000e+02 
3.500e+01 ; 9.600e+00 ; 1.200e+00 ; 2.1379001e+01 ; 2.2700000e+02 
3.500e+01 ; 9.600e+00 ; 1.200e+00 ; 2.1507001e+01 ; 2.2700000e+02 
3.500e+01 ; 9.600e+00 ; 1.200e+00 ; 2.1763001e+01 ; 2.2700000e+02 
3.500e+01 ; 9.600e+00 ; 1.200e+00 ; 2.2100001e+01 ; 2.2700000e+02 
3.500e+01 ; 9.600e+00 ; 1.200e+00 ; 2.2100001e+01 ; 2.2700000e+02 
3.500e+01 ; 9.600e+00 ; 1.200e+00 ; 2.2101001e+01 ; 2.2700000e+02 
3.500e+01 ; 9.600e+00 ; 1.200e+00 ; 2.2102001e+01 ; 2.2700000e+02 
3.500e+01 ; 9.600e+00 ; 1.200e+00 ; 2.2103001e+01 ; 2.2700000e+02 
3.500e+01 ; 9.600e+00 ; 1.200e+00 ; 2.2105001e+01 ; 2.2700000e+02 
3.500e+01 ; 9.600e+00 ; 1.200e+00 ; 2.2109001e+01 ; 2.2700000e+02 
3.500e+01 ; 9.600e+00 ; 1.200e+00 ; 2.2117001e+01 ; 2.2700000e+02 
3.500e+01 ; 9.600e+00 ; 1.200e+00 ; 2.2133001e+01 ; 2.2700000e+02 
3.500e+01 ; 9.600e+00 ; 1.200e+00 ; 2.2165001e+01 ; 2.2700000e+02 
3.500e+01 ; 9.600e+00 ; 1.200e+00 ; 2.2229001e+01 ; 2.2700000e+02 
3.500e+01 ; 9.600e+00 ; 1.200e+00 ; 2.2357001e+01 ; 2.2700000e+02 
3.500e+01 ; 9.600e+00 ; 1.200e+00 ; 2.2613001e+01 ; 2.2700000e+02 
3.500e+01 ; 9.600e+00 ; 1.200e+00 ; 2.2950001e+01 ; 2.2700000e+02 
3.500e+01 ; 9.600e+00 ; 1.200e+00 ; 2.2950001e+01 ; 2.2700000e+02 
3.500e+01 ; 9.600e+00 ; 1.200e+00 ; 2.2951001e+01 ; 2.2686911e+02 
3.500e+01 ; 9.600e+00 ; 1.200e+00 ; 2.2952001e+01 ; 2.2673834e+02 
3.500e+01 ; 9.600e+00 ; 1.200e+00 ; 2.2953001e+01 ; 2.2660771e+02 
3.500e+01 ; 9.600e+00 ; 1.200e+00 ; 2.2955001e+01 ; 2.2634694e+02 
3.500e+01 ; 9.600e+00 ; 1.200e+00 ; 2.2959001e+01 ; 2.2582739e+02 
3.500e+01 ; 9.600e+00 ; 1.200e+00 ; 2.2967001e+01 ; 2.2479623e+02 
3.500e+01 ; 9.600e+00 ; 1.200e+00 ; 2.2983001e+01 ; 2.2276527e+02 
3.500e+01 ; 9.600e+00 ; 1.200e+00 ; 2.3015001e+01 ; 2.1882516e+02 
3.500e+01 ; 9.600e+00 ; 1.200e+00 ; 2.3079001e+01 ; 2.1140527e+02 
3.500e+01 ; 9.600e+00 ; 1.200e+00 ; 2.3207001e+01 ; 1.9821078e+02 
3.500e+01 ; 9.600e+00 ; 1.200e+00 ; 2.3463001e+01 ; 1.7710568e+02 
3.500e+01 ; 9.600e+00 ; 1.200e+00 ; 2.3800001e+01 ; 1.5617839e+02 
3.500e+01 ; 9.600e+00 ; 1.200e+00 ; 2.3800001e+01 ; 1.5617839e+02 
3.500e+01 ; 9.600e+00 ; 1.200e+00 ; 2.3801001e+01 ; 1.5611635e+02 
3.500e+01 ; 9.600e+00 ; 1.200e+00 ; 2.3802001e+01 ; 1.5605435e+02 
3.500e+01 ; 9.600e+00 ; 1.200e+00 ; 2.3803001e+01 ; 1.5599242e+02 
3.500e+01 ; 9.600e+00 ; 1.200e+00 ; 2.3805001e+01 ; 1.5586879e+02 
3.500e+01 ; 9.600e+00 ; 1.200e+00 ; 2.3809001e+01 ; 1.5562247e+02 
3.500e+01 ; 9.600e+00 ; 1.200e+00 ; 2.3817001e+01 ; 1.5513351e+02 
3.500e+01 ; 9.600e+00 ; 1.200e+00 ; 2.3833001e+01 ; 1.5417015e+02 
3.500e+01 ; 9.600e+00 ; 1.200e+00 ; 2.3865001e+01 ; 1.5229980e+02 
3.500e+01 ; 9.600e+00 ; 1.200e+00 ; 2.3929001e+01 ; 1.4877190e+02 
3.500e+01 ; 9.600e+00 ; 1.200e+00 ; 2.4057001e+01 ; 1.4247684e+02 
3.500e+01 ; 9.600e+00 ; 1.200e+00 ; 2.4313001e+01 ; 1.3234830e+02 
3.500e+01 ; 9.600e+00 ; 1.200e+00 ; 2.4650001e+01 ; 1.2224914e+02 
3.500e+01 ; 9.600e+00 ; 1.200e+00 ; 2.4650001e+01 ; 1.2224914e+02 
3.500e+01 ; 9.600e+00 ; 1.200e+00 ; 2.4651001e+01 ; 1.2221920e+02 
3.500e+01 ; 9.600e+00 ; 1.200e+00 ; 2.4652001e+01 ; 1.2218929e+02 
3.500e+01 ; 9.600e+00 ; 1.200e+00 ; 2.4653001e+01 ; 1.2215941e+02 
3.500e+01 ; 9.600e+00 ; 1.200e+00 ; 2.4655001e+01 ; 1.2209977e+02 
3.500e+01 ; 9.600e+00 ; 1.200e+00 ; 2.4659001e+01 ; 1.2198097e+02 
3.500e+01 ; 9.600e+00 ; 1.200e+00 ; 2.4667001e+01 ; 1.2174526e+02 
3.500e+01 ; 9.600e+00 ; 1.200e+00 ; 2.4683001e+01 ; 1.2128128e+02 
3.500e+01 ; 9.600e+00 ; 1.200e+00 ; 2.4715001e+01 ; 1.2038211e+02 
3.500e+01 ; 9.600e+00 ; 1.200e+00 ; 2.4779001e+01 ; 1.1869162e+02 
3.500e+01 ; 9.600e+00 ; 1.200e+00 ; 2.4907001e+01 ; 1.1569009e+02 
3.500e+01 ; 9.600e+00 ; 1.200e+00 ; 2.5163001e+01 ; 1.1087495e+02 
3.500e+01 ; 9.600e+00 ; 1.200e+00 ; 2.5500001e+01 ; 1.0603574e+02 
3.500e+01 ; 9.600e+00 ; 1.200e+00 ; 2.5500001e+01 ; 1.0603574e+02 
3.500e+01 ; 9.600e+00 ; 1.200e+00 ; 2.5501001e+01 ; 1.0602139e+02 
3.500e+01 ; 9.600e+00 ; 1.200e+00 ; 2.5502001e+01 ; 1.0600706e+02 
3.500e+01 ; 9.600e+00 ; 1.200e+00 ; 2.5503001e+01 ; 1.0599274e+02 
3.500e+01 ; 9.600e+00 ; 1.200e+00 ; 2.5505001e+01 ; 1.0596414e+02 
3.500e+01 ; 9.600e+00 ; 1.200e+00 ; 2.5509001e+01 ; 1.0590718e+02 
3.500e+01 ; 9.600e+00 ; 1.200e+00 ; 2.5517001e+01 ; 1.0579407e+02 
3.500e+01 ; 9.600e+00 ; 1.200e+00 ; 2.5533001e+01 ; 1.0557111e+02 
3.500e+01 ; 9.600e+00 ; 1.200e+00 ; 2.5565001e+01 ; 1.0513770e+02 
3.500e+01 ; 9.600e+00 ; 1.200e+00 ; 2.5629001e+01 ; 1.0431753e+02 
3.500e+01 ; 9.600e+00 ; 1.200e+00 ; 2.5757001e+01 ; 1.0283974e+02 
3.500e+01 ; 9.600e+00 ; 1.200e+00 ; 2.6013001e+01 ; 1.0038892e+02 
3.500e+01 ; 9.600e+00 ; 1.200e+00 ; 2.6350001e+01 ; 9.7803421e+01 
3.500e+01 ; 9.600e+00 ; 1.200e+00 ; 2.6350001e+01 ; 9.7803421e+01 
3.500e+01 ; 9.600e+00 ; 1.200e+00 ; 2.6351001e+01 ; 9.7795761e+01 
3.500e+01 ; 9.600e+00 ; 1.200e+00 ; 2.6352001e+01 ; 9.7788094e+01 
3.500e+01 ; 9.600e+00 ; 1.200e+00 ; 2.6353001e+01 ; 9.7780441e+01 
3.500e+01 ; 9.600e+00 ; 1.200e+00 ; 2.6355001e+01 ; 9.7765152e+01 
3.500e+01 ; 9.600e+00 ; 1.200e+00 ; 2.6359001e+01 ; 9.7734665e+01 
3.500e+01 ; 9.600e+00 ; 1.200e+00 ; 2.6367001e+01 ; 9.7674049e+01 
3.500e+01 ; 9.600e+00 ; 1.200e+00 ; 2.6383001e+01 ; 9.7554207e+01 
3.500e+01 ; 9.600e+00 ; 1.200e+00 ; 2.6415001e+01 ; 9.7319908e+01 
3.500e+01 ; 9.600e+00 ; 1.200e+00 ; 2.6479001e+01 ; 9.6871498e+01 
3.500e+01 ; 9.600e+00 ; 1.200e+00 ; 2.6607001e+01 ; 9.6045967e+01 
3.500e+01 ; 9.600e+00 ; 1.200e+00 ; 2.6863001e+01 ; 9.4622147e+01 
3.500e+01 ; 9.600e+00 ; 1.200e+00 ; 2.7200001e+01 ; 9.3047241e+01 
3.500e+01 ; 9.600e+00 ; 1.200e+00 ; 2.7200001e+01 ; 9.3047241e+01 
3.500e+01 ; 9.600e+00 ; 1.200e+00 ; 2.7201001e+01 ; 9.3042572e+01 
3.500e+01 ; 9.600e+00 ; 1.200e+00 ; 2.7202001e+01 ; 9.3037903e+01 
3.500e+01 ; 9.600e+00 ; 1.200e+00 ; 2.7203001e+01 ; 9.3033234e+01 
3.500e+01 ; 9.600e+00 ; 1.200e+00 ; 2.7205001e+01 ; 9.3023918e+01 
3.500e+01 ; 9.600e+00 ; 1.200e+00 ; 2.7209001e+01 ; 9.3005318e+01 
3.500e+01 ; 9.600e+00 ; 1.200e+00 ; 2.7217001e+01 ; 9.2968285e+01 
3.500e+01 ; 9.600e+00 ; 1.200e+00 ; 2.7233001e+01 ; 9.2894875e+01 
3.500e+01 ; 9.600e+00 ; 1.200e+00 ; 2.7265001e+01 ; 9.2750603e+01 
3.500e+01 ; 9.600e+00 ; 1.200e+00 ; 2.7329001e+01 ; 9.2471664e+01 
3.500e+01 ; 9.600e+00 ; 1.200e+00 ; 2.7457001e+01 ; 9.1948380e+01 
3.500e+01 ; 9.600e+00 ; 1.200e+00 ; 2.7713001e+01 ; 9.1016083e+01 
3.500e+01 ; 9.600e+00 ; 1.200e+00 ; 2.8050001e+01 ; 8.9946747e+01 
3.500e+01 ; 9.600e+00 ; 1.200e+00 ; 2.8050001e+01 ; 8.9946747e+01 
3.500e+01 ; 9.600e+00 ; 1.200e+00 ; 2.8051001e+01 ; 8.9943573e+01 
3.500e+01 ; 9.600e+00 ; 1.200e+00 ; 2.8052001e+01 ; 8.9940407e+01 
3.500e+01 ; 9.600e+00 ; 1.200e+00 ; 2.8053001e+01 ; 8.9937233e+01 
3.500e+01 ; 9.600e+00 ; 1.200e+00 ; 2.8055001e+01 ; 8.9930901e+01 
3.500e+01 ; 9.600e+00 ; 1.200e+00 ; 2.8059001e+01 ; 8.9918259e+01 
3.500e+01 ; 9.600e+00 ; 1.200e+00 ; 2.8067001e+01 ; 8.9893066e+01 
3.500e+01 ; 9.600e+00 ; 1.200e+00 ; 2.8083001e+01 ; 8.9843018e+01 
3.500e+01 ; 9.600e+00 ; 1.200e+00 ; 2.8115001e+01 ; 8.9744278e+01 
3.500e+01 ; 9.600e+00 ; 1.200e+00 ; 2.8179001e+01 ; 8.9551994e+01 
3.500e+01 ; 9.600e+00 ; 1.200e+00 ; 2.8307001e+01 ; 8.9186493e+01 
3.500e+01 ; 9.600e+00 ; 1.200e+00 ; 2.8563001e+01 ; 8.8521042e+01 
3.500e+01 ; 9.600e+00 ; 1.200e+00 ; 2.8900001e+01 ; 8.7740074e+01 
3.500e+01 ; 9.600e+00 ; 1.200e+00 ; 2.8900001e+01 ; 8.7740074e+01 
3.500e+01 ; 9.600e+00 ; 1.200e+00 ; 2.8901001e+01 ; 8.7737755e+01 
3.500e+01 ; 9.600e+00 ; 1.200e+00 ; 2.8902001e+01 ; 8.7735443e+01 
3.500e+01 ; 9.600e+00 ; 1.200e+00 ; 2.8903001e+01 ; 8.7733124e+01 
3.500e+01 ; 9.600e+00 ; 1.200e+00 ; 2.8905001e+01 ; 8.7728500e+01 
3.500e+01 ; 9.600e+00 ; 1.200e+00 ; 2.8909001e+01 ; 8.7719261e+01 
3.500e+01 ; 9.600e+00 ; 1.200e+00 ; 2.8917001e+01 ; 8.7700836e+01 
3.500e+01 ; 9.600e+00 ; 1.200e+00 ; 2.8933001e+01 ; 8.7664192e+01 
3.500e+01 ; 9.600e+00 ; 1.200e+00 ; 2.8965001e+01 ; 8.7591736e+01 
3.500e+01 ; 9.600e+00 ; 1.200e+00 ; 2.9029001e+01 ; 8.7450005e+01 
3.500e+01 ; 9.600e+00 ; 1.200e+00 ; 2.9157001e+01 ; 8.7178505e+01 
3.500e+01 ; 9.600e+00 ; 1.200e+00 ; 2.9413001e+01 ; 8.6677979e+01 
3.500e+01 ; 9.600e+00 ; 1.200e+00 ; 2.9750001e+01 ; 8.6083046e+01 
3.500e+01 ; 9.600e+00 ; 1.200e+00 ; 2.9750001e+01 ; 8.6083046e+01 
3.500e+01 ; 9.600e+00 ; 1.200e+00 ; 2.9751001e+01 ; 8.6081276e+01 
3.500e+01 ; 9.600e+00 ; 1.200e+00 ; 2.9752001e+01 ; 8.6079514e+01 
3.500e+01 ; 9.600e+00 ; 1.200e+00 ; 2.9753001e+01 ; 8.6077751e+01 
3.500e+01 ; 9.600e+00 ; 1.200e+00 ; 2.9755001e+01 ; 8.6074226e+01 
3.500e+01 ; 9.600e+00 ; 1.200e+00 ; 2.9759001e+01 ; 8.6067184e+01 
3.500e+01 ; 9.600e+00 ; 1.200e+00 ; 2.9767001e+01 ; 8.6053139e+01 
3.500e+01 ; 9.600e+00 ; 1.200e+00 ; 2.9783001e+01 ; 8.6025185e+01 
3.500e+01 ; 9.600e+00 ; 1.200e+00 ; 2.9815001e+01 ; 8.5969841e+01 
3.500e+01 ; 9.600e+00 ; 1.200e+00 ; 2.9879001e+01 ; 8.5861336e+01 
3.500e+01 ; 9.600e+00 ; 1.200e+00 ; 3.0007001e+01 ; 8.5652603e+01 
3.500e+01 ; 9.600e+00 ; 1.200e+00 ; 3.0263001e+01 ; 8.5265266e+01 
3.500e+01 ; 9.600e+00 ; 1.200e+00 ; 3.0600001e+01 ; 8.4801826e+01 
3.500e+01 ; 9.600e+00 ; 1.200e+00 ; 3.0600001e+01 ; 8.4801826e+01 
3.500e+01 ; 9.600e+00 ; 1.200e+00 ; 3.0601001e+01 ; 8.4800453e+01 
3.500e+01 ; 9.600e+00 ; 1.200e+00 ; 3.0602001e+01 ; 8.4799080e+01 
3.500e+01 ; 9.600e+00 ; 1.200e+00 ; 3.0603001e+01 ; 8.4797707e+01 
3.500e+01 ; 9.600e+00 ; 1.200e+00 ; 3.0605001e+01 ; 8.4794960e+01 
3.500e+01 ; 9.600e+00 ; 1.200e+00 ; 3.0609001e+01 ; 8.4789474e+01 
3.500e+01 ; 9.600e+00 ; 1.200e+00 ; 3.0617001e+01 ; 8.4778526e+01 
3.500e+01 ; 9.600e+00 ; 1.200e+00 ; 3.0633001e+01 ; 8.4756737e+01 
3.500e+01 ; 9.600e+00 ; 1.200e+00 ; 3.0665001e+01 ; 8.4713570e+01 
3.500e+01 ; 9.600e+00 ; 1.200e+00 ; 3.0729001e+01 ; 8.4628830e+01 
3.500e+01 ; 9.600e+00 ; 1.200e+00 ; 3.0857001e+01 ; 8.4465485e+01 
3.500e+01 ; 9.600e+00 ; 1.200e+00 ; 3.1113001e+01 ; 8.4161362e+01 
3.500e+01 ; 9.600e+00 ; 1.200e+00 ; 3.1450001e+01 ; 8.3796318e+01 
3.500e+01 ; 9.600e+00 ; 1.200e+00 ; 3.1450001e+01 ; 8.3796318e+01 
3.500e+01 ; 9.600e+00 ; 1.200e+00 ; 3.1451001e+01 ; 8.3795235e+01 
3.500e+01 ; 9.600e+00 ; 1.200e+00 ; 3.1452001e+01 ; 8.3794151e+01 
3.500e+01 ; 9.600e+00 ; 1.200e+00 ; 3.1453001e+01 ; 8.3793068e+01 
3.500e+01 ; 9.600e+00 ; 1.200e+00 ; 3.1455001e+01 ; 8.3790901e+01 
3.500e+01 ; 9.600e+00 ; 1.200e+00 ; 3.1459001e+01 ; 8.3786583e+01 
3.500e+01 ; 9.600e+00 ; 1.200e+00 ; 3.1467001e+01 ; 8.3777962e+01 
3.500e+01 ; 9.600e+00 ; 1.200e+00 ; 3.1483001e+01 ; 8.3760788e+01 
3.500e+01 ; 9.600e+00 ; 1.200e+00 ; 3.1515001e+01 ; 8.3726761e+01 
3.500e+01 ; 9.600e+00 ; 1.200e+00 ; 3.1579001e+01 ; 8.3659935e+01 
3.500e+01 ; 9.600e+00 ; 1.200e+00 ; 3.1707001e+01 ; 8.3530975e+01 
3.500e+01 ; 9.600e+00 ; 1.200e+00 ; 3.1963001e+01 ; 8.3290504e+01 
3.500e+01 ; 9.600e+00 ; 1.200e+00 ; 3.2300001e+01 ; 8.3001419e+01 
3.500e+01 ; 9.600e+00 ; 1.200e+00 ; 3.2300001e+01 ; 8.3001419e+01 
3.500e+01 ; 9.600e+00 ; 1.200e+00 ; 3.2301001e+01 ; 8.3000557e+01 
3.500e+01 ; 9.600e+00 ; 1.200e+00 ; 3.2302001e+01 ; 8.2999702e+01 
3.500e+01 ; 9.600e+00 ; 1.200e+00 ; 3.2303001e+01 ; 8.2998840e+01 
3.500e+01 ; 9.600e+00 ; 1.200e+00 ; 3.2305001e+01 ; 8.2997131e+01 
3.500e+01 ; 9.600e+00 ; 1.200e+00 ; 3.2309001e+01 ; 8.2993706e+01 
3.500e+01 ; 9.600e+00 ; 1.200e+00 ; 3.2317001e+01 ; 8.2986877e+01 
3.500e+01 ; 9.600e+00 ; 1.200e+00 ; 3.2333001e+01 ; 8.2973282e+01 
3.500e+01 ; 9.600e+00 ; 1.200e+00 ; 3.2365001e+01 ; 8.2946327e+01 
3.500e+01 ; 9.600e+00 ; 1.200e+00 ; 3.2429001e+01 ; 8.2893372e+01 
3.500e+01 ; 9.600e+00 ; 1.200e+00 ; 3.2557001e+01 ; 8.2791145e+01 
3.500e+01 ; 9.600e+00 ; 1.200e+00 ; 3.2813001e+01 ; 8.2600380e+01 
3.500e+01 ; 9.600e+00 ; 1.200e+00 ; 3.3150001e+01 ; 8.2370918e+01 
3.500e+01 ; 9.600e+00 ; 1.200e+00 ; 3.3150001e+01 ; 8.2370918e+01 
3.500e+01 ; 9.600e+00 ; 1.200e+00 ; 3.3151001e+01 ; 8.2370239e+01 
3.500e+01 ; 9.600e+00 ; 1.200e+00 ; 3.3152001e+01 ; 8.2369560e+01 
3.500e+01 ; 9.600e+00 ; 1.200e+00 ; 3.3153001e+01 ; 8.2368874e+01 
3.500e+01 ; 9.600e+00 ; 1.200e+00 ; 3.3155001e+01 ; 8.2367516e+01 
3.500e+01 ; 9.600e+00 ; 1.200e+00 ; 3.3159001e+01 ; 8.2364799e+01 
3.500e+01 ; 9.600e+00 ; 1.200e+00 ; 3.3167001e+01 ; 8.2359375e+01 
3.500e+01 ; 9.600e+00 ; 1.200e+00 ; 3.3183001e+01 ; 8.2348587e+01 
3.500e+01 ; 9.600e+00 ; 1.200e+00 ; 3.3215001e+01 ; 8.2327187e+01 
3.500e+01 ; 9.600e+00 ; 1.200e+00 ; 3.3279001e+01 ; 8.2285149e+01 
3.500e+01 ; 9.600e+00 ; 1.200e+00 ; 3.3407001e+01 ; 8.2203979e+01 
3.500e+01 ; 9.600e+00 ; 1.200e+00 ; 3.3663001e+01 ; 8.2052551e+01 
3.500e+01 ; 9.600e+00 ; 1.200e+00 ; 3.4000001e+01 ; 8.1870613e+01 
3.500e+01 ; 9.600e+00 ; 1.200e+00 ; 3.4000001e+01 ; 8.1870613e+01 
3.500e+01 ; 9.600e+00 ; 1.200e+00 ; 3.4001001e+01 ; 8.1870079e+01 
3.500e+01 ; 9.600e+00 ; 1.200e+00 ; 3.4002001e+01 ; 8.1869537e+01 
3.500e+01 ; 9.600e+00 ; 1.200e+00 ; 3.4003001e+01 ; 8.1868996e+01 
3.500e+01 ; 9.600e+00 ; 1.200e+00 ; 3.4005001e+01 ; 8.1867920e+01 
3.500e+01 ; 9.600e+00 ; 1.200e+00 ; 3.4009001e+01 ; 8.1865768e+01 
3.500e+01 ; 9.600e+00 ; 1.200e+00 ; 3.4017001e+01 ; 8.1861465e+01 
3.500e+01 ; 9.600e+00 ; 1.200e+00 ; 3.4033001e+01 ; 8.1852913e+01 
3.500e+01 ; 9.600e+00 ; 1.200e+00 ; 3.4065001e+01 ; 8.1835960e+01 
3.500e+01 ; 9.600e+00 ; 1.200e+00 ; 3.4129001e+01 ; 8.1802704e+01 
3.500e+01 ; 9.600e+00 ; 1.200e+00 ; 3.4257001e+01 ; 8.1738930e+01 
3.500e+01 ; 9.600e+00 ; 1.200e+00 ; 3.4513001e+01 ; 8.1623016e+01 
3.500e+01 ; 9.600e+00 ; 1.200e+00 ; 3.4850001e+01 ; 8.1490784e+01 
3.500e+01 ; 9.600e+00 ; 1.200e+00 ; 3.4850001e+01 ; 8.1490784e+01 
3.500e+01 ; 9.600e+00 ; 1.200e+00 ; 3.4851001e+01 ; 8.1490395e+01 
3.500e+01 ; 9.600e+00 ; 1.200e+00 ; 3.4852001e+01 ; 8.1490005e+01 
3.500e+01 ; 9.600e+00 ; 1.200e+00 ; 3.4853001e+01 ; 8.1489609e+01 
3.500e+01 ; 9.600e+00 ; 1.200e+00 ; 3.4855001e+01 ; 8.1488831e+01 
3.500e+01 ; 9.600e+00 ; 1.200e+00 ; 3.4859001e+01 ; 8.1487267e+01 
3.500e+01 ; 9.600e+00 ; 1.200e+00 ; 3.4867001e+01 ; 8.1484161e+01 
3.500e+01 ; 9.600e+00 ; 1.200e+00 ; 3.4883001e+01 ; 8.1478020e+01 
3.500e+01 ; 9.600e+00 ; 1.200e+00 ; 3.4915001e+01 ; 8.1466019e+01 
3.500e+01 ; 9.600e+00 ; 1.200e+00 ; 3.4979001e+01 ; 8.1443329e+01 
3.500e+01 ; 9.600e+00 ; 1.200e+00 ; 3.5107001e+01 ; 8.1404045e+01 
3.500e+01 ; 9.600e+00 ; 1.200e+00 ; 3.5363001e+01 ; 8.1353172e+01 
3.500e+01 ; 9.600e+00 ; 1.200e+00 ; 3.5700001e+01 ; 8.1332436e+01 
3.500e+01 ; 9.600e+00 ; 1.200e+00 ; 3.5700001e+01 ; 8.1332436e+01 
3.500e+01 ; 9.600e+00 ; 1.200e+00 ; 3.5701001e+01 ; 8.1337242e+01 
3.500e+01 ; 9.600e+00 ; 1.200e+00 ; 3.5702001e+01 ; 8.1342079e+01 
3.500e+01 ; 9.600e+00 ; 1.200e+00 ; 3.5703001e+01 ; 8.1346947e+01 
3.500e+01 ; 9.600e+00 ; 1.200e+00 ; 3.5705001e+01 ; 8.1356819e+01 
3.500e+01 ; 9.600e+00 ; 1.200e+00 ; 3.5709001e+01 ; 8.1377075e+01 
3.500e+01 ; 9.600e+00 ; 1.200e+00 ; 3.5717001e+01 ; 8.1419601e+01 
3.500e+01 ; 9.600e+00 ; 1.200e+00 ; 3.5733001e+01 ; 8.1512238e+01 
3.500e+01 ; 9.600e+00 ; 1.200e+00 ; 3.5765001e+01 ; 8.1724739e+01 
3.500e+01 ; 9.600e+00 ; 1.200e+00 ; 3.5829001e+01 ; 8.2236588e+01 
3.500e+01 ; 9.600e+00 ; 1.200e+00 ; 3.5957001e+01 ; 8.3472099e+01 
3.500e+01 ; 9.600e+00 ; 1.200e+00 ; 3.6213001e+01 ; 8.6140236e+01 
3.500e+01 ; 9.600e+00 ; 1.200e+00 ; 3.6550001e+01 ; 8.9194839e+01 
3.500e+01 ; 9.600e+00 ; 1.200e+00 ; 3.6550001e+01 ; 8.9194839e+01 
3.500e+01 ; 9.600e+00 ; 1.200e+00 ; 3.6551001e+01 ; 8.9207748e+01 
3.500e+01 ; 9.600e+00 ; 1.200e+00 ; 3.6552001e+01 ; 8.9220665e+01 
3.500e+01 ; 9.600e+00 ; 1.200e+00 ; 3.6553001e+01 ; 8.9233582e+01 
3.500e+01 ; 9.600e+00 ; 1.200e+00 ; 3.6555001e+01 ; 8.9259430e+01 
3.500e+01 ; 9.600e+00 ; 1.200e+00 ; 3.6559001e+01 ; 8.9311157e+01 
3.500e+01 ; 9.600e+00 ; 1.200e+00 ; 3.6567001e+01 ; 8.9414711e+01 
3.500e+01 ; 9.600e+00 ; 1.200e+00 ; 3.6583001e+01 ; 8.9622154e+01 
3.500e+01 ; 9.600e+00 ; 1.200e+00 ; 3.6615001e+01 ; 9.0037315e+01 
3.500e+01 ; 9.600e+00 ; 1.200e+00 ; 3.6679001e+01 ; 9.0861893e+01 
3.500e+01 ; 9.600e+00 ; 1.200e+00 ; 3.6807001e+01 ; 9.2447105e+01 
3.500e+01 ; 9.600e+00 ; 1.200e+00 ; 3.7063001e+01 ; 9.5185966e+01 
3.500e+01 ; 9.600e+00 ; 1.200e+00 ; 3.7400001e+01 ; 9.7857849e+01 
3.500e+01 ; 9.600e+00 ; 1.200e+00 ; 3.7400001e+01 ; 9.7857849e+01 
3.500e+01 ; 9.600e+00 ; 1.200e+00 ; 3.7401001e+01 ; 9.7865761e+01 
3.500e+01 ; 9.600e+00 ; 1.200e+00 ; 3.7402001e+01 ; 9.7873657e+01 
3.500e+01 ; 9.600e+00 ; 1.200e+00 ; 3.7403001e+01 ; 9.7881546e+01 
3.500e+01 ; 9.600e+00 ; 1.200e+00 ; 3.7405001e+01 ; 9.7897247e+01 
3.500e+01 ; 9.600e+00 ; 1.200e+00 ; 3.7409001e+01 ; 9.7928413e+01 
3.500e+01 ; 9.600e+00 ; 1.200e+00 ; 3.7417001e+01 ; 9.7989777e+01 
3.500e+01 ; 9.600e+00 ; 1.200e+00 ; 3.7433001e+01 ; 9.8108734e+01 
3.500e+01 ; 9.600e+00 ; 1.200e+00 ; 3.7465001e+01 ; 9.8332207e+01 
3.500e+01 ; 9.600e+00 ; 1.200e+00 ; 3.7529001e+01 ; 9.8726059e+01 
3.500e+01 ; 9.600e+00 ; 1.200e+00 ; 3.7657001e+01 ; 9.9333946e+01 
3.500e+01 ; 9.600e+00 ; 1.200e+00 ; 3.7913001e+01 ; 1.0002682e+02 
3.500e+01 ; 9.600e+00 ; 1.200e+00 ; 3.8250001e+01 ; 1.0034339e+02 
3.500e+01 ; 9.600e+00 ; 1.200e+00 ; 3.8250001e+01 ; 1.0034339e+02 
3.500e+01 ; 9.600e+00 ; 1.200e+00 ; 3.8251001e+01 ; 1.0034432e+02 
3.500e+01 ; 9.600e+00 ; 1.200e+00 ; 3.8252001e+01 ; 1.0034525e+02 
3.500e+01 ; 9.600e+00 ; 1.200e+00 ; 3.8253001e+01 ; 1.0034618e+02 
3.500e+01 ; 9.600e+00 ; 1.200e+00 ; 3.8255001e+01 ; 1.0034800e+02 
3.500e+01 ; 9.600e+00 ; 1.200e+00 ; 3.8259001e+01 ; 1.0035157e+02 
3.500e+01 ; 9.600e+00 ; 1.200e+00 ; 3.8267001e+01 ; 1.0035838e+02 
3.500e+01 ; 9.600e+00 ; 1.200e+00 ; 3.8283001e+01 ; 1.0037074e+02 
3.500e+01 ; 9.600e+00 ; 1.200e+00 ; 3.8315001e+01 ; 1.0039059e+02 
3.500e+01 ; 9.600e+00 ; 1.200e+00 ; 3.8379001e+01 ; 1.0041267e+02 
3.500e+01 ; 9.600e+00 ; 1.200e+00 ; 3.8507001e+01 ; 1.0039861e+02 
3.500e+01 ; 9.600e+00 ; 1.200e+00 ; 3.8763001e+01 ; 1.0020977e+02 
3.500e+01 ; 9.600e+00 ; 1.200e+00 ; 3.9100001e+01 ; 9.9792671e+01 
3.500e+01 ; 9.600e+00 ; 1.200e+00 ; 3.9100001e+01 ; 9.9792671e+01 
3.500e+01 ; 9.600e+00 ; 1.200e+00 ; 3.9101001e+01 ; 9.9791428e+01 
3.500e+01 ; 9.600e+00 ; 1.200e+00 ; 3.9102001e+01 ; 9.9790192e+01 
3.500e+01 ; 9.600e+00 ; 1.200e+00 ; 3.9103001e+01 ; 9.9788948e+01 
3.500e+01 ; 9.600e+00 ; 1.200e+00 ; 3.9105001e+01 ; 9.9786453e+01 
3.500e+01 ; 9.600e+00 ; 1.200e+00 ; 3.9109001e+01 ; 9.9781456e+01 
3.500e+01 ; 9.600e+00 ; 1.200e+00 ; 3.9117001e+01 ; 9.9771355e+01 
3.500e+01 ; 9.600e+00 ; 1.200e+00 ; 3.9133001e+01 ; 9.9750801e+01 
3.500e+01 ; 9.600e+00 ; 1.200e+00 ; 3.9165001e+01 ; 9.9708351e+01 
3.500e+01 ; 9.600e+00 ; 1.200e+00 ; 3.9229001e+01 ; 9.9618721e+01 
3.500e+01 ; 9.600e+00 ; 1.200e+00 ; 3.9357001e+01 ; 9.9424667e+01 
3.500e+01 ; 9.600e+00 ; 1.200e+00 ; 3.9613001e+01 ; 9.9001099e+01 
3.500e+01 ; 9.600e+00 ; 1.200e+00 ; 3.9950001e+01 ; 9.8416840e+01 
3.500e+01 ; 9.600e+00 ; 1.200e+00 ; 3.9950001e+01 ; 9.8416840e+01 
3.500e+01 ; 9.600e+00 ; 1.200e+00 ; 3.9951001e+01 ; 9.8415100e+01 
3.500e+01 ; 9.600e+00 ; 1.200e+00 ; 3.9952001e+01 ; 9.8413368e+01 
3.500e+01 ; 9.600e+00 ; 1.200e+00 ; 3.9953001e+01 ; 9.8411636e+01 
3.500e+01 ; 9.600e+00 ; 1.200e+00 ; 3.9955001e+01 ; 9.8408165e+01 
3.500e+01 ; 9.600e+00 ; 1.200e+00 ; 3.9959001e+01 ; 9.8401222e+01 
3.500e+01 ; 9.600e+00 ; 1.200e+00 ; 3.9967001e+01 ; 9.8387321e+01 
3.500e+01 ; 9.600e+00 ; 1.200e+00 ; 3.9983001e+01 ; 9.8359467e+01 
3.500e+01 ; 9.600e+00 ; 1.200e+00 ; 4.0015001e+01 ; 9.8303574e+01 
3.500e+01 ; 9.600e+00 ; 1.200e+00 ; 4.0079001e+01 ; 9.8191254e+01 
3.500e+01 ; 9.600e+00 ; 1.200e+00 ; 4.0207001e+01 ; 9.7965691e+01 
3.500e+01 ; 9.600e+00 ; 1.200e+00 ; 4.0463001e+01 ; 9.7517883e+01 
3.500e+01 ; 9.600e+00 ; 1.200e+00 ; 4.0800001e+01 ; 9.6943588e+01 
3.500e+01 ; 9.600e+00 ; 1.200e+00 ; 4.0800001e+01 ; 9.6943588e+01 
3.500e+01 ; 9.600e+00 ; 1.200e+00 ; 4.0801001e+01 ; 9.6941887e+01 
3.500e+01 ; 9.600e+00 ; 1.200e+00 ; 4.0802001e+01 ; 9.6940178e+01 
3.500e+01 ; 9.600e+00 ; 1.200e+00 ; 4.0803001e+01 ; 9.6938477e+01 
3.500e+01 ; 9.600e+00 ; 1.200e+00 ; 4.0805001e+01 ; 9.6935066e+01 
3.500e+01 ; 9.600e+00 ; 1.200e+00 ; 4.0809001e+01 ; 9.6928253e+01 
3.500e+01 ; 9.600e+00 ; 1.200e+00 ; 4.0817001e+01 ; 9.6914642e+01 
3.500e+01 ; 9.600e+00 ; 1.200e+00 ; 4.0833001e+01 ; 9.6887451e+01 
3.500e+01 ; 9.600e+00 ; 1.200e+00 ; 4.0865001e+01 ; 9.6833214e+01 
3.500e+01 ; 9.600e+00 ; 1.200e+00 ; 4.0929001e+01 ; 9.6725403e+01 
3.500e+01 ; 9.600e+00 ; 1.200e+00 ; 4.1057001e+01 ; 9.6512733e+01 
3.500e+01 ; 9.600e+00 ; 1.200e+00 ; 4.1313001e+01 ; 9.6100662e+01 
3.500e+01 ; 9.600e+00 ; 1.200e+00 ; 4.1650001e+01 ; 9.5582657e+01 
3.500e+01 ; 9.600e+00 ; 1.200e+00 ; 4.1650001e+01 ; 9.5582657e+01 
3.500e+01 ; 9.600e+00 ; 1.200e+00 ; 4.1651001e+01 ; 9.5581123e+01 
3.500e+01 ; 9.600e+00 ; 1.200e+00 ; 4.1652001e+01 ; 9.5579582e+01 
3.500e+01 ; 9.600e+00 ; 1.200e+00 ; 4.1653001e+01 ; 9.5578049e+01 
3.500e+01 ; 9.600e+00 ; 1.200e+00 ; 4.1655001e+01 ; 9.5574974e+01 
3.500e+01 ; 9.600e+00 ; 1.200e+00 ; 4.1659001e+01 ; 9.5568840e+01 
3.500e+01 ; 9.600e+00 ; 1.200e+00 ; 4.1667001e+01 ; 9.5556572e+01 
3.500e+01 ; 9.600e+00 ; 1.200e+00 ; 4.1683001e+01 ; 9.5532089e+01 
3.500e+01 ; 9.600e+00 ; 1.200e+00 ; 4.1715001e+01 ; 9.5483353e+01 
3.500e+01 ; 9.600e+00 ; 1.200e+00 ; 4.1779001e+01 ; 9.5386772e+01 
3.500e+01 ; 9.600e+00 ; 1.200e+00 ; 4.1907001e+01 ; 9.5197220e+01 
3.500e+01 ; 9.600e+00 ; 1.200e+00 ; 4.2163001e+01 ; 9.4832397e+01 
3.500e+01 ; 9.600e+00 ; 1.200e+00 ; 4.2500001e+01 ; 9.4376099e+01 
3.500e+01 ; 9.600e+00 ; 1.200e+00 ; 4.2500001e+01 ; 9.4376099e+01 
3.500e+01 ; 9.600e+00 ; 1.200e+00 ; 4.2501001e+01 ; 9.4374741e+01 
3.500e+01 ; 9.600e+00 ; 1.200e+00 ; 4.2502001e+01 ; 9.4373390e+01 
3.500e+01 ; 9.600e+00 ; 1.200e+00 ; 4.2503001e+01 ; 9.4372040e+01 
3.500e+01 ; 9.600e+00 ; 1.200e+00 ; 4.2505001e+01 ; 9.4369331e+01 
3.500e+01 ; 9.600e+00 ; 1.200e+00 ; 4.2509001e+01 ; 9.4363922e+01 
3.500e+01 ; 9.600e+00 ; 1.200e+00 ; 4.2517001e+01 ; 9.4353119e+01 
3.500e+01 ; 9.600e+00 ; 1.200e+00 ; 4.2533001e+01 ; 9.4331566e+01 
3.500e+01 ; 9.600e+00 ; 1.200e+00 ; 4.2565001e+01 ; 9.4288673e+01 
3.500e+01 ; 9.600e+00 ; 1.200e+00 ; 4.2629001e+01 ; 9.4203743e+01 
3.500e+01 ; 9.600e+00 ; 1.200e+00 ; 4.2757001e+01 ; 9.4037231e+01 
3.500e+01 ; 9.600e+00 ; 1.200e+00 ; 4.3013001e+01 ; 9.3717117e+01 
3.500e+01 ; 9.600e+00 ; 1.200e+00 ; 4.3350001e+01 ; 9.3316864e+01 
3.500e+01 ; 9.600e+00 ; 1.200e+00 ; 4.3350001e+01 ; 9.3316864e+01 
3.500e+01 ; 9.600e+00 ; 1.200e+00 ; 4.3351001e+01 ; 9.3315681e+01 
3.500e+01 ; 9.600e+00 ; 1.200e+00 ; 4.3352001e+01 ; 9.3314491e+01 
3.500e+01 ; 9.600e+00 ; 1.200e+00 ; 4.3353001e+01 ; 9.3313309e+01 
3.500e+01 ; 9.600e+00 ; 1.200e+00 ; 4.3355001e+01 ; 9.3310928e+01 
3.500e+01 ; 9.600e+00 ; 1.200e+00 ; 4.3359001e+01 ; 9.3306190e+01 
3.500e+01 ; 9.600e+00 ; 1.200e+00 ; 4.3367001e+01 ; 9.3296715e+01 
3.500e+01 ; 9.600e+00 ; 1.200e+00 ; 4.3383001e+01 ; 9.3277809e+01 
3.500e+01 ; 9.600e+00 ; 1.200e+00 ; 4.3415001e+01 ; 9.3240189e+01 
3.500e+01 ; 9.600e+00 ; 1.200e+00 ; 4.3479001e+01 ; 9.3165688e+01 
3.500e+01 ; 9.600e+00 ; 1.200e+00 ; 4.3607001e+01 ; 9.3019615e+01 
3.500e+01 ; 9.600e+00 ; 1.200e+00 ; 4.3863001e+01 ; 9.2738640e+01 
3.500e+01 ; 9.600e+00 ; 1.200e+00 ; 4.4200001e+01 ; 9.2386993e+01 
3.500e+01 ; 9.600e+00 ; 1.200e+00 ; 4.4200001e+01 ; 9.2386993e+01 
3.500e+01 ; 9.600e+00 ; 1.200e+00 ; 4.4201001e+01 ; 9.2385956e+01 
3.500e+01 ; 9.600e+00 ; 1.200e+00 ; 4.4202001e+01 ; 9.2384911e+01 
3.500e+01 ; 9.600e+00 ; 1.200e+00 ; 4.4203001e+01 ; 9.2383865e+01 
3.500e+01 ; 9.600e+00 ; 1.200e+00 ; 4.4205001e+01 ; 9.2381783e+01 
3.500e+01 ; 9.600e+00 ; 1.200e+00 ; 4.4209001e+01 ; 9.2377609e+01 
3.500e+01 ; 9.600e+00 ; 1.200e+00 ; 4.4217001e+01 ; 9.2369286e+01 
3.500e+01 ; 9.600e+00 ; 1.200e+00 ; 4.4233001e+01 ; 9.2352676e+01 
3.500e+01 ; 9.600e+00 ; 1.200e+00 ; 4.4265001e+01 ; 9.2319618e+01 
3.500e+01 ; 9.600e+00 ; 1.200e+00 ; 4.4329001e+01 ; 9.2254143e+01 
3.500e+01 ; 9.600e+00 ; 1.200e+00 ; 4.4457001e+01 ; 9.2125702e+01 
3.500e+01 ; 9.600e+00 ; 1.200e+00 ; 4.4713001e+01 ; 9.1878441e+01 
3.500e+01 ; 9.600e+00 ; 1.200e+00 ; 4.5050001e+01 ; 9.1568665e+01 
3.500e+01 ; 9.600e+00 ; 1.200e+00 ; 4.5050001e+01 ; 9.1568665e+01 
3.500e+01 ; 9.600e+00 ; 1.200e+00 ; 4.5051001e+01 ; 9.1567741e+01 
3.500e+01 ; 9.600e+00 ; 1.200e+00 ; 4.5052001e+01 ; 9.1566826e+01 
3.500e+01 ; 9.600e+00 ; 1.200e+00 ; 4.5053001e+01 ; 9.1565910e+01 
3.500e+01 ; 9.600e+00 ; 1.200e+00 ; 4.5055001e+01 ; 9.1564072e+01 
3.500e+01 ; 9.600e+00 ; 1.200e+00 ; 4.5059001e+01 ; 9.1560402e+01 
3.500e+01 ; 9.600e+00 ; 1.200e+00 ; 4.5067001e+01 ; 9.1553062e+01 
3.500e+01 ; 9.600e+00 ; 1.200e+00 ; 4.5083001e+01 ; 9.1538429e+01 
3.500e+01 ; 9.600e+00 ; 1.200e+00 ; 4.5115001e+01 ; 9.1509300e+01 
3.500e+01 ; 9.600e+00 ; 1.200e+00 ; 4.5179001e+01 ; 9.1451599e+01 
3.500e+01 ; 9.600e+00 ; 1.200e+00 ; 4.5307001e+01 ; 9.1338364e+01 
3.500e+01 ; 9.600e+00 ; 1.200e+00 ; 4.5563001e+01 ; 9.1120216e+01 
3.500e+01 ; 9.600e+00 ; 1.200e+00 ; 4.5900001e+01 ; 9.0846718e+01 
3.500e+01 ; 9.600e+00 ; 1.200e+00 ; 4.5900001e+01 ; 9.0846718e+01 
3.500e+01 ; 9.600e+00 ; 1.200e+00 ; 4.5901001e+01 ; 9.0845909e+01 
3.500e+01 ; 9.600e+00 ; 1.200e+00 ; 4.5902001e+01 ; 9.0845093e+01 
3.500e+01 ; 9.600e+00 ; 1.200e+00 ; 4.5903001e+01 ; 9.0844284e+01 
3.500e+01 ; 9.600e+00 ; 1.200e+00 ; 4.5905001e+01 ; 9.0842667e+01 
3.500e+01 ; 9.600e+00 ; 1.200e+00 ; 4.5909001e+01 ; 9.0839424e+01 
3.500e+01 ; 9.600e+00 ; 1.200e+00 ; 4.5917001e+01 ; 9.0832947e+01 
3.500e+01 ; 9.600e+00 ; 1.200e+00 ; 4.5933001e+01 ; 9.0820023e+01 
3.500e+01 ; 9.600e+00 ; 1.200e+00 ; 4.5965001e+01 ; 9.0794304e+01 
3.500e+01 ; 9.600e+00 ; 1.200e+00 ; 4.6029001e+01 ; 9.0743347e+01 
3.500e+01 ; 9.600e+00 ; 1.200e+00 ; 4.6157001e+01 ; 9.0643326e+01 
3.500e+01 ; 9.600e+00 ; 1.200e+00 ; 4.6413001e+01 ; 9.0450691e+01 
3.500e+01 ; 9.600e+00 ; 1.200e+00 ; 4.6750001e+01 ; 9.0209526e+01 
3.500e+01 ; 9.600e+00 ; 1.200e+00 ; 4.6750001e+01 ; 9.0209526e+01 
3.500e+01 ; 9.600e+00 ; 1.200e+00 ; 4.6751001e+01 ; 9.0208809e+01 
3.500e+01 ; 9.600e+00 ; 1.200e+00 ; 4.6752001e+01 ; 9.0208092e+01 
3.500e+01 ; 9.600e+00 ; 1.200e+00 ; 4.6753001e+01 ; 9.0207382e+01 
3.500e+01 ; 9.600e+00 ; 1.200e+00 ; 4.6755001e+01 ; 9.0205948e+01 
3.500e+01 ; 9.600e+00 ; 1.200e+00 ; 4.6759001e+01 ; 9.0203087e+01 
3.500e+01 ; 9.600e+00 ; 1.200e+00 ; 4.6767001e+01 ; 9.0197380e+01 
3.500e+01 ; 9.600e+00 ; 1.200e+00 ; 4.6783001e+01 ; 9.0185989e+01 
3.500e+01 ; 9.600e+00 ; 1.200e+00 ; 4.6815001e+01 ; 9.0163315e+01 
3.500e+01 ; 9.600e+00 ; 1.200e+00 ; 4.6879001e+01 ; 9.0118423e+01 
3.500e+01 ; 9.600e+00 ; 1.200e+00 ; 4.7007001e+01 ; 9.0030495e+01 
3.500e+01 ; 9.600e+00 ; 1.200e+00 ; 4.7263001e+01 ; 8.9862495e+01 
3.500e+01 ; 9.600e+00 ; 1.200e+00 ; 4.7600001e+01 ; 8.9655922e+01 
3.500e+01 ; 9.600e+00 ; 1.200e+00 ; 4.7600001e+01 ; 8.9655922e+01 
3.500e+01 ; 9.600e+00 ; 1.200e+00 ; 4.7601001e+01 ; 8.9655304e+01 
3.500e+01 ; 9.600e+00 ; 1.200e+00 ; 4.7602001e+01 ; 8.9654694e+01 
3.500e+01 ; 9.600e+00 ; 1.200e+00 ; 4.7603001e+01 ; 8.9654083e+01 
3.500e+01 ; 9.600e+00 ; 1.200e+00 ; 4.7605001e+01 ; 8.9652863e+01 
3.500e+01 ; 9.600e+00 ; 1.200e+00 ; 4.7609001e+01 ; 8.9650429e+01 
3.500e+01 ; 9.600e+00 ; 1.200e+00 ; 4.7617001e+01 ; 8.9645592e+01 
3.500e+01 ; 9.600e+00 ; 1.200e+00 ; 4.7633001e+01 ; 8.9636063e+01 
3.500e+01 ; 9.600e+00 ; 1.200e+00 ; 4.7665001e+01 ; 8.9617638e+01 
3.500e+01 ; 9.600e+00 ; 1.200e+00 ; 4.7729001e+01 ; 8.9583710e+01 
3.500e+01 ; 9.600e+00 ; 1.200e+00 ; 4.7857001e+01 ; 8.9529175e+01 
3.500e+01 ; 9.600e+00 ; 1.200e+00 ; 4.8113001e+01 ; 8.9472603e+01 
3.500e+01 ; 9.600e+00 ; 1.200e+00 ; 4.8450001e+01 ; 8.9468620e+01 
3.500e+01 ; 9.600e+00 ; 1.200e+00 ; 4.8450001e+01 ; 8.9468620e+01 
3.500e+01 ; 9.600e+00 ; 1.200e+00 ; 4.8451001e+01 ; 8.9468613e+01 
3.500e+01 ; 9.600e+00 ; 1.200e+00 ; 4.8452001e+01 ; 8.9468605e+01 
3.500e+01 ; 9.600e+00 ; 1.200e+00 ; 4.8453001e+01 ; 8.9468597e+01 
3.500e+01 ; 9.600e+00 ; 1.200e+00 ; 4.8455001e+01 ; 8.9468590e+01 
3.500e+01 ; 9.600e+00 ; 1.200e+00 ; 4.8459001e+01 ; 8.9468597e+01 
3.500e+01 ; 9.600e+00 ; 1.200e+00 ; 4.8467001e+01 ; 8.9468719e+01 
3.500e+01 ; 9.600e+00 ; 1.200e+00 ; 4.8483001e+01 ; 8.9469383e+01 
3.500e+01 ; 9.600e+00 ; 1.200e+00 ; 4.8515001e+01 ; 8.9472549e+01 
3.500e+01 ; 9.600e+00 ; 1.200e+00 ; 4.8579001e+01 ; 8.9486748e+01 
3.500e+01 ; 9.600e+00 ; 1.200e+00 ; 4.8707001e+01 ; 8.9548164e+01 
3.500e+01 ; 9.600e+00 ; 1.200e+00 ; 4.8963001e+01 ; 8.9787781e+01 
3.500e+01 ; 9.600e+00 ; 1.200e+00 ; 4.9300001e+01 ; 9.0237099e+01 
3.500e+01 ; 9.600e+00 ; 1.200e+00 ; 4.9300001e+01 ; 9.0237099e+01 
3.500e+01 ; 9.600e+00 ; 1.200e+00 ; 4.9301001e+01 ; 9.0238434e+01 
3.500e+01 ; 9.600e+00 ; 1.200e+00 ; 4.9302001e+01 ; 9.0239777e+01 
3.500e+01 ; 9.600e+00 ; 1.200e+00 ; 4.9303001e+01 ; 9.0241112e+01 
3.500e+01 ; 9.600e+00 ; 1.200e+00 ; 4.9305001e+01 ; 9.0243797e+01 
3.500e+01 ; 9.600e+00 ; 1.200e+00 ; 4.9309001e+01 ; 9.0249207e+01 
3.500e+01 ; 9.600e+00 ; 1.200e+00 ; 4.9317001e+01 ; 9.0260155e+01 
3.500e+01 ; 9.600e+00 ; 1.200e+00 ; 4.9333001e+01 ; 9.0282570e+01 
3.500e+01 ; 9.600e+00 ; 1.200e+00 ; 4.9365001e+01 ; 9.0329514e+01 
3.500e+01 ; 9.600e+00 ; 1.200e+00 ; 4.9429001e+01 ; 9.0431717e+01 
3.500e+01 ; 9.600e+00 ; 1.200e+00 ; 4.9557001e+01 ; 9.0666718e+01 
3.500e+01 ; 9.600e+00 ; 1.200e+00 ; 4.9813001e+01 ; 9.1225586e+01 
3.500e+01 ; 9.600e+00 ; 1.200e+00 ; 5.0150001e+01 ; 9.2031410e+01 
3.500e+01 ; 9.600e+00 ; 1.200e+00 ; 5.0150001e+01 ; 9.2031410e+01 
3.500e+01 ; 9.600e+00 ; 1.200e+00 ; 5.0151001e+01 ; 9.2033806e+01 
3.500e+01 ; 9.600e+00 ; 1.200e+00 ; 5.0152001e+01 ; 9.2036201e+01 
3.500e+01 ; 9.600e+00 ; 1.200e+00 ; 5.0153001e+01 ; 9.2038589e+01 
3.500e+01 ; 9.600e+00 ; 1.200e+00 ; 5.0155001e+01 ; 9.2043381e+01 
3.500e+01 ; 9.600e+00 ; 1.200e+00 ; 5.0159001e+01 ; 9.2052979e+01 
3.500e+01 ; 9.600e+00 ; 1.200e+00 ; 5.0167001e+01 ; 9.2072227e+01 
3.500e+01 ; 9.600e+00 ; 1.200e+00 ; 5.0183001e+01 ; 9.2110924e+01 
3.500e+01 ; 9.600e+00 ; 1.200e+00 ; 5.0215001e+01 ; 9.2189056e+01 
3.500e+01 ; 9.600e+00 ; 1.200e+00 ; 5.0279001e+01 ; 9.2347542e+01 
3.500e+01 ; 9.600e+00 ; 1.200e+00 ; 5.0407001e+01 ; 9.2668709e+01 
3.500e+01 ; 9.600e+00 ; 1.200e+00 ; 5.0663001e+01 ; 9.3299339e+01 
3.500e+01 ; 9.600e+00 ; 1.200e+00 ; 5.1000001e+01 ; 9.4065926e+01 
3.500e+01 ; 9.600e+00 ; 1.200e+00 ; 5.1000001e+01 ; 9.4065926e+01 
3.500e+01 ; 9.600e+00 ; 1.200e+00 ; 5.1001001e+01 ; 9.4068199e+01 
3.500e+01 ; 9.600e+00 ; 1.200e+00 ; 5.1002001e+01 ; 9.4070473e+01 
3.500e+01 ; 9.600e+00 ; 1.200e+00 ; 5.1003001e+01 ; 9.4072746e+01 
3.500e+01 ; 9.600e+00 ; 1.200e+00 ; 5.1005001e+01 ; 9.4077293e+01 
3.500e+01 ; 9.600e+00 ; 1.200e+00 ; 5.1009001e+01 ; 9.4086372e+01 
3.500e+01 ; 9.600e+00 ; 1.200e+00 ; 5.1017001e+01 ; 9.4104492e+01 
3.500e+01 ; 9.600e+00 ; 1.200e+00 ; 5.1033001e+01 ; 9.4140572e+01 
3.500e+01 ; 9.600e+00 ; 1.200e+00 ; 5.1065001e+01 ; 9.4212051e+01 
3.500e+01 ; 9.600e+00 ; 1.200e+00 ; 5.1129001e+01 ; 9.4351967e+01 
3.500e+01 ; 9.600e+00 ; 1.200e+00 ; 5.1257001e+01 ; 9.4617699e+01 
3.500e+01 ; 9.600e+00 ; 1.200e+00 ; 5.1513001e+01 ; 9.5085732e+01 
3.500e+01 ; 9.600e+00 ; 1.200e+00 ; 5.1850001e+01 ; 9.5590652e+01 
3.500e+01 ; 9.600e+00 ; 1.200e+00 ; 5.1850001e+01 ; 9.5590652e+01 
3.500e+01 ; 9.600e+00 ; 1.200e+00 ; 5.1851001e+01 ; 9.5592148e+01 
3.500e+01 ; 9.600e+00 ; 1.200e+00 ; 5.1852001e+01 ; 9.5593643e+01 
3.500e+01 ; 9.600e+00 ; 1.200e+00 ; 5.1853001e+01 ; 9.5595139e+01 
3.500e+01 ; 9.600e+00 ; 1.200e+00 ; 5.1855001e+01 ; 9.5598129e+01 
3.500e+01 ; 9.600e+00 ; 1.200e+00 ; 5.1859001e+01 ; 9.5604088e+01 
3.500e+01 ; 9.600e+00 ; 1.200e+00 ; 5.1867001e+01 ; 9.5615936e+01 
3.500e+01 ; 9.600e+00 ; 1.200e+00 ; 5.1883001e+01 ; 9.5639397e+01 
3.500e+01 ; 9.600e+00 ; 1.200e+00 ; 5.1915001e+01 ; 9.5685303e+01 
3.500e+01 ; 9.600e+00 ; 1.200e+00 ; 5.1979001e+01 ; 9.5773132e+01 
3.500e+01 ; 9.600e+00 ; 1.200e+00 ; 5.2107001e+01 ; 9.5933220e+01 
3.500e+01 ; 9.600e+00 ; 1.200e+00 ; 5.2363001e+01 ; 9.6195473e+01 
3.500e+01 ; 9.600e+00 ; 1.200e+00 ; 5.2700001e+01 ; 9.6452293e+01 
3.500e+01 ; 9.600e+00 ; 1.200e+00 ; 5.2700001e+01 ; 9.6452293e+01 
3.500e+01 ; 9.600e+00 ; 1.200e+00 ; 5.2701001e+01 ; 9.6453056e+01 
3.500e+01 ; 9.600e+00 ; 1.200e+00 ; 5.2702001e+01 ; 9.6453819e+01 
3.500e+01 ; 9.600e+00 ; 1.200e+00 ; 5.2703001e+01 ; 9.6454575e+01 
3.500e+01 ; 9.600e+00 ; 1.200e+00 ; 5.2705001e+01 ; 9.6456093e+01 
3.500e+01 ; 9.600e+00 ; 1.200e+00 ; 5.2709001e+01 ; 9.6459114e+01 
3.500e+01 ; 9.600e+00 ; 1.200e+00 ; 5.2717001e+01 ; 9.6465103e+01 
3.500e+01 ; 9.600e+00 ; 1.200e+00 ; 5.2733001e+01 ; 9.6476891e+01 
3.500e+01 ; 9.600e+00 ; 1.200e+00 ; 5.2765001e+01 ; 9.6499687e+01 
3.500e+01 ; 9.600e+00 ; 1.200e+00 ; 5.2829001e+01 ; 9.6542259e+01 
3.500e+01 ; 9.600e+00 ; 1.200e+00 ; 5.2957001e+01 ; 9.6616013e+01 
3.500e+01 ; 9.600e+00 ; 1.200e+00 ; 5.3213001e+01 ; 9.6723289e+01 
3.500e+01 ; 9.600e+00 ; 1.200e+00 ; 5.3550002e+01 ; 9.6805832e+01 
3.500e+01 ; 9.600e+00 ; 1.200e+00 ; 5.3550002e+01 ; 9.6805832e+01 
3.500e+01 ; 9.600e+00 ; 1.200e+00 ; 5.3551002e+01 ; 9.6806076e+01 
3.500e+01 ; 9.600e+00 ; 1.200e+00 ; 5.3552002e+01 ; 9.6806320e+01 
3.500e+01 ; 9.600e+00 ; 1.200e+00 ; 5.3553002e+01 ; 9.6806564e+01 
3.500e+01 ; 9.600e+00 ; 1.200e+00 ; 5.3555002e+01 ; 9.6807045e+01 
3.500e+01 ; 9.600e+00 ; 1.200e+00 ; 5.3559002e+01 ; 9.6808006e+01 
3.500e+01 ; 9.600e+00 ; 1.200e+00 ; 5.3567002e+01 ; 9.6809898e+01 
3.500e+01 ; 9.600e+00 ; 1.200e+00 ; 5.3583002e+01 ; 9.6813545e+01 
3.500e+01 ; 9.600e+00 ; 1.200e+00 ; 5.3615001e+01 ; 9.6820335e+01 
3.500e+01 ; 9.600e+00 ; 1.200e+00 ; 5.3679001e+01 ; 9.6831947e+01 
3.500e+01 ; 9.600e+00 ; 1.200e+00 ; 5.3807002e+01 ; 9.6847855e+01 
3.500e+01 ; 9.600e+00 ; 1.200e+00 ; 5.4063002e+01 ; 9.6854401e+01 
3.500e+01 ; 9.600e+00 ; 1.200e+00 ; 5.4400002e+01 ; 9.6826988e+01 
3.500e+01 ; 9.600e+00 ; 1.200e+00 ; 5.4400002e+01 ; 9.6826988e+01 
3.500e+01 ; 9.600e+00 ; 1.200e+00 ; 5.4401002e+01 ; 9.6826912e+01 
3.500e+01 ; 9.600e+00 ; 1.200e+00 ; 5.4402002e+01 ; 9.6826828e+01 
3.500e+01 ; 9.600e+00 ; 1.200e+00 ; 5.4403002e+01 ; 9.6826744e+01 
3.500e+01 ; 9.600e+00 ; 1.200e+00 ; 5.4405002e+01 ; 9.6826576e+01 
3.500e+01 ; 9.600e+00 ; 1.200e+00 ; 5.4409002e+01 ; 9.6826241e+01 
3.500e+01 ; 9.600e+00 ; 1.200e+00 ; 5.4417002e+01 ; 9.6825546e+01 
3.500e+01 ; 9.600e+00 ; 1.200e+00 ; 5.4433002e+01 ; 9.6824081e+01 
3.500e+01 ; 9.600e+00 ; 1.200e+00 ; 5.4465002e+01 ; 9.6820839e+01 
3.500e+01 ; 9.600e+00 ; 1.200e+00 ; 5.4529002e+01 ; 9.6813156e+01 
3.500e+01 ; 9.600e+00 ; 1.200e+00 ; 5.4657002e+01 ; 9.6793373e+01 
3.500e+01 ; 9.600e+00 ; 1.200e+00 ; 5.4913002e+01 ; 9.6738792e+01 
3.500e+01 ; 9.600e+00 ; 1.200e+00 ; 5.5250002e+01 ; 9.6645912e+01 
3.500e+01 ; 9.600e+00 ; 1.200e+00 ; 5.5250002e+01 ; 9.6645912e+01 
3.500e+01 ; 9.600e+00 ; 1.200e+00 ; 5.5251002e+01 ; 9.6645638e+01 
3.500e+01 ; 9.600e+00 ; 1.200e+00 ; 5.5252002e+01 ; 9.6645355e+01 
3.500e+01 ; 9.600e+00 ; 1.200e+00 ; 5.5253002e+01 ; 9.6645081e+01 
3.500e+01 ; 9.600e+00 ; 1.200e+00 ; 5.5255002e+01 ; 9.6644531e+01 
3.500e+01 ; 9.600e+00 ; 1.200e+00 ; 5.5259002e+01 ; 9.6643417e+01 
3.500e+01 ; 9.600e+00 ; 1.200e+00 ; 5.5267002e+01 ; 9.6641190e+01 
3.500e+01 ; 9.600e+00 ; 1.200e+00 ; 5.5283002e+01 ; 9.6636688e+01 
3.500e+01 ; 9.600e+00 ; 1.200e+00 ; 5.5315002e+01 ; 9.6627495e+01 
3.500e+01 ; 9.600e+00 ; 1.200e+00 ; 5.5379002e+01 ; 9.6608414e+01 
3.500e+01 ; 9.600e+00 ; 1.200e+00 ; 5.5507002e+01 ; 9.6567719e+01 
3.500e+01 ; 9.600e+00 ; 1.200e+00 ; 5.5763002e+01 ; 9.6477852e+01 
3.500e+01 ; 9.600e+00 ; 1.200e+00 ; 5.6100002e+01 ; 9.6347954e+01 
3.500e+01 ; 9.600e+00 ; 1.200e+00 ; 5.6100002e+01 ; 9.6347954e+01 
3.500e+01 ; 9.600e+00 ; 1.200e+00 ; 5.6101002e+01 ; 9.6347572e+01 
3.500e+01 ; 9.600e+00 ; 1.200e+00 ; 5.6102002e+01 ; 9.6347183e+01 
3.500e+01 ; 9.600e+00 ; 1.200e+00 ; 5.6103002e+01 ; 9.6346802e+01 
3.500e+01 ; 9.600e+00 ; 1.200e+00 ; 5.6105002e+01 ; 9.6346031e+01 
3.500e+01 ; 9.600e+00 ; 1.200e+00 ; 5.6109002e+01 ; 9.6344482e+01 
3.500e+01 ; 9.600e+00 ; 1.200e+00 ; 5.6117002e+01 ; 9.6341385e+01 
3.500e+01 ; 9.600e+00 ; 1.200e+00 ; 5.6133002e+01 ; 9.6335167e+01 
3.500e+01 ; 9.600e+00 ; 1.200e+00 ; 5.6165002e+01 ; 9.6322624e+01 
3.500e+01 ; 9.600e+00 ; 1.200e+00 ; 5.6229002e+01 ; 9.6297173e+01 
3.500e+01 ; 9.600e+00 ; 1.200e+00 ; 5.6357002e+01 ; 9.6244896e+01 
3.500e+01 ; 9.600e+00 ; 1.200e+00 ; 5.6613002e+01 ; 9.6135925e+01 
3.500e+01 ; 9.600e+00 ; 1.200e+00 ; 5.6950002e+01 ; 9.5986732e+01 
3.500e+01 ; 9.600e+00 ; 1.200e+00 ; 5.6950002e+01 ; 9.5986732e+01 
3.500e+01 ; 9.600e+00 ; 1.200e+00 ; 5.6951002e+01 ; 9.5986290e+01 
3.500e+01 ; 9.600e+00 ; 1.200e+00 ; 5.6952002e+01 ; 9.5985847e+01 
3.500e+01 ; 9.600e+00 ; 1.200e+00 ; 5.6953002e+01 ; 9.5985405e+01 
3.500e+01 ; 9.600e+00 ; 1.200e+00 ; 5.6955002e+01 ; 9.5984520e+01 
3.500e+01 ; 9.600e+00 ; 1.200e+00 ; 5.6959002e+01 ; 9.5982750e+01 
3.500e+01 ; 9.600e+00 ; 1.200e+00 ; 5.6967002e+01 ; 9.5979202e+01 
3.500e+01 ; 9.600e+00 ; 1.200e+00 ; 5.6983002e+01 ; 9.5972092e+01 
3.500e+01 ; 9.600e+00 ; 1.200e+00 ; 5.7015002e+01 ; 9.5957825e+01 
3.500e+01 ; 9.600e+00 ; 1.200e+00 ; 5.7079002e+01 ; 9.5929108e+01 
3.500e+01 ; 9.600e+00 ; 1.200e+00 ; 5.7207002e+01 ; 9.5871040e+01 
3.500e+01 ; 9.600e+00 ; 1.200e+00 ; 5.7463002e+01 ; 9.5752991e+01 
3.500e+01 ; 9.600e+00 ; 1.200e+00 ; 5.7800002e+01 ; 9.5595467e+01 
3.500e+01 ; 9.600e+00 ; 1.200e+00 ; 5.7800002e+01 ; 9.5595467e+01 
3.500e+01 ; 9.600e+00 ; 1.200e+00 ; 5.7801002e+01 ; 9.5595001e+01 
3.500e+01 ; 9.600e+00 ; 1.200e+00 ; 5.7802002e+01 ; 9.5594536e+01 
3.500e+01 ; 9.600e+00 ; 1.200e+00 ; 5.7803002e+01 ; 9.5594070e+01 
3.500e+01 ; 9.600e+00 ; 1.200e+00 ; 5.7805002e+01 ; 9.5593132e+01 
3.500e+01 ; 9.600e+00 ; 1.200e+00 ; 5.7809002e+01 ; 9.5591263e+01 
3.500e+01 ; 9.600e+00 ; 1.200e+00 ; 5.7817002e+01 ; 9.5587517e+01 
3.500e+01 ; 9.600e+00 ; 1.200e+00 ; 5.7833002e+01 ; 9.5580032e+01 
3.500e+01 ; 9.600e+00 ; 1.200e+00 ; 5.7865002e+01 ; 9.5565041e+01 
3.500e+01 ; 9.600e+00 ; 1.200e+00 ; 5.7929002e+01 ; 9.5534988e+01 
3.500e+01 ; 9.600e+00 ; 1.200e+00 ; 5.8057002e+01 ; 9.5474709e+01 
3.500e+01 ; 9.600e+00 ; 1.200e+00 ; 5.8313002e+01 ; 9.5353798e+01 
3.500e+01 ; 9.600e+00 ; 1.200e+00 ; 5.8650002e+01 ; 9.5194771e+01 
3.500e+01 ; 9.600e+00 ; 1.200e+00 ; 5.8650002e+01 ; 9.5194771e+01 
3.500e+01 ; 9.600e+00 ; 1.200e+00 ; 5.8651002e+01 ; 9.5194298e+01 
3.500e+01 ; 9.600e+00 ; 1.200e+00 ; 5.8652002e+01 ; 9.5193825e+01 
3.500e+01 ; 9.600e+00 ; 1.200e+00 ; 5.8653002e+01 ; 9.5193352e+01 
3.500e+01 ; 9.600e+00 ; 1.200e+00 ; 5.8655002e+01 ; 9.5192406e+01 
3.500e+01 ; 9.600e+00 ; 1.200e+00 ; 5.8659002e+01 ; 9.5190521e+01 
3.500e+01 ; 9.600e+00 ; 1.200e+00 ; 5.8667002e+01 ; 9.5186745e+01 
3.500e+01 ; 9.600e+00 ; 1.200e+00 ; 5.8683002e+01 ; 9.5179199e+01 
3.500e+01 ; 9.600e+00 ; 1.200e+00 ; 5.8715002e+01 ; 9.5164101e+01 
3.500e+01 ; 9.600e+00 ; 1.200e+00 ; 5.8779002e+01 ; 9.5133926e+01 
3.500e+01 ; 9.600e+00 ; 1.200e+00 ; 5.8907002e+01 ; 9.5073669e+01 
3.500e+01 ; 9.600e+00 ; 1.200e+00 ; 5.9163002e+01 ; 9.4953835e+01 
3.500e+01 ; 9.600e+00 ; 1.200e+00 ; 5.9500002e+01 ; 9.4797852e+01 
3.500e+01 ; 9.600e+00 ; 1.200e+00 ; 5.9500002e+01 ; 9.4797852e+01 
3.500e+01 ; 9.600e+00 ; 1.200e+00 ; 5.9501002e+01 ; 9.4797394e+01 
3.500e+01 ; 9.600e+00 ; 1.200e+00 ; 5.9502002e+01 ; 9.4796928e+01 
3.500e+01 ; 9.600e+00 ; 1.200e+00 ; 5.9503002e+01 ; 9.4796463e+01 
3.500e+01 ; 9.600e+00 ; 1.200e+00 ; 5.9505002e+01 ; 9.4795540e+01 
3.500e+01 ; 9.600e+00 ; 1.200e+00 ; 5.9509002e+01 ; 9.4793686e+01 
3.500e+01 ; 9.600e+00 ; 1.200e+00 ; 5.9517002e+01 ; 9.4789986e+01 
3.500e+01 ; 9.600e+00 ; 1.200e+00 ; 5.9533002e+01 ; 9.4782593e+01 
3.500e+01 ; 9.600e+00 ; 1.200e+00 ; 5.9565002e+01 ; 9.4767815e+01 
3.500e+01 ; 9.600e+00 ; 1.200e+00 ; 5.9629002e+01 ; 9.4738358e+01 
3.500e+01 ; 9.600e+00 ; 1.200e+00 ; 5.9757002e+01 ; 9.4679947e+01 
3.500e+01 ; 9.600e+00 ; 1.200e+00 ; 6.0013002e+01 ; 9.4566086e+01 
3.500e+01 ; 9.600e+00 ; 1.200e+00 ; 6.0350002e+01 ; 9.4422852e+01 
3.500e+01 ; 9.600e+00 ; 1.200e+00 ; 6.0350002e+01 ; 9.4422852e+01 
3.500e+01 ; 9.600e+00 ; 1.200e+00 ; 6.0351002e+01 ; 9.4422432e+01 
3.500e+01 ; 9.600e+00 ; 1.200e+00 ; 6.0352002e+01 ; 9.4422005e+01 
3.500e+01 ; 9.600e+00 ; 1.200e+00 ; 6.0353002e+01 ; 9.4421577e+01 
3.500e+01 ; 9.600e+00 ; 1.200e+00 ; 6.0355002e+01 ; 9.4420731e+01 
3.500e+01 ; 9.600e+00 ; 1.200e+00 ; 6.0359002e+01 ; 9.4419029e+01 
3.500e+01 ; 9.600e+00 ; 1.200e+00 ; 6.0367002e+01 ; 9.4415642e+01 
3.500e+01 ; 9.600e+00 ; 1.200e+00 ; 6.0383002e+01 ; 9.4408875e+01 
3.500e+01 ; 9.600e+00 ; 1.200e+00 ; 6.0415002e+01 ; 9.4395409e+01 
3.500e+01 ; 9.600e+00 ; 1.200e+00 ; 6.0479002e+01 ; 9.4368828e+01 
3.500e+01 ; 9.600e+00 ; 1.200e+00 ; 6.0607002e+01 ; 9.4317497e+01 
3.500e+01 ; 9.600e+00 ; 1.200e+00 ; 6.0863002e+01 ; 9.4225197e+01 
3.500e+01 ; 9.600e+00 ; 1.200e+00 ; 6.1200002e+01 ; 9.4125153e+01 
3.500e+01 ; 9.600e+00 ; 1.200e+00 ; 6.1200002e+01 ; 9.4125153e+01 
3.500e+01 ; 9.600e+00 ; 1.200e+00 ; 6.1201002e+01 ; 9.4124855e+01 
3.500e+01 ; 9.600e+00 ; 1.200e+00 ; 6.1202002e+01 ; 9.4124557e+01 
3.500e+01 ; 9.600e+00 ; 1.200e+00 ; 6.1203002e+01 ; 9.4124268e+01 
3.500e+01 ; 9.600e+00 ; 1.200e+00 ; 6.1205002e+01 ; 9.4123672e+01 
3.500e+01 ; 9.600e+00 ; 1.200e+00 ; 6.1209002e+01 ; 9.4122490e+01 
3.500e+01 ; 9.600e+00 ; 1.200e+00 ; 6.1217002e+01 ; 9.4120140e+01 
3.500e+01 ; 9.600e+00 ; 1.200e+00 ; 6.1233002e+01 ; 9.4115494e+01 
3.500e+01 ; 9.600e+00 ; 1.200e+00 ; 6.1265002e+01 ; 9.4106422e+01 
3.500e+01 ; 9.600e+00 ; 1.200e+00 ; 6.1329002e+01 ; 9.4089226e+01 
3.500e+01 ; 9.600e+00 ; 1.200e+00 ; 6.1457002e+01 ; 9.4059395e+01 
3.500e+01 ; 9.600e+00 ; 1.200e+00 ; 6.1713002e+01 ; 9.4022133e+01 
3.500e+01 ; 9.600e+00 ; 1.200e+00 ; 6.2050002e+01 ; 9.4014694e+01 
3.500e+01 ; 9.600e+00 ; 1.200e+00 ; 6.2050002e+01 ; 9.4014694e+01 
3.500e+01 ; 9.600e+00 ; 1.200e+00 ; 6.2051002e+01 ; 9.4014679e+01 
3.500e+01 ; 9.600e+00 ; 1.200e+00 ; 6.2052002e+01 ; 9.4014656e+01 
3.500e+01 ; 9.600e+00 ; 1.200e+00 ; 6.2053002e+01 ; 9.4014633e+01 
3.500e+01 ; 9.600e+00 ; 1.200e+00 ; 6.2055002e+01 ; 9.4014595e+01 
3.500e+01 ; 9.600e+00 ; 1.200e+00 ; 6.2059002e+01 ; 9.4014519e+01 
3.500e+01 ; 9.600e+00 ; 1.200e+00 ; 6.2067002e+01 ; 9.4014389e+01 
3.500e+01 ; 9.600e+00 ; 1.200e+00 ; 6.2083002e+01 ; 9.4014236e+01 
3.500e+01 ; 9.600e+00 ; 1.200e+00 ; 6.2115002e+01 ; 9.4014320e+01 
3.500e+01 ; 9.600e+00 ; 1.200e+00 ; 6.2179002e+01 ; 9.4016129e+01 
3.500e+01 ; 9.600e+00 ; 1.200e+00 ; 6.2307002e+01 ; 9.4026779e+01 
3.500e+01 ; 9.600e+00 ; 1.200e+00 ; 6.2563002e+01 ; 9.4077591e+01 
3.500e+01 ; 9.600e+00 ; 1.200e+00 ; 6.2900002e+01 ; 9.4192413e+01 
3.500e+01 ; 9.600e+00 ; 1.200e+00 ; 6.2900002e+01 ; 9.4192413e+01 
3.500e+01 ; 9.600e+00 ; 1.200e+00 ; 6.2901002e+01 ; 9.4192757e+01 
3.500e+01 ; 9.600e+00 ; 1.200e+00 ; 6.2902002e+01 ; 9.4193100e+01 
3.500e+01 ; 9.600e+00 ; 1.200e+00 ; 6.2903002e+01 ; 9.4193443e+01 
3.500e+01 ; 9.600e+00 ; 1.200e+00 ; 6.2905002e+01 ; 9.4194130e+01 
3.500e+01 ; 9.600e+00 ; 1.200e+00 ; 6.2909002e+01 ; 9.4195503e+01 
3.500e+01 ; 9.600e+00 ; 1.200e+00 ; 6.2917002e+01 ; 9.4198288e+01 
3.500e+01 ; 9.600e+00 ; 1.200e+00 ; 6.2933002e+01 ; 9.4203964e+01 
3.500e+01 ; 9.600e+00 ; 1.200e+00 ; 6.2965002e+01 ; 9.4215744e+01 
3.500e+01 ; 9.600e+00 ; 1.200e+00 ; 6.3029002e+01 ; 9.4241020e+01 
3.500e+01 ; 9.600e+00 ; 1.200e+00 ; 6.3157002e+01 ; 9.4298233e+01 
3.500e+01 ; 9.600e+00 ; 1.200e+00 ; 6.3413002e+01 ; 9.4436234e+01 
3.500e+01 ; 9.600e+00 ; 1.200e+00 ; 6.3750002e+01 ; 9.4649330e+01 
3.500e+01 ; 9.600e+00 ; 1.200e+00 ; 6.3750002e+01 ; 9.4649330e+01 
3.500e+01 ; 9.600e+00 ; 1.200e+00 ; 6.3751002e+01 ; 9.4649963e+01 
3.500e+01 ; 9.600e+00 ; 1.200e+00 ; 6.3752002e+01 ; 9.4650597e+01 
3.500e+01 ; 9.600e+00 ; 1.200e+00 ; 6.3753002e+01 ; 9.4651230e+01 
3.500e+01 ; 9.600e+00 ; 1.200e+00 ; 6.3755002e+01 ; 9.4652496e+01 
3.500e+01 ; 9.600e+00 ; 1.200e+00 ; 6.3759002e+01 ; 9.4655037e+01 
3.500e+01 ; 9.600e+00 ; 1.200e+00 ; 6.3767002e+01 ; 9.4660133e+01 
3.500e+01 ; 9.600e+00 ; 1.200e+00 ; 6.3783002e+01 ; 9.4670395e+01 
3.500e+01 ; 9.600e+00 ; 1.200e+00 ; 6.3815002e+01 ; 9.4691185e+01 
3.500e+01 ; 9.600e+00 ; 1.200e+00 ; 6.3879002e+01 ; 9.4733765e+01 
3.500e+01 ; 9.600e+00 ; 1.200e+00 ; 6.4007002e+01 ; 9.4822350e+01 
3.500e+01 ; 9.600e+00 ; 1.200e+00 ; 6.4263002e+01 ; 9.5008553e+01 
3.500e+01 ; 9.600e+00 ; 1.200e+00 ; 6.4600002e+01 ; 9.5259689e+01 
3.500e+01 ; 9.600e+00 ; 1.200e+00 ; 6.4600002e+01 ; 9.5259689e+01 
3.500e+01 ; 9.600e+00 ; 1.200e+00 ; 6.4601002e+01 ; 9.5260437e+01 
3.500e+01 ; 9.600e+00 ; 1.200e+00 ; 6.4602002e+01 ; 9.5261185e+01 
3.500e+01 ; 9.600e+00 ; 1.200e+00 ; 6.4603002e+01 ; 9.5261932e+01 
3.500e+01 ; 9.600e+00 ; 1.200e+00 ; 6.4605002e+01 ; 9.5263420e+01 
3.500e+01 ; 9.600e+00 ; 1.200e+00 ; 6.4609002e+01 ; 9.5266403e+01 
3.500e+01 ; 9.600e+00 ; 1.200e+00 ; 6.4617002e+01 ; 9.5272369e+01 
3.500e+01 ; 9.600e+00 ; 1.200e+00 ; 6.4633002e+01 ; 9.5284317e+01 
3.500e+01 ; 9.600e+00 ; 1.200e+00 ; 6.4665002e+01 ; 9.5308250e+01 
3.500e+01 ; 9.600e+00 ; 1.200e+00 ; 6.4729002e+01 ; 9.5356209e+01 
3.500e+01 ; 9.600e+00 ; 1.200e+00 ; 6.4857002e+01 ; 9.5451988e+01 
3.500e+01 ; 9.600e+00 ; 1.200e+00 ; 6.5113002e+01 ; 9.5639717e+01 
3.500e+01 ; 9.600e+00 ; 1.200e+00 ; 6.5450002e+01 ; 9.5874588e+01 
3.500e+01 ; 9.600e+00 ; 1.200e+00 ; 6.5450002e+01 ; 9.5874588e+01 
3.500e+01 ; 9.600e+00 ; 1.200e+00 ; 6.5451002e+01 ; 9.5875282e+01 
3.500e+01 ; 9.600e+00 ; 1.200e+00 ; 6.5452002e+01 ; 9.5875984e+01 
3.500e+01 ; 9.600e+00 ; 1.200e+00 ; 6.5453002e+01 ; 9.5876678e+01 
3.500e+01 ; 9.600e+00 ; 1.200e+00 ; 6.5455002e+01 ; 9.5878067e+01 
3.500e+01 ; 9.600e+00 ; 1.200e+00 ; 6.5459002e+01 ; 9.5880852e+01 
3.500e+01 ; 9.600e+00 ; 1.200e+00 ; 6.5467002e+01 ; 9.5886414e+01 
3.500e+01 ; 9.600e+00 ; 1.200e+00 ; 6.5483002e+01 ; 9.5897507e+01 
3.500e+01 ; 9.600e+00 ; 1.200e+00 ; 6.5515002e+01 ; 9.5919571e+01 
3.500e+01 ; 9.600e+00 ; 1.200e+00 ; 6.5579002e+01 ; 9.5963188e+01 
3.500e+01 ; 9.600e+00 ; 1.200e+00 ; 6.5707002e+01 ; 9.6048126e+01 
3.500e+01 ; 9.600e+00 ; 1.200e+00 ; 6.5963002e+01 ; 9.6207451e+01 
3.500e+01 ; 9.600e+00 ; 1.200e+00 ; 6.6300002e+01 ; 9.6397057e+01 
3.500e+01 ; 9.600e+00 ; 1.200e+00 ; 6.6300002e+01 ; 9.6397057e+01 
3.500e+01 ; 9.600e+00 ; 1.200e+00 ; 6.6301002e+01 ; 9.6397621e+01 
3.500e+01 ; 9.600e+00 ; 1.200e+00 ; 6.6302002e+01 ; 9.6398186e+01 
3.500e+01 ; 9.600e+00 ; 1.200e+00 ; 6.6303002e+01 ; 9.6398743e+01 
3.500e+01 ; 9.600e+00 ; 1.200e+00 ; 6.6305002e+01 ; 9.6399872e+01 
3.500e+01 ; 9.600e+00 ; 1.200e+00 ; 6.6309002e+01 ; 9.6402115e+01 
3.500e+01 ; 9.600e+00 ; 1.200e+00 ; 6.6317002e+01 ; 9.6406593e+01 
3.500e+01 ; 9.600e+00 ; 1.200e+00 ; 6.6333002e+01 ; 9.6415497e+01 
3.500e+01 ; 9.600e+00 ; 1.200e+00 ; 6.6365002e+01 ; 9.6433128e+01 
3.500e+01 ; 9.600e+00 ; 1.200e+00 ; 6.6429002e+01 ; 9.6467644e+01 
3.500e+01 ; 9.600e+00 ; 1.200e+00 ; 6.6557002e+01 ; 9.6533623e+01 
3.500e+01 ; 9.600e+00 ; 1.200e+00 ; 6.6813002e+01 ; 9.6653229e+01 
3.500e+01 ; 9.600e+00 ; 1.200e+00 ; 6.7150002e+01 ; 9.6789513e+01 
3.500e+01 ; 9.600e+00 ; 1.200e+00 ; 6.7150002e+01 ; 9.6789513e+01 
3.500e+01 ; 9.600e+00 ; 1.200e+00 ; 6.7151002e+01 ; 9.6789917e+01 
3.500e+01 ; 9.600e+00 ; 1.200e+00 ; 6.7152002e+01 ; 9.6790321e+01 
3.500e+01 ; 9.600e+00 ; 1.200e+00 ; 6.7153002e+01 ; 9.6790726e+01 
3.500e+01 ; 9.600e+00 ; 1.200e+00 ; 6.7155002e+01 ; 9.6791534e+01 
3.500e+01 ; 9.600e+00 ; 1.200e+00 ; 6.7159002e+01 ; 9.6793144e+01 
3.500e+01 ; 9.600e+00 ; 1.200e+00 ; 6.7167002e+01 ; 9.6796349e+01 
3.500e+01 ; 9.600e+00 ; 1.200e+00 ; 6.7183002e+01 ; 9.6802727e+01 
3.500e+01 ; 9.600e+00 ; 1.200e+00 ; 6.7215002e+01 ; 9.6815277e+01 
3.500e+01 ; 9.600e+00 ; 1.200e+00 ; 6.7279002e+01 ; 9.6839630e+01 
3.500e+01 ; 9.600e+00 ; 1.200e+00 ; 6.7407002e+01 ; 9.6885330e+01 
3.500e+01 ; 9.600e+00 ; 1.200e+00 ; 6.7663002e+01 ; 9.6965149e+01 
3.500e+01 ; 9.600e+00 ; 1.200e+00 ; 6.8000002e+01 ; 9.7051262e+01 
3.500e+01 ; 9.600e+00 ; 1.200e+00 ; 6.8000002e+01 ; 9.7051262e+01 
3.500e+01 ; 9.600e+00 ; 1.200e+00 ; 6.8001002e+01 ; 9.7051521e+01 
3.500e+01 ; 9.600e+00 ; 1.200e+00 ; 6.8002002e+01 ; 9.7051773e+01 
3.500e+01 ; 9.600e+00 ; 1.200e+00 ; 6.8003002e+01 ; 9.7052032e+01 
3.500e+01 ; 9.600e+00 ; 1.200e+00 ; 6.8005002e+01 ; 9.7052536e+01 
3.500e+01 ; 9.600e+00 ; 1.200e+00 ; 6.8009002e+01 ; 9.7053558e+01 
3.500e+01 ; 9.600e+00 ; 1.200e+00 ; 6.8017002e+01 ; 9.7055580e+01 
3.500e+01 ; 9.600e+00 ; 1.200e+00 ; 6.8033002e+01 ; 9.7059578e+01 
3.500e+01 ; 9.600e+00 ; 1.200e+00 ; 6.8065002e+01 ; 9.7067413e+01 
3.500e+01 ; 9.600e+00 ; 1.200e+00 ; 6.8129002e+01 ; 9.7082413e+01 
3.500e+01 ; 9.600e+00 ; 1.200e+00 ; 6.8257002e+01 ; 9.7109810e+01 
3.500e+01 ; 9.600e+00 ; 1.200e+00 ; 6.8513002e+01 ; 9.7154778e+01 
3.500e+01 ; 9.600e+00 ; 1.200e+00 ; 6.8850002e+01 ; 9.7198318e+01 
3.500e+01 ; 9.600e+00 ; 1.200e+00 ; 6.8850002e+01 ; 9.7198318e+01 
3.500e+01 ; 9.600e+00 ; 1.200e+00 ; 6.8851002e+01 ; 9.7198448e+01 
3.500e+01 ; 9.600e+00 ; 1.200e+00 ; 6.8852002e+01 ; 9.7198578e+01 
3.500e+01 ; 9.600e+00 ; 1.200e+00 ; 6.8853002e+01 ; 9.7198708e+01 
3.500e+01 ; 9.600e+00 ; 1.200e+00 ; 6.8855002e+01 ; 9.7198959e+01 
3.500e+01 ; 9.600e+00 ; 1.200e+00 ; 6.8859002e+01 ; 9.7199478e+01 
3.500e+01 ; 9.600e+00 ; 1.200e+00 ; 6.8867002e+01 ; 9.7200493e+01 
3.500e+01 ; 9.600e+00 ; 1.200e+00 ; 6.8883002e+01 ; 9.7202484e+01 
3.500e+01 ; 9.600e+00 ; 1.200e+00 ; 6.8915002e+01 ; 9.7206337e+01 
3.500e+01 ; 9.600e+00 ; 1.200e+00 ; 6.8979002e+01 ; 9.7213486e+01 
3.500e+01 ; 9.600e+00 ; 1.200e+00 ; 6.9107002e+01 ; 9.7225685e+01 
3.500e+01 ; 9.600e+00 ; 1.200e+00 ; 6.9363002e+01 ; 9.7242218e+01 
3.500e+01 ; 9.600e+00 ; 1.200e+00 ; 6.9700002e+01 ; 9.7251625e+01 
3.500e+01 ; 9.600e+00 ; 1.200e+00 ; 6.9700002e+01 ; 9.7251625e+01 
3.500e+01 ; 9.600e+00 ; 1.200e+00 ; 6.9701002e+01 ; 9.7251648e+01 
3.500e+01 ; 9.600e+00 ; 1.200e+00 ; 6.9702002e+01 ; 9.7251678e+01 
3.500e+01 ; 9.600e+00 ; 1.200e+00 ; 6.9703002e+01 ; 9.7251709e+01 
3.500e+01 ; 9.600e+00 ; 1.200e+00 ; 6.9705002e+01 ; 9.7251762e+01 
3.500e+01 ; 9.600e+00 ; 1.200e+00 ; 6.9709002e+01 ; 9.7251869e+01 
3.500e+01 ; 9.600e+00 ; 1.200e+00 ; 6.9717002e+01 ; 9.7252075e+01 
3.500e+01 ; 9.600e+00 ; 1.200e+00 ; 6.9733002e+01 ; 9.7252464e+01 
3.500e+01 ; 9.600e+00 ; 1.200e+00 ; 6.9765002e+01 ; 9.7253136e+01 
3.500e+01 ; 9.600e+00 ; 1.200e+00 ; 6.9829002e+01 ; 9.7254051e+01 
3.500e+01 ; 9.600e+00 ; 1.200e+00 ; 6.9957002e+01 ; 9.7254227e+01 
3.500e+01 ; 9.600e+00 ; 1.200e+00 ; 7.0213002e+01 ; 9.7248505e+01 
3.500e+01 ; 9.600e+00 ; 1.200e+00 ; 7.0550002e+01 ; 9.7231537e+01 
3.500e+01 ; 9.600e+00 ; 1.200e+00 ; 7.0550002e+01 ; 9.7231537e+01 
3.500e+01 ; 9.600e+00 ; 1.200e+00 ; 7.0551002e+01 ; 9.7231483e+01 
3.500e+01 ; 9.600e+00 ; 1.200e+00 ; 7.0552002e+01 ; 9.7231430e+01 
3.500e+01 ; 9.600e+00 ; 1.200e+00 ; 7.0553002e+01 ; 9.7231384e+01 
3.500e+01 ; 9.600e+00 ; 1.200e+00 ; 7.0555002e+01 ; 9.7231277e+01 
3.500e+01 ; 9.600e+00 ; 1.200e+00 ; 7.0559002e+01 ; 9.7231079e+01 
3.500e+01 ; 9.600e+00 ; 1.200e+00 ; 7.0567002e+01 ; 9.7230659e+01 
3.500e+01 ; 9.600e+00 ; 1.200e+00 ; 7.0583002e+01 ; 9.7229813e+01 
3.500e+01 ; 9.600e+00 ; 1.200e+00 ; 7.0615002e+01 ; 9.7228027e+01 
3.500e+01 ; 9.600e+00 ; 1.200e+00 ; 7.0679002e+01 ; 9.7224144e+01 
3.500e+01 ; 9.600e+00 ; 1.200e+00 ; 7.0807002e+01 ; 9.7215118e+01 
3.500e+01 ; 9.600e+00 ; 1.200e+00 ; 7.1063002e+01 ; 9.7192513e+01 
3.500e+01 ; 9.600e+00 ; 1.200e+00 ; 7.1400002e+01 ; 9.7155739e+01 
3.500e+01 ; 9.600e+00 ; 1.200e+00 ; 7.1400002e+01 ; 9.7155739e+01 
3.500e+01 ; 9.600e+00 ; 1.200e+00 ; 7.1401002e+01 ; 9.7155632e+01 
3.500e+01 ; 9.600e+00 ; 1.200e+00 ; 7.1402002e+01 ; 9.7155518e+01 
3.500e+01 ; 9.600e+00 ; 1.200e+00 ; 7.1403002e+01 ; 9.7155411e+01 
3.500e+01 ; 9.600e+00 ; 1.200e+00 ; 7.1405002e+01 ; 9.7155190e+01 
3.500e+01 ; 9.600e+00 ; 1.200e+00 ; 7.1409002e+01 ; 9.7154755e+01 
3.500e+01 ; 9.600e+00 ; 1.200e+00 ; 7.1417002e+01 ; 9.7153870e+01 
3.500e+01 ; 9.600e+00 ; 1.200e+00 ; 7.1433002e+01 ; 9.7152092e+01 
3.500e+01 ; 9.600e+00 ; 1.200e+00 ; 7.1465002e+01 ; 9.7148476e+01 
3.500e+01 ; 9.600e+00 ; 1.200e+00 ; 7.1529002e+01 ; 9.7140999e+01 
3.500e+01 ; 9.600e+00 ; 1.200e+00 ; 7.1657002e+01 ; 9.7125137e+01 
3.500e+01 ; 9.600e+00 ; 1.200e+00 ; 7.1913002e+01 ; 9.7090118e+01 
3.500e+01 ; 9.600e+00 ; 1.200e+00 ; 7.2250002e+01 ; 9.7039139e+01 
3.500e+01 ; 9.600e+00 ; 1.200e+00 ; 7.2250002e+01 ; 9.7039139e+01 
3.500e+01 ; 9.600e+00 ; 1.200e+00 ; 7.2251002e+01 ; 9.7038986e+01 
3.500e+01 ; 9.600e+00 ; 1.200e+00 ; 7.2252002e+01 ; 9.7038834e+01 
3.500e+01 ; 9.600e+00 ; 1.200e+00 ; 7.2253002e+01 ; 9.7038681e+01 
3.500e+01 ; 9.600e+00 ; 1.200e+00 ; 7.2255002e+01 ; 9.7038376e+01 
3.500e+01 ; 9.600e+00 ; 1.200e+00 ; 7.2259002e+01 ; 9.7037773e+01 
3.500e+01 ; 9.600e+00 ; 1.200e+00 ; 7.2267002e+01 ; 9.7036560e+01 
3.500e+01 ; 9.600e+00 ; 1.200e+00 ; 7.2283002e+01 ; 9.7034111e+01 
3.500e+01 ; 9.600e+00 ; 1.200e+00 ; 7.2315002e+01 ; 9.7029182e+01 
3.500e+01 ; 9.600e+00 ; 1.200e+00 ; 7.2379002e+01 ; 9.7019165e+01 
3.500e+01 ; 9.600e+00 ; 1.200e+00 ; 7.2507002e+01 ; 9.6998520e+01 
3.500e+01 ; 9.600e+00 ; 1.200e+00 ; 7.2763002e+01 ; 9.6955269e+01 
3.500e+01 ; 9.600e+00 ; 1.200e+00 ; 7.3100002e+01 ; 9.6896027e+01 
3.500e+01 ; 9.600e+00 ; 1.200e+00 ; 7.3100002e+01 ; 9.6896027e+01 
3.500e+01 ; 9.600e+00 ; 1.200e+00 ; 7.3101002e+01 ; 9.6895851e+01 
3.500e+01 ; 9.600e+00 ; 1.200e+00 ; 7.3102002e+01 ; 9.6895676e+01 
3.500e+01 ; 9.600e+00 ; 1.200e+00 ; 7.3103002e+01 ; 9.6895500e+01 
3.500e+01 ; 9.600e+00 ; 1.200e+00 ; 7.3105002e+01 ; 9.6895149e+01 
3.500e+01 ; 9.600e+00 ; 1.200e+00 ; 7.3109002e+01 ; 9.6894447e+01 
3.500e+01 ; 9.600e+00 ; 1.200e+00 ; 7.3117002e+01 ; 9.6893036e+01 
3.500e+01 ; 9.600e+00 ; 1.200e+00 ; 7.3133002e+01 ; 9.6890213e+01 
3.500e+01 ; 9.600e+00 ; 1.200e+00 ; 7.3165002e+01 ; 9.6884552e+01 
3.500e+01 ; 9.600e+00 ; 1.200e+00 ; 7.3229002e+01 ; 9.6873154e+01 
3.500e+01 ; 9.600e+00 ; 1.200e+00 ; 7.3357002e+01 ; 9.6850174e+01 
3.500e+01 ; 9.600e+00 ; 1.200e+00 ; 7.3613002e+01 ; 9.6804268e+01 
3.500e+01 ; 9.600e+00 ; 1.200e+00 ; 7.3950002e+01 ; 9.6745697e+01 
3.500e+01 ; 9.600e+00 ; 1.200e+00 ; 7.3950002e+01 ; 9.6745697e+01 
3.500e+01 ; 9.600e+00 ; 1.200e+00 ; 7.3951002e+01 ; 9.6745522e+01 
3.500e+01 ; 9.600e+00 ; 1.200e+00 ; 7.3952002e+01 ; 9.6745354e+01 
3.500e+01 ; 9.600e+00 ; 1.200e+00 ; 7.3953002e+01 ; 9.6745178e+01 
3.500e+01 ; 9.600e+00 ; 1.200e+00 ; 7.3955002e+01 ; 9.6744827e+01 
3.500e+01 ; 9.600e+00 ; 1.200e+00 ; 7.3959002e+01 ; 9.6744133e+01 
3.500e+01 ; 9.600e+00 ; 1.200e+00 ; 7.3967002e+01 ; 9.6742744e+01 
3.500e+01 ; 9.600e+00 ; 1.200e+00 ; 7.3983002e+01 ; 9.6739975e+01 
3.500e+01 ; 9.600e+00 ; 1.200e+00 ; 7.4015002e+01 ; 9.6734451e+01 
3.500e+01 ; 9.600e+00 ; 1.200e+00 ; 7.4079002e+01 ; 9.6723503e+01 
3.500e+01 ; 9.600e+00 ; 1.200e+00 ; 7.4207002e+01 ; 9.6702103e+01 
3.500e+01 ; 9.600e+00 ; 1.200e+00 ; 7.4463002e+01 ; 9.6662445e+01 
3.500e+01 ; 9.600e+00 ; 1.200e+00 ; 7.4800002e+01 ; 9.6617989e+01 
3.500e+01 ; 9.600e+00 ; 1.200e+00 ; 7.4800002e+01 ; 9.6617989e+01 
3.500e+01 ; 9.600e+00 ; 1.200e+00 ; 7.4801002e+01 ; 9.6617859e+01 
3.500e+01 ; 9.600e+00 ; 1.200e+00 ; 7.4802002e+01 ; 9.6617729e+01 
3.500e+01 ; 9.600e+00 ; 1.200e+00 ; 7.4803002e+01 ; 9.6617599e+01 
3.500e+01 ; 9.600e+00 ; 1.200e+00 ; 7.4805002e+01 ; 9.6617332e+01 
3.500e+01 ; 9.600e+00 ; 1.200e+00 ; 7.4809002e+01 ; 9.6616806e+01 
3.500e+01 ; 9.600e+00 ; 1.200e+00 ; 7.4817002e+01 ; 9.6615761e+01 
3.500e+01 ; 9.600e+00 ; 1.200e+00 ; 7.4833002e+01 ; 9.6613686e+01 
3.500e+01 ; 9.600e+00 ; 1.200e+00 ; 7.4865002e+01 ; 9.6609612e+01 
3.500e+01 ; 9.600e+00 ; 1.200e+00 ; 7.4929002e+01 ; 9.6601784e+01 
3.500e+01 ; 9.600e+00 ; 1.200e+00 ; 7.5057002e+01 ; 9.6587509e+01 
3.500e+01 ; 9.600e+00 ; 1.200e+00 ; 7.5313002e+01 ; 9.6565582e+01 
3.500e+01 ; 9.600e+00 ; 1.200e+00 ; 7.5650002e+01 ; 9.6549973e+01 
3.500e+01 ; 9.600e+00 ; 1.200e+00 ; 7.5650002e+01 ; 9.6549973e+01 
3.500e+01 ; 9.600e+00 ; 1.200e+00 ; 7.5651002e+01 ; 9.6549927e+01 
3.500e+01 ; 9.600e+00 ; 1.200e+00 ; 7.5652002e+01 ; 9.6549881e+01 
3.500e+01 ; 9.600e+00 ; 1.200e+00 ; 7.5653002e+01 ; 9.6549835e+01 
3.500e+01 ; 9.600e+00 ; 1.200e+00 ; 7.5655002e+01 ; 9.6549744e+01 
3.500e+01 ; 9.600e+00 ; 1.200e+00 ; 7.5659002e+01 ; 9.6549568e+01 
3.500e+01 ; 9.600e+00 ; 1.200e+00 ; 7.5667002e+01 ; 9.6549210e+01 
3.500e+01 ; 9.600e+00 ; 1.200e+00 ; 7.5683002e+01 ; 9.6548531e+01 
3.500e+01 ; 9.600e+00 ; 1.200e+00 ; 7.5715002e+01 ; 9.6547295e+01 
3.500e+01 ; 9.600e+00 ; 1.200e+00 ; 7.5779002e+01 ; 9.6545326e+01 
3.500e+01 ; 9.600e+00 ; 1.200e+00 ; 7.5907002e+01 ; 9.6543480e+01 
3.500e+01 ; 9.600e+00 ; 1.200e+00 ; 7.6163002e+01 ; 9.6548561e+01 
3.500e+01 ; 9.600e+00 ; 1.200e+00 ; 7.6500002e+01 ; 9.6570625e+01 
3.500e+01 ; 9.600e+00 ; 1.200e+00 ; 7.6500002e+01 ; 9.6570625e+01 
3.500e+01 ; 9.600e+00 ; 1.200e+00 ; 7.6501002e+01 ; 9.6570686e+01 
3.500e+01 ; 9.600e+00 ; 1.200e+00 ; 7.6502002e+01 ; 9.6570755e+01 
3.500e+01 ; 9.600e+00 ; 1.200e+00 ; 7.6503002e+01 ; 9.6570824e+01 
3.500e+01 ; 9.600e+00 ; 1.200e+00 ; 7.6505002e+01 ; 9.6570953e+01 
3.500e+01 ; 9.600e+00 ; 1.200e+00 ; 7.6509002e+01 ; 9.6571220e+01 
3.500e+01 ; 9.600e+00 ; 1.200e+00 ; 7.6517002e+01 ; 9.6571762e+01 
3.500e+01 ; 9.600e+00 ; 1.200e+00 ; 7.6533002e+01 ; 9.6572884e+01 
3.500e+01 ; 9.600e+00 ; 1.200e+00 ; 7.6565002e+01 ; 9.6575256e+01 
3.500e+01 ; 9.600e+00 ; 1.200e+00 ; 7.6629002e+01 ; 9.6580566e+01 
3.500e+01 ; 9.600e+00 ; 1.200e+00 ; 7.6757002e+01 ; 9.6593384e+01 
3.500e+01 ; 9.600e+00 ; 1.200e+00 ; 7.7013002e+01 ; 9.6627457e+01 
3.500e+01 ; 9.600e+00 ; 1.200e+00 ; 7.7350002e+01 ; 9.6685509e+01 
3.500e+01 ; 9.600e+00 ; 1.200e+00 ; 7.7350002e+01 ; 9.6685509e+01 
3.500e+01 ; 9.600e+00 ; 1.200e+00 ; 7.7351002e+01 ; 9.6685684e+01 
3.500e+01 ; 9.600e+00 ; 1.200e+00 ; 7.7352002e+01 ; 9.6685852e+01 
3.500e+01 ; 9.600e+00 ; 1.200e+00 ; 7.7353002e+01 ; 9.6686028e+01 
3.500e+01 ; 9.600e+00 ; 1.200e+00 ; 7.7355002e+01 ; 9.6686371e+01 
3.500e+01 ; 9.600e+00 ; 1.200e+00 ; 7.7359002e+01 ; 9.6687065e+01 
3.500e+01 ; 9.600e+00 ; 1.200e+00 ; 7.7367002e+01 ; 9.6688461e+01 
3.500e+01 ; 9.600e+00 ; 1.200e+00 ; 7.7383002e+01 ; 9.6691277e+01 
3.500e+01 ; 9.600e+00 ; 1.200e+00 ; 7.7415002e+01 ; 9.6697029e+01 
3.500e+01 ; 9.600e+00 ; 1.200e+00 ; 7.7479002e+01 ; 9.6708984e+01 
3.500e+01 ; 9.600e+00 ; 1.200e+00 ; 7.7607002e+01 ; 9.6734619e+01 
3.500e+01 ; 9.600e+00 ; 1.200e+00 ; 7.7863002e+01 ; 9.6791893e+01 
3.500e+01 ; 9.600e+00 ; 1.200e+00 ; 7.8200002e+01 ; 9.6875473e+01 
3.500e+01 ; 9.600e+00 ; 1.200e+00 ; 7.8200002e+01 ; 9.6875473e+01 
3.500e+01 ; 9.600e+00 ; 1.200e+00 ; 7.8201002e+01 ; 9.6875717e+01 
3.500e+01 ; 9.600e+00 ; 1.200e+00 ; 7.8202002e+01 ; 9.6875969e+01 
3.500e+01 ; 9.600e+00 ; 1.200e+00 ; 7.8203002e+01 ; 9.6876213e+01 
3.500e+01 ; 9.600e+00 ; 1.200e+00 ; 7.8205002e+01 ; 9.6876709e+01 
3.500e+01 ; 9.600e+00 ; 1.200e+00 ; 7.8209002e+01 ; 9.6877708e+01 
3.500e+01 ; 9.600e+00 ; 1.200e+00 ; 7.8217002e+01 ; 9.6879700e+01 
3.500e+01 ; 9.600e+00 ; 1.200e+00 ; 7.8233002e+01 ; 9.6883705e+01 
3.500e+01 ; 9.600e+00 ; 1.200e+00 ; 7.8265002e+01 ; 9.6891785e+01 
3.500e+01 ; 9.600e+00 ; 1.200e+00 ; 7.8329002e+01 ; 9.6908211e+01 
3.500e+01 ; 9.600e+00 ; 1.200e+00 ; 7.8457002e+01 ; 9.6941994e+01 
3.500e+01 ; 9.600e+00 ; 1.200e+00 ; 7.8713002e+01 ; 9.7012306e+01 
3.500e+01 ; 9.600e+00 ; 1.200e+00 ; 7.9050002e+01 ; 9.7107552e+01 
3.500e+01 ; 9.600e+00 ; 1.200e+00 ; 7.9050002e+01 ; 9.7107552e+01 
3.500e+01 ; 9.600e+00 ; 1.200e+00 ; 7.9051002e+01 ; 9.7107834e+01 
3.500e+01 ; 9.600e+00 ; 1.200e+00 ; 7.9052002e+01 ; 9.7108124e+01 
3.500e+01 ; 9.600e+00 ; 1.200e+00 ; 7.9053002e+01 ; 9.7108406e+01 
3.500e+01 ; 9.600e+00 ; 1.200e+00 ; 7.9055002e+01 ; 9.7108971e+01 
3.500e+01 ; 9.600e+00 ; 1.200e+00 ; 7.9059002e+01 ; 9.7110100e+01 
3.500e+01 ; 9.600e+00 ; 1.200e+00 ; 7.9067002e+01 ; 9.7112366e+01 
3.500e+01 ; 9.600e+00 ; 1.200e+00 ; 7.9083002e+01 ; 9.7116898e+01 
3.500e+01 ; 9.600e+00 ; 1.200e+00 ; 7.9115002e+01 ; 9.7125984e+01 
3.500e+01 ; 9.600e+00 ; 1.200e+00 ; 7.9179002e+01 ; 9.7144234e+01 
3.500e+01 ; 9.600e+00 ; 1.200e+00 ; 7.9307002e+01 ; 9.7180901e+01 
3.500e+01 ; 9.600e+00 ; 1.200e+00 ; 7.9563002e+01 ; 9.7254135e+01 
3.500e+01 ; 9.600e+00 ; 1.200e+00 ; 7.9900002e+01 ; 9.7348877e+01 
3.500e+01 ; 9.600e+00 ; 1.200e+00 ; 7.9900002e+01 ; 9.7348877e+01 
3.500e+01 ; 9.600e+00 ; 1.200e+00 ; 7.9901002e+01 ; 9.7349159e+01 
3.500e+01 ; 9.600e+00 ; 1.200e+00 ; 7.9902002e+01 ; 9.7349442e+01 
3.500e+01 ; 9.600e+00 ; 1.200e+00 ; 7.9903002e+01 ; 9.7349724e+01 
3.500e+01 ; 9.600e+00 ; 1.200e+00 ; 7.9905002e+01 ; 9.7350281e+01 
3.500e+01 ; 9.600e+00 ; 1.200e+00 ; 7.9909002e+01 ; 9.7351410e+01 
3.500e+01 ; 9.600e+00 ; 1.200e+00 ; 7.9917002e+01 ; 9.7353653e+01 
3.500e+01 ; 9.600e+00 ; 1.200e+00 ; 7.9933002e+01 ; 9.7358147e+01 
3.500e+01 ; 9.600e+00 ; 1.200e+00 ; 7.9965002e+01 ; 9.7367111e+01 
3.500e+01 ; 9.600e+00 ; 1.200e+00 ; 8.0029002e+01 ; 9.7384956e+01 
3.500e+01 ; 9.600e+00 ; 1.200e+00 ; 8.0157002e+01 ; 9.7420250e+01 
3.500e+01 ; 9.600e+00 ; 1.200e+00 ; 8.0413002e+01 ; 9.7488792e+01 
3.500e+01 ; 9.600e+00 ; 1.200e+00 ; 8.0750002e+01 ; 9.7574562e+01 
3.500e+01 ; 9.600e+00 ; 1.200e+00 ; 8.0750002e+01 ; 9.7574562e+01 
3.500e+01 ; 9.600e+00 ; 1.200e+00 ; 8.0751002e+01 ; 9.7574821e+01 
3.500e+01 ; 9.600e+00 ; 1.200e+00 ; 8.0752002e+01 ; 9.7575073e+01 
3.500e+01 ; 9.600e+00 ; 1.200e+00 ; 8.0753002e+01 ; 9.7575325e+01 
3.500e+01 ; 9.600e+00 ; 1.200e+00 ; 8.0755002e+01 ; 9.7575836e+01 
3.500e+01 ; 9.600e+00 ; 1.200e+00 ; 8.0759002e+01 ; 9.7576851e+01 
3.500e+01 ; 9.600e+00 ; 1.200e+00 ; 8.0767002e+01 ; 9.7578880e+01 
3.500e+01 ; 9.600e+00 ; 1.200e+00 ; 8.0783002e+01 ; 9.7582932e+01 
3.500e+01 ; 9.600e+00 ; 1.200e+00 ; 8.0815002e+01 ; 9.7590996e+01 
3.500e+01 ; 9.600e+00 ; 1.200e+00 ; 8.0879002e+01 ; 9.7606941e+01 
3.500e+01 ; 9.600e+00 ; 1.200e+00 ; 8.1007002e+01 ; 9.7638115e+01 
3.500e+01 ; 9.600e+00 ; 1.200e+00 ; 8.1263002e+01 ; 9.7697273e+01 
3.500e+01 ; 9.600e+00 ; 1.200e+00 ; 8.1600002e+01 ; 9.7769257e+01 
3.500e+01 ; 9.600e+00 ; 1.200e+00 ; 8.1600002e+01 ; 9.7769257e+01 
3.500e+01 ; 9.600e+00 ; 1.200e+00 ; 8.1601002e+01 ; 9.7769470e+01 
3.500e+01 ; 9.600e+00 ; 1.200e+00 ; 8.1602002e+01 ; 9.7769684e+01 
3.500e+01 ; 9.600e+00 ; 1.200e+00 ; 8.1603002e+01 ; 9.7769897e+01 
3.500e+01 ; 9.600e+00 ; 1.200e+00 ; 8.1605002e+01 ; 9.7770325e+01 
3.500e+01 ; 9.600e+00 ; 1.200e+00 ; 8.1609002e+01 ; 9.7771179e+01 
3.500e+01 ; 9.600e+00 ; 1.200e+00 ; 8.1617002e+01 ; 9.7772881e+01 
3.500e+01 ; 9.600e+00 ; 1.200e+00 ; 8.1633002e+01 ; 9.7776268e+01 
3.500e+01 ; 9.600e+00 ; 1.200e+00 ; 8.1665002e+01 ; 9.7782997e+01 
3.500e+01 ; 9.600e+00 ; 1.200e+00 ; 8.1729002e+01 ; 9.7796227e+01 
3.500e+01 ; 9.600e+00 ; 1.200e+00 ; 8.1857002e+01 ; 9.7821808e+01 
3.500e+01 ; 9.600e+00 ; 1.200e+00 ; 8.2113002e+01 ; 9.7869331e+01 
3.500e+01 ; 9.600e+00 ; 1.200e+00 ; 8.2450002e+01 ; 9.7925507e+01 
3.500e+01 ; 9.600e+00 ; 1.200e+00 ; 8.2450002e+01 ; 9.7925507e+01 
3.500e+01 ; 9.600e+00 ; 1.200e+00 ; 8.2451002e+01 ; 9.7925674e+01 
3.500e+01 ; 9.600e+00 ; 1.200e+00 ; 8.2452002e+01 ; 9.7925835e+01 
3.500e+01 ; 9.600e+00 ; 1.200e+00 ; 8.2453002e+01 ; 9.7926003e+01 
3.500e+01 ; 9.600e+00 ; 1.200e+00 ; 8.2455002e+01 ; 9.7926338e+01 
3.500e+01 ; 9.600e+00 ; 1.200e+00 ; 8.2459002e+01 ; 9.7927002e+01 
3.500e+01 ; 9.600e+00 ; 1.200e+00 ; 8.2467002e+01 ; 9.7928329e+01 
3.500e+01 ; 9.600e+00 ; 1.200e+00 ; 8.2483002e+01 ; 9.7930969e+01 
3.500e+01 ; 9.600e+00 ; 1.200e+00 ; 8.2515002e+01 ; 9.7936180e+01 
3.500e+01 ; 9.600e+00 ; 1.200e+00 ; 8.2579002e+01 ; 9.7946388e+01 
3.500e+01 ; 9.600e+00 ; 1.200e+00 ; 8.2707002e+01 ; 9.7965874e+01 
3.500e+01 ; 9.600e+00 ; 1.200e+00 ; 8.2963002e+01 ; 9.8001167e+01 
3.500e+01 ; 9.600e+00 ; 1.200e+00 ; 8.3300002e+01 ; 9.8041389e+01 
3.500e+01 ; 9.600e+00 ; 1.200e+00 ; 8.3300002e+01 ; 9.8041389e+01 
3.500e+01 ; 9.600e+00 ; 1.200e+00 ; 8.3301002e+01 ; 9.8041512e+01 
3.500e+01 ; 9.600e+00 ; 1.200e+00 ; 8.3302002e+01 ; 9.8041626e+01 
3.500e+01 ; 9.600e+00 ; 1.200e+00 ; 8.3303002e+01 ; 9.8041748e+01 
3.500e+01 ; 9.600e+00 ; 1.200e+00 ; 8.3305002e+01 ; 9.8041985e+01 
3.500e+01 ; 9.600e+00 ; 1.200e+00 ; 8.3309002e+01 ; 9.8042458e+01 
3.500e+01 ; 9.600e+00 ; 1.200e+00 ; 8.3317002e+01 ; 9.8043404e+01 
3.500e+01 ; 9.600e+00 ; 1.200e+00 ; 8.3333002e+01 ; 9.8045288e+01 
3.500e+01 ; 9.600e+00 ; 1.200e+00 ; 8.3365002e+01 ; 9.8048996e+01 
3.500e+01 ; 9.600e+00 ; 1.200e+00 ; 8.3429002e+01 ; 9.8056183e+01 
3.500e+01 ; 9.600e+00 ; 1.200e+00 ; 8.3557002e+01 ; 9.8069672e+01 
3.500e+01 ; 9.600e+00 ; 1.200e+00 ; 8.3813002e+01 ; 9.8093201e+01 
3.500e+01 ; 9.600e+00 ; 1.200e+00 ; 8.4150002e+01 ; 9.8118423e+01 
3.500e+01 ; 9.600e+00 ; 1.200e+00 ; 8.4150002e+01 ; 9.8118423e+01 
3.500e+01 ; 9.600e+00 ; 1.200e+00 ; 8.4151002e+01 ; 9.8118500e+01 
3.500e+01 ; 9.600e+00 ; 1.200e+00 ; 8.4152002e+01 ; 9.8118568e+01 
3.500e+01 ; 9.600e+00 ; 1.200e+00 ; 8.4153002e+01 ; 9.8118645e+01 
3.500e+01 ; 9.600e+00 ; 1.200e+00 ; 8.4155002e+01 ; 9.8118797e+01 
3.500e+01 ; 9.600e+00 ; 1.200e+00 ; 8.4159002e+01 ; 9.8119095e+01 
3.500e+01 ; 9.600e+00 ; 1.200e+00 ; 8.4167002e+01 ; 9.8119682e+01 
3.500e+01 ; 9.600e+00 ; 1.200e+00 ; 8.4183002e+01 ; 9.8120857e+01 
3.500e+01 ; 9.600e+00 ; 1.200e+00 ; 8.4215002e+01 ; 9.8123146e+01 
3.500e+01 ; 9.600e+00 ; 1.200e+00 ; 8.4279002e+01 ; 9.8127525e+01 
3.500e+01 ; 9.600e+00 ; 1.200e+00 ; 8.4407002e+01 ; 9.8135475e+01 
3.500e+01 ; 9.600e+00 ; 1.200e+00 ; 8.4663002e+01 ; 9.8148277e+01 
3.500e+01 ; 9.600e+00 ; 1.200e+00 ; 8.5000002e+01 ; 9.8160080e+01 
3.500e+01 ; 9.600e+00 ; 1.200e+00 ; 8.5000002e+01 ; 9.8160080e+01 
3.500e+01 ; 9.600e+00 ; 1.200e+00 ; 8.5001002e+01 ; 9.8160118e+01 
3.500e+01 ; 9.600e+00 ; 1.200e+00 ; 8.5002002e+01 ; 9.8160149e+01 
3.500e+01 ; 9.600e+00 ; 1.200e+00 ; 8.5003002e+01 ; 9.8160187e+01 
3.500e+01 ; 9.600e+00 ; 1.200e+00 ; 8.5005002e+01 ; 9.8160255e+01 
3.500e+01 ; 9.600e+00 ; 1.200e+00 ; 8.5009002e+01 ; 9.8160393e+01 
3.500e+01 ; 9.600e+00 ; 1.200e+00 ; 8.5017002e+01 ; 9.8160667e+01 
3.500e+01 ; 9.600e+00 ; 1.200e+00 ; 8.5033002e+01 ; 9.8161201e+01 
3.500e+01 ; 9.600e+00 ; 1.200e+00 ; 8.5065002e+01 ; 9.8162231e+01 
3.500e+01 ; 9.600e+00 ; 1.200e+00 ; 8.5129002e+01 ; 9.8164108e+01 
3.500e+01 ; 9.600e+00 ; 1.200e+00 ; 8.5257002e+01 ; 9.8167175e+01 
3.500e+01 ; 9.600e+00 ; 1.200e+00 ; 8.5513002e+01 ; 9.8170662e+01 
3.500e+01 ; 9.600e+00 ; 1.200e+00 ; 8.5850002e+01 ; 9.8171074e+01 
3.500e+01 ; 9.600e+00 ; 1.200e+00 ; 8.5850002e+01 ; 9.8171074e+01 
3.500e+01 ; 9.600e+00 ; 1.200e+00 ; 8.5851002e+01 ; 9.8171074e+01 
3.500e+01 ; 9.600e+00 ; 1.200e+00 ; 8.5852002e+01 ; 9.8171074e+01 
3.500e+01 ; 9.600e+00 ; 1.200e+00 ; 8.5853002e+01 ; 9.8171082e+01 
3.500e+01 ; 9.600e+00 ; 1.200e+00 ; 8.5855002e+01 ; 9.8171082e+01 
3.500e+01 ; 9.600e+00 ; 1.200e+00 ; 8.5859002e+01 ; 9.8171082e+01 
3.500e+01 ; 9.600e+00 ; 1.200e+00 ; 8.5867002e+01 ; 9.8171089e+01 
3.500e+01 ; 9.600e+00 ; 1.200e+00 ; 8.5883002e+01 ; 9.8171089e+01 
3.500e+01 ; 9.600e+00 ; 1.200e+00 ; 8.5915002e+01 ; 9.8171051e+01 
3.500e+01 ; 9.600e+00 ; 1.200e+00 ; 8.5979002e+01 ; 9.8170830e+01 
3.500e+01 ; 9.600e+00 ; 1.200e+00 ; 8.6107002e+01 ; 9.8169838e+01 
3.500e+01 ; 9.600e+00 ; 1.200e+00 ; 8.6363002e+01 ; 9.8165802e+01 
3.500e+01 ; 9.600e+00 ; 1.200e+00 ; 8.6700002e+01 ; 9.8157463e+01 
3.500e+01 ; 9.600e+00 ; 1.200e+00 ; 8.6700002e+01 ; 9.8157463e+01 
3.500e+01 ; 9.600e+00 ; 1.200e+00 ; 8.6701002e+01 ; 9.8157433e+01 
3.500e+01 ; 9.600e+00 ; 1.200e+00 ; 8.6702002e+01 ; 9.8157410e+01 
3.500e+01 ; 9.600e+00 ; 1.200e+00 ; 8.6703002e+01 ; 9.8157387e+01 
3.500e+01 ; 9.600e+00 ; 1.200e+00 ; 8.6705002e+01 ; 9.8157333e+01 
3.500e+01 ; 9.600e+00 ; 1.200e+00 ; 8.6709002e+01 ; 9.8157234e+01 
3.500e+01 ; 9.600e+00 ; 1.200e+00 ; 8.6717002e+01 ; 9.8157036e+01 
3.500e+01 ; 9.600e+00 ; 1.200e+00 ; 8.6733002e+01 ; 9.8156624e+01 
3.500e+01 ; 9.600e+00 ; 1.200e+00 ; 8.6765002e+01 ; 9.8155777e+01 
3.500e+01 ; 9.600e+00 ; 1.200e+00 ; 8.6829002e+01 ; 9.8153984e+01 
3.500e+01 ; 9.600e+00 ; 1.200e+00 ; 8.6957002e+01 ; 9.8150017e+01 
3.500e+01 ; 9.600e+00 ; 1.200e+00 ; 8.7213002e+01 ; 9.8140839e+01 
3.500e+01 ; 9.600e+00 ; 1.200e+00 ; 8.7550002e+01 ; 9.8127228e+01 
3.500e+01 ; 9.600e+00 ; 1.200e+00 ; 8.7550002e+01 ; 9.8127228e+01 
3.500e+01 ; 9.600e+00 ; 1.200e+00 ; 8.7551002e+01 ; 9.8127190e+01 
3.500e+01 ; 9.600e+00 ; 1.200e+00 ; 8.7552002e+01 ; 9.8127151e+01 
3.500e+01 ; 9.600e+00 ; 1.200e+00 ; 8.7553002e+01 ; 9.8127113e+01 
3.500e+01 ; 9.600e+00 ; 1.200e+00 ; 8.7555002e+01 ; 9.8127029e+01 
3.500e+01 ; 9.600e+00 ; 1.200e+00 ; 8.7559002e+01 ; 9.8126869e+01 
3.500e+01 ; 9.600e+00 ; 1.200e+00 ; 8.7567002e+01 ; 9.8126541e+01 
3.500e+01 ; 9.600e+00 ; 1.200e+00 ; 8.7583002e+01 ; 9.8125893e+01 
3.500e+01 ; 9.600e+00 ; 1.200e+00 ; 8.7615002e+01 ; 9.8124573e+01 
3.500e+01 ; 9.600e+00 ; 1.200e+00 ; 8.7679002e+01 ; 9.8121887e+01 
3.500e+01 ; 9.600e+00 ; 1.200e+00 ; 8.7807002e+01 ; 9.8116379e+01 
3.500e+01 ; 9.600e+00 ; 1.200e+00 ; 8.8063002e+01 ; 9.8105064e+01 
3.500e+01 ; 9.600e+00 ; 1.200e+00 ; 8.8400002e+01 ; 9.8090340e+01 
3.500e+01 ; 9.600e+00 ; 1.200e+00 ; 8.8400002e+01 ; 9.8090340e+01 
3.500e+01 ; 9.600e+00 ; 1.200e+00 ; 8.8401002e+01 ; 9.8090294e+01 
3.500e+01 ; 9.600e+00 ; 1.200e+00 ; 8.8402002e+01 ; 9.8090248e+01 
3.500e+01 ; 9.600e+00 ; 1.200e+00 ; 8.8403002e+01 ; 9.8090210e+01 
3.500e+01 ; 9.600e+00 ; 1.200e+00 ; 8.8405002e+01 ; 9.8090118e+01 
3.500e+01 ; 9.600e+00 ; 1.200e+00 ; 8.8409002e+01 ; 9.8089943e+01 
3.500e+01 ; 9.600e+00 ; 1.200e+00 ; 8.8417002e+01 ; 9.8089592e+01 
3.500e+01 ; 9.600e+00 ; 1.200e+00 ; 8.8433002e+01 ; 9.8088898e+01 
3.500e+01 ; 9.600e+00 ; 1.200e+00 ; 8.8465002e+01 ; 9.8087502e+01 
3.500e+01 ; 9.600e+00 ; 1.200e+00 ; 8.8529002e+01 ; 9.8084732e+01 
3.500e+01 ; 9.600e+00 ; 1.200e+00 ; 8.8657002e+01 ; 9.8079285e+01 
3.500e+01 ; 9.600e+00 ; 1.200e+00 ; 8.8913002e+01 ; 9.8069023e+01 
3.500e+01 ; 9.600e+00 ; 1.200e+00 ; 8.9250003e+01 ; 9.8057106e+01 
3.500e+01 ; 9.600e+00 ; 1.200e+00 ; 8.9250003e+01 ; 9.8057106e+01 
3.500e+01 ; 9.600e+00 ; 1.200e+00 ; 8.9251003e+01 ; 9.8057076e+01 
3.500e+01 ; 9.600e+00 ; 1.200e+00 ; 8.9252003e+01 ; 9.8057037e+01 
3.500e+01 ; 9.600e+00 ; 1.200e+00 ; 8.9253003e+01 ; 9.8057007e+01 
3.500e+01 ; 9.600e+00 ; 1.200e+00 ; 8.9255003e+01 ; 9.8056931e+01 
3.500e+01 ; 9.600e+00 ; 1.200e+00 ; 8.9259003e+01 ; 9.8056793e+01 
3.500e+01 ; 9.600e+00 ; 1.200e+00 ; 8.9267003e+01 ; 9.8056511e+01 
3.500e+01 ; 9.600e+00 ; 1.200e+00 ; 8.9283003e+01 ; 9.8055954e+01 
3.500e+01 ; 9.600e+00 ; 1.200e+00 ; 8.9315003e+01 ; 9.8054855e+01 
3.500e+01 ; 9.600e+00 ; 1.200e+00 ; 8.9379002e+01 ; 9.8052711e+01 
3.500e+01 ; 9.600e+00 ; 1.200e+00 ; 8.9507003e+01 ; 9.8048721e+01 
3.500e+01 ; 9.600e+00 ; 1.200e+00 ; 8.9763003e+01 ; 9.8041969e+01 
3.500e+01 ; 9.600e+00 ; 1.200e+00 ; 9.0100003e+01 ; 9.8035408e+01 
3.500e+01 ; 9.600e+00 ; 1.200e+00 ; 9.0100003e+01 ; 9.8035408e+01 
3.500e+01 ; 9.600e+00 ; 1.200e+00 ; 9.0110003e+01 ; 9.8035210e+01 
3.500e+01 ; 9.600e+00 ; 1.200e+00 ; 9.0120003e+01 ; 9.8035019e+01 
3.500e+01 ; 9.600e+00 ; 1.200e+00 ; 9.0130003e+01 ; 9.8034836e+01 
3.500e+01 ; 9.600e+00 ; 1.200e+00 ; 9.0150003e+01 ; 9.8034462e+01 
3.500e+01 ; 9.600e+00 ; 1.200e+00 ; 9.0190003e+01 ; 9.8033760e+01 
3.500e+01 ; 9.600e+00 ; 1.200e+00 ; 9.0270003e+01 ; 9.8032486e+01 
3.500e+01 ; 9.600e+00 ; 1.200e+00 ; 9.0430003e+01 ; 9.8030472e+01 
3.500e+01 ; 9.600e+00 ; 1.200e+00 ; 9.0750003e+01 ; 9.8028511e+01 
3.500e+01 ; 9.600e+00 ; 1.200e+00 ; 9.1390002e+01 ; 9.8030716e+01 
3.500e+01 ; 9.600e+00 ; 1.200e+00 ; 9.2670002e+01 ; 9.8036743e+01 
3.500e+01 ; 9.600e+00 ; 1.200e+00 ; 9.4590002e+01 ; 9.7994850e+01 
3.500e+01 ; 9.600e+00 ; 1.200e+00 ; 9.5100003e+01 ; 9.7979263e+01