X ; Y ; Z ; time ; Temperature 
3.500e+01 ; 1.600e+00 ; 6.000e-01 ; 0.0000000e+00 ; 2.2700000e+02 
3.500e+01 ; 1.600e+00 ; 6.000e-01 ; 1.0000000e-03 ; 2.2700000e+02 
3.500e+01 ; 1.600e+00 ; 6.000e-01 ; 2.0000001e-03 ; 2.2700000e+02 
3.500e+01 ; 1.600e+00 ; 6.000e-01 ; 3.0000000e-03 ; 2.2700000e+02 
3.500e+01 ; 1.600e+00 ; 6.000e-01 ; 4.9999999e-03 ; 2.2700000e+02 
3.500e+01 ; 1.600e+00 ; 6.000e-01 ; 8.9999996e-03 ; 2.2700000e+02 
3.500e+01 ; 1.600e+00 ; 6.000e-01 ; 1.7000001e-02 ; 2.2700000e+02 
3.500e+01 ; 1.600e+00 ; 6.000e-01 ; 3.3000000e-02 ; 2.2700000e+02 
3.500e+01 ; 1.600e+00 ; 6.000e-01 ; 6.4999998e-02 ; 2.2700000e+02 
3.500e+01 ; 1.600e+00 ; 6.000e-01 ; 1.2899999e-01 ; 2.2700000e+02 
3.500e+01 ; 1.600e+00 ; 6.000e-01 ; 2.5700000e-01 ; 2.2700000e+02 
3.500e+01 ; 1.600e+00 ; 6.000e-01 ; 5.1300001e-01 ; 2.2700000e+02 
3.500e+01 ; 1.600e+00 ; 6.000e-01 ; 7.6899999e-01 ; 2.2700000e+02 
3.500e+01 ; 1.600e+00 ; 6.000e-01 ; 8.5000002e-01 ; 2.2700000e+02 
3.500e+01 ; 1.600e+00 ; 6.000e-01 ; 8.5000002e-01 ; 2.2700000e+02 
3.500e+01 ; 1.600e+00 ; 6.000e-01 ; 8.5100002e-01 ; 2.2700000e+02 
3.500e+01 ; 1.600e+00 ; 6.000e-01 ; 8.5200002e-01 ; 2.2700000e+02 
3.500e+01 ; 1.600e+00 ; 6.000e-01 ; 8.5300002e-01 ; 2.2700000e+02 
3.500e+01 ; 1.600e+00 ; 6.000e-01 ; 8.5500002e-01 ; 2.2700000e+02 
3.500e+01 ; 1.600e+00 ; 6.000e-01 ; 8.5900002e-01 ; 2.2700000e+02 
3.500e+01 ; 1.600e+00 ; 6.000e-01 ; 8.6700002e-01 ; 2.2700000e+02 
3.500e+01 ; 1.600e+00 ; 6.000e-01 ; 8.8300002e-01 ; 2.2700000e+02 
3.500e+01 ; 1.600e+00 ; 6.000e-01 ; 9.1500002e-01 ; 2.2700000e+02 
3.500e+01 ; 1.600e+00 ; 6.000e-01 ; 9.7900002e-01 ; 2.2700000e+02 
3.500e+01 ; 1.600e+00 ; 6.000e-01 ; 1.1070000e+00 ; 2.2700000e+02 
3.500e+01 ; 1.600e+00 ; 6.000e-01 ; 1.3630000e+00 ; 2.2700000e+02 
3.500e+01 ; 1.600e+00 ; 6.000e-01 ; 1.7000000e+00 ; 2.2700000e+02 
3.500e+01 ; 1.600e+00 ; 6.000e-01 ; 1.7000000e+00 ; 2.2700000e+02 
3.500e+01 ; 1.600e+00 ; 6.000e-01 ; 1.7010000e+00 ; 2.2687859e+02 
3.500e+01 ; 1.600e+00 ; 6.000e-01 ; 1.7020000e+00 ; 2.2675728e+02 
3.500e+01 ; 1.600e+00 ; 6.000e-01 ; 1.7030000e+00 ; 2.2663609e+02 
3.500e+01 ; 1.600e+00 ; 6.000e-01 ; 1.7050000e+00 ; 2.2639415e+02 
3.500e+01 ; 1.600e+00 ; 6.000e-01 ; 1.7090000e+00 ; 2.2591203e+02 
3.500e+01 ; 1.600e+00 ; 6.000e-01 ; 1.7170000e+00 ; 2.2495480e+02 
3.500e+01 ; 1.600e+00 ; 6.000e-01 ; 1.7330000e+00 ; 2.2306793e+02 
3.500e+01 ; 1.600e+00 ; 6.000e-01 ; 1.7650000e+00 ; 2.1940137e+02 
3.500e+01 ; 1.600e+00 ; 6.000e-01 ; 1.8290000e+00 ; 2.1247229e+02 
3.500e+01 ; 1.600e+00 ; 6.000e-01 ; 1.9570000e+00 ; 2.0005637e+02 
3.500e+01 ; 1.600e+00 ; 6.000e-01 ; 2.2130001e+00 ; 1.7988164e+02 
3.500e+01 ; 1.600e+00 ; 6.000e-01 ; 2.5500001e+00 ; 1.5947670e+02 
3.500e+01 ; 1.600e+00 ; 6.000e-01 ; 2.5500001e+00 ; 1.5947670e+02 
3.500e+01 ; 1.600e+00 ; 6.000e-01 ; 2.5510001e+00 ; 1.5941620e+02 
3.500e+01 ; 1.600e+00 ; 6.000e-01 ; 2.5520001e+00 ; 1.5935576e+02 
3.500e+01 ; 1.600e+00 ; 6.000e-01 ; 2.5530001e+00 ; 1.5929538e+02 
3.500e+01 ; 1.600e+00 ; 6.000e-01 ; 2.5550001e+00 ; 1.5917484e+02 
3.500e+01 ; 1.600e+00 ; 6.000e-01 ; 2.5590001e+00 ; 1.5893466e+02 
3.500e+01 ; 1.600e+00 ; 6.000e-01 ; 2.5670001e+00 ; 1.5845789e+02 
3.500e+01 ; 1.600e+00 ; 6.000e-01 ; 2.5830001e+00 ; 1.5751845e+02 
3.500e+01 ; 1.600e+00 ; 6.000e-01 ; 2.6150001e+00 ; 1.5569414e+02 
3.500e+01 ; 1.600e+00 ; 6.000e-01 ; 2.6790001e+00 ; 1.5225003e+02 
3.500e+01 ; 1.600e+00 ; 6.000e-01 ; 2.8070001e+00 ; 1.4608542e+02 
3.500e+01 ; 1.600e+00 ; 6.000e-01 ; 3.0630001e+00 ; 1.3606754e+02 
3.500e+01 ; 1.600e+00 ; 6.000e-01 ; 3.4000001e+00 ; 1.2590781e+02 
3.500e+01 ; 1.600e+00 ; 6.000e-01 ; 3.4000001e+00 ; 1.2590781e+02 
3.500e+01 ; 1.600e+00 ; 6.000e-01 ; 3.4010001e+00 ; 1.2587769e+02 
3.500e+01 ; 1.600e+00 ; 6.000e-01 ; 3.4020001e+00 ; 1.2584759e+02 
3.500e+01 ; 1.600e+00 ; 6.000e-01 ; 3.4030001e+00 ; 1.2581752e+02 
3.500e+01 ; 1.600e+00 ; 6.000e-01 ; 3.4050001e+00 ; 1.2575748e+02 
3.500e+01 ; 1.600e+00 ; 6.000e-01 ; 3.4090001e+00 ; 1.2563782e+02 
3.500e+01 ; 1.600e+00 ; 6.000e-01 ; 3.4170001e+00 ; 1.2540013e+02 
3.500e+01 ; 1.600e+00 ; 6.000e-01 ; 3.4330001e+00 ; 1.2493122e+02 
3.500e+01 ; 1.600e+00 ; 6.000e-01 ; 3.4650001e+00 ; 1.2401859e+02 
3.500e+01 ; 1.600e+00 ; 6.000e-01 ; 3.5290001e+00 ; 1.2228873e+02 
3.500e+01 ; 1.600e+00 ; 6.000e-01 ; 3.6570001e+00 ; 1.1917263e+02 
3.500e+01 ; 1.600e+00 ; 6.000e-01 ; 3.9130001e+00 ; 1.1406561e+02 
3.500e+01 ; 1.600e+00 ; 6.000e-01 ; 4.2500001e+00 ; 1.0885268e+02 
3.500e+01 ; 1.600e+00 ; 6.000e-01 ; 4.2500001e+00 ; 1.0885268e+02 
3.500e+01 ; 1.600e+00 ; 6.000e-01 ; 4.2510001e+00 ; 1.0883723e+02 
3.500e+01 ; 1.600e+00 ; 6.000e-01 ; 4.2520001e+00 ; 1.0882178e+02 
3.500e+01 ; 1.600e+00 ; 6.000e-01 ; 4.2530001e+00 ; 1.0880635e+02 
3.500e+01 ; 1.600e+00 ; 6.000e-01 ; 4.2550001e+00 ; 1.0877555e+02 
3.500e+01 ; 1.600e+00 ; 6.000e-01 ; 4.2590001e+00 ; 1.0871415e+02 
3.500e+01 ; 1.600e+00 ; 6.000e-01 ; 4.2670001e+00 ; 1.0859219e+02 
3.500e+01 ; 1.600e+00 ; 6.000e-01 ; 4.2830001e+00 ; 1.0835157e+02 
3.500e+01 ; 1.600e+00 ; 6.000e-01 ; 4.3150001e+00 ; 1.0788321e+02 
3.500e+01 ; 1.600e+00 ; 6.000e-01 ; 4.3790001e+00 ; 1.0699527e+02 
3.500e+01 ; 1.600e+00 ; 6.000e-01 ; 4.5070001e+00 ; 1.0539518e+02 
3.500e+01 ; 1.600e+00 ; 6.000e-01 ; 4.7630001e+00 ; 1.0277121e+02 
3.500e+01 ; 1.600e+00 ; 6.000e-01 ; 5.1000001e+00 ; 1.0009119e+02 
3.500e+01 ; 1.600e+00 ; 6.000e-01 ; 5.1000001e+00 ; 1.0009119e+02 
3.500e+01 ; 1.600e+00 ; 6.000e-01 ; 5.1010001e+00 ; 1.0008324e+02 
3.500e+01 ; 1.600e+00 ; 6.000e-01 ; 5.1020001e+00 ; 1.0007530e+02 
3.500e+01 ; 1.600e+00 ; 6.000e-01 ; 5.1030001e+00 ; 1.0006738e+02 
3.500e+01 ; 1.600e+00 ; 6.000e-01 ; 5.1050001e+00 ; 1.0005154e+02 
3.500e+01 ; 1.600e+00 ; 6.000e-01 ; 5.1090001e+00 ; 1.0001997e+02 
3.500e+01 ; 1.600e+00 ; 6.000e-01 ; 5.1170001e+00 ; 9.9957268e+01 
3.500e+01 ; 1.600e+00 ; 6.000e-01 ; 5.1330001e+00 ; 9.9833557e+01 
3.500e+01 ; 1.600e+00 ; 6.000e-01 ; 5.1650001e+00 ; 9.9592735e+01 
3.500e+01 ; 1.600e+00 ; 6.000e-01 ; 5.2290001e+00 ; 9.9136131e+01 
3.500e+01 ; 1.600e+00 ; 6.000e-01 ; 5.3570001e+00 ; 9.8313164e+01 
3.500e+01 ; 1.600e+00 ; 6.000e-01 ; 5.6130002e+00 ; 9.6963165e+01 
3.500e+01 ; 1.600e+00 ; 6.000e-01 ; 5.9500002e+00 ; 9.5583908e+01 
3.500e+01 ; 1.600e+00 ; 6.000e-01 ; 5.9500002e+00 ; 9.5583908e+01 
3.500e+01 ; 1.600e+00 ; 6.000e-01 ; 5.9510002e+00 ; 9.5579819e+01 
3.500e+01 ; 1.600e+00 ; 6.000e-01 ; 5.9520002e+00 ; 9.5575729e+01 
3.500e+01 ; 1.600e+00 ; 6.000e-01 ; 5.9530002e+00 ; 9.5571648e+01 
3.500e+01 ; 1.600e+00 ; 6.000e-01 ; 5.9550002e+00 ; 9.5563499e+01 
3.500e+01 ; 1.600e+00 ; 6.000e-01 ; 5.9590002e+00 ; 9.5547256e+01 
3.500e+01 ; 1.600e+00 ; 6.000e-01 ; 5.9670002e+00 ; 9.5514984e+01 
3.500e+01 ; 1.600e+00 ; 6.000e-01 ; 5.9830002e+00 ; 9.5451317e+01 
3.500e+01 ; 1.600e+00 ; 6.000e-01 ; 6.0150002e+00 ; 9.5327370e+01 
3.500e+01 ; 1.600e+00 ; 6.000e-01 ; 6.0790002e+00 ; 9.5092361e+01 
3.500e+01 ; 1.600e+00 ; 6.000e-01 ; 6.2070002e+00 ; 9.4668732e+01 
3.500e+01 ; 1.600e+00 ; 6.000e-01 ; 6.4630002e+00 ; 9.3973709e+01 
3.500e+01 ; 1.600e+00 ; 6.000e-01 ; 6.8000002e+00 ; 9.3263504e+01 
3.500e+01 ; 1.600e+00 ; 6.000e-01 ; 6.8000002e+00 ; 9.3263504e+01 
3.500e+01 ; 1.600e+00 ; 6.000e-01 ; 6.8010002e+00 ; 9.3261398e+01 
3.500e+01 ; 1.600e+00 ; 6.000e-01 ; 6.8020002e+00 ; 9.3259300e+01 
3.500e+01 ; 1.600e+00 ; 6.000e-01 ; 6.8030002e+00 ; 9.3257195e+01 
3.500e+01 ; 1.600e+00 ; 6.000e-01 ; 6.8050002e+00 ; 9.3252998e+01 
3.500e+01 ; 1.600e+00 ; 6.000e-01 ; 6.8090002e+00 ; 9.3244629e+01 
3.500e+01 ; 1.600e+00 ; 6.000e-01 ; 6.8170002e+00 ; 9.3228020e+01 
3.500e+01 ; 1.600e+00 ; 6.000e-01 ; 6.8330002e+00 ; 9.3195229e+01 
3.500e+01 ; 1.600e+00 ; 6.000e-01 ; 6.8650002e+00 ; 9.3131409e+01 
3.500e+01 ; 1.600e+00 ; 6.000e-01 ; 6.9290002e+00 ; 9.3010391e+01 
3.500e+01 ; 1.600e+00 ; 6.000e-01 ; 7.0570002e+00 ; 9.2792236e+01 
3.500e+01 ; 1.600e+00 ; 6.000e-01 ; 7.3130002e+00 ; 9.2434288e+01 
3.500e+01 ; 1.600e+00 ; 6.000e-01 ; 7.6500002e+00 ; 9.2068497e+01 
3.500e+01 ; 1.600e+00 ; 6.000e-01 ; 7.6500002e+00 ; 9.2068497e+01 
3.500e+01 ; 1.600e+00 ; 6.000e-01 ; 7.6510002e+00 ; 9.2067413e+01 
3.500e+01 ; 1.600e+00 ; 6.000e-01 ; 7.6520002e+00 ; 9.2066330e+01 
3.500e+01 ; 1.600e+00 ; 6.000e-01 ; 7.6530002e+00 ; 9.2065247e+01 
3.500e+01 ; 1.600e+00 ; 6.000e-01 ; 7.6550002e+00 ; 9.2063080e+01 
3.500e+01 ; 1.600e+00 ; 6.000e-01 ; 7.6590002e+00 ; 9.2058777e+01 
3.500e+01 ; 1.600e+00 ; 6.000e-01 ; 7.6670002e+00 ; 9.2050217e+01 
3.500e+01 ; 1.600e+00 ; 6.000e-01 ; 7.6830002e+00 ; 9.2033333e+01 
3.500e+01 ; 1.600e+00 ; 6.000e-01 ; 7.7150002e+00 ; 9.2000458e+01 
3.500e+01 ; 1.600e+00 ; 6.000e-01 ; 7.7790002e+00 ; 9.1938126e+01 
3.500e+01 ; 1.600e+00 ; 6.000e-01 ; 7.9070002e+00 ; 9.1825752e+01 
3.500e+01 ; 1.600e+00 ; 6.000e-01 ; 8.1630002e+00 ; 9.1641373e+01 
3.500e+01 ; 1.600e+00 ; 6.000e-01 ; 8.5000002e+00 ; 9.1452942e+01 
3.500e+01 ; 1.600e+00 ; 6.000e-01 ; 8.5000002e+00 ; 9.1452942e+01 
3.500e+01 ; 1.600e+00 ; 6.000e-01 ; 8.5010002e+00 ; 9.1452385e+01 
3.500e+01 ; 1.600e+00 ; 6.000e-01 ; 8.5020002e+00 ; 9.1451820e+01 
3.500e+01 ; 1.600e+00 ; 6.000e-01 ; 8.5030002e+00 ; 9.1451263e+01 
3.500e+01 ; 1.600e+00 ; 6.000e-01 ; 8.5050002e+00 ; 9.1450150e+01 
3.500e+01 ; 1.600e+00 ; 6.000e-01 ; 8.5090002e+00 ; 9.1447937e+01 
3.500e+01 ; 1.600e+00 ; 6.000e-01 ; 8.5170002e+00 ; 9.1443527e+01 
3.500e+01 ; 1.600e+00 ; 6.000e-01 ; 8.5330002e+00 ; 9.1434830e+01 
3.500e+01 ; 1.600e+00 ; 6.000e-01 ; 8.5650002e+00 ; 9.1417892e+01 
3.500e+01 ; 1.600e+00 ; 6.000e-01 ; 8.6290002e+00 ; 9.1385780e+01 
3.500e+01 ; 1.600e+00 ; 6.000e-01 ; 8.7570002e+00 ; 9.1327896e+01 
3.500e+01 ; 1.600e+00 ; 6.000e-01 ; 9.0130002e+00 ; 9.1232910e+01 
3.500e+01 ; 1.600e+00 ; 6.000e-01 ; 9.3500003e+00 ; 9.1135834e+01 
3.500e+01 ; 1.600e+00 ; 6.000e-01 ; 9.3500003e+00 ; 9.1135834e+01 
3.500e+01 ; 1.600e+00 ; 6.000e-01 ; 9.3510003e+00 ; 9.1135544e+01 
3.500e+01 ; 1.600e+00 ; 6.000e-01 ; 9.3520003e+00 ; 9.1135262e+01 
3.500e+01 ; 1.600e+00 ; 6.000e-01 ; 9.3530003e+00 ; 9.1134972e+01 
3.500e+01 ; 1.600e+00 ; 6.000e-01 ; 9.3550003e+00 ; 9.1134399e+01 
3.500e+01 ; 1.600e+00 ; 6.000e-01 ; 9.3590003e+00 ; 9.1133255e+01 
3.500e+01 ; 1.600e+00 ; 6.000e-01 ; 9.3670003e+00 ; 9.1130981e+01 
3.500e+01 ; 1.600e+00 ; 6.000e-01 ; 9.3830003e+00 ; 9.1126503e+01 
3.500e+01 ; 1.600e+00 ; 6.000e-01 ; 9.4150003e+00 ; 9.1117775e+01 
3.500e+01 ; 1.600e+00 ; 6.000e-01 ; 9.4790003e+00 ; 9.1101234e+01 
3.500e+01 ; 1.600e+00 ; 6.000e-01 ; 9.6070003e+00 ; 9.1071411e+01 
3.500e+01 ; 1.600e+00 ; 6.000e-01 ; 9.8630003e+00 ; 9.1022476e+01 
3.500e+01 ; 1.600e+00 ; 6.000e-01 ; 1.0200000e+01 ; 9.0972466e+01 
3.500e+01 ; 1.600e+00 ; 6.000e-01 ; 1.0200000e+01 ; 9.0972466e+01 
3.500e+01 ; 1.600e+00 ; 6.000e-01 ; 1.0201000e+01 ; 9.0972313e+01 
3.500e+01 ; 1.600e+00 ; 6.000e-01 ; 1.0202000e+01 ; 9.0972168e+01 
3.500e+01 ; 1.600e+00 ; 6.000e-01 ; 1.0203000e+01 ; 9.0972023e+01 
3.500e+01 ; 1.600e+00 ; 6.000e-01 ; 1.0205000e+01 ; 9.0971725e+01 
3.500e+01 ; 1.600e+00 ; 6.000e-01 ; 1.0209000e+01 ; 9.0971138e+01 
3.500e+01 ; 1.600e+00 ; 6.000e-01 ; 1.0217000e+01 ; 9.0969963e+01 
3.500e+01 ; 1.600e+00 ; 6.000e-01 ; 1.0233000e+01 ; 9.0967659e+01 
3.500e+01 ; 1.600e+00 ; 6.000e-01 ; 1.0265000e+01 ; 9.0963165e+01 
3.500e+01 ; 1.600e+00 ; 6.000e-01 ; 1.0329000e+01 ; 9.0954636e+01 
3.500e+01 ; 1.600e+00 ; 6.000e-01 ; 1.0457000e+01 ; 9.0939278e+01 
3.500e+01 ; 1.600e+00 ; 6.000e-01 ; 1.0713000e+01 ; 9.0914062e+01 
3.500e+01 ; 1.600e+00 ; 6.000e-01 ; 1.1050000e+01 ; 9.0888298e+01 
3.500e+01 ; 1.600e+00 ; 6.000e-01 ; 1.1050000e+01 ; 9.0888298e+01 
3.500e+01 ; 1.600e+00 ; 6.000e-01 ; 1.1051000e+01 ; 9.0888222e+01 
3.500e+01 ; 1.600e+00 ; 6.000e-01 ; 1.1052000e+01 ; 9.0888145e+01 
3.500e+01 ; 1.600e+00 ; 6.000e-01 ; 1.1053000e+01 ; 9.0888069e+01 
3.500e+01 ; 1.600e+00 ; 6.000e-01 ; 1.1055000e+01 ; 9.0887917e+01 
3.500e+01 ; 1.600e+00 ; 6.000e-01 ; 1.1059000e+01 ; 9.0887611e+01 
3.500e+01 ; 1.600e+00 ; 6.000e-01 ; 1.1067000e+01 ; 9.0887009e+01 
3.500e+01 ; 1.600e+00 ; 6.000e-01 ; 1.1083000e+01 ; 9.0885818e+01 
3.500e+01 ; 1.600e+00 ; 6.000e-01 ; 1.1115000e+01 ; 9.0883499e+01 
3.500e+01 ; 1.600e+00 ; 6.000e-01 ; 1.1179000e+01 ; 9.0879112e+01 
3.500e+01 ; 1.600e+00 ; 6.000e-01 ; 1.1307000e+01 ; 9.0871193e+01 
3.500e+01 ; 1.600e+00 ; 6.000e-01 ; 1.1563000e+01 ; 9.0858208e+01 
3.500e+01 ; 1.600e+00 ; 6.000e-01 ; 1.1900000e+01 ; 9.0844933e+01 
3.500e+01 ; 1.600e+00 ; 6.000e-01 ; 1.1900000e+01 ; 9.0844933e+01 
3.500e+01 ; 1.600e+00 ; 6.000e-01 ; 1.1901000e+01 ; 9.0844887e+01 
3.500e+01 ; 1.600e+00 ; 6.000e-01 ; 1.1902000e+01 ; 9.0844849e+01 
3.500e+01 ; 1.600e+00 ; 6.000e-01 ; 1.1903000e+01 ; 9.0844810e+01 
3.500e+01 ; 1.600e+00 ; 6.000e-01 ; 1.1905000e+01 ; 9.0844734e+01 
3.500e+01 ; 1.600e+00 ; 6.000e-01 ; 1.1909000e+01 ; 9.0844574e+01 
3.500e+01 ; 1.600e+00 ; 6.000e-01 ; 1.1917000e+01 ; 9.0844269e+01 
3.500e+01 ; 1.600e+00 ; 6.000e-01 ; 1.1933000e+01 ; 9.0843651e+01 
3.500e+01 ; 1.600e+00 ; 6.000e-01 ; 1.1965000e+01 ; 9.0842461e+01 
3.500e+01 ; 1.600e+00 ; 6.000e-01 ; 1.2029000e+01 ; 9.0840195e+01 
3.500e+01 ; 1.600e+00 ; 6.000e-01 ; 1.2157000e+01 ; 9.0836121e+01 
3.500e+01 ; 1.600e+00 ; 6.000e-01 ; 1.2413000e+01 ; 9.0829430e+01 
3.500e+01 ; 1.600e+00 ; 6.000e-01 ; 1.2750000e+01 ; 9.0822586e+01 
3.500e+01 ; 1.600e+00 ; 6.000e-01 ; 1.2750000e+01 ; 9.0822586e+01 
3.500e+01 ; 1.600e+00 ; 6.000e-01 ; 1.2751000e+01 ; 9.0822563e+01 
3.500e+01 ; 1.600e+00 ; 6.000e-01 ; 1.2752000e+01 ; 9.0822548e+01 
3.500e+01 ; 1.600e+00 ; 6.000e-01 ; 1.2753000e+01 ; 9.0822525e+01 
3.500e+01 ; 1.600e+00 ; 6.000e-01 ; 1.2755000e+01 ; 9.0822487e+01 
3.500e+01 ; 1.600e+00 ; 6.000e-01 ; 1.2759000e+01 ; 9.0822403e+01 
3.500e+01 ; 1.600e+00 ; 6.000e-01 ; 1.2767000e+01 ; 9.0822243e+01 
3.500e+01 ; 1.600e+00 ; 6.000e-01 ; 1.2783000e+01 ; 9.0821930e+01 
3.500e+01 ; 1.600e+00 ; 6.000e-01 ; 1.2815000e+01 ; 9.0821312e+01 
3.500e+01 ; 1.600e+00 ; 6.000e-01 ; 1.2879000e+01 ; 9.0820145e+01 
3.500e+01 ; 1.600e+00 ; 6.000e-01 ; 1.3007000e+01 ; 9.0818047e+01 
3.500e+01 ; 1.600e+00 ; 6.000e-01 ; 1.3263000e+01 ; 9.0814598e+01 
3.500e+01 ; 1.600e+00 ; 6.000e-01 ; 1.3600000e+01 ; 9.0811073e+01 
3.500e+01 ; 1.600e+00 ; 6.000e-01 ; 1.3600000e+01 ; 9.0811073e+01 
3.500e+01 ; 1.600e+00 ; 6.000e-01 ; 1.3601000e+01 ; 9.0811066e+01 
3.500e+01 ; 1.600e+00 ; 6.000e-01 ; 1.3602000e+01 ; 9.0811050e+01 
3.500e+01 ; 1.600e+00 ; 6.000e-01 ; 1.3603000e+01 ; 9.0811043e+01 
3.500e+01 ; 1.600e+00 ; 6.000e-01 ; 1.3605000e+01 ; 9.0811020e+01 
3.500e+01 ; 1.600e+00 ; 6.000e-01 ; 1.3609000e+01 ; 9.0810982e+01 
3.500e+01 ; 1.600e+00 ; 6.000e-01 ; 1.3617000e+01 ; 9.0810913e+01 
3.500e+01 ; 1.600e+00 ; 6.000e-01 ; 1.3633000e+01 ; 9.0810799e+01 
3.500e+01 ; 1.600e+00 ; 6.000e-01 ; 1.3665000e+01 ; 9.0810677e+01 
3.500e+01 ; 1.600e+00 ; 6.000e-01 ; 1.3729000e+01 ; 9.0810944e+01 
3.500e+01 ; 1.600e+00 ; 6.000e-01 ; 1.3857000e+01 ; 9.0813713e+01 
3.500e+01 ; 1.600e+00 ; 6.000e-01 ; 1.4113000e+01 ; 9.0827049e+01 
3.500e+01 ; 1.600e+00 ; 6.000e-01 ; 1.4450000e+01 ; 9.0852844e+01 
3.500e+01 ; 1.600e+00 ; 6.000e-01 ; 1.4450000e+01 ; 9.0852844e+01 
3.500e+01 ; 1.600e+00 ; 6.000e-01 ; 1.4451000e+01 ; 9.0858917e+01 
3.500e+01 ; 1.600e+00 ; 6.000e-01 ; 1.4452000e+01 ; 9.0865021e+01 
3.500e+01 ; 1.600e+00 ; 6.000e-01 ; 1.4453000e+01 ; 9.0871155e+01 
3.500e+01 ; 1.600e+00 ; 6.000e-01 ; 1.4455000e+01 ; 9.0883530e+01 
3.500e+01 ; 1.600e+00 ; 6.000e-01 ; 1.4459000e+01 ; 9.0908714e+01 
3.500e+01 ; 1.600e+00 ; 6.000e-01 ; 1.4467000e+01 ; 9.0960808e+01 
3.500e+01 ; 1.600e+00 ; 6.000e-01 ; 1.4483000e+01 ; 9.1071457e+01 
3.500e+01 ; 1.600e+00 ; 6.000e-01 ; 1.4515000e+01 ; 9.1315727e+01 
3.500e+01 ; 1.600e+00 ; 6.000e-01 ; 1.4579000e+01 ; 9.1875916e+01 
3.500e+01 ; 1.600e+00 ; 6.000e-01 ; 1.4707000e+01 ; 9.3159393e+01 
3.500e+01 ; 1.600e+00 ; 6.000e-01 ; 1.4963000e+01 ; 9.5795364e+01 
3.500e+01 ; 1.600e+00 ; 6.000e-01 ; 1.5300000e+01 ; 9.8690529e+01 
3.500e+01 ; 1.600e+00 ; 6.000e-01 ; 1.5300000e+01 ; 9.8690529e+01 
3.500e+01 ; 1.600e+00 ; 6.000e-01 ; 1.5301000e+01 ; 9.8703728e+01 
3.500e+01 ; 1.600e+00 ; 6.000e-01 ; 1.5302000e+01 ; 9.8716927e+01 
3.500e+01 ; 1.600e+00 ; 6.000e-01 ; 1.5303000e+01 ; 9.8730125e+01 
3.500e+01 ; 1.600e+00 ; 6.000e-01 ; 1.5305000e+01 ; 9.8756531e+01 
3.500e+01 ; 1.600e+00 ; 6.000e-01 ; 1.5309000e+01 ; 9.8809326e+01 
3.500e+01 ; 1.600e+00 ; 6.000e-01 ; 1.5317000e+01 ; 9.8914894e+01 
3.500e+01 ; 1.600e+00 ; 6.000e-01 ; 1.5333000e+01 ; 9.9125801e+01 
3.500e+01 ; 1.600e+00 ; 6.000e-01 ; 1.5365000e+01 ; 9.9545822e+01 
3.500e+01 ; 1.600e+00 ; 6.000e-01 ; 1.5429000e+01 ; 1.0037247e+02 
3.500e+01 ; 1.600e+00 ; 6.000e-01 ; 1.5557000e+01 ; 1.0193594e+02 
3.500e+01 ; 1.600e+00 ; 6.000e-01 ; 1.5813000e+01 ; 1.0455639e+02 
3.500e+01 ; 1.600e+00 ; 6.000e-01 ; 1.6150000e+01 ; 1.0699654e+02 
3.500e+01 ; 1.600e+00 ; 6.000e-01 ; 1.6150000e+01 ; 1.0699654e+02 
3.500e+01 ; 1.600e+00 ; 6.000e-01 ; 1.6151000e+01 ; 1.0700377e+02 
3.500e+01 ; 1.600e+00 ; 6.000e-01 ; 1.6152000e+01 ; 1.0701098e+02 
3.500e+01 ; 1.600e+00 ; 6.000e-01 ; 1.6153000e+01 ; 1.0701817e+02 
3.500e+01 ; 1.600e+00 ; 6.000e-01 ; 1.6155000e+01 ; 1.0703251e+02 
3.500e+01 ; 1.600e+00 ; 6.000e-01 ; 1.6159000e+01 ; 1.0706093e+02 
3.500e+01 ; 1.600e+00 ; 6.000e-01 ; 1.6167000e+01 ; 1.0711683e+02 
3.500e+01 ; 1.600e+00 ; 6.000e-01 ; 1.6183000e+01 ; 1.0722491e+02 
3.500e+01 ; 1.600e+00 ; 6.000e-01 ; 1.6215000e+01 ; 1.0742684e+02 
3.500e+01 ; 1.600e+00 ; 6.000e-01 ; 1.6279000e+01 ; 1.0777827e+02 
3.500e+01 ; 1.600e+00 ; 6.000e-01 ; 1.6407000e+01 ; 1.0830262e+02 
3.500e+01 ; 1.600e+00 ; 6.000e-01 ; 1.6663000e+01 ; 1.0882790e+02 
3.500e+01 ; 1.600e+00 ; 6.000e-01 ; 1.7000000e+01 ; 1.0891817e+02 
3.500e+01 ; 1.600e+00 ; 6.000e-01 ; 1.7000000e+01 ; 1.0891817e+02 
3.500e+01 ; 1.600e+00 ; 6.000e-01 ; 1.7001000e+01 ; 1.0891843e+02 
3.500e+01 ; 1.600e+00 ; 6.000e-01 ; 1.7002000e+01 ; 1.0891869e+02 
3.500e+01 ; 1.600e+00 ; 6.000e-01 ; 1.7003000e+01 ; 1.0891895e+02 
3.500e+01 ; 1.600e+00 ; 6.000e-01 ; 1.7005000e+01 ; 1.0891943e+02 
3.500e+01 ; 1.600e+00 ; 6.000e-01 ; 1.7009000e+01 ; 1.0892031e+02 
3.500e+01 ; 1.600e+00 ; 6.000e-01 ; 1.7017000e+01 ; 1.0892175e+02 
3.500e+01 ; 1.600e+00 ; 6.000e-01 ; 1.7033000e+01 ; 1.0892332e+02 
3.500e+01 ; 1.600e+00 ; 6.000e-01 ; 1.7065000e+01 ; 1.0892157e+02 
3.500e+01 ; 1.600e+00 ; 6.000e-01 ; 1.7129000e+01 ; 1.0890020e+02 
3.500e+01 ; 1.600e+00 ; 6.000e-01 ; 1.7257000e+01 ; 1.0879832e+02 
3.500e+01 ; 1.600e+00 ; 6.000e-01 ; 1.7513000e+01 ; 1.0843140e+02 
3.500e+01 ; 1.600e+00 ; 6.000e-01 ; 1.7850001e+01 ; 1.0778034e+02 
3.500e+01 ; 1.600e+00 ; 6.000e-01 ; 1.7850001e+01 ; 1.0778034e+02 
3.500e+01 ; 1.600e+00 ; 6.000e-01 ; 1.7851001e+01 ; 1.0777840e+02 
3.500e+01 ; 1.600e+00 ; 6.000e-01 ; 1.7852001e+01 ; 1.0777647e+02 
3.500e+01 ; 1.600e+00 ; 6.000e-01 ; 1.7853001e+01 ; 1.0777454e+02 
3.500e+01 ; 1.600e+00 ; 6.000e-01 ; 1.7855001e+01 ; 1.0777066e+02 
3.500e+01 ; 1.600e+00 ; 6.000e-01 ; 1.7859001e+01 ; 1.0776288e+02 
3.500e+01 ; 1.600e+00 ; 6.000e-01 ; 1.7867001e+01 ; 1.0774722e+02 
3.500e+01 ; 1.600e+00 ; 6.000e-01 ; 1.7883001e+01 ; 1.0771557e+02 
3.500e+01 ; 1.600e+00 ; 6.000e-01 ; 1.7915000e+01 ; 1.0765092e+02 
3.500e+01 ; 1.600e+00 ; 6.000e-01 ; 1.7979000e+01 ; 1.0751698e+02 
3.500e+01 ; 1.600e+00 ; 6.000e-01 ; 1.8107000e+01 ; 1.0723495e+02 
3.500e+01 ; 1.600e+00 ; 6.000e-01 ; 1.8363001e+01 ; 1.0664023e+02 
3.500e+01 ; 1.600e+00 ; 6.000e-01 ; 1.8700001e+01 ; 1.0584330e+02 
3.500e+01 ; 1.600e+00 ; 6.000e-01 ; 1.8700001e+01 ; 1.0584330e+02 
3.500e+01 ; 1.600e+00 ; 6.000e-01 ; 1.8701001e+01 ; 1.0584093e+02 
3.500e+01 ; 1.600e+00 ; 6.000e-01 ; 1.8702001e+01 ; 1.0583857e+02 
3.500e+01 ; 1.600e+00 ; 6.000e-01 ; 1.8703001e+01 ; 1.0583620e+02 
3.500e+01 ; 1.600e+00 ; 6.000e-01 ; 1.8705001e+01 ; 1.0583147e+02 
3.500e+01 ; 1.600e+00 ; 6.000e-01 ; 1.8709001e+01 ; 1.0582201e+02 
3.500e+01 ; 1.600e+00 ; 6.000e-01 ; 1.8717001e+01 ; 1.0580308e+02 
3.500e+01 ; 1.600e+00 ; 6.000e-01 ; 1.8733001e+01 ; 1.0576518e+02 
3.500e+01 ; 1.600e+00 ; 6.000e-01 ; 1.8765001e+01 ; 1.0568934e+02 
3.500e+01 ; 1.600e+00 ; 6.000e-01 ; 1.8829001e+01 ; 1.0553762e+02 
3.500e+01 ; 1.600e+00 ; 6.000e-01 ; 1.8957001e+01 ; 1.0523553e+02 
3.500e+01 ; 1.600e+00 ; 6.000e-01 ; 1.9213001e+01 ; 1.0464484e+02 
3.500e+01 ; 1.600e+00 ; 6.000e-01 ; 1.9550001e+01 ; 1.0390194e+02 
3.500e+01 ; 1.600e+00 ; 6.000e-01 ; 1.9550001e+01 ; 1.0390194e+02 
3.500e+01 ; 1.600e+00 ; 6.000e-01 ; 1.9551001e+01 ; 1.0389973e+02 
3.500e+01 ; 1.600e+00 ; 6.000e-01 ; 1.9552001e+01 ; 1.0389753e+02 
3.500e+01 ; 1.600e+00 ; 6.000e-01 ; 1.9553001e+01 ; 1.0389532e+02 
3.500e+01 ; 1.600e+00 ; 6.000e-01 ; 1.9555001e+01 ; 1.0389092e+02 
3.500e+01 ; 1.600e+00 ; 6.000e-01 ; 1.9559001e+01 ; 1.0388211e+02 
3.500e+01 ; 1.600e+00 ; 6.000e-01 ; 1.9567001e+01 ; 1.0386452e+02 
3.500e+01 ; 1.600e+00 ; 6.000e-01 ; 1.9583001e+01 ; 1.0382941e+02 
3.500e+01 ; 1.600e+00 ; 6.000e-01 ; 1.9615001e+01 ; 1.0375953e+02 
3.500e+01 ; 1.600e+00 ; 6.000e-01 ; 1.9679001e+01 ; 1.0362114e+02 
3.500e+01 ; 1.600e+00 ; 6.000e-01 ; 1.9807001e+01 ; 1.0335027e+02 
3.500e+01 ; 1.600e+00 ; 6.000e-01 ; 2.0063001e+01 ; 1.0283386e+02 
3.500e+01 ; 1.600e+00 ; 6.000e-01 ; 2.0400001e+01 ; 1.0219933e+02 
3.500e+01 ; 1.600e+00 ; 6.000e-01 ; 2.0400001e+01 ; 1.0219933e+02 
3.500e+01 ; 1.600e+00 ; 6.000e-01 ; 2.0401001e+01 ; 1.0219745e+02 
3.500e+01 ; 1.600e+00 ; 6.000e-01 ; 2.0402001e+01 ; 1.0219557e+02 
3.500e+01 ; 1.600e+00 ; 6.000e-01 ; 2.0403001e+01 ; 1.0219369e+02 
3.500e+01 ; 1.600e+00 ; 6.000e-01 ; 2.0405001e+01 ; 1.0218993e+02 
3.500e+01 ; 1.600e+00 ; 6.000e-01 ; 2.0409001e+01 ; 1.0218241e+02 
3.500e+01 ; 1.600e+00 ; 6.000e-01 ; 2.0417001e+01 ; 1.0216740e+02 
3.500e+01 ; 1.600e+00 ; 6.000e-01 ; 2.0433001e+01 ; 1.0213748e+02 
3.500e+01 ; 1.600e+00 ; 6.000e-01 ; 2.0465001e+01 ; 1.0207806e+02 
3.500e+01 ; 1.600e+00 ; 6.000e-01 ; 2.0529001e+01 ; 1.0196087e+02 
3.500e+01 ; 1.600e+00 ; 6.000e-01 ; 2.0657001e+01 ; 1.0173305e+02 
3.500e+01 ; 1.600e+00 ; 6.000e-01 ; 2.0913001e+01 ; 1.0130322e+02 
3.500e+01 ; 1.600e+00 ; 6.000e-01 ; 2.1250001e+01 ; 1.0078036e+02 
3.500e+01 ; 1.600e+00 ; 6.000e-01 ; 2.1250001e+01 ; 1.0078036e+02 
3.500e+01 ; 1.600e+00 ; 6.000e-01 ; 2.1251001e+01 ; 1.0077880e+02 
3.500e+01 ; 1.600e+00 ; 6.000e-01 ; 2.1252001e+01 ; 1.0077725e+02 
3.500e+01 ; 1.600e+00 ; 6.000e-01 ; 2.1253001e+01 ; 1.0077570e+02 
3.500e+01 ; 1.600e+00 ; 6.000e-01 ; 2.1255001e+01 ; 1.0077261e+02 
3.500e+01 ; 1.600e+00 ; 6.000e-01 ; 2.1259001e+01 ; 1.0076641e+02 
3.500e+01 ; 1.600e+00 ; 6.000e-01 ; 2.1267001e+01 ; 1.0075405e+02 
3.500e+01 ; 1.600e+00 ; 6.000e-01 ; 2.1283001e+01 ; 1.0072942e+02 
3.500e+01 ; 1.600e+00 ; 6.000e-01 ; 2.1315001e+01 ; 1.0068056e+02 
3.500e+01 ; 1.600e+00 ; 6.000e-01 ; 2.1379001e+01 ; 1.0058434e+02 
3.500e+01 ; 1.600e+00 ; 6.000e-01 ; 2.1507001e+01 ; 1.0039789e+02 
3.500e+01 ; 1.600e+00 ; 6.000e-01 ; 2.1763001e+01 ; 1.0004777e+02 
3.500e+01 ; 1.600e+00 ; 6.000e-01 ; 2.2100001e+01 ; 9.9623825e+01 
3.500e+01 ; 1.600e+00 ; 6.000e-01 ; 2.2100001e+01 ; 9.9623825e+01 
3.500e+01 ; 1.600e+00 ; 6.000e-01 ; 2.2101001e+01 ; 9.9622566e+01 
3.500e+01 ; 1.600e+00 ; 6.000e-01 ; 2.2102001e+01 ; 9.9621307e+01 
3.500e+01 ; 1.600e+00 ; 6.000e-01 ; 2.2103001e+01 ; 9.9620049e+01 
3.500e+01 ; 1.600e+00 ; 6.000e-01 ; 2.2105001e+01 ; 9.9617538e+01 
3.500e+01 ; 1.600e+00 ; 6.000e-01 ; 2.2109001e+01 ; 9.9612518e+01 
3.500e+01 ; 1.600e+00 ; 6.000e-01 ; 2.2117001e+01 ; 9.9602493e+01 
3.500e+01 ; 1.600e+00 ; 6.000e-01 ; 2.2133001e+01 ; 9.9582542e+01 
3.500e+01 ; 1.600e+00 ; 6.000e-01 ; 2.2165001e+01 ; 9.9542953e+01 
3.500e+01 ; 1.600e+00 ; 6.000e-01 ; 2.2229001e+01 ; 9.9465080e+01 
3.500e+01 ; 1.600e+00 ; 6.000e-01 ; 2.2357001e+01 ; 9.9314377e+01 
3.500e+01 ; 1.600e+00 ; 6.000e-01 ; 2.2613001e+01 ; 9.9032043e+01 
3.500e+01 ; 1.600e+00 ; 6.000e-01 ; 2.2950001e+01 ; 9.8690926e+01 
3.500e+01 ; 1.600e+00 ; 6.000e-01 ; 2.2950001e+01 ; 9.8690926e+01 
3.500e+01 ; 1.600e+00 ; 6.000e-01 ; 2.2951001e+01 ; 9.8689919e+01 
3.500e+01 ; 1.600e+00 ; 6.000e-01 ; 2.2952001e+01 ; 9.8688904e+01 
3.500e+01 ; 1.600e+00 ; 6.000e-01 ; 2.2953001e+01 ; 9.8687889e+01 
3.500e+01 ; 1.600e+00 ; 6.000e-01 ; 2.2955001e+01 ; 9.8685867e+01 
3.500e+01 ; 1.600e+00 ; 6.000e-01 ; 2.2959001e+01 ; 9.8681831e+01 
3.500e+01 ; 1.600e+00 ; 6.000e-01 ; 2.2967001e+01 ; 9.8673767e+01 
3.500e+01 ; 1.600e+00 ; 6.000e-01 ; 2.2983001e+01 ; 9.8657715e+01 
3.500e+01 ; 1.600e+00 ; 6.000e-01 ; 2.3015001e+01 ; 9.8625877e+01 
3.500e+01 ; 1.600e+00 ; 6.000e-01 ; 2.3079001e+01 ; 9.8563271e+01 
3.500e+01 ; 1.600e+00 ; 6.000e-01 ; 2.3207001e+01 ; 9.8442207e+01 
3.500e+01 ; 1.600e+00 ; 6.000e-01 ; 2.3463001e+01 ; 9.8215637e+01 
3.500e+01 ; 1.600e+00 ; 6.000e-01 ; 2.3800001e+01 ; 9.7942215e+01 
3.500e+01 ; 1.600e+00 ; 6.000e-01 ; 2.3800001e+01 ; 9.7942215e+01 
3.500e+01 ; 1.600e+00 ; 6.000e-01 ; 2.3801001e+01 ; 9.7941399e+01 
3.500e+01 ; 1.600e+00 ; 6.000e-01 ; 2.3802001e+01 ; 9.7940590e+01 
3.500e+01 ; 1.600e+00 ; 6.000e-01 ; 2.3803001e+01 ; 9.7939781e+01 
3.500e+01 ; 1.600e+00 ; 6.000e-01 ; 2.3805001e+01 ; 9.7938156e+01 
3.500e+01 ; 1.600e+00 ; 6.000e-01 ; 2.3809001e+01 ; 9.7934921e+01 
3.500e+01 ; 1.600e+00 ; 6.000e-01 ; 2.3817001e+01 ; 9.7928459e+01 
3.500e+01 ; 1.600e+00 ; 6.000e-01 ; 2.3833001e+01 ; 9.7915596e+01 
3.500e+01 ; 1.600e+00 ; 6.000e-01 ; 2.3865001e+01 ; 9.7890076e+01 
3.500e+01 ; 1.600e+00 ; 6.000e-01 ; 2.3929001e+01 ; 9.7839920e+01 
3.500e+01 ; 1.600e+00 ; 6.000e-01 ; 2.4057001e+01 ; 9.7742950e+01 
3.500e+01 ; 1.600e+00 ; 6.000e-01 ; 2.4313001e+01 ; 9.7561592e+01 
3.500e+01 ; 1.600e+00 ; 6.000e-01 ; 2.4650001e+01 ; 9.7342850e+01 
3.500e+01 ; 1.600e+00 ; 6.000e-01 ; 2.4650001e+01 ; 9.7342850e+01 
3.500e+01 ; 1.600e+00 ; 6.000e-01 ; 2.4651001e+01 ; 9.7342201e+01 
3.500e+01 ; 1.600e+00 ; 6.000e-01 ; 2.4652001e+01 ; 9.7341553e+01 
3.500e+01 ; 1.600e+00 ; 6.000e-01 ; 2.4653001e+01 ; 9.7340904e+01 
3.500e+01 ; 1.600e+00 ; 6.000e-01 ; 2.4655001e+01 ; 9.7339607e+01 
3.500e+01 ; 1.600e+00 ; 6.000e-01 ; 2.4659001e+01 ; 9.7337013e+01 
3.500e+01 ; 1.600e+00 ; 6.000e-01 ; 2.4667001e+01 ; 9.7331848e+01 
3.500e+01 ; 1.600e+00 ; 6.000e-01 ; 2.4683001e+01 ; 9.7321556e+01 
3.500e+01 ; 1.600e+00 ; 6.000e-01 ; 2.4715001e+01 ; 9.7301147e+01 
3.500e+01 ; 1.600e+00 ; 6.000e-01 ; 2.4779001e+01 ; 9.7261024e+01 
3.500e+01 ; 1.600e+00 ; 6.000e-01 ; 2.4907001e+01 ; 9.7183487e+01 
3.500e+01 ; 1.600e+00 ; 6.000e-01 ; 2.5163001e+01 ; 9.7038498e+01 
3.500e+01 ; 1.600e+00 ; 6.000e-01 ; 2.5500001e+01 ; 9.6863693e+01 
3.500e+01 ; 1.600e+00 ; 6.000e-01 ; 2.5500001e+01 ; 9.6863693e+01 
3.500e+01 ; 1.600e+00 ; 6.000e-01 ; 2.5501001e+01 ; 9.6863174e+01 
3.500e+01 ; 1.600e+00 ; 6.000e-01 ; 2.5502001e+01 ; 9.6862656e+01 
3.500e+01 ; 1.600e+00 ; 6.000e-01 ; 2.5503001e+01 ; 9.6862137e+01 
3.500e+01 ; 1.600e+00 ; 6.000e-01 ; 2.5505001e+01 ; 9.6861099e+01 
3.500e+01 ; 1.600e+00 ; 6.000e-01 ; 2.5509001e+01 ; 9.6859032e+01 
3.500e+01 ; 1.600e+00 ; 6.000e-01 ; 2.5517001e+01 ; 9.6854904e+01 
3.500e+01 ; 1.600e+00 ; 6.000e-01 ; 2.5533001e+01 ; 9.6846680e+01 
3.500e+01 ; 1.600e+00 ; 6.000e-01 ; 2.5565001e+01 ; 9.6830368e+01 
3.500e+01 ; 1.600e+00 ; 6.000e-01 ; 2.5629001e+01 ; 9.6798309e+01 
3.500e+01 ; 1.600e+00 ; 6.000e-01 ; 2.5757001e+01 ; 9.6736359e+01 
3.500e+01 ; 1.600e+00 ; 6.000e-01 ; 2.6013001e+01 ; 9.6620544e+01 
3.500e+01 ; 1.600e+00 ; 6.000e-01 ; 2.6350001e+01 ; 9.6480942e+01 
3.500e+01 ; 1.600e+00 ; 6.000e-01 ; 2.6350001e+01 ; 9.6480942e+01 
3.500e+01 ; 1.600e+00 ; 6.000e-01 ; 2.6351001e+01 ; 9.6480530e+01 
3.500e+01 ; 1.600e+00 ; 6.000e-01 ; 2.6352001e+01 ; 9.6480110e+01 
3.500e+01 ; 1.600e+00 ; 6.000e-01 ; 2.6353001e+01 ; 9.6479698e+01 
3.500e+01 ; 1.600e+00 ; 6.000e-01 ; 2.6355001e+01 ; 9.6478874e+01 
3.500e+01 ; 1.600e+00 ; 6.000e-01 ; 2.6359001e+01 ; 9.6477242e+01 
3.500e+01 ; 1.600e+00 ; 6.000e-01 ; 2.6367001e+01 ; 9.6473999e+01 
3.500e+01 ; 1.600e+00 ; 6.000e-01 ; 2.6383001e+01 ; 9.6467674e+01 
3.500e+01 ; 1.600e+00 ; 6.000e-01 ; 2.6415001e+01 ; 9.6455742e+01 
3.500e+01 ; 1.600e+00 ; 6.000e-01 ; 2.6479001e+01 ; 9.6435265e+01 
3.500e+01 ; 1.600e+00 ; 6.000e-01 ; 2.6607001e+01 ; 9.6410042e+01 
3.500e+01 ; 1.600e+00 ; 6.000e-01 ; 2.6863001e+01 ; 9.6421761e+01 
3.500e+01 ; 1.600e+00 ; 6.000e-01 ; 2.7200001e+01 ; 9.6518486e+01 
3.500e+01 ; 1.600e+00 ; 6.000e-01 ; 2.7200001e+01 ; 9.6518486e+01 
3.500e+01 ; 1.600e+00 ; 6.000e-01 ; 2.7201001e+01 ; 9.6518776e+01 
3.500e+01 ; 1.600e+00 ; 6.000e-01 ; 2.7202001e+01 ; 9.6519066e+01 
3.500e+01 ; 1.600e+00 ; 6.000e-01 ; 2.7203001e+01 ; 9.6519363e+01 
3.500e+01 ; 1.600e+00 ; 6.000e-01 ; 2.7205001e+01 ; 9.6519951e+01 
3.500e+01 ; 1.600e+00 ; 6.000e-01 ; 2.7209001e+01 ; 9.6521164e+01 
3.500e+01 ; 1.600e+00 ; 6.000e-01 ; 2.7217001e+01 ; 9.6523705e+01 
3.500e+01 ; 1.600e+00 ; 6.000e-01 ; 2.7233001e+01 ; 9.6529266e+01 
3.500e+01 ; 1.600e+00 ; 6.000e-01 ; 2.7265001e+01 ; 9.6542366e+01 
3.500e+01 ; 1.600e+00 ; 6.000e-01 ; 2.7329001e+01 ; 9.6576881e+01 
3.500e+01 ; 1.600e+00 ; 6.000e-01 ; 2.7457001e+01 ; 9.6679321e+01 
3.500e+01 ; 1.600e+00 ; 6.000e-01 ; 2.7713001e+01 ; 9.6995888e+01 
3.500e+01 ; 1.600e+00 ; 6.000e-01 ; 2.8050001e+01 ; 9.7530182e+01 
3.500e+01 ; 1.600e+00 ; 6.000e-01 ; 2.8050001e+01 ; 9.7530182e+01 
3.500e+01 ; 1.600e+00 ; 6.000e-01 ; 2.8051001e+01 ; 9.7531769e+01 
3.500e+01 ; 1.600e+00 ; 6.000e-01 ; 2.8052001e+01 ; 9.7533363e+01 
3.500e+01 ; 1.600e+00 ; 6.000e-01 ; 2.8053001e+01 ; 9.7534950e+01 
3.500e+01 ; 1.600e+00 ; 6.000e-01 ; 2.8055001e+01 ; 9.7538147e+01 
3.500e+01 ; 1.600e+00 ; 6.000e-01 ; 2.8059001e+01 ; 9.7544556e+01 
3.500e+01 ; 1.600e+00 ; 6.000e-01 ; 2.8067001e+01 ; 9.7557510e+01 
3.500e+01 ; 1.600e+00 ; 6.000e-01 ; 2.8083001e+01 ; 9.7583939e+01 
3.500e+01 ; 1.600e+00 ; 6.000e-01 ; 2.8115001e+01 ; 9.7638840e+01 
3.500e+01 ; 1.600e+00 ; 6.000e-01 ; 2.8179001e+01 ; 9.7756607e+01 
3.500e+01 ; 1.600e+00 ; 6.000e-01 ; 2.8307001e+01 ; 9.8020729e+01 
3.500e+01 ; 1.600e+00 ; 6.000e-01 ; 2.8563001e+01 ; 9.8626877e+01 
3.500e+01 ; 1.600e+00 ; 6.000e-01 ; 2.8900001e+01 ; 9.9472908e+01 
3.500e+01 ; 1.600e+00 ; 6.000e-01 ; 2.8900001e+01 ; 9.9472908e+01 
3.500e+01 ; 1.600e+00 ; 6.000e-01 ; 2.8901001e+01 ; 9.9475426e+01 
3.500e+01 ; 1.600e+00 ; 6.000e-01 ; 2.8902001e+01 ; 9.9477936e+01 
3.500e+01 ; 1.600e+00 ; 6.000e-01 ; 2.8903001e+01 ; 9.9480446e+01 
3.500e+01 ; 1.600e+00 ; 6.000e-01 ; 2.8905001e+01 ; 9.9485474e+01 
3.500e+01 ; 1.600e+00 ; 6.000e-01 ; 2.8909001e+01 ; 9.9495544e+01 
3.500e+01 ; 1.600e+00 ; 6.000e-01 ; 2.8917001e+01 ; 9.9515724e+01 
3.500e+01 ; 1.600e+00 ; 6.000e-01 ; 2.8933001e+01 ; 9.9556244e+01 
3.500e+01 ; 1.600e+00 ; 6.000e-01 ; 2.8965001e+01 ; 9.9637848e+01 
3.500e+01 ; 1.600e+00 ; 6.000e-01 ; 2.9029001e+01 ; 9.9802612e+01 
3.500e+01 ; 1.600e+00 ; 6.000e-01 ; 2.9157001e+01 ; 1.0013350e+02 
3.500e+01 ; 1.600e+00 ; 6.000e-01 ; 2.9413001e+01 ; 1.0077217e+02 
3.500e+01 ; 1.600e+00 ; 6.000e-01 ; 2.9750001e+01 ; 1.0153024e+02 
3.500e+01 ; 1.600e+00 ; 6.000e-01 ; 2.9750001e+01 ; 1.0153024e+02 
3.500e+01 ; 1.600e+00 ; 6.000e-01 ; 2.9751001e+01 ; 1.0153249e+02 
3.500e+01 ; 1.600e+00 ; 6.000e-01 ; 2.9752001e+01 ; 1.0153474e+02 
3.500e+01 ; 1.600e+00 ; 6.000e-01 ; 2.9753001e+01 ; 1.0153698e+02 
3.500e+01 ; 1.600e+00 ; 6.000e-01 ; 2.9755001e+01 ; 1.0154147e+02 
3.500e+01 ; 1.600e+00 ; 6.000e-01 ; 2.9759001e+01 ; 1.0155045e+02 
3.500e+01 ; 1.600e+00 ; 6.000e-01 ; 2.9767001e+01 ; 1.0156834e+02 
3.500e+01 ; 1.600e+00 ; 6.000e-01 ; 2.9783001e+01 ; 1.0160393e+02 
3.500e+01 ; 1.600e+00 ; 6.000e-01 ; 2.9815001e+01 ; 1.0167426e+02 
3.500e+01 ; 1.600e+00 ; 6.000e-01 ; 2.9879001e+01 ; 1.0181122e+02 
3.500e+01 ; 1.600e+00 ; 6.000e-01 ; 3.0007001e+01 ; 1.0206852e+02 
3.500e+01 ; 1.600e+00 ; 6.000e-01 ; 3.0263001e+01 ; 1.0251062e+02 
3.500e+01 ; 1.600e+00 ; 6.000e-01 ; 3.0600001e+01 ; 1.0296777e+02 
3.500e+01 ; 1.600e+00 ; 6.000e-01 ; 3.0600001e+01 ; 1.0296777e+02 
3.500e+01 ; 1.600e+00 ; 6.000e-01 ; 3.0601001e+01 ; 1.0296913e+02 
3.500e+01 ; 1.600e+00 ; 6.000e-01 ; 3.0602001e+01 ; 1.0297048e+02 
3.500e+01 ; 1.600e+00 ; 6.000e-01 ; 3.0603001e+01 ; 1.0297184e+02 
3.500e+01 ; 1.600e+00 ; 6.000e-01 ; 3.0605001e+01 ; 1.0297454e+02 
3.500e+01 ; 1.600e+00 ; 6.000e-01 ; 3.0609001e+01 ; 1.0297993e+02 
3.500e+01 ; 1.600e+00 ; 6.000e-01 ; 3.0617001e+01 ; 1.0299063e+02 
3.500e+01 ; 1.600e+00 ; 6.000e-01 ; 3.0633001e+01 ; 1.0301176e+02 
3.500e+01 ; 1.600e+00 ; 6.000e-01 ; 3.0665001e+01 ; 1.0305288e+02 
3.500e+01 ; 1.600e+00 ; 6.000e-01 ; 3.0729001e+01 ; 1.0313069e+02 
3.500e+01 ; 1.600e+00 ; 6.000e-01 ; 3.0857001e+01 ; 1.0326900e+02 
3.500e+01 ; 1.600e+00 ; 6.000e-01 ; 3.1113001e+01 ; 1.0348190e+02 
3.500e+01 ; 1.600e+00 ; 6.000e-01 ; 3.1450001e+01 ; 1.0366616e+02 
3.500e+01 ; 1.600e+00 ; 6.000e-01 ; 3.1450001e+01 ; 1.0366616e+02 
3.500e+01 ; 1.600e+00 ; 6.000e-01 ; 3.1451001e+01 ; 1.0366671e+02 
3.500e+01 ; 1.600e+00 ; 6.000e-01 ; 3.1452001e+01 ; 1.0366725e+02 
3.500e+01 ; 1.600e+00 ; 6.000e-01 ; 3.1453001e+01 ; 1.0366779e+02 
3.500e+01 ; 1.600e+00 ; 6.000e-01 ; 3.1455001e+01 ; 1.0366888e+02 
3.500e+01 ; 1.600e+00 ; 6.000e-01 ; 3.1459001e+01 ; 1.0367104e+02 
3.500e+01 ; 1.600e+00 ; 6.000e-01 ; 3.1467001e+01 ; 1.0367530e+02 
3.500e+01 ; 1.600e+00 ; 6.000e-01 ; 3.1483001e+01 ; 1.0368360e+02 
3.500e+01 ; 1.600e+00 ; 6.000e-01 ; 3.1515001e+01 ; 1.0369938e+02 
3.500e+01 ; 1.600e+00 ; 6.000e-01 ; 3.1579001e+01 ; 1.0372766e+02 
3.500e+01 ; 1.600e+00 ; 6.000e-01 ; 3.1707001e+01 ; 1.0377203e+02 
3.500e+01 ; 1.600e+00 ; 6.000e-01 ; 3.1963001e+01 ; 1.0381828e+02 
3.500e+01 ; 1.600e+00 ; 6.000e-01 ; 3.2300001e+01 ; 1.0381874e+02 
3.500e+01 ; 1.600e+00 ; 6.000e-01 ; 3.2300001e+01 ; 1.0381874e+02 
3.500e+01 ; 1.600e+00 ; 6.000e-01 ; 3.2301001e+01 ; 1.0381874e+02 
3.500e+01 ; 1.600e+00 ; 6.000e-01 ; 3.2302001e+01 ; 1.0381874e+02 
3.500e+01 ; 1.600e+00 ; 6.000e-01 ; 3.2303001e+01 ; 1.0381874e+02 
3.500e+01 ; 1.600e+00 ; 6.000e-01 ; 3.2305001e+01 ; 1.0381874e+02 
3.500e+01 ; 1.600e+00 ; 6.000e-01 ; 3.2309001e+01 ; 1.0381873e+02 
3.500e+01 ; 1.600e+00 ; 6.000e-01 ; 3.2317001e+01 ; 1.0381866e+02 
3.500e+01 ; 1.600e+00 ; 6.000e-01 ; 3.2333001e+01 ; 1.0381841e+02 
3.500e+01 ; 1.600e+00 ; 6.000e-01 ; 3.2365001e+01 ; 1.0381738e+02 
3.500e+01 ; 1.600e+00 ; 6.000e-01 ; 3.2429001e+01 ; 1.0381332e+02 
3.500e+01 ; 1.600e+00 ; 6.000e-01 ; 3.2557001e+01 ; 1.0379784e+02 
3.500e+01 ; 1.600e+00 ; 6.000e-01 ; 3.2813001e+01 ; 1.0374226e+02 
3.500e+01 ; 1.600e+00 ; 6.000e-01 ; 3.3150001e+01 ; 1.0363564e+02 
3.500e+01 ; 1.600e+00 ; 6.000e-01 ; 3.3150001e+01 ; 1.0363564e+02 
3.500e+01 ; 1.600e+00 ; 6.000e-01 ; 3.3151001e+01 ; 1.0363531e+02 
3.500e+01 ; 1.600e+00 ; 6.000e-01 ; 3.3152001e+01 ; 1.0363500e+02 
3.500e+01 ; 1.600e+00 ; 6.000e-01 ; 3.3153001e+01 ; 1.0363468e+02 
3.500e+01 ; 1.600e+00 ; 6.000e-01 ; 3.3155001e+01 ; 1.0363405e+02 
3.500e+01 ; 1.600e+00 ; 6.000e-01 ; 3.3159001e+01 ; 1.0363277e+02 
3.500e+01 ; 1.600e+00 ; 6.000e-01 ; 3.3167001e+01 ; 1.0363020e+02 
3.500e+01 ; 1.600e+00 ; 6.000e-01 ; 3.3183001e+01 ; 1.0362498e+02 
3.500e+01 ; 1.600e+00 ; 6.000e-01 ; 3.3215001e+01 ; 1.0361427e+02 
3.500e+01 ; 1.600e+00 ; 6.000e-01 ; 3.3279001e+01 ; 1.0359175e+02 
3.500e+01 ; 1.600e+00 ; 6.000e-01 ; 3.3407001e+01 ; 1.0354281e+02 
3.500e+01 ; 1.600e+00 ; 6.000e-01 ; 3.3663001e+01 ; 1.0343239e+02 
3.500e+01 ; 1.600e+00 ; 6.000e-01 ; 3.4000001e+01 ; 1.0327107e+02 
3.500e+01 ; 1.600e+00 ; 6.000e-01 ; 3.4000001e+01 ; 1.0327107e+02 
3.500e+01 ; 1.600e+00 ; 6.000e-01 ; 3.4001001e+01 ; 1.0327059e+02 
3.500e+01 ; 1.600e+00 ; 6.000e-01 ; 3.4002001e+01 ; 1.0327011e+02 
3.500e+01 ; 1.600e+00 ; 6.000e-01 ; 3.4003001e+01 ; 1.0326963e+02 
3.500e+01 ; 1.600e+00 ; 6.000e-01 ; 3.4005001e+01 ; 1.0326868e+02 
3.500e+01 ; 1.600e+00 ; 6.000e-01 ; 3.4009001e+01 ; 1.0326675e+02 
3.500e+01 ; 1.600e+00 ; 6.000e-01 ; 3.4017001e+01 ; 1.0326291e+02 
3.500e+01 ; 1.600e+00 ; 6.000e-01 ; 3.4033001e+01 ; 1.0325517e+02 
3.500e+01 ; 1.600e+00 ; 6.000e-01 ; 3.4065001e+01 ; 1.0323958e+02 
3.500e+01 ; 1.600e+00 ; 6.000e-01 ; 3.4129001e+01 ; 1.0320788e+02 
3.500e+01 ; 1.600e+00 ; 6.000e-01 ; 3.4257001e+01 ; 1.0314276e+02 
3.500e+01 ; 1.600e+00 ; 6.000e-01 ; 3.4513001e+01 ; 1.0300742e+02 
3.500e+01 ; 1.600e+00 ; 6.000e-01 ; 3.4850001e+01 ; 1.0282380e+02 
3.500e+01 ; 1.600e+00 ; 6.000e-01 ; 3.4850001e+01 ; 1.0282380e+02 
3.500e+01 ; 1.600e+00 ; 6.000e-01 ; 3.4851001e+01 ; 1.0282325e+02 
3.500e+01 ; 1.600e+00 ; 6.000e-01 ; 3.4852001e+01 ; 1.0282271e+02 
3.500e+01 ; 1.600e+00 ; 6.000e-01 ; 3.4853001e+01 ; 1.0282216e+02 
3.500e+01 ; 1.600e+00 ; 6.000e-01 ; 3.4855001e+01 ; 1.0282107e+02 
3.500e+01 ; 1.600e+00 ; 6.000e-01 ; 3.4859001e+01 ; 1.0281889e+02 
3.500e+01 ; 1.600e+00 ; 6.000e-01 ; 3.4867001e+01 ; 1.0281452e+02 
3.500e+01 ; 1.600e+00 ; 6.000e-01 ; 3.4883001e+01 ; 1.0280578e+02 
3.500e+01 ; 1.600e+00 ; 6.000e-01 ; 3.4915001e+01 ; 1.0278825e+02 
3.500e+01 ; 1.600e+00 ; 6.000e-01 ; 3.4979001e+01 ; 1.0275304e+02 
3.500e+01 ; 1.600e+00 ; 6.000e-01 ; 3.5107001e+01 ; 1.0268217e+02 
3.500e+01 ; 1.600e+00 ; 6.000e-01 ; 3.5363001e+01 ; 1.0253962e+02 
3.500e+01 ; 1.600e+00 ; 6.000e-01 ; 3.5700001e+01 ; 1.0235245e+02 
3.500e+01 ; 1.600e+00 ; 6.000e-01 ; 3.5700001e+01 ; 1.0235245e+02 
3.500e+01 ; 1.600e+00 ; 6.000e-01 ; 3.5701001e+01 ; 1.0235189e+02 
3.500e+01 ; 1.600e+00 ; 6.000e-01 ; 3.5702001e+01 ; 1.0235133e+02 
3.500e+01 ; 1.600e+00 ; 6.000e-01 ; 3.5703001e+01 ; 1.0235078e+02 
3.500e+01 ; 1.600e+00 ; 6.000e-01 ; 3.5705001e+01 ; 1.0234967e+02 
3.500e+01 ; 1.600e+00 ; 6.000e-01 ; 3.5709001e+01 ; 1.0234744e+02 
3.500e+01 ; 1.600e+00 ; 6.000e-01 ; 3.5717001e+01 ; 1.0234300e+02 
3.500e+01 ; 1.600e+00 ; 6.000e-01 ; 3.5733001e+01 ; 1.0233412e+02 
3.500e+01 ; 1.600e+00 ; 6.000e-01 ; 3.5765001e+01 ; 1.0231636e+02 
3.500e+01 ; 1.600e+00 ; 6.000e-01 ; 3.5829001e+01 ; 1.0228088e+02 
3.500e+01 ; 1.600e+00 ; 6.000e-01 ; 3.5957001e+01 ; 1.0221017e+02 
3.500e+01 ; 1.600e+00 ; 6.000e-01 ; 3.6213001e+01 ; 1.0207029e+02 
3.500e+01 ; 1.600e+00 ; 6.000e-01 ; 3.6550001e+01 ; 1.0188977e+02 
3.500e+01 ; 1.600e+00 ; 6.000e-01 ; 3.6550001e+01 ; 1.0188977e+02 
3.500e+01 ; 1.600e+00 ; 6.000e-01 ; 3.6551001e+01 ; 1.0188924e+02 
3.500e+01 ; 1.600e+00 ; 6.000e-01 ; 3.6552001e+01 ; 1.0188870e+02 
3.500e+01 ; 1.600e+00 ; 6.000e-01 ; 3.6553001e+01 ; 1.0188817e+02 
3.500e+01 ; 1.600e+00 ; 6.000e-01 ; 3.6555001e+01 ; 1.0188709e+02 
3.500e+01 ; 1.600e+00 ; 6.000e-01 ; 3.6559001e+01 ; 1.0188496e+02 
3.500e+01 ; 1.600e+00 ; 6.000e-01 ; 3.6567001e+01 ; 1.0188068e+02 
3.500e+01 ; 1.600e+00 ; 6.000e-01 ; 3.6583001e+01 ; 1.0187212e+02 
3.500e+01 ; 1.600e+00 ; 6.000e-01 ; 3.6615001e+01 ; 1.0185505e+02 
3.500e+01 ; 1.600e+00 ; 6.000e-01 ; 3.6679001e+01 ; 1.0182104e+02 
3.500e+01 ; 1.600e+00 ; 6.000e-01 ; 3.6807001e+01 ; 1.0175365e+02 
3.500e+01 ; 1.600e+00 ; 6.000e-01 ; 3.7063001e+01 ; 1.0162157e+02 
3.500e+01 ; 1.600e+00 ; 6.000e-01 ; 3.7400001e+01 ; 1.0145280e+02 
3.500e+01 ; 1.600e+00 ; 6.000e-01 ; 3.7400001e+01 ; 1.0145280e+02 
3.500e+01 ; 1.600e+00 ; 6.000e-01 ; 3.7401001e+01 ; 1.0145229e+02 
3.500e+01 ; 1.600e+00 ; 6.000e-01 ; 3.7402001e+01 ; 1.0145180e+02 
3.500e+01 ; 1.600e+00 ; 6.000e-01 ; 3.7403001e+01 ; 1.0145129e+02 
3.500e+01 ; 1.600e+00 ; 6.000e-01 ; 3.7405001e+01 ; 1.0145029e+02 
3.500e+01 ; 1.600e+00 ; 6.000e-01 ; 3.7409001e+01 ; 1.0144829e+02 
3.500e+01 ; 1.600e+00 ; 6.000e-01 ; 3.7417001e+01 ; 1.0144429e+02 
3.500e+01 ; 1.600e+00 ; 6.000e-01 ; 3.7433001e+01 ; 1.0143630e+02 
3.500e+01 ; 1.600e+00 ; 6.000e-01 ; 3.7465001e+01 ; 1.0142037e+02 
3.500e+01 ; 1.600e+00 ; 6.000e-01 ; 3.7529001e+01 ; 1.0138869e+02 
3.500e+01 ; 1.600e+00 ; 6.000e-01 ; 3.7657001e+01 ; 1.0132613e+02 
3.500e+01 ; 1.600e+00 ; 6.000e-01 ; 3.7913001e+01 ; 1.0120418e+02 
3.500e+01 ; 1.600e+00 ; 6.000e-01 ; 3.8250001e+01 ; 1.0104930e+02 
3.500e+01 ; 1.600e+00 ; 6.000e-01 ; 3.8250001e+01 ; 1.0104930e+02 
3.500e+01 ; 1.600e+00 ; 6.000e-01 ; 3.8251001e+01 ; 1.0104884e+02 
3.500e+01 ; 1.600e+00 ; 6.000e-01 ; 3.8252001e+01 ; 1.0104838e+02 
3.500e+01 ; 1.600e+00 ; 6.000e-01 ; 3.8253001e+01 ; 1.0104792e+02 
3.500e+01 ; 1.600e+00 ; 6.000e-01 ; 3.8255001e+01 ; 1.0104700e+02 
3.500e+01 ; 1.600e+00 ; 6.000e-01 ; 3.8259001e+01 ; 1.0104517e+02 
3.500e+01 ; 1.600e+00 ; 6.000e-01 ; 3.8267001e+01 ; 1.0104150e+02 
3.500e+01 ; 1.600e+00 ; 6.000e-01 ; 3.8283001e+01 ; 1.0103416e+02 
3.500e+01 ; 1.600e+00 ; 6.000e-01 ; 3.8315001e+01 ; 1.0101956e+02 
3.500e+01 ; 1.600e+00 ; 6.000e-01 ; 3.8379001e+01 ; 1.0099056e+02 
3.500e+01 ; 1.600e+00 ; 6.000e-01 ; 3.8507001e+01 ; 1.0093339e+02 
3.500e+01 ; 1.600e+00 ; 6.000e-01 ; 3.8763001e+01 ; 1.0082233e+02 
3.500e+01 ; 1.600e+00 ; 6.000e-01 ; 3.9100001e+01 ; 1.0068182e+02 
3.500e+01 ; 1.600e+00 ; 6.000e-01 ; 3.9100001e+01 ; 1.0068182e+02 
3.500e+01 ; 1.600e+00 ; 6.000e-01 ; 3.9101001e+01 ; 1.0068140e+02 
3.500e+01 ; 1.600e+00 ; 6.000e-01 ; 3.9102001e+01 ; 1.0068098e+02 
3.500e+01 ; 1.600e+00 ; 6.000e-01 ; 3.9103001e+01 ; 1.0068057e+02 
3.500e+01 ; 1.600e+00 ; 6.000e-01 ; 3.9105001e+01 ; 1.0067973e+02 
3.500e+01 ; 1.600e+00 ; 6.000e-01 ; 3.9109001e+01 ; 1.0067807e+02 
3.500e+01 ; 1.600e+00 ; 6.000e-01 ; 3.9117001e+01 ; 1.0067474e+02 
3.500e+01 ; 1.600e+00 ; 6.000e-01 ; 3.9133001e+01 ; 1.0066810e+02 
3.500e+01 ; 1.600e+00 ; 6.000e-01 ; 3.9165001e+01 ; 1.0065488e+02 
3.500e+01 ; 1.600e+00 ; 6.000e-01 ; 3.9229001e+01 ; 1.0062878e+02 
3.500e+01 ; 1.600e+00 ; 6.000e-01 ; 3.9357001e+01 ; 1.0057861e+02 
3.500e+01 ; 1.600e+00 ; 6.000e-01 ; 3.9613001e+01 ; 1.0049108e+02 
3.500e+01 ; 1.600e+00 ; 6.000e-01 ; 3.9950001e+01 ; 1.0040355e+02 
3.500e+01 ; 1.600e+00 ; 6.000e-01 ; 3.9950001e+01 ; 1.0040355e+02 
3.500e+01 ; 1.600e+00 ; 6.000e-01 ; 3.9951001e+01 ; 1.0040329e+02 
3.500e+01 ; 1.600e+00 ; 6.000e-01 ; 3.9952001e+01 ; 1.0040303e+02 
3.500e+01 ; 1.600e+00 ; 6.000e-01 ; 3.9953001e+01 ; 1.0040277e+02 
3.500e+01 ; 1.600e+00 ; 6.000e-01 ; 3.9955001e+01 ; 1.0040226e+02 
3.500e+01 ; 1.600e+00 ; 6.000e-01 ; 3.9959001e+01 ; 1.0040123e+02 
3.500e+01 ; 1.600e+00 ; 6.000e-01 ; 3.9967001e+01 ; 1.0039919e+02 
3.500e+01 ; 1.600e+00 ; 6.000e-01 ; 3.9983001e+01 ; 1.0039516e+02 
3.500e+01 ; 1.600e+00 ; 6.000e-01 ; 4.0015001e+01 ; 1.0038739e+02 
3.500e+01 ; 1.600e+00 ; 6.000e-01 ; 4.0079001e+01 ; 1.0037306e+02 
3.500e+01 ; 1.600e+00 ; 6.000e-01 ; 4.0207001e+01 ; 1.0034997e+02 
3.500e+01 ; 1.600e+00 ; 6.000e-01 ; 4.0463001e+01 ; 1.0032960e+02 
3.500e+01 ; 1.600e+00 ; 6.000e-01 ; 4.0800001e+01 ; 1.0034840e+02 
3.500e+01 ; 1.600e+00 ; 6.000e-01 ; 4.0800001e+01 ; 1.0034840e+02 
3.500e+01 ; 1.600e+00 ; 6.000e-01 ; 4.0801001e+01 ; 1.0034846e+02 
3.500e+01 ; 1.600e+00 ; 6.000e-01 ; 4.0802001e+01 ; 1.0034852e+02 
3.500e+01 ; 1.600e+00 ; 6.000e-01 ; 4.0803001e+01 ; 1.0034858e+02 
3.500e+01 ; 1.600e+00 ; 6.000e-01 ; 4.0805001e+01 ; 1.0034869e+02 
3.500e+01 ; 1.600e+00 ; 6.000e-01 ; 4.0809001e+01 ; 1.0034893e+02 
3.500e+01 ; 1.600e+00 ; 6.000e-01 ; 4.0817001e+01 ; 1.0034943e+02 
3.500e+01 ; 1.600e+00 ; 6.000e-01 ; 4.0833001e+01 ; 1.0035054e+02 
3.500e+01 ; 1.600e+00 ; 6.000e-01 ; 4.0865001e+01 ; 1.0035319e+02 
3.500e+01 ; 1.600e+00 ; 6.000e-01 ; 4.0929001e+01 ; 1.0036024e+02 
3.500e+01 ; 1.600e+00 ; 6.000e-01 ; 4.1057001e+01 ; 1.0038180e+02 
3.500e+01 ; 1.600e+00 ; 6.000e-01 ; 4.1313001e+01 ; 1.0045514e+02 
3.500e+01 ; 1.600e+00 ; 6.000e-01 ; 4.1650001e+01 ; 1.0059896e+02 
3.500e+01 ; 1.600e+00 ; 6.000e-01 ; 4.1650001e+01 ; 1.0059896e+02 
3.500e+01 ; 1.600e+00 ; 6.000e-01 ; 4.1651001e+01 ; 1.0059939e+02 
3.500e+01 ; 1.600e+00 ; 6.000e-01 ; 4.1652001e+01 ; 1.0059982e+02 
3.500e+01 ; 1.600e+00 ; 6.000e-01 ; 4.1653001e+01 ; 1.0060024e+02 
3.500e+01 ; 1.600e+00 ; 6.000e-01 ; 4.1655001e+01 ; 1.0060110e+02 
3.500e+01 ; 1.600e+00 ; 6.000e-01 ; 4.1659001e+01 ; 1.0060282e+02 
3.500e+01 ; 1.600e+00 ; 6.000e-01 ; 4.1667001e+01 ; 1.0060629e+02 
3.500e+01 ; 1.600e+00 ; 6.000e-01 ; 4.1683001e+01 ; 1.0061334e+02 
3.500e+01 ; 1.600e+00 ; 6.000e-01 ; 4.1715001e+01 ; 1.0062786e+02 
3.500e+01 ; 1.600e+00 ; 6.000e-01 ; 4.1779001e+01 ; 1.0065857e+02 
3.500e+01 ; 1.600e+00 ; 6.000e-01 ; 4.1907001e+01 ; 1.0072637e+02 
3.500e+01 ; 1.600e+00 ; 6.000e-01 ; 4.2163001e+01 ; 1.0088387e+02 
3.500e+01 ; 1.600e+00 ; 6.000e-01 ; 4.2500001e+01 ; 1.0111852e+02 
3.500e+01 ; 1.600e+00 ; 6.000e-01 ; 4.2500001e+01 ; 1.0111852e+02 
3.500e+01 ; 1.600e+00 ; 6.000e-01 ; 4.2501001e+01 ; 1.0111922e+02 
3.500e+01 ; 1.600e+00 ; 6.000e-01 ; 4.2502001e+01 ; 1.0111991e+02 
3.500e+01 ; 1.600e+00 ; 6.000e-01 ; 4.2503001e+01 ; 1.0112061e+02 
3.500e+01 ; 1.600e+00 ; 6.000e-01 ; 4.2505001e+01 ; 1.0112200e+02 
3.500e+01 ; 1.600e+00 ; 6.000e-01 ; 4.2509001e+01 ; 1.0112480e+02 
3.500e+01 ; 1.600e+00 ; 6.000e-01 ; 4.2517001e+01 ; 1.0113040e+02 
3.500e+01 ; 1.600e+00 ; 6.000e-01 ; 4.2533001e+01 ; 1.0114166e+02 
3.500e+01 ; 1.600e+00 ; 6.000e-01 ; 4.2565001e+01 ; 1.0116442e+02 
3.500e+01 ; 1.600e+00 ; 6.000e-01 ; 4.2629001e+01 ; 1.0121078e+02 
3.500e+01 ; 1.600e+00 ; 6.000e-01 ; 4.2757001e+01 ; 1.0130621e+02 
3.500e+01 ; 1.600e+00 ; 6.000e-01 ; 4.3013001e+01 ; 1.0150301e+02 
3.500e+01 ; 1.600e+00 ; 6.000e-01 ; 4.3350001e+01 ; 1.0176219e+02 
3.500e+01 ; 1.600e+00 ; 6.000e-01 ; 4.3350001e+01 ; 1.0176219e+02 
3.500e+01 ; 1.600e+00 ; 6.000e-01 ; 4.3351001e+01 ; 1.0176296e+02 
3.500e+01 ; 1.600e+00 ; 6.000e-01 ; 4.3352001e+01 ; 1.0176373e+02 
3.500e+01 ; 1.600e+00 ; 6.000e-01 ; 4.3353001e+01 ; 1.0176450e+02 
3.500e+01 ; 1.600e+00 ; 6.000e-01 ; 4.3355001e+01 ; 1.0176604e+02 
3.500e+01 ; 1.600e+00 ; 6.000e-01 ; 4.3359001e+01 ; 1.0176911e+02 
3.500e+01 ; 1.600e+00 ; 6.000e-01 ; 4.3367001e+01 ; 1.0177527e+02 
3.500e+01 ; 1.600e+00 ; 6.000e-01 ; 4.3383001e+01 ; 1.0178757e+02 
3.500e+01 ; 1.600e+00 ; 6.000e-01 ; 4.3415001e+01 ; 1.0181216e+02 
3.500e+01 ; 1.600e+00 ; 6.000e-01 ; 4.3479001e+01 ; 1.0186121e+02 
3.500e+01 ; 1.600e+00 ; 6.000e-01 ; 4.3607001e+01 ; 1.0195827e+02 
3.500e+01 ; 1.600e+00 ; 6.000e-01 ; 4.3863001e+01 ; 1.0214502e+02 
3.500e+01 ; 1.600e+00 ; 6.000e-01 ; 4.4200001e+01 ; 1.0237254e+02 
3.500e+01 ; 1.600e+00 ; 6.000e-01 ; 4.4200001e+01 ; 1.0237254e+02 
3.500e+01 ; 1.600e+00 ; 6.000e-01 ; 4.4201001e+01 ; 1.0237322e+02 
3.500e+01 ; 1.600e+00 ; 6.000e-01 ; 4.4202001e+01 ; 1.0237389e+02 
3.500e+01 ; 1.600e+00 ; 6.000e-01 ; 4.4203001e+01 ; 1.0237457e+02 
3.500e+01 ; 1.600e+00 ; 6.000e-01 ; 4.4205001e+01 ; 1.0237592e+02 
3.500e+01 ; 1.600e+00 ; 6.000e-01 ; 4.4209001e+01 ; 1.0237862e+02 
3.500e+01 ; 1.600e+00 ; 6.000e-01 ; 4.4217001e+01 ; 1.0238400e+02 
3.500e+01 ; 1.600e+00 ; 6.000e-01 ; 4.4233001e+01 ; 1.0239471e+02 
3.500e+01 ; 1.600e+00 ; 6.000e-01 ; 4.4265001e+01 ; 1.0241596e+02 
3.500e+01 ; 1.600e+00 ; 6.000e-01 ; 4.4329001e+01 ; 1.0245775e+02 
3.500e+01 ; 1.600e+00 ; 6.000e-01 ; 4.4457001e+01 ; 1.0253819e+02 
3.500e+01 ; 1.600e+00 ; 6.000e-01 ; 4.4713001e+01 ; 1.0268536e+02 
3.500e+01 ; 1.600e+00 ; 6.000e-01 ; 4.5050001e+01 ; 1.0285407e+02 
3.500e+01 ; 1.600e+00 ; 6.000e-01 ; 4.5050001e+01 ; 1.0285407e+02 
3.500e+01 ; 1.600e+00 ; 6.000e-01 ; 4.5051001e+01 ; 1.0285458e+02 
3.500e+01 ; 1.600e+00 ; 6.000e-01 ; 4.5052001e+01 ; 1.0285508e+02 
3.500e+01 ; 1.600e+00 ; 6.000e-01 ; 4.5053001e+01 ; 1.0285558e+02 
3.500e+01 ; 1.600e+00 ; 6.000e-01 ; 4.5055001e+01 ; 1.0285658e+02 
3.500e+01 ; 1.600e+00 ; 6.000e-01 ; 4.5059001e+01 ; 1.0285857e+02 
3.500e+01 ; 1.600e+00 ; 6.000e-01 ; 4.5067001e+01 ; 1.0286254e+02 
3.500e+01 ; 1.600e+00 ; 6.000e-01 ; 4.5083001e+01 ; 1.0287044e+02 
3.500e+01 ; 1.600e+00 ; 6.000e-01 ; 4.5115001e+01 ; 1.0288600e+02 
3.500e+01 ; 1.600e+00 ; 6.000e-01 ; 4.5179001e+01 ; 1.0291621e+02 
3.500e+01 ; 1.600e+00 ; 6.000e-01 ; 4.5307001e+01 ; 1.0297293e+02 
3.500e+01 ; 1.600e+00 ; 6.000e-01 ; 4.5563001e+01 ; 1.0307182e+02 
3.500e+01 ; 1.600e+00 ; 6.000e-01 ; 4.5900001e+01 ; 1.0317772e+02 
3.500e+01 ; 1.600e+00 ; 6.000e-01 ; 4.5900001e+01 ; 1.0317772e+02 
3.500e+01 ; 1.600e+00 ; 6.000e-01 ; 4.5901001e+01 ; 1.0317803e+02 
3.500e+01 ; 1.600e+00 ; 6.000e-01 ; 4.5902001e+01 ; 1.0317834e+02 
3.500e+01 ; 1.600e+00 ; 6.000e-01 ; 4.5903001e+01 ; 1.0317867e+02 
3.500e+01 ; 1.600e+00 ; 6.000e-01 ; 4.5905001e+01 ; 1.0317929e+02 
3.500e+01 ; 1.600e+00 ; 6.000e-01 ; 4.5909001e+01 ; 1.0318053e+02 
3.500e+01 ; 1.600e+00 ; 6.000e-01 ; 4.5917001e+01 ; 1.0318302e+02 
3.500e+01 ; 1.600e+00 ; 6.000e-01 ; 4.5933001e+01 ; 1.0318793e+02 
3.500e+01 ; 1.600e+00 ; 6.000e-01 ; 4.5965001e+01 ; 1.0319756e+02 
3.500e+01 ; 1.600e+00 ; 6.000e-01 ; 4.6029001e+01 ; 1.0321592e+02 
3.500e+01 ; 1.600e+00 ; 6.000e-01 ; 4.6157001e+01 ; 1.0324929e+02 
3.500e+01 ; 1.600e+00 ; 6.000e-01 ; 4.6413001e+01 ; 1.0330330e+02 
3.500e+01 ; 1.600e+00 ; 6.000e-01 ; 4.6750001e+01 ; 1.0335412e+02 
3.500e+01 ; 1.600e+00 ; 6.000e-01 ; 4.6750001e+01 ; 1.0335412e+02 
3.500e+01 ; 1.600e+00 ; 6.000e-01 ; 4.6751001e+01 ; 1.0335427e+02 
3.500e+01 ; 1.600e+00 ; 6.000e-01 ; 4.6752001e+01 ; 1.0335442e+02 
3.500e+01 ; 1.600e+00 ; 6.000e-01 ; 4.6753001e+01 ; 1.0335457e+02 
3.500e+01 ; 1.600e+00 ; 6.000e-01 ; 4.6755001e+01 ; 1.0335487e+02 
3.500e+01 ; 1.600e+00 ; 6.000e-01 ; 4.6759001e+01 ; 1.0335547e+02 
3.500e+01 ; 1.600e+00 ; 6.000e-01 ; 4.6767001e+01 ; 1.0335665e+02 
3.500e+01 ; 1.600e+00 ; 6.000e-01 ; 4.6783001e+01 ; 1.0335897e+02 
3.500e+01 ; 1.600e+00 ; 6.000e-01 ; 4.6815001e+01 ; 1.0336343e+02 
3.500e+01 ; 1.600e+00 ; 6.000e-01 ; 4.6879001e+01 ; 1.0337164e+02 
3.500e+01 ; 1.600e+00 ; 6.000e-01 ; 4.7007001e+01 ; 1.0338535e+02 
3.500e+01 ; 1.600e+00 ; 6.000e-01 ; 4.7263001e+01 ; 1.0340274e+02 
3.500e+01 ; 1.600e+00 ; 6.000e-01 ; 4.7600001e+01 ; 1.0341015e+02 
3.500e+01 ; 1.600e+00 ; 6.000e-01 ; 4.7600001e+01 ; 1.0341015e+02 
3.500e+01 ; 1.600e+00 ; 6.000e-01 ; 4.7601001e+01 ; 1.0341017e+02 
3.500e+01 ; 1.600e+00 ; 6.000e-01 ; 4.7602001e+01 ; 1.0341019e+02 
3.500e+01 ; 1.600e+00 ; 6.000e-01 ; 4.7603001e+01 ; 1.0341021e+02 
3.500e+01 ; 1.600e+00 ; 6.000e-01 ; 4.7605001e+01 ; 1.0341026e+02 
3.500e+01 ; 1.600e+00 ; 6.000e-01 ; 4.7609001e+01 ; 1.0341034e+02 
3.500e+01 ; 1.600e+00 ; 6.000e-01 ; 4.7617001e+01 ; 1.0341049e+02 
3.500e+01 ; 1.600e+00 ; 6.000e-01 ; 4.7633001e+01 ; 1.0341077e+02 
3.500e+01 ; 1.600e+00 ; 6.000e-01 ; 4.7665001e+01 ; 1.0341120e+02 
3.500e+01 ; 1.600e+00 ; 6.000e-01 ; 4.7729001e+01 ; 1.0341151e+02 
3.500e+01 ; 1.600e+00 ; 6.000e-01 ; 4.7857001e+01 ; 1.0341011e+02 
3.500e+01 ; 1.600e+00 ; 6.000e-01 ; 4.8113001e+01 ; 1.0339996e+02 
3.500e+01 ; 1.600e+00 ; 6.000e-01 ; 4.8450001e+01 ; 1.0337550e+02 
3.500e+01 ; 1.600e+00 ; 6.000e-01 ; 4.8450001e+01 ; 1.0337550e+02 
3.500e+01 ; 1.600e+00 ; 6.000e-01 ; 4.8451001e+01 ; 1.0337543e+02 
3.500e+01 ; 1.600e+00 ; 6.000e-01 ; 4.8452001e+01 ; 1.0337535e+02 
3.500e+01 ; 1.600e+00 ; 6.000e-01 ; 4.8453001e+01 ; 1.0337528e+02 
3.500e+01 ; 1.600e+00 ; 6.000e-01 ; 4.8455001e+01 ; 1.0337514e+02 
3.500e+01 ; 1.600e+00 ; 6.000e-01 ; 4.8459001e+01 ; 1.0337484e+02 
3.500e+01 ; 1.600e+00 ; 6.000e-01 ; 4.8467001e+01 ; 1.0337424e+02 
3.500e+01 ; 1.600e+00 ; 6.000e-01 ; 4.8483001e+01 ; 1.0337303e+02 
3.500e+01 ; 1.600e+00 ; 6.000e-01 ; 4.8515001e+01 ; 1.0337051e+02 
3.500e+01 ; 1.600e+00 ; 6.000e-01 ; 4.8579001e+01 ; 1.0336509e+02 
3.500e+01 ; 1.600e+00 ; 6.000e-01 ; 4.8707001e+01 ; 1.0335282e+02 
3.500e+01 ; 1.600e+00 ; 6.000e-01 ; 4.8963001e+01 ; 1.0332319e+02 
3.500e+01 ; 1.600e+00 ; 6.000e-01 ; 4.9300001e+01 ; 1.0327670e+02 
3.500e+01 ; 1.600e+00 ; 6.000e-01 ; 4.9300001e+01 ; 1.0327670e+02 
3.500e+01 ; 1.600e+00 ; 6.000e-01 ; 4.9301001e+01 ; 1.0327655e+02 
3.500e+01 ; 1.600e+00 ; 6.000e-01 ; 4.9302001e+01 ; 1.0327641e+02 
3.500e+01 ; 1.600e+00 ; 6.000e-01 ; 4.9303001e+01 ; 1.0327628e+02 
3.500e+01 ; 1.600e+00 ; 6.000e-01 ; 4.9305001e+01 ; 1.0327600e+02 
3.500e+01 ; 1.600e+00 ; 6.000e-01 ; 4.9309001e+01 ; 1.0327544e+02 
3.500e+01 ; 1.600e+00 ; 6.000e-01 ; 4.9317001e+01 ; 1.0327433e+02 
3.500e+01 ; 1.600e+00 ; 6.000e-01 ; 4.9333001e+01 ; 1.0327209e+02 
3.500e+01 ; 1.600e+00 ; 6.000e-01 ; 4.9365001e+01 ; 1.0326754e+02 
3.500e+01 ; 1.600e+00 ; 6.000e-01 ; 4.9429001e+01 ; 1.0325819e+02 
3.500e+01 ; 1.600e+00 ; 6.000e-01 ; 4.9557001e+01 ; 1.0323854e+02 
3.500e+01 ; 1.600e+00 ; 6.000e-01 ; 4.9813001e+01 ; 1.0319594e+02 
3.500e+01 ; 1.600e+00 ; 6.000e-01 ; 5.0150001e+01 ; 1.0313512e+02 
3.500e+01 ; 1.600e+00 ; 6.000e-01 ; 5.0150001e+01 ; 1.0313512e+02 
3.500e+01 ; 1.600e+00 ; 6.000e-01 ; 5.0151001e+01 ; 1.0313494e+02 
3.500e+01 ; 1.600e+00 ; 6.000e-01 ; 5.0152001e+01 ; 1.0313477e+02 
3.500e+01 ; 1.600e+00 ; 6.000e-01 ; 5.0153001e+01 ; 1.0313458e+02 
3.500e+01 ; 1.600e+00 ; 6.000e-01 ; 5.0155001e+01 ; 1.0313422e+02 
3.500e+01 ; 1.600e+00 ; 6.000e-01 ; 5.0159001e+01 ; 1.0313350e+02 
3.500e+01 ; 1.600e+00 ; 6.000e-01 ; 5.0167001e+01 ; 1.0313205e+02 
3.500e+01 ; 1.600e+00 ; 6.000e-01 ; 5.0183001e+01 ; 1.0312914e+02 
3.500e+01 ; 1.600e+00 ; 6.000e-01 ; 5.0215001e+01 ; 1.0312328e+02 
3.500e+01 ; 1.600e+00 ; 6.000e-01 ; 5.0279001e+01 ; 1.0311140e+02 
3.500e+01 ; 1.600e+00 ; 6.000e-01 ; 5.0407001e+01 ; 1.0308707e+02 
3.500e+01 ; 1.600e+00 ; 6.000e-01 ; 5.0663001e+01 ; 1.0303644e+02 
3.500e+01 ; 1.600e+00 ; 6.000e-01 ; 5.1000001e+01 ; 1.0296709e+02 
3.500e+01 ; 1.600e+00 ; 6.000e-01 ; 5.1000001e+01 ; 1.0296709e+02 
3.500e+01 ; 1.600e+00 ; 6.000e-01 ; 5.1001001e+01 ; 1.0296689e+02 
3.500e+01 ; 1.600e+00 ; 6.000e-01 ; 5.1002001e+01 ; 1.0296668e+02 
3.500e+01 ; 1.600e+00 ; 6.000e-01 ; 5.1003001e+01 ; 1.0296648e+02 
3.500e+01 ; 1.600e+00 ; 6.000e-01 ; 5.1005001e+01 ; 1.0296606e+02 
3.500e+01 ; 1.600e+00 ; 6.000e-01 ; 5.1009001e+01 ; 1.0296524e+02 
3.500e+01 ; 1.600e+00 ; 6.000e-01 ; 5.1017001e+01 ; 1.0296359e+02 
3.500e+01 ; 1.600e+00 ; 6.000e-01 ; 5.1033001e+01 ; 1.0296029e+02 
3.500e+01 ; 1.600e+00 ; 6.000e-01 ; 5.1065001e+01 ; 1.0295365e+02 
3.500e+01 ; 1.600e+00 ; 6.000e-01 ; 5.1129001e+01 ; 1.0294030e+02 
3.500e+01 ; 1.600e+00 ; 6.000e-01 ; 5.1257001e+01 ; 1.0291328e+02 
3.500e+01 ; 1.600e+00 ; 6.000e-01 ; 5.1513001e+01 ; 1.0285824e+02 
3.500e+01 ; 1.600e+00 ; 6.000e-01 ; 5.1850001e+01 ; 1.0278454e+02 
3.500e+01 ; 1.600e+00 ; 6.000e-01 ; 5.1850001e+01 ; 1.0278454e+02 
3.500e+01 ; 1.600e+00 ; 6.000e-01 ; 5.1851001e+01 ; 1.0278432e+02 
3.500e+01 ; 1.600e+00 ; 6.000e-01 ; 5.1852001e+01 ; 1.0278410e+02 
3.500e+01 ; 1.600e+00 ; 6.000e-01 ; 5.1853001e+01 ; 1.0278388e+02 
3.500e+01 ; 1.600e+00 ; 6.000e-01 ; 5.1855001e+01 ; 1.0278345e+02 
3.500e+01 ; 1.600e+00 ; 6.000e-01 ; 5.1859001e+01 ; 1.0278257e+02 
3.500e+01 ; 1.600e+00 ; 6.000e-01 ; 5.1867001e+01 ; 1.0278082e+02 
3.500e+01 ; 1.600e+00 ; 6.000e-01 ; 5.1883001e+01 ; 1.0277731e+02 
3.500e+01 ; 1.600e+00 ; 6.000e-01 ; 5.1915001e+01 ; 1.0277029e+02 
3.500e+01 ; 1.600e+00 ; 6.000e-01 ; 5.1979001e+01 ; 1.0275622e+02 
3.500e+01 ; 1.600e+00 ; 6.000e-01 ; 5.2107001e+01 ; 1.0272801e+02 
3.500e+01 ; 1.600e+00 ; 6.000e-01 ; 5.2363001e+01 ; 1.0267224e+02 
3.500e+01 ; 1.600e+00 ; 6.000e-01 ; 5.2700001e+01 ; 1.0260221e+02 
3.500e+01 ; 1.600e+00 ; 6.000e-01 ; 5.2700001e+01 ; 1.0260221e+02 
3.500e+01 ; 1.600e+00 ; 6.000e-01 ; 5.2701001e+01 ; 1.0260201e+02 
3.500e+01 ; 1.600e+00 ; 6.000e-01 ; 5.2702001e+01 ; 1.0260180e+02 
3.500e+01 ; 1.600e+00 ; 6.000e-01 ; 5.2703001e+01 ; 1.0260159e+02 
3.500e+01 ; 1.600e+00 ; 6.000e-01 ; 5.2705001e+01 ; 1.0260117e+02 
3.500e+01 ; 1.600e+00 ; 6.000e-01 ; 5.2709001e+01 ; 1.0260034e+02 
3.500e+01 ; 1.600e+00 ; 6.000e-01 ; 5.2717001e+01 ; 1.0259869e+02 
3.500e+01 ; 1.600e+00 ; 6.000e-01 ; 5.2733001e+01 ; 1.0259538e+02 
3.500e+01 ; 1.600e+00 ; 6.000e-01 ; 5.2765001e+01 ; 1.0258879e+02 
3.500e+01 ; 1.600e+00 ; 6.000e-01 ; 5.2829001e+01 ; 1.0257578e+02 
3.500e+01 ; 1.600e+00 ; 6.000e-01 ; 5.2957001e+01 ; 1.0255056e+02 
3.500e+01 ; 1.600e+00 ; 6.000e-01 ; 5.3213001e+01 ; 1.0250456e+02 
3.500e+01 ; 1.600e+00 ; 6.000e-01 ; 5.3550002e+01 ; 1.0245425e+02 
3.500e+01 ; 1.600e+00 ; 6.000e-01 ; 5.3550002e+01 ; 1.0245425e+02 
3.500e+01 ; 1.600e+00 ; 6.000e-01 ; 5.3551002e+01 ; 1.0245410e+02 
3.500e+01 ; 1.600e+00 ; 6.000e-01 ; 5.3552002e+01 ; 1.0245395e+02 
3.500e+01 ; 1.600e+00 ; 6.000e-01 ; 5.3553002e+01 ; 1.0245380e+02 
3.500e+01 ; 1.600e+00 ; 6.000e-01 ; 5.3555002e+01 ; 1.0245351e+02 
3.500e+01 ; 1.600e+00 ; 6.000e-01 ; 5.3559002e+01 ; 1.0245291e+02 
3.500e+01 ; 1.600e+00 ; 6.000e-01 ; 5.3567002e+01 ; 1.0245173e+02 
3.500e+01 ; 1.600e+00 ; 6.000e-01 ; 5.3583002e+01 ; 1.0244939e+02 
3.500e+01 ; 1.600e+00 ; 6.000e-01 ; 5.3615001e+01 ; 1.0244480e+02 
3.500e+01 ; 1.600e+00 ; 6.000e-01 ; 5.3679001e+01 ; 1.0243604e+02 
3.500e+01 ; 1.600e+00 ; 6.000e-01 ; 5.3807002e+01 ; 1.0242027e+02 
3.500e+01 ; 1.600e+00 ; 6.000e-01 ; 5.4063002e+01 ; 1.0239680e+02 
3.500e+01 ; 1.600e+00 ; 6.000e-01 ; 5.4400002e+01 ; 1.0238133e+02 
3.500e+01 ; 1.600e+00 ; 6.000e-01 ; 5.4400002e+01 ; 1.0238133e+02 
3.500e+01 ; 1.600e+00 ; 6.000e-01 ; 5.4401002e+01 ; 1.0238129e+02 
3.500e+01 ; 1.600e+00 ; 6.000e-01 ; 5.4402002e+01 ; 1.0238124e+02 
3.500e+01 ; 1.600e+00 ; 6.000e-01 ; 5.4403002e+01 ; 1.0238120e+02 
3.500e+01 ; 1.600e+00 ; 6.000e-01 ; 5.4405002e+01 ; 1.0238110e+02 
3.500e+01 ; 1.600e+00 ; 6.000e-01 ; 5.4409002e+01 ; 1.0238092e+02 
3.500e+01 ; 1.600e+00 ; 6.000e-01 ; 5.4417002e+01 ; 1.0238058e+02 
3.500e+01 ; 1.600e+00 ; 6.000e-01 ; 5.4433002e+01 ; 1.0237991e+02 
3.500e+01 ; 1.600e+00 ; 6.000e-01 ; 5.4465002e+01 ; 1.0237873e+02 
3.500e+01 ; 1.600e+00 ; 6.000e-01 ; 5.4529002e+01 ; 1.0237695e+02 
3.500e+01 ; 1.600e+00 ; 6.000e-01 ; 5.4657002e+01 ; 1.0237573e+02 
3.500e+01 ; 1.600e+00 ; 6.000e-01 ; 5.4913002e+01 ; 1.0238300e+02 
3.500e+01 ; 1.600e+00 ; 6.000e-01 ; 5.5250002e+01 ; 1.0240902e+02 
3.500e+01 ; 1.600e+00 ; 6.000e-01 ; 5.5250002e+01 ; 1.0240902e+02 
3.500e+01 ; 1.600e+00 ; 6.000e-01 ; 5.5251002e+01 ; 1.0240910e+02 
3.500e+01 ; 1.600e+00 ; 6.000e-01 ; 5.5252002e+01 ; 1.0240917e+02 
3.500e+01 ; 1.600e+00 ; 6.000e-01 ; 5.5253002e+01 ; 1.0240925e+02 
3.500e+01 ; 1.600e+00 ; 6.000e-01 ; 5.5255002e+01 ; 1.0240941e+02 
3.500e+01 ; 1.600e+00 ; 6.000e-01 ; 5.5259002e+01 ; 1.0240972e+02 
3.500e+01 ; 1.600e+00 ; 6.000e-01 ; 5.5267002e+01 ; 1.0241036e+02 
3.500e+01 ; 1.600e+00 ; 6.000e-01 ; 5.5283002e+01 ; 1.0241167e+02 
3.500e+01 ; 1.600e+00 ; 6.000e-01 ; 5.5315002e+01 ; 1.0241444e+02 
3.500e+01 ; 1.600e+00 ; 6.000e-01 ; 5.5379002e+01 ; 1.0242057e+02 
3.500e+01 ; 1.600e+00 ; 6.000e-01 ; 5.5507002e+01 ; 1.0243513e+02 
3.500e+01 ; 1.600e+00 ; 6.000e-01 ; 5.5763002e+01 ; 1.0247282e+02 
3.500e+01 ; 1.600e+00 ; 6.000e-01 ; 5.6100002e+01 ; 1.0253534e+02 
3.500e+01 ; 1.600e+00 ; 6.000e-01 ; 5.6100002e+01 ; 1.0253534e+02 
3.500e+01 ; 1.600e+00 ; 6.000e-01 ; 5.6101002e+01 ; 1.0253552e+02 
3.500e+01 ; 1.600e+00 ; 6.000e-01 ; 5.6102002e+01 ; 1.0253571e+02 
3.500e+01 ; 1.600e+00 ; 6.000e-01 ; 5.6103002e+01 ; 1.0253590e+02 
3.500e+01 ; 1.600e+00 ; 6.000e-01 ; 5.6105002e+01 ; 1.0253627e+02 
3.500e+01 ; 1.600e+00 ; 6.000e-01 ; 5.6109002e+01 ; 1.0253702e+02 
3.500e+01 ; 1.600e+00 ; 6.000e-01 ; 5.6117002e+01 ; 1.0253851e+02 
3.500e+01 ; 1.600e+00 ; 6.000e-01 ; 5.6133002e+01 ; 1.0254154e+02 
3.500e+01 ; 1.600e+00 ; 6.000e-01 ; 5.6165002e+01 ; 1.0254771e+02 
3.500e+01 ; 1.600e+00 ; 6.000e-01 ; 5.6229002e+01 ; 1.0256049e+02 
3.500e+01 ; 1.600e+00 ; 6.000e-01 ; 5.6357002e+01 ; 1.0258766e+02 
3.500e+01 ; 1.600e+00 ; 6.000e-01 ; 5.6613002e+01 ; 1.0264742e+02 
3.500e+01 ; 1.600e+00 ; 6.000e-01 ; 5.6950002e+01 ; 1.0273292e+02 
3.500e+01 ; 1.600e+00 ; 6.000e-01 ; 5.6950002e+01 ; 1.0273292e+02 
3.500e+01 ; 1.600e+00 ; 6.000e-01 ; 5.6951002e+01 ; 1.0273317e+02 
3.500e+01 ; 1.600e+00 ; 6.000e-01 ; 5.6952002e+01 ; 1.0273342e+02 
3.500e+01 ; 1.600e+00 ; 6.000e-01 ; 5.6953002e+01 ; 1.0273368e+02 
3.500e+01 ; 1.600e+00 ; 6.000e-01 ; 5.6955002e+01 ; 1.0273418e+02 
3.500e+01 ; 1.600e+00 ; 6.000e-01 ; 5.6959002e+01 ; 1.0273521e+02 
3.500e+01 ; 1.600e+00 ; 6.000e-01 ; 5.6967002e+01 ; 1.0273724e+02 
3.500e+01 ; 1.600e+00 ; 6.000e-01 ; 5.6983002e+01 ; 1.0274133e+02 
3.500e+01 ; 1.600e+00 ; 6.000e-01 ; 5.7015002e+01 ; 1.0274957e+02 
3.500e+01 ; 1.600e+00 ; 6.000e-01 ; 5.7079002e+01 ; 1.0276626e+02 
3.500e+01 ; 1.600e+00 ; 6.000e-01 ; 5.7207002e+01 ; 1.0280033e+02 
3.500e+01 ; 1.600e+00 ; 6.000e-01 ; 5.7463002e+01 ; 1.0287023e+02 
3.500e+01 ; 1.600e+00 ; 6.000e-01 ; 5.7800002e+01 ; 1.0296307e+02 
3.500e+01 ; 1.600e+00 ; 6.000e-01 ; 5.7800002e+01 ; 1.0296307e+02 
3.500e+01 ; 1.600e+00 ; 6.000e-01 ; 5.7801002e+01 ; 1.0296335e+02 
3.500e+01 ; 1.600e+00 ; 6.000e-01 ; 5.7802002e+01 ; 1.0296362e+02 
3.500e+01 ; 1.600e+00 ; 6.000e-01 ; 5.7803002e+01 ; 1.0296390e+02 
3.500e+01 ; 1.600e+00 ; 6.000e-01 ; 5.7805002e+01 ; 1.0296445e+02 
3.500e+01 ; 1.600e+00 ; 6.000e-01 ; 5.7809002e+01 ; 1.0296555e+02 
3.500e+01 ; 1.600e+00 ; 6.000e-01 ; 5.7817002e+01 ; 1.0296775e+02 
3.500e+01 ; 1.600e+00 ; 6.000e-01 ; 5.7833002e+01 ; 1.0297217e+02 
3.500e+01 ; 1.600e+00 ; 6.000e-01 ; 5.7865002e+01 ; 1.0298099e+02 
3.500e+01 ; 1.600e+00 ; 6.000e-01 ; 5.7929002e+01 ; 1.0299864e+02 
3.500e+01 ; 1.600e+00 ; 6.000e-01 ; 5.8057002e+01 ; 1.0303383e+02 
3.500e+01 ; 1.600e+00 ; 6.000e-01 ; 5.8313002e+01 ; 1.0310297e+02 
3.500e+01 ; 1.600e+00 ; 6.000e-01 ; 5.8650002e+01 ; 1.0319038e+02 
3.500e+01 ; 1.600e+00 ; 6.000e-01 ; 5.8650002e+01 ; 1.0319038e+02 
3.500e+01 ; 1.600e+00 ; 6.000e-01 ; 5.8651002e+01 ; 1.0319064e+02 
3.500e+01 ; 1.600e+00 ; 6.000e-01 ; 5.8652002e+01 ; 1.0319090e+02 
3.500e+01 ; 1.600e+00 ; 6.000e-01 ; 5.8653002e+01 ; 1.0319116e+02 
3.500e+01 ; 1.600e+00 ; 6.000e-01 ; 5.8655002e+01 ; 1.0319168e+02 
3.500e+01 ; 1.600e+00 ; 6.000e-01 ; 5.8659002e+01 ; 1.0319272e+02 
3.500e+01 ; 1.600e+00 ; 6.000e-01 ; 5.8667002e+01 ; 1.0319479e+02 
3.500e+01 ; 1.600e+00 ; 6.000e-01 ; 5.8683002e+01 ; 1.0319892e+02 
3.500e+01 ; 1.600e+00 ; 6.000e-01 ; 5.8715002e+01 ; 1.0320715e+02 
3.500e+01 ; 1.600e+00 ; 6.000e-01 ; 5.8779002e+01 ; 1.0322346e+02 
3.500e+01 ; 1.600e+00 ; 6.000e-01 ; 5.8907002e+01 ; 1.0325542e+02 
3.500e+01 ; 1.600e+00 ; 6.000e-01 ; 5.9163002e+01 ; 1.0331624e+02 
3.500e+01 ; 1.600e+00 ; 6.000e-01 ; 5.9500002e+01 ; 1.0339016e+02 
3.500e+01 ; 1.600e+00 ; 6.000e-01 ; 5.9500002e+01 ; 1.0339016e+02 
3.500e+01 ; 1.600e+00 ; 6.000e-01 ; 5.9501002e+01 ; 1.0339038e+02 
3.500e+01 ; 1.600e+00 ; 6.000e-01 ; 5.9502002e+01 ; 1.0339059e+02 
3.500e+01 ; 1.600e+00 ; 6.000e-01 ; 5.9503002e+01 ; 1.0339082e+02 
3.500e+01 ; 1.600e+00 ; 6.000e-01 ; 5.9505002e+01 ; 1.0339126e+02 
3.500e+01 ; 1.600e+00 ; 6.000e-01 ; 5.9509002e+01 ; 1.0339213e+02 
3.500e+01 ; 1.600e+00 ; 6.000e-01 ; 5.9517002e+01 ; 1.0339388e+02 
3.500e+01 ; 1.600e+00 ; 6.000e-01 ; 5.9533002e+01 ; 1.0339736e+02 
3.500e+01 ; 1.600e+00 ; 6.000e-01 ; 5.9565002e+01 ; 1.0340427e+02 
3.500e+01 ; 1.600e+00 ; 6.000e-01 ; 5.9629002e+01 ; 1.0341785e+02 
3.500e+01 ; 1.600e+00 ; 6.000e-01 ; 5.9757002e+01 ; 1.0344405e+02 
3.500e+01 ; 1.600e+00 ; 6.000e-01 ; 6.0013002e+01 ; 1.0349247e+02 
3.500e+01 ; 1.600e+00 ; 6.000e-01 ; 6.0350002e+01 ; 1.0354910e+02 
3.500e+01 ; 1.600e+00 ; 6.000e-01 ; 6.0350002e+01 ; 1.0354910e+02 
3.500e+01 ; 1.600e+00 ; 6.000e-01 ; 6.0351002e+01 ; 1.0354927e+02 
3.500e+01 ; 1.600e+00 ; 6.000e-01 ; 6.0352002e+01 ; 1.0354944e+02 
3.500e+01 ; 1.600e+00 ; 6.000e-01 ; 6.0353002e+01 ; 1.0354961e+02 
3.500e+01 ; 1.600e+00 ; 6.000e-01 ; 6.0355002e+01 ; 1.0354994e+02 
3.500e+01 ; 1.600e+00 ; 6.000e-01 ; 6.0359002e+01 ; 1.0355061e+02 
3.500e+01 ; 1.600e+00 ; 6.000e-01 ; 6.0367002e+01 ; 1.0355195e+02 
3.500e+01 ; 1.600e+00 ; 6.000e-01 ; 6.0383002e+01 ; 1.0355460e+02 
3.500e+01 ; 1.600e+00 ; 6.000e-01 ; 6.0415002e+01 ; 1.0355985e+02 
3.500e+01 ; 1.600e+00 ; 6.000e-01 ; 6.0479002e+01 ; 1.0357008e+02 
3.500e+01 ; 1.600e+00 ; 6.000e-01 ; 6.0607002e+01 ; 1.0358952e+02 
3.500e+01 ; 1.600e+00 ; 6.000e-01 ; 6.0863002e+01 ; 1.0362423e+02 
3.500e+01 ; 1.600e+00 ; 6.000e-01 ; 6.1200002e+01 ; 1.0366286e+02 
3.500e+01 ; 1.600e+00 ; 6.000e-01 ; 6.1200002e+01 ; 1.0366286e+02 
3.500e+01 ; 1.600e+00 ; 6.000e-01 ; 6.1201002e+01 ; 1.0366297e+02 
3.500e+01 ; 1.600e+00 ; 6.000e-01 ; 6.1202002e+01 ; 1.0366309e+02 
3.500e+01 ; 1.600e+00 ; 6.000e-01 ; 6.1203002e+01 ; 1.0366320e+02 
3.500e+01 ; 1.600e+00 ; 6.000e-01 ; 6.1205002e+01 ; 1.0366343e+02 
3.500e+01 ; 1.600e+00 ; 6.000e-01 ; 6.1209002e+01 ; 1.0366389e+02 
3.500e+01 ; 1.600e+00 ; 6.000e-01 ; 6.1217002e+01 ; 1.0366479e+02 
3.500e+01 ; 1.600e+00 ; 6.000e-01 ; 6.1233002e+01 ; 1.0366660e+02 
3.500e+01 ; 1.600e+00 ; 6.000e-01 ; 6.1265002e+01 ; 1.0367014e+02 
3.500e+01 ; 1.600e+00 ; 6.000e-01 ; 6.1329002e+01 ; 1.0367696e+02 
3.500e+01 ; 1.600e+00 ; 6.000e-01 ; 6.1457002e+01 ; 1.0368962e+02 
3.500e+01 ; 1.600e+00 ; 6.000e-01 ; 6.1713002e+01 ; 1.0371104e+02 
3.500e+01 ; 1.600e+00 ; 6.000e-01 ; 6.2050002e+01 ; 1.0373284e+02 
3.500e+01 ; 1.600e+00 ; 6.000e-01 ; 6.2050002e+01 ; 1.0373284e+02 
3.500e+01 ; 1.600e+00 ; 6.000e-01 ; 6.2051002e+01 ; 1.0373291e+02 
3.500e+01 ; 1.600e+00 ; 6.000e-01 ; 6.2052002e+01 ; 1.0373297e+02 
3.500e+01 ; 1.600e+00 ; 6.000e-01 ; 6.2053002e+01 ; 1.0373304e+02 
3.500e+01 ; 1.600e+00 ; 6.000e-01 ; 6.2055002e+01 ; 1.0373316e+02 
3.500e+01 ; 1.600e+00 ; 6.000e-01 ; 6.2059002e+01 ; 1.0373342e+02 
3.500e+01 ; 1.600e+00 ; 6.000e-01 ; 6.2067002e+01 ; 1.0373393e+02 
3.500e+01 ; 1.600e+00 ; 6.000e-01 ; 6.2083002e+01 ; 1.0373494e+02 
3.500e+01 ; 1.600e+00 ; 6.000e-01 ; 6.2115002e+01 ; 1.0373689e+02 
3.500e+01 ; 1.600e+00 ; 6.000e-01 ; 6.2179002e+01 ; 1.0374057e+02 
3.500e+01 ; 1.600e+00 ; 6.000e-01 ; 6.2307002e+01 ; 1.0374704e+02 
3.500e+01 ; 1.600e+00 ; 6.000e-01 ; 6.2563002e+01 ; 1.0375658e+02 
3.500e+01 ; 1.600e+00 ; 6.000e-01 ; 6.2900002e+01 ; 1.0376365e+02 
3.500e+01 ; 1.600e+00 ; 6.000e-01 ; 6.2900002e+01 ; 1.0376365e+02 
3.500e+01 ; 1.600e+00 ; 6.000e-01 ; 6.2901002e+01 ; 1.0376367e+02 
3.500e+01 ; 1.600e+00 ; 6.000e-01 ; 6.2902002e+01 ; 1.0376369e+02 
3.500e+01 ; 1.600e+00 ; 6.000e-01 ; 6.2903002e+01 ; 1.0376371e+02 
3.500e+01 ; 1.600e+00 ; 6.000e-01 ; 6.2905002e+01 ; 1.0376376e+02 
3.500e+01 ; 1.600e+00 ; 6.000e-01 ; 6.2909002e+01 ; 1.0376383e+02 
3.500e+01 ; 1.600e+00 ; 6.000e-01 ; 6.2917002e+01 ; 1.0376400e+02 
3.500e+01 ; 1.600e+00 ; 6.000e-01 ; 6.2933002e+01 ; 1.0376431e+02 
3.500e+01 ; 1.600e+00 ; 6.000e-01 ; 6.2965002e+01 ; 1.0376488e+02 
3.500e+01 ; 1.600e+00 ; 6.000e-01 ; 6.3029002e+01 ; 1.0376582e+02 
3.500e+01 ; 1.600e+00 ; 6.000e-01 ; 6.3157002e+01 ; 1.0376698e+02 
3.500e+01 ; 1.600e+00 ; 6.000e-01 ; 6.3413002e+01 ; 1.0376644e+02 
3.500e+01 ; 1.600e+00 ; 6.000e-01 ; 6.3750002e+01 ; 1.0376122e+02 
3.500e+01 ; 1.600e+00 ; 6.000e-01 ; 6.3750002e+01 ; 1.0376122e+02 
3.500e+01 ; 1.600e+00 ; 6.000e-01 ; 6.3751002e+01 ; 1.0376121e+02 
3.500e+01 ; 1.600e+00 ; 6.000e-01 ; 6.3752002e+01 ; 1.0376118e+02 
3.500e+01 ; 1.600e+00 ; 6.000e-01 ; 6.3753002e+01 ; 1.0376117e+02 
3.500e+01 ; 1.600e+00 ; 6.000e-01 ; 6.3755002e+01 ; 1.0376114e+02 
3.500e+01 ; 1.600e+00 ; 6.000e-01 ; 6.3759002e+01 ; 1.0376108e+02 
3.500e+01 ; 1.600e+00 ; 6.000e-01 ; 6.3767002e+01 ; 1.0376095e+02 
3.500e+01 ; 1.600e+00 ; 6.000e-01 ; 6.3783002e+01 ; 1.0376068e+02 
3.500e+01 ; 1.600e+00 ; 6.000e-01 ; 6.3815002e+01 ; 1.0376010e+02 
3.500e+01 ; 1.600e+00 ; 6.000e-01 ; 6.3879002e+01 ; 1.0375879e+02 
3.500e+01 ; 1.600e+00 ; 6.000e-01 ; 6.4007002e+01 ; 1.0375555e+02 
3.500e+01 ; 1.600e+00 ; 6.000e-01 ; 6.4263002e+01 ; 1.0374681e+02 
3.500e+01 ; 1.600e+00 ; 6.000e-01 ; 6.4600002e+01 ; 1.0373171e+02 
3.500e+01 ; 1.600e+00 ; 6.000e-01 ; 6.4600002e+01 ; 1.0373171e+02 
3.500e+01 ; 1.600e+00 ; 6.000e-01 ; 6.4601002e+01 ; 1.0373167e+02 
3.500e+01 ; 1.600e+00 ; 6.000e-01 ; 6.4602002e+01 ; 1.0373163e+02 
3.500e+01 ; 1.600e+00 ; 6.000e-01 ; 6.4603002e+01 ; 1.0373158e+02 
3.500e+01 ; 1.600e+00 ; 6.000e-01 ; 6.4605002e+01 ; 1.0373149e+02 
3.500e+01 ; 1.600e+00 ; 6.000e-01 ; 6.4609002e+01 ; 1.0373131e+02 
3.500e+01 ; 1.600e+00 ; 6.000e-01 ; 6.4617002e+01 ; 1.0373095e+02 
3.500e+01 ; 1.600e+00 ; 6.000e-01 ; 6.4633002e+01 ; 1.0373022e+02 
3.500e+01 ; 1.600e+00 ; 6.000e-01 ; 6.4665002e+01 ; 1.0372871e+02 
3.500e+01 ; 1.600e+00 ; 6.000e-01 ; 6.4729002e+01 ; 1.0372559e+02 
3.500e+01 ; 1.600e+00 ; 6.000e-01 ; 6.4857002e+01 ; 1.0371888e+02 
3.500e+01 ; 1.600e+00 ; 6.000e-01 ; 6.5113002e+01 ; 1.0370376e+02 
3.500e+01 ; 1.600e+00 ; 6.000e-01 ; 6.5450002e+01 ; 1.0368156e+02 
3.500e+01 ; 1.600e+00 ; 6.000e-01 ; 6.5450002e+01 ; 1.0368156e+02 
3.500e+01 ; 1.600e+00 ; 6.000e-01 ; 6.5451002e+01 ; 1.0368149e+02 
3.500e+01 ; 1.600e+00 ; 6.000e-01 ; 6.5452002e+01 ; 1.0368143e+02 
3.500e+01 ; 1.600e+00 ; 6.000e-01 ; 6.5453002e+01 ; 1.0368136e+02 
3.500e+01 ; 1.600e+00 ; 6.000e-01 ; 6.5455002e+01 ; 1.0368123e+02 
3.500e+01 ; 1.600e+00 ; 6.000e-01 ; 6.5459002e+01 ; 1.0368096e+02 
3.500e+01 ; 1.600e+00 ; 6.000e-01 ; 6.5467002e+01 ; 1.0368044e+02 
3.500e+01 ; 1.600e+00 ; 6.000e-01 ; 6.5483002e+01 ; 1.0367937e+02 
3.500e+01 ; 1.600e+00 ; 6.000e-01 ; 6.5515002e+01 ; 1.0367722e+02 
3.500e+01 ; 1.600e+00 ; 6.000e-01 ; 6.5579002e+01 ; 1.0367284e+02 
3.500e+01 ; 1.600e+00 ; 6.000e-01 ; 6.5707002e+01 ; 1.0366385e+02 
3.500e+01 ; 1.600e+00 ; 6.000e-01 ; 6.5963002e+01 ; 1.0364520e+02 
3.500e+01 ; 1.600e+00 ; 6.000e-01 ; 6.6300002e+01 ; 1.0362048e+02 
3.500e+01 ; 1.600e+00 ; 6.000e-01 ; 6.6300002e+01 ; 1.0362048e+02 
3.500e+01 ; 1.600e+00 ; 6.000e-01 ; 6.6301002e+01 ; 1.0362041e+02 
3.500e+01 ; 1.600e+00 ; 6.000e-01 ; 6.6302002e+01 ; 1.0362034e+02 
3.500e+01 ; 1.600e+00 ; 6.000e-01 ; 6.6303002e+01 ; 1.0362026e+02 
3.500e+01 ; 1.600e+00 ; 6.000e-01 ; 6.6305002e+01 ; 1.0362012e+02 
3.500e+01 ; 1.600e+00 ; 6.000e-01 ; 6.6309002e+01 ; 1.0361982e+02 
3.500e+01 ; 1.600e+00 ; 6.000e-01 ; 6.6317002e+01 ; 1.0361923e+02 
3.500e+01 ; 1.600e+00 ; 6.000e-01 ; 6.6333002e+01 ; 1.0361806e+02 
3.500e+01 ; 1.600e+00 ; 6.000e-01 ; 6.6365002e+01 ; 1.0361572e+02 
3.500e+01 ; 1.600e+00 ; 6.000e-01 ; 6.6429002e+01 ; 1.0361102e+02 
3.500e+01 ; 1.600e+00 ; 6.000e-01 ; 6.6557002e+01 ; 1.0360172e+02 
3.500e+01 ; 1.600e+00 ; 6.000e-01 ; 6.6813002e+01 ; 1.0358391e+02 
3.500e+01 ; 1.600e+00 ; 6.000e-01 ; 6.7150002e+01 ; 1.0356279e+02 
3.500e+01 ; 1.600e+00 ; 6.000e-01 ; 6.7150002e+01 ; 1.0356279e+02 
3.500e+01 ; 1.600e+00 ; 6.000e-01 ; 6.7151002e+01 ; 1.0356272e+02 
3.500e+01 ; 1.600e+00 ; 6.000e-01 ; 6.7152002e+01 ; 1.0356266e+02 
3.500e+01 ; 1.600e+00 ; 6.000e-01 ; 6.7153002e+01 ; 1.0356260e+02 
3.500e+01 ; 1.600e+00 ; 6.000e-01 ; 6.7155002e+01 ; 1.0356247e+02 
3.500e+01 ; 1.600e+00 ; 6.000e-01 ; 6.7159002e+01 ; 1.0356223e+02 
3.500e+01 ; 1.600e+00 ; 6.000e-01 ; 6.7167002e+01 ; 1.0356172e+02 
3.500e+01 ; 1.600e+00 ; 6.000e-01 ; 6.7183002e+01 ; 1.0356073e+02 
3.500e+01 ; 1.600e+00 ; 6.000e-01 ; 6.7215002e+01 ; 1.0355877e+02 
3.500e+01 ; 1.600e+00 ; 6.000e-01 ; 6.7279002e+01 ; 1.0355495e+02 
3.500e+01 ; 1.600e+00 ; 6.000e-01 ; 6.7407002e+01 ; 1.0354774e+02 
3.500e+01 ; 1.600e+00 ; 6.000e-01 ; 6.7663002e+01 ; 1.0353548e+02 
3.500e+01 ; 1.600e+00 ; 6.000e-01 ; 6.8000002e+01 ; 1.0352380e+02 
3.500e+01 ; 1.600e+00 ; 6.000e-01 ; 6.8000002e+01 ; 1.0352380e+02 
3.500e+01 ; 1.600e+00 ; 6.000e-01 ; 6.8001002e+01 ; 1.0352376e+02 
3.500e+01 ; 1.600e+00 ; 6.000e-01 ; 6.8002002e+01 ; 1.0352373e+02 
3.500e+01 ; 1.600e+00 ; 6.000e-01 ; 6.8003002e+01 ; 1.0352369e+02 
3.500e+01 ; 1.600e+00 ; 6.000e-01 ; 6.8005002e+01 ; 1.0352362e+02 
3.500e+01 ; 1.600e+00 ; 6.000e-01 ; 6.8009002e+01 ; 1.0352348e+02 
3.500e+01 ; 1.600e+00 ; 6.000e-01 ; 6.8017002e+01 ; 1.0352321e+02 
3.500e+01 ; 1.600e+00 ; 6.000e-01 ; 6.8033002e+01 ; 1.0352267e+02 
3.500e+01 ; 1.600e+00 ; 6.000e-01 ; 6.8065002e+01 ; 1.0352165e+02 
3.500e+01 ; 1.600e+00 ; 6.000e-01 ; 6.8129002e+01 ; 1.0351977e+02 
3.500e+01 ; 1.600e+00 ; 6.000e-01 ; 6.8257002e+01 ; 1.0351671e+02 
3.500e+01 ; 1.600e+00 ; 6.000e-01 ; 6.8513002e+01 ; 1.0351365e+02 
3.500e+01 ; 1.600e+00 ; 6.000e-01 ; 6.8850002e+01 ; 1.0351514e+02 
3.500e+01 ; 1.600e+00 ; 6.000e-01 ; 6.8850002e+01 ; 1.0351514e+02 
3.500e+01 ; 1.600e+00 ; 6.000e-01 ; 6.8851002e+01 ; 1.0351514e+02 
3.500e+01 ; 1.600e+00 ; 6.000e-01 ; 6.8852002e+01 ; 1.0351514e+02 
3.500e+01 ; 1.600e+00 ; 6.000e-01 ; 6.8853002e+01 ; 1.0351515e+02 
3.500e+01 ; 1.600e+00 ; 6.000e-01 ; 6.8855002e+01 ; 1.0351516e+02 
3.500e+01 ; 1.600e+00 ; 6.000e-01 ; 6.8859002e+01 ; 1.0351518e+02 
3.500e+01 ; 1.600e+00 ; 6.000e-01 ; 6.8867002e+01 ; 1.0351522e+02 
3.500e+01 ; 1.600e+00 ; 6.000e-01 ; 6.8883002e+01 ; 1.0351532e+02 
3.500e+01 ; 1.600e+00 ; 6.000e-01 ; 6.8915002e+01 ; 1.0351556e+02 
3.500e+01 ; 1.600e+00 ; 6.000e-01 ; 6.8979002e+01 ; 1.0351625e+02 
3.500e+01 ; 1.600e+00 ; 6.000e-01 ; 6.9107002e+01 ; 1.0351844e+02 
3.500e+01 ; 1.600e+00 ; 6.000e-01 ; 6.9363002e+01 ; 1.0352605e+02 
3.500e+01 ; 1.600e+00 ; 6.000e-01 ; 6.9700002e+01 ; 1.0354143e+02 
3.500e+01 ; 1.600e+00 ; 6.000e-01 ; 6.9700002e+01 ; 1.0354143e+02 
3.500e+01 ; 1.600e+00 ; 6.000e-01 ; 6.9701002e+01 ; 1.0354147e+02 
3.500e+01 ; 1.600e+00 ; 6.000e-01 ; 6.9702002e+01 ; 1.0354152e+02 
3.500e+01 ; 1.600e+00 ; 6.000e-01 ; 6.9703002e+01 ; 1.0354156e+02 
3.500e+01 ; 1.600e+00 ; 6.000e-01 ; 6.9705002e+01 ; 1.0354166e+02 
3.500e+01 ; 1.600e+00 ; 6.000e-01 ; 6.9709002e+01 ; 1.0354185e+02 
3.500e+01 ; 1.600e+00 ; 6.000e-01 ; 6.9717002e+01 ; 1.0354221e+02 
3.500e+01 ; 1.600e+00 ; 6.000e-01 ; 6.9733002e+01 ; 1.0354297e+02 
3.500e+01 ; 1.600e+00 ; 6.000e-01 ; 6.9765002e+01 ; 1.0354453e+02 
3.500e+01 ; 1.600e+00 ; 6.000e-01 ; 6.9829002e+01 ; 1.0354784e+02 
3.500e+01 ; 1.600e+00 ; 6.000e-01 ; 6.9957002e+01 ; 1.0355518e+02 
3.500e+01 ; 1.600e+00 ; 6.000e-01 ; 7.0213002e+01 ; 1.0357263e+02 
3.500e+01 ; 1.600e+00 ; 6.000e-01 ; 7.0550002e+01 ; 1.0359981e+02 
3.500e+01 ; 1.600e+00 ; 6.000e-01 ; 7.0550002e+01 ; 1.0359981e+02 
3.500e+01 ; 1.600e+00 ; 6.000e-01 ; 7.0551002e+01 ; 1.0359988e+02 
3.500e+01 ; 1.600e+00 ; 6.000e-01 ; 7.0552002e+01 ; 1.0359997e+02 
3.500e+01 ; 1.600e+00 ; 6.000e-01 ; 7.0553002e+01 ; 1.0360005e+02 
3.500e+01 ; 1.600e+00 ; 6.000e-01 ; 7.0555002e+01 ; 1.0360021e+02 
3.500e+01 ; 1.600e+00 ; 6.000e-01 ; 7.0559002e+01 ; 1.0360053e+02 
3.500e+01 ; 1.600e+00 ; 6.000e-01 ; 7.0567002e+01 ; 1.0360118e+02 
3.500e+01 ; 1.600e+00 ; 6.000e-01 ; 7.0583002e+01 ; 1.0360249e+02 
3.500e+01 ; 1.600e+00 ; 6.000e-01 ; 7.0615002e+01 ; 1.0360515e+02 
3.500e+01 ; 1.600e+00 ; 6.000e-01 ; 7.0679002e+01 ; 1.0361060e+02 
3.500e+01 ; 1.600e+00 ; 6.000e-01 ; 7.0807002e+01 ; 1.0362206e+02 
3.500e+01 ; 1.600e+00 ; 6.000e-01 ; 7.1063002e+01 ; 1.0364684e+02 
3.500e+01 ; 1.600e+00 ; 6.000e-01 ; 7.1400002e+01 ; 1.0368202e+02 
3.500e+01 ; 1.600e+00 ; 6.000e-01 ; 7.1400002e+01 ; 1.0368202e+02 
3.500e+01 ; 1.600e+00 ; 6.000e-01 ; 7.1401002e+01 ; 1.0368212e+02 
3.500e+01 ; 1.600e+00 ; 6.000e-01 ; 7.1402002e+01 ; 1.0368223e+02 
3.500e+01 ; 1.600e+00 ; 6.000e-01 ; 7.1403002e+01 ; 1.0368233e+02 
3.500e+01 ; 1.600e+00 ; 6.000e-01 ; 7.1405002e+01 ; 1.0368254e+02 
3.500e+01 ; 1.600e+00 ; 6.000e-01 ; 7.1409002e+01 ; 1.0368296e+02 
3.500e+01 ; 1.600e+00 ; 6.000e-01 ; 7.1417002e+01 ; 1.0368380e+02 
3.500e+01 ; 1.600e+00 ; 6.000e-01 ; 7.1433002e+01 ; 1.0368548e+02 
3.500e+01 ; 1.600e+00 ; 6.000e-01 ; 7.1465002e+01 ; 1.0368887e+02 
3.500e+01 ; 1.600e+00 ; 6.000e-01 ; 7.1529002e+01 ; 1.0369572e+02 
3.500e+01 ; 1.600e+00 ; 6.000e-01 ; 7.1657002e+01 ; 1.0370973e+02 
3.500e+01 ; 1.600e+00 ; 6.000e-01 ; 7.1913002e+01 ; 1.0373862e+02 
3.500e+01 ; 1.600e+00 ; 6.000e-01 ; 7.2250002e+01 ; 1.0377756e+02 
3.500e+01 ; 1.600e+00 ; 6.000e-01 ; 7.2250002e+01 ; 1.0377756e+02 
3.500e+01 ; 1.600e+00 ; 6.000e-01 ; 7.2251002e+01 ; 1.0377767e+02 
3.500e+01 ; 1.600e+00 ; 6.000e-01 ; 7.2252002e+01 ; 1.0377779e+02 
3.500e+01 ; 1.600e+00 ; 6.000e-01 ; 7.2253002e+01 ; 1.0377790e+02 
3.500e+01 ; 1.600e+00 ; 6.000e-01 ; 7.2255002e+01 ; 1.0377813e+02 
3.500e+01 ; 1.600e+00 ; 6.000e-01 ; 7.2259002e+01 ; 1.0377859e+02 
3.500e+01 ; 1.600e+00 ; 6.000e-01 ; 7.2267002e+01 ; 1.0377952e+02 
3.500e+01 ; 1.600e+00 ; 6.000e-01 ; 7.2283002e+01 ; 1.0378137e+02 
3.500e+01 ; 1.600e+00 ; 6.000e-01 ; 7.2315002e+01 ; 1.0378509e+02 
3.500e+01 ; 1.600e+00 ; 6.000e-01 ; 7.2379002e+01 ; 1.0379253e+02 
3.500e+01 ; 1.600e+00 ; 6.000e-01 ; 7.2507002e+01 ; 1.0380749e+02 
3.500e+01 ; 1.600e+00 ; 6.000e-01 ; 7.2763002e+01 ; 1.0383739e+02 
3.500e+01 ; 1.600e+00 ; 6.000e-01 ; 7.3100002e+01 ; 1.0387625e+02 
3.500e+01 ; 1.600e+00 ; 6.000e-01 ; 7.3100002e+01 ; 1.0387625e+02 
3.500e+01 ; 1.600e+00 ; 6.000e-01 ; 7.3101002e+01 ; 1.0387637e+02 
3.500e+01 ; 1.600e+00 ; 6.000e-01 ; 7.3102002e+01 ; 1.0387648e+02 
3.500e+01 ; 1.600e+00 ; 6.000e-01 ; 7.3103002e+01 ; 1.0387659e+02 
3.500e+01 ; 1.600e+00 ; 6.000e-01 ; 7.3105002e+01 ; 1.0387682e+02 
3.500e+01 ; 1.600e+00 ; 6.000e-01 ; 7.3109002e+01 ; 1.0387729e+02 
3.500e+01 ; 1.600e+00 ; 6.000e-01 ; 7.3117002e+01 ; 1.0387820e+02 
3.500e+01 ; 1.600e+00 ; 6.000e-01 ; 7.3133002e+01 ; 1.0388005e+02 
3.500e+01 ; 1.600e+00 ; 6.000e-01 ; 7.3165002e+01 ; 1.0388373e+02 
3.500e+01 ; 1.600e+00 ; 6.000e-01 ; 7.3229002e+01 ; 1.0389106e+02 
3.500e+01 ; 1.600e+00 ; 6.000e-01 ; 7.3357002e+01 ; 1.0390560e+02 
3.500e+01 ; 1.600e+00 ; 6.000e-01 ; 7.3613002e+01 ; 1.0393399e+02 
3.500e+01 ; 1.600e+00 ; 6.000e-01 ; 7.3950002e+01 ; 1.0396983e+02 
3.500e+01 ; 1.600e+00 ; 6.000e-01 ; 7.3950002e+01 ; 1.0396983e+02 
3.500e+01 ; 1.600e+00 ; 6.000e-01 ; 7.3951002e+01 ; 1.0396993e+02 
3.500e+01 ; 1.600e+00 ; 6.000e-01 ; 7.3952002e+01 ; 1.0397004e+02 
3.500e+01 ; 1.600e+00 ; 6.000e-01 ; 7.3953002e+01 ; 1.0397015e+02 
3.500e+01 ; 1.600e+00 ; 6.000e-01 ; 7.3955002e+01 ; 1.0397036e+02 
3.500e+01 ; 1.600e+00 ; 6.000e-01 ; 7.3959002e+01 ; 1.0397079e+02 
3.500e+01 ; 1.600e+00 ; 6.000e-01 ; 7.3967002e+01 ; 1.0397163e+02 
3.500e+01 ; 1.600e+00 ; 6.000e-01 ; 7.3983002e+01 ; 1.0397333e+02 
3.500e+01 ; 1.600e+00 ; 6.000e-01 ; 7.4015002e+01 ; 1.0397670e+02 
3.500e+01 ; 1.600e+00 ; 6.000e-01 ; 7.4079002e+01 ; 1.0398339e+02 
3.500e+01 ; 1.600e+00 ; 6.000e-01 ; 7.4207002e+01 ; 1.0399651e+02 
3.500e+01 ; 1.600e+00 ; 6.000e-01 ; 7.4463002e+01 ; 1.0402160e+02 
3.500e+01 ; 1.600e+00 ; 6.000e-01 ; 7.4800002e+01 ; 1.0405244e+02 
3.500e+01 ; 1.600e+00 ; 6.000e-01 ; 7.4800002e+01 ; 1.0405244e+02 
3.500e+01 ; 1.600e+00 ; 6.000e-01 ; 7.4801002e+01 ; 1.0405254e+02 
3.500e+01 ; 1.600e+00 ; 6.000e-01 ; 7.4802002e+01 ; 1.0405263e+02 
3.500e+01 ; 1.600e+00 ; 6.000e-01 ; 7.4803002e+01 ; 1.0405272e+02 
3.500e+01 ; 1.600e+00 ; 6.000e-01 ; 7.4805002e+01 ; 1.0405290e+02 
3.500e+01 ; 1.600e+00 ; 6.000e-01 ; 7.4809002e+01 ; 1.0405327e+02 
3.500e+01 ; 1.600e+00 ; 6.000e-01 ; 7.4817002e+01 ; 1.0405400e+02 
3.500e+01 ; 1.600e+00 ; 6.000e-01 ; 7.4833002e+01 ; 1.0405545e+02 
3.500e+01 ; 1.600e+00 ; 6.000e-01 ; 7.4865002e+01 ; 1.0405834e+02 
3.500e+01 ; 1.600e+00 ; 6.000e-01 ; 7.4929002e+01 ; 1.0406403e+02 
3.500e+01 ; 1.600e+00 ; 6.000e-01 ; 7.5057002e+01 ; 1.0407510e+02 
3.500e+01 ; 1.600e+00 ; 6.000e-01 ; 7.5313002e+01 ; 1.0409581e+02 
3.500e+01 ; 1.600e+00 ; 6.000e-01 ; 7.5650002e+01 ; 1.0412057e+02 
3.500e+01 ; 1.600e+00 ; 6.000e-01 ; 7.5650002e+01 ; 1.0412057e+02 
3.500e+01 ; 1.600e+00 ; 6.000e-01 ; 7.5651002e+01 ; 1.0412064e+02 
3.500e+01 ; 1.600e+00 ; 6.000e-01 ; 7.5652002e+01 ; 1.0412072e+02 
3.500e+01 ; 1.600e+00 ; 6.000e-01 ; 7.5653002e+01 ; 1.0412080e+02 
3.500e+01 ; 1.600e+00 ; 6.000e-01 ; 7.5655002e+01 ; 1.0412094e+02 
3.500e+01 ; 1.600e+00 ; 6.000e-01 ; 7.5659002e+01 ; 1.0412123e+02 
3.500e+01 ; 1.600e+00 ; 6.000e-01 ; 7.5667002e+01 ; 1.0412182e+02 
3.500e+01 ; 1.600e+00 ; 6.000e-01 ; 7.5683002e+01 ; 1.0412299e+02 
3.500e+01 ; 1.600e+00 ; 6.000e-01 ; 7.5715002e+01 ; 1.0412529e+02 
3.500e+01 ; 1.600e+00 ; 6.000e-01 ; 7.5779002e+01 ; 1.0412981e+02 
3.500e+01 ; 1.600e+00 ; 6.000e-01 ; 7.5907002e+01 ; 1.0413847e+02 
3.500e+01 ; 1.600e+00 ; 6.000e-01 ; 7.6163002e+01 ; 1.0415432e+02 
3.500e+01 ; 1.600e+00 ; 6.000e-01 ; 7.6500002e+01 ; 1.0417258e+02 
3.500e+01 ; 1.600e+00 ; 6.000e-01 ; 7.6500002e+01 ; 1.0417258e+02 
3.500e+01 ; 1.600e+00 ; 6.000e-01 ; 7.6501002e+01 ; 1.0417264e+02 
3.500e+01 ; 1.600e+00 ; 6.000e-01 ; 7.6502002e+01 ; 1.0417269e+02 
3.500e+01 ; 1.600e+00 ; 6.000e-01 ; 7.6503002e+01 ; 1.0417274e+02 
3.500e+01 ; 1.600e+00 ; 6.000e-01 ; 7.6505002e+01 ; 1.0417286e+02 
3.500e+01 ; 1.600e+00 ; 6.000e-01 ; 7.6509002e+01 ; 1.0417307e+02 
3.500e+01 ; 1.600e+00 ; 6.000e-01 ; 7.6517002e+01 ; 1.0417350e+02 
3.500e+01 ; 1.600e+00 ; 6.000e-01 ; 7.6533002e+01 ; 1.0417435e+02 
3.500e+01 ; 1.600e+00 ; 6.000e-01 ; 7.6565002e+01 ; 1.0417605e+02 
3.500e+01 ; 1.600e+00 ; 6.000e-01 ; 7.6629002e+01 ; 1.0417933e+02 
3.500e+01 ; 1.600e+00 ; 6.000e-01 ; 7.6757002e+01 ; 1.0418552e+02 
3.500e+01 ; 1.600e+00 ; 6.000e-01 ; 7.7013002e+01 ; 1.0419642e+02 
3.500e+01 ; 1.600e+00 ; 6.000e-01 ; 7.7350002e+01 ; 1.0420826e+02 
3.500e+01 ; 1.600e+00 ; 6.000e-01 ; 7.7350002e+01 ; 1.0420826e+02 
3.500e+01 ; 1.600e+00 ; 6.000e-01 ; 7.7351002e+01 ; 1.0420830e+02 
3.500e+01 ; 1.600e+00 ; 6.000e-01 ; 7.7352002e+01 ; 1.0420833e+02 
3.500e+01 ; 1.600e+00 ; 6.000e-01 ; 7.7353002e+01 ; 1.0420837e+02 
3.500e+01 ; 1.600e+00 ; 6.000e-01 ; 7.7355002e+01 ; 1.0420844e+02 
3.500e+01 ; 1.600e+00 ; 6.000e-01 ; 7.7359002e+01 ; 1.0420857e+02 
3.500e+01 ; 1.600e+00 ; 6.000e-01 ; 7.7367002e+01 ; 1.0420885e+02 
3.500e+01 ; 1.600e+00 ; 6.000e-01 ; 7.7383002e+01 ; 1.0420940e+02 
3.500e+01 ; 1.600e+00 ; 6.000e-01 ; 7.7415002e+01 ; 1.0421048e+02 
3.500e+01 ; 1.600e+00 ; 6.000e-01 ; 7.7479002e+01 ; 1.0421255e+02 
3.500e+01 ; 1.600e+00 ; 6.000e-01 ; 7.7607002e+01 ; 1.0421633e+02 
3.500e+01 ; 1.600e+00 ; 6.000e-01 ; 7.7863002e+01 ; 1.0422252e+02 
3.500e+01 ; 1.600e+00 ; 6.000e-01 ; 7.8200002e+01 ; 1.0422837e+02 
3.500e+01 ; 1.600e+00 ; 6.000e-01 ; 7.8200002e+01 ; 1.0422837e+02 
3.500e+01 ; 1.600e+00 ; 6.000e-01 ; 7.8201002e+01 ; 1.0422839e+02 
3.500e+01 ; 1.600e+00 ; 6.000e-01 ; 7.8202002e+01 ; 1.0422841e+02 
3.500e+01 ; 1.600e+00 ; 6.000e-01 ; 7.8203002e+01 ; 1.0422842e+02 
3.500e+01 ; 1.600e+00 ; 6.000e-01 ; 7.8205002e+01 ; 1.0422846e+02 
3.500e+01 ; 1.600e+00 ; 6.000e-01 ; 7.8209002e+01 ; 1.0422853e+02 
3.500e+01 ; 1.600e+00 ; 6.000e-01 ; 7.8217002e+01 ; 1.0422867e+02 
3.500e+01 ; 1.600e+00 ; 6.000e-01 ; 7.8233002e+01 ; 1.0422894e+02 
3.500e+01 ; 1.600e+00 ; 6.000e-01 ; 7.8265002e+01 ; 1.0422945e+02 
3.500e+01 ; 1.600e+00 ; 6.000e-01 ; 7.8329002e+01 ; 1.0423039e+02 
3.500e+01 ; 1.600e+00 ; 6.000e-01 ; 7.8457002e+01 ; 1.0423198e+02 
3.500e+01 ; 1.600e+00 ; 6.000e-01 ; 7.8713002e+01 ; 1.0423396e+02 
3.500e+01 ; 1.600e+00 ; 6.000e-01 ; 7.9050002e+01 ; 1.0423473e+02 
3.500e+01 ; 1.600e+00 ; 6.000e-01 ; 7.9050002e+01 ; 1.0423473e+02 
3.500e+01 ; 1.600e+00 ; 6.000e-01 ; 7.9051002e+01 ; 1.0423474e+02 
3.500e+01 ; 1.600e+00 ; 6.000e-01 ; 7.9052002e+01 ; 1.0423474e+02 
3.500e+01 ; 1.600e+00 ; 6.000e-01 ; 7.9053002e+01 ; 1.0423474e+02 
3.500e+01 ; 1.600e+00 ; 6.000e-01 ; 7.9055002e+01 ; 1.0423475e+02 
3.500e+01 ; 1.600e+00 ; 6.000e-01 ; 7.9059002e+01 ; 1.0423476e+02 
3.500e+01 ; 1.600e+00 ; 6.000e-01 ; 7.9067002e+01 ; 1.0423477e+02 
3.500e+01 ; 1.600e+00 ; 6.000e-01 ; 7.9083002e+01 ; 1.0423480e+02 
3.500e+01 ; 1.600e+00 ; 6.000e-01 ; 7.9115002e+01 ; 1.0423484e+02 
3.500e+01 ; 1.600e+00 ; 6.000e-01 ; 7.9179002e+01 ; 1.0423486e+02 
3.500e+01 ; 1.600e+00 ; 6.000e-01 ; 7.9307002e+01 ; 1.0423465e+02 
3.500e+01 ; 1.600e+00 ; 6.000e-01 ; 7.9563002e+01 ; 1.0423339e+02 
3.500e+01 ; 1.600e+00 ; 6.000e-01 ; 7.9900002e+01 ; 1.0423054e+02 
3.500e+01 ; 1.600e+00 ; 6.000e-01 ; 7.9900002e+01 ; 1.0423054e+02 
3.500e+01 ; 1.600e+00 ; 6.000e-01 ; 7.9901002e+01 ; 1.0423053e+02 
3.500e+01 ; 1.600e+00 ; 6.000e-01 ; 7.9902002e+01 ; 1.0423052e+02 
3.500e+01 ; 1.600e+00 ; 6.000e-01 ; 7.9903002e+01 ; 1.0423051e+02 
3.500e+01 ; 1.600e+00 ; 6.000e-01 ; 7.9905002e+01 ; 1.0423050e+02 
3.500e+01 ; 1.600e+00 ; 6.000e-01 ; 7.9909002e+01 ; 1.0423046e+02 
3.500e+01 ; 1.600e+00 ; 6.000e-01 ; 7.9917002e+01 ; 1.0423039e+02 
3.500e+01 ; 1.600e+00 ; 6.000e-01 ; 7.9933002e+01 ; 1.0423026e+02 
3.500e+01 ; 1.600e+00 ; 6.000e-01 ; 7.9965002e+01 ; 1.0422997e+02 
3.500e+01 ; 1.600e+00 ; 6.000e-01 ; 8.0029002e+01 ; 1.0422934e+02 
3.500e+01 ; 1.600e+00 ; 6.000e-01 ; 8.0157002e+01 ; 1.0422795e+02 
3.500e+01 ; 1.600e+00 ; 6.000e-01 ; 8.0413002e+01 ; 1.0422476e+02 
3.500e+01 ; 1.600e+00 ; 6.000e-01 ; 8.0750002e+01 ; 1.0422010e+02 
3.500e+01 ; 1.600e+00 ; 6.000e-01 ; 8.0750002e+01 ; 1.0422010e+02 
3.500e+01 ; 1.600e+00 ; 6.000e-01 ; 8.0751002e+01 ; 1.0422009e+02 
3.500e+01 ; 1.600e+00 ; 6.000e-01 ; 8.0752002e+01 ; 1.0422008e+02 
3.500e+01 ; 1.600e+00 ; 6.000e-01 ; 8.0753002e+01 ; 1.0422006e+02 
3.500e+01 ; 1.600e+00 ; 6.000e-01 ; 8.0755002e+01 ; 1.0422003e+02 
3.500e+01 ; 1.600e+00 ; 6.000e-01 ; 8.0759002e+01 ; 1.0421998e+02 
3.500e+01 ; 1.600e+00 ; 6.000e-01 ; 8.0767002e+01 ; 1.0421986e+02 
3.500e+01 ; 1.600e+00 ; 6.000e-01 ; 8.0783002e+01 ; 1.0421964e+02 
3.500e+01 ; 1.600e+00 ; 6.000e-01 ; 8.0815002e+01 ; 1.0421919e+02 
3.500e+01 ; 1.600e+00 ; 6.000e-01 ; 8.0879002e+01 ; 1.0421828e+02 
3.500e+01 ; 1.600e+00 ; 6.000e-01 ; 8.1007002e+01 ; 1.0421643e+02 
3.500e+01 ; 1.600e+00 ; 6.000e-01 ; 8.1263002e+01 ; 1.0421270e+02 
3.500e+01 ; 1.600e+00 ; 6.000e-01 ; 8.1600002e+01 ; 1.0420799e+02 
3.500e+01 ; 1.600e+00 ; 6.000e-01 ; 8.1600002e+01 ; 1.0420799e+02 
3.500e+01 ; 1.600e+00 ; 6.000e-01 ; 8.1601002e+01 ; 1.0420798e+02 
3.500e+01 ; 1.600e+00 ; 6.000e-01 ; 8.1602002e+01 ; 1.0420797e+02 
3.500e+01 ; 1.600e+00 ; 6.000e-01 ; 8.1603002e+01 ; 1.0420795e+02 
3.500e+01 ; 1.600e+00 ; 6.000e-01 ; 8.1605002e+01 ; 1.0420792e+02 
3.500e+01 ; 1.600e+00 ; 6.000e-01 ; 8.1609002e+01 ; 1.0420787e+02 
3.500e+01 ; 1.600e+00 ; 6.000e-01 ; 8.1617002e+01 ; 1.0420776e+02 
3.500e+01 ; 1.600e+00 ; 6.000e-01 ; 8.1633002e+01 ; 1.0420753e+02 
3.500e+01 ; 1.600e+00 ; 6.000e-01 ; 8.1665002e+01 ; 1.0420709e+02 
3.500e+01 ; 1.600e+00 ; 6.000e-01 ; 8.1729002e+01 ; 1.0420621e+02 
3.500e+01 ; 1.600e+00 ; 6.000e-01 ; 8.1857002e+01 ; 1.0420452e+02 
3.500e+01 ; 1.600e+00 ; 6.000e-01 ; 8.2113002e+01 ; 1.0420142e+02 
3.500e+01 ; 1.600e+00 ; 6.000e-01 ; 8.2450002e+01 ; 1.0419794e+02 
3.500e+01 ; 1.600e+00 ; 6.000e-01 ; 8.2450002e+01 ; 1.0419794e+02 
3.500e+01 ; 1.600e+00 ; 6.000e-01 ; 8.2451002e+01 ; 1.0419794e+02 
3.500e+01 ; 1.600e+00 ; 6.000e-01 ; 8.2452002e+01 ; 1.0419792e+02 
3.500e+01 ; 1.600e+00 ; 6.000e-01 ; 8.2453002e+01 ; 1.0419791e+02 
3.500e+01 ; 1.600e+00 ; 6.000e-01 ; 8.2455002e+01 ; 1.0419789e+02 
3.500e+01 ; 1.600e+00 ; 6.000e-01 ; 8.2459002e+01 ; 1.0419785e+02 
3.500e+01 ; 1.600e+00 ; 6.000e-01 ; 8.2467002e+01 ; 1.0419777e+02 
3.500e+01 ; 1.600e+00 ; 6.000e-01 ; 8.2483002e+01 ; 1.0419761e+02 
3.500e+01 ; 1.600e+00 ; 6.000e-01 ; 8.2515002e+01 ; 1.0419729e+02 
3.500e+01 ; 1.600e+00 ; 6.000e-01 ; 8.2579002e+01 ; 1.0419668e+02 
3.500e+01 ; 1.600e+00 ; 6.000e-01 ; 8.2707002e+01 ; 1.0419556e+02 
3.500e+01 ; 1.600e+00 ; 6.000e-01 ; 8.2963002e+01 ; 1.0419373e+02 
3.500e+01 ; 1.600e+00 ; 6.000e-01 ; 8.3300002e+01 ; 1.0419205e+02 
3.500e+01 ; 1.600e+00 ; 6.000e-01 ; 8.3300002e+01 ; 1.0419205e+02 
3.500e+01 ; 1.600e+00 ; 6.000e-01 ; 8.3301002e+01 ; 1.0419205e+02 
3.500e+01 ; 1.600e+00 ; 6.000e-01 ; 8.3302002e+01 ; 1.0419204e+02 
3.500e+01 ; 1.600e+00 ; 6.000e-01 ; 8.3303002e+01 ; 1.0419204e+02 
3.500e+01 ; 1.600e+00 ; 6.000e-01 ; 8.3305002e+01 ; 1.0419203e+02 
3.500e+01 ; 1.600e+00 ; 6.000e-01 ; 8.3309002e+01 ; 1.0419201e+02 
3.500e+01 ; 1.600e+00 ; 6.000e-01 ; 8.3317002e+01 ; 1.0419197e+02 
3.500e+01 ; 1.600e+00 ; 6.000e-01 ; 8.3333002e+01 ; 1.0419189e+02 
3.500e+01 ; 1.600e+00 ; 6.000e-01 ; 8.3365002e+01 ; 1.0419175e+02 
3.500e+01 ; 1.600e+00 ; 6.000e-01 ; 8.3429002e+01 ; 1.0419148e+02 
3.500e+01 ; 1.600e+00 ; 6.000e-01 ; 8.3557002e+01 ; 1.0419106e+02 
3.500e+01 ; 1.600e+00 ; 6.000e-01 ; 8.3813002e+01 ; 1.0419059e+02 
3.500e+01 ; 1.600e+00 ; 6.000e-01 ; 8.4150002e+01 ; 1.0419054e+02 
3.500e+01 ; 1.600e+00 ; 6.000e-01 ; 8.4150002e+01 ; 1.0419054e+02 
3.500e+01 ; 1.600e+00 ; 6.000e-01 ; 8.4151002e+01 ; 1.0419054e+02 
3.500e+01 ; 1.600e+00 ; 6.000e-01 ; 8.4152002e+01 ; 1.0419054e+02 
3.500e+01 ; 1.600e+00 ; 6.000e-01 ; 8.4153002e+01 ; 1.0419054e+02 
3.500e+01 ; 1.600e+00 ; 6.000e-01 ; 8.4155002e+01 ; 1.0419054e+02 
3.500e+01 ; 1.600e+00 ; 6.000e-01 ; 8.4159002e+01 ; 1.0419054e+02 
3.500e+01 ; 1.600e+00 ; 6.000e-01 ; 8.4167002e+01 ; 1.0419054e+02 
3.500e+01 ; 1.600e+00 ; 6.000e-01 ; 8.4183002e+01 ; 1.0419054e+02 
3.500e+01 ; 1.600e+00 ; 6.000e-01 ; 8.4215002e+01 ; 1.0419054e+02 
3.500e+01 ; 1.600e+00 ; 6.000e-01 ; 8.4279002e+01 ; 1.0419057e+02 
3.500e+01 ; 1.600e+00 ; 6.000e-01 ; 8.4407002e+01 ; 1.0419070e+02 
3.500e+01 ; 1.600e+00 ; 6.000e-01 ; 8.4663002e+01 ; 1.0419118e+02 
3.500e+01 ; 1.600e+00 ; 6.000e-01 ; 8.5000002e+01 ; 1.0419202e+02 
3.500e+01 ; 1.600e+00 ; 6.000e-01 ; 8.5000002e+01 ; 1.0419202e+02 
3.500e+01 ; 1.600e+00 ; 6.000e-01 ; 8.5001002e+01 ; 1.0419203e+02 
3.500e+01 ; 1.600e+00 ; 6.000e-01 ; 8.5002002e+01 ; 1.0419203e+02 
3.500e+01 ; 1.600e+00 ; 6.000e-01 ; 8.5003002e+01 ; 1.0419203e+02 
3.500e+01 ; 1.600e+00 ; 6.000e-01 ; 8.5005002e+01 ; 1.0419204e+02 
3.500e+01 ; 1.600e+00 ; 6.000e-01 ; 8.5009002e+01 ; 1.0419205e+02 
3.500e+01 ; 1.600e+00 ; 6.000e-01 ; 8.5017002e+01 ; 1.0419207e+02 
3.500e+01 ; 1.600e+00 ; 6.000e-01 ; 8.5033002e+01 ; 1.0419211e+02 
3.500e+01 ; 1.600e+00 ; 6.000e-01 ; 8.5065002e+01 ; 1.0419219e+02 
3.500e+01 ; 1.600e+00 ; 6.000e-01 ; 8.5129002e+01 ; 1.0419237e+02 
3.500e+01 ; 1.600e+00 ; 6.000e-01 ; 8.5257002e+01 ; 1.0419273e+02 
3.500e+01 ; 1.600e+00 ; 6.000e-01 ; 8.5513002e+01 ; 1.0419343e+02 
3.500e+01 ; 1.600e+00 ; 6.000e-01 ; 8.5850002e+01 ; 1.0419415e+02 
3.500e+01 ; 1.600e+00 ; 6.000e-01 ; 8.5850002e+01 ; 1.0419415e+02 
3.500e+01 ; 1.600e+00 ; 6.000e-01 ; 8.5851002e+01 ; 1.0419415e+02 
3.500e+01 ; 1.600e+00 ; 6.000e-01 ; 8.5852002e+01 ; 1.0419415e+02 
3.500e+01 ; 1.600e+00 ; 6.000e-01 ; 8.5853002e+01 ; 1.0419415e+02 
3.500e+01 ; 1.600e+00 ; 6.000e-01 ; 8.5855002e+01 ; 1.0419415e+02 
3.500e+01 ; 1.600e+00 ; 6.000e-01 ; 8.5859002e+01 ; 1.0419416e+02 
3.500e+01 ; 1.600e+00 ; 6.000e-01 ; 8.5867002e+01 ; 1.0419418e+02 
3.500e+01 ; 1.600e+00 ; 6.000e-01 ; 8.5883002e+01 ; 1.0419421e+02 
3.500e+01 ; 1.600e+00 ; 6.000e-01 ; 8.5915002e+01 ; 1.0419427e+02 
3.500e+01 ; 1.600e+00 ; 6.000e-01 ; 8.5979002e+01 ; 1.0419439e+02 
3.500e+01 ; 1.600e+00 ; 6.000e-01 ; 8.6107002e+01 ; 1.0419458e+02 
3.500e+01 ; 1.600e+00 ; 6.000e-01 ; 8.6363002e+01 ; 1.0419468e+02 
3.500e+01 ; 1.600e+00 ; 6.000e-01 ; 8.6700002e+01 ; 1.0419418e+02 
3.500e+01 ; 1.600e+00 ; 6.000e-01 ; 8.6700002e+01 ; 1.0419418e+02 
3.500e+01 ; 1.600e+00 ; 6.000e-01 ; 8.6701002e+01 ; 1.0419418e+02 
3.500e+01 ; 1.600e+00 ; 6.000e-01 ; 8.6702002e+01 ; 1.0419418e+02 
3.500e+01 ; 1.600e+00 ; 6.000e-01 ; 8.6703002e+01 ; 1.0419418e+02 
3.500e+01 ; 1.600e+00 ; 6.000e-01 ; 8.6705002e+01 ; 1.0419418e+02 
3.500e+01 ; 1.600e+00 ; 6.000e-01 ; 8.6709002e+01 ; 1.0419417e+02 
3.500e+01 ; 1.600e+00 ; 6.000e-01 ; 8.6717002e+01 ; 1.0419415e+02 
3.500e+01 ; 1.600e+00 ; 6.000e-01 ; 8.6733002e+01 ; 1.0419413e+02 
3.500e+01 ; 1.600e+00 ; 6.000e-01 ; 8.6765002e+01 ; 1.0419407e+02 
3.500e+01 ; 1.600e+00 ; 6.000e-01 ; 8.6829002e+01 ; 1.0419393e+02 
3.500e+01 ; 1.600e+00 ; 6.000e-01 ; 8.6957002e+01 ; 1.0419353e+02 
3.500e+01 ; 1.600e+00 ; 6.000e-01 ; 8.7213002e+01 ; 1.0419226e+02 
3.500e+01 ; 1.600e+00 ; 6.000e-01 ; 8.7550002e+01 ; 1.0418961e+02 
3.500e+01 ; 1.600e+00 ; 6.000e-01 ; 8.7550002e+01 ; 1.0418961e+02 
3.500e+01 ; 1.600e+00 ; 6.000e-01 ; 8.7551002e+01 ; 1.0418961e+02 
3.500e+01 ; 1.600e+00 ; 6.000e-01 ; 8.7552002e+01 ; 1.0418960e+02 
3.500e+01 ; 1.600e+00 ; 6.000e-01 ; 8.7553002e+01 ; 1.0418959e+02 
3.500e+01 ; 1.600e+00 ; 6.000e-01 ; 8.7555002e+01 ; 1.0418958e+02 
3.500e+01 ; 1.600e+00 ; 6.000e-01 ; 8.7559002e+01 ; 1.0418954e+02 
3.500e+01 ; 1.600e+00 ; 6.000e-01 ; 8.7567002e+01 ; 1.0418948e+02 
3.500e+01 ; 1.600e+00 ; 6.000e-01 ; 8.7583002e+01 ; 1.0418935e+02 
3.500e+01 ; 1.600e+00 ; 6.000e-01 ; 8.7615002e+01 ; 1.0418908e+02 
3.500e+01 ; 1.600e+00 ; 6.000e-01 ; 8.7679002e+01 ; 1.0418851e+02 
3.500e+01 ; 1.600e+00 ; 6.000e-01 ; 8.7807002e+01 ; 1.0418720e+02 
3.500e+01 ; 1.600e+00 ; 6.000e-01 ; 8.8063002e+01 ; 1.0418394e+02 
3.500e+01 ; 1.600e+00 ; 6.000e-01 ; 8.8400002e+01 ; 1.0417842e+02 
3.500e+01 ; 1.600e+00 ; 6.000e-01 ; 8.8400002e+01 ; 1.0417842e+02 
3.500e+01 ; 1.600e+00 ; 6.000e-01 ; 8.8401002e+01 ; 1.0417840e+02 
3.500e+01 ; 1.600e+00 ; 6.000e-01 ; 8.8402002e+01 ; 1.0417838e+02 
3.500e+01 ; 1.600e+00 ; 6.000e-01 ; 8.8403002e+01 ; 1.0417837e+02 
3.500e+01 ; 1.600e+00 ; 6.000e-01 ; 8.8405002e+01 ; 1.0417834e+02 
3.500e+01 ; 1.600e+00 ; 6.000e-01 ; 8.8409002e+01 ; 1.0417827e+02 
3.500e+01 ; 1.600e+00 ; 6.000e-01 ; 8.8417002e+01 ; 1.0417814e+02 
3.500e+01 ; 1.600e+00 ; 6.000e-01 ; 8.8433002e+01 ; 1.0417787e+02 
3.500e+01 ; 1.600e+00 ; 6.000e-01 ; 8.8465002e+01 ; 1.0417732e+02 
3.500e+01 ; 1.600e+00 ; 6.000e-01 ; 8.8529002e+01 ; 1.0417619e+02 
3.500e+01 ; 1.600e+00 ; 6.000e-01 ; 8.8657002e+01 ; 1.0417373e+02 
3.500e+01 ; 1.600e+00 ; 6.000e-01 ; 8.8913002e+01 ; 1.0416805e+02 
3.500e+01 ; 1.600e+00 ; 6.000e-01 ; 8.9250003e+01 ; 1.0415921e+02 
3.500e+01 ; 1.600e+00 ; 6.000e-01 ; 8.9250003e+01 ; 1.0415921e+02 
3.500e+01 ; 1.600e+00 ; 6.000e-01 ; 8.9251003e+01 ; 1.0415919e+02 
3.500e+01 ; 1.600e+00 ; 6.000e-01 ; 8.9252003e+01 ; 1.0415916e+02 
3.500e+01 ; 1.600e+00 ; 6.000e-01 ; 8.9253003e+01 ; 1.0415913e+02 
3.500e+01 ; 1.600e+00 ; 6.000e-01 ; 8.9255003e+01 ; 1.0415908e+02 
3.500e+01 ; 1.600e+00 ; 6.000e-01 ; 8.9259003e+01 ; 1.0415897e+02 
3.500e+01 ; 1.600e+00 ; 6.000e-01 ; 8.9267003e+01 ; 1.0415876e+02 
3.500e+01 ; 1.600e+00 ; 6.000e-01 ; 8.9283003e+01 ; 1.0415833e+02 
3.500e+01 ; 1.600e+00 ; 6.000e-01 ; 8.9315003e+01 ; 1.0415747e+02 
3.500e+01 ; 1.600e+00 ; 6.000e-01 ; 8.9379002e+01 ; 1.0415569e+02 
3.500e+01 ; 1.600e+00 ; 6.000e-01 ; 8.9507003e+01 ; 1.0415194e+02 
3.500e+01 ; 1.600e+00 ; 6.000e-01 ; 8.9763003e+01 ; 1.0414362e+02 
3.500e+01 ; 1.600e+00 ; 6.000e-01 ; 9.0100003e+01 ; 1.0413125e+02 
3.500e+01 ; 1.600e+00 ; 6.000e-01 ; 9.0100003e+01 ; 1.0413125e+02 
3.500e+01 ; 1.600e+00 ; 6.000e-01 ; 9.0110003e+01 ; 1.0413088e+02 
3.500e+01 ; 1.600e+00 ; 6.000e-01 ; 9.0120003e+01 ; 1.0413052e+02 
3.500e+01 ; 1.600e+00 ; 6.000e-01 ; 9.0130003e+01 ; 1.0413014e+02 
3.500e+01 ; 1.600e+00 ; 6.000e-01 ; 9.0150003e+01 ; 1.0412939e+02 
3.500e+01 ; 1.600e+00 ; 6.000e-01 ; 9.0190003e+01 ; 1.0412788e+02 
3.500e+01 ; 1.600e+00 ; 6.000e-01 ; 9.0270003e+01 ; 1.0412478e+02 
3.500e+01 ; 1.600e+00 ; 6.000e-01 ; 9.0430003e+01 ; 1.0411826e+02 
3.500e+01 ; 1.600e+00 ; 6.000e-01 ; 9.0750003e+01 ; 1.0410394e+02 
3.500e+01 ; 1.600e+00 ; 6.000e-01 ; 9.1390002e+01 ; 1.0407049e+02 
3.500e+01 ; 1.600e+00 ; 6.000e-01 ; 9.2670002e+01 ; 1.0398685e+02 
3.500e+01 ; 1.600e+00 ; 6.000e-01 ; 9.4590002e+01 ; 1.0383379e+02 
3.500e+01 ; 1.600e+00 ; 6.000e-01 ; 9.5100003e+01 ; 1.0379137e+02